z_m,T_C,rho_kg_m3,u_m_s,residence_time_s,X_H2,Y_H2,X_H,Y_H,X_O,Y_O,X_O2,Y_O2,X_OH,Y_OH,X_H2O,Y_H2O,X_HO2,Y_HO2,X_H2O2,Y_H2O2,X_CH2(S),Y_CH2(S),X_CH3,Y_CH3,X_CH4,Y_CH4,X_CO,Y_CO,X_CO2,Y_CO2,X_HCO,Y_HCO,X_CH2O,Y_CH2O,X_CH3OH,Y_CH3OH,X_C2H4,Y_C2H4,X_C2H5,Y_C2H5,X_C2H6,Y_C2H6,X_HCCO,Y_HCCO,X_N,Y_N,X_NH2,Y_NH2,X_NNH,Y_NNH,X_CN,Y_CN,X_HCN,Y_HCN,X_HCNN,Y_HCNN,X_N2,Y_N2,X_AR,Y_AR,X_C3H8,Y_C3H8,X_CH2CHO,Y_CH2CHO
0.0,552.5552039556518,16.25297212488469,0.05395300416262296,0.018534649099164906,0.00032157005098619663,2.963086303914523e-05,8.149032940228069e-13,3.7544366804815674e-14,1.4428095524951927e-10,1.0550669676395485e-10,0.30155656492359356,0.44103169399662623,2.2588985116421966e-10,1.7559114458813715e-10,0.21805325104325993,0.1795457011867501,4.632373993629432e-06,6.98835066229851e-06,0.0003670993921558508,0.0005707153474495311,1.64148815520135e-17,1.0523997325666724e-17,1.1876798923623027e-06,8.161707286898508e-07,0.4460637340649111,0.32708503759750773,0.0010370622837644846,0.0013276882983930902,0.008264318357814663,0.016623662683532887,6.258147360718847e-13,8.30025510498681e-13,4.464949056964779e-05,6.127624828573483e-05,1.3009831721103615e-06,1.9053267902863412e-06,0.0009220175463334422,0.001182257716704718,1.102867376677986e-09,1.4649640507661789e-09,0.01102980440009071,0.015159309427430177,6.423066819355709e-24,1.2045131643814497e-23,2.4969916962029204e-11,1.5986021972189114e-11,1.3152955719359177e-09,9.632640882519213e-10,4.1746025960143056e-19,5.537588186055712e-19,3.176200282786822e-17,3.7771129166523804e-17,1.9845622417212447e-08,2.451459232925358e-08,7.439607328407469e-28,1.3952803003845422e-27,0.010180535323554295,0.01303538667096638,5.476524533493501e-31,9.999999999996513e-31,0.002152249412016525,0.004337902847752326,1.352456738512681e-11,2.660873773836165e-11
0.001,553.153282209185,16.240329666506224,0.053995004455937565,0.03705488092572298,0.00031532057659348266,2.905658108724524e-05,1.0002367534428263e-13,4.608557526888513e-15,6.139207060585675e-15,4.489591137751169e-15,0.3014614368258051,0.44091641861571346,5.014657537939639e-11,3.898258759980917e-11,0.2182647212802043,0.17972954877606168,2.296529279743813e-06,3.4647073272818515e-06,0.00032630865763993224,0.000507327000290081,2.0861109889221273e-18,1.337531072873973e-18,4.221107512938173e-07,2.900891721718773e-07,0.4459408093897568,0.3270125902022126,0.0010432985980770983,0.0013357445318016338,0.008266904978701174,0.016629765244294777,2.2339675908767836e-13,2.963098011501582e-13,5.28457558294703e-05,7.252859531280801e-05,1.3212032902368038e-06,1.935044402390281e-06,0.0010295779696490334,0.0013202485713031103,3.2223853279717026e-10,4.280599951644671e-10,0.010962578861716072,0.015067730054809984,4.53828389195498e-25,8.51107199122695e-25,1.007364536408127e-29,6.44961006774008e-30,1.3152242231021927e-09,9.632639427162093e-10,1.3454102650848827e-20,1.784776121984202e-20,9.627536927533909e-23,1.1449612133284224e-22,1.9869517676922556e-08,2.454543706529573e-08,1.508203513423812e-44,2.82875210875696e-44,0.010179984613627891,0.013035386670966365,5.476228284197474e-31,9.999999999996506e-31,0.0021521510916213842,0.004337939339194404,6.437246991707174e-16,1.2665564690596447e-15
0.002,553.6980060159632,16.228829286788024,0.054033267416447886,0.055561997889291934,0.00030947198248599384,2.851904513663259e-05,9.45921475881885e-14,4.358516892172383e-15,5.973226548888718e-15,4.368425573371095e-15,0.3013676532973063,0.4408010152890363,4.6391059792729346e-11,3.606493231304925e-11,0.21845806870990364,0.17989764251546767,2.202366755939341e-06,3.3228111106422424e-06,0.0002933633343408435,0.0004561279196208892,1.9220139857221927e-18,1.2323794739594098e-18,4.0403961017012696e-07,2.7768376657979997e-07,0.4458280301916998,0.32694603080147344,0.0010505833639725157,0.0013451376976513188,0.008269411172142143,0.01663562808911249,2.421067192447529e-13,3.211422418504592e-13,5.938123596393354e-05,8.150229325453279e-05,1.338848403694277e-06,1.960984391681244e-06,0.0011308170209397054,0.0014501410455516333,3.0584271592450446e-10,4.0629993776275595e-10,0.010897709887631923,0.014979309218803416,4.243852126067599e-25,7.9592893018820305e-25,9.964784300906114e-30,6.380227236767096e-30,1.3151590553342255e-09,9.632637743770807e-10,1.2760734443002034e-20,1.6928798059487378e-20,9.370314021093355e-23,1.1144258323144564e-22,1.9868536868419863e-08,2.454543734923291e-08,1.6167157278202292e-44,3.032424866057755e-44,0.010179481986671752,0.013035386670966348,5.475957900689242e-31,9.999999999996498e-31,0.002152061025898496,0.004337971983259156,6.890126477649628e-16,1.3557294243239323e-15
0.003,554.2055732358541,16.218136621083673,0.0540688917103416,0.07405692109499051,0.00030394515471673526,2.801099861404147e-05,9.005380774973472e-14,4.149592525036043e-15,5.8421376385511255e-15,4.2727498016260954e-15,0.3012759704581336,0.44068692750927707,4.341232237289335e-11,3.375076109164342e-11,0.21863716283903287,0.18005330155391583,2.124839917754117e-06,3.205988436359862e-06,0.0002673769097016753,0.00041574252228431126,1.7924211170810892e-18,1.1493377954999204e-18,3.891666139597398e-07,2.6747416957783426e-07,0.4457234942127193,0.3268842152738188,0.0010586323454176223,0.0013555049498321977,0.008271877014302225,0.016641344407833273,2.557575701475704e-13,3.392648085975288e-13,6.466128774438974e-05,8.875333260975568e-05,1.3545916360023156e-06,1.984133297720965e-06,0.001227064167091395,0.0015736382608997877,2.9247285002764877e-10,3.8855624663509006e-10,0.010834927730315093,0.014893689197098952,4.017489569787382e-25,7.535091487264621e-25,9.899703747489095e-30,6.338845501558305e-30,1.3150990707966936e-09,9.632635865156075e-10,1.218163335656823e-20,1.6161278019840433e-20,9.168790640955774e-23,1.0905078728323388e-22,1.986763479362696e-08,2.4545437666098348e-08,1.6961936381162598e-44,3.18164367679184e-44,0.01017901968464215,0.013035386670966318,5.475709209601153e-31,9.999999999996485e-31,0.0021519780790439213,0.004338001795588598,7.323529752842426e-16,1.4410730691806275e-15
0.004,554.6835557582657,16.208087035654245,0.054102416329571634,0.09254038390205582,0.0002986874765910843,2.7527625177590475e-05,8.626879725201473e-14,3.9753509962625175e-15,5.740325977402852e-15,4.198465593591936e-15,0.3011861253402956,0.4405741379449037,4.105225614242169e-11,3.191728534627737e-11,0.2188049622410669,0.1801991085255233,2.0611188984994134e-06,3.1099767717250293e-06,0.0002467309769803119,0.00038365652639045717,1.690826041417841e-18,1.0842387624723352e-18,3.770511281346693e-07,2.591581562622745e-07,0.44562547597324154,0.3268261508760773,0.001067244098189416,0.0013665894865273474,0.008274314343237344,0.016646951751014657,2.6609077758477465e-13,3.5298683123608185e-13,6.897615875616984e-05,9.467987806610594e-05,1.3688807055953127e-06,2.0051479510947877e-06,0.001319236525032121,0.001691915480683864,2.8163498101101824e-10,3.7417373513269006e-10,0.010773928285395069,0.014810465646705066,3.847195023237666e-25,7.215996915491518e-25,9.873217841841681e-30,6.322153739233824e-30,1.3150431811087729e-09,9.63263381680112e-10,1.1699607170249159e-20,1.552243401469205e-20,9.017798071271028e-23,1.072594634664703e-22,1.9866794953966793e-08,2.4545438011594312e-08,1.759181746930539e-44,3.2999334764705956e-44,0.010178589256411135,0.013035386670966308,5.47547766472733e-31,9.999999999996496e-31,0.002151900769187058,0.004338029389930281,7.747519861859399e-16,1.524567351121782e-15
0.005,555.1380792193243,16.198548026236757,0.054134276188741774,0.11101296856382264,0.0002936550917760819,2.7064908025108344e-05,8.311499133011413e-14,3.830172979892525e-15,5.663004079512764e-15,4.1420773531336996e-15,0.3010978317807534,0.4404625151546857,3.918718008528921e-11,3.046843985377377e-11,0.21896381953525607,0.18033711548580628,2.0088571909438563e-06,3.0312408953133705e-06,0.00023021556604589514,0.0003579899912270031,1.6119533199506439e-18,1.0337029370293046e-18,3.6729429667782887e-07,2.524620528709815e-07,0.4455325934743977,0.3267710371587421,0.0010762832479117527,0.0013782188377703443,0.008276733423650982,0.016652481515170025,2.742478672370566e-13,3.63822226579576e-13,7.25398017474176e-05,9.95754635300447e-05,1.3820543531354907e-06,2.024525407529935e-06,0.001408098520468555,0.0018059525151504152,2.729102085949472e-10,3.6259663716397957e-10,0.010714437825250868,0.014729272919225324,3.7232825102413e-25,6.983858225886771e-25,9.880547224900775e-30,6.327098842207732e-30,1.3149905353628955e-09,9.632631619124716e-10,1.1299417717268935e-20,1.499208009990665e-20,8.912002253187605e-23,1.0600532678046815e-22,1.986600444958873e-08,2.4545438382276497e-08,1.8134148000477119e-44,3.401801108010261e-44,0.010178184094274666,0.013035386670966315,5.475259711514671e-31,9.999999999996515e-31,0.0021518279391698147,0.004338055249205559,8.169186639518804e-16,1.6076074966153151e-15
0.006,555.5741093089474,16.189412656738863,0.05416482310393695,0.12947513538528718,0.0002888116165052095,2.6619513223868437e-05,8.048728519547348e-14,3.709221219250248e-15,5.606127423507382e-15,4.1006313494844245e-15,0.3010108074397901,0.4403518722551553,3.771987326196406e-11,2.932870322414962e-11,0.2191156140496181,0.180468960621715,1.966102435397051e-06,2.9668388741916386e-06,0.00021691735929379492,0.00033732376621260595,1.5515558785967651e-18,9.95009305872228e-19,3.5954222777092225e-07,2.471429702582546e-07,0.4454437364618937,0.32671822762472036,0.001085658203920346,0.0013902764034960464,0.008279143173312232,0.016657960111150085,2.809808586150573e-13,3.7276843986700867e-13,7.551241214616663e-05,0.00010365989107182125,1.3943714930606441e-06,2.0426456610391876e-06,0.0014942858590624012,0.0019165643415241494,2.659451906168111e-10,3.533560762300899e-10,0.010656214252254506,0.014649786526263026,3.63795318746856e-25,6.824061981540861e-25,9.917428472919719e-30,6.350956381017985e-30,1.3149404633656598e-09,9.632629288461857e-10,1.096779892616473e-20,1.4552638528019205e-20,8.846236706911886e-23,1.0522704866253879e-22,1.9865253119732108e-08,2.454543877538934e-08,1.863668347039579e-44,3.496204470110144e-44,0.010177798993593268,0.01303538667096628,5.475052550175662e-31,9.999999999996503e-31,0.002151758678227296,0.004338079755227251,8.59349603733524e-16,1.6911709797852346e-15
0.007,555.9956806561555,16.180594384251485,0.05419434242554025,0.14792724597919168,0.00028412698572386527,2.6188684821747938e-05,7.829614898740492e-14,3.608374550139637e-15,5.5663026555172285e-15,4.071648999006654e-15,0.3009247883200139,0.4402420022651897,3.6573495620313085e-11,2.843838047207519e-11,0.2192618536160964,0.1805959575984414,1.9312262661484307e-06,2.9143166138165573e-06,0.00020614044516556224,0.0003205764344300337,1.5062242739454984e-18,9.659732868583628e-19,3.534854019052322e-07,2.4298842882996714e-07,0.4453580099295595,0.32666719879607947,0.0010953066022693567,0.0014026828645226194,0.008281551344621484,0.0166634098546989,2.867867238138078e-13,3.8048469883537433e-13,7.801565808914224e-05,0.00010710011416802978,1.406032026214041e-06,2.0598021464613726e-06,0.0015783261891761742,0.002024427521274047,2.604430109186037e-10,3.460579917661668e-10,0.010599046595556959,0.014571722993191458,3.5849299181109224e-25,6.724845008405758e-25,9.980145776019592e-30,6.391351324224043e-30,1.3148924338462323e-09,9.63262683784952e-10,1.0693346653160064e-20,1.418899582382178e-20,8.81569073016157e-23,1.0486750431113069e-22,1.9864532909638105e-08,2.4545439188734124e-08,1.912885223680166e-44,3.5886645109759383e-44,0.010177429828489406,0.013035386670966265,5.474853961232739e-31,9.999999999996477e-31,0.002151692264730266,0.004338103211439043,9.023906804330574e-16,1.7759387803744903e-15
0.008,556.4060788402439,16.17202298680347,0.054223066181915205,0.16636958187818085,0.000279576443192185,2.577015283165499e-05,7.646589331942271e-14,3.5241484131335994e-15,5.540697732637464e-15,4.053061444090724e-15,0.3008395356866318,0.44013269872753946,3.568696894487763e-11,2.775001777295137e-11,0.21940375285277322,0.18071916414557734,1.9028686664930616e-06,2.871624177399345e-06,0.00019734976577338728,0.0003069164835017661,1.4732213686681176e-18,9.448409280170333e-19,3.488559730737024e-07,2.3981452664063673e-07,0.4452746898625893,0.32661752556385054,0.0011051857091185714,0.0014153839297233134,0.008283964677158214,0.016668849664348076,2.9199434071941207e-13,3.874073014548248e-13,8.014315315787299e-05,0.00011002459955292894,1.4171917809208491e-06,2.0762236417563566e-06,0.0016606567158205978,0.002130102733864328,2.561548458258514e-10,3.4037210889442314e-10,0.010542753312106981,0.01449483792841803,3.5591542060584805e-25,6.676727136529319e-25,1.0065517428421543e-29,6.4462497084817e-30,1.3148460233683468e-09,9.632624277650741e-10,1.0466347160245324e-20,1.3888276830693458e-20,8.816002708055902e-23,1.0487488925403026e-22,1.9863837399519262e-08,2.4545439620562754e-08,1.9628681898261e-44,3.6825639561257204e-44,0.010177073310562825,0.013035386670966284,5.474662175721516e-31,9.999999999996489e-31,0.002151628123794341,0.004338125860259544,9.4628149922979e-16,1.8623828013805354e-15
0.009000000000000001,556.8079849658645,16.16364135563867,0.0542511834688162,0.1848023594889182,0.0002751396712806076,2.536205381171592e-05,7.493289625150762e-14,3.4536134650321692e-15,5.526959071441999e-15,4.043149170443409e-15,0.300754838452027,0.44002376709364616,3.501147156212831e-11,2.7225681176588637e-11,0.21954229361429553,0.1808394349468148,1.8798932785115191e-06,2.8370485523398424e-06,0.00019013046048903376,0.0002956991562063749,1.4503455532818554e-18,9.302013437942788e-19,3.454240370697274e-07,2.3746339131478966e-07,0.4451931886154656,0.32656886166410337,0.0011152660460063892,0.0014283421985605575,0.008286389029764814,0.01667429562130332,2.9682130282805633e-13,3.938249451386452e-13,8.196777577764789e-05,0.00011253336582093084,1.4279733185720745e-06,2.0920901113707223e-06,0.0017416391058411255,0.002234053854258608,2.528726018156993e-10,3.360221863935611e-10,0.01048717986925784,0.014418923003783099,3.5565404096985374e-25,6.672051001474599e-25,1.0170858289364121e-29,6.51393483809197e-30,1.3148008929556783e-09,9.632621616053728e-10,1.0278583852084864e-20,1.3639589464845707e-20,8.843293393750283e-23,1.0520312028266395e-22,1.9863161450333757e-08,2.4545440069494008e-08,2.014709977159539e-44,3.7799537426828515e-44,0.010176726807440648,0.013035386670966303,5.474475777581419e-31,9.999999999996512e-31,0.002151565795494986,0.0043381478963163715,9.911873046388474e-16,1.950828631096483e-15
0.01,557.2035907047226,16.15540296011729,0.05427884868447331,0.20322574215521366,0.0002708000489907961,2.4962863064026956e-05,7.364392359046428e-14,3.3943184038140744e-15,5.5231378157933295e-15,4.040488234589986e-15,0.3006705129339574,0.43991503037419405,3.450777436525374e-11,2.6834888146808684e-11,0.2196782719365849,0.1809574626691672,1.861351022795173e-06,2.8091588990959847e-06,0.00018415839648428886,0.00028642067255009993,1.4358206610085013e-18,9.209162225306921e-19,3.42993526295025e-07,2.358003707733522e-07,0.44511302778197587,0.3265209242395638,0.001125527129466824,0.0014415317241223277,0.008288829496848869,0.016679761427151864,3.014113489565798e-13,3.999283625997412e-13,8.354686362699218e-05,0.0001147051082979536,1.4384738184712154e-06,2.1075442694583305e-06,0.0018215720428516732,0.002336664028211176,2.5042254172566377e-10,3.3277756965216357e-10,0.01043219597271534,0.014343802373871386,3.573779574173628e-25,6.704614660495172e-25,1.0293931390369546e-29,6.592976473433239e-30,1.3147567703229201e-09,9.63261885946855e-10,1.0123144466874712e-20,1.3433769753242071e-20,8.894162708772206e-23,1.0581180124556563e-22,1.9862500934472086e-08,2.4545440534446748e-08,2.0690627135891664e-44,3.8820582944433613e-44,0.010176388204824652,0.01303538667096631,5.474293629445321e-31,9.999999999996505e-31,0.002151504910735232,0.004338169476576328,1.0372218407623713e-15,2.0415005125685276e-15
0.011,557.5946901606079,16.14726983480589,0.0543061880850423,0.22163984992565822,0.00026654402396727875,2.4571337195410038e-05,7.255460392729642e-14,3.3442198621490675e-15,5.527625661345127e-15,4.043903439055034e-15,0.30058640117258256,0.43980633129168345,3.414420894097594e-11,2.6553029700238082e-11,0.21981233473357736,0.1810738100089648,1.8464501135964474e-06,2.7867614109499116e-06,0.00017917861618775655,0.00027868474712684733,1.4282087896511626e-18,9.160639923281008e-19,3.4139811770186656e-07,2.347112297541451e-07,0.44503381685666077,0.3264734816147774,0.001135954610429746,0.0014549343638206491,0.008291290511552508,0.016685258783422554,3.058591870163172e-13,4.0584324364477486e-13,8.49259536909194e-05,0.00011660232951914155,1.448770889586813e-06,2.1227001045017374e-06,0.0019007017717503048,0.00243824917739087,2.4865983658292217e-10,3.304459675367771e-10,0.010377692697548624,0.01426932890813025,3.6081845267160173e-25,6.769381434052324e-25,1.0432896564522434e-29,6.682198067862012e-30,1.314713436222148e-09,9.632616012847088e-10,9.994240274861437e-21,1.3263142574907778e-20,8.965665585460248e-23,1.066659386344975e-22,1.9861852528783212e-08,2.454544101458562e-08,2.1263080367566592e-44,3.9895945787019817e-44,0.010176055800472419,0.013035386670966282,5.47411481560773e-31,9.999999999996501e-31,0.002151445172703843,0.0043381907281402,1.0844637164331897e-15,2.1345535398880947e-15
0.012,557.982753569381,16.139210972339814,0.05433330503032446,0.24004476748850262,0.00026236058377838674,2.4186465722210246e-05,7.16280793410275e-14,3.3016203516166952e-15,5.539099783319958e-15,4.052428135746938e-15,0.300502368534843,0.43969753235942055,3.3895109358432004e-11,2.6360160241406618e-11,0.21994500868945424,0.1811889349061437,1.8345310897279882e-06,2.768861714474075e-06,0.00017498942156809506,0.00027217786166773577,1.4263418531422053e-18,9.148959765599634e-19,3.4049736521329394e-07,2.3409949827982942e-07,0.44495523636390577,0.3264263435814374,0.0011465383470299416,0.001468537321977415,0.008293775937436052,0.016690797709660456,3.1022703560918163e-13,4.1165217475566523e-13,8.61415126481354e-05,0.00011827508499128558,1.458926901457037e-06,2.137649232997764e-06,0.001979230939624008,0.0025390693252895333,2.474639439893293e-10,3.2886732328657017e-10,0.010323579692392263,0.014195380483646151,3.6575682963267073e-25,6.862252137169174e-25,1.0586260542490953e-29,6.780644911214142e-30,1.314670713840524e-09,9.632613079938778e-10,9.88704250152927e-21,1.3121305091463759e-20,9.055276829561156e-23,1.0773552587701632e-22,1.9861213553840453e-08,2.4545441509278686e-08,2.1866651525304752e-44,4.1029747941176534e-44,0.010175728221864185,0.013035386670966301,5.473938597734334e-31,9.999999999996498e-31,0.0021513863424676345,0.0043382117542801945,1.13296811719153e-15,2.2300967025272337e-15
0.013000000000000001,558.368986728975,16.131201032791935,0.05436028420489706,0.2584405506347194,0.000258240812175397,2.3807430429509757e-05,7.08338299940825e-14,3.265114188253207e-15,5.556475970501225e-15,4.065270009894789e-15,0.30041830104997774,0.4395885147945136,3.373960834905722e-11,2.624006254623969e-11,0.22007672317545185,0.18130321053378476,1.8250458438001053e-06,2.754633283415093e-06,0.0001714304963255833,0.0002666508098954809,1.4292679776636587e-18,9.168020543474608e-19,3.401731561276395e-07,2.3388404110176354e-07,0.44487702443899463,0.32637935364145365,0.0011572711021803656,0.0014823314900297708,0.008296289149559332,0.01669638681140908,3.1455567783868404e-13,4.17409301245266e-13,8.722295752293622e-05,0.00011976375549711602,1.468992249024688e-06,2.152465689998017e-06,0.0020573260014094636,0.002639338086392785,2.4673470132317986e-10,3.279086321692586e-10,0.010269782559804031,0.014121856490181882,3.720148815342902e-25,6.979886527953965e-25,1.0752830756241721e-29,6.887554623569513e-30,1.3146284604846503e-09,9.632610063501673e-10,9.797537471306232e-21,1.3002934896851922e-20,9.160851170710665e-23,1.0899506986992933e-22,1.9860581847849577e-08,2.4545442018060983e-08,2.250259708519491e-44,4.2224355711483875e-44,0.010175404361615611,0.013035386670966318,5.4737643801180286e-31,9.999999999996501e-31,0.0021513282276575006,0.004338232639152975,1.1827751755054008e-15,2.3282093563430855e-15
0.014,558.7543791559306,16.123219301703937,0.05438719503221209,0.27682723153281913,0.0002541775192424793,2.343357148239224e-05,7.014666501486442e-14,3.2335410577933812e-15,5.578869131516261e-15,4.081782240538894e-15,0.3003341027294669,0.4394791768188113,3.3660702402611656e-11,2.6179521559890192e-11,0.22020782854322418,0.18141694124783891,1.8175399820151152e-06,2.7433908638365427e-06,0.00016837396102043823,0.0002619047986542711,1.4362096252335577e-18,9.212838316143562e-19,3.4032654809705267e-07,2.3399688747194e-07,0.44479896608938896,0.3263323827782708,0.0011681476663565442,0.001496310329465762,0.008298833106869853,0.01670203350876383,3.1887185579700567e-13,4.2315013636071173e-13,8.819416728471423e-05,0.00012110112113184792,1.4790078416940591e-06,2.1672095819382153e-06,0.0021351234128883785,0.002739230602880053,2.4638904354430254e-10,3.2745958687112306e-10,0.010216240474959079,0.014048674640119744,3.7944745103006683e-25,7.1195638833379485e-25,1.0931674159017118e-29,7.002330843510051e-30,1.3145865610070747e-09,9.632606965467975e-10,9.72240071642358e-21,1.2903623243134943e-20,9.280582781838264e-23,1.1042311080389965e-22,1.9859955666976456e-08,2.4545442540606117e-08,2.3171677774237116e-44,4.348120490110092e-44,0.010175083326423383,0.01303538667096631,5.473591682214587e-31,9.99999999999651e-31,0.0021512706735154355,0.0043382534515063065,1.2339159703637584e-15,2.428953031088639e-15
0.015,559.1397433395483,16.11524884340208,0.05441409445364651,0.2952048230381205,0.0002501649316176933,2.3064359030056422e-05,6.954585587278397e-14,3.2059461302788768e-15,5.605559892424452e-15,4.101439104847659e-15,0.3002496930282104,0.4393694317203317,3.3644515232996424e-11,2.6167752239963538e-11,0.22033861085380932,0.18153037542537684,1.8116378211067054e-06,2.734567868030935e-06,0.00016571753947007748,0.00025778082903786016,1.4465305373778847e-18,9.279334613023246e-19,3.4087495633527236e-07,2.3438130071015424e-07,0.4447208845383146,0.32628532442435126,0.0011791642605678417,0.0015104691122551598,0.008301410415150453,0.016707744229323633,3.231932097215576e-13,4.288981138542542e-13,8.907463251393487e-05,0.0001223139388462351,1.4890070257140888e-06,2.1819299083002396e-06,0.00221273481834176,0.0028388901939809556,2.463582254622676e-10,3.2742889157796737e-10,0.010162904055938282,0.013975768107061946,3.879365409674097e-25,7.279072641468013e-25,1.1122080805113055e-29,7.12451995123139e-30,1.3145449225527678e-09,9.63260378708448e-10,9.658887731868178e-21,1.2819730288319054e-20,9.412965704922476e-23,1.1200175247167007e-22,1.9859333605672566e-08,2.4545443076703672e-08,2.387443758249894e-44,4.480132434386096e-44,0.010174764396254,0.013035386670966301,5.4734201166886595e-31,9.999999999996519e-31,0.0021512135557277545,0.004338274247622025,1.2864167761318248e-15,2.532379793579768e-15
0.016,559.5257468318134,16.107275810876775,0.054441029197299505,0.3135733222150171,0.0002461984356853268,2.2699369658509468e-05,6.901440182054822e-14,3.181546248100105e-15,5.635966648228633e-15,4.123815563054337e-15,0.30016500451587863,0.43925920587053163,3.3679716059779966e-11,2.6195947637284304e-11,0.22046930378056326,0.18164371583635933,1.8070297101659175e-06,2.72769726874577e-06,0.00016337930304456843,0.00025415152906722453,1.4597096833002215e-18,9.364169505363742e-19,3.4174970332997284e-07,2.34990096242069e-07,0.44464263421492395,0.3262380903754822,0.0011903181346765931,0.0015248044104369583,0.008304023382665362,0.01671352457335587,3.275315671346393e-13,4.3466895195639575e-13,8.988033582086073e-05,0.0001234241506083565,1.4990170831143994e-06,2.1966667620594825e-06,0.0022902513814165933,0.0029384339078974988,2.4658549131745743e-10,3.2774116922999317e-10,0.010109733498663467,0.013903083014757015,3.9738667755180155e-25,7.4566235083928445e-25,1.1323532521550005e-29,7.253791042472945e-30,1.3145034703450304e-09,9.632600529025566e-10,9.604740649191179e-21,1.274826141795931e-20,9.556757185669155e-23,1.137162269515294e-22,1.9858714532762764e-08,2.454544362624003e-08,2.4611379930963036e-44,4.618566651956899e-44,0.010174446991606821,0.01303538667096633,5.47324937180324e-31,9.999999999996541e-31,0.002151156774671187,0.004338295073666805,1.3403020877345231e-15,2.638538203280277e-15
0.017,559.9129385882511,16.099288880769297,0.05446803763838024,0.33193271321491175,0.00024227436413798138,2.2338266814720253e-05,6.853840678804614e-14,3.159701240646428e-15,5.669622115141498e-15,4.148570129006555e-15,0.3000799807962113,0.4391484368312098,3.3757054344815086e-11,2.625691742596764e-11,0.2206000982886889,0.18175712807613245,1.8034612618048055e-06,2.722395368638364e-06,0.0001612935767265473,0.00025091479145000783,1.4753204870711808e-18,9.464608496229244e-19,3.4289388726101594e-07,2.3578417817468715e-07,0.44456409504567973,0.3261906074569303,0.0012016072946613406,0.0015393137500695285,0.008306674068444691,0.01671937945397739,3.318951193698738e-13,4.4047354146269936e-13,9.062443564204683e-05,0.00012444982180432297,1.509060413628357e-06,2.211453064995594e-06,0.0023677474022367447,0.0030379571593454583,2.4702410940019877e-10,3.283343529301663e-10,0.010056696960454619,0.013830576257357813,4.0772120809670304e-25,7.650780075616978e-25,1.1535676065236403e-29,7.389918767408406e-30,1.3144621442788434e-09,9.632597191486176e-10,9.558108520209663e-21,1.2686761588936615e-20,9.710944127868375e-23,1.1555449622569935e-22,1.9858097539775418e-08,2.45454441891826e-08,2.5383076848729587e-44,4.763531249738838e-44,0.010174130647047872,0.013035386670966351,5.473079197182452e-31,9.999999999996557e-31,0.0021511002507569868,0.004338315967584427,1.3955967418894605e-15,2.747477489227218e-15
0.018000000000000002,560.3017706532222,16.091278789375945,0.054495151329293855,0.3502829696250164,0.00023838981947322445,2.1980784614822376e-05,6.810655371550931e-14,3.139889722192153e-15,5.7061537435129656e-15,4.175430559720363e-15,0.2999945746762037,0.4390370716097013,3.386898540386198e-11,2.6344797020316085e-11,0.22073115053742615,0.1818707474479465,1.800724232406034e-06,2.718348053684263e-06,0.00015940772400781922,0.0002479887768930746,1.4930141768550266e-18,9.578415819083462e-19,3.442605438594667e-07,2.3673127717075083e-07,0.44448516778406727,0.3261428147900656,0.0012130303186341808,0.0015539953782424223,0.00830936432439513,0.016725313216817403,3.3628984924432304e-13,4.463198403860421e-13,9.131780192365286e-05,0.00012540587641723052,1.5191554753796912e-06,2.226315948989392e-06,0.0024452833338662865,0.0031375375974772514,2.4763571857605536e-10,3.291574911267068e-10,0.01000376917554663,0.01375821363028629,4.188793325703453e-25,7.86040318773582e-25,1.175830041171696e-29,7.5327688096738e-30,1.3144208961566184e-09,9.632593774258288e-10,9.517479679530578e-21,1.2633225672785458e-20,9.874713053553124e-23,1.1750689536664925e-22,1.9857481899013478e-08,2.454544476556642e-08,2.6190235123050387e-44,4.915159615500778e-44,0.010173814989733552,0.013035386670966343,5.472909392258534e-31,9.99999999999655e-31,0.00215104392065152,0.004338336960628781,1.452327395638023e-15,2.8592504622543515e-15
0.019,560.6926160049675,16.083237951627705,0.05452239625790976,0.3686240563826427,0.00023454252787914485,2.1626714437407115e-05,6.770966133927493e-14,3.1216886840935466e-15,5.74526733933164e-15,4.204181888125211e-15,0.2999087465857051,0.43892506510676493,3.400936633525545e-11,2.6454811312642003e-11,0.2208625883427769,0.18198468459094252,1.7986487930028495e-06,2.7152991415858485e-06,0.00015767959758907467,0.0002453079519889831,1.5125062996553761e-18,9.703768017682158e-19,3.4581106484789056e-07,2.3780486437957403e-07,0.4444057701859757,0.32609466155051986,0.0012245862301714105,0.0015688481030109223,0.008312095831126826,0.016731329740563145,3.4072045469745267e-13,4.522140999004414e-13,9.196944041274756e-05,0.0001263046793601762,1.529317538369963e-06,2.24127786256694e-06,0.0025229082909212727,0.003237238322982873,2.4838893414681647e-10,3.3016889687599977e-10,0.009950930279864852,0.013685968242194564,4.308136933779713e-25,8.084605770774358e-25,1.1991317632315012e-29,7.682285659023027e-30,1.314379687437592e-09,9.632590276795297e-10,9.481624418710354e-21,1.2586022460248738e-20,1.0047423416717411e-22,1.1956581551002636e-22,1.9856867029412433e-08,2.4545445355483504e-08,2.703373457539166e-44,5.073617609768201e-44,0.010173499721922694,0.013035386670966357,5.47273979686439e-31,9.999999999996557e-31,0.002150987734197216,0.00433835807860922,1.5105235285594523e-15,2.9739154898424124e-15
0.02,561.0857833501677,16.075160146018717,0.05454979388967871,0.3869559313301887,0.00023073071959864644,2.1275893944899705e-05,6.734031323186982e-14,3.1047564126480395e-15,5.78673347866535e-15,4.234656495880567e-15,0.29982246320751743,0.43881237873269263,3.4173208570076593e-11,2.6583082397033413e-11,0.22099451649580062,0.1820990301099862,1.7970970187962981e-06,2.7130405664578494e-06,0.0001560755083347901,0.00024281993244588685,1.5335657799156249e-18,9.83918382561006e-19,3.475138499570868e-07,2.389832256847067e-07,0.4443258338487289,0.32604610510953624,0.0012362744153124443,0.0015838711888770782,0.008314870129882142,0.016737432524452117,3.451909367026628e-13,4.581616448302806e-13,9.258683037102934e-05,0.00012715650000428173,1.539559295191168e-06,2.2563574678556855e-06,0.0026006621399548044,0.0033371105691635348,2.492581786542166e-10,3.3133459560829294e-10,0.00989816482129388,0.013613819176667668,4.434884222576239e-25,8.322716227285514e-25,1.2234747096548446e-29,7.838482510185862e-30,1.3143384873999562e-09,9.6325866982621e-10,9.449546805135542e-21,1.254383078376101e-20,1.0228584358642521e-22,1.217254276857099e-22,1.985625246866533e-08,2.4545445959074894e-08,2.791464930397686e-44,5.23910756136881e-44,0.010173184606698228,0.013035386670966376,5.472570283552676e-31,9.999999999996564e-31,0.002150931651901013,0.0043383793429122,1.5702181303020076e-15,3.091537851651898e-15
0.021,561.4815293298946,16.06704025518253,0.05457736202696385,0.40527854647428363,0.00022695303033843509,2.0928198034723027e-05,6.699254629746389e-14,3.0888181437210738e-15,5.8303761800598775e-15,4.26672583557959e-15,0.29973569631578345,0.43869897921504525,3.4356474307860156e-11,2.67264713856929e-11,0.22112702113213215,0.18221385837900103,1.7959573875278643e-06,2.711404083811485e-06,0.00015456859171195377,0.00024048294400052942,1.5560059182424958e-18,9.983466477058552e-19,3.4934315460907787e-07,2.402486702615034e-07,0.444245301608704,0.32599710950120064,0.001248094564484426,0.001599064283885912,0.008317688649590796,0.01674362476173804,3.497049629673429e-13,4.641673566167787e-13,9.317619673126361e-05,0.0001279698857432159,1.5498913568250283e-06,2.2715703688370554e-06,0.002678577233102108,0.0034371959257187886,2.502226959724428e-10,3.3262701613486787e-10,0.009845460931415567,0.013541750371671416,4.568775267581135e-25,8.574248195356726e-25,1.2488702392700222e-29,8.001432899881128e-30,1.3142972716377394e-09,9.632583037578002e-10,9.420444051004445e-21,1.2505585645564047e-20,1.0417834404418825e-22,1.2398144157112767e-22,1.9855637850419692e-08,2.4545446576522678e-08,2.883425799623283e-44,5.411870211649896e-44,0.010172869456287568,0.013035386670966377,5.472400751312882e-31,9.999999999996568e-31,0.002150875642880581,0.004338400771338431,1.6314481413377918e-15,3.212190609327701e-15
0.022,561.8800685755884,16.058874052583214,0.054605115516666115,0.42359184900167757,0.00022320842041093512,2.058353141699341e-05,6.666159041356894e-14,3.073654071961753e-15,5.876063500030518e-15,4.300293557896019e-15,0.29964842179877005,0.43858483758327926,3.455590873757828e-11,2.6882448026805027e-11,0.221260173319379,0.18232923066303763,1.7951401524061565e-06,2.710254293636834e-06,0.00015313748972087954,0.00023826377362202962,1.579676962842409e-18,1.0135656095226948e-18,3.51278110808108e-07,2.415868580487961e-07,0.444164125399488,0.3259476441586284,0.0012600466313093463,0.0016144273680900913,0.008320552729755699,0.016749909401299366,3.5426608444894575e-13,4.702359609498647e-13,9.374273043986572e-05,0.00012875196444987348,1.5603226563449045e-06,2.286929704372749e-06,0.002756679840873927,0.003537528176832758,2.512657228556369e-10,3.3402389063800633e-10,0.009792809637699218,0.01346974968863968,4.709635541813435e-25,8.838875507768795e-25,1.2753380629775926e-29,8.171263866915439e-30,1.3142560208324159e-09,9.632579293451748e-10,9.39367242458783e-21,1.2470433017032156e-20,1.0614923930709358e-22,1.2633089715903927e-22,1.9855022885643073e-08,2.4545447208044433e-08,2.9794047916351677e-44,5.592185471425905e-44,0.010172554122517734,0.013035386670966365,5.47223112043672e-31,9.999999999996559e-31,0.0021508196831868547,0.0043384223787889566,1.6942547238541007e-15,3.3359551419205753e-15
0.023,562.2815820033239,16.05065802695241,0.054633066833546996,0.4418957820949221,0.00021949610880707784,2.0241822562092893e-05,6.63436516774865e-14,3.059089367632732e-15,5.923699758375685e-15,4.335289829546807e-15,0.299560618838526,0.43846992830693915,3.4768901510354934e-11,2.7048983049247093e-11,0.22139403200573152,0.18244519768384063,1.794573465012538e-06,2.709482793956725e-06,0.00015176528443700067,0.00023613611174790825,1.6044599600843509e-18,1.0294990277497806e-18,3.533018990611133e-07,2.429862309218619e-07,0.44408226448501203,0.3258976828689017,0.0012721308034837537,0.0016299607172687296,0.008323463640042751,0.016756289199778233,3.5887785685270024e-13,4.763721892768944e-13,9.429076768671283e-05,0.00012950869050814244,1.5708607791868531e-06,2.3024466333992264e-06,0.0028349913347315713,0.003638134818436685,2.5237379470564595e-10,3.355073328230761e-10,0.009740204295748836,0.013397808143813833,4.857364834485436e-25,9.11641142311551e-25,1.3029053896541702e-29,8.34815049222781e-30,1.3142147197492099e-09,9.632575464410127e-10,9.368718773343965e-21,1.2437692076839078e-20,1.0819700170874238e-22,1.2877198656874219e-22,1.9854407347397415e-08,2.4545447853888907e-08,3.079571565080996e-44,5.780372569156661e-44,0.010172238489016406,0.013035386670966355,5.47206132832278e-31,9.999999999996548e-31,0.0021507637544352096,0.004338444177829407,1.7586834213717484e-15,3.462921462232388e-15
0.024,562.6862234743833,16.04238924135203,0.054661226549007166,0.46019028558732794,0.00021581551861215654,1.9903018688558936e-05,6.603573149186961e-14,3.044985843574337e-15,5.973219062458403e-15,4.371666600313239e-15,0.2994722692567455,0.43835422861283846,3.4993371707417165e-11,2.722445876195727e-11,0.22152864639715925,0.18256180168900307,1.794200127168635e-06,2.70900328249263e-06,0.0001504386319391439,0.00023407920595227403,1.6302616177001421e-18,1.0460871169658947e-18,3.554010474371023e-07,2.4443753116735113e-07,0.4439996840412581,0.3258472029361095,0.0012843474752075434,0.00164566486844781,0.008326422594746564,0.016762766761004768,3.635439000462508e-13,4.825808578862035e-13,9.482393664767283e-05,0.00013024504625537534,1.581512227762175e-06,2.318130723701999e-06,0.002913529144259589,0.0037390382864000106,2.5353616234854664e-10,3.3706306342745007e-10,0.009687640125507399,0.013325919280166899,5.0119279130929945e-25,9.406791124435924e-25,1.3316062252632378e-29,8.532311418852542e-30,1.314173356423963e-09,9.632571548824887e-10,9.345176661268735e-21,1.2406823565759472e-20,1.103209435584149e-22,1.3130390123053432e-22,1.9853791058494854e-08,2.4545448514330578e-08,3.1841165884606045e-44,5.976789829185162e-44,0.010171922464889674,0.013035386670966312,5.4718913260755315e-31,9.999999999996519e-31,0.0021507078426936197,0.0043384661791429835,1.824784215093231e-15,3.59318832978998e-15
0.025,563.0941257412526,16.03406520834985,0.054689603747666474,0.478475296475575,0.00021216623555513753,1.956708195785868e-05,6.573547939686472e-14,3.031235176351406e-15,6.0245801652436e-15,4.409393844972554e-15,0.2993833568876617,0.4382377177959917,3.5227673745289595e-11,2.7407595923268462e-11,0.22166405802922465,0.18267907825136964,1.7939749109914376e-06,2.7087475150237793e-06,0.00014914706207539214,0.00023207677237283223,1.657010104258979e-18,1.0632838541095295e-18,3.575648501835168e-07,2.459334020761052e-07,0.44391635388229006,0.3257961844163158,0.0012966972436345464,0.0016615406160745447,0.008329430771353069,0.01676934458196449,3.6826792621023074e-13,4.888669054738073e-13,9.534527722629857e-05,0.0001309652063653562,1.5922826553450097e-06,2.3339902955372117e-06,0.0029923075876177015,0.0038402570222903897,2.547443118826376e-10,3.38679772582838e-10,0.009635113826205901,0.013254078645891303,5.17334708032523e-25,9.71005777059456e-25,1.361480898663267e-29,8.724005823202409e-30,1.3141319214836973e-09,9.63256754492422e-10,9.322726943066344e-21,1.2377404024597968e-20,1.1252111231247805e-22,1.3392670731673243e-22,1.9853173881208773e-08,2.4545449189668706e-08,3.29325120467328e-44,6.181834800651501e-44,0.010171605979451121,0.013035386670966322,5.471721075669854e-31,9.999999999996508e-31,0.002150651937568238,0.004338488391933533,1.8926116238998545e-15,3.726863449777382e-15
0.026000000000000002,563.5054049014294,16.025683796166085,0.05471820634066694,0.49675074932529306,0.00020854797187841396,1.9233986155950035e-05,6.544106874435632e-14,3.0177531790943463e-15,6.077762072404008e-15,4.4484563523881395e-15,0.2992938671370397,0.43812037675570076,3.5470518022165535e-11,2.7597392063066567e-11,0.22180030235438342,0.1827970576502816,1.7938623011097734e-06,2.7086619001374754e-06,0.00014788240507103003,0.00023011610427702892,1.6846514559653393e-18,1.0810546751351254e-18,3.597848713474032e-07,2.474680469058727e-07,0.44383224750807215,0.32574460955361684,0.0013091808899390394,0.001677588988342336,0.008332489320522414,0.016776025079725906,3.730537410210258e-13,4.952353948818567e-13,9.58573407921917e-05,0.00013167267477386474,1.6031770430379623e-06,2.3500326816709143e-06,0.003071338511127243,0.003941806294256957,2.5599155679523294e-10,3.4034857810810735e-10,0.009582623268897673,0.013182283377886076,5.341695626693678e-25,1.00263502258117e-24,1.3925756640495726e-29,8.923530876303536e-30,1.3140904076084624e-09,9.632563450810916e-10,9.301121258861825e-21,1.2349103903432844e-20,1.1479819920005652e-22,1.3664123715457205e-22,1.9852555709102654e-08,2.4545449880222855e-08,3.407207582631736e-44,6.395944174187063e-44,0.010171288978037036,0.013035386670966318,5.471550547699954e-31,9.999999999996533e-31,0.0021505960314693244,0.004338510824229138,1.962224692310227e-15,3.864063451286249e-15
0.027,563.9201641913928,16.017243149148797,0.054747041331859876,0.5150165765859537,0.00020496053828049078,1.8903714116490654e-05,6.515109550450913e-14,3.0044751397655994e-15,6.132760525868886e-15,4.488851155241096e-15,0.29920378659221936,0.4380021875733382,3.572090577180724e-11,2.779307084599937e-11,0.22193741007673876,0.18291576603156315,1.7938346402331335e-06,2.7087047022028634e-06,0.000146638327843322,0.000228187351156417,1.7131466137581781e-18,1.0993745756693417e-18,3.6205453389380666e-07,2.4903694657330885e-07,0.44374734128904625,0.3256924622920569,0.0013217993697659774,0.0016938112354448437,0.008335599376674255,0.016782810618347847,3.779052357079776e-13,5.016915026995749e-13,9.636227214995783e-05,0.0001323703972127589,1.6141998502731394e-06,2.3662644485308587e-06,0.003150631824772294,0.004043698884418181,2.572727021781163e-10,3.4206257953864515e-10,0.009530167246458556,0.013110531863065263,5.517092537540664e-25,1.0355893141174138e-24,1.4249424320581472e-29,9.131220028704362e-30,1.314048809090309e-09,9.63255926447382e-10,9.280168576570788e-21,1.2321669712263243e-20,1.1715346504816322e-22,1.394490010859113e-22,1.9851936460343277e-08,2.454545058633237e-08,3.526238872793367e-44,6.619594081270975e-44,0.010170971418580883,0.013035386670966301,5.4713797195364805e-31,9.999999999996513e-31,0.0021505401190154276,0.00433853348314103,2.0336870036686235e-15,4.00491391521359e-15
0.028,564.3384970812144,16.008741623087527,0.05477611503481657,0.5332727088319953,0.00020140382140360367,1.857625565307226e-05,6.486449522166328e-14,2.991351995328975e-15,6.1895851449566866e-15,4.5305854403810105e-15,0.299113102703149,0.4378831331654812,3.597807515423643e-11,2.7994040166938232e-11,0.22207540823940017,0.1830352263522253,1.7938705974113167e-06,2.7088437309286177e-06,0.0001454099578081002,0.00022628293382023437,1.7424689497393516e-18,1.118226525295199e-18,3.6436877739285535e-07,2.506366244458349e-07,0.44366161379860425,0.32563972787488205,0.0013345538049409067,0.0017102088193610148,0.008338762066945057,0.016789703531441443,3.8282637383782464e-13,5.082405018411498e-13,9.686187747928469e-05,0.00013306085448636253,1.6253551381352312e-06,2.382691577433156e-06,0.0032301959374575443,0.004145945647646846,2.585837662875472e-10,3.43816488299314e-10,0.009477745272560739,0.013038823465990378,5.699698123244062e-25,1.0698988767012615e-24,1.4586386246821674e-29,9.347442088200837e-30,1.3140071214766997e-09,9.632554983796254e-10,9.259724115790665e-21,1.2294909329620385e-20,1.1958867956971156e-22,1.423521153310872e-22,1.9851316072294383e-08,2.4545451308354113e-08,3.6506195185162837e-44,6.853300686058545e-44,0.010170653268844298,0.013035386670966287,5.471208573837126e-31,9.999999999996501e-31,0.002150484196553084,0.004338556375075496,2.107066694291993e-15,4.149549404011373e-15
0.029,564.7604898058579,16.0001777324883,0.05480543325017966,0.5515190749438209,0.00019787776599364073,1.8251605920482332e-05,6.458047519821085e-14,2.9783472073186528e-15,6.248257123970135e-15,4.573674865923638e-15,0.2990218035199782,0.4377631969964421,3.624145678920003e-11,2.819985758495255e-11,0.22221432111134884,0.18315545915058729,1.7939539101142933e-06,2.709054443844451e-06,0.00014419357846455304,0.00022439707106789472,1.772602210890002e-18,1.137600149307809e-18,3.6672377426343415e-07,2.5226445135900524e-07,0.4435750452645027,0.3255863925137234,0.0013474454766540399,0.0017267834054601294,0.00834197851900001,0.016796706141551147,3.878211774928802e-13,5.148877432979022e-13,9.735768075109534e-05,0.00013374613992824417,1.636646670852509e-06,2.399319613733771e-06,0.003310038110548758,0.004248555965508126,2.599217507171214e-10,3.4560632243118055e-10,0.009425357421161561,0.012967158311388088,5.889710482104686e-25,1.105601032666959e-24,1.4937271229123357e-29,9.572600891375707e-30,1.313965341283131e-09,9.632550606562243e-10,9.239680278134469e-21,1.2268679971959002e-20,1.221060728665002e-22,1.4535324437588425e-22,1.985069449716186e-08,2.454545204666195e-08,3.7806457698545654e-44,7.097621157284629e-44,0.010170334504186133,0.013035386670966272,5.4710370973464165e-31,9.99999999999649e-31,0.0021504282617714845,0.004338579505907942,2.1824364847439814e-15,4.298113525135685e-15
0.03,565.1862233989723,15.991550108338945,0.05483500140812694,0.5697556022406324,0.00019438236062750065,1.792976410346792e-05,6.429845930210179e-14,2.9654342188804937e-15,6.3088073770909205e-15,4.61814220530664e-15,0.29892987748318045,0.4376423628482336,3.651063713788884e-11,2.8410201856850714e-11,0.22235417090066356,0.18327648316549655,1.7940723559409813e-06,2.70931839508553e-06,0.00014298638371712692,0.0002225253976720704,1.803538809057023e-18,1.1574906324275214e-18,3.691166952161851e-07,2.539184844330494e-07,0.44348761712620016,0.32553244312107277,0.001360475818598617,0.00174353685398969,0.008345249867432729,0.016803820775963804,3.9289371434523984e-13,5.216386390615981e-13,9.785097060185232e-05,0.00013442802375877007,1.648077998043613e-06,2.4161537877080205e-06,0.00339016474133586,0.004351538110271139,2.6128445120409045e-10,3.474291552785724e-10,0.00937300419916225,0.012895537111600847,6.087362637078664e-25,1.1427396653856305e-24,1.530276279530464e-29,9.807135392429979e-30,1.3139234657633864e-09,9.6325461304611e-10,9.219959244987548e-21,1.2242878374358687e-20,1.2470829693531517e-22,1.4845555525239535e-22,1.9850071698512713e-08,2.4545452801645882e-08,3.916636366510085e-44,7.353154957857216e-44,0.010170015105779365,0.013035386670966272,5.470865279936529e-31,9.999999999996501e-31,0.002150372313395281,0.004338602881123628,2.2598737187231595e-15,4.4507590094690516e-15
0.031,565.6157754870078,15.982857461188242,0.05486482469347542,0.5879822165711602,0.000190917627195587,1.7610732450715188e-05,6.401804374078922e-14,2.952594417021124e-15,6.371275109848991e-15,4.664016303251978e-15,0.298837313227792,0.4375206145971853,3.678532860366967e-11,2.8624849693193662e-11,0.22249497836973398,0.18339831586918653,1.7942169171259737e-06,2.7096219749667066e-06,0.00014178628008946776,0.0002206646568171849,1.83527841912964e-18,1.1778978200891933e-18,3.715455172045497e-07,2.555973350955665e-07,0.4433993116411923,0.32547786706831694,0.0013736464158764009,0.0017604712189132217,0.008348577261206601,0.01681104978409233,3.9804808952364563e-13,5.284986513975404e-13,9.8342839546026e-05,0.00013510800692484519,1.6596525273840903e-06,2.4331991213458507e-06,0.0034705816048366724,0.004454899555477205,2.6267030353348136e-10,3.492829107911125e-10,0.009320686444226426,0.012823961028140072,6.292920377660941e-25,1.1813648152728245e-24,1.5683600301291027e-29,1.0051520381442985e-29,1.3138814927207704e-09,9.63254155308742e-10,9.20050704164494e-21,1.2217432916210391e-20,1.273983973132076e-22,1.5166268387961687e-22,1.9849447648422695e-08,2.4545453573711358e-08,4.058933500611041e-44,7.620545660043588e-44,0.010169695059149955,0.013035386670966268,5.470693113821273e-31,9.999999999996489e-31,0.002150316350937341,0.004338626505942034,2.339460452798461e-15,4.607647889892183e-15
0.032,566.0492212046154,15.974098561863832,0.054894908110957825,0.6061988423824053,0.00018748361009292535,1.7294515280720488e-05,6.373895965652451e-14,2.939815408959277e-15,6.435706531245133e-15,4.711331134328386e-15,0.29874409951671527,0.43739793616030187,3.706534467978164e-11,2.8843656436372332e-11,0.22263676318995662,0.18352097377757984,1.7943810936066872e-06,2.7099553735676655e-06,0.00014059172919887847,0.00021881245512981625,1.867826788289378e-18,1.198825455000826e-18,3.740088632260667e-07,2.573000589812888e-07,0.44331011168579904,0.3254226520722289,0.0013869589854748996,0.0017775887230652664,0.008351961863065353,0.016818395537962702,4.0328843244956163e-13,5.354732754179029e-13,9.883421585536758e-05,0.00013578736486927765,1.6713735642084612e-06,2.4504604865963846e-06,0.003551293997099307,0.004558647160011383,2.640782546545981e-10,3.511661923008843e-10,0.009268405251264024,0.01275243157203614,6.506680394516065e-25,1.221532330655129e-24,1.608058042359784e-29,1.0306267447517227e-29,1.3138394203781375e-09,9.632536871951886e-10,9.18128846382701e-21,1.2192296890085411e-20,1.301797901202177e-22,1.5497870781912234e-22,1.984882232548982e-08,2.4545454363278414e-08,4.207903742524041e-44,7.900482691453235e-44,0.010169374353159491,0.013035386670966272,5.4705205930088505e-31,9.999999999996475e-31,0.0021502603745163556,0.004338650385382811,2.4212834715428324e-15,4.768951532863447e-15
0.033,566.4866346762063,15.965272211562068,0.054925256587472965,0.6244054027542703,0.0001840803713930355,1.6981118539141297e-05,6.346104559732936e-14,2.9270897536522253e-15,6.502154077102147e-15,4.760125235616743e-15,0.29865022505840355,0.43727431127153626,3.735058033219617e-11,2.9066540809217528e-11,0.22277954442310116,0.18364447286483399,1.794560362833577e-06,2.7103117657463808e-06,0.00013940162079022287,0.00021696706522534673,1.9011948143378305e-18,1.2202805862768693e-18,3.7650587587540865e-07,2.590260690322207e-07,0.44322000042517556,0.3253667859848683,0.001400415385325563,0.0017948917699399734,0.00835540485902695,0.01682586045298266,4.0861889882004624e-13,5.42568041766662e-13,9.932589121773847e-05,0.0001364671855098055,1.6832443713893776e-06,2.467942693358409e-06,0.0036323069198156395,0.004662787405291693,2.655076625082258e-10,3.530781494484135e-10,0.009216161906107185,0.012680950514001596,6.728969274870966e-25,1.2633036801915146e-24,1.649455973574408e-29,1.0571926636959248e-29,1.3137972472474935e-09,9.63253208447303e-10,9.162283388356012e-21,1.2167443607474783e-20,1.3305625010979555e-22,1.5840813213228252e-22,1.9848195712881897e-08,2.4545455170782404e-08,4.3639395351568253e-44,8.193704148890479e-44,0.010169052979004514,0.013035386670966266,5.470347712763528e-31,9.999999999996454e-31,0.0021502043846962204,0.0043386745243685545,2.505434471381734e-15,4.9348510023920826e-15
0.034,566.9280898388872,15.956377225124108,0.05495587502958887,0.6426018194151202,0.0001807079853345753,1.6670549291955194e-05,6.318422434278454e-14,2.9144138938579918e-15,6.570675708958554e-15,4.810441194452539e-15,0.29855567842328073,0.43714972338901464,3.764099582419619e-11,2.929347233845448e-11,0.22292334080973275,0.18376882881330248,1.7947517389596585e-06,2.7106866460141838e-06,0.0001382151725703946,0.00021512726992429547,1.9353977714735662e-18,1.2422730730783003e-18,3.790361127290147e-07,2.6077506359457543e-07,0.4431289611298521,0.32531025668093244,0.0014140176086151457,0.0018123829365341807,0.008358907461591852,0.016833446995539982,4.1404366943229417e-13,5.497885150980942e-13,9.981854331502101e-05,0.00013714840024024543,1.6952682044973898e-06,2.4856505411758557e-06,0.0037136251923374007,0.004767326539219368,2.6695821289354676e-10,3.5501836773454685e-10,0.009163957839005409,0.01260951982141681,6.9601427361164025e-25,1.3067458099663954e-24,1.692645778695086e-29,1.084908843354009e-29,1.3137549720413425e-09,9.632527187977495e-10,9.143483633098473e-21,1.2142862232674962e-20,1.3603190295682734e-22,1.61955880277039e-22,1.984756779699684e-08,2.4545455996674263e-08,4.527460721305947e-44,8.500999674703473e-44,0.010168730929530098,0.013035386670966284,5.47017446923639e-31,9.999999999996473e-31,0.002150148382370033,0.004338698927783584,2.5920101952121516e-15,5.1055373270458494e-15
0.035,567.3736608077347,15.947412423456377,0.05498676834989909,0.6607880127486994,0.00017736653272108953,1.6362815210007372e-05,6.290848366440132e-14,2.901787269419772e-15,6.641334297110164e-15,4.862325197590338e-15,0.29846044802655824,0.43702415568964803,3.793660350928396e-11,2.952446108536857e-11,0.22306817092173625,0.18389405714744686,1.794953418574076e-06,2.7110772939416295e-06,0.00013703185182816432,0.00021329224034336816,1.970454668329917e-18,1.2648151730375286e-18,3.815994607244406e-07,2.625469675658222e-07,0.4430369770940822,0.3252530520125346,0.0014277677689965508,0.0018300649544902086,0.00836247090872619,0.016841157681719652,4.19566947068515e-13,5.571402899695433e-13,0.00010031275406917534,0.00013783180898251253,1.7074483294504301e-06,2.50358884521877e-06,0.00379525351305201,0.004872270655077505,2.6842985122828104e-10,3.569867778511511e-10,0.009111794592064116,0.012538141614181122,7.200585103289451e-25,1.3519310463338991e-24,1.7377260302237022e-29,1.1138385816822279e-29,1.313712593614209e-09,9.632522179706194e-10,9.124890323939376e-21,1.2118554288994916e-20,1.3911122170646646e-22,1.656272899547261e-22,1.9846938566565465e-08,2.4545456841419182e-08,4.698916132808745e-44,8.823213449678363e-44,0.010168408198770596,0.013035386670966258,5.47000085921825e-31,9.999999999996442e-31,0.0021500923686771454,0.004338723600502452,2.681112535538875e-15,5.281211704944914e-15
0.036000000000000004,567.8234227176504,15.938376616911134,0.055017941524765,0.6789639017820954,0.0001740560992165408,1.605792441284216e-05,6.263386282574495e-14,2.8892116951583314e-15,6.714197336595336e-15,4.915826824081039e-15,0.29836452201986025,0.43689759093172315,3.823745763102729e-11,2.975954971496871e-11,0.22321405342839412,0.1840201734620722,1.7951645061007853e-06,2.711482359803376e-06,0.00013585131263163167,0.00021146143821153328,2.0063877725426735e-18,1.2879212375144858e-18,3.841960699822941e-07,2.6434188690940677e-07,0.4429440314452969,0.32519515968516294,0.001441668106895298,0.0018479407182867074,0.008366096470549754,0.0168489950915994,4.251929655200876e-13,5.64629002857407e-13,0.00010080902593927178,0.0001385181025658628,1.7197880575736095e-06,2.521762487811706e-06,0.0038771965586699673,0.004977625819161458,2.6992273091630725e-10,3.589835870837887e-10,0.009059673788894848,0.012466818123623843,7.450709442236903e-25,1.398937121873463e-24,1.7848023740834265e-29,1.1440497191698018e-29,1.3136701108976049e-09,9.63251705680645e-10,9.106512081880317e-21,1.2094531253569957e-20,1.4229903143153995e-22,1.6942811873144902e-22,1.9846308011686686e-08,2.4545457705498542e-08,4.878785722383094e-44,9.161248205699791e-44,0.010168084781454728,0.01303538667096626,5.46982687987349e-31,9.999999999996445e-31,0.002150036344927801,0.0043387485474491085,2.7728487828124007e-15,5.462085994888768e-15
0.037,568.2774521524325,15.929268596871319,0.05504939962410644,0.6971294041641067,0.00017077677291528213,1.575588524519561e-05,6.236044133403119e-14,2.876690842454795e-15,6.789336687688399e-15,4.970998855984099e-15,0.29826788824583605,0.43677001140200145,3.854364608097853e-11,2.999880708719399e-11,0.22336100724347951,0.18414719354931516,1.7953847955158803e-06,2.7119015351665512e-06,0.00013467334748356214,0.000209634540668938,2.0432222235799516e-18,1.3116074634381313e-18,3.8682630012633137e-07,2.6616007175631703e-07,0.44285010704619393,0.32513656719590617,0.0014557209860921524,0.0018660132809389766,0.008369785451800497,0.016856961874748246,4.3092599613427074e-13,5.722603408774767e-13,0.00010130779507102971,0.00013920788078305003,1.7322907650254417e-06,2.540176447007865e-06,0.003959459039614758,0.005083398142016224,2.7143717128163556e-10,3.6100922341900027e-10,0.009007597114624375,0.012395551665424219,7.710957874792517e-25,1.4478472355182221e-24,1.8339880085966012e-29,1.1756149466709617e-29,1.3136275228587983e-09,9.632511816329652e-10,9.088363494082346e-21,1.2070812528633198e-20,1.4560051700804832e-22,1.733645533715734e-22,1.984567612320921e-08,2.454545858940966e-08,5.067582785529428e-44,9.516069408275085e-44,0.01016776067268871,0.013035386670966256,5.469652528569532e-31,9.999999999996433e-31,0.0021499803125519276,0.004338773773628704,2.8673318441931882e-15,5.6483831492786355e-15
0.038,568.7358273277408,15.920087132231673,0.05508114782447019,0.7152844361395977,0.00016752864178690998,1.5456706041665805e-05,6.208832973133484e-14,2.864229814791728e-15,6.8668283610475354e-15,5.027897121694789e-15,0.29817053422861006,0.4366413989102612,3.8855283802327984e-11,3.024232312754836e-11,0.22350905159970547,0.18427513346367477,1.7956145970847648e-06,2.7123352913903095e-06,0.0001334978502643204,0.0002078113826199748,2.080985724023356e-18,1.3358916954532323e-18,3.894906771186717e-07,2.6800188673228357e-07,0.44275518645197876,0.32507726180842456,0.0014699288854434797,0.0018842858434473724,0.008373539191945467,0.016865060750793887,4.367703532218479e-13,5.800400489890089e-13,0.00010180944195368138,0.00013990166702304745,1.7449599027104136e-06,2.5588358111917818e-06,0.004042045728703787,0.0051895938153557405,2.7297362363855455e-10,3.630642904587408e-10,0.00895556630264516,0.012324344621648997,7.9818021062898e-25,1.4987501525620755e-24,1.8854042186051223e-29,1.208612148640602e-29,1.3135848284751603e-09,9.632506455232747e-10,9.070463850388027e-21,1.2047423764876105e-20,1.490212343374846e-22,1.7744322327629408e-22,1.984504289234092e-08,2.454545949366581e-08,5.265856335253041e-44,9.888709726848487e-44,0.010167435867756222,0.013035386670966246,5.469477802769287e-31,9.999999999996435e-31,0.0021499242730643577,0.004338799284142817,2.964680456211138e-15,5.840337635073097e-15
0.039,569.1986285100277,15.910830961426468,0.05511319143763195,0.7334289125147616,0.0001643117929748091,1.5160395062358682e-05,6.181766331556629e-14,2.8518348583766694e-15,6.946752478371981e-15,5.086580467771393e-15,0.2980724471190614,0.4365117347183684,3.9172507816765994e-11,3.0490204960289254e-11,0.22365820617902998,0.18440400963341755,1.7958546070237305e-06,2.7127846829213904e-06,0.0001323247871114582,0.0002059919114307087,2.1197083262576797e-18,1.3607932892855623e-18,3.921898606166149e-07,2.6986778852003476e-07,0.4426592518140268,0.3250172304890864,0.0014842944012149935,0.0019027617578546087,0.008377359069153496,0.016873294517796282,4.427304062206961e-13,5.879739461743723e-13,0.00010231430092659737,0.00014059992132614373,1.7577990148543398e-06,2.5777458063947993e-06,0.004124961508270289,0.005296219172687342,2.7453264624291976e-10,3.6514953413979815e-10,0.00890358312264165,0.01225319942455348,8.263744396757509e-25,1.5517403880133678e-24,1.9391809874532548e-29,1.2431247963610351e-29,1.3135420267053673e-09,9.632500970371993e-10,9.052836301857924e-21,1.2024395745050592e-20,1.5256712744077495e-22,1.816712209177025e-22,1.9844408310227494e-08,2.4545460418797332e-08,5.474193920553584e-44,1.0280274339474098e-43,0.010167110361902069,0.013035386670966266,5.469302699914729e-31,9.999999999996445e-31,0.0021498682280342084,0.004338825084219997,3.065019488745583e-15,6.038196034772599e-15
0.04,569.6659383902286,15.901498785446678,0.05514553593598669,0.7515627466144212,0.00016112631244519468,1.4866960460753044e-05,6.154859756635898e-14,2.839513151351679e-15,7.029193301765053e-15,5.147110781053283e-15,0.297973613643978,0.4363809994729287,3.949547345200796e-11,3.074257397535486e-11,0.22380849122576862,0.18453383895697315,1.7961058077315913e-06,2.7132511967199042e-06,0.00013115417429997191,0.00020417615251494008,2.159422283043852e-18,1.386333016091785e-18,3.9492461894739504e-07,2.7175830865841274e-07,0.44256228479372517,0.3249564598490236,0.0014988202501547078,0.0019214445312447296,0.008381246504302504,0.01688166606061392,4.4881059316379786e-13,5.960679433525391e-13,0.00010282266820892267,0.0001413030514111612,1.7708117558133075e-06,2.5969118210156346e-06,0.004208211410086175,0.005403280740692587,2.761148853608989e-10,3.672658175824687e-10,0.008851649372219305,0.012182118545271237,8.557318795508707e-25,1.6069184394501703e-24,1.9954577189129023e-29,1.2792424117303074e-29,1.313499116466749e-09,9.632495358496275e-10,9.035507255598175e-21,1.2001763581166045e-20,1.5624454906498515e-22,1.8605612645995265e-22,1.9843772367624646e-08,2.45454613653525e-08,5.693224728388218e-44,1.0691946770953222e-43,0.010166784150163801,0.013035386670966272,5.469127217336367e-31,9.99999999999646e-31,0.0021498121790627274,0.004338851179242903,3.1684802778193393e-15,6.242217704295267e-15
0.041,570.1378420353915,15.892089269068254,0.05517818694963262,0.7696858502407294,0.0001579722831720818,1.457641011625319e-05,6.128130366569365e-14,2.8272725972971987e-15,7.114239197052001e-15,5.209552962364263e-15,0.29787402012405795,0.4362491732332164,3.982435126551989e-11,3.099956343630492e-11,0.22395992754489788,0.18466463880235762,1.796369389328822e-06,2.7137366338111308e-06,0.0001299860624073454,0.00020236418469524512,2.2001619279997262e-18,1.412532985978604e-18,3.9769580854797765e-07,2.736740394076105e-07,0.44246426657182747,0.32489493615218734,0.0015135092602439296,0.001940337813923431,0.008385202959762323,0.01689017834853512,4.550154286134485e-13,6.04328053939622e-13,0.00010333480784122162,0.00014201142083351806,1.784001890749438e-06,2.6163394068544664e-06,0.004291800615047411,0.005510785238893093,2.777210591641992e-10,3.694140996897484e-10,0.008799766873883433,0.012111104489704112,8.86309244896607e-25,1.6643910336650457e-24,2.0543839360514442e-29,1.3170610163516743e-29,1.3134560966304497e-09,9.632489616249033e-10,9.018505755866381e-21,1.1979565893156137e-20,1.600602836257035e-22,1.9060603516518548e-22,1.9843135054821016e-08,2.454546233389753e-08,5.923622777202479e-44,1.1124994904057805e-43,0.010166457227332303,0.013035386670966268,5.46895135223199e-31,9.999999999996454e-31,0.0021497561277746308,0.004338877574747711,3.275200911648972e-15,6.4526753388412444e-15
0.042,570.6144272157095,15.882601034904194,0.05521115028840665,0.7877981336250874,0.00015484978535892685,1.4288751654737314e-05,6.101596625518539e-14,2.8151217219104657e-15,7.201982771363139e-15,5.273975027867276e-15,0.29777365242563314,0.43611623540509403,4.0159324977660616e-11,3.1261316873804494e-11,0.22411253659589792,0.18479642708667604,1.7966466933011183e-06,2.7142430242277002e-06,0.0001288205236977963,0.00020055612057256447,2.2419636247828305e-18,1.43941661562872e-18,4.005043598485214e-07,2.7561562404809197e-07,0.4423651777729881,0.32483264526339806,0.001528364375429661,0.00195944540553548,0.008389229943573426,0.016898834443896994,4.613495192712299e-13,6.127604146110401e-13,0.00010385095750677004,0.00014272535698043213,1.797373310462608e-06,2.636034300927668e-06,0.004375734485229493,0.005618739620924069,2.793519474556466e-10,3.715954215007508e-10,0.008747937470720396,0.012040159792708387,9.18166735826926e-25,1.7242714578457765e-24,2.1161201665247574e-29,1.356683700248703e-29,1.313412966006028e-09,9.632483740160307e-10,9.001863203412938e-21,1.195784443677854e-20,1.640215757615536e-22,1.9532959149022612e-22,1.984249636142265e-08,2.454546332501758e-08,6.166110674239753e-44,1.1580778050959538e-43,0.010166129587840939,0.013035386670966265,5.468775101607092e-31,9.999999999996457e-31,0.0021497000758064046,0.004338904276447839,3.3853266299482578e-15,6.669855762070442e-15
0.043000000000000003,571.0957844928137,15.873032662110834,0.05524443194790773,0.8058995053785872,0.00015175889581203682,1.4003992390718335e-05,6.075278138368299e-14,2.8030695784246445e-15,7.292520979575159e-15,5.340448187603527e-15,0.29767249595115325,0.43598216472854523,4.050058989154218e-11,3.152798685749219e-11,0.22426634052144928,0.18492922230060188,1.796939171267081e-06,2.714772564765324e-06,0.00012765764333735262,0.00019875209285477512,2.284865740308448e-18,1.4670086113456536e-18,4.0335126627948123e-07,2.775837493255144e-07,0.4422649984445556,0.32476957263388906,0.0015433886535531358,0.001978771252447416,0.008393329010685919,0.01690763750466349,4.678175764715967e-13,6.213713019247446e-13,0.0001043713329853269,0.00014344515718716624,1.810930037090729e-06,2.6560024338766726e-06,0.004460018573158074,0.005727151086523958,2.8100838349224624e-10,3.7381089532922975e-10,0.008696163025031128,0.011969287016252739,9.513682257512553e-25,1.7866799134745275e-24,2.1808388321074837e-29,1.398221193408408e-29,1.3133697233361805e-09,9.632477726643779e-10,8.985613088454052e-21,1.1936643749468136e-20,1.681361614932243e-22,2.002360262912203e-22,1.9841856276280138e-08,2.454546433931775e-08,6.421463585235857e-44,1.20607544249846e-43,0.01016580122572778,0.013035386670966256,5.468598462254506e-31,9.999999999996456e-31,0.0021496440248023017,0.004338931290242014,3.4990102053617243e-15,6.894060680208712e-15
0.044,571.582007427404,15.863382682849291,0.055278038123417146,0.8239898724384191,0.0001486996880288839,1.3722139335481917e-05,6.049195544508369e-14,2.7911256987034346e-15,7.385955311697622e-15,5.409046983341472e-15,0.297570535608009,0.4358469392341492,4.084835189802816e-11,3.1799734223199926e-11,0.2244213622054505,0.1850630435573301,1.797248355291012e-06,2.7153275741735756e-06,0.00012649751284114858,0.00019695224415840014,2.3289086603139256e-18,1.4953349792897068e-18,4.0623757695159976e-07,2.7957914042247533e-07,0.4421637080085387,0.324705703267648,0.0015585852692217045,0.0019983194514716384,0.008397501766042738,0.016916590790745617,4.744244316778267e-13,6.301671529371072e-13,0.00010489613219921758,0.0001441710942943349,1.8246762343694263e-06,2.676249945070725e-06,0.004544658640614061,0.0058360271057821345,2.8269124891444034e-10,3.7606169803288987e-10,0.008644445417267757,0.01189848874800999,9.85981483929936e-25,1.8517439355382055e-24,2.248725302497008e-29,1.4417925427739602e-29,1.31332636728894e-09,9.632471571990218e-10,8.969790871968853e-21,1.191601099318618e-20,1.7241230433418786e-22,2.0533519993393704e-22,1.984121478738456e-08,2.4545465377423543e-08,6.6905137058669005e-44,1.2566489556395589e-43,0.010165472134582163,0.013035386670966277,5.468421430725669e-31,9.999999999996477e-31,0.0021495879764107076,0.004338958622229814,3.616412393433876e-15,7.125607571377978e-15
0.045,572.0731928275097,15.853649578022031,0.05531197522648308,0.8420691400094171,0.0001456722325184173,1.344319922662859e-05,6.023370478501903e-14,2.7793000751895806e-15,7.482392028348133e-15,5.479849461679e-15,0.2974677557693964,0.43571053618789196,4.120282692290758e-11,3.207672764428328e-11,0.2245776253401201,0.18519791064904145,1.7975758392861994e-06,2.7159104650945677e-06,0.00012534022537565086,0.00019515671969646108,2.374134836942252e-18,1.5244230562784179e-18,4.0916439215753457e-07,2.816025578713789e-07,0.4420612852047859,0.324641021681302,0.0015739575187933557,0.0020180942563009924,0.008401749868401144,0.016925697671811096,4.811750534515559e-13,6.391545877808419e-13,0.00010542553874266078,0.00014490342149603148,1.8386162194845043e-06,2.696783200049932e-06,0.004629660680221053,0.005945375446968571,2.8440147101138934e-10,3.7834906738926835e-10,0.008592786545409823,0.011827767600551781,1.0220784265279327e-24,1.9195988653564675e-24,2.319979038478081e-29,1.4875258466776487e-29,1.3132828964495885e-09,9.63246527235904e-10,8.954433966806787e-21,1.1895995929840584e-20,1.7685883584471973e-22,2.1063765070542543e-22,1.984057188176419e-08,2.4545466439982713e-08,6.974155199545871e-44,1.3099665585916981e-43,0.010165142307490885,0.013035386670966277,5.468244003301689e-31,9.999999999996477e-31,0.00214953193228192,0.00433898627873015,3.737702429091443e-15,7.364830666780951e-15
0.046,572.5694405452949,15.843831781681429,0.05534624987137031,0.8601372115106316,0.0001426765953124394,1.3167178390531892e-05,5.997825434747528e-14,2.767603098519717e-15,7.581942271399434e-15,5.552937255705136e-15,0.2973641403109656,0.435572932142284,4.156424036484494e-11,3.2359143195362414e-11,0.22473515437402822,0.18533384400319505,1.797923262563118e-06,2.716523719207941e-06,0.0001241858734153014,0.0001933656636287658,2.4205888260354632e-18,1.5543015339719928e-18,4.121328587464868e-07,2.8365479437637454e-07,0.441957708136322,0.3245755119355254,0.0015895088108596655,0.0020381000653294863,0.00840607502806983,0.01693496162265629,4.880745562670407e-13,6.483404214078649e-13,0.00010595972391403858,0.00014564237512962474,1.8527544575433847e-06,2.717608782449264e-06,0.004715030896625366,0.006055204152415417,2.8614001906900723e-10,3.8067429724671415e-10,0.00854118832731015,0.011757126214502318,1.0597353637161371e-24,1.990388316070811e-24,2.3948147664901725e-29,1.5355590095495462e-29,1.3132393093282662e-09,9.632458823781352e-10,8.939581555995548e-21,1.1876650680290231e-20,1.8148519759409353e-22,2.1615464491108745e-22,1.983992754559258e-08,2.45454675276647e-08,7.273349257172317e-44,1.3662090789172522e-43,0.010164811737093967,0.013035386670966284,5.468066176023333e-31,9.999999999996475e-31,0.002149475894074186,0.004339014266269753,3.863058448889513e-15,7.612081785748534e-15
0.047,573.0708538948832,15.833927673587809,0.055380868902895695,0.8781939885134156,0.0001397128391639402,1.2894082852933445e-05,5.972583845665407e-14,2.756045593695805e-15,7.684722412600201e-15,5.628395841052887e-15,0.29725967254161867,0.4354341028383044,4.193282720168354e-11,3.264716443677528e-11,0.22489397462157687,0.1854708647744576,1.7982923039927238e-06,2.717169878446864e-06,0.0001230345460866064,0.0001915792149274485,2.468317390260939e-18,1.585000525360028e-18,4.151441697355071e-07,2.8573667455456033e-07,0.441852954174594,0.32450915756794174,0.001605242677963065,0.0020583414367260533,0.008410479013276684,0.01694438623619353,4.951282215942345e-13,6.577316916414192e-13,0.00010649884977588652,0.00014638817888069038,1.8670955800456192e-06,2.7387335211605747e-06,0.004800775741895093,0.00616552158410632,2.879079052005362e-10,3.8303873864327906e-10,0.00848965270015662,0.0116865672578825,1.0990333143344115e-24,2.064264765160783e-24,2.4734639266772944e-29,1.5860406721699104e-29,1.3131956043476561e-09,9.632452222146722e-10,8.9252747552034e-21,1.1858029940706645e-20,1.8630149201917786e-22,2.2189823758163403e-22,1.9839281764031507e-08,2.4545468641162767e-08,7.589130153458936e-44,1.4255710975337574e-43,0.010164480415503203,0.013035386670966306,5.467887944647219e-31,9.999999999996494e-31,0.002149419863451027,0.004339042591612563,3.992668105384166e-15,7.867731549670793e-15
0.048,573.5775397247013,15.823935578421224,0.05541583940121095,0.8962393706786119,0.00013678102325629242,1.2623918312008925e-05,5.94767008192727e-14,2.744638820267606e-15,7.79085431118063e-15,5.706314725303461e-15,0.29715433519241624,0.4352940231889112,4.230883208585493e-11,3.2940982490327e-11,0.2250541122814732,0.1856089948600964,1.7986846785516244e-06,2.717851539789496e-06,0.00012188632814525642,0.00018979750578298248,2.5173695979065943e-18,1.6165516284708677e-18,4.1819956378926273e-07,2.8784905458442995e-07,0.44174699994315364,0.3244419415809848,0.0016211627771677572,0.002078823089202769,0.00841496365187714,0.016953975226916725,5.023415128818957e-13,6.673356791256897e-13,0.00010704307102213845,0.0001471410463480558,1.8816443901051104e-06,2.760164498045347e-06,0.004886901920123467,0.006276336429678391,2.8970618445380405e-10,3.85443799960578e-10,0.008438181621969375,0.01161609342815847,1.1400583277717675e-24,2.141390160631966e-24,2.5561761639032487e-29,1.6391311696589127e-29,1.3131517798424474e-09,9.632445463198198e-10,8.911556646117383e-21,1.1840191027379543e-20,1.913185357311726e-22,2.278813361074983e-22,1.983863452123363e-08,2.4545469781194806e-08,7.922611618079935e-44,1.4882621479513603e-43,0.010164148334303206,0.013035386670966312,5.467709304646362e-31,9.999999999996494e-31,0.00214936384208482,0.004339071261766555,4.126729139692253e-15,8.13217051374584e-15
0.049,574.0896084862162,15.813853765087192,0.055451168686335935,0.9142732556929491,0.00013388120293867943,1.2356690113848623e-05,5.923109468181232e-14,2.7333944796657103e-15,7.900465592424153e-15,5.786787652790426e-15,0.2970481104058053,0.43515266726289303,4.269250958139247e-11,3.3240796225314597e-11,0.22521559445382383,0.18574825691418914,1.7991021354518864e-06,2.718571352443306e-06,0.00012074129948406902,0.0001880206608364349,2.5677969368768482e-18,1.6489879998573384e-18,4.2130032553771103e-07,2.8999282243099507e-07,0.4416398213022862,0.3243738464303605,0.0016372728908081455,0.0020995499030106823,0.008419530833062476,0.01696373243436311,5.097200906872727e-13,6.771599274743932e-13,0.00010759253656447714,0.00014790118322317245,1.8964058676068796e-06,2.7819090555527677e-06,0.004973416391440571,0.006387657707664456,2.9153595557077833e-10,3.8789094794556924e-10,0.008386777073338425,0.011545707454618477,1.1829018344366988e-24,2.2219365810402687e-24,2.643220999378996e-29,1.6950036054905078e-29,1.3131078340592065e-09,9.632438542527643e-10,8.898472334109638e-21,1.1823193953803308e-20,1.9654791870632835e-22,2.341177708956314e-22,1.983798580035107e-08,2.454547094850445e-08,8.274993820447025e-44,1.554508031040038e-43,0.010163815484555383,0.013035386670966324,5.467530251212328e-31,9.999999999996492e-31,0.002149307831660718,0.004339100283990042,4.265449994365901e-15,8.40581037842925e-15
0.05,574.6071745756393,15.803680440865769,0.05548686434087754,0.9322955391987643,0.00013101343050749922,1.2092403324547797e-05,5.898928390743647e-14,2.7223247649947923e-15,8.013690047671206e-15,5.869912898432964e-15,0.2969409796784883,0.43501000820330055,4.3084124729021006e-11,3.3546812700248136e-11,0.22537844922796219,0.18588867442124418,1.799546461924513e-06,2.7193320235879545e-06,0.00011959953450176135,0.0001862487961959171,2.619653467060432e-18,1.6823444527518638e-18,4.244477879117888e-07,2.9216889946179996e-07,0.4415313932723832,0.3243048539703734,0.0016535769366026996,0.002120526932958546,0.008424182512926742,0.016973661834448078,5.172698337273066e-13,6.8721227129478e-13,0.00010814739146441897,0.00014866878994604339,1.9113851851218605e-06,2.803974820137858e-06,0.005060326399473311,0.006499494802891308,2.933983638654954e-10,3.9038171155350135e-10,0.008335441058163777,0.011475412099443156,1.2276610499829977e-24,2.3060869966516816e-24,2.7348897291601424e-29,1.753845071234274e-29,1.3130637651476579e-09,9.63243145556333e-10,8.886069157818441e-21,1.1807101709703176e-20,2.0200207114300002e-22,2.4062237517499485e-22,1.983733558343047e-08,2.4545472143862796e-08,8.647571311786466e-44,1.6245523099287518e-43,0.010163481856743404,0.013035386670966308,5.467350779225905e-31,9.999999999996477e-31,0.002149251833877336,0.004339129665816364,4.409050549676786e-15,8.689085444415713e-15
0.051000000000000004,575.1303561924105,15.793413754784961,0.05552293420054442,0.9503061147275733,0.00012817775406293326,1.1831062624514602e-05,5.875154277418806e-14,2.7114423517944753e-15,8.130667880973404e-15,5.9557934492459025e-15,0.2968329238858445,0.4348660182607705,4.3483953359012815e-11,3.385924740792684e-11,0.2255427056441845,0.18603027166389094,1.8000194832640146e-06,2.7201363184408386e-06,0.00011846110272828919,0.00018448202040772493,2.6729959462493664e-18,1.7166575382411015e-18,4.276433328055201e-07,2.943782409082691e-07,0.44142169006647175,0.32423494547601917,0.0016700789617883557,0.002141759400920258,0.008428920713325632,0.016983767537108556,5.249968503417766e-13,6.975008514722838e-13,0.00010870777755622262,0.00014944406256036736,1.926587705064656e-06,2.8263696981387873e-06,0.005147639456844379,0.0066118574479236015,2.9529460191249347e-10,3.9291768287437263e-10,0.008284175606314432,0.01140521016129616,1.2744393728786126e-24,2.394036018242283e-24,2.8314974113538115e-29,1.8158579234308302e-29,1.3130195711674517e-09,9.632424197570208e-10,8.874396688793568e-21,1.1791980261042237e-20,2.0769433308746317e-22,2.474110681151597e-22,1.983668385151484e-08,2.4545473368068593e-08,9.041741245763636e-44,1.6986578575400456e-43,0.01016314744082539,0.01303538667096631,5.467170883285149e-31,9.999999999996475e-31,0.002149195850454144,0.004339159415046636,4.5577627670672846e-15,8.982453884906163e-15
0.052000000000000005,575.6592756865019,15.783051791736034,0.055559386377230256,0.9683048736269305,0.00012537421828612055,1.1572672380168496e-05,5.851815715594509e-14,2.7007604526453717e-15,8.251546164173922e-15,6.0445373386340604e-15,0.2967239232237349,0.4347206687103128,4.389228283249579e-11,3.417832485455573e-11,0.2257083937825101,0.1861730737972595,1.8005230681097306e-06,2.7209870682647676e-06,0.00011732606860393087,0.0001827204341116757,2.727884014344869e-18,1.75196566391144e-18,4.3088839434697377e-07,2.966218381261476e-07,0.441310685012634,0.3241641015875492,0.0016867831537481792,0.002163252709515181,0.008433747527612894,0.01699405379797986,5.329075008389775e-13,7.080341449246731e-13,0.00010927383502224615,0.0001502271948797893,1.9420189961296253e-06,2.8491018999657596e-06,0.0052353633725907706,0.006724755758416234,2.9722591315552007e-10,3.955005219495529e-10,0.00823298277475635,0.011335104476927024,1.323346865880776e-24,2.485990803711757e-24,2.9333852102201807e-29,1.8812612896461712e-29,1.3129752500795972e-09,9.632416763637158e-10,8.863506962348841e-21,1.1777898857385981e-20,2.136390360312015e-22,2.545009522266529e-22,1.983603058454176e-08,2.454547462195011e-08,9.459013021706224e-44,1.7771086717455908e-43,0.01016281222618086,0.013035386670966282,5.46699055767688e-31,9.999999999996456e-31,0.002149139883132632,0.004339189539774764,4.711831543529822e-15,9.286399433967769e-15
0.053,576.1940598517125,15.772592567678085,0.05559622927849383,0.9862917049818193,0.00012260286488183922,1.131723668475546e-05,5.828942577470173e-14,2.6902928750749797e-15,8.376479288323386e-15,6.136257978072986e-15,0.29661395715939987,0.4345739297808191,4.4309412845146087e-11,3.45042791875405e-11,0.22587554483705977,0.186317106911273,1.8010591358529062e-06,2.721887181586418e-06,0.00011619449160401922,0.00018096413023440013,2.7843803840800676e-18,1.7883092167058417e-18,4.3418446249907597e-07,2.9890072108322906e-07,0.44119835048901374,0.32409230226383856,0.0017036938489679737,0.0021850124536463176,0.008438665125697676,0.01700452502868472,5.410084187136844e-13,7.188209928638448e-13,0.00010984570361982148,0.00015101838017530811,1.957684847845047e-06,2.872179961531333e-06,0.005323506274638951,0.006838200262119399,2.991935958300266e-10,3.981319620066088e-10,0.008181864648997941,0.01126509792319466,1.37450076379067e-24,2.582172014266332e-24,3.0409229339487627e-29,1.9502926990619646e-29,1.3129307997397725e-09,9.632409148665314e-10,8.853454721695941e-21,1.1764930356966253e-20,2.1985159037507505e-22,2.619104177715775e-22,1.983537576126835e-08,2.4545475906367663e-08,9.901018716278153e-44,1.8602118390479296e-43,0.010162476201571397,0.013035386670966261,5.466809796355481e-31,9.99999999999643e-31,0.0021490839336786834,0.004339220048409151,4.87151558502669e-15,9.60143311279871e-15
0.054,576.7348397528262,15.7620340336992,0.05563347159599421,1.0042664955406742,0.00011986373126708382,1.1064759237137384e-05,5.806565999086999e-14,2.6800540119715574e-15,8.505629278163941e-15,6.231074388494571e-15,0.2965030044609635,0.4344257706955262,4.4735655925224874e-11,3.483735458507372e-11,0.2260441910693425,0.18646239799126807,1.8016296575380687e-06,2.722839645558695e-06,0.0001150664272737565,0.00017921319559832978,2.8425510104941348e-18,1.8257306721445657e-18,4.3753308460464943e-07,3.012159594295344e-07,0.4410846579638869,0.3240195268097884,0.0017208155264514051,0.002207044412087668,0.008443675752533266,0.017015185793723898,5.493065231727969e-13,7.298706175076344e-13,0.00011042352275776936,0.00015181781127998706,1.9735912668792875e-06,2.8956127388853084e-06,0.00541207659248925,0.006952201876711869,3.011990042706894e-10,4.008138112116982e-10,0.008130823345774373,0.01119519342068725,1.4280259948123559e-24,2.6828147963492837e-24,3.1545117827363597e-29,2.023209848281066e-29,1.3128862179060263e-09,9.632401347368848e-10,8.844297424180282e-21,1.175315123556068e-20,2.2634857995702905e-22,2.6965925560972065e-22,1.9834719359385057e-08,2.4545477222212555e-08,1.0369524196207797e-43,1.9482996266322454e-43,0.010162139355199266,0.013035386670966246,5.466628592974478e-31,9.999999999996408e-31,0.0021490280038905327,0.004339250949663767,5.0370882255552605e-15,9.928094849164878e-15
0.055,577.2817512628103,15.751374066689117,0.055671122341215476,1.0222291296307662,0.00011715685187002122,1.0815243461701153e-05,5.78471857730446e-14,2.6700589326343225e-15,8.639166392645136e-15,6.3291116413683184e-15,0.29639104310732245,0.4342761595435584,4.5171338510920404e-11,3.517780609746513e-11,0.22621436594574781,0.18660897503328147,1.8022366660809856e-06,2.7238475414440715e-06,0.00011394192689990626,0.00017746771041054886,2.9024653332088424e-18,1.8642747503593036e-18,4.4093587048770074e-07,3.035686660205026e-07,0.4409695778759763,0.32394575379109847,0.0017381528249642178,0.0022293545696654396,0.00844878173670401,0.017026040827964484,5.578090470366041e-13,7.411926592367103e-13,0.00011100743305571605,0.00015262568273461842,1.989744501638379e-06,2.9194094444011577e-06,0.0055010831000743875,0.007066771965030764,3.032435545282613e-10,4.0354796016301225e-10,0.008079861014183258,0.011125393935375434,1.484055804880064e-24,2.788169957281209e-24,3.274587527567047e-29,2.1002926437926347e-29,1.3128415022246756e-09,9.632393354256253e-10,8.836095612239187e-21,1.1742642080246597e-20,2.3314787042640687e-22,2.777687865698257e-22,1.9834061355344328e-08,2.4545478570411143e-08,1.0866442113160558e-43,2.041731928543257e-43,0.010161801674618033,0.013035386670966268,5.466446940838432e-31,9.999999999996422e-31,0.002148972095598627,0.0043392822525961305,5.208838514674715e-15,1.0266955626507076e-14
0.056,577.8349350755924,15.740610469980624,0.05570919084626697,1.0401794890743195,0.00011448225741866235,1.056869244258218e-05,5.763434415232199e-14,2.6603234038627982e-15,8.777269563811578e-15,6.430501181404817e-15,0.29627805028638243,0.4341250632761807,4.561680171189532e-11,3.552590024235963e-11,0.22638610413879107,0.1867568670449495,1.8028822592432963e-06,2.724914049124031e-06,0.00011282103829837463,0.0001757277494876333,2.9641964925821573e-18,1.9039885553648848e-18,4.4439449540917157e-07,3.059599989606246e-07,0.44085307963309245,0.32387096103243385,0.0017557105427829494,0.0022519491169805906,0.00845398549162663,0.017037095039064032,5.665235543037978e-13,7.527972000174258e-13,0.00011159757658771348,0.00015344219112317786,2.006151046320885e-06,2.943579652798082e-06,0.005590534913987315,0.007181922332906637,3.0532872724787487e-10,4.0633638573712855e-10,0.008028979838024058,0.011055702481799993,1.5427323928533141e-24,2.89850516155535e-24,3.4016240077828354e-29,2.1818454493366623e-29,1.3127966502323656e-09,9.632385163625794e-10,8.828913036950244e-21,1.1733487754329426e-20,2.402687260469962e-22,2.86262000888736e-22,1.9833401724401253e-08,2.4545479951925113e-08,1.1393845688696498e-43,2.1408988608326404e-43,0.010161463146753176,0.01303538667096627,5.466264832914021e-31,9.999999999996426e-31,0.002148916210671791,0.004339313966610999,5.3870722271643075e-15,1.0618619479950258e-14
0.057,578.3945370000489,15.729740968728763,0.05574768678341224,1.0581174530993587,0.00011183997521371832,1.032510894879948e-05,5.742749252695011e-14,2.650863950318531e-15,8.920126973330862e-15,6.535381250216557e-15,0.2961640023460158,0.43397244763624554,4.607240231543696e-11,3.588191579080265e-11,0.2265594416012871,0.18690610410763883,1.8035686076719721e-06,2.726042459280544e-06,0.00011170380599418328,0.0001739933825353177,3.0278215864445644e-18,1.9449217404428143e-18,4.479107044622701e-07,3.083911646404993e-07,0.44073513154759053,0.32379512557101653,0.0017734936468641578,0.0022748344622282347,0.008459289520791611,0.017048353518134895,5.754579647851549e-13,7.646947962277764e-13,0.00011219409768227181,0.00015426753617430136,2.022817656379514e-06,2.968133323919367e-06,0.005680441515390991,0.0072976652574639,3.074560723229181e-10,4.0918115730167566e-10,0.007978182037647987,0.010986122125649833,1.6042076277193021e-24,3.014106281500205e-24,3.536136984824736e-29,2.268199562229362e-29,1.312751659349548e-09,9.632376769552928e-10,8.822816927788074e-21,1.172577775669466e-20,2.477319397691129e-22,2.9516371349242484e-22,1.983274044054267e-08,2.454548136775378e-08,1.1953984298671021e-43,2.2462236954125053e-43,0.010161123757864916,0.013035386670966249,5.466082261810052e-31,9.999999999996394e-31,0.002148860351020459,0.004339346101482889,5.572113038958427e-15,1.0983725820599773e-14
0.058,578.9607082989874,15.718763204514588,0.055786620187588606,1.0760428982444021,0.00010923002947697413,1.0084495466372102e-05,5.722700616528692e-14,2.641697924056402e-15,9.067936682621554e-15,6.643897349357316e-15,0.2960488747375151,0.4338182770769312,4.6538513909560974e-11,3.6246144644613813e-11,0.22673441565191127,0.18705671744812383,1.8042979624729508e-06,2.7272361848781075e-06,0.00011059027140778019,0.000172264674438175,3.093421950927992e-18,1.9871266890421183e-18,4.514863175128637e-07,3.1086342115019174e-07,0.44061570076194834,0.3237182236031763,0.001791507283565801,0.002298017245013241,0.008464696423736665,0.017059821551899064,5.846205805561469e-13,7.768965139090136e-13,0.00011279714370878748,0.00015510192184442059,2.0397513661212946e-06,2.9930808286571096e-06,0.005770812775332132,0.0074140135198094296,3.096272141296853e-10,4.1208444370276955e-10,0.007927469872040923,0.010916655986667858,1.6686438341735143e-24,3.1352788767298695e-24,3.6786885371404906e-29,2.3597160373673945e-29,1.3127065268728335e-09,9.632368165876297e-10,8.817878300720861e-21,1.1719606632205471e-20,2.5555997785849037e-22,3.0450073665621283e-22,1.9832077476402385e-08,2.4545482818936567e-08,1.2549300773037322e-43,2.3581661169011673e-43,0.010160783493503764,0.013035386670966246,5.465899219753574e-31,9.999999999996403e-31,0.0021488045185998525,0.00433937866738157,5.7643038056151895e-15,1.1362951962511079e-14
0.059000000000000004,579.5336058047687,15.707674734208185,0.0558260014640609,1.0939556982618595,0.00010665244086491637,9.84685415332512e-06,5.703327903853377e-14,2.6328435431198654e-15,9.220907220703523e-15,6.756202672466523e-15,0.29593264199666486,0.4336625147336425,4.701552788110317e-11,3.6618892616447187e-11,0.22691106500293515,0.18720873946174166,1.8050726601855921e-06,2.728498768707385e-06,0.00010948047341267696,0.00017054168612697709,3.1610834433497006e-18,2.030658697034648e-18,4.551232332049153e-07,3.133780810483084e-07,0.4404947532247045,0.3236402304664394,0.0018097567818698525,0.0023215043405404,0.00847020889885895,0.017071504628398616,5.940201089784309e-13,7.894139594626159e-13,0.00011340686530134631,0.0001559455566267956,2.0569594976307108e-06,3.0184329621375866e-06,0.005861658961325302,0.007530980413635042,3.1184385558487443e-10,4.1504851868557935e-10,0.007876845641144695,0.010847307241835608,1.7362146328979182e-24,3.2623497766945216e-24,3.8298918867334837e-29,2.4567887887291488e-29,1.3126612499740144e-09,9.632359346189612e-10,8.81417216020679e-21,1.1715074241120828e-20,2.6377713907796787e-22,3.1430207004235817e-22,1.9831412803263608e-08,2.4545484306553758e-08,1.3182450362699088e-43,2.4772257934470285e-43,0.010160442338511377,0.013035386670966254,5.4657156985902794e-31,9.99999999999641e-31,0.002148748715415692,0.004339411674883285,5.964007876652153e-15,1.1757015720908605e-14
0.06,580.1133919305163,15.696473030825238,0.05586584138913377,1.111855724022404,0.00010410722565827853,9.612186764748603e-06,5.684672445040375e-14,2.6243199207663772e-15,9.379258157808778e-15,6.872458527071523e-15,0.29581527774239347,0.4335051224208324,4.7503854330296074e-11,3.700048014492241e-11,0.22708942976112964,0.18736220371305698,1.8058951261014903e-06,2.7298338884227412e-06,0.00010837444892074562,0.00016882447548899614,3.2308967263025432e-18,2.0755761557846114e-18,4.588234323046035e-07,3.1593651367580176e-07,0.44037225368977573,0.323561120638167,0.0018282476530545558,0.0023453028592472693,0.008475829744725764,0.017083408439648683,6.03665684025305e-13,8.022593080992279e-13,0.00011402341635859135,0.0001567986535523856,2.074449665682077e-06,3.044200951018994e-06,0.005952990735354887,0.007648579742782093,3.141077816027025e-10,4.1807576551633355e-10,0.007826311688182505,0.01077807912854389,1.8071058328934002e-24,3.39566876139778e-24,3.9904167486708455e-29,2.559848027030169e-29,1.3126158257020272e-09,9.632350303836599e-10,8.811777670879906e-21,1.1712285988268845e-20,2.724097283308765e-22,3.2459910801158425e-22,1.983074639110005e-08,2.4545485831727944e-08,1.3856321486834543e-43,2.603946282931363e-43,0.010160100277041048,0.013035386670966244,5.465531689795588e-31,9.999999999996405e-31,0.0021486929435306236,0.004339445134975087,6.1716104494549216e-15,1.2166678089003754e-14
0.061,580.7002356845409,15.685155465683271,0.05590615117761598,1.1297428433989993,0.00010159439815849019,9.380494874127957e-06,5.666777857102409e-14,2.616147228828711e-15,9.543221142336783e-15,6.992835096143431e-15,0.29569675450708693,0.43334606039037005,4.800392393467769e-11,3.7391243750099167e-11,0.2272695516874103,0.18751714515358447,1.80676789002649e-06,2.731245380443215e-06,0.00010727223188743093,0.0001671130958201749,3.3029576855318173e-18,2.121940821251382e-18,4.625889866664228e-07,3.185401513477467e-07,0.44024816549087337,0.32348086757510053,0.0018469856240471655,0.002369420189689893,0.00848156187606804,0.017095538914211894,6.135669121713695e-13,8.154453649565554e-13,0.00011464695608080426,0.0001576614329952911,2.092229823698186e-06,3.0703965210864967e-06,0.006044819234360575,0.007766825924934587,3.164208690977316e-10,4.2116869032611633e-10,0.007775870402119343,0.010708974948154978,1.8815165327409078e-24,3.5356106351684e-24,4.160995656484657e-29,2.6693643242414883e-29,1.3125702509559377e-09,9.632341031876692e-10,8.81077882764471e-21,1.1711353714990025e-20,2.8148626012456325e-22,3.3542588252154267e-22,1.9830078208243005e-08,2.4545487395629845e-08,1.4574060430801747e-43,2.7389196825259934e-43,0.01015975729238477,0.013035386670966216,5.46534718438159e-31,9.999999999996407e-31,0.002148637205062955,0.0043394790591262675,6.3875204237338964e-15,1.2592746902492186e-14
0.062,581.29431226323,15.673719317249839,0.055946942455695425,1.147616921161013,9.911396832540698e-05,9.151779655047497e-06,5.649689998487173e-14,2.608346677015564e-15,9.713040408801536e-15,7.117511811999917e-15,0.29557704380544436,0.43318528742759455,4.851618872928331e-11,3.779153664413608e-11,0.22745147408942545,0.18767360003158134,1.807693585472923e-06,2.732737238735211e-06,0.00010617385481167194,0.00016540759815878293,3.377367730447722e-18,2.1698180076982774e-18,4.6642206133938247e-07,3.2119049081412223e-07,0.4401224506352065,0.3233994437786326,0.0018659766230768422,0.0023938639801809533,0.008487408319182203,0.01710790220780751,6.237338875320192e-13,8.289855853407883e-13,0.00011527764786035728,0.00015853412114718167,2.1103082524494376e-06,3.097031880747904e-06,0.006137156033398904,0.007885733944380266,3.187850887080418e-10,4.2432992442546826e-10,0.007725524220163281,0.010639998069324249,1.9596601566340914e-24,3.682577178239294e-24,4.342430602453863e-29,2.7858528809475767e-29,1.312524522499297e-09,9.632331523091059e-10,8.811264458529746e-21,1.1712395704022476e-20,2.910376707790134e-22,3.4681931649227026e-22,1.9829408221584735e-08,2.4545488999477102e-08,1.5339096581687865e-43,2.8827913802593153e-43,0.010159413367077931,0.013035386670966187,5.465162172953334e-31,9.999999999996378e-31,0.002148581502197516,0.0043395134592656755,6.612171859385386e-15,1.3036079722683752e-14
0.063,581.8958037491891,15.662161759382572,0.05598822730735653,1.1654778188549217,9.666594299695145e-05,8.926041993805044e-06,5.63345724205501e-14,2.6009406391697845e-15,9.888973789322414e-15,7.246678099450564e-15,0.2954561160181043,0.43302276068502477,4.9041123807320014e-11,3.8201730059928704e-11,0.22763524199939883,0.18783160604114177,1.8086749610354886e-06,2.734313632071737e-06,0.00010507934814850421,0.00016370803037116594,3.4542342300051096e-18,2.2192768684637718e-18,4.703249221014091e-07,3.238890984658576e-07,0.43999506964914403,0.32331682068462647,0.0018852268023092863,0.0024186421679200814,0.00849337222349045,0.017120504726850016,6.341772338317104e-13,8.428941306492554e-13,0.00011591566057248073,0.00015941695179585606,2.128693594035029e-06,3.1241197710486202e-06,0.00623001319958139,0.00800531942156945,3.212025132351867e-10,4.2756223556949586e-10,0.00767527563063234,0.010571151932052922,2.0417657182873103e-24,3.83699952708686e-24,4.5356008370042986e-29,2.909878538355383e-29,1.3124786369425958e-09,9.632321769956996e-10,8.813328774284427e-21,1.1715537411433793e-20,3.0109756518141997e-22,3.5881951840410615e-22,1.9828736396369455e-08,2.4545490644538614e-08,1.6155172310713257e-43,3.0362656810499523e-43,0.010159068482790417,0.01303538667096617,5.464976645650326e-31,9.99999999999637e-31,0.0021485258371878586,0.004339548347832784,6.846025978388066e-15,1.3497587793204943e-14
0.064,582.5048993677544,15.650479857925571,0.056030018291409044,1.1833253946811344,9.42503255864625e-05,8.703282461391124e-06,5.618130632838643e-14,2.593952726334768e-15,1.0071293608408846e-14,7.380534033537389e-15,0.295333940349324,0.43285843562081583,4.957922880014709e-11,3.862221440783818e-11,0.22782090223777543,0.18799120237548098,1.8097148875258392e-06,2.7359789148599855e-06,0.00010398874064691888,0.00016201443767735504,3.533670940490226e-18,2.270390671582953e-18,4.7429994136943443e-07,3.2663761442087065e-07,0.43986598152321427,0.32323296862340767,0.0019047425456771058,0.0024437629891179194,0.008499456866779541,0.017133353139103177,6.449081384549871e-13,8.571859137765219e-13,0.00011656116881262032,0.00016031016665407757,2.1473948683843878e-06,3.151673490018394e-06,0.0063234033094304795,0.008125598635619445,3.236753239694763e-10,4.3086853640711825e-10,0.007625127175919233,0.010502440051781609,2.128079156599517e-24,3.999340690144607e-24,4.7414715135374527e-29,3.0420613338133134e-29,1.3124325907386722e-09,9.632311764634214e-10,8.81707173116157e-21,1.1720911950276732e-20,3.117024870916825e-22,3.714701050261106e-22,1.9828062696153854e-08,2.4545492332136773e-08,1.7026375613012148e-43,3.2001119522298563e-43,0.010158722620305462,0.013035386670966154,5.4647905921350884e-31,9.99999999999638e-31,0.00214847021236271,0.0043395837377998734,7.089573161290143e-15,1.3978239986873819e-14
0.065,583.1217958842745,15.638670564771605,0.05607232846788376,1.2011595033640432,9.186711614729935e-05,8.483501319399013e-06,5.603764092103765e-14,2.5874078812237015e-15,1.0260287701248991e-14,7.51929108796854e-15,0.29521048476114403,0.43269226590383586,5.0131029544102655e-11,3.905340057837254e-11,0.2280085035131174,0.18815242981063246,1.810816365473927e-06,2.7377376385331645e-06,0.000102902059398235,0.00016032686272614193,3.6157984805506186e-18,2.3232371058370027e-18,4.783496049748243e-07,3.294377572079978e-07,0.43973514362569627,0.32314785675748947,0.001924530481353979,0.0024692349950881627,0.008505665662591533,0.01714645438871927,6.559383916696897e-13,8.718766514091049e-13,0.00011721435339596618,0.00016121401604951856,2.1664214959871515e-06,3.1797069261751306e-06,0.00641733947761844,0.00824658856147616,3.262058181093342e-10,4.3425189439004104e-10,0.0075750814556262615,0.010433866023745337,2.218864817962092e-24,4.170098339712835e-24,4.9611035472247803e-29,3.1830828364698435e-29,1.3123863801741842e-09,9.632301498946849e-10,8.822599482083365e-21,1.1728660691887583e-20,3.228922236370896e-22,3.8481856496478844e-22,1.9827387082717688e-08,2.4545494063650626e-08,1.7957176804350763e-43,3.3751715329887084e-43,0.010158375759472552,0.013035386670966148,5.464604001567826e-31,9.99999999999639e-31,0.002148414630131816,0.004339619642704094,7.343335165583651e-15,1.4479067191062145e-14
0.066,583.7466978429436,15.626730714964806,0.056115171413886715,1.2189799960187717,8.951631092510863e-05,8.266698478594286e-06,5.590414587116316e-14,2.5813324568686514e-15,1.0456260436829554e-14,7.663172887256169e-15,0.29508571593414856,0.432524203356356,5.069707970874324e-11,3.9495721215020984e-11,0.2281980964810842,0.1883153307548251,1.811982532428692e-06,2.7395945626334137e-06,0.00010181933014329405,0.0001586453460729095,3.7007448268471925e-18,2.3778986001214298e-18,4.824765184257087e-07,3.322913280977925e-07,0.43960251165175074,0.32306145304439515,0.0019445974888611921,0.002495067061450034,0.008512002165376694,0.017159815706718238,6.672804248213056e-13,8.869829149631741e-13,0.00011787540150433722,0.00016212875912936797,2.1857833146049185e-06,3.208234583194994e-06,0.006511835372571942,0.008368306890184515,3.287964155894451e-10,4.3771554089587196e-10,0.007525141129799251,0.010365433527432265,2.3144070640381028e-24,4.349807840325534e-24,5.195664551667665e-29,3.333693175934111e-29,1.3123400013657203e-09,9.632290964369695e-10,8.830024778861339e-21,1.1738933802220856e-20,3.3471014196672385e-22,3.989166606231843e-22,1.9826709516034944e-08,2.454549584051805e-08,1.895246929078775e-43,3.5623654109339e-43,0.010158027879191742,0.013035386670966135,5.464416862598008e-31,9.999999999996368e-31,0.002148359092993365,0.004339656076669282,7.60786746494805e-15,1.500116693240336e-14
0.067,584.379818325244,15.614657014277267,0.056158561274007354,1.2367867200037546,8.71979033217547e-05,8.052873587921483e-06,5.578142461880562e-14,2.5757543696428733e-15,1.0659534041976684e-14,7.812416179661677e-15,0.2949595991413457,0.4323541977733687,5.12779630026053e-11,3.994963243772211e-11,0.22838973393690248,0.18847994940978421,1.8132166758553075e-06,2.7415546743848967e-06,0.00010074057680631918,0.0001569699254540235,3.788645908991668e-18,2.4344627067129528e-18,4.8668341632643e-07,3.352002176120469e-07,0.43946803945650836,0.3229737241171732,0.001964950723538227,0.0025212684196376884,0.008518470083483453,0.017173444637428696,6.789473631593796e-13,9.025222009939796e-13,0.00011854450783681304,0.0001630546654471626,2.2054906180985078e-06,3.237271637081583e-06,0.00660690527382766,0.008490772102901178,3.3144966970801575e-10,4.4126288541549795e-10,0.0074753089230717605,0.010297146332392313,2.4150121079231823e-24,4.539045707114969e-24,5.446441488612221e-29,3.494719171735648e-29,1.3122934502416295e-09,9.632280151998693e-10,8.839467661942604e-21,1.1751891160684989e-20,3.472035718181134e-22,4.138208849768162e-22,1.98260299540642e-08,2.454549766424108e-08,2.0017616168456556e-43,3.762702996312231e-43,0.010157678957304081,0.01303538667096613,5.46422916330546e-31,9.999999999996373e-31,0.002148303603539092,0.0043396930544632485,7.883762000471295e-15,1.5545708815128664e-14
0.068,585.0213790046248,15.60244603995211,0.0562025127639275,1.2545795187741653,8.491188274603991e-05,7.842025928252884e-06,5.5670115720393335e-14,2.570703161852359e-15,1.0870449721196639e-14,7.967271660620386e-15,0.29483209823978,0.432182196908862,5.187429489009782e-11,4.041561518538402e-11,0.22858347082680253,0.1886463317802496,1.8145222373356523e-06,2.7436231950865492e-06,9.966582216428103e-05,0.00015530063682833432,3.8796461782646115e-18,2.4930224677522286e-18,4.909731684622101e-07,3.3816640973388455e-07,0.43933167904577086,0.32288463527655314,0.001985597617326861,0.0025478486579927464,0.008525073281807486,0.01718734904386685,6.909530654078915e-13,9.18512983989826e-13,0.00011922187426092192,0.00016399201448541974,2.225554166658356e-06,3.266833951332407e-06,0.006702564072476997,0.008614003471681713,3.341682736484945e-10,4.448975242724551e-10,0.007425587627811296,0.010229008302536497,2.521009953100782e-24,4.7384332581459946e-24,5.714854730634198e-29,3.6670733712448794e-29,1.3122467225434935e-09,9.632269052541535e-10,8.851055827234737e-21,1.1767702849708673e-20,3.604242295595762e-22,4.295929678845718e-22,1.9825348352790796e-08,2.4545499536386833e-08,2.1158501344926273e-43,3.977291748134599e-43,0.0101573289706128,0.013035386670966124,5.4640408912116725e-31,9.999999999996363e-31,0.00214824816446398,0.0043397305915084654,8.171649895949101e-15,1.611393988969952e-14
0.069,585.6716110154529,15.59009422649929,0.056247041228166025,1.2723582317191449,8.265823570520766e-05,7.634154513185509e-06,5.5570896763040314e-14,2.566210182844504e-15,1.1089369213767338e-14,8.128005116975637e-15,0.29470317552614045,0.43200814626888573,5.24867251610707e-11,4.089417722368477e-11,0.22877936446843306,0.1888145258586705,1.8159028277123213e-06,2.7458056030936905e-06,9.859508727700931e-05,0.00015363751349002766,3.973899312861083e-18,2.553676869587545e-18,4.953487906476962e-07,3.411919894051912e-07,0.43919338038473393,0.32279415035395936,0.002006545906790522,0.002574817757843565,0.008531815796740077,0.017201537138160663,7.033121855596645e-13,9.349747987374134e-13,0.00011990771111042642,0.00016494109744556636,2.245985231681791e-06,3.2969381430167697e-06,0.006798827336571031,0.0087380211438829,3.3695507289035683e-10,4.4862325719175645e-10,0.007375980109231499,0.010161023403291997,2.6327566300411914e-24,4.948640827144644e-24,6.002474311482918e-29,3.851764493506062e-29,1.3121998138055373e-09,9.632257656283889e-10,8.864925446872901e-21,1.1786550248151937e-20,3.744286985929221e-22,4.463004497007017e-22,1.9824664665990325e-08,2.454550145859403e-08,2.238158835882398e-43,4.207348249696941e-43,0.010156977894759486,0.013035386670966138,5.463852033213276e-31,9.99999999999637e-31,0.002148192778572629,0.004339768703948001,8.47220473162339e-15,1.6707191124227064e-14
0.07,586.3307551533406,15.577597863995932,0.05629216265337324,1.2901226939970936,8.043694491073055e-05,7.429258006355668e-06,5.548448645882385e-14,2.562308686078403e-15,1.1316676172470726e-14,8.294898440672405e-15,0.29457279170408734,0.43183198906314246,5.3115940056165876e-11,4.1385854806793476e-11,0.22897747459953904,0.1889845816659483,1.8173622339355518e-06,2.7481076442260072e-06,9.752839197890115e-05,0.00015198058683366173,4.071568908193966e-18,2.616531287599934e-18,4.998134524741534e-07,3.442791478857671e-07,0.43905309135642895,0.3227022316806504,0.002027803638594348,0.0026021861006407417,0.008538701841251783,0.017216017491886476,7.160402224088375e-13,9.519283063958015e-13,0.00012060223704022966,0.0001659022170515194,2.2667956134208438e-06,3.327601608860133e-06,0.00689571132293138,0.00886284615760581,3.398130737908905e-10,4.5244409876948907e-10,0.007326489309073244,0.010093195706661602,2.7506365796358115e-24,5.170392253180816e-24,6.311038082366133e-29,4.049909098483205e-29,1.3121527193523943e-09,9.632245953074697e-10,8.881221692400377e-21,1.1808626729156821e-20,3.8927896514120054e-22,4.6401732103297735e-22,1.982397884522626e-08,2.4545503432574664e-08,2.3693985333798356e-43,4.454210439789427e-43,0.010156625704222126,0.013035386670966133,5.463662575580949e-31,9.99999999999638e-31,0.0021481374487895438,0.004339807408667309,8.786145832387697e-15,1.7326883905823276e-14
0.07100000000000001,586.999062673426,15.564953085499049,0.05633789372136635,1.3078727363566067,7.824798995129756e-05,7.227334783567415e-06,5.541164864348064e-14,2.5590340141970817e-15,1.1552777927926778e-14,8.468250925444458e-15,0.2944409057518387,0.43165366601471045,5.3762665109156535e-11,4.1891214898621934e-11,0.22917786357978898,0.18915655142051746,1.8189044334338703e-06,2.7505353535837793e-06,9.646575452349996e-05,0.0001503298858007468,4.172829301072513e-18,2.6816980172023954e-18,5.043704888405707e-07,3.474301907239986e-07,0.43891075758665193,0.32260883996197864,0.002049379194953944,0.0026299645007483705,0.008545735819140796,0.01723079906506256,7.291535877902516e-13,9.693953854679852e-13,0.00012130568007870363,0.00016687568900221846,2.287997684606519e-06,3.3588425895051088e-06,0.006993233036091951,0.008988500517815063,3.4274545678369427e-10,4.563642960972474e-10,0.007277118251285431,0.010025529399141232,2.8750653796108133e-24,5.4044700161981004e-24,6.64247270501049e-29,4.2627450794875256e-29,1.3121054342810609e-09,9.63223393229298e-10,8.900099604232409e-21,1.1834138818736578e-20,4.0504302748779005e-22,4.828247502101635e-22,1.9823290839650458e-08,2.4545505460120206e-08,2.51035195025971e-43,4.719351645910999e-43,0.010156272372210408,0.013035386670966126,5.4634725039030665e-31,9.999999999996366e-31,0.002148082178167993,0.004339846723357068,9.11424212649829e-15,1.7974537668853182e-14
0.07200000000000001,587.676795779324,15.552155860332162,0.05638425184160737,1.3256081849497559,7.609134698271464e-05,7.028382904081602e-06,5.535319558298265e-14,2.5564237521652622e-15,1.17981072425683e-14,8.648380556194588e-15,0.29430747484140196,0.4314731152430231,5.4427667887035005e-11,4.241085731476002e-11,0.22938059651318496,0.1893304896408788,1.820533604768845e-06,2.7530950717351365e-06,9.540719173071596e-05,0.0001486854371086217,4.277866426683333e-18,2.7492968260405885e-18,5.090234103537403e-07,3.506475449487229e-07,0.4387663223383181,0.32251393420084956,0.002071281308563549,0.0026581642247295026,0.008552922334794533,0.01724589122600844,7.426696713319355e-13,9.873992181550111e-13,0.00012201827796533113,0.00016786184244044512,2.309604421932758e-06,3.390680215949275e-06,0.0070914102625624234,0.009115007240714734,3.45755588226971e-10,4.6038834459081926e-10,0.007227870046879516,0.009958028788441911,3.00649271312663e-24,5.6517208290199334e-24,6.998917494048697e-29,4.491646987273653e-29,1.3120579534513409e-09,9.632221582823423e-10,8.921724860422032e-21,1.1863307220679766e-20,4.2179557936081242e-22,5.028118993034025e-22,1.982260059591195e-08,2.4545507543105537e-08,2.6618820594122713e-43,5.004396286972825e-43,0.010155917870617336,0.013035386670966122,5.463281803059748e-31,9.999999999996364e-31,0.002148026969900901,0.004339886666556054,9.457316207258688e-15,1.8651777925298182e-14
0.073,588.3642281118451,15.539201987533707,0.05643125518365661,1.343328861137898,7.396698839526897e-05,6.832400079814126e-06,5.530999153542008e-14,2.554517892236463e-15,1.20531242045878e-14,8.835625401313539e-15,0.29417245425794253,0.4312902721468489,5.511176091780159e-11,4.294541701123421e-11,0.22958574137022744,0.18950645324789844,1.822254139423457e-06,2.755793462621217e-06,9.435271915144055e-05,0.00014704726550639544,4.38687875129165e-18,2.8194555549983636e-18,5.137759143048694e-07,3.5393376666017605e-07,0.43861972640580876,0.32241747162103157,0.0020935190774068347,0.0026867970104869653,0.008560266203128292,0.017261303771561237,7.566069102588728e-13,1.0059643834486858e-12,0.0001227402784983846,0.00016886102043557844,2.331629438469619e-06,3.4231345573601514e-06,0.007190261604576766,0.009242390397476314,3.4884703301600194e-10,4.645210048405378e-10,0.00717874789935361,0.009890698310993082,3.145405657424701e-24,5.913061832360367e-24,7.382751466850239e-29,4.738143416154972e-29,1.312010271476691e-09,9.632208893031387e-10,8.946274609339116e-21,1.1896367926695515e-20,4.396187823018396e-22,5.2407684641789e-22,1.9821908058073126e-08,2.4545509683493026e-08,2.824941507424421e-43,5.311137620255752e-43,0.010155562169974578,0.01303538667096611,5.463090457198774e-31,9.99999999999635e-31,0.002147971827333008,0.004339927257694987,9.816248765800476e-15,1.9360345029026797e-14
0.074,589.0616458164893,15.52608707889208,0.056478922748092214,1.3610345812781388,7.187488374391493e-05,6.639383761243583e-06,5.5282958167364076e-14,2.553359084639773e-15,1.2318318559868555e-14,9.030345326527027e-15,0.29403579722267675,0.43110506914992147,5.581580540892431e-11,4.349556699044636e-11,0.22979336925809932,0.18968450179114804,1.8240706603922736e-06,2.75863754177954e-06,9.33023504926789e-05,0.00014541539287979367,4.500078369090181e-18,2.8923108248861002e-18,5.186318996291186e-07,3.572915513704238e-07,0.4384709078806753,0.3223194074989682,0.002116101998795583,0.00271587511111501,0.00856777246855346,0.017277046965672706,7.70984879199203e-13,1.0251169768545547e-12,0.0001234719409219137,0.0001698735818980655,2.354087041870162e-06,3.456226706807972e-06,0.007289806559263167,0.009370675216460893,3.52023572029593e-10,4.687673259077846e-10,0.0071297551120298895,0.009823542542177039,3.292332441424733e-24,6.189487673007605e-24,7.796624795662245e-29,5.0039372196283235e-29,1.3119623826998471e-09,9.632195850718667e-10,8.973938651763529e-21,1.1933573791605089e-20,4.586031460814938e-22,5.467276370153139e-22,1.9821213167338556e-08,2.4545511883340373e-08,3.0005834470407627e-43,5.641558140540205e-43,0.010155205239310365,0.013035386670966096,5.462898449659182e-31,9.99999999999636e-31,0.002147916753972193,0.004339968517180392,1.0191983741921797e-14,2.0102104358719566e-14
0.075,589.7693479427942,15.512806554443994,0.056527274393020244,1.3787251565046612,6.981499892369115e-05,6.4493310611494185e-06,5.5273078408067133e-14,2.552992816143466e-15,1.2594211907182842e-14,9.23292360884453e-15,0.29389745482717844,0.4309174356047747,5.654071460723989e-11,4.4062020927964057e-11,0.23000355451954893,0.18986469753168117,1.825988033457063e-06,2.761634693479801e-06,9.225609811250616e-05,0.00014378983902142055,4.6176921135515774e-18,2.968008752599464e-18,5.235954790559883e-07,3.607237424072265e-07,0.4383198020664461,0.3222196951013577,0.0021390399808857903,0.0027454113098256162,0.00857544641400739,0.017293131557772908,7.858243691921126e-13,1.0448847157765355e-12,0.0001242135359370877,0.0001708999015997557,2.37699226525228e-06,3.4899788268629602e-06,0.0073900655447407095,0.009499888117141858,3.552892161178299e-10,4.73132664016325e-10,0.007080895093686122,0.009756566204095509,3.447846508794561e-24,6.482078157963362e-24,8.243494499685953e-29,5.290928451963975e-29,1.3119142811866831e-09,9.632182443099825e-10,9.004920374624918e-21,1.1975195778506066e-20,4.788485205979319e-22,5.7088346838853255e-22,1.982051586201328e-08,2.454551414480384e-08,3.1899736501998826e-43,5.9978523917304394e-43,0.010154847046126727,0.013035386670966077,5.462705762958961e-31,9.999999999996336e-31,0.002147861753504432,0.00434001046643477,1.058553362357491e-14,2.0879056796339623e-14
0.076,590.4876474091675,15.499355627839128,0.05657633089816088,1.3964003924933652,6.778729659379878e-05,6.262238793747299e-06,5.5281402208338353e-14,2.5534676766669673e-15,1.2881360355513506e-14,9.443768889818767e-15,0.2937573758735583,0.43072729756249695,5.728745793111722e-11,4.464553640227904e-11,0.230216374976345,0.19004710564594177,1.8280113858484668e-06,2.764792699061376e-06,9.121397268816228e-05,0.00014217062111369607,4.739962845051829e-18,3.0467057807919066e-18,5.286709950327631e-07,3.6423334192316625e-07,0.4381663412676097,0.32211828553317895,0.0021623433729218186,0.0027754189589445704,0.008583293578861787,0.0173095688192048,8.011474876259885e-13,1.0652970727710474e-12,0.0001249653467923674,0.0001719403716802874,2.4003609236122567e-06,3.524414232727745e-06,0.007491059970278495,0.009630056800775102,3.586482248892121e-10,4.776227076446582e-10,0.007032171366456195,0.009689774176553813,3.612571139230297e-24,6.792006960006965e-24,8.726665686397093e-29,5.601240876997822e-29,1.31186596070543e-09,9.632168656759864e-10,9.039438048583677e-21,1.2021524688240136e-20,5.004652270989518e-22,5.966760405295503e-22,1.9819816077282087e-08,2.4545516470146307e-08,3.3944044251363052e-43,6.3824531760754365e-43,0.010154487556283157,0.013035386670966098,5.462512378732556e-31,9.999999999996336e-31,0.0021478068298084537,0.004340053127976225,1.0997985547089757e-14,2.169335078790069e-14
0.077,591.2168718196488,15.485729294673488,0.056626114019087126,1.4140600892132025,6.579173609839325e-05,6.078103467312234e-06,5.5309052273272575e-14,2.554835624744531e-15,1.3180357335051426e-14,9.663317241964268e-15,0.29361550673935644,0.43053457757735786,5.8057065310656555e-11,4.524691828745414e-11,0.23043191213454123,0.19023179439764631,1.8301461238728649e-06,2.768119763705201e-06,9.017598325214634e-05,0.00014055775378476695,4.867150845988353e-18,3.128569576851165e-18,5.33863035975575e-07,3.678235221326294e-07,0.4380104546118308,0.3220151276091383,0.002186022990345562,0.0028059120123213412,0.008591319774864874,0.017326370575653043,8.169777620430509e-13,1.08638541397553e-12,0.0001257276699973957,0.00017299540263569112,2.424209665383398e-06,3.5595574682555834e-06,0.007592812294321262,0.009761210325475844,3.621051258475339e-10,4.822435030895832e-10,0.006983587573693688,0.009623171507964073,3.787184582398014e-24,7.120551289276732e-24,9.249839034943944e-29,5.937252489769521e-29,1.3118174147102596e-09,9.632154477615166e-10,9.0777261540109e-21,1.207287292702831e-20,5.235753444450551e-22,6.242510921709547e-22,1.981911374504625e-08,2.454551886174305e-08,3.615310427971443e-43,6.798061331899929e-43,0.010154126733910446,0.013035386670966086,5.462318277684472e-31,9.999999999996333e-31,0.0021477519869725265,0.004340096525489435,1.143050792398014e-14,2.2547295445978424e-14
0.078,591.9573644117625,15.471922318703331,0.056676646550174084,1.4317040406617896,6.382827352464429e-05,5.8969212894899135e-06,5.5357230558849674e-14,2.5571522883479207e-15,1.3491836718176928e-14,9.89203446302171e-15,0.29347179122064915,0.43033919448020763,5.88506319744239e-11,4.5867022494812e-11,0.23065025142311266,0.19041883533762796,1.8323979522905065e-06,2.7716245458672176e-06,8.914213707874989e-05,0.00013895124893148307,4.999535368173964e-18,3.213780030001931e-18,5.391764541699314e-07,3.7149763768926143e-07,0.4378520678432678,0.32191016770441294,0.0022100901440422396,0.00283690506306566,0.008599531104393637,0.017343549244273986,8.333402554957784e-13,1.1081831529384208e-12,0.0001265008162197895,0.00017406542455934509,2.4485560312551767e-06,3.5954343926600336e-06,0.00769534609243412,0.00989337919409539,3.656647356827186e-10,4.87001482906399e-10,0.006935147488613599,0.009556763427338277,3.9724258197197685e-24,7.469102747755128e-24,9.817165693869871e-29,6.3016308046116e-29,1.3117686363218226e-09,9.632139890869649e-10,9.120036879292027e-21,1.2129576503768792e-20,5.48314178532755e-22,6.537701555832763e-22,1.981840879372593e-08,2.4545521322089962e-08,3.8542867432090475e-43,7.24767978494062e-43,0.010153764541306265,0.013035386670966107,5.462123439533078e-31,9.999999999996349e-31,0.002147697229312651,0.004340140683907431,1.1884357802771967e-14,2.3443375105563653e-14
0.079,592.7094849403597,15.457929219515746,0.056727952383286255,1.4493320345869614,6.189686149666677e-05,5.718688148192643e-06,5.542722510058735e-14,2.5604772811219514e-15,1.381647617775679e-14,1.0130418544825486e-14,0.29332617038589576,0.4301410631668555,5.966932355640043e-11,4.65067599651697e-11,0.2308714824159445,0.19060830348970148,1.8347728944036922e-06,2.7753161877898687e-06,8.811243975800448e-05,0.00013735111583417425,5.13741632255297e-18,3.302530340155874e-18,5.446163844645248e-07,3.752592386130878e-07,0.4376911031302799,0.3218033496154084,0.002234556667215086,0.0028684133782493418,0.008607933978046543,0.01736111786947962,8.50261689491816e-13,1.1307259145811584e-12,0.00012728511100871143,0.0001751508881447282,2.473418511962879e-06,3.632072265733995e-06,0.007798686119675808,0.010026595434953201,3.6933218265174257e-10,4.919034958080842e-10,0.006886855023294485,0.009490555356762487,4.1691009954487666e-24,7.839179444911686e-24,1.0433310600150176e-28,6.697373557411024e-29,1.3117196183099766e-09,9.632124880971605e-10,9.166641718231736e-21,1.219199715963577e-20,5.748319362078207e-22,6.854125556212681e-22,1.9817701148092868e-08,2.454552385380993e-08,4.113109521188281e-43,7.734652416156924e-43,0.010153400938846587,0.013035386670966086,5.461927842963007e-31,9.999999999996349e-31,0.00214764256139277,0.004340185629490535,1.2360888930273231e-14,2.4384265263438416e-14
0.08,593.4736109602936,15.443744253289378,0.056780056592955264,1.4669438521863836,5.999744962547509e-05,5.543399653134712e-06,5.552041847312065e-14,2.5648745940619964e-15,1.4155001064459349e-14,1.037900252346473e-14,0.29317858236347183,0.42994009429168634,6.051438204822144e-11,4.7167101321320626e-11,0.23109569915540393,0.19080027762160517,1.8372773169902695e-06,2.779204353368379e-06,8.708689486067002e-05,0.00013575736063467397,5.281116203547205e-18,3.3950282579042647e-18,5.501882666517386e-07,3.7911208576409334e-07,0.43752747878479303,0.3216946143574291,0.002259434955310318,0.0029004529503910527,0.008616535138809505,0.017379090172094793,8.677705881741189e-13,1.1540517274531708e-12,0.00012808089617270078,0.0001762522665899372,2.498816625550169e-06,3.6694998617135063e-06,0.00790285840341253,0.010160892721800112,3.731129335152023e-10,4.969568426435629e-10,0.006838714239808343,0.009424552926860038,4.378090723857643e-24,8.23243976384419e-24,1.1103526397376419e-28,7.127856221666624e-29,1.3116703530668042e-09,9.632109431556565e-10,9.217833405937369e-21,1.226052494850908e-20,6.032956539042448e-22,7.1937771299598495e-22,1.98169907289883e-08,2.4545526459663358e-08,4.393759773238189e-43,8.262708877180433e-43,0.010153035884837082,0.013035386670966116,5.461731465545165e-31,9.999999999996377e-31,0.0021475879880467974,0.0043402313899348535,1.2861560896471679e-14,2.5372850659602314e-14
0.081,594.2501388922668,15.429361397856074,0.05683298550714771,1.4845392677901306,5.812998431267119e-05,5.371051117633755e-06,5.5638296309042155e-14,2.5704129900201824e-15,1.450818851008819e-14,1.0638357495908499e-14,0.2930289621652993,0.4297361940123496,6.13871320243948e-11,4.7849081734412023e-11,0.23132300042026094,0.1909948404693083,1.8399179547574567e-06,2.7832992652909053e-06,8.606550403289601e-05,0.00013416998648338492,5.4309821747993224e-18,3.4914974285870946e-18,5.558978680854205e-07,3.830601664823795e-07,0.43736110903015674,0.3215838999966197,0.002284737998396311,0.0029330405392602897,0.008625341683259138,0.01739748059248322,8.858974281373262e-13,1.178201223531396e-12,0.0001288885306496409,0.00017737005680321645,2.52477098733037e-06,3.7077475724394456e-06,0.008007890318777681,0.010296306471472774,3.7701282092265367e-10,5.021693129817626e-10,0.00679072936096839,0.009358761991688802,4.6003582403068395e-24,8.650697717720644e-24,1.1833738950159184e-28,7.596886980286763e-29,1.311620832585733e-09,9.632093525395611e-10,9.273927917058546e-21,1.2335580900961075e-20,6.338913981467598e-22,7.558877722895092e-22,1.9816277453119778e-08,2.4545529142556015e-08,4.698450586957221e-43,8.836015848551932e-43,0.010152669335405509,0.013035386670966112,5.4615342836789e-31,9.999999999996385e-31,0.0021475335144030315,0.004340277994467878,1.3387949085059863e-14,2.6412244952718322e-14
0.082,595.0394852784625,15.414774334709278,0.056886766790636686,1.5021180485227454,5.629440875747294e-05,5.201637559207216e-06,5.578245701304771e-14,2.577166453546001e-15,1.4876872017235197e-14,1.0909095994098668e-14,0.29287724147900324,0.429529263689269,6.228898754935544e-11,4.855380632330854e-11,0.23155349004188283,0.19119207900173954,1.8427019371343393e-06,2.7876117457344656e-06,8.504826687375239e-05,0.00013258899334811746,5.587388399064585e-18,3.59217889369588e-18,5.617513087554106e-07,3.871077119269763e-07,0.4371919037270701,0.3214711414518168,0.002310479419509514,0.002966193721364632,0.008634361086144913,0.017416304340547,9.046748062583307e-13,1.2032178620376113e-12,0.00012970839165859745,0.00017850478099731688,2.5513033905812038e-06,3.7468475263248364e-06,0.008113810678335777,0.010432873959877772,3.810380740774446e-10,5.075492260756486e-10,0.00674290478239838,0.009293188645483728,4.836958618396134e-24,9.095940314908656e-24,1.2630647072502641e-28,8.108770835868123e-29,1.3115710484364084e-09,9.63207714433652e-10,9.335266738090345e-21,1.2417620053527658e-20,6.668268045516917e-22,7.951906342728528e-22,1.9815561232810807e-08,2.4545531905549785e-08,5.029658509519611e-43,9.45923614922951e-43,0.010152301244369255,0.013035386670966117,5.4613362725206955e-31,9.999999999996396e-31,0.0021474791459110735,0.004340325473960027,1.3941755808450653e-14,2.750581273771553e-14
0.083,595.842088194699,15.39997642862226,0.056941429538756055,1.5196799539420565,5.449066307684021e-05,5.035153710623426e-06,5.595462275855931e-14,2.585214700103732e-15,1.526194656712794e-14,1.1191875739993994e-14,0.2927233484340973,0.4293191995476758,6.322145988791195e-11,4.928245618184401e-11,0.23178727725991322,0.19139208471853927,1.8456368186888774e-06,2.792153262560969e-06,8.403518082051757e-05,0.0001310143778350917,5.750738643420961e-18,3.6973327696983485e-18,5.677550892550233e-07,3.9125921641423044e-07,0.43701976806501686,0.32135627027151015,0.0023366735178750857,0.0029999309457188757,0.008643601227941295,0.017435577451763197,9.241376267247332e-13,1.2291481788550191e-12,0.0001305408760430382,0.00017965698854813543,2.578436896958371e-06,3.7868337216402783e-06,0.008220649832967497,0.010570634452469262,3.85195353094361e-10,5.131054767578841e-10,0.006695245086196915,0.00922783924161347,5.0890492011581305e-24,9.570347211643658e-24,1.3501839219373711e-28,8.668384627105455e-29,1.3115209917363901e-09,9.632060269237822e-10,9.40221943725878e-21,1.2507134874651047e-20,7.023340011974014e-22,8.375634473475132e-22,1.981484197571697e-08,2.4545534751873303e-08,5.3901597881769115e-43,1.013759699580128e-42,0.010151931563085371,0.013035386670966128,5.46113740590352e-31,9.99999999999639e-31,0.0021474248883715844,0.004340373861049283,1.4524822744029562e-14,2.865719413661209e-14
0.084,596.6584087342087,15.384960706453112,0.05699700437590916,1.5372247356538242,5.271868432104765e-05,4.8715940212903225e-06,5.615665159613689e-14,2.594643736795626e-15,1.5664374251135618e-14,1.1487403785685256e-14,0.29256720735630765,0.4291058923223265,6.41861659343069e-11,5.003629496802517e-11,0.23202447709601856,0.1915949539629341,1.8487306114855783e-06,2.7969359784643093e-06,8.302624103770848e-05,0.00012944613301567182,5.921469172667061e-18,3.807240112612395e-18,5.739161210061531e-07,3.9551945831816943e-07,0.4368446022381363,0.32123921439943165,0.0023633353140624365,0.0030342715921206037,0.008653070424049806,0.017455316846575742,9.443233061455398e-13,1.2560420600672981e-12,0.0001313864016261662,0.00018082725787079063,2.6061959330891634e-06,3.827742168920699e-06,0.008328439777759671,0.010709629341220285,3.8949178646481455e-10,5.18847585489502e-10,0.0066477550554503145,0.009162720412711288,5.357901395231518e-24,1.0076312933021685e-23,1.445593003423707e-28,9.281264811724152e-29,1.3114706531216171e-09,9.632042879898403e-10,9.475186511604721e-21,1.2604659060286336e-20,7.406729861938707e-22,8.833166415221645e-22,1.981411958453354e-08,2.4545537684933845e-08,5.7830722613149414e-43,1.0876968906237057e-42,0.010151560240295905,0.013035386670966122,5.460937656253653e-31,9.99999999999639e-31,0.0021473707479692356,0.004340423190274405,1.513914477472767e-14,2.9870332166738494e-14
0.085,597.488932633406,15.369719833920305,0.05705352356349565,1.554752136899903,5.0978406526394686e-05,4.710952662077458e-06,5.6390551032919805e-14,2.6055464912090096e-15,1.6085190535102634e-14,1.1796441118782836e-14,0.29240873849835447,0.42888922686813513,6.518483756608655e-11,5.081667621617456e-11,0.2322652107634504,0.19180078826456243,1.8519918210396755e-06,2.801972805577379e-06,8.202144031179208e-05,0.00012788424826196465,6.100051986969882e-18,3.922205004439944e-18,5.802417596221581e-07,3.9989352314036885e-07,0.43666630108986193,0.32111989791752393,0.0023904805994109605,0.0030692360349346146,0.00866277745684729,0.017475540395572746,9.652720014836487e-13,1.2839530459338432e-12,0.00013224540871450117,0.0001820161985006887,2.6346063969192807e-06,3.8696110477487264e-06,0.008437214267965417,0.010849902294614475,3.939350126664897e-10,5.247857539448541e-10,0.006600439690323133,0.00909783909299329,5.644914062332432e-24,1.0616472103799982e-23,1.5502720649107707e-28,9.953710521461506e-29,1.3114200227143767e-09,9.632024954981705e-10,9.554602587345507e-21,1.2710771800513005e-20,7.821355387752111e-22,9.327985996888335e-22,1.9813393956677305e-08,2.4545540708330216e-08,6.211903944703333e-43,1.1683957216169951e-42,0.010151187221959597,0.01303538667096611,5.46073699450009e-31,9.999999999996382e-31,0.002147316731309184,0.004340473498221147,1.578688547908206e-14,3.114950337102903e-14
0.08600000000000001,598.334171997689,15.354246091156982,0.05711102111447415,1.5722618921185252,4.926976069885635e-05,4.553223523754584e-06,5.665849310824934e-14,2.618023509569797e-15,1.652551119729384e-14,1.2119807763136869e-14,0.29224785775416035,0.428669081746653,6.621933192982341e-11,5.16250513777224e-11,0.23250960610182392,0.19200969470338972,1.8554294847957344e-06,2.807277463917085e-06,8.102076895490536e-05,0.00012632870909637758,6.2869984335437994e-18,4.04255688068037e-18,5.867398411908756e-07,4.043868285998684e-07,0.43648475373565254,0.32099824077293143,0.002418125988245776,0.003104845710486222,0.008672731609960647,0.017496266989190046,9.870268614059376e-13,1.3129386661033531e-12,0.00013311836166097203,0.00018322445325741465,2.663695772284762e-06,3.912480875673311e-06,0.008547008941916904,0.010991499416648336,3.9853322582888684e-10,5.309309260164323e-10,0.006553304225429463,0.009033202542349355,5.951628726095573e-24,1.119372810007357e-23,1.6653387347990035e-28,1.0692904854103896e-28,1.311369090089439e-09,9.632006471933238e-10,9.640939990724092e-21,1.2826102540189407e-20,8.270497577079385e-22,9.864010782511467e-22,1.9812664983955107e-08,2.4545543825866616e-08,6.680609466844067e-43,1.2566008381886494e-42,0.010150812451076343,0.013035386670966112,5.460535389980156e-31,9.999999999996385e-31,0.002147262845457507,0.004340524823679603,1.647039443966273e-14,3.2499352044651885e-14
0.08700000000000001,599.194667369384,15.338531342785208,0.05716953293063256,1.5897537264704582,4.759267509822316e-05,4.398400243213542e-06,5.696283183006072e-14,2.6321837641862784e-15,1.6986540174563754e-14,1.2458388547173662e-14,0.2920844763162685,0.42844532873090146,6.729164310049092e-11,5.2462978935532897e-11,0.23275779809860742,0.1922217863461866,1.8590532170821928e-06,2.812864549657717e-06,8.002421453572129e-05,0.00012477949677199913,6.4828632952829666e-18,4.1686531651995004e-18,5.934187236014865e-07,4.0900515320909016e-07,0.4362998431102923,0.3208741584507705,0.002446288980882757,0.003141123198347777,0.008682942708742982,0.01751751662002405,1.0096343116181549e-12,1.3430608201383465e-12,0.0001340057508832682,0.0001844527010368775,2.6934932632975554e-06,3.956394706304587e-06,0.008657861469150346,0.011134469438370919,4.032952280014491e-10,5.372948576362406e-10,0.0065063541499411895,0.00896881837424595,6.279746963133083e-24,1.1811285816682102e-23,1.7920704624784968e-28,1.1507058280567127e-28,1.3113178442328603e-09,9.631987406884954e-10,9.734712863685542e-21,1.2951336465803688e-20,8.757853453977077e-22,1.0445655185288453e-21,1.9811932552150583e-08,2.454554704156894e-08,7.193655937532056e-43,1.3531534054243468e-42,0.010150435867468716,0.013035386670966122,5.460332810321961e-31,9.99999999999639e-31,0.0021472090979863813,0.00434057720782955,1.7192226811287956e-14,3.392492893031933e-14
0.088,600.0709897995691,15.322567008642952,0.05722909694010606,1.6072273553317797,4.594707522057924e-05,4.246476201803539e-06,5.730612226160975e-14,2.648145537374446e-15,1.7469578211565973e-14,1.2813139462862673e-14,0.29191850033261413,0.42821783230863925,6.84039148352073e-11,5.3332134374119156e-11,0.23300992941128737,0.19243718268353718,1.8628732564468132e-06,2.8187496070250267e-06,7.903176181030171e-05,0.00012323658816442405,6.688249352470461e-18,4.300882210041838e-18,6.002873310117703e-07,4.13754667022925e-07,0.4361114455146387,0.3207475616460534,0.0024749880260845607,0.003178092301948105,0.008693421161623272,0.0175393104669177,1.0331443670642625e-12,1.3743861938870167e-12,0.0001349080947252433,0.00018570165938826323,2.7240299336695793e-06,4.001398334724383e-06,0.008769811697998972,0.011278863908807047,4.0823048585871706e-10,5.438901925287308e-10,0.006459595228654677,0.008904694584941976,6.63115021109237e-24,1.2472688989420837e-23,1.9319308872341707e-28,1.2405578178251885e-28,1.3112662735016738e-09,9.631967734556455e-10,9.83648171109501e-21,1.3087220567959086e-20,9.287597699959588e-22,1.1077904070054302e-21,1.9811196540630856e-08,2.454555035970119e-08,7.756099797290682e-43,1.4590055840085158e-42,0.010150057407573704,0.013035386670966116,5.460129221332375e-31,9.999999999996387e-31,0.0021471554970241935,0.0043406306944314705,1.795516518674378e-14,3.543173445800137e-14
0.089,600.963743095237,15.306344032160226,0.05728975324652622,1.6246824837505889,4.433288377043968e-05,4.0974445227102976e-06,5.769114195099095e-14,2.6660374138982582e-15,1.7976032523371526e-14,1.318509476985316e-14,0.2917498305342397,0.42798644914345824,6.955845471051085e-11,5.423432123164606e-11,0.23326615093388478,0.19265601010393732,1.8669005168936789e-06,2.824949206120712e-06,7.804339260343254e-05,0.00012169995558634645,6.9038125101744786e-18,4.4396665998539245e-18,6.073552026149061e-07,4.1864196536186505e-07,0.4359194301237542,0.3206183559075672,0.0025042425885770324,0.0032157781357167524,0.00870417800513992,0.017561670986535015,1.0576109795460836e-12,1.4069867231009076e-12,0.00013582594148542725,0.00018697208732231402,2.7553388593160968e-06,4.0475405224788455e-06,0.008882901815613973,0.011424737401962398,4.133491935284439e-10,5.507305461451278e-10,0.006413033525090928,0.008840839585522979,7.007922433034144e-24,1.3181862899880795e-23,2.086601149945065e-28,1.3399270147369964e-28,1.311214365580571e-09,9.631947428148496e-10,9.946858526958768e-21,1.3234570475923036e-20,9.864454708054757e-22,1.1766398819078161e-21,1.9810456821924895e-08,2.4545553784783632e-08,8.373676824350654e-43,1.5752374852123696e-42,0.01014967700421925,0.013035386670966119,5.459924586876809e-31,9.999999999996389e-31,0.002147102051311198,0.004340685330035376,1.876224421681107e-14,3.70257674321033e-14
0.09,601.873566364496,15.289852844300404,0.057351544297941315,1.6421188058625968,4.2750020776065834e-05,3.95129808157425e-06,5.812091538818153e-14,2.6859994136100547e-15,1.850742766377571e-14,1.3575374986101144e-14,0.29157836181355756,0.4277510274644603,7.075775000214151e-11,5.517148351410607e-11,0.23352662243885625,0.19287840243094714,1.8711466462738167e-06,2.831481031605513e-06,7.705908561172727e-05,0.00012016956648030291,7.13026759553793e-18,4.585466888064562e-18,6.146325472518607e-07,4.236741065767526e-07,0.43572365842935684,0.3204864412343106,0.0025340732256215353,0.0032542072239026484,0.008715224954776663,0.017584622016730615,1.0830924288064531e-12,1.4409401150182051e-12,0.0001367598717949001,0.00018826478860224302,2.7874553006958215e-06,4.094873251654118e-06,0.008997176529469833,0.011572147751586048,4.186623434770782e-10,5.578306003604515e-10,0.0063666754275790265,0.008777262238077947,7.41237613230309e-24,1.3943163394221205e-23,2.258017161055334e-28,1.4500577628106946e-28,1.3111621074325934e-09,9.631926459222666e-10,1.0066512648793355e-20,1.339427826296718e-20,1.0493783015022687e-21,1.251753818529762e-21,1.980971326124133e-08,2.4545557321612882e-08,9.052907859704298e-43,1.7030770871825688e-42,0.010149294586368861,0.013035386670966116,5.459718868741843e-31,9.999999999996382e-31,0.0021470487702618442,0.0043407411642167855,1.9616778438627406e-14,3.871358006401355e-14
0.091,602.8011369297635,15.273083321956154,0.0574145150801539,1.659536004259273,4.11984038599299e-05,3.8080295314592637e-06,5.85987419838219e-14,2.7081842871804796e-15,1.9065417832712486e-14,1.3985195936533003e-14,0.29140398274150514,0.4275114063677692,7.200448562603011e-11,5.614571972072142e-11,0.2337915133122152,0.19310450153832973,1.875624091543575e-06,2.8383639818147948e-06,7.607881609392825e-05,0.00011864538293569392,7.36839495157853e-18,4.738785846404226e-18,6.221303049838976e-07,4.288586546253907e-07,0.4355239836012445,0.32035171161346787,0.0025645016748141332,0.0032934076138633607,0.008726574462887198,0.01760818889433047,1.1096517652347225e-12,1.476330438789617e-12,0.00013771050140198404,0.0001895806155967495,2.8204168990967787e-06,4.143452014233752e-06,0.009112683275660848,0.011721156320540348,4.241818068658625e-10,5.65206210820713e-10,0.00632052767869176,0.008713971896535245,7.847082358048611e-24,1.4761433422137805e-23,2.4484142091987896e-28,1.5723868720732343e-28,1.3111094852422943e-09,9.631904797564455e-10,1.0196177464394621e-20,1.3567321388164003e-20,1.1181674832828488e-21,1.3338597183526558e-21,1.9808965715909254e-08,2.4545560975285365e-08,9.801223517644104e-43,1.843923728142027e-42,0.010148910078825499,0.013035386670966096,5.459512026475931e-31,9.99999999999637e-31,0.0021469956640350423,0.004340798249846319,2.052239391976502e-14,4.050234055091859e-14
0.092,603.7471732716577,15.256024746897651,0.05747871331207808,1.676933749309176,3.967794817152961e-05,3.6676312966022166e-06,5.912822711241208e-14,2.7327589538222603e-15,1.965180054807253e-14,1.441587880524463e-14,0.2912265750795823,0.4272674151097576,7.330156391422326e-11,5.715929830442297e-11,0.2340610032961111,0.1933344579713662,1.880346169102863e-06,2.845618275590163e-06,7.510255580908144e-05,0.0001171273615918826,7.619047851884506e-18,4.9001732435978844e-18,6.298602137579289e-07,4.342037251733974e-07,0.4353202498420922,0.3202140545529551,0.0025955509418235344,0.003333408989317046,0.00873823977835729,0.017632398576440004,1.1373572983941264e-12,1.5132487770462317e-12,0.00013867848380206876,0.00019092047292109773,2.8542638819922594e-06,4.193336114875494e-06,0.009229472428327175,0.011871828271724776,4.299204215274457e-10,5.728745244766063e-10,0.006274597406369657,0.00865097844981877,8.31490519677968e-24,1.5642068030296098e-23,2.6603802919010833e-28,1.7085779094766575e-28,1.3110564843600014e-09,9.631882411043058e-10,1.0336657914357548e-20,1.375477269956547e-20,1.1935073147818196e-21,1.4237866969851124e-21,1.980821403484215e-08,2.454556475122058e-08,1.0627111306113242e-42,1.999375821844256e-42,0.010148523401947359,0.013035386670966109,5.459304017236489e-31,9.999999999996363e-31,0.0021469427436119435,0.004340856643369462,2.1483063891085664e-14,4.239990354479743e-14
0.093,604.7124385387438,15.238665755933141,0.05754418967864564,1.6943116984224484,3.818856666884541e-05,3.5300955984051386e-06,5.971331811352049e-14,2.7599061686003527e-15,2.026853224375329e-14,1.4868861603864804e-14,0.2910460131979671,0.4270188722650021,7.46521271219988e-11,5.821467526729914e-11,0.2343352833749111,0.19356843168823515,1.8853271452944033e-06,2.8532655745423367e-06,7.413027262559552e-05,0.00011561545302849643,7.88316097828806e-18,5.0702313091532534e-18,6.378348853368934e-07,4.3971803810040755e-07,0.4351122916175018,0.32007335052412395,0.0026272454055920073,0.0033742428060915507,0.008750235016886973,0.017657279783343482,1.1662831551729686e-12,1.5517939703134457e-12,0.00013966451358002476,0.0001922853220620211,2.8890393037015806e-06,4.2445890256914765e-06,0.009347597550549118,0.012024232892539708,4.3589209290475855e-10,5.808541144302695e-10,0.006228892159928235,0.008588292371797708,8.819041755397705e-24,1.6591089704620734e-23,2.8969203009682465e-28,1.86056247012203e-28,1.3110030892340006e-09,9.631859265445805e-10,1.0488839186216905e-20,1.3957812026035085e-20,1.2761910438385549e-21,1.5224820548398734e-21,1.9807458057875174e-08,2.4545568655189082e-08,1.154029018773035e-42,2.1712637431439333e-42,0.010148134471296701,0.013035386670966112,5.459094795601035e-31,9.99999999999636e-31,0.002146890020884157,0.004340916405136134,2.2503149482859314e-14,4.441489071432564e-14
0.094,605.6977441312954,15.220994291138313,0.057610998068597215,1.7116694952585543,3.673017006618486e-05,3.395414450578894e-06,6.035834455416008e-14,2.7898263871760808e-15,2.0917745733842814e-14,1.5345712012388254e-14,0.29086216348128047,0.42676558486533733,7.60595824500473e-11,5.931451372282262e-11,0.23461455667967918,0.19380659281668697,1.8905823225586572e-06,2.861329113910727e-06,7.316193044905374e-05,0.00011410960165232655,8.161760028829675e-18,5.249620925741258e-18,6.460678883009788e-07,4.4541097489809035e-07,0.4348999328697248,0.31992947239190556,0.002659610924620885,0.0034159424293184683,0.008762575234055997,0.017682863147053893,1.1965099008428583e-12,1.5920734453556318e-12,0.00014066932963114584,0.0001936761858370166,2.9247892994201315e-06,4.297278760790635e-06,0.009467115649296446,0.012178443924694886,4.421119054358313e-10,5.891651287437211e-10,0.006183419948514348,0.00852592477460825,9.36306845089355e-24,1.761523559836866e-23,3.161533469551299e-28,2.0305899768812475e-28,1.3109492833433369e-09,9.631835324307035e-10,1.065369651482198e-20,1.417773924453007e-20,1.3671273261991479e-21,1.6310309384896322e-21,1.980669761512393e-08,2.454557269334156e-08,1.255191800563769e-42,2.3616889058577953e-42,0.010147743197299441,0.013035386670966103,5.458884313384025e-31,9.999999999996363e-31,0.002146837508752019,0.004340977599746178,2.358744593339215e-14,4.655678213166783e-14
0.095,606.7039540028239,15.20299753898941,0.05767919585989676,1.7290067688646047,3.530266719036153e-05,3.2635796920530353e-06,6.106806516667066e-14,2.8227399396798485e-15,2.1601770212053316e-14,1.5848142084019903e-14,0.29067488361521077,0.42650734736724455,7.752763065833926e-11,6.04617062657762e-11,0.2348990395746595,0.19404912256297835,1.8961281403605787e-06,2.8698338558476895e-06,7.21974887593042e-05,0.00011260974497541127,8.455972750151872e-18,5.4390687396695545e-18,6.545738430549545e-07,4.5129264436873395e-07,0.4346829860731323,0.3197822847309305,0.0026926749653287934,0.003458543299064284,0.008775276511958696,0.017709181387447977,1.2281252515962076e-12,1.6342041655173905e-12,0.00014169371927246798,0.00019509415408303633,2.9615633847497752e-06,4.351478317844289e-06,0.009588087482860542,0.012334539961781943,4.4859625108031274e-10,5.978294621430438e-10,0.006138189285913835,0.008463887470808458,9.950994939376067e-24,1.8722059157385104e-23,3.4583070883067067e-28,2.22128794275064e-28,1.310895049115528e-09,9.631810548705198e-10,1.0832306598193777e-20,1.4415989501207817e-20,1.4673598074836146e-21,1.750679733577168e-21,1.9805932526184586e-08,2.4545576872242935e-08,1.3674839121727428e-42,2.5730704174088434e-42,0.010147349484821284,0.013035386670966114,5.458672519408831e-31,9.999999999996368e-31,0.002146785221236741,0.004341040296458698,2.4741235624929382e-14,4.883602116250259e-14
0.096,607.7319890371011,15.18466186990928,0.05774884421013041,1.7463231327447424,3.390596490790526e-05,3.1345829802182246e-06,6.184772053816851e-14,2.8588894710829422e-15,2.2323153718684732e-14,1.63780247648766e-14,0.2904840218604422,0.42624394059958937,7.906029790914872e-11,6.165939986762223e-11,0.2351889627627238,0.1942962141365722,1.9019822819486953e-06,2.878806651577568e-06,7.123690247251357e-05,0.00011111581339931272,8.767041486367938e-18,5.639375248932508e-18,6.63368525574014e-07,4.5737395437047423e-07,0.4344612512729176,0.31963164312858827,0.0027264667311002236,0.0035020830969124312,0.008788356049047976,0.017736269494918445,1.2612248691714022e-12,1.6783136905936012e-12,0.00014273852217283806,0.0001965403890976296,2.9994147715985985e-06,4.4072661438550965e-06,0.00971057787242134,0.012492604852324373,4.5536297129762487e-10,6.068709457032451e-10,0.006093209238053229,0.008402193039242015,1.058732687746851e-23,1.992004839187736e-23,3.792030412971371e-28,2.435735218605561e-28,1.3108403678452265e-09,9.631784897053186e-10,1.1025860519762184e-20,1.467415044175293e-20,1.5780905228351436e-21,1.8828640189834522e-21,1.9805162599363167e-08,2.454558119890789e-08,1.4923880600405675e-42,2.8082008806751297e-42,0.010146953232758152,0.013035386670966117,5.458459359287464e-31,9.99999999999638e-31,0.0021467331736050974,0.004341104569620766,2.5970348493042893e-14,5.126413394178355e-14
0.097,608.7828324830983,15.165972761252815,0.05782000841708361,1.7636181838417004,3.2539968695149114e-05,3.0084158436299882e-06,6.270309530617362e-14,2.898542821767602e-15,2.3084689178870912e-14,1.693741303927985e-14,0.2902894161509796,0.42597513045839663,8.06619727549635e-11,6.291102479328146e-11,0.23548457265889433,0.19454807389905973,1.9081638032250294e-06,2.8882764371140266e-06,7.02801213422108e-05,0.0001096277292812079,9.096337750088112e-18,5.851424194556458e-18,6.724689886197e-07,4.636666956383943e-07,0.4342345148905367,0.31947739332005615,0.00276101732408334,0.003546601954727649,0.008801832269844875,0.017764164953404812,1.2959132855951173e-12,1.7245414102086104e-12,0.0001438046356208355,0.0001980161329270044,3.0384007502184222e-06,4.464726698333895e-06,0.009834656090813155,0.012652728202483182,4.624315236248232e-10,6.163155693870142e-10,0.006048489479954849,0.008340854904047533,1.1277139690884355e-23,2.121876489263861e-23,4.168333639970362e-28,2.677551362987979e-28,1.3107852195908268e-09,9.63175832484327e-10,1.1235678973885708e-20,1.4953982512471265e-20,1.7007079485242453e-21,2.029242079175525e-21,1.9804387630670445e-08,2.4545585680843333e-08,1.631620881575111e-42,3.070313581132463e-42,0.010146554333503791,0.013035386670966117,5.4582447751341385e-31,9.999999999996396e-31,0.0021466813825138688,0.00434117049918884,2.728123205433015e-14,5.385386787247926e-14
0.098,609.85753526141,15.146914724770285,0.05789275827075717,1.7808915014356408,3.120458244510689e-05,2.8850696641308465e-06,6.364058772691885e-14,2.941996249771681e-15,2.388944355088217e-14,1.7528561362907018e-14,0.29009089321348736,0.4257006666298302,8.233744705436607e-11,6.422032659063111e-11,0.23578613273127302,0.19480492248567596,1.914693266175016e-06,2.8982744359321767e-06,6.932708990710641e-05,0.00010814540685170135,9.445378790242904e-18,6.0761932392977204e-18,6.818936924895885e-07,4.7018363220614075e-07,0.4340025485570525,0.3193193703419379,0.0027963599003997175,0.0035921426550283827,0.008815724935007862,0.017792907964147564,1.3323049281749701e-12,1.773039910993321e-12,0.0001448930192165611,0.00019952271386272692,3.078583081742064e-06,4.523951032087187e-06,0.009960396239988543,0.01281500586438385,4.698231641525363e-10,6.261917258414178e-10,0.006004040354599152,0.008279887416265485,1.2026164725684077e-23,2.2629006186627502e-23,4.593858048246336e-28,2.951006056360638e-28,1.3107295830773735e-09,9.631730784390878e-10,1.1463229470668831e-20,1.5257441901742537e-20,1.836820726802737e-21,2.19173519513874e-21,1.9803607402915236e-08,2.4545590326092162e-08,1.7871758524133746e-42,3.36316332903438e-42,0.010146152672467174,0.013035386670966096,5.45802870530566e-31,9.99999999999638e-31,0.0021466298661694935,0.0043412381712597935,2.868103117226835e-14,5.6619349389801593e-14
0.099,610.9572225760487,15.127471213818902,0.057967168491972136,1.7981426459371785,2.9899709002183474e-05,2.7645357262948155e-06,6.466729205222895e-14,2.9895782461975203e-15,2.4740791814875982e-14,1.8153950654729503e-14,0.2898882674699476,0.42542028100088414,8.409196363688963e-11,6.559140335559508e-11,0.23609392517292566,0.19506699620361012,1.9215928988927454e-06,2.908834402013419e-06,6.837774679503269e-05,0.00010666875112932318,9.815846939908292e-18,6.314766438138789e-18,6.916626578717994e-07,4.769386071087388e-07,0.4337651076585145,0.3191573974783517,0.0028325298654666782,0.0036387508830317415,0.008830055276158901,0.017822541719760932,1.3705253185506211e-12,1.8239765758765377e-12,0.00014600470121201665,0.0002010615552144995,3.120028474315196e-06,4.585037489133056e-06,0.010087877723673516,0.012979540547337956,4.775611620777367e-10,6.365304970379625e-10,0.005959872943679516,0.008219305951978768,1.2840891224047576e-23,2.4162997916921087e-23,5.076465262884594e-28,3.2611536769994056e-28,1.310673435572716e-09,9.631702224523056e-10,1.171014669057757e-20,1.5586707681090642e-20,1.988298406658156e-21,2.372576318293185e-21,1.980282168451412e-08,2.4545595143285936e-08,1.9613753641538827e-42,3.691124581789433e-42,0.010145748127441017,0.013035386670966095,5.45781108406176e-31,9.999999999996371e-31,0.0021465786445136813,0.00434130767871839,3.0177681143472296e-14,5.957626807107633e-14
0.1,612.0831008223342,15.107624528324179,0.058043319190576204,1.815371157572026,2.8625250248914084e-05,2.6468052254451908e-06,6.579109270986116e-14,3.0416538974854117e-15,2.5642455588097217e-14,1.8816316691790807e-14,0.2896813398907435,0.4251336859966454,8.593127008930068e-11,6.702874778442904e-11,0.23640825264890475,0.195334548493001,1.928886769953273e-06,2.919992884694324e-06,6.743202443074513e-05,0.00010519765746426794,1.0209611887387402e-17,6.568348593314971e-18,7.017976354600503e-07,4.839466596806491e-07,0.43352192981540466,0.31899128515806674,0.002869565075906066,0.0036864754872701785,0.008844846138997267,0.01785311269514143,1.4107124268582016e-12,1.877535390338667e-12,0.00014714078482720442,0.00020263418405319587,3.162809096429423e-06,4.64809246354825e-06,0.010217185739874395,0.01314644245488845,4.856710407582473e-10,6.473659763319642e-10,0.005915999143975351,0.00815912701821415,1.3728686514777024e-23,2.5834620354932748e-23,5.625495635101149e-28,3.613999467444567e-28,1.3106167527610265e-09,9.631672590247552e-10,1.1978255917453715e-20,1.5944213052098222e-20,2.1573207852911446e-21,2.5743690213330008e-21,1.9802030228303133e-08,2.4545600141700163e-08,2.1569339522705663e-42,4.0593105779529665e-42,0.01014534056797011,0.013035386670966096,5.457591841225274e-31,9.999999999996375e-31,0.002146527739432106,0.004341379121931705,3.178001486880762e-14,6.274208860928213e-14
0.101,613.2364656620057,15.087355702772092,0.058121296401050654,1.8325765549379032,2.7381107531135378e-05,2.5318693069834596e-06,6.702077484386317e-14,3.0986300054603757e-15,2.659854795627749e-14,1.9518683074969332e-14,0.2894698966537663,0.42484057263701297,8.786168094611619e-11,6.853729579663306e-11,0.23672944033934026,0.19560785163545688,1.9366009902616855e-06,2.9317895352403273e-06,6.648984840048056e-05,0.00010373201054716364,1.0628756688949245e-17,6.838282021190632e-18,7.12322301123809e-07,4.912241605245701e-07,0.4332727331041912,0.3188208296650541,0.002907506076021122,0.003735368784779498,0.008860122149906927,0.017884670986120937,1.4530182429973418e-12,1.933919038237885e-12,0.00014830245585357882,0.00020424224173303887,3.2070031745865324e-06,4.713231280593808e-06,0.010348411857665525,0.01331583003075517,4.941808574890609e-10,6.587356422523006e-10,0.005872431755844016,0.008099368375667116,1.4697938942319455e-23,2.765967777040639e-23,6.252088709279571e-28,4.016705634965967e-28,1.3105595085941598e-09,9.631641822369251e-10,1.2269600611818926e-20,1.6332682114404082e-20,2.3464379744269734e-21,2.800159264286482e-21,1.980123277013025e-08,2.4545605331319214e-08,2.3770355912499287e-42,4.4737189799025386e-42,0.010144929854603472,0.013035386670966084,5.457370901779843e-31,9.999999999996377e-31,0.0021464771749952725,0.0043414526095586665,3.34978880042679e-14,6.613629835124492e-14
0.10200000000000001,614.4187109706733,15.066644382898891,0.058201192675935425,1.849758333420829,2.6167181999143917e-05,2.419719097956752e-06,6.836615306525687e-14,3.1609610509692764e-15,2.7613625204758733e-14,2.0264399269023405e-14,0.28925370765821523,0.42454060838207563,8.989014910033422e-11,7.012248236735086e-11,0.23705783820393933,0.19588719864756857,1.9447639405396464e-06,2.9442674523629083e-06,6.555113692072023e-05,0.00010227168358019589,1.1075608093665905e-17,7.126066098885331e-18,7.232624776085218e-07,4.987889648286198e-07,0.43301721408561966,0.3186458117083543,0.002946396358585346,0.0037854868976853378,0.008875909901736832,0.017917270687076388,1.497610583859987e-12,1.9933513124161697e-12,0.00014949099098610606,0.00020588749542320545,3.2526956653722804e-06,4.780579187568633e-06,0.010481654655993293,0.013487830785022808,5.031215246338135e-10,6.706807875493778e-10,0.005829184582535298,0.008040049176424948,1.5758228069691562e-23,2.96562192095824e-23,6.969582838574216e-28,4.47784836093953e-28,1.3105016751286114e-09,9.631609857063704e-10,1.2586474681407707e-20,1.6755172898132708e-20,2.5586438117723456e-21,3.0535231072258486e-21,1.9800429027323893e-08,2.4545610722908244e-08,2.62542849586733e-42,4.941410506577881e-42,0.01014451583808012,0.013035386670966088,5.457148185431903e-31,9.999999999996389e-31,0.0021464269777339505,0.004341528259458236,3.5342324802518443e-14,6.978069576599243e-14
0.10300000000000001,615.6313388335657,15.04546868861571,0.058283107748741014,1.8669159634550923,2.4983374918693365e-05,2.310345735844698e-06,6.983822205404891e-14,3.2291561697859206e-15,2.869274676548036e-14,2.105718468486346e-14,0.28903252486383785,0.4242334347238178,9.202434798979154e-11,7.179030578574856e-11,0.23739382351283986,0.19617290539699378,1.9534065289226956e-06,2.957473573475451e-06,6.461580022419381e-05,0.00010081653731902138,1.1552772017685059e-17,7.433380130489228e-18,7.346463866641672e-07,5.066605867293689e-07,0.43275504560058675,0.31846599482290905,0.0029862826549433533,0.0038368901276374474,0.008892238162401199,0.017950970314909106,1.5446751805735941e-12,2.056079898853337e-12,0.00015070776709842092,0.00020757185094522944,3.299979016009871e-06,4.8502724751312284e-06,0.01061702043738321,0.01366258221722555,5.125271793676307e-10,6.832470131983192e-10,0.0057862725421547224,0.00798119011922486,1.6920528203300646e-23,3.184492208245651e-23,7.794015217990598e-28,5.007739401573337e-28,1.3104432223447697e-09,9.631576625399744e-10,1.2931460410828667e-20,1.7215127943667495e-20,2.797465914083855e-21,3.3386743092771293e-21,1.979961869700526e-08,2.4545616328093934e-08,2.906541955704715e-42,5.4707290884476414e-42,0.010144098358431079,0.013035386670966083,5.456923606127624e-31,9.999999999996394e-31,0.002146377176954976,0.004341606199715405,3.732568876039958e-14,7.369972798462058e-14
0.10400000000000001,616.8759710105014,15.02380505664401,0.058367149294253295,1.8840488886037676,2.382958816946711e-05,2.203740414700108e-06,7.144933427909593e-14,3.303787384710447e-15,2.9841545194167114e-14,2.1901180138147063e-14,0.2888060803856115,0.4239186644231676,9.427276710775996e-11,7.354740233153029e-11,0.23773780375054585,0.19646531303032175,1.9625624878266644e-06,2.971459125588472e-06,6.368373978165836e-05,9.936641885867735e-05,1.2063175319241136e-17,7.762110274997393e-18,7.46504939637914e-07,5.148604002747981e-07,0.4324858742405864,0.3182811235342478,0.003027215267280291,0.0038896433846508822,0.008909138114418411,0.017985833295888185,1.5944181102810061e-12,2.1223796204192025e-12,0.00015195427198256108,0.00020929736763616446,3.348954041647042e-06,4.92245977070293e-06,0.010754624047098591,0.013840232875761515,5.224356141365665e-10,6.964848035255751e-10,0.005743711796367716,0.00792281362793214,1.8197453080794147e-23,3.424955333983433e-23,8.744751268011323e-28,5.618830892313273e-28,1.3103841179400956e-09,9.631542052792979e-10,1.3307473395622638e-20,1.7716434222680612e-20,3.067076691283939e-21,3.6605969761037446e-21,1.9798801454157514e-08,2.454562215945652e-08,3.225631108930115e-42,6.071574675805074e-42,0.010143677243952293,0.01303538667096609,5.456697071500399e-31,9.999999999996403e-31,0.0021463278051069667,0.00434168656982389,3.946188347434517e-14,7.792088809753095e-14
0.105,618.1543619555821,15.0016280622787,0.05845343379188543,1.9011565234359717,2.270572480668132e-05,2.099894437144347e-06,7.32134100480295e-14,3.38549933536995e-15,3.106630800008578e-14,2.2801008024713444e-14,0.28857408432940723,0.4235958783709336,9.66448231353452e-11,7.540113316649645e-11,0.23809021991494328,0.19676479073104908,1.972268714732407e-06,2.9862801429103786e-06,6.27548474645479e-05,9.792116032725248e-05,1.2610115136649524e-17,8.114381349782579e-18,7.588720722833803e-07,5.234118709668231e-07,0.43220931747339797,0.31809092127264615,0.0030692484447611824,0.0039438166725703945,0.00892664362792327,0.018021928520505135,1.6470686323421407e-12,2.1925562201320586e-12,0.0001532321165355575,0.00021106627521414186,3.3997309319442066e-06,4.9973035225061025e-06,0.010894589803693304,0.014020943561362093,5.328887780036758e-10,7.104501960515367e-10,0.005701519897466788,0.007864944055480475,1.9603551231566703e-23,3.6897526167452565e-23,9.8452809941467e-28,6.3262275609505225e-28,1.3103243270956553e-09,9.631506058384998e-10,1.3717815891141402e-20,1.8263494281784372e-20,3.3724308686132415e-21,4.025209885281889e-21,1.9797976949454638e-08,2.454562823063434e-08,3.5889572326746824e-42,6.755742981987433e-42,0.01014325231004913,0.013035386670966095,5.456468482249261e-31,9.999999999996403e-31,0.0021462788982038418,0.004341769522041146,4.1766589718540844e-14,8.247518410961389e-14
0.106,619.4684135166926,14.978910219141316,0.058542087500352724,1.9182382511757619,2.1611689611258296e-05,1.9987992653207553e-06,7.514618638594074e-14,3.4750208068329203e-15,3.237407358890357e-14,2.3761842875635053e-14,0.2883362223476333,0.42326462204169435,9.915098942366252e-11,7.735968557479394e-11,0.23845155024360762,0.19707173883452592,1.9825656624939215e-06,3.001998059672632e-06,6.182900465672158e-05,9.648057750001562e-05,1.3197317342428568e-17,8.492594511001514e-18,7.717851301982036e-07,5.323408223200894e-07,0.43192496039564404,0.31789508801581656,0.003112440806347754,0.003999485634800037,0.008944791570501718,0.01805933097314137,1.7028825028793866e-12,2.266950782558334e-12,0.00015454304846391237,0.00021288099274535617,3.4524304029296874e-06,5.074981697800305e-06,0.0110370525497562,0.014204888686028367,5.439333610421549e-10,7.252055623025666e-10,0.0056597159559682786,0.007807607916272076,2.1155664062247822e-23,3.982057491820296e-23,1.1124231730617618e-27,7.148338135671585e-28,1.310263812214722e-09,9.631468554341266e-10,1.4166240340672173e-20,1.8861310962359827e-20,3.71943660915364e-21,4.4395709662524504e-21,1.979714480684614e-08,2.454563455644241e-08,4.0040134669465607e-42,7.537350853118624e-42,0.010142823357950151,0.013035386670966112,5.456237731446954e-31,9.999999999996407e-31,0.002146230496315726,0.0043418552229362835,4.425754624288216e-14,8.73976943865266e-14
0.107,620.8201917315557,14.955621750999144,0.058633247571289744,1.9352934210908197,2.054738974474159e-05,1.900446581555585e-06,7.726551369888293e-14,3.5731784719457314e-15,3.3772744344171925e-14,2.4789494517073756e-14,0.2880921528453866,0.42292440144000937,1.0180294772371092e-10,7.943219159973383e-11,0.23882231447344793,0.19738659238846953,1.993497789816901e-06,3.018680394348866e-06,6.090608122271772e-05,9.504446818969798e-05,1.3829006158435628e-17,8.899472129283313e-18,7.852853156124461e-07,5.416757448517027e-07,0.4316323520196494,0.3176932975930389,0.0031568558223014683,0.004056732175782013,0.008963622162531293,0.01809812245418846,1.7621458704079242e-12,2.3459449304130364e-12,0.00015588896797168232,0.00021474415035607744,3.507185027515396e-06,5.155689744531075e-06,0.011182158852971098,0.014392257826355956,5.556214799218701e-10,7.408205238378851e-10,0.00561832083339579,0.007750834153500043,2.287336225881102e-23,4.30555776757753e-23,1.2616663762200047e-27,8.10770872686291e-28,1.3102025326259483e-09,9.631429445048741e-10,1.4657025463708456e-20,1.9515588872097326e-20,4.11516960607007e-21,4.9121331330721505e-21,1.979630462082542e-08,2.4545641153007772e-08,4.479809076977498e-42,8.43337196512882e-42,0.010142390173251751,0.013035386670966116,5.45600470375706e-31,9.999999999996408e-31,0.002146182644140918,0.004341943855174955,4.695488399552789e-14,9.27282287923772e-14
0.108,622.2119461854086,14.931730329204493,0.05872706333262692,1.952321345581715,1.951273557710178e-05,1.8048283650362398e-06,7.959171140645877e-14,3.680913365543884e-15,3.527122062972291e-14,2.589050661673301e-14,0.2878415037595108,0.4225746784264063,1.0461376697902822e-10,8.162886784228005e-11,0.23920307875222238,0.19770982525806144,2.005114085530089e-06,3.0364015459526527e-06,5.9985934268687014e-05,9.361261031343917e-05,1.4509987507518673e-17,9.33811152116224e-18,7.994182082312303e-07,5.514481562871718e-07,0.431331000991186,0.3174851945756756,0.0032025623675419872,0.004115645175211035,0.008983179387926555,0.01813839241473062,1.8251798799215046e-12,2.429966966280462e-12,0.00015727194589702212,0.00021665861433252392,3.5641407836649485e-06,5.239642873865165e-06,0.011330068391183197,0.014583257514789803,5.680114868859616e-10,7.573730331498369e-10,0.0055773573654671026,0.007694654448630956,2.4779480613191946e-23,4.664556435757862e-23,1.4365737380737006e-27,9.232095157398575e-28,1.3101404442430396e-09,9.631388626192012e-10,1.5195067903206897e-20,2.0232856608069472e-20,4.5681422420903245e-21,5.453065929574162e-21,1.9795455953306342e-08,2.454564803792537e-08,5.027229680906403e-42,9.464315695787602e-42,0.010141952524253754,0.013035386670966102,5.4557692745386155e-31,9.999999999996401e-31,0.002146135391676413,0.004342035619593983,4.98815260351427e-14,9.851211978466624e-14
0.109,623.6461320715551,14.907200775102728,0.05882369775105251,1.9693212969318001,1.8507641526964307e-05,1.711936969662555e-06,8.214799527938902e-14,3.7993006806826265e-15,3.6879559912043196e-14,2.7072273705914355e-14,0.28758386888652576,0.42221486538723063,1.0759811426238782e-10,8.396118039558403e-11,0.23959446123867575,0.19804195480620057,2.0174686752101143e-06,3.0552437154304103e-06,5.9068406852339454e-05,9.218475987999092e-05,1.5245749147398803e-17,9.812049500097489e-18,8.142343719313417e-07,5.61693021146823e-07,0.4310203707053526,0.3172703907295266,0.003249635349228274,0.004176321298080347,0.009003511464859322,0.018180238913066027,1.8923461215129073e-12,2.5194991410446263e-12,0.00015869424430440954,0.00021862751562036505,3.6234588450582282e-06,5.327078700294666e-06,0.01148095553118798,0.014778113281452608,5.811689247633909e-10,7.749506497067281e-10,0.005536850618991853,0.0076391035776181525,2.690077662340293e-23,5.064095814800061e-23,1.6424871426045795e-27,1.0555851479690433e-27,1.3100774991804922e-09,9.631345983698588e-10,1.5785992943461092e-20,2.102061441577263e-20,5.088643964769042e-21,6.07466228871266e-21,1.9794598330121496e-08,2.4545655230435614e-08,5.6594965150077494e-42,1.0655092661711383e-41,0.010141510160092192,0.013035386670966105,5.455531308841677e-31,9.999999999996414e-31,0.0021460887950029953,0.004342130737595458,5.306366762506284e-14,1.04801172142146e-13
0.11,625.1254360824591,14.88199471047891,0.05892332914830606,1.9862925036584782,1.7532027286118434e-05,1.6217652374851397e-06,8.496099592890006e-14,3.9295737877588144e-15,3.860916743793522e-14,2.8343181409746715e-14,0.287318803571665,0.4218443189770368,1.1077250630557571e-10,8.644204152115563e-11,0.23999713867793182,0.19838354738843497,2.0306215377988946e-06,3.0752979941051034e-06,5.8153326333177776e-05,9.076064841611044e-05,1.604258194489273e-17,1.0325340556686865e-17,8.297900713246245e-07,5.724492463140324e-07,0.430699873570931,0.3170484608485566,0.0032981564420546893,0.004238865943714223,0.009024671399006983,0.018223769738883306,1.9640531453239877e-12,2.6150863448734426e-12,0.00016015834083354385,0.0002206542835208652,3.685317697184183e-06,5.418260361484763e-06,0.011635011183193942,0.014977072052367929,5.951676680527123e-10,7.93652064621731e-10,0.005496828193856975,0.007584219829644449,2.9268747297515437e-23,5.510111517197238e-23,1.8860556780001798e-27,1.2121739855986063e-27,1.310013645303833e-09,9.63130139250335e-10,1.6436289473268167e-20,2.1887514185690176e-20,5.689174176763254e-21,6.791855865293284e-21,1.9793731236926655e-08,2.45456627516333e-08,6.392756281648025e-42,1.203612638179621e-41,0.010141062808554856,0.0130353866709661,5.455290660232191e-31,9.999999999996387e-31,0.0021460429172164494,0.0043422294539733515,5.6531357035498175e-14,1.1165481193407248e-13
0.111,626.6528061048401,14.856070159121144,0.0590261531694849,2.0032341464101013,1.6585819039690742e-05,1.5343066117782043e-06,8.80613885264689e-14,4.073153406991767e-15,4.0473024930039134e-14,2.9712774640166834e-14,0.28704581976237353,0.4214623329362847,1.1415560906793641e-10,8.908604389141103e-11,0.24041185394736533,0.1987352246583502,2.0446393410883343e-06,3.0966656326826456e-06,5.724050263534284e-05,8.933998025631597e-05,1.6907727143932e-17,1.0882651797741631e-17,8.461481134431158e-07,5.837602631450772e-07,0.4303688644262606,0.3168189379706634,0.0033482149270318644,0.004303394328419229,0.00904671762197198,0.01826910371045281,2.0407642467709736e-12,2.717346492947124e-12,0.00016166695646819014,0.00022274268412189583,3.749915604116287e-06,5.513480155221616e-06,0.011792444928530677,0.015180404901116575,6.100912828217618e-10,8.135889177245573e-10,0.00545732057283905,0.007530045492163678,3.1920647242656924e-23,6.009624363455384e-23,2.17560480011338e-27,1.3983305406250296e-27,1.3099488257190983e-09,9.631254715130044e-10,1.7153474842484284e-20,2.2843579322371196e-20,6.384996107820558e-21,7.622882969510927e-21,1.9792854114586336e-08,2.454567062470678e-08,7.24684377220677e-42,1.3644790601125942e-41,0.010140610173618702,0.013035386670966107,5.4550471694673385e-31,9.999999999996396e-31,0.0021459978295269586,0.004342332040200859,6.031920023476225e-14,1.1914148060157207e-13
0.112,628.2314857801998,14.829381084768904,0.059132385073679815,2.0201453533359506,1.5668950915807467e-05,1.44955527138811e-06,9.148466337032217e-14,4.231683306437346e-15,4.248596678964942e-14,3.119196073137762e-14,0.28676438024906414,0.42106812972728674,1.1776859712093102e-10,9.190974160820133e-11,0.24083942484374277,0.19909767090954741,2.0595964269007917e-06,3.1194595376351e-06,5.632972621284608e-05,8.792242936828286e-05,1.7849556402197322e-17,1.1489379012348038e-17,8.633788442789059e-07,5.956747166835596e-07,0.43002663286996357,0.31658130780366917,0.0033999086636676496,0.004370032740333921,0.009069714737571531,0.01831637219093638,2.1230068384932905e-12,2.826983028113144e-12,0.0001632230878893794,0.0002248968650732555,3.817473517393279e-06,5.613063828210822e-06,0.011953487497376736,0.015388410253133047,6.26034660198925e-10,8.348879802285756e-10,0.005418361531646358,0.00747662741944579,3.490076643447541e-23,6.570981252424236e-23,2.5216241176654416e-27,1.6208014254137908e-27,1.3098829781831405e-09,9.63120580003949e-10,1.794629771257215e-20,2.3900475291255268e-20,7.194849671854706e-21,8.590134530129494e-21,1.9791966353872096e-08,2.4545678875215798e-08,8.2462755462023e-42,1.5527282139358172e-41,0.010140151932619043,0.013035386670966079,5.4548006629726325e-31,9.999999999996382e-31,0.0021459536125672577,0.004342438798299261,6.446722154419084e-14,1.27340337613948e-13
0.113,629.8650551986246,14.80187684816042,0.05924226243092135,2.037025194837042,1.4781366838840783e-05,1.3675063024791907e-06,9.527207587899573e-14,4.407074313061967e-15,4.466501600724398e-14,3.279325649170731e-14,0.2864738918811481,0.42066085068065295,1.2163558809559397e-10,9.49319899200767e-11,0.2412807544353681,0.19947164172453483,2.0755759837920003e-06,3.1438060524063495e-06,5.542076562758011e-05,8.650763557431173e-05,1.887779348420394e-17,1.2151789595461388e-17,8.81561339130287e-07,6.082472889160043e-07,0.42967239422362763,0.31633500215598503,0.003453345230831481,0.004438920011989892,0.009093734403577514,0.018365720879830256,2.2113838153632627e-12,2.944800082584611e-12,0.00016483004568328474,0.0002271214084630022,3.888238540201268e-06,5.717375683582577e-06,0.012118393688295042,0.015601417661269483,6.431059942955781e-10,8.57693797651338e-10,0.005379988624184937,0.007424017705422096,3.8262045764035073e-23,7.204159712521515e-23,2.9374169075362154e-27,1.8881432156508557e-27,1.3098160344136728e-09,9.631154479687156e-10,1.8824989514888972e-20,2.50718450010072e-20,8.141875367024372e-21,9.721260317784463e-21,1.9791067289282583e-08,2.4545687531420272e-08,9.421555379312341e-42,1.7741081415973036e-41,0.010139687732948018,0.013035386670966088,5.454550951065931e-31,9.999999999996373e-31,0.0021459103579613238,0.0043425500654374755,6.902192198250693e-14,1.3634335425988884e-13
0.114,631.557478601927,14.773501573450405,0.05935604828341966,2.053872677594403,1.3923022655215574e-05,1.2881558955640458e-06,9.947182386064003e-14,4.6015588540535854e-15,4.702979463322815e-14,3.453109009774115e-14,0.2861736976108594,0.42023954443647205,1.2578416979888964e-10,9.817435740843317e-11,0.24173684320507544,0.19985797411891848,2.092671441914615e-06,3.1698470760720484e-06,5.451336477107873e-05,8.509520021683072e-05,2.0003788772145853e-17,1.2877199526002127e-17,9.007848265709159e-07,6.215396836147176e-07,0.42930527892813414,0.31607939122663714,0.003508643257706981,0.004510209238263437,0.009118856370578517,0.018417311923550946,2.3065873930438694e-12,3.0717209398269733e-12,0.00016649149906928644,0.00022942139271793158,3.962488049320618e-06,5.826824658246268e-06,0.012287445793025124,0.015819792234763385,6.614291850849558e-10,8.821719006119724e-10,0.005342243755714487,0.007372274478378053,4.2068134013641857e-23,7.921155677210109e-23,3.439971688353913e-27,2.2112831919056466e-27,1.3097479192874182e-09,9.631100568244518e-10,1.980157793049278e-20,2.637372691552408e-20,9.254819576452533e-21,1.1050609538265493e-20,1.9790156191905754e-08,2.4545696624663974e-08,1.0810903828929473e-41,2.0358212448184e-41,0.010139217188239399,0.013035386670966063,5.454297825905132e-31,9.999999999996368e-31,0.0021458681702086727,0.004342666219392321,7.403758810472497e-14,1.4625790306246587e-13
0.115,633.3131609445998,14.744193399339617,0.05947403489350419,2.0706867377433507,1.3093888769825971e-05,1.2115015898627174e-06,1.041405183472356e-13,4.817759099861373e-15,4.960302916855782e-14,3.642217280678835e-14,0.28586306705545284,0.4198031532304883,1.3024604493993774e-10,1.0166163014684344e-10,0.24220880345689463,0.20025759857557063,2.110988149780233e-06,3.1977426101734076e-06,5.360723962460261e-05,8.36846811037173e-05,2.1240861852338846e-17,1.3674194237585113e-17,9.211504067247939e-07,6.356218147359968e-07,0.42892431995984515,0.3158137744535958,0.003565933995388398,0.004584069804942225,0.009145169718967366,0.018471326428430582,2.4094160916573983e-12,3.20881069264351e-12,0.0001682115290117486,0.00023180246610539075,4.0405346485876266e-06,5.941871626230352e-06,0.012460957660254197,0.016043939894451867,6.811467820369863e-10,9.085127382485876e-10,0.0053051738667721626,0.007321462849215595,4.6396028498771784e-23,8.736481303563638e-23,4.051141241440033e-27,2.60427790818496e-27,1.3096785498970172e-09,9.631043858900814e-10,2.0890280876262073e-20,2.7825080553738416e-20,1.0569617959337309e-20,1.2621123388554437e-20,1.9789232261064075e-08,2.4545706189829403e-08,1.2462571110084064e-41,2.3469602432840937e-41,0.010138739873900935,0.013035386670966069,5.454041059084756e-31,9.999999999996378e-31,0.0021458271689667055,0.004342787685096582,7.957792287270867e-14,1.5720998436975006e-13
0.116,635.137014953932,14.713883595383184,0.05959654818691408,2.0874662330400193,1.2293953259721346e-05,1.137542561924128e-06,1.0934503346714556e-13,5.058772669626839e-15,5.241117663373147e-14,3.848595943645698e-14,0.28554118530176625,0.4193504966224692,1.3505782379877992e-10,1.054224315574165e-10,0.2426978764089717,0.20067155332134826,2.130645392246379e-06,3.2276738238645505e-06,5.270207445728378e-05,8.227558657667427e-05,2.2604731981594323e-17,1.4552906152282935e-17,9.427731321425376e-07,6.505732456187006e-07,0.4285284378959877,0.31553736964952855,0.003625363170731198,0.004660689781662559,0.00917277433322647,0.018527967455669044,2.5207956966216702e-12,3.357304207722802e-12,0.00016999469114420556,0.00023427093381524778,4.122732135420053e-06,6.063038195753845e-06,0.012639279517676832,0.016274313608583613,7.024236085591791e-10,9.369365214312508e-10,0.005268831750244815,0.007271656044303533,5.133949273606081e-23,9.667809293168674e-23,4.799251522049281e-27,3.0853483826755366e-27,1.3096078344430057e-09,9.630984120662042e-10,2.2108005171183187e-20,2.9448451626187325e-20,1.213149107541195e-20,1.4486839948971584e-20,1.9788294614566624e-08,2.454571626587836e-08,1.4437960083563588e-41,2.719096849274082e-41,0.010138255321897249,0.013035386670966034,5.453780398829513e-31,9.99999999999635e-31,0.0021457874918245955,0.004342914942505939,8.571809173818474e-14,1.6934827450891482e-13
0.117,637.0345418909542,14.682495500421652,0.05972395310345682,2.1042099338172897,1.1523225874688209e-05,1.0662799964480698e-06,1.1516485560407035e-13,5.328281470824385e-15,5.548520725431548e-14,4.074522404705966e-14,0.28520713941692416,0.41888025188766764,1.4026200845960325e-10,1.0948999207765578e-10,0.243205452792301,0.20110100153047533,2.151778852307308e-06,3.2598467931502314e-06,5.179751722347185e-05,8.086736833051353e-05,2.4114064042583577e-17,1.5525366680003293e-17,9.657845558334115e-07,6.664849512916482e-07,0.42811642291238877,0.3152492999036379,0.003687093210110257,0.004740278792288582,0.009201782684340196,0.01858746364207511,2.6418053769882823e-12,3.5186409714922887e-12,0.00017184609172590155,0.00023683386307478489,4.209482782228263e-06,6.190917444941791e-06,0.012822803784772147,0.016511420909620537,7.254512708764707e-10,9.676992478873318e-10,0.005233277040405144,0.0072229367767437215,5.701352233215536e-23,1.0736814851292663e-22,5.721316931771191e-27,3.678305478528007e-27,1.3095356709093196e-09,9.63092109450229e-10,2.3474983777815086e-20,3.1270822024613055e-20,1.3997739126097485e-20,1.671623484707889e-20,1.9787342277104397e-08,2.454572689650067e-08,1.6815888544336428e-41,3.167085220640451e-41,0.01013776301453729,0.013035386670965994,5.4535155666523145e-31,9.999999999996328e-31,0.002145749297710537,0.004343048536178348,9.254731272276781e-14,1.8284925033981154e-13
0.11800000000000001,639.0119281596634,14.649943260309055,0.0598566599970845,2.1209165125012444,1.0781742730769424e-05,9.977175213850882e-07,1.216950871091779e-13,5.630690868221383e-15,5.88615888562558e-14,4.322678400077951e-14,0.28485990230223857,0.41839093053952914,1.4590822059495304e-10,1.1390310930002131e-10,0.24373309751174513,0.201547251918477,2.174543609222011e-06,3.294497054821003e-06,5.0893174279226076e-05,7.945941316965436e-05,2.5791165981855376e-17,1.6605955894313222e-17,9.903358570568508e-07,6.834614804096288e-07,0.4276869132235201,0.31494857788985636,0.0037513058835976104,0.0048230714280656705,0.00923232197505877,0.018650073557703085,2.773710400691064e-12,3.694508738084204e-12,0.00017377147832290342,0.00023949920864321848,4.3012462073678884e-06,6.326187001340836e-06,0.013011972032668533,0.016755832894452694,7.504537910946052e-10,1.0011002296765207e-09,0.0051985774066487,0.007175398901401599,6.35602340236192e-23,1.197028598319348e-22,6.866119334001234e-27,4.4145311188343544e-27,1.3094619454965683e-09,9.630854488758717e-10,2.5015596212650434e-20,3.332470415747628e-20,1.6241498139502208e-20,1.9396711341639832e-20,1.97863741666382e-08,2.4545738130891137e-08,1.9698470958791793e-41,3.710170717446195e-41,0.010137262377180226,0.013035386670966001,5.45324625343044e-31,9.999999999996326e-31,0.002145712771083392,0.004343189086909197,1.0017215906560418e-13,1.9792372379514957e-13
0.11900000000000001,641.0761632330241,14.616130291510093,0.05999513244748863,2.1375845313755297,1.0069572415568636e-05,9.318617738947432e-07,1.2905033037826811e-13,5.971309645783237e-15,6.258353835004114e-14,4.596242049130825e-14,0.28449831297372224,0.41788084965181405,1.5205475084367803e-10,1.187073596176318e-10,0.24428257977076795,0.20201178389638794,2.199117848910796e-06,3.331895242264699e-06,4.998860385516983e-05,7.805103282461099e-05,2.7662889422267738e-17,1.781198321734546e-17,1.016601726039289e-06,7.016236421137884e-07,0.42723836873887305,0.3146340866896993,0.003818205518514572,0.004909331395689311,0.00926453676948706,0.0187160910470485,2.9180035772832805e-12,3.8868988221976644e-12,0.00017577735076584078,0.00024227596636313876,4.398550361428477e-06,6.4696252402985765e-06,0.013207283488997653,0.017008195222252016,7.77694730416193e-10,1.0374916120786878e-09,0.00516481001832413,0.007129149445772847,7.115671772353688e-23,1.3401603926400073e-22,8.29852997419227e-27,5.335759363704039e-27,1.309386530724831e-09,9.630783973518432e-10,2.6759436615944377e-20,3.564956566587004e-20,1.8956829420284796e-20,2.2640684409126944e-20,1.978538907799485e-08,2.4545750024695987e-08,2.3219336086766673e-41,4.3735390393888197e-41,0.010136752769441221,0.013035386670965998,5.452972114674816e-31,9.999999999996308e-31,0.002145678127155658,0.004343337306102824,1.0872081463590495e-13,2.1482526172283314e-13
0.12,643.2351835661849,14.580947415625474,0.060139896792247134,2.154212428218361,9.386823562884311e-06,8.687231025451976e-07,1.3736975677168092e-13,6.356584871288721e-15,6.670262606880682e-14,4.899005863912985e-14,0.2841210524815987,0.4173480968298493,1.587705286932067e-10,1.2395663873845537e-10,0.2448559098664782,0.20249627829145672,2.22570747083422e-06,3.372354083010972e-06,4.90833082964434e-05,7.664145184459272e-05,2.976180363606272e-17,1.9164444374752255e-17,1.044785219451529e-06,7.211118643546539e-07,0.42676903887568773,0.3143045563544876,0.0038880228986774177,0.004999356550544875,0.009298592220225976,0.0187858517836863,3.076458168254377e-12,4.098176693288757e-12,0.00017787109648227794,0.00024517436044383013,4.502005176739031e-06,6.62213141019339e-06,0.013409305428861264,0.017269241551213465,8.074862628684619e-10,1.0772904991762241e-09,0.0051320633458322865,0.007084311107008334,8.002562208968631e-23,1.5072739017381692e-22,1.010563939484683e-26,6.498021054797851e-27,1.3093092831430851e-09,9.630709173774202e-10,2.874271775511489e-20,3.829370228957399e-20,2.2265673791412348e-20,2.659389440209926e-20,1.978438566320956e-08,2.4545762641167546e-08,2.75552585690686e-41,5.190509011930111e-41,0.010136233474644641,0.013035386670966006,5.4526927648564365e-31,9.999999999996305e-31,0.002145645618434441,0.0043434940135707815,1.1834860814067247e-13,2.3386113623143096e-13
0.121,645.4980497151179,14.54427057536689,0.06029155385723276,2.1707984993348552,8.733654427797324e-06,8.083164549917776e-07,1.4682379496379992e-13,6.7944118029129616e-15,7.128085348686036e-14,5.2355295820529435e-14,0.28372661425353884,0.41679048705946,1.6613765156708543e-10,1.2971513955065665e-10,0.24545538451593585,0.20300265518665117,2.2545518589539573e-06,3.416237164495604e-06,4.817672463599508e-05,7.522979288928072e-05,3.2127742564408685e-17,2.068901890580366e-17,1.0751238833208656e-06,7.420904288951849e-07,0.4262769228953792,0.3139585350152678,0.003961020034928942,0.00509348505470556,0.009334678062816713,0.018859741382997505,3.2511961164015374e-12,4.331173010520774e-12,0.00018006115706555633,0.0002482060739716539,4.612319679920146e-06,6.784750863871381e-06,0.013618685979332435,0.017539810096134447,8.402008487932705e-10,1.1209945538540976e-09,0.0051004393939297395,0.007041025348081875,9.044960043802403e-23,1.7036974486048704e-22,1.2405544801515336e-26,7.977298781828915e-27,1.3092300405409954e-09,9.630629661008976e-10,3.101013757092458e-20,4.1316727799097187e-20,2.6327432944300262e-20,3.144686186253362e-20,1.978336240778042e-08,2.4545776052583294e-08,3.2942858120416606e-41,6.205680817202169e-41,0.010135703687073743,0.013035386670965989,5.45240777054745e-31,9.99999999999628e-31,0.0021456155429835973,0.004343660159768252,1.2924528800919584e-13,2.5540671959442003e-13
0.122,647.8751671619335,14.505957999449228,0.060450793580278744,2.187340879356252,8.110285364462327e-06,7.506625347619695e-07,1.5762306767955565e-13,7.29454798469578e-15,7.639337583821874e-14,5.611340441323961e-14,0.28331326709397,0.41620550885844426,1.7425467060270702e-10,1.3605992179690494e-10,0.2460836434198639,0.203533121136335,2.2859312015144594e-06,3.4639700524242775e-06,4.726821300493077e-05,7.381505864589913e-05,3.4809868945954754e-17,2.2417401132180245e-17,1.1078975665420198e-06,7.647528756924378e-07,0.42575972039051885,0.31359435280937753,0.004037496079491802,0.005192103011433508,0.009373013622296712,0.01893820557000707,3.444777074685176e-12,4.58930241157294e-12,0.00018235723614776702,0.0002513845365762886,4.73032371462382e-06,6.9587070876350095e-06,0.01383617010533857,0.017820864299490573,8.762864355204862e-10,1.1692023117000985e-09,0.005070056504375693,0.006999456283212987,1.0279129334375609e-22,1.9362674305249453e-22,1.5360090450471786e-26,9.87772610430565e-27,1.3091486185089536e-09,9.63054494272007e-10,3.361739255083179e-20,4.479292686039026e-20,3.135228576986365e-20,3.745080835872418e-20,1.9782317601576987e-08,2.454579034201412e-08,3.9702949536924316e-41,7.479526751099849e-41,0.010135162496337828,0.013035386670965966,5.452116642011642e-31,9.999999999996272e-31,0.0021455882549788643,0.004343836853920551,1.4164470202115471e-13,2.799246379076974e-13
0.123,650.3785639020276,14.465846656842585,0.06061841339194011,2.203837516995616,7.5170150954638365e-06,6.957893095783322e-07,1.7003048802386863e-13,7.869173758929002e-15,8.213211273068605e-14,6.033198780389978e-14,0.2828790086372877,0.41559025651869524,1.8324090841395074e-10,1.4308428888113552e-10,0.24674374043784741,0.20409022857196737,2.32017586289171e-06,3.51605452618748e-06,4.63570422461811e-05,7.239610938233692e-05,3.7869464105599536e-17,2.4389099080537852e-17,1.1434384940912386e-06,7.893289703279203e-07,0.42521476896037297,0.3132100764602767,0.004117794714736336,0.005295654002984142,0.009413854142996106,0.01902176303396713,3.6603159364499794e-12,4.87672033308944e-12,0.00018477056075513957,0.00025472528610639414,4.856995784975512e-06,7.145442755097141e-06,0.01406261973465478,0.018113518854348334,9.162864799076394e-10,1.222639939197955e-09,0.005041052903551967,0.006959795595987249,1.1752137365008202e-22,2.2138571412582156e-22,1.9193554481515267e-26,1.2343614219035296e-26,1.3090648061631444e-09,9.630454449270803e-10,3.6634607436020535e-20,4.881583040993529e-20,3.76198524559995e-20,4.493997214409786e-20,1.9781249302967377e-08,2.4545805605539898e-08,4.827665256210031e-41,9.095199317782297e-41,0.010134608868080658,0.013035386670965966,5.451818822826658e-31,9.999999999996282e-31,0.00214556417832347,0.004344025399930177,1.558378411265169e-13,3.079905823097189e-13
0.124,653.0222426986472,14.423747782725174,0.0607953415380105,2.220286145701399,6.954242127278182e-06,6.437339968212382e-07,1.8437786640085262e-13,8.533661806081469e-15,8.861059944949373e-14,6.509454913921008e-14,0.2824215062317374,0.41494134402849003,1.9324220476411636e-10,1.5090228148813467e-10,0.24743923400821946,0.20467695126127292,2.357678513454423e-06,3.5730870036807105e-06,4.544237200141004e-05,7.09716349967734e-05,4.1383752072399077e-17,2.6653900424359912e-17,1.182144402388281e-06,8.160937895712461e-07,0.4246389650059238,0.31280345153786593,0.0042023134669242875,0.0054046511133926676,0.00945749887056787,0.01911102184056058,3.901639989984176e-12,5.198532706098298e-12,0.0001873142129619063,0.0002582464275854806,4.993499133754086e-06,7.346672923147178e-06,0.014299039337960942,0.01841907278060502,9.608666593906996e-10,1.2821969310930796e-09,0.005013591237545738,0.0069222688262850695,1.3525853576532615e-22,2.5481308395315986e-22,2.4220389832522303e-26,1.5577306598272448e-26,1.3089783607879744e-09,9.630357517234317e-10,4.015108412500771e-20,5.35045510553284e-20,4.5505573225924193e-20,5.436314947085686e-20,1.9780155294251456e-08,2.454582195506025e-08,5.927993840705114e-41,1.1168815692951036e-40,0.010134041619989523,0.013035386670965965,5.451513676978338e-31,9.999999999996284e-31,0.0021455438244013113,0.004344227342696941,1.7219066220131151e-13,3.4032857769725196e-13
0.125,655.8226339367434,14.379441159150455,0.06098266705941346,2.236684247788763,6.422493500873435e-06,5.94545729087251e-07,2.0108907650188163e-13,9.30765064877325e-15,9.59706026452956e-14,7.050535811578106e-14,0.28193802087375863,0.4142547942858691,2.044386737843842e-10,1.5965474452076671e-10,0.2481743035261714,0.2052967814188229,2.3989100423718426e-06,3.6357827124063555e-06,4.452323007862349e-05,6.954011970297678e-05,4.545122518005899e-17,2.9275306725428015e-17,1.2244959037537267e-06,8.453797322963018e-07,0.4240286617483996,0.31237182809254865,0.004291515597972922,0.005519692279239078,0.009504301506844897,0.019206700661512113,4.173502152804826e-12,5.561080485949832e-12,0.00019000355638727211,0.00026196922341035464,5.141229133575575e-06,7.5644549089519275e-06,0.014546608872626923,0.01873905202220263,1.0108510327393924e-09,1.3489744374525297e-09,0.004987864444194225,0.00688714351046325,1.56827527272633e-22,2.9546380705780827e-22,3.0886919472780834e-26,1.98660162755989e-26,1.308889001036153e-09,9.630253368025049e-10,4.428198545973177e-20,5.90126999900224e-20,5.551828973803057e-20,6.632863362233009e-20,1.9779033025592143e-08,2.454583952189892e-08,7.358772128802635e-41,1.3865313305408016e-40,0.010133459391584769,0.013035386670965989,5.451200472609273e-31,9.999999999996296e-31,0.002145527815526706,0.004344444528667382,1.9116882195451439e-13,3.7785992890665274e-13
0.126,658.7991850050547,14.332667717195338,0.06118167880616243,2.253029010134501,5.922463919999321e-06,5.482891819647501e-07,2.2071293682106802e-13,1.0216568409138983e-14,1.0439128819904709e-13,7.669619542044126e-14,0.28142530811505195,0.4135258947335595,2.170553400460649e-10,1.6951764575757642e-10,0.2489539009998524,0.2059538562379015,2.444440717736584e-06,3.7050078312919983e-06,4.359848352436532e-05,6.809979689126642e-05,5.01991896215211e-17,3.233539934888715e-17,1.271079767747079e-06,8.775926232825347e-07,0.42337953628177566,0.31191206367762053,0.004385945468853952,0.005641480122024042,0.009554683906319764,0.019309656585153715,4.481874878991875e-12,5.972331837108475e-12,0.00019285679131428776,0.0002659188615347186,5.301876398692878e-06,7.801281347233548e-06,0.01480672674249673,0.01907526499444598,1.0672717649011468e-09,1.4243517197005928e-09,0.004964103451880558,0.006854739853665264,1.8334500587177233e-22,3.4544327505553047e-22,3.9834797173759385e-26,2.5622674796482577e-26,1.308796398199772e-09,9.630141080152447e-10,4.917791151566687e-20,6.554116317676634e-20,6.835417128603582e-20,8.166870278992518e-20,1.9777879543728364e-08,2.4545858461482573e-08,9.246644567201548e-41,1.7423450262651056e-40,0.010132860605769763,0.013035386670965977,5.450878361334963e-31,9.999999999996282e-31,0.0021455169163329623,0.004344679186030758,2.133725894749966e-13,4.21772311367577e-13
0.127,661.97513916901,14.28311982230976,0.06139391698858501,2.2693172687935133,5.455070074989135e-06,5.050496107435731e-07,2.439708020066104e-13,1.1293838291021526e-14,1.141021582048239e-13,8.383587019143203e-14,0.2808794869756284,0.41274900632912437,2.3137698104168744e-10,1.8071368464897755e-10,0.24978395173714005,0.20665312530830038,2.494968782786722e-06,3.7818229280422433e-06,4.266680113621721e-05,6.664859063159604e-05,5.579466557718874e-17,3.594186883392719e-17,1.3226206560434117e-06,9.132336646433209e-07,0.42268641357215164,0.31142039492537177,0.004486248687119868,0.005770847956462598,0.009609154298463504,0.019420922114632706,4.834362544477646e-12,6.442432425084673e-12,0.00019589568839337387,0.0002701254707718134,5.477512215322774e-06,8.060206156670969e-06,0.015081066691473674,0.01942987614652054,1.1314387357147565e-09,1.510079182746945e-09,0.004942587427489234,0.006825444935555045,2.163493324522819e-22,4.076520875592254e-22,5.199884707369074e-26,3.3448914026593346e-26,1.3087001648396738e-09,9.630019552652702e-10,5.503889738436157e-20,7.335677697714164e-20,8.497458550634326e-20,1.015327486317466e-19,1.977669140004199e-08,2.4545878959509845e-08,1.1778843734778554e-40,2.219622453929229e-40,0.010132243419189715,0.01303538667096597,5.450546351539801e-31,9.999999999996268e-31,0.002145512076445466,0.004344934032618351,2.395870734893968e-13,4.736191717585045e-13
0.128,665.3785812661831,14.230428320446826,0.061621242380240915,2.2855454388428833,5.021527483117954e-06,4.6493997491207723e-07,2.718269535051299e-13,1.2584140718933985e-14,1.2540167693052316e-13,9.214392307922967e-14,0.280295863751477,0.4119173067079749,2.477692446110755e-10,1.9352880930281615e-10,0.25067162418153954,0.20740057568893178,2.551359772384092e-06,3.867542680814167e-06,4.172660419488118e-05,6.518403879190964e-05,6.24604756252591e-17,4.023839041518036e-17,1.3800251586022247e-06,9.529298966298782e-07,0.4219430297131514,0.31089226474090603,0.0045931989347550726,0.005908794422600569,0.00966833192698616,0.01954175519210786,5.240791550694755e-12,6.984492876184817e-12,0.00019914657366250244,0.00027462548385799785,5.670706216816878e-06,8.345018052360366e-06,0.015371654368846811,0.019805504957465817,1.205038912887517e-09,1.6084111897726694e-09,0.004923657637262429,0.0067997319238290495,2.580015603743003e-22,4.861651016502148e-22,6.875984555925632e-26,4.4233421859469706e-26,1.3085998397537373e-09,9.629887456143552e-10,6.213533415687947e-20,8.282024142393708e-20,1.0671905607963338e-19,1.2752237742371194e-19,1.9775464530336228e-08,2.4545901240205966e-08,1.523882805129476e-40,2.8718076959980598e-40,0.010131605657238139,0.013035386670965975,5.450203273414402e-31,9.999999999996268e-31,0.0021455144894736568,0.004345212423508875,2.7085602890802424e-13,5.354657966829274e-13
0.129,669.0438669294161,14.174144963031276,0.061865930890082126,2.301709424183647,4.623461579704187e-06,4.281112385226658e-07,3.0559528273077394e-13,1.4148357537008711e-14,1.3868470046431442e-13,1.0191080667235411e-13,0.27966869090269514,0.4110224386031494,2.667093560605425e-10,2.0833623457301516e-10,0.25162569931255835,0.20820353998343863,2.614701628765464e-06,3.963819599528149e-06,4.077600065395562e-05,6.370319033925111e-05,7.049957301114778e-17,4.54203139340182e-17,1.4444441427764282e-06,9.97477326517869e-07,0.42114170768104514,0.31032208554280094,0.004707734313325359,0.006056530404168835,0.009732980979219968,0.019673708080306086,5.714073610743218e-12,7.615740811756925e-12,0.00020264167465571756,0.0002794635001704703,5.88469168777611e-06,8.660484289264007e-06,0.01568097225228108,0.02020536159493087,1.2902813838640367e-09,1.7222999055311739e-09,0.004907736534674785,0.006778186532643487,3.114052156783843e-22,5.868345326481834e-22,9.218620170147092e-26,5.930753830056803e-26,1.308494867771056e-09,9.62974316616286e-10,7.084003014452781e-20,9.442889836103754e-20,1.3546954841092343e-19,1.6188791900018794e-19,1.977419409512633e-08,2.454592557756658e-08,2.0067431460558286e-40,3.782020743766736e-40,0.01013094472760157,0.013035386670965982,5.449847732447791e-31,9.99999999999628e-31,0.002145525676102977,0.004345518556753983,3.0859292845837683e-13,6.101091382708671e-13
0.13,673.0136197176644,14.113718032333994,0.0621308056955624,2.3178044995461002,4.26307275896327e-06,3.947676730628137e-07,3.471055598481639e-13,1.607127791571496e-14,1.5448393549343284e-13,1.1352838818917746e-13,0.27899082968205235,0.41005401774880573,2.8883190993723256e-10,2.2563225967623886e-10,0.2526570877329734,0.20907112752012416,2.6863837779137e-06,4.07276414430104e-06,3.981269525870394e-05,6.220246507371707e-05,8.033286396463317e-17,5.175905712817505e-17,1.517363141425966e-06,1.047903453862304e-06,0.42027290324650446,0.3097029075748333,0.004831007664061859,0.006215543987556721,0.009804058363293977,0.019818724351194406,6.271501289261562e-12,8.359249757744639e-12,0.00020642100116699812,0.00028469488825731275,6.1236033060674035e-06,9.012701218934007e-06,0.016012106690171408,0.02063343702731389,1.3901145039878442e-09,1.855685533524083e-09,0.00489535462762132,0.00676154426335192,3.8113101412002364e-22,7.182795989800159e-22,1.2542126103230311e-25,8.069462369839302e-26,1.3083845720040815e-09,9.629584670394612e-10,8.167877168249602e-20,1.0888419504472987e-19,1.738893826741005e-19,2.0781423080370802e-19,1.977287426299948e-08,2.4545952311005985e-08,2.697162274029754e-40,5.083568215920807e-40,0.010130257502822888,0.013035386670965996,5.449478046253414e-31,9.999999999996287e-31,0.0021455476037550818,0.004345857766613895,3.547527411772753e-13,7.014177972015753e-13
0.131,677.3415824572209,14.048457840874484,0.06241942586449146,2.3338251531511323,3.943387950970343e-06,3.6519018463812544e-07,3.9897086471788716e-13,1.8473993120015692e-14,1.7353445434561116e-13,1.275374168100707e-13,0.27825326773293535,0.40899892899587853,3.149990882928858e-10,2.4609119316554385e-10,0.2537795693789314,0.2100148410693918,2.7682133624466083e-06,4.197121286673711e-06,3.883386482391465e-05,6.067745898274357e-05,9.255987638897268e-17,5.964123479317198e-17,1.6007367653204703e-06,1.10556025067183e-06,0.4193245550570153,0.30902594398694255,0.004964457675598359,0.006387692256594558,0.009882782496877062,0.01997927851972815,6.93674813116435e-12,9.246608405680111e-12,0.0002105350290434396,0.00029038949953352007,6.392827510379479e-06,9.409610920299416e-06,0.016368958530334626,0.02109477534141764,1.5085603410899433e-09,2.0139433404956187e-09,0.004887189136745756,0.00675074398759071,4.741086110322744e-22,8.935684754900083e-22,1.7331250469043015e-25,1.1151520593902252e-25,1.3082681149978078e-09,9.629409436830318e-10,9.54126828262007e-20,1.272015808631199e-19,2.257697149255916e-19,2.6983523394965627e-19,1.977149791152053e-08,2.454598186759303e-08,3.712604887224312e-40,6.997953714596371e-40,0.010129540157907742,0.013035386670965973,5.449092157211064e-31,9.9999999999963e-31,0.002145582862950942,0.004346236951166656,4.1210591580196724e-13,8.148743065461482e-13
0.132,682.0968061089224,13.977486500237191,0.06273636341512603,2.349764872088665,3.6686578559793363e-06,3.397731478798181e-07,4.650338869644109e-13,2.153458210707226e-14,1.9687759116952649e-13,1.4470396814692745e-13,0.27744440921382657,0.40784029015116097,3.464119609992719e-10,2.7065241463016165e-10,0.2550108825678063,0.2110494846607935,2.8625913295074694e-06,4.3405379943064605e-06,3.783598031997304e-05,5.912266657282946e-05,1.0805969967573382e-16,6.963376354839504e-17,1.6971948548953282e-06,1.1722667697692876e-06,0.4182811272808447,0.30827987097825876,0.005109912214774758,0.006575334685389816,0.009970735249967135,0.02015858296302341,7.743061761509081e-12,1.0322182065429755e-11,0.00021504864097916313,0.00029663712127666675,6.699534899133455e-06,9.861786249621058e-06,0.016756553694163318,0.021595875267593004,1.651247364961389e-09,2.2045956760655363e-09,0.004884121219143275,0.006747007261084151,6.012052096079371e-22,1.1331958686262384e-21,2.4344986302864814e-25,1.5665561953025745e-25,1.3081444428242596e-09,9.629214221127532e-10,1.1317755360997604e-19,1.508964265781366e-19,2.9652991588035327e-19,3.544326639944356e-19,1.9770056203227532e-08,2.4546014794545123e-08,5.256474046396766e-40,9.908755446724557e-40,0.01012878793971127,0.013035386670965998,5.448687508410527e-31,9.999999999996322e-31,0.0021456349347742498,0.004346665214088279,4.846914288366329e-13,9.584718608976176e-13
0.133,687.3699997925211,13.899662525024299,0.06308762325201601,2.365615841715549,3.445008501306283e-06,3.190848236206707e-07,5.511444253729873e-13,2.5524149170164895e-14,2.2603506298111412e-13,1.6614756251213476e-13,0.2765489966444705,0.40655587767367213,3.847937879786511e-10,3.006637618194102e-10,0.25637437893248194,0.2121945428679827,2.972788449626715e-06,4.507982518237548e-06,3.681454585324117e-05,5.753107348252083e-05,1.2816623539322417e-16,8.259690002802118e-17,1.8103700307009352e-06,1.2505357362593337e-06,0.4171221539640776,0.3074497632221536,0.005269743106733197,0.006781532949316877,0.01007001793912227,0.020360904528837796,8.738563099319854e-12,1.1650185107732442e-11,0.0002200470955925725,0.0003035557361049526,7.053517645713814e-06,1.0383665664638713e-05,0.01718151596483163,0.022145301406770887,1.8262924724591242e-09,2.4384909629904615e-09,0.004887323384551534,0.006751959481643946,7.801565387692833e-22,1.4706116693907728e-21,3.479152338018343e-25,2.238947431035877e-25,1.3080122022443933e-09,9.628994776409423e-10,1.367301713448187e-19,1.8231274024271834e-19,3.93939876800401e-19,4.70900527624359e-19,1.9768537967719682e-08,2.4546051808172968e-08,7.698613748715038e-40,1.4513465473771227e-39,0.010127994830205045,0.013035386670965985,5.448260862509255e-31,9.999999999996319e-31,0.00214570860972253,0.00434715485923343,5.78598108896102e-13,1.1442608653095683e-12
0.134,693.2835268781632,13.8134634289095,0.06348130410753365,2.38136851116774,3.281560198943889e-06,3.039711205125457e-07,6.665848409071557e-13,3.0872897146978375e-14,2.6331495643060936e-13,1.9356631726092056e-13,0.27554641005056935,0.405115642126556,4.3270596134299265e-10,3.38128681627983e-10,0.2579016357561114,0.21347635760920713,3.10339596771269e-06,4.706428961320398e-06,3.5763702557436655e-05,5.589353822789534e-05,1.5498826399705997e-16,9.989069431542614e-17,1.9454405014449776e-06,1.3439490557549631e-06,0.4158199398654323,0.30651541162704043,0.005447106609470654,0.007010361362601031,0.010183499375093358,0.02059206794019117,9.995455608530379e-12,1.3326972209663661e-11,0.00022564541343395088,0.0003113045092967344,7.46856213993999e-06,1.0995577295532615e-05,0.017652814827300117,0.02275465101995216,2.0458304412344124e-09,2.7318481532838893e-09,0.00489839816934806,0.006767822084013867,1.041326049038239e-21,1.963084913861788e-21,5.063266502415202e-25,3.258647145453647e-25,1.3078696135428736e-09,9.628745399799776e-10,1.6890727610089863e-19,2.252356426816453e-19,5.291806638260095e-19,6.326147258717345e-19,1.9766928770489804e-08,2.4546093870366846e-08,1.1752137987932291e-39,2.2157031407460444e-39,0.010127153037912551,0.013035386670966032,5.447808028154725e-31,9.99999999999634e-31,0.0021458106689990434,0.004347722991626646,7.033812362416811e-13,1.3911530486700633e-12
0.135,700.0078695875216,13.716794668290218,0.06392868697933222,2.397010940994639,3.1924583413310818e-06,2.957439173129171e-07,8.26849776832313e-13,3.829897932634281e-14,3.123811663979433e-13,2.296559676221366e-13,0.27440785854513716,0.403477604005238,4.94123286841905e-10,3.8615626730251756e-10,0.259636772326899,0.2149317241266709,3.2610983176529516e-06,4.946031092930024e-06,3.4675602378353045e-05,5.4197814745676276e-05,1.9203084101518126e-16,1.2377582662791252e-16,2.110076337525617e-06,1.4578124478787626e-06,0.41433575900046477,0.3054485405721721,0.005646333772473741,0.007267410807073281,0.010315228903336873,0.020860293982313618,1.1626943815270064e-11,1.5503619627989702e-11,0.00023200381338960593,0.00032010514760602663,7.964813423225902e-06,1.172722553346866e-05,0.018183004119603764,0.023440155274899507,2.3288178778217434e-09,3.1100049433807623e-09,0.004919608318417847,0.0067977315490751755,1.4398240160649782e-21,2.714565965815208e-21,7.514254836885726e-25,4.836499004073434e-25,1.3077142668607962e-09,9.628458192040804e-10,2.145366025727334e-19,2.8610720258163256e-19,7.185019882333182e-19,8.590173549431484e-19,1.9765209452337735e-08,2.4546142313474952e-08,1.8894489783958103e-39,3.5626117313837665e-39,0.010126252198179411,0.01303538667096604,5.44732342977728e-31,9.999999999996343e-31,0.0021459510437935743,0.004348394213596966,8.747911212081467e-13,1.7303228107511524e-12
0.136,707.7903032448448,13.606661379110433,0.06444613033842016,2.4125277764469586,3.20081876625466e-06,2.9654694072675793e-07,1.0594959812712122e-12,4.907967537410943e-14,3.793908914953335e-13,2.7894692231856134e-13,0.27309147510937115,0.4015806820925329,5.75554790135489e-10,4.4983808339604253e-10,0.26164399474037275,0.2166141751973647,3.4560804666816044e-06,5.242260236994791e-06,3.353936680760228e-05,5.2426926998547e-05,2.4549627337801597e-16,1.5825284874773763e-16,2.3161953224359197e-06,1.6003701720231377e-06,0.4126132049433667,0.30420793765131426,0.005873599253330842,0.007560652131134845,0.010471164372564009,0.021177676652737593,1.3820516647516676e-11,1.84303503280012e-11,0.00023935454101384906,0.0003302790199508785,8.573104854504276e-06,1.262407561571176e-05,0.018790393402868966,0.024225486148344907,2.7065389739835635e-09,3.6147779079988634e-09,0.004954280751357926,0.0068462992403966055,2.0832645179854586e-21,3.928051605287041e-21,1.1402529791700422e-24,7.339866821742873e-25,1.3075427785210164e-09,9.628121781612142e-10,2.8239257359355173e-19,3.766365342088754e-19,9.861908202794203e-19,1.1791707581027668e-18,1.9763353722581374e-08,2.4546199055502063e-08,3.247567436358984e-39,6.123973234995852e-39,0.010125278051484516,0.013035386670966057,5.446799396599818e-31,9.999999999996347e-31,0.002146144898681627,0.004349205420691051,1.1204369270032978e-12,2.216419495586717e-12
0.137,717.0084605966398,13.478564596355838,0.06505860964942682,2.4278985322222293,3.347081073025941e-06,3.101304459904595e-07,1.4177030352215759e-12,6.568004553857542e-14,4.754805899260828e-13,3.4963369120438015e-13,0.27153312177473465,0.39933124363754846,6.884224079090483e-10,5.381091213021126e-10,0.2640217512092996,0.21860576847544574,3.7047936371980204e-06,5.620106706358872e-06,3.2339243184703254e-05,5.05562908289153e-05,3.272814751213555e-16,2.1099582643033532e-16,2.583487950539134e-06,1.7852437310822778e-06,0.4105657045181151,0.3027303035783824,0.006138147588615425,0.00790201917836018,0.010660550132278854,0.021562979059215476,1.6909344730248647e-11,2.2551835681727844e-11,0.0002480518431489381,0.0003423163025945665,9.343521875390669e-06,1.3759982030884759e-05,0.01950313611139115,0.025147040908932758,3.2343975735673885e-09,4.320226782437962e-09,0.005007566927453144,0.006920665113491306,3.202569747676485e-21,6.039168858068165e-21,1.7794676277735707e-24,1.145573250835269e-24,1.3073501718848137e-09,9.627718972052727e-10,3.8983321701529087e-19,5.199886013278701e-19,1.3710187722835048e-18,1.6394755888978242e-18,1.9761323941144556e-08,2.4546266996927116e-08,6.103368979774686e-39,1.1510403289071244e-38,0.010124210119074576,0.013035386670966048,5.44622491226699e-31,9.999999999996335e-31,0.002146416636378031,0.004350214928024951,1.492715596582599e-12,2.9531630552465845e-12
0.138,728.2800711821601,13.325286227322609,0.06580696712622056,2.4430944916117867,3.7088099901125486e-06,3.436876512170479e-07,2.015985359793476e-12,9.340856973564571e-14,6.228833457416609e-13,4.58076881158344e-13,0.2696274824690238,0.39657543290686087,8.547103670261987e-10,6.681677339997603e-10,0.26693187004480506,0.22104134355810784,4.035961439107306e-06,6.123203875496496e-06,3.1051049080829866e-05,4.854816298728125e-05,4.62812213660306e-16,2.9840660021913695e-16,2.947265510659444e-06,2.036861552678863e-06,0.40805079092583446,0.30091138784509464,0.006454750141037774,0.008310580502142997,0.010898781103915288,0.022047443924603786,2.154388245647906e-11,2.873626126230504e-11,0.00025867389755920535,0.00035701700577640816,1.036414201798202e-05,1.526482352127942e-05,0.02036768148408059,0.026264866857951003,4.0202297406154194e-09,5.370505759995966e-09,0.005088011189656865,0.007032671019512648,5.3602109655004666e-21,1.0109079946283535e-20,2.892526923493605e-24,1.8623502214273445e-24,1.3071286622109287e-09,9.62722200275401e-10,5.753335887860857e-19,7.675132532032389e-19,1.9430243660283656e-18,2.3237583983631203e-18,1.975906310598729e-08,2.4546350820046285e-08,1.3005759691919285e-38,2.453057971419048e-38,0.010123017268744663,0.013035386670966029,5.445583229497969e-31,9.999999999996322e-31,0.0021468082798861143,0.004351521388201863,2.102273716498938e-12,4.15959252409913e-12
0.139,742.7263376367157,13.134017550708466,0.06676530386253349,2.4580723310305803,4.4557040633236195e-06,4.129566083185429e-07,3.14321260122452e-12,1.4565716176149774e-13,8.728342510714253e-13,6.419809966956356e-13,0.26718379555838806,0.39303434566859274,1.1227996418526488e-09,8.778645896463069e-10,0.27066786980736274,0.22416537194688432,4.505788408924631e-06,6.836931724508026e-06,2.9633623070797812e-05,4.6338291155588485e-05,7.156166774761736e-16,4.614692896029156e-16,3.4789282278099573e-06,2.4046200040054794e-06,0.40480971754034106,0.29856168074266504,0.006849283405699348,0.008819740343492016,0.011214184304770908,0.02268855012752305,2.9179007892348685e-11,3.892562119416222e-11,0.00027226376068444454,0.00037582431397424875,1.1808265436218433e-05,1.739415265600928e-05,0.021468695800911628,0.027688409484497082,5.3046241539502245e-09,7.087248668904713e-09,0.005211232646454397,0.007203962511798726,1.0200916094651044e-20,1.924100097303376e-20,5.037955177717764e-24,3.2441205355210208e-24,1.3068649682847903e-09,9.62658175050436e-10,9.39405178015016e-19,1.2533658042121091e-18,2.855146958783205e-18,3.415072519744073e-18,1.9756477809716224e-08,2.4546458810283404e-08,3.352718847000125e-38,6.324525677535422e-38,0.010121648233085648,0.013035386670966024,5.444846769465612e-31,9.999999999996322e-31,0.0021473991059106916,0.004353307717138711,3.2217941555158226e-12,6.3755558662657094e-12
0.14,762.6957225373156,12.8787277523264,0.06808876541011567,2.472759041737945,6.043183472246722e-06,5.60175691487669e-07,5.7286644196958744e-12,2.6551060110465966e-13,1.3723475305848584e-12,1.009543170185737e-12,0.2638005194155312,0.3881203656247359,1.622941485217888e-09,1.2691078337764278e-09,0.27584868521866013,0.2284931243959937,5.2442670699038085e-06,7.958764374578327e-06,2.8009901770879146e-05,4.3806367739695215e-05,1.2873246417267518e-15,8.302728390274203e-16,4.350707879941679e-06,3.0076777862511403e-06,0.40029594272977914,0.2952804698248305,0.00737393151151817,0.009496862712753747,0.011667466534569071,0.023609457921342784,4.381017510195831e-11,5.84534860582648e-11,0.00029100039950300725,0.0004017528968288947,1.408111018718946e-05,2.0745526653315195e-05,0.022985964770485808,0.029650053466196955,7.747409190677873e-09,1.0352612160148301e-08,0.005410363133751144,0.0074804512102309,2.4113364128153495e-20,4.549007866142896e-20,1.0036707040161252e-23,6.46404435579739e-24,1.3065332332542534e-09,9.625698294564424e-10,1.8202192931901346e-18,2.4289523914290336e-18,4.534292507588037e-18,5.424396085168229e-18,1.975339554058809e-08,2.454660782074231e-08,1.1942469213186067e-37,2.2531772212384643e-37,0.010120007689486945,0.01303538667096599,5.44396425425585e-31,9.999999999996303e-31,0.0021483589394390057,0.004355959561958686,5.704328791457417e-12,1.1290033054399953e-11
0.14100000000000001,794.555398999907,12.491804084904485,0.07019776060757868,2.4870045104159306,1.0232658922449301e-05,9.487207819499327e-07,1.4439965828254836e-11,6.694005817909695e-13,2.752243880917931e-12,2.0250658088375746e-12,0.25837995499966304,0.3802253253692754,2.859394316744124e-09,2.236460073088373e-09,0.284170674176494,0.23543602241839195,6.655960715938342e-06,1.0103294985596044e-05,2.600147975088257e-05,4.067383848638208e-05,3.1691513098196932e-15,2.04440606069812e-15,6.132357854295412e-06,4.240238749546905e-06,0.39300796633910406,0.28996549753542306,0.008162842929429388,0.010515112815012252,0.012428282218456007,0.02515428601899262,8.130013815652988e-11,1.0849710442087319e-10,0.00032072033378560883,0.0004428772414614174,1.846680103605338e-05,2.721263985394552e-05,0.02541781947715518,0.03279385495278435,1.3975131099731571e-08,1.867844753953484e-08,0.005776217773033967,0.007987969068010062,8.915856610264426e-20,1.6823385442573433e-19,2.740130484774322e-23,1.7651261984623326e-23,1.306070262210365e-09,9.624313512431302e-10,5.029902768531717e-18,6.713458607522089e-18,8.732190481761927e-18,1.0448561371339915e-17,1.9749425013043424e-08,2.4546841386776996e-08,8.348941634103174e-37,1.5755205895511106e-36,0.010117877245562004,0.013035386670965998,5.442818201710354e-31,9.999999999996322e-31,0.0021501172468251684,0.00436044261433935,1.3695528402130637e-11,2.7111958617010013e-11
0.14200000000000002,871.2743489485441,11.650392696690439,0.07526756355242868,2.5002904459876785,3.54615000021164e-05,3.288940125243053e-06,1.1424394780211188e-10,5.2978794463025206e-12,1.3633089543006513e-11,1.0034493662901106e-11,0.24515234043447562,0.36088365718936216,1.0086072767561654e-08,7.891474295695213e-09,0.30459504172156165,0.252444221110481,1.1455104529892113e-05,1.7394032985491647e-05,2.294997286296509e-05,3.5912713522644057e-05,2.350197156414723e-14,1.516622277084722e-14,1.3147547040207866e-05,9.094032526422277e-06,0.37497584220458285,0.2767561052212524,0.00984200116684799,0.012682499633528051,0.014416638450164793,0.029188638971301622,3.1314220294843385e-10,4.180395930558548e-10,0.00039065536293791643,0.0005396343771421146,3.391114930532805e-05,4.998854113639376e-05,0.03146589830310399,0.040610960833405686,5.301458586609149e-08,7.08808976726357e-08,0.006777278934678477,0.009375558023731271,1.569521453283665e-18,2.9625557092872865e-18,2.5648518653259656e-22,1.6527826807435413e-22,1.3052064223866963e-09,9.621247178879992e-10,4.8411497216098355e-17,6.463744621747197e-17,3.570481122534702e-17,4.273748762429636e-17,1.9743068681567578e-08,2.454735855182989e-08,6.53139255668139e-35,1.232955478298827e-34,0.010114407722142699,0.013035386670965998,5.440951803773371e-31,9.999999999996338e-31,0.002152885734591378,0.004367554792893128,1.0119579069730714e-10,2.0039805297845203e-10
0.14300000000000002,1728.323547559704,4.774090476316657,0.1836782685747189,2.505734748178458,0.3554199929027266,0.04599682689166561,0.00013532002514521086,8.756248798423111e-06,2.92050423319028e-09,2.9994813750924987e-09,1.167710591853063e-09,2.398576336207146e-09,1.1736818087061297e-05,1.2813671212191473e-05,0.30834026840390255,0.35658248209129423,8.634794130396904e-12,1.8295335335116214e-11,1.4062285541297592e-10,3.0705000636719897e-10,1.0761973471685529e-08,9.6906343126232e-09,0.00046141272532369604,0.00044533670482049917,0.061565454221445395,0.06340421976268762,0.21012996934865688,0.3778301381711965,0.03960097469111683,0.11187752926803497,5.168772324566263e-07,9.628316772105912e-07,2.839352175847478e-06,5.472833483121498e-06,5.557211848914869e-05,0.00011430679823783792,0.016866475130872784,0.030374883020528907,8.570825884508015e-06,1.5989823211849144e-05,0.00015125938148992916,0.0002919787462673712,3.6325057499307014e-08,9.567373607451682e-08,1.2323786788568945e-17,1.1081149032451417e-17,2.489818760605531e-10,2.560985141701314e-10,1.1865312768379617e-10,2.2105585357331093e-10,1.1409875475516695e-13,1.9056814437495894e-13,1.48353497977905e-08,2.5738015281413806e-08,8.650400350357681e-18,2.2785836086848904e-17,0.0072485859967887836,0.013035386457588026,3.899309656390328e-31,9.999999999996336e-31,8.669334525946941e-07,2.454088934673831e-06,1.1771960674944175e-07,3.2528722374461423e-07
0.14400000000000002,1690.4721271951912,4.76391317285196,0.1840706664651355,2.511167444322846,0.3757774189318203,0.0496747217540702,0.00010713908671599547,7.081458402597492e-06,1.49886385383007e-09,1.572422541709855e-09,5.236767763189404e-10,1.098753786809522e-09,7.677515674509598e-06,8.56175231297584e-06,0.28922967190363286,0.34165780598681506,3.9005620964425e-12,8.441785791274912e-12,7.722447102870638e-11,1.722371718871405e-10,5.4221230540752625e-09,4.987103745778154e-09,0.00033090756609072776,0.0003262303529565238,0.05864922140178874,0.061696719241744184,0.2199570600815318,0.4039850106140426,0.03797497727906644,0.10958554184406655,4.668028459066064e-07,8.882090783071911e-07,2.5506991249372066e-06,5.021933409706912e-06,4.101882681292015e-05,8.618210295643984e-05,0.010699967085380232,0.019683008075995618,5.203370276048857e-06,9.915724835638195e-06,0.00011971262781157366,0.00023604109924530955,2.165153189153331e-08,5.824971399709361e-08,8.560419879935201e-18,7.862387273639434e-18,1.6364252457847883e-10,1.7193102007727574e-10,8.971394443003808e-11,1.7072673136677932e-10,7.675694385111987e-14,1.3095009571618508e-13,1.4603904270786772e-08,2.588004255869848e-08,6.993765369722025e-18,1.881735441905473e-17,0.007096342237183902,0.013035386506169144,3.817411522693525e-31,9.999999999996392e-31,5.728977205134058e-07,1.656534080261505e-06,4.765186415715338e-08,1.3449831499185556e-07
0.145,1667.1546357828984,4.763635338420713,0.1840814022090146,2.5165998236289564,0.38742188916725984,0.05183251042108748,9.211118783373439e-05,6.161698960212306e-06,9.8358921471177e-10,1.0443213523215254e-09,3.194050529051625e-10,6.782537095752808e-10,5.899425245879859e-06,6.658324781401058e-06,0.27888149089122266,0.3334122246685808,2.387964615866796e-12,5.230561875235149e-12,5.343432832080207e-11,1.206161948350459e-10,3.4732034079048343e-09,3.2331256037214105e-09,0.00026483456715711715,0.00026424432191534964,0.05611653485139417,0.059745333641916795,0.2250960558119798,0.4184162621464019,0.03709288913854046,0.10833273890742824,4.3394913660381107e-07,8.35668181258845e-07,2.4437271473629607e-06,4.869425829217436e-06,3.3645442881015783e-05,7.154403444496267e-05,0.007875021071685988,0.014661353952818198,3.713520130371389e-06,7.162074633161551e-06,0.00010088283008783689,0.0002013159786172988,1.5386698743205915e-08,4.189516876479456e-08,7.059413511524165e-18,6.562076844844995e-18,1.2848449381522277e-10,1.3662246347771908e-10,7.50128424798091e-11,1.4447427432856076e-10,5.97994333854972e-14,1.032520159196522e-13,1.4462866621676697e-08,2.5939626287795368e-08,6.014523813415634e-18,1.637804576521991e-17,0.007011666122195041,0.013035386531509792,3.771860784258843e-31,9.999999999996417e-31,4.266915072241396e-07,1.248678416130075e-06,2.6719452480505463e-08,7.632693587936575e-08
0.146,1650.434706419685,4.765982172531186,0.18399075803575313,2.5220348792299867,0.3954065530864254,0.05333430650062654,8.237851174042189e-05,5.555801693135822e-06,7.234643027773183e-10,7.744300695418788e-10,2.2383110241971568e-10,4.791985880909184e-10,4.8777655733192786e-06,5.550356743871464e-06,0.2720358586903348,0.3278934061760406,1.6775282133735251e-12,3.7045459873564164e-12,4.102832250278415e-11,9.33713697676121e-11,2.4955796433127167e-09,2.342116498475255e-09,0.00022381928849247586,0.00022515065008079792,0.054008398998041364,0.05797211551788495,0.2284064144160919,0.42804917761961503,0.03651334211813569,0.10751408141581809,4.1005638259480254e-07,7.961287627647254e-07,2.3928399978709946e-06,4.807102714035891e-06,2.902871277758004e-05,6.2232845143194e-05,0.006240499440171901,0.011713492483974955,2.874044305283904e-06,5.588448064394743e-06,8.809561532353968e-05,0.00017723928257442966,1.1915048424990132e-08,3.270837782412701e-08,6.227970174983335e-18,5.836653541749616e-18,1.0853758214974511e-10,1.1635799720944968e-10,6.577325127961054e-11,1.2771705922528485e-10,4.986559102887353e-14,8.680547986084652e-14,1.4364213444180733e-08,2.5973823455626005e-08,5.351979400738154e-18,1.4693320960560328e-17,0.006954670005479266,0.013035386547684935,3.7412002470485425e-31,9.999999999996382e-31,3.389798530328854e-07,1.0001270962233594e-06,1.749166986764741e-08,5.0376297628883754e-08
0.147,1637.4833196291265,4.769155315136743,0.18386834035908428,2.527473553435927,0.40140220356922923,0.05447377313427853,7.54116949333552e-05,5.117011721589266e-06,5.685642499053332e-10,6.123356784345136e-10,1.697863025870665e-10,3.657149066296361e-10,4.206017403219496e-06,4.815218010935331e-06,0.2670265637575749,0.323821672277081,1.2747669566630902e-12,2.8323105537258327e-12,3.3425121879697155e-11,7.653284970700681e-11,1.9192268951453804e-09,1.8122090533881068e-09,0.00019549263838448966,0.00019785681697710592,0.05223059200054731,0.05640631255238047,0.23077773317670272,0.435135172949431,0.03609324414467858,0.10692631433499314,3.9155673871650704e-07,7.648554342909578e-07,2.365859464064484e-06,4.781934259026968e-06,2.5807545416276984e-05,5.5665164150324874e-05,0.005172159129901571,0.009767509640970905,2.3368918107479582e-06,4.571737465282479e-06,7.872829353121569e-05,0.00015936077893111583,9.713448671057435e-09,2.6827583750330832e-08,5.689420475728521e-18,5.3645134412444085e-18,9.543291150842493e-11,1.0293407924779995e-10,5.930014985605563e-11,1.1585113857448203e-10,4.325131856949248e-14,7.575136082627749e-14,1.4289451148069981e-08,2.599647706628804e-08,4.8668037018961975e-18,1.3442940539013443e-17,0.0069124437855258925,0.013035386559138698,3.718485040270924e-31,9.999999999996377e-31,2.805429679451286e-07,8.327710315114386e-07,1.254523627554691e-08,3.6351198577220445e-08
0.148,1626.9630360991382,4.772553083217613,0.18373743726234318,2.532916102406348,0.4061598863656343,0.0553851508085202,7.010578783835202e-05,4.779915203740536e-06,4.66580633652536e-10,5.049232081151334e-10,1.35546558711477e-10,2.9337095600300106e-10,3.7267394784758353e-06,4.287089316811345e-06,0.2631288993593912,0.3206332827571373,1.01911853964876e-12,2.275219931218803e-12,2.8290000226639365e-11,6.508732818308944e-11,1.5439425097290416e-09,1.4648788470976135e-09,0.0001745777594238499,0.00017754078414940848,0.050704828205621444,0.0550225463637573,0.2325906371020764,0.44066760281746,0.035769695181585945,0.10647864737070015,3.766190956124824e-07,7.392232170113387e-07,2.3509244988492487e-06,4.774654466873134e-06,2.34047626646687e-05,5.07258862572645e-05,0.0044184813974715515,0.00838443127857953,1.9645928477453786e-06,3.861925067831233e-06,7.151175185830267e-05,0.00014545097316773648,8.195155622232244e-09,2.2743323196862644e-08,5.307007567118571e-18,5.028061967744896e-18,8.604987000779755e-11,9.326095045947434e-11,5.445162728723862e-11,1.0689170067855355e-10,3.8489509860306594e-14,6.77363944720586e-14,1.4229825070027186e-08,2.6012801062311743e-08,4.4924750322671255e-18,1.2468801991574434e-17,0.006879280287250323,0.013035386567786938,3.700645041419841e-31,9.99999999999638e-31,2.3886582216650466e-07,7.124737109042716e-07,9.556541584539642e-09,2.7824620648465013e-08
0.149,1618.1361436205066,4.775944278562138,0.18360697310582946,2.538362518645799,0.4100786233489702,0.05614061395436372,6.5889660876678e-05,4.510215607744152e-06,3.947226071628389e-10,4.288489372763965e-10,1.1213942654186528e-10,2.4366921491995535e-10,3.365428791924284e-06,3.8867590342838255e-06,0.25996796764507424,0.31803403885494835,8.440915585234027e-13,1.8919164418546675e-12,2.4588397022218008e-11,5.6794649462791837e-11,1.282458189646713e-09,1.2215957450485943e-09,0.0001584068721736954,0.00016173236983064155,0.04937450847881925,0.0537907832210064,0.23403913762573086,0.4451650875692163,0.03550999432823241,0.10612350919535343,3.641890160314243e-07,7.176518665838775e-07,2.3427175574630573e-06,4.776798389374754e-06,2.152870025186857e-05,4.684431861751745e-05,0.0038580044966672927,0.0073498253830877845,1.691886380138191e-06,3.338998253246891e-06,6.574779587681145e-05,0.00013425613033553446,7.086068598893573e-09,1.9743119921747684e-08,5.018548989399687e-18,4.773564506660313e-18,7.893842872369668e-11,8.589182078498829e-11,5.0650609731139745e-11,9.982320616930721e-11,3.487514225669459e-14,6.161825515609644e-14,1.418056126299945e-08,2.60252369317089e-08,4.1927373283495834e-18,1.1682893678657433e-17,0.0068521883415597895,0.013035386574609908,3.686071178520183e-31,9.999999999996375e-31,2.0767532774548564e-07,6.218898207761539e-07,7.597687072449581e-09,2.220872433466828e-08
0.15,1610.5532837198634,4.779235717370162,0.18348052378371127,2.5438126883934,0.4133944179468874,0.05678324153324409,6.243413358996098e-05,4.28792979978393e-06,3.4154765852736094e-10,3.7231385328715104e-10,9.52402420777721e-11,2.0763873287180386e-10,3.0820185014461034e-06,3.5713136887419146e-06,0.25732689616545606,0.31585262699418565,7.175740780743191e-13,1.613706997614639e-12,2.179238514080439e-11,5.050420257190115e-11,1.0910669529578786e-09,1.042752510141491e-09,0.000145473571457927,0.00014902275185133947,0.04819894784232796,0.052685145849485755,0.23523398075333693,0.4489295696816043,0.035295188921266256,0.10583323135748855,3.5360829662246817e-07,6.991252180759609e-07,2.33853752335801e-06,4.7841729183838864e-06,2.001431720275967e-05,4.369436576815959e-05,0.0034247407790535776,0.0065461739708285544,1.483840241809156e-06,2.9381751996844285e-06,6.101700126074097e-05,0.0001250113178148248,6.241088808207672e-09,1.744682238157819e-08,4.791469964701638e-18,4.572765642027979e-18,7.332615135850228e-11,8.005118568047834e-11,4.757035386840098e-11,9.406515275311998e-11,3.2024690610769624e-14,5.677065399729546e-14,1.4138792532594983e-08,2.6035093368886628e-08,3.945950821242706e-18,1.1031891548177374e-17,0.0068294187988879275,0.013035386580167924,3.6738225126136458e-31,9.999999999996356e-31,1.8347780084537053e-07,5.512614408780541e-07,6.235733725385001e-09,1.828838346578028e-08
0.151,1603.9209460469924,4.7823916202474654,0.18335944488450812,2.54926645708598,0.4162577750086178,0.057340708264999846,5.953428763314358e-05,4.10050985698225e-06,3.0071095466524373e-10,3.287397757200223e-10,8.252806577458556e-11,1.804407682024511e-10,2.852941681585847e-06,3.31536060437294e-06,0.25506995575497277,0.31398126872988436,6.223054026866394e-13,1.403481309762926e-12,1.9604693314120846e-11,4.5564638277723614e-11,9.456294183334741e-10,9.063499983037689e-10,0.0001348577406880583,0.00013854456030865824,0.04714837985876982,0.05168476239348652,0.2362436449869516,0.452150911058161,0.03511341712661671,0.10559047967131562,3.4444081333856173e-07,6.829552520279307e-07,2.336887397921335e-06,4.79452330050691e-06,1.8760462326583416e-05,4.1074597804729506e-05,0.0030797123289843424,0.0059035753542234035,1.3200889510294824e-06,2.6214335974928747e-06,5.7050614093456815e-05,0.00011722059415484221,5.576295558744672e-09,1.563316397683424e-08,4.606947968145559e-18,4.409289383005005e-18,6.876090008832621e-11,7.52827634169616e-11,4.5010409281526493e-11,8.925868133863246e-11,2.971053624668356e-14,5.281953414877071e-14,1.4102672241777538e-08,2.6043140372985425e-08,3.7383110532717935e-18,1.0481389780883866e-17,0.006809866911019466,0.013035386584807426,3.6633047545386288e-31,9.999999999996343e-31,1.6417325687065577e-07,4.946768938844549e-07,5.245360885416912e-09,1.5427951050535897e-08
0.152,1598.0371714503694,4.785401660985622,0.18324411090881954,2.5547236583845123,0.4187702058483126,0.05783179428539854,5.705499230213037e-05,3.939621935480986e-06,2.684247225972351e-10,2.9418174181476887e-10,7.265428187848243e-11,1.5925182290592272e-10,2.6633826575665044e-06,3.1028561570921285e-06,0.25310706936345745,0.3123481265796917,5.482430037137442e-13,1.2395565861611961e-12,1.7845266563208344e-11,4.157967693699206e-11,8.318035127883849e-10,7.992560102567683e-10,0.00012596321697596388,0.00012973212733722792,0.046200548119674376,0.05077302923762104,0.2371130800542332,0.4549555679272006,0.03495681585029627,0.10538376994692678,3.3638398954706636e-07,6.686566329544775e-07,2.3368824393748696e-06,4.806563774557535e-06,1.7701330546290204e-05,3.8853119310160054e-05,0.0027984018604768554,0.005377807310772591,1.1879713327717928e-06,2.3650036907483975e-06,5.36676721336016e-05,0.00011054689523303554,5.039821933438369e-09,1.4164670878416893e-08,4.453293141111455e-18,4.2729398187382694e-18,6.495903975852445e-11,7.12990581286388e-11,4.2840214364745974e-11,8.51685663417978e-11,2.778854047931265e-14,4.952677054853359e-14,1.407094642152956e-08,2.6049863110758363e-08,3.560551128368058e-18,1.0008082122958305e-17,0.006792793738033762,0.013035386588755441,3.654120398349669e-31,9.999999999996342e-31,1.4842390688429335e-07,4.483459668946392e-07,4.499360565710034e-09,1.3267034958250853e-08
0.153,1592.7572616471703,4.78826709806313,0.18313445234991302,2.5601841273851202,0.421003214680675,0.058269797366057585,5.4903047756651904e-05,3.7994834196047996e-06,2.4229461558843895e-10,2.6613633358087683e-10,6.478570795729278e-11,1.4232120464024067e-10,2.5035349439918337e-06,2.9231354333046957e-06,0.25137567419099693,0.3109031218255899,4.891757656281171e-13,1.1084737087255589e-12,1.639872727926012e-11,3.8294413174575543e-11,7.4057046520274e-10,7.131793387844782e-10,0.00011838551467498794,0.0001221995388622602,0.045338457731539036,0.04993670633378793,0.23787319404018642,0.4574316189511444,0.034819934290846885,0.10520515380550068,3.2922007715187893e-07,6.558754221857058e-07,2.337973373243754e-06,4.819529124369271e-06,1.6792077689082504e-05,3.6939551568835845e-05,0.002564611446608406,0.004939510773577958,1.0792101441819917e-06,2.1532729532670473e-06,5.0741430393170174e-05,0.00010475233245012711,4.597909634341373e-09,1.2951466054847371e-08,4.322831839265564e-18,4.1570097032717385e-18,6.173291675233045e-11,6.790913485343792e-11,4.097067568451531e-11,8.163342764800693e-11,2.6162721016468476e-14,4.6733078159891946e-14,1.4042727482843465e-08,2.605558379774534e-08,3.4061935803091722e-18,9.595556441998335e-18,0.006777682543464945,0.013035386592167826,3.6459914704107212e-31,9.999999999996364e-31,1.3533749028756043e-07,4.0972713910429824e-07,3.9212341965475e-09,1.1588122074137063e-08
0.154,1587.9741327851693,4.790994369288398,0.18303020315157317,2.5656477065255086,0.4230089462871226,0.05866445903408959,5.3011817600850986e-05,3.675938333295748e-06,2.2073635294013212e-10,2.429414902389356e-10,5.838184946961641e-11,1.2850962991945984e-10,2.3666351069003876e-06,2.7688154160667243e-06,0.2498307076276517,0.30961006785695616,4.4107065953695467e-13,1.0014656423787578e-12,1.5187748333011813e-11,3.5537435912425833e-11,6.659951475940711e-10,6.426445842281287e-10,0.00011183983098649618,0.0001156737791537933,0.04454888064198098,0.049165150138884735,0.23854604528784307,0.45964265005976757,0.03469885591899024,0.10504893310236246,3.2278762662107003e-07,6.443463088680052e-07,2.3398057444618495e-06,4.832949677993783e-06,1.600098502240427e-05,3.5269664200732335e-05,0.0023672080191683045,0.004568421913449539,9.88170574815977e-07,1.9755699248159578e-06,4.8180219716238634e-05,9.966374315623465e-05,4.227654420094221e-09,1.1932334013010674e-08,4.2103006759341985e-18,4.0568899835751046e-18,5.895302467746997e-11,6.498077921680421e-11,3.9338686040946436e-11,7.853842318074494e-11,2.4766541039521495e-14,4.432760380445232e-14,1.4017365812051384e-08,2.606052555513742e-08,3.270559381776455e-18,9.23188315319856e-18,0.006764158901874007,0.01303538659515533,3.638716551996442e-31,9.999999999996371e-31,1.2429631704841664e-07,3.77052908474432e-07,3.4625940456774806e-09,1.025319648717191e-08
0.155,1583.6064057889962,4.7935920132118,0.18293101922150456,2.5711142479806193,0.42482652186301556,0.059023117122609804,5.133222848204482e-05,3.5659121758377963e-06,2.0266173503307696e-10,2.23452175305745e-10,5.3077838780935974e-11,1.1704586003067637e-10,2.2478589440626434e-06,2.6346125665653574e-06,0.2484387313311786,0.30844203608844534,4.0120287567564464e-13,9.12592561635409e-13,1.415857025187887e-11,3.318922409141965e-11,6.040233479738857e-10,5.839000537614378e-10,0.0001061194193510781,0.0001099558371717369,0.04382134334812415,0.0484497189729497,0.23914786364648952,0.46163593322180957,0.034590682588112855,0.10491090285956495,3.169639214435113e-07,6.338657700540877e-07,2.34214363189842e-06,4.846531022164836e-06,1.53049217177732e-05,3.379642172113978e-05,0.00219828652947486,0.0042500993613873005,9.108866052640923e-07,1.8243569111150569e-06,4.591594424171805e-05,9.515178502675455e-05,3.912976506652964e-09,1.1064152789625717e-08,4.111958357210852e-18,3.9692991257144676e-18,5.652686258854178e-11,6.241927301373331e-11,3.789815598389387e-11,7.57993373136738e-11,2.3552332523722093e-14,4.223065580472459e-14,1.3994372700788858e-08,2.6064848226951235e-08,3.150175095053879e-18,8.908158915619356e-18,0.006751943499678541,0.01303538659779927,3.6321453889315462e-31,9.999999999996375e-31,1.1485937003405851e-07,3.4905628859113917e-07,3.091539976265606e-09,9.171018528583875e-09
0.156,1579.590850074755,4.796069160447325,0.18283653620772877,2.5765836143378107,0.4264859939929766,0.0593514287223636,4.9827236710294536e-05,3.467074803975962e-06,1.872996527957375e-10,2.0685484024188446e-10,4.8619074674655194e-11,1.0739038513330255e-10,2.143667688029472e-06,2.5166397403836516e-06,0.2471743093551599,0.3073784898600361,3.676696604505376e-13,8.376962400516571e-13,1.3272661310242484e-11,3.11638852425988e-11,5.517980604913074e-10,5.342946720265724e-10,0.00010107030945490398,0.0001048969605987957,0.043147426769613854,0.04778332431751574,0.23969089826938478,0.4634474838104282,0.03449321636523564,0.10478788378500925,3.116537084168738e-07,6.242745814621592e-07,2.3448260331865165e-06,4.8600863355036224e-06,1.4686583424710735e-05,3.248450620324976e-05,0.002052078758520929,0.003973971007728497,8.444876259154531e-07,1.694160943860872e-06,4.3896863794813334e-05,9.111771036873613e-05,3.642259957365325e-09,1.0315677305354726e-08,4.025065754882181e-18,3.891831106769126e-18,5.438645031370258e-11,6.015481891336337e-11,3.661455319180674e-11,7.335284342715634e-11,2.2484994823700776e-14,4.038337185888578e-14,1.3973371920802643e-08,2.6068669601517768e-08,3.0424021840517673e-18,8.61758887709704e-18,0.006740822862880436,0.013035386600160773,3.6261631448405505e-31,9.999999999996382e-31,1.0670347261448289e-07,3.248055750476785e-07,2.786302223966876e-09,8.279170196096208e-09
0.157,1575.877402133487,4.798434799270732,0.1827463973965364,2.5820556784345388,0.42801091633951305,0.05965384194419512,4.846828560950137e-05,3.3776234888852775e-06,1.7408907637631763e-10,1.9255615497829735e-10,4.4822855554173355e-11,9.915517849037605e-11,2.0514031506699617e-06,2.4119692991833806e-06,0.24601768181980677,0.3064034380278238,3.3910469056710005e-13,7.737839871074172e-13,1.2501682715715487e-11,2.939809748131611e-11,5.072520128440271e-10,4.919054357411945e-10,9.657531139242456e-05,0.00010038356041874038,0.042520271395687315,0.047160093451671034,0.24018459570519515,0.4651053175966222,0.034404755184774725,0.10467742190898666,3.067817085885882e-07,6.15446043237385e-07,2.347740821487327e-06,4.873496710641996e-06,1.4132740675342446e-05,3.130682688865709e-05,0.0019242767935581716,0.003732118121384195,7.868458107306602e-07,1.580913765561299e-06,4.208289611011747e-05,8.748469734878677e-05,3.40690715157356e-09,9.663718610294128e-09,3.947566902339254e-18,3.822677614764835e-18,5.2480611211448044e-11,5.8134743781484844e-11,3.5461436642808867e-11,7.115029573383197e-11,2.1538072657496896e-14,3.874126457996535e-14,1.3954068099538212e-08,2.607207856884647e-08,2.945196413376575e-18,8.354886968860547e-18,0.00673063045018899,0.01303538660228683,3.620680230366876e-31,9.999999999996387e-31,9.958647082809299e-08,3.0360046492325033e-07,2.531582672533164e-09,7.533692196568535e-09
0.158,1572.4257770966733,4.8006974324380165,0.1826602665653873,2.587530322804676,0.42942006917029285,0.05993391392086683,4.7232959763534866e-05,3.2961386156975897e-06,1.6261247434939304e-10,1.8011358519790062e-10,4.155489463443635e-11,9.20544513583594e-11,1.9690275506905486e-06,2.318351479847197e-06,0.2449532190076696,0.3055042047336648,3.1450310324859973e-13,7.18650289429142e-13,1.1824326738319795e-11,2.784414609370662e-11,4.688549987834355e-10,4.5530573648890647e-10,9.254354148284969e-05,9.63272855020429e-05,0.04193422093813539,0.046575115114005375,0.24063637736018492,0.4666316199514226,0.03432395712200142,0.10457758911429112,3.0228749409360355e-07,6.07277836509755e-07,2.3508086164467823e-06,4.886687066360993e-06,1.3633088890802477e-05,3.0242219202759174e-05,0.001811598300535102,0.0035184912204729466,7.363512168904884e-07,1.4815294257452234e-06,4.044246415871457e-05,8.419199717237094e-05,3.200420096914673e-09,9.090707732328388e-09,3.877885468085831e-18,3.760450543273245e-18,5.077001768014134e-11,5.631847958631655e-11,3.441817955265673e-11,6.915363416243655e-11,2.0691224403952233e-14,3.727004135152015e-14,1.3936225398505087e-08,2.60751435906752e-08,2.8569467347489314e-18,8.115871984359307e-18,0.0067212340252402625,0.013035386604214142,3.6156255101741923e-31,9.999999999996377e-31,9.332339324557992e-08,2.8490452071290433e-07,2.3163571190894223e-09,6.902843117226987e-09
0.159,1569.2030995966447,4.802864935705982,0.18257783311576758,2.5930074389634923,0.43072865181814934,0.06019453133346978,4.610338570452968e-05,3.221484899664874e-06,1.5255294591736834e-10,1.691905822355692e-10,3.871441990273981e-11,8.587333669458977e-11,1.8949508938880775e-06,2.234027010789095e-06,0.2439683632216698,0.30467058532297897,2.9311040892225895e-13,6.706360336750594e-13,1.1224262666657625e-11,2.6465388685671992e-11,4.354517729484681e-10,4.2341633438991845e-10,8.890335695801141e-05,9.265830266697348e-05,0.041384560947451195,0.04602424612622652,0.2410521681683635,0.4680442334737447,0.03424974757071164,0.10448684680557874,2.9812189208363154e-07,5.996862528057532e-07,2.353972480448026e-06,4.899611096304036e-06,1.317947048680286e-05,2.9273882540549246e-05,0.0017114983942641158,0.0033283886824330483,6.917637674349647e-07,1.3936254142713461e-06,3.895032279993994e-05,8.11908778805214e-05,3.0177975692243926e-09,8.58309233025512e-09,3.8147904796097775e-18,3.7040647227837465e-18,4.9223904836910096e-11,5.4674225932558e-11,3.346842789103759e-11,6.733260212567556e-11,1.9928535677481346e-14,3.594281154239569e-14,1.3919652730451513e-08,2.607791833267716e-08,2.7763644094389785e-18,7.897188176636914e-18,0.006712526972952386,0.013035386605971951,3.610941631659475e-31,9.999999999996394e-31,8.777055014739085e-08,2.6829996318725994e-07,2.1325058146212193e-09,6.363201618428827e-09
0.16,1566.1822077974493,4.80494452022312,0.18249881325751072,2.5984869266497435,0.43194912732183205,0.060438067109266864,4.5065113655297084e-05,3.152742060474493e-06,1.4366579313615135e-10,1.5952679906460982e-10,3.6224424039034834e-11,8.044735338536465e-11,1.8279132465827018e-06,2.15759898775599e-06,0.24305288585377885,0.30389425241700374,2.743497533948672e-13,6.284705149945719e-13,1.0688762914956547e-11,2.523321507603134e-11,4.061549400786044e-10,3.9540665522782624e-10,8.559746618284053e-05,8.932063036834905e-05,0.040867323913171195,0.045503962981466785,0.24143676547399193,0.46935770420325157,0.03418125414544871,0.10440395039109271,2.9424440345799877e-07,5.926020172788877e-07,2.3571911579822733e-06,4.912241631800703e-06,1.2765334935280525e-05,2.838829229446064e-05,0.0016219734878809774,0.003158100756263647,6.521131464030631e-07,1.315333532163114e-06,3.758602516265648e-05,7.84417485769483e-05,2.8551283973300766e-09,8.130252123005683e-09,3.757305151485628e-18,3.652658197959182e-18,4.781782881026878e-11,5.317666825550376e-11,3.259902956217975e-11,6.566280746979497e-11,1.9237365089773172e-14,3.473816985849608e-14,1.3904193260414758e-08,2.6080445515174004e-08,2.7024048714376564e-18,7.696107461790167e-18,0.006704422176655659,0.013035386607583771,3.606581731211349e-31,9.999999999996396e-31,8.281465159763358e-08,2.53456633200033e-07,1.973932640136957e-09,5.8971541251999475e-09
0.161,1563.3404139087716,4.806942747456883,0.18242294921711338,2.603968693084787,0.43309183377514476,0.060666494169343076,4.41063182160629e-05,3.089155103159017e-06,1.357591764839314e-10,1.509177803159819e-10,3.4025109979309776e-11,7.564857427803241e-11,1.7669024934177838e-06,2.0879431568297478e-06,0.24219835401490022,0.30316832866376126,2.5777299212438773e-13,5.911649592439874e-13,1.0207760375440016e-11,2.412495709509232e-11,3.8027233594070643e-10,3.706277261880476e-10,8.25794675848097e-05,8.626882575259606e-05,0.04037914171568879,0.045011246777015776,0.24179410230025658,0.4705840338112495,0.03411776000963132,0.1043278808872135,2.906213135489704e-07,5.859672091147783e-07,2.3604345360963697e-06,4.924564343902478e-06,1.238535547274615e-05,2.7574425165648633e-05,0.0015414245931449093,0.0030046608078096565,6.166294658284583e-07,1.245168564462895e-06,3.6332818071128346e-05,7.591207942966948e-05,2.7093103421571566e-09,7.723747409814307e-09,3.70464340453778e-18,3.605536655095629e-18,4.6532099812617455e-11,5.180537949287459e-11,3.1799273577599713e-11,6.412434065146856e-11,1.860753532539026e-14,3.363884976213718e-14,1.3889716789742024e-08,2.6082759610436212e-08,2.6342115049315347e-18,7.510386515182356e-18,0.006696847605007367,0.013035386609068812,3.6025070602314737e-31,9.999999999996396e-31,7.83651903975611e-08,2.401102021872759e-07,1.8359826590859186e-09,5.491230358332514e-09
0.162,1560.658581674712,4.808865569173595,0.1823500075215439,2.6094526522772856,0.43416543530814194,0.06088146956379015,4.32172157739767e-05,3.0300979681946734e-06,1.2868064864319577e-10,1.4320079645195298e-10,3.2069378939572145e-11,7.137608730275931e-11,1.711095653723293e-06,2.024143757731618e-06,0.2413977400338473,0.3024870733531261,2.4302699251553755e-13,5.579390536348864e-13,9.773186981162346e-12,2.312241910967152e-11,3.5725666168272026e-10,3.485655695514625e-10,7.981135067758277e-05,8.346558596617245e-05,0.03991713238921239,0.04454349311524649,0.24212743901877667,0.47173323101129844,0.034058669757502075,0.10425779499381313,2.872242848405362e-07,5.797329525494535e-07,2.363680533803762e-06,4.936573555797291e-06,1.2035151533220536e-05,2.682319658485631e-05,0.0014685600563126846,0.002865667892870633,5.8469422210922e-07,1.1819351657650222e-06,3.5176831828306556e-05,7.357487014206827e-05,2.577851582874441e-09,7.356787223524913e-09,3.656164682859557e-18,3.562133826313872e-18,4.53506630806956e-11,5.054367635569858e-11,3.106033859600003e-11,6.270077042340049e-11,1.803075425505684e-14,3.263075761822245e-14,1.3876114127483016e-08,2.608488877281406e-08,2.571074434087402e-18,7.338161638067306e-18,0.006689743069232214,0.013035386610442908,3.5986852407218064e-31,9.999999999996396e-31,7.434900238298251e-08,2.2804656962331882e-07,1.7150474477683924e-09,5.134973484148237e-09
0.163,1558.1204289849575,4.810718377479694,0.1822797769276819,2.6149387243849818,0.43517726026185455,0.061084397716853096,4.2389632603836594e-05,2.975046508043617e-06,1.2230759020808197e-10,1.3624476450658433e-10,3.031965867817329e-11,6.754927882235015e-11,1.659816222074925e-06,1.965446792040385e-06,0.24064513066130644,0.30184564865067787,2.298299341483509e-13,5.281691887926703e-13,9.378500333218125e-12,2.2210824486376388e-11,3.366698433972838e-10,3.2880816138245687e-10,7.72616599963235e-05,8.087998127489467e-05,0.03947881219680864,0.04409844094841696,0.24243950532833736,0.47281372264052357,0.03400348404819081,0.1041929880356587,2.840292929009501e-07,5.738576607934177e-07,2.3669129318236376e-06,4.948269416180949e-06,1.1711084218688496e-05,2.6127045100475152e-05,0.0014023250765086395,0.002739157896736283,5.558049527492615e-07,1.1246606122202045e-06,3.4106476362524535e-05,7.14075045678513e-05,2.458727861937142e-09,7.0238458123182465e-09,3.611341167283195e-18,3.52198272927853e-18,4.426028457701428e-11,4.9377785567996753e-11,3.0374886198576517e-11,6.13784012489106e-11,1.750019300572598e-14,3.170226723231065e-14,1.3863292863022906e-08,2.608685624577488e-08,2.512399824443357e-18,7.177870179235005e-18,0.006683057800229135,0.013035386611719369,3.595088961911437e-31,9.999999999996398e-31,7.070631233577273e-08,2.1709049388872453e-07,1.6082918169444648e-09,4.820156500427928e-09
0.164,1555.7119926274781,4.812506057464335,0.18221206627860898,2.6204268351365,0.4361335587730615,0.06127647871237697,4.1616679568948385e-05,2.9235580803051837e-06,1.1654029200886084e-10,1.29942945721836e-10,2.8745631308626802e-11,6.410301440797486e-11,1.6125026244402856e-06,1.9112254031367534e-06,0.23993550701778,0.30123994241588664,2.1795432285462652e-13,5.013513051169937e-13,9.01833878783758e-12,2.1378046676223548e-11,3.181573487050707e-10,3.1102157998615065e-10,7.490412417958315e-05,7.848613267258618e-05,0.039062026510595295,0.043674115801959186,0.24273260714652123,0.47383266504730015,0.033951780444822166,0.10413286601940616,2.810158101016428e-07,5.683056816949611e-07,2.3701198346656766e-06,4.959655969851663e-06,1.1410103140501473e-05,2.5479620407954358e-05,0.0013418497705926903,0.0026235083832098884,5.295493301333459e-07,1.0725454104151966e-06,3.311198439406975e-05,6.939088144131677e-05,2.3502778974776616e-09,6.720381317241646e-09,3.5697335597172e-18,3.484694405816209e-18,4.324994804767294e-11,4.82962254512871e-11,2.9736756029043275e-11,6.014571539326916e-11,1.7010173211060106e-14,3.0843695906364604e-14,1.3851174141853503e-08,2.6088681405528366e-08,2.457686665039538e-18,7.028190921988811e-18,0.006676748609336263,0.013035386612909245,3.5916949908570805e-31,9.999999999996412e-31,6.738781275651216e-08,2.070971739044803e-07,1.5134608612121446e-09,4.54022811721394e-09
0.165,1553.4212122793951,4.814233038251573,0.18214670244283993,2.6259169153113735,0.4370397015813724,0.06145874564153635,4.089250368812485e-05,2.8752559249426897e-06,1.1129687000987521e-10,1.2420756925661726e-10,2.732257789155433e-11,6.098412265202855e-11,1.568684540416546e-06,1.8609538437180506e-06,0.23926457577979762,0.30066643207185495,2.0721461015842366e-13,4.770737728711088e-13,8.688266106456903e-12,2.0614039074756088e-11,3.014293759958537e-10,2.949325086707393e-10,7.271661775941056e-05,7.62622082171343e-05,0.03866489493982888,0.04326878411569001,0.2430087082185266,0.47479618319006134,0.03390319874155888,0.10407692427468557,2.7816617143629967e-07,5.63046240366794e-07,2.373292565086908e-06,4.970739827265118e-06,1.1129630085383331e-05,2.4875545857237925e-05,0.0012864103312962868,0.002517367293321734,5.055858829985605e-07,1.0249264733938577e-06,3.2185061239037324e-05,6.75087460699459e-05,2.2511256335336507e-09,6.442626264949929e-09,3.5309729219600576e-18,3.4499419629959293e-18,4.231040186291474e-11,4.728934039352008e-11,2.914073402610087e-11,5.899294785184305e-11,1.6555931726309857e-14,3.004690954470758e-14,1.383969017414578e-08,2.6090380546648918e-08,2.4065089735591752e-18,6.887998265556666e-18,0.0066707784732444805,0.013035386614021949,3.588483411210243e-31,9.999999999996405e-31,6.435247419708526e-08,1.979459257179187e-07,1.42874132730431e-09,4.289914067092688e-09
0.166,1551.2376027487971,4.815903340992957,0.18208352838910954,2.6314089002747965,0.43790033560218217,0.06163209389090269,4.02120958404686e-05,2.8298170438504085e-06,1.0650947088000218e-10,1.1896581454536362e-10,2.603015350235521e-11,5.8148789747296775e-11,1.5279648755148768e-06,1.814187622196664e-06,0.2386286378516835,0.3001220785449666,1.9745802852347406e-13,4.549972888005096e-13,8.38457959340646e-12,1.991040600400586e-11,2.8624686923171354e-10,2.803152073528176e-10,7.068036417150031e-05,7.418965095581298e-05,0.03828576724041017,0.042880916114654326,0.24326949330058217,0.475709556798442,0.03385742957240596,0.1040247309078946,2.7546507561556054e-07,5.580526035623128e-07,2.3764248603225453e-06,4.981529243730095e-06,1.0867469450237574e-05,2.4310235220832547e-05,0.001235399571204593,0.0024195987742697063,4.836294468587755e-07,9.812492805566348e-07,3.13186129266605e-05,6.57471700573394e-05,2.160121608396398e-09,6.187429310236753e-09,3.494746850581927e-18,3.417448414607579e-18,4.143381329432974e-11,4.63489451281447e-11,2.8582373806637317e-11,5.7911758080384117e-11,1.613344111282617e-14,2.9305020836158743e-14,1.3828782283290521e-08,2.6091967482383287e-08,2.3585019799438424e-18,6.7563265556486166e-18,0.0066651154300378015,0.013035386615065621,3.5854370293523224e-31,9.9999999999964e-31,6.156588166232888e-08,1.895353688447647e-07,1.3526604046363528e-09,4.064925650278556e-09
0.167,1549.1519941154702,4.817520622053041,0.18202240145994417,2.6369027295616276,0.4387195065662172,0.0617973042709613,3.95711405818164e-05,2.7869627156803916e-06,1.0212140526660266e-10,1.1415677180198918e-10,2.4851468891071424e-11,5.5560603690009373e-11,1.490005886166356e-06,1.7705481994527354e-06,0.23802448536217238,0.29960424297748306,1.885577179862395e-13,4.348397797317497e-13,8.104164203615868e-12,1.9260076046678608e-11,2.724109887106545e-10,2.669816899220779e-10,6.877931782212237e-05,7.2252579195806e-05,0.03792318777870047,0.04250915559726495,0.24351641751069003,0.4765773664842071,0.03381420549177543,0.10397591386897646,2.728991900127531e-07,5.533014154854079e-07,2.3795122796740587e-06,4.9920334741225656e-06,1.0621738624268145e-05,2.3779750003927467e-05,0.0011883043374596536,0.0023292415747126205,4.634400578622489e-07,9.410465923090729e-07,3.0506533294842696e-05,6.409414291009898e-05,2.0762982269765264e-09,5.9521343217654735e-09,3.4607888343802057e-18,3.3869773144651074e-18,4.0613502303100724e-11,4.546805046919746e-11,2.8057857696026637e-11,5.6894974123923965e-11,1.5739271214286813e-14,2.861215615828798e-14,1.38183993659773e-08,2.6093454007495606e-08,2.313351306455601e-18,6.6323420860043816e-18,0.006659731711218921,0.013035386616047036,3.5825409074757785e-31,9.99999999999638e-31,5.8998957085619064e-08,1.8177972313164422e-07,1.2840108096055237e-09,3.861743731832831e-09
0.168,1547.156322815356,4.819088212015618,0.18196319181759285,2.642398346504874,0.43950075703539265,0.06195506153571422,3.8965897306509285e-05,2.7464509750829567e-06,9.808495323756855e-11,1.0972911214371681e-10,2.377239266143152e-11,5.318906629751181e-11,1.4545183612398653e-06,1.7297110390463916e-06,0.23744931976502806,0.2991106204159895,1.804075013579286e-13,4.1636491287712273e-13,7.844380131173334e-12,1.8657050015924975e-11,2.5975507934077856e-10,2.54774221412551e-10,6.699967890538208e-05,7.04373147523052e-05,0.03757586650100123,0.04215229501792623,0.2437507453976263,0.4774036099965638,0.03377329389735372,0.1039301507120725,2.7045683353860554e-07,5.487721625216113e-07,2.382551764455821e-06,5.002262323107653e-06,1.0390813167179885e-05,2.3280686870032295e-05,0.0011446879746966373,0.0022454766871452822,4.448143669950555e-07,9.039219694507092e-07,2.9743535169615722e-05,6.25392474357123e-05,1.9988352033258056e-09,5.734486821918623e-09,3.4288699539617913e-18,3.3583254458776727e-18,3.9843733442170616e-11,4.4640648608354776e-11,2.756388719156105e-11,5.593639056872819e-11,1.5370481031233133e-14,2.7963273220264255e-14,1.3808496660676858e-08,2.609485026059651e-08,2.2707843860085505e-18,6.515320840472406e-18,0.006654603049873708,0.013035386616972334,3.5797819914174706e-31,9.999999999996375e-31,5.6626966036861865e-08,1.7460592453968875e-07,1.2217945645786618e-09,3.6774564498888914e-09
0.169,1545.2434621743073,4.820609150591179,0.18190578105701843,2.647895697903984,0.4402472054692065,0.06210596934870599,3.839310529906903e-05,2.7080705922532023e-06,9.435966547133832e-11,1.056392817861756e-10,2.2781014858215668e-11,5.1008448068589056e-11,1.4212530988306492e-06,1.6913961794909422e-06,0.2369006860930066,0.29863918651039295,1.7291786651748831e-13,3.993732502903197e-13,7.602975241954008e-12,1.80962043813106e-11,2.4813847514361563e-10,2.4355952310503503e-10,6.532950868153788e-05,6.873200823053457e-05,0.037242655039666055,0.04180925480076962,0.24397358217367124,0.47819179560801917,0.0337344913608061,0.10388716041131442,2.681277197745979e-07,5.444467380714362e-07,2.3855413082615305e-06,5.012225832315354e-06,1.017328321016773e-05,2.2810087952784324e-05,0.0011041765668628925,0.0021676019238308785,4.2757893274404063e-07,8.69536879378875e-07,2.9025015254398064e-05,6.10733993755092e-05,1.927032577159295e-09,5.532560829399208e-09,3.3987923397700517e-18,3.331317056063783e-18,3.9119551584708806e-11,4.386154340399481e-11,2.7097595771485695e-11,5.503060743329984e-11,1.5024533391797778e-14,2.7354016941342465e-14,1.379903475356232e-08,2.609616501054406e-08,2.2305635921603512e-18,6.404630635882768e-18,0.006649708124003638,0.013035386617846709,3.577148811204561e-31,9.99999999999639e-31,5.442873759295852e-08,1.679513561945829e-07,1.1651802969664224e-09,3.509635814808666e-09
0.17,1543.407084160589,4.822086217429414,0.18185006098384526,2.653394733728277,0.44096161040953263,0.06225056245107705,3.784990733220545e-05,2.6716362201719672e-06,9.09110355027151e-11,1.0185008902916535e-10,2.1867230436591486e-11,4.899689799972857e-11,1.389994134317071e-06,1.65536073401428e-06,0.23637641981852145,0.2981881543855529,1.6601284565151293e-13,3.8369537057053075e-13,7.37801622676628e-12,1.7573136540910225e-11,2.3744167329024195e-10,2.3322425323318546e-10,6.375842199507678e-05,6.712633906799095e-05,0.03692252697075773,0.04147906612218263,0.24418589886344816,0.4789450176345312,0.03369761905415709,0.10384669677158687,2.65902747829368e-07,5.403090871287473e-07,2.3884797075079507e-06,5.021934062443302e-06,9.967918523671536e-06,2.2365368882045048e-05,0.0010664480506345838,0.0020950117708883145,4.1158493477112004e-07,8.3760052017369e-07,2.8346945256249006e-05,5.968863717987496e-05,1.8602894530816302e-09,5.344701141852015e-09,3.3703839692498698e-18,3.305799267811592e-18,3.8436651343222657e-11,4.312621532892211e-11,2.6656478967853982e-11,5.417290075795072e-11,1.4699227050190597e-14,2.678060461139488e-14,1.3789978770897119e-08,2.6097405884355947e-08,2.1924807013136175e-18,6.2997166999336295e-18,0.006645028105659802,0.013035386618674634,3.5746312385152613e-31,9.99999999999639e-31,5.238604650125299e-08,1.6176204876795052e-07,1.1134704598427828e-09,3.3562428817898373e-09
0.171,1541.6415455848933,4.823521959367868,0.1817959325355321,2.658895406851448,0.4416464230618691,0.062389316645268776,3.7333787641143405e-05,2.636984448512359e-06,8.770945174693669e-11,9.832958774905291e-11,2.102241252716561e-11,4.713574457746889e-11,1.3605533093959429e-06,1.6213928680731343e-06,0.23587460350567735,0.29775593942043765,1.5962756658119467e-13,3.6918646622859067e-13,7.1678339465876954e-12,1.708404185307471e-11,2.2756253777172857e-10,2.2367144784537546e-10,6.227733930587852e-05,6.56112732680406e-05,0.03661456136580549,0.041160856465739255,0.24438855274173557,0.4796660180714961,0.03366251902662653,0.1038085430765013,2.6377383063208204e-07,5.363449136250392e-07,2.3913663715736736e-06,5.031396943583961e-06,9.773640278169213e-06,2.1944260511570587e-05,0.0010312235215197423,0.002027181278334145,3.96703968626275e-07,8.078617151388711e-07,2.7705783405472542e-05,5.8377950836766575e-05,1.7980870899993612e-09,5.169477370595744e-09,3.3434944882075956e-18,3.2816383919829876e-18,3.7791272028273916e-11,4.243071269542896e-11,2.6238337778852748e-11,5.3359117724465826e-11,1.439264215148192e-14,2.623973353869744e-14,1.3781297717204748e-08,2.6098579550776357e-08,2.1563523896526498e-18,6.2000899221268994e-18,0.006640546292409105,0.013035386619460137,3.572220288429452e-31,9.999999999996385e-31,5.048311945618961e-08,1.5599124032509546e-07,1.066075904276661e-09,3.215554118169345e-09
0.17200000000000001,1539.9417937082153,4.824918714525891,0.18174330482893214,2.664397672813549,0.4423038307087908,0.06252265705056163,3.684252113359533e-05,2.6039705670449538e-06,8.4729362824521e-11,9.50501871911655e-11,2.0239153760222767e-11,4.54089418206558e-11,1.3327658787724029e-06,1.5893069216727866e-06,0.23539353116413098,0.2973411302530644,1.5370631350499054e-13,3.557220607012738e-13,6.970979650405992e-12,1.6625615024651088e-11,2.1841328595327753e-10,2.1481769255290794e-10,6.087828505544036e-05,6.417886611533982e-05,0.03631792899713159,0.040853837428910876,0.24458230407950232,0.480357237304854,0.03362905114910697,0.10377250770548063,2.6173375264448816e-07,5.325414371558983e-07,2.3942011773980413e-06,5.0406241743187795e-06,9.589498013043338e-06,2.1544761321033047e-05,0.0009982602308034746,0.0019636530663652858,3.8282467094144455e-07,7.801023998890414e-07,2.7098401940091203e-05,5.713514132236089e-05,1.739975334864623e-09,5.005647021503024e-09,3.3179918289613614e-18,3.258716941605039e-18,3.7180112605511286e-11,4.177156349680012e-11,2.5841232482545402e-11,5.2585590927089584e-11,1.4103096054314174e-14,2.572850614454654e-14,1.3772963928482387e-08,2.609969186905029e-08,2.1220165413467692e-18,6.1053172039508446e-18,0.00663624780369781,0.013035386620206844,3.569907956090233e-31,9.999999999996396e-31,4.870623712560271e-08,1.505982138606253e-07,1.0224959639422654e-09,3.0861036783225325e-09
0.17300000000000001,1538.3032874438472,4.826278633605407,0.18169209431943315,2.669901489607261,0.44293579279315903,0.06265096497449896,3.6374131552004114e-05,2.5724658956457483e-06,8.194860751614769e-11,9.1987936626037e-11,1.9511059763584065e-11,4.380262663244731e-11,1.306486930824923e-06,1.558939430952755e-06,0.2349316787364385,0.29694246474948743,1.48200978508201e-13,3.4319458514568383e-13,6.786189637856144e-12,1.619497043984533e-11,2.0991807728637309e-10,2.06590857090005e-10,5.9554222586764646e-05,6.282210043665444e-05,0.0360318807014077,0.040557294375306335,0.24476782995931426,0.48102085611421963,0.03359709058985338,0.10373842052136634,2.5977605150778194e-07,5.288871901317798e-07,2.3969843576292845e-06,5.049625155860844e-06,9.414650740755732e-06,2.116509831145292e-05,0.0009673459046581739,0.0019040267720555329,3.698499916504687e-07,7.541323519678804e-07,2.6522027341114898e-05,5.595470457127603e-05,1.6855616560782053e-09,4.852125616695138e-09,3.2937594489830636e-18,3.2369311922705745e-18,3.6600262235566806e-11,4.114570332287069e-11,2.5463444700436386e-11,5.1849067862352596e-11,1.382910729195113e-14,2.5244368785868126e-14,1.376495261758755e-08,2.6100748010572184e-08,2.089329203635674e-18,6.0150134868958836e-18,0.006632119328999072,0.013035386620917789,3.5676870812222676e-31,9.999999999996394e-31,4.704341121298447e-08,1.4554735281031672e-07,9.82302721779222e-10,2.9666377593653084e-09
0.17400000000000002,1536.721931301844,4.827603698615464,0.18164222406250718,2.675406817485518,0.44354407104936727,0.06277458365819921,3.5926856777483603e-05,2.5423555668533187e-06,7.93478728387524e-11,8.912194623131502e-11,1.883258304126106e-11,4.230476238753909e-11,1.2815884514473976e-06,1.5301458611531042e-06,0.23448767953782404,0.2965588099865745,1.4306981552295354e-13,3.3151062134508734e-13,6.612356524962636e-12,1.5789577313549295e-11,2.0201106937867713e-10,1.9892826716440465e-10,5.82989181223042e-05,6.153475315962631e-05,0.03575573753717966,0.040270577637323196,0.2449457357366678,0.48165883064280085,0.03356652571741876,0.10370612987500817,2.5789491884548196e-07,5.253718472951529e-07,2.3997164138494243e-06,5.058408950304166e-06,9.248351332821622e-06,2.0803694648441013e-05,0.0009382941028246043,0.0018479504171683776,3.5769497295868206e-07,7.297848947261611e-07,2.597419074253112e-05,5.4831735042136726e-05,1.6345022168502967e-09,4.707962347943887e-09,3.2706940647030772e-18,3.2161891791048318e-18,3.60491432288755e-11,4.055041610239838e-11,2.5103446028447657e-11,5.11466525488887e-11,1.3569365973003018e-14,2.4785061453338183e-14,1.3757241494438497e-08,2.6101752558888185e-08,2.058162059483783e-18,5.9288351250570626e-18,0.006628148917880196,0.013035386621595828,3.565551235200316e-31,9.999999999996403e-31,4.548412048614832e-08,1.4080736806392892e-07,9.451284789612813e-10,2.8560782159563402e-09
0.17500000000000002,1535.1940194074173,4.828895739585878,0.18159362305554777,2.6809136187881943,0.4441302549282714,0.06289382313157178,3.549911982007544e-05,2.5135366691590106e-06,7.691025222036488e-11,8.643391449583073e-11,1.819888824949452e-11,4.090484962574279e-11,1.2579568956775362e-06,1.5027979016745007e-06,0.23406030361026692,0.29618914540622926,1.3827642948820604e-13,3.205886630430761e-13,6.448505691703437e-12,1.5407206488118227e-11,1.9463483827355087e-10,1.917752173905433e-10,5.710682776914915e-05,6.0311284317418396e-05,0.03548888236320641,0.039993094945078266,0.2451165646400905,0.4822729218065661,0.03353725634211966,0.10367550010012146,2.560851164777867e-07,5.219860813560799e-07,2.402398049546937e-06,5.066984257926213e-06,9.089933515106617e-06,2.0459142676428667e-05,0.0009109403975870249,0.001795113293454199,3.46284927173012e-07,7.069133688374696e-07,2.545268646721571e-05,5.37618449538762e-05,1.5864945509345066e-09,4.572320079132912e-09,3.2487037739397845e-18,3.196409036365052e-18,3.552446375185775e-11,3.998328492279748e-11,2.4759871884980782e-11,5.0475756792714836e-11,1.3322709271634774e-14,2.43485760720658e-14,1.3749810445434604e-08,2.6102709592691663e-08,2.028400312837548e-18,5.846474330921421e-18,0.006624325803215177,0.01303538662224341,3.5634946259481e-31,9.99999999999639e-31,4.401909342542692e-08,1.3635066072935512e-07,9.106556925450267e-10,2.753493318961278e-09
0.176,1533.716188243402,4.830156449159396,0.181546225663458,2.6864218577854277,0.4446957829949541,0.06300896430319229,3.508950457819696e-05,2.485916693985607e-06,7.462088374845912e-11,8.390774095256011e-11,1.7605742383742158e-11,3.959369005042237e-11,1.2354911749254263e-06,1.4767812221219978e-06,0.233648440396729,0.29583254866946845,1.3378895234270788e-13,3.103572895959414e-13,6.293775911017718e-12,1.504588664050271e-11,1.8773908866113641e-10,1.850837560996245e-10,5.597300349733225e-05,5.914674459379876e-05,0.035230752676306334,0.0397243049630276,0.24528080580589798,0.4828647199791808,0.03350919224260063,0.1036464094180077,2.5434190601250604e-07,5.187214415195164e-07,2.4050301175385437e-06,5.075359405705097e-06,8.93880103709029e-06,2.013018142256519e-05,0.0008851392187577019,0.0017452400823619828,3.355539367590513e-07,6.853882250491233e-07,2.495553737045294e-05,5.2741096701074125e-05,1.5412715302900467e-09,4.444458860738112e-09,3.2277064937726993e-18,3.1775176150659485e-18,3.502417859605996e-11,3.944215120424568e-11,2.4431499701725282e-11,4.983405950619644e-11,1.3088101091749536e-14,2.3933121872514573e-14,1.3742641263548806e-08,2.610362275472028e-08,1.999940919053681e-18,5.7676545221680226e-18,0.006620640252623555,0.013035386622862797,3.5615120180211814e-31,9.999999999996384e-31,4.2640128772413796e-08,1.3215279548383576e-07,8.786088491869531e-10,2.658074122471864e-09
0.177,1532.2853761006572,4.831387395688328,0.1814999711038421,2.6919315005358824,0.4452419612130382,0.06312026246055448,3.469673525704872e-05,2.4594122148579247e-06,7.246665101142624e-11,8.152920562261211e-11,1.7049424439054618e-11,3.836319221153738e-11,1.2141009686972308e-06,1.4519935880228378e-06,0.23325108398658523,0.29548818359529666,1.2957936485589346e-13,3.007536615623709e-13,6.147403237589936e-12,1.4703867823364464e-11,1.812795909885478e-10,1.788116829973753e-10,5.4893013972557884e-05,5.803669737296426e-05,0.034980834416500246,0.03946371167020202,0.24543890109825853,0.4834356660259227,0.03348225191380834,0.1036187481611728,2.526609882098223e-07,5.155702484835584e-07,2.40761357910937e-06,5.0835423458061216e-06,8.794418508568705e-06,1.981567753455065e-05,0.0008607612190006009,0.0016980859388423177,3.254436058933213e-07,6.650946016997173e-07,2.4480965419409376e-05,5.1765945377112954e-05,1.498596348802559e-09,4.323722207011749e-09,3.207628653508953e-18,3.1594493262039116e-18,3.4546456165590614e-11,3.8925080304486836e-11,2.4117230470865016e-11,4.921947223743563e-11,1.2864614989921517e-14,2.353709627702387e-14,1.3735717417656565e-08,2.61044953098008e-08,1.9726910833998676e-18,5.692126366787938e-18,0.006617083441753272,0.013035386623456026,3.559598664440639e-31,9.999999999996387e-31,4.133994558839959e-08,1.2819205998363362e-07,8.487478420649188e-10,2.569115187200834e-09
0.178,1530.898788286088,4.832590034901811,0.18145480298883152,2.6974425147583143,0.4457699785770691,0.06322795026615012,3.431965894279859e-05,2.4339477679869584e-06,7.043593493008189e-11,7.928570288644711e-11,1.6526650798157545e-11,3.720621089764699e-11,1.1937053067145609e-06,1.4283432769779053e-06,0.2328673205418313,0.29515528987332057,1.2562293640665472e-13,2.9172227700547374e-13,6.0087075831020975e-12,1.4379591062172075e-11,1.7521730222195766e-10,1.7292171933256468e-10,5.3862877821314926e-05,5.697715296219998e-05,0.03473865660975962,0.039210859478429144,0.24559125090246894,0.4839870692321731,0.03345636150266545,0.10359241726756124,2.510384513634915e-07,5.125255049466258e-07,2.4101494722722384e-06,5.091540660767551e-06,8.656303667527913e-06,1.9514609180272364e-05,0.0008376910711641715,0.0016534323774914685,3.1590201992522593e-07,6.459303038764897e-07,2.4027366793543067e-05,5.0833190072619366e-05,1.4582583373314867e-09,4.209525637147259e-09,3.1884040917426974e-18,3.1421451639544023e-18,3.408965071083734e-11,3.843033256719347e-11,2.3816073152877094e-11,4.8630110015550966e-11,1.2651419819407294e-14,2.3159060403645195e-14,1.3729023855254124e-08,2.610533019370675e-08,1.946566987724562e-18,5.619664425094416e-18,0.006613647346130748,0.013035386624024954,3.557750248514801e-31,9.999999999996378e-31,4.011205795545096e-08,1.244490963367443e-07,8.208625495099778e-10,2.4859987904213593e-09
0.179,1529.5538674740424,4.83376572003382,0.1814106689272403,2.702954869714687,0.44628092040760725,0.06333224030692736,3.395723084202778e-05,2.4094549032937434e-06,6.851840709724272e-11,7.716601970768464e-11,1.603451332472457e-11,3.6116413782439484e-11,1.1742313758599088e-06,1.405747744987626e-06,0.2324963176244632,0.2948331743286851,1.2189776020163226e-13,2.8321393895337826e-13,5.877081492004787e-12,1.407166291812645e-11,1.6951763556636324e-10,1.6738081813547938e-10,5.2879007303687175e-05,5.5964513025117866e-05,0.034503786780199205,0.038965329042603976,0.24573821903370058,0.48452012252386245,0.03343145390521018,0.1035673270040752,2.4947072737263977e-07,5.095808193658542e-07,2.4126388863557664e-06,5.099361571004435e-06,8.524020849881527e-06,1.9226052439669034e-05,0.0008158256205838343,0.0016110838187776513,3.0688287484626056e-07,6.278041113652068e-07,2.3593290787058697e-05,4.993993257001521e-05,1.420069461530915e-09,4.101347078317703e-09,3.169973125295797e-18,3.1255518805930723e-18,3.365227901380198e-11,3.7956339002471716e-11,2.352713149051518e-11,4.806426667567534e-11,1.244776764040384e-14,2.2797718421520506e-14,1.3722546834564936e-08,2.6106130054200213e-08,1.921492711683989e-18,5.550064302314308e-18,0.006610324649272823,0.013035386624571146,3.5559628344089786e-31,9.999999999996389e-31,3.895066988022921e-08,1.2090659172529934e-07,7.947683740590371e-10,2.4081819245280894e-09
0.18,1528.2482676617064,4.834915711168812,0.1813675201582602,2.708468536103947,0.4467757799731126,0.06343332732731197,3.360850150099662e-05,2.385871361269264e-06,6.670485566981668e-11,7.516014862432625e-11,1.5570427485233852e-11,3.5088169584752116e-11,1.1556135002797128e-06,1.3841324850595166e-06,0.23213731490309358,0.2945212033038383,1.1838436351148547e-13,2.751848888058798e-13,5.7519806294344885e-12,1.3778833910656638e-11,1.6414984746322886e-10,1.6215958471926224e-10,5.1938159990498656e-05,5.4995522847688204e-05,0.03427582688585585,0.03872673352635135,0.24588013699388828,0.4850359157285505,0.03340746798334234,0.10354339586367366,2.479545531271686e-07,5.067303386790489e-07,2.4150829427762326e-06,5.107011947586763e-06,8.39717535481347e-06,1.8949169543672038e-05,0.0007950723142147567,0.00157086464943233,2.9834473961995956e-07,6.106343433156764e-07,2.3177421562741724e-05,4.9083541555474575e-05,1.3838613560280113e-09,3.998718730450252e-09,3.1522817554422946e-18,3.109621283091669e-18,3.3233000252198016e-11,3.75016802466422e-11,2.3249592633928856e-11,4.75203935408433e-11,1.2252983373562904e-14,2.2451899862372682e-14,1.3716273777884893e-08,2.6106897286538184e-08,1.8973992987553737e-18,5.483140178861207e-18,0.006607108662533513,0.013035386625096144,3.5542328240276503e-31,9.999999999996385e-31,3.785058592207437e-08,1.175490150043919e-07,7.703025370785091e-10,2.335185489867726e-09
0.181,1526.9798317439108,4.836041183441842,0.18132531123004322,2.7139834859651457,0.4472554684758901,0.0635313901489933,3.327260588967007e-05,2.3631403694779774e-06,6.498703894806418e-11,7.325913037593228e-11,1.5132088862193107e-11,3.4116454257949207e-11,1.1377922752065413e-06,1.3634300572178848e-06,0.23178961618435814,0.29421879612371427,1.150653810028575e-13,2.6759607956497276e-13,5.6329157526989075e-12,1.3499980294050851e-11,1.5908652331381222e-10,1.5723179017631688e-10,5.103739760448573e-05,5.406723064931319e-05,0.034054409801764884,0.0384947153630566,0.24601730761462706,0.48553544694727846,0.03338434789392895,0.10352054962187057,2.4648693743866824e-07,5.039686906605554e-07,2.417482779766728e-06,5.1144983257033724e-06,8.275408646657845e-06,1.8683198853048466e-05,0.0007753478710754874,0.0015326167325703398,2.902504334391981e-07,5.943476456529202e-07,2.277856256997819e-05,4.8261622031550384e-05,1.3494828183742285e-09,3.901220187122569e-09,3.135280990045275e-18,3.094309631987048e-18,3.283059899544467e-11,3.706506879389446e-11,2.2982717437879582e-11,4.699708122561307e-11,1.2066456006218477e-14,2.2120544576503003e-14,1.3710193145428285e-08,2.6107634063458657e-08,1.874223957942139e-18,5.418722697775247e-18,0.006603993256307262,0.013035386625601287,3.552556920005988e-31,9.999999999996387e-31,3.680713559097978e-08,1.1436239371486345e-07,7.473209973872954e-10,2.2665853020990443e-09
0.182,1525.7465720786145,4.837143234285951,0.1812839997156595,2.719499692588833,0.4477208236871028,0.0636265933321383,3.294875400819993e-05,2.3412100366650747e-06,6.335756150151182e-11,7.145492067465552e-11,1.471743650246188e-11,3.319677187363341e-11,1.1207138266698556e-06,1.3435792589045834e-06,0.23145258253666348,0.2939254194539123,1.1192527934471624e-13,2.6041256274671345e-13,5.519445891859718e-12,1.3234088568327098e-11,1.5430314353382727e-10,1.525739605830471e-10,5.017405074633685e-05,5.317695268248344e-05,0.033839196257464274,0.03826894342849491,0.24615000819454336,0.48601963236965184,0.03336204251045763,0.10349872052430939,2.4506513242763134e-07,5.012909339817746e-07,2.419839540272268e-06,5.121826918509241e-06,8.158394235915567e-06,1.8427446248537774e-05,0.000756577149953399,0.0014961972855688174,2.8256649670273804e-07,5.788779601909506e-07,2.23956231377534e-05,4.7471988973423364e-05,1.3167976795401919e-09,3.808472585749504e-09,3.1189262630899175e-18,3.0795771264140913e-18,3.244397067674384e-11,3.6645333807571764e-11,2.2725832126762433e-11,4.649304399235759e-11,1.1887631070856022e-14,2.180268985591653e-14,1.3704294326196027e-08,2.6108342360812207e-08,1.8519093767898383e-18,5.356657145086931e-18,0.006600972800602894,0.013035386626087851,3.550932093742091e-31,9.999999999996385e-31,3.58161089716322e-08,1.1133412405150504e-07,7.256958739078802e-10,2.202004565990779e-09
0.183,1524.5466533610825,4.838222890029757,0.18124354595484654,2.7250171304359667,0.44817261752917903,0.06371908863614117,3.2636222700362096e-05,2.3200328240243533e-06,6.180976855508437e-11,6.974027653037549e-11,1.4324621796144115e-11,3.2325087396689766e-11,1.1043291726061538e-06,1.3245244083676286e-06,0.23112562626965708,0.2936405823553309,1.0895012331020354e-13,2.536029673051867e-13,5.411172506877828e-12,1.2980242197773835e-11,1.4977771474603312e-10,1.4816502760577455e-10,4.93456883646166e-05,5.232224299413481e-05,0.03362987212170832,0.038049110523452875,0.2462784932374307,0.4864893148701502,0.03334050491827168,0.10347784658018533,2.4368660832380107e-07,4.986925141146601e-07,2.4221543627561765e-06,5.129003632264273e-06,8.045834101338617e-06,1.8181277643002472e-05,0.0007386921766972308,0.0014614770553563097,2.7526273786064426e-07,5.641656408112542e-07,2.2027606802611824e-05,4.671264436274189e-05,1.285682980120824e-09,3.7201335933989374e-09,3.1031769337260946e-18,3.0653874595894806e-18,3.207210890843907e-11,3.624140783688909e-11,2.247832105062105e-11,4.6007106139565455e-11,1.1716004148128937e-14,2.1497459301114884e-14,1.3698567542250126e-08,2.6109023979978977e-08,1.8304031223577028e-18,5.296801860911374e-18,0.0065980421129455385,0.013035386626556926,3.549355557371364e-31,9.999999999996385e-31,3.4873701428397904e-08,1.084528074796866e-07,7.053132747743908e-10,2.141107532120264e-09
0.184,1523.378377498951,4.839281111902784,0.1812039128192135,2.730535775063678,0.44861156274937175,0.06380901630697396,3.2334348508031664e-05,2.2995650831865023e-06,6.033765564490633e-11,6.810865894289408e-11,1.39519819581388e-11,3.149776936500869e-11,1.0885936700077185e-06,1.3062147240456228e-06,0.2308082056503284,0.2933638319394678,1.0612737641771229e-13,2.471390552091519e-13,5.307734466861448e-12,1.2737610190016464e-11,1.454904552268935e-10,1.4398603029399026e-10,4.855009126383363e-05,5.150086716108553e-05,0.03342614599025338,0.037834931128483275,0.24640299684835645,0.4869452715557186,0.033319691972548686,0.103457870945056,2.4234903128950456e-07,4.961692244495636e-07,2.424428374322935e-06,5.136034082182977e-06,7.937455577088114e-06,1.7944112460120453e-05,0.0007216313064188635,0.0014283387454534784,2.683118441901733e-07,5.501566937176602e-07,2.167360113316647e-05,4.598175714215623e-05,1.2560274032522747e-09,3.6358930950125816e-09,3.08799585190895e-18,3.0517074332599495e-18,3.171409454739595e-11,3.5852315362219395e-11,2.2239620377243754e-11,4.5538190137106964e-11,1.1551115240075723e-14,2.1204053170859636e-14,1.3693003764375636e-08,2.610968056719902e-08,1.8096571188071484e-18,5.239026852228586e-18,0.006595196412592372,0.013035386627009583,3.5478247391372397e-31,9.999999999996377e-31,3.397646599922886e-08,1.0570810994811584e-07,6.860714617738748e-10,2.0835941302193437e-09
0.185,1522.2401705395382,4.840318801240855,0.18116506550851547,2.7360556030569674,0.4490383186848772,0.0638965061891371,3.2042521515605524e-05,2.2797666581482326e-06,5.89357915098454e-11,6.655414980942436e-11,1.3598017450326909e-11,3.0711541062413324e-11,1.073466539804844e-06,1.2886037910071457e-06,0.2304998203428839,0.2930947496195083,1.0344573122098369e-13,2.4099534292837546e-13,5.208803754164826e-12,1.2505437319824246e-11,1.414235269212367e-10,1.4001986088485645e-10,4.778522928729764e-05,5.071077965810439e-05,0.03322774709529271,0.037626139457457394,0.24652373479986606,0.4873882202783633,0.03329956391683241,0.10343874138826983,2.4105024434969654e-07,4.937171728822445e-07,2.4266626850600445e-06,5.142923606622078e-06,7.83300867588152e-06,1.7715418025218315e-05,0.0007053385051556677,0.0013966756666114342,2.61689048713941e-07,5.368021269419128e-07,2.1332768959909177e-05,4.527764593193108e-05,1.2277299319995724e-09,3.5554694972515917e-09,3.0733489826639165e-18,3.0385066239189444e-18,3.1369086332515116e-11,3.5477162987699185e-11,2.2009212659599143e-11,4.508530640525425e-11,1.1392543931996237e-14,2.0921740081268668e-14,1.3687594639178877e-08,2.6110313630123315e-08,1.7896271967231393e-18,5.183212595725557e-18,0.006592431280999409,0.013035386627446756,3.546337262124705e-31,9.999999999996375e-31,3.312127260093588e-08,1.0309064118155699e-07,6.678792978796434e-10,2.0291954280150433e-09
0.186,1521.1305708170007,4.8413368044277005,0.18112697135777098,2.741576591966039,0.4494534964624102,0.06398167873095367,3.176017985010136e-05,2.2606005288652202e-06,5.75992512058757e-11,6.507137978649239e-11,1.3261372493927646e-11,2.9963438342562394e-11,1.0589104485387252e-06,1.271649090605155e-06,0.23020000731155968,0.29283294773517443,1.0089496273018633e-13,2.3514877425581115e-13,5.114081713798411e-12,1.2283035585505172e-11,1.3756080393523293e-10,1.3625104503026894e-10,4.704924117326833e-05,4.995010385015718e-05,0.033034423396697016,0.037422487669320666,0.24664090638028904,0.4878188254911871,0.033280084041902254,0.10342040981915006,2.397882500142992e-07,4.913327512136227e-07,2.4288583842820293e-06,5.149677282755228e-06,7.73226370667269e-06,1.7494704563998048e-05,0.0006897627212583349,0.0013663905546614685,2.5537183966996626e-07,5.240573823528307e-07,2.100434055921428e-05,4.459876359633709e-05,1.2006986798966276e-09,3.4786065059924797e-09,3.0592050774783067e-18,3.025757091032942e-18,3.1036312507925487e-11,3.511513064659032e-11,2.1786622003849345e-11,4.464754420796168e-11,1.1239905128267361e-14,2.0649849680555318e-14,1.3682332423427752e-08,2.6110924552655034e-08,1.770272691094332e-18,5.129248967777497e-18,0.00658974262624251,0.013035386627869317,3.5448909251208693e-31,9.999999999996368e-31,3.230527232402769e-08,1.0059184890753477e-07,6.506549180351711e-10,1.977669740532151e-09
0.187,1520.048218792254,4.842335917083113,0.18108959967343952,2.7470987202484105,0.44985766345991746,0.06406464584632808,3.1486804970814055e-05,2.2420325062077525e-06,5.632355885962707e-11,6.365546652910715e-11,1.2940818411319891e-11,2.925077356329827e-11,1.04489114906644e-06,1.255311596489586e-06,0.22990833730513166,0.2925780666596162,9.846580317377717e-14,2.29578440669185e-13,5.023295841079091e-12,1.2069776890230957e-11,1.3388767455192016e-10,1.3266555377376605e-10,4.6340417220160784e-05,4.921711477324316e-05,0.03284593994370201,0.03722374433575478,0.24675469598045957,0.48823770327090005,0.03326121839241699,0.10340283187860827,2.3856119556071785e-07,4.890126093150333e-07,2.4310165372175103e-06,5.156299939724066e-06,7.635009236582059e-06,1.7281520926037464e-05,0.000674857346094981,0.0013373945561100306,2.4933971160386037e-07,5.118818489139661e-07,2.0687606949872903e-05,4.3943684011229306e-05,1.1748498864229235e-09,3.4050703573460634e-09,3.0455353882170867e-18,3.0134331226607558e-18,3.071506377856031e-11,3.476546421821201e-11,2.1571409924594877e-11,4.422406384416188e-11,1.109284538881091e-14,2.0387766355437756e-14,1.3677209927559118e-08,2.611151460740938e-08,1.7515560963960003e-18,5.077034326798742e-18,0.0065871266524838885,0.013035386628278123,3.5434836861897647e-31,9.999999999996363e-31,3.152586683525294e-08,9.82039281954311e-08,6.343245995224522e-10,1.9287993223763514e-09
0.188,1518.991847740213,4.843316888086804,0.18105292157649597,2.7526219672156103,0.4502513473736843,0.06414551170236253,3.122191741569227e-05,2.22403095586554e-06,5.510463757408284e-11,6.230196059891918e-11,1.2635239124854633e-11,2.857110416727816e-11,1.031377161247062e-06,1.2395554151208438e-06,0.2296244116647325,0.29232977216630995,9.614983288431074e-14,2.2426533750369305e-13,4.936196951096208e-12,1.1865086586629578e-11,1.3039086873694047e-10,1.2925063960162493e-10,4.5657183842856954e-05,4.85102237717035e-05,0.03266207736303149,0.037029693017870846,0.24686527452744234,0.48864542588153564,0.0332429355022311,0.10338596657325246,2.3736735944108745e-07,4.867536311314337e-07,2.4331381830786993e-06,5.162796172972733e-06,7.541050257446191e-06,1.707545072976017e-05,0.0006605797378794289,0.0013096063314225193,2.4357394631495546e-07,5.002384338554199e-07,2.0381913858317718e-05,4.33110901261714e-05,1.1501070345829062e-09,3.334647382936186e-09,3.0323134152947865e-18,3.0015110117103888e-18,3.0404686861131714e-11,3.442746874612048e-11,2.1363171620766944e-11,4.3814089618414744e-11,1.0951039669934318e-14,2.01349236248818e-14,1.3672220464341383e-08,2.611208496715804e-08,1.733442755612691e-18,5.0264746840834736e-18,0.006584579832202192,0.013035386628673868,3.5421136477338024e-31,9.999999999996364e-31,3.078068135360582e-08,9.591974128515195e-08,6.188217862233565e-10,1.8823875087593288e-09
0.189,1517.9602756216118,4.8442804230909156,0.18101690986530267,2.758146312983882,0.45063503976706115,0.06422437340637609,3.096507310451307e-05,2.206566558437145e-06,5.393876612635201e-11,6.100679868898006e-11,1.234361864215316e-11,2.79222055555133e-11,1.0183394944535836e-06,1.2243474733024499e-06,0.22934785954079528,0.2920877531344176,9.393938616651999e-14,2.191921535220648e-13,4.852556728028242e-12,1.1668437886141487e-11,1.2705830923015951e-10,1.2599469484978702e-10,4.499809012566571e-05,4.782796511778428e-05,0.032482630536300974,0.036840131021196806,0.2469728007343192,0.4890425257533937,0.03322520616316663,0.10336977595506125,2.3620513953780876e-07,4.845529139832191e-07,2.435224333499892e-06,5.1691703569566975e-06,7.450206595309863e-06,1.687610901857015e-05,0.0006468908087514859,0.0012829512771515585,2.380574232186677e-07,4.890931912977074e-07,2.0086656471371052e-05,4.2699763583863334e-05,1.1264000854143706e-09,3.2671418969002636e-09,3.019514686405931e-18,2.989968859116186e-18,3.0104579014821886e-11,3.410050269676056e-11,2.1161532737346103e-11,4.341690372861899e-11,1.0814188490907294e-14,1.9890799265096694e-14,1.3667357803935741e-08,2.611263671451845e-08,1.7159005897455863e-18,4.977482982617535e-18,0.006582098881968397,0.013035386629057276,3.540779043462583e-31,9.999999999996356e-31,3.006754124073142e-08,9.373274811472523e-08,6.040862515992268e-10,1.8382562620219439e-09
0.19,1516.9523977511158,4.8452271877690425,0.18098153888892476,2.763671738428594,0.4510091992617664,0.06430132162457272,3.071586003505479e-05,2.1896120947447505e-06,5.282254106158135e-11,5.97662626506435e-11,1.2065030141912457e-11,2.730204741603862e-11,1.0057514019562915e-06,1.2096572413734253e-06,0.22907833539629785,0.2918517194876375,9.182746916900356e-14,2.1434308720687738e-13,4.772165569541066e-12,1.1479346938020295e-11,1.2387898160529832e-10,1.228871280678845e-10,4.436179589571513e-05,4.716898413284546e-05,0.03230740740172166,0.036654868263688335,0.24707742221775356,0.4894294990529864,0.03320800321854269,0.10335422483686607,2.35073042544454e-07,4.824077497978556e-07,2.437275971644476e-06,5.1754266576539154e-06,7.362311492912038e-06,1.6683139277122075e-05,0.0006337546609608497,0.0012573608400052215,2.3277445268134927e-07,4.784149956091262e-07,1.9801274754537554e-05,4.2108575446428685e-05,1.1036648056024455e-09,3.2023743385656716e-09,3.0071165612508265e-18,2.9787864001692402e-18,2.9814183099142375e-11,3.3783972759771064e-11,2.0966146479574667e-11,4.3031840812987985e-11,1.0682015424195259e-14,1.9654910987698645e-14,1.3662616133572837e-08,2.6113170850728464e-08,1.69889985621783e-18,4.929978452103381e-18,0.006579680740692995,0.013035386629429,3.5394782266912257e-31,9.999999999996371e-31,2.938445137805218e-08,9.163694506530531e-08,5.900633736154973e-10,1.7962440451626764e-09
0.191,1515.9671802407238,4.84615781076718,0.18094678443211484,2.769198225142013,0.45137425438558865,0.06437644113451517,3.0473895352387908e-05,2.173142255269723e-06,5.1752843537391206e-11,5.857694363674092e-11,1.179862645420096e-11,2.670877306671481e-11,9.935881642374578e-07,1.1954564888691712e-06,0.2288155167828931,0.2916214003573852,8.980768824032367e-14,2.0970368642467718e-13,4.694830694964247e-12,1.1297368508298468e-11,1.2084282088151143e-10,1.1991825607423394e-10,4.374706118072379e-05,4.6532026680451544e-05,0.03213622787872512,0.03647372625768574,0.24717927649182792,0.4898068088641414,0.033191301379299994,0.10333928053902398,2.3396967450859268e-07,4.803156083811704e-07,2.439294051728123e-06,5.181569044392578e-06,7.277210355218692e-06,1.649621078911374e-05,0.0006211382671076482,0.0012327719136175342,2.2771062985098128e-07,4.6817525476602287e-07,1.952524930321198e-05,4.153647797122704e-05,1.0818421773383696e-09,3.140179641365857e-09,2.995098058636762e-18,2.96794485068118e-18,2.953298324994971e-11,3.347732929962337e-11,2.077669105664287e-11,4.265828311658146e-11,1.055426488001314e-14,1.9426812622493553e-14,1.3657990021520403e-08,2.6113688303322056e-08,1.6824129345465043e-18,4.883886036362232e-18,0.006577322550232309,0.013035386629789581,3.538209659907684e-31,9.999999999996373e-31,2.8729578052742522e-08,8.962681112493546e-08,5.767035062530925e-10,1.7562039777978371e-09
0.192,1515.0036542268658,4.847072886297419,0.18091262361411325,2.7747257553940368,0.4517306060798193,0.06444981131144191,3.0238822767696707e-05,2.1571334722821775e-06,5.072681034892405e-11,5.7435710753367664e-11,1.15436317568572e-11,2.6140681429393387e-11,9.818268985778347e-07,1.1817190697387424e-06,0.22855910238362387,0.29139654246658864,8.78741874487891e-14,2.0526070854155985e-13,4.620374488243247e-12,1.1122092193644633e-11,1.1794061260172633e-10,1.170792097418485e-10,4.315273693102321e-05,4.59159299160627e-05,0.03196892291982078,0.03629653721259873,0.24727849184246511,0.49017488798720105,0.033175077062142073,0.10332491266637914,2.3289373250337583e-07,4.782741226870158e-07,2.4412794986399916e-06,5.187601300313885e-06,7.194759646089764e-06,1.6315016312887617e-05,0.0006090111896157806,0.001209126309101687,2.228527066215632e-07,4.583476591625345e-07,1.9258097686190193e-05,4.09824973599806e-05,1.0608778811984447e-09,3.080405802964453e-09,2.9834397040276475e-18,2.9574267712730847e-18,2.9260501096178994e-11,3.318006237655158e-11,2.05928674310903e-11,4.229565623482502e-11,1.0430700158728386e-14,1.9206090760682757e-14,1.3653474385339462e-08,2.6114189932844087e-08,1.6664141375593e-18,4.8391358888588216e-18,0.006575021638315745,0.013035386630139586,3.536971905588613e-31,9.999999999996354e-31,2.8101233071409536e-08,8.769726065145419e-08,5.639614343527083e-10,1.7180022360024176e-09
0.193,1514.0609104466748,4.847972976703497,0.18087903478892056,2.780254312095851,0.4520786300398581,0.064521506583654,3.001031019011336e-05,2.1415637655093104e-06,4.97418081537089e-11,5.633968315097346e-11,1.1299334224951964e-11,2.5596211061872187e-11,9.70446386949698e-07,1.1684207279765015e-06,0.2283088101941743,0.29117690862371104,8.602159322800349e-14,2.0100199640197862e-13,4.5486330141062e-12,1.0953139027793397e-11,1.1516390521041318e-10,1.1436185048280876e-10,4.2577756613305194e-05,4.53196138940949e-05,0.03180533361311515,0.036123143179158185,0.2473751881349296,0.49053414154161074,0.033159308240436974,0.1033110929048835,2.3184399684305605e-07,4.762810749881753e-07,2.4432332083278466e-06,5.193527033752797e-06,7.114825880699489e-06,1.6139269954833196e-05,0.0005973453292707082,0.0011863702799561533,2.1818847725829325e-07,4.489079570037038e-07,1.8999371107254907e-05,4.0445727126090326e-05,1.0407218341712141e-09,3.022912606689303e-09,2.972123392116046e-18,2.947215945082227e-18,2.8996292229266415e-11,3.289169802056218e-11,2.0414397263374784e-11,4.1943425219432055e-11,1.0311101688845604e-14,1.899236171411929e-14,1.3649064462342339e-08,2.6114676539138762e-08,1.6508795384071939e-18,4.7956629094957704e-18,0.006572775502652268,0.013035386630479616,3.5357636176496127e-31,9.99999999999637e-31,2.749785953167717e-08,8.584360101973239e-08,5.517958946138844e-10,1.6815166455006869e-09
0.194,1513.1380946407353,4.848858614557288,0.180845997463459,2.785783878765979,0.45241867870730823,0.0645915968190886,2.978804769109683e-05,2.126412609652526e-06,4.879541108039188e-11,5.528620577817023e-11,1.1065079644368354e-11,2.5073926282228527e-11,9.594269268661515e-07,1.1555389292468043e-06,0.22806437597158336,0.29096227644154155,8.424496631063806e-14,1.96916370624033e-13,4.479454730805794e-12,1.0790158537976875e-11,1.1250493390202469e-10,1.1175869765396526e-10,4.202112891875882e-05,4.4742074290776025e-05,0.031645310423451235,0.03595339532980166,0.24746947750571902,0.490884949185563,0.0331439743157425,0.10329779484427395,2.3081932450258097e-07,4.7433438523566e-07,2.4451560477659764e-06,5.1993496870845735e-06,7.037284758135905e-06,1.5968705340614054e-05,0.0005861147067528292,0.001164454109356232,2.1370667903659452e-07,4.398337591884682e-07,1.8748651523604002e-05,3.992532237497719e-05,1.0213277876097135e-09,2.9675705087787997e-09,2.9611322663305524e-18,2.937297270385903e-18,2.8739943311622558e-11,3.261179519439533e-11,2.0241021139508525e-11,4.1601091223837704e-11,1.0195265500020154e-14,1.878526888127423e-14,1.3644755784287614e-08,2.611514886647394e-08,1.635786821617904e-18,4.75340634625014e-18,0.006570581797380405,0.013035386630810043,3.5345835341561325e-31,9.999999999996354e-31,2.6918019464759344e-08,8.406149584155306e-08,5.401691609380022e-10,1.6466354635969821e-09
0.195,1512.2344031730308,4.849730304771038,0.18081349221548063,2.791314439498738,0.4527510831549288,0.06466014769243165,2.95717456077347e-05,2.111660810610174e-06,4.788538062538981e-11,5.4272827593078806e-11,1.0840265706530833e-11,2.4572504763249888e-11,9.487501950511508e-07,1.1430527067579434e-06,0.22782555177320485,0.2907524371263024,8.253975876455355e-14,1.9299353324978518e-13,4.412699325011425e-12,1.063282607766172e-11,1.0995655260170474e-10,1.0926286366167954e-10,4.148193108455121e-05,4.4182375728205064e-05,0.03148871246421225,0.03578715326242102,0.24756146500928303,0.4912276672069012,0.03312905599844129,0.10328499381588661,2.2981864281503244e-07,4.72432099834243e-07,2.447048855558947e-06,5.205072546492162e-06,6.962020357893964e-06,1.5803073917128075e-05,0.0005752952646435191,0.0011433317356473783,2.0939690253312875e-07,4.3110436294385356e-07,1.850554897552029e-05,3.9420494490799496e-05,1.0026529649678912e-09,2.9142596347305442e-09,2.9504506099177047e-18,2.9276566636507574e-18,2.849106925018076e-11,3.233994280593213e-11,2.0072496929801507e-11,4.126818838988871e-11,1.0083001825946232e-14,1.858448033360599e-14,1.3640544153610206e-08,2.611560760858384e-08,1.6211151446337173e-18,4.712309423893296e-18,0.00656843832028706,0.013035386631131423,3.533430470447928e-31,9.999999999996366e-31,2.6360382640275486e-08,8.234693160147328e-08,5.29046676901132e-10,1.613256298851515e-09
0.196,1511.3490791049899,4.850588526503782,0.18078150061946197,2.796845978934872,0.4530761547741911,0.06472722101385203,2.9361132856113005e-05,2.0972903954103174e-06,4.7009647898409217e-11,5.3297282313797196e-11,1.0624336979182009e-11,2.409072659297839e-11,9.383991263460552e-07,1.130942524325462e-06,0.22759210465033095,0.29054719439494836,8.090177611907773e-14,1.8922398278073877e-13,4.348236681011121e-12,1.0480840466114866e-11,1.0751217397998195e-10,1.068679967090736e-10,4.095930295141126e-05,4.36396458321599e-05,0.03133540684287485,0.035624284374029716,0.24765124919582593,0.49156263039311276,0.033114535200882186,0.10327266674728378,2.2884094388832385e-07,4.705723817104728e-07,2.448912442599463e-06,5.210698750946225e-06,6.8889244265826084e-06,1.5642143445007483e-05,0.0005648646921120719,0.0011229604206300305,2.0524951232247578e-07,4.2270059586415967e-07,1.82696992132676e-05,3.89305064137874e-05,9.846577408105008e-10,2.8628688896350867e-09,2.9400637481604775e-18,2.918280972404761e-18,2.8249310755643928e-11,3.2075757133259405e-11,1.9908598329222166e-11,4.094428107872863e-11,9.974133862883387e-15,1.838968667023013e-14,1.363642562206248e-08,2.611605341301374e-08,1.6068450146489165e-18,4.672319013702226e-18,0.0065663430013703245,0.01303538663144405,3.532303312986572e-31,9.999999999996354e-31,2.5823716665082037e-08,8.069618813957695e-08,5.183967334584631e-10,1.5812851634000957e-09
0.197,1510.4814087503537,4.851433734812323,0.18075000518229714,2.802378482234064,0.45339418675810433,0.06479287501754616,2.9155955443537612e-05,2.083284515156512e-06,4.616629796768895e-11,5.2357471441390594e-11,1.0416780477819707e-11,2.36274646392654e-11,9.283578067074899e-07,1.1191901553672406e-06,0.22736381549976686,0.2903463635244951,7.932714401448379e-14,1.855989393411357e-13,4.285945971120226e-12,1.0333921905231595e-11,1.0516571660526004e-10,1.0456823034097704e-10,4.045244170676506e-05,4.311306997520025e-05,0.031185268086763394,0.03546466331232704,0.24773892262024463,0.49189015367558697,0.033100394942886364,0.10326079203280995,2.2788527971044982e-07,4.6875350161935833e-07,2.4507475925651535e-06,5.216231299890852e-06,6.817895748356364e-06,1.5485696668341178e-05,0.000554802270038086,0.0011033004564557462,2.0125557697431167e-07,4.1460467820983976e-07,1.804076160002846e-05,3.8454668467533234e-05,9.673053571999124e-10,2.8132951719131397e-09,2.929957961469002e-18,2.90915789773688e-18,2.801433223907927e-11,3.181887961003209e-11,1.974911356864212e-11,4.062896142639318e-11,9.868496672418497e-15,1.8200599121795924e-14,1.363239647189304e-08,2.6116486884857653e-08,1.5929581798705778e-18,4.63338534192899e-18,0.006564293892784127,0.0130353866317484,3.5312010139462114e-31,9.999999999996345e-31,2.5306878238256786e-08,7.910581257530872e-08,5.081901863082883e-10,1.5506356416613486e-09
0.198,1509.6307184946668,4.85226636221042,0.18071898928265628,2.8079119350492294,0.4537054554660973,0.06485716462774833,2.89559751039664e-05,2.069627355864209e-06,4.535355582811893e-11,5.145144903303293e-11,1.0217121710248003e-11,2.3181675938767185e-11,9.186113762108935e-07,1.1077785731143015e-06,0.22714047800892506,0.29014977047739254,7.781227840320889e-14,1.8211027777203948e-13,4.225714835917067e-12,1.019181010065229e-11,1.0291155774528222e-10,1.0235813835518138e-10,3.9960597113689626e-05,4.2601886500870454e-05,0.031038177611250023,0.03530817146606433,0.24782457230798502,0.49221053363999867,0.033086619265513526,0.10324934941633788,2.269507575820674e-07,4.669738299978485e-07,2.4525550625756087e-06,5.2216730607520226e-06,6.748839569305306e-06,1.533353009666544e-05,0.0005450887312555495,0.0010843149009133253,1.9740680603963492e-07,4.06800098854566e-07,1.781841719296492e-05,3.7992334534951164e-05,9.505616689034516e-10,2.765442666474868e-09,2.920120407429207e-18,2.9002759248505672e-18,2.7785819833439764e-11,3.1568974734906996e-11,1.9593844237229867e-11,4.032184710721653e-11,9.76593618619179e-15,1.801694782895955e-14,1.3628453198591636e-08,2.611690859028614e-08,1.5794375298732325e-18,4.59546172222683e-18,0.006562289159595287,0.013035386632044885,3.5301225862414567e-31,9.999999999996364e-31,2.480880525913309e-08,7.757259575364708e-08,4.98400204965021e-10,1.5212281519430135e-09
0.199,1508.7963717902976,4.8530868202036235,0.18068843711147664,2.8134463235025593,0.454010221706719,0.06492014170936389,2.8760968044944158e-05,2.056304056500308e-06,4.4569773789345383e-11,5.057740800801269e-11,1.0024921130817357e-11,2.2752393973455905e-11,9.09145940739216e-07,1.0966918505710318e-06,0.22692189766845758,0.28995725108089654,7.635385884382258e-14,1.7875046763630212e-13,4.167438644160852e-12,1.0054262564467614e-11,1.0074449107596732e-10,1.0023269437807731e-10,3.9483067156707144e-05,4.210538236079162e-05,0.030894023213950437,0.03515469647729864,0.24790828018826572,0.49252404993964277,0.03307319315124415,0.10323831988421617,2.2603653589885163e-07,4.6523182943530813e-07,2.4543355841721864e-06,5.227026776788199e-06,6.681667071918925e-06,1.5185452891932577e-05,0.0005357061343278163,0.0010659693381755598,1.9369549331872138e-07,3.992715035277384e-07,1.760236698945369e-05,3.7542898559744814e-05,9.34394913326188e-10,2.7192222060100333e-09,2.9105390488238897e-18,2.8916242588683545e-18,2.7563479551274517e-11,3.13257281204827e-11,1.9442604203522358e-11,4.002257928267956e-11,9.666308299123456e-15,1.783848027262371e-14,1.362459249470414e-08,2.6117319059838815e-08,1.5662670041879445e-18,4.558504309919427e-18,0.006560327071120276,0.01303538663233376,3.529067098867063e-31,9.999999999996357e-31,2.4328509715859474e-08,7.609355100680656e-08,4.890020494053365e-10,1.4929892888904565e-09
0.2,1507.9777665922616,4.853895500549516,0.18065833362288578,2.818981634162999,0.4543087318368268,0.06498185528216363,2.8570723852758582e-05,2.0433006374324354e-06,4.3813420357731826e-11,4.973366807504892e-11,9.839771019002811e-12,2.2338721870967194e-11,8.999484943819794e-07,1.0859150726363997e-06,0.22670789092387597,0.2897686503241097,7.494880497241844e-14,1.7551252035640425e-13,4.1110198409029955e-12,9.921053120288988e-12,9.865968939244608e-11,9.818723621681254e-11,3.901919421470448e-05,4.162288928146052e-05,0.03075269864467228,0.03500413182918539,0.24799012346896399,0.492830966511272,0.03306010245414129,0.10322768556953182,2.2514182049902126e-07,4.635260481656966e-07,2.456089863911936e-06,5.2322950732523905e-06,6.616294913648403e-06,1.5041285891727701e-05,0.0005266377522404566,0.0010482316678342197,1.9011446680444543e-07,3.9200459620378523e-07,1.739233038758797e-05,3.7105791477177395e-05,9.187755076207324e-10,2.6745507077299965e-09,2.901202590611193e-18,2.8831927686194857e-18,2.734703578653423e-11,3.108884491641731e-11,1.9295218670796107e-11,3.973082080675886e-11,9.569478072590207e-15,1.7664959894978525e-14,1.3620811235843984e-08,2.6117718791085487e-08,1.5534315123880848e-18,4.522471887361023e-18,0.006558405993483071,0.013035386632615348,3.5280336728944946e-31,9.999999999996345e-31,2.386507140684875e-08,7.466589540292966e-08,4.799728737956965e-10,1.4658512455697264e-09
0.201,1507.1743329001647,4.854692776521249,0.18062866448518305,2.8245178540251685,0.45460121880936427,0.06504235172561701,2.8385044462999627e-05,2.030603932986716e-06,4.30830701309126e-11,4.8918664750161046e-11,9.661292650647896e-12,2.1939826237737444e-11,8.910068477403485e-07,1.07543425480672e-06,0.226498284369899,0.289583821688149,7.359425519635581e-14,1.7238994131009992e-13,4.056367350459204e-12,9.791970532721772e-12,9.6652670883799e-11,9.621743359489275e-11,3.856836152033024e-05,4.115378021283963e-05,0.030614103190955522,0.0348563764459575,0.24807017498990258,0.49313153272909455,0.033047333834627976,0.10321742966443714,2.2426586114033494e-07,4.6185511375219203e-07,2.457818584233777e-06,5.237480463932729e-06,6.552644796690535e-06,1.4900860696850723e-05,0.0005178679703167029,0.0010310719111896048,1.86657042944508e-07,3.849860489054849e-07,1.7188043745879036e-05,3.668047833630252e-05,9.036758637627459e-10,2.6313506595318613e-09,2.892100422261225e-18,2.8749719352607623e-18,2.713622981551622e-11,3.085804822033722e-11,1.915152329390375e-11,3.944625454468403e-11,9.475318997646646e-15,1.749616482272654e-14,1.3617106467471916e-08,2.6118108251308257e-08,1.54091685914205e-18,4.4873256621740525e-18,0.006556524382541535,0.013035386632890042,3.5270214776667107e-31,9.999999999996347e-31,2.3417632187618198e-08,7.328703254382395e-08,4.712915500472268e-10,1.4397512936247028e-09
0.202,1506.385530526392,4.855479004066076,0.18059941603589832,2.830054970489605,0.4548879031235487,0.0651016749646444,2.8203743248121974e-05,2.0182015317593843e-06,4.2377394797101186e-11,4.813093957429407e-11,9.489133781939985e-12,2.1554931673250843e-11,8.82309563881424e-07,1.0652362705684005e-06,0.22629291402130872,0.28940262653996274,7.228754773348558e-14,1.693766871937078e-13,4.0033960453955054e-12,9.666817288582665e-12,9.471926908265957e-11,9.431925939714391e-11,3.812998998824637e-05,4.06974661471106e-05,0.030478141299973317,0.034711334327475044,0.24814850354166385,0.49342598444807356,0.033034874700706984,0.1032075363416152,2.2340794845386464e-07,4.602177276630072e-07,2.459522404349794e-06,5.242585357299872e-06,6.490643086338875e-06,1.4764018862641812e-05,0.0005093821954958874,0.0010144620391303015,1.8331698604346923e-07,3.782034216525574e-07,1.6989259108566335e-05,3.626645575561389e-05,8.890702229590235e-10,2.5895496597676993e-09,2.8832225641867307e-18,2.8669528043795046e-18,2.6930818485823832e-11,3.063307769072627e-11,1.9011363393705943e-11,3.916858187886618e-11,9.383712336762438e-15,1.733188672664353e-14,1.3613475392874221e-08,2.611848787984149e-08,1.5287096774784834e-18,4.453029087748666e-18,0.006554680777480345,0.013035386633158058,3.5260297273515924e-31,9.999999999996354e-31,2.2985390873733258e-08,7.195453732809912e-08,4.6293851147575084e-10,1.4146313226020503e-09
0.203,1505.610847120458,4.856254522811704,0.18057057524266407,2.835592971344153,0.45516899366691754,0.06515986663411347,2.8026644184122212e-05,2.0060817220071194e-06,4.1695155041179924e-11,4.736913131200974e-11,9.322966392724169e-12,2.118331584752431e-11,8.73845900482616e-07,1.0553087857656133e-06,0.22609162466563754,0.2892249335949877,7.102620360104794e-14,1.6646712775212007e-13,3.952026266648087e-12,9.545408494717018e-12,9.285560592949257e-11,9.248896388398384e-11,3.770353535290565e-05,4.02533932463633e-05,0.030344722245207095,0.03456891422804525,0.24822517415073747,0.49371454493347233,0.033022713154598524,0.10319799068096774,2.225674110907482e-07,4.5861266015591247e-07,2.461201960918607e-06,5.2476120616944645e-06,6.430220462515947e-06,1.4630611159595156e-05,0.0005011667741445933,0.0009983758160796116,1.8008847150988824e-07,3.7164508993636226e-07,1.6795743038276674e-05,3.5863249589538373e-05,8.749345070339462e-10,2.5490800040534775e-09,2.874559621228918e-18,2.8591269445353758e-18,2.673057309267401e-11,3.041368836197087e-11,1.887459324254395e-11,3.889752134822334e-11,9.294546528879213e-15,1.71719297901408e-14,1.3609915362444303e-08,2.6118858090072258e-08,1.5167973681258068e-18,4.419547699891341e-18,0.006552873795120128,0.013035386633419717,3.5250576778805316e-31,9.999999999996356e-31,2.2567598608788432e-08,7.066614209162464e-08,4.548956131067376e-10,1.3904374281486138e-09
0.20400000000000001,1504.8497962698161,4.857019657076422,0.18054212966408448,2.841131844746503,0.4554446885212339,0.06521696623668916,2.7853581076118963e-05,1.9942334408489253e-06,4.1035193185949044e-11,4.663196794504086e-11,9.16248464097178e-12,2.082430503682999e-11,8.656057565149208e-07,1.045640198067587e-06,0.22589426924616596,0.2890506184030651,6.980791119489697e-14,1.636560110682908e-13,3.902183385274001e-12,9.42757087083586e-12,9.105806735960118e-11,9.072305130750183e-11,3.728848552458718e-05,3.982104018660058e-05,0.030213759803671702,0.03442902934324547,0.24830024834790224,0.493997425743227,0.033010837943599054,0.10318877860490352,2.2174361305782467e-07,4.5703874549862185e-07,2.4628578689374637e-06,5.2525627908359294e-06,6.3713115975556484e-06,1.4500496889029917e-05,0.0004932089170231815,0.000982788657433405,1.7696605241254517e-07,3.653001786852612e-07,1.6607275537438916e-05,3.547041277019658e-05,8.612461826445586e-10,2.5098783074713553e-09,2.8661027390895147e-18,2.8514864083848035e-18,2.6535278233482327e-11,3.019964942676547e-11,1.874107540167288e-11,3.863280738527115e-11,9.207716640871676e-15,1.701610975748811e-14,1.3606423863541105e-08,2.6119219271494694e-08,1.5051680431063556e-18,4.386848964747875e-18,0.006551102124493384,0.013035386633675218,3.524104624030667e-31,9.999999999996352e-31,2.2163554647192185e-08,6.941972398148162e-08,4.471460058660377e-10,1.3671195409867638e-09
0.20500000000000002,1504.1019157929445,4.857774716773867,0.18051406741464968,2.8466715792077677,0.45571517568622494,0.06527301128454276,2.768439686377426e-05,1.9826462287258863e-06,4.0396426593213554e-11,4.591825949124362e-11,9.007403029727152e-12,2.0477270122239443e-11,8.575796243204025e-07,1.0362195825601685e-06,0.22570070830810327,0.2888795628876199,6.863051247385018e-14,1.6093843245909344e-13,3.8537974093116704e-12,9.313141845955102e-12,8.932328142472519e-11,8.90182589501225e-11,3.688435820987851e-05,3.939991576727375e-05,0.030085171965604448,0.03429159702846758,0.2483737844102293,0.4942748275222466,0.03299923841511655,0.10317988681770673,2.2093595134770813e-07,4.554948777263812e-07,2.4644907225438763e-06,5.257439668762965e-06,6.313854867442959e-06,1.4373543270025201e-05,0.0004854966319305453,0.0009676775015711097,1.739446294861406e-07,3.5915850303225297e-07,1.6423649080287228e-05,3.5087523370883746e-05,8.479841392281282e-10,2.471885164905481e-09,2.857843564645194e-18,2.8440236972201888e-18,2.6344730851274913e-11,2.999074322473323e-11,1.8610680126324938e-11,3.837418918241847e-11,9.12312387435757e-15,1.6864253078070795e-14,1.3602998511299339e-08,2.6119571791416913e-08,1.4938104751466402e-18,4.3549021424597126e-18,0.006549364521968651,0.013035386633924824,3.5231698968019085e-31,9.999999999996335e-31,2.1772602572002145e-08,6.821329363106001e-08,4.3967402429199526e-10,1.3446310956956907e-09
0.20600000000000002,1503.3667662228409,4.858519998203163,0.180486377134025,2.852212163576955,0.45598063372393066,0.06532803742536132,2.7518942994058585e-05,1.9713101882641364e-06,3.977784172757812e-11,4.5226891542978896e-11,8.857454760879202e-12,2.0141622995065196e-11,8.497585464205508e-07,1.0270366427000403e-06,0.22551080950489105,0.28871165493535483,6.749199054899176e-14,1.5830980652681513e-13,3.806802629465962e-12,9.201968743844702e-12,8.76480986399704e-11,8.737153829003691e-11,3.649069876679114e-05,3.8989556756249375e-05,0.02995888067694743,0.034156538549929644,0.2484458375773543,0.4945469407105477,0.03298790447637754,0.10317130275084355,2.201438537889334e-07,4.539800067884326e-07,2.4661010956632643e-06,5.262244734076711e-06,6.25779209076476e-06,1.4249624885021903e-05,0.00047801866291905654,0.0009530206943140303,1.710194240765201e-07,3.53210514868998e-07,1.624466773663591e-05,3.471418285255684e-05,8.351285791832777e-10,2.4350448453571843e-09,2.8497742105867653e-18,2.8367317293962493e-18,2.6158739381294244e-11,2.9786764340742747e-11,1.848328482879518e-11,3.812142966860119e-11,9.040675121110999e-15,1.671619613484456e-14,1.3599637040440985e-08,2.6119915996482657e-08,1.4827140519462103e-18,4.323678163876336e-18,0.006547659806905311,0.013035386634168788,3.522252861079526e-31,9.999999999996324e-31,2.1394126878157977e-08,6.704498492522679e-08,4.324650860106956e-10,1.3229287341117136e-09
0.20700000000000002,1502.6439292867817,4.85925578489417,0.1804590479543971,2.8577535870264055,0.45624123239947384,0.06538207856824936,2.7357078819403914e-05,1.9602159447109627e-06,3.917848867364192e-11,4.455681929396323e-11,8.712390221727141e-12,1.9816813249825794e-11,8.42134074807216e-07,1.0180816640218304e-06,0.22532444711011507,0.28854678798839795,6.639045826864219e-14,1.5576584143353149e-13,3.761137289255393e-12,9.093908023936132e-12,8.602957392634229e-11,8.578003768250152e-11,3.610707817874835e-05,3.8589525850804645e-05,0.0298348115789906,0.03402377883029971,0.24851646026224383,0.49481394624154124,0.03297682655596065,0.10316301451298654,2.1936677694066954e-07,4.5249313475812915e-07,2.4676895429371565e-06,5.2669799447974136e-06,6.20306828013415e-06,1.412862315082122e-05,0.0004707644337500191,0.0009387978813246937,1.6818595308429546e-07,3.4744725329917626e-07,1.6070146339066692e-05,3.435001439372211e-05,8.226609159330213e-10,2.3993050079100165e-09,2.8418872219248525e-18,2.8296038104287822e-18,2.5977122853802713e-11,2.958751864835123e-11,1.835877356607002e-11,3.787430453073484e-11,8.960282543680704e-15,1.6571784515461396e-14,1.3596337297225788e-08,2.6120252214285564e-08,1.4718687324359155e-18,4.293149512363049e-18,0.006545986857354167,0.013035386634407318,3.5213529133212945e-31,9.999999999996312e-31,2.10275498027344e-08,6.591304549542268e-08,4.255056000054261e-10,1.3019720345222385e-09
0.20800000000000002,1501.9330066553962,4.859982348258216,0.18043206947514373,2.8632958390379737,0.45649713321202273,0.06543516698753139,2.7198671081872597e-05,1.949354612107344e-06,3.85974762948246e-11,4.3907062266937585e-11,8.571975645956254e-12,1.95023252589258e-11,8.346982354556906e-07,1.0093454738284896e-06,0.2251415016111106,0.28838486070696184,6.532414812338401e-14,1.5330251615565035e-13,3.7167432952878405e-12,8.988824615001387e-12,8.446495062094842e-11,8.424108702706508e-11,3.573309128850105e-05,3.819940990245496e-05,0.02971289379552083,0.03389324624299148,0.24858570222979218,0.49507601612628893,0.03296599557010753,0.10315501084343968,2.1860420433493516e-07,4.5103331268716414e-07,2.469256600272985e-06,5.271647181885296e-06,6.149631427789453e-06,1.4010425863222892e-05,0.00046372399812947835,0.0009249899134677387,1.6544000686363246e-07,3.4186030095577614e-07,1.5899909762140406e-05,3.399466144769278e-05,8.105636839912025e-10,2.3646164512550916e-09,2.8341755465376107e-18,2.822633606657038e-18,2.579971024169283e-11,2.939282262438496e-11,1.8237036598117888e-11,3.76326013717404e-11,8.881863209898388e-15,1.643087237777989e-14,1.3593097232648555e-08,2.6120580754525724e-08,1.4612650091433492e-18,4.2632901223343164e-18,0.006544344606474911,0.013035386634640614,3.5204694796303105e-31,9.999999999996305e-31,2.067232853119348e-08,6.481582834677833e-08,4.187828854914073e-10,1.28172327218781e-09
0.209,1501.233618647224,4.8606999483192785,0.1804054317346023,2.8688389093900413,0.45674848993950157,0.06548733342989917,2.7043593403883104e-05,1.9387177597645623e-06,3.803396770357894e-11,4.32766993749092e-11,8.435991867857293e-12,1.919767544841687e-11,8.274434942386437e-07,1.000819402394186e-06,0.22496185929482065,0.2882257766228823,6.429140285118421e-14,1.5091605929527893e-13,3.673565943039991e-12,8.886591283557916e-12,8.295164562580097e-11,8.275218351296016e-11,3.5368355099023405e-05,3.7818818205219536e-05,0.02959305971033637,0.033764872394270395,0.2486536107750947,0.49533331404592934,0.03295540289026814,0.10314728107027384,2.1785564467329523e-07,4.495996373503431e-07,2.4708027857016617e-06,5.276248253515379e-06,6.097432296290507e-06,1.389492675109463e-05,0.00045688799263608217,0.0009115787571483513,1.6277762843187884e-07,3.364417428521719e-07,1.5733792219260756e-05,3.3647786330631486e-05,7.988204544473176e-10,2.3309328780056414e-09,2.8266325072226313e-18,2.8158151203003244e-18,2.5626339695889003e-11,2.920250253222637e-11,1.8117969955665257e-11,3.739611888409682e-11,8.805338741471791e-15,1.6293321838554135e-14,1.3589914895607738e-08,2.612090191038807e-08,1.4508938712948993e-18,4.234075279438425e-18,0.006542732038885767,0.01303538663486889,3.519602013791312e-31,9.999999999996322e-31,2.0327952561144713e-08,6.37517839451283e-08,4.1228509709106735e-10,1.2621471983022535e-09
0.21,1500.545403096315,4.861408834337839,0.18037912518590685,2.874382788145243,0.4569954491156475,0.06553860720806001,2.6891725838524983e-05,1.9282973827075485e-06,3.74871762051263e-11,4.266486449907457e-11,8.304233206597554e-12,1.890240985821442e-11,8.203627265343971e-07,9.924952483907881e-07,0.22478541188465623,0.2880694438368359,6.329066702221911e-14,1.4860293010160098e-13,3.631553671951384e-12,8.787088069966675e-12,8.148723609235752e-11,8.13109788382031e-11,3.501250725698189e-05,3.7447380968647595e-05,0.02947524477302036,0.03363859193383516,0.24872023088122336,0.49558599587303204,0.03294504031373124,0.10313981507090197,2.171206302647722e-07,4.4819124843853185e-07,2.4723286000624966e-06,5.2807848986654735e-06,6.046424232962659e-06,1.3782025081456963e-05,0.000450247594655839,0.0008985474142114469,1.601950948808603e-07,3.311841295984685e-07,1.5571636639505776e-05,3.330906897155411e-05,7.87415759165919e-10,2.2982106833326145e-09,2.8192517763225032e-18,2.8091426667643903e-18,2.5456857945407667e-11,2.9016393787109944e-11,1.8001475057152814e-11,3.71646661182418e-11,8.730635000645909e-15,1.6159002428646806e-14,1.3586788426835244e-08,2.6121215959613193e-08,1.440746772069641e-18,4.205481532066864e-18,0.006541148187458165,0.013035386635092298,3.5187499955463993e-31,9.99999999999632e-31,1.9993941347238792e-08,6.2719453149814e-08,4.060011579412486e-10,1.2432108423767003e-09
0.211,1499.8680143372117,4.862109245362064,0.18035314067559563,2.8799274656388207,0.45723815045854455,0.06558901628475215,2.6742954462341298e-05,1.918085874914236e-06,3.6956361624377686e-11,4.2070742483768915e-11,8.17650645777083e-12,1.8616101936552185e-11,8.134491896790563e-07,9.84365247548983e-07,0.22461205621399347,0.28791577474638136,6.232047942721618e-14,1.4635980130121804e-13,3.59065784347833e-12,8.69020177733234e-12,8.006944737355617e-11,7.991526764278756e-11,3.46652046774014e-05,3.70847479330049e-05,0.029359387324937022,0.03351434238550567,0.24878560536118643,0.4958342101398857,0.03293490003723099,0.10313260323666912,2.1639871561452159e-07,4.4680732602374927e-07,2.473834527584111e-06,5.285258790255822e-06,5.996563001534614e-06,1.3671625301165087e-05,0.0004437944842381933,0.0008858798492969519,1.5768890052582899e-07,3.2608044405003094e-07,1.5413294102197795e-05,3.2978205778193884e-05,7.763350220802124e-10,2.266408763350572e-09,2.812027352805155e-18,2.8026108541450687e-18,2.5291119750479234e-11,2.8834340377344784e-11,1.7887458361699585e-11,3.693806181981886e-11,8.657681806163973e-15,1.602779059917953e-14,1.3583716053449587e-08,2.612152316547438e-08,1.4308155989021264e-18,4.17748661110824e-18,0.006539592130436379,0.013035386635311019,3.5179129290455867e-31,9.999999999996326e-31,1.9669842164585386e-08,6.171746080093548e-08,3.999206993784789e-10,1.224883334022933e-09
0.212,1499.2011221867324,4.862801410812255,0.18032746942105266,2.8854729324676436,0.45747672729724387,0.06563858735677329,2.6597170978837885e-05,1.9080760031790186e-06,3.644082688001776e-11,4.14935653974556e-11,8.052629955029593e-12,1.8338350485880495e-11,8.066964967409769e-07,9.76422042775196e-07,0.22444169390262633,0.2877646857751043,6.137946600636622e-14,1.4418354313473128e-13,3.550832532096876e-12,8.59582548963495e-12,7.869614185712345e-11,7.856297677954174e-11,3.432612223333393e-05,3.6730587047573526e-05,0.029245428423750563,0.03339206397492621,0.24884977499709823,0.4960780985022017,0.032924974631439,0.10312563643968098,2.1568947600408265e-07,4.4544708799005036e-07,2.4753210366214045e-06,5.289671538635814e-06,5.947806620306286e-06,1.3563636691709145e-05,0.00043752080814948787,0.0008735609212868462,1.5525574109985646e-07,3.211240699879418e-07,1.5258623290907238e-05,3.2654908538928575e-05,7.655644949459501e-10,2.2354883357631658e-09,2.8049535406792797e-18,2.7962145639542995e-18,2.5128987326371318e-11,2.8656194249207645e-11,1.7775831033692278e-11,3.6716133787511015e-11,8.586412662621344e-15,1.5899569250181098e-14,1.3580696083587243e-08,2.612182377781558e-08,1.4210926448404831e-18,4.15006935236607e-18,0.006538062988580697,0.013035386635525224,3.51709034130997e-31,9.999999999996312e-31,1.935522809923733e-08,6.074450968004396e-08,3.9403400530659944e-10,1.2071357384669236e-09
0.213,1498.5444110791186,4.863485550955504,0.1803021029920854,2.89101917947977,0.4577113069360188,0.06568734592644085,2.6454272375172267e-05,1.8982608845439064e-06,3.5939914930437604e-11,4.093260920075561e-11,7.93243273446282e-12,1.8068777834310493e-11,8.000985933894244e-07,9.686586578234327e-07,0.22427423107977812,0.2876160971419107,6.046633353892833e-14,1.4207120911439498e-13,3.5120343400848986e-12,8.503858144993983e-12,7.736530897764313e-11,7.725215571920595e-11,3.399495159861713e-05,3.6384583304692636e-05,0.02913331169470795,0.033271699484634376,0.24891277866067593,0.4963177961371048,0.03291525701837912,0.10311890600218392,2.149925063026438e-07,4.441097878994267e-07,2.476788580187504e-06,5.294024694332447e-06,5.9001152203709015e-06,1.3457973067314383e-05,0.0004314191480268441,0.0008615763226189142,1.5289249972053702e-07,3.16308764328073e-07,1.5107490017618505e-05,3.233890346784392e-05,7.55091199970749e-10,2.2054127797601835e-09,2.798024929520147e-18,2.7899489336849477e-18,2.4970329904178947e-11,2.8481814843587383e-11,1.766650865041886e-11,3.649871831445187e-11,8.516764521815574e-15,1.5774227315434207e-14,1.3577726901748792e-08,2.6122118033833323e-08,1.4115705835070985e-18,4.1232096288665615e-18,0.006536559922719939,0.013035386635735079,3.5162817809151613e-31,9.999999999996314e-31,1.9049696267077357e-08,5.979937516107151e-08,3.883319625855525e-10,1.1899409098864933e-09
0.214,1497.8975791884682,4.864161877416668,0.18027703329121397,2.896566197764593,0.45794201102152393,0.06573531637396156,2.6314160585977078e-05,1.888633964129938e-06,3.545300591278556e-11,4.038719062223217e-11,7.8157537538591e-12,1.780702812562913e-11,7.936497357533289e-07,9.610684720519523e-07,0.22410957810620002,0.28746993262805176,5.957986375651709e-14,1.4002002272696246e-13,3.474222222307729e-12,8.414204131480989e-12,7.60750559204268e-11,7.598096761296175e-11,3.367140013916686e-05,3.604643762064571e-05,0.02902298317880739,0.033153194104626596,0.24897465343196762,0.4965534321403243,0.03290574044993657,0.10311240366933336,2.1430741976454914e-07,4.4279471281717075e-07,2.478237596637498e-06,5.298319751155457e-06,5.853450908634205e-06,1.335455248258952e-05,0.0004254824902430888,0.0008499125217826344,1.5059623367596393e-07,3.116286309215066e-07,1.4959766761032468e-05,3.20299302756769e-05,7.449028759069631e-10,2.176147485423483e-09,2.7912363759923192e-18,2.783809340291698e-18,2.4815023231538763e-11,2.831106856185069e-11,1.7559410917898467e-11,3.628565964391336e-11,8.448677554138193e-15,1.56516593641106e-14,1.3574806964192917e-08,2.6122406158978003e-08,1.4022424447234862e-18,4.096888284780745e-18,0.006535082131298066,0.013035386635940713,3.515486816671486e-31,9.999999999996322e-31,1.8752866132411085e-08,5.8880900154092906e-08,3.828060150845968e-10,1.1732733554950016e-09
0.215,1497.260337681862,4.86483059359399,0.18025225253754903,2.9021139786434573,0.4581689558560791,0.06578252201898688,2.6176742196026946e-05,1.879188995550797e-06,3.497951457103673e-11,3.985666435012765e-11,7.702441191653564e-12,1.7552765784035554e-11,7.873444706796023e-07,9.53645197928928e-07,0.22394764933635078,0.2873261193790376,5.871890804916739e-14,1.380273654763555e-13,3.437357329091883e-12,8.326772924752575e-12,7.48235992539521e-11,7.474768124801032e-11,3.3355189924799224e-05,3.57158658389334e-05,0.028914391204254607,0.03303649530684637,0.24903543470331177,0.4967851298697206,0.03289641848799885,0.10310612158148526,2.1363384697605064e-07,4.415011814103571e-07,2.47966851015598e-06,5.30255814862809e-06,5.807777645689221e-06,1.3253296972057737e-05,0.0004197041988487392,0.0008385567117005554,1.4836416253814012e-07,3.070780969903782e-07,1.4815332255460634e-05,3.1727741343295e-05,7.349879296585579e-10,2.1476597185694693e-09,2.7845829875534193e-18,2.7777913856254485e-18,2.4662949210495602e-11,2.814382838449572e-11,1.7454461418875924e-11,3.6076809487039285e-11,8.382094944717757e-15,1.5531765245746e-14,1.3571934794914616e-08,2.612268836759736e-08,1.3931015929591038e-18,4.0710870770741125e-18,0.006533628848267531,0.013035386636142262,3.5147050364907254e-31,9.999999999996314e-31,1.846437799463649e-08,5.798799055520958e-08,3.7744812240543013e-10,1.1571091134380123e-09
0.216,1496.6324099902586,4.865491895079563,0.18022775325053936,2.9076625136607577,0.45839225270334216,0.06582898518077614,2.604192816266746e-05,1.8699200226323695e-06,3.451888788312093e-11,3.934042044058165e-11,7.59235180009142e-12,1.730567409701836e-11,7.81177617320419e-07,9.46382860043966e-07,0.22378836288706166,0.28718458771086514,5.788238258929553e-14,1.3609076586645042e-13,3.4014028609646955e-12,8.241478752971321e-12,7.360925722336904e-11,7.355066363577903e-11,3.3046056804925586e-05,3.5392597797363487e-05,0.028807486260029297,0.032921552720937546,0.24909515627791182,0.4970130072749781,0.03288728498674079,0.1031000522520632,2.1297143488234837e-07,4.402285421973719e-07,2.481081731321992e-06,5.3067412745533225e-06,5.763061132614655e-06,1.315413230875842e-05,0.0004140779905753549,0.0008274967620273256,1.461936572166815e-07,3.0265189142222634e-07,1.4674071108919838e-05,3.1432100953751353e-05,7.253353913646985e-10,2.119918495233053e-09,2.778060106604558e-18,2.7718908822194138e-18,2.4513995489209562e-11,2.7979973434991078e-11,1.7351587377444312e-11,3.5872026572363464e-11,8.316962703282266e-15,1.541444975898134e-14,1.3569108981806362e-08,2.6122964863673055e-08,1.384141707114176e-18,4.045788620741645e-18,0.006532199341048161,0.013035386636339926,3.513936046288128e-31,9.99999999999633e-31,1.8183891596242864e-08,5.7119611060408004e-08,3.722507220499848e-10,1.1414256408494337e-09
0.217,1496.0135310799974,4.866145970098047,0.1802035282330896,2.9132117945755382,0.4586120080909462,0.0658747272380549,2.5909633538358116e-05,1.8608213610477802e-06,3.4070602819939205e-11,3.883788186698916e-11,7.485350299848242e-12,1.7065453887913138e-11,7.751442493525716e-07,9.392757747957286e-07,0.22363164040932096,0.2870452709182921,5.706926375360093e-14,1.342078890468325e-13,3.366323929564525e-12,8.158240275396635e-12,7.243044253531988e-11,7.238837306628015e-11,3.274374951766166e-05,3.507637642693361e-05,0.028702220869466014,0.03280831800914462,0.24915385046738794,0.497237177225466,0.03287833407470873,0.10309418854437526,2.1231984575383402e-07,4.3897617166069444e-07,2.4824776577435735e-06,5.310870467734281e-06,5.71926869824011e-06,1.3056987762804545e-05,0.0004085979109106785,0.0008167211734121781,1.440822295197252e-07,2.9834502403633414e-07,1.4535873424988961e-05,3.114278452894693e-05,7.159348720502536e-10,2.0928944631940403e-09,2.77166329629979e-18,2.7661038406606253e-18,2.4368055066546884e-11,2.7819388556431105e-11,1.7250719426589272e-11,3.567117619920343e-11,8.253229480312717e-15,1.529962233053574e-14,1.3566328172848161e-08,2.6123235841534172e-08,1.375356760559202e-18,4.020976334528731e-18,0.006530792908506391,0.013035386636533766,3.5131794688953673e-31,9.999999999996335e-31,1.7911084787637655e-08,5.6274781142724826e-08,3.672066941567607e-10,1.1262017094279782e-09
0.218,1495.403446899662,4.866792999804913,0.18017957055992503,2.91876181335343,0.45882832404314283,0.06591976867456358,2.5779777253791895e-05,1.8518875840933768e-06,3.363416441317634e-11,3.8348502410420023e-11,7.381308850985176e-12,1.6831822356982282e-11,7.692396801957502e-07,9.323185335686138e-07,0.22347740691166645,0.28690810512846726,5.6278584143480303e-14,1.3237652782298974e-13,3.332087440310682e-12,8.076980311994088e-12,7.128565605755326e-11,7.125935304941915e-11,3.244802894603505e-05,3.476695700228835e-05,0.02859854949476599,0.03269674477358058,0.24921154816962438,0.49745774776592333,0.03286956013961295,0.10308852364967956,2.1167875646701335e-07,4.377434729707289e-07,2.4838566744006417e-06,5.314947019722955e-06,5.676369210476945e-06,1.2961795912986195e-05,0.00040325831385073813,0.0008062190388934054,1.4202752327236352e-07,2.9415276798401014e-07,1.4400634500812952e-05,3.085957802417533e-05,7.067765269588542e-10,2.066559799556784e-09,2.765388327151319e-18,2.7604264575081288e-18,2.422502606393436e-11,2.766196407558086e-11,1.7151791422400814e-11,3.547412988318048e-11,8.190846414397407e-15,1.5187196749688006e-14,1.3563591073073817e-08,2.612350148625609e-08,1.3667410052625466e-18,3.996634398092241e-18,0.006529408879387694,0.013035386636723907,3.5124349432172545e-31,9.999999999996308e-31,1.764565240044312e-08,5.545257166674384e-08,3.6230933071005693e-10,1.1114173143348405e-09
0.219,1494.8019137325305,4.86743315868327,0.1801558735623429,2.924312562159041,0.45904129835042734,0.06596412913242303,2.5652281874317413e-05,1.843113506540139e-06,3.320910384229697e-11,3.787176456595578e-11,7.280106539505264e-12,1.6604511954824755e-11,7.634594475990984e-07,9.255059851057797e-07,0.22332559055706713,0.2867730291294053,5.550942869495174e-14,1.3059459385179976e-13,3.2986619727811647e-12,7.997625566755543e-12,7.017348069152478e-11,7.016222641197567e-11,3.215866734491513e-05,3.446410635886284e-05,0.028496428424132463,0.03258678844412343,0.24926827895342757,0.4976748224040133,0.03286095781385322,0.10308305107096077,2.110478575817486e-07,4.365298742955676e-07,2.4852191542490452e-06,5.318972177325389e-06,5.634332977279406e-06,1.2868492434279586e-05,0.0003980538413375117,0.0007959800045504139,1.4002730537355358e-07,2.9007064196961185e-07,1.4268254496585374e-05,3.0582277259906094e-05,6.978510192798654e-10,2.040888109187417e-09,2.759231164928291e-18,2.7548551045460674e-18,2.4084811317524375e-11,2.7507595361334242e-11,1.7054740240807506e-11,3.5280764965148666e-11,8.129766972816317e-15,1.5077090889612034e-14,1.3560896441256111e-08,2.612376197440558e-08,1.3582889542254821e-18,3.9727477041460176e-18,0.0065280466105276155,0.013035386636910526,3.511702123269408e-31,9.999999999996307e-31,1.738730510091107e-08,5.465210143044852e-08,3.5755230581049447e-10,1.0970535861038874e-09
0.22,1494.2086976852484,4.868066614834886,0.1801324308169191,2.9298640333486814,0.4592510247821999,0.06600782745398481,2.552707340372027e-05,1.8344941717191357e-06,3.2794976766907264e-11,3.740717771995445e-11,7.181628922888011e-12,1.6383269385835973e-11,7.577993005992728e-07,9.188332206397288e-07,0.22317612250232816,0.28663998423659237,5.476093126068253e-14,1.2886010991277648e-13,3.266017678351417e-12,7.920106391475342e-12,6.909257597443495e-11,6.90956901017326e-11,3.1875447684327966e-05,3.4167602229880744e-05,0.028395815683193888,0.03247840619169914,0.24932407112969054,0.4978885003451894,0.03285252196019804,0.10307776460149384,2.1042685266457962e-07,4.353348275881515e-07,2.486565458606957e-06,5.322947144368848e-06,5.593131667303675e-06,1.2777015928807989e-05,0.0003929794055855761,0.0007859942357555475,1.3807945808132823e-07,2.86094394941802e-07,1.413863816474736e-05,3.0310687377282802e-05,6.891494884167118e-10,2.015854335978209e-09,2.7531879590558146e-18,2.749386318339513e-18,2.3947318178055055e-11,2.7356182617431956e-11,1.6959505610876525e-11,3.50909642922401e-11,8.069946816688393e-15,1.4969226472378526e-14,1.3558243087124849e-08,2.6124017474390283e-08,1.3499953672782642e-18,3.9493018200232565e-18,0.00652670548541873,0.013035386637093688,3.510980677407349e-31,9.999999999996307e-31,1.7135768407898497e-08,5.3872534209927765e-08,3.529296494864292e-10,1.0830927130954516e-09
0.221,1493.623574127123,4.868693530326803,0.18010923613219054,2.9354162194634794,0.4594575933201844,0.06605088172803134,2.540408107880311e-05,1.8260248379179726e-06,3.239136171446716e-11,3.6954276385063625e-11,7.085767597991719e-12,1.616785465981585e-11,7.522551864485112e-07,9.122955589436158e-07,0.2230289367225546,0.2865089141446049,5.403227133635199e-14,1.2717120249654566e-13,3.234126179376926e-12,7.844356552564098e-12,6.804167291893262e-11,6.805851021421238e-11,3.159816299173618e-05,3.387723258019568e-05,0.02829667093684107,0.0323715568306282,0.24937895182394457,0.49809887674010306,0.03284424765961739,0.10307265831186427,2.098154575258852e-07,4.341578071960201e-07,2.4878959377058397e-06,5.326873083928137e-06,5.552738226458425e-06,1.26873077469118e-05,0.00038803017176646405,0.0007762523840369077,1.3618197149737274e-07,2.822199911513084e-07,1.401169457174756e-05,3.0044622275915152e-05,6.806635192214411e-10,1.991434676669337e-09,2.74725503186721e-18,2.744016790647474e-18,2.3812458168669077e-11,2.7207630512259425e-11,1.686602994290589e-11,3.490461588733934e-11,8.011343665743396e-15,1.4863528832582273e-14,1.3555629868493935e-08,2.612426814708376e-08,1.3418552361058933e-18,3.926282946881864e-18,0.006525384912665633,0.013035386637273565,3.5102702874953607e-31,9.999999999996317e-31,1.689078173061992e-08,5.3113075857135974e-08,3.4843572283422254e-10,1.0695178678160501e-09
0.222,1493.0463272525776,4.869314061439035,0.18008628353903056,2.9409691132227826,0.4596610903402701,0.06609330932556776,2.5283237197100166e-05,1.8177009670131347e-06,3.199785865496894e-11,3.651261864112562e-11,6.992419814542451e-12,1.5958040243883106e-11,7.468232393511598e-07,9.058885334758339e-07,0.2228839698737838,0.28637976481309635,5.332267115054708e-14,1.2552609521991612e-13,3.2029604810202183e-12,7.770313027359198e-12,6.70195694240788e-11,6.704951757245513e-11,3.132661578551031e-05,3.359279503376219e-05,0.028198955413564538,0.03226620074461981,0.24943294703756763,0.49830604288625113,0.03283613019880556,0.103067726530933,2.0921339960556723e-07,4.3299830875075095e-07,2.489210931011695e-06,5.330751119815676e-06,5.51312680831915e-06,1.2599311838583487e-05,0.0003832015427602615,0.000766745557928485,1.3433293692459932e-07,2.784435969560686e-07,1.3887336860405558e-05,2.978390413510254e-05,6.723851149036808e-10,1.9676065050408607e-09,2.7414288690350925e-18,2.7387433598405784e-18,2.3680146820759e-11,2.7061848009529184e-11,1.6774258182919334e-11,3.472161267016378e-11,7.953917181775527e-15,1.4759926714021544e-14,1.3553055688871822e-08,2.6124514146110935e-08,1.3338637719766624e-18,3.903677886462677e-18,0.006524084324757679,0.013035386637450177,3.5095706482463427e-31,9.999999999996315e-31,1.665209751970474e-08,5.23729717419609e-08,3.440651958705267e-10,1.0563131412977316e-09
0.223,1492.4767496530321,4.86992835891413,0.18006356728098236,2.9465227075178437,0.4598615987914525,0.0661351269350493,2.5164476956324054e-05,1.8095182138869518e-06,3.1614087678687005e-11,3.608178468854268e-11,6.901488118420676e-12,1.5753610279715183e-11,7.414997699231384e-07,8.996078803481383e-07,0.2227411611580286,0.2862524843538052,5.263139297112385e-14,1.2392310272964896e-13,3.172494889413601e-12,7.697915815068987e-12,6.6025126020446e-11,6.606760362739325e-11,3.106061754296849e-05,3.33140963358165e-05,0.028102631830735508,0.03216229981323763,0.24948608170522046,0.49851008642053013,0.03282816505977064,0.10306296383269639,2.0862041741168777e-07,4.3185584815917547e-07,2.4905107675864707e-06,5.33458233814296e-06,5.474272708763347e-06,1.2512974613879604e-05,0.00037848914505577986,0.0007574652960169328,1.3253054073546855e-07,2.747615686410883e-07,1.3765482029626156e-05,2.952836297021603e-05,6.643066717181182e-10,1.944348301048731e-09,2.7357061102687286e-18,2.7335630025359565e-18,2.3550303445397555e-11,2.6918748124293316e-11,1.6684137676753648e-11,3.4541852196855525e-11,7.897628859630227e-15,1.4658352079504227e-14,1.3550519495206542e-08,2.6124755618260004e-08,1.3260163939198062e-18,3.8814740089994385e-18,0.006522803176875633,0.013035386637623688,3.5088814665798036e-31,9.999999999996326e-31,1.6419480484736287e-08,5.165150439480667e-08,3.3981302711713183e-10,1.0434634826025307e-09
0.224,1491.9146418122918,4.870536568286058,0.18004108180168713,2.95207699540588,0.4600591984040408,0.06617635060382551,2.504773827223599e-05,1.8014724142963562e-06,3.1239687674890704e-11,3.5661375399147734e-11,6.81288000059527e-12,1.5554359811724575e-11,7.362812540867365e-07,8.934495255879768e-07,0.22260045216742186,0.2861270228980185,5.195773644586364e-14,1.223606246717494e-13,3.142704927363279e-12,7.627107741316865e-12,6.505726169850612e-11,6.511171643110459e-11,3.079998814225338e-05,3.304095178587012e-05,0.02800766430597045,0.032059817322901286,0.24953837975858623,0.4987110915390884,0.032820347909310266,0.10305836502557897,2.0803625979895058e-07,4.307299602696836e-07,2.491795766656797e-06,5.338367789485669e-06,5.4361522931534716e-06,1.242824478607585e-05,0.0003738888142619074,0.0007484035391407279,1.3077305813199974e-07,2.7117043998204986e-07,1.364605069076106e-05,2.927783613802319e-05,6.564209537206219e-10,1.9216395799832767e-09,2.730083540820716e-18,2.7284728260835947e-18,2.3422850815323737e-11,2.677824757649784e-11,1.6595618019796397e-11,3.43652363697227e-11,7.842441912139594e-15,1.4558739909100716e-14,1.3548020275345991e-08,2.6124992704066963e-08,1.3183087157133488e-18,3.8596592176182095e-18,0.006521540945518238,0.01303538663779413,3.5082024608830786e-31,9.999999999996324e-31,1.619270679002458e-08,5.09479910744525e-08,3.356744436837161e-10,1.0309546397116337e-09
0.225,1491.359811767948,4.871138830070829,0.18001882173745148,2.9576319701043503,0.46025396582973965,0.06621699576565973,2.4932961653949947e-05,1.7935595767095512e-06,3.087431524388023e-11,3.525101112677732e-11,6.7265076008458e-12,1.5360094137068686e-11,7.311643245341335e-07,8.874095754159936e-07,0.2224617867788445,0.2860033325097329,5.130103637537545e-14,1.2083714065324062e-13,3.1135672679320325e-12,7.55783430496331e-12,6.411495038319577e-11,6.418085724105097e-11,3.054455542894171e-05,3.277318480039924e-05,0.02791401829812031,0.0319587179092906,0.24958986417421256,0.4989091391538861,0.032812674588686974,0.10305392513559727,2.0746068557708654e-07,4.2962019818823675e-07,2.493066237880614e-06,5.342108490066666e-06,5.398742945765823e-06,1.2345073264320174e-05,0.000369396583641738,0.0007395526085053676,1.2905884815355164e-07,2.676669123414591e-07,1.3528966894848766e-05,2.9032167990452514e-05,6.487210717801238e-10,1.8994608337422277e-09,2.7245580829268763e-18,2.7234700607778117e-18,2.3297715086024673e-11,2.664026671517042e-11,1.6508650949655274e-11,3.419167123257948e-11,7.788321181789724e-15,1.446102804637692e-14,1.3545557056142565e-08,2.6125225537943706e-08,1.310736536745963e-18,3.8382219236966626e-18,0.006520297127553593,0.013035386637961699,3.5075333605009893e-31,9.999999999996345e-31,1.597156342162016e-08,5.0261781864095873e-08,3.3164492444303073e-10,1.01877310968387e-09
0.226,1490.8120747184958,4.871735280009318,0.17999678190790805,2.963187624985512,0.460445974805131,0.06625707727312073,2.4820090052129514e-05,1.785775872191895e-06,3.05176435872106e-11,3.485033048993377e-11,6.64228741325534e-12,1.5170628158072307e-11,7.261457614690649e-07,8.814843056286317e-07,0.22232511103088826,0.2858813670814954,5.0660660481510167e-14,1.1935120518068436e-13,3.0850596635702513e-12,7.490043513752508e-12,6.319721743366517e-11,6.327407714084982e-11,3.0294154751761717e-05,3.2510626441395745e-05,0.027821660538686035,0.031858967489099596,0.24964055702433824,0.4991043070662191,0.03280514110514547,0.10304963939737086,2.0689346290268236e-07,4.28526132150533e-07,2.494322481725569e-06,5.345805423298019e-06,5.362023008887673e-06,1.2263413022456862e-05,0.0003650086718835484,0.0007309051822125245,1.2738634840238347e-07,2.64247844153106e-07,1.3414157927439894e-05,2.8791209457958206e-05,6.41200462476719e-10,1.8777934716203094e-09,2.7191267891506695e-18,2.7185520540008684e-18,2.317482555107258e-11,2.6504729252969705e-11,1.64231902209924e-11,3.40210667289627e-11,7.73523304478917e-15,1.4365157030224695e-14,1.3543128901445699e-08,2.612545424862594e-08,1.3032958312532934e-18,3.817151017433505e-18,0.00651907123913669,0.013035386638126359,3.5068739051535953e-31,9.999999999996352e-31,1.5755847505494966e-08,4.959225760853344e-08,3.2772018335992313e-10,1.0069060891675638e-09
0.227,1490.2712527054896,4.872326049254734,0.1799749573087433,2.9687439535711855,0.46063529628291666,0.06629660942344807,2.4709068746015445e-05,1.7781176269931296e-06,3.0169361557767e-11,3.445898933236729e-11,6.560140029034214e-12,1.498578581760729e-11,7.212224850029294e-07,8.756701529260068e-07,0.22219037302546168,0.2857610822526852,5.0036007471811725e-14,1.1790144327810475e-13,3.057160887642295e-12,7.423685749315655e-12,6.230313658248272e-11,6.239047408966e-11,3.0048628575908643e-05,3.225311502557962e-05,0.027730558976057546,0.031760533205152965,0.24969047952035453,0.4992966701109522,0.03279774362304115,0.10304550324070672,2.0633436891560366e-07,4.274473488832214e-07,2.495564789762349e-06,5.349459540986693e-06,5.32597173709172e-06,1.2183219001729867e-05,0.0003607214730236054,0.0007224542760048121,1.25754070674707e-07,2.609102422460869e-07,1.330155415349296e-05,2.8554817738041264e-05,6.338528696856478e-10,1.8566197687269965e-09,2.713786834762147e-18,2.7137162632930033e-18,2.3054114524728934e-11,2.6371562144687207e-11,1.633919150880688e-11,3.385333651735648e-11,7.683145332357909e-15,1.427106995765664e-14,1.3540734910383934e-08,2.6125678959378198e-08,1.2959827399122702e-18,3.796435845098903e-18,0.006517862814827656,0.013035386638288246,3.506223844461802e-31,9.999999999996354e-31,1.5545365752561882e-08,4.893882824303501e-08,3.2389615498903145e-10,9.953414314126267e-10
0.228,1489.7371742227192,4.872911264629737,0.17995334310187333,2.9743009495278203,0.4608219985937016,0.06633560599076803,2.459984520039111e-05,1.7705813129874028e-06,2.9829172671343994e-11,3.407665963746928e-11,6.4799898767930235e-12,1.4805399527413255e-11,7.16391546654395e-07,8.699637051434746e-07,0.222057522806653,0.28564243530598793,4.9426505065807776e-14,1.1648654600541337e-13,3.0298506704520653e-12,7.358713618572397e-12,6.14318268466158e-11,6.15291899365822e-11,2.9807826056275392e-05,3.20004956900364e-05,0.027640682706739465,0.031663383357185326,0.24973965206112977,0.4994863003248914,0.03279047845652708,0.10304151228487404,2.0578318914925407e-07,4.263834505046437e-07,2.4967934451152962e-06,5.353071765033572e-06,5.290569240093442e-06,1.2104447987307403e-05,0.0003565315454485063,0.0007141932221243334,1.2416059624618286e-07,2.576512524319719e-07,1.3191088826915056e-05,2.832285590741456e-05,6.266723256776229e-10,1.8359228128774246e-09,2.708535511746226e-18,2.7089602511026763e-18,2.293551708096144e-11,2.6240695301595808e-11,1.6256612291432373e-11,3.3688397744549283e-11,7.632027242575177e-15,1.417871232894795e-14,1.3538374215417702e-08,2.6125899788475604e-08,1.2887935597299059e-18,3.77606618129833e-18,0.006516671406530519,0.01303538663844742,3.5055829373765225e-31,9.99999999999636e-31,1.5339933847699806e-08,4.8300930941993766e-08,3.2016897987617385e-10,9.840676028964026e-10
0.229,1489.2096740032575,4.873491048732662,0.17993193461121326,2.9798586066616735,0.4610061475331519,0.06637408024308751,2.449236898487382e-05,1.7631635424432367e-06,2.9496794341551275e-11,3.370302869239668e-11,6.401765011798715e-12,1.462930970574657e-11,7.116501234855231e-07,8.643616945932752e-07,0.22192651229518415,0.28552538511511094,4.883160842096656e-14,1.151052668984733e-13,3.003109653278391e-12,7.295081847927027e-12,6.058245003054616e-11,6.068940801586983e-11,2.9571602737586857e-05,3.1752620090470715e-05,0.027552001938509277,0.03156748736669293,0.2497880942662993,0.4996732670510418,0.03278334206062991,0.10303766232062024,2.0523971731842153e-07,4.2533405417441144e-07,2.4980087225807416e-06,5.356642988057217e-06,5.255796450213688e-06,1.2027058539863195e-05,0.00035243560391048424,0.0007061156540964687,1.226045723889082e-07,2.544681526034559e-07,1.308269797595562e-05,2.8095192693826096e-05,6.196531362496241e-10,1.8156864630097795e-09,2.7033702220995086e-18,2.704281678615438e-18,2.2818971070733706e-11,2.611206162164825e-11,1.6175411779367767e-11,3.3526170910863004e-11,7.581849279675604e-15,1.4088031942288491e-14,1.353604598105688e-08,2.6126116849153493e-08,1.2817247380240891e-18,3.7560322128690236e-18,0.006515496582885187,0.01303538663860398,3.504950951851563e-31,9.99999999999635e-31,1.513937601048257e-08,4.767802879973335e-08,3.165349927575092e-10,9.730736483691412e-10
0.23,1488.688592640005,4.87406552019472,0.17991072731288732,2.985416918914288,0.4611878065207637,0.06641204497393766,2.438659163608715e-05,1.7558610587679916e-06,2.9171956988691575e-11,3.3337798107777265e-11,6.325396885310671e-12,1.4457364269102361e-11,7.069955101988428e-07,8.588609889590194e-07,0.2217972951693936,0.28540989204159606,4.825079837057914e-14,1.1375641796275778e-13,2.976919329592115e-12,7.2327471464298705e-12,5.975420797561173e-11,5.987035048492727e-11,2.9339820158629957e-05,3.15093459973491e-05,0.0274644879232389,0.03147281570880039,0.2498358250202289,0.4998576370966465,0.032776331026597216,0.10303394931214867,2.0470375471892632e-07,4.2429879096274264e-07,2.4992108890984114e-06,5.36017407512363e-06,5.2216350671383785e-06,1.1951010875657306e-05,0.00034843050944987795,0.0006982154873149718,1.2108470807453866e-07,2.513583441381005e-07,1.2976320221554731e-05,2.7871702104697455e-05,6.12789863693018e-10,1.7958953012505121e-09,2.6982884729463954e-18,2.6996783015556014e-18,2.270441679260726e-11,2.598559662420475e-11,1.609555080390099e-11,3.336657965357022e-11,7.532583172091109e-15,1.3998978749430502e-14,1.3533749402059698e-08,2.612633025022337e-08,1.2747728626638986e-18,3.736324511979293e-18,0.006514337928243666,0.01303538663875801,3.5043276642929213e-31,9.999999999996342e-31,1.4943524434732796e-08,4.706960912845891e-08,3.129907096331558e-10,9.623491524060662e-10
0.231,1488.1737763617698,4.874634793809888,0.17988971683015845,2.9909758803581163,0.46136703668945284,0.06644951252007265,2.4282466579785586e-05,1.7486707314309036e-06,2.885440335562642e-11,3.29806830692796e-11,6.250820157398385e-12,1.428941822108558e-11,7.024251137035627e-07,8.534585851091038e-07,0.2216698267986644,0.28529591788111236,4.7683580024556436e-14,1.124388665050986e-13,2.951262003374519e-12,7.171668109660587e-12,5.89463403478444e-11,5.907127619129075e-11,2.911234557391417e-05,3.127053701497569e-05,0.02737811291779392,0.031379339874079565,0.24988286250548306,0.5000394748399575,0.03276944207284882,0.10303036937889029,2.0417511000645668e-07,4.232773054759674e-07,2.5004002039550447e-06,5.363665864579099e-06,5.188067527079018e-06,1.1876266801369715e-05,0.0003445132621797284,0.000690486905266393,1.1959977084989136e-07,2.4831934569775816e-07,1.287189666945225e-05,2.7652263211365215e-05,6.060773134103543e-10,1.776534595428367e-09,2.693287870331667e-18,2.6951479644785257e-18,2.259179700080212e-11,2.586123846867027e-11,1.6016991749380022e-11,3.320955061804735e-11,7.484201816098576e-15,1.391150475761906e-14,1.3531483702131865e-08,2.6126540096041772e-08,1.2679346563275205e-18,3.7169340206879244e-18,0.006513195042048758,0.013035386638909588,3.5037128592245526e-31,9.999999999996345e-31,1.4752218893652473e-08,4.647518227036512e-08,3.09532817396107e-10,9.518842086616513e-10
0.232,1487.6650767204405,4.875198980743916,0.1798688989254529,2.996535485192382,0.46154389701623144,0.06648649478747544,2.4179949018685096e-05,1.7415895484538182e-06,2.85438877602072e-11,3.263141151561129e-11,6.177972502054081e-12,1.412533322301671e-11,6.979364465422404e-07,8.481516015326031e-07,0.2215440641455567,0.2851834257790333,4.712948128666007e-14,1.1115153176335599e-13,2.926120740220532e-12,7.111805106012923e-12,5.8158122319684463e-11,5.829147842944636e-11,2.888905162316785e-05,3.1036062244604116e-05,0.027292850128603687,0.031287032312517865,0.24992922423971486,0.5002188423616181,0.03276267204060111,0.10302691879549157,2.036535987266776e-07,4.2226925497844156e-07,2.501576919167091e-06,5.367119169459051e-06,5.155076957988275e-06,1.1802789617145174e-05,0.00034068099289113,0.0006829243433711811,1.1814858325721523e-07,2.453487860723464e-07,1.276937076165759e-05,2.743675984610083e-05,5.995105195391414e-10,1.7575902586261531e-09,2.6883661146591753e-18,2.690688596785879e-18,2.248105666874934e-11,2.573892769377364e-11,1.593969846183862e-11,3.305501328050675e-11,7.436679207642175e-15,1.3825563909663895e-14,1.3529248132401847e-08,2.6126746486949826e-08,1.2612069685189492e-18,3.697852028995378e-18,0.006512067537987783,0.01303538663905873,3.503106328833121e-31,9.999999999996342e-31,1.4565306274792817e-08,4.5894280186637354e-08,3.061581629866562e-10,9.416693876166326e-10
0.233,1487.1623504015643,4.8757581886404715,0.17984826949619653,3.0020957277390647,0.46171844439867116,0.06652300326641727,2.4078995862464753e-05,1.7346146118300932e-06,2.8240175498445335e-11,3.228972348507918e-11,6.10679444531733e-12,1.396497723821649e-11,6.935271221134379e-07,8.429372728935449e-07,0.2214199657087277,0.28507238018432496,4.6588051639728825e-14,1.0989338215402542e-13,2.9014793306295876e-12,7.053120191939219e-12,5.738886265141869e-11,5.753028308976126e-11,2.8669816087422042e-05,3.080579603803461e-05,0.027208673678691935,0.031195866401478926,0.24997492710403726,0.5003957995351557,0.03275601788641354,0.10302359397708885,2.0313904310155163e-07,4.2127430902222194e-07,2.502741279633582e-06,5.3705347781497015e-06,5.122647151534554e-06,1.1730544057140003e-05,0.00033693095669169574,0.0006755224768232331,1.167300200814866e-07,2.4244439871027054e-07,1.2668688179291865e-05,2.7225080407261017e-05,5.930847333276154e-10,1.7390488166040778e-09,2.6835209956428826e-18,2.6862982081061498e-18,2.2372142987907872e-11,2.5618607224399985e-11,1.5863636188663263e-11,3.290289983292434e-11,7.389990392775833e-15,1.3741111997589852e-14,1.3527041970320838e-08,2.6126949519262064e-08,1.2545867704768043e-18,3.679070161124649e-18,0.006510955043463405,0.01303538663920558,3.502507872683319e-31,9.999999999996366e-31,1.4382640230061153e-08,4.532645540299128e-08,3.028637444330961e-10,9.316957100023506e-10
0.234,1486.6654590011171,4.876312521758308,0.17982782456951832,3.0076566024390385,0.4618907337478941,0.06655904904984794,2.3979565642974742e-05,1.7277431318810056e-06,2.794304223453628e-11,3.195537044569033e-11,6.037229204635681e-12,1.3808224178341698e-11,6.891948494837713e-07,8.378129440782589e-07,0.2212974914530958,0.28496274679049893,4.605886092712091e-14,1.0866343250489114e-13,2.8773222508254727e-12,6.995577021017004e-12,5.663790177944576e-11,5.678704681010968e-11,2.845452162729912e-05,3.057961773164095e-05,0.027125558568451433,0.031105816406716114,0.2500199873717268,0.5005704041251032,0.03274947667743946,0.10302039147440775,2.0263127169740014e-07,4.20292148834815e-07,2.503893523358433e-06,5.37391345527446e-06,5.0907625290304554e-06,1.1659496216142613e-05,0.0003332605262454788,0.0006682762076024415,1.1534300545195887e-07,2.396040159334496e-07,1.256979672809152e-05,2.7017117626795605e-05,5.867954113895832e-10,1.7208973747965517e-09,2.6787503883214734e-18,2.6819748847606128e-18,2.2265005229997285e-11,2.5500222222056055e-11,1.5788771508473673e-11,3.2753145047641974e-11,7.344111413856716e-15,1.365810656826468e-14,1.3524864518521823e-08,2.6127149285518674e-08,1.2480711490407899e-18,3.660580358737495e-18,0.0065098571989790355,0.013035386639350124,3.5019172973872766e-31,9.999999999996366e-31,1.4204080800865086e-08,4.4771279874349896e-08,2.9964670193685227e-10,9.219546203064002e-10
0.23500000000000001,1486.1742687679048,4.876862081145704,0.17980756029559325,3.0132181038484123,0.4620608180952851,0.06659464285465232,2.3881618428095576e-05,1.720972421515886e-06,2.765227340970744e-11,3.162811464536886e-11,5.969222533326908e-12,1.3654953560636014e-11,6.849374281901061e-07,8.327760642220607e-07,0.22117660273031128,0.2848544924672893,4.554149817668728e-14,1.0746074138213888e-13,2.853634624465759e-12,6.9391407550028246e-12,5.590460997455937e-11,5.606115519368021e-11,2.8243055519501127e-05,3.0357411377986293e-05,0.027043480629733926,0.03101685743590884,0.25006442073882906,0.5007427118954196,0.03274304558731532,0.10301730797210194,2.0213011908853636e-07,4.1932246670046456e-07,2.505033881789003e-06,5.377255942900868e-06,5.059408107437323e-06,1.1589613476268788e-05,0.0003296671852021799,0.0006611806518386784,1.1398651004772035e-07,2.36825563355756e-07,1.2472646224418839e-05,2.681276833842079e-05,5.806382041732364e-10,1.7031235858655092e-09,2.6740522486819233e-18,2.677716785857141e-18,2.2159594575508955e-11,2.5383719896592183e-11,1.5715072260109148e-11,3.2605686140046475e-11,7.29901925562048e-15,1.3576506828671519e-14,1.3522715103548049e-08,2.612734587480326e-08,1.2416573004763073e-18,3.6423748640147734e-18,0.006508773657445471,0.01303538663949243,3.501334416231558e-31,9.999999999996347e-31,1.4029494057647826e-08,4.4228343892367644e-08,2.9650430933302243e-10,9.12437961379696e-10
0.23600000000000002,1485.6886503585642,4.877406964810066,0.1797874729411771,3.0187802266350605,0.4622287486911704,0.06662979504143869,2.3785115738947123e-05,1.7142998907038963e-06,2.7367663686772423e-11,3.1307728501118255e-11,5.902722574560315e-12,1.3505050186002953e-11,6.807527433207766e-07,8.278241810520391e-07,0.2210572622057552,0.2847475851988007,4.5035570496405845e-14,1.0628440857911078e-13,2.8304021864895865e-12,6.883777979796008e-12,5.5188385618126413e-11,5.53520211402275e-11,2.8035309407794055e-05,3.0139065492020492e-05,0.026962416482490714,0.03092896539474908,0.250108242355194,0.5009127767162384,0.03273672189015118,0.10301434028049444,2.0163542552755128e-07,4.1836496535043395e-07,2.506162580144829e-06,5.3805629617007415e-06,5.0285694670144655e-06,1.1520864437122608e-05,0.00032614852198769873,0.0006542311278620776,1.1265954846038256e-07,2.3410705461177762e-07,1.2377188386361837e-05,2.6611933255848245e-05,5.746089451534169e-10,1.6857156192779871e-09,2.6694246096087105e-18,2.673522139681199e-18,2.2055864008257395e-11,2.526904939298496e-11,1.5642507474711467e-11,3.24604626370268e-11,7.254691794044204e-15,1.349627355599505e-14,1.3520593074595164e-08,2.6127539372933743e-08,1.235342524617797e-18,3.6244462035942595e-18,0.0065077040835257675,0.013035386639632569,3.500759048824766e-31,9.999999999996364e-31,1.3858751759107503e-08,4.3697255051852064e-08,2.934339661111906e-10,9.031379507012541e-10
0.23700000000000002,1485.2084787774515,4.877947267720323,0.17976755888931747,3.024342965575159,0.4623945750284204,0.06666451561887085,2.3690020517957818e-05,1.707723044473112e-06,2.7089016560087025e-11,3.099399417365279e-11,5.837679753058204e-12,1.3358403901640613e-11,6.766387627504044e-07,8.229549377739956e-07,0.22093943384048315,0.2846419940721031,4.454070226415949e-14,1.0513357328560199e-13,2.8076112605747217e-12,6.829456653792507e-12,5.4488653906881024e-11,5.465908359929555e-11,2.783117915973988e-05,2.992447290810021e-05,0.02688234352507243,0.03084211697928671,0.250151466839637,0.5010806506038159,0.032730502953925794,0.10301148531814722,2.0114703691154596e-07,4.174193579357447e-07,2.5072798373383415e-06,5.383835210859538e-06,4.9982327376384845e-06,1.1453218887711887e-05,0.0003227022258426327,0.000647423148685409,1.1136117744306453e-07,2.314465878975427e-07,1.2283376783992049e-05,2.6414516875683294e-05,5.687036432025681e-10,1.668662140011145e-09,2.6648655770689766e-18,2.6693892401224624e-18,2.195376843847385e-11,2.515616193786864e-11,1.5571047345390626e-11,3.231741632072575e-11,7.211107767683929e-15,1.3417369048305252e-14,1.3518497802981391e-08,2.6127729862215275e-08,1.2291242224173536e-18,3.606787182193937e-18,0.006506648153439759,0.01303538663977062,3.5001910209923227e-31,9.99999999999637e-31,1.3691731132760485e-08,4.317763759410536e-08,2.904331914198957e-10,8.94047162629644e-10
0.23800000000000002,1484.7336331023107,4.878483082002052,0.17974781463196834,3.0299063155499413,0.4625583449599496,0.06669881426708628,2.3596297034305043e-05,1.7012394765230985e-06,2.681614380957658e-11,3.068670296492196e-11,5.774046635999175e-12,1.3214909293649952e-11,6.725935319803544e-07,8.181660671025218e-07,0.22082308280299615,0.2845376891987435,4.4056534067214025e-14,1.0400741166993893e-13,2.785248721900536e-12,6.776146020881591e-12,5.3804865207672845e-11,5.398180597346172e-11,2.7630564608351203e-05,2.9713530515172907e-05,0.02680323988490422,0.030756289625242083,0.2501941083073964,0.5012463838267118,0.03272438624070617,0.1030087401243833,2.006648043442548e-07,4.1648536719437915e-07,2.5083858663690562e-06,5.3870733694498684e-06,4.968384561624616e-06,1.1386647725309646e-05,0.00031932608045167184,0.0006407524096817169,1.1009049323524775e-07,2.288423405989342e-07,1.2191166716800817e-05,2.6220427225416546e-05,5.629184720651082e-10,1.6519522788314234e-09,2.66037332728283e-18,2.665316444298415e-18,2.1853264373603476e-11,2.5045010469735008e-11,1.550066315199891e-11,3.217649108148457e-11,7.168246724178225e-15,1.3339757029938853e-14,1.3516428680953211e-08,2.612791742206432e-08,1.2229998891737622e-18,3.589390863820472e-18,0.006505605554231895,0.013035386639906704,3.49963016438267e-31,9.999999999996384e-31,1.3528314523439714e-08,4.266913133525449e-08,2.8749961646003456e-10,8.85158505722982e-10
0.23900000000000002,1484.2639963070965,4.879014497057918,0.1797282367653701,3.035470271542596,0.46272010476680525,0.06673270035141401,2.3503910824991576e-05,1.6948468653215076e-06,2.654886507295914e-11,3.0385654848236905e-11,5.711777819385916e-12,1.3074465436674963e-11,6.68615170450327e-07,8.134553870322626e-07,0.22070817541953044,0.2844346416743545,4.3582721844154405e-14,1.0290513492921859e-13,2.7633019699169817e-12,6.723816547302909e-12,5.313649371414562e-11,5.331967481868172e-11,2.7433369363737888e-05,2.9506139065338585e-05,0.026725084387415516,0.030671461476869458,0.25023618039587087,0.501410024988976,0.03271836929911418,0.10300610184330791,2.0018858392879065e-07,4.1556272507837245e-07,2.509480874552536e-06,5.3902780972416385e-06,4.939012070686112e-06,1.1321122906055578e-05,0.00031601795926097174,0.0006342147795940378,1.0884662956576773e-07,2.2629256530811036e-07,1.2100515135562673e-05,2.6029575705278864e-05,5.572497619513105e-10,1.6355756086544726e-09,2.655946103045139e-18,2.661302169211655e-18,2.175430992193117e-11,2.4935549649057468e-11,1.5431327211788858e-11,3.203763282283506e-11,7.126088981821943e-15,1.3263402584142214e-14,1.351438512069575e-08,2.6128102128991203e-08,1.2169671103740533e-18,3.5722505604521855e-18,0.0065045759832973865,0.013035386640040692,3.499076316212388e-31,9.999999999996371e-31,1.3368389137459788e-08,4.217139089214894e-08,2.8463097832466825e-10,8.764652044267007e-10
0.24,1483.7994550828062,4.879541599685939,0.1797088219855197,3.0410348286352944,0.46287989923391637,0.06676618293737295,2.3412828635940804e-05,1.6885429701913151e-06,2.6287007434245117e-11,3.009065801587693e-11,5.650829819638635e-12,1.2936975654912438e-11,6.647018679130545e-07,8.088207966745418e-07,0.22059467911735947,0.2843328235295854,4.3118936067665105e-14,1.0182598743136627e-13,2.741758901761463e-12,6.672439859917147e-12,5.248303616442343e-11,5.267219860281413e-11,2.7239500628386946e-05,2.9302202985791558e-05,0.02664785652386921,0.030587611354476314,0.2502776962849505,0.5015716211036935,0.03271244976251636,0.10300356772600841,1.9971823654720912e-07,4.146511723526837e-07,2.5105650637526516e-06,5.3934500355331185e-06,4.910102862697648e-06,1.1256617394965715e-05,0.0003127758209106419,0.0006278062917530351,1.076287557150098e-07,2.237955859530713e-07,1.201138056379192e-05,2.5841876928759573e-05,5.516939914379487e-10,1.6195221217463056e-09,2.6515822104275935e-18,2.6573448887831807e-18,2.165686468204544e-11,2.4827735737404837e-11,1.536301283047017e-11,3.1900789367057666e-11,7.084615591973006e-15,1.3188272087082531e-14,1.3512366553433801e-08,2.612828405680461e-08,1.2110235574413768e-18,3.5553598204143364e-18,0.006503559147897235,0.013035386640172767,3.4985293190052133e-31,9.999999999996377e-31,1.3211846793111315e-08,4.168408492627253e-08,2.8182511411591624e-10,8.679607815734533e-10
0.241,1483.3398997471809,4.880064474123147,0.17968956708639797,3.04659998200627,0.4630377716834648,0.06679927079726666,2.3323018382761977e-05,1.6823256287445767e-06,2.603040508599925e-11,2.980152850896011e-11,5.59116098236939e-12,1.2802347321432043e-11,6.608518817479582e-07,8.042602731961701e-07,0.2204825624002855,0.2842322077123703,4.266486105823899e-14,1.0076924515836643e-13,2.7206078914430634e-12,6.621988698115452e-12,5.184401076090066e-11,5.203890666222903e-11,2.7048869059899225e-05,2.9101630240244265e-05,0.0265715364362122,0.030504718740279966,0.25031866871453884,0.5017312176435574,0.03270662534193616,0.103001135112508,1.99253627743914e-07,4.1375045839359596e-07,2.5116386304176817e-06,5.396589807375094e-06,4.881644985998874e-06,1.119310513268098e-05,0.000309597705599504,0.0006215231371213055,1.0643607494123284e-07,2.2134979466690072e-07,1.19237230424393e-05,2.565724861174227e-05,5.462477809078429e-10,1.603782211327562e-09,2.6472800159447785e-18,2.6534431312484363e-18,2.156088980543778e-11,2.4721526673910073e-11,1.529569426829806e-11,3.176591039053453e-11,7.0438083110687936e-15,1.3114333159093247e-14,1.3510372428834526e-08,2.6128463276482118e-08,1.2051669849089305e-18,3.538712420779593e-18,0.006502554764901151,0.013035386640302932,3.497989020453821e-31,9.999999999996363e-31,1.3058583719508202e-08,4.120689553686164e-08,2.790799559895852e-10,8.596390436703257e-10
0.242,1482.885224030048,4.8805832021985625,0.1796704689541778,3.052165726927073,0.46319376406763507,0.06683197242862976,2.3234449079850392e-05,1.6761927521030103e-06,2.577889891725808e-11,2.9518089762667136e-11,5.532731377761363e-12,1.2670491626944606e-11,6.570635330408271e-07,7.997718672852808e-07,0.22037179477897723,0.2841327680256514,4.222019418522015e-14,9.973421388436412e-14,2.6998377618066448e-12,6.572436848335171e-12,5.12189559274116e-11,5.141934799515082e-11,2.6861388573658837e-05,2.890433212667524e-05,0.02649610487819584,0.03042276373840125,0.25035911000512756,0.5018888586221456,0.03270089382701157,0.10299880144403563,1.9879462740600984e-07,4.1286034058432083e-07,2.5127017658991374e-06,5.39969801866753e-06,4.853626911341801e-06,1.1130560974298667e-05,0.00030648173030637884,0.0006153616550526221,1.0526782247879915e-07,2.1895364776902948e-07,1.183750403824618e-05,2.547561138427933e-05,5.40907884513181e-10,1.5883466488711584e-09,2.643037944152219e-18,2.649595477107447e-18,2.146634775441016e-11,2.4616881803446236e-11,1.52293466833677e-11,3.163294731305455e-11,7.003649559985188e-15,1.3041554592826307e-14,1.3508402214058565e-08,2.612863985662936e-08,1.1993952253209343e-18,3.522302353235352e-18,0.006501562560215246,0.013035386640431305,3.4974552731119327e-31,9.999999999996387e-31,1.2908500294420299e-08,4.073951746183349e-08,2.7639352546643826e-10,8.514940639340197e-10
0.243,1482.4353249607475,4.881097863403915,0.17965152456447164,3.057732058759905,0.4633479170106288,0.06686429606266212,2.314709080209506e-05,1.6701423223891434e-06,2.5532336204762818e-11,2.924017226751374e-11,5.475502717055434e-12,1.2541323395864919e-11,6.533352040135673e-07,7.953537002159862e-07,0.2202623467404852,0.2840344791037614,4.178464524191668e-14,9.872022775676788e-14,2.679437765332471e-12,6.5237590996592896e-12,5.06074293282184e-11,5.0813090313073254e-11,2.6676976210440362e-05,2.8710223143244697e-05,0.026421543195829643,0.030341727055676008,0.2503990320762636,0.5020445866506115,0.03269525307942662,0.10299656424735551,1.9834110965112938e-07,4.119805841229095e-07,2.5137546565761783e-06,5.40277525862063e-06,4.826037517079561e-06,1.1068960657959295e-05,0.00030342608546171505,0.000609318326916535,1.0412326411300824e-07,2.166056629277707e-07,1.175268639154326e-05,2.5296888685737026e-05,5.356711840641182e-10,1.5732065669345102e-09,2.6388544745939447e-18,2.6458005563060814e-18,2.1373202347958316e-11,2.4513761933665823e-11,1.516394609865913e-11,3.150185323485429e-11,6.964122397241664e-15,1.296990630646561e-14,1.350645539307867e-08,2.6128813863383034e-08,1.193706186500516e-18,3.506123816720409e-18,0.006500582268476691,0.01303538664055783,3.4969279342300666e-31,9.999999999996382e-31,1.2761500862994654e-08,4.028165753054092e-08,2.7376392896921475e-10,8.435201690311828e-10
0.244,1481.9901027709934,4.8816085349458165,0.1796327309802673,3.0632989729550126,0.4635002698494518,0.06689624967220063,2.30609146463375e-05,1.6641723901819712e-06,2.5290570317105498e-11,2.896761324442354e-11,5.419438274363883e-12,1.2414760914080198e-11,6.49665335539992e-07,7.910039610049482e-07,0.22015418971751427,0.2839373163869965,4.1357935854426965e-14,9.772664795313924e-14,2.6593975653531717e-12,6.47593120027806e-12,5.000900693760797e-11,5.021971914053244e-11,2.6495552009837237e-05,2.8519220859929645e-05,0.026347833310307506,0.03026158998506643,0.25043844645992464,0.5021984429819428,0.03268970103031504,0.10299442113109009,1.97892952693219e-07,4.11110961781315e-07,2.514797483928917e-06,5.405822100082715e-06,4.7988660735854946e-06,1.1008280771502922e-05,0.00030042903168985273,0.0006033897698448555,1.0300169478448054e-07,2.14304416376017e-07,1.1669234262950895e-05,2.512100665710186e-05,5.305346832530154e-10,1.5583534429260531e-09,2.634728139541069e-18,2.6420570461903935e-18,2.128141872880221e-11,2.441212930138586e-11,1.509946936949538e-11,3.137258287414396e-11,6.925210493215432e-15,1.2899359298613138e-14,1.3504531466143691e-08,2.612898536046867e-08,1.1880978487566923e-18,3.490171209838819e-18,0.006499613632780195,0.013035386640682576,3.4964068656083984e-31,9.999999999996382e-31,1.2617493557894488e-08,3.983303411938586e-08,2.711893535815056e-10,8.357119264683156e-10
0.245,1481.5494606757393,4.882115291912871,0.17961408534564122,3.0688664650482727,0.46365086072565065,0.06692784099016619,2.2975892660815033e-05,1.658281069729375e-06,2.5053460345023374e-11,2.870025623572845e-11,5.364502793953175e-12,1.2290725723588158e-11,6.460524234523784e-07,7.8672090212324e-07,0.22004729602019205,0.28384125606077987,4.093979877242755e-14,9.67528610604193e-14,2.639707210182603e-12,6.428929796868587e-12,4.94232819476751e-11,4.963883675258261e-11,2.631703882518535e-05,2.8331245728101282e-05,0.026274957678460935,0.030182334364563308,0.25047736432230117,0.5023504675954149,0.03268423567986758,0.10299236979372325,1.974500385042662e-07,4.102512532583406e-07,2.5158304248998424e-06,5.408839100739396e-06,4.7721022159557264e-06,1.0948498692642077e-05,0.0002974888954136911,0.000597572728204505,1.0190243676629361e-07,2.1204853924079523e-07,1.1587113044280702e-05,2.4947893957024038e-05,5.254955004591965e-10,1.5437790787319117e-09,2.630657522050953e-18,2.6383636698978104e-18,2.1190963137187023e-11,2.4311947318248268e-11,1.5035894128071623e-11,3.124509245821772e-11,6.886898091749144e-15,1.2829885580146379e-14,1.3502629948811694e-08,2.6129154409628837e-08,1.1825682599191987e-18,3.474439117026359e-18,0.006498656404104791,0.013035386640805557,3.4958919332883908e-31,9.99999999999635e-31,1.2476390059054805e-08,3.939337641724425e-08,2.6866806206889313e-10,8.280641297181008e-10
0.246,1481.1133048484949,4.882618207271319,0.17959558488578972,3.0744345306587717,0.46379972659127194,0.06695907751062212,2.2891997836774913e-05,1.6524665385113777e-06,2.4820870906437084e-11,2.8437950893323722e-11,5.310662433728874e-12,1.2169142498721419e-11,6.424950172744494e-07,7.82502838093758e-07,0.2199416388322864,0.28374627505637223,4.052997745371674e-14,9.579827813771867e-14,2.6203571227808868e-12,6.382732411197422e-12,4.884986409815716e-11,4.907006153024357e-11,2.614136225422015e-05,2.8146221012115328e-05,0.026202899288931734,0.030103942574726643,0.25051579647412014,0.5025006992203642,0.032678855090670186,0.10299040800406634,1.9701225287912965e-07,4.0940124533774085e-07,2.5168536518543633e-06,5.411826803046059e-06,4.745735940337115e-06,1.088959258238092e-05,0.00029460406702433613,0.0005918640701597993,1.0082483884667797e-07,2.0983671594179171e-07,1.1506289342424143e-05,2.4777481732722994e-05,5.205508647369759e-10,1.529475589533337e-09,2.6266412527948462e-18,2.6347191933073865e-18,2.1101803076474897e-11,2.4213180763739333e-11,1.4973198772674062e-11,3.1119339704818316e-11,6.849169996942317e-15,1.276145815186596e-14,1.350075037161331e-08,2.6129321070298164e-08,1.1771155345588827e-18,3.4589223067205313e-18,0.0064977103412315945,0.01303538664092694,3.495383007508557e-31,9.999999999996343e-31,1.2338105495132831e-08,3.89624241338296e-08,2.6619838988210276e-10,8.20571789362609e-10
0.247,1480.68154424177,4.88311735199713,0.17957722690204436,3.0800031654865356,0.46394690328519533,0.0669899665040638,2.280920404292428e-05,1.646727032770576e-06,2.45926718154162e-11,2.8180552612021806e-11,5.257884683242517e-12,1.2049938864404087e-11,6.389917169059534e-07,7.783481416348213e-07,0.21983719215396005,0.28365235099967534,4.0128225433810003e-14,9.48623332743422e-14,2.6013380771957913e-12,6.337317384811249e-12,4.8288378709782406e-11,4.8513027019452223e-11,2.5968450474812135e-05,2.796407262011304e-05,0.026131641630008157,0.03002639750542874,0.2505537533883819,0.5026491754053343,0.03267355738789065,0.10298853360951148,1.9657948510024247e-07,4.0856073123895234e-07,2.5178673328451578e-06,5.414785735142437e-06,4.719757578480987e-06,1.0831541329054414e-05,0.00029177299685384343,0.0005862607798447181,9.976827465700558e-08,2.0766768081851934e-07,1.1426730895870723e-05,2.460970344707715e-05,5.156981095035657e-10,1.5154353859261394e-09,2.6226780090291077e-18,2.631122424293545e-18,2.1013907096478903e-11,2.4115795541057775e-11,1.4911362416812257e-11,3.0995283721919004e-11,6.812011538683803e-15,1.269405094320329e-14,1.3498892279279975e-08,2.6129485400014798e-08,1.1717378494996894e-18,3.443615718824348e-18,0.006496775210268732,0.013035386641046686,3.4948799624489373e-31,9.999999999996342e-31,1.2202558220872012e-08,3.853992681754463e-08,2.637787407364369e-10,8.13230119875393e-10
0.248,1480.2540905165256,4.883612795115229,0.17955900877031103,3.085572365310306,0.4640924255602459,0.06702051502276257,2.2727486004616032e-05,1.6410608461915746e-06,2.4368737873835418e-11,2.79279223015353e-11,5.2061383063872844e-12,1.1933045270099295e-11,6.355411709659042e-07,7.74255241782089e-07,0.2197339307820305,0.2835594621961023,3.973430589977622e-14,9.394448262363132e-14,2.582641186164308e-12,6.29266385052906e-12,4.773846600724929e-11,4.796738127702178e-11,2.579823415751255e-05,2.7784729015948127e-05,0.02606116867713166,0.02994968254381071,0.2505912452119655,0.5027959325535121,0.0326683407552885,0.10298674452668999,1.9615162791161023e-07,4.0772951059177516e-07,2.5188716316853444e-06,5.417716411126369e-06,4.694157789440769e-06,1.0774324531129401e-05,0.0002889941930260285,0.000580759953267861,9.873214174606618e-08,2.0554021629534172e-07,1.1348406544912915e-05,2.4444494819921408e-05,5.109346682934812e-10,1.5016511620091171e-09,2.6187665118962467e-18,2.627572210185966e-18,2.0927244843488344e-11,2.4019758737714807e-11,1.4850364869956367e-11,3.087288497164296e-11,6.775408555418803e-15,1.2627638782360746e-14,1.3497055230287055e-08,2.6129647454318396e-08,1.1664334421874588e-18,3.4285144603900326e-18,0.006495850784455886,0.013035386641164767,3.494382676125933e-31,9.999999999996356e-31,1.2069669701464532e-08,3.812564350830133e-08,2.614075835841536e-10,8.060345306375699e-10
0.249,1479.8308578934589,4.88410460380921,0.17954092793692203,3.091142125985439,0.46423632714490254,0.06705072991316066,2.2646819252691196e-05,1.6354663264324828e-06,2.4148948596330487e-11,2.7679926082278157e-11,5.155393272355849e-12,1.1818394836913759e-11,6.321420740916012e-07,7.7022262075547e-07,0.219631830264079,0.28346758759018725,3.9347991161357194e-14,9.304420319446251e-14,2.5642578819777053e-12,6.248751687626293e-12,4.719978030428981e-11,4.743278607795349e-11,2.563064633033307e-05,2.760812108022402e-05,0.025991464866264743,0.029873781546828532,0.25062828178153235,0.5029410059821432,0.032663203434057785,0.10298503874416391,1.9572857727495165e-07,4.06907388969811e-07,2.5198667081736195e-06,5.420619331820381e-06,4.6689275396893835e-06,1.0717922453674116e-05,0.00028626621819138827,0.0005753587919807663,9.77158602213851e-08,2.0345315014640073e-07,1.1271286166424388e-05,2.428179369353069e-05,5.062580694279206e-10,1.4881158802984272e-09,2.6149055250564336e-18,2.624067436638486e-18,2.0841786924637885e-11,2.3925038473694843e-11,1.4790186597215383e-11,3.075210519118177e-11,6.739347366039118e-15,1.2562197346461507e-14,1.349523879617372e-08,2.61298072870062e-08,1.1612006071373546e-18,3.4136137957399124e-18,0.006494936843772398,0.013035386641281335,3.4938910301814255e-31,9.999999999996375e-31,1.193936433340275e-08,3.771934218990263e-08,2.590834489195337e-10,7.989806149002812e-10
0.25,1479.411763117388,4.884592843431487,0.1795229819181547,3.0967124434418185,0.4643786407555127,0.0670806178182013,2.2567180112553306e-05,1.6299418744817997e-06,2.3933188045088365e-11,2.743643510521982e-11,5.105620708745256e-12,1.1705923254641645e-11,6.287931657569572e-07,7.662488126362132e-07,0.21953086688977477,0.28337670676064713,3.896906230562057e-14,9.216099207020305e-14,2.5461799072562455e-12,6.205561500798467e-12,4.66719894502583e-11,4.690891638190187e-11,2.5465622314908434e-05,2.7434182046687975e-05,0.025922515087803397,0.02979867883601692,0.2506648726323535,0.5030844299457853,0.032658143718377095,0.10298341431019925,1.9531023239609822e-07,4.0609417796682656e-07,2.5208527180992164e-06,5.423494984828682e-06,4.644058098664424e-06,1.0662316019677544e-05,0.0002835876879037619,0.0005700546000076637,9.671887203752137e-08,2.014053540932177e-07,1.1195340655896738e-05,2.412153999855335e-05,5.016659326140004e-10,1.4748227622169648e-09,2.6110938521432714e-18,2.6206070251979235e-18,2.0757504997067466e-11,2.383160400641438e-11,1.47308087076366e-11,3.06329073716871e-11,6.703814757586784e-15,1.249770314050909e-14,1.349344256123294e-08,2.6129964949956134e-08,1.1560376949886506e-18,3.3989091440793e-18,0.006494033174830926,0.013035386641396373,3.493404909825672e-31,9.999999999996375e-31,1.1811569357160887e-08,3.732079952980166e-08,2.5680492632199463e-10,7.920641425087662e-10
0.251,1478.9967252950319,4.885077577625225,0.17950516829564517,3.1022833136819052,0.4645193981659938,0.06711018519129999,2.2488545645266223e-05,1.624485940625358e-06,2.3721344553538555e-11,2.7197325245246522e-11,5.0567928345685086e-12,1.1595568633066883e-11,6.254932274004062e-07,7.623324000167363e-07,0.21943101763854192,0.28328679987302274,3.859730867758115e-14,9.129436521868942e-14,2.5283992948071318e-12,6.163074572754975e-12,4.6154774037214785e-11,4.639545955996156e-11,2.5303099584843184e-05,2.7262847355913793e-05,0.025854304657368665,0.029724359167094008,0.2507010270131572,0.5032262376966222,0.03265315995655646,0.10298186934326485,1.948964954104397e-07,4.05289694583697e-07,2.52182981349115e-06,5.426343845389402e-06,4.6195410157821305e-06,1.0607486759286952e-05,0.00028095726719552783,0.0005648447771724388,9.574063958387606e-08,1.9939574094941202e-07,1.1120541853409311e-05,2.396367560013519e-05,4.971559636866207e-10,1.4617652731707115e-09,2.6073303362244158e-18,2.617189933009947e-18,2.0674371562724897e-11,2.3739425498868195e-11,1.4672212909029407e-11,3.051525566893752e-11,6.6687979553830884e-15,1.2434133444117825e-14,1.3491666121827967e-08,2.613012049351781e-08,1.1509431084844993e-18,3.3843960682209745e-18,0.006493139570450515,0.01303538664150989,3.4929242036075916e-31,9.99999999999635e-31,1.1686214668049982e-08,3.6929800298155667e-08,2.545706608467251e-10,7.852810490939413e-10
0.252,1478.5856658769248,4.885558868323983,0.1794874847163028,3.107854732778789,0.46465863021001713,0.06713943829676311,2.2410893644741893e-05,1.6190970243643085e-06,2.351331059636371e-11,2.6962476960152366e-11,5.00888292108461e-12,1.1487271416108456e-11,6.222410816129495e-07,7.584720131109969e-07,0.219332260178938,0.2831978476827995,3.82325275985077e-14,9.044385685695129e-14,2.5109083610865173e-12,6.121272849532444e-12,4.5647826945687455e-11,4.5892114957811516e-11,2.5143017719499604e-05,2.7094054609959263e-05,0.025786819313053478,0.029650807728205112,0.2507367538951066,0.5033664615044272,0.03264825054454016,0.1029804020125435,1.944872714600546e-07,4.0449376140566216e-07,2.5227981426062613e-06,5.429166376357503e-06,4.59536811954542e-06,1.0553416809079715e-05,0.0002783736694041034,0.0005597268169072331,9.478064516026153e-08,1.9742326359783467e-07,1.1046862536041464e-05,2.3808144285568058e-05,4.927259518481254e-10,1.4489371148560909e-09,2.603613857022937e-18,2.6138151501238744e-18,2.0592360113025683e-11,2.3648474187913274e-11,1.4614381502296157e-11,3.039911539425107e-11,6.634284614520263e-15,1.2371466297256122e-14,1.3489909086130702e-08,2.6130273966229042e-08,1.1459153021591255e-18,3.3700702739960704e-18,0.006492255829600321,0.013035386641622,3.492448803384498e-31,9.99999999999636e-31,1.1563232754599332e-08,3.654613718675352e-08,2.523793510342373e-10,7.786274301936832e-10
0.253,1478.1785085011852,4.886036775869074,0.1794699288879024,3.1134266968743707,0.46479636685071024,0.06716838322366081,2.2334202584414853e-05,1.6137736707682704e-06,2.330898254079524e-11,2.6731775014573066e-11,4.961865232293374e-12,1.1380974249747195e-11,6.190355895157182e-07,7.546663266953289e-07,0.21923457281595324,0.2831098314867547,3.7874523901441694e-14,8.96090183868492e-14,2.4936996880239345e-12,6.08013889771527e-12,4.5150852631629844e-11,4.539859320011316e-11,2.498531827408467e-05,2.6927743438117764e-05,0.025720045186846757,0.029578010110056,0.2507720619837128,0.5035051327101142,0.032643413929316654,0.10297901055532255,1.9408246841165823e-07,4.0370620605432563e-07,2.5237578501799527e-06,5.431963029052015e-06,4.571531496318642e-06,1.050008886516842e-05,0.0002758356531072497,0.0005546983002810914,9.383838971673418e-08,1.954869124426093e-07,1.0974276351120048e-05,2.3654891625573244e-05,4.883737648736341e-10,1.4363322116430333e-09,2.599943330357287e-18,2.6104816991637246e-18,2.051144489883811e-11,2.3558722123579756e-11,1.4557297340421344e-11,3.028445293344967e-11,6.600262792660061e-15,1.2309680451741365e-14,1.3488171073493743e-08,2.6130425415255116e-08,1.1409527784924251e-18,3.3559275994483575e-18,0.006491381756987348,0.013035386641732727,3.4919786041003277e-31,9.999999999996403e-31,1.1442558530011355e-08,3.6169610291338855e-08,2.502297456840235e-10,7.720995315896412e-10
0.254,1477.7751789469216,4.886511359037943,0.17945249857795115,3.118999202177581,0.46493263719404754,0.06719702588862052,2.2258451602531777e-05,1.6085144695398941e-06,2.3108260501744413e-11,2.6505108321301437e-11,4.915714984047908e-12,1.1276621891898687e-11,6.158756496087879e-07,7.509140588032955e-07,0.21913793448217708,0.28302273311831855,3.752310963225337e-14,8.878941771639825e-14,2.4767661144138737e-12,6.0396558846331485e-12,4.4663566658261595e-11,4.491461573784294e-11,2.4829944718758333e-05,2.6763855435589458e-05,0.02565396879688754,0.02950595229861636,0.250806959730165,0.5036422817559766,0.03263864860252936,0.10297769325891783,1.9368199684052018e-07,4.029268611740333e-07,2.524709077476407e-06,5.434734243433639e-06,4.548023485233872e-06,1.0447486172807048e-05,0.00027334202060397213,0.0005497568931012374,9.291339220229561e-08,1.935857141163544e-07,1.0902757795242165e-05,2.3503864932946125e-05,4.84097346174174e-10,1.4239447023315932e-09,2.5963177060650475e-18,2.607188633357799e-18,2.0431601031045107e-11,2.3470142286780874e-11,1.450094381488345e-11,3.017123572136795e-11,6.566720937935032e-15,1.2248755350257839e-14,1.3486451714090126e-08,2.613057488619028e-08,1.1360540870196609e-18,3.341964012551174e-18,0.006490517162931637,0.013035386641841987,3.4915135037184967e-31,9.999999999996382e-31,1.1324129250763228e-08,3.580002686688971e-08,2.4812064177987996e-10,7.656937431461807e-10
0.255,1477.3756050653924,4.88698267508641,0.17943519161205,3.1245722449626445,0.465067469518735,0.06722537204168852,2.2183620477479825e-05,1.603318053371313e-06,2.29110481778002e-11,2.6282369760545462e-11,4.870408302302965e-12,1.1174161120222257e-11,6.12760196284798e-07,7.472139690152562e-07,0.219042324715269,0.28293653492800136,3.71781037292143e-14,8.798463852963977e-14,2.4601007251058933e-12,5.9998075531959576e-12,4.4185695193252275e-11,4.4439914360246016e-11,2.467684236285378e-05,2.6602334086186084e-05,0.025588577035036735,0.029434620662687712,0.25084145533889785,0.5037779382134672,0.032633953100161754,0.1029764484627687,1.9328576993455846e-07,4.02155564255735e-07,2.5256519623667227e-06,5.437480448397746e-06,4.524836668019403e-06,1.0395592504387655e-05,0.0002708916160654,0.0005449003423485092,9.200518878393989e-08,1.9171872991599344e-07,1.0832282181313464e-05,2.3355013195441616e-05,4.798947115505562e-10,1.411768930993385e-09,2.592735966823209e-18,2.6039350354907065e-18,2.0352804427214067e-11,2.3382708530485587e-11,1.4445304835293515e-11,3.005943220246923e-11,6.5336478735208475e-15,1.2188671099221823e-14,1.3484750648573324e-08,2.613072242315758e-08,1.131217822412349e-18,3.328175605919302e-18,0.006489661863177244,0.01303538664194987,3.4910534031202313e-31,9.999999999996385e-31,1.120788441509036e-08,3.543720101902799e-08,2.4605088225158406e-10,7.594065921389732e-10
0.256,1476.9797166594526,4.887450779841459,0.17941800587040257,3.1301458215674494,0.46520089132690134,0.06725342727651669,2.2109689591009883e-05,1.5981830954516e-06,2.2717252662233522e-11,2.6063455970627876e-11,4.825922175602529e-12,1.1073540626732344e-11,6.096881978947999e-07,7.435648562118324e-07,0.21894772362031806,0.2828512197496893,3.683933166211328e-14,8.719427946092505e-14,2.4436968377110074e-12,5.960578190727652e-12,4.3716974453962216e-11,4.397423065440723e-11,2.4525958257324337e-05,2.6443124661874262e-05,0.02552385714495828,0.02936400193107064,0.25087555677912765,0.5039121308287667,0.032629326002639986,0.10297527456383439,1.9289370332173794e-07,4.0139215730840566e-07,2.5265866395374987e-06,5.440202062454647e-06,4.5019638549523825e-06,1.0344392128673575e-05,0.00026848332327915786,0.0005401264717974745,9.111333191937115e-08,1.8988505393392205e-07,1.0762825592375141e-05,2.3208286980443985e-05,4.757639454555736e-10,1.3997994363732928e-09,2.589197126943336e-18,2.600720016877202e-18,2.0275031691496145e-11,2.3296395444507745e-11,1.4390364800388144e-11,2.99490117739356e-11,6.501032777518979e-15,1.212940843306122e-14,1.3483067527543049e-08,2.613086806903641e-08,1.1264426218879825e-18,3.314558589595862e-18,0.0064888156785778564,0.013035386642056454,3.490598205935412e-31,9.9999999999964e-31,1.1093765641150096e-08,3.508095333118989e-08,2.4401935348754463e-10,7.532347358163414e-10
0.257,1476.587445476774,4.88791572769367,0.1794009392880135,3.1357199283919104,0.4653329293421615,0.06728119702997945,2.2036639922120807e-05,1.5931083091142258e-06,2.252678433736962e-11,2.584826723278069e-11,4.782234424646215e-12,1.097471095090995e-11,6.066586560371018e-07,7.399655577812426e-07,0.21885411187199208,0.2827667709057126,3.650662520930389e-14,8.641795359025343e-14,2.4275479967709787e-12,5.921952615678223e-12,4.3257150353954523e-11,4.351731566433469e-11,2.43772411564088e-05,2.6286174184782753e-05,0.02545979672161798,0.029294083193011924,0.25090927179201833,0.5040448875373238,0.03262476592909555,0.10297416999898706,1.9250571509224037e-07,4.0063648691726344e-07,2.5275132404493714e-06,5.442899493631882e-06,4.479398082735039e-06,1.0293869806908993e-05,0.00026611606459338457,0.0005354331800176988,9.02373898906005e-08,1.8808381213778567e-07,1.0694364870549306e-05,2.3063638414142327e-05,4.717031988680015e-10,1.3880309459506373e-09,2.585700230772972e-18,2.597542715821784e-18,2.0198260242050863e-11,2.3211178503535788e-11,1.4336108591206715e-11,2.9839944773476135e-11,6.46886517545825e-15,1.2070948701425767e-14,1.3481402011363184e-08,2.6131011865212764e-08,1.121727164872789e-18,3.3011092903065493e-18,0.0064879784350704885,0.013035386642161662,3.490147818528468e-31,9.999999999996363e-31,1.0981716609270343e-08,3.473111069220682e-08,2.420249837847517e-10,7.471749568071744e-10
0.258,1476.1987251099963,4.8883775716683235,0.17938398985200074,3.1412945618964114,0.46546360955514987,0.06730868659116461,2.1964453012897924e-05,1.5880924455130162e-06,2.2339556703530833e-11,2.563670728153209e-11,4.739323660960776e-12,1.0877624388069161e-11,6.036706038018837e-07,7.364149475773668e-07,0.21876147067994617,0.28268317217490685,3.6179822136008516e-14,8.565528770691186e-14,2.4116479615208493e-12,5.883916148884698e-12,4.280597800528124e-11,4.3068929405807734e-11,2.4230641429970824e-05,2.613143133685754e-05,0.025396383692902633,0.029224851879137283,0.2509426078980055,0.504176235497499,0.032620271539990836,0.10297313325761158,1.9212172562671908e-07,3.9988840391296937e-07,2.5284318934876125e-06,5.445573139993086e-06,4.4571326005427564e-06,1.0244010762092473e-05,0.00026378879885231583,0.0005308184363600577,8.937694595179554e-08,1.8631416065073373e-07,1.0626877573737044e-05,2.292102109189894e-05,4.677106859527715e-10,1.3764583664649005e-09,2.582244352104408e-18,2.594402297183945e-18,2.0122468156599343e-11,2.31270338921315e-11,1.428252154443889e-11,2.9732202426894416e-11,6.4371349221080506e-15,1.2013273836851837e-14,1.3479753769760748e-08,2.613115385187524e-08,1.1170701704298345e-18,3.2878241442513707e-18,0.006487149963408555,0.013035386642265683,3.4897021498547537e-31,9.99999999999638e-31,1.0871682948743091e-08,3.438750594930619e-08,2.4006674112018555e-10,7.412241564517733e-10
0.259,1475.8134908976626,4.88883636350481,0.17936715559860766,3.146869718600339,0.46559295726226874,0.06733590110926675,2.189311094157927e-05,1.5831342918122946e-06,2.2155486229569286e-11,2.542868313945411e-11,4.6971692481968996e-12,1.0782234903549563e-11,6.007231042708399e-07,7.329119341830366e-07,0.21866978176070018,0.28260040776837664,3.5858765904123366e-14,8.490592164611821e-14,2.3959906956979477e-12,5.846454589756601e-12,4.236322127221054e-11,4.262884043199555e-11,2.4086110986587467e-05,2.5978846380860455e-05,0.025333606301763446,0.029156295742873498,0.2509755724083246,0.504306201131719,0.03261584153496186,0.102972162878899,1.9174165748631033e-07,3.991477631678597e-07,2.529342724147452e-06,5.448223390222143e-06,4.435160860223584e-06,1.0194800657710492e-05,0.000261500519664854,0.0005262802776043614,8.853159761741238e-08,1.8457528432053163e-07,1.0560341941965357e-05,2.2780390009200488e-05,4.6378468103829705e-10,1.3650767753531151e-09,2.578828592705059e-18,2.5912979510528865e-18,2.004763412425259e-11,2.304393845164277e-11,1.4229589430673302e-11,2.9625756805682135e-11,6.405832185814441e-15,1.195636632704095e-14,1.347812248134557e-08,2.6131294068103585e-08,1.1124703954134069e-18,3.2746996920124997e-18,0.006486330098907866,0.013035386642368404,3.489261111323944e-31,9.999999999996385e-31,1.0763612145730143e-08,3.404997762718663e-08,2.381436311730773e-10,7.353793488937142e-10
0.26,1475.4316799228354,4.889292153645575,0.17935043461353872,3.152445395080604,0.46572099706226516,0.06736284559289095,2.1822596318885007e-05,1.5782326709960463e-06,2.197449226668426e-11,2.5224105023282212e-11,4.655751277235883e-12,1.0688498078048959e-11,5.978152499626454e-07,7.294554602962685e-07,0.218579027340801,0.2825184623351003,3.5543305489299096e-14,8.416950787527519e-14,2.3805703629171216e-12,5.809554205778025e-12,4.1928652479358695e-11,4.219682555206963e-11,2.3943603243139273e-05,2.5828371130388236e-05,0.025271453106553172,0.02908840286167703,0.2510081724307896,0.5044348101373813,0.03261147464785449,0.10297125743643575,1.913654354431159e-07,3.9841442366921234e-07,2.5302458549895408e-06,5.450850623510722e-06,4.41347651480337e-06,1.0146225595135123e-05,0.0002592502545661706,0.0005218168063781126,8.770095628850233e-08,1.8286639598412382e-07,1.049473688972977e-05,2.2641701547688827e-05,4.599235168621784e-10,1.3538814158530768e-09,2.5754520808851097e-18,2.588228891360116e-18,1.9973737563921282e-11,2.2961869817665532e-11,1.41772984496409e-11,2.9520580818795474e-11,6.374947442647495e-15,1.1900209204945833e-14,1.3476507833467283e-08,2.6131432551637562e-08,1.107926634215831e-18,3.2617325780159462e-18,0.006485518681434896,0.013035386642469924,3.4888246167936804e-31,9.999999999996414e-31,1.0657453497288495e-08,3.3718369791187575e-08,2.3625469605885913e-10,7.296376573314926e-10
0.261,1475.0532309268474,4.8897449912971345,0.1793338250296522,3.1580215879702314,0.46584775289611313,0.06738952491790814,2.175289225741716e-05,1.5733864397803516e-06,2.1796496900476823e-11,2.5022886179755517e-11,4.61505053052423e-12,1.0596371028465753e-11,5.949461612938464e-07,7.26044500937292e-07,0.21848919012638449,0.28243732093363016,3.523329510424052e-14,8.344571086004467e-14,2.3653813159493816e-12,5.7732017072941375e-12,4.150205198544305e-11,4.1772669415388485e-11,2.380307304832176e-05,2.56799588709454e-05,0.025209912965138474,0.0290211616205471,0.25104041487571727,0.5045620875151665,0.03260716964945144,0.10297041555054809,1.909929863211555e-07,3.976882482111354e-07,2.531141405766639e-06,5.4534552099997115e-06,4.392073406257204e-06,1.0098272086659117e-05,0.0002570370632019616,0.0005174261876209848,8.688464650622735e-08,1.8118673495905267e-07,1.0430041967165598e-05,2.2504913394611563e-05,4.561255817018113e-10,1.342867688857445e-09,2.5721139711182812e-18,2.5851943556356104e-18,1.990075848227019e-11,2.2880806258887834e-11,1.4125635206516419e-11,2.9416648165928254e-11,6.344471460455775e-15,1.1844786020378438e-14,1.3474909521875843e-08,2.6131569339148257e-08,1.1034377165296108e-18,3.2489195442534834e-18,0.006484715555175357,0.013035386642570247,3.4883925824450964e-31,9.999999999996426e-31,1.0553158011825395e-08,3.339253174171775e-08,2.343990124204637e-10,7.239963083019948e-10
0.262,1474.6780842302555,4.89019492449257,0.1793173250246031,3.163598293957022,0.46597324807755225,0.0674159438336848,2.1683982349367747e-05,1.5685944871155911e-06,2.162142482626893e-11,2.4824942747755578e-11,4.5750484498927475e-12,1.050581233654936e-11,5.921149853353407e-07,7.226780620095002e-07,0.21840025328107826,0.282356969013285,3.492859395666544e-14,8.273420651099017e-14,2.3504180882283124e-12,5.7373842276628826e-12,4.108320781107021e-11,4.135616414914849e-11,2.3664476618940193e-05,2.5533564294533966e-05,0.02514897502071504,0.02895456069732771,0.2510723064655959,0.5046880576027707,0.03260292534531778,0.1029696358847879,1.9062423890542135e-07,3.969691032259435e-07,2.532029493567119e-06,5.4560375112346546e-06,4.370945557276835e-06,1.0050927037624093e-05,0.00025486003588382996,0.0005131066457877444,8.608230535681906e-08,1.7953556584724832e-07,1.0366237332093237e-05,2.236998448548446e-05,4.5238931685874393e-10,1.3320311457878478e-09,2.568813442844368e-18,2.582193603928212e-18,1.9828677442366575e-11,2.2800726642947422e-11,1.4074586693911696e-11,2.9313933302413253e-11,6.3143952858711236e-15,1.1790080817016119e-14,1.3473327250330616e-08,2.6131704466296432e-08,1.0990025058249039e-18,3.236257426084323e-18,0.006483920568431166,0.0130353866426694,3.487964926673616e-31,9.999999999996449e-31,1.0450678331996028e-08,3.3072317779023314e-08,2.3257568978578128e-10,7.184526267730494e-10
0.263,1474.3061817025264,4.89064200010845,0.1793009328201601,3.1691755097822347,0.4660975053034543,0.0674421069651627,2.1615850656231407e-05,1.5638557335244945e-06,2.1449203257787293e-11,2.4630193658033207e-11,4.535727111959518e-12,1.0416781994640787e-11,5.893208950547743e-07,7.193551794369972e-07,0.21831220041870883,0.28227739240920935,3.462906606497185e-14,8.203468176436253e-14,2.3356753882518678e-12,5.7020893103284126e-12,4.0671915348835054e-11,4.094710907747472e-11,2.3527771500028332e-05,2.538914345933674e-05,0.025088628696591515,0.028888589057761434,0.25110385374118177,0.5048127440922003,0.03259874057297664,0.10296891713839297,1.9025912392332468e-07,3.9625685875850934e-07,2.5329102328444522e-06,5.458597880275827e-06,4.350087167233581e-06,1.0004177737970032e-05,0.00025271829261512536,0.0005088564629834236,8.529358205551293e-08,1.7791217770651674e-07,1.0303303735470363e-05,2.2236874975146893e-05,4.4871321480268557e-10,1.3213674833728946e-09,2.5655496993081753e-18,2.5792259177123965e-18,1.9757475608978895e-11,2.2721610489946692e-11,1.4024140282623764e-11,2.921241142173462e-11,6.2847102363757816e-15,1.1736078118592221e-14,1.3471760730381776e-08,2.613183796764152e-08,1.0946198986035494e-18,3.223743150253812e-18,0.0064831335735373264,0.013035386642767407,3.4875415700442125e-31,9.999999999996459e-31,1.0349968681939827e-08,3.275758704392274e-08,2.3078386930687324e-10,7.130040323933438e-10
0.264,1473.937466734711,4.891086263876942,0.179284646681701,3.17475323223928,0.46622054666496493,0.06746801881501438,2.154848169726703e-05,1.5591691303461126e-06,2.1279761836444487e-11,2.443856053339327e-11,4.4970692041383106e-12,1.032924135268947e-11,5.865630885431968e-07,7.160749182800945e-07,0.21822501559497462,0.28219857733586784,3.433458007807274e-14,8.1346834171868e-14,2.321148093813611e-12,5.667304895443225e-12,4.0267977080642486e-11,4.0545310447214563e-11,2.3392916524888206e-05,2.52466537491913e-05,0.02502886369139764,0.028823235950986213,0.2511350630659276,0.5049361700434207,0.03259461420061789,0.10296825804351027,1.8989757401036389e-07,3.955513884072026e-07,2.533783735431124e-06,5.461136661771777e-06,4.329492607580339e-06,9.958011852458927e-06,0.00025061098208268483,0.000504673977025203,8.45181375183478e-08,1.7631588319478746e-07,1.024122250502839e-05,2.210554620479183e-05,4.450958173649338e-10,1.3108725385597038e-09,2.5623219666945648e-18,2.5762905990888664e-18,1.9687134746856504e-11,2.2643437971874495e-11,1.3974283711701587e-11,2.911205843654283e-11,6.255407892250046e-15,1.1682762914817949e-14,1.3470209681208698e-08,2.6131969876643024e-08,1.0902888235286343e-18,3.2113737325362657e-18,0.006482354426783336,0.013035386642864263,3.4871224352491563e-31,9.999999999996466e-31,1.0250984812061182e-08,3.244820335039347e-08,2.2902272252108357e-10,7.076480358023932e-10
0.265,1473.5718841171656,4.8915277604848395,0.1792684649145244,3.1803314581725295,0.46634239370194547,0.06749368377454798,2.1481860412196094e-05,1.554533657169946e-06,2.1113032482049455e-11,2.4249967522292654e-11,4.459057989495304e-12,1.0243153039926006e-11,5.838407872849936e-07,7.128363707065638e-07,0.21813868326648167,0.28212051034863295,3.4045009002959125e-14,8.067037127395525e-14,2.306831240565827e-12,5.633019292825725e-12,3.987120216555876e-11,4.015058102430855e-11,2.3259871729536834e-05,2.5106053784669606e-05,0.02496966995649336,0.02875849088556184,0.2511659406341005,0.5050583579239766,0.032590545130501955,0.10296765738102161,1.8953952350300843e-07,3.948525689190652e-07,2.5346501107672815e-06,5.463654192696621e-06,4.309156407567108e-06,9.912417388950989e-06,0.0002485372797474181,0.0005005575777035317,8.375564359560048e-08,1.7474601701305485e-07,1.0179975500151467e-05,2.1975960607630643e-05,4.415357128229649e-10,1.3005422801964037e-09,2.559129493854625e-18,2.5733869706720285e-18,1.9617637035682777e-11,2.2566189701937748e-11,1.3925005060233101e-11,2.9012850922589953e-11,6.226480078614861e-15,1.1630120629192944e-14,1.3468673829147337e-08,2.613210022601581e-08,1.0860082388189903e-18,3.1991462703768603e-18,0.006481582988097191,0.013035386642960004,3.486707446937997e-31,9.999999999996456e-31,1.0153683896164345e-08,3.214403486815679e-08,2.2729144949967331e-10,7.023822330667513e-10
0.266,1473.2093800742668,4.891966533537384,0.1792523858651204,3.1859101844760804,0.4664630673799758,0.06751910611922608,2.141597217160385e-05,1.5499483226214644e-06,2.0948949360419747e-11,2.4064341264945317e-11,4.421677294306962e-12,1.0158480937922395e-11,5.811532362185551e-07,7.096386561017129e-07,0.21805318830938653,0.28204317836486464,3.376023011812813e-14,8.000501040752298e-14,2.292720021651562e-12,5.599221181555756e-12,3.9481406294480744e-11,3.9762739955733583e-11,2.312859835169581e-05,2.4967303423705368e-05,0.024911037703174682,0.028694343637983042,0.2511964924765734,0.5051793296126165,0.032586532290325404,0.10296711395193733,1.8918490855872392e-07,3.941602804413937e-07,2.5355094658062547e-06,5.4661508020526e-06,4.289073258285459e-06,9.867382708181496e-06,0.0002464963877269145,0.0004965057066157824,8.300578298902137e-08,1.7320193576185983e-07,1.0119545121764923e-05,2.1848081731806044e-05,4.3803153513840836e-10,1.2903728069631946e-09,2.5559715505679837e-18,2.5705143738435504e-18,1.9548965288904762e-11,2.2489846986928576e-11,1.3876292752943124e-11,2.8914766131217982e-11,6.1979188658989864e-15,1.1578137120455064e-14,1.346715290765236e-08,2.613222904730439e-08,1.0817771329974238e-18,3.1870579452029134e-18,0.006480819121132366,0.013035386643054717,3.4862965317643807e-31,9.999999999996477e-31,1.0058024525189763e-08,3.1844954108630126e-08,2.2558927827095516e-10,6.972043040028059e-10
0.267,1472.8499021461844,4.892402625649933,0.17923640791775736,3.1914894080926284,0.46658258814741105,0.06754429001992586,2.1350802738267318e-05,1.5454121616901542e-06,2.0787448737716584e-11,2.3881610730645454e-11,4.384911474554248e-12,1.0075190105810748e-11,5.784997020040548e-07,7.064809190314686e-07,0.21796851597557387,0.2819665686215176,3.348012471309791e-14,7.935047810583821e-14,2.2788097762008242e-12,5.565899582700112e-12,3.909841129647218e-11,3.9381612383414516e-11,2.2999058746156243e-05,2.483036367342043e-05,0.024852957380491238,0.028630784229093677,0.25122672446540056,0.5052991064315553,0.0325825746400164,0.10296662660385783,1.888336669271989e-07,3.934744060707794e-07,2.536361905221372e-06,5.4686268115584145e-06,4.269237997697669e-06,9.822896490384356e-06,0.00024448753287093373,0.0004925168533878093,8.22682484830268e-08,1.7168301637576848e-07,1.005991426515103e-05,2.1721874141382144e-05,4.3458196115810746e-10,1.2803603393748938e-09,2.552847427733327e-18,2.567672169101229e-18,1.9481102705796326e-11,2.2414391544080127e-11,1.382813553133998e-11,2.881778193180724e-11,6.1697165519448595e-15,1.1526798650420108e-14,1.3465646656897335e-08,2.613235637136072e-08,1.0775945221202198e-18,3.1751060145611743e-18,0.006480062692956402,0.01303538664314835,3.485889618218533e-31,9.999999999996515e-31,9.963966602929672e-09,3.1550837602273466e-08,2.2391546303525326e-10,6.921120068036479e-10
0.268,1472.4933992025958,4.8928360784327065,0.17922052949498968,3.197069126012321,0.4667009759215479,0.06756923954033113,2.128633827416935e-05,1.5409242362776256e-06,2.0628468944301915e-11,2.3701707179393664e-11,4.348745403039268e-12,9.993246752230941e-12,5.758794729624803e-07,7.0336232920544e-07,0.2178846519045324,0.28189066868961576,3.320457799814679e-14,7.870650989673824e-14,2.265095988436533e-12,5.533043857614342e-12,3.872204498990532e-11,3.9007029302029045e-11,2.2871216377630316e-05,2.4695196684138133e-05,0.024795419678455808,0.02856780292817478,0.2512566423204912,0.5054177091559232,0.03257867116395626,0.1029661942058663,1.88485738049548e-07,3.9279483206388536e-07,2.537207531369563e-06,5.471082535521221e-06,4.249645613479732e-06,9.778947742331244e-06,0.00024250996657275596,0.0004885895553607075,8.154274284076357e-08,1.7018865593399484e-07,1.0001066326483488e-05,2.1597303432027602e-05,4.3118570975245437e-10,1.2705012174099076e-09,2.5497564355885947e-18,2.564859734286814e-18,1.9414033045738363e-11,2.2339805702325122e-11,1.3780522456899996e-11,2.8721876819359952e-11,6.141865661226504e-15,1.1476091883123648e-14,1.3464154823675724e-08,2.613248222800412e-08,1.0734594502383905e-18,3.1632878135960824e-18,0.006479313574087314,0.013035386643240892,3.4854866366467945e-31,9.999999999996489e-31,9.871471336708925e-09,3.126156587452075e-08,2.2226928357178418e-10,6.871031763053275e-10
0.269,1472.1398213427906,4.893266932567489,0.1792047490547981,3.2026493352716985,0.46681825013641226,0.06759395864638038,2.1222565305120394e-05,1.5364836327470322e-06,2.0471950243961696e-11,2.3524564015756095e-11,4.3131644396707836e-12,9.912618168994016e-12,5.732918575238941e-07,7.002820796504093e-07,0.21780158208665945,0.2818154664389273,3.2933478871008895e-14,7.80728497648758e-14,2.2515742772653415e-12,5.50064368323956e-12,3.835214083141911e-11,3.863882721459605e-11,2.274503574553336e-05,2.4561765670978518e-05,0.0247384155094492,0.028505390233219907,0.25128625161399526,0.5055351580420568,0.032574820876268326,0.10296581566947569,1.8814106284362468e-07,3.921214474121986e-07,2.5380464444571407e-06,5.47351828139838e-06,4.230291229294205e-06,9.735525766679275e-06,0.00024056296302392408,0.0004847223941615217,8.082897810537876e-08,1.6871827023641554e-07,9.94298515969612e-06,2.147433614039776e-05,4.278415393413777e-10,1.2607918934400679e-09,2.546697904104982e-18,2.5620764651174817e-18,1.934774043337518e-11,2.226607217990417e-11,1.3733442884851773e-11,2.862702986210572e-11,6.1143589287816694e-15,1.1426003855910883e-14,1.3462677161047444e-08,2.6132606646397497e-08,1.0693709869830509e-18,3.151600748196255e-18,0.006478571638229895,0.013035386643332458,3.4850875191098364e-31,9.999999999996503e-31,9.780501142196728e-09,3.0977023151014775e-08,2.2065004364620553e-10,6.821757191911605e-10
0.27,1471.7891199210999,4.893695227781798,0.17918906509148835,3.208230032952606,0.46693442972426613,0.06761845120269815,2.1159470730483075e-05,1.5320894626564453e-06,2.0317834808947052e-11,2.3350116762917382e-11,4.2781544212290965e-12,9.833272708911014e-12,5.707361842971585e-07,6.972393868262081e-07,0.21771929287851383,0.28174095005548955,3.266671984759086e-14,7.744924999804747e-14,2.2382403962049174e-12,5.4686890523381715e-12,3.7988537798980906e-11,3.8276848021459436e-11,2.2620482383449375e-05,2.443003491473619e-05,0.024681936013574175,0.028443536877323015,0.2513155577758931,0.5056514728325938,0.032571022813090336,0.10296548992320795,1.8779958381669064e-07,3.914541440786391e-07,2.538878742476896e-06,5.475934349589111e-06,4.211170108644742e-06,9.692620171247511e-06,0.0002386458191578221,0.0004809139956476923,8.012667554907898e-08,1.6727129372130676e-07,9.885655086067146e-06,2.1352939766161836e-05,4.24548247262348e-10,1.251228930513876e-09,2.5436711812801487e-18,2.5593217734724493e-18,1.928220953912664e-11,2.2193174292674754e-11,1.3686886469450617e-11,2.853322071321895e-11,6.087189300797981e-15,1.1376521981024738e-14,1.3461213428293985e-08,2.6132729654694912e-08,1.0653282281960906e-18,3.1400422969465022e-18,0.006477836762341009,0.013035386643422995,3.484692199417741e-31,9.999999999996506e-31,9.691019640964798e-09,3.069709735464244e-08,2.1905707055990813e-10,6.773276126846537e-10
0.271,1471.4412474458436,4.894121002927123,0.17917347613277967,3.2138112161811936,0.467049533165156,0.06764272098234853,2.1097041791073174e-05,1.5277408605415285e-06,2.0166066600527606e-11,2.317830292923146e-11,4.243701634101489e-12,9.755179724925181e-12,5.682118006309603e-07,6.942334889331446e-07,0.21763777096466494,0.2816671080044557,3.240419684944335e-14,7.683547069742265e-14,2.2250902239092694e-12,5.437170251023457e-12,3.763108007014332e-11,3.792093870457905e-11,2.249752278868801e-05,2.4299969688458144e-05,0.024625972539563768,0.028382233808343017,0.25134456609718137,0.5057666727826714,0.032567276039077823,0.10296521593742507,1.8746124487560252e-07,3.9079281662369113e-07,2.5397045213879405e-06,5.478331034030621e-06,4.1922776424255244e-06,9.650220841251249e-06,0.0002367578530714863,0.0004771630268074509,7.943556504491597e-08,1.6584717818565837e-07,9.829060855188525e-06,2.1233082690080516e-05,4.2130466745754795e-10,1.2418089957441623e-09,2.5406756332943733e-18,2.55659508768351e-18,1.9217425361535607e-11,2.2121095705353907e-11,1.3640843140019602e-11,2.8440429563032116e-11,6.060349919764064e-15,1.1327634018912657e-14,1.34597633905818e-08,2.613285128046192e-08,1.0613302935948727e-18,3.1286100044959014e-18,0.006477108826363197,0.01303538664351257,3.4843006129867023e-31,9.999999999996524e-31,9.602991575358077e-09,3.042167984205478e-08,2.1748971369645301e-10,6.725569001725253e-10
0.272,1471.0961576077993,4.89454429595132,0.1791579807407713,3.219392882126887,0.46716357846614714,0.0676667716628631,2.103526607639671e-05,1.5234369844633037e-06,2.001659134381276e-11,2.3009061981713768e-11,4.209792804829719e-12,9.678309549586788e-12,5.657180726501976e-07,6.912636459830422e-07,0.21755700337474324,0.2815939290495263,3.2145809136945834e-14,7.623127962853247e-14,2.2121197637926005e-12,5.406077858205349e-12,3.727961691260967e-11,3.7570951223323054e-11,2.2376124421219635e-05,2.417153625757118e-05,0.02457051665092355,0.028321472196125123,0.25137328173602164,0.505880776665557,0.03256357963885252,0.10296499269615733,1.8712599141350195e-07,3.9013736238695264e-07,2.5405238750398486e-06,5.4807086219557875e-06,4.173609351785866e-06,9.608317946247398e-06,0.000234898403916184,0.00047346819559115417,7.875538499507894e-08,1.6444539265696564e-07,9.773187651787158e-06,2.111473418991152e-05,4.181096699044978e-10,1.232528858759509e-09,2.5377106432120107e-18,2.5538958512261284e-18,1.915337341837661e-11,2.2049820651970954e-11,1.3595303104781374e-11,2.834863714762741e-11,6.033834124668007e-15,1.1279328079023871e-14,1.3458326818925047e-08,2.613297155030339e-08,1.0573763274028033e-18,3.117301483495463e-18,0.006476387713298619,0.013035386643601191,3.483912696878807e-31,9.999999999996533e-31,9.516382802192059e-09,3.01506653879677e-08,2.15947344095748e-10,6.678616899645248e-10
0.273,1470.7538051503393,4.894965144002844,0.17914257750808388,3.2249750280014764,0.46727658322541044,0.06769060683888424,2.097413148468307e-05,1.5191770132335826e-06,1.9869356394983717e-11,2.284233519722617e-11,4.176415070699377e-12,9.602633429208301e-12,5.632543835502271e-07,6.883291377846153e-07,0.21747697743407562,0.2815214022043925,3.189145907867226e-14,7.563645168822456e-14,2.1993251330419615e-12,5.375402719435071e-12,3.693400233870016e-11,3.722674217444314e-11,2.225625562087015e-05,2.4044701793205172e-05,0.024515560101301424,0.02826124340605155,0.25140170972085335,0.5059938028045049,0.032559932726136824,0.10296481923141734,1.8679377006226779e-07,3.8948768099667903e-07,2.5413368954175155e-06,5.483067394693001e-06,4.155160872725387e-06,9.566901905622949e-06,0.00023306683008312342,0.0004698282473344606,7.808588161819532e-08,1.6306542193623873e-07,9.718021048046096e-06,2.0997864339879816e-05,4.149621580593777e-10,1.2233853843706116e-09,2.534775611461371e-18,2.5512235233620926e-18,1.9090039460950166e-11,2.1979333608877103e-11,1.3550256821470603e-11,2.82578246899465e-11,6.007635433409056e-15,1.1231592588060404e-14,1.3456903489764642e-08,2.6133090490415002e-08,1.0534654954397406e-18,3.1061144062953575e-18,0.006475673308869486,0.013035386643688831,3.4835283896193927e-31,9.99999999999655e-31,9.43116019543907e-09,2.988395188287237e-08,2.1442935287792348e-10,6.63240150534871e-10
0.274,1470.4141459309913,4.895383583378749,0.17912726505972235,3.2305576510581426,0.46738856459237493,0.06771423001450222,2.091362624612599e-05,1.5149601480970945e-06,1.9724310754655883e-11,2.2678065679691357e-11,4.1435559772712795e-12,9.528123519130307e-12,5.608201341907845e-07,6.854292646830609e-07,0.2173976807960437,0.2814495167680141,3.16410521448309e-14,7.505076889646514e-14,2.1867025659856464e-12,5.345135955387149e-12,3.6594095082213454e-11,3.68881727736637e-11,2.2137885631221074e-05,2.391943439881229e-05,0.02446109484695125,0.028201539013117328,0.2514298549577589,0.5061057690738727,0.032556334430656794,0.10296469457921346,1.8646452890111955e-07,3.8884367479966027e-07,2.542143672521772e-06,5.485407627254893e-06,4.136927965381975e-06,9.525963410154512e-06,0.00023126250971451003,0.0004662419658283253,7.742680911944155e-08,1.617067669701893e-07,9.663547029436177e-06,2.0882444067237376e-05,4.1186106891769137e-10,1.2143755328480135e-09,2.531869953530655e-18,2.5485775767805255e-18,1.902740978241844e-11,2.1909619649818528e-11,1.3505695012202265e-11,2.816797393092077e-11,5.981747548730618e-15,1.1184416301287491e-14,1.34554931850017e-08,2.613320812598449e-08,1.049596986795942e-18,3.095046509905512e-18,0.006474965501682331,0.013035386643775543,3.483147631285349e-31,9.999999999996541e-31,9.347291674712453e-09,2.9621440426689895e-08,2.12935151240755e-10,6.586905105732489e-10
0.275,1470.077136828379,4.895799649591198,0.17911204205060147,3.2361407485905658,0.46749953931867727,0.06773764461311096,2.0853738885782242e-05,1.5107856101402743e-06,1.9581404948309944e-11,2.251619822587612e-11,4.111203452984792e-12,9.454752826844682e-12,5.584147415831976e-07,6.825633457687205e-07,0.2173191014017711,0.2813782622839696,3.139449670338215e-14,7.447401992469094e-14,2.17424840393945e-12,5.315268937627438e-12,3.625975829315538e-11,3.6555108555078084e-11,2.202098452806291e-05,2.379570303518221e-05,0.024407113028903575,0.02814235078290061,0.25145772222963825,0.5062166929163926,0.032552783908280036,0.1029646178156643,1.86138217208034e-07,3.882052483629021e-07,2.5429442945049877e-06,5.487729588830818e-06,4.118906499265555e-06,9.485493388794603e-06,0.0002294848390080548,0.0004627081699696598,7.677792901919068e-08,1.6036894347604718e-07,9.609751949460205e-06,2.076844505655111e-05,4.088053708269805e-10,1.2054963536468676e-09,2.52899310118916e-18,2.545957498950225e-18,1.89654709489746e-11,2.1840664137979204e-11,1.3461608636678903e-11,2.807906707552646e-11,5.956164342659999e-15,1.1137788274372575e-14,1.345409569173952e-08,2.613332448171131e-08,1.0457700111936266e-18,3.0840955884397433e-18,0.006474264182974734,0.013035386643861384,3.482770363368948e-31,9.999999999996564e-31,9.264746112101378e-09,2.9363035038761628e-08,2.1146416905114435e-10,6.542110547270858e-10
0.276,1469.7427357550082,4.896213377357914,0.17909690716585722,3.2417243179320168,0.4676095237432724,0.06776085397468018,2.079445823314293e-05,1.506652641010133e-06,1.944059101109873e-11,2.2356679310010126e-11,4.079345801499501e-12,9.382495195407762e-12,5.56037638990269e-07,6.797307190238743e-07,0.21724122749315272,0.2813076285561254,3.1151703971061207e-14,7.390599998764942e-14,2.1619590956512568e-12,5.2857932900220516e-12,3.593085945513468e-11,3.6227419292988947e-11,2.1905523220080154e-05,2.3673477522337493e-05,0.024353606976036175,0.028083670675330442,0.2514853162033876,0.5063265913537564,0.03254928033251552,0.10296458802952872,1.8581478557179834e-07,3.875723087094427e-07,2.5437388476571628e-06,5.490033542710012e-06,4.101092457357526e-06,9.445483018440984e-06,0.00022773323226203348,0.00045922571389676766,7.613901015059085e-08,1.5905148195481692e-07,9.556622539980053e-06,2.0655839773075624e-05,4.0579406301687767e-10,1.1967449841328874e-09,2.526144500653686e-18,2.543362790281279e-18,1.8904209962557218e-11,2.1772452913828505e-11,1.3417988897470834e-11,2.7991086804407227e-11,5.93087985738899e-15,1.1091697865429064e-14,1.3452710802201796e-08,2.6133439581489304e-08,1.0419837996537e-18,3.0732594951595535e-18,0.006473569246654288,0.0130353866439463,3.4823965287987533e-31,9.999999999996555e-31,9.183493336052247e-09,2.910864267377451e-08,2.1001585454979571e-10,6.498001227530058e-10
0.277,1469.410901562137,4.896624800676259,0.17908185911809965,3.247308356454537,0.46771853384039286,0.06778386136517729,2.0735773389217926e-05,1.50256050062164e-06,1.9301822380869977e-11,2.2199456963775455e-11,4.0479716786222985e-12,9.311325251777318e-12,5.536882745583901e-07,6.769307397049111e-07,0.21716404757566105,0.2812376056118809,3.0912587828926784e-14,7.33465104168168e-14,2.1498311883383445e-12,5.2567008673726e-12,3.5607270109699486e-11,3.5904978730505195e-11,2.1791473383263038e-05,2.355272847082908e-05,0.024300569187058634,0.02802549082538937,0.25151264143169877,0.5064354810091093,0.032545822901856536,0.10296460434945903,1.8549418568023584e-07,3.8694476489609285e-07,2.544527416570138e-06,5.492319746835728e-06,4.083481923204577e-06,9.40592369495533e-06,0.00022600712039233458,0.00045579348406262784,7.550982807475213e-08,1.5775392649443507e-07,9.504145871833192e-06,2.0544601379580454e-05,4.028261735866569e-10,1.1881186438084423e-09,2.5233236133254423e-18,2.540792964987314e-18,1.8843614050372467e-11,2.17049720541905e-11,1.3374827216042277e-11,2.7904016225707452e-11,5.90588829115029e-15,1.1046134709483976e-14,1.3451338313420201e-08,2.6133553448813404e-08,1.0382376021906525e-18,3.0625361358885646e-18,0.006472880589047326,0.013035386644030311,3.4820260718044828e-31,9.999999999996543e-31,9.103504050970405e-09,2.8858172971732514e-08,2.0858967309278266e-10,6.454561057147965e-10
0.278,1469.0815940611096,4.897033952806893,0.17906689664797543,3.252892861568097,0.46782658520024556,0.06780666997297845,2.0677673737892816e-05,1.498508467997904e-06,1.9165053890437493e-11,2.2044480769222045e-11,4.0170700863293e-12,9.241218393952758e-12,5.51366111508466e-07,6.741627805955344e-07,0.21708755043477926,0.28116818372123203,3.0677064786828415e-14,7.279535858306143e-14,2.1378613286891204e-12,5.227983758137051e-12,3.528886579501817e-11,3.5587664522195255e-11,2.1678807466250315e-05,2.3433427288468267e-05,0.024247992335262918,0.027967803548688733,0.2515397023602024,0.5065433781158818,0.032542410830521694,0.10296466591376528,1.8517637044120428e-07,3.8632252826623627e-07,2.545310084105671e-06,5.494588453671612e-06,4.066071085783934e-06,9.366807044631574e-06,0.0002243059510645447,0.00045241039953989557,7.489016511272065e-08,1.5647583485253478e-07,9.452309367221941e-06,2.0434703764008723e-05,3.999007591964035e-10,1.1796146334982926e-09,2.5205299139927606e-18,2.5382475492725276e-18,1.878367085661401e-11,2.1638208093402623e-11,1.3332115239423693e-11,2.7817838889436468e-11,5.881184000023768e-15,1.1001088722173736e-14,1.3449978027170541e-08,2.6133666106406708e-08,1.0345306886413056e-18,3.051923471515587e-18,0.006472198108960348,0.013035386644113498,3.4816589379500204e-31,9.99999999999656e-31,9.024749845552273e-09,2.861153828753761e-08,2.0718510695015943e-10,6.411774454164642e-10
0.279,1468.754773997075,4.897440866285996,0.1790520185236863,3.2584778307197726,0.4679336930449135,0.06782928291184062,2.062014893310775e-05,1.4944958403901557e-06,1.9030241708760193e-11,2.1891701793331856e-11,3.986630359180499e-12,9.172150760780727e-12,5.490706275147391e-07,6.714262312810095e-07,0.21701172512313674,0.281099353383935,3.0445053876613306e-14,7.225235765152799e-14,2.1260462584427765e-12,5.199634273996948e-12,3.497552588050324e-11,3.527535807240498e-11,2.1567498660026552e-05,2.331554614900747e-05,0.02419586926341173,0.02791060133626655,0.251566503326963,0.5066502985221283,0.0325390433519383,0.10296477188269504,1.8486129390801914e-07,3.857055123029699e-07,2.5460869314117078e-06,5.496839910290358e-06,4.048856234135513e-06,9.328124912289931e-06,0.0002226291879410422,0.0004490754105496819,7.427981003754741e-08,1.55216777831945e-07,9.401100782928908e-06,2.0326121504493412e-05,3.9701690394914857e-10,1.1712303321709896e-09,2.5177628909941822e-18,2.5357260815461025e-18,1.8724368362146508e-11,2.1572147931658466e-11,1.3289844830462549e-11,2.7732538768158712e-11,5.856761491548418e-15,1.095655008834065e-14,1.3448629749891271e-08,2.6133777576374904e-08,1.0308623476650097e-18,3.0414195151683072e-18,0.0064715217076022225,0.013035386644195832,3.4812950740915914e-31,9.999999999996573e-31,8.947203151109104e-09,2.83686535625635e-08,2.0580165457274504e-10,6.369626322012201e-10
0.28,1468.4304029981026,4.897845572965976,0.17903722353946705,3.264063261392962,0.46803987225064647,0.06785170322537232,2.056318888284829e-05,1.4905219321775105e-06,1.8897343276059233e-11,2.1741072515688136e-11,3.956642149015222e-12,9.104099197832493e-12,5.468013139564948e-07,6.687204972712535e-07,0.2169365609437963,0.2810311053140041,3.021647653341126e-14,7.171732630844002e-14,2.114382809447275e-12,5.171644938175363e-12,3.46671333874763e-11,3.4967944359541684e-11,2.1457520860825446e-05,2.3199057953612615e-05,0.024144192974375693,0.027853876844698207,0.25159304856624953,0.5067562577077274,0.0325357197197891,0.10296492144386703,1.8454891119164858e-07,3.8509363245762443e-07,2.5468580380147974e-06,5.499074358673077e-06,4.031833751242608e-06,9.289869347698249e-06,0.0002209763098550435,0.0004457874968444584,7.367855774323477e-08,1.5397633860823195e-07,9.350508190972487e-06,2.0218829828951213e-05,3.9417371811631853e-10,1.1629631933024318e-09,2.5150220460776e-18,2.5332281123510985e-18,1.8665694814919176e-11,2.150677875581669e-11,1.324800805567662e-11,2.764810023287633e-11,5.83261541693398e-15,1.0912509248080079e-14,1.3447293292479107e-08,2.613388788033983e-08,1.0272318856664636e-18,3.0310223291793698e-18,0.00647085128845265,0.013035386644277397,3.4809344283069862e-31,9.99999999999662e-31,8.870837197321659e-09,2.8129436188132665e-08,2.0443882980013712e-10,6.328102025705865e-10
0.281,1468.1084435389535,4.898248104046269,0.17902251051442766,3.269649151106644,0.4681451373607642,0.06787393388971956,2.050678374026686e-05,1.4865860742723414e-06,1.8766317255701474e-11,2.1592546775188162e-11,3.9270954122605606e-12,9.037041229184245e-12,5.445576754179935e-07,6.660449994218277e-07,0.2168620474412035,0.28096343043232147,2.999125650203423e-14,7.119008854664811e-14,2.1028679003767888e-12,5.144008477763378e-12,3.436357484695173e-11,3.4665311797320914e-11,2.1348848644128118e-05,2.308393630412052e-05,0.024092956624678773,0.02779762288936526,0.25161934221354804,0.5068612708008973,0.03253243920630312,0.1029651138083295,1.8423917842813492e-07,3.8448680609082515e-07,2.5476234818952206e-06,5.501292035937024e-06,4.015000111067386e-06,9.252032599183455e-06,0.0002193468102518419,0.0004425456666248091,7.308620901809022e-08,1.5275411227350382e-07,9.300519967698693e-06,2.0112804592729895e-05,3.913703371402814e-10,1.1548107420439077e-09,2.5123068937400734e-18,2.5307532037532996e-18,1.8607638735498154e-11,2.1442088046565153e-11,1.3206597178010771e-11,2.7564508038930035e-11,5.808740565803374e-15,1.0868956887430453e-14,1.3445968470095239e-08,2.61339970394274e-08,1.0236386262359697e-18,3.0207300235551174e-18,0.006470186757171549,0.0130353866443581,3.480576949846828e-31,9.999999999996622e-31,8.795625983127042e-09,2.7893805916609354e-08,2.0309616124884256e-10,6.287187373536255e-10
0.28200000000000003,1467.7888589650229,4.898648490049665,0.17900787829338782,3.2752354974146036,0.46824950257025383,0.06789597781056449,2.045092391183407e-05,1.4826876147242674e-06,1.863712352473971e-11,2.1446079760647393e-11,3.897980405307512e-12,8.970955047510003e-12,5.423392298120233e-07,6.63399174101091e-07,0.2167881744136627,0.28089631988054325,2.9769319805431766e-14,7.067047359649454e-14,2.0914985371786857e-12,5.116717825036895e-12,3.4064740243539304e-11,3.436735218187411e-11,2.124145726805802e-05,2.29701555074963e-05,0.024042153529355417,0.027741832450111317,0.2516453883088827,0.506965352579468,0.03252920109687022,0.10296534819256824,1.8393205286367467e-07,3.838849526499642e-07,2.5483833394304006e-06,5.503493174150567e-06,3.998351881468755e-06,9.214607120569294e-06,0.00021774019723766333,0.00043934895667004293,7.250257054436775e-08,1.5154970584889803e-07,9.251124801998251e-06,2.0008022297105167e-05,3.8860592135509414e-10,1.1467705744778995e-09,2.50961696011721e-18,2.528300928216079e-18,1.8550189036773092e-11,2.1378063716651677e-11,1.316560466160204e-11,2.748174733629246e-11,5.785131867390562e-15,1.0825883940871828e-14,1.3444655102172722e-08,2.6134105074034737e-08,1.0200819106054739e-18,3.0105407573680945e-18,0.006469528021660212,0.01303538664443797,3.4802225891674795e-31,9.999999999996615e-31,8.721544279126717e-09,2.7661684871667962e-08,2.0177319211979948e-10,6.246868611571238e-10
0.28300000000000003,1467.47161341919,4.899046760875905,0.17899332574488785,3.280822297904725,0.46835298176582335,0.0679178378308825,2.039560002950874e-05,1.4788259167743803e-06,1.850972308818331e-11,2.1301627914442292e-11,3.869287666371527e-12,8.905819473399434e-12,5.401455072598319e-07,6.60782471862139e-07,0.21671493188168425,0.2808297649890608,2.9550594599740084e-14,7.015831559006318e-14,2.080271805683355e-12,5.0897660997977004e-12,3.3770522799558526e-11,3.4073960478877174e-11,2.1135322620423896e-05,2.2857690520246087e-05,0.023991777147867058,0.027686498656148126,0.25167119079593125,0.5070685174839732,0.032526004698161456,0.1029656238473763,1.8362749266644967e-07,3.832879932917176e-07,2.54913768550786e-06,5.505678000734596e-06,3.981885713320686e-06,9.17758554667486e-06,0.00021615599235088755,0.00043619642990738093,7.192745441649978e-08,1.5036273729641357e-07,9.202311661766853e-06,1.9904460018249724e-05,3.858796544068677e-10,1.1388403530793836e-09,2.5069517839115737e-18,2.525870869629791e-18,1.8493334821459952e-11,2.1314693878684374e-11,1.3125023151752342e-11,2.7399803629198012e-11,5.761784379016644e-15,1.0783281570442247e-14,1.3443353012207108e-08,2.6134212004221347e-08,1.016561095740983e-18,3.0004527332928893e-18,0.006468874991863487,0.013035386644517108,3.479871297824588e-31,9.999999999996634e-31,8.648567560869665e-09,2.7432997340342967e-08,2.0046947920267587e-10,6.207132393521646e-10
0.28400000000000003,1467.1566718273725,4.899442945818427,0.17897885176054795,3.286409550198297,0.46845558852429425,0.06793951673089028,2.0340802952417733e-05,1.475000359008268e-06,1.838407805679281e-11,2.1159148908586834e-11,3.841008007800755e-12,8.841613938437445e-12,5.379760499657672e-07,6.581943573127067e-07,0.2166423100908468,0.2807637572823028,2.933501112103921e-14,6.965345344090736e-14,2.0691848708341155e-12,5.063146607758839e-12,3.348081889132397e-11,3.378503474288595e-11,2.10304212095216e-05,2.274651693948652e-05,0.023941821082006102,0.027631614784047402,0.25169675352926246,0.5071707796338731,0.03252284933190405,0.1029659400386288,1.833254569755986e-07,3.826958509891673e-07,2.549886593576027e-06,5.507846738586346e-06,3.965598341600694e-06,9.140960696137357e-06,0.00021459373042558992,0.0004330871751713812,7.136067807714809e-08,1.4919283539919592e-07,9.154069795799654e-06,1.9802095412252126e-05,3.831907426875885e-10,1.131017805132457e-09,2.5043109150587567e-18,2.5234626219952585e-18,1.8437065474549574e-11,2.1251966952188963e-11,1.3084845474976587e-11,2.7318662776918387e-11,5.73869328465526e-15,1.0741141163428531e-14,1.3442062027605094e-08,2.6134317849529126e-08,1.0130755544693528e-18,2.9904641980620602e-18,0.006468227579741204,0.013035386644595467,3.479523028457773e-31,9.99999999999667e-31,8.576672002968823e-09,2.7207669757109248e-08,1.9918459255409238e-10,6.167965771276243e-10
0.28500000000000003,1466.8439998844838,4.899837073571017,0.1789644552547976,3.2919972519493306,0.4685573361193398,0.06796101722933337,2.028652376019691e-05,1.4712103349064574e-06,1.8260151609472944e-11,2.1018601603063863e-11,3.813132506714303e-12,8.778318464425228e-12,5.358304118518974e-07,6.55634308691988e-07,0.2165702995065692,0.28069828847406564,2.9122501613963113e-14,6.915573068058306e-14,2.0582349740623947e-12,5.0368528343928914e-12,3.319552793882878e-11,3.350047600974e-11,2.092673014575857e-05,2.2636610984099172e-05,0.02389227907332795,0.027577174255230524,0.25172208027561477,0.5072721528327333,0.03251973433519034,0.10296629604892407,1.8302590587016252e-07,3.8210845047254037e-07,2.5506301356527324e-06,5.50999960612237e-06,3.949486582731678e-06,9.104725565609077e-06,0.0002130529591374261,0.0004300203063219775,7.080206412947074e-08,1.480396393828445e-07,9.106388724858165e-06,1.9700906696728363e-05,3.805384145988744e-10,1.1233007206438509e-09,2.5016939145533822e-18,2.5210757892796404e-18,1.8381370659288434e-11,2.1189871659551382e-11,1.3045064633689668e-11,2.7238310983380224e-11,5.715853891126522e-15,1.0699454325627623e-14,1.3440781979603985e-08,2.613442262898855e-08,1.0096246749964574e-18,2.9805734411293097e-18,0.006467585699227826,0.013035386644673057,3.479177734768859e-31,9.999999999996676e-31,8.505834454268278e-09,2.698563062781331e-08,1.9791811502117854e-10,6.129356180639744e-10
0.28600000000000003,1466.5335640330468,4.9002291722434705,0.17895013516427624,3.297585400843893,0.46865823752995867,0.06798234198519218,2.023275374641313e-05,1.467455252403314e-06,1.813790795632392e-11,2.0879946004898015e-11,3.785652495708939e-12,8.715913642747392e-12,5.337081581859348e-07,6.531018174400158e-07,0.21649889080793014,0.2806333504622698,2.8913000260884685e-14,6.866499529645788e-14,2.047419430749052e-12,5.010878438992721e-12,3.291455229671736e-11,3.32201881901849e-11,2.0824227122519264e-05,2.2527949475081717e-05,0.02384314499929655,0.027523170632029758,0.251747174716503,0.5073726505773157,0.032516659059959055,0.10296669117685155,1.8272880034296373e-07,3.815257181810398e-07,2.5513683823602254e-06,5.512136817392328e-06,3.933547332078385e-06,9.06887332432166e-06,0.0002115332385723257,0.0004269949614081657,7.025144015997642e-08,1.469027985586262e-07,9.059258233267514e-06,1.9600872633594164e-05,3.7792191980043745e-10,1.1156869502105052e-09,2.4991003540992136e-18,2.5187099851005438e-18,1.8326240301426296e-11,2.112839700846907e-11,1.3005673800860267e-11,2.7158734786757394e-11,5.693261624211779e-15,1.0658212874472392e-14,1.3439512703171351e-08,2.6134526361148905e-08,1.0062078604407875e-18,2.9707787933826717e-18,0.006466949266176441,0.013035386644749835,3.478835371491802e-31,9.999999999996652e-31,8.436032414761965e-09,2.6766810459109668e-08,1.9666964177567993e-10,6.091291427391076e-10
0.28700000000000003,1466.2253314737313,4.900619269348086,0.1789358904483003,3.303173994599425,0.46875830543372515,0.06800349359634068,2.0179484419863947e-05,1.4637345339982375e-06,1.8017312320020116e-11,2.0743143248005643e-11,3.7585595570446334e-12,8.654380621609873e-12,5.316088655086047e-07,6.50596388124624e-07,0.216428074893078,0.2805689353352477,2.870644314018072e-14,6.818109963749005e-14,2.0367356294229735e-12,4.985217252912314e-12,3.26377971871917e-11,3.294407800525265e-11,2.0722890411397777e-05,2.242050983112814e-05,0.02379441287549698,0.02746959762040222,0.25177204045015655,0.5074722860590509,0.03251362287032022,0.10296712472815249,1.8243410232692714e-07,3.809475823193349e-07,2.552101402887465e-06,5.514258581967593e-06,3.917777564421562e-06,9.033397315393183e-06,0.0002100341410653345,0.00042401030237040893,6.970863866217738e-08,1.4578197217510975e-07,9.012668369133494e-06,1.9501972530213793e-05,3.7534052881948795e-10,1.1081744039355577e-09,2.496529815577511e-18,2.516364832195095e-18,1.827166464649351e-11,2.1067532358322196e-11,1.29666663202802e-11,2.7079921060433155e-11,5.6709120278479805e-15,1.061740883777831e-14,1.3438254036998102e-08,2.6134629063966128e-08,1.0028245289324378e-18,2.9610786274877228e-18,0.006466318198383084,0.013035386644825868,3.478495894405742e-31,9.99999999999664e-31,8.367244026447791e-09,2.6551141731675397e-08,1.9543878004655064e-10,6.053759679393836e-10
0.28800000000000003,1465.9192700680678,4.901007391877051,0.17892172008601143,3.308763030964151,0.46885755225858855,0.0680244746096586,2.0126707473277468e-05,1.4600476145651227e-06,1.7898330847974967e-11,2.060815549420631e-11,3.7318455046982715e-12,8.593701065692177e-12,5.295321203969672e-07,6.481175369714565e-07,0.21635784283866621,0.28050503533062227,2.850276808113926e-14,6.770390007727143e-14,2.026181023944199e-12,4.95986326084456e-12,3.2365170485013304e-11,3.267205477364464e-11,2.0622698803451706e-05,2.2314270006753674e-05,0.023746076836833635,0.027416449049570905,0.2517966809906078,0.5075710721818452,0.032510625152708104,0.10296759605198114,1.821417744832104e-07,3.803739724331533e-07,2.55282926516868e-06,5.5163651055371444e-06,3.902174321687353e-06,8.998291028133456e-06,0.000208555249929311,0.0004210655125191933,6.917349654633725e-08,1.4467682841005532e-07,8.966609407758367e-06,1.940418616173835e-05,3.7279353139390565e-10,1.1007610466511113e-09,2.4939818920308897e-18,2.514039963525451e-18,1.8217634012051334e-11,2.1007267135753922e-11,1.2928035684124916e-11,2.7001856967697385e-11,5.648800751422467e-15,1.057703443066231e-14,1.343700582321153e-08,2.6134730755282413e-08,9.994741113663162e-19,2.9514713514310317e-18,0.006465692415329788,0.013035386644901234,3.478159260196775e-31,9.99999999999667e-31,8.299448005492968e-09,2.6338558688251337e-08,1.942251481233649e-10,6.016749436365709e-10
0.289,1465.615348370834,4.9013935662852255,0.17890762307698135,3.314352507716462,0.46895599015206074,0.06804528751541009,2.0074414802434332e-05,1.456393942736852e-06,1.7780930631741673e-11,2.047494595646556e-11,3.70550238416891e-12,8.533857156157312e-12,5.274775199731274e-07,6.456647924929277e-07,0.21628818592630186,0.28044164286553525,2.8301914674457737e-14,6.723325704254528e-14,2.015753136777367e-12,4.934810608954984e-12,3.209658272799288e-11,3.240403042470896e-11,2.052363162904498e-05,2.220920851415685e-05,0.023698131144826287,0.027363718880258917,0.25182109977863315,0.5076690215757798,0.03250766530131675,0.10296810449320527,1.818517803811188e-07,3.7980481978170475e-07,2.5535520358606695e-06,5.518456589764639e-06,3.8867347211152495e-06,8.963548116959534e-06,0.0002070961599716776,0.0004181597975980095,6.864585532450861e-08,1.4358704476575926e-07,8.921071873984213e-06,1.930749381982695e-05,3.702802366462669e-10,1.0934448984809347e-09,2.4914561853149215e-18,2.5117350198859448e-18,1.816413905081398e-11,2.0947591138062633e-11,1.2889775545147233e-11,2.6924529987243754e-11,5.626923554784961e-15,1.0537082065027631e-14,1.3435767907320872e-08,2.6134831452314407e-08,9.961560528079703e-19,2.941955412681029e-18,0.006465071838284798,0.013035386644975869,3.4778254265118666e-31,9.99999999999665e-31,8.232623671606315e-09,2.6128997428530996e-08,1.9302837549298957e-10,5.980249534391316e-10
0.29,1465.313535611905,4.901777818493149,0.17889359844107838,3.3199424226643095,0.4690536309971391,0.06806593475009942,2.0022598491844126e-05,1.4527729799000468e-06,1.7665079659114913e-11,2.034347884513887e-11,3.679522462718439e-12,8.474831568834977e-12,5.254446713329778e-07,6.432376948113775e-07,0.21621909562889377,0.2803787505218895,2.8103824191998856e-14,6.67690348277534e-14,2.0054495548893033e-12,4.9100535950816755e-12,3.183194699484207e-11,3.213991937826027e-11,2.0425668731722502e-05,2.210530439589031e-05,0.023650570183775213,0.027311401200756112,0.2518453001779044,0.5077661465936687,0.032504742724337905,0.10296864941314555,1.815640843927957e-07,3.7924005712402293e-07,2.554269780329229e-06,5.520533232302823e-06,3.871455949243617e-06,8.92916238783269e-06,0.00020565647679646459,0.00041529238440403605,6.812556083130831e-08,1.4251230749683496e-07,8.876046523824175e-06,1.921187627374893e-05,3.6779997225231063e-10,1.086224032459977e-09,2.4889523069969956e-18,2.5094496508453937e-18,1.8111170649858495e-11,2.0888494417570762e-11,1.2851879706494149e-11,2.684792789260276e-11,5.6052763024134396e-15,1.0497544339001218e-14,1.343454013819136e-08,2.6134931171848648e-08,9.928698114858436e-19,2.9325292952954306e-18,0.006464456390241686,0.013035386645049808,3.4774943519261383e-31,9.999999999996645e-31,8.166750908904963e-09,2.5922395787273822e-08,1.9184810227840128e-10,5.944249128957917e-10
0.291,1465.013801647262,4.902160173927584,0.17887964521696437,3.325532773644641,0.4691504864354896,0.06808641870107242,1.9971250802206442e-05,1.4491841993327349e-06,1.7550746768468888e-11,2.0213719316928744e-11,3.653898218787242e-12,8.416607450559733e-12,5.234331909687538e-07,6.408357949802339e-07,0.21615056359302778,0.28031635102924973,2.7908439505389594e-14,6.631110140726381e-14,1.9952679261447023e-12,4.8855866601926315e-12,3.1571178782160515e-11,3.187963842369662e-11,2.03287904393534e-05,2.200253719475948e-05,0.02360338845145435,0.02725949021693147,0.25186928547682047,0.5078624593242088,0.03250185684665607,0.10296923020014143,1.8127865162380167e-07,3.786796185838897e-07,2.5549825627500317e-06,5.522595227111381e-06,3.856335257102138e-06,8.895127787554486e-06,0.00020423581621574333,0.0004124625196323371,6.761246299358573e-08,1.4145231114107398e-07,8.831524329718922e-06,1.911731473948378e-05,3.6535208351025683e-10,1.0790965718686417e-09,2.4864698782140197e-18,2.5071835146650305e-18,1.805871984213473e-11,2.0829967180313358e-11,1.2814342112231401e-11,2.677203873329789e-11,5.5838549574467224e-15,1.0458414026212943e-14,1.3433322367869705e-08,2.6135029930411894e-08,9.89614857844085e-19,2.923191517233624e-18,0.006463845995793015,0.013035386645122996,3.477165995874866e-31,9.999999999996636e-31,8.101810135222104e-09,2.571869323934291e-08,1.9068397869516746e-10,5.908737678577687e-10
0.292,1464.7161169835158,4.90254065750443,0.17886576246269636,3.331123558522818,0.4692465678465761,0.0681067417026521,1.9920364179862054e-05,1.445627086892424e-06,1.743790165116273e-11,2.0085633478523756e-11,3.6286223398503235e-12,8.359168414664976e-12,5.214427049941847e-07,6.384586552673872e-07,0.21608258165655791,0.28025443728484334,2.7715705075477556e-14,6.585932841370109e-14,1.9852059605532396e-12,4.861404391563052e-12,3.131419598574433e-11,3.162310670333854e-11,2.0232977572603876e-05,2.1900886963415058e-05,0.02355658056457848,0.02720798025846302,0.2518930588953076,0.5079579715996786,0.032499007100576495,0.10296984623906416,1.8099544800580935e-07,3.781234398417101e-07,2.55569044606972e-06,5.5246427643045635e-06,3.84136996429527e-06,8.861438413287956e-06,0.00020283380442760927,0.0004096694702542225,6.710641588546634e-08,1.404067586424894e-07,8.787496491053476e-06,1.9023790902882995e-05,3.629359333055025e-10,1.0720606901753793e-09,2.484008528436711e-18,2.50493627703679e-18,1.8006777969268326e-11,2.0771999973904336e-11,1.2777156853228095e-11,2.6696850847252098e-11,5.562655583843345e-15,1.0419684079962403e-14,1.343211445156946e-08,2.6135127743955102e-08,9.863906753047354e-19,2.913940632626152e-18,0.00646324058120146,0.013035386645195556,3.476840318691714e-31,9.999999999996646e-31,8.037782311827643e-09,2.5517830932140372e-08,1.8953566502371268e-10,5.873704944193272e-10
0.293,1464.4204527381999,4.902919293651916,0.1788519492548584,3.336714775192059,0.4693418863746877,0.06812690604118386,1.986993124133046e-05,1.4421011399377092e-06,1.7326514802048976e-11,1.9959188331013904e-11,3.6036877122828835e-12,8.302498518295083e-12,5.194728485003821e-07,6.361058483924085e-07,0.21601514182646378,0.28019300233008626,2.7525566870516658e-14,6.54135909487056e-14,1.9752614260027196e-12,4.83750151258708e-12,3.1060918774855727e-11,3.137024558851148e-11,2.0138211414393732e-05,2.1800334232332845e-05,0.023510141250611953,0.02715686577007398,0.25191662358053035,0.5080526949958808,0.032496192934312836,0.10297049694004674,1.807144401901796e-07,3.775714579213122e-07,2.5563934920542845e-06,5.526676030346322e-06,3.826557452513561e-06,8.828088497945164e-06,0.00020145007731273043,0.00040691252212672716,6.660727745293228e-08,1.3937536078678892e-07,8.743954414999746e-06,1.8931286879134752e-05,3.6055090117873226e-10,1.0651146083603292e-09,2.4815678961136792e-18,2.5027076117885386e-18,1.79553365301097e-11,2.0714583513554235e-11,1.274031815597638e-11,2.6622352838303534e-11,5.541674339844209e-15,1.0381347621392948e-14,1.3430916247583137e-08,2.6135224628145976e-08,9.831967590210023e-19,2.904775228193324e-18,0.00646264007428486,0.013035386645267462,3.476517281546955e-31,9.999999999996645e-31,7.974648905283837e-09,2.5319751566785057e-08,1.8840283103315994e-10,5.839140971748118e-10
0.294,1464.1267806137607,4.903296106336008,0.17883820468761377,3.3423064215729137,0.46943645293561004,0.06814691395656512,1.981994476587652e-05,1.438605866819341e-06,1.7216557488258404e-11,1.9834351735127268e-11,3.5790874135108825e-12,8.246582244883247e-12,5.175232652037198e-07,6.337769571150842e-07,0.215948236274771,0.280132039348186,2.733797230630409e-14,6.497376744507719e-14,1.965432145985956e-12,4.813872877420529e-12,3.081126950457938e-11,3.112097859368412e-11,2.004447369211175e-05,2.170085999138327e-05,0.02346406534343344,0.02710614130698342,0.2519399826122925,0.5081466408474233,0.032493413808810885,0.10297118172941037,1.804355955128162e-07,3.7702361112232373e-07,2.5570917613474535e-06,5.528695208221564e-06,3.811895163067086e-06,8.795072404765751e-06,0.000200084280051604,0.00040419097924499305,6.611490936026999e-08,1.3835783589008643e-07,8.700889708034664e-06,1.883978519514178e-05,3.581963827035811e-10,1.0582565931411468e-09,2.4791476283725235e-18,2.5004972006173163e-18,1.790438719656467e-11,2.065770870081173e-11,1.2703820376857736e-11,2.654853356485388e-11,5.5209074742131196e-15,1.0343397932768249e-14,1.3429727617139665e-08,2.6135320598337878e-08,9.800326155395822e-19,2.8956939223216726e-18,0.006462044404355286,0.013035386645338726,3.4761968464146797e-31,9.999999999996657e-31,7.912391867376173e-09,2.5124399336345972e-08,1.8728515560635217e-10,5.805036080923333e-10
0.295,1463.835072892095,4.90367111906535,0.17882452787250483,3.34789849561274,0.4695302782160463,0.06816676764220575,1.977039769749132e-05,1.4351407870428932e-06,1.7108001736729265e-11,1.9711092397863227e-11,3.5548147075754365e-12,8.191404494409239e-12,5.155936073912449e-07,6.314715741828753e-07,0.2158818573396278,0.28007154166628545,2.715287021625472e-14,6.453973959939574e-14,1.955715999238825e-12,4.790513470260478e-12,3.056517266695537e-11,3.087523132942409e-11,1.9951746572900797e-05,2.160244568535769e-05,0.023418347782481464,0.02705580153416263,0.25196313900594786,0.5082398202541177,0.032490669195272326,0.10297190004201792,1.8015888203113875e-07,3.764798391002693e-07,2.557785313490276e-06,5.530700477481611e-06,3.797380597770156e-06,8.762384629552727e-06,0.00019873606705664466,0.00040150416362657237,6.562917695642985e-08,1.3735390973709555e-07,8.658294177750315e-06,1.8749268794015762e-05,3.5587178915453404e-10,1.051484956045748e-09,2.4767473801703988e-18,2.498304732247683e-18,1.7853921856934057e-11,2.0601366673891197e-11,1.266765800279785e-11,2.647538214164833e-11,5.500351325628582e-15,1.0305828456563926e-14,1.3428548424336533e-08,2.6135415669484682e-08,9.76897762822345e-19,2.8866953651782653e-18,0.0064614535022073,0.013035386645409316,3.4758789760664565e-31,9.999999999996636e-31,7.850993632122236e-09,2.4931719918033453e-08,1.8618232655639754e-10,5.77138085975225e-10
0.296,1463.5453024121202,4.904044354905785,0.17881091793790377,3.3534909952852,0.4696233726859312,0.0681864692473954,1.9721283135282638e-05,1.4317054306009116e-06,1.7000820299908756e-11,1.958937983409699e-11,3.5308630375602855e-12,8.136950566475093e-12,5.136835355084396e-07,6.291893018448883e-07,0.21581599751555788,0.2800115027457502,2.6970210791309565e-14,6.411139223331007e-14,1.9461109169538326e-12,4.767418398718679e-12,3.032255480041532e-11,3.0632931413388636e-11,1.9860012643917668e-05,2.150507319337659e-05,0.023372983608457878,0.02700584122182081,0.2519860957123977,0.5083322440854899,0.03248795857746486,0.10297265132959892,1.7988426846234551e-07,3.759400827433085e-07,2.558474206948507e-06,5.532692014349986e-06,3.78301131512801e-06,8.730019792132002e-06,0.00019740510150458395,0.00039885141439072386,6.514994908920754e-08,1.363633152016324e-07,8.616159821042538e-06,1.8659721010207676e-05,3.5357654686305434e-10,1.044798051570194e-09,2.4743668145416774e-18,2.4961299027156334e-18,1.7803932567896123e-11,2.0545548752756644e-11,1.2631825644214419e-11,2.640288792564541e-11,5.480002318420938e-15,1.0268632787785795e-14,1.3427378536058523e-08,2.6135509856233802e-08,9.737917296075744e-19,2.8777782368947886e-18,0.0064608673000557905,0.013035386645479308,3.4755636340379213e-31,9.999999999996666e-31,7.790437090411156e-09,2.474166039449628e-08,1.8509404022304833e-10,5.738166152444392e-10
0.297,1463.257442583786,4.90441583646946,0.178797374029391,3.3590839185897425,0.4697157465864762,0.06820602087507406,1.967259433902682e-05,1.4282993383824096e-06,1.689498665266196e-11,1.9469184363790023e-11,3.507226023144554e-12,8.083206155043019e-12,5.117927182603962e-07,6.269297519841944e-07,0.2157506494635363,0.27995191619374393,2.6789945564694974e-14,6.368861326026608e-14,1.9366148832732397e-12,4.744582895146453e-12,3.0083344463801946e-11,3.0394008445972855e-11,1.9769254915421952e-05,2.140872483265273e-05,0.023327967966438552,0.026956255249015595,0.2520088556221788,0.5084239229855309,0.0324852814462797,0.1029734350428782,1.7961172424244098e-07,3.754042842953182e-07,2.5591584990882192e-06,5.534669991629125e-06,3.7687849326569433e-06,8.697972641819724e-06,0.00019609105539922147,0.00039623208790200067,6.467709811893039e-08,1.3538579228214798e-07,8.574478829984262e-06,1.857112558261745e-05,3.513100970947877e-10,1.0381942768575456e-09,2.4720056017457854e-18,2.493972414503357e-18,1.775441164360381e-11,2.049024654208625e-11,1.2596318038308097e-11,2.6331040523072953e-11,5.4598569635260656e-15,1.0231804675891683e-14,1.3426217821971064e-08,2.6135603172751945e-08,9.707140558051088e-19,2.868941248759608e-18,0.006460285731575617,0.013035386645548649,3.4752507846500685e-31,9.99999999999667e-31,7.730705593360787e-09,2.4554169265853725e-08,1.84020001397838e-10,5.705383057297257e-10
0.298,1462.9714673306253,4.904785585954632,0.17878389530828506,3.364677263551131,0.4698074099659506,0.068225424588637,1.962432470739996e-05,1.4249220606425483e-06,1.6790474934135095e-11,1.935047704634129e-11,3.483897449161399e-12,8.030157322679364e-12,5.099208317811005e-07,6.246925451276539e-07,0.21568580598209658,0.27989277573286486,2.661202731882519e-14,6.327129346899853e-14,1.9272259299328877e-12,4.7220023037717634e-12,2.9847472097823885e-11,3.015839387309786e-11,1.967945678216336e-05,2.131338331774099e-05,0.023283296094358384,0.026907038591191125,0.25203142156122854,0.5085148673763343,0.03248263730972998,0.10297425066581829,1.7934121936855308e-07,3.748723870375899e-07,2.559838246260564e-06,5.536634579013832e-06,3.7546991181546638e-06,8.666238037653283e-06,0.0001947936086944862,0.00039364555602675136,6.421049958169008e-08,1.3442108740762704e-07,8.53324356592232e-06,1.8483466599443015e-05,3.4907189498820237e-10,1.0316720686336014e-09,2.4696634203351726e-18,2.4918319776875884e-18,1.7705351466967374e-11,2.0435451714265874e-11,1.2561130033687162e-11,2.6259829758269837e-11,5.4399118500081996e-15,1.0195338009350553e-14,1.342506615437768e-08,2.6135695633091783e-08,9.676642909325302e-19,2.860183138707894e-18,0.006459708731742386,0.013035386645617368,3.474940392923623e-31,9.999999999996659e-31,7.671782905278644e-09,2.4369196302374914e-08,1.82959922671829e-10,5.673022906873861e-10
0.299,1462.6873511144008,4.905153625134986,0.17877048095201445,3.370271028218959,0.4698983726538486,0.0682446824072758,1.957646779269472e-05,1.4215731580675997e-06,1.6687259963646573e-11,1.9233229699477494e-11,3.4608712659316576e-12,7.977790501615609e-12,5.080675600320896e-07,6.224773109378238e-07,0.21562146002969387,0.27983407522692716,2.643641009540022e-14,6.285932654982106e-14,1.9179421388298542e-12,4.6996720870655095e-12,2.9614870037254136e-11,2.992602100006544e-11,1.9590602038952098e-05,2.1219031777643123e-05,0.023238963328795402,0.02685818632669899,0.2520537963009797,0.5086050874718662,0.032480025679995875,0.10297509767330076,1.7907272453908883e-07,3.7434433557901923e-07,2.5605135037909097e-06,5.538585942993654e-06,3.740751595977162e-06,8.634810962924008e-06,0.00019351244970226996,0.0003910912069699685,6.375003233453001e-08,1.334689537469033e-07,8.492446576786338e-06,1.8396728535904132e-05,3.468614097141232e-10,1.0252299037097187e-09,2.467339955300841e-18,2.489708308047068e-18,1.7656744690645597e-11,2.0381156241339065e-11,1.2526256599757277e-11,2.6189245693302884e-11,5.420163648965627e-15,1.015922682301798e-14,1.342392340818426e-08,2.6135787250800363e-08,9.646419952026188e-19,2.851502674538953e-18,0.00645913623691192,0.01303538664568555,3.4746324246217853e-31,9.999999999996678e-31,7.613653226329877e-09,2.4186692617566217e-08,1.8191352456288975e-10,5.641077272123369e-10
0.3,1462.4050688705106,4.905519975401558,0.1787571301525721,3.375865210667214,0.46998864430455484,0.06826379631418929,1.952901727481876e-05,1.4182521999410699e-06,1.6585317175543015e-11,1.911741482551501e-11,3.438141577006274e-12,7.926092466100492e-12,5.062325938403768e-07,6.202836870629973e-07,0.21555760468895316,0.2797758086427124,2.626304909437492e-14,6.24526088591728e-14,1.908761635801748e-12,4.677587810763649e-12,2.938547236057595e-11,2.969682484232757e-11,1.950267483657922e-05,2.1125653709163483e-05,0.02319496509173377,0.02680969362242862,0.2520759825509934,0.508694593277203,0.03247744608743138,0.1029759755784622,1.788062109577275e-07,3.7382007545886803e-07,2.561184326064313e-06,5.54052424718904e-06,3.7269401365194956e-06,8.603686501292865e-06,0.0001922472740749746,0.0003885684432474145,6.329557816707496e-08,1.32529150406273e-07,8.452080566041602e-06,1.8310896187967633e-05,3.446781233128258e-10,1.0188662956177326e-09,2.4650348996145403e-18,2.487601128697968e-18,1.7608583998920614e-11,2.0327352120990773e-11,1.249169280856165e-11,2.611927859105168e-11,5.400609103758986e-15,1.0123465280288e-14,1.3422789460755578e-08,2.6135878039381087e-08,9.616467376284468e-19,2.84289864843412e-18,0.006458568184636823,0.013035386645753095,3.4743268461515646e-31,9.999999999996673e-31,7.55630113782286e-09,2.400661049641021e-08,1.8088053479373895e-10,5.609537940392313e-10
0.301,1462.1245960562946,4.9058846577347355,0.17874384211751945,3.3814598089938097,0.47007823435621077,0.06828276824901774,1.9481966983520595e-05,1.4149587657388802e-06,1.648462265138187e-11,1.9003005648776048e-11,3.41570264233997e-12,7.875050339897779e-12,5.044156315684262e-07,6.1811131995456e-07,0.21549423320143,0.2797179700890102,2.6091900707951858e-14,6.205103950186395e-14,1.899682594846714e-12,4.655745154226525e-12,2.915921493761698e-11,2.947074217470348e-11,1.9415659709883292e-05,2.1033233007302733e-05,0.023151296901206656,0.026761555745663572,0.25209798297146113,0.5087833946020555,0.03247489806288995,0.1029768838743661,1.785416505306036e-07,3.7329955355232944e-07,2.561850766473603e-06,5.542449652109424e-06,3.7132625655137358e-06,8.572859858201953e-06,0.00019099778547525235,0.0003860766830467008,6.28470220438984e-08,1.3160144294045142e-07,8.412138418654563e-06,1.8225954728613044e-05,3.425215311541589e-10,1.0125797959877333e-09,2.462747951933e-18,2.48551016772999e-18,1.7560862393231468e-11,2.027403170590709e-11,1.2457433849385663e-11,2.604991894544715e-11,5.381245036656151e-15,1.0088047685489135e-14,1.3421664191930924e-08,2.6135968011738632e-08,9.586780976716645e-19,2.8343698818011766e-18,0.0064580045138112625,0.013035386645820058,3.474023624641641e-31,9.999999999996678e-31,7.499711638584889e-09,2.3828903511664324e-08,1.798606885956705e-10,5.578396924941846e-10
0.302,1461.845908593968,4.906247692735323,0.17873061606883786,3.387054821320153,0.4701671520744061,0.06830160011591979,1.943531087165553e-05,1.4116924432380668e-06,1.6385153055050357e-11,1.8889976042040842e-11,3.3935488666532278e-12,7.82465157001578e-12,5.026163781502599e-07,6.159598637125202e-07,0.2154313389311406,0.279660553776831,2.5922922422540958e-14,6.16545201023324e-14,1.8907032317750065e-12,4.634139895126106e-12,2.8936035282950216e-11,2.924771138571212e-11,1.932954153434925e-05,2.0941753919260837e-05,0.02310795435920263,0.02671376805096373,0.2521198001631172,0.5088715010534715,0.03247238115401129,0.10297782208835578,1.7827901565656097e-07,3.727827176435978e-07,2.5625128774733555e-06,5.544362315410041e-06,3.699716752986112e-06,8.542326335749134e-06,0.00018976369453419247,0.0003836153581477541,6.240425170659558e-08,1.3068560252924932e-07,8.372613168799898e-06,1.8141889638778032e-05,3.403911408152207e-10,1.006368991296994e-09,2.460478818520119e-18,2.4834351602195562e-18,1.7513572922892337e-11,2.0221187393704296e-11,1.2423475010278747e-11,2.598115744380858e-11,5.362068339091097e-15,1.0052968466056564e-14,1.3420547483940045e-08,2.6136057180701765e-08,9.557356633007693e-19,2.8259152196443654e-18,0.00645744516450109,0.013035386645886408,3.473722727851003e-31,9.999999999996687e-31,7.4438700884213494e-09,2.3653526346117193e-08,1.7885372799533575e-10,5.547646443195923e-10
0.303,1461.5689828835602,4.906609100624795,0.17871745124290353,3.3926502457907093,0.4702554065323655,0.06832029378010457,1.9389043027289173e-05,1.4084528293969902e-06,1.628688564459874e-11,1.877830054073751e-11,3.371674799150407e-12,7.774883926329305e-12,5.00834545400215e-07,6.138289804687561e-07,0.21536891538227,0.2796035540403996,2.575607282377892e-14,6.12629548187077e-14,1.881821806291389e-12,4.612767914628041e-12,2.8715872561366653e-11,2.9027672484489752e-11,1.9244305537455576e-05,2.0851201057001706e-05,0.023064933155183823,0.026666325984171513,0.2521414366771372,0.5089589220515656,0.0324698949134816,0.10297878974404198,1.7801827934845562e-07,3.722695166782111e-07,2.563170710597003e-06,5.546262391880644e-06,3.6863006185251796e-06,8.512081344915984e-06,0.00018854471918606198,0.00038118391461148236,6.196715779336087e-08,1.2978140623295432e-07,8.333498014334119e-06,1.805868673897387e-05,3.3828647216156213e-10,1.0002325031398373e-09,2.4582272114780522e-18,2.4813758464331944e-18,1.7466708853212163e-11,2.016881182106376e-11,1.2389811685632629e-11,2.5912984982758126e-11,5.343075974658674e-15,1.0018222178224603e-14,1.3419439221339321e-08,2.613614555869579e-08,9.528190318421846e-19,2.8175335330919454e-18,0.006456890077994074,0.013035386645952184,3.4734241241959327e-31,9.999999999996683e-31,7.38876222705312e-09,2.348043485375623e-08,1.778594019042288e-10,5.51727891968078e-10
0.304,1461.2937957795857,4.906968901256617,0.1787043468900599,3.3982460805725863,0.47034300662832923,0.06833885107104196,1.934315766124384e-05,1.4052395294781112e-06,1.618979823712281e-11,1.866795430334015e-11,3.350075126620015e-12,7.725735486078929e-12,4.990698515407752e-07,6.117183398245842e-07,0.21530695618468237,0.2795469653215718,2.5591311539903243e-14,6.087625021133814e-14,1.8730366188007275e-12,4.591625189724855e-12,2.849866750302834e-11,2.8810567016915103e-11,1.9159937277119514e-05,2.0761559374554645e-05,0.023022229061236445,0.026619225077241394,0.25216289501167377,0.5090456668277823,0.03246743890511355,0.10297978638171267,1.7775941513953258e-07,3.71759900572965e-07,2.563824316471371e-06,5.548150033532166e-06,3.6730121262143154e-06,8.482120394090775e-06,0.00018734058413534944,0.000378781811721265,6.153563363179451e-08,1.2888863656572702e-07,8.29478630152559e-06,1.797633215678839e-05,3.362070567292783e-10,9.941689864483784e-10,2.4559928495252498e-18,2.4793319726473595e-18,1.742026357002963e-11,2.0116897753953744e-11,1.2356439367438566e-11,2.5845392650485837e-11,5.3242649742982035e-15,9.983803498259699e-15,1.3418339290960994e-08,2.6136233157928007e-08,9.499278091480998e-19,2.8092237169993603e-18,0.006456339196729544,0.01303538664601748,3.4731277827121855e-31,9.999999999996687e-31,7.334374145085167e-09,2.33095859689328e-08,1.7687746572273013e-10,5.487286974005277e-10
0.305,1461.0203245922357,4.9073271141173676,0.1786913022745616,3.403842323855113,0.47042996108049345,0.0683572737815917,1.929764911039329e-05,1.4020521572971534e-06,1.6093869204197196e-11,1.8558913106731193e-11,3.3287446710177947e-12,7.677194628598376e-12,4.973220212324428e-07,6.096276188957684e-07,0.21524545509863677,0.2794907821758036,2.54285992265617e-14,6.049431520901516e-14,1.8643460105869243e-12,4.5707077937766105e-12,2.8284362378511518e-11,2.859633804184864e-11,1.9076422641421757e-05,2.0672814168100415e-05,0.022979837932636932,0.02657246094900301,0.2521841776154393,0.509131744431257,0.032465012700005166,0.10298081154604108,1.7750239712547285e-07,3.7125382030495074e-07,2.5644737448257388e-06,5.550025389604893e-06,3.659849286072501e-06,8.452439092510025e-06,0.00018615102087813178,0.00037640852203976185,6.110957524085925e-08,1.280070815051573e-07,8.256471528619341e-06,1.789481233496498e-05,3.3415243756714787e-10,9.881771290597393e-10,2.4537754572235286e-18,2.477303290372694e-18,1.737423063555406e-11,2.006543815228777e-11,1.2323353647042512e-11,2.5778371730644978e-11,5.305632436535293e-15,9.949707223049331e-15,1.3417247581872692e-08,2.6136319990278175e-08,9.470616097590475e-19,2.8009846904582034e-18,0.0064557924643057416,0.013035386646082153,3.472833673058987e-31,9.999999999996675e-31,7.280692285514729e-09,2.3140937712232198e-08,1.759076812609301e-10,5.457663418591253e-10
0.306,1460.7485470303068,4.907683758369928,0.1786783166729873,3.4094389738494724,0.47051627846033844,0.06837556367442374,1.9252511817733345e-05,1.3988903338197534e-06,1.5999077422375407e-11,1.8451153290190354e-11,3.307678379947841e-12,7.629250013842963e-12,4.955907848314984e-07,6.075565014260438e-07,0.21518440598821356,0.27943499924448606,2.5267897488340064e-14,6.01170609260765e-14,1.8557483591493356e-12,4.550011885290539e-12,2.8072900883615698e-11,2.8384930016801976e-11,1.8993747814134726e-05,2.0584951039503848e-05,0.022937755696565316,0.02652602929287962,0.2522052868848895,0.5092171637350175,0.03246261588488341,0.10298186481501981,1.772471998194759e-07,3.707512276188202e-07,2.5651190445877865e-06,5.551888606903777e-06,3.6468101462120853e-06,8.423033132469382e-06,0.0001849757669480036,0.0003740635299067179,6.068888104453411e-08,1.2713653390093077e-07,8.218547322774555e-06,1.7814113982208487e-05,3.321221683275227e-10,9.822556490850933e-10,2.451574765950191e-18,2.4752895574016713e-18,1.7328603624419003e-11,2.0014425981260462e-11,1.2290550201140738e-11,2.5711913673919565e-11,5.28717551988166e-15,9.915928256229353e-15,1.3416163985220905e-08,2.6136406067617396e-08,9.442200555660017e-19,2.7928153929366916e-18,0.006455249825325905,0.013035386646146296,3.4725417654361504e-31,9.999999999996687e-31,7.227703403812881e-09,2.2974449065217648e-08,1.7494981619310575e-10,5.428401242064694e-10
0.307,1460.478441251943,4.908038852824332,0.17866538937528748,3.4150360287882973,0.47060196714978586,0.0683937224741315,1.9207740356059697e-05,1.3957536888593098e-06,1.5905402309557053e-11,1.834465179749228e-11,3.2868713306539884e-12,7.581890591698804e-12,4.938758791131514e-07,6.055046786676109e-07,0.2151238028574806,0.279379611295485,2.5109168920158597e-14,5.974440076169384e-14,1.847242082773103e-12,4.529533719117125e-12,2.7864228198112128e-11,2.8176288858039147e-11,1.891189930518408e-05,2.0497955929214174e-05,0.02289597836325099,0.0264799258892793,0.25222622517699045,0.5093019334495156,0.03246024804389833,0.10298294573979512,1.7699379836087768e-07,3.7025207545580344e-07,2.5657602638313277e-06,5.553739829550058e-06,3.6338928027340714e-06,8.393898312092651e-06,0.00018381456664107385,0.0003717463329090226,6.027345213562158e-08,1.2627679202957458e-07,8.181007467573176e-06,1.7734224132730994e-05,3.301158138040434e-10,9.764032965088764e-10,2.4493905114714784e-18,2.473290535307219e-18,1.7283376417365563e-11,1.9963854550234052e-11,1.225802480739207e-11,2.5646010130310354e-11,5.268891450034933e-15,9.882461621587174e-15,1.3415088394253167e-08,2.6136491401235677e-08,9.414027775017075e-19,2.784714789244975e-18,0.006454711225550063,0.013035386646209865,3.47225203066578e-31,9.999999999996662e-31,7.175394607091774e-09,2.2810080095390478e-08,1.7400364441104016e-10,5.399493620266198e-10
0.308,1460.2099858212323,4.9083924159534,0.17865251968420118,3.420633486925287,0.4706870353816224,0.06841175187453241,1.9163329403004445e-05,1.3926418593039693e-06,1.5812823767535646e-11,1.8239386111635224e-11,3.266318720431162e-12,7.535105580309752e-12,4.921770464022468e-07,6.034718483369146e-07,0.21506363981590437,0.279324613184427,2.4952377023847737e-14,5.9376250204876e-14,1.8388256347009925e-12,4.509269632356599e-12,2.7658290860086868e-11,2.7970361815485144e-11,1.8830863912421606e-05,2.0411815075653196e-05,0.022854502016193916,0.02643414659498871,0.2522469947964132,0.50938606210753,0.03245790877657162,0.10298405390383458,1.767421683090388e-07,3.6975631753204604e-07,2.5663974497884548e-06,5.555579199122987e-06,3.621095389161677e-06,8.365030511223614e-06,0.00018266717005861158,0.0003694564399655802,5.986319191109236e-08,1.2542765883837985e-07,8.143845872569528e-06,1.7655130080979265e-05,3.2813294897549265e-10,9.706188504139366e-10,2.4472224361454173e-18,2.471305991726828e-18,1.7238542936635033e-11,1.9913717207768298e-11,1.222577332739994e-11,2.5580652914323352e-11,5.250777511150801e-15,9.849302447041823e-15,1.3414020704292697e-08,2.61365760023573e-08,9.386094137120143e-19,2.7766818642157717e-18,0.0064541766117555835,0.013035386646272924,3.4719644401172527e-31,9.999999999996652e-31,7.123753301831083e-09,2.2647791791529328e-08,1.730689454006953e-10,5.370933897201136e-10
0.309,1459.94315970869,4.908744465903821,0.1786397069148394,3.426231346534834,0.4707714912268294,0.06842965353658964,1.9119273750075333e-05,1.389554489779506e-06,1.5721322189276805e-11,1.813533426373877e-11,3.2460158656874334e-12,7.48888446415701e-12,4.904940347796712e-07,6.014577148738658e-07,0.21500391109040962,0.2792699998697407,2.4797486207868027e-14,5.901252683570679e-14,1.8304975046462267e-12,4.489216048147802e-12,2.7455036764370438e-11,2.77670974723364e-11,1.8750628728262705e-05,2.0326515022704275e-05,0.022813322813198374,0.02638868734441717,0.2522675980047106,0.5094695580810511,0.032455597687907026,0.10298518889128122,1.764922857413184e-07,3.692639085438659e-07,2.5670306488948733e-06,5.557406854738299e-06,3.6084160804964544e-06,8.336425700878744e-06,0.0001815333333540181,0.0003671933718377407,5.945800616082002e-08,1.2458894213572994e-07,8.107056584326406e-06,1.757681940583038e-05,3.2617315900470773e-10,9.649011190056634e-10,2.4450702872992684e-18,2.4693356987238704e-18,1.719409726431779e-11,1.986400747842573e-11,1.2193791712194665e-11,2.5515834016588408e-11,5.232831047812847e-15,9.81644596843796e-15,1.341296081265655e-08,2.613665988190928e-08,9.358396101490542e-19,2.76871562447837e-18,0.006453645931754821,0.013035386646335467,3.4716789657167104e-31,9.999999999996652e-31,7.072767208255735e-09,2.24875461102715e-08,1.7214550428917235e-10,5.342715586645734e-10
0.31,1459.6779422609015,4.909095020515455,0.17862695039396984,3.4318296059116777,0.470855342614367,0.06844742909215495,1.9075568287389866e-05,1.3864912315681537e-06,1.5630878421549343e-11,1.803247479071998e-11,3.2259581950020195e-12,7.443216978399912e-12,4.88826597541272e-07,5.994619887940698e-07,0.2149446110092045,0.2792157663955296,2.4644461728488725e-14,5.865315018816512e-14,1.8222562152171156e-12,4.469369467049824e-12,2.725441507696742e-11,2.7566445660129928e-11,1.867118111538762e-05,2.0242042593986694e-05,0.02277243698032248,0.02634354414306963,0.25228803701760694,0.509552429582386,0.03245331439427718,0.10298635030701593,1.7624412713512246e-07,3.6877480392723627e-07,2.567659906820645e-06,5.559222933184847e-06,3.5958530872649645e-06,8.308079929710483e-06,0.0001804128181424687,0.0003649566599518191,5.9057802841238125e-08,1.2376045412316018e-07,8.070633768433667e-06,1.7499279932158714e-05,3.242360385997835e-10,9.592489377644054e-10,2.4429338182583827e-18,2.4673794338657344e-18,1.7150033545918605e-11,1.981471895180615e-11,1.216207599168714e-11,2.5451545582347795e-11,5.2150494594738096e-15,9.783887519373237e-15,1.3411908618572648e-08,2.6136743050708946e-08,9.330930196952507e-19,2.7608150959306953e-18,0.006453119134308845,0.013035386646397506,3.4713955799006476e-31,9.999999999996676e-31,7.022424328470645e-09,2.2329305876020498e-08,1.712331114369801e-10,5.314832359723683e-10
0.311,1459.4143132245476,4.909444097309332,0.178614249460441,3.4374282633705358,0.4709385973086226,0.06846508013984993,1.9032208018918134e-05,1.38345174370959e-06,1.5541473784791076e-11,1.793078675851513e-11,3.2061412506828576e-12,7.398093112627689e-12,4.871744936212626e-07,5.974843872083698e-07,0.2148857340211254,0.27916190791359613,2.449326970979977e-14,5.829804179898634e-14,1.814100324670829e-12,4.4497264738292885e-12,2.7056376260850023e-11,2.7368357485692554e-11,1.8592508723555697e-05,2.0158384911175774e-05,0.02273184081723496,0.026298713073550636,0.2523083140127291,0.5096346846736286,0.032451058512972794,0.10298753774230678,1.7599766950920942e-07,3.6828896015040257e-07,2.5682852684599236e-06,5.561027568833723e-06,3.583404661676567e-06,8.279989338237183e-06,0.00017930539194335157,0.00036274584730096386,5.866249223553369e-08,1.229420117340363e-07,8.034571727054349e-06,1.742249976897548e-05,3.223211922497222e-10,9.536611701593448e-10,2.4408127865390766e-18,2.4654369783760226e-18,1.7106346150306156e-11,1.976584546726956e-11,1.2130622284485068e-11,2.5387779931906673e-11,5.197430204693869e-15,9.751622539153599e-15,1.3410864023175576e-08,2.613682551915197e-08,9.30369303048284e-19,2.752979326350905e-18,0.00645259616920234,0.013035386646458988,3.4711142556561887e-31,9.999999999996655e-31,6.972712970628767e-09,2.2173034858402836e-08,1.7033156261802094e-10,5.287278050582331e-10
0.312,1459.152252719829,4.909791713496058,0.1786016034648641,3.443027317245753,0.4710212629343831,0.06848260824956907,1.898918804548118e-05,1.3804356917930133e-06,1.5453090033102856e-11,1.78302497166737e-11,3.186560681861551e-12,7.353503095266317e-12,4.855374870018448e-07,5.955246331141154e-07,0.21482727467422053,0.2791084196595098,2.434387708426652e-14,5.794712506884638e-14,1.8060284229165368e-12,4.430283727801839e-12,2.686087198728779e-11,2.7172785242979384e-11,1.8514599463715334e-05,2.0075529366529134e-05,0.022691530691259135,0.0262541902891408,0.25232843112175996,0.5097163312574289,0.032448829673266046,0.10298875081130338,1.7575289028357514e-07,3.678063344269195e-07,2.5689067779313534e-06,5.562820893709679e-06,3.5710690905990466e-06,8.2521501428248e-06,0.00017821082751808928,0.00036056048712152314,5.827198670069321e-08,1.2213343610949547e-07,7.998864878205795e-06,1.7346467265038527e-05,3.204282335639226e-10,9.481367057345584e-10,2.4387069553390405e-18,2.4635081186786204e-18,1.7063029512170096e-11,1.9717380932360715e-11,1.2099426786301572e-11,2.532452953692126e-11,5.179970795179163e-15,9.719646561856929e-15,1.3409826929484277e-08,2.6136907297519394e-08,9.276681275800288e-19,2.7452073820835148e-18,0.006452076987157114,0.013035386646520047,3.470834966474587e-31,9.999999999996683e-31,6.9236217128348345e-09,2.2018697658651995e-08,1.694406585848887e-10,5.260046643119973e-10
0.313,1458.8917411959137,4.910137886017953,0.17858901176806838,3.448626765890996,0.4711033469958514,0.06850001496636293,1.8946503555603036e-05,1.3774427473240656e-06,1.5365709327892423e-11,1.7730843668725256e-11,3.1672122385437677e-12,7.309437380200075e-12,4.839153463232172e-07,5.935824549336839e-07,0.21476922760171083,0.2790552969392257,2.419625154679504e-14,5.760032515577708e-14,1.798039129299355e-12,4.4110379575500084e-12,2.666785506884337e-11,2.6979682346844124e-11,1.8437441488452516e-05,1.999346360233078e-05,0.022651503029054186,0.02620997200472315,0.2523483904330997,0.5097973770907925,0.03244662751759264,0.10298998915654754,1.7550976722781082e-07,3.6732688461495055e-07,2.569524478686573e-06,5.564603037816525e-06,3.5588446922856043e-06,8.224558628355159e-06,0.00017712890252283536,0.0003584001422067488,5.7886200536805394e-08,1.2133455233066627e-07,7.963507745917742e-06,1.7271170988079325e-05,3.185567847147542e-10,9.426744585015222e-10,2.4366160934008143e-18,2.46159264630733e-18,1.702007806995982e-11,1.9669319251551844e-11,1.2068485763163642e-11,2.526178700680269e-11,5.162668791724515e-15,9.687955208994123e-15,1.3408797242236098e-08,2.6136988396097048e-08,9.249891667134954e-19,2.7374983462655067e-18,0.00645156153972253,0.013035386646580594,3.470557686292273e-31,9.9999999999967e-31,6.875139385868111e-09,2.1866259655837744e-08,1.6856020476977725e-10,5.233132261930065e-10
0.314,1458.632759497149,4.910482631509199,0.17857647374253946,3.4542266076789,0.4711848568228234,0.06851730180049632,1.8904149853327593e-05,1.3744725897136627e-06,1.5279314283640196e-11,1.763254912490912e-11,3.148091777338209e-12,7.265886659988751e-12,4.823078457643441e-07,5.916575875833682e-07,0.2147115875671672,0.27900253517945495,2.4050361610315164e-14,5.725756910744071e-14,1.7901310980849093e-12,4.391985974320566e-12,2.647727954000845e-11,2.6789003414847994e-11,1.8361023229847187e-05,1.9912175551627914e-05,0.02261175433106455,0.02616605451280955,0.2523681940069908,0.5098778297999923,0.03244445167945137,0.10299125237571248,1.752682787011593e-07,3.6685056970966626e-07,2.570138413431717e-06,5.566374128794927e-06,3.54672982792183e-06,8.197211174750839e-06,0.00017605940037430164,0.00035626438665773525,5.750505030179015e-08,1.20545190078627e-07,7.928494992382485e-06,1.7196599794273753e-05,3.1670647716541724e-10,9.372733690892056e-10,2.4345399723310833e-18,2.459690355128478e-18,1.697748660924714e-11,1.962165472258395e-11,1.2037795569932458e-11,2.5199545126901012e-11,5.14552181299275e-15,9.656544205795347e-15,1.3407774867950218e-08,2.613706882450717e-08,9.223321019206713e-19,2.7298513246785406e-18,0.006451049779471081,0.013035386646640617,3.470282389596054e-31,9.999999999996683e-31,6.8272551192118636e-09,2.1715687153373507e-08,1.676900117446382e-10,5.206529186563075e-10
0.315,1458.375288813551,4.910825966306114,0.1785639887720341,3.4598268410007296,0.47126579962508014,0.06853447023711666,1.886212232682064e-05,1.3715249040401051e-06,1.5193887901565943e-11,1.7535347026556017e-11,3.1291952516519893e-12,7.222841843648673e-12,4.807147639870902e-07,5.897497712004832e-07,0.21465434941722417,0.27895012987369844,2.3906176515365874e-14,5.691878564910734e-14,1.7823030113780568e-12,4.373124654845715e-12,2.6289100519201297e-11,2.6600704129396286e-11,1.8285333353987306e-05,1.9831653389728634e-05,0.02257228115960927,0.026122434170553828,0.25238784385471774,0.5099576968517554,0.032442301810456486,0.10299254011017997,1.750284033813803e-07,3.6637734928663706e-07,2.570748624117531e-06,5.568134292043611e-06,3.534722887946145e-06,8.170104225670225e-06,0.00017500210909818882,0.0003541528035728079,5.7128454376707586e-08,1.1976518273042053e-07,7.893821379671658e-06,1.7122742745944084e-05,3.1487695059763284e-10,9.319324016205106e-10,2.4324783698500733e-18,2.457801044693433e-18,1.6935249895864853e-11,1.9574381613207557e-11,1.2007352629176524e-11,2.5137796815135516e-11,5.128527525006748e-15,9.625409361853571e-15,1.3406759714941572e-08,2.6137148592423005e-08,9.196966203797602e-19,2.722265438911014e-18,0.006450541659828637,0.01303538664670018,3.470009051331816e-31,9.999999999996699e-31,6.779958278180647e-09,2.1566947180409266e-08,1.6682989451512043e-10,5.180231829878211e-10
0.316,1458.1193106509236,4.9111679064884575,0.1785515562500672,3.4654274642660874,0.47134618249270005,0.06855152173685523,1.8820416449200417e-05,1.3685993811289767e-06,1.5109413563008138e-11,1.7439218739021643e-11,3.110518707819826e-12,7.180294047982791e-12,4.791358840741488e-07,5.878587510783685e-07,0.2145975080839939,0.278898076587915,2.376366620867875e-14,5.6583905134736794e-14,1.7745535791136005e-12,4.354450941428262e-12,2.6103274181115643e-11,2.6414741210960084e-11,1.821036075531531e-05,1.9751885528513846e-05,0.022533080134340737,0.026079107394818935,0.2524073419493944,0.5100369855792813,0.03244017757143062,0.10299385201767429,1.7479012030237134e-07,3.6590718358476055e-07,2.5713551520575762e-06,5.569883651020134e-06,3.522822293623673e-06,8.143234292297274e-06,0.0001739568213272769,0.0003520649850558212,5.6756332966058654e-08,1.18994367364333e-07,7.859481771962253e-06,1.7049589116780968e-05,3.1306785266825147e-10,9.266505430230452e-10,2.4304310684289986e-18,2.455924518888647e-18,1.6893362736141497e-11,1.952749423105963e-11,1.1977153431028359e-11,2.5076535122082005e-11,5.1116836403228614e-15,9.594546569754417e-15,1.3405751693143728e-08,2.6137227709449846e-08,9.170824151767595e-19,2.7147398269990703e-18,0.006450037135018466,0.013035386646759285,3.4697376468743696e-31,9.999999999996687e-31,6.7332384659094755e-09,2.1420007499053633e-08,1.6597967242653276e-10,5.154234735292426e-10
0.317,1457.8648068528178,4.911508467868095,0.17853917558031354,3.471028475902607,0.4714260123753716,0.06856845773205904,1.8779027789362734e-05,1.3656957183334149e-06,1.5025875042961983e-11,1.7344146067539275e-11,3.0920582866109257e-12,7.1382346011781364e-12,4.77570993838733e-07,5.859842780460484e-07,0.21454105860276343,0.27884637098069665,2.3622801356120406e-14,5.625285957872723e-14,1.7668815409913726e-12,4.3359618467127534e-12,2.5919757773255973e-11,2.6231072435469416e-11,1.8136094569174584e-05,1.967286063010156e-05,0.022494147937251234,0.026036070667789124,0.2524266902331732,0.5101157031912529,0.03243807862275038,0.10299518774053293,1.7455340895458558e-07,3.654400337136398e-07,2.571958037910058e-06,5.5716223271395025e-06,3.511026501114967e-06,8.116597962741759e-06,0.00017292333461807973,0.0003500005328622304,5.638860820864052e-08,1.1823258499459629e-07,7.825471148215765e-06,1.6977128419410993e-05,3.1127883918195874e-10,9.214268035528517e-10,2.428397854093024e-18,2.4540605847050078e-18,1.6851820132994308e-11,1.9480987104008877e-11,1.1947194540184264e-11,2.5015753245529984e-11,5.094987921079814e-15,9.563951810793028e-15,1.3404750714094684e-08,2.61373061848219e-08,9.144891860048636e-19,2.707273645488921e-18,0.0064495361601292385,0.013035386646818005,3.469468152064078e-31,9.999999999996697e-31,6.687085539904123e-09,2.1274836657494662e-08,1.6513916929149112e-10,5.128532580810393e-10
0.318,1457.6117595874844,4.911847665986692,0.17852684617668155,3.476629874355646,0.47150529609999947,0.06858527962985075,1.873795200079174e-05,1.3628136187387188e-06,1.494325648296875e-11,1.7250111226470595e-11,3.0738102184010386e-12,7.0966550319085056e-12,4.760198854326177e-07,5.841261079978125e-07,0.21448499609638555,0.27879500878528335,2.3483553302902622e-14,5.5925582563114784e-14,1.759285663761015e-12,4.317654447125137e-12,2.5738509555597257e-11,2.6049656574380373e-11,1.806252415481136e-05,1.9594567588826917e-05,0.022455481309298458,0.02599332053336188,0.2524458906096612,0.5101938567603246,0.03243600463386221,0.10299654693672647,1.7431824918962976e-07,3.6497586145777874e-07,2.5725573216568065e-06,5.57335043976892e-06,3.499333996886367e-06,8.090191891575162e-06,0.0001719014509926941,0.00034795905748346266,5.602520400306434e-08,1.1747968021000774e-07,7.7917845880251e-06,1.6905350375071345e-05,3.095095736488397e-10,9.162602155140488e-10,2.4263785175100236e-18,2.4522090533618266e-18,1.6810617169134795e-11,1.9434854845455913e-11,1.1917472588304982e-11,2.4955444514935063e-11,5.078438175084107e-15,9.533621147796477e-15,1.3403756690948102e-08,2.6137384027628638e-08,9.119166383771915e-19,2.699866067148295e-18,0.006449038691064343,0.013035386646876177,3.469200543179604e-31,9.999999999996678e-31,6.641489587143936e-09,2.1131403911654032e-08,1.6430821309198827e-10,5.103120169931603e-10
0.319,1457.3601513496483,4.912185516119872,0.1785145674631519,3.4822316580879815,0.471584040362713,0.06860198881079092,1.8697184824974008e-05,1.3599527914150909e-06,1.486154239100877e-11,1.7157096839535236e-11,3.055770821987845e-12,7.055547066768881e-12,4.744823554115954e-07,5.822840019779726e-07,0.21442931578270652,0.27874398581876203,2.334589406681285e-14,5.5602009222779806e-14,1.7517647416637636e-12,4.299525884013339e-12,2.5559488790535925e-11,2.5870453385335284e-11,1.798963909709199e-05,1.9516995533316998e-05,0.022417077051360867,0.025950853598291083,0.25246494494931637,0.5102714532328142,0.032433955277408076,0.10299792926100403,1.740846212611404e-07,3.645146293624052e-07,2.5731530426190853e-06,5.575068106247452e-06,3.4877432992916188e-06,8.064012803548003e-06,0.00017089097700657887,0.00034594017829183695,5.566604602875044e-08,1.1673550122105437e-07,7.758417275756438e-06,1.68342449227928e-05,3.0775972722980596e-10,9.111498331165201e-10,2.4243728532573567e-18,2.4503697395654928e-18,1.676974906528045e-11,1.9389092221715905e-11,1.188798427599018e-11,2.489560239566202e-11,5.062032256384819e-15,9.50355072627438e-15,1.3402769538442706e-08,2.6137461246701938e-08,9.093644839016792e-19,2.6925162817944794e-18,0.006448544684555211,0.0130353866469339,3.4689347969450176e-31,9.999999999996692e-31,6.59644092791623e-09,2.0989679238000176e-08,1.6348663596367449e-10,5.077992431265234e-10
0.32,1457.1099649255361,4.912522033297198,0.17850233887304134,3.4878338255795303,0.47166225175586607,0.0686185866338669,1.8656722078062462e-05,1.3571129504764152e-06,1.478071760996151e-11,1.7065085904050438e-11,3.037936498967892e-12,7.014902617583032e-12,4.7295820424379743e-07,5.804577255922654e-07,0.21437401295207947,0.27869329795739917,2.3209796291258684e-14,5.528207613590031e-14,1.7443175933241193e-12,4.281573356150405e-12,2.5382655671644822e-11,2.5693423541320298e-11,1.791742918402482e-05,1.9440133802661354e-05,0.022378932016676144,0.02590866652393612,0.2524838550828597,0.5103484994233718,0.032431930239516814,0.10299933439922501,1.7385250572089785e-07,3.640563005227405e-07,2.5737452394996e-06,5.576775442062971e-06,3.476252953012121e-06,8.038057480939711e-06,0.000169891723248703,0.0003439435225424414,5.5311061558342964e-08,1.1599989947164941e-07,7.725364484671818e-06,1.6763802185444158e-05,3.0602897816040774e-10,9.060947308050939e-10,2.422380660750554e-18,2.4485424624916917e-18,1.67292110381064e-11,1.9343693988221647e-11,1.18587263635117e-11,2.4836220470132095e-11,5.04576806033007e-15,9.473736765378336e-15,1.3401789172829435e-08,2.613753785089163e-08,9.068324392467082e-19,2.6852234932939854e-18,0.00644805409805808,0.013035386646991222,3.4686708904742684e-31,9.999999999996692e-31,6.551930089451231e-09,2.0849633250630306e-08,1.6267427384977034e-10,5.053144407971692e-10
0.321,1456.8611834006028,4.912857232310429,0.1784901598486935,3.493436375327078,0.47173993674825687,0.0686350744331504,1.861655965939776e-05,1.3542938156980958e-06,1.4700767327597368e-11,1.6974061802713995e-11,3.020303733690357e-12,6.9747137814209306e-12,4.714472365454941e-07,5.786470492987135e-07,0.21431908298543068,0.2786429411584706,2.307523325020019e-14,5.49657213366705e-14,1.7369430633564714e-12,4.263794123710393e-12,2.5207971333390956e-11,2.551852864114828e-11,1.7845884415601155e-05,1.936397195611146e-05,0.02234104311372696,0.0258667560295214,0.2525026228130126,0.5104250020353251,0.032429929206572734,0.10300076202570062,1.736218835079325e-07,3.6360083876917714e-07,2.574333950413806e-06,5.578472560881908e-06,3.464861533157585e-06,8.012322773059559e-06,0.00016890350459581826,0.0003419687258934143,5.4960179548369995e-08,1.1527272983157704e-07,7.692621587601803e-06,1.669401249299541e-05,3.0431701185590467e-10,9.010940035842337e-10,2.4204017428021987e-18,2.4467270443177205e-18,1.6688998454557608e-11,1.929865506791779e-11,1.1829695676168886e-11,2.4777292449027045e-11,5.0296435257706055e-15,9.4441755620625e-15,1.3400815511801915e-08,2.6137613848765157e-08,9.04320226917407e-19,2.6779869218621195e-18,0.0064475668897945645,0.01303538664704809,3.4684088012930896e-31,9.99999999999672e-31,6.507947820019984e-09,2.0711237246598497e-08,1.6187096659273858e-10,5.028571260681865e-10
0.322,1456.6137901726743,4.913191127694398,0.1784780298421645,3.499039305843984,0.47181710168362984,0.06865145351728176,1.857669355245544e-05,1.351495112587428e-06,1.4621677072729757e-11,1.6884008299449367e-11,3.002869092543579e-12,6.93497283909039e-12,4.6994926108418366e-07,5.768517484143557e-07,0.21426452135450189,0.2785929114596081,2.2942178841520375e-14,5.465288430060204e-14,1.729640022173205e-12,4.246185507840723e-12,2.503539783718579e-11,2.5345731196038008e-11,1.7774995003968747e-05,1.9288499773424877e-05,0.02230340730830818,0.025825118894512934,0.25252124991108743,0.5105009676516628,0.03242795186782305,0.10300221181107738,1.7339273595404218e-07,3.631482086783654e-07,2.574919212839216e-06,5.580159574414931e-06,3.4535676451193432e-06,7.986805595948602e-06,0.0001679261401726815,0.0003400154323318253,5.4613330618853475e-08,1.1455385055633857e-07,7.660184056964932e-06,1.6624866382710205e-05,3.0262352084250005e-10,8.961467668301033e-10,2.418435905745293e-18,2.444923310341731e-18,1.664910683437742e-11,1.9253970554251826e-11,1.1800889104855374e-11,2.4718812172528025e-11,5.013656635149481e-15,9.414863491299075e-15,1.339984847454532e-08,2.6137689248602058e-08,9.018275751471298e-19,2.6708058037496375e-18,0.0064470830187766046,0.013035386647104599,3.468148507352298e-31,9.999999999996746e-31,6.464485086032864e-09,2.0574463197204138e-08,1.6107655788191913e-10,5.004268265953926e-10
0.323,1456.3677689129386,4.913523733750519,0.17846594831435947,3.504642615659919,0.47189375280969603,0.06866772517486942,1.8537119808184436e-05,1.348716571201748e-06,1.4543432678858748e-11,1.679490949806358e-11,2.9856292173549282e-12,6.895672240177793e-12,4.684640901976566e-07,5.750716024173426e-07,0.2142103235977594,0.27854320495248397,2.2810607533080198e-14,5.4343505818243764e-14,1.7224073622878999e-12,4.228744881719371e-12,2.486489809256996e-11,2.5174994551041464e-11,1.7704751347437455e-05,1.921370722722143e-05,0.022266021615286423,0.025783751949613073,0.2525397381104602,0.5105764027306737,0.03242599792600732,0.10300368345791829,1.7316504465036556e-07,3.6269837530106655e-07,2.575501063660186e-06,5.5818365926093625e-06,3.4423699180938807e-06,7.961502917612187e-06,0.00016695945274749515,0.00033808329296302584,5.42704468281418e-08,1.1384312281982016e-07,7.628047445167546e-06,1.6556354557107844e-05,3.009482041261644e-10,8.912521544558557e-10,2.4164829606476965e-18,2.4431310902575605e-18,1.6609531678178157e-11,1.9209635512809067e-11,1.1772303594641678e-11,2.466077358697863e-11,4.997805408625705e-15,9.385796995290426e-15,1.3398887981672045e-08,2.6137764058728778e-08,8.993542168283279e-19,2.663679388141198e-18,0.006446602444692658,0.013035386647160582,3.4678899869667017e-31,9.999999999996722e-31,6.421533040290054e-09,2.0439283647885254e-08,1.602908948610401e-10,4.980230804267288e-10
0.324,1456.1231035678616,4.9138550645586285,0.17845391473459404,3.5102463033206086,0.47196989626341496,0.06868389067206755,1.849783455419287e-05,1.3459579268177366e-06,1.4466020294954075e-11,1.6706749854956304e-11,2.9685808257782367e-12,6.856804604068761e-12,4.6699154003011107e-07,5.733063952393066e-07,0.2141564853342518,0.27849381779990234,2.2680494370041404e-14,5.4037528013612e-14,1.715244000010074e-12,4.211469674753503e-12,2.4696435867751385e-11,2.5006282896345157e-11,1.7635144038827282e-05,1.913958449217996e-05,0.022228883100060586,0.02574265207843229,0.2525580891166085,0.5106513136242252,0.03242406708637724,0.10300517666545883,1.7293879154413213e-07,3.622513043642612e-07,2.576079539214518e-06,5.583503723727061e-06,3.431267008978458e-06,7.936411767063443e-06,0.00016600326901524686,0.0003361719665900367,5.3931461774930604e-08,1.1314041093060587e-07,7.596207396010443e-06,1.6488467908848713e-05,2.9929076727798836e-10,8.864093191785159e-10,2.414542721785273e-18,2.4413502166062125e-18,1.6570268600334947e-11,1.9165645135011922e-11,1.1743936150479631e-11,2.460317075687516e-11,4.9820879063364235e-15,9.356972587757994e-15,1.3397933955137963e-08,2.6137838287259793e-08,8.968998900880993e-19,2.6566069388663592e-18,0.006446125127931521,0.01303538664721617,3.467633218827815e-31,9.99999999999673e-31,6.379083037675297e-09,2.0305671768629352e-08,1.5951382822591798e-10,4.956454363132549e-10
0.325,1455.8797783735513,4.91418513396382,0.17844192858106403,3.5158503673875674,0.47204553806203436,0.068699951250846,1.8458833995997644e-05,1.343218920020642e-06,1.4389426383523254e-11,1.6619514177109864e-11,2.951720710534557e-12,6.818362718304058e-12,4.65531430566932e-07,5.715559153094181e-07,0.2141030022707417,0.27844474624356186,2.2551814968807058e-14,5.3734894330613055e-14,1.7081488754703115e-12,4.1943573726707535e-12,2.4529975780688422e-11,2.4839561258813014e-11,1.756616386719406e-05,1.9066121947008813e-05,0.022191988881576707,0.025701816220907264,0.2525763046087506,0.5107257065779877,0.03242215905384249,0.10300669111994618,1.727139589492865e-07,3.6180696229216197e-07,2.5766546752546328e-06,5.585161074225365e-06,3.4202576030123728e-06,7.911529235825692e-06,0.00016505741958489206,0.0003342811196926071,5.3596310588114866e-08,1.1244558231278051e-07,7.5646596456704586e-06,1.642119752296355e-05,2.976509224179266e-10,8.816174324829355e-10,2.412615006579569e-18,2.4395805247023646e-18,1.6531313378568066e-11,1.9121994795478985e-11,1.1715783838015118e-11,2.4545997866560637e-11,4.966502228699366e-15,9.328386854531738e-15,1.339698631826985e-08,2.6137911942000233e-08,8.944643385218235e-19,2.649587735092801e-18,0.006445651029619267,0.01303538664727136,3.467378182023761e-31,9.999999999996745e-31,6.33712663387617e-09,2.0173601350323077e-08,1.5874521219840578e-10,4.932934536345599e-10
0.326,1455.6377778204846,4.914513955590308,0.17842998934033344,3.5214548064378475,0.47212068413666275,0.06871590813504484,1.84201144018834e-05,1.3404992956318383e-06,1.431363768705757e-11,1.6533187583933427e-11,2.935045733736365e-12,6.780339525732705e-12,4.640835850905533e-07,5.698199549008474e-07,0.21404987017305704,0.2783959865717479,2.2424545469966932e-14,5.3435549423000266e-14,1.701120949146187e-12,4.1774055091141736e-12,2.4365483226360917e-11,2.4674795429467853e-11,1.7497801793455074e-05,1.8993310148526083e-05,0.02215533612411931,0.025661241364316793,0.25259438622850783,0.510799587717276,0.03242027354833226,0.10300822654524167,1.7249052942120732e-07,3.613653159509045e-07,2.577226506972422e-06,5.586808748905699e-06,3.4093404072488725e-06,7.88685246303337e-06,0.00016412173841892175,0.00033241042530477767,5.326492971873545e-08,1.1175850707405084e-07,7.5334000042750606e-06,1.6354534637330677e-05,2.9602838761682335e-10,8.768756828827937e-10,2.410699636899865e-18,2.437821853997159e-18,1.649266175714178e-11,1.9078679824835624e-11,1.1687843773207172e-11,2.4489249199033934e-11,4.951046511020639e-15,9.30003644365856e-15,1.3396044995728328e-08,2.613798503082945e-08,8.920473099045807e-19,2.64262106757169e-18,0.0064451801115068515,0.01303538664732615,3.4671248559788205e-31,9.999999999996762e-31,6.2956555558494755e-09,2.004304671160646e-08,1.5798490416002232e-10,4.909667012778357e-10
0.327,1455.3970866636837,4.914841542852355,0.17841809650692966,3.5270596190637975,0.47219534030688975,0.06873176252608719,1.8381672113633563e-05,1.3377988034841127e-06,1.4238641243064236e-11,1.6447755524777367e-11,2.9185528278379674e-12,6.742728126788014e-12,4.6264783049495427e-07,5.680983105164253e-07,0.2139970848892259,0.2783475351472094,2.2298662550124308e-14,5.313943918318387e-14,1.6941592040028298e-12,4.16061167091264e-12,2.420292439745703e-11,2.4511951984889285e-11,1.7430048962604524e-05,1.8921139844951083e-05,0.022118922041055703,0.025620924547475624,0.25261233559479024,0.510872963072803,0.03241841028796895,0.10300978264852229,1.7226848586645063e-07,3.6092633287620574e-07,2.5777950690399032e-06,5.588446850953163e-06,3.398514155595276e-06,7.862378647083542e-06,0.00016319606317927626,0.000330559563718976,5.293725706408215e-08,1.1107905826767088e-07,7.502424369513396e-06,1.628847067226139e-05,2.944228870867017e-10,8.721832764927308e-10,2.408796437370202e-18,2.4360740463498257e-18,1.645430963086069e-11,1.9035695722467456e-11,1.1660113129168129e-11,2.4432919150199257e-11,4.935718926458062e-15,9.271918070960102e-15,1.3395109913434226e-08,2.6138057561341887e-08,8.896485571755486e-19,2.635706241546704e-18,0.006444712336023188,0.013035386647380517,3.46687322048198e-31,9.999999999996778e-31,6.254661720642513e-09,1.991398275910959e-08,1.5723276480157604e-10,4.886647581071576e-10
0.328,1455.1576899231495,4.915167908943149,0.17840624958373955,3.532664803872812,0.4722695122892606,0.06874751560431429,1.8343503542761263e-05,1.3351171981554683e-06,1.4164424372268309e-11,1.636320376562462e-11,2.9022389935117667e-12,6.705521774729099e-12,4.612239971346973e-07,5.66390782708628e-07,0.21394464234140473,0.2782993883972736,2.217414340489245e-14,5.2846510702872865e-14,1.6872626443706942e-12,4.1439734953819235e-12,2.4042266255953422e-11,2.4350998259125697e-11,1.736289669711881e-05,1.884960196897191e-05,0.02208274389415004,0.025580862860057976,0.2526301542977309,0.5109458385692459,0.032416568995637884,0.10301135914134783,1.720478115084773e-07,3.604899812030262e-07,2.578360395575414e-06,5.590075481871277e-06,3.387777606891796e-06,7.83810504126608e-06,0.00016228023503549034,0.0003287282221043704,5.261323189345106e-08,1.104071117393637e-07,7.471728721153589e-06,1.6222997218805255e-05,2.9283415097793396e-10,8.675394364448139e-10,2.4069052358537376e-18,2.434336946525377e-18,1.641625299025124e-11,1.8993038093259092e-11,1.163258913356193e-11,2.437700222358336e-11,4.920517684571876e-15,9.244028517396883e-15,1.339418099859826e-08,2.613812954095422e-08,8.872678380060416e-19,2.6288425754945767e-18,0.006444247666263017,0.013035386647434503,3.4666232556803803e-31,9.999999999996774e-31,6.214137224794544e-09,1.978638495423759e-08,1.5648865798817404e-10,4.86387212553227e-10
0.329,1454.919572869052,4.915493066843932,0.17839444808167,3.538270359487089,0.47234320570738136,0.06876316853088216,1.830560516413372e-05,1.3324542385192216e-06,1.4090974662777094e-11,1.6279518371181704e-11,2.8861012967476683e-12,6.6687138691136054e-12,4.598119185915983e-07,5.646971758008826e-07,0.21389253851759626,0.27825154280498804,2.2050965724060883e-14,5.255671221526066e-14,1.6804302944466041e-12,4.127488666717574e-12,2.3883476496313084e-11,2.419190230720284e-11,1.7296336486311045e-05,1.8778687626495974e-05,0.022046798990516314,0.025541053439303994,0.25264784389698086,0.511018220025028,0.03241474940223036,0.10301295575064909,1.71828489839048e-07,3.6005622956684307e-07,2.5789225201611547e-06,5.591694741554361e-06,3.3771295424054806e-06,7.814028948074046e-06,0.0001613740984217607,0.0003269160940229808,5.229279475583908e-08,1.0974254593673038e-07,7.44130911361377e-06,1.6158106022896168e-05,2.912619150942799e-10,8.629434020651143e-10,2.4050258638783464e-18,2.4326104026444408e-18,1.637848786694381e-11,1.8950702584624023e-11,1.160526906416236e-11,2.4321493021305616e-11,4.905441028941753e-15,9.216364624718821e-15,1.3393258179687168e-08,2.6138200977011235e-08,8.849049144139384e-19,2.622029400014522e-18,0.006443786065944399,0.013035386647488083,3.4663749420565114e-31,9.999999999996795e-31,6.17407433149402e-09,1.9660229272876318e-08,1.5575245058650855e-10,4.841336620877734e-10
0.33,1454.682721003469,4.915817029343278,0.17838269151894093,3.5438762845434097,0.4724164260976302,0.06877872244901646,1.8267973512917438e-05,1.329809687535371e-06,1.4018279959791861e-11,1.619668569336204e-11,2.8701368661008876e-12,6.632297949606283e-12,4.5841143153197787e-07,5.630172977198354e-07,0.21384076946786332,0.2782039949060892,2.192910767206496e-14,5.2269993049793e-14,1.6736611975107147e-12,4.111154914143075e-12,2.3726523517813103e-11,2.403463287784566e-11,1.723035997886693e-05,1.870838808884282e-05,0.022011084679404817,0.025501493466527674,0.2526654059243294,0.5110901131608284,0.032412951245494,0.10301457221575418,1.7161050460544564e-07,3.596250470799123e-07,2.5794814758935307e-06,5.593304728430837e-06,3.3665687649392916e-06,7.790147717246585e-06,0.00016047750091088782,0.00032512287918216143,5.1975887432352465e-08,1.0908524181234387e-07,7.411161672786688e-06,1.6093788978722032e-05,2.897059206663719e-10,8.583944282225996e-10,2.4031581563936525e-18,2.4308942659567425e-18,1.6341010324640392e-11,1.8908684876251625e-11,1.1578150246485552e-11,2.4266386239386142e-11,4.890487235649305e-15,9.188923292737306e-15,1.3392341386345215e-08,2.613827187680322e-08,8.825595525981848e-19,2.615266057368663e-18,0.006443327499366667,0.013035386647541248,3.466128260405514e-31,9.99999999999679e-31,6.134465464543114e-09,1.9535492186743995e-08,1.5502401234687686e-10,4.819037128676048e-10
0.331,1454.447120082245,4.916139809026542,0.17837097942146102,3.549482577692909,0.47248917888818065,0.06879417848020329,1.823060519557274e-05,1.3271833130417173e-06,1.3946328380892488e-11,1.611469238902879e-11,2.8543428944424358e-12,6.596267700073528e-12,4.570223760292248e-07,5.613509603893184e-07,0.21378933132229733,0.2781567413095001,2.1808547904520258e-14,5.1986303671965355e-14,1.6669544179496163e-12,4.094970016878985e-12,2.357137644737612e-11,2.387915943692466e-11,1.7164958996044932e-05,1.863869480704662e-05,0.02197559835722434,0.025462180172726438,0.2526828418911393,0.5111615236090721,0.03241117426014818,0.10301620825588297,1.7139383991187846e-07,3.591964035406229e-07,2.580037295367837e-06,5.5949055393683715e-06,3.356094103126277e-06,7.766458755674978e-06,0.00015959029353967112,0.00032334828409595303,5.1662453051570633e-08,1.0843508306690294e-07,7.3812826087658935e-06,1.603003815634495e-05,2.8816591456490905e-10,8.538917859655992e-10,2.4013019505143435e-18,2.42918838954721e-18,1.630381660136982e-11,1.8866980844595172e-11,1.1551230060938501e-11,2.4211676682578327e-11,4.875654616470885e-15,9.161701485287782e-15,1.3391430549394297e-08,2.6138342247288442e-08,8.802315236085642e-19,2.6085519034523258e-18,0.006442871931478879,0.01303538664759404,3.465883191872052e-31,9.999999999996769e-31,6.095303225291696e-09,1.941215071754113e-08,1.543032160525789e-10,4.796969802012715e-10
0.332,1454.2127560880917,4.916461418280365,0.17835931132265684,3.555089237600846,0.47256146942978905,0.06880953772964675,1.8193496872116236e-05,1.3245748864869012e-06,1.3875108280854897e-11,1.6033525379831335e-11,2.838716633378729e-12,6.560616935902267e-12,4.556445949839944e-07,5.596979790301735e-07,0.21373822026415715,0.2781097786665063,2.1689265520391202e-14,5.170559557099562e-14,1.6603090374109198e-12,4.0789317947997054e-12,2.3418005068535598e-11,2.372545209640975e-11,1.710012550703347e-05,1.8569599385538433e-05,0.02194033746096747,0.0254231108313967,0.2527001532761006,0.51123245689647,0.032409418193578954,0.10301786362152876,1.711784800628471e-07,3.5877026911117397e-07,2.5805900106687472e-06,5.596497269732312e-06,3.345704404354045e-06,7.74295951119542e-06,0.00015871233017362608,0.00032159202080823555,5.1352435854248575e-08,1.077919556591419e-07,7.351668194355004e-06,1.5966845755421615e-05,2.866416487441138e-10,8.494347608989031e-10,2.399457087395901e-18,2.427492630271697e-18,1.626690291509178e-11,1.88255863383001e-11,1.1524505930981561e-11,2.4157359240019377e-11,4.860941513097755e-15,9.134696219564012e-15,1.339052560083347e-08,2.6138412095472198e-08,8.779206022013422e-19,2.6018863044543443e-18,0.006442419327786041,0.013035386647646426,3.4656397178998822e-31,9.99999999999676e-31,6.0565803589253056e-09,1.929018233030123e-08,1.5358993714830882e-10,4.775130874081337e-10
0.333,1453.9796152304693,4.9167818693083465,0.1783476867628975,3.560696262946397,0.47263330298055695,0.0688248012838048,1.8156645265122147e-05,1.3219841835859523e-06,1.3804608262679954e-11,1.5953171865133264e-11,2.8232553937369596e-12,6.52533960521186e-12,4.5427793435718536e-07,5.580581724481107e-07,0.21368743254438044,0.27806310368880705,2.157124006987032e-14,5.1427821279312576e-14,1.653724156495608e-12,4.063038112617653e-12,2.3266379833471665e-11,2.3573481627017973e-11,1.7035851637092914e-05,1.850109359108414e-05,0.02190529946943676,0.025384282759930387,0.25271734153635556,0.5113029184647553,0.03240768279387732,0.10301953805611279,1.7096440965983122e-07,3.583466145196596e-07,2.581139653425878e-06,5.598080013485966e-06,3.3353985385409426e-06,7.719647481350636e-06,0.00015784346779131576,0.00031985380747290694,5.10457812956215e-08,1.0715574802222922e-07,7.322314776385668e-06,1.5904204129874312e-05,2.8513288033281843e-10,8.450226534638342e-10,2.3976234106480587e-18,2.4258068471472286e-18,1.623026558353696e-11,1.878449731688727e-11,1.1497975328702258e-11,2.4103428896935055e-11,4.846346299357084e-15,9.107904570318713e-15,1.3389626473762315e-08,2.6138481428172644e-08,8.756265674172857e-19,2.5952686385739447e-18,0.006441969654370038,0.013035386647698486,3.465397820243052e-31,9.999999999996778e-31,6.0182897700486175e-09,1.9169564983354002e-08,1.5288405384277061e-10,4.753516661426406e-10
0.334,1453.7476839636738,4.91710117411422,0.1783361052900981,3.566303652422428,0.4727046846956505,0.06883997020837634,1.8120047162978973e-05,1.3194109845526185e-06,1.3734817180388594e-11,1.5873619325364923e-11,2.807956545757345e-12,6.49042978936217e-12,4.5292224327173796e-07,5.564313631583172e-07,0.21363696448968103,0.2780167131571367,2.1454451556317202e-14,5.1152934377678244e-14,1.6471988952238556e-12,4.047286881039239e-12,2.3116471865033727e-11,2.3423219460621743e-11,1.6972129672266502e-05,1.8433169357925942e-05,0.021870481906877043,0.02534569332370119,0.2527344081086598,0.511372913669264,0.032405967807108374,0.10302123128656507,1.7075161362712283e-07,3.579254111123172e-07,2.5816862547700085e-06,5.599653863053466e-06,3.3251753994393053e-06,7.696520216400714e-06,0.00015698356654588215,0.0003181333684814839,5.074243606367006e-08,1.0652635110338627e-07,7.293218778914245e-06,1.5842105794867995e-05,2.836393716968495e-10,8.406547791299253e-10,2.395800766161058e-18,2.4241309011615587e-18,1.6193901082468166e-11,1.8743709918145703e-11,1.1471635777005277e-11,2.4049880739160513e-11,4.831867382222699e-15,9.081323671755319e-15,1.3388733102418548e-08,2.6138550251907128e-08,8.73349202842475e-19,2.5886982967878965e-18,0.006441522877935574,0.013035386647750183,3.465157480990663e-31,9.999999999996785e-31,5.980424525345842e-09,1.9050277137064156e-08,1.5218544713466403e-10,4.732123564785341e-10
0.335,1453.5169489292066,4.917419344525758,0.178324566458846,3.5719114047352916,0.47277561968237625,0.06885504555825367,1.8083699393440843e-05,1.3168550722155071e-06,1.3665724087665752e-11,1.579485546334997e-11,2.7928175111187736e-12,6.4558816848128875e-12,4.515773731227999e-07,5.548173763115156e-07,0.21358681245547093,0.2779706038679669,2.133888036749377e-14,5.0880889333529644e-14,1.6407323873934952e-12,4.031676043057381e-12,2.296825285299399e-11,2.327463758630205e-11,1.6908952020536855e-05,1.8365818746272156e-05,0.021835882329604605,0.025307339921346685,0.25275135439051966,0.5114424477551797,0.03240427300274522,0.10302294310710806,1.7054007698440634e-07,3.5750663038761306e-07,2.58222984537054e-06,5.601218909557948e-06,3.3150338936336523e-06,7.67357529412468e-06,0.000156132488858112,0.00031643043263921615,5.044234774705488e-08,1.0590365767175747e-07,7.264376671827285e-06,1.5780543359208347e-05,2.821608895671231e-10,8.363304658471109e-10,2.393989004653954e-18,2.4224646579232344e-18,1.6157805723973212e-11,1.8703220086391953e-11,1.1445484831796903e-11,2.39967099165729e-11,4.8175031929749255e-15,9.054950701226887e-15,1.3387845422119025e-08,2.6138618573519236e-08,8.710882946571022e-19,2.582174677152769e-18,0.006441078965627304,0.013035386647801508,3.4649186824684927e-31,9.999999999996787e-31,5.9429778061597e-09,1.8932297603702255e-08,1.5149400026587303e-10,4.710948052285953e-10
0.336,1453.2873970093997,4.917736392197677,0.17831306983028916,3.5775195186046327,0.47284611292358514,0.06887002836416169,1.8047598860508148e-05,1.314316234665838e-06,1.3597318299447846e-11,1.571686827519406e-11,2.777835770336523e-12,6.4216896201178484e-12,4.5024317872315017e-07,5.532160410867004e-07,0.2135369728937289,0.27792477271306687,2.122450734606047e-14,5.0611641668227544e-14,1.6343237881167492e-12,4.016203592377843e-12,2.2821695162907507e-11,2.3127708660390354e-11,1.6846311258955866e-05,1.8299033993042283e-05,0.021801498340621533,0.025269220000953517,0.2527681817763105,0.5115115259142782,0.03240259813009593,0.10302467323746978,1.7032978519410817e-07,3.570902447135615e-07,2.582770455485439e-06,5.602775242750182e-06,3.304972956437855e-06,7.65081035641624e-06,0.00015529010063566805,0.0003147447356304858,5.014546527755978e-08,1.0528756324571216e-07,7.235785015620754e-06,1.5719509622238432e-05,2.8069720596052035e-10,8.320490567600604e-10,2.3921879769726756e-18,2.420807982829834e-18,1.6121976153540924e-11,1.8663024147280026e-11,1.1419520106109765e-11,2.3943911692996462e-11,4.8032521983807436e-15,9.028782900012444e-15,1.3386963369188177e-08,2.613868639920932e-08,8.68843634395227e-19,2.575697192914287e-18,0.006440637885234273,0.013035386647852448,3.4646814073489597e-31,9.999999999996787e-31,5.905942973217728e-09,1.8815605753382312e-08,1.5080959935797616e-10,4.6899866791499e-10
0.337,1453.059015278663,4.9180523285987405,0.17830161497259736,3.583127992763174,0.47291616935471614,0.06888491964597385,1.80117425055321e-05,1.3117942624699316e-06,1.3529589320330099e-11,1.563964596824048e-11,2.7630088531172274e-12,6.3878480339288365e-12,4.489195170626496e-07,5.516271891873214e-07,0.21348744228423358,0.2778792165986269,2.1111313701475887e-14,5.0345147749345055e-14,1.6279722655101255e-12,4.000867553160714e-12,2.2676771699824606e-11,2.2982405869559686e-11,1.6784200082184786e-05,1.823280745668395e-05,0.021767327575730563,0.025231331044797984,0.2527848916194666,0.5115801532240448,0.03240094296343332,0.10302642146952902,1.7012072379883973e-07,3.566762265793088e-07,2.58330811488033e-06,5.604322951003345e-06,3.2949915351617093e-06,7.62822307083199e-06,0.00015445626991407595,0.0003130760172790389,4.985173843097711e-08,1.0467796505008437e-07,7.20744041353647e-06,1.5658997470486215e-05,2.792480970832123e-10,8.278099069950994e-10,2.390397538967158e-18,2.4191607460800328e-18,1.608640886033133e-11,1.8623118241600296e-11,1.1393739244493017e-11,2.3891481393341923e-11,4.789112888539818e-15,9.002817550804006e-15,1.3386086881035512e-08,2.613875373548959e-08,8.666150160686852e-19,2.569265264072991e-18,0.006440199604991838,0.013035386647903038,3.4644456385445554e-31,9.999999999996774e-31,5.8693134941687185e-09,1.8700181284168774e-08,1.5013213266076265e-10,4.669236064531178e-10
0.338,1452.8317910354772,4.918367165030838,0.17829020146026459,3.5887368259565275,0.4729857938016384,0.06889972040208911,1.7976127338065787e-05,1.3092889508902548e-06,1.3462526894683579e-11,1.5563177018845977e-11,2.7483343438201562e-12,6.3543514875707614e-12,4.4760624824091085e-07,5.500506559778116e-07,0.21343821719069683,0.27783393251212213,2.0999281064653546e-14,5.008136492060281e-14,1.6216770069913191e-12,3.98566599543809e-12,2.2533455993772804e-11,2.2838703017381216e-11,1.672261133983434e-05,1.816713165745559e-05,0.021733367713644817,0.025193670580545793,0.25280148526591845,0.5116483347037257,0.03239930726317844,0.10302818754158818,1.6991287872181104e-07,3.562645492174307e-07,2.5838428529180517e-06,5.605862121379336e-06,3.285088602532556e-06,7.6058111615303886e-06,0.000153630867883446,0.0003114240236262207,4.9561118200248383e-08,1.040747627989693e-07,7.179339549539994e-06,1.559899995993844e-05,2.7781334403430273e-10,8.236123857382184e-10,2.3886175471544758e-18,2.417522818233105e-18,1.6051100582668157e-11,1.8583498794310638e-11,1.1368139942981062e-11,2.3839414445023046e-11,4.77508378593683e-15,8.977051994567927e-15,1.3385215896051671e-08,2.613882058839285e-08,8.64402238433751e-19,2.5628783240563692e-18,0.006439764093726568,0.013035386647953302,3.4642113592858262e-31,9.999999999996774e-31,5.833082998507877e-09,1.8586004396971324e-08,1.4946149106544051e-10,4.6486929074281957e-10
0.339,1452.6057117718583,4.91868091261593,0.178278828874576,3.594346016942988,0.4730549910333916,0.0689144316184877,1.7940750409602147e-05,1.3068000980034162e-06,1.3396120957939433e-11,1.5487450116586966e-11,2.733809875202769e-12,6.321194650805593e-12,4.463032346286428e-07,5.48486279467312e-07,0.21338929421345496,0.2777889174664263,2.0888391428529532e-14,4.982025136189879e-14,1.6154372136304155e-12,3.970597021347796e-12,2.2391722106504023e-11,2.2696574430729517e-11,1.6661538001793264e-05,1.8101999240268652e-05,0.021699616466878863,0.025156236171256154,0.2528179640272033,0.51171607527017,0.032397690807629664,0.10302997124134616,1.6970623602012342e-07,3.558551860944927e-07,2.5843746984924333e-06,5.607392839596688e-06,3.275263145125858e-06,7.583572382685402e-06,0.0001528137679697954,0.00030978850507967456,4.927355645708195e-08,1.0347785798906541e-07,7.151479155934611e-06,1.5539510246124003e-05,2.7639273205985997e-10,8.194558740514907e-10,2.3868478621526023e-18,2.415894073735278e-18,1.601604797843338e-11,1.8544162133423118e-11,1.134271993182132e-11,2.378770634231178e-11,4.761163437243398e-15,8.951483615365897e-15,1.3384350353666712e-08,2.613888696411538e-08,8.62205103023659e-19,2.5565358139489982e-18,0.006439331320725858,0.013035386648003248,3.463978553051206e-31,9.999999999996781e-31,5.797245228413337e-09,1.8473055639628983e-08,1.4879756759375613e-10,4.6283539709476504e-10
0.34,1452.3807651726906,4.91899358232183,0.17826749680266743,3.5999555644933583,0.4731237657381084,0.06892905426486452,1.790560882490202e-05,1.3043275055224066e-06,1.3330361652301214e-11,1.541245418253331e-11,2.7194331288123624e-12,6.288372302794694e-12,4.4501034118099136e-07,5.469339006948101e-07,0.21334067001235835,0.2777441685282888,2.0778627159511523e-14,4.9561766117056214e-14,1.6092521024236253e-12,3.9556587707336324e-12,2.225154465293074e-11,2.2555994981814395e-11,1.66009731695488e-05,1.80374029870217e-05,0.0216660715837502,0.025119025417624792,0.25283432919821297,0.5117833797711229,0.03239609337395366,0.10303177234495091,1.69500782007978e-07,3.5544811116811576e-07,2.584903680112949e-06,5.6089151901847405e-06,3.2655141690085067e-06,7.5615045315526364e-06,0.00015200484620068067,0.00030816921715701563,4.898900608520788e-08,1.0288715418057148e-07,7.1238560277782195e-06,1.5480521615474884e-05,2.749860507240088e-10,8.153397653864707e-10,2.3850883465126953e-18,2.41427438871644e-18,1.5981247799766078e-11,1.8505104692211504e-11,1.1317476982540657e-11,2.3736352661119236e-11,4.747350416249254e-15,8.92610984586656e-15,1.3383490194241634e-08,2.613895286867587e-08,8.600234150735802e-19,2.550237185232173e-18,0.006438901255769751,0.013035386648052863,3.4637472035841605e-31,9.999999999996822e-31,5.761794059043391e-09,1.8361315971801677e-08,1.4814025755249593e-10,4.608216087140539e-10
0.341,1452.15693912091,4.91930518495219,0.1782562048378832,3.6055654673907607,0.47319212252428833,0.06894358929472255,1.7870699740457177e-05,1.3018709786870385e-06,1.3265239321780817e-11,1.5338178363680536e-11,2.70520183444773e-12,6.255879330934646e-12,4.4372743538410025e-07,5.453933636657369e-07,0.21329234130509034,0.2776996828159128,2.0669970990566524e-14,4.930586907797092e-14,1.6031209058216806e-12,3.940849420014378e-12,2.2112898789078306e-11,2.2416940076361152e-11,1.6540910074162746e-05,1.7973335814509025e-05,0.021632730849049226,0.025082035958781914,0.2528505820545817,0.5118502529793072,0.0323945147406119,0.10303359062460556,1.6929650324040604e-07,3.5504329885302124e-07,2.585429825874676e-06,5.610429256410796e-06,3.2558406986862986e-06,7.539605446064417e-06,0.0001512039811286412,0.0003065659203344341,4.8707420948862595e-08,1.0230255693250863e-07,7.096467020755446e-06,1.542202748080439e-05,2.7359309383482534e-10,8.112634653738287e-10,2.383338865058912e-18,2.412663641333724e-18,1.5946696889831146e-11,1.846632300552868e-11,1.1292408906941963e-11,2.3685349056948663e-11,4.733643323341897e-15,8.900928166403842e-15,1.3382635359085772e-08,2.6139018307921605e-08,8.578569833927716e-19,2.5439818994123957e-18,0.006438473869137748,0.013035386648102129,3.4635172948968067e-31,9.999999999996832e-31,5.726723493928305e-09,1.8250766750584304e-08,1.4748945847863975e-10,4.588276155344944e-10
0.342,1451.9342216916925,4.9196157311462745,0.1782449525797782,3.611175724430451,0.4732600659281777,0.06895803764665821,1.7836020361814374e-05,1.2994303260770094e-06,1.3200744503866338e-11,1.526461202354922e-11,2.6911137684787023e-12,6.223710727077152e-12,4.424543871391998e-07,5.438645152140928e-07,0.2132443048607061,0.2776554574915243,2.0562406008449258e-14,4.90525209549789e-14,1.5970428709706218e-12,3.926167180362026e-12,2.197576019154851e-11,2.2279385633271046e-11,1.648134207079816e-05,1.7909790768656845e-05,0.021599592082502145,0.025045265470640576,0.2528667238495547,0.511916699587694,0.032392954691276364,0.10303542586136576,1.6909338649279788e-07,3.5464072397979777e-07,2.585953163456404e-06,5.611935120292922e-06,3.2462417759194072e-06,7.51787300215059e-06,0.0001504110537047922,0.0003049783797954319,4.8428755844996046e-08,1.0172397370424618e-07,7.069309047531693e-06,1.5364021373549947e-05,2.72213659283107e-10,8.072263913579245e-10,2.3815992850814272e-18,2.411061711977163e-18,1.5912392137312183e-11,1.842781365724341e-11,1.1267513555175412e-11,2.3634691261009285e-11,4.720040784372367e-15,8.875936102918798e-15,1.3381785790457692e-08,2.613908328761699e-08,8.557056200741961e-19,2.5377694271786817e-18,0.006438049131587396,0.013035386648150992,3.46328881125846e-31,9.999999999996832e-31,5.692027658362829e-09,1.8141389709817387e-08,1.468450700455009e-10,4.5685311393335903e-10
0.343,1451.7126011419014,4.919925231387516,0.1782337396338026,3.6167863344196403,0.4733276004190551,0.06897240024541004,1.7801567939099525e-05,1.2970053592949137e-06,1.3136867919235845e-11,1.519174473053103e-11,2.677166751825927e-12,6.191861582965535e-12,4.4119106860711383e-07,5.423472048163147e-07,0.21319655749552785,0.27761148975727584,2.0455915637011993e-14,4.8801683237894395e-14,1.5910172587313828e-12,3.911610295338456e-12,2.184010503414103e-11,2.2143308061403756e-11,1.6422262631683795e-05,1.7846761017073518e-05,0.02156665313679272,0.02500871166375586,0.2528827558141617,0.5119827242119664,0.032391413015654257,0.10303727784821014,1.6889141872712615e-07,3.54240361726075e-07,2.5864737201375735e-06,5.613432862659161e-06,3.2367164581920745e-06,7.4963051102637e-06,0.00014962594711762442,0.00030340636510910196,4.815296644280103e-08,1.0115131373041658e-07,7.042379072765765e-06,1.530649693310914e-05,2.708475488614952e-10,8.03227971873457e-10,2.3798694765867503e-18,2.409468483535718e-18,1.5878330455286516e-11,1.8389573255910685e-11,1.1242788812645623e-11,2.3584375073907305e-11,4.706541449034939e-15,8.851131223993931e-15,1.3380941431528856e-08,2.6139147813484934e-08,8.53569140306012e-19,2.5315992478638703e-18,0.006437627014326689,0.013035386648199558,3.463061737180702e-31,9.99999999999683e-31,5.657700791078897e-09,1.8033166933917828e-08,1.462069939526046e-10,4.5489780639574475e-10
0.34400000000000003,1451.4920659053519,4.920233696012745,0.1782225656109622,3.6223972961773274,0.47339473039654045,0.068986678001503,1.776733976955924e-05,1.294595893155763e-06,1.307360047288012e-11,1.5119566259366497e-11,2.663358649402659e-12,6.160327089027087e-12,4.399373542532777e-07,5.408412846495825e-07,0.21314909607615662,0.27756777685943634,2.0350483635170733e-14,4.855331819181193e-14,1.5850433440633671e-12,3.897177041870228e-12,2.17059099845738e-11,2.2008684256642045e-11,1.636366534699598e-05,1.778423985013537e-05,0.02153391189704057,0.024972372282782648,0.25289867916092157,0.5120483313983318,0.03238988950592193,0.10303914637878096,1.6869058712383568e-07,3.5384218768414675e-07,2.5869915228288322e-06,5.614922563216615e-06,3.2272638197762885e-06,7.4748997178833985e-06,0.00014884854685903894,0.00030184965036792025,4.78800093066522e-08,1.005844880706097e-07,7.015674116281262e-06,1.5249447913848628e-05,2.694945682331644e-10,7.992676465624105e-10,2.378149311670285e-18,2.407883840766123e-18,1.584450881302679e-11,1.8351598471667182e-11,1.1218232601455195e-11,2.353439636876572e-11,4.693143991277714e-15,8.826511141673458e-15,1.3380102226341389e-08,2.6139211891144522e-08,8.514473624831663e-19,2.52547084978664e-18,0.006437207489008919,0.013035386648247787,3.4628360574146994e-31,9.99999999999684e-31,5.623737248000656e-09,1.79260808701416e-08,1.4557513392881966e-10,4.529614015294586e-10
0.34500000000000003,1451.2726046030016,4.920541135205736,0.17821143012804708,3.6280086085341248,0.4734614601816237,0.06900087180960172,1.7733333200330992e-05,1.2922017458861428e-06,1.3010933256416049e-11,1.504806659391516e-11,2.649687370133357e-12,6.129102534464295e-12,4.386931209280361e-07,5.39346609690536e-07,0.21310191752703017,0.2775243160969899,2.024609409756013e-14,4.8307388859046846e-14,1.5791204164541124e-12,3.882865731315382e-12,2.1573152205534268e-11,2.187549160322048e-11,1.6305543928217714e-05,1.7722220684666678e-05,0.021501366283140623,0.02493624510911488,0.2529144950868528,0.5121135256271441,0.03238838395268007,0.10304103123403592,1.6849087910813504e-07,3.5344617791494374e-07,2.587506598056113e-06,5.61640430048909e-06,3.2178829528947083e-06,7.453654812210494e-06,0.0001480787407864242,0.000300308014315858,4.760984191565701e-08,1.0002340965139594e-07,6.989191256116893e-06,1.5192868191767867e-05,2.681545269685233e-10,7.953448662881811e-10,2.3764386641905186e-18,2.4063076699537575e-18,1.5810924293625774e-11,1.8313886102951604e-11,1.1193842882191923e-11,2.3484751094937165e-11,4.679847110066035e-15,8.802073512898775e-15,1.3379268119812833e-08,2.613927552599824e-08,8.493401084356515e-19,2.5193837309258264e-18,0.006436790527762844,0.013035386648295745,3.462611756967352e-31,9.99999999999684e-31,5.590131505201393e-09,1.7820114338204516e-08,1.449493957547878e-10,4.5104361413740923e-10
0.34600000000000003,1451.0542060271246,4.920847558996488,0.1782003328076525,3.633620270332082,0.47352779403819334,0.06901498255226828,1.7699545618383e-05,1.2898227384064109e-06,1.2948857528129927e-11,1.4977235904375718e-11,2.6361508639791257e-12,6.098183300506397e-12,4.374582475301675e-07,5.378630373090821e-07,0.2130550188114382,0.2774811047995295,2.0142731428487475e-14,4.8063858998028806e-14,1.5732477777124693e-12,3.868674704101165e-12,2.1441809314232114e-11,2.1743707933271507e-11,1.624789219376826e-05,1.7660697048595432e-05,0.021469014245518347,0.024900327956235938,0.25293020476371725,0.5121783112977979,0.03238689615687409,0.10304293222112322,1.6829228225912117e-07,3.530523087611418e-07,2.588018971948159e-06,5.617878151840327e-06,3.2085729634593637e-06,7.432568410400335e-06,0.00014731641876370696,0.00029878123962677147,4.734242253193145e-08,9.946799299190564e-08,6.962927616208357e-06,1.51367517379662e-05,2.668272382158522e-10,7.914590921748957e-10,2.374737410931552e-18,2.4047398601139882e-18,1.5777573963124225e-11,1.8276432925153913e-11,1.1169617647211399e-11,2.3435435264200396e-11,4.666649526076455e-15,8.777816033412081e-15,1.3378439057743313e-08,2.6139338723487334e-08,8.472472026709834e-19,2.5133373967056965e-18,0.0064363761031331155,0.013035386648343382,3.4623888210693253e-31,9.999999999996843e-31,5.556878140054707e-09,1.7715250470634713e-08,1.4432968704957191e-10,4.491441645625091e-10
0.34700000000000003,1450.8368591418257,4.9211529772767,0.17818927327761339,3.6392322804245305,0.4735937361571138,0.06902901109738285,1.7665974457385857e-05,1.2874586948299663e-06,1.2887364721826284e-11,1.4907064557620334e-11,2.62274712222451e-12,6.067564861122851e-12,4.3623261519516904e-07,5.363904275003213e-07,0.2130083969465612,0.2774381403459135,2.004038034769363e-14,4.782269309743908e-14,1.5674247433102106e-12,3.854602333035533e-12,2.1311859393247782e-11,2.1613311538087963e-11,1.6190704075770043e-05,1.7599662588350162e-05,0.021436853766606173,0.024864618671383433,0.25294580934947286,0.5122426927500384,0.03238542591748009,0.10304484913384722,1.6809478438540566e-07,3.526605570049896e-07,2.5885286702866905e-06,5.619344193561647e-06,3.199332974242246e-06,7.411638566913028e-06,0.00014656147288093888,0.00029726911335201236,4.707771027878124e-08,9.89181543690322e-08,6.936880375187647e-06,1.5081092637812777e-05,2.655125187940656e-10,7.876097958881277e-10,2.373045430298005e-18,2.40318030166424e-18,1.5744454979004688e-11,1.8239235816264925e-11,1.1145554924907048e-11,2.3386444959703993e-11,4.653549983446959e-15,8.753736441055248e-15,1.337761498675429e-08,2.613940148888011e-08,8.451684729510544e-19,2.507331361706545e-18,0.0064359641881029635,0.013035386648390643,3.462167235187212e-31,9.999999999996843e-31,5.523971843095864e-09,1.7611472750776778e-08,1.4371591735835554e-10,4.472627789633447e-10
0.34800000000000003,1450.6205530753687,4.921457399792597,0.17817825117125938,3.6448446376759147,0.47365929067272255,0.06904295830093503,1.7632617190608964e-05,1.2851094419561797e-06,1.2826446432276765e-11,1.4837543100601704e-11,2.609474175419524e-12,6.03724277836813e-12,4.350161070557058e-07,5.349286425954627e-07,0.21296204898853624,0.27739542014648333,1.993902587208128e-14,4.7583856333440635e-14,1.5616506407608725e-12,3.840647019369216e-12,2.11832809609045e-11,2.1484281138536014e-11,1.6133973609982203e-05,1.7539111058123814e-05,0.021404882858231323,0.0248291151327043,0.252961309979195,0.5123066742484875,0.03238397304196519,0.10304678178655137,1.6789837345814486e-07,3.5227089973030894e-07,2.589035718480304e-06,5.620802500846596e-06,3.1901621216892626e-06,7.390863366208671e-06,0.00014581379718921412,0.00029577142638784003,4.681566504299789e-08,9.837381161402016e-08,6.91104675735598e-06,1.5025885071506164e-05,2.6421018895613894e-10,7.837964589459932e-10,2.37136260326011e-18,2.40162888739693e-18,1.5711564503321694e-11,1.820229165641026e-11,1.1121652774995001e-11,2.333777632627712e-11,4.640547247454357e-15,8.729832511489639e-15,1.337679585429721e-08,2.613946382744126e-08,8.43103749656933e-19,2.501365147803359e-18,0.006435554756056745,0.01303538664843764,3.4619469850033553e-31,9.999999999996867e-31,5.491407403958399e-09,1.7508764968313678e-08,1.4310799799541926e-10,4.453991888324238e-10
0.34900000000000003,1450.4052771222991,4.9217608361566905,0.17816726612698444,3.6504573409616423,0.473724461648072,0.06905682500460207,1.7599471336149427e-05,1.2827748096496544e-06,1.2766094421808354e-11,1.4768662268063398e-11,2.596330093532673e-12,6.007212702780858e-12,4.3380860838995875e-07,5.334775474444743e-07,0.2129159720462224,0.27735294166001234,1.983865331923116e-14,4.734731457842228e-14,1.5559248106490903e-12,3.826807195337794e-12,2.1056052979033953e-11,2.1356595893170335e-11,1.6077694941265268e-05,1.7479036325847935e-05,0.021373099563272976,0.024793815251123355,0.2529767077751331,0.5123702600010406,0.0323825373353559,0.10304872997895739,1.6770303766904417e-07,3.51883314443296e-07,2.589540141601025e-06,5.622253147848103e-06,3.1810595584644925e-06,7.37024092864491e-06,0.0001450732878666733,0.000294287973814194,4.65562475331435e-08,9.783488423580154e-08,6.885424039481286e-06,1.497112332888794e-05,2.629200724650971e-10,7.800185729495662e-10,2.369688812347462e-18,2.4000855114534366e-18,1.5678899794189892e-11,1.816559743381635e-11,1.1097909291775544e-11,2.328942557725103e-11,4.6276401058697984e-15,8.706102060749651e-15,1.337598160861142e-08,2.6139525744252883e-08,8.410528663188336e-19,2.495438285736747e-18,0.006435147780803565,0.013035386648484307,3.461728056428609e-31,9.99999999999688e-31,5.459179720251734e-09,1.7407111247747357e-08,1.4250584211108128e-10,4.4355313120696624e-10
0.35000000000000003,1450.1910207397045,4.922063295838945,0.17815631778856172,3.6560703891679194,0.47378925308758885,0.06907061203784802,1.756653445172768e-05,1.2804546304688624e-06,1.2706300608858583e-11,1.470041296950074e-11,2.583312984284152e-12,5.977470369617173e-12,4.326100064405925e-07,5.320370091977576e-07,0.2128701632695545,0.2773107023796643,1.9739248292919196e-14,4.711303436714049e-14,1.5502466053800603e-12,3.813081321125874e-12,2.0930154828951077e-11,2.1230235374264195e-11,1.602186231594206e-05,1.7419432365054384e-05,0.021341501953960583,0.024758716968504096,0.2529920038390146,0.5124334541452041,0.032381118608876415,0.10305069352405392,1.6750876538066657e-07,3.5149777897005345e-07,2.5900419643558207e-06,5.623696207637126e-06,3.1720244510105813e-06,7.349769404884632e-06,0.0001443398430119772,0.00029281855448005695,4.6299419203036194e-08,9.730129326181934e-08,6.860009543935473e-06,1.491680179467143e-05,2.6164199640511303e-10,7.762756390333199e-10,2.3680239423751583e-18,2.398550070070623e-18,1.5646458135390693e-11,1.8129150163386515e-11,1.1074322600664936e-11,2.3241388987336517e-11,4.614827367219198e-15,8.68254294203985e-15,1.3375172198742511e-08,2.6139587244352113e-08,8.3901565911193e-19,2.4895503136348125e-18,0.006434743236552316,0.013035386648530649,3.461510435588883e-31,9.999999999996874e-31,5.427283786543546e-09,1.7306496013577834e-08,1.4190936456704058e-10,4.41724348286711e-10
0.35100000000000003,1449.9777735396028,4.922364788178556,0.17814540580471291,3.6616837811916025,0.47385366893588426,0.06908432021787053,1.7533804134797574e-05,1.278148739679461e-06,1.2647057065932321e-11,1.4632786286962074e-11,2.5704209922505827e-12,5.9480115968546146e-12,4.314201903973279e-07,5.306068972878581e-07,0.21282461985134715,0.2772686998359283,1.9640796677074693e-14,4.6880982882891015e-14,1.5446153891519375e-12,3.799467884830192e-12,2.0805566303632208e-11,2.1105179560217793e-11,1.5966470080305816e-05,1.7360293253381024e-05,0.02131008813085649,0.024723818256553336,0.2530071992557237,0.512496260756474,0.03237971667669004,0.10305267223793178,1.6731554513600766e-07,3.511142714777578e-07,2.590541211119072e-06,5.625131752282773e-06,3.1630559798081558e-06,7.32944697654048e-06,0.00014361336264269916,0.00029136297100374473,4.6045142250087105e-08,9.677296123588431e-08,6.834800639255362e-06,1.4862914949776614e-05,2.6037579111716904e-10,7.725671676832259e-10,2.366367880098742e-18,2.3970224612378475e-18,1.5614236848351923e-11,1.809294690065879e-11,1.1050890858087244e-11,2.3193662892503382e-11,4.602107860543484e-15,8.659153045334961e-15,1.3374367574504293e-08,2.6139648332707744e-08,8.369919669382548e-19,2.483700777268527e-18,0.0064343410978991095,0.01303538664857671,3.4612941088183926e-31,9.999999999996888e-31,5.395714694535453e-09,1.7206903991124616e-08,1.4131848191131616e-10,4.3991258736064616e-10
0.352,1449.7655252931618,4.922665322381893,0.1781345298291782,3.6672975159400476,0.47391771307296515,0.0690979503487436,1.750127802366123e-05,1.2758569753356262e-06,1.2588356019281882e-11,1.4565773474781115e-11,2.5576522984549743e-12,5.918832284292771e-12,4.3023905142176133e-07,5.291870834609395e-07,0.21277933903143315,0.27722693160147177,1.954328463310284e-14,4.6651127951506165e-14,1.539030538072679e-12,3.7859654027621706e-12,2.0682267604048442e-11,2.0981408832087477e-11,1.5911512681464628e-05,1.730161317354507e-05,0.021278856223931,0.024689117118052262,0.25302229509541135,0.5125586838514664,0.03237833135333016,0.1030546659313927,1.671233656712823e-07,3.5073277050114424e-07,2.591037905927422e-06,5.626559852827993e-06,3.1541533399564366e-06,7.309271857533668e-06,0.00014289374870816757,0.0002899210298012749,4.579337961790407e-08,9.624981222458339e-08,6.809794741337025e-06,1.4809457373981047e-05,2.591212901861787e-10,7.688926787042075e-10,2.3647205139970478e-18,2.395502584473667e-18,1.5582233330678396e-11,1.8056984786462525e-11,1.1027612252138631e-11,2.314624369138606e-11,4.589480435607311e-15,8.635930297787804e-15,1.3373567686468085e-08,2.6139709014144426e-08,8.349816315182126e-19,2.477889230325522e-18,0.006433941339840722,0.013035386648622492,3.4610790626668755e-31,9.999999999996893e-31,5.3644676336131305e-09,1.710832020846819e-08,1.4073311237272128e-10,4.381176007926652e-10
0.353,1449.5542659115208,4.922964907526988,0.17812368952054963,3.6729115923309625,0.473981389336027,0.06911150322528224,1.746895378887448e-05,1.2735791776691375e-06,1.2530189831994474e-11,1.4499365940285191e-11,2.5450051178477884e-12,5.889928407844411e-12,4.2906648235057806e-07,5.277774414191233e-07,0.21273431807776097,0.2771853952693701,1.944669857799227e-14,4.642343799004274e-14,1.5334914382927995e-12,3.77257241491548e-12,2.056023930454462e-11,2.085890393896164e-11,1.5856984654348903e-05,1.7243386399480484e-05,0.021247804387739568,0.024654611581546314,0.2530372924046426,0.512620727375118,0.03237696246488762,0.10305667444660414,1.6693221584004896e-07,3.5035325478720967e-07,2.591532072485066e-06,5.627980579356876e-06,3.145315737361832e-06,7.289242285363893e-06,0.00014218090479377045,0.0002884925404922075,4.554409488880331e-08,9.573177159344117e-08,6.784989303069261e-06,1.4756423723608503e-05,2.5787833014396153e-10,7.652517003536701e-10,2.3630817352113165e-18,2.3939903418031654e-18,1.555044493265545e-11,1.8021260904040435e-11,1.100448499679287e-11,2.3099127833414872e-11,4.5769439599948265e-15,8.61287265838469e-15,1.337277248595047e-08,2.6139769293583926e-08,8.329844966826735e-19,2.4721152323417103e-18,0.0064335439377092764,0.013035386648667924,3.4608652838644938e-31,9.999999999996888e-31,5.333537875577506e-09,1.701072994814539e-08,1.4015317567896606e-10,4.3633914546342327e-10
0.354,1449.3439854650146,4.923263552574621,0.1781128845418656,3.6785260092922742,0.47404470148168326,0.06912497962659124,1.743682914821686e-05,1.2713151901661066e-06,1.2472551027155838e-11,1.4433555270526323e-11,2.5324777015130765e-12,5.861296024619222e-12,4.2790237815463424e-07,5.263778473799655e-07,0.21268955432042358,0.2771440884937479,1.9351025207329394e-14,4.619788206154674e-14,1.527997489019939e-12,3.759287492352523e-12,2.043946239128598e-11,2.0737646036955233e-11,1.5802880640185454e-05,1.7185607316279147e-05,0.021216930807678197,0.024620299708304188,0.2530521922269963,0.5126823952354465,0.03237560982526594,0.1030586975801363,1.6674208476253962e-07,3.4997570360424667e-07,2.5920237342083047e-06,5.629394001014349e-06,3.1365423955525942e-06,7.269356536829962e-06,0.0001414747366020639,0.00028707731687462333,4.5297252455398105e-08,9.521876636734364e-08,6.760381832793906e-06,1.4703808771555734e-05,2.566467508104959e-10,7.61643770350582e-10,2.361451435276577e-18,2.3924856354291164e-18,1.5518869191772013e-11,1.7985772550620907e-11,1.0981507341574433e-11,2.3052311838864096e-11,4.564497323490809e-15,8.589978126104427e-15,1.3371981924959126e-08,2.6139829175587074e-08,8.310004096286219e-19,2.4663783524011752e-18,0.0064331488672590385,0.013035386648713104,3.4606527593684575e-31,9.999999999996881e-31,5.302920799826855e-09,1.6914118827439232e-08,1.3957859329696178e-10,4.3457698351607197e-10
0.355,1449.1346741676816,4.923561266345278,0.17810211456144068,3.6841407657619683,0.47410765322833076,0.06913838032316916,1.740490184864609e-05,1.269064858271324e-06,1.2415432255770215e-11,1.4368333195481334e-11,2.52006833289803e-12,5.8329312643353896e-12,4.2674663536756296e-07,5.24988179382739e-07,0.21264504511292687,0.27710300894312917,1.9256251459215353e-14,4.597442978999857e-14,1.5225480986444615e-12,3.746109227746066e-12,2.0319918202871485e-11,2.0617616629515678e-11,1.574919536334973e-05,1.712827039534023e-05,0.02118623369389247,0.024586179585619834,0.25306699557804563,0.5127436912597773,0.032374273264452476,0.1030607351743503,1.665529616469078e-07,3.496000963718316e-07,2.592512914144363e-06,5.630800185905219e-06,3.1278325474759067e-06,7.249612909146403e-06,0.00014077515132237305,0.00028567517565268434,4.505281729163445e-08,9.471072475163442e-08,6.735969871543651e-06,1.4651607358069548e-05,2.5542639480869125e-10,7.58068434452763e-10,2.359829508838189e-18,2.390988370518136e-18,1.5487503575128986e-11,1.7950516939201922e-11,1.0958677559814321e-11,2.300579227457167e-11,4.5521394325988486e-15,8.567244729751407e-15,1.3371195956268284e-08,2.6139888664856924e-08,8.29029219402054e-19,2.460678164674511e-18,0.006432756104578716,0.013035386648758016,3.460441476315923e-31,9.999999999996904e-31,5.272611860044719e-09,1.681847269257466e-08,1.390092880946199e-10,4.3283088131279543e-10
0.356,1448.9263223820276,4.92385805754627,0.17809137925188012,3.6897558606879595,0.47417024822344916,0.069151706071551,1.7373169679719752e-05,1.2668280303586432e-06,1.2358826316907582e-11,1.430369161136316e-11,2.507775329390912e-12,5.804830332977404e-12,4.255991524798863e-07,5.236083177706721e-07,0.2126007878627211,0.2770621543379472,1.9162364532111073e-14,4.575305140295855e-14,1.5171426874819097e-12,3.733036242115271e-12,2.0201588461690133e-11,2.0498797599320414e-11,1.5695923646353718e-05,1.707137021060711e-05,0.021155711284911304,0.024552249330855865,0.2530817034674297,0.5128046192351202,0.03237295260442335,0.1030627870398441,1.6636483593203636e-07,3.4922641295798e-07,2.5929996350597286e-06,5.6321992012378765e-06,3.1191854417144005e-06,7.230009734315442e-06,0.0001400820580789637,0.00028428593734620446,4.481075511313513e-08,9.420757646936814e-08,6.711751010217284e-06,1.4599814428054133e-05,2.5421710782663513e-10,7.545252472352167e-10,2.358215851283073e-18,2.389498452782482e-18,1.5456345679674574e-11,1.7915491430497083e-11,1.0935993957152312e-11,2.2959565771647727e-11,4.53986921424515e-15,8.544670534883673e-15,1.3370414533329871e-08,2.6139947765847007e-08,8.270707780698531e-19,2.4550142518828115e-18,0.006432365626145147,0.01303538664880263,3.4602314220528166e-31,9.999999999996913e-31,5.2426066080087094e-09,1.672377769471114e-08,1.3844518454868346e-10,4.31100610081573e-10
0.357,1448.718920602038,4.924153934756117,0.1780806782906411,3.695371293027946,0.47423249008117957,0.06916495762067273,1.734163045781739e-05,1.26460455659943e-06,1.230272612942494e-11,1.4239622548195571e-11,2.4955970387282532e-12,5.7769895046092504e-12,4.2445982943362014e-07,5.22238144577819e-07,0.21255677999714467,0.2770215224097992,1.9069351852138813e-14,4.553371765451492e-14,1.5117806843965151e-12,3.7200671765868025e-12,2.0084455220931466e-11,2.0381171155030377e-11,1.5643060389107285e-05,1.7014901416314876e-05,0.02112536184175856,0.024518507084960714,0.25309631687780754,0.5128651828721215,0.032371647683258585,0.1030648530335587,1.6617769713369463e-07,3.488546333611063e-07,2.5934839193818027e-06,5.63359111326946e-06,3.1106003355278014e-06,7.210545363118411e-06,0.00013939536738059177,0.00028290942517986,4.457103217810087e-08,9.370925234497508e-08,6.6877228697920895e-06,1.4548424988294841e-05,2.530187381788067e-10,7.510137708040092e-10,2.356610360987127e-18,2.3880157907896373e-18,1.5425393021281995e-11,1.788069328874592e-11,1.0913454861216824e-11,2.29136290041605e-11,4.527685610907476e-15,8.522253634785791e-15,1.3369637610310979e-08,2.61400064831737e-08,8.251249393905262e-19,2.4493862013906946e-18,0.006431977408739854,0.013035386648846943,3.4600225840889754e-31,9.999999999996911e-31,5.2129006647763995e-09,1.663002019844313e-08,1.3788620844511497e-10,4.2938594499215407e-10
0.358,1448.5124594611766,4.924448906450127,0.17807001135910341,3.700987061749291,0.4742943823466439,0.06917813570597144,1.7310282040506352e-05,1.262394289999819e-06,1.2247124753866295e-11,1.4176118195127114e-11,2.4835318408962867e-12,5.749405125769286e-12,4.2332856805030615e-07,5.20877544052176e-07,0.2125130189964798,0.2769811109418173,1.897720109330101e-14,4.5316399873506634e-14,1.5064615297369048e-12,3.707200699600295e-12,1.996850089953485e-11,2.0264719866790463e-11,1.5590600585454766e-05,1.695885876488273e-05,0.021095183652345743,0.024484951017353394,0.25311083678793367,0.5129253858466831,0.032370358329696654,0.10306693297675416,1.6599153499528648e-07,3.4848473802332463e-07,2.593965789283439e-06,5.634975987432602e-06,3.1020765013816837e-06,7.191218180200705e-06,0.0001387149915998391,0.00028154546605553267,4.433361545837084e-08,9.32156846638827e-08,6.663883119632812e-06,1.4497434147209602e-05,2.5183113710173027e-10,7.475335756723083e-10,2.3550129368614294e-18,2.386540293453845e-18,1.539464325675731e-11,1.784611993889501e-11,1.0891058630773776e-11,2.286797870816606e-11,4.515587584649044e-15,8.499992158004202e-15,1.3368865142004295e-08,2.6140064821182337e-08,8.231915600434844e-19,2.443793608836958e-18,0.006431591429512723,0.013035386648891,3.459814950132377e-31,9.999999999996886e-31,5.183489745946476e-09,1.6537186862397967e-08,1.3733228710583684e-10,4.276866658609179e-10
0.359,1448.306929721744,4.92474298098188,0.17805937814323575,3.706603165828884,0.4743559285273839,0.06919124105464222,1.7279122313284946e-05,1.2601970854488094e-06,1.219201536878298e-11,1.4113170873273556e-11,2.471578145254433e-12,5.722073608919061e-12,4.222052716104924e-07,5.195264021451753e-07,0.2124695023651418,0.2769409177338965,1.8885900150675006e-14,4.5101069900364843e-14,1.5011846724823136e-12,3.694435499941958e-12,1.985370823818811e-11,2.0149426622017843e-11,1.5538539306156183e-05,1.6903237088647028e-05,0.02106517502707165,0.024451579321088858,0.2531252641537939,0.5129852317667521,0.032369084384354416,0.10306902672358693,1.6580633935599731e-07,3.481167075574364e-07,2.5944452666189708e-06,5.636353888251062e-06,3.093613221038417e-06,7.172026590469894e-06,0.0001380408445060018,0.00028019388960950084,4.4098472470209344e-08,9.27268068186152e-08,6.640229460676863e-06,1.4446837078485382e-05,2.5065415839601586e-10,7.440842397112814e-10,2.3534234803609124e-18,2.385071872096481e-18,1.5364094000093672e-11,1.781176875383108e-11,1.0868803647101257e-11,2.282261166387584e-11,4.50357411308669e-15,8.477884260870356e-15,1.3368097083879494e-08,2.6140122784306058e-08,8.212704985373126e-19,2.438236074924288e-18,0.006431207665918351,0.013035386648934773,3.4596085080549474e-31,9.999999999996867e-31,5.154369637114496e-09,1.6445264561284243e-08,1.367833491387912e-10,4.260025563798791e-10
0.36,1448.102322292259,4.925036166597744,0.17804877833306676,3.712219604253018,0.47441713205513836,0.06920427437914478,1.724814920503746e-05,1.258012800831053e-06,1.2137391294840838e-11,1.4050773063542148e-11,2.4597343930555584e-12,5.6949914382514675e-12,4.210898453261552e-07,5.181846070878079e-07,0.21242622766630576,0.2769009406442316,1.8795437164994446e-14,4.48877001456031e-14,1.4959495733622513e-12,3.681770294391582e-12,1.974006033966708e-11,2.0035274666305142e-11,1.5486871717816204e-05,1.6848031320303114e-05,0.021035334304832808,0.024418390219542785,0.25313959993016505,0.5130447242092319,0.0323678256751043,0.10307113408136083,1.6562210030588903e-07,3.4775052306829083e-07,2.594922372979996e-06,5.63772487938595e-06,3.0852097923090557e-06,7.152969034676982e-06,0.00013737284177054834,0.0002788545292369891,4.386557145398572e-08,9.224255368626876e-08,6.616759644642688e-06,1.439662906274494e-05,2.4948765877814293e-10,7.406653491903256e-10,2.351841893134969e-18,2.3836104380353095e-18,1.5333743049764203e-11,1.7777637317676328e-11,1.0846688323962202e-11,2.27775247163454e-11,4.49164419390603e-15,8.455928135915504e-15,1.3367333392031273e-08,2.6140180376621496e-08,8.193616164430567e-19,2.43271320905451e-18,0.006430826095800389,0.01303538664897826,3.4594032459378896e-31,9.999999999996865e-31,5.12553622011752e-09,1.6354240469581635e-08,1.3623932468845923e-10,4.243334048942475e-10
0.361,1447.8986282048,4.9253284714144,0.17803821162349429,3.7178363760172433,0.4744779963376588,0.06921723638597262,1.7217360666341845e-05,1.2558412954693042e-06,1.208324595668205e-11,1.3988917362837472e-11,2.4479990526073374e-12,5.6681551586378186e-12,4.19982195650255e-07,5.168520485518589e-07,0.21238319247486925,0.2768611775329382,1.8705800478971018e-14,4.467626348668544e-14,1.4907557002559186e-12,3.669203816484046e-12,1.962754059830111e-11,1.9922247532417863e-11,1.5435593054624422e-05,1.679323646253541e-05,0.02100565984502495,0.024385381957588756,0.2531538450412811,0.5131038666695444,0.03236658205058018,0.10307325491903699,1.654388079733025e-07,3.473861657129036e-07,2.595397129611003e-06,5.639089023550962e-06,3.076865519646764e-06,7.1340439677588625e-06,0.00013671090021410873,0.00027752722057096613,4.3634881103132043e-08,9.176286106111455e-08,6.5934714467554615e-06,1.4346805428530922e-05,2.483314972934097e-10,7.372764970532175e-10,2.350268080152652e-18,2.3821559057951854e-18,1.530358807749213e-11,1.774372306533639e-11,1.0824711093443295e-11,2.273271474619049e-11,4.479796838218575e-15,8.434121999542154e-15,1.3366574023254227e-08,2.6140237602457177e-08,8.174647766657257e-19,2.4272246242460387e-18,0.006430446697277893,0.01303538664902153,3.4591991520105265e-31,9.999999999996864e-31,5.096985433846673e-09,1.6264101936976628e-08,1.357001450341935e-10,4.2267900316192775e-10
0.362,1447.6958386156607,4.925619903456095,0.17802767771293476,3.7234534801262598,0.4745385247224073,0.06923012776979359,1.7186754684482622e-05,1.2536824312113087e-06,1.202957290617908e-11,1.3927596510964432e-11,2.436370621333632e-12,5.641561380399915e-12,4.1888223071960964e-07,5.155286181922437e-07,0.2123403944117727,0.27682162630460405,1.8616978658566755e-14,4.44667333188221e-14,1.4856025313175522e-12,3.656734824188299e-12,1.9516132737132733e-11,1.9810329078059842e-11,1.5384698635112324e-05,1.673884760617904e-05,0.020976150030876956,0.024352552805299642,0.25316800040696563,0.5131626626104347,0.032365353352066126,0.10307538907690099,1.652564526865188e-07,3.470236170373745e-07,2.5958695575287074e-06,5.640446382725532e-06,3.0685797209361784e-06,7.115249874542246e-06,0.00013605493832627566,0.00027621180253712936,4.340637074995244e-08,9.128766604539282e-08,6.570362685370898e-06,1.4297361594947587e-05,2.4718553561678434e-10,7.339172838106227e-10,2.3487019469835385e-18,2.3807081903346058e-18,1.527362686269381e-11,1.7710023554178404e-11,1.080287041545175e-11,2.2688178689390953e-11,4.468031074708674e-15,8.412464099787661e-15,1.3365818934915253e-08,2.6140294465934867e-08,8.155798446884904e-19,2.421769940813747e-18,0.00643006944879668,0.013035386649064559,3.4589962146779955e-31,9.999999999996864e-31,5.068713301703692e-09,1.6174836575994787e-08,1.3516574282997844e-10,4.210391470995833e-10
0.363,1447.493944807859,4.925910470636619,0.1780171763039716,3.729070915593793,0.47459872050935403,0.06924294921545433,1.7156329277481173e-05,1.2515360719991947e-06,1.1976365810858188e-11,1.3866803377354565e-11,2.424847624376397e-12,5.615206776130257e-12,4.177898601663863e-07,5.142142094176931e-07,0.2122978311316433,0.27678228489281187,1.8528960479789288e-14,4.4259083523883423e-14,1.480489553606156e-12,3.644362096560012e-12,1.940582078571954e-11,1.969950346359775e-11,1.5334183854777454e-05,1.6684859922300245e-05,0.020946803268698713,0.024319901057154224,0.2531820669325615,0.5132211154426105,0.03236413942414335,0.10307753640068573,1.6507502491137693e-07,3.466628588469576e-07,2.5963396774647893e-06,5.641797018041511e-06,3.0603517247450995e-06,7.0965852634090445e-06,0.0001354048760345922,0.0002749081168877309,4.318001028076533e-08,9.081690687190475e-08,6.547431213968749e-06,1.424829305433553e-05,2.4604963788711885e-10,7.305873170548355e-10,2.3471434008369833e-18,2.3792672081053125e-18,1.524385722067734e-11,1.767653638086939e-11,1.0781164773869242e-11,2.26439135293086e-11,4.456345947840093e-15,8.390952712991143e-15,1.3365068084996736e-08,2.6140350971110053e-08,8.137066880841802e-19,2.416348784929486e-18,0.0064296943291155505,0.013035386649107266,3.4587944225138086e-31,9.99999999999686e-31,5.04071591924275e-09,1.608643222276826e-08,1.3463605198312452e-10,4.194136364084739e-10
0.364,1447.2929381957251,4.926200180760632,0.1780067071033035,3.7346886814424676,0.47465858694281965,0.06925570139657267,1.7126082497379657e-05,1.2494020841073267e-06,1.1923618458238632e-11,1.3806530966143521e-11,2.4134286147938968e-12,5.589088081178173e-12,4.1670499521456015e-07,5.129087175094422e-07,0.21225550033011148,0.2767431512688845,1.8441734932328664e-14,4.405328847929926e-14,1.4754162637006675e-12,3.632084435261603e-12,1.9296589086338084e-11,1.9589755158505956e-11,1.528404418993713e-05,1.663126866640636e-05,0.02091761798928431,0.024287425033620698,0.25319604551328895,0.5132792285319935,0.032362940109643336,0.10307969672519111,1.6489451528431215e-07,3.4630387327469754e-07,2.596807509874361e-06,5.643140989783733e-06,3.0521808718320527e-06,7.078048669792059e-06,0.00013476063480051485,0.0002736160083976688,4.295577016951584e-08,9.035052297524157e-08,6.5246749251103675e-06,1.419959538090313e-05,2.4492367076841577e-10,7.272862116447126e-10,2.3455923500364517e-18,2.3778328765135954e-18,1.5214277047320947e-11,1.7643259233169782e-11,1.0759592678656743e-11,2.2599916301084668e-11,4.4447405187808175e-15,8.369586145534098e-15,1.3364321432091803e-08,2.6140407121884615e-08,8.118451767529459e-19,2.410960789326088e-18,0.006429321317325594,0.013035386649149768,3.4585937642701963e-31,9.999999999996904e-31,5.012989459157803e-09,1.5998876953061537e-08,1.3411100769679886e-10,4.1780227470835943e-10
0.365,1447.0928102976286,4.926489041522345,0.17799626982178912,3.740306776703684,0.47471812725014306,0.06926838498228158,1.7096012414567462e-05,1.24728033502092e-06,1.1871324727486692e-11,1.3746772383662885e-11,2.40211216973741e-12,5.5632020849281876e-12,4.156275481630115e-07,5.116120389946958e-07,0.21221339970964329,0.2767042234018141,1.835529118498874e-14,4.3849322976525133e-14,1.4703821644038061e-12,3.6199006565225198e-12,1.9188422239254235e-11,1.9481068886320404e-11,1.52342751757218e-05,1.6578069154831502e-05,0.020888592640387366,0.024255123072836237,0.2532099370160344,0.513337005170996,0.03236175527158051,0.10308186994579954,1.6471491446689598e-07,3.459466424817873e-07,2.597273074916242e-06,5.644478357436805e-06,3.0440665084037436e-06,7.059638640673164e-06,0.00013412213709059918,0.0002723353237972129,4.2733621287828074e-08,8.988845459449646e-08,6.502091731314242e-06,1.4151264189394347e-05,2.438075029773783e-10,7.240135883195052e-10,2.3440487059981827e-18,2.376405115965586e-18,1.518488409888302e-11,1.7610189634907672e-11,1.0738152655454799e-11,2.255618407020196e-11,4.433213860369976e-15,8.348362724521205e-15,1.3363578935409431e-08,2.6140462922436677e-08,8.099951817001122e-19,2.405605589711966e-18,0.006428950392746699,0.013035386649191974,3.458394228822483e-31,9.999999999996918e-31,4.985530144123447e-09,1.591215899600395e-08,1.3359054617082527e-10,4.162048686146952e-10
0.366,1446.8935527617045,4.926777060540727,0.17798586417317144,3.7459252004175303,0.4747773445723265,0.0692810006255664,1.7066117144945947e-05,1.245170695392008e-06,1.181947863351727e-11,1.368752088928835e-11,2.3908968951718426e-12,5.537545641649124e-12,4.145574332288811e-07,5.103240726747221e-07,0.2121715270428811,0.27666549933474915,1.8269618631411782e-14,4.364716232961263e-14,1.4653867703548385e-12,3.6078096048913883e-12,1.9081305179117157e-11,1.9373429701950624e-11,1.5184872439968736e-05,1.652525680131129e-05,0.020859725696795447,0.024222993541791252,0.25322374232051154,0.5133944486505494,0.03236058474676691,0.10308405586845115,1.645362134206917e-07,3.455911492274064e-07,2.597736392576924e-06,5.645809179828622e-06,3.036007998184912e-06,7.041353762436236e-06,0.00013348930728915173,0.0002710659136209173,4.2513535230071685e-08,8.943064345573883e-08,6.4796795993434644e-06,1.4103295209451106e-05,2.427010059394807e-10,7.20769075635737e-10,2.342512378955661e-18,2.3749838454814632e-18,1.5155676412435805e-11,1.7577325433175383e-11,1.0716843263139313e-11,2.2512713968900243e-11,4.4217650651458385e-15,8.327280812734498e-15,1.336284055465048e-08,2.6140518376399258e-08,8.081565772976891e-19,2.4002828314388773e-18,0.0064285815350700794,0.013035386649233885,3.458195805245752e-31,9.99999999999692e-31,4.958334294128487e-09,1.5826266884946553e-08,1.3307460506189395e-10,4.14621229165566e-10
0.367,1446.6951573487672,4.927064245301933,0.17797548987615483,3.751543951632632,0.47483624204130015,0.06929354897602218,1.703639481916756e-05,1.243073036824093e-06,1.1768074274651861e-11,1.3628769835214953e-11,2.3797814200401768e-12,5.512115657140184e-12,4.134945655880756e-07,5.090447184562525e-07,0.21212988010104605,0.2766269770976398,1.8184706834772893e-14,4.3446782244357616e-14,1.4604296014795065e-12,3.595810137204625e-12,1.8975223081674473e-11,1.9266822897585518e-11,1.5135831665047434e-05,1.647282707586204e-05,0.020831015650821638,0.024191034825837433,0.25323746226944244,0.5134515621701297,0.03235942840081059,0.10308625438704837,1.6435840309104064e-07,3.4523737621234263e-07,2.598197482482098e-06,5.647133514841553e-06,3.0280047085949807e-06,7.0231926289818025e-06,0.00013286207062123786,0.00026980763002866335,4.229548392702456e-08,8.897703196208168e-08,6.45743651059455e-06,1.4055684199768566e-05,2.4160405302015576e-10,7.175523077046401e-10,2.3409832830130283e-18,2.373568987870885e-18,1.5126651847836078e-11,1.754466426757835e-11,1.0695663073983266e-11,2.2469503155034005e-11,4.410393236242278e-15,8.306338791693554e-15,1.3362106250177186e-08,2.6140573487755444e-08,8.06329238633232e-19,2.3949921616855644e-18,0.0064282147242196155,0.01303538664927558,3.457998482740225e-31,9.999999999996927e-31,4.931398270248627e-09,1.574118927849826e-08,1.3256312293482376e-10,4.1305117012357895e-10
0.368,1446.4976159380649,4.927350603218596,0.17796514665225988,3.757163029406068,0.4748948227157951,0.06930603066941823,1.7006843607733108e-05,1.2409872336857835e-06,1.1717105872019074e-11,1.3570512711954936e-11,2.36876439994581e-12,5.486909097212363e-12,4.12438862127548e-07,5.077738782709579e-07,0.21208845671410645,0.27658865478145284,1.810054556476523e-14,4.3248158906285535e-14,1.4555101882182267e-12,3.5839011354167747e-12,1.887016142846867e-11,1.9161234068259164e-11,1.5087148616718466e-05,1.6420775535989454e-05,0.020802461018953892,0.024159245336058902,0.2532510977130615,0.5135083489200167,0.03235828607986161,0.10308846532816106,1.6418147467565362e-07,3.4488530663804e-07,2.5986563640840505e-06,5.648451419731714e-06,3.0200560221409544e-06,7.005153868059149e-06,0.00013224035401601688,0.00026856032855633946,4.20794399534146e-08,8.852756383992175e-08,6.4353604937150466e-06,1.4008427018922494e-05,2.4051652005814746e-10,7.143629257694775e-10,2.339461331644678e-18,2.3721604651348706e-18,1.509780846299436e-11,1.75122040052064e-11,1.0674610689602732e-11,2.2426548845260246e-11,4.399097494445187e-15,8.28553507483691e-15,1.3361375982844152e-08,2.6140628260104488e-08,8.045130437408509e-19,2.389733236051518e-18,0.006427849940450941,0.013035386649317042,3.4578022506846085e-31,9.999999999996939e-31,4.904718519816761e-09,1.5656915104591018e-08,1.3205603967223676e-10,4.1149450924817593e-10
0.369,1446.3009205115545,4.927636141585437,0.17795483422742375,3.7627824328032355,0.4749530896444937,0.06931844633815898,1.697746169607023e-05,1.238913161316707e-06,1.166656772804141e-11,1.3512743100590559e-11,2.3578445124503386e-12,5.461922976934959e-12,4.1139024067409815e-07,5.06511455136589e-07,0.21204725471242825,0.2765505304671215,1.8017124754034535e-14,4.3051268877651494e-14,1.4506280662873486e-12,3.572081493781741e-12,1.8766105933781062e-11,1.9056649038199958e-11,1.503881911357297e-05,1.6369097793785594e-05,0.020774060333803773,0.02412762350038414,0.25326464946900223,0.5135648120092178,0.032357157655050796,0.10309068859445797,1.640054193678698e-07,3.445349236738286e-07,2.5991130565167e-06,5.6497629509152786e-06,3.012161325353821e-06,6.987236115751393e-06,0.00013162408524608263,0.00026732386637479946,4.186537622037243e-08,8.808218349427533e-08,6.413449592755714e-06,1.396151955635706e-05,2.3943828475993783e-10,7.11200576424549e-10,2.337946441766207e-18,2.3707582026374007e-18,1.506914415949338e-11,1.7479942329960275e-11,1.0653684724913227e-11,2.2383848281780222e-11,4.387876970869098e-15,8.264868093901474e-15,1.336064971411043e-08,2.6140682697354434e-08,8.027078714250652e-19,2.384505712141595e-18,0.006427487164235098,0.01303538664935829,3.457607098573475e-31,9.999999999996953e-31,4.878291531731379e-09,1.5573433418247342e-08,1.3155329603809285e-10,4.0995106694546754e-10
0.37,1446.105063165552,4.927920867629189,0.17794455233019427,3.768402160897774,0.4750110458023514,0.06933079660080713,1.694824730879916e-05,1.2368506977787786e-06,1.1616454263750602e-11,1.3455454715839177e-11,2.3470204606135747e-12,5.4371543687785595e-12,4.1034862072187365e-07,5.052573540452546e-07,0.2120062719859689,0.2765126022980765,1.793443453312874e-14,4.2856089180495815e-14,1.4457827816550783e-12,3.5603501310576916e-12,1.8663042605378382e-11,1.8953053922357702e-11,1.4990839055107151e-05,1.6317789546261168e-05,0.020745812151624663,0.024096167771929855,0.25327811836441355,0.5136209545421122,0.03235604297632112,0.10309292401587773,1.638302286144389e-07,3.4418621099281084e-07,2.599567578754227e-06,5.651068164216671e-06,3.0043200197258925e-06,6.969438041743166e-06,0.00013101319374317057,0.0002660981039435681,4.1653266264621405e-08,8.764083661633189e-08,6.391701898274239e-06,1.3914957799903021e-05,2.383692272122418e-10,7.080649131295141e-10,2.3364385294783344e-18,2.369362124750806e-18,1.5040657057194236e-11,1.7447877176783552e-11,1.0632883823570079e-11,2.2341398764434077e-11,4.376730813790299e-15,8.244336311671882e-15,1.3359927405891905e-08,2.6140736802990054e-08,8.009136034000219e-19,2.379309255884233e-18,0.006427126376367453,0.01303538664939924,3.4574130160758824e-31,9.999999999996944e-31,4.852113878824174e-09,1.5490733536688192e-08,1.310548340674983e-10,4.0842066747809103e-10
0.371,1445.9100361072742,4.928204788460408,0.17793430069346708,3.77402221277143,0.4750686941402451,0.06934308207013437,1.6919198690500764e-05,1.2347997224691418e-06,1.1566759987367607e-11,1.3398641369900858e-11,2.336290969803476e-12,5.41260039532621e-12,4.093139228491378e-07,5.040114812525987e-07,0.21196550643762835,0.27647486842268765,1.7852465199668728e-14,4.266259722377412e-14,1.4409738864715244e-12,3.54870598054154e-12,1.856095769081519e-11,1.8850435072271472e-11,1.4943204399289641e-05,1.6266846551178488e-05,0.02071771504727637,0.024064876623459772,0.25329150520123855,0.5136767795540391,0.032354941910004854,0.10309517147055532,1.6365589390975476e-07,3.4383915234391934e-07,2.6000199494624604e-06,5.652367114611033e-06,2.9965315129201797e-06,6.951758329030368e-06,0.00013040760992629732,0.0002648829036512725,4.144308400822317e-08,8.720346967970712e-08,6.370115522321327e-06,1.386873778154398e-05,2.3730922944745096e-10,7.049555949313916e-10,2.3349375135250067e-18,2.367972158391112e-18,1.5012345204002667e-11,1.741600639525487e-11,1.0612206645723239e-11,2.2299197625275388e-11,4.365658183174959e-15,8.22393821179215e-15,1.3359209020694306e-08,2.6140790580640117e-08,7.991301225725437e-19,2.3741435364640733e-18,0.006426767557892299,0.01303538664943996,3.4572199929947865e-31,9.999999999996967e-31,4.826182182748314e-09,1.5408804927562785e-08,1.305605967367153e-10,4.069031379439652e-10
0.372,1445.715831652983,4.928487911106625,0.17792407905328578,3.7796425875139654,0.47512603755597604,0.06935530334848583,1.6890314116610763e-05,1.2327601169097598e-06,1.1517479509739066e-11,1.3342296990336216e-11,2.325654788720292e-12,5.388258231649634e-12,4.0828606902875777e-07,5.027737446584102e-07,0.2119249560108334,0.276437327028691,1.7771207230219706e-14,4.247077083175248e-14,1.436200941278576e-12,3.537147995503627e-12,1.8459837699907414e-11,1.8748779098945654e-11,1.4895911173841651e-05,1.6216264639290007e-05,0.02068976761659621,0.024033748550023222,0.25330481077799333,0.5137322900524912,0.03235385431564768,0.10309743081039738,1.634824069186133e-07,3.434937318080762e-07,2.600470187098949e-06,5.653659856408746e-06,2.9887952238418824e-06,6.9341956856615945e-06,0.00012980726556669712,0.0002636781305569534,4.1234803887518255e-08,8.677003021186542e-08,6.3486886126904315e-06,1.3822855608407023e-05,2.362581756278265e-10,7.01872287011767e-10,2.333443313108558e-18,2.3665882307900804e-18,1.4984206741644855e-11,1.738432794181278e-11,1.0591651874805698e-11,2.225724224274233e-11,4.354658253542766e-15,8.203672304132164e-15,1.3358494521523527e-08,2.6140844033753064e-08,7.973573140401356e-19,2.3690082292774734e-18,0.006426410690139371,0.013035386649480474,3.457028019286669e-31,9.999999999996986e-31,4.800493133097833e-09,1.532763727002173e-08,1.300705281229293e-10,4.053983087739445e-10
0.373,1445.5224422099905,4.928770242493524,0.17791388714951867,3.7852632842230403,0.4751830789367188,0.0693674610349559,1.6861591877250238e-05,1.2307317635864823e-06,1.1468607517202254e-11,1.3286415588896766e-11,2.3151106861431457e-12,5.364125097882417e-12,4.072649821177764e-07,5.015440531864358e-07,0.2118846186509988,0.27639997629688495,1.769065125062263e-14,4.2280588173977466e-14,1.4314635116486266e-12,3.5256751409730596e-12,1.8359669355810068e-11,1.8648072823589133e-11,1.4848955455499689e-05,1.6166039692047003e-05,0.020661968469861687,0.02400278206172541,0.25331803586542034,0.5137874889750185,0.03235278007368009,0.10309970195072576,1.6330975931440235e-07,3.4314993346335044e-07,2.600918309847381e-06,5.654946443192608e-06,2.9811105755269397e-06,6.9167488283550735e-06,0.0001292120932429384,0.00026248365128865244,4.102840065919047e-08,8.634046638789707e-08,6.327419332702452e-06,1.3777307418995315e-05,2.352159516266719e-10,6.988146594566214e-10,2.3319558503484717e-18,2.3652102720235346e-18,1.4956239675985496e-11,1.7352839613565456e-11,1.05712182070294e-11,2.221553001993734e-11,4.3437302090856345e-15,8.183537115728284e-15,1.3357783871924749e-08,2.6140897166045995e-08,7.955950636954023e-19,2.3639030118243458e-18,0.006426055754632261,0.013035386649520777,3.456837085012326e-31,9.999999999997009e-31,4.775043459432148e-09,1.5247220365736652e-08,1.2958457311705074e-10,4.039060128445545e-10
0.374,1445.3298602936197,4.929051789490252,0.17790372472422014,3.790884302004147,0.4752398210921619,0.06937955571429547,1.683303030181297e-05,1.2287145477215549e-06,1.1420138810080637e-11,1.323099130593514e-11,2.3046574547135172e-12,5.340198267915422e-12,4.0625058660899634e-07,5.0032231770142e-07,0.21184449236723726,0.2763628144763679,1.761078807314532e-14,4.2092027853506076e-14,1.426761173241093e-12,3.514286406135976e-12,1.8260439659406078e-11,1.8548303342805763e-11,1.4802333399561204e-05,1.6116167673504177e-05,0.020634316240409872,0.023971975693300937,0.253331181249065,0.5138423792657225,0.032351719038329924,0.10310198471826186,1.6313794303687827e-07,3.428077419202287e-07,2.6013643357641217e-06,5.656226928027639e-06,2.973477006258431e-06,6.89941650817269e-06,0.00012862202716429978,0.00026129933571244926,4.0823849691510595e-08,8.591472764231959e-08,6.3063058925756875e-06,1.3732089451271245e-05,2.341824455834561e-10,6.957823888959359e-10,2.3304750460761975e-18,2.363838210702185e-18,1.492844226902e-11,1.732153950276272e-11,1.0550904367126749e-11,2.21740584173142e-11,4.332873250740401e-15,8.163531203968988e-15,1.335707703584594e-08,2.6140949980738007e-08,7.938432604147881e-19,2.3588275701699095e-18,0.00642570273321119,0.013035386649560759,3.4566471804028827e-31,9.999999999996985e-31,4.749829973769711e-09,1.5167544274403325e-08,1.2910267782770038e-10,4.024260867313386e-10
0.375,1445.1380785256542,4.929332558846849,0.1778935915238871,3.796505639970477,0.4752962668151548,0.06939158796669678,1.6804627736218915e-05,1.2267083556317199e-06,1.137206826502301e-11,1.3176018367028631e-11,2.294293907214041e-12,5.316475060880743e-12,4.0524280793394473e-07,4.991084501587183e-07,0.21180457517514473,0.2763258398136812,1.753160865981043e-14,4.190506882009531e-14,1.4220935069315636e-12,3.5029807923998215e-12,1.8162135824341438e-11,1.8449457963018224e-11,1.4756041212979563e-05,1.6066644601300195e-05,0.020606809578872242,0.023941327997763853,0.25334424768585945,0.5138969637941302,0.03235067108435152,0.10310427900143047,1.629669500471767e-07,3.4246714181175125e-07,2.601808282585269e-06,5.657501363117471e-06,2.9658939590091904e-06,6.882197486136281e-06,0.00012803700236634484,0.00026012505530355464,4.0621126677032095e-08,8.549276406627975e-08,6.285346519501254e-06,1.3687197977736587e-05,2.331575473743983e-10,6.927751569443022e-10,2.3290008240207267e-18,2.3624719782497202e-18,1.4900812684669534e-11,1.7290425586122823e-11,1.0530709093857e-11,2.213282492255696e-11,4.322086589676749e-15,8.143653144456674e-15,1.3356373977811005e-08,2.614100248124356e-08,7.921017939579078e-19,2.3537815927397575e-18,0.006425351607946017,0.013035386649600564,3.4564582958129744e-31,9.999999999996992e-31,4.724849528594746e-09,1.508859917998465e-08,1.286247891858019e-10,4.009583694839355e-10
0.376,1444.9470896209186,4.929612557238311,0.17788348729786532,3.802127297242832,0.47535241885870255,0.06940355836434625,1.677638255162639e-05,1.2247130753640912e-06,1.1324390847361771e-11,1.3121491097346353e-11,2.2840188770575184e-12,5.292952842309087e-12,4.042415727021207e-07,4.979023638993927e-07,0.21176486511975562,0.27628905058245085,1.745310413017205e-14,4.1719690388978626e-14,1.4174601006565144e-12,3.4917573179441923e-12,1.8064745294055802e-11,1.835152421788647e-11,1.471007516237274e-05,1.6017466555404607e-05,0.020579447153279,0.023910837546520083,0.25335723592565523,0.5139512453982237,0.032349636085089124,0.10310658468033851,1.6279677243387875e-07,3.421281180161726e-07,2.602250167856671e-06,5.658769800079655e-06,2.9583608857422344e-06,6.8650905432117115e-06,0.00012745695502318306,0.00025896068378176,4.042020774361862e-08,8.507452664164945e-08,6.26453946974419e-06,1.3642629331807503e-05,2.3214114873688377e-10,6.897926505733623e-10,2.327533108730587e-18,2.3611115067934335e-18,1.487334911750881e-11,1.725949587417697e-11,1.0510631145309393e-11,2.2091827061729513e-11,4.311369449439676e-15,8.123901535051535e-15,1.3355674662806253e-08,2.6141054670919517e-08,7.903705558517104e-19,2.3487647729478914e-18,0.006425002361143556,0.01303538664964012,3.456270421724723e-31,9.999999999996993e-31,4.700099033517703e-09,1.5010375443998336e-08,1.2815085507071565e-10,3.995027030205883e-10
0.377,1444.7568863919773,4.929891791258426,0.17787341179856972,3.8077492729495357,0.4754082799346253,0.06941546747111513,1.6748293144012634e-05,1.222728596665145e-06,1.1277101610103696e-11,1.3067403920526255e-11,2.273831218131639e-12,5.269629023792251e-12,4.032468086946821e-07,4.967039736427507e-07,0.2117253602763795,0.2762524450840825,1.737526575990086e-14,4.153587223765939e-14,1.4128605493027724e-12,3.4806150174550475e-12,1.79682557397687e-11,1.8254489866376296e-11,1.4664431574090979e-05,1.596862967821441e-05,0.02055222764989486,0.023880502930321353,0.25337014671060243,0.5140052268823612,0.0323486139127733,0.10310890162756049,1.62627402406756e-07,3.417906556435127e-07,2.602690008916255e-06,5.660032289897878e-06,2.9508772472574245e-06,6.848094479957894e-06,0.00012688182242500532,0.00025780609706687436,4.022106944541558e-08,8.465996722246183e-08,6.2438830280355876e-06,1.3598379906514577e-05,2.3113314326714219e-10,6.86834562107488e-10,2.3260718257112357e-18,2.3597567293008136e-18,1.4846049816994852e-11,1.7228748439386314e-11,1.0490669298680145e-11,2.2051062398805028e-11,4.300721065880228e-15,8.10427499574607e-15,1.3354979056276945e-08,2.614110655301854e-08,7.886494393438484e-19,2.343776809058573e-18,0.006424654975357512,0.013035386649679423,3.456083548753049e-31,9.999999999996969e-31,4.67557545396655e-09,1.4932863601425806e-08,1.2768082430044785e-10,3.980589320988679e-10
0.378,1444.5674617468599,4.930170267413404,0.17786336478171152,3.8133715662263286,0.4754638527224976,0.06942731584403619,1.672035793133863e-05,1.2207548107783365e-06,1.1230195687366536e-11,1.3013751351168442e-11,2.2637298038611704e-12,5.246501060853164e-12,4.022584447580032e-07,4.955131953575712e-07,0.21168605874236177,0.2762160216377481,1.729808497262488e-14,4.13535943867476e-14,1.408294453995845e-12,3.4695529403920286e-12,1.7872655046344797e-11,1.8158342878585827e-11,1.4619106829547482e-05,1.5920130169557293e-05,0.020525149772053466,0.02385032275799186,0.2533829807695186,0.514058911007145,0.032347604444773595,0.10311122972833425,1.6245883226964729e-07,3.4145473997964486e-07,2.603127822873643e-06,5.6612888828915424e-06,2.9434425117795204e-06,6.83120811328269e-06,0.000126311542861295,0.00025666117304352703,4.002368872027988e-08,8.424903844607719e-08,6.223375503653002e-06,1.3554446146044995e-05,2.301334263016716e-10,6.83900588876758e-10,2.3246169018413324e-18,2.3584075800087997e-18,1.4818913036554378e-11,1.71981813571328e-11,1.047082234835175e-11,2.201052853171703e-11,4.290140686147699e-15,8.084772166803988e-15,1.3354287124143608e-08,2.614115813078849e-08,7.869383391049529e-19,2.3388174033114602e-18,0.006424309433371898,0.013035386649718567,3.455897667636765e-31,9.999999999996969e-31,4.65127580509841e-09,1.4856054341413679e-08,1.2721464656052964e-10,3.966269040967856e-10
0.379,1444.3788086869554,4.930447992133917,0.17785334600586147,3.8189941762162865,0.47551913986077793,0.06943910403191386,1.669257535614529e-05,1.2187916106334853e-06,1.1183668298207926e-11,1.296052799931793e-11,2.253713527317256e-12,5.223566453221326e-12,4.0127641088236084e-07,4.943299463594152e-07,0.21164695864564181,0.27617977859122766,1.7221553342154233e-14,4.1172837205451985e-14,1.4037614226675127e-12,3.4585701523934313e-12,1.777793131786305e-11,1.806307144151438e-11,1.4574097368135418e-05,1.5871964289892755e-05,0.02049821224066649,0.023820295657008387,0.2533957388251438,0.5141123005034564,0.03234660755602338,0.10311356885628652,1.622910544513351e-07,3.4112035655095866e-07,2.603563626646158e-06,5.6625396287862284e-06,2.9360561563642554e-06,6.8144302797115845e-06,0.00012574605571432867,0.0002555257917521969,3.982804292257608e-08,8.384169380263717e-08,6.203015234120922e-06,1.3510824553826077e-05,2.2914189496789028e-10,6.80990433370041e-10,2.323168264767571e-18,2.357063993807743e-18,1.479193708202208e-11,1.7167792761932592e-11,1.0451089107510107e-11,2.1970223095760844e-11,4.2796275693868856e-15,8.065391710080376e-15,1.3353598832770159e-08,2.6141209407377044e-08,7.852371515627067e-19,2.333886262915199e-18,0.0064239657182089864,0.013035386649757461,3.4557127692428713e-31,9.999999999996953e-31,4.627197156749974e-09,1.4779938523168868e-08,1.267522724439082e-10,3.9520646913839866e-10
0.38,1444.1909203084929,4.930724971763955,0.17784335523284941,3.8246171020697193,0.4755741439548742,0.06945083257658936,1.6664943882575908e-05,1.2168388906324333e-06,1.1137514740464464e-11,1.2907728563404612e-11,2.2437813004905766e-12,5.200822743183649e-12,4.0030063810171525e-07,4.93154145188854e-07,0.21160805813700506,0.2761437143111992,1.714566258552351e-14,4.0993581395225047e-14,1.3992610693389648e-12,3.447665733525805e-12,1.768407286527941e-11,1.796866394668442e-11,1.4529399683189312e-05,1.5824128355980107e-05,0.020471413793702892,0.02379042027294628,0.2534084215878187,0.5141653980602977,0.03234562312569433,0.10311591889484928,1.621240614740419e-07,3.40787491058813e-07,2.6039974369254093e-06,5.663784576648071e-06,2.9287176653819814e-06,6.797759831892047e-06,0.00012518530134019814,0.00025439983514916406,3.9634109779719895e-08,8.343788754422789e-08,6.1828005810990645e-06,1.3467511683629857e-05,2.2815844808682982e-10,6.78103802950135e-10,2.321725843455743e-18,2.3557259068045232e-18,1.4765120274474956e-11,1.7137580804353734e-11,1.043146840620581e-11,2.193014375957827e-11,4.2691809857976404e-15,8.046132307276728e-15,1.3352914148983177e-08,2.614126038590517e-08,7.835457745321885e-19,2.328983098955701e-18,0.006423623813120678,0.013035386649796142,3.4555288445618855e-31,9.999999999996962e-31,4.6033366271350864e-09,1.4704507155951377e-08,1.2629365338556702e-10,3.9379747989222847e-10
0.381,1444.003789795025,4.931001212569552,0.17783339222744712,3.8302403429440823,0.47562886757916906,0.06946250201340771,1.66374619957402e-05,1.214896546607039e-06,1.1091730388779534e-11,1.285534782804974e-11,2.233932053682794e-12,5.17826751421457e-12,3.9933105846118614e-07,4.91985711573626e-07,0.21156935538883717,0.2761078271823425,1.707040455897066e-14,4.0815807980468505e-14,1.3947930139832413e-12,3.436838777964304e-12,1.7591068201045356e-11,1.7875108984846356e-11,1.448501032014325e-05,1.5776618738955683e-05,0.020444753184883955,0.023760695268041757,0.25342102975671976,0.514218206328583,0.03234465103652127,0.10311827973537441,1.6195784595258055e-07,3.4045612937881093e-07,2.604429270201181e-06,5.6650237749495705e-06,2.9214265304382324e-06,6.781195638439897e-06,0.00012462922104902329,0.0002532831870682433,3.9441867385112844e-08,8.303757467071715e-08,6.16272992988411e-06,1.3424504138561247e-05,2.2718298612214055e-10,6.752404097072014e-10,2.3202895680601856e-18,2.3543932561970068e-18,1.4738460935509935e-11,1.7107543633990732e-11,1.0411959090829883e-11,2.1890288224140106e-11,4.258800216286064e-15,8.026992659319788e-15,1.3352233040052003e-08,2.6141311069495168e-08,7.818641072563836e-19,2.3241076265259976e-18,0.006423283701571956,0.013035386649834635,3.4553458846989237e-31,9.999999999996944e-31,4.579691382051437e-09,1.462975139667476e-08,1.2583874163944917e-10,3.923997915019598e-10
0.382,1443.8174104150671,4.931276720741779,0.17782345675725797,3.8358638980038915,0.4756833132770433,0.06947411287126556,1.6610128201088687e-05,1.2129644757756504e-06,1.1046310692313727e-11,1.2803380661478789e-11,2.22416473496149e-12,5.155898389742714e-12,3.9836760498814337e-07,4.90824566394306e-07,0.21153084859530458,0.2760721156077978,1.699577125355342e-14,4.063949829828868e-14,1.3903568823538337e-12,3.42608839358296e-12,1.7498906032954904e-11,1.778239533986173e-11,1.4440925875011448e-05,1.572943186273044e-05,0.02041822918334565,0.02373111932083408,0.2534335640207707,0.5142707279233307,0.03234369117406247,0.10312065127485368,1.617924005919794e-07,3.401262575562369e-07,2.6048591427682674e-06,5.666257271587973e-06,2.9141822501410146e-06,6.764736583417047e-06,0.0001240777570769402,0.000252175733165292,3.925129418718328e-08,8.264071090722475e-08,6.142801688734424e-06,1.338179856963458e-05,2.2621541113172633e-10,6.723999703186474e-10,2.3188593698740266e-18,2.3530659802261204e-18,1.4711957399950226e-11,1.7077679414241183e-11,1.0392560023624595e-11,2.1850654221761274e-11,4.248484552144524e-15,8.007971485779368e-15,1.3351555473666492e-08,2.614136146124633e-08,7.801920503249159e-19,2.319259564489754e-18,0.006422945367236113,0.01303538664987288,3.455163880871224e-31,9.99999999999696e-31,4.556258633443779e-09,1.455566254542098e-08,1.253874902542831e-10,3.9101326151293446e-10
0.383,1443.6317755302125,4.931551502405937,0.1778135485923832,3.8414877664206473,0.47573748354055007,0.06948566566917552,1.6582941031484583e-05,1.2110425772527704e-06,1.1001251185849267e-11,1.2751822028363861e-11,2.214478311364116e-12,5.133713035933557e-12,3.974102119146196e-07,4.896706319560095e-07,0.2114925359908396,0.2760365780314834,1.6921754806328585e-14,4.0464634025162256e-14,1.38595230742527e-12,3.4154137054919275e-12,1.7407575283146622e-11,1.7690512008015946e-11,1.4397143003449041e-05,1.5682564213795706e-05,0.020391840576706583,0.023701691129590984,0.25344602507055697,0.5143229654444036,0.03234274341325199,0.10312303337236003,1.6162771825954657e-07,3.3979786195548645e-07,2.605287070758736e-06,5.667485113917294e-06,2.906984333258376e-06,6.748381573629458e-06,0.00012353085281956963,0.0002510773613922897,3.906236907104407e-08,8.224725287597934e-08,6.123014297832995e-06,1.3339391695248304e-05,2.2525562694044123e-10,6.695822065610919e-10,2.3174351802098784e-18,2.3517440170251977e-18,1.4685608128533952e-11,1.7047986453026994e-11,1.037327008726345e-11,2.1811239525613064e-11,4.238233297158088e-15,7.989067528800682e-15,1.3350881417912557e-08,2.6141411564013886e-08,7.785295063444383e-19,2.3144386374621727e-18,0.0064226087940374085,0.013035386649910935,3.454982824430963e-31,9.999999999996976e-31,4.533035651234478e-09,1.4482232083232207e-08,1.2493985319052228e-10,3.8963775023580264e-10
0.384,1443.4468785845174,4.931825563589025,0.17780366750659296,3.847111947372724,0.47579138085562217,0.0694971609237476,1.6555899031441232e-05,1.2091307509146867e-06,1.0956547463101868e-11,1.2700666959108799e-11,2.2048717658520318e-12,5.111709154719594e-12,3.964588141756732e-07,4.885238313774905e-07,0.2114544158083699,0.2760012128871188,1.684834747258519e-14,4.029119711125886e-14,1.381578926035365e-12,3.4048138478168774e-12,1.7317065040167086e-11,1.7599448149649656e-11,1.4353658400563098e-05,1.5636012319473255e-05,0.02036558616532237,0.023672409405950213,0.25345841356930743,0.5143749214241455,0.03234180765042235,0.10312542595246027,1.6146379182106713e-07,3.3947092892022733e-07,2.605713070039063e-06,5.6687073485961244e-06,2.899832291549846e-06,6.732129522085557e-06,0.00012298845228241154,0.000249987960884748,3.887507116390942e-08,8.185715768815738e-08,6.103366208840235e-06,1.3297280256849203e-05,2.2430353872962642e-10,6.667868441019178e-10,2.3160169330550992e-18,2.3504273073451843e-18,1.4659411452989808e-11,1.7018462907116414e-11,1.0354088174661816e-11,2.1772041928605168e-11,4.2280457628820904e-15,7.970279544319769e-15,1.335021084135698e-08,2.614146138090817e-08,7.768763784562644e-19,2.3096445714362717e-18,0.006422273966069121,0.013035386649948816,3.4548027068212714e-31,9.999999999997016e-31,4.510019735195226e-09,1.4409451582527203e-08,1.2449578503741152e-10,3.8827311987073027e-10
0.385,1443.2627131063318,4.932098910270802,0.1777938132754827,3.8527364400453155,0.475845007650994,0.06950859914092651,1.6529000774380665e-05,1.20722889864713e-06,1.0912195203279905e-11,1.2649910580540477e-11,2.1953440995948113e-12,5.0898844890612544e-12,3.955133479316299e-07,4.873840892298588e-07,0.21141648632741034,0.2759660186578486,1.6775541648987606e-14,4.011916983550829e-14,1.3772363824918485e-12,3.3942879725568656e-12,1.722736460208722e-11,1.7509193132884955e-11,1.4310468820863794e-05,1.5589772769505595e-05,0.020339464767292068,0.023643272880482735,0.25347073018941924,0.5144265983955768,0.032340883764026135,0.1031278288788006,1.6130061433149487e-07,3.391454451705671e-07,2.606137156364399e-06,5.669924021857674e-06,2.8927256478634457e-06,6.715979366727245e-06,0.00012245050067381008,0.0002489074231651703,3.8689380043606585e-08,8.147038338240527e-08,6.0838559076930675e-06,1.3255461068482889e-05,2.2335905340471529e-10,6.640136135871965e-10,2.3146045617184147e-18,2.349115791125496e-18,1.4633365868616997e-11,1.6989107121583587e-11,1.0335013199896523e-11,2.1733059266120786e-11,4.2179212734620016e-15,7.951606311071155e-15,1.3349543712907765e-08,2.614151091472165e-08,7.7523257200758815e-19,2.3048770987276595e-18,0.006421940867667104,0.013035386649986437,3.4546235196157673e-31,9.999999999997013e-31,4.487208245477322e-09,1.4337312804558756e-08,1.2405524129230117e-10,3.869192353754495e-10
0.386,1443.0792727102425,4.932371548337242,0.17778398567814913,3.8583612436303265,0.4758983663390699,0.0695199808225299,1.6502244848586107e-05,1.205336923330613e-06,1.0868190148148987e-11,1.2599548089481745e-11,2.1858943298377522e-12,5.068236818069827e-12,3.9457375013733815e-07,4.862513310107534e-07,0.21137874583528032,0.2759309938279292,1.6703329852376613e-14,3.994853475543202e-14,1.3729243255524295e-12,3.383835242179921e-12,1.7138463437386e-11,1.7419736494131373e-11,1.4267571061801107e-05,1.5543842198290687e-05,0.02031347521495003,0.023614280298827606,0.2534829755821114,0.51447799883504,0.03233997164701145,0.10313024205818846,1.611381788793928e-07,3.38821397479e-07,2.6065593452396133e-06,5.671135179253819e-06,2.8856639294575605e-06,6.69993005499507e-06,0.000121916943906318,0.0002478356411328058,3.8505275561770195e-08,8.108688855369278e-08,6.064481895851923e-06,1.3213930976084893e-05,2.2242207927328691e-10,6.612622496931148e-10,2.3131980015975434e-18,2.347809410322828e-18,1.4607469809266473e-11,1.6959917368755575e-11,1.0316044089300114e-11,2.1694289397497413e-11,4.207859161653677e-15,7.933046623166184e-15,1.3348880001928731e-08,2.614156016836979e-08,7.735979931619941e-19,2.3001359538661527e-18,0.006421609483356719,0.01303538665002384,3.454445254490021e-31,9.999999999997027e-31,4.464598576798176e-09,1.4265807617150553e-08,1.236181781189661e-10,3.855759637162336e-10
0.387,1442.896551090474,4.932643483614492,0.17777418449596424,3.863986357326307,0.4759514592927902,0.06953130646264895,1.6475629864674273e-05,1.2034547293835683e-06,1.0824528113021617e-11,1.2549574765501881e-11,2.176521490469451e-12,5.046763958330793e-12,3.93639958760188e-07,4.85125483412313e-07,0.21134119264954138,0.2758961369111835,1.6631704727327057e-14,3.9779274725274955e-14,1.3686424100159995e-12,3.3734548335429653e-12,1.7050351201343507e-11,1.7331067954799816e-11,1.422496197157594e-05,1.5498217293379392e-05,0.020287616356045746,0.02358543042300595,0.2534951503966409,0.5145291251995819,0.03233907118680813,0.10313266537646001,1.609764786757449e-07,3.38498772856247e-07,2.606979652018658e-06,5.672340865853201e-06,2.878646671763814e-06,6.683980552554819e-06,0.00012138772886064989,0.0002467725096005023,3.832273793671172e-08,8.070663254903666e-08,6.0452427006023154e-06,1.3172686879917284e-05,2.2149252617974306e-10,6.585324915270562e-10,2.311797188461358e-18,2.346508107161289e-18,1.4581721770881677e-11,1.6930891991597917e-11,1.0297179786085185e-11,2.165573021570832e-11,4.1978587707788275e-15,7.91459929376817e-15,1.3348219678156912e-08,2.6141609144648688e-08,7.719725497274248e-19,2.2954208760532492e-18,0.0064212797978725695,0.0130353866500611,3.4542679032321307e-31,9.999999999997048e-31,4.442188172241029e-09,1.4194928038825635e-08,1.2318455246224153e-10,3.842431742256255e-10
0.388,1442.7145420216839,4.932914721850583,0.1777644095132321,3.8696117803383614,0.47600428886153723,0.06954257655018978,1.6449154450555767e-05,1.2015822223992798e-06,1.078120497746471e-11,1.2499985960234338e-11,2.167224631050943e-12,5.025463761691939e-12,3.927119126145116e-07,4.840064741194924e-07,0.21130382510290935,0.2758614464322136,1.6560659036826468e-14,3.9611372874020157e-14,1.3643902955659855e-12,3.3631459350609093e-12,1.69630177187192e-11,1.724317740385882e-11,1.4182638442563854e-05,1.5452894788397294e-05,0.02026188705237471,0.023556722029920804,0.25350725526848744,0.5145799799046031,0.03233818227792888,0.10313509873899566,1.6081550699902585e-07,3.3817755843701623e-07,2.6073980918504454e-06,5.67354112614117e-06,2.871673415856265e-06,6.668129837454847e-06,0.00012086280319540053,0.0002457179249098048,3.814174768539873e-08,8.032957532494454e-08,6.026136868135555e-06,1.3131725719568832e-05,2.205703053611364e-10,6.558240822038496e-10,2.3104020594259985e-18,2.345211825131332e-18,1.4556120235807833e-11,1.6902029315911164e-11,1.0278419247097516e-11,2.1617379640629045e-11,4.187919453197534e-15,7.896263152251575e-15,1.3347562711735312e-08,2.6141657846383455e-08,7.703561505598967e-19,2.290731607399689e-18,0.006420951796137704,0.013035386650098102,3.4540914577316164e-31,9.99999999999706e-31,4.4199745133557775e-09,1.4124666207304402e-08,1.227543219486608e-10,3.829207382951481e-10
0.389,1442.533239355991,4.9331852687317355,0.17775466051659936,3.875237511878079,0.4760568573596052,0.06955379156707116,1.642281725447994e-05,1.1997193093674384e-06,1.0738216689854448e-11,1.2450777102685126e-11,2.1580028169867015e-12,5.004334115673766e-12,3.9178955145502975e-07,4.828942319252319e-07,0.211266641554389,0.27582692094050937,1.6490185664839e-14,3.944481261163017e-14,1.3601676474481681e-12,3.3529077483804373e-12,1.687645299047231e-11,1.7156054904739676e-11,1.4140597414731993e-05,1.5407871466777288e-05,0.020236286180427488,0.023528153912088352,0.25351929082886077,0.5146305653422956,0.03233730481207219,0.10313754203899278,1.606552572324423e-07,3.3785774155792297e-07,2.607814679725551e-06,5.674736004111696e-06,2.8647437101152437e-06,6.652376903989574e-06,0.00012034211545891025,0.00024467178515902175,3.7962285662434664e-08,7.995567752977806e-08,6.007162967959187e-06,1.3091044483576196e-05,2.1965532950766998e-10,6.531367690272202e-10,2.309012552212509e-18,2.3439205082331782e-18,1.4530663734003221e-11,1.6873327721391644e-11,1.0259761444704483e-11,2.1579235622997498e-11,4.17804057112139e-15,7.87803704573513e-15,1.3346909073173235e-08,2.6141706276308304e-08,7.687487059800554e-19,2.286067894163233e-18,0.0064206254632741735,0.01303538665013495,3.453915909985002e-31,9.999999999997086e-31,4.397955126008812e-09,1.4055014398253203e-08,1.22327444935343e-10,3.816085295285042e-10
0.39,1442.3526370254008,4.933455129873652,0.17774493729536692,3.8808635511634524,0.47610916707062007,0.06956495198888718,1.639661694384651e-05,1.1978658985888314e-06,1.0695559264347457e-11,1.24019436957731e-11,2.148855129134496e-12,4.983372942588279e-12,3.9087281593169897e-07,4.817886866757607e-07,0.21122964038490216,0.2757925590048502,1.6420277612959374e-14,3.927957762122811e-14,1.3559741361292867e-12,3.342739487548218e-12,1.6790647187284534e-11,1.7069690688859168e-11,1.4098835873806212e-05,1.5363144159802556e-05,0.020210812631323485,0.02349972487758365,0.25353125770066454,0.5146808838735935,0.03233643868224161,0.10313999517063568,1.6049572285027852e-07,3.3753930972905166e-07,2.6082294304520015e-06,5.675925543216002e-06,2.857857109526006e-06,6.63672076108448e-06,0.00011982561503114858,0.00024363399008621653,3.778433303875533e-08,7.958490045931946e-08,5.988319590999021e-06,1.3050640205325133e-05,2.1874751271216937e-10,6.504703033423944e-10,2.3076286054094302e-18,2.3426341012447552e-18,1.4505350823765821e-11,1.6844785619281493e-11,1.0241205366014332e-11,2.1541296142802854e-11,4.1682214962089674e-15,7.859919838334563e-15,1.3346258733361025e-08,2.6141754437104088e-08,7.671501275818757e-19,2.281429486183552e-18,0.006420300784600702,0.013035386650171572,3.4537412520946485e-31,9.999999999997118e-31,4.3761275772839056e-09,1.3985965015464849e-08,1.219038804765762e-10,3.8030642363879076e-10
0.391,1442.1727290346862,4.93372431081863,0.17773523964159219,3.886489897418796,0.4761612202601197,0.06957605828706646,1.6370552200582034e-05,1.196021899344241e-06,1.0653228773317134e-11,1.2353481307663754e-11,2.1397806628326873e-12,4.962578197327717e-12,3.8996164744394476e-07,4.806897690939481e-07,0.21119281998602493,0.2757583591999124,1.6350927991821483e-14,3.911565183889631e-14,1.3518094363685189e-12,3.3326403767458156e-12,1.6705590635790474e-11,1.6984075141799006e-11,1.4057350845291366e-05,1.5318709740196266e-05,0.020185465308595947,0.023471433747589827,0.2535431564919129,0.5147309378171975,0.03233558379042507,0.10314245805407553,1.6033689737228026e-07,3.3722225053975635e-07,2.6086423586438014e-06,5.6771097863637e-06,2.851013173750728e-06,6.6211604278605405e-06,0.00011931325197489519,0.0002426044407687753,3.760787124923735e-08,7.921720594717959e-08,5.9696053440021586e-06,1.3010509950944908e-05,2.178467703499175e-10,6.47824440184363e-10,2.306250159155535e-18,2.341352550426475e-18,1.448018002221143e-11,1.6816401371729322e-11,1.0222750009865131e-11,2.150355920307603e-11,4.158461608163666e-15,7.841910408567842e-15,1.3345611663576986e-08,2.6141802331534515e-08,7.65560327856301e-19,2.2768161357764525e-18,0.006419977745602705,0.013035386650208033,3.453567476252542e-31,9.999999999997126e-31,4.35448946804618e-09,1.3917510567234189e-08,1.2148358824377654e-10,3.790142982018511e-10
0.392,1441.993509463388,4.933992817059992,0.17772556734920686,3.892116549874687,0.4762130191492501,0.0695871109245963,1.6344621729911306e-05,1.1941872225289161e-06,1.0611221359273616e-11,1.2305385585559395e-11,2.1307785287155433e-12,4.9419478692452014e-12,3.890559883929067e-07,4.795974110880001e-07,0.21115617878465778,0.2757243201368029,1.6282130030126884e-14,3.895301947519302e-14,1.3476732289439454e-12,3.3226096545332393e-12,1.6621273835842642e-11,1.6899198820847695e-11,1.4016139403768842e-05,1.5274565132191115e-05,0.02016024313094258,0.023443279359465854,0.2535549878142127,0.5147807294839084,0.03233474002764197,0.10314493057115579,1.6017877446265394e-07,3.3690655186494346e-07,2.6090534787938983e-06,5.678288776046211e-06,2.8442114711120265e-06,6.605694942854725e-06,0.00011880497731700057,0.00024158304019476605,3.743288209022361e-08,7.885255657010417e-08,5.951018860803142e-06,1.297065084381127e-05,2.169530192294466e-10,6.451989387247371e-10,2.3048771533617714e-18,2.340075801702446e-18,1.4455149955345905e-11,1.6788173465979754e-11,1.0204394392299431e-11,2.14660228412949e-11,4.1487602970511905e-15,7.824007653688925e-15,1.3344967835419304e-08,2.614184996215238e-08,7.639792210301534e-19,2.272227600217456e-18,0.006419656331971555,0.013035386650244264,3.4533945747615164e-31,9.999999999997135e-31,4.333038447213598e-09,1.3849643711957037e-08,1.2106652865018256e-10,3.777320330441888e-10
0.393,1441.8149724678428,4.934260654010616,0.1777159202151488,3.897743507767876,0.47626456594146704,0.06959811036027788,1.631882425126746e-05,1.1923617799956974e-06,1.0569533221032349e-11,1.225765223976892e-11,2.1218478515450654e-12,4.921479979491449e-12,3.881557819128423e-07,4.785115454236061e-07,0.2111197152176211,0.2756904404313317,1.6213877062758016e-14,3.879166498707835e-14,1.3435651987623936e-12,3.3126465692144634e-12,1.6537687438223552e-11,1.6815052432523204e-11,1.3975198662956634e-05,1.5230707300809486e-05,0.020135145030029316,0.023415260564328206,0.25356675226264697,0.5148302611384218,0.032333907295338596,0.10314741263418838,1.6002134782696111e-07,3.365922016501203e-07,2.609462805181782e-06,5.679462554164473e-06,2.837451574370098e-06,6.590323354257889e-06,0.0001183007427366963,0.0002405696926314223,3.725934760988024e-08,7.849091541781346e-08,5.932558790346963e-06,1.293106003854156e-05,2.1606617741049233e-10,6.425935617361885e-10,2.3035095295901557e-18,2.338803802580602e-18,1.4430259213616445e-11,1.676010034673265e-11,1.0186137540869295e-11,2.1428685117538644e-11,4.139116960830573e-15,7.806210485084481e-15,1.334432722088141e-08,2.6141897331582122e-08,7.624067221486115e-19,2.2676636390276387e-18,0.0064193365295715345,0.013035386650280286,3.453222540017385e-31,9.999999999997135e-31,4.311772195778462e-09,1.3782357207207567e-08,1.2065266270552035e-10,3.7645950979273976e-10
0.394,1441.6371122754254,4.93452782702621,0.1777062980385217,3.9033707703412217,0.4763158628082876,0.06960905704654269,1.6293158502692055e-05,1.1905454848757977e-06,1.0528160619558826e-11,1.2210277050510534e-11,2.1129877703703333e-12,4.901172581396928e-12,3.872609719933504e-07,4.774321058746327e-07,0.21108342774562552,0.2756567187218854,1.6146162533716833e-14,3.8631573085042786e-14,1.3394850357725023e-12,3.302750381091356e-12,1.6454822252232407e-11,1.6731626840352483e-11,1.3934525779827651e-05,1.518713325636104e-05,0.020110169950974914,0.02338737622759503,0.25357845042823773,0.5148795350238892,0.03233308549253803,0.10314990414482365,1.5986461126699162e-07,3.362791880264763e-07,2.609870351940623e-06,5.680631162166674e-06,2.8307330629356437e-06,6.575044725054677e-06,0.00011780050071823667,0.00023956430393610697,3.70872501612824e-08,7.813224620506789e-08,5.914223802814572e-06,1.289173473435537e-05,2.1518616426534374e-10,6.400080757763269e-10,2.3021472299499487e-18,2.337536501029476e-18,1.4405506426102743e-11,1.6732180502294388e-11,1.0167978497304433e-11,2.1391544120091318e-11,4.129531006428598e-15,7.788517830300546e-15,1.3343689792296388e-08,2.6141944442374672e-08,7.608427475869112e-19,2.2631240154948746e-18,0.006419018324448718,0.013035386650316163,3.4530513645137584e-31,9.999999999997167e-31,4.290688434732428e-09,1.3715643935117474e-08,1.2024195207683844e-10,3.751966120653157e-10
0.395,1441.4599231869406,4.9347943413992095,0.17769670062081322,3.908998336843618,0.47636691189148417,0.06961995142975447,1.626762324033026e-05,1.1887382515426801e-06,1.048709987596756e-11,1.2163255865631186e-11,2.1041974382216383e-12,4.881023759780701e-12,3.863715034546366e-07,4.7635902719325075e-07,0.21104731485098566,0.27562315366640716,1.6078979993603692e-14,3.8472728727219314e-14,1.335432434767312e-12,3.2929203619839943e-12,1.6372669240836505e-11,1.6648913060027535e-11,1.389411795352115e-05,1.514384005328455e-05,0.020085316852496624,0.023359625229164502,0.2535900828955397,0.5149285533569099,0.0323322745182353,0.10315240500166979,1.5970855867501438e-07,3.359674992988743e-07,2.6102761330398965e-06,5.681794641008846e-06,2.8240555225067375e-06,6.559858132189003e-06,0.0001173042045161171,0.00023856678148647943,3.6916572389308924e-08,7.77765132444051e-08,5.896012588625078e-06,1.2852672172926572e-05,2.1431290044191e-10,6.374422510800578e-10,2.3007901972165583e-18,2.336273845599021e-18,1.438089025501293e-11,1.6704412458203296e-11,1.0149916317160017e-11,2.135459796471824e-11,4.120001849518482e-15,7.770928632635117e-15,1.334305552234487e-08,2.6141991297017927e-08,7.592872149457769e-19,2.2586084963650604e-18,0.006418701702832086,0.0130353866503518,3.4528810408426528e-31,9.999999999997177e-31,4.2697849231709515e-09,1.3649496896384678e-08,1.198343590664925e-10,3.73943225403012e-10
0.396,1441.2833995700921,4.93506020235057,0.17768712776618864,3.914626206529912,0.4764177153197996,0.0696307939530266,1.6242217232537237e-05,1.1869399951888148e-06,1.0446347362204223e-11,1.211658458990639e-11,2.095476021009686e-12,4.861031628442215e-12,3.854873217649507e-07,4.7529224488812776e-07,0.21101137502241427,0.2755897439240562,1.6012323089765777e-14,3.831511709616748e-14,1.3314070941980316e-12,3.2831557923308987e-12,1.629121950433361e-11,1.6566902242968927e-11,1.385397241803041e-05,1.5100824782290333e-05,0.02006058470438897,0.023332006460622872,0.25360165023282416,0.5149773183103835,0.03233147428246863,0.10315491513617786,1.595531839731622e-07,3.3565712382030855e-07,2.610680162258565e-06,5.682953031126988e-06,2.817418542526855e-06,6.544762660704758e-06,0.0001168118079635604,0.00023757703379320144,3.674729716357267e-08,7.742368130560299e-08,5.8779238511455265e-06,1.2813869622589133e-05,2.1344630772114414e-10,6.348958611412254e-10,2.2994383757894686e-18,2.3350157864066452e-18,1.4356409305763933e-11,1.6676794672887655e-11,1.0131950066017302e-11,2.1317844786809248e-11,4.110528912785011e-15,7.753441847919348e-15,1.3342424384072417e-08,2.6142037898113347e-08,7.577400425226298e-19,2.254116850283971e-18,0.006418386651098706,0.013035386650387311,3.4527115616757167e-31,9.999999999997195e-31,4.249059448706332e-09,1.3583909179767116e-08,1.1942984651324274e-10,3.726992369647451e-10
0.397,1441.1075358612052,4.935325415060895,0.17767757928036826,3.9202543786608595,0.47646827517670926,0.0696415850509944,1.621693927012495e-05,1.1851506325666318e-06,1.0405899515922717e-11,1.2070259202245144e-11,2.086822698728027e-12,4.841194332932685e-12,3.8460837334607265e-07,4.7423169559821997e-07,0.21097560678531127,0.275556488192755,1.5946185578414418e-14,3.815872362772583e-14,1.3274087182591808e-12,3.273455966313476e-12,1.6210464303482134e-11,1.6485585699807164e-11,1.3814086453737332e-05,1.5058084582849948e-05,0.020035972490791122,0.023304518828885287,0.2536131530150035,0.5150258320562511,0.03233068468165252,0.1031574344331876,1.593984812286203e-07,3.3534805023188296e-07,2.6110824532781953e-06,5.684106372597548e-06,2.8108217209281726e-06,6.529757414724822e-06,0.00011632326581402553,0.0002365949711935937,3.657940769694616e-08,7.707371586515224e-08,5.8599563201148015e-06,1.2775324407532139e-05,2.1258630922015388e-10,6.323686833142206e-10,2.2980917096382264e-18,2.3337622730349254e-18,1.4332062308089198e-11,1.664932574792695e-11,1.0114078825928553e-11,2.1281282754801084e-11,4.1011116287262995e-15,7.736056449755635e-15,1.3341796350806152e-08,2.6142084248020548e-08,7.562011503319605e-19,2.249648850818335e-18,0.006418073155820684,0.013035386650422623,3.4525429197895574e-31,9.999999999997214e-31,4.228509844763243e-09,1.351887401733684e-08,1.1902837794974064e-10,3.71464536017031e-10
0.398,1440.93232656781,4.935589984633304,0.17766805497196272,3.9258828525030354,0.47651859353179404,0.06965232515481279,1.6191788156400226e-05,1.183370081268599e-06,1.036575282467956e-11,1.2024275737469891e-11,2.0782366640139808e-12,4.821510047263968e-12,3.837346052692048e-07,4.7317731672134486e-07,0.21094000867190577,0.2755233851718633,1.588056131077763e-14,3.800353397824896e-14,1.3234370147605903e-12,3.2638201866355262e-12,1.61303950331456e-11,1.640495487376433e-11,1.377445737592455e-05,1.5015616630794536e-05,0.02001147920763471,0.023277161253380137,0.25362459179986996,0.515074096720313,0.032329905623803036,0.10315996281202501,1.5924444454053234e-07,3.350402672270515e-07,2.6114830195736342e-06,5.6852547049330504e-06,2.804264659425564e-06,6.5148415065682645e-06,0.00011583853338892985,0.00023562050513748056,3.6412887421994663e-08,7.67265828467168e-08,5.8421087382347235e-06,1.2737033878673479e-05,2.1173282917191078e-10,6.298604981647223e-10,2.2967501443572298e-18,2.3325132566326633e-18,1.4307847945086662e-11,1.6622004229595566e-11,1.0096301689137594e-11,2.1244910057113625e-11,4.0917494368733415e-15,7.718771424330458e-15,1.3341171396245953e-08,2.6142130349192742e-08,7.54670459086132e-19,2.245204273440055e-18,0.00641776120372683,0.0130353866504578,3.4523751080450423e-31,9.999999999997237e-31,4.208133972589866e-09,1.3454384727119419e-08,1.186299174347491e-10,3.702390134137433e-10
0.399,1440.7577662625945,4.935853916118531,0.1776585546515677,3.9315116273287747,0.4765686724252123,0.06966301468977149,1.616676271175799e-05,1.1815982600618644e-06,1.0325903832257325e-11,1.1978630293669055e-11,2.0697171224087482e-12,4.801976974521399e-12,3.828659653855669e-07,4.721290465750678e-07,0.21090457923645628,0.2754904335816068,1.5815444236568776e-14,3.7849534032981245e-14,1.3194916960966678e-12,3.254247766914845e-12,1.6051003230907212e-11,1.6325001349466987e-11,1.3735082539246833e-05,1.497341814319214e-05,0.01998710386320333,0.02324993266667467,0.2536359671416212,0.5151221144088518,0.03232913701459356,0.10316250018185093,1.5909106809732794e-07,3.3473376367180997e-07,2.6118818744854876e-06,5.686398067230388e-06,2.797746965805657e-06,6.500014062066028e-06,0.0001153575667404936,0.00023465354851882935,3.624772004742495e-08,7.638224874025629e-08,5.8243798676375935e-06,1.2698995427763918e-05,2.1088579299582106e-10,6.273710896806612e-10,2.2954136260225146e-18,2.3312686887508567e-18,1.4283764935729611e-11,1.6594828704693707e-11,1.0078617760876521e-11,2.1208724908019052e-11,4.082441784935015e-15,7.701585772571961e-15,1.3340549494402823e-08,2.6142176204014466e-08,7.5314789070017e-19,2.2407828970265504e-18,0.006417450781712679,0.013035386650492711,3.452208119392775e-31,9.999999999997233e-31,4.1879297296480705e-09,1.3390434739955748e-08,1.1823442961978186e-10,3.690225618045099e-10
0.4,1440.5838495833905,4.936117214505839,0.17764907813208924,3.937140702416102,0.4766185138760341,0.06967365407663605,1.6141861771034812e-05,1.1798350886978697e-06,1.0286349133610164e-11,1.1933319026392741e-11,2.0612632916998087e-12,4.7825933453637856e-12,3.820024022375054e-07,4.710868242885775e-07,0.21086931704738632,0.2754576321533228,1.5750828398467507e-14,3.7696709893050996e-14,1.3155724786367917e-12,3.2447380301924763e-12,1.5972280567327105e-11,1.6245716843145316e-11,1.3695959334118812e-05,1.493148637446463e-05,0.01996284547735319,0.02322283201362283,0.25364727958482025,0.5151698871972866,0.032328378763825216,0.10316504646249529,1.589383461485517e-07,3.344285285461677e-07,2.61227903119292e-06,5.687536498121561e-06,2.7912682526746523e-06,6.485274217672584e-06,0.00011488032254993397,0.00023369401546992092,3.60838895219598e-08,7.604068052635733e-08,5.806768486257078e-06,1.2661206479523562e-05,2.1004512721614097e-10,6.249002450327052e-10,2.2940821016569156e-18,2.3300285218198813e-18,1.4259811996897157e-11,1.6567797756482483e-11,1.0061026157646937e-11,2.1172725544082713e-11,4.0731881279692454e-15,7.684498508610574e-15,1.3339930619612636e-08,2.614222181487631e-08,7.516333680112133e-19,2.2363845030325232e-18,0.006417141876828973,0.013035386650527461,3.452041946866795e-31,9.999999999997216e-31,4.167895044415918e-09,1.3327017582969835e-08,1.1784187969457447e-10,3.678150754662253e-10
0.401,1440.4105712339128,4.9363798847366125,0.177639625228253,3.9427700770486767,0.4766681198681477,0.06968424372935907,1.6117084187437046e-05,1.178080488196512e-06,1.0247085381179639e-11,1.1888338155977282e-11,2.0528744025183147e-12,4.763357419410518e-12,3.811438651850262e-07,4.700505899578139e-07,0.21083422070051094,0.2754249796458668,1.5686707937551606e-14,3.754504788847826e-14,1.3116790835778747e-12,3.235290311031495e-12,1.5894218856620605e-11,1.6167093213517462e-11,1.365708519175231e-05,1.4889818621857924e-05,0.019938703082950125,0.02319585825297381,0.25365852967443786,0.5152174171488914,0.032327630774639446,0.10316760154970246,1.587862730485461e-07,3.3412455103510885e-07,2.6126745027540296e-06,5.688670035842857e-06,2.7848281393847695e-06,6.470621124929478e-06,0.00011440675826822279,0.00023274182164772088,3.592138008305272e-08,7.570184577894781e-08,5.78927339323215e-06,1.2623664503408488e-05,2.092107595604285e-10,6.22447754867125e-10,2.2927555184683073e-18,2.328792708368838e-18,1.4235987918630839e-11,1.654091005208073e-11,1.0043526009730243e-11,2.113691022939588e-11,4.063987929534543e-15,7.667508661936583e-15,1.3339314746503891e-08,2.6142267184027668e-08,7.501268152303449e-19,2.232008876829353e-18,0.006416834476302087,0.013035386650562005,3.451876583595672e-31,9.999999999997209e-31,4.148027883517607e-09,1.326412690238276e-08,1.1745223345565033e-10,3.6661645051686843e-10
0.402,1440.2379259805007,4.936641931676701,0.1776301957575979,3.948399750515707,0.4767174923808736,0.06969478406007255,1.6092428823595866e-05,1.1763343802019878e-06,1.0208109269602562e-11,1.1843683949928905e-11,2.0445496966872923e-12,4.744267481460858e-12,3.802903041140471e-07,4.690202842897965e-07,0.2107992887904417,0.2753924748103338,1.562307707844625e-14,3.739453454304029e-14,1.3078112349846063e-12,3.2259039507140177e-12,1.5816810029141502e-11,1.6089122433997088e-11,1.361845757243005e-05,1.4848412212795486e-05,0.019914675722496698,0.023169010353633463,0.2536697179347293,0.5152647062757266,0.03232689296640026,0.10317016538892552,1.586348431594516e-07,3.3382182032711305e-07,2.613068302024039e-06,5.689798718098875e-06,2.7784262477439227e-06,6.4560539405538826e-06,0.00011393683179488415,0.0002317968835829941,3.576017614445445e-08,7.536571242922486e-08,5.771893396856068e-06,1.2586366987452972e-05,2.0838261871672748e-10,6.200134125900078e-10,2.2914338255231504e-18,2.3275612027433028e-18,1.4212291402630634e-11,1.65141641549568e-11,1.0026116455424756e-11,2.1101277243624304e-11,4.054840659000786e-15,7.650615272393703e-15,1.3338701850058968e-08,2.614231231389247e-08,7.486281569578646e-19,2.2276558047940752e-18,0.006416528567486141,0.01303538665059644,3.451712022776655e-31,9.99999999999724e-31,4.128326235458871e-09,1.3201756411662656e-08,1.1706545714121472e-10,3.6542658440388147e-10
0.403,1440.065908649798,4.936903360164511,0.177620789538744,3.95402972211192,0.4767666333463287,0.06970527547226424,1.6067894563757472e-05,1.174596687864709e-06,1.0169417554241773e-11,1.179935274435621e-11,2.0362884286214507e-12,4.725321844717338e-12,3.7944166981031236e-07,4.679958490603687e-07,0.21076451995102088,0.2753601164405738,1.5559930143768876e-14,3.724515660864986e-14,1.3039686623780333e-12,3.216578303604839e-12,1.5740046161069494e-11,1.6011796622825546e-11,1.3580073979662901e-05,1.4807264520213056e-05,0.019890762451823918,0.023142287298774725,0.25368084490118264,0.5153117565991725,0.03232616524072725,0.10317273786606011,1.5848405099207387e-07,3.335203259078746e-07,2.613460441794692e-06,5.690922582317734e-06,2.7720622079904885e-06,6.4415718402745875e-06,0.0001134705019030411,0.0002308591195437742,3.560026244375313e-08,7.503224907623106e-08,5.7546273311706814e-06,1.2549311474370506e-05,2.0756063459524907e-10,6.175970151424377e-10,2.2901169711134656e-18,2.326333958411824e-18,1.4188721291589569e-11,1.6487558791264842e-11,1.0008796648709788e-11,2.106582489797662e-11,4.045745794923153e-15,7.633817396489307e-15,1.3338091905497377e-08,2.6142357206620285e-08,7.471373195605729e-19,2.2233250783907973e-18,0.006416224137916874,0.013035386650630714,3.451548257704709e-31,9.999999999997267e-31,4.108788132214407e-09,1.3139899960498028e-08,1.1668151762943923e-10,3.642453765209396e-10
0.404,1439.8945141356971,4.937164174960107,0.17761140639322248,3.9596599911374692,0.47681554468771176,0.06971571836680501,1.6043480302451943e-05,1.172867335021207e-06,1.013100703336106e-11,1.175534092339801e-11,2.02808986395534e-12,4.706518847647757e-12,3.785979136137277e-07,4.6697722669140733e-07,0.21072991281857528,0.2753279033269211,1.5497261539784557e-14,3.709690103137765e-14,1.300151098282923e-12,3.2073127311282265e-12,1.5663919445163746e-11,1.5935108013495018e-11,1.354193194732199e-05,1.476637294864731e-05,0.019866962337497032,0.023115688082975448,0.25369191109016964,0.5153585700914806,0.032325447513393085,0.10317531890988398,1.5833389107307475e-07,3.332200572830436e-07,2.613850934647637e-06,5.692041665366923e-06,2.7657356531851916e-06,6.427174005849839e-06,0.00011300772783397822,0.0002299284487127628,3.544162390052448e-08,7.470142468867129e-08,5.737474040380007e-06,1.2512495527669199e-05,2.0674473808318367e-10,6.151983622767538e-10,2.2888049052982895e-18,2.3251109305623686e-18,1.4165276370559668e-11,1.646109261916848e-11,9.991565752149447e-12,2.1030551520419344e-11,4.0367028219255935e-15,7.617114101571642e-15,1.3337484888390956e-08,2.6142401864475254e-08,7.456542298623665e-19,2.219016490290598e-18,0.006415921175271642,0.013035386650664742,3.451385281750994e-31,9.999999999997261e-31,4.089411628500329e-09,1.307855146865518e-08,1.1630038224917416e-10,3.6307272762032435e-10
0.405,1439.7237373899998,4.937424380778367,0.17760204614428118,3.9652905568978865,0.4768642283008137,0.06972611313915165,1.601918494994915e-05,1.1711462465921812e-06,1.009287455577176e-11,1.1711644928111961e-11,2.0199532797764235e-12,4.687856854534683e-12,3.7775898757300116e-07,4.6596436044147893e-07,0.21069546605020148,0.2752958342797376,1.543506576056437e-14,3.694975496147331e-14,1.2963582793945353e-12,3.1981066046475357e-12,1.5588422201435102e-11,1.5859048965651507e-11,1.3504029044864556e-05,1.4725734939938379e-05,0.01984327445717662,0.023089211712619084,0.25370291701577624,0.5154051487092721,0.03232473969710813,0.10317790843698339,1.5818435801424377e-07,3.3292100412367235e-07,2.614239793049569e-06,5.693156003752697e-06,2.759446222045963e-06,6.4128596316536916e-06,0.00011254846949256297,0.00022900479158530467,3.52842456843572e-08,7.43732087484493e-08,5.720432386607019e-06,1.2475916748571975e-05,2.0593486112964706e-10,6.128172568102737e-10,2.2874975784665163e-18,2.3238920746400144e-18,1.4141955456530245e-11,1.643476433291357e-11,9.974422940202733e-12,2.099545546263242e-11,4.027711232052726e-15,7.600504468379465e-15,1.333688077459175e-08,2.61424462896609e-08,7.4417881583980615e-19,2.214729836440392e-18,0.006415619667377835,0.013035386650698649,3.4512230883673553e-31,9.999999999997277e-31,4.070194811884604e-09,1.3017704958344827e-08,1.1592201885957509e-10,3.619085400618957e-10
0.406,1439.5535734239738,4.937683982276914,0.17759270861731724,3.9709214187040143,0.47691268606310766,0.06973646018077759,1.5995007429285037e-05,1.1694333483676477e-06,1.0055017015332597e-11,1.1668261250142381e-11,2.0118779640223134e-12,4.669334254098307e-12,3.76924844348512e-07,4.6495719428728577e-07,0.21066117831503664,0.27526390811843904,1.537333738229147e-14,3.6803705739906104e-14,1.2925899458984764e-12,3.1889593037980533e-12,1.551354686679104e-11,1.5783611954651675e-11,1.3466362873485146e-05,1.4685347969079206e-05,0.019819697899007845,0.023062857205229517,0.2537138631826517,0.5154514943797762,0.03232404170905853,0.10318050637596932,1.5803544647980422e-07,3.3262315619802935e-07,2.614627029315592e-06,5.694265633548546e-06,2.7531935574725148e-06,6.398627921264811e-06,0.00011209268733422951,0.00022808806974050028,3.512811317467459e-08,7.404757116636601e-08,5.703501245798881e-06,1.2439572767127796e-05,2.051309366600548e-10,6.104535043731952e-10,2.2861949419201362e-18,2.322677346943413e-18,1.4118757362517043e-11,1.6408572621135367e-11,9.95736739731202e-12,2.09605350960341e-11,4.018770523867247e-15,7.583987589359261e-15,1.3336279540247359e-08,2.6142490484389923e-08,7.427110062449364e-19,2.210464914945881e-18,0.0064153196022029456,0.013035386650732374,3.4510616710810204e-31,9.999999999997282e-31,4.05113579697388e-09,1.29573545357032e-08,1.1554639579196446e-10,3.607527176330235e-10
0.40700000000000003,1439.3840173061672,4.937942984071224,0.17758339363933212,3.9765525758719584,0.476960919822266,0.06974675987736353,1.59709466793878e-05,1.1677285672341113e-06,1.00174313561982e-11,1.1625186437820555e-11,2.0038632158968634e-12,4.650949460467815e-12,3.76095437313823e-07,4.6395567304856506e-07,0.21062704830529264,0.275232123685426,1.5312071067566958e-14,3.665874090871741e-14,1.288845842180619e-12,3.1798702182382262e-12,1.5439286004045167e-11,1.570878958076537e-11,1.3428931070088247e-05,1.4645209548544133e-05,0.019796231762372024,0.023036623590313943,0.25372475009519563,0.5154976090185394,0.0323233534612734,0.10318311263654326,1.5788715122264797e-07,3.323265034473667e-07,2.6150126556544217e-06,5.6953705904829375e-06,2.7469773081976704e-06,6.384478091299992e-06,0.00011164034248292588,0.00022717820608146998,3.497321200182904e-08,7.372448236886775e-08,5.686679512211768e-06,1.2403461251991786e-05,2.0433289865698674e-10,6.081069136498381e-10,2.2848969471929946e-18,2.3214667039289477e-18,1.4095680954386534e-11,1.6382516232879222e-11,9.940398319888226e-12,2.0925788815937555e-11,4.009880203360927e-15,7.567562570379147e-15,1.3335681161768574e-08,2.6142534450773354e-08,7.412507310488669e-19,2.2062215273896475e-18,0.006415020967866312,0.01303538665076593,3.4509010235009035e-31,9.999999999997303e-31,4.032232731469769e-09,1.289749441018932e-08,1.1517348190617037e-10,3.596051657246802e-10
0.40800000000000003,1439.2150641655803,4.938201390716044,0.1775741010395989,3.9821840277230196,0.4770089314091015,0.06975701261081817,1.5947001651421077e-05,1.1660318309101716e-06,9.980114565752104e-12,1.1582417088017007e-11,1.995908345138025e-12,4.632700911505072e-12,3.7527072043140475e-07,4.6295974223619855e-07,0.2105930747237606,0.2752004798302919,1.525126155847045e-14,3.651484819458799e-14,1.2851257159478069e-12,3.170838745492051e-12,1.536563228845971e-11,1.5634574555578485e-11,1.3391731302316564e-05,1.4605317222918108e-05,0.019772875157133826,0.02301050990854088,0.25373557824702475,0.5155434945089873,0.03232267487163925,0.10318572714485098,1.577394670429499e-07,3.3203103589955824e-07,2.615396684113853e-06,5.696470909830978e-06,2.7407971268503402e-06,6.370409366932061e-06,0.0001111913965844604,0.0002262751245380616,3.48195279950806e-08,7.340391318879066e-08,5.6699660931106975e-06,1.236757989891064e-05,2.0354068204660439e-10,6.057772960434941e-10,2.2836035468250686e-18,2.320260103002203e-18,1.4072725089869282e-11,1.6356593906770028e-11,9.923514913955018e-12,2.0891215036647638e-11,4.001039782825943e-15,7.55122852862187e-15,1.3335085615864754e-08,2.6142578190939556e-08,7.39797920917501e-19,2.201999477277018e-18,0.006414723752626888,0.013035386650799318,3.450741139311008e-31,9.999999999997312e-31,4.01348378859696e-09,1.283811887044228e-08,1.1480324651478498e-10,3.5846579109650143e-10
0.40900000000000003,1439.0467091872338,4.93845920671998,0.17756483064913575,3.9878157735836397,0.4770567226297592,0.06976721875810492,1.5923171310777684e-05,1.1643430680925351e-06,9.943063677528501e-12,1.1539949849557104e-11,1.988012672035732e-12,4.614587068857803e-12,3.744506483118578e-07,4.619693481255875e-07,0.21055925629157332,0.2751689754198689,1.519090367787143e-14,3.637201551206912e-14,1.2814293186788357e-12,3.1618642920658076e-12,1.5292578511922204e-11,1.5560959706298157e-11,1.3354761270596104e-05,1.4565668571143265e-05,0.019749627203731357,0.022984515211845656,0.2537463481282684,0.5155891527170234,0.032322005856473913,0.10318834981973773,1.5759238881432215e-07,3.31736743724119e-07,2.615779126622494e-06,5.697566626502675e-06,2.734652671112284e-06,6.356420984582883e-06,0.00011074581188171004,0.00022537875022044974,3.466704720876159e-08,7.30858349207336e-08,5.653359911775479e-06,1.2331926437294344e-05,2.0275422273374476e-10,6.034644657822583e-10,2.282314693785336e-18,2.3190575019311444e-18,1.4049888653206134e-11,1.6330804411282203e-11,9.906716396359099e-12,2.0856812194015534e-11,3.992248781359429e-15,7.534984593542177e-15,1.3334492879514692e-08,2.6142621706966748e-08,7.383525075482508e-19,2.197798571039202e-18,0.006414427944885777,0.013035386650832512,3.4505820122718265e-31,9.99999999999732e-31,3.994887171029286e-09,1.2779222296881788e-08,1.144356594136233e-10,3.5733450197255567e-10
0.41000000000000003,1438.8789476137267,4.938716436538494,0.17755558230095678,3.9934478127853414,0.47710429527000947,0.06977737869190027,1.5899454635720673e-05,1.1626622083579348e-06,9.906275768802636e-12,1.1497781420459646e-11,1.9801755272637146e-12,4.596606417584825e-12,3.736351761715612e-07,4.6098443770513364e-07,0.21052559174401514,0.27513760933289994,1.5130992327214697e-14,3.6230230958403286e-14,1.2777564053155415e-12,3.1529462726927837e-12,1.5220117578556807e-11,1.5487937971356285e-11,1.331801870656253e-05,1.4526261204831825e-05,0.019726487032993414,0.022958638563238848,0.2537570602219192,0.5156345854838508,0.0323213463343166,0.10319098058489776,1.5744591146788143e-07,3.3144361719893765e-07,2.6161599949698235e-06,5.698657775001938e-06,2.728543602988388e-06,6.3425121902375515e-06,0.00011030355116445935,0.00022448900931781908,3.4515755904233606e-08,7.277021928330482e-08,5.636859905617491e-06,1.2296498626135023e-05,2.0197345756853062e-10,6.01168239821569e-10,2.2810303418087838e-18,2.317858859190094e-18,1.4027170540052134e-11,1.6305146527215024e-11,9.890001993916349e-12,2.0822578743666714e-11,3.983506724477107e-15,7.518829906149453e-15,1.333390292997497e-08,2.6142665000912228e-08,7.369144234585164e-19,2.1936186174066853e-18,0.006414133533183133,0.01303538665086558,3.45042363621863e-31,9.999999999997349e-31,3.9764411082866825e-09,1.2720799153436168e-08,1.1407069085725488e-10,3.5621120796592665e-10
0.41100000000000003,1438.7117747407428,4.938973084575397,0.17754635583001668,3.9990801446646698,0.477151651100039,0.06978749278145119,1.5875850616223864e-05,1.1609891820816859e-06,9.869747957600926e-12,1.1455908544521357e-11,1.972396251248473e-12,4.578757464714766e-12,3.72824259781459e-07,4.600049586145937e-07,0.2104920798263993,0.27510638045529395,1.5071522482165524e-14,3.60894828032817e-14,1.2741067339684685e-12,3.144084109619348e-12,1.5148242497768484e-11,1.5415502393426116e-11,1.3281501370528282e-05,1.4487092765557973e-05,0.019703453785023778,0.022932879035569932,0.2537677150019527,0.515679794623317,0.03232069622832165,0.1031936193767554,1.5730002998366665e-07,3.311516466930689e-07,2.6165393008095027e-06,5.699744389446532e-06,2.72246958831993e-06,6.328682238334266e-06,0.00010986457772144912,0.00022360582900191078,3.4365640533037664e-08,7.245703838400017e-08,5.6204650246524695e-06,1.2261294250723054e-05,2.0119832427978314e-10,5.988884376489584e-10,2.2797504454290326e-18,2.3166641339986675e-18,1.4004569629012718e-11,1.6279619014652927e-11,9.873370942565478e-12,2.0788513159281422e-11,3.974813143617758e-15,7.502763618097538e-15,1.3333315744777732e-08,2.6142708074868118e-08,7.354836019144226e-19,2.1894594272038975e-18,0.006413840506183312,0.01303538665089848,3.4502660050535113e-31,9.99999999999736e-31,3.958143854394289e-09,1.2662843980128723e-08,1.1370831152434921e-10,3.550958199720926e-10
0.41200000000000003,1438.5451859179038,4.9392291551978635,0.17753715107266985,4.00471276856315,0.4771987918587359,0.06979756139002513,1.5852358257516067e-05,1.159323920693403e-06,9.83347740886297e-12,1.1414328018455858e-11,1.964674194785195e-12,4.56103874067208e-12,3.7201785559001114e-07,4.5903085929561163e-07,0.21045871930881005,0.2750752876984263,1.5012489197789353e-14,3.5949759501217316e-14,1.2704800667355827e-12,3.1352772346190547e-12,1.5076946395209984e-11,1.5343646130585226e-11,1.3245207056537342e-05,1.444816093034044e-05,0.019680526610831726,0.022907235713352573,0.2537783129445304,0.5157247819428297,0.0323200554542254,0.10319626610568046,1.5715473943073114e-07,3.3086082275005504e-07,2.616917055702256e-06,5.700826503640871e-06,2.716430298636735e-06,6.314930396053932e-06,0.00010942885547519301,0.00022272913770121958,3.421668778323036e-08,7.214626481687076e-08,5.604174236627184e-06,1.222631113380648e-05,2.004287615807085e-10,5.966248815980206e-10,2.2784749592635897e-18,2.315473285587632e-18,1.3982084871586913e-11,1.6254220717469766e-11,9.856822489662452e-12,2.075461393736582e-11,3.966167577235752e-15,7.486784893727855e-15,1.3332731301688295e-08,2.614275093078531e-08,7.340599773448434e-19,2.185320814575678e-18,0.0064135488526977265,0.013035386650931192,3.4501091127576786e-31,9.999999999997352e-31,3.9399936946666195e-09,1.2605351414781065e-08,1.1334849258693134e-10,3.539882503846909e-10
0.41300000000000003,1438.3791765511573,4.939484652713168,0.17752796786750522,4.010345683827219,0.47724571927217485,0.06980758487783963,1.5828976575596433e-05,1.157666356353537e-06,9.797461326034755e-12,1.1373036682201282e-11,1.9570087181675197e-12,4.54344879728448e-12,3.712159205683174e-07,4.580620888026177e-07,0.21042550896846599,0.27504432997700595,1.495388760089391e-14,3.581104967342505e-14,1.2668761686272293e-12,3.1265250863552216e-12,1.500622249712576e-11,1.527236244049158e-11,1.320913358613237e-05,1.4409463404912393e-05,0.019657704670913073,0.02288170769119791,0.2537888545136853,0.5157695492159501,0.03231942393545095,0.10319892070455247,1.5701003491550745e-07,3.3057113598041466e-07,2.617293271050164e-06,5.701904150951307e-06,2.7104254087740265e-06,6.301255937807951e-06,0.00010899634880325871,0.00022185886473860366,3.4068884516852465e-08,7.18378715311535e-08,5.587986520435831e-06,1.2191547121288528e-05,1.9966470903068727e-10,5.943773964405117e-10,2.2772038389803776e-18,2.3142862741890945e-18,1.3959715194237291e-11,1.6228950449559893e-11,9.840355891091267e-12,2.0720879591251626e-11,3.957569569419299e-15,7.47089290749369e-15,1.3332149578759252e-08,2.6142793570665596e-08,7.326434847769996e-19,2.1812025953161287e-18,0.006413258561663769,0.013035386650963791,3.449952953380113e-31,9.999999999997405e-31,3.9219889366020895e-09,1.2548316163970276e-08,1.1299120561795168e-10,3.5288841280880185e-10
0.41400000000000003,1438.2137420977488,4.939739581385033,0.17751880605475748,4.015978889808176,0.47729243504515,0.0698175636007933,1.580570459907642e-05,1.1560164220882537e-06,9.761696953919204e-12,1.1332031422250625e-11,1.949399191255334e-12,4.525986207950507e-12,3.7041841226731197e-07,4.5709859687366464e-07,0.21039244759813872,0.2750135062199807,1.48957128911741e-14,3.567334211064324e-14,1.2632948080076878e-12,3.1178271114740563e-12,1.4936064134518662e-11,1.520164468467241e-11,1.317327881033806e-05,1.4370997925898845e-05,0.019634987135320952,0.022856294073896784,0.2537993401693143,0.5158140981984143,0.032318801595006726,0.10320158310285611,1.5686591160702626e-07,3.3028257711469636e-07,2.6176679581420487e-06,5.70297736440243e-06,2.7044545979660708e-06,6.287658147784293e-06,0.00010856702261355,0.0002209949404849912,3.3922217795870527e-08,7.153183188615658e-08,5.5719008690734975e-06,1.2157000088683964e-05,1.989061070713316e-10,5.921458094948901e-10,2.275937040742013e-18,2.3131030604712934e-18,1.3937459540886586e-11,1.6203807044239183e-11,9.82397041237926e-12,2.068730865344986e-11,3.949018670361904e-15,7.455086844854442e-15,1.3331570554292718e-08,2.614283599647744e-08,7.31234060112008e-19,2.1771045876896876e-18,0.006412969622147207,0.01303538665099622,3.449797521038828e-31,9.999999999997428e-31,3.9041279137844645e-09,1.2491733015547733e-08,1.1263642262245865e-10,3.517962221588757e-10
0.41500000000000004,1438.0488780662708,4.939993945432752,0.17750966547633712,4.021612385862132,0.47733894086172135,0.0698274979105515,1.5782541368965396e-05,1.154374051774538e-06,9.726181577804981e-12,1.1291309170668037e-11,1.9418449932844003e-12,4.508649567209962e-12,3.696252888069608e-07,4.561403339176063e-07,0.210359534005641,0.2749828153699158,1.48379603398101e-14,3.553662576987396e-14,1.2597357565206181e-12,3.109182764425841e-12,1.4866464740919682e-11,1.513148632631063e-11,1.3137640609138508e-05,1.4332762260268e-05,0.019612373183625378,0.02283099397638438,0.2538097703667887,0.5158584306273952,0.03231818835590118,0.10320425322801846,1.5672236473534508e-07,3.2999513700030843e-07,2.6180411281510034e-06,5.704046176672104e-06,2.6985175497494485e-06,6.274136319729849e-06,0.00010814084233135684,0.00022013729633362877,3.37766748772833e-08,7.122811964116986e-08,5.555916289299803e-06,1.2122667940405204e-05,1.9815289700910082e-10,5.899299505760786e-10,2.274674521215443e-18,2.31192360554907e-18,1.391531687432958e-11,1.6178789355900305e-11,9.807665328536139e-12,2.0653899675328217e-11,3.940514436254987e-15,7.439365902081168e-15,1.3330994206837512e-08,2.6142878210153896e-08,7.298316401128459e-19,2.1730266123972847e-18,0.006412682023341441,0.013035386651028531,3.4496428099205103e-31,9.999999999997445e-31,3.886408985212228e-09,1.2435596836537769e-08,1.122841160281654e-10,3.507115946300331e-10
0.41600000000000004,1437.8845800172853,4.940247749029928,0.17750054597587475,4.027246171349957,0.47738523838527225,0.06983738815454217,1.5759485938517116e-05,1.152739180129437e-06,9.690912522838674e-12,1.1250866904384045e-11,1.9343455127512116e-12,4.4914374904875375e-12,3.688365088696472e-07,4.551872510063136e-07,0.21032676701371078,0.27495225638281673,1.4780625288455963e-14,3.54008897720472e-14,1.2561987890361258e-12,3.1005915073385516e-12,1.4797417850775305e-11,1.5061880928654513e-11,1.3102216891185002e-05,1.4294754205029824e-05,0.019589862004995896,0.02280580652384208,0.25382014555671945,0.5159025482209411,0.03231758414135385,0.10320693100606879,1.5657938959019233e-07,3.297088065987143e-07,2.6184127921307895e-06,5.7051106200825465e-06,2.692613951874002e-06,6.26068975674882e-06,0.00010771777389024454,0.00021928586468207176,3.363224320951286e-08,7.092670894805989e-08,5.540031801412693e-06,1.2088548609285091e-05,1.9740502100412187e-10,5.877296519635111e-10,2.2734162375948876e-18,2.310747871007247e-18,1.389328617836522e-11,1.615389626250142e-11,9.791439923943997e-12,2.0620651226890094e-11,3.9320564292203665e-15,7.42372928613528e-15,1.3330420515188787e-08,2.6142920213588432e-08,7.284361623632012e-19,2.1689684924552023e-18,0.006412395754568212,0.0130353866510606,3.4494888142809184e-31,9.999999999997449e-31,3.868830534799771e-09,1.2379902571581713e-08,1.1193425867896637e-10,3.4963444767846807e-10
0.417,1437.7208435624339,4.940500996302438,0.177491447398793,4.032880245637228,0.4774313292616408,0.06984723467647468,1.5736537372343285e-05,1.1511117426468885e-06,9.655887152221306e-12,1.1210701643137072e-11,1.926900147143987e-12,4.474348613483684e-12,3.680520316685228e-07,4.5423929983646523e-07,0.21029414545713945,0.2749218282246378,1.4723703147081985e-14,3.5266123396974777e-14,1.2526836834450497e-12,3.0920528095175203e-12,1.4728917095759564e-11,1.4992822151329583e-11,1.306700559244896e-05,1.4256971585798355e-05,0.019567452797772708,0.022780730851227598,0.2538304661830182,0.5159464526744927,0.03231698887695603,0.10320961636863375,1.5643698151208057e-07,3.294235769671127e-07,2.61878296101018e-06,5.706170726592914e-06,2.6867434959020617e-06,6.24731777038272e-06,0.00010729778369839413,0.00021844057886441566,3.348891042049698e-08,7.062757432643262e-08,5.524246438059743e-06,1.2054640054011772e-05,1.9666242203857044e-10,5.855447483089119e-10,2.272162147742458e-18,2.309575819046047e-18,1.3871366440565546e-11,1.6129126645557515e-11,9.775293491768365e-12,2.0587561895566326e-11,3.923644217013278e-15,7.408176214121638e-15,1.3329849458392909e-08,2.6142962008668465e-08,7.270475651878635e-19,2.1649300529616405e-18,0.006412110805271908,0.01303538665109252,3.44933552844174e-31,9.999999999997457e-31,3.851390969704938e-09,1.2324645237638249e-08,1.1158682381538278e-10,3.485646999613746e-10
0.418,1437.5576643625013,4.940753691331947,0.17748236959217883,4.038514608094174,0.4774772151183228,0.06985703781624802,1.571369474651287e-05,1.1494916756060344e-06,9.62110286706325e-12,1.1170810449333647e-11,1.9195083028343594e-12,4.457381591935907e-12,3.672718169477593e-07,4.532964327304554e-07,0.21026166818369696,0.2748915298726116,1.4667189393142562e-14,3.5132316081457856e-14,1.2491902206803055e-12,3.0835661475037524e-12,1.4660956203893426e-11,1.4924303749498486e-11,1.3032004676083307e-05,1.4219412256664416e-05,0.01954514476925673,0.022755766103047914,0.25384073268417506,0.5159901456636714,0.03231640248946619,0.10321230924913273,1.5629513589530077e-07,3.291394392649608e-07,2.619151645602374e-06,5.707226527821789e-06,2.6809058772878943e-06,6.23401968080346e-06,0.000106880838643708,0.00021760137316230804,3.3346664319162226e-08,7.03306906669697e-08,5.508559244519759e-06,1.202094025976478e-05,1.959250439088426e-10,5.833750766145578e-10,2.2709122100990612e-18,2.3084074123918448e-18,1.3849556657741679e-11,1.6104479396510373e-11,9.759225333987833e-12,2.055463028629844e-11,3.915277373005727e-15,7.392705913266862e-15,1.332928101573651e-08,2.6143003597264433e-08,7.256657876747999e-19,2.1609111211648618e-18,0.006411827165016836,0.013035386651124308,3.449182946789182e-31,9.999999999997457e-31,3.834088720600274e-09,1.2269819924895368e-08,1.1124178507291991e-10,3.475022713326167e-10
0.419,1437.3950381266363,4.941005838156391,0.17747331240476533,4.044149258095631,0.4775228975649518,0.06986679791004165,1.569095714822581e-05,1.1478789160483163e-06,9.586557104976424e-12,1.1131190426441274e-11,1.9121693947071564e-12,4.440535100771331e-12,3.664958249643101e-07,4.523586026144445e-07,0.21022933405373795,0.27486136031483666,1.4611079569038846e-14,3.4999457413305684e-14,1.2457181846053988e-12,3.0751310048040863e-12,1.4593528995830838e-11,1.4856319570134533e-11,1.2997212131440305e-05,1.4182074099146606e-05,0.01952293713556084,0.02273091143320181,0.2538509454932275,0.5160336288443753,0.03231582490693044,0.10321500958319803,1.5615384818671514e-07,3.2885638475162904e-07,2.6195188566053536e-06,5.708278055049578e-06,2.6751007952770675e-06,6.22079481658719e-06,0.00010646690607358871,0.0002167681827643748,3.3205492887942716e-08,7.003603321587187e-08,5.49296927820757e-06,1.1987447237154976e-05,1.9519283119414737e-10,5.812204761412628e-10,2.269666383636658e-18,2.307242614249776e-18,1.3827855836448724e-11,1.6079953417329905e-11,9.743234761127067e-12,2.0521855020995697e-11,3.906955475996383e-15,7.377317620569499e-15,1.3328715166741766e-08,2.61430449812293e-08,7.242907696467982e-19,2.1569115263810053e-18,0.0064115448234850865,0.013035386651155955,3.4490310637728316e-31,9.99999999999747e-31,3.816922240654604e-09,1.2215421793553799e-08,1.1089911646665164e-10,3.4644708279533725e-10
0.42,1437.2329606118192,4.941257440775719,0.17746427568672402,4.049784195020995,0.4775683781884655,0.06987651528954461,1.5668323677002884e-05,1.1462734018640989e-06,9.55224734245881e-12,1.109183872177073e-11,1.9048828464945858e-12,4.423807834889427e-12,3.657240165320262e-07,4.5142576307282016e-07,0.210197141944816,0.27483131855608234,1.455536928456415e-14,3.4867537137245726e-14,1.2422673623101217e-12,3.0667468726227236e-12,1.4526629389475396e-11,1.4788863556756705e-11,1.296262597597846e-05,1.4144955024277336e-05,0.019500829121978668,0.022706166005397543,0.25386110504149256,0.5160769038599055,0.03231525605473835,0.10321771729598819,1.5601311389863504e-07,3.2857440481332233e-07,2.619884604619788e-06,5.709325339252299e-06,2.669327953507762e-06,6.207642516112959e-06,0.00010605595384623084,0.00021594094387097684,3.3065384300422015e-08,6.974357761220224e-08,5.4774756105046494e-06,1.1954159026225547e-05,1.944657293004824e-10,5.790807885400999e-10,2.2684246276658783e-18,2.3060813881065176e-18,1.3806263018126469e-11,1.605554764974567e-11,9.727321093045635e-12,2.0489234740191048e-11,3.898678110611343e-15,7.362010583556894e-15,1.332815189115253e-08,2.614308616234882e-08,7.229224518323938e-19,2.152931100502749e-18,0.006411263770482077,0.013035386651187458,3.4488798739086044e-31,9.999999999997484e-31,3.799890008120574e-09,1.2161446082135156e-08,1.1055879241798479e-10,3.453990565859051e-10
0.421,1437.07142762365,4.94150850313959,0.17745525929010578,4.055419418254166,0.4776136585634948,0.06988619028361295,1.564579344201271e-05,1.1446750715999908e-06,9.518171089503643e-12,1.1052752520261814e-11,1.8976480900705787e-12,4.4071985075425616e-12,3.6495635292577515e-07,4.504978682311565e-07,0.2101650907418127,0.27480140360544486,1.4500054211199084e-14,3.4736545141409757e-14,1.2388375434595766e-12,3.058413248264606e-12,1.4460251389338286e-11,1.4721929738673037e-11,1.2928244251243543e-05,1.410805296826322e-05,0.01947881996211372,0.022681528992192324,0.25387121175072624,0.5161199723260494,0.03231469586394873,0.10322043232898734,1.558729285796657e-07,3.282934909024234e-07,2.620248900112935e-06,5.7103684110340756e-06,2.6635870586508166e-06,6.194562124418292e-06,0.00010564795022118158,0.00021511959347232838,3.292632688300868e-08,6.945329980738529e-08,5.462077322861846e-06,1.1921073687987e-05,1.9374368436617032e-10,5.769558575735441e-10,2.2671869023273376e-18,2.30492369823471e-18,1.3784777227776374e-11,1.6031261015607162e-11,9.711483657182744e-12,2.0456768099397317e-11,3.8904448664281815e-15,7.346784058652419e-15,1.3327591168958945e-08,2.6143127142442274e-08,7.215607755069676e-19,2.1489696769363343e-18,0.006410983995923684,0.013035386651218816,3.448729371771834e-31,9.999999999997489e-31,3.782990520799476e-09,1.2107888089829119e-08,1.1022078769528164e-10,3.4435811598974023e-10
0.422,1436.9104350140406,4.941759029164394,0.17744626306822853,4.061054927183512,0.47765874023929067,0.06989582321620644,1.5623365565067986e-05,1.143083864676171e-06,9.484325894234597e-12,1.1013929049864332e-11,1.8904645657441497e-12,4.390705851017993e-12,3.641927959771647e-07,4.495748728737997e-07,0.21013317934946202,0.27477161449215215,1.4445130085139227e-14,3.460647146459207e-14,1.2354285209628423e-12,3.050129636783708e-12,1.4394389093940077e-11,1.4655512238530617e-11,1.2894065026499926e-05,1.4071365896434573e-05,0.019456908898800643,0.022656999576024732,0.25388126604352274,0.5161628358511182,0.0323141442603838,0.10322315460495392,1.5573328785151094e-07,3.2801363461439364e-07,2.6206117534662977e-06,5.711407300718656e-06,2.6578778220198547e-06,6.181552996935955e-06,0.00010524286396988541,0.00021430406957360928,3.2788309152756805e-08,6.916517614501752e-08,5.446773511157651e-06,1.1888189313919063e-05,1.930266433307918e-10,5.748455293207405e-10,2.2659531678580477e-18,2.3037695089426727e-18,1.3763397540718264e-11,1.6007092494491174e-11,9.695721790430907e-12,2.0424453773022307e-11,3.882255338809913e-15,7.33163731274095e-15,1.3327032980358858e-08,2.614316792323162e-08,7.202056829047346e-19,2.1450270918253954e-18,0.006410705489849734,0.013035386651249994,3.448579552004558e-31,9.999999999997512e-31,3.766222301610056e-09,1.2054743194326393e-08,1.0988507746504681e-10,3.433241855011036e-10
0.423,1436.7499786825206,4.942009022712438,0.17743728687642316,4.0666907212018035,0.47770362475753925,0.06990541440923224,1.560103917633608e-05,1.1414997210770365e-06,9.450709335961841e-12,1.0975365573534362e-11,1.8833317217186864e-12,4.374328615407102e-12,3.634333079362699e-07,4.4865673227511106e-07,0.21010140667545568,0.2747419502444256,1.439059270183634e-14,3.447730628336924e-14,1.2320400900232041e-12,3.0418955486527648e-12,1.4329036683982187e-11,1.4589605260368607e-11,1.2860086393398014e-05,1.4034891797491205e-05,0.01943509518257087,0.022632576947513475,0.2538912683298471,0.5162054960103253,0.03231360117890443,0.10322588407387326,1.5559418735819583e-07,3.2773482758203554e-07,2.620973174918217e-06,5.712442038243618e-06,2.652199957323198e-06,6.1686144942923415e-06,0.00010484066422115005,0.0002134943108815243,3.265131976395749e-08,6.8879183248631e-08,5.431563279685626e-06,1.1855504012904479e-05,1.9231455382912722e-10,5.727496518648532e-10,2.264723385591806e-18,2.3026187855996765e-18,1.3742122993148778e-11,1.598304101974874e-11,9.68003483642597e-12,2.039229044874214e-11,3.87410912767641e-15,7.316569620880189e-15,1.3326477305801358e-08,2.6143208506516658e-08,7.1885711666635555e-19,2.141103182414633e-18,0.006410428242402069,0.013035386651281044,3.448430409303649e-31,9.999999999997526e-31,3.749583890830502e-09,1.200200682706526e-08,1.095516372161564e-10,3.422971905881478e-10
0.424,1436.5900545711656,4.942258487617564,0.1774283305711131,4.072326799706184,0.4777483136350714,0.06991496417985557,1.5578813418260674e-05,1.13992258163608e-06,9.41731903071354e-12,1.0937059395654018e-11,1.8762490142305507e-12,4.358065568927001e-12,3.6267785158983717e-07,4.47743402344736e-07,0.21006977164716994,0.274712409910745,1.4336437918587456e-14,3.434903991830015e-14,1.2286720489922919e-12,3.0337105018689955e-12,1.4264188430281486e-11,1.452420309770727e-11,1.2826306470155953e-05,1.3998628688050235e-05,0.019413378072585946,0.022608260306500677,0.2539012190214932,0.5162479543740103,0.032313066548408764,0.10322862066480834,1.5545562281683002e-07,3.27457061581752e-07,2.6213331746339326e-06,5.713472653299991e-06,2.646553182838306e-06,6.155745987355837e-06,0.00010444132060113249,0.00021269025708932983,3.25153475559873e-08,6.8595298122645e-08,5.416445746849768e-06,1.182301592364757e-05,1.9160736426254653e-10,5.706680755055358e-10,2.2634975168660515e-18,2.301471493519757e-18,1.3720952669902489e-11,1.5959105580541852e-11,9.664422147944444e-12,2.0360276832516566e-11,3.866005838511783e-15,7.301580268192536e-15,1.3325924125929004e-08,2.614324889400312e-08,7.175150203958262e-19,2.1371977887049453e-18,0.006410152243838803,0.01303538665131193,3.4482819384285603e-31,9.999999999997535e-31,3.733073853173922e-09,1.1949674495884894e-08,1.0922044282002356e-10,3.412770578806986e-10
0.425,1436.4306586686675,4.9425074276680485,0.1774193940104268,4.077963162098118,0.47779280837416244,0.06992447284207896,1.5556687443022308e-05,1.1383523878518351e-06,9.38415262710282e-12,1.089900785726462e-11,1.869215907301058e-12,4.341915497358636e-12,3.6192639018215046e-07,4.468348395307656e-07,0.21003827320160892,0.27468299254700257,1.4282661651628738e-14,3.422166282707508e-14,1.2253241987899356e-12,3.0255740205289255e-12,1.4199838686915407e-11,1.4459300126627547e-11,1.2792723398695415e-05,1.3962574609551397e-05,0.01939175683623813,0.022584048861618355,0.2539111185231466,0.5162902124900101,0.03231254030104529,0.10323136431543979,1.5531758998551503e-07,3.271803284663819e-07,2.6216917626588085e-06,5.71449917523617e-06,2.64093722001601e-06,6.142946854002489e-06,0.00010404480313727149,0.0002118918486819075,3.238038151985699e-08,6.8313498082052e-08,5.401420041457541e-06,1.1790723206611051e-05,1.9090502374202818e-10,5.686006525910074e-10,2.2622755237017957e-18,2.3003275986557603e-18,1.3699885658306915e-11,1.5935285168204144e-11,9.648883085331034e-12,2.032841164530959e-11,3.85794508167489e-15,7.286668548576781e-15,1.3325373421609622e-08,2.6143289087393108e-08,7.16179338288187e-19,2.133310752348312e-18,0.006409877484527542,0.01303538665134271,3.4481341341976203e-31,9.999999999997547e-31,3.716690772894264e-09,1.1897741769407627e-08,1.0889147048627845e-10,3.402637150327213e-10
0.426,1436.271787007896,4.942755846613599,0.17741047705394583,4.083599807783344,0.4778371104592254,0.06993394070625462,1.5534660413331352e-05,1.1367890819463884e-06,9.351207807117096e-12,1.0861208337003467e-11,1.8622318726450783e-12,4.32587720384365e-12,3.611788874350222e-07,4.4593100084476263e-07,0.21000691028873178,0.2746536972208579,1.4229259875875507e-14,3.4095165603964733e-14,1.2219963430651108e-12,3.0174856352294375e-12,1.413598189171602e-11,1.4394890806315798e-11,1.2759335345189957e-05,1.3926727628870778e-05,0.019370230749110342,0.02255994183024855,0.25392096723567115,0.5163322718903203,0.032312022368910294,0.10323411496151497,1.5518008467490508e-07,3.269046201896212e-07,2.6220489489372146e-06,5.715521633098709e-06,2.6353517939375254e-06,6.1302164801838585e-06,0.00010365108228525377,0.0002110990269911214,3.224641080725923e-08,6.803376077167245e-08,5.386485303901429e-06,1.1758624046609165e-05,1.9020748209215714e-10,5.665472375310723e-10,2.2610573685324665e-18,2.2991870673239364e-18,1.3678921060876744e-11,1.5911578791013032e-11,9.633417016954432e-12,2.0296693624060146e-11,3.849926472559373e-15,7.271833765015992e-15,1.3324825173923663e-08,2.6143329088359936e-08,7.148500152621651e-19,2.1294419170441602e-18,0.006409603954945345,0.013035386651373312,3.4479869914880638e-31,9.999999999997533e-31,3.7004332551656528e-09,1.1846204281486664e-08,1.0856469677094568e-10,3.3925709074842044e-10
0.427,1436.1134356651178,4.943003748161611,0.177401579562838,4.08923673617183,0.47788122136132627,0.06994336807982673,1.5512731501181337e-05,1.1352326067760159e-06,9.31848228395089e-12,1.0823658248619797e-11,1.8552963894241545e-12,4.3099495083251285e-12,3.604353075065208e-07,4.4503184381168994e-07,0.20997568186726892,0.2746245230066059,1.4176228622684555e-14,3.396953897457054e-14,1.218688287925245e-12,3.0094448824066517e-12,1.4072612562230834e-11,1.4330969675009135e-11,1.2726140498394616e-05,1.3891085836529577e-05,0.019348799094427466,0.022535938437918405,0.25393076555311606,0.5163741340856182,0.03231151268731672,0.10323687254741608,1.550431027347878e-07,3.2662992877822196e-07,2.6224047433023955e-06,5.716540055616857e-06,2.6297966327187547e-06,6.1175542585536855e-06,0.00010326012888547644,0.00021031173410784393,3.211342471538035e-08,6.775606413435929e-08,5.371640684519666e-06,1.1726716649257506e-05,1.8951468981554346e-10,5.645076866929216e-10,2.2598430144415945e-18,2.298049866448704e-18,1.3658057974407697e-11,1.5887985449898694e-11,9.618023318399125e-12,2.0265121520014475e-11,3.8419496312110475e-15,7.257075228869264e-15,1.3324279364169316e-08,2.6143368898589605e-08,7.135269968214845e-19,2.1255911281301122e-18,0.006409331645671162,0.013035386651403823,3.4478405052319156e-31,9.99999999999754e-31,3.684299923923145e-09,1.1795057724340325e-08,1.0824009855312983e-10,3.3825711471033846e-10
0.428,1435.9556007583951,4.943251135985327,0.17739270139956356,4.094873946677732,0.477925142532574,0.06995275526645661,1.5490899888974897e-05,1.1336829059132243e-06,9.285973803350521e-12,1.0786355042547954e-11,1.8484089442029797e-12,4.294131247452101e-12,3.596956150237457e-07,4.4413732651038647e-07,0.20994458691014553,0.27459546899207676,1.4123563979954219e-14,3.384477379610843e-14,1.215399842173873e-12,3.0014513049241022e-12,1.4009725297191573e-11,1.4267531351520419e-11,1.2693137070741107e-05,1.3855647347894058e-05,0.019327461163365246,0.022512037918650175,0.25394051386740923,0.5164158005744154,0.032311011189930496,0.10323963701054618,1.5490664006947792e-07,3.263562463642532e-07,2.6227591554984e-06,5.7175544712459214e-06,2.6242714681466433e-06,6.104959589948417e-06,0.00010287191420175841,0.00020952991296106733,3.1981412699832345e-08,6.748038643839317e-08,5.356885345262262e-06,1.1694999244614944e-05,1.8882659810766657e-10,5.62481858446001e-10,2.258632424815888e-18,2.296915963208498e-18,1.3637295520755204e-11,1.5864504174241728e-11,9.602701373140416e-12,2.0233694100143736e-11,3.834014182595478e-15,7.242392260377266e-15,1.332373597384119e-08,2.6143408519719867e-08,7.122102292076708e-19,2.121758233036877e-18,0.006409060547390369,0.013035386651434193,3.4476946704184675e-31,9.99999999999755e-31,3.6682894237981725e-09,1.174429785477048e-08,1.079176530499102e-10,3.372637176261782e-10
0.429,1435.7982784489077,4.943498013720382,0.17738384242799823,4.100511438719353,0.4779688754073977,0.06996210256620092,1.5469164769313682e-05,1.1321399236317672e-06,9.253680142951848e-12,1.0749296205156535e-11,1.8415690308767007e-12,4.278421274418957e-12,3.589597750737994e-07,4.432474075627213e-07,0.20991362440316222,0.27456653427689554,1.4071262091497733e-14,3.372086105597249e-14,1.2121308172349455e-12,2.993504451889145e-12,1.3947314775077308e-11,1.4204570533813365e-11,1.2660323298003729e-05,1.3820410302824431e-05,0.019306216255119947,0.022488239515047154,0.2539502125669686,0.516457272840178,0.03231051781014619,0.1032424082857144,1.5477069263471583e-07,3.2608356517861265e-07,2.6231121951709505e-06,5.718564908146612e-06,2.6187760355303276e-06,6.092431883045299e-06,0.00010248640990824139,0.0002087535072916363,3.1850364369863356e-08,6.720670626753328e-08,5.342218459270884e-06,1.1663470086279378e-05,1.8814315884634084e-10,5.604696131316445e-10,2.2574255634240457e-18,2.295785325115981e-18,1.3616632842164485e-11,1.5841134016450444e-11,9.587450572408731e-12,2.0202410146866775e-11,3.8261197565245344e-15,7.227784188528392e-15,1.3323194984636452e-08,2.6143447953350006e-08,7.1089965936008155e-19,2.117943081170305e-18,0.006408790650895395,0.013035386651464392,3.4475494820945984e-31,9.999999999997563e-31,3.652400419426682e-09,1.16939204919781e-08,1.0759733780914306e-10,3.3627683120680786e-10
0.43,1435.6414649404383,4.943744384957886,0.17737500251368044,4.1061492117190905,0.4780124214096704,0.06997141027666941,1.5447525343073157e-05,1.1306036047681182e-06,9.221599109169585e-12,1.0712479255171796e-11,1.834776150370672e-12,4.262818458283586e-12,3.582277531424241e-07,4.423620460588958e-07,0.20988279333833246,0.27453771796423704,1.401931915415812e-14,3.359779186494447e-14,1.208881026744056e-12,2.9856038776519277e-12,1.3885375748622458e-11,1.4142081993471718e-11,1.2627697436877515e-05,1.378537286306871e-05,0.019285063676143775,0.022464542477447568,0.2539598620316984,0.5164985523420066,0.032310032486476535,0.10324518632253117,1.5463525641609293e-07,3.2581187750619087e-07,2.623463871847962e-06,5.719571394151932e-06,2.613310072753192e-06,6.079970552171967e-06,0.00010210358802342582,0.0002079824615186517,3.172026946552224e-08,6.693500247310245e-08,5.327639208327282e-06,1.1632127445849914e-05,1.8746432454286623e-10,5.584708129195339e-10,2.2562223948176185e-18,2.29465792042987e-18,1.35960690645348e-11,1.581787400925876e-11,9.57227031396267e-12,2.017126845550879e-11,3.818265987094742e-15,7.213250350015277e-15,1.33226563784686e-08,2.6143487201111805e-08,7.095952346844171e-19,2.114145523226526e-18,0.006408521947074967,0.013035386651494462,3.4474049353589648e-31,9.999999999997549e-31,3.636631592178144e-09,1.1643921507140453e-08,1.0727913067595913e-10,3.352963880626317e-10
0.431,1435.4851564756514,4.943990253260487,0.17736618152323388,4.111787265103405,0.47805578194273785,0.06998067869148736,1.542598082187594e-05,1.1290738949017175e-06,9.189728540403105e-12,1.0675901747408047e-11,1.8280298106817796e-12,4.2473216840669705e-12,3.574995151843504e-07,4.414812016441489e-07,0.20985209272359676,0.2745090191732431,1.3967731419163259e-14,3.347555746046919e-14,1.20565028706205e-12,2.9777491430738994e-12,1.3823903049052243e-11,1.4080060580034741e-11,1.2595257767367093e-05,1.3750533214869384e-05,0.019264002740562943,0.02244094606439359,0.25396946264161346,0.5165396405316051,0.03230955515366788,0.10324797105690821,1.54500327461282e-07,3.2554117575349146e-07,2.6238141949841377e-06,5.720573956857975e-06,2.6078733216010077e-06,6.067575020394162e-06,0.000101723420994759,0.00020721672091193958,3.159111788642407e-08,6.666525423476215e-08,5.3131467863528766e-06,1.1600969620567582e-05,1.8679004837900654e-10,5.564853219182479e-10,2.2550228836356593e-18,2.2935337174455785e-18,1.3575603346684634e-11,1.579472322302839e-11,9.557160003581864e-12,2.01402678374349e-11,3.810452513291311e-15,7.19879009037318e-15,1.3322120137433276e-08,2.6143526264574245e-08,7.082969034140144e-19,2.1103654122672345e-18,0.006408254426920962,0.013035386651524358,3.447261025365757e-31,9.999999999997559e-31,3.620981644401589e-09,1.1594296837022159e-08,1.06963009826927e-10,3.3432232181049165e-10
0.432,1435.3293493390997,4.944235622149768,0.17735737932481893,4.1174255983027725,0.4780989583968124,0.06998990810142912,1.540453042590682e-05,1.1275507401963791e-06,9.158066303683664e-12,1.063956126889914e-11,1.8213295266516365e-12,4.231929852237618e-12,3.567750275587005e-07,4.4060483443964655e-07,0.2098215215755963,0.2744804370297891,1.3916495189491728e-14,3.3354149200431294e-14,1.2024384168067823e-12,2.969939814377028e-12,1.3762891580611872e-11,1.4018501215473093e-11,1.2563002590473182e-05,1.3715889566462249e-05,0.019243032769908075,0.022417449542340942,0.25397901477040213,0.5165805388405745,0.03230908574932911,0.10325076243231943,1.543659018532945e-07,3.252714523926052e-07,2.6241631739254618e-06,5.721572623550675e-06,2.6024655266493987e-06,6.055244716936649e-06,0.00010134588162092752,0.00020645623143432512,3.1462899664732365e-08,6.639744100370388e-08,5.298740396392736e-06,1.1569994926752271e-05,1.8612028416284713e-10,5.545130060451834e-10,2.253826995149849e-18,2.2924126850516435e-18,1.3555234849503756e-11,1.577168072988205e-11,9.542119053718177e-12,2.0109407117233176e-11,3.80267897840792e-15,7.184402762894591e-15,1.3321586243828228e-08,2.6143565145302705e-08,7.070046142973222e-19,2.1066026027914247e-18,0.00640798808152354,0.013035386651554095,3.4471177473219847e-31,9.999999999997522e-31,3.605449295507396e-09,1.1545042471468113e-08,1.066489537350245e-10,3.3335456696493654e-10
0.433,1435.1740398553466,4.944480495110127,0.17734859578799245,4.123064210751644,0.47814195214797167,0.0699990987942907,1.5383173384322533e-05,1.1260340874310627e-06,9.126610294897337e-12,1.0603455439178025e-11,1.8146748198773241e-12,4.2166418785133555e-12,3.5605425703635137e-07,4.397329050520141e-07,0.2097910789207817,0.2744519706680258,1.3865606819489589e-14,3.323355856230898e-14,1.1992452369226189e-12,2.962175463319539e-12,1.3702336320268807e-11,1.3957398893925533e-11,1.2530930228293226e-05,1.3681440148203812e-05,0.01922215309293283,0.022394052185460676,0.25398851878682555,0.5166212486834069,0.03230862421259712,0.10325356039556927,1.5423197571672483e-07,3.2500269997453063e-07,2.624510817920258e-06,5.7225674212314276e-06,2.5970864354720194e-06,6.04297907767367e-06,0.00010097094306419847,0.0002057009397672141,3.133560496924452e-08,6.613154251143385e-08,5.284419251194284e-06,1.1539201701082014e-05,1.8545498632478809e-10,5.525537330157465e-10,2.252634695115208e-18,2.2912947925788877e-18,1.353496273925974e-11,1.5748745607560996e-11,9.527146883716052e-12,2.007868513319445e-11,3.794945030105044e-15,7.17008772874657e-15,1.3321054680146547e-08,2.6143603844853798e-08,7.057183166500483e-19,2.1028569508925216e-18,0.00640772290206917,0.013035386651583715,3.4469750964865014e-31,9.999999999997514e-31,3.5900332826006227e-09,1.1496154455462556e-08,1.063369411712959e-10,3.323930589439759e-10
0.434,1435.01922438692,4.944724875595252,0.1773398307834744,4.128703101888407,0.4781847645547449,0.07000825105437844,1.5361908935969287e-05,1.1245238840526814e-06,9.095358439457475e-12,1.0567581911073748e-11,1.8080652186163728e-12,4.2014566936477286e-12,3.553371708181313e-07,4.3886537459605297e-07,0.2097607637988047,0.27442361923478803,1.3815062714510769e-14,3.311377714236852e-14,1.1960705708241308e-12,2.954455667553613e-12,1.3642232318062959e-11,1.3896748682088931e-11,1.2499039024521797e-05,1.3647183213128979e-05,0.019201363045645313,0.022370753275678928,0.2539979750579615,0.5166617714640026,0.03230817048085198,0.10325636488628152,1.5409854522843716e-07,3.2473491115171583e-07,2.624857136137011e-06,5.723558376654966e-06,2.5917357990746753e-06,6.0307775461425535e-06,0.00010059857887406163,0.00020495079335910828,3.1209224113211e-08,6.586753878640861e-08,5.270182574269185e-06,1.1508588302922432e-05,1.8479410992113934e-10,5.506073723549377e-10,2.2514459495159363e-18,2.2901800095418675e-18,1.3514786202415311e-11,1.572591695667064e-11,9.512242920222313e-12,2.0048100738182622e-11,3.787250320552248e-15,7.155844357243562e-15,1.3320525429063025e-08,2.614364236474512e-08,7.044379605270088e-19,2.0991283147713077e-18,0.006407458879841425,0.013035386651613233,3.4468330681703796e-31,9.999999999997522e-31,3.574732361674597e-09,1.1447628892977343e-08,1.0602695121222513e-10,3.314377340925498e-10
0.435,1434.8648993363963,4.944968767020573,0.17733108418341814,4.1343422711553455,0.4782273969621816,0.07001736516312307,1.5340736328223148e-05,1.1230200780919813e-06,9.064308690465186e-12,1.0531938368594284e-11,1.801500257664697e-12,4.186373243155202e-12,3.546237365003498e-07,4.38002204652598e-07,0.20973057525850702,0.27439538188443596,1.3764859329482531e-14,3.299479665229551e-14,1.1929142441412823e-12,2.9467800100000006e-12,1.3582574694038902e-11,1.3836545716131998e-11,1.246732734323612e-05,1.3613117035642125e-05,0.019180661971217466,0.022347552102583997,0.2540073839455246,0.5167021085683297,0.0323077244934848,0.10325917584897112,1.539656066030309e-07,3.2446807864759243e-07,2.625202137643432e-06,5.724545516285191e-06,2.586413371275007e-06,6.0186395721064215e-06,0.00010022876294497146,0.00020420574033995183,3.108374753958235e-08,6.560541012306072e-08,5.256029598271331e-06,1.1478153110800469e-05,1.8413761060984273e-10,5.486737953261095e-10,2.2502607248697456e-18,2.2890683059493528e-18,1.3494704432174429e-11,1.5703193885039017e-11,9.497406596473395e-12,2.0017652798147582e-11,3.779594506120927e-15,7.141672025273826e-15,1.3319998473443847e-08,2.6143680706482053e-08,7.031634964917121e-19,2.095416554051122e-18,0.006407196006219099,0.013035386651642663,3.446691657735915e-31,9.999999999997535e-31,3.5595453054687627e-09,1.139946194014303e-08,1.0571896322037724e-10,3.3048852962257515e-10
0.436,1434.711061144601,4.945212172766236,0.17732235586130232,4.139981717998597,0.47826985070148376,0.07002644139905415,1.5319654817020387e-05,1.1215226181666646e-06,9.033459028412782e-12,1.0496522526602894e-11,1.7949794782171098e-12,4.171390486996266e-12,3.5391392207192205e-07,4.3714335726544436e-07,0.20970051235841755,0.2743672577796323,1.3714993167973163e-14,3.2876608917032696e-14,1.1897760847189507e-12,2.9391480788511233e-12,1.3523358637131332e-11,1.3776785200599498e-11,1.243579356861864e-05,1.3579239911232699e-05,0.019160049219763213,0.022324447963183527,0.2540167458067668,0.5167422613664682,0.0323072861910839,0.10326199323048903,1.5383315609502718e-07,3.2420219526138566e-07,2.6255458314142965e-06,5.72552886631452e-06,2.5811189087691653e-06,6.0065646117159985e-06,9.986146951690914e-05,0.000203465729522723,3.095916582099658e-08,6.534513708193583e-08,5.241959565114743e-06,1.1447894522678371e-05,1.8348544464019828e-10,5.467528749014985e-10,2.2490789881474694e-18,2.2879596522238244e-18,1.3474716627043334e-11,1.5680575506055347e-11,9.4826373522779e-12,1.9987340192106037e-11,3.771977247342491e-15,7.127570117228239e-15,1.3319473796342267e-08,2.6143718871560654e-08,7.01894875678427e-19,2.0917215299647884e-18,0.006406934272673378,0.013035386651671947,3.4465508605951254e-31,9.999999999997552e-31,3.5444709035206603e-09,1.135164980544639e-08,1.0541295684111968e-10,3.295453836032843e-10
0.437,1434.5577062893744,4.945455096178658,0.1773136456918747,4.1456214418681165,0.47831212709022153,0.07003548003785719,1.5298663666843173e-05,1.1200314534811951e-06,9.002807460821018e-12,1.04613321304168e-11,1.7885024277411024e-12,4.156507399293011e-12,3.5320769590996255e-07,4.3628879493636217e-07,0.20967057416666632,0.27433924609134525,1.3665460781372698e-14,3.2759205872886155e-14,1.1866559226003088e-12,2.9315594675341442e-12,1.3464579404001591e-11,1.3717462407265235e-11,1.2404436104646595e-05,1.3545550156153984e-05,0.019139524148130214,0.02230144016167642,0.2540260609947869,0.5167822312134353,0.03230685551521787,0.10326481697937016,1.53701189999962e-07,3.239372538706073e-07,2.625888226336077e-06,5.726508452676048e-06,2.5758521711416324e-06,5.99455212753886e-06,9.949667317301809e-05,0.0002027307103990502,3.083546965879815e-08,6.508670048778093e-08,5.227971725970401e-06,1.1417810955962765e-05,1.8283756884209078e-10,5.448444857312246e-10,2.247900706726354e-18,2.2868540191551258e-18,1.3454821990899316e-11,1.5658060938762048e-11,9.467934633979281e-12,1.995716181207947e-11,3.764398208859845e-15,7.11353802491603e-15,1.3318951380993234e-08,2.6143756861467514e-08,7.00632049795829e-19,2.088043105367386e-18,0.006406673670765348,0.013035386651701071,3.4464106722083745e-31,9.999999999997563e-31,3.5295079620597957e-09,1.1304188749420761e-08,1.0510891199829976e-10,3.2860823494827863e-10
0.438,1434.4048312854866,4.9456975405751145,0.17730495355098644,4.151261442217641,0.47835422742788297,0.07004448135165747,1.5277762151431538e-05,1.1185465338783246e-06,8.9723520231575e-12,1.0426364956880808e-11,1.7820686599930477e-12,4.141722968370184e-12,3.5250502680308277e-07,4.3543848065376383e-07,0.20964075976517474,0.27431134600409435,1.3616258769049422e-14,3.264257956792705e-14,1.1835535901824104e-12,2.9240137750956415e-12,1.340623232021367e-11,1.3658572676350148e-11,1.2373253375975105e-05,1.3512046108387533e-05,0.019119086120325594,0.02227852800993476,0.2540353298618376,0.5168220194554417,0.03230643240492172,0.10326764703450998,1.5356970466380768e-07,3.2367324745068475e-07,2.626229331218949e-06,5.7274843010644214e-06,2.5706129212689564e-06,5.982601589497656e-06,9.913434886488384e-05,0.00020200063319088967,3.0712649891272865e-08,6.483008144699995e-08,5.2140653423537485e-06,1.1387900849880897e-05,1.821939406400485e-10,5.429485041855692e-10,2.2467258481888577e-18,2.285751377693977e-18,1.343501975797178e-11,1.5635649336919416e-11,9.453297894894763e-12,1.9927116564010172e-11,3.756857059616539e-15,7.0995751479204295e-15,1.3318431210800165e-08,2.614379467763051e-08,6.99374971225451e-19,2.0843811450288633e-18,0.006406414192151678,0.013035386651730041,3.446271088087442e-31,9.999999999997564e-31,3.514655305233181e-09,1.1257075088586557e-08,1.0480680890535037e-10,3.276770234503847e-10
0.439,1434.2524326860016,4.945939509231645,0.17729627931602523,4.156901718504644,0.4783961530053825,0.07005344561052435,1.5256949551745207e-05,1.1170678096920978e-06,8.94209077543674e-12,1.0391618810449071e-11,1.7756777347208655e-12,4.127036196077918e-12,3.5180588388390066e-07,4.345923778103244e-07,0.20961106824058462,0.2742835567045352,1.3567383775731318e-14,3.252672215582263e-14,1.180468921750288e-12,2.916510605058271e-12,1.3348312774350095e-11,1.360011141058158e-11,1.2342243825326045e-05,1.3478726124825853e-05,0.019098734506788236,0.022255710826697778,0.25404455275189725,0.516861627415613,0.03230601680451614,0.10327048335032611,1.5343869645807585e-07,3.2341016902307576e-07,2.626569154763991e-06,5.7284564368734115e-06,2.5654009242396455e-06,5.970712472370144e-06,9.877447183561638e-05,0.0002012754486944722,3.0590697467328444e-08,6.457526129233373e-08,5.2002396831501246e-06,1.1358162659013919e-05,1.8155451799996564e-10,5.410648081979526e-10,2.2455543808212153e-18,2.284651699463151e-18,1.3415309145932241e-11,1.5613339834446677e-11,9.438726594028596e-12,1.9897203365089875e-11,3.749353472267407e-15,7.085680892501008e-15,1.3317913269360354e-08,2.614383232151128e-08,6.981235927349727e-19,2.0807355147840172e-18,0.006406155828574209,0.013035386651758938,3.4461321037899156e-31,9.999999999997575e-31,3.499911771295152e-09,1.1210305183291404e-08,1.0450662802753139e-10,3.267516896645631e-10
0.44,1434.1005070782971,4.946181005397938,0.17728762286538058,4.162542270190304,0.4784379050964932,0.07006237308116649,1.5236225157771547e-05,1.11559523187983e-06,8.912021804684413e-12,1.0357091526056419e-11,1.769329217713595e-12,4.1124460979108714e-12,3.511102366826046e-07,4.337504502691121e-07,0.20958149869267775,0.27425587739229473,1.3518832492362205e-14,3.241162589791939e-14,1.177401753876173e-12,2.9090495664077823e-12,1.329081622133474e-11,1.3542074078599798e-11,1.2311405915303578e-05,1.3445588583257297e-05,0.01907846868464087,0.022232987937855758,0.2540537300083589,0.5169010564092666,0.03230560865573386,0.10327332587152047,1.5330816180461652e-07,3.231480117073707e-07,2.626907705603785e-06,5.729424885280336e-06,2.5602159483674208e-06,5.958884258146934e-06,9.841701768703457e-05,0.00020055510841738872,3.046960346913507e-08,6.432222163072964e-08,5.1864940273583185e-06,1.1328594859291763e-05,1.8091925945877954e-10,5.391932773538272e-10,2.2443862730663683e-18,2.2835549561995867e-18,1.3395689396154584e-11,1.5591131592270202e-11,9.424220197158613e-12,1.9867421146044672e-11,3.741887123622553e-15,7.071854672432128e-15,1.3317397540433528e-08,2.6143869794525584e-08,6.968778677756446e-19,2.0771060824184707e-18,0.006405898571864233,0.013035386651787688,3.4459937149215253e-31,9.999999999997573e-31,3.4852762159611847e-09,1.1163875448468087e-08,1.0420835010911803e-10,3.258321749930922e-10
0.441,1433.9490510862597,4.946422032288269,0.17727898407876785,4.168183096739466,0.47847948496314374,0.07007126402774266,1.5215588267186634e-05,1.114128751925052e-06,8.882143222724943e-12,1.032278096656772e-11,1.76302268061914e-12,4.097951702593491e-12,3.504180550850662e-07,4.329126623123401e-07,0.2095520502291895,0.274228307273337,1.3470601654345438e-14,3.2297283159102266e-14,1.1743519251160172e-12,2.901630272847565e-12,1.3233738178649071e-11,1.3484456211140375e-11,1.2280738126854737e-05,1.3412631880703577e-05,0.019058288037494254,0.022210358676239016,0.2540628619694075,0.5169403077347718,0.03230520790248477,0.10327617454836568,1.531780971588803e-07,3.228867686862436e-07,2.6272449922774704e-06,5.730389671194479e-06,2.5550577644841437e-06,5.947116434392837e-06,9.80619623287544e-05,0.00019983956447528422,3.034935909452647e-08,6.407094430635018e-08,5.172827662148438e-06,1.1299195943768074e-05,1.8028812409294088e-10,5.373337927978196e-10,2.243221493866386e-18,2.282461120104201e-18,1.3376159753173472e-11,1.556902377443238e-11,9.409778176004225e-12,1.9837768849399812e-11,3.734457694277437e-15,7.058095908311943e-15,1.331688400795546e-08,2.6143907098083893e-08,6.956377502640787e-19,2.0734927170204425e-18,0.00640564241393918,0.013035386651816248,3.445855917134331e-31,9.999999999997543e-31,3.4707475098577366e-09,1.1117782345496453e-08,1.0391195614964784e-10,3.249184216118802e-10
0.442,1433.7980613686555,4.946662593086708,0.17727036283704098,4.173824197620606,0.4785208938527306,0.07008011871145846,1.5195038185849901e-05,1.112668321873976e-06,8.852453166660343e-12,1.028868502334767e-11,1.756757700879044e-12,4.083552051934489e-12,3.4972930934591124e-07,4.320789786577239e-07,0.20952272196848779,0.27420084556344543,1.3422688041239258e-14,3.2183686407112e-14,1.1713192761133398e-12,2.894252343057579e-12,1.3177074226591257e-11,1.3427253401326179e-11,1.225023895963922e-05,1.3379854433833365e-05,0.019038191955477225,0.022187822381655807,0.2540719489705722,0.5169793826786768,0.032304814488268184,0.1032790293284222,1.530484990175483e-07,3.2262643322155513e-07,2.627581023244745e-06,5.731350819286817e-06,2.5499261462457866e-06,5.935408494961994e-06,9.770928199568265e-05,0.00019912876962780197,3.022995566273309e-08,6.382141141278813e-08,5.159239883643738e-06,1.1269964424337007e-05,1.7966107152134297e-10,5.354862372432005e-10,2.242060012476873e-18,2.2813701636530448e-18,1.3356719475786432e-11,1.5547015561017427e-11,9.395400008508126e-12,1.9808245430079346e-11,3.727064868712211e-15,7.0444040277535276e-15,1.3316372656028529e-08,2.6143944233570058e-08,6.9440319468941995e-19,2.069895289300918e-18,0.006405387346803367,0.01303538665184474,3.445718706127128e-31,9.999999999997566e-31,3.456324539398452e-09,1.1072022385031858e-08,1.0361742740935229e-10,3.2401037248780457e-10
0.443,1433.6475346186148,4.946902690945765,0.17726175902223992,4.179465572305794,0.4785621330000843,0.07008893739089155,1.5174574227572843e-05,1.1112138943195513e-06,8.822949798243768e-12,1.025480161555275e-11,1.7505338616423517e-12,4.069246200635314e-12,3.4904397007735296e-07,4.312493644451817e-07,0.209493513037766,0.2741734914860183,1.3375088476126361e-14,3.2070828211101985e-14,1.1683036495293375e-12,2.886915400525942e-12,1.3120820006879875e-11,1.337046130328112e-11,1.2219906931515645e-05,1.3347254678419752e-05,0.019018179834957967,0.022165378400585113,0.25408099134347617,0.517018282513446,0.03230442835755273,0.10328189016100725,1.5291936391598478e-07,3.223669986492201e-07,2.62791580688288e-06,5.732308353986507e-06,2.544820869983571e-06,5.9237599396583474e-06,9.735895323714518e-05,0.000198422677256855,3.011138461057323e-08,6.357360528518016e-08,5.145729996538844e-06,1.1240898830915945e-05,1.7903806189192057e-10,5.336504949330299e-10,2.2409017985196804e-18,2.280282059652439e-18,1.3337367827102461e-11,1.5525106136583745e-11,9.381085178672953e-12,1.977884985508075e-11,3.7197083351958e-15,7.03077846521169e-15,1.3315863468923679e-08,2.6143981202359767e-08,6.931741560875864e-19,2.0663136715190094e-18,0.006405133362544248,0.013035386651873114,3.44558207764341e-31,9.999999999997536e-31,3.44200620624754e-09,1.1026592125315395e-08,1.0332474540164219e-10,3.2310797135578334e-10
0.444,1433.4974675642234,4.947142328986253,0.17725317251759531,4.185107220270661,0.4786032036265624,0.07009772032183398,1.5154195713802355e-05,1.1097654223782725e-06,8.793631303230412e-12,1.0221128689387331e-11,1.7443507516319043e-12,4.055033215984278e-12,3.4836200824102413e-07,4.3042378522685054e-07,0.20946442257383757,0.27414624427302503,1.3327799824418943e-14,3.195870123881186e-14,1.1653048899822223e-12,2.8796190734006674e-12,1.3064971221226909e-11,1.3314075630699943e-11,1.2189740578223308e-05,1.3314831068999083e-05,0.018998251078733965,0.02214302608639588,0.25408998941632704,0.5170570084982788,0.032304049455221404,0.10328475699538714,1.5279068842566123e-07,3.2210845837372553e-07,2.6282493514850814e-06,5.733262299475264e-06,2.53974171460996e-06,5.912170274018419e-06,9.701095290592746e-05,0.0001977212413445325,2.999363748831523e-08,6.332750849156539e-08,5.132297313777282e-06,1.1211997710747413e-05,1.784190558727036e-10,5.318264516140845e-10,2.2397468220018058e-18,2.2791967812576745e-18,1.3318104084306035e-11,1.5503294701529832e-11,9.36683317635564e-12,1.9749581103042496e-11,3.712387785688825e-15,7.017218661801211e-15,1.3315356431075567e-08,2.6144018005802535e-08,6.919505899634771e-19,2.062747737250337e-18,0.006404880453334592,0.013035386651901345,3.445446027472627e-31,9.999999999997531e-31,3.42779142675669e-09,1.0981488170388766e-08,1.0303389188753465e-10,3.222111627016194e-10
0.445,1433.3478569674467,4.947381510296684,0.17724460320754865,4.190749140994357,0.4786441069421233,0.07010646775764577,1.5133901973413482e-05,1.1083228596761731e-06,8.764495890854298e-12,1.0187664217516727e-11,1.7382079650731347e-12,4.040912177700175e-12,3.4768339513758825e-07,4.2960220695481174e-07,0.20943544972128783,0.2741191031627965,1.3280818993359863e-14,3.1847298255443207e-14,1.1623228439881146e-12,2.872362994348267e-12,1.3009523630179989e-11,1.3258092155705976e-11,1.2159738452891992e-05,1.3282582078355987e-05,0.018978405095661323,0.02212076479893639,0.25409894351278056,0.5170955618771714,0.032303677727867616,0.1032876297849977,1.5266246915199803e-07,3.2185080586387206e-07,2.6285816652595406e-06,5.7342126796893205e-06,2.5346884614940104e-06,5.900639009028955e-06,9.666525814971268e-05,0.00019702441645609548,2.987670595674554e-08,6.308310382685449e-08,5.1189411562335185e-06,1.1183259627722546e-05,1.7780401463978062e-10,5.300139945021264e-10,2.2385950533598885e-18,2.278114302020206e-18,1.3298927524555756e-11,1.5481580455697194e-11,9.352643497118955e-12,1.9720438163953222e-11,3.705102915756526e-15,7.003724065141408e-15,1.3314851527086378e-08,2.614405464524849e-08,6.907324523192015e-19,2.0591973614736098e-18,0.0064046286114277555,0.01303538665192944,3.445310551447535e-31,9.99999999999754e-31,3.41367913156093e-09,1.093670716882942e-08,1.0274484886905147e-10,3.2131989174196416e-10
0.446,1433.1986996225023,4.9476202379377945,0.17723605097758993,4.196391333959525,0.4786848441432129,0.0701151799489452,1.5113692343124731e-05,1.1068861603796098e-06,8.735541794110439e-12,1.0154406199408665e-11,1.732105101604682e-12,4.026882177730578e-12,3.4700810241617215e-07,4.287845959929928e-07,0.20940659363460362,0.27409206740282416,1.3234142931547462e-14,3.173661212256805e-14,1.1593573600406302e-12,2.865146800752953e-12,1.2954473052974705e-11,1.3202506708727948e-11,1.2129899126241041e-05,1.3250506197751484e-05,0.0189586413006236,0.022098593904503312,0.2541078539540782,0.5171339438832686,0.03230331312165487,0.10329050848060377,1.5253470274110106e-07,3.215940346670346e-07,2.628912756342263e-06,5.735159518347361e-06,2.5296608947098737e-06,5.889165661708932e-06,9.632184642446859e-05,0.0001963321577675588,2.9760581791487418e-08,6.284037432205994e-08,5.1056608533461615e-06,1.1154683163774248e-05,1.7719289987604477e-10,5.282130122789123e-10,2.237446463291584e-18,2.277034595716317e-18,1.3279837436320678e-11,1.5459962611571874e-11,9.338515642457746e-12,1.969142003963648e-11,3.697853424635629e-15,6.990294129486552e-15,1.3314348741714367e-08,2.6144091122026503e-08,6.895196997149509e-19,2.0556624207530572e-18,0.006404377829157529,0.01303538665195745,3.445175645444153e-31,9.99999999999755e-31,3.399668266243584e-09,1.0892245815902441e-08,1.0245759859234335e-10,3.2043410443445536e-10
0.447,1433.0499923571397,4.947858514939931,0.1772275157143503,4.202033798652264,0.4787254164133679,0.07012385714367937,1.509356616689576e-05,1.1054552791512442e-06,8.706767268808492e-12,1.012135266024412e-11,1.7260417661669139e-12,4.012942319997645e-12,3.463361020586033e-07,4.2797091909783e-07,0.20937785347748208,0.2740651362488001,1.318776862782634e-14,3.1626635795507986e-14,1.156408288492224e-12,2.8579701344252152e-12,1.2899815365868218e-11,1.3147315176825394e-11,1.2100221186047645e-05,1.3218601936349384e-05,0.018938959114672173,0.022076512776005183,0.25411672105817934,0.5171721557369734,0.03230295558315657,0.10329339303296078,1.524073858729042e-07,3.213381383946852e-07,2.6292426327881657e-06,5.7361028389296326e-06,2.5246588007814876e-06,5.877749754517242e-06,9.598069547396107e-05,0.00019564442102418164,2.96452568757145e-08,6.259930322900583e-08,5.0924557423779145e-06,1.112626691726744e-05,1.7658567376010457e-10,5.264233950597413e-10,2.236301022874803e-18,2.275957636468155e-18,1.3260833121619822e-11,1.5438440396894578e-11,9.324449119428653e-12,1.966252574297288e-11,3.6906390150782965e-15,6.976928315433135e-15,1.331384805987455e-08,2.6144127437439647e-08,6.883122891655521e-19,2.0521427929304687e-18,0.006404128098939499,0.013035386651985302,3.445041305382522e-31,9.999999999997528e-31,3.3857577903048694e-09,1.0848100850274795e-08,1.0217212353866525e-10,3.195537474497773e-10
0.448,1432.901732031477,4.948096344302539,0.17721899730561974,4.207676534562091,0.4787658249252074,0.07013249958746817,1.5073522795999533e-05,1.1040301711565105e-06,8.678170593289623e-12,1.0088501650608765e-11,1.7200175689402647e-12,3.999091720263633e-12,3.4566736637458134e-07,4.2716114341286047e-07,0.20934922842107712,0.27403830896253795,1.3141693111017584e-14,3.1517362322757015e-14,1.1534754815333633e-12,2.8508326415549276e-12,1.2845546501197674e-11,1.3092513502765147e-11,1.20707032368058e-05,1.3186867820863931e-05,0.01891935796464385,0.022054520792538442,0.254125545138716,0.5172101986442081,0.03230260506055171,0.10329628339671788,1.5228051526213475e-07,3.210831107247253e-07,2.6295713025716867e-06,5.737042664683497e-06,2.5196819686518444e-06,5.866390815288935e-06,9.564178332744322e-05,0.00019496116253618935,2.9530723199367775e-08,6.235987401882857e-08,5.0793251683671266e-06,1.109800950291101e-05,1.7598229895498117e-10,5.246450343608751e-10,2.2351587035597623e-18,2.2748833987376023e-18,1.3241913882142073e-11,1.5417013038519295e-11,9.310443440667542e-12,1.9633754297959048e-11,3.683459393322646e-15,6.963626089873251e-15,1.3313349466642387e-08,2.614416359279258e-08,6.871101781758278e-19,2.0486383572330636e-18,0.00640387941326625,0.013035386652013078,3.4449075272240997e-31,9.999999999997542e-31,3.3719466770574417e-09,1.0804269053709416e-08,1.018884064198061e-10,3.186787681579604e-10
0.449,1432.7539155369082,4.948333728999555,0.17721049564015318,4.213319541181916,0.4788060708368178,0.07014110752304059,1.5053561589336166e-05,1.1026107920864213e-06,8.649750068769344e-12,1.0055851246899441e-11,1.7140321252783323e-12,3.985329505979148e-12,3.4500186801278245e-07,4.263552364824736e-07,0.20932071764748394,0.2740115848164144,1.309591344936227e-14,3.1408784844676815e-14,1.1505587932773444e-12,2.843733972922006e-12,1.2791662447537496e-11,1.3038097685201094e-11,1.2041343900084286e-05,1.3155302395954604e-05,0.018899837283367096,0.02203261733962231,0.2541343265080455,0.5172480738023826,0.03230226150047747,0.10329917952030618,1.5215408766416798e-07,3.208289454137325e-07,2.629898773600107e-06,5.737979018649683e-06,2.514730189939601e-06,5.855088377833176e-06,9.530508831354927e-05,0.00019428233920728308,2.9416972863497702e-08,6.212207039122155e-08,5.066268484768804e-06,1.1069909553162388e-05,1.7538273861237358e-10,5.228778231127049e-10,2.2340194770093468e-18,2.2738118571629563e-18,1.3223079038941953e-11,1.539567978534159e-11,9.29649812456709e-12,1.9605104740080085e-11,3.676314269160727e-15,6.950386926123572e-15,1.331285294724015e-08,2.6144199589352703e-08,6.859133248052896e-19,2.0451489944663006e-18,0.006403631764710164,0.013035386652040723,3.4447743069732667e-31,9.999999999997547e-31,3.358233914305094e-09,1.0760747253255056e-08,1.0160643018323942e-10,3.1780911464468426e-10
0.45,1432.606539797659,4.9485706719701925,0.17720201060799975,4.218962818008003,0.47884615529823105,0.0701496811912479,1.5033681911991385e-05,1.101197098053344e-06,8.621504017052974e-12,1.0023399548690091e-11,1.7080850555188067e-12,3.971654815852834e-12,3.443395799150395e-07,4.255531661959106e-07,0.20929232034350095,0.2739849630854659,1.3050426748836385e-14,3.130089658952855e-14,1.1476580794392401e-12,2.8366737831078798e-12,1.2738159245888345e-11,1.2984063774827025e-11,1.2012141812818808e-05,1.312390422238233e-05,0.01888039650925849,0.02201080180875368,0.2541430654719684,0.517285782390119,0.032301924853541504,0.10330208136366287,1.5202809985696298e-07,3.205756362592213e-07,2.630225053688317e-06,5.738911923612448e-06,2.509803258180937e-06,5.8438419801767555e-06,9.497058900712296e-05,0.00019360790842670543,2.9303998062162942e-08,6.188587623637077e-08,5.053285051379321e-06,1.1041965713712463e-05,1.747869563387699e-10,5.211216555598926e-10,2.2328833154635706e-18,2.272742986932205e-18,1.3204327903988154e-11,1.5374439875193553e-11,9.282612694377707e-12,1.9576576114438854e-11,3.6692033555378256e-15,6.937210303177949e-15,1.3312358487052892e-08,2.6144235428406154e-08,6.84721687435053e-19,2.0416745863216875e-18,0.0064033851459175065,0.013035386652068253,3.444641640674148e-31,9.999999999997552e-31,3.3446185017268375e-09,1.0717532312894146e-08,1.0132617798693118e-10,3.1694473563311556e-10
0.451,1432.4596017676831,4.948807176129691,0.17719354210011723,4.224606364539936,0.47888607944547484,0.07015822083016486,1.5013883136630814e-05,1.0997890456930322e-06,8.593430782286713e-12,9.991144680775753e-12,1.702175985013144e-12,3.958066799924306e-12,3.436804753553525e-07,4.247549008355327e-07,0.2092640357065161,0.27395844305500017,1.300523015375366e-14,3.1193690874949576e-14,1.1447731976265258e-12,2.8296517312149823e-12,1.2685032991871618e-11,1.2930407876632906e-11,1.1983095628580455e-05,1.3092671878399816e-05,0.018861035086437865,0.021989073597537788,0.25415176233520503,0.5173233255782043,0.0323015950687358,0.10330498888033077,1.519025486600937e-07,3.203231771397022e-07,2.630550150588906e-06,5.739841402162969e-06,2.5049009695746195e-06,5.832651166299718e-06,9.46382642781893e-05,0.00019293782816926083,2.919179109882842e-08,6.16512756696593e-08,5.040374236363425e-06,1.1014176647919135e-05,1.7419491621446318e-10,5.193764273185336e-10,2.2317501913284166e-18,2.2716767633639287e-18,1.3185659806424153e-11,1.5353292565417328e-11,9.268786679039737e-12,1.9548167477510518e-11,3.662126368881916e-15,6.9240957063312444e-15,1.3311866071606993e-08,2.6144271111206138e-08,6.835352250048058e-19,2.0382150160833875e-18,0.006403139549610701,0.013035386652095672,3.4445095244118365e-31,9.999999999997549e-31,3.3310994532927612e-09,1.067462114129892e-08,1.0104763321824338e-10,3.160855805432424e-10
0.452,1432.3130984314603,4.94904324436902,0.17718509000838178,4.230250180280598,0.47892584439963204,0.07016672667492084,1.4994164643490499e-05,1.0983865921637952e-06,8.565528730753476e-12,9.959084792943053e-12,1.6963045440569696e-12,3.944564619406022e-12,3.4302452793981775e-07,4.239604090767748e-07,0.2092358629453154,0.2739320240215464,1.2960320846249802e-14,3.108716110674551e-14,1.1419040073299706e-12,2.822667480845335e-12,1.2632279835136639e-11,1.2877126149319421e-11,1.1954204017582162e-05,1.3061603959762604e-05,0.018841752464949197,0.021967432109941055,0.2541604174018063,0.5173607045302014,0.03230127209293727,0.1033079020158169,1.5177743093495785e-07,3.2007156201503773e-07,2.6308740719909122e-06,5.7407674766940574e-06,2.5000231230053693e-06,5.821515486190528e-06,9.430809328937256e-05,0.00019227205699024147,2.9080344385206173e-08,6.141825302929469e-08,5.027535416244918e-06,1.0986541036791372e-05,1.7360658279103288e-10,5.176420353690932e-10,2.2306200771587206e-18,2.270613161889088e-18,1.3167074099272893e-11,1.5332237140673165e-11,9.255019613173647e-12,1.9519877897120434e-11,3.655083029093419e-15,6.91104262716061e-15,1.3311375686568947e-08,2.6144306638959655e-08,6.823538970285127e-19,2.034770168675073e-18,0.006402894968591003,0.013035386652122971,3.444377954313844e-31,9.99999999999756e-31,3.3176757971134883e-09,1.0632010691364118e-08,1.0077077949249104e-10,3.1523159948755546e-10
0.453,1432.1670268060816,4.949278879541061,0.17717665422608228,4.235894264736127,0.47896545127696133,0.07017519895929018,1.497452581822729e-05,1.096989694991049e-06,8.537796247622867e-12,9.92721805621868e-12,1.6904703676909188e-12,3.9311474462315384e-12,3.423717115389573e-07,4.231696599053808e-07,0.20920780127036936,0.27390570528057057,1.2915696044157611e-14,3.09813007738831e-14,1.1390503694526702e-12,2.8157206989429577e-12,1.2579895974124748e-11,1.2824214800004318e-11,1.1925465664170301e-05,1.3030699077017832e-05,0.018822548100068205,0.021945876755522425,0.25416903096702653,0.5173979203867057,0.032300955879416976,0.1033108207349674,1.5165274355750412e-07,3.1982078486947636e-07,2.6311968254819144e-06,5.741690169326211e-06,2.495169518884407e-06,5.810434493158307e-06,9.398005541889731e-05,0.00019161055386900412,2.896965041515164e-08,6.118679282137047e-08,5.014767972821867e-06,1.0959057572273817e-05,1.7302192104369915e-10,5.159183779157943e-10,2.2294929462352146e-18,2.269552158642127e-18,1.3148570112433211e-11,1.5311272858237184e-11,9.241311035746165e-12,1.949170644966793e-11,3.648073058959722e-15,6.8980505624326735e-15,1.3310887317771752e-08,2.614434201292005e-08,6.8117766323559545e-19,2.0313399295939287e-18,0.006402651395728521,0.01303538665215013,3.444246926544706e-31,9.999999999997556e-31,3.3043465716587175e-09,1.0589697948124123e-08,1.0049560061708025e-10,3.143827431596733e-10
0.454,1432.02138393628,4.949514084477515,0.1771682346473141,4.241538617415888,0.4790049011798184,0.07018363791432454,1.4954966053746585e-05,1.0955983122009306e-06,8.510231739334234e-12,9.895542665646131e-12,1.6846730956900745e-12,3.917814463033988e-12,3.4172200034045946e-07,4.223826226825701e-07,0.20917984990281996,0.2738794861381051,1.2871353001564444e-14,3.087610344985106e-14,1.1362121467105427e-12,2.8088110567844564e-12,1.252787765911452e-11,1.2771670087342575e-11,1.1896879268534934e-05,1.2999955857374923e-05,0.018803421452470933,0.021924406949622867,0.2541776033257267,0.5174349742821751,0.03230064637927993,0.10331374499453858,1.5152848344431625e-07,3.19570839766536e-07,2.6315184185943366e-06,5.74260950200555e-06,2.490339960204257e-06,5.79940774628881e-06,9.365413032780422e-05,0.00019095327834614932,2.88597017871916e-08,6.095687976750466e-08,5.002071295959485e-06,1.093172496335223e-05,1.7244089639798203e-10,5.142053544664586e-10,2.2283687719598044e-18,2.2684937298444593e-18,1.3130147193213461e-11,1.529039899519409e-11,9.227660491153596e-12,1.946365222240728e-11,3.641096184585321e-15,6.885119014916572e-15,1.3310400951181068e-08,2.614437723430715e-08,6.80006483908073e-19,2.027924185915678e-18,0.0064024088239655365,0.013035386652177192,3.4441164373077837e-31,9.999999999997554e-31,3.291110829091273e-09,1.0547679939449398e-08,1.0022208061772394e-10,3.135389629164887e-10
0.455,1431.8761668960774,4.9497488619877394,0.17715983116702025,4.247183237832449,0.47904419519530417,0.07019204376810122,1.4935484750358357e-05,1.094212402331223e-06,8.482833633651855e-12,9.864056840353896e-12,1.678912372544408e-12,3.90456486310271e-12,3.410753688547131e-07,4.215992671517724e-07,0.2091520080756044,0.27385336591202397,1.2827289008684899e-14,3.077156279237143e-14,1.133389203651548e-12,2.8019382300266072e-12,1.247622119213601e-11,1.2719488321452336e-11,1.1868443546969922e-05,1.2969372944989124e-05,0.018784371988602503,0.021903022113783338,0.25418613477281865,0.5174718673454466,0.032300343540875825,0.1033166747412342,1.514046475540573e-07,3.1932172085186275e-07,2.631838858801929e-06,5.7435254964917334e-06,2.48553425261334e-06,5.788434810616873e-06,9.333029796151548e-05,0.0001903001905268275,2.8750491204779662e-08,6.072849880542973e-08,4.989444783743121e-06,1.0904541936388273e-05,1.7186347473223299e-10,5.125028658402977e-10,2.2272475278309676e-18,2.2674378517778903e-18,1.311180471790645e-11,1.5269614861912824e-11,9.214067529326831e-12,1.9435714313661244e-11,3.6341521354380944e-15,6.872247493469699e-15,1.3309916572893524e-08,2.6144412304284663e-08,6.78840319885355e-19,2.0245228263082132e-18,0.00640216724632115,0.01303538665220411,3.4439864828477815e-31,9.999999999997563e-31,3.277967635301465e-09,1.0505953736167306e-08,9.995020373962434e-11,3.1270021078194373e-10
0.456,1431.7313727907135,4.949983214843626,0.17715144368153185,4.252828125501543,0.47908333440686013,0.0702004167475549,1.4916081313484626e-05,1.0928319242657868e-06,8.455600376193756e-12,9.832758819549079e-12,1.6731878472687339e-12,3.8913978499536865e-12,3.404317918413327e-07,4.208195633488147e-07,0.20912427502237466,0.2738273439180638,1.2783501389728843e-14,3.0667672538382977e-14,1.1305814061487944e-12,2.7951018974606827e-12,1.2424922921391092e-11,1.2667665858273079e-11,1.1840157229131253e-05,1.2938948997999059e-05,0.018765399179823967,0.021881721674796118,0.25419462559407463,0.5175086006820083,0.032300047319430834,0.10331960994271092,1.5128123285815725e-07,3.1907342229206557e-07,2.6321581534789244e-06,5.744438174279666e-06,2.4807522031567206e-06,5.777515254207816e-06,9.300853846761979e-05,0.00018965125091371344,2.8642011448508293e-08,6.050163503050571e-08,4.9768878391533005e-06,1.0877507227881836e-05,1.712896223257083e-10,5.10810814014659e-10,2.226129188078411e-18,2.266384501435227e-18,1.3093542034800998e-11,1.5248919735715823e-11,9.200531704306158e-12,1.9407891829858298e-11,3.627240643720151e-15,6.8594355118643995e-15,1.3309434169168217e-08,2.6144447224071994e-08,6.776791322168695e-19,2.021135740000287e-18,0.006401926655879115,0.013035386652230911,3.443857059444155e-31,9.99999999999756e-31,3.2649160658827437e-09,1.0464516439201958e-08,9.967995440895792e-11,3.1186643932743195e-10
0.457,1431.5869987514293,4.950217145803899,0.17714307208769797,4.258473279942045,0.4791223198784401,0.07020875707602615,1.48967551567244e-05,1.0914568374573513e-06,8.428530434592299e-12,9.801646867347697e-12,1.6674991734702068e-12,3.87831263748405e-12,3.397912444019147e-07,4.200434817159847e-07,0.20909664999285332,0.27380141948942527,1.2739987504429265e-14,3.0564426507686786e-14,1.1277886220676455e-12,2.7883017426584243e-12,1.2373979247064302e-11,1.2616199105487583e-11,1.1812019061261777e-05,1.2908682692034833e-05,0.01874650250319974,0.021860505065586268,0.25420307607960524,0.5175451754004682,0.03229975766311936,0.10332255054283536,1.511582363826133e-07,3.1882593836232405e-07,2.6324763099661174e-06,5.745347556732842e-06,2.475993622010525e-06,5.766648652188574e-06,9.268883230543129e-05,0.000189006420630276,2.853425541277367e-08,6.027627377314044e-08,4.9643998746236005e-06,1.0850619594419797e-05,1.7071930591274956e-10,5.091291022862282e-10,2.225013726716235e-18,2.2653336555523215e-18,1.307535853854414e-11,1.522831294745408e-11,9.18705257609534e-12,1.9380183889413398e-11,3.620361445139231e-15,6.8466825902370525e-15,1.3308953726377164e-08,2.6144481994798325e-08,6.765228826593519e-19,2.0177628182615488e-18,0.006401687045799704,0.013035386652257609,3.443728163417527e-31,9.999999999997535e-31,3.2519552115092282e-09,1.0423365196806629e-08,9.941131727913799e-11,3.1103760181623954e-10
0.458,1431.4430419413384,4.9504506575864795,0.177134716283874,4.264118700675931,0.47916115267237364,0.07021706497602731,1.4877505698045915e-05,1.0900871016511528e-06,8.401622292999172e-12,9.770719266416296e-12,1.6618460091020373e-12,3.86530844941232e-12,3.3915370186403845e-07,4.192709929597317e-07,0.20906913223550175,0.27377559195466844,1.2696744744973867e-14,3.046181859568782e-14,1.1250107204377583e-12,2.7815374519330654e-12,1.232338661295121e-11,1.2565084514035078e-11,1.178402780206674e-05,1.2878572715746817e-05,0.018727681440612085,0.021839371724229773,0.2542114865086951,0.5175815925827782,0.032299474528750774,0.10332549651208187,1.5103565515793599e-07,3.1857926334154254e-07,2.632793335495033e-06,5.7462536649299795e-06,2.4712583204115407e-06,5.75583458194101e-06,9.237116010949352e-05,0.00018836566114309363,2.8427216059679973e-08,6.005240050163713e-08,4.951980306510412e-06,1.0823877800620172e-05,1.7015249260807313e-10,5.074576350499068e-10,2.2239011186341573e-18,2.2642852917240225e-18,1.3057253590678128e-11,1.5207793789002263e-11,9.17362970833407e-12,1.9352589617865594e-11,3.6135142779161614e-15,6.833988253228869e-15,1.3308475231056339e-08,2.6144516617658686e-08,6.753715330670645e-19,2.014403952588983e-18,0.006401448409306068,0.013035386652284264,3.4435997911223627e-31,9.999999999997552e-31,3.2390841712347822e-09,1.0382497183125717e-08,9.914427717075983e-11,3.1021365201660547e-10
0.459,1431.299499548476,4.950683752892457,0.17712637616906313,4.269764387228258,0.4791998338365116,0.07022534066730245,1.4858332362571607e-05,1.0887226770883886e-06,8.374874455715463e-12,9.739974322195694e-12,1.6562280164945937e-12,3.852384519352256e-12,3.385191398607154e-07,4.185020681487304e-07,0.20904172101022808,0.27374986065414286,1.265377053723079e-14,3.0359842776347305e-14,1.1222475720489734e-12,2.774808715812233e-12,1.2273141511235744e-11,1.2514318582992452e-11,1.1756182225299302e-05,1.2848617773628924e-05,0.018708935478996574,0.021818321094214856,0.2542198571616855,0.5176178533080145,0.032299197869679656,0.10332844780878019,1.5091348625797872e-07,3.1833339159403737e-07,2.633109237253813e-06,5.74715651980415e-06,2.4665461122026116e-06,5.745072626699099e-06,9.205550278933791e-05,0.00018772893446534252,2.83208864525139e-08,5.983000089293976e-08,4.939628559222251e-06,1.0797280628156003e-05,1.695891499476602e-10,5.057963179209137e-10,2.2227913387160434e-18,2.2632393875051655e-18,1.3039226574289408e-11,1.5187361576894642e-11,9.160262669954665e-12,1.9325108151363227e-11,3.606698883446653e-15,6.821352031235017e-15,1.330799866986125e-08,2.6144551093806185e-08,6.742250458779469e-19,2.011059036155935e-18,0.006401210739689162,0.013035386652310806,3.443471938949586e-31,9.999999999997536e-31,3.2263020574097083e-09,1.034190961396132e-08,9.887881911083748e-11,3.093945443245102e-10
0.46,1431.1563687880293,4.950916434403259,0.1771180516430171,4.275410339127139,0.4792383644034963,0.07023358436666724,1.4839234582570191e-05,1.08736352450512e-06,8.348285447073636e-12,9.709410362766974e-12,1.6506448623489413e-12,3.83954009079956e-12,3.3788753433183285e-07,4.177366787155501e-07,0.20901441558888623,0.2737242249404458,1.2611062340623302e-14,3.0258493101895814e-14,1.1194990494376994e-12,2.7681152290042414e-12,1.2223240482259846e-11,1.246389785935089e-11,1.1728481119922348e-05,1.2818816586194234e-05,0.01869026411074236,0.021797352624896606,0.2542281883197457,0.5176539586515252,0.03229892763586434,0.10333140437922476,1.5079172679896084e-07,3.180883175672892e-07,2.633424022379436e-06,5.748056142121449e-06,2.461856813817113e-06,5.734362375511407e-06,9.17418415256454e-05,0.00018709620314906808,2.8215259754180883e-08,5.960906082937383e-08,4.92734406513965e-06,1.0770826875580295e-05,1.6902924589045228e-10,5.041450577400377e-10,2.2216843618731797e-18,2.2621959204429057e-18,1.3021276904017663e-11,1.5167015663979988e-11,9.146951035193145e-12,1.9297738636679118e-11,3.599915006315126e-15,6.808773460428866e-15,1.3307524029566977e-08,2.614458542433296e-08,6.730833840887798e-19,2.0077279637373545e-18,0.0064009740303125244,0.01303538665233721,3.4433446033291987e-31,9.999999999997545e-31,3.2136079954474434e-09,1.0301599746034907e-08,9.861492833232237e-11,3.085802337622243e-10
0.461,1431.0136469055178,4.95114870476188,0.1771097426069072,4.281056555903702,0.47927674540408327,0.07024179629009354,1.4820211794614433e-05,1.086009604926348e-06,8.32185380730452e-12,9.6790257340732e-12,1.6450962175134322e-12,3.826774416624003e-12,3.3725886143647543e-07,4.1697479634923564e-07,0.20898721524244715,0.2736986841621481,1.256861764559156e-14,3.0157763696836033e-14,1.116765026275014e-12,2.7614566888922673e-12,1.2173680108074829e-11,1.241381893148423e-11,1.1700923286912354e-05,1.2789167886514136e-05,0.0186716668328551,0.02177646577056616,0.254236480253987,0.5176899096637446,0.03229866378522161,0.10333436619419661,1.506703739029596e-07,3.1784403571557853e-07,2.633737697905922e-06,5.748952552378729e-06,2.457190242763389e-06,5.723703419724532e-06,9.143015767001052e-05,0.00018646743008134714,2.8110329193406173e-08,5.938956632743839e-08,4.915126260549733e-06,1.0744515349467367e-05,1.684727487597265e-10,5.025037624003017e-10,2.2205801638263284e-18,2.2611548688774805e-18,1.3003403962662923e-11,1.5146755365618262e-11,9.133694381837361e-12,1.9270480227557045e-11,3.593162393537923e-15,6.796252081346575e-15,1.3307051297105979e-08,2.6144619610394154e-08,6.719465108108156e-19,2.00441063038885e-18,0.006400738274600093,0.013035386652363506,3.4432177807236486e-31,9.999999999997536e-31,3.2010011189358582e-09,1.0261564861351872e-08,9.83525902288722e-11,3.077706758376345e-10
0.462,1430.8713311711058,4.95138056659548,0.17710144896251512,4.286703037092073,0.47931497785368665,0.07024997665065023,1.4801263442229216e-05,1.0846608798589704e-06,8.295578096058342e-12,9.648818804012115e-12,1.6395817570257187e-12,3.814086759166764e-12,3.3663309763130845e-07,4.1621639309187575e-07,0.2089601192541661,0.27367323768070667,1.2526433974749797e-14,3.005764876071608e-14,1.1140453779416043e-12,2.7548327969543374e-12,1.212445701719862e-11,1.2364078434003768e-11,1.1673507541902447e-05,1.2759670423098922e-05,0.018653143147443783,0.02175565999099546,0.25424473323735647,0.5177257073937693,0.03229840627141987,0.10333733320978632,1.5054942473476186e-07,3.176005405773699e-07,2.63405027082623e-06,5.749845770931536e-06,2.4525462191105203e-06,5.713095356439215e-06,9.112043284042093e-05,0.00018584257867898236,2.8006088096621575e-08,5.917150360517548e-08,4.902974589619355e-06,1.0718344873091352e-05,1.6791962728617342e-10,5.008723409753557e-10,2.2194787202640646e-18,2.260116211082627e-18,1.2985607162714022e-11,1.5126580031330862e-11,9.120492292814705e-12,1.924333208804315e-11,3.5864407952105176e-15,6.783787440105684e-15,1.3306580459523045e-08,2.6144653653087478e-08,6.708143897021495e-19,2.001106932734556e-18,0.006400503466044012,0.01303538665238973,3.4430914676320974e-31,9.99999999999755e-31,3.188480574313621e-09,1.0221802282194268e-08,9.809179039369786e-11,3.069658266656787e-10
0.463,1430.7294188818469,4.951612022506265,0.17709317061255864,4.2923497822293415,0.4793530627578109,0.07025812565933323,1.478238897505548e-05,1.0833173112313307e-06,8.26945689099743e-12,9.618787960813958e-12,1.6341011600578081e-12,3.801476390118847e-12,3.3601021964213473e-07,4.154614413038253e-07,0.20893312691427612,0.2736478848636585,1.2484508882276323e-14,2.995814256671492e-14,1.1113399813168118e-12,2.7482432582449388e-12,1.2075567882329113e-11,1.2314673045452182e-11,1.1646232714162693e-05,1.273032295879738e-05,0.018634692561508744,0.021734934751204683,0.25425294753985717,0.5177613528798812,0.03229815504878752,0.10334030538314805,1.5042887648977875e-07,3.1735782675002023e-07,2.6343617480678366e-06,5.750735817943552e-06,2.447924564976809e-06,5.702537787324366e-06,9.08126488860978e-05,0.00018522161281710932,2.7902529876081728e-08,5.8954859057174756e-08,4.890888503001106e-06,1.069231428339177e-05,1.6736985058727917e-10,4.99250703658768e-10,2.2183800071343123e-18,2.2590799255637085e-18,1.2967885922195796e-11,1.5106489016681482e-11,9.107344355681477e-12,1.921629339142392e-11,3.579749964280559e-15,6.771379087982179e-15,1.3306111503992583e-08,2.6144687553500343e-08,6.69686984857552e-19,1.9978167686402476e-18,0.006400269598201346,0.013035386652415819,3.4429656605886317e-31,9.999999999997543e-31,3.176045519132529e-09,1.0182309365571334e-08,9.783251460355627e-11,3.061656429186746e-10
0.464,1430.587907361391,4.951843075070347,0.17708490746073194,4.297996790855538,0.4793910011133948,0.07026624352528922,1.4763587848197633e-05,1.081978861346079e-06,8.243488786807689e-12,9.588931611904869e-12,1.6286541097744285e-12,3.78894259019731e-12,3.353902044449288e-07,4.147099136405945e-07,0.2089062375187448,0.2736226250831059,1.244283995270528e-14,2.9859239458788126e-14,1.108648714656155e-12,2.7416877810950142e-12,1.2027009418567106e-11,1.2265599486515014e-11,1.1619097645859072e-05,1.2701124269999338e-05,0.018616314586775647,0.021714289521280992,0.254261123427691,0.5177968471480027,0.03229791007325828,0.10334328267556603,1.5030872638729775e-07,3.171158888757087e-07,2.6346721364891654e-06,5.751622713380976e-06,2.4433251042613024e-06,5.692030317996379e-06,9.05067878673583e-05,0.00018460449678840484,2.7799648022916332e-08,5.8739619239994506e-08,4.878867457071573e-06,1.0666422429319398e-05,1.6682338815248944e-10,4.97638761720489e-10,2.2172840007445078e-18,2.258045991160773e-18,1.2950239658788486e-11,1.5086481676435448e-11,9.094250162206756e-12,1.9189363319361217e-11,3.573089656361224e-15,6.759026581062939e-15,1.3305644417819242e-08,2.614472131272157e-08,6.685642607115334e-19,1.994540036925634e-18,0.006400036664691608,0.013035386652441791,3.4428403561609335e-31,9.99999999999755e-31,3.1636951210903518e-09,1.0143083500137797e-08,9.757474880866263e-11,3.0537008179512575e-10
0.465,1430.4467939599085,4.952073726837748,0.17707665941170458,4.3036440625136,0.4794287939088979,0.07027433045582954,1.4744859522094122e-05,1.0806454928709656e-06,8.217672394887667e-12,9.5592481835546e-12,1.6232402932940797e-12,3.776484649058873e-12,3.3477302926137277e-07,4.1396178304750705e-07,0.20887945036919783,0.27359745771563043,1.2401424800441568e-14,2.976093385053693e-14,1.1059714575624677e-12,2.7351660770423676e-12,1.1978778382683502e-11,1.2216854519291977e-11,1.1592101191855437e-05,1.2672073146426819e-05,0.018598008739677003,0.021693723776361192,0.25426926116323395,0.5178321912116568,0.03229767130241306,0.10334626505259283,1.501889716694428e-07,3.168747216392892e-07,2.6349814428789466e-06,5.752506477011185e-06,2.438747662578215e-06,5.681572557868862e-06,9.020283205135524e-05,0.00018399119529460134,2.769743610548496e-08,5.8525770868761463e-08,4.866910913796059e-06,1.064066817154744e-05,1.6628020983743742e-10,4.96036427490152e-10,2.2161906777814224e-18,2.2570143870689888e-18,1.2932667792926156e-11,1.5066557368172545e-11,9.081209308282971e-12,1.91625410617094e-11,3.566459629682976e-15,6.746729480157405e-15,1.3305179188434261e-08,2.6144754931835157e-08,6.674461819774195e-19,1.991276637183282e-18,0.006399804659196485,0.013035386652467668,3.442715550950108e-31,9.999999999997536e-31,3.1514285578080044e-09,1.0104122105494e-08,9.731847912977153e-11,3.0457910101084115e-10
0.466,1430.3060760514913,4.952303980341222,0.1770684263708059,4.309291596749353,0.47946644211960604,0.07028238665572172,1.472620346378681e-05,1.079317168931822e-06,8.192006344830434e-12,9.52973612260669e-12,1.617859401690499e-12,3.764101865306338e-12,3.341586715924682e-07,4.132170228013167e-07,0.20885276477757245,0.27357238214831847,1.2360261070357085e-14,2.9663220226662714e-14,1.103308091232999e-12,2.728677861443709e-12,1.1930871574936528e-11,1.216843494916499e-11,1.1565242220785335e-05,1.2643168392309414e-05,0.01857977454142565,0.02167323699671516,0.2542773610093884,0.517867386080687,0.03229743869104654,0.10334925246983574,1.5006960961813064e-07,3.1663431980401727e-07,2.6352896739815216e-06,5.753387128456295e-06,2.434192067925538e-06,5.671164121711112e-06,8.990076395300053e-05,0.0001833816735301073,2.7595887783070473e-08,5.831330084616321e-08,4.855018342461611e-06,1.0615050386264176e-05,1.6574028587917022e-10,4.944436144028592e-10,2.2151000149399365e-18,2.2559850924601316e-18,1.2915169764755407e-11,1.5046715472043815e-11,9.068221394680904e-12,1.9135825818108453e-11,3.559859645386802e-15,6.7344873513531725e-15,1.3304715803382202e-08,2.614478841188715e-08,6.663327139296596e-19,1.9880264706209378e-18,0.006399573575461575,0.013035386652493496,3.442591241591667e-31,9.99999999999757e-31,3.1392450188322576e-09,1.0065422638618457e-08,9.706369187356919e-11,3.037926588472685e-10
0.467,1430.165751036875,4.9525338380837,0.1770602082444729,4.314939393111477,0.4795039467155343,0.07029041232841221,1.4707619145010809e-05,1.0779938529738148e-06,8.166489281710995e-12,9.500393893340815e-12,1.6125111298297648e-12,3.751793546117077e-12,3.335471091619594e-07,4.124756064407962e-07,0.20882618005843373,0.2735473977689564,1.231934643597421e-14,2.956609313866661e-14,1.1006584980592015e-12,2.7222228524891235e-12,1.1883285834869539e-11,1.2120337620541548e-11,1.1538519613039647e-05,1.2614408824203313e-05,0.018561611517639097,0.021652828667331276,0.2542854232228594,0.5179024327480393,0.0322972121981259,0.10335224489531969,1.499506375306386e-07,3.163946781603346e-07,2.6355968364618297e-06,5.754264687121958e-06,2.4296581496899714e-06,5.660804627337533e-06,8.96005662687788e-05,0.0001827758970473722,2.7494996783525502e-08,5.81021962153423e-08,4.84318921700932e-06,1.0589567959357037e-05,1.6520358685949339e-10,4.928602368907838e-10,2.2140119894343736e-18,2.2549580870055762e-18,1.2897745002169284e-11,1.5026955353549203e-11,9.055286025878492e-12,1.9109216795535554e-11,3.5532894670263856e-15,6.7222997650831724e-15,1.3304254250340294e-08,2.6144821753948062e-08,6.652238220588635e-19,1.984789439034861e-18,0.0063993434072903204,0.013035386652519172,3.4424674247522315e-31,9.999999999997568e-31,3.1271437024089182e-09,1.0026982583545586e-08,9.681037350352985e-11,3.0301071406080636e-10
0.468,1430.0258163403273,4.952763302551376,0.17705200493978226,4.320587451151487,0.4795413086533813,0.07029840767478783,1.4689106043651675e-05,1.0766755088675863e-06,8.14111986797545e-12,9.471219979671153e-12,1.6071951763906622e-12,3.7395590072911695e-12,3.3293831995987526e-07,4.1173750782039716e-07,0.20879969553681954,0.27352250397608535,1.2278678599936705e-14,2.9469547205985434e-14,1.098022561944018e-12,2.715800771986133e-12,1.183601804377689e-11,1.2072559419376849e-11,1.1511932262240079e-05,1.258579327259854e-05,0.018543519198682936,0.021632498278302516,0.2542934480611536,0.5179373322035842,0.03229699177958532,0.10335524228634552,1.4983205274026203e-07,3.1615579156922766e-07,2.6359029369406704e-06,5.755139172269486e-06,2.425145739481375e-06,5.6504936975492744e-06,8.930222192957257e-05,0.00018217383186467634,2.7394756920720062e-08,5.789244419678703e-08,4.8314230182561515e-06,1.0564219791267891e-05,1.6467008372848e-10,4.912862104533714e-10,2.2129265785272657e-18,2.2539333503946623e-18,1.2880392957463794e-11,1.50072764062346e-11,9.04240281093281e-12,1.908271321013428e-11,3.5467488609229528e-15,6.710166296793983e-15,1.330379451709297e-08,2.6144854959041315e-08,6.641194723280957e-19,1.9815654455734314e-18,0.006399114148549456,0.013035386652544787,3.442344097132459e-31,9.999999999997578e-31,3.115123818047975e-09,9.988799459595524e-09,9.655851066138957e-11,3.022332259499932e-10
0.46900000000000003,1429.886269411806,4.952992376205307,0.1770438163647499,4.326235770423704,0.47957852888137886,0.07030637289391466,1.46706636429793e-05,1.07536210085379e-06,8.115896782181933e-12,9.442212883694265e-12,1.6019112437914076e-12,3.727397573086301e-12,3.3233228221697435e-07,4.110027010789801e-07,0.20877331054349002,0.27349770017289676,1.2238255293426642e-14,2.937357711463476e-14,1.0954001681121194e-12,2.7094113448931426e-12,1.1789065122679745e-11,1.2025097271131464e-11,1.1485479074330119e-05,1.2557320580937276e-05,0.018525497119500467,0.02161224532464016,0.25430143577827213,0.5179720854255552,0.032296777392744405,0.10335824460367149,1.497138526052214e-07,3.159176549389921e-07,2.636207981972515e-06,5.7560106029696636e-06,2.420654670670928e-06,5.640230959062891e-06,8.90057140685381e-05,0.00018157544440086982,2.7295162083769506e-08,5.7684032165664007e-08,4.819719232627378e-06,1.0539004794232482e-05,1.641397477862408e-10,4.897214516036352e-10,2.2118437597841723e-18,2.252910862595294e-18,1.2863113085982105e-11,1.4987678026822694e-11,9.029571363014254e-12,1.9056314286244605e-11,3.5402375959599528e-15,6.698086526562797e-15,1.3303336591547465e-08,2.6144888028184797e-08,6.63019631040031e-19,1.978354394342256e-18,0.0063988857931661265,0.013035386652570225,3.4422212554655342e-31,9.999999999997571e-31,3.1031845849512043e-09,9.950870816350409e-09,9.630809015264119e-11,3.0146015431046796e-10
0.47000000000000003,1429.747107726047,4.953221061480087,0.1770356424283778,4.331884350485228,0.4796156083418023,0.070314308183461,1.4652291431064422e-05,1.0740535935014032e-06,8.09081871803848e-12,9.413371124585563e-12,1.596659038094395e-12,3.715308576002841e-12,3.3172897438498834e-07,4.102711606158619e-07,0.20874702441264764,0.2734729857644682,1.2198074275186171e-14,2.927817761491389e-14,1.092791202988783e-12,2.7030542990235742e-12,1.1742424030526167e-11,1.1977948138961591e-11,1.1459158966745893e-05,1.2528989604724024e-05,0.01850754481923478,0.021592069305853404,0.2543093866231941,0.5180066933778673,0.032296568997996614,0.10336125181699991,1.4959603450247773e-07,3.156802632124676e-07,2.6365119780418016e-06,5.756878998099153e-06,2.416184778106237e-06,5.6300160418531896e-06,8.871102600247545e-05,0.00018098070143769308,2.7196206230652187e-08,5.7476947638443837e-08,4.808077351415202e-06,1.0513921890673764e-05,1.636125506657408e-10,4.881658778177388e-10,2.2107635111925118e-18,2.2518906039769282e-18,1.2845904832335968e-11,1.4968159599173147e-11,9.016791299024176e-12,1.9030019255615917e-11,3.533755443400319e-15,6.686060038759521e-15,1.3302880461737171e-08,2.6144920962418364e-08,6.619242647701551e-19,1.975156190207004e-18,0.006398658335122989,0.01303538665259559,3.4420988965144592e-31,9.99999999999756e-31,3.0913252311195517e-09,9.913194230812999e-09,9.605909893617516e-11,3.0069145940300795e-10
0.47100000000000003,1429.608328780007,4.953449360795454,0.17702748304023871,4.337533190895916,0.4796525479635261,0.07032221373854503,1.4633988902079706e-05,1.0727499518024032e-06,8.065884386087593e-12,9.384693240559285e-12,1.5914382690030045e-12,3.703291356776874e-12,3.311283751759602e-07,4.0954286113926667e-07,0.20872083648915996,0.27344836016699625,1.2158133331894589e-14,2.9183343522314523e-14,1.0901955544830943e-12,2.69672936574558e-12,1.1696091766398387e-11,1.193110902597657e-11,1.1432970869760073e-05,1.2500799212990724e-05,0.018489661841589636,0.021571969726355167,0.25431730084626086,0.5180411570226746,0.03229636655222898,0.10336426388383095,1.494785958461828e-07,3.15443611405736e-07,2.6368149315941296e-06,5.757744376403567e-06,2.4117358988627155e-06,5.619848580901314e-06,8.84181412784229e-05,0.0001803895702148564,2.7097883403594515e-08,5.7271178305433034e-08,4.796496872761198e-06,1.048897001753385e-05,1.6308846435425392e-10,4.866194075990411e-10,2.2096858107281175e-18,2.250872554867302e-18,1.2828767666930108e-11,1.4948720536830102e-11,9.004062240376156e-12,1.9003827359044347e-11,3.5273021772051636e-15,6.674086422646484e-15,1.3302426115796135e-08,2.614495376273146e-08,6.608333405790367e-19,1.971970739425691e-18,0.006398431768463487,0.013035386652620874,3.441977017074971e-31,9.999999999997568e-31,3.0795449956094434e-09,9.875767314646337e-09,9.581152414330587e-11,2.9992710201304703e-10
0.47200000000000003,1429.4699300959555,4.953677276543802,0.177019338110922,4.343182291218352,0.47968934866936613,0.07033008975285888,1.4615755554774192e-05,1.0714511410609107e-06,8.041092511495839e-12,9.356177786311437e-12,1.5862486497445713e-12,3.691345264114078e-12,3.3053046351597956e-07,4.0881777760954366e-07,0.20869474612138172,0.273423822798588,1.2118430276931932e-14,2.9089069714601796e-14,1.0876131116536317e-12,2.6904362791585296e-12,1.1650065366137593e-11,1.1884576971820423e-11,1.1406913724865925e-05,1.2472748286545156e-05,0.018471847734559687,0.021551946095165638,0.2543251786927082,0.5180754773075511,0.03229617001546139,0.1033672807707819,1.4936153406710347e-07,3.15207694564957e-07,2.637116849002177e-06,5.758606756426948e-06,2.4073078714210013e-06,5.609728214284134e-06,8.812704361771613e-05,0.00017980201831622124,2.7000187710290632e-08,5.7066711991190545e-08,4.784977299401095e-06,1.046414812135593e-05,1.625674611637377e-10,4.850819603904924e-10,2.2086106368051224e-18,2.2498566960123774e-18,1.2811701054648432e-11,1.4929360246550668e-11,8.991383812067716e-12,1.8977737844431575e-11,3.5208775736412918e-15,6.6621652716429385e-15,1.3301973541981375e-08,2.6144986430125232e-08,6.597468257622404e-19,1.9687979489044023e-18,0.006398206087287451,0.01303538665264608,3.4418556139731263e-31,9.999999999997594e-31,3.067843125814258e-09,9.838587705475918e-09,9.556535305356594e-11,2.9916704337533407e-10
0.47300000000000003,1429.3319092186512,4.953904811098402,0.17701120755173919,4.348831651017831,0.47972601137232807,0.07033793641811696,1.4597590893404554e-05,1.0701571269616582e-06,8.016441835107264e-12,9.327823334253155e-12,1.5810898970746138e-12,3.679469654703025e-12,3.2993521856935746e-07,4.080958852692064e-07,0.20866875266493418,0.2733993730842132,1.2078962950632227e-14,2.8995351132449506e-14,1.085043764894543e-12,2.684174776554734e-12,1.1604341903497743e-11,1.1838349053864339e-11,1.1380986485491689e-05,1.244483571875816e-05,0.018454102050381383,0.02153199792585784,0.25433302040641326,0.5181096551731125,0.03229597934708609,0.10337030244155178,1.4924484662586847e-07,3.149725077943513e-07,2.6374177365887357e-06,5.759466156561895e-06,2.402900536150317e-06,5.599654584302537e-06,8.783771694797781e-05,0.00017921801373523257,2.6903113334470976e-08,5.686353667692723e-08,4.773518140008258e-06,1.0439455161227759e-05,1.6204951373999815e-10,4.835534566024066e-10,2.207537967986467e-18,2.24884300828158e-18,1.279470446838923e-11,1.4910078144078994e-11,8.978755643223518e-12,1.8951749967935635e-11,3.5144814114832912e-15,6.650296183709724e-15,1.3301522728659236e-08,2.6145018965585445e-08,6.586646880217518e-19,1.9656377267093554e-18,0.006397981285751114,0.013035386652671144,3.4417346840653244e-31,9.999999999997584e-31,3.056218879015116e-09,9.801653071874983e-09,9.532057310594368e-11,2.9841124520931694e-10
0.47400000000000003,1429.1942637164339,4.9541319668093085,0.17700309127486988,4.354481269862324,0.4797625369778205,0.07034575392439174,1.4579494426955023e-05,1.068867875513207e-06,7.991931112334786e-12,9.299628473230201e-12,1.5759617311731266e-12,3.667663892977967e-12,3.293426197167673e-07,4.073771596161133e-07,0.20864285548052597,0.2733750104529024,1.2039729219277405e-14,2.890218277705743e-14,1.082487405781139e-12,2.6779445980394293e-12,1.1558918488354867e-11,1.1792422385397452e-11,1.1355188116233918e-05,1.2417060414733788e-05,0.018436424345485057,0.021512124736508677,0.2543408262279019,0.5181436915490454,0.032295794507905665,0.1033733288634626,1.491285310035474e-07,3.1473804623640857e-07,2.6377176006145263e-06,5.760322595023872e-06,2.3985137349470765e-06,5.589627336642342e-06,8.755014537725498e-05,0.00017863752482235635,2.6806654527089285e-08,5.666164048195302e-08,4.762118908184137e-06,1.0414890106581553e-05,1.61534595048273e-10,4.820338175699586e-10,2.206467783161093e-18,2.2478314728488303e-18,1.2777777383285187e-11,1.4890873647417114e-11,8.966177366615466e-12,1.892586299296589e-11,3.5081134718111275e-15,6.638478760969802e-15,1.3301073664308948e-08,2.6145051370094215e-08,6.575868953267987e-19,1.962489981652479e-18,0.006397757358066067,0.01303538665269615,3.4416142242377333e-31,9.999999999997573e-31,3.0446715211263956e-09,9.764961109355417e-09,9.507717188751721e-11,2.9765966968382387e-10
0.47500000000000003,1429.056991179374,4.954358746010497,0.1769949891931061,4.360131147322465,0.4797989263794172,0.07035354245946575,1.4561465670117599e-05,1.0675833531196278e-06,7.96755911430917e-12,9.271591809864108e-12,1.5708638756451987e-12,3.655927351122321e-12,3.2875264658217744e-07,4.066615764367732e-07,0.208617053938103,0.27335073434308854,1.2000726975487163e-14,2.8809559711103356e-14,1.0799439272641565e-12,2.671745487011818e-12,1.1513792268113657e-11,1.1746794117072629e-11,1.1329517593734626e-05,1.238942129226999e-05,0.018418814180632088,0.021492326049854172,0.2543485963981241,0.5181775873616042,0.032295615456265865,0.10337635999504372,1.4901258471496583e-07,3.145043050999054e-07,2.638016447298494e-06,5.761176089893321e-06,2.3941473117606096e-06,5.579646121599429e-06,8.726431322599535e-05,0.0001780605203504244,2.6710805616908033e-08,5.646101168609267e-08,4.750779123825557e-06,1.039045194018608e-05,1.6102267838587165e-10,4.805229655911464e-10,2.2054000612483816e-18,2.2468220708907587e-18,1.2760919293558853e-11,1.4871746196465815e-11,8.953648619246136e-12,1.8900076191412075e-11,3.5017735382392986e-15,6.626712610141762e-15,1.3300626337510557e-08,2.6145083644596758e-08,6.565134161139098e-19,1.9593546238882763e-18,0.006397534298501429,0.013035386652721019,3.441494231407502e-31,9.999999999997568e-31,3.033200328240909e-09,9.728509545331818e-09,9.483513714573211e-11,2.969122794555964e-10
0.47600000000000003,1428.9200892220733,4.954585151007243,0.17698690122030292,4.365781282971517,0.4798351804668852,0.07036130221007063,1.4543504141639718e-05,1.0663035264605267e-06,7.943324625514803e-12,9.243711965816919e-12,1.5657960574234775e-12,3.644259408848299e-12,3.281652789825132e-07,4.0594911174458443e-07,0.20859134740904875,0.2733265441926361,1.1961954136892751e-14,2.8717477055611516e-14,1.0774132233126289e-12,2.6655771892853878e-12,1.1468960424079927e-11,1.1701461433231064e-11,1.1303973904898117e-05,1.2361917279925852e-05,0.01840127112053822,0.02147260139287218,0.2543563311515738,0.5182113435200539,0.03229544215516056,0.10337939580886646,1.4889700528669826e-07,3.1427127961377373e-07,2.638314282783087e-06,5.762026659044881e-06,2.3898011116780277e-06,5.569710591954051e-06,8.698020496848242e-05,0.00017748696939546386,2.661556099082838e-08,5.62616386882211e-08,4.739498310728835e-06,1.0366139652921684e-05,1.6051373734968254e-10,4.790208238306749e-10,2.2043347816908116e-18,2.24581478409074e-18,1.2744129679135838e-11,1.4852695214133367e-11,8.941169041341484e-12,1.8874388841539394e-11,3.4954613964873925e-15,6.614997341735385e-15,1.3300180736966236e-08,2.6145115790066753e-08,6.554442189661757e-19,1.9562315639589213e-18,0.006397312101378251,0.013035386652745808,3.441374702519672e-31,9.999999999997552e-31,3.0218045837862726e-09,9.692296130021888e-09,9.459445676274461e-11,2.961690375894333e-10
0.47700000000000004,1428.7835554791336,4.954811184092068,0.17697882727080816,4.371431676385356,0.47987130011741164,0.07036903336055984,1.4525609366002321e-05,1.065028362613668e-06,7.91922644592159e-12,9.215987580273987e-12,1.5607580067420725e-12,3.6326594533373544e-12,3.2758049697610443e-07,4.052397418396674e-07,0.20856573527483419,0.2733024394500237,1.1923408646628536e-14,2.862592999114192e-14,1.0748951892748015e-12,2.6594394539806527e-12,1.1424420174196645e-11,1.1656421554701454e-11,1.1278556048460102e-05,1.2334547318736278e-05,0.018383794734073415,0.021452950297006373,0.25436403072434505,0.5182449609327847,0.03229527456402505,0.10338243626521709,1.487817902812498e-07,3.1403896507798985e-07,2.6386111131775267e-06,5.762874320238522e-06,2.3854749819043953e-06,5.5598204052539e-06,8.669780529262997e-05,0.0001769168414587632,2.6520915113740357e-08,5.6063510048249406e-08,4.728275999123197e-06,1.0341952249320586e-05,1.6000774586059068e-10,4.775273163929513e-10,2.203271923876077e-18,2.2448095940490207e-18,1.2727408041297326e-11,1.483372014787921e-11,8.928738277343267e-12,1.8848800230076934e-11,3.489176834774822e-15,6.603332570797075e-15,1.3299736851472361e-08,2.614514780743662e-08,6.543792729742285e-19,1.953120713870988e-18,0.006397090761073002,0.013035386652770434,3.441255634549144e-31,9.999999999997542e-31,3.010483581434991e-09,9.656318645785861e-09,9.43551187786604e-11,2.9542990763097375e-10
0.47800000000000004,1428.6473876088612,4.955036847531853,0.17697076725992225,4.377082327142445,0.47990728620245543,0.0703767360939417,1.4507780871923375e-05,1.0637578289459016e-06,7.895263388885639e-12,9.18841730751211e-12,1.555749457089937e-12,3.6211268791364206e-12,3.2699828081882173e-07,4.0453344325490983e-07,0.20854021692024843,0.27327841956559257,1.1885088472262738e-14,2.8534913755260654e-14,1.0723897215547611e-12,2.6533320327276246e-12,1.1380168769922714e-11,1.1611671735634774e-11,1.1253263033510475e-05,1.2307310360607542e-05,0.018366384594132694,0.021433372298027352,0.2543716953477964,0.5182784404946158,0.032295112645180965,0.10338548133276983,1.4866693727655088e-07,3.138073568204583e-07,2.638906944522802e-06,5.763719091045396e-06,2.3811687709169756e-06,5.549975221847275e-06,8.641709904661418e-05,0.0001763501063582092,2.6426862510504274e-08,5.5866614449119854e-08,4.717111723484225e-06,1.0317888742794339e-05,1.595046781371994e-10,4.760423682442645e-10,2.2022114676154386e-18,2.243806482771116e-18,1.27107538786295e-11,1.4814820441694878e-11,8.9163559750086e-12,1.882330965032903e-11,3.482919643448014e-15,6.591717916209306e-15,1.3299294669937861e-08,2.6145179697644623e-08,6.533185474057586e-19,1.950021986110462e-18,0.006396870272015075,0.013035386652795064,3.4411370244992208e-31,9.999999999997543e-31,2.999236622493251e-09,9.620574898766861e-09,9.411711136940543e-11,2.946948535377315e-10
0.47900000000000004,1428.511583289971,4.955262143578118,0.17696272110353078,4.382733234823815,0.47994313958270474,0.07038441059112874,1.4490018193503728e-05,1.0624918931972207e-06,7.87143428250192e-12,9.160999818479406e-12,1.5507701451486436e-12,3.6096610880157067e-12,3.264186109949219e-07,4.0383019279419704e-07,0.20851479173843318,0.2732544839981076,1.1846991606091385e-14,2.844442364326626e-14,1.069896717846063e-12,2.6472546802447842e-12,1.1336203497855343e-11,1.1567209265171883e-11,1.1228093880441315e-05,1.228020536935793e-05,0.01834904027764583,0.021413866936043763,0.2543793252534304,0.5183117830966578,0.03229495635891457,0.10338853097281729,1.4855244388226058e-07,3.1357645023140836e-07,2.639201782819774e-06,5.76456098890828e-06,2.3768823291321653e-06,5.540174706438573e-06,8.613807127709792e-05,0.0001757867343064165,2.6333397778745693e-08,5.567094072390286e-08,4.706005024184159e-06,1.0293948159247183e-05,1.590045087090876e-10,4.745659052526703e-10,2.2011533927428655e-18,2.242805432259203e-18,1.2694166703329725e-11,1.479599555510955e-11,8.904021786082721e-12,1.8797916403596906e-11,3.476689615238184e-15,6.580153001179646e-15,1.3298854181369785e-08,2.6145211461602683e-08,6.522620119919031e-19,1.9469352944977375e-18,0.00639665062868744,0.013035386652819576,3.441018869402095e-31,9.999999999997549e-31,2.9880630177750925e-09,9.585062724912048e-09,9.38804228605504e-11,2.939638397225272e-10
0.48,1428.3761402247942,4.9554870744541875,0.17695468871856207,4.388384399013029,0.4799788611155438,0.0703920570320805,1.4472320868475935e-05,1.0612305233532877e-06,7.847737967201011e-12,9.133733798011687e-12,1.545819810728941e-12,3.5982614888266217e-12,3.258414681660885e-07,4.0312996746977895e-07,0.20848945912357147,0.27323063220536925,1.1809116063736906e-14,2.8354455004869086e-14,1.067416076767176e-12,2.641207153440235e-12,1.1292521676110213e-11,1.1523031463771809e-11,1.120304761918434e-05,1.2253231318804199e-05,0.018331761365314923,0.02139443375521365,0.25438692066629215,0.5183449896132174,0.03229480567025141,0.10339158516102995,1.4843830771669758e-07,3.1334624071494647e-07,2.6394956339938628e-06,5.765400031068341e-06,2.3726155079409875e-06,5.5304185258459045e-06,8.586070716988834e-05,0.00017522669578990232,2.624051556880934e-08,5.5476477813514606e-08,4.694955445037604e-06,1.0270129531719967e-05,1.5850721238575335e-10,4.730978540960148e-10,2.2000976796429957e-18,2.241806425051728e-18,1.2677646014379221e-11,1.4777244931934828e-11,8.891735365235048e-12,1.8772619796949678e-11,3.4704865448178157e-15,6.568637452408031e-15,1.3298415374890907e-08,2.6145243100249177e-08,6.512096365448211e-19,1.9438605530480033e-18,0.006396431825622382,0.013035386652843936,3.4409011663164577e-31,9.99999999999752e-31,2.9769620847130247e-09,9.549779980721913e-09,9.364504170223097e-11,2.932368309753491e-10
0.481,1428.241056134169,4.955711642372833,0.176946670022357,4.394035819296178,0.4800144516456841,0.070399675594389,1.4454688440280217e-05,1.059973687797241e-06,7.824173298326871e-12,9.1066179478341e-12,1.5408981967712358e-12,3.586927497503879e-12,3.2526683322929537e-07,4.0243274457375363e-07,0.20846421848015476,0.27320686365620767,1.1771459885063885e-14,2.8265003246397737e-14,1.0649476982888932e-12,2.6351892124690298e-12,1.12491206576811e-11,1.1479135686646654e-11,1.1178123291082358e-05,1.2226387194806886e-05,0.018314547441787905,0.021375072303937634,0.25439448181363816,0.5183780609191624,0.0322946605401364,0.10339464385916253,1.4832452643573373e-07,3.1311672374989845e-07,2.6397885039434605e-06,5.766236234667532e-06,2.36836816086402e-06,5.520706351691719e-06,8.55849921207675e-05,0.00017466996171368226,2.6148210607343754e-08,5.528321481660017e-08,4.683962536295292e-06,1.0246431906937894e-05,1.580127642854438e-10,4.716381423480868e-10,2.1990443085814452e-18,2.240809443539906e-18,1.266119133335195e-11,1.475856804199662e-11,8.879496371293494e-12,1.874741914582355e-11,3.464310229288273e-15,6.557170901007974e-15,1.3297978239711648e-08,2.614527461447901e-08,6.501613914090555e-19,1.940797677317885e-18,0.006396213857405127,0.013035386652868242,3.4407839123294744e-31,9.999999999997515e-31,2.9659331507920487e-09,9.514724554270988e-09,9.341095649649871e-11,2.92513792549011e-10
0.482,1428.1063287615334,4.955935849521912,0.17693866493318125,4.399687495261845,0.4800499120127592,0.0704072664544259,1.4437120456227754e-05,1.0587213551757231e-06,7.800739143658137e-12,9.079650983687502e-12,1.5360050492360727e-12,3.575658536815308e-12,3.246946872645268e-07,4.017385016137112e-07,0.20843906921547534,0.2731831778207809,1.1734021132745242e-14,2.8176063827393717e-14,1.0624914833528832e-12,2.6292006197919078e-12,1.1205997826812946e-11,1.1435519320079644e-11,1.1153319947131666e-05,1.2199671993359407e-05,0.01829739809551185,0.021355782134700883,0.2544020089179517,0.518410997875941,0.03229452093255059,0.10339770703788818,1.4821109770819528e-07,3.1288789483806697e-07,2.640080398500348e-06,5.767069616664854e-06,2.3641401425836947e-06,5.511037858151724e-06,8.531091167163572e-05,0.0001741165032711875,2.6056477675884476e-08,5.509114094433859e-08,4.673025852039106e-06,1.022285433962239e-05,1.575211398047403e-10,4.701866983884409e-10,2.197993260241567e-18,2.2398144705158515e-18,1.2644802177480501e-11,1.473996434975195e-11,8.867304466137113e-12,1.8722313771697132e-11,3.458160467726467e-15,6.545752981653818e-15,1.3297542765150152e-08,2.61453060051959e-08,6.491172470905953e-19,1.9377465832996703e-18,0.006395996718670576,0.013035386652892469,3.4406671045550464e-31,9.999999999997531e-31,2.9549755504603193e-09,9.479894355313103e-09,9.317815597107878e-11,2.917946900773041e-10
0.483,1427.9719558697448,4.956159698074766,0.17693067336985357,4.405339426501092,0.48008524304602873,0.07041482978654783,1.4419616468786187e-05,1.0574734944930736e-06,7.777434384925133e-12,9.052831637098424e-12,1.5311401171310776e-12,3.5644540364266246e-12,3.2412501156924594e-07,4.010472163554051e-07,0.20841401074488952,0.27315957417741044,1.1696797892831409e-14,2.8087632261994282e-14,1.0600473341272952e-12,2.6232411408083843e-12,1.1163150600870035e-11,1.139217978334164e-11,1.1128636649069942e-05,1.2173084721780288e-05,0.01828031291878498,0.021336562804131338,0.25440950220194347,0.5184438013416407,0.03229438680944232,0.10340077466054547,1.4809801923363312e-07,3.126597495416966e-07,2.640371323458611e-06,5.767900193898026e-06,2.3599313096123714e-06,5.501412723512573e-06,8.50384515537664e-05,0.00017356629203264362,2.5965311625146153e-08,5.4900245550699156e-08,4.662144952001886e-06,1.0199395896474391e-05,1.5703231463424405e-10,4.687434514494651e-10,2.1969445153358424e-18,2.238821488776167e-18,1.2628478078367504e-11,1.472143333609911e-11,8.85515931545647e-12,1.8697303003696138e-11,3.4520370614793044e-15,6.53438333313847e-15,1.3297108940616697e-08,2.6145337273275482e-08,6.480771745203597e-19,1.934707188207828e-18,0.006395780404104905,0.013035386652916599,3.4405507401346343e-31,9.999999999997508e-31,2.944088627205824e-09,9.445287321951241e-09,9.294662899552419e-11,2.9107948962568805e-10
0.484,1427.8379352433235,4.95638319018192,0.1769226952520418,4.410991612607433,0.4801204455689527,0.07042236576379104,1.4402176034395347e-05,1.0562300750250333e-06,7.754257916190406e-12,9.02615865350378e-12,1.5263031524109876e-12,3.553313432672839e-12,3.2355778762467487e-07,4.003588667812928e-07,0.2083890424873161,0.2731360522067802,1.1659788273655029e-14,2.7999704116334848e-14,1.0576151537647774e-12,2.6173105432601124e-12,1.1120576427888883e-11,1.1349114526210708e-11,1.1104072468219452e-05,1.2146624397457372e-05,0.01826329150764248,0.021317413872876535,0.2544169618844115,0.5184764721627297,0.0322942581349555,0.10340384669671215,1.4798528872690416e-07,3.124322834510619e-07,2.6406612845511158e-06,5.768727983034017e-06,2.3557415196954633e-06,5.491830628784178e-06,8.476759764724182e-05,0.00017301929986248538,2.587470736140371e-08,5.4710518103719996e-08,4.6513193999274795e-06,1.0176055652595246e-05,1.5654626473806587e-10,4.673083315556812e-10,2.1958980549291662e-18,2.237830481452268e-18,1.2612218565732888e-11,1.4702974479440597e-11,8.843060588035375e-12,1.8672386177087242e-11,3.4459398138655113e-15,6.523061597813274e-15,1.3296676755625702e-08,2.6145368419598e-08,6.470411448267571e-19,1.9316794098012145e-18,0.006395564908443335,0.013035386652940637,3.4404348162361154e-31,9.999999999997496e-31,2.9332717316050495e-09,9.41090141439105e-09,9.271636456420517e-11,2.903681576382973e-10
0.485,1427.7042646866844,4.9566063279749635,0.17691473050012374,4.416644053176815,0.4801555203980314,0.07042987455771803,1.4384798713952488e-05,1.05499106635477e-06,7.731208644293365e-12,8.999630792776921e-12,1.5214939099583244e-12,3.5422361685169666e-12,3.2299299710625655e-07,3.996734311036986e-07,0.20836416386648765,0.2731126113936487,1.1622990405909011e-14,2.7912275008765534e-14,1.0551948464877005e-12,2.6114085974436166e-12,1.107827278691049e-11,1.1306321029326451e-11,1.1079626485734499e-05,1.2120290048126597e-05,0.018246333461698884,0.02129833490542757,0.25442438818173085,0.5185090111772181,0.032294134873993297,0.10340692311763311,1.4787290392503993e-07,3.1220549219907283e-07,2.6409502874613344e-06,5.769553000596243e-06,2.3515706320438287e-06,5.482291258244485e-06,8.4498335995821e-05,0.00017247549894988199,2.578465985140781e-08,5.452194819596539e-08,4.6405487642127985e-06,1.0152832692898482e-05,1.5606296635513888e-10,4.658812695281279e-10,2.1948538602891787e-18,2.236841431858549e-18,1.2596023169570672e-11,1.4684587258202796e-11,8.831007956026176e-12,1.864756263386774e-11,3.4398685302678493e-15,6.5117874217661165e-15,1.329624619978999e-08,2.6145399445043705e-08,6.460091294386243e-19,1.928663166691299e-18,0.006395350226468493,0.013035386652964585,3.440319330052844e-31,9.999999999997473e-31,2.9225242220391385e-09,9.376734617250474e-09,9.248735180036618e-11,2.8966066095088734e-10
0.486,1427.5709420239186,4.9568291135682525,0.17690677903512603,4.422296747807592,0.4801904683414359,0.0704373563382,1.4367484072603089e-05,1.0537564383574728e-06,7.708285488584808e-12,8.973246828922804e-12,1.5167121475082163e-12,3.531221693376973e-12,3.2243062188017225e-07,3.9899088776053166e-07,0.20833937431224528,0.27308925122848804,1.1586402441954089e-14,2.7825340608203818e-14,1.052786317567163e-12,2.605535076158933e-12,1.103623718745049e-11,1.1263796803658963e-11,1.1055297792483859e-05,1.2094080711745709e-05,0.01822943838427014,0.02127932547025935,0.2544317813089382,0.5185414192167483,0.03229401699108635,0.10341000389257356,1.4776086258599994e-07,3.119793714586001e-07,2.641238337826244e-06,5.770375262969512e-06,2.3474185073147537e-06,5.4727942993955704e-06,8.423065280321742e-05,0.00017193486180123739,2.56951641209316e-08,5.433452554149152e-08,4.629832617804677e-06,1.0129726111886542e-05,1.5558239599673528e-10,4.644621969771864e-10,2.193811912872841e-18,2.23585432347831e-18,1.2579891429852424e-11,1.466627116214747e-11,8.819001094815386e-12,1.8622831722481324e-11,3.433823018078522e-15,6.50056045471853e-15,1.3295817262813862e-08,2.6145430350473403e-08,6.449811000568249e-19,1.925658378257392e-18,0.006395136353011823,0.013035386652988404,3.440204278804454e-31,9.999999999997438e-31,2.9118454645179965e-09,9.342784939003075e-09,9.225957995452014e-11,2.8895696678590727e-10
0.487,1427.4379650979736,4.9570515490615605,0.17689884077862927,4.427949696100518,0.48022529019756494,0.07044481127319996,1.4350231680439588e-05,1.052526161251709e-06,7.685487381628453e-12,8.94700555090025e-12,1.5119576256785096e-12,3.5202694631983872e-12,3.218706440198893e-07,3.983112154358543e-07,0.20831467326198422,0.273065971209366,1.1550022556307567e-14,2.7738896635327962e-14,1.0503894734383527e-12,2.599689754996136e-12,1.0994467170293035e-11,1.1221539391330505e-11,1.1031085489564246e-05,1.2067995437060212e-05,0.01821260588237628,0.021260385139834966,0.2544391414810926,0.5185736971093335,0.0322939044490052,0.10341308898436896,1.476491624972028e-07,3.117539169604959e-07,2.6415254412452706e-06,5.7711947864191215e-06,2.3432850079123383e-06,5.463339443665312e-06,8.396453445233441e-05,0.0001713973612795799,2.5606215261130957e-08,5.4148239989342856e-08,4.619170539023245e-06,1.0106735015456308e-05,1.5510453045257034e-10,4.6305104632111365e-10,2.1927721941673984e-18,2.2348691398016373e-18,1.2563822900205698e-11,1.4648025696663328e-11,8.807039683440938e-12,1.859819279870169e-11,3.4278030868557263e-15,6.489380350323537e-15,1.3295389934490599e-08,2.6145461136721942e-08,6.43957028799487e-19,1.922664965080609e-18,0.006394923282954055,0.0130353866530122,3.440089659737075e-31,9.999999999997454e-31,2.9012348335871677e-09,9.309050414896918e-09,9.203303841124215e-11,2.8825704277392546e-10
0.488,1427.3053317732792,4.957273636529056,0.17689091565316073,4.433602897658707,0.48025998676180204,0.07045223952981056,1.4333041110929114e-05,1.0513002054849878e-06,7.662813267071474e-12,8.920905760155063e-12,1.5072301078574731e-12,3.509378940197905e-12,3.2131304576040296e-07,3.9763439300364086e-07,0.20829006015405538,0.2730427708334838,1.1513848944323686e-14,2.7652938859447667e-14,1.0480042213774598e-12,2.5938724115386315e-12,1.0952960304300581e-11,1.1179546362378923e-11,1.1006988686709775e-05,1.2042033281876406e-05,0.0181958355664717,0.021241513490307628,0.25444646890738665,0.5186058456677005,0.03229379721482677,0.10341617836892102,1.4753780145492993e-07,3.1152912445034384e-07,2.6418116032491883e-06,5.772011587026712e-06,2.339169997169579e-06,5.453926384505786e-06,8.369996745182042e-05,0.00017086297049571675,2.5517808410700427e-08,5.396308148590508e-08,4.608562109370549e-06,1.0083858516115867e-05,1.5462934676275336e-10,4.616477507029524e-10,2.1917346861311106e-18,2.23388586477619e-18,1.2547817121553927e-11,1.4629850352046446e-11,8.795123403636614e-12,1.8573645223630858e-11,3.421808547924879e-15,6.478246765416969e-15,1.329496420471942e-08,2.6145491804649253e-08,6.429368878792869e-19,1.9196828479821033e-18,0.0063947110112207405,0.013035386653035913,3.4399754701209527e-31,9.999999999997471e-31,2.890691709766488e-09,9.275529098752084e-09,9.180771666635967e-11,2.8756085688254507e-10
0.489,1427.173039931426,4.9574953780346505,0.1768830035816464,4.4392563520876305,0.4802945588180193,0.0704596412729674,1.4315911942500164e-05,1.0500785418497105e-06,7.640262101636575e-12,8.894946272939912e-12,1.502529360190893e-12,3.4985495928339825e-12,3.207578095439863e-07,3.969603995842794e-07,0.20826553443613974,0.2730196496080038,1.1477879822664036e-14,2.7567463099638798e-14,1.0456304698402504e-12,2.5880828262007666e-12,1.0911714188976289e-11,1.1137815317378228e-11,1.0983006503776236e-05,1.2016193314683173e-05,0.01817912705064821,0.02122271010174823,0.254453763798928,0.5186378657048555,0.032293695252002985,0.10341927200974187,1.474267772873127e-07,3.1130498973684506e-07,2.6420968293421453e-06,5.7728256807787655e-06,2.335073340265609e-06,5.444554819530294e-06,8.343693849233131e-05,0.00017033166292311364,2.5429938774424363e-08,5.3779040114151183e-08,4.598006915923117e-06,1.0061095738218096e-05,1.5415682224098072e-10,4.602522440598357e-10,2.1906993706459577e-18,2.2329044822482646e-18,1.2531873655857995e-11,1.4611744642832964e-11,8.783251940770019e-12,1.8549188365672938e-11,3.4158392147515448e-15,6.467159360721631e-15,1.329454006347945e-08,2.6145522355074512e-08,6.419206499597509e-19,1.916711949086216e-18,0.006394499532785928,0.013035386653059545,3.439861707252417e-31,9.999999999997471e-31,2.880215482257111e-09,9.242219071650398e-09,9.158360434885911e-11,2.8686837748501265e-10
0.49,1427.0410874752188,4.957716775616371,0.17687510448796823,4.444910058995083,0.480329007147553,0.07046701666681811,1.429884375681952e-05,1.0488611413577444e-06,7.617832852743124e-12,8.869125917557448e-12,1.4978551515326848e-12,3.487780895697065e-12,3.202049179685621e-07,3.9628921448109043e-07,0.20824109555644993,0.27299660703872525,1.144211342824811e-14,2.7482465222264067e-14,1.0432681280877669e-12,2.582320781304491e-12,1.0870726450974527e-11,1.1096343883896761e-11,1.0959138068975698e-05,1.1990474612734375e-05,0.018162479952342596,0.021203974557822376,0.25446102636071866,0.5186697580181244,0.032293598528570944,0.10342236988432388,1.4731608783027053e-07,3.110815086412728e-07,2.6423811249591204e-06,5.773637083477922e-06,2.3309949032419194e-06,5.435224448225328e-06,8.317543438478831e-05,0.0001698034122721142,2.5342601602596397e-08,5.359610605020783e-08,4.5875045487655066e-06,1.0038445812357116e-05,1.536869344434477e-10,4.5886446103084243e-10,2.1896662300847734e-18,2.2319249765426126e-18,1.251599205187514e-11,1.4593708067890697e-11,8.77142498280601e-12,1.8524821598362614e-11,3.4098949025098605e-15,6.456117800036916e-15,1.3294117500853878e-08,2.6145552788843416e-08,6.409082877822135e-19,1.9137521907085306e-18,0.006394288842667298,0.013035386653083077,3.439748368451294e-31,9.999999999997496e-31,2.8698055459637195e-09,9.209118432396618e-09,9.136069119506555e-11,2.8617957327971704e-10
0.491,1426.9094723242024,4.957937831301674,0.17686721829641722,4.45056401799117,0.4803633325210902,0.07047436587349921,1.4281836140355849e-05,1.0476479753547925e-06,7.595524500445693e-12,8.843443536618745e-12,1.4932072534162366e-12,3.4770723294437915e-12,3.1965435383208583e-07,3.9562081723517954e-07,0.20821674297175513,0.272973642640483,1.1406548018702927e-14,2.7397941142060186e-14,1.040917106516798e-12,2.576586061897199e-12,1.0829994746566775e-11,1.1055129719020218e-11,1.093538252029468e-05,1.1964876263599546e-05,0.018145893892481408,0.021185306445952137,0.2544682567991993,0.5187015234042898,0.032293507009488805,0.10342547195954954,1.472057309501934e-07,3.1085867704525055e-07,2.6426644955074877e-06,5.7744458108310936e-06,2.32693455390367e-06,5.425934974051098e-06,8.291544211528197e-05,0.00016927819260206738,2.525579220915433e-08,5.341426960172779e-08,4.577054603332068e-06,1.0015907880491983e-05,1.5321966119062134e-10,4.5748433702210487e-10,2.1886352467640885e-18,2.230947331903845e-18,1.2500171876149668e-11,1.457574014654823e-11,8.759642221228481e-12,1.8500544302306766e-11,3.4039754284455616e-15,6.445121750924902e-15,1.3293696507004811e-08,2.61455831067669e-08,6.398997745147598e-19,1.910803496397303e-18,0.006394078935929048,0.013035386653106464,3.4396354510624112e-31,9.999999999997496e-31,2.8594613041398214e-09,9.176225306011275e-09,9.113896706961244e-11,2.85494413355893e-10
0.492,1426.7781924173864,4.958158547097957,0.17685934493203165,4.4562182286882885,0.4803975357036279,0.07048168905388372,1.4264888683284934e-05,1.0464390154405622e-06,7.573336035934811e-12,8.817897985306085e-12,1.488585440003884e-12,3.4664233806828552e-12,3.1910610010085954e-07,3.949551875864465e-07,0.20819247614247716,0.27295075593080276,1.137118187156219e-14,2.7313886820242045e-14,1.0385773164282206e-12,2.5708784551801874e-12,1.0789516759429808e-11,1.1014170507108274e-11,1.0911739004433722e-05,1.193939736401181e-05,0.018129368495393913,0.02116670535722299,0.25447545531765353,0.5187331626503732,0.03229342066130629,0.10342857820667858,1.470957045289404e-07,3.106364908591923e-07,2.642946946341449e-06,5.775251878395207e-06,2.322892161225312e-06,5.4166861030588165e-06,8.265694880646824e-05,0.00016875597824269427,2.5169505958761967e-08,5.323352118063245e-08,4.5666566788247285e-06,9.993481092491808e-06,1.5275498054850687e-10,4.561118081513221e-10,2.187606403285453e-18,2.2299715328450786e-18,1.2484412695716574e-11,1.45578403984354e-11,8.747903350382463e-12,1.8476355863803863e-11,3.3980806116053853e-15,6.434170884201672e-15,1.3293277072186935e-08,2.6145613309655718e-08,6.388950835283929e-19,1.9078657902661074e-18,0.00639386980768011,0.013035386653129843,3.4395229524546363e-31,9.999999999997501e-31,2.849182166525134e-09,9.143537837765363e-09,9.091842194956915e-11,2.8481286714413855e-10
0.493,1426.647245711526,4.958378924997003,0.17685148432043815,4.461872690701104,0.48043161745280966,0.07048898636734427,1.4248000980034204e-05,1.045234233508985e-06,7.551266462077089e-12,8.792488132008286e-12,1.4839894880736814e-12,3.4558335419470444e-12,3.1856013992230685e-07,3.9429230548954583e-07,0.20816829453440638,0.272927946432185,1.1336013284406558e-14,2.7230298264861978e-14,1.036248670125745e-12,2.56519775075441e-12,1.0749290201155187e-11,1.0973463960326707e-11,1.0888206677149775e-05,1.1914037020248352e-05,0.018112903388716847,0.021148170886277358,0.25448262211804107,0.518764676537429,0.032293339450359705,0.10343168859557995,1.469860064714576e-07,3.104149460384492e-07,2.6432284827741836e-06,5.77605530160435e-06,2.3188675956203235e-06,5.407477544521738e-06,8.239994173444248e-05,0.00016823674382867673,2.508373827236131e-08,5.3053851314904835e-08,4.556310378939105e-06,9.971164607729934e-06,1.5229287083203972e-10,4.5474681125824357e-10,2.186579682368382e-18,2.228997563978016e-18,1.2468714081989492e-11,1.4540008348020583e-11,8.736208067788114e-12,1.845225567551258e-11,3.3922102729481352e-15,6.423264874150039e-15,1.3292859186741737e-08,2.614564339831215e-08,6.378941885171034e-19,1.9049389973529938e-18,0.00639366145307319,0.013035386653153106,3.4394108700204375e-31,9.999999999997505e-31,2.838967550154505e-09,9.111054195785773e-09,9.069904592974516e-11,2.8413490443321017e-10
0.494,1426.516630182488,4.958598966971972,0.1768436363879586,4.4675274036465344,0.4804655785196096,0.0704962579718382,1.4231172628520135e-05,1.0440336016922094e-06,7.529314792493077e-12,8.767212857250594e-12,1.479419176936962e-12,3.4453023115029368e-12,3.180164566069708e-07,3.9363215109162576e-07,0.2081441976179314,0.2729052136710412,1.1301040573880213e-14,2.7147171528460714e-14,1.0339310807863092e-12,2.5595437403001574e-12,1.0709312809880618e-11,1.0933007817258536e-11,1.0864784702692969e-05,1.1888794347516052e-05,0.018096498203542703,0.021129702631485597,0.2544897574000348,0.5187960658384687,0.03229326334369341,0.10343480309766133,1.4687663469690106e-07,3.1019403856452246e-07,2.6435091100682916e-06,5.776856095747598e-06,2.314860728629562e-06,5.3983090102087995e-06,8.214440830675603e-05,0.0001677204642548586,2.4998484619656365e-08,5.28752506327258e-08,4.546015310996798e-06,9.948957593187105e-06,1.5183331059586642e-10,4.533892838773452e-10,2.1855550670074178e-18,2.2280254101726763e-18,1.2453075613893068e-11,1.4522243528263036e-11,8.724556073680955e-12,1.8428243135480098e-11,3.3863642351648085e-15,6.4124033981792925e-15,1.3292442841097396e-08,2.6145673373524347e-08,6.368970633236e-19,1.902023043100086e-18,0.006393453867306278,0.013035386653176289,3.4392992011766148e-31,9.999999999997517e-31,2.828816878301587e-09,9.078772567671892e-09,9.048082921428897e-11,2.8346049534379064e-10
0.495,1426.386343823784,4.958818674977812,0.176835801061595,4.4731823671437265,0.4804994196501902,0.07050350402423396,1.4214403230714653e-05,1.0428370924031124e-06,7.507480051932486e-12,8.742071054143637e-12,1.474874288457451e-12,3.4348291934004402e-12,3.174750336360116e-07,3.9297470474201385e-07,0.20812018486643422,0.2728825571758046,1.1266262076266548e-14,2.7064502709489786e-14,1.0316244625222676e-12,2.553916217733989e-12,1.0669582350492773e-11,1.0892799843129937e-11,1.084147225389327e-05,1.1863668470059847e-05,0.018080152573997067,0.02111130019447113,0.2544968613601465,0.5188273313170784,0.032293192310095455,0.10343792168926717,1.4676758714480816e-07,3.0997376445835966e-07,2.643788833439655e-06,5.777654275981856e-06,2.310871433086145e-06,5.389180214774695e-06,8.18903360737112e-05,0.00016720711469955175,2.4913740523029826e-08,5.269770987084164e-08,4.535771086414647e-06,9.926859224490027e-06,1.5137627863162256e-10,4.5203916423034517e-10,2.1845325403841083e-18,2.2270550564695035e-18,1.243749686150527e-11,1.4504545461551e-11,8.712947071334718e-12,1.8404317647841487e-11,3.3805423227763335e-15,6.401586137016873e-15,1.3292028025774647e-08,2.61457032360982e-08,6.35903682108068e-19,1.899117853859392e-18,0.0063932470456175864,0.01303538665319937,3.439187943361609e-31,9.999999999997526e-31,2.818729581023209e-09,9.04669116225782e-09,9.026376211830824e-11,2.827896103339257e-10
0.496,1426.256384645044,4.959038050960257,0.17682797826870844,4.478837580814045,0.48053314157938054,0.07051072467928822,1.4197692392880916e-05,1.0416446783517827e-06,7.485761276757642e-12,8.717061628943522e-12,1.4703546069743387e-12,3.4244136972927696e-12,3.1693585467546407e-07,3.9231994700960067e-07,0.20809625576254245,0.2728599764848782,1.1231676146738303e-14,2.698228795050339e-14,1.0293287304876861e-12,2.5483149794705204e-12,1.0630096615226717e-11,1.0852837830422325e-11,1.0818268512704405e-05,1.1838658521751203e-05,0.018063866137688147,0.021092963180617947,0.2545039341970937,0.518858473737877,0.03229312631452849,0.10344104433374492,1.4665886178147904e-07,3.097541197935704e-07,2.6440676580788435e-06,5.778449857373215e-06,2.30689958343039e-06,5.380090876490802e-06,8.16377127455746e-05,0.00016669667065964414,2.482950156283861e-08,5.252121988575937e-08,4.525577321492025e-06,9.904868687629232e-06,1.5092175397807798e-10,4.506963912563687e-10,2.1835120856437006e-18,2.2260864878497406e-18,1.2421977421542779e-11,1.448691370107245e-11,8.70138076719768e-12,1.8380478623093846e-11,3.3747443622033253e-15,6.390812774836163e-15,1.3291614731363619e-08,2.6145732986787655e-08,6.349140193705104e-19,1.8962233569581863e-18,0.00639304098329149,0.013035386653222356,3.4390770940386855e-31,9.999999999997515e-31,2.8087050959763185e-09,9.014808212234221e-09,9.004783507591962e-11,2.8212222022412166e-10
0.497,1426.1267506757831,4.95925709684075,0.17682016793755614,4.484493044281047,0.4805667450395218,0.07051792009100095,1.4181039724391018e-05,1.0404563324597862e-06,7.464157513179764e-12,8.692183499010391e-12,1.4658599192799246e-12,3.414055338389481e-12,3.163989035370551e-07,3.9166785863476027e-07,0.2080724097894916,0.27283747113553614,1.1197281158985062e-14,2.690052343730364e-14,1.0270438005892458e-12,2.542739823709818e-12,1.0590853421069685e-11,1.0813119596240859e-11,1.0795172668843119e-05,1.1813763644613063e-05,0.01804763853536341,0.02107469119868922,0.2545109761039727,0.5188894938509812,0.03229306532614932,0.10344417100721692,1.4655045658170913e-07,3.0953510065812196e-07,2.6443455891118184e-06,5.779242854815743e-06,2.302945054951482e-06,5.371040715482515e-06,8.138652614432305e-05,0.0001661891078523233,2.474576336157687e-08,5.234577162033356e-08,4.515433635399886e-06,9.882985174570047e-06,1.5046971589608462e-10,4.493609045377929e-10,2.182493686356242e-18,2.225119689707417e-18,1.2406516878499475e-11,1.4469347785510614e-11,8.689856870184812e-12,1.8356725476619315e-11,3.3689701814641708e-15,6.380082998691619e-15,1.3291202948551887e-08,2.614576262637132e-08,6.339280497183109e-19,1.893339480006777e-18,0.006392835675653304,0.013035386653245338,3.438966650693139e-31,9.999999999997543e-31,2.7987428661054835e-09,8.983121966741858e-09,8.983303861958869e-11,2.8145829613298937e-10
0.498,1425.99743996204,4.959475814525719,0.1768123699969605,4.490148757170463,0.48060023075659536,0.07052509041205335,1.416444483850482e-05,1.039272027917546e-06,7.442667818144549e-12,8.667435593845431e-12,1.4613900145885356e-12,3.4037536373866322e-12,3.158641641986254e-07,3.9101842055476026e-07,0.20804864643505275,0.2728150406691028,1.1163075505238608e-14,2.681920539902155e-14,1.0247695896498956e-12,2.5371905508437266e-12,1.0551850610707971e-11,1.0773642983291903e-11,1.0772183920362612e-05,1.1788982989452509e-05,0.01803146941080529,0.021056483860709633,0.2545179872722818,0.5189203924002552,0.03229300931430413,0.10344730168576378,1.4644236954083223e-07,3.093167031798266e-07,2.644622631625461e-06,5.780033283087751e-06,2.2990077242353934e-06,5.362029454775685e-06,8.113676423189755e-05,0.00016568440227289052,2.4662521593123115e-08,5.2171356123370824e-08,4.505339651385316e-06,9.861207885893483e-06,1.5002014387593772e-10,4.4803264432254714e-10,2.1814773262246555e-18,2.224154647552064e-18,1.2391114817621644e-11,1.445184725417773e-11,8.67837509212346e-12,1.8333057629631258e-11,3.363219610337271e-15,6.36939649882816e-15,1.3290792668109848e-08,2.6145792155626304e-08,6.32945748035828e-19,1.890466151405536e-18,0.006392631118068503,0.013035386653268175,3.4388566108318807e-31,9.999999999997542e-31,2.7888423410013196e-09,8.951630695739961e-09,8.961936338969838e-11,2.8079780950738124e-10
0.499,1425.8684505660613,4.9596942059098295,0.1768045843761927,4.495804719110184,0.48063359944736167,0.070532235793354,1.4147907352374091e-05,1.0380917381842997e-06,7.421291259394265e-12,8.64281685516407e-12,1.4569446844835027e-12,3.393508120343871e-12,3.153316208080416e-07,3.9037161390851504e-07,0.2080249651942557,0.2727926846343976,1.1129057595762189e-14,2.6738330106894612e-14,1.0225060154365043e-12,2.5316669635240958e-12,1.0513086052524838e-11,1.0734405859885513e-11,1.0749301473813158e-05,1.176431571603507e-05,0.018015358411074916,0.021038340782242138,0.2545249678941621,0.5189511701276316,0.032292958246173065,0.10345043633783002,1.4633459867634603e-07,3.090989235296517e-07,2.644898790674628e-06,5.780821156864423e-06,2.295087469266452e-06,5.353056820532342e-06,8.088841511425019e-05,0.0001651825302030567,2.4579771983845638e-08,5.1997964551984494e-08,4.495294996990884e-06,9.839536031275494e-06,1.495730176401762e-10,4.4671155153253823e-10,2.1804629890074995e-18,2.2231913469289906e-18,1.2375770841884636e-11,1.4434411666810549e-11,8.666935147752187e-12,1.8309474509166192e-11,3.3574924803670522e-15,6.358752968691086e-15,1.3290383880880458e-08,2.6145821575295722e-08,6.319670895031729e-19,1.8876033004004733e-18,0.006392427305945941,0.013035386653290942,3.438746971985139e-31,9.999999999997543e-31,2.7790029770876837e-09,8.920332690610684e-09,8.940680013665333e-11,2.80140732128985e-10
0.5,1425.7397805678074,4.9599122728679506,0.1767968110052588,4.50146092973024,0.4806668518249555,0.07053935638491027,1.4131426886653377e-05,1.03691543696044e-06,7.400026914688562e-12,8.618326235999698e-12,1.4525237229130678e-12,3.3833183186795186e-12,3.148012576654442e-07,3.897274200149864e-07,0.20800136556399612,0.2727704025808637,1.1095225858918466e-14,2.6657893874466388e-14,1.0202529965312277e-12,2.526168866347074e-12,1.0474557639327368e-11,1.0695406118652834e-11,1.0726524543568066e-05,1.1739760992359574e-05,0.01799930518616905,0.02102026158200465,0.25453191815773346,0.5189818277639734,0.03229291209160612,0.10345357493978996,1.4622714202067935e-07,3.0888175790668844e-07,2.6451740712626456e-06,5.781606490679285e-06,2.2911841690885e-06,5.344122541265645e-06,8.064146702031812e-05,0.00016468346816823416,2.449751030579637e-08,5.18255881572744e-08,4.485299303180567e-06,9.817968827584709e-06,1.4912831712931871e-10,4.4539756772164496e-10,2.179450658728213e-18,2.2222297736343152e-18,1.2360484545172244e-11,1.4417040572302561e-11,8.655536754483284e-12,1.8285975547598314e-11,3.3517886247459574e-15,6.3481521047087155e-15,1.328997657779601e-08,2.61458508861406e-08,6.309920495133332e-19,1.8847508568374484e-18,0.00639222423473307,0.013035386653313613,3.438637731703914e-31,9.999999999997531e-31,2.7692242366149684e-09,8.889226260941922e-09,8.919533971060304e-11,2.794870360824583e-10
0.501,1425.6114280627648,4.960130017265554,0.1767890498145286,4.507117388662788,0.48069998859195123,0.0705464523347528,1.4115003066015443e-05,1.0357430982246346e-06,7.37887387259606e-12,8.593962701623348e-12,1.448126926145062e-12,3.3731837690643807e-12,3.142730592439616e-07,3.8908582039860246e-07,0.20797784704974578,0.2727481940671494,1.1061578740704712e-14,2.6577893056464877e-14,1.0180104524851723e-12,2.52069606623245e-12,1.0436263289336719e-11,1.0656641677557887e-11,1.0703852352547076e-05,1.171531799544427e-05,0.01798330938939735,0.021002245882295614,0.2545388382529984,0.5190123660406896,0.032292870817030285,0.10345671745634577,1.4611999763105816e-07,3.0866520255876406e-07,2.645448478367168e-06,5.782389298975974e-06,2.2872977042323604e-06,5.335226348833897e-06,8.039590832742584e-05,0.00016418719298938282,2.441573238473361e-08,5.165421830129581e-08,4.475352205452711e-06,9.79650550131423e-06,1.486860225145363e-10,4.440906351134688e-10,2.1784403193944274e-18,2.2212699134270615e-18,1.2345255545405227e-11,1.4399733547333851e-11,8.644179632703557e-12,1.8262560183263045e-11,3.3461078784464093e-15,6.337593606538668e-15,1.3289570749856153e-08,2.614588008887557e-08,6.300206037722468e-19,1.8819087514599107e-18,0.006392021899921216,0.013035386653336289,3.4385288875628067e-31,9.999999999997587e-31,2.7595055888630275e-09,8.858309738388832e-09,8.898497307239859e-11,2.788366937896609e-10
0.502,1425.4833911659084,4.9603474409407635,0.17678130073537535,4.51277409554208,0.4807330104518204,0.07055352379070615,1.4098635517644118e-05,1.03457469612469e-06,7.35783123027789e-12,8.569725226977987e-12,1.4437540927193747e-12,3.3631040133174285e-12,3.1374701013920327e-07,3.8844679672731594e-07,0.20795440915442612,0.272726058646867,1.1028114704235879e-14,2.649832404761083e-14,1.0157783034556902e-12,2.515248371529692e-12,1.0398200942927382e-11,1.061811047659082e-11,1.068128413043254e-05,1.169098590939331e-05,0.017967370676816606,0.02098429330836207,0.2545457283620081,0.5190427856703413,0.032292834395592836,0.10345986387315456,1.4601316356660822e-07,3.08449253734488e-07,2.64572201689325e-06,5.7831695960129615e-06,2.283427955770785e-06,5.3263679762442905e-06,8.01517275012243e-05,0.0001636936816606672,2.433443408053413e-08,5.1483846415724006e-08,4.465453341321745e-06,9.775145283085308e-06,1.4824611416498182e-10,4.427906965045847e-10,2.177431955561661e-18,2.2203117526068406e-18,1.2330083433727437e-11,1.4382490137123288e-11,8.632863504866983e-12,1.823922785856627e-11,3.3404500778289965e-15,6.327077176335318e-15,1.3289166388161169e-08,2.6145909184267593e-08,6.290527280052151e-19,1.8790769150347035e-18,0.00639182029703722,0.013035386653358776,3.43842043715553e-31,9.999999999997578e-31,2.749846507289218e-09,8.827581467537578e-09,8.877569126732695e-11,2.7818967792783483e-10
0.503,1425.3556680048982,4.960564545729486,0.17677356369927946,4.518431050004463,0.48076591809472835,0.07056057089822859,1.4082323873422833e-05,1.0334102051371727e-06,7.336898096341941e-12,8.545612799998156e-12,1.4394050234332831e-12,3.3530785983700633e-12,3.132230951357406e-07,3.8781033089458274e-07,0.20793105139237003,0.272703995886615,1.0994832230167343e-14,2.6419183283621144e-14,1.0135564706979737e-12,2.5098255932333733e-12,1.0360368566367799e-11,1.0579810481585085e-11,1.0658819115850906e-05,1.1666763927775625e-05,0.017951488707651234,0.02096640348887032,0.2545525886717145,0.5190730873722914,0.032292802794034584,0.10346301415466462,1.459066379216216e-07,3.0823390775321657e-07,2.645994691740566e-06,5.783947396004247e-06,2.2795748066399186e-06,5.317547160730839e-06,7.990891317779286e-05,0.00016320291151705198,2.4253611313956688e-08,5.1314464058457087e-08,4.4556023538178625e-06,9.753887415301089e-06,1.478085726834451e-10,4.4149769537081317e-10,2.176425551515238e-18,2.2193552771774128e-18,1.2314967833471935e-11,1.4365309924193215e-11,8.621588096785927e-12,1.8215978022695633e-11,3.3348150611644144e-15,6.316602519733038e-15,1.3288763483867816e-08,2.6145938173021337e-08,6.280883984275643e-19,1.8762552797562818e-18,0.006391619421650535,0.013035386653381184,3.438312378098708e-31,9.999999999997582e-31,2.7402464734337e-09,8.797039818439319e-09,8.856748545775114e-11,2.7754596153170707e-10
0.504,1425.2282567262464,4.960781333443046,0.1767658386386254,4.524088251688349,0.4807987122098661,0.07056759380228297,1.4066067767828943e-05,1.0322495999139342e-06,7.316073587999482e-12,8.521624418310416e-12,1.4350795213078324e-12,3.343107076192769e-12,3.1270129914369145e-07,3.871764049412781e-07,0.20790777327718177,0.27268200535029813,1.096172981579238e-14,2.6340467239079452e-14,1.011344876099002e-12,2.5044275438322468e-12,1.0322764147828862e-11,1.0541739680159801e-11,1.0636456554262203e-05,1.1642651251328972e-05,0.01793566314396754,0.02094857605554584,0.25455941936273907,0.5191032718502564,0.03229277598414526,0.10346616828090618,1.4580041879465227e-07,3.080191609400601e-07,2.6462665077432114e-06,5.7847227129927794e-06,2.27573814040911e-06,5.308763640890805e-06,7.966745408593844e-05,0.00016271486007586147,2.417326004107079e-08,5.114606285959911e-08,4.44579888822359e-06,9.732731145014997e-06,1.4737337887009418e-10,4.402115757595631e-10,2.175421092017593e-18,2.2184004736107144e-18,1.2299908352705083e-11,1.4348192473030727e-11,8.610353136377888e-12,1.8192810128991492e-11,3.3292026681192953e-15,6.306169344879316e-15,1.328836202822475e-08,2.6145967055871746e-08,6.271275912911464e-19,1.873443777894069e-18,0.006391419269367399,0.013035386653403487,3.438204708028757e-31,9.999999999997571e-31,2.7307049732132547e-09,8.766683174727723e-09,8.836034689157123e-11,2.7690551789502684e-10
0.505,1425.1011554907723,4.9609978058832125,0.1767581254861659,4.529745700234206,0.48083139347771753,0.07057459264617562,1.4049866839241063e-05,1.0310928553777966e-06,7.29535683268481e-12,8.497759091121068e-12,1.4307773915481876e-12,3.3331890037034993e-12,3.1218160723642737e-07,3.8654500110232513e-07,0.20788457432940408,0.27266008660908647,1.0928805975227066e-14,2.6262172427886227e-14,1.0091434424623183e-12,2.499054038014345e-12,1.0285385699391582e-11,1.0503896083774663e-11,1.0614195699140797e-05,1.161864708925169e-05,0.01791989365077905,0.02093081064329056,0.25456622061666095,0.5191333398069744,0.03229275393538098,0.10346932622380162,1.456945043084341e-07,3.078050096678677e-07,2.646537469710183e-06,5.7854955609367624e-06,2.2719178420608233e-06,5.300017158503215e-06,7.942733909490746e-05,0.00016222950513425903,2.4093376268855385e-08,5.0978634554478956e-08,4.436042594122867e-06,9.711675728416107e-06,1.4694051374052144e-10,4.3893228234381753e-10,2.174418561811208e-18,2.217447328339285e-18,1.228490461276431e-11,1.4331137363372243e-11,8.599158354429596e-12,1.816972363655741e-11,3.3236127400550273e-15,6.295777362999823e-15,1.3287962012548767e-08,2.6145995833527867e-08,6.261702831844425e-19,1.870642342688558e-18,0.006391219835833285,0.013035386653425789,3.438097424603182e-31,9.999999999997582e-31,2.721221499197782e-09,8.736509940930664e-09,8.81542669201502e-11,2.762683206267557e-10
0.506,1424.9743624756502,4.961213964835505,0.17675042417525993,4.535403395284535,0.48086396257341296,0.07058156757205752,1.4033720729271912e-05,1.029939946673866e-06,7.2747469671336454e-12,8.474015838148318e-12,1.4264984415164564e-12,3.3233239427067674e-12,3.116640046310542e-07,3.859161017826659e-07,0.20786145407318504,0.27263823923708386,1.089605923897656e-14,2.6184295402235526e-14,1.0069520933631188e-12,2.493704892309337e-12,1.0248231255692287e-11,1.0466277726356453e-11,1.0592035811331012e-05,1.1594750658502633e-05,0.01790417989601385,0.020913106890149503,0.2545729926128386,0.519163291937794,0.03229273661808265,0.10347248795749109,1.455888926003737e-07,3.0759145033720565e-07,2.6468075824070645e-06,5.786265953670353e-06,2.2681137976177156e-06,5.291307457660902e-06,7.918855719006063e-05,0.00016174682471968633,2.4013956047119568e-08,5.081217096659971e-08,4.426333124400357e-06,9.690720428643229e-06,1.4650995851425434e-10,4.3765976038811907e-10,2.173417945842106e-18,2.2164958279845453e-18,1.2269956237746955e-11,1.4314144177946956e-11,8.588003484198726e-12,1.8146718009423825e-11,3.3180451198642323e-15,6.285426288090937e-15,1.3287563428233755e-08,2.6146024506694033e-08,6.252164508808741e-19,1.867850907898776e-18,0.0063910211167318605,0.013035386653448017,3.4379905255000745e-31,9.999999999997619e-31,2.7117955494459882e-09,8.706518538740524e-09,8.794923698843237e-11,2.7563434362025796e-10
0.507,1424.8478758732344,4.961429812072588,0.1767427346397517,4.541061336483863,0.4808964201651816,0.070588518720697,1.401762908313512e-05,1.0287908491965855e-06,7.254243137745566e-12,8.45039369004881e-12,1.4222424807193101e-12,3.3135114598667486e-12,3.1114847669749453e-07,3.852896895685933e-07,0.2078384120378395,0.27261646281338037,1.0863488153959928e-14,2.610683275268991e-14,1.0047707532175446e-12,2.4883799252609786e-12,1.0211298874256286e-11,1.0428882664648299e-11,1.0569976159303946e-05,1.1570961184085945e-05,0.01788852155049534,0.02089546443729035,0.2545797355299563,0.5191931289338282,0.03229272400192188,0.10347565345335397,1.454835818278803e-07,3.0737847938764e-07,2.6470768505655856e-06,5.787033904924539e-06,2.264325894336195e-06,5.282634285223285e-06,7.895109748467182e-05,0.00016126679711405862,2.3934995472312183e-08,5.0646664015734685e-08,4.416670135759714e-06,9.669864516922927e-06,1.4608169461745084e-10,4.363939557568641e-10,2.1724192291378557e-18,2.2155459592324848e-18,1.2255062858740089e-11,1.4297212507413506e-11,8.576888261624619e-12,1.8123792716996086e-11,3.3124996520464406e-15,6.27511583706449e-15,1.3287166266745905e-08,2.614605307606071e-08,6.242660714348547e-19,1.8650694080895756e-18,0.00639082310778505,0.013035386653470152,3.437884008418071e-31,9.999999999997633e-31,2.702426628061594e-09,8.67670740880667e-09,8.774524863880397e-11,2.7500356106551665e-10
0.508,1424.7216938934062,4.961645349344742,0.1767350568143097,4.546719523478709,0.4809287669199158,0.07059544623233319,1.4001591548468292e-05,1.0276455385040216e-06,7.233844499032587e-12,8.4268916866191e-12,1.418009320747083e-12,3.303751126569015e-12,3.1063500892426724e-07,3.8466574718566104e-07,0.20781544775240907,0.2725947569150629,1.0831091282660383e-14,2.6029781106166853e-14,1.0025993470407953e-12,2.4830789568301924e-12,1.0174586633220451e-11,1.0391708975897453e-11,1.0548016017980206e-05,1.1547277897771904e-05,0.017872918287732,0.02087788292877063,0.2545864495411358,0.5192228514722561,0.03229271606092359,0.10347882269615728,1.4537857015246214e-07,3.0716609326431635e-07,2.6473452788575008e-06,5.787799428273004e-06,2.260554020073489e-06,5.273997389343702e-06,7.871494917995159e-05,0.00016078940077228623,2.385649067431328e-08,5.048210569003927e-08,4.407053287053028e-06,9.649107268920333e-06,1.4565570366253636e-10,4.35134814853936e-10,2.1714223971662784e-18,2.2145977092007342e-18,1.2240224093460048e-11,1.4280341926616097e-11,8.565812424618072e-12,1.81009472325659e-11,3.306976182414259e-15,6.264845729195785e-15,1.3286770519637519e-08,2.6146081542345416e-08,6.233191219079151e-19,1.8622977778147055e-18,0.006390625804749642,0.013035386653492185,3.4377778710745805e-31,9.999999999997634e-31,2.693114243300906e-09,8.6470750046706e-09,8.754229349437748e-11,2.7437594739700374e-10
0.509,1424.5958147579986,4.961860578398511,0.17672739063376214,4.552377955917585,0.48096100349357895,0.0706023502452336,1.3985607777254007e-05,1.0265039904584832e-06,7.213550215943939e-12,8.403508879503866e-12,1.4137987752653353e-12,3.294042518901145e-12,3.1012358697199584e-07,3.84044257564839e-07,0.20779256075517227,0.2725731211295621,1.0798867203814082e-14,2.5953137127596064e-14,1.000437800842048e-12,2.4778018093727197e-12,1.0138092634312732e-11,1.0354754760901387e-11,1.0526154670429297e-05,1.152370003995515e-05,0.01785736978405387,0.020860362011689074,0.2545931348229285,0.519252460234412,0.03229271276434175,0.10348199565477015,1.452738557674361e-07,3.069542884763782e-07,2.647612871945623e-06,5.7885625372408935e-06,2.256798064371188e-06,5.265396521995915e-06,7.848010163092851e-05,0.00016031461445685857,2.3778437838039042e-08,5.031848809177631e-08,4.397482242100615e-06,9.628447970911337e-06,1.452319674742685e-10,4.338822847005902e-10,2.1704274351746256e-18,2.2136510647636492e-18,1.2225439580936518e-11,1.4263532035042861e-11,8.554775714193157e-12,1.8078181035696857e-11,3.3014745585365687e-15,6.254615686961483e-15,1.3286376178518353e-08,2.6146109906223957e-08,6.223755798524527e-19,1.85953595306149e-18,0.006390429203420334,0.013035386653514157,3.437672111207397e-31,9.999999999997641e-31,2.683857910699581e-09,8.617619802807303e-09,8.734036328398257e-11,2.7375147737198344e-10
0.51,1424.4702367057557,4.962075500961656,0.1767197360336325,4.558036633450974,0.48099313053813897,0.07060923089671876,1.3969677424094841e-05,1.025366181100147e-06,7.1933594617209534e-12,8.380244329702078e-12,1.4096106599718827e-12,3.2843852175547577e-12,3.096141966268564e-07,3.8342520378498736e-07,0.20776975058668629,0.2725515550455558,1.0766814511338267e-14,2.5876897517360597e-14,9.982860412796587e-13,2.472548306786263e-12,1.0101814999914242e-11,1.0318018141016351e-11,1.0504391406399335e-05,1.1500226858049771e-05,0.01784187571865769,0.020842901336242236,0.2545997915485073,0.5192819558919509,0.03229271408351386,0.10348517230413769,1.4516943687402242e-07,3.0674306154650957e-07,2.6478796344419057e-06,5.789323245213693e-06,2.2530579175353005e-06,5.256831436829599e-06,7.824654428861308e-05,0.0001598424171198152,2.370083318425115e-08,5.015580339674747e-08,4.387956667271952e-06,9.607885914490474e-06,1.4481046806602075e-10,4.3263631286487834e-10,2.1694343287368306e-18,2.2127060131107226e-18,1.2210708961828377e-11,1.4246782433866109e-11,8.543777873445068e-12,1.8055493610068946e-11,3.2959946293360277e-15,6.244425435279074e-15,1.3285983235074025e-08,2.6146138168369344e-08,6.214354228723304e-19,1.856783869938575e-18,0.006390233299629034,0.013035386653536074,3.437566726574327e-31,9.999999999997645e-31,2.6746571503175433e-09,8.58834029378685e-09,8.713944982011594e-11,2.731301260015442e-10
0.511,1424.3449579901294,4.962290118747991,0.17671209294996715,4.5636955557313135,0.4810251487003488,0.070616088323005,1.3953800147068848e-05,1.0242320867102926e-06,7.173271418733647e-12,8.357097108548267e-12,1.4054447926090139e-12,3.274778807856826e-12,3.091068238191722e-07,3.828085690960836e-07,0.20774701679112687,0.27253005825481624,1.0734931814900083e-14,2.5801059012686205e-14,9.961439958007566e-13,2.4673182748577724e-12,1.0065751873980173e-11,1.028149725910905e-11,1.0482725522822556e-05,1.1476857607049715e-05,0.017826435773392622,0.020825500555482625,0.2546064198893078,0.5193113391103602,0.03229271999028673,0.10348835262027042,1.4506531169230104e-07,3.0653240903420206e-07,2.648145570921942e-06,5.790081565470724e-06,2.2493334710168557e-06,5.24830189006109e-06,7.801426672380174e-05,0.0001593727879515083,2.3623672977480496e-08,4.9994043871108755e-08,4.378476232499742e-06,9.587420398797302e-06,1.4439118764511206e-10,4.3139684747793134e-10,2.1684430635304767e-18,2.2117625415199094e-18,1.2196031875370431e-11,1.4230092722385974e-11,8.532818648049875e-12,1.803288444454291e-11,3.2905362452681822e-15,6.23427470184946e-15,1.3285591681064725e-08,2.614616632945765e-08,6.204986288509508e-19,1.8540414653582385e-18,0.006390038089242799,0.013035386653557891,3.437461714952105e-31,9.999999999997641e-31,2.665511487866515e-09,8.559234985903573e-09,8.693954500638284e-11,2.7251186857411607e-10
0.512,1424.2199768796982,4.962504433456253,0.17670446131937523,4.569354722412977,0.48105705862196413,0.07062292265923431,1.3937975607054611e-05,1.0231016837618533e-06,7.153285277707836e-12,8.33406629681586e-12,1.4013009928801512e-12,3.2652228795771673e-12,3.0860145460778053e-07,3.821943368999299e-07,0.20772435891605256,0.2725086303518966,1.070321773895425e-14,2.5725618385341716e-14,9.94011592536759e-13,2.4621115410053656e-12,1.0029901420864197e-11,1.0245190278363307e-11,1.0461156323292556e-05,1.1453591548959478e-05,0.017811049632811334,0.020808159325379626,0.25461302001476016,0.5193406105483966,0.03229273045727462,0.1034915365810693,1.4496147845397304e-07,3.0632232752047017e-07,2.6484106859207846e-06,5.790837511175806e-06,2.245624617158467e-06,5.239807639883037e-06,7.778325860968428e-05,0.0001589057063451564,2.3546953520107307e-08,4.9833201858873695e-08,4.369040610581102e-06,9.567050728989098e-06,1.4397410860443087e-10,4.3016383720914357e-10,2.1674536254519483e-18,2.2108206374750968e-18,1.2181407963334236e-11,1.4213462502652648e-11,8.521897785851103e-12,1.8010353032288547e-11,3.2850992581572085e-15,6.224163216846864e-15,1.3285201508321641e-08,2.6146194390160393e-08,6.195651758014444e-19,1.851308676589032e-18,0.006389843568164033,0.013035386653579631,3.4373570741364632e-31,9.999999999997643e-31,2.656420453892973e-09,8.530302402558476e-09,8.674064083058647e-11,2.718966806339098e-10
0.513,1424.095291657089,4.962718446773078,0.17669684107892228,4.575014133152263,0.4810888609385499,0.07062973403930034,1.3922203468272907e-05,1.0219749489593162e-06,7.13340023825538e-12,8.311150985339032e-12,1.39717908245722e-12,3.2557170269474187e-12,3.0809807519253013e-07,3.815824907657158e-07,0.20770177651361785,0.2724872709357319,1.0671670923057973e-14,2.565057244241002e-14,9.918887603933138e-13,2.4569279345019123e-12,9.994261825898966e-12,1.0209095382880813e-11,1.043968311843113e-05,1.1430427953199251e-05,0.017795716984123734,0.02079087730476768,0.2546195920935337,0.5193697708606373,0.03229274545662168,0.1034947241623626,1.448579354093161e-07,3.0611281362257453e-07,2.648674983941695e-06,5.791591095396482e-06,2.2419312494424687e-06,5.231348447044579e-06,7.755350973695677e-05,0.0001584411519278065,2.3470671157328422e-08,4.9673269792458086e-08,4.359649477832916e-06,9.546776217679049e-06,1.4355921352659326e-10,4.28937231278822e-10,2.166466000474023e-18,2.2098802885209817e-18,1.216683687295456e-11,1.419689138288323e-11,8.511015037178823e-12,1.7987898871461974e-11,3.2796835213126056e-15,6.2140907131412984e-15,1.3284812708743722e-08,2.6146222351138894e-08,6.18635041997891e-19,1.8485854416482027e-18,0.006389649732330282,0.013035386653601324,3.437252801942045e-31,9.999999999997675e-31,2.647383584487125e-09,8.501541084542026e-09,8.654272936978754e-11,2.7128453799688653e-10
0.514,1423.9709006195726,4.962932160370732,0.17668923216621082,4.580673787607376,0.48112055628072253,0.07063652259603753,1.390648339790404e-05,1.0208518592108515e-06,7.11361550835327e-12,8.288350274410506e-12,1.393078884942514e-12,3.246260848574208e-12,3.075966719035754e-07,3.809730144168727e-07,0.20767926913934762,0.2724659796080617,1.0640290021431455e-14,2.5575918025247818e-14,9.897754289760513e-13,2.451767286292128e-12,9.958831294568234e-12,1.0173210776843971e-11,1.0418305225515362e-05,1.1407366096200993e-05,0.01778043751716542,0.02077365415531325,0.2546261362924176,0.5193988206952468,0.03229276496114806,0.10349791534158952,1.4475468082242855e-07,3.0590386398402193e-07,2.648938469449622e-06,5.792342331090284e-06,2.2382532623048077e-06,5.222924074418714e-06,7.732501000155591e-05,0.00015797910453537841,2.339482227303839e-08,4.951424018399932e-08,4.350302513595807e-06,9.526596183854068e-06,1.4314648517708375e-10,4.2771697943794916e-10,2.1654801747437283e-18,2.208941482363183e-18,1.2152318253418108e-11,1.4180378973368105e-11,8.500170154614708e-12,1.7965521464713325e-11,3.2742888894308893e-15,6.204056926114169e-15,1.3284425274299454e-08,2.614625021305047e-08,6.1770820588932e-19,1.8458716990452126e-18,0.006389456577713519,0.0130353866536229,3.4371488962020057e-31,9.999999999997675e-31,2.6384004207020316e-09,8.472949588175694e-09,8.634580278502347e-11,2.706754167343356e-10
0.515,1423.846802078106,4.963145575910172,0.17668163451927116,4.586333685438414,0.48115214527261474,0.07064328846099124,1.3890815066386016e-05,1.019732391650257e-06,7.093930304642985e-12,8.265663274133662e-12,1.389000225848584e-12,3.2368539473937794e-12,3.070972312091455e-07,3.8036589174074935e-07,0.20765683635367616,0.27244475597543644,1.0609073702931836e-14,2.550165200943465e-14,9.87671528648778e-13,2.446629429137319e-12,9.923608052784264e-12,1.0137534684806007e-11,1.0397021968703041e-05,1.1384405261657765e-05,0.017765210924408574,0.02075648954152808,0.25463265277779756,0.5194277606969591,0.032292788942856095,0.10350111009300718,1.4465171297571298e-07,3.0569547528404084e-07,2.6492011468795583e-06,5.7930912311226535e-06,2.23459055130582e-06,5.214534287401555e-06,7.709774941440179e-05,0.00015751954423264274,2.3319403292959985e-08,4.935610563200988e-08,4.340999400671567e-06,9.506509953835053e-06,1.427359065067467e-10,4.265030319758123e-10,2.1644961344720937e-18,2.2080042067557294e-18,1.2137851761395612e-11,1.4163924892927291e-11,8.489362893163986e-12,1.794322031955153e-11,3.268915218657946e-15,6.194061593777282e-15,1.328403919702249e-08,2.6146277976538452e-08,6.167846461814711e-19,1.8431673880262424e-18,0.0063892641003206055,0.013035386653644442,3.4370453547682704e-31,9.999999999997694e-31,2.6294705090108024e-09,8.444526486785562e-09,8.614985332455217e-11,2.7006929318312916e-10
0.516,1423.7229943585721,4.963358695036056,0.1766740480767386,4.591993826307353,0.4811836285347346,0.07065003176485579,1.3875198146871871e-05,1.0186165235975017e-06,7.074343851678292e-12,8.243089103552019e-12,1.3849429325661811e-12,3.22749593059979e-12,3.065997396991899e-07,3.797611067685288e-07,0.20763447771913712,0.27242359964560553,1.0578020650651246e-14,2.5427771303826442e-14,9.855769904175171e-13,2.4415141973295085e-12,9.88859034574373e-12,1.0102065350532128e-11,1.0375832678463878e-05,1.1361544739907052e-05,0.01775003690085641,0.020739383130653,0.2546391417131244,0.5194565915020485,0.03229281737553042,0.10350430839605147,1.4454903016236397e-07,3.05487644221805e-07,2.6494630206232154e-06,5.793837808239261e-06,2.230943012827957e-06,5.206178853209409e-06,7.687171808214961e-05,0.0001570624512740196,2.3244410678293798e-08,4.9198858807979974e-08,4.331739824524606e-06,9.486516859533563e-06,1.4232746064147479e-10,4.252953396895111e-10,2.1635138661079757e-18,2.2070684496790304e-18,1.2123437050450003e-11,1.4147528756556483e-11,8.47859300992759e-12,1.792099494765849e-11,3.2635623664508723e-15,6.184104456513874e-15,1.3283654469018464e-08,2.6146305642252544e-08,6.158643417078256e-19,1.8404724481895778e-18,0.006389072296191454,0.013035386653665907,3.436942175510557e-31,9.99999999999773e-31,2.6205934003968695e-09,8.4162703677888e-09,8.595487331563758e-11,2.6946614392014217e-10
0.517,1423.599475799797,4.963571519384178,0.1766664727775885,4.597654209878032,0.4812150066797775,0.07065675263683534,1.3859632315824059e-05,1.0175042326021279e-06,7.054855382648615e-12,8.220626891492977e-12,1.3809068343474022e-12,3.218186409604565e-12,3.061041841032529e-07,3.7915864369731163e-07,0.20761219280448606,0.2724025102328372,1.0547129561901783e-14,2.5354272850523538e-14,9.834917460625398e-13,2.4364214270183884e-12,9.853776438795612e-12,1.0066801037889786e-11,1.0354736692156698e-05,1.1338783828562017e-05,0.017734915144178333,0.020722334592810525,0.2546456032626868,0.5194853137458512,0.03229285023087788,0.10350751022293059,1.444466306956975e-07,3.05280367536064e-07,2.649724095048516e-06,5.794582075106648e-06,2.2273105444433133e-06,5.1978575417356895e-06,7.664690622937226e-05,0.0001566078061489274,2.316984093283357e-08,4.904249247145032e-08,4.322523474249168e-06,9.466616240569582e-06,1.419211308909625e-10,4.2409385391017335e-10,2.162533356104152e-18,2.206134199100599e-18,1.2109073788236045e-11,1.4131190195494809e-11,8.467860264448792e-12,1.789884486561799e-11,3.258230191715016e-15,6.1741852573373755e-15,1.3283271082452112e-08,2.614633321081479e-08,6.1494727157260395e-19,1.8377868199125942e-18,0.006388881161401245,0.013035386653687307,3.436839356317528e-31,9.999999999997741e-31,2.6117686513959326e-09,8.38817983604268e-09,8.576085517310021e-11,2.688659457890649e-10
0.518,1423.4762447566372,4.963784050568949,0.1766589085615819,4.603314835816131,0.48124628032002825,0.07066345120577985,1.3844117251909115e-05,1.0163954963629268e-06,7.035464137854157e-12,8.198275774800377e-12,1.3768917622687408e-12,3.2089249999568445e-12,3.0561055125572156e-07,3.78558486847408e-07,0.20758998117746105,0.27238148734861356,1.0516399147751302e-14,2.5281153623785186e-14,9.814157278883114e-13,2.4313509555942805e-12,9.819164615244464e-12,1.0031740028618539e-11,1.0333733352833201e-05,1.1316121831212563e-05,0.01771984535441331,0.02070534360067447,0.2546520375850977,0.519513928049839,0.03229288748521991,0.10351071556014854,1.443445128926821e-07,3.0507364197057e-07,2.6499843744665215e-06,5.795324044243928e-06,2.2236930442544235e-06,5.189570124017234e-06,7.64233041568079e-05,0.00015615558949666356,2.309569058938973e-08,4.888699944133965e-08,4.313350040809337e-06,9.446807440426509e-06,1.4151690072753982e-10,4.228985264402036e-10,2.1615545913158286e-18,2.2052014433832037e-18,1.2094761626375253e-11,1.4114908822081637e-11,8.457164418052422e-12,1.787676959353385e-11,3.2529185545267393e-15,6.164303741371555e-15,1.3282889029568373e-08,2.6146360682879484e-08,6.140334149024444e-19,1.8351104436112236e-18,0.006388690692055874,0.0130353866537086,3.4367368950944017e-31,9.999999999997748e-31,2.602995822131464e-09,8.360253507546804e-09,8.556779138173871e-11,2.6826867584557973e-10
0.519,1423.3532995941605,4.963996290203598,0.17665135536854576,4.608975703789172,0.4812774500565448,0.07067012759855036,1.3828652637787551e-05,1.015290292858784e-06,7.016169366923518e-12,8.1760349009167e-12,1.3728975492197388e-12,3.199711321314786e-12,3.051188281479586e-07,3.7796062072673304e-07,0.20756784241547158,0.2723605306154798,1.0485828133426493e-14,2.5208410630994155e-14,9.793488691087258e-13,2.4263026226415758e-12,9.784753179188623e-12,9.99688062522983e-12,1.0312822010909121e-05,1.1293558059250839e-05,0.01770482723420281,0.020688409829730088,0.25465844484328826,0.519542435041667,0.03229292910932055,0.10351392437583368,1.4424267510097844e-07,3.048674643310408e-07,2.6502438631857916e-06,5.7960637281378165e-06,2.220090411946989e-06,5.18131637468863e-06,7.620090230603689e-05,0.00015570578223852944,2.302195623076024e-08,4.873237264032909e-08,4.304219219817002e-06,9.42708981253163e-06,1.4111475381252611e-10,4.2170930963195205e-10,2.1605775583399664e-18,2.2042701706095017e-18,1.2080500241765591e-11,1.4098684277956646e-11,8.446505234895022e-12,1.785476865724019e-11,3.247627316548929e-15,6.154459656634988e-15,1.3282508302659448e-08,2.6146388059051318e-08,6.131227512903565e-19,1.8324432610657934e-18,0.006388500884296172,0.013035386653729816,3.436634789765168e-31,9.999999999997743e-31,2.5942744793580376e-09,8.332490019217285e-09,8.537567452124962e-11,2.6767431143540433e-10
0.52,1423.2306386938403,4.96420823987887,0.17664381313913122,4.614636813466488,0.48130851649040374,0.07067678194171485,1.3813238158050052e-05,1.0141886001979183e-06,6.996970326173116e-12,8.15390342481487e-12,1.3689240298702604e-12,3.190544997373288e-12,3.046290018685895e-07,3.77365029957153e-07,0.20754577609447336,0.2723396396526236,1.0455415257401887e-14,2.5136040910495063e-14,9.77291103409854e-13,2.421276268857744e-12,9.750540451905503e-12,9.962221147327252e-12,1.0292002022219078e-05,1.1271091829751385e-05,0.017689860488576604,0.02067153295803864,0.25466482519406886,0.5195708353342072,0.03229297507900201,0.10351713665383125,1.441411156688502e-07,3.046618314217806e-07,2.650502565454549e-06,5.796801139119807e-06,2.216502547613531e-06,5.173096069241261e-06,7.597969118632889e-05,0.00015525836542853723,2.2948634465801786e-08,4.857860504427212e-08,4.295130708432446e-06,9.407462713476862e-06,1.4071467396394317e-10,4.205261562916958e-10,2.1596022442347223e-18,2.2033403693174695e-18,1.2066289296948205e-11,1.4082516187818565e-11,8.435882480742857e-12,1.7832841585732085e-11,3.242356340540165e-15,6.144652753115988e-15,1.328212889409604e-08,2.6146415339963613e-08,6.1221526028089e-19,1.8297852138838727e-18,0.006388311734293776,0.013035386653750973,3.4365330382704014e-31,9.999999999997766e-31,2.5856041930118127e-09,8.304888017818592e-09,8.518449723738026e-11,2.670828301041183e-10
0.521,1423.108260448725,4.964419901179642,0.17663628181422183,4.620298164519222,0.48133948021383366,0.07068341436021011,1.3797873500620876e-05,1.0130903967205042e-06,6.97786628034499e-12,8.13188051102253e-12,1.3649710406402635e-12,3.181425655793428e-12,3.0414105964462415e-07,3.7677169932529774e-07,0.20752378179773273,0.27231881408723896,1.0425159271608186e-14,2.506404153209425e-14,9.752423652557742e-13,2.416271736810433e-12,9.71652477404596e-12,9.927759933849921e-12,1.0271272749323575e-05,1.1248722466899493e-05,0.01767494482513262,0.020654712666438604,0.2546711787963622,0.5195991295420807,0.03229302536677639,0.10352035236682766,1.4403983296673203e-07,3.0445674009112486e-07,2.6507604855052753e-06,5.797536289460726e-06,2.2129293526020263e-06,5.1649089860021494e-06,7.575966142582967e-05,0.00015481332035799521,2.2875721946021667e-08,4.842568971731765e-08,4.286084207575079e-06,9.387925507858413e-06,1.4031664517701048e-10,4.193490197408609e-10,2.1586286359801306e-18,2.2024120279491453e-18,1.20521284723885e-11,1.4066404197092924e-11,8.425295923793274e-12,1.7810987912894847e-11,3.2371054906783477e-15,6.1348827833838704e-15,1.3281750796301688e-08,2.614644252621465e-08,6.113109217305701e-19,1.8271362445768e-18,0.006388123238254333,0.013035386653772057,3.4364316385689527e-31,9.999999999997776e-31,2.5769845386220154e-09,8.277446167709723e-09,8.49942522615024e-11,2.664942096584853e-10
0.522,1422.9861632668435,4.964631275671149,0.17662876133542352,4.6259597566203015,0.48137034181843863,0.07069002497860265,1.3782558355822118e-05,1.011995660930844e-06,6.958856501230427e-12,8.109965332027709e-12,1.3610384197065981e-12,3.17235292822222e-12,3.036549888095068e-07,3.761806137433367e-07,0.2075018591078001,0.27229805354420433,1.0395058941331878e-14,2.4992409596849338e-14,9.73202589654116e-13,2.4112888703590976e-12,9.682704503658269e-12,9.893495341067667e-12,1.025063356040805e-05,1.1226449300796967e-05,0.01766007995370209,0.020637948638171647,0.25467750580394694,0.5196273182672465,0.032293079949287935,0.10352357150028581,1.4393882537195443e-07,3.042521871994038e-07,2.6510176275189146e-06,5.798269191296807e-06,2.2093707288779536e-06,5.156754904649946e-06,7.554080373264406e-05,0.0001543706284761776,2.2803215352989693e-08,4.8273619785327716e-08,4.2770794202640155e-06,9.368477564652043e-06,1.3992065160405788e-10,4.181778537564985e-10,2.1576567208836455e-18,2.201485135266121e-18,1.2038017433040796e-11,1.4050347932922405e-11,8.414745334119251e-12,1.7789207176345583e-11,3.231874632323482e-15,6.1251495021451635e-15,1.3281374001776104e-08,2.6146469618433533e-08,6.104097155796774e-19,1.8244962958792532e-18,0.006387935392412658,0.013035386653793092,3.436330588635376e-31,9.999999999997787e-31,2.568415095474499e-09,8.250163144957238e-09,8.480493239407463e-11,2.6590842811489587e-10
0.523,1422.8643455669653,4.96484236491527,0.17662125164448472,4.631621589444434,0.4814011018857374,0.07069661391964328,1.3767292417231241e-05,1.01090437155963e-06,6.939940268889577e-12,8.088157069696995e-12,1.3571260069265402e-12,3.1633264501133423e-12,3.0317077683359116e-07,3.755917582864986e-07,0.20748000761576435,0.27227735765801336,1.0365113044746191e-14,2.4921142235933247e-14,9.711717123878986e-13,2.4063275152281423e-12,9.64907801772082e-12,9.859425744145566e-12,1.0230083830287662e-05,1.1204271668556403e-05,0.01764526558669454,0.020621240559270965,0.2546838063739203,0.5196554021158571,0.032293138798660685,0.1035267940246274,1.438380912844795e-07,3.0404816965197847e-07,2.6512739956666426e-06,5.798999856716424e-06,2.2058265796863687e-06,5.148633607757051e-06,7.532310893349605e-05,0.00015393027146927543,2.2731111410652792e-08,4.8122388461934543e-08,4.2681160533160055e-06,9.349118260927213e-06,1.3952667757158516e-10,4.1701261262212034e-10,2.1566864861282846e-18,2.2005596798868505e-18,1.2023955868664421e-11,1.4034347051211094e-11,8.404230484163213e-12,1.7767498918465157e-11,3.226663632222348e-15,6.115452666627705e-15,1.3280998503065364e-08,2.6146496617200957e-08,6.095116220778709e-19,1.8218653114224206e-18,0.006387748193037714,0.01303538665381405,3.436229886462608e-31,9.999999999997818e-31,2.5598954484350558e-09,8.223037643190371e-09,8.461653052019922e-11,2.653254637480231e-10
0.524,1422.7428057834072,4.9650531704519905,0.17661375268395582,4.637283662668083,0.4814317609978445,0.07070318130589864,1.3752075380571476e-05,1.0098165074834806e-06,6.921116870003122e-12,8.066454913365145e-12,1.3532336438801608e-12,3.154345860830181e-12,3.026884112854838e-07,3.750051181455849e-07,0.20745822691080376,0.2722567260593103,1.0335320373010544e-14,2.4850236610907076e-14,9.691496697264584e-13,2.4013875182935e-12,9.615643709832015e-12,9.825549534798746e-12,1.0209622939097395e-05,1.1182188912879435e-05,0.0176305014387114,0.02060458811812978,0.2546900806571549,0.5196833816792517,0.03229320189225828,0.10353001992661334,1.437376291078861e-07,3.038446843593371e-07,2.65152959406217e-06,5.7997282976609375e-06,2.2022968087507985e-06,5.140544878925361e-06,7.51065679256522e-05,0.00015349223116236169,2.2659406869825613e-08,4.7971989015777756e-08,4.259193815277945e-06,9.329846977329465e-06,1.3913470755658923e-10,4.1585325105750597e-10,2.1557179193017435e-18,2.1996356508285498e-18,1.2009943450051725e-11,1.4018401185550326e-11,8.393751148086399e-12,1.7745862685040768e-11,3.221472358231775e-15,6.1057920360627485e-15,1.3280624292793592e-08,2.6146523523135118e-08,6.086166215008011e-19,1.8192432348888663e-18,0.006387561636426897,0.013035386653834911,3.4361295300588637e-31,9.99999999999784e-31,2.5514251856780674e-09,8.196068366317602e-09,8.442903958961474e-11,2.6474529502841554e-10
0.525,1422.621542360795,4.965263693817696,0.17660626439653793,4.642945975969465,0.4814623197276324,0.07070972725826324,1.3736906944814743e-05,1.008732047805407e-06,6.90238559934113e-12,8.044858061545193e-12,1.3493611737907156e-12,3.145410803459757e-12,3.022078798677446e-07,3.744206786710325e-07,0.20743651658988377,0.272236158387453,1.0305679729954299e-14,2.4779689912955755e-14,9.67136398699066e-13,2.3964687282597365e-12,9.582399992027658e-12,9.79186512314952e-12,1.0189250273425626e-05,1.1160200383294123e-05,0.017615787226783596,0.020587991005767917,0.2546963288073764,0.5197112575521611,0.03229326920345386,0.10353324917969127,1.4363743726845566e-07,3.0364172827726994e-07,2.6517844268092233e-06,5.800454526024977e-06,2.1987813210519637e-06,5.13248850460165e-06,7.489117172285398e-05,0.00015305648961323358,2.2588098522933298e-08,4.782241480171119e-08,4.250312418434862e-06,9.310663102475565e-06,1.3874472620495613e-10,4.146997242735937e-10,2.1547510078670717e-18,2.1987130369658394e-18,1.1995979867755601e-11,1.4002509992413345e-11,8.383307102403241e-12,1.772429802659836e-11,3.216300679572309e-15,6.096167372163041e-15,1.3280251363632466e-08,2.614655033681584e-08,6.077246944508181e-19,1.8166300109104933e-18,0.006387375718909932,0.013035386653855742,3.4360295174497354e-31,9.999999999997862e-31,2.5430039008534184e-09,8.169254035487132e-09,8.42424526343587e-11,2.641679006778037e-10
0.526,1422.500553757839,4.9654739365320815,0.17659878672554843,4.648608529028531,0.48149277864564666,0.07071625189700362,1.3721786811272127e-05,1.0076509717885413e-06,6.883745758496837e-12,8.023365720459221e-12,1.3455084415315829e-12,3.1365209248315894e-12,3.017291703880301e-07,3.738384253373808e-07,0.20741487625093263,0.2722156542816716,1.0276189931931447e-14,2.4709499362559808e-14,9.651318368776936e-13,2.391570995123409e-12,9.549345293030652e-12,9.758370935949035e-12,1.0168965225369361e-05,1.1138305435127454e-05,0.017601122670217413,0.020571448915661567,0.25470255097476435,0.5197390303198635,0.03229334070813561,0.10353648176489426,1.4353751420049099e-07,3.034392983759761e-07,2.6520384979673705e-06,5.801178553584044e-06,2.1952800222384446e-06,5.124464272705004e-06,7.467691141865436e-05,0.00015262302903761975,2.251718319212396e-08,4.767365923568202e-08,4.241471577252349e-06,9.291566029548005e-06,1.383567183148857e-10,4.1355198792328786e-10,2.1537857395455593e-18,2.1977918274223862e-18,1.1982064806790476e-11,1.3986673121633937e-11,8.372898125447922e-12,1.7702804497284125e-11,3.2111484666096624e-15,6.086578438712131e-15,1.3279879708320769e-08,2.6146577058833903e-08,6.068358216201734e-19,1.814025584361739e-18,0.006387190436846138,0.013035386653876508,3.435929846676758e-31,9.999999999997867e-31,2.53463119135661e-09,8.142593383538307e-09,8.405676275407013e-11,2.6359325962320833e-10
0.527,1422.3798384450379,4.965683900105975,0.17659131961464247,4.654271321526951,0.48152313831599647,0.07072275534113792,1.3706714684116589e-05,1.0065732588943762e-06,6.865196656525332e-12,8.001977104783979e-12,1.3416752936111578e-12,3.1276758754831134e-12,3.012522707749601e-07,3.732583437629027e-07,0.20739330549689644,0.27219521338632857,1.024684980771676e-14,2.463966220925066e-14,9.631359224981041e-13,2.3866941704731473e-12,9.516478058981243e-12,9.725065417327143e-12,1.01487671930266e-05,1.1116503430044639e-05,0.017586507490679887,0.020554961543839734,0.254708747309774,0.5197667005658592,0.03229341638082656,0.10353971765837673,1.434378583550386e-07,3.032373916584454e-07,2.65229181157231e-06,5.801900392037473e-06,2.191792818956598e-06,5.116471973396589e-06,7.446377820727262e-05,0.00015219183185183297,2.2446657735893158e-08,4.7525715808769144e-08,4.232671009280989e-06,9.272555158276416e-06,1.3797066884434374e-10,4.124099981238058e-10,2.152822102096029e-18,2.196872011345245e-18,1.1968197962098244e-11,1.3970890234457166e-11,8.362523997676164e-12,1.7681381655500426e-11,3.2060155909710215e-15,6.077025001784389e-15,1.3279509319652163e-08,2.6146603689760884e-08,6.059499839175236e-19,1.8114299007375262e-18,0.00638700578662599,0.013035386653897212,3.435830515798226e-31,9.999999999997873e-31,2.5263066593029156e-09,8.116085158133796e-09,8.387196312382229e-11,2.630213510215224e-10
0.528,1422.2593949061138,4.965893586035223,0.17658386300802997,4.659934353148105,0.48155339930008595,0.07072923770901075,1.3691690269927392e-05,1.0054988887497935e-06,6.846737609263529e-12,7.980691436864418e-12,1.3378615781335211e-12,3.1188753095705648e-12,3.00777169062648e-07,3.7268041969064304e-07,0.207371803932115,0.2721748353462697,1.0217658198315026e-14,2.457017573117211e-14,9.61148594348658e-13,2.38183810721565e-12,9.483796752420326e-12,9.691947027763096e-12,1.0128655579948792e-05,1.109479373545625e-05,0.0175719414120284,0.020538528588694403,0.2547149179598942,0.5197942688654549,0.032293496198018246,0.103542956842143,1.433384681927902e-07,3.030360051455851e-07,2.652544371620166e-06,5.802620052976297e-06,2.188319618578579e-06,5.108511398447631e-06,7.425176336460291e-05,0.00015176288063408237,2.2376519042993395e-08,4.73785780743316e-08,4.2239104343719956e-06,9.253629893225303e-06,1.3758656290068913e-10,4.112737114260038e-10,2.1518600834803305e-18,2.195953578074644e-18,1.195437902279096e-11,1.3955160985152914e-11,8.352184501389856e-12,1.7660029063332348e-11,3.2009019254259743e-15,6.0675068295226654e-15,1.3279140190485798e-08,2.6146630230180208e-08,6.050671623885288e-19,1.8088429059168552e-18,0.006386821764668582,0.01303538665391781,3.435731522887838e-31,9.999999999997888e-31,2.518029910642964e-09,8.089728118926256e-09,8.368804698573451e-11,2.62452154233391e-10
0.529,1422.1392216368959,4.966102995804033,0.17657641685035677,4.665597623577063,0.4815835621549762,0.07073569911805058,1.3676713277758581e-05,1.0044278411521588e-06,6.8283679394102395e-12,7.959507946809808e-12,1.334067144782218e-12,3.110118884832397e-12,3.003038533935397e-07,3.7210463899198505e-07,0.20735037116395316,0.2721545198089603,1.0188613956671172e-14,2.4501037234393025e-14,9.5916979179815e-13,2.377002659645167e-12,9.451299852263482e-12,9.659014244064482e-12,1.0108629795199626e-05,1.1073175724584817e-05,0.017557424160315256,0.020522149750986696,0.2547210630712547,0.5198217357890278,0.03229358013655527,0.10354619929886581,1.4323934218627393e-07,3.02835135880858e-07,2.65279618207599e-06,5.803337547901643e-06,2.1848603292713432e-06,5.100582341401163e-06,7.404085825354484e-05,0.00015133615813542843,2.230676403400419e-08,4.7232239651355104e-08,4.2151895749096486e-06,9.23478964430525e-06,1.3720438574118133e-10,4.101430848160467e-10,2.1508996718021686e-18,2.1950365170815697e-18,1.1940607679925677e-11,1.393948503009188e-11,8.341879420769143e-12,1.763874628661699e-11,3.195807343894909e-15,6.058023692154993e-15,1.3278772313738806e-08,2.614665668067175e-08,6.041873382132389e-19,1.80626454615516e-18,0.006386638367421857,0.01303538665393836,3.435632866034781e-31,9.999999999997908e-31,2.5098005554096023e-09,8.063521038355683e-09,8.350500765067542e-11,2.6188564882862465e-10
0.53,1422.0193171438536,4.966312130890955,0.17656898108649155,4.6712611325005815,0.4816136274298195,0.07074213968422127,1.3661783419666479e-05,1.0033600961078045e-06,6.81008697714985e-12,7.938425873220942e-12,1.33029184479491e-12,3.101406262530429e-12,2.998323120340615e-07,3.715309876859709e-07,0.20732900680628233,0.27213426642896366,1.0159715947698263e-14,2.4432244052976553e-14,9.57199454907895e-13,2.372187683721046e-12,9.418985854572468e-12,9.626265560158026e-12,1.008868925387152e-05,1.1051648777029315e-05,0.017542955463932305,0.020505824734010285,0.2547271827917666,0.5198491019082563,0.0322936681704151,0.10354944500152552,1.4314047882792059e-07,3.0263478094724714e-07,2.6530472468895666e-06,5.804052888257279e-06,2.181414860325587e-06,5.092684598339063e-06,7.38310543423911e-05,0.0001509116473173799,2.223738966724036e-08,4.7086694236970025e-08,4.206508156633671e-06,9.21603382857378e-06,1.3682412278076664e-10,4.0901807573870755e-10,2.1499408550971417e-18,2.194120817752803e-18,1.1926883641178148e-11,1.3923862044872744e-11,8.33160854218115e-12,1.7617532895592116e-11,3.1907317215719846e-15,6.048575362226583e-15,1.3278405682376065e-08,2.6146683041782763e-08,6.033104928620748e-19,1.803694768550241e-18,0.006386455591364668,0.013035386653958784,3.4355345433448938e-31,9.999999999997887e-31,2.5016182085743203e-09,8.037462704402745e-09,8.332283850538302e-11,2.613218146085183e-10
0.531,1421.8996799479996,4.966520992754041,0.17656155566205325,4.676924879607081,0.48164359567423964,0.07074855952330082,1.364690040955742e-05,1.0022956337481832e-06,6.791894058592038e-12,7.917444461379748e-12,1.326535530964303e-12,3.092737107455411e-12,2.993625333383752e-07,3.709594518947021e-07,0.20730771047126847,0.27211407485734995,1.0130963047991087e-14,2.436379354831814e-14,9.552375241673153e-13,2.3673930364146536e-12,9.386853270374911e-12,9.59369948487356e-12,1.0068833375867927e-05,1.1030212277441294e-05,0.01752853505333554,0.0204895532432848,0.2547332772635858,0.519876367781091,0.03229376027840237,0.10355269393815178,1.4304187661209967e-07,3.024349374294973e-07,2.6532975699564993e-06,5.804766085348405e-06,2.17798312143072e-06,5.084817966193755e-06,7.36223431607622e-05,0.00015048933126199355,2.2168392924494057e-08,4.694193557631732e-08,4.197865906748866e-06,9.197361866102438e-06,1.3644575957093365e-10,4.0789864203460085e-10,2.1489836217932708e-18,2.193206469862453e-18,1.1913206597875317e-11,1.390829168584688e-11,8.321371653499911e-12,1.7596388463472042e-11,3.1856749346432198e-15,6.039161614070504e-15,1.3278040289434369e-08,2.6146709314093345e-08,6.024366077903813e-19,1.8011335201305688e-18,0.006386273433002582,0.013035386653979218,3.4354365529383658e-31,9.999999999997899e-31,2.493482487983679e-09,8.011551913968895e-09,8.314153299447163e-11,2.6076063154967925e-10
0.532,1421.7803085790283,4.96672958285095,0.17655414052269613,4.682588864586643,0.4816734674278184,0.07075495874929465,1.3632063964754908e-05,1.0012344344444515e-06,6.773788527710414e-12,7.896562965507252e-12,1.3227980575975779e-12,3.084111087831858e-12,2.9889450579468836e-07,3.70390017900559e-07,0.20728648177975542,0.2720939447551649,1.0102354145983617e-14,2.429568310951962e-14,9.532839408389097e-13,2.3626185765634367e-12,9.354900628107417e-12,9.561314544440608e-12,1.0049061587369214e-05,1.1008865617126479e-05,0.017514162661245766,0.020473334986779466,0.25473934663291137,0.5199035339714417,0.03229385643421401,0.10355594607990652,1.4294353405975422e-07,3.0223560246603273e-07,2.6535471551714993e-06,5.805477150454727e-06,2.1745650236395096e-06,5.076982244998024e-06,7.341471635754286e-05,0.0001500691932902692,2.2099770829702056e-08,4.679795750207044e-08,4.1892625564422215e-06,9.178773185488225e-06,1.360692818228044e-10,4.067847420091249e-10,2.1480279600824162e-18,2.1922934629292066e-18,1.1899576263763437e-11,1.3892773635370143e-11,8.311168545017795e-12,1.7575312568366204e-11,3.180636860646216e-15,6.029782224486913e-15,1.3277676127991169e-08,2.6146735498139362e-08,6.015656648660063e-19,1.798580749132744e-18,0.006386091888871446,0.013035386653999547,3.4353388929517063e-31,9.999999999997908e-31,2.485393017068136e-09,7.985787481579108e-09,8.296108464246703e-11,2.602020798730544e-10
0.533,1421.6612015815358,4.96693790261793,0.1765467356148567,4.688253087130987,0.4817032432308701,0.07076133747605715,1.361727380405117e-05,1.0001764786650147e-06,6.7557697339132195e-12,7.875780645938959e-12,1.3190792805007889e-12,3.0755278752846397e-12,2.984282179694932e-07,3.6982267207736795e-07,0.20726532035059939,0.272073875779584,1.0073888141174782e-14,2.422791015155062e-14,9.513386465500475e-13,2.3578641638611445e-12,9.323126470350562e-12,9.529109279162236e-12,1.0029373319040476e-05,1.0987608192090032e-05,0.017499838022482145,0.020457169674731275,0.2547453910398822,0.5199306010288449,0.032293956616677416,0.10355920141397047,1.4284544968964567e-07,3.02036773188343e-07,2.6537960063716023e-06,5.806186094709425e-06,2.171160478253981e-06,5.069177235287668e-06,7.320816563249543e-05,0.00014965121682251022,2.203152042670885e-08,4.6654753887397807e-08,4.180697837956661e-06,9.160267217449721e-06,1.3569467537793051e-10,4.0567633434554287e-10,2.1470738586182846e-18,2.191381786929969e-18,1.1885992338551606e-11,1.3877307559251112e-11,8.300999008298153e-12,1.755430479086464e-11,3.1756173780134118e-15,6.020436971881482e-15,1.3277313191193882e-08,2.6146761594484733e-08,6.00697645851549e-19,1.7960364034548007e-18,0.0063859109555340215,0.013035386654019817,3.4352415615358728e-31,9.999999999997916e-31,2.477349421644841e-09,7.960168229118216e-09,8.278148702732796e-11,2.5964613996110726e-10
0.534,1421.5423575097589,4.967145953486355,0.1765393408851656,4.6939175469334655,0.4817329236164627,0.07076769581610319,1.3602529649292e-05,9.991217470917787e-07,6.737837033879971e-12,7.855096771266827e-12,1.3153790569656092e-12,3.066987144808592e-12,2.9796365855063424e-07,3.69257400943738e-07,0.20724422580862895,0.2720538675943002,1.004556394461988e-14,2.4160472116434426e-14,9.494015836120434e-13,2.353129659648595e-12,9.291529356108068e-12,9.497082245747542e-12,1.0009768007355212e-05,1.0966439404486424e-05,0.01748556087398551,0.0204410570196688,0.25475141062629414,0.519957569504093,0.032294060801971156,0.10356245991857498,1.4274762204172194e-07,3.0183844677033436e-07,2.6540441273814304e-06,5.806892929196804e-06,2.1677693977106827e-06,5.061402740167877e-06,7.300268278996146e-05,0.00014923538548811937,2.1963638796678924e-08,4.651231868284505e-08,4.1721714869129335e-06,9.141843399914286e-06,1.3532192622799157e-10,4.045733781639299e-10,2.1461213059538953e-18,2.190471431725308e-18,1.1872454533023188e-11,1.3861893136065783e-11,8.290862837100556e-12,1.7533364715992222e-11,3.170616366427505e-15,6.0111256369387064e-15,1.3276951472237736e-08,2.614678760367189e-08,5.998325328362834e-19,1.7935004319473466e-18,0.006385730629581327,0.013035386654040011,3.43514455685704e-31,9.999999999997916e-31,2.4693513324244977e-09,7.934692993887826e-09,8.260273380011451e-11,2.59092792419518e-10
0.535,1421.4237749302806,4.967353736873673,0.17653195628076915,4.699582243689046,0.4817625091149863,0.07077403388129429,1.3587831224427065e-05,9.980702205507038e-07,6.719989790383789e-12,7.834510616970857e-12,1.3116972457431464e-12,3.0584885747093395e-12,2.975008163207798e-07,3.686941911303234e-07,0.2072231977801134,0.2720339198636373,1.0017380478399161e-14,2.409336647198465e-14,9.474726948280705e-13,2.348414926438663e-12,9.260107859179826e-12,9.465232015656092e-12,9.990245093736247e-06,1.0945358661683021e-05,0.017471330954760663,0.020424996736350502,0.254757405531293,0.5199844399405574,0.03229416896798599,0.10356572157700887,1.42650049663631e-07,3.0164062039989523e-07,2.654291521988399e-06,5.807597664899283e-06,2.1643916950654155e-06,5.05365856411215e-06,7.279825970670618e-05,0.00014882168305996215,2.189612304759815e-08,4.6370645894135696e-08,4.163683240945402e-06,9.123501175033208e-06,1.3495102050064652e-10,4.0347583297911483e-10,2.145170290856374e-18,2.1895623873812643e-18,1.1858962555350164e-11,1.3846530041183993e-11,8.280759826817192e-12,1.751249193202245e-11,3.1656337065965344e-15,6.001848002197693e-15,1.3276590964376417e-08,2.6146813526248477e-08,5.989703079895931e-19,1.790972783676995e-18,0.00638555090763129,0.01303538665406016,3.4350478770958456e-31,9.999999999997918e-31,2.461398383509734e-09,7.90936062378742e-09,8.242481867244053e-11,2.585420180379593e-10
0.536,1421.3054524193703,4.967561254192855,0.17652458174899335,4.70524717709431,0.48179200024902585,0.07078035178206141,1.357317825635155e-05,9.97021880073373e-07,6.702227373283523e-12,7.814021466575816e-12,1.3080337070268558e-12,3.05003184656362e-12,2.970396801815511e-07,3.681330294096564e-07,0.20720223589781603,0.2720140322590944,9.989336675767078e-15,2.402659071216553e-14,9.455519236691935e-13,2.3437198283523327e-12,9.228860569392033e-12,9.433557176357273e-12,9.970804025324339e-06,1.0924365377100797e-05,0.017457148005999783,0.020408988541903414,0.25476337589608977,0.5200112128836368,0.03229428108952811,0.10356898636220167,1.425527311234818e-07,3.0144329130579097e-07,2.6545381939681567e-06,5.808300312751081e-06,2.16102728448486e-06,5.0459445141092416e-06,7.259488836127478e-05,0.00014841009351438777,2.1828970323712504e-08,4.6229729602165894e-08,4.155232840988303e-06,9.105239991999183e-06,1.3458194447115205e-10,4.02383658735431e-10,2.1442208019894373e-18,2.188654643844596e-18,1.1845516129792751e-11,1.3831217968599584e-11,8.270689774965846e-12,1.7491686031515885e-11,3.160669280447216e-15,5.992603852417606e-15,1.327623166090801e-08,2.6146839362731024e-08,5.981109537833878e-19,1.788453408591008e-18,0.0063853717863308,0.013035386654080237,3.4349515204485264e-31,9.999999999997932e-31,2.453490213758272e-09,7.884169981696105e-09,8.224773542757169e-11,2.5799379782489247e-10
0.537,1421.1873885682658,4.96776850683323,0.17651721723802463,4.71091234684742,0.48182139754388514,0.07078664962900254,1.3558570473145517e-05,9.9597670676848e-07,6.684549157301022e-12,7.793628609068222e-12,1.3043883024408455e-12,3.0416166451954206e-12,2.9658023910179223e-07,3.675739026323605e-07,0.20718133979063622,0.2719942044459495,9.961431480486776e-15,2.3960142355518067e-14,9.436392139006831e-13,2.339044230194707e-12,9.197786089567144e-12,9.402056328245073e-12,9.951444253276168e-06,1.090345896835982e-05,0.0174430117708005,0.02039303215550976,0.2547693218543634,0.5200378888615483,0.03229439714810492,0.10357225426818224,1.424556649837151e-07,3.012464567026464e-07,2.654784147032959e-06,5.809000883529477e-06,2.1576760802263875e-06,5.0382603972855584e-06,7.239256077180953e-05,0.00014800060090427463,2.1762177785380453e-08,4.608956392039145e-08,4.14682002859778e-06,9.087059301187007e-06,1.3421468453429525e-10,4.0129681572324173e-10,2.143272828557415e-18,2.1877481916017895e-18,1.1832114957957785e-11,1.38159565857068e-11,8.260652480148492e-12,1.7470946609132283e-11,3.1557229707044333e-15,5.983392973785638e-15,1.3275873555203727e-08,2.6146865113680675e-08,5.972544525313945e-19,1.7859422561412475e-18,0.0063851932623510636,0.013035386654100214,3.434855485124386e-31,9.999999999997925e-31,2.445626463889504e-09,7.859119936184747e-09,8.207147789585077e-11,2.57448112930743e-10
0.538,1421.0695819741654,4.9679754961912135,0.17650986269581784,4.716577752648133,0.481850701511502,0.07079292753045739,1.3544007606799584e-05,9.949346820212517e-07,6.6669545253101444e-12,7.773331342726719e-12,1.3007608950127604e-12,3.0332426586112277e-12,2.961224821955175e-07,3.67016797823483e-07,0.20716050909952152,0.27197443610391325,9.93366384753837e-15,2.3894018946851562e-14,9.417345101536346e-13,2.3343879988703223e-12,9.166883039741931e-12,9.370728088946417e-12,9.932165235244352e-06,1.0882638859989125e-05,0.01742892199446397,0.020377127298738792,0.2547752435472476,0.5200644684154614,0.032294517116702365,0.10357552526116877,1.4235884984221322e-07,3.010501138776264e-07,2.655029384914456e-06,5.8096993880308264e-06,2.1543379982224955e-06,5.030606024601096e-06,7.21912690917509e-05,0.00014759318955460442,2.1695742639965147e-08,4.595014306023204e-08,4.138444550106813e-06,9.068958563252216e-06,1.3384922724307233e-10,4.0021526469437614e-10,2.1423263592860034e-18,2.186843020636837e-18,1.1818758776299175e-11,1.3800745600428572e-11,8.250647743647666e-12,1.7450273264993113e-11,3.150794661519255e-15,5.9742151551033364e-15,1.3275516640662148e-08,2.614689077959027e-08,5.96400787126058e-19,1.783439277486264e-18,0.006385015332393193,0.013035386654120108,3.434759769348815e-31,9.999999999997908e-31,2.4378067809344535e-09,7.834209375812742e-09,8.189603999102002e-11,2.5690494476167987e-10
0.539,1420.9520312501982,4.968182223636439,0.17650251807129932,4.722243394197768,0.4818799126679995,0.07079918559515173,1.3529489390222261e-05,9.938957872746295e-07,6.649442864632374e-12,7.753128970813004e-12,1.2971513491689799e-12,3.0249095779928057e-12,2.956663986356753e-07,3.6646170207601384e-07,0.20713974346009423,0.27195472690457606,9.906032742133326e-15,2.382821805490432e-14,9.3983775729258e-13,2.3297510018183385e-12,9.13615005226184e-12,9.339571088320348e-12,9.912966432611278e-06,1.0861904480408313e-05,0.017414878424187017,0.02036127369520712,0.2547811411069469,0.5200909520665395,0.03229464097642024,0.10357879933301663,1.422622842873611e-07,3.0085426009570005e-07,2.655273911272742e-06,5.810395836876957e-06,2.151012954347807e-06,5.022981206808328e-06,7.199100550375835e-05,0.00014718784384579035,2.1629662107517552e-08,4.581146125845748e-08,4.130106152057897e-06,9.050937239133243e-06,1.334855592640738e-10,3.9913896672925366e-10,2.1413813835288294e-18,2.185939121562832e-18,1.1805447295122904e-11,1.378558469001024e-11,8.240675367669054e-12,1.742966560098277e-11,3.1458842377711786e-15,5.965070186470088e-15,1.3275160910757834e-08,2.614691636100453e-08,5.95549940235694e-19,1.7809444230925018e-18,0.006384837993182234,0.013035386654139995,3.4346643713600776e-31,9.999999999997913e-31,2.430030813299049e-09,7.809437193275206e-09,8.17214156693821e-11,2.5636427485182005e-10
0.54,1420.8347350181498,4.968388690534869,0.1764951833135456,4.727909271199202,0.48190903152238956,0.07080542393051116,1.3515015559074557e-05,9.928600041637412e-07,6.632013569239309e-12,7.733020804139321e-12,1.29355953069392e-12,3.0166170976022704e-12,2.9521197770628183e-07,3.6590860261541034e-07,0.20711904251390756,0.27193507652608695,9.878537139980767e-15,2.3762737272983963e-14,9.379489008082462e-13,2.325133107985696e-12,9.105585774499979e-12,9.30858397123866e-12,9.893847312087787e-06,1.0841255263677263e-05,0.017400880809135454,0.02034547107065806,0.2547870146675883,0.520117340337897,0.032294768705514364,0.10358207646603716,1.421659669266979e-07,3.0065889266012994e-07,2.6555177297581306e-06,5.811090240648134e-06,2.1477008655109166e-06,5.015385757000521e-06,7.179176228617189e-05,0.0001467845483495505,2.1563933442180274e-08,4.5673512822520554e-08,4.121804584083734e-06,9.03299479636246e-06,1.331236674019541e-10,3.980678833100348e-10,2.1404378905458842e-18,2.18503648488469e-18,1.1792180236159343e-11,1.377047354488659e-11,8.23073515640364e-12,1.7409123222990104e-11,3.1409915854789308e-15,5.955957860060587e-15,1.3274806359008414e-08,2.6146941858445634e-08,5.947018948118796e-19,1.7784576442510333e-18,0.006384661241469426,0.013035386654159788,3.4345692894105333e-31,9.999999999997888e-31,2.4222982138595212e-09,7.78480229535091e-09,8.154759895425585e-11,2.5582608493991315e-10
0.541,1420.7176919091403,4.96859489824802,0.17648785837181083,4.733575383356863,0.481938058576239,0.07081164264259449,1.3500585851771326e-05,9.91827314515841e-07,6.61466603972803e-12,7.713006161040453e-12,1.2899853067233276e-12,3.0083649147668165e-12,2.947592088030362e-07,3.653574868003246e-07,0.20709840590869755,0.27191548465342025,9.851176027245826e-15,2.369757421887012e-14,9.360678868153268e-13,2.320534187821552e-12,9.075188868814368e-12,9.277765397544781e-12,9.874807345769144e-06,1.082069064955698e-05,0.01738692890058088,0.02032971915311778,0.254792864365231,0.5201436337544919,0.032294900279327736,0.10358535663275101,1.4206989638672816e-07,3.004640089120139e-07,2.6557608440090784e-06,5.811782609877089e-06,2.1444016496619797e-06,5.00781949062905e-06,7.159353181210052e-05,0.00014638328782706783,2.1498553931829868e-08,4.553629212981004e-08,4.113539598895964e-06,9.015130709041487e-06,1.327635386000409e-10,3.970019763224879e-10,2.139495869505285e-18,2.18413510100043e-18,1.1778957337819941e-11,1.3755411874819968e-11,8.220826916033291e-12,1.7388645740917686e-11,3.136116591804808e-15,5.946877970132477e-15,1.3274452978972884e-08,2.6146967272403488e-08,5.938566340930732e-19,1.7759788930882067e-18,0.006384485074033885,0.013035386654179557,3.434474521767542e-31,9.999999999997888e-31,2.4146086399111516e-09,7.760303602739851e-09,8.137458393600651e-11,2.5529035696944387e-10
0.542,1420.600900567979,4.968800848117014,0.17648054319609308,4.739241730376709,0.4819669943324856,0.07081784183743349,1.3486200008244763e-05,9.90797700260176e-07,6.5973996817018455e-12,7.693084365493007e-12,1.2864285457583103e-12,3.000152729914421e-12,2.943080813952457e-07,3.648083420756901e-07,0.2070778332897226,0.27189595096717867,9.823948400272526e-15,2.363272653417139e-14,9.341946617743459e-13,2.3159541125897507e-12,9.044958010331665e-12,9.247114039798679e-12,9.855846009874624e-06,1.0800210082137475e-05,0.01737302245164074,0.020314017672605437,0.2547986903298649,0.5201698328271186,0.03229503567845754,0.10358863982214819,1.4197407129360546e-07,3.002696061896369e-07,2.6560032576099445e-06,5.812472954960207e-06,2.1411152250151087e-06,5.000282223691391e-06,7.139630650315564e-05,0.00014598404713454084,2.143352088315671e-08,4.539979359609768e-08,4.1053109502801405e-06,8.997344453454783e-06,1.32405159919042e-10,3.9594120799270556e-10,2.138555309985638e-18,2.1832349607154452e-18,1.176577832093905e-11,1.374039936890486e-11,8.210950454003122e-12,1.7368232767155386e-11,3.131259144758428e-15,5.937830312469167e-15,1.3274100764277185e-08,2.614699260340272e-08,5.930141412546142e-19,1.773508121520292e-18,0.006384309487678437,0.01303538665419926,3.4343800667112126e-31,9.99999999999789e-31,2.4069617510147792e-09,7.735940043151013e-09,8.120236475357295e-11,2.5475707303090747e-10
0.543,1420.4843596485962,4.969006541477325,0.17647323773661008,4.744908311966222,0.48199583928805156,0.07082402161992798,1.347185777080628e-05,9.897711434911045e-07,6.580213906858882e-12,7.673254748384973e-12,1.282889117592078e-12,2.9919802464032362e-12,2.9385858505243967e-07,3.6426115600565735e-07,0.20705732430709653,0.27187647515314856,9.796853265320236e-15,2.3568191883693183e-14,9.323291726989072e-13,2.311392754882405e-12,9.014891888238761e-12,9.216628584599214e-12,9.836962785556363e-06,1.0779813010723093e-05,0.01735916121736616,0.0202983663612314,0.25480449269244115,0.5201959380666175,0.03229517488164306,0.10359192601684937,1.4187849028822615e-07,3.0007568186032075e-07,2.656244974129745e-06,5.813161286240724e-06,2.1378415106540874e-06,4.992773774144892e-06,7.120007886445768e-05,0.00014558681129476874,2.136883163285345e-08,4.5264011699242196e-08,4.097118394640673e-06,8.979635511454762e-06,1.3204851854956793e-10,3.9488554092457374e-10,2.1376162015518643e-18,2.182336054808943e-18,1.1752642915434651e-11,1.3725435726698116e-11,8.201105579510985e-12,1.7347883917612475e-11,3.126419133386193e-15,5.9288146847382474e-15,1.3273749708591174e-08,2.6147017851950213e-08,5.921743996791301e-19,1.7710452820618177e-18,0.006384134479231428,0.01303538665421892,3.4342859225353844e-31,9.999999999997906e-31,2.3993572106333396e-09,7.71171055656331e-09,8.103093560726252e-11,2.5422621540194237e-10
0.544,1420.368067814597,4.969211979657301,0.1764659419438519,4.750575127834398,0.48202459393440095,0.07083018209392451,1.3457558884292802e-05,9.88747626478881e-07,6.563108133070424e-12,7.653516647609206e-12,1.2793668933321858e-12,2.9838471705743834e-12,2.9341070944672873e-07,3.6371591627655227e-07,0.20703687861522174,0.2718570569015466,9.769889638783329e-15,2.3503967955973407e-14,9.304713671657061e-13,2.3068499886451185e-12,8.984989205842266e-12,9.186307732649178e-12,9.818157158975082e-06,1.0759498889917147e-05,0.0173453449547554,0.020282764953213316,0.25481027158428216,0.5202219499826484,0.0322953178663537,0.103595215194987,1.4178315202728223e-07,2.998822333226524e-07,2.656485997118931e-06,5.813847614001399e-06,2.1345804265530517e-06,4.985293961955618e-06,7.100484148608928e-05,0.0001451915655001716,2.1304483548076234e-08,4.512894098018431e-08,4.088961691069889e-06,8.96200337061479e-06,1.3169360181247147e-10,3.938349381009036e-10,2.1366785337595113e-18,2.1814383740382955e-18,1.1739550859521822e-11,1.371052065730209e-11,8.191292103599165e-12,1.732759881191252e-11,3.1215964478040545e-15,5.9198308865541755e-15,1.3273399805630085e-08,2.6147043018536945e-08,5.913373929840274e-19,1.7685903279079424e-18,0.006383960045546918,0.0130353866542385,3.4341920875477316e-31,9.999999999997915e-31,2.3917946861865655e-09,7.68761409540491e-09,8.086029075920949e-11,2.5369776654882315e-10
0.545,1420.2520237415351,4.969417163970318,0.17645865576885914,4.75624217769173,0.482053258761706,0.07083632336284547,1.3443303095175916e-05,9.8772713160452e-07,6.546081783300259e-12,7.633869406807467e-12,1.2758617453708955e-12,2.9757532116845873e-12,2.929644443280842e-07,3.6317261066636895e-07,0.20701649586867213,0.2718376959016818,9.743056546660556e-15,2.3440052462019786e-14,9.286211931390062e-13,2.30232568874285e-12,8.955248679078073e-12,9.156150197238199e-12,9.799428620497282e-06,1.0739267178746771e-05,0.017331573422677878,0.020267213184793322,0.2548160271332124,0.5202478690759165,0.03229546461271991,0.10359850734283987,1.4168805517079247e-07,2.9968925798019675e-07,2.6567263300874484e-06,5.814531948417885e-06,2.1313318931042352e-06,4.9778426079973145e-06,7.081058701389933e-05,0.0001447982950531785,2.12404740169556e-08,4.49945760228765e-08,4.0808406001012465e-06,8.944447521500622e-06,1.3134039714568075e-10,3.927893628442822e-10,2.1357422964405276e-18,2.180541909431371e-18,1.1726501885371417e-11,1.3695653862620544e-11,8.181509838623916e-12,1.7307377072276984e-11,3.1167909789856954e-15,5.9108787190788e-15,1.3273051049165366e-08,2.614706810366578e-08,5.905031047838658e-19,1.7661432122243874e-18,0.006383786183503193,0.013035386654258057,3.4340985600689404e-31,9.999999999997923e-31,2.3842738477007457e-09,7.663649620218889e-09,8.069042452192136e-11,2.5317170909065e-10
0.546,1420.1362261140935,4.969622095723268,0.17645137916292145,4.7619094612502035,0.4820818342548042,0.0708424455290905,1.342909015240837e-05,9.867096414219998e-07,6.529134286539291e-12,7.61431237646213e-12,1.2723735473746063e-12,2.967698081882356e-12,2.925197795466708e-07,3.62631227072477e-07,0.2069961757262434,0.2718183918472591,9.716353024802436e-15,2.3376443135911555e-14,9.267785991354917e-13,2.297819731368929e-12,8.925669037625264e-12,9.126154705385379e-12,9.780776665363173e-06,1.0719117341396193e-05,0.01731784638185993,0.020251710794221233,0.2548217594675257,0.5202736958462402,0.03229561509953725,0.10360180244200938,1.4159319839456867e-07,2.994967532678564e-07,2.656965976528584e-06,5.815214299610527e-06,2.1280958315808895e-06,4.970419535132892e-06,7.061730817725065e-05,0.00014440698542300638,2.117680045754225e-08,4.48609114732478e-08,4.072754884920594e-06,8.926967460326399e-06,1.309888921136914e-10,3.9174877884556224e-10,2.1348074794059674e-18,2.179646651982934e-18,1.1713495731351746e-11,1.3680835051655362e-11,8.171758598748091e-12,1.728721832456781e-11,3.1120026189488736e-15,5.9019579853751504e-15,1.3272703433013424e-08,2.6147093107827703e-08,5.896715189341052e-19,1.763703888876507e-18,0.006383612890003008,0.01303538665427749,3.434005338432899e-31,9.999999999997906e-31,2.3767943690917497e-09,7.639816103790021e-09,8.052133126814328e-11,2.5264802583034364e-10
0.547,1420.020673626811,4.969826776214787,0.17644411207764008,4.767576978223283,0.4821103208938696,0.07084854869413008,1.3414919807147141e-05,9.856951386379245e-07,6.512265077469386e-12,7.594844913505976e-12,1.2689021742630215e-12,2.9596814961601923e-12,2.920767050458826e-07,3.6209175350301193e-07,0.20697591785025204,0.2717991444354427,9.68977811863737e-15,2.331313773414688e-14,9.249435341740058e-13,2.2933319939207534e-12,8.896249024414185e-12,9.096319997340099e-12,9.762200793469961e-06,1.0699048846970487e-05,0.01730416359492839,0.02023625752180526,0.25482746871524437,0.5202994307910018,0.032295769305006515,0.10360510047178659,1.4149858038662297e-07,2.99304716644266e-07,2.6572049399133768e-06,5.815894677631723e-06,2.12487216400784e-06,4.9630245679124786e-06,7.042499778050874e-05,0.0001440176222282981,2.1113460314978492e-08,4.4727942033227954e-08,4.064704311017583e-06,8.909562688191896e-06,1.3063907440385938e-10,3.907131501528759e-10,2.133874072519379e-18,2.1787525927294635e-18,1.1700532142242218e-11,1.366606394075698e-11,8.162038199775874e-12,1.726712219793816e-11,3.107231260690143e-15,5.893068490283984e-15,1.3272356951036345e-08,2.61471180315016e-08,5.8884261945041995e-19,1.761272312188057e-18,0.00638344016197416,0.013035386654296845,3.4339124209869488e-31,9.999999999997925e-31,2.36935592776822e-09,7.616112529872448e-09,8.035300542762571e-11,2.5212669974454845e-10
0.548,1419.905364985782,4.970031206728993,0.17643685446515028,4.773244728325898,0.4821387191578019,0.07085463295902067,1.3400791812158559e-05,9.846836060681265e-07,6.495473595708161e-12,7.575466380445552e-12,1.2654475021962263e-12,2.9517031723261656e-12,2.9163521084496203e-07,3.6155417805546146e-07,0.20695572190320613,0.27177995336255245,9.663330882871584e-15,2.3250134034934386e-14,9.231159476514881e-13,2.2888623546931895e-12,8.866987394562932e-12,9.066644825501071e-12,9.74370050879503e-06,1.0679061168867962e-05,0.01729052482631896,0.02022085310981091,0.2548331550010339,0.5203250743989761,0.03229592720987453,0.10360840141925341,1.4140419983852947e-07,2.9911314557360405e-07,2.657443223673887e-06,5.816573092430691e-06,2.1216608128245274e-06,4.9556575317882514e-06,7.023364868245836e-05,0.00014363019119511433,2.1050451054832474e-08,4.4595662446655266e-08,4.056688645301798e-06,8.892232709149111e-06,1.3029093181666495e-10,3.896824411427369e-10,2.132942065907812e-18,2.1778597229651784e-18,1.1687610856625479e-11,1.3651340238903286e-11,8.152348458799328e-12,1.724708832409041e-11,3.1024767980415298e-15,5.884210040154176e-15,1.3272011597150806e-08,2.6147142875178252e-08,5.880163903547467e-19,1.75884843648132e-18,0.006383267996367806,0.013035386654316123,3.4338198060909693e-31,9.999999999997902e-31,2.3619582036799233e-09,7.592537890135958e-09,8.018544147889634e-11,2.5160771395793687e-10
0.549,1419.7902989054096,4.970235388545671,0.17642960627775928,4.7789127112744385,0.4821670295192871,0.07086069842366909,1.3386705922840111e-05,9.836750267126813e-07,6.478759286945967e-12,7.556176146688333e-12,1.2620094085655104e-12,2.943762830983071e-12,2.9119528706621994e-07,3.6101848895040623e-07,0.20693558755273317,0.2717608183305004,9.637010381823322e-15,2.3187429839001702e-14,9.21295789541984e-13,2.2844106933721204e-12,8.837882916762454e-12,9.037127955835528e-12,9.725275320226027e-06,1.0659153785690322e-05,0.017276929842291656,0.020205497302477348,0.2548388184509686,0.5203506271599891,0.032296088792622815,0.10361170526383419,1.4131005546035198e-07,2.9892203755714e-07,2.657680831231357e-06,5.81724955391429e-06,2.1184617014412394e-06,4.948318254413585e-06,7.004325382968536e-05,0.00014324467822522682,2.098777017384948e-08,4.4464067522063984e-08,4.048707657563009e-06,8.874977033403547e-06,1.2994445227765292e-10,3.8865661655581966e-10,2.1320114496028893e-18,2.1769680338753157e-18,1.167473162270758e-11,1.3636663666176317e-11,8.142689194794548e-12,1.7227116338536423e-11,3.0977391258973832e-15,5.8753824432728656e-15,1.3271667365314591e-08,2.614716763933026e-08,5.871928159579824e-19,1.7564322169226164e-18,0.006383096390159365,0.013035386654335372,3.4337274921179286e-31,9.999999999997916e-31,2.3546008808562782e-09,7.569091189113738e-09,8.001863396127127e-11,2.510910517809217e-10
0.55,1419.6754741115924,4.97043932292977,0.17642236746831902,4.784580926786735,0.4821952524501269,0.07086674518763164,1.3372661896029124e-05,9.82669383668667e-07,6.462121601543716e-12,7.536973586911335e-12,1.2585877719649908e-12,2.935860195463873e-12,2.90756923902724e-07,3.604846744915893e-07,0.20691551446628592,0.27174173903990223,9.610815688749289e-15,2.3125022967987732e-14,9.194830101659952e-13,2.2799768904635195e-12,8.808934371388343e-12,9.007768165954704e-12,9.706924740527107e-06,1.0639326180114027e-05,0.01726337841087045,0.020190189845952507,0.2548444591875093,0.5203760895547817,0.03229625403456568,0.10361501199367476,1.412161459639434e-07,2.987313900979878e-07,2.657917765966754e-06,5.817924071883865e-06,2.1152747536143514e-06,4.941006564185551e-06,6.985380621808793e-05,0.0001428610693174891,2.0925415187462262e-08,4.433315210625282e-08,4.040761118815349e-06,8.857795173688448e-06,1.295996238211412e-10,3.876356414484444e-10,2.1310822139288386e-18,2.1760775169328767e-18,1.166189418211175e-11,1.3622033934837482e-11,8.13306022791618e-12,1.7207205879110488e-11,3.093018139937032e-15,5.866585509341531e-15,1.3271324249539168e-08,2.6147192324442958e-08,5.863718805423557e-19,1.754023608572811e-18,0.006382925340346997,0.01303538665435461,3.4336354774529952e-31,9.999999999997923e-31,2.347283645632857e-09,7.545771438506565e-09,7.985257746020943e-11,2.505766966638172e-10
0.551,1419.5608893379658,4.970643011143397,0.17641513798980024,4.790249374582059,0.48222338841528223,0.07087277334922425,1.3358659491198102e-05,9.816666602178667e-07,6.4455599958757876e-12,7.517858082627942e-12,1.2551824721809339e-12,2.9279949918071335e-12,2.903201116504553e-07,3.5995272310575256e-07,0.2068955023170745,0.2717227151978144,9.584745886236548e-15,2.3062911265388234e-14,9.176775604246557e-13,2.2755608278740517e-12,8.780140552158749e-12,8.978564246811328e-12,9.688648287331259e-06,1.0619577839977535e-05,0.01724987030188588,0.020174930488339866,0.2548500773351947,0.5204014620665247,0.032296422914089545,0.10361832158714038,1.4112247008047607e-07,2.985412007381386e-07,2.6581540312540743e-06,5.818596656106923e-06,2.1120998941018954e-06,4.933722291775811e-06,6.966529893211567e-05,0.0001424793506481006,2.086338364242418e-08,4.4202911111056856e-08,4.0328488030161985e-06,8.840686649032548e-06,1.2925643460469676e-10,3.8661948123591254e-10,2.130154349078189e-18,2.1751881634649818e-18,1.1649098288861667e-11,1.3607450771499089e-11,8.123461380195879e-12,1.718735658744489e-11,3.088313736892253e-15,5.857819049982788e-15,1.3270982243873795e-08,2.6147216930977775e-08,5.855535687021091e-19,1.751622567406186e-18,0.006382754843952862,0.013035386654373775,3.4335437604942867e-31,9.999999999997932e-31,2.3400061884570644e-09,7.522577662988963e-09,7.968726662157097e-11,2.5006463224158575e-10
0.552,1419.4465433295086,4.970846454434221,0.17640791779570397,4.7959180543811035,0.48225143787860847,0.07087878300637925,1.3344698469326235e-05,9.806668397441096e-07,6.429073930981769e-12,7.498829020619048e-12,1.2517933901862446e-12,2.9201669487456807e-12,2.8988484067715343e-07,3.5942262330412703e-07,0.20687555077835876,0.2717037465102949,9.558800065704713e-15,2.3001092595370004e-14,9.158793915731242e-13,2.271162388350058e-12,8.75150026433903e-12,8.949515000869583e-12,9.6704454821546e-06,1.0599908257204919e-05,0.01723640528692829,0.02015971897964884,0.2548556730151727,0.520426745169757,0.032296595412189356,0.10362163403059885,1.4102902654395926e-07,2.9835146702366557e-07,2.6583896304284154e-06,5.819267316248395e-06,2.108937048034311e-06,4.926465268662408e-06,6.9477725106874e-05,0.00014209950849318153,2.0801673104532258e-08,4.407333948736358e-08,4.024970485427503e-06,8.823650981171419e-06,1.2891487289352264e-10,3.8560810164600343e-10,2.1292278455133183e-18,2.174299965063371e-18,1.1636343692002969e-11,1.3592913896829217e-11,8.113892474879476e-12,1.7167568107572456e-11,3.0836258142872333e-15,5.849082878249074e-15,1.327064134241997e-08,2.6147241459406044e-08,5.847378650075103e-19,1.7492290493059347e-18,0.006382584898021913,0.013035386654392916,3.433452339652156e-31,9.99999999999796e-31,2.332768202137511e-09,7.499508894586351e-09,7.952269613734337e-11,2.495548422891548e-10
0.553,1419.3324348396168,4.971049654044435,0.17640070683974307,4.801586965905979,0.48227940129858826,0.07088477425601238,1.333077859369112e-05,9.79669905791437e-07,6.412662873449304e-12,7.47988579396423e-12,1.2484204081130505e-12,2.9123757976433266e-12,2.8945110144362907e-07,3.5889436370886986e-07,0.20685565952771623,0.2716848326879883,9.532977327551843e-15,2.293956484312724e-14,9.140884553791855e-13,2.2667814558710652e-12,8.723012325791836e-12,8.920619243182105e-12,9.652315851037097e-06,1.0580316928509051e-05,0.01722298313935142,0.02014455507179839,0.2548612463493518,0.5204519393388193,0.03229677150827825,0.10362494930496859,1.4093581410327727e-07,2.981621865301763e-07,2.6586245668103397e-06,5.819936061923478e-06,2.10578614137411e-06,4.9192353282037e-06,6.929107795474236e-05,0.00014172152928324468,2.0740281167188097e-08,4.394443224326336e-08,4.017125943791683e-06,8.806687697126147e-06,1.2857492706955894e-10,3.8460146874628e-10,2.1283026936620335e-18,2.173412913273428e-18,1.1623630147967118e-11,1.3578423039993715e-11,8.104353336884194e-12,1.71478400868939e-11,3.0789542706115184e-15,5.840376808950892e-15,1.3270301539320142e-08,2.6147265910184737e-08,5.839247542650033e-19,1.7468430108423863e-18,0.00638241549962231,0.013035386654412017,3.433361213349444e-31,9.999999999997986e-31,2.3255693830730583e-09,7.476564176628569e-09,7.935886075504962e-11,2.4904731075097473e-10
0.554,1419.2185626321807,4.971252611203706,0.17639350507609242,4.807256108880198,0.4823072791320236,0.07089074719457855,1.3316899629269733e-05,9.786758420203325e-07,6.396326294655012e-12,7.461027801159826e-12,1.2450634092521326e-12,2.904621272494988e-12,2.8901888448619967e-07,3.583679330313965e-07,0.20683582824338767,0.27166597344137916,9.507276780933784e-15,2.2878325914361984e-14,9.123047039953796e-13,2.2624179153335245e-12,8.694675565931816e-12,8.891875800326591e-12,9.634258923970233e-06,1.0560803354768027e-05,0.017209603634197174,0.02012943851853379,0.2548667974569779,0.5204770450409612,0.03229695118367758,0.10362826739693576,1.408428315131176e-07,2.979733568436884e-07,2.6588588436872804e-06,5.820602902657994e-06,2.1026471005582372e-06,4.912032304804451e-06,6.910535074401976e-05,0.00014134539955959276,2.0679205444497154e-08,4.3816184429453466e-08,4.009314957407963e-06,8.789796327181723e-06,1.2823658562191711e-10,3.835995489156619e-10,2.12737888414795e-18,2.1725269998298835e-18,1.1610957408774323e-11,1.3563977924879213e-11,8.094843792446906e-12,1.7128172175438188e-11,3.0742990051785244e-15,5.831700658390229e-15,1.3269962828767008e-08,2.6147290283779733e-08,5.831142213281168e-19,1.744464408707849e-18,0.006382246645844209,0.013035386654431004,3.4332703800208406e-31,9.999999999997997e-31,2.318409430264655e-09,7.453742560577643e-09,7.919575526940764e-11,2.4854202171494663e-10
0.555,1419.1049254794675,4.971455327135963,0.17638631245914774,4.8129254830286685,0.48233507183057894,0.07089670191755494,1.3303061343168925e-05,9.776846322393035e-07,6.380063671271514e-12,7.442254446711456e-12,1.2417222780234283e-12,2.8969031098584045e-12,2.8858818042949127e-07,3.5784332008825083e-07,0.2068160566077141,0.2716471684852745,9.48169754365368e-15,2.2817373735022405e-14,9.105280900569882e-13,2.2580716527939257e-12,8.666488826299314e-12,8.863283510995209e-12,9.61627423528385e-06,1.0541367041449654e-05,0.017196266548244913,0.02011436907548284,0.25487232645790914,0.5205020627429654,0.03229713441829032,0.10363158828826859,1.407500775413323e-07,2.9778497557617686e-07,2.6590924643310767e-06,5.821267847926053e-06,2.0995198527846075e-06,4.904856034585185e-06,6.892053681557524e-05,0.00014097110600839972,2.061844357653862e-08,4.368859115041437e-08,4.001537307873696e-06,8.772976406512777e-06,1.2789983715255914e-10,3.826023088614777e-10,2.1264564075903813e-18,2.171642216452244e-18,1.159832523441107e-11,1.3549578284551399e-11,8.08536366936823e-12,1.71085640263783e-11,3.0696599182182073e-15,5.823054244536287e-15,1.326962520499277e-08,2.614731458064155e-08,5.823062512383662e-19,1.7420932001380724e-18,0.00638207833380061,0.013035386654449933,3.4331798381133086e-31,9.99999999999802e-31,2.311288046083752e-09,7.431043108500299e-09,7.90333745283373e-11,2.480389594312971e-10
0.556,1418.9915221641127,4.971657803052321,0.17637912894377664,4.81859508807768,0.48236277984465215,0.07090263852002687,1.3289263504146504e-05,9.76696260369986e-07,6.363874484618273e-12,7.423565140380586e-12,1.238396899978038e-12,2.8892210488603918e-12,2.881589799711599e-07,3.57320513782288e-07,0.20679634430332217,0.2716284175338614,9.456238742087108e-15,2.275670625113505e-14,9.087585665694746e-13,2.2537425551906055e-12,8.638450959657382e-12,8.834841225077025e-12,9.598361323139479e-06,1.0522007498060302e-05,0.017182971659902395,0.02009934650003416,0.2548778334690769,0.5205269929040458,0.03229732119421551,0.10363491196743997,1.406575509611154e-07,2.9759704034910773e-07,2.6593254319796683e-06,5.821930907111352e-06,2.096404325698705e-06,4.897706354651816e-06,6.873662956391268e-05,0.00014059863542205948,2.0557993223309217e-08,4.356164755160414e-08,3.993792778266514e-06,8.75622747339425e-06,1.275646703674198e-10,3.8160971559311136e-10,2.125535254811079e-18,2.1707585550564926e-18,1.1585733378835057e-11,1.3535223844910235e-11,8.075912796732488e-12,1.7089015295444134e-11,3.0650369107621256e-15,5.8144373868095416e-15,1.3269288662279736e-08,2.61473388012326e-08,5.815008290832565e-19,1.7397293424880297e-18,0.006381910560625715,0.013035386654468809,3.4330895860852014e-31,9.999999999998013e-31,2.304204935396797e-09,7.408464890258011e-09,7.887171342530658e-11,2.4753810828867127e-10
0.557,1418.8783514756346,4.971860040163341,0.17637195448488327,4.824264923754904,0.4823904036167344,0.07090855709568268,1.3275505883404846e-05,9.757107105051333e-07,6.347758221642997e-12,7.404959298328262e-12,1.235087161758509e-12,2.8815748311038612e-12,2.8773127390647466e-07,3.5679950313305105e-07,0.20677669101967155,0.27160972030919767,9.430899511069585e-15,2.269632142853156e-14,9.069960870916503e-13,2.2494305107974587e-12,8.610560831198e-12,8.806547804891708e-12,9.580519730310589e-06,1.0502724238997621e-05,0.017169718749374625,0.020084370551527408,0.2548833186106003,0.5205518359881212,0.03229751148952361,0.10363823840961224,1.4056525056438819e-07,2.9740954882164553e-07,2.6595577498692534e-06,5.822592089575188e-06,2.093300447924402e-06,4.890583104334318e-06,6.855362246793495e-05,0.00014022797476209709,2.0497852074465997e-08,4.343534884010042e-08,3.986081154509127e-06,8.739549072191604e-06,1.2723107408871602e-10,3.806217364587775e-10,2.1246154164723686e-18,2.1698760073846807e-18,1.1573181614845701e-11,1.3520914353740359e-11,8.066491005365476e-12,1.7069525641885486e-11,3.0604298848236524e-15,5.805849906421862e-15,1.326895319494102e-08,2.6147362945978544e-08,5.806979402423119e-19,1.737372793967424e-18,0.006381743323477538,0.013035386654487616,3.4329996224077236e-31,9.99999999999804e-31,2.297159806981656e-09,7.386006988060922e-09,7.871076691107885e-11,2.4703945285095164e-10
0.558,1418.7654122158383,4.972062039660175,0.1763647890380772,4.829934989789367,0.48241794359146223,0.07091445773833306,1.3261788253302692e-05,9.747279668145822e-07,6.331714373262957e-12,7.386436341186579e-12,1.2317929511319581e-12,2.873964200747656e-12,2.8730505308851023e-07,3.5628027722766124e-07,0.20675709644313284,0.2715910765283413,9.405678993800967e-15,2.263621725263879e-14,9.052406054409167e-13,2.2451354084946566e-12,8.582817316350815e-12,8.77840212295733e-12,9.56274900290003e-06,1.0483516782152483e-05,0.017156507598432423,0.02006944099099546,0.25488878199649184,0.5205765924451421,0.032297705287708055,0.10364156760702645,1.4047317514070886e-07,2.972224986462187e-07,2.659789421184425e-06,5.82325140455071e-06,2.090208148227761e-06,4.883486123236648e-06,6.837150904152746e-05,0.0001398591110582153,2.0438017833547438e-08,4.3309690251207e-08,3.978402223208667e-06,8.722940748630421e-06,1.268990372335893e-10,3.7963833908196346e-10,2.123696883638097e-18,2.1689945655791393e-18,1.156066969751534e-11,1.3506649537998335e-11,8.057098127083967e-12,1.70500947268954e-11,3.055838743096997e-15,5.7972916258096676e-15,1.326861879734909e-08,2.6147387015340104e-08,5.798975699952753e-19,1.7350235124696993e-18,0.006381576619534121,0.013035386654506367,3.4329099455628084e-31,9.999999999998044e-31,2.290152371247922e-09,7.363668489145556e-09,7.855052997446159e-11,2.465429777970372e-10
0.559,1418.6527031931673,4.9722638027327815,0.17635763255902706,4.835605285911455,0.48244540020650284,0.0709203405405476,1.324811038857449e-05,9.737480136346059e-07,6.3157424358372285e-12,7.367995695775512e-12,1.228514156929791e-12,2.8663889043657846e-12,2.8688030846414075e-07,3.55762825265371e-07,0.2067375602660515,0.2715724859151684,9.380576341770083e-15,2.257639172829642e-14,9.034920759659131e-13,2.2408571384444546e-12,8.555219302566323e-12,8.75040306381475e-12,9.545048691437852e-06,1.0464384650110576e-05,0.017143337990510356,0.020054557581273242,0.2548942237433483,0.5206012627286669,0.03229790256889401,0.10364489954075919,1.4038132349754276e-07,2.970358875113178e-07,2.6600204491067913e-06,5.823908861247412e-06,2.0871273563043656e-06,4.876415253075085e-06,6.819028287960002e-05,0.00013949203150246674,2.0378488232633177e-08,4.318466707951793e-08,3.970755773688441e-06,8.706402054249554e-06,1.2656854883101826e-10,3.7865949141200187e-10,2.1227796472319116e-18,2.168114221628555e-18,1.1548197395322523e-11,1.3492429140180953e-11,8.047733995396555e-12,1.7030722215088813e-11,3.051263389227334e-15,5.788762369145056e-15,1.3268285463909002e-08,2.61474110097517e-08,5.790997039064915e-19,1.7326814567216166e-18,0.006381410445995588,0.01303538665452498,3.4328205540443056e-31,9.999999999998014e-31,2.2831823423598425e-09,7.341448492600862e-09,7.839099765918313e-11,2.4604866797377907e-10
0.56,1418.54022322619,4.9724653305585855,0.1763504850038626,4.841275811852895,0.48247277389825566,0.07092620559450823,1.3234472065456363e-05,9.727708354039494e-07,6.299841910082093e-12,7.349636793841184e-12,1.2252506690582605e-12,2.8588486909735084e-12,2.8645703104856237e-07,3.552471365260875e-07,0.20671808218108034,0.2715539481929894,9.355590714550337e-15,2.251684287927649e-14,9.017504533577965e-13,2.2365955916240106e-12,8.527765687887197e-12,8.722549522571862e-12,9.527418350079532e-06,1.0445327369277398e-05,0.017130209710641255,0.02003972008692644,0.2548996439649404,0.5206258472849262,0.032298103315320154,0.10364823419833567,1.402896944465556e-07,2.968497131125698e-07,2.660250836784264e-06,5.8245644687851525e-06,2.084058002249166e-06,4.869370336441249e-06,6.800993762632733e-05,0.000139126723384361,2.0319261022147528e-08,4.3060274657335496e-08,3.9631415966078485e-06,8.689932543378685e-06,1.2623959800875703e-10,3.7768516168518235e-10,2.1218636983888186e-18,2.167234967727527e-18,1.153576447246146e-11,1.3478252897661484e-11,8.038398444994035e-12,1.7011407773429126e-11,3.0467037276098324e-15,5.780261961956456e-15,1.3267953189073293e-08,2.614743492965661e-08,5.78304327561116e-19,1.7303465854945638e-18,0.006381244800082887,0.013035386654543615,3.4327314463572254e-31,9.999999999998004e-31,2.276249436772279e-09,7.319346104665379e-09,7.82321650518599e-11,2.455565083583193e-10
0.561,1418.4279711411427,4.972666624310534,0.17634334632888873,4.8469465673467536,0.48250006509775367,0.0709320529913941,1.3220873062267052e-05,9.717964167064186e-07,6.2840123017431605e-12,7.331359072840502e-12,1.2220023784708165e-12,2.8513433119631292e-12,2.860352119420505e-07,3.5473320039112865e-07,0.20669866188524672,0.2715354630898458,9.330721279780686e-15,2.2457568748239995e-14,9.000156927753374e-13,2.2323506601356204e-12,8.500455381740126e-12,8.694840405715421e-12,9.509857537117238e-06,1.0426344470438496e-05,0.01711712254551206,0.020024928274314235,0.2549050427760841,0.5206503465606369,0.03229830750741452,0.10365157156111929,1.4019828681303826e-07,2.9666397317263783e-07,2.6604805873527767e-06,5.82521823624066e-06,2.0810000169187937e-06,4.8623512176482985e-06,6.783046699625297e-05,0.00013876317413405066,2.0260333977562648e-08,4.293650836888197e-08,3.955559484901091e-06,8.673531775196478e-06,1.2591217400086953e-10,3.76715318447328e-10,2.1209490282064285e-18,2.1663567960221678e-18,1.1523370702500005e-11,1.346412055864555e-11,8.029091312082901e-12,1.6992151071932222e-11,3.042159663517309e-15,5.771790231370411e-15,1.3267621967330457e-08,2.6147458775479683e-08,5.775114267452757e-19,1.728018858143437e-18,0.006381079679038674,0.013035386654562211,3.43264262101829e-31,9.999999999997993e-31,2.2693533741990576e-09,7.2973604418423595e-09,7.807402728964294e-11,2.4506648408209677e-10
0.562,1418.3159457742413,4.972867685148981,0.17633621649087328,4.85261755212742,0.4825272742349555,0.07093788282203078,1.3207313158844106e-05,9.708247422297493e-07,6.268253120860532e-12,7.313161975087616e-12,1.2187691771766095e-12,2.843872521125369e-12,2.8561484231254284e-07,3.542210063217539e-07,0.20667929907571908,0.2715170303330212,9.305967213069267e-15,2.2398567396517053e-14,8.982877497169107e-13,2.228122236890169e-12,8.473287303938614e-12,8.667274630096767e-12,9.492365814414329e-06,1.040743548814379e-05,0.017104076283364845,0.020010181911479626,0.2549104202886838,0.5206747609950565,0.03229851512781963,0.10365491161725554,1.4010709942681515e-07,2.964786654220706e-07,2.660709703914914e-06,5.825870172602228e-06,2.0779533315738335e-06,4.855357741896914e-06,6.765186475278923e-05,0.0001384013712784253,2.0201704892522305e-08,4.2813363635753464e-08,3.948009232840469e-06,8.65719931168042e-06,1.2558626613816644e-10,3.75749930525383e-10,2.1200356279869205e-18,2.1654796988578417e-18,1.151101585320312e-11,1.3450031864443696e-11,8.019812434056973e-12,1.69729517829772e-11,3.0376311029672686e-15,5.763347005861431e-15,1.326729179321669e-08,2.614748254765738e-08,5.767209872786582e-19,1.7256982341063381e-18,0.006380915080125765,0.01303538665458074,3.432554076555065e-31,9.999999999997988e-31,2.262493876623812e-09,7.275490627723787e-09,7.79165795518092e-11,2.445785804045664e-10
0.5630000000000001,1418.2041459685543,4.973068514232011,0.17632909544668063,4.858288765930602,0.48255440173354414,0.0709436951761095,1.319379213729914e-05,9.698557968209646e-07,6.252563882645003e-12,7.295044948776305e-12,1.2155509582127224e-12,2.8364360745847276e-12,2.8519591341733915e-07,3.5371054388603216e-07,0.20665999345496863,0.2714986496557627,9.281327698014163e-15,2.2339836904158086e-14,8.965665801819081e-13,2.2239102160073388e-12,8.446260385730377e-12,8.639851124004584e-12,9.474942748070068e-06,1.0388599961435553e-05,0.017091070714066504,0.019995480768227356,0.2549157766166482,0.5206990910299055,0.03229872615641422,0.10365825434567283,1.400161311343786e-07,2.9629378762492184e-07,2.6609381895671264e-06,5.826520286827983e-06,2.0749178783393816e-06,4.8483897563508586e-06,6.747412473549706e-05,0.00013804130249692718,2.0143371587501208e-08,4.2690835935275713e-08,3.9404906372457594e-06,8.64093472025816e-06,1.2526186385811235e-10,3.74788967057069e-10,2.11912348892031e-18,2.1646036684552014e-18,1.1498699704360056e-11,1.3435986570298814e-11,8.010561649931912e-12,1.695380958222333e-11,3.0331179528888396e-15,5.75493211556803e-15,1.3266962661301106e-08,2.6147506246602805e-08,5.759329952466263e-19,1.7233846735988667e-18,0.0063807510006285645,0.013035386654599232,3.43246581150672e-31,9.999999999998004e-31,2.2556706695478492e-09,7.253735797004112e-09,7.775981706967916e-11,2.4409278274432255e-10
0.5640000000000001,1418.0925705781483,4.973269112701787,0.1763219831537558,4.863960208493315,0.48258144801773534,0.07094949014320771,1.3180309780786256e-05,9.688895653961729e-07,6.236944106024662e-12,7.277007446288118e-12,1.2123476156345085e-12,2.8290337307785e-12,2.847784165687777e-07,3.5320180271641e-07,0.206640744724003,0.27148032078846923,9.256801925739597e-15,2.2281375368829786e-14,8.948521404217128e-13,2.21971449219891e-12,8.419373567896211e-12,8.612568825226005e-12,9.457587907337634e-06,1.0369837432666576e-05,0.017078105629030182,0.019980824616038447,0.2549211118694434,0.5207233370963449,0.032298940576844376,0.10366159973707177,1.399253807805439e-07,2.961093375400239e-07,2.6611660473631415e-06,5.827168587767365e-06,2.071893589516725e-06,4.841447108530524e-06,6.729724081816603e-05,0.00013768295553586932,2.0085331896363683e-08,4.256892077204418e-08,3.933003495661035e-06,8.624737569813482e-06,1.2493895668776441e-10,3.738323974400407e-10,2.1182126025318958e-18,2.1637286973678704e-18,1.1486422026260852e-11,1.3421984420241942e-11,8.001338799624658e-12,1.693472414709103e-11,3.028620120840711e-15,5.7465453917597636e-15,1.326663456620337e-08,2.6147529872747795e-08,5.751474366290281e-19,1.7210781365040546e-18,0.006380587437851199,0.013035386654617625,3.4323778244230397e-31,9.999999999998007e-31,2.2488834800735686e-09,7.232095089321821e-09,7.760373511087415e-11,2.436090766297985e-10
0.5650000000000001,1417.981218463793,4.9734694816977,0.17631487956965783,4.869631879553867,0.48260841350613276,0.07095526781187848,1.3166865874750583e-05,9.679260330323056e-07,6.221393315014608e-12,7.259048925791442e-12,1.209159044510002e-12,2.821665250444217e-12,2.843623431672017e-07,3.5269477255059727e-07,0.20662155258852602,0.2714620434667585,9.232389095291682e-15,2.2223180906771422e-14,8.931443871812822e-13,2.215534961368104e-12,8.392625802409726e-12,8.585426682746724e-12,9.44030086561667e-06,1.0351147448588856e-05,0.01706518082120222,0.019966213228053847,0.2549264261581073,0.520747499627209,0.03229915837046212,0.10366494777446233,1.3983484722693398e-07,2.959253129600822e-07,2.6613932803496986e-06,5.82781508423878e-06,2.0688803982615134e-06,4.834529647897593e-06,6.712120694967734e-05,0.00013732631829205713,2.0027583679435864e-08,4.244761370563745e-08,3.925547608147234e-06,8.608607434617601e-06,1.246175342580648e-10,3.7288019137470757e-10,2.117302960238232e-18,2.1628547780287175e-18,1.1474182597348209e-11,1.3408025167717024e-11,7.992143724677633e-12,1.6915695158294065e-11,3.024137515285416e-15,5.7381866673576545e-15,1.3266307502577515e-08,2.61475534265085e-08,5.743642976910503e-19,1.7187785835418763e-18,0.00638042438911824,0.013035386654635975,3.4322901138647968e-31,9.999999999998027e-31,2.2421320387689096e-09,7.21056765525686e-09,7.744832899383797e-11,2.4312744774487206e-10
0.5660000000000001,1417.8700884954187,4.973669622348708,0.17630778465233143,4.875303778851858,0.482635298615348,0.07096102827018808,1.3153460206076134e-05,9.66965184904609e-07,6.205911037746466e-12,7.241168850111492e-12,1.2059851408969055e-12,2.814330396566911e-12,2.8394768467845816e-07,3.521894432037231e-07,0.20660241675531182,0.271443817426726,9.208088413156832e-15,2.2165251651643336e-14,8.914432775381712e-13,2.2113715202108074e-12,8.366016051152356e-12,8.558423655440479e-12,9.423081199749144e-06,1.0332529559583881e-05,0.017052296085061047,0.019951646379075493,0.2549317195917386,0.5207715790498733,0.032299379519873855,0.10366829844456003,1.3974452934000326e-07,2.957417116863656e-07,2.661619891545496e-06,5.828459784983931e-06,2.065878238143841e-06,4.827637224827986e-06,6.69460171269194e-05,0.00013697137875742668,1.9970124814768353e-08,4.232691033211696e-08,3.9181227761127395e-06,8.592543891766843e-06,1.242975862929397e-10,3.719323188317413e-10,2.116394553622337e-18,2.1619819030311765e-18,1.1461981195136498e-11,1.3394108564972021e-11,7.982976267758104e-12,1.6896722298782444e-11,3.0196700453944798e-15,5.729855776565501e-15,1.3265981465119767e-08,2.6147576908302904e-08,5.735835647263173e-19,1.7164859755008e-18,0.006380261851774089,0.013035386654654238,3.4322026784034354e-31,9.999999999998025e-31,2.2354160784308297e-09,7.189152652357421e-09,7.729359407778598e-11,2.426478818973796e-10
0.5670000000000001,1417.7591795508683,4.973869535777019,0.1763006983599761,4.8809759061281675,0.4826621037583177,0.070966771605468,1.3140092563467224e-05,9.660070063147328e-07,6.190496806856708e-12,7.2233666871850524e-12,1.2028258018363994e-12,2.8070289343653997e-12,2.835344326435407e-07,3.5168580458032945e-07,0.20658333693389994,0.27142564240717243,9.183899093364776e-15,2.210758575478061e-14,8.897487689729169e-13,2.2072240663904884e-12,8.339543286347706e-12,8.531558712516446e-12,9.405928490302054e-06,1.031398331997401e-05,0.017039451216602865,0.019937123845550377,0.2549369922791684,0.5207955757896664,0.0322996040072567,0.10367165173238246,1.3965442599660332e-07,2.95558531540491e-07,2.661845883951334e-06,5.829102698689986e-06,2.0628870433498605e-06,4.820769691083457e-06,6.677166540670915e-05,0.0001366181250434704,1.9912953201936095e-08,4.2206806292093455e-08,3.910728802843537e-06,8.57654652234654e-06,1.2397910261294614e-10,3.709887500630799e-10,2.1154873743012805e-18,2.1611100649940167e-18,1.14498176006804e-11,1.338023436828139e-11,7.973836272877684e-12,1.6877805254208077e-11,3.015217621130118e-15,5.721552555025455e-15,1.326565644856421e-08,2.61476003185422e-08,5.728052241748834e-19,1.7142002735909965e-18,0.006380099823183096,0.013035386654672495,3.432115516621123e-31,9.99999999999804e-31,2.22873533462739e-09,7.167849246885716e-09,7.713952576676065e-11,2.421703650318912e-10
0.5680000000000001,1417.6484905162101,4.97406922309706,0.17629362065108267,4.886648261124944,0.48268882934482954,0.07097249790439324,1.3126762737321497e-05,9.650514826814654e-07,6.175150159314597e-12,7.205641909861497e-12,1.199680925341923e-12,2.7997606312668723e-12,2.8312257867494914e-07,3.51183846669895e-07,0.20656431283607127,0.27140751814892067,9.159820357358643e-15,2.2050181384886385e-14,8.880608193437334e-13,2.20309249847579e-12,8.313206490287712e-12,8.504830833242402e-12,9.388842321441648e-06,1.0295508287886155e-05,0.017026646013334465,0.01992264540556321,0.2549422443284675,0.5208194902688716,0.032299831814862304,0.10367500762286752,1.3956453608229457e-07,2.953757703608648e-07,2.6620712605470954e-06,5.829743833983028e-06,2.0599067486165916e-06,4.813926899659826e-06,6.65981459015576e-05,0.0001362665453726124,1.9856066760646575e-08,4.2087297267791243e-08,3.9033654933280735e-06,8.560614911048439e-06,1.236620731329214e-10,3.70049455594991e-10,2.1145814139643515e-18,2.1602392566003972e-18,1.1437691597314285e-11,1.3366402336474174e-11,7.964723585316152e-12,1.685894371276493e-11,3.0107801532127354e-15,5.71327683975698e-15,1.326533244768387e-08,2.614762365763337e-08,5.720292625890657e-19,1.711921439342264e-18,0.006379938300729329,0.013035386654690681,3.4320286271106525e-31,9.99999999999805e-31,2.2220895455024085e-09,7.146656613192379e-09,7.698611950785065e-11,2.41694883224168e-10
0.5690000000000001,1417.538020286156,4.974268685413602,0.1762865514844995,4.892320843585597,0.4827154757826647,0.0709782072531594,1.3113470519577686e-05,9.640985995297218e-07,6.159870636202614e-12,7.187993995649164e-12,1.1965504103908066e-12,2.79252525688845e-12,2.82712114451722e-07,3.5068355954075394e-07,0.2065453441747414,0.2713894443933987,9.13585143389997e-15,2.1993036727811776e-14,8.863793868519047e-13,2.1989767158552947e-12,8.28700465498834e-12,8.478239006596643e-12,9.371822280755817e-06,1.0277104025059811e-05,0.01701388027421878,0.019908210838776214,0.25494747584596106,0.5208433229047807,0.03230006292602899,0.10367836610413617,1.3947485848905537e-07,2.951934259978816e-07,2.662296024287059e-06,5.8303831994185315e-06,2.056937289139231e-06,4.807108704571478e-06,6.642545277398256e-05,0.0001359166280666255,1.9799463428907385e-08,4.1968378979182584e-08,3.8960326540153064e-06,8.544748645642486e-06,1.233464878585989e-10,3.6911440621808565e-10,2.1136766644304734e-18,2.1593694706568442e-18,1.1425602966260632e-11,1.3352612225804465e-11,7.955638051529344e-12,1.6840137364997376e-11,3.0063575530808287e-15,5.705028469082079e-15,1.3265009457293292e-08,2.6147646925987707e-08,5.712556665911748e-19,1.709649434477889e-18,0.006379777281815813,0.013035386654708775,3.431942008475006e-31,9.999999999998034e-31,2.21547845151544e-09,7.125573932883613e-09,7.683337078868689e-11,2.412214226733763e-10
0.5700000000000001,1417.4277677619261,4.974467923829242,0.1762794908191672,4.897993653254793,0.48274204347353883,0.07098389973686789,1.3100215704185448e-05,9.631483425248976e-07,6.144657783278761e-12,7.170422427371336e-12,1.1934341568941266e-12,2.7853225829668398e-12,2.8230303173384226e-07,3.501849333579108e-07,0.2065264306679587,0.2713714208878265,9.111991558969067e-15,2.1936149986316067e-14,8.847044301491136e-13,2.1948766190035643e-12,8.26093678285758e-12,8.451782231952322e-12,9.354867959704837e-06,1.0258770097340176e-05,0.017001153799774845,0.01989381992654186,0.25495268693997014,0.5208670741172081,0.03230029732137587,0.10368172715525051,1.3938539212334011e-07,2.950114963309141e-07,2.6625201781195757e-06,5.831020803522984e-06,2.0539786008876516e-06,4.800314961590316e-06,6.625358025449077e-05,0.0001355683615834265,1.9743141168684857e-08,4.185004719598446e-08,3.8887300936232e-06,8.52894731874917e-06,1.2303233689352584e-10,3.681835730080155e-10,2.112773117426871e-18,2.158500699866628e-18,1.1413551501763144e-11,1.3338863807634183e-11,7.946579519418212e-12,1.6821385904366617e-11,3.0019497329963657e-15,5.6968072828243856e-15,1.3264687472236701e-08,2.6147670123991063e-08,5.704844230290703e-19,1.7073842213798936e-18,0.006379616763866139,0.013035386654726847,3.4318556593282208e-31,9.999999999998029e-31,2.208901796261449e-09,7.1046003974580944e-09,7.668127514416033e-11,2.407499697231615e-10
0.5710000000000001,1417.3177318559242,4.974666939428213,0.17627243861469225,4.903666689878436,0.4827685328217246,0.07098957544082829,1.3086998085994706e-05,9.622006973917353e-07,6.1295111495831976e-12,7.152926691545393e-12,1.1903320657284272e-12,2.7781523834344287e-12,2.8189532232838533e-07,3.496879583412534e-07,0.2065075720303947,0.27135344737416867,9.088239975676796e-15,2.187951937987055e-14,8.830359080882025e-13,2.190792108864199e-12,8.23500188487247e-12,8.425459517219483e-12,9.337978952538291e-06,1.0240506073496836e-05,0.01698846639188511,0.019879472451687984,0.25495787771282685,0.5208907443124309,0.03230053498692259,0.10368509077232774,1.3929613588788587e-07,2.9482997922995947e-07,2.662743724943993e-06,5.831656654702368e-06,2.0510306198912897e-06,4.793545526577317e-06,6.608252259984728e-05,0.00013522173443178932,1.9687097952639864e-08,4.1732297709575684e-08,3.881457621298125e-06,8.513210523808157e-06,1.2271961042128245e-10,3.6725692727253236e-10,2.1118707650756287e-18,2.157632937327934e-18,1.1401536980608795e-11,1.3325156832822026e-11,7.937547837684596e-12,1.680268902589631e-11,2.997556605787074e-15,5.688613121823429e-15,1.3264366487411985e-08,2.6147693252063855e-08,5.697155186121324e-19,1.7051257620005325e-18,0.006379456744321256,0.013035386654744891,3.431769578293678e-31,9.99999999999803e-31,2.20235932456351e-09,7.083735202178414e-09,7.652982814036261e-11,2.4028051081138877e-10
0.5720000000000001,1417.2079114843223,4.974865733300538,0.17626539483049083,4.909339953203671,0.48279494422189506,0.07099523444873705,1.307381746248371e-05,9.612556500409702e-07,6.114430289468503e-12,7.13550628075018e-12,1.187244038670561e-12,2.7710144342665785e-12,2.814889781394805e-07,3.49192624827394e-07,0.20648876798541285,0.2713355236048653,9.064595934346973e-15,2.1823143144851956e-14,8.813737800947767e-13,2.1867230877710236e-12,8.209198983070734e-12,8.399269881393215e-12,9.321154857829684e-06,1.0222311526903168e-05,0.016975817853946827,0.019865168198686254,0.2549630482724121,0.5209143339065136,0.03230077590240856,0.10368845693099711,1.3920708870972685e-07,2.9464887261480144e-07,2.6629666676754246e-06,5.832290761381234e-06,2.048093283316706e-06,4.786800257999073e-06,6.591227415565021e-05,0.00013487673529935558,1.9631331783987774e-08,4.161512637508706e-08,3.8742150493915265e-06,8.497537861165395e-06,1.224082987289831e-10,3.663344406217293e-10,2.1109695991546536e-18,2.1567661757778445e-18,1.1389559202596978e-11,1.3311491079013278e-11,7.928542856825453e-12,1.6784046428270263e-11,2.9931780852312264e-15,5.680445828662688e-15,1.3264046497736452e-08,2.614771631058128e-08,5.689489404936484e-19,1.7028740196046173e-18,0.006379297220642509,0.013035386654762898,3.431683764005742e-31,9.99999999999805e-31,2.1958507853279586e-09,7.062977555253208e-09,7.637902539753319e-11,2.398130325421156e-10
0.5730000000000001,1417.098305574751,4.975064306517417,0.17625835942666093,4.915013442978867,0.4828212780712226,0.07100087684448443,1.3060673631795282e-05,9.603131864253816e-07,6.099414760296995e-12,7.118160690943276e-12,1.1841699784288633e-12,2.7639085135561594e-12,2.810839911130068e-07,3.486989232012376e-07,0.20647001825302924,0.2713176493271209,9.041058692066343e-15,2.1767019533473e-14,8.797180057600771e-13,2.1826694584392097e-12,8.18352710762108e-12,8.373212351562445e-12,9.304395276767428e-06,1.0204186033667586e-05,0.016963207990769225,0.019850906953540505,0.25496819872057946,0.520937843301864,0.03230102005299832,0.10369182562401472,1.3911824950965254e-07,2.9446817439049215e-07,2.6631890091781154e-06,5.832923131859041e-06,2.04516652830498e-06,4.7800790142130285e-06,6.574282928779185e-05,0.0001345333529124759,1.9575840674630417e-08,4.1498529065075575e-08,3.867002190446651e-06,8.481928931468806e-06,1.2209839218069086e-10,3.6541608488871164e-10,2.1100696118760023e-18,2.1559004083884086e-18,1.137761795329248e-11,1.3297866307115638e-11,7.919564427995179e-12,1.6765457811431868e-11,2.9888140856157113e-15,5.672305246833688e-15,1.3263727498178775e-08,2.6147739299946645e-08,5.681846756201215e-19,1.700628956822869e-18,0.0063791381903091,0.013035386654780812,3.431598215108372e-31,9.999999999998053e-31,2.18937592841792e-09,7.042326667786368e-09,7.622886256477148e-11,2.3934752160633333e-10
0.5740000000000001,1416.9889130609004,4.97526266014754,0.1762513323634042,4.92068715895361,0.4828475347617636,0.07100650271102801,1.3047566394137723e-05,9.593732926427525e-07,6.0844641239875076e-12,7.100889423266878e-12,1.1811097886154321e-12,2.7568344014492602e-12,2.8068035327408653e-07,3.482068439424904e-07,0.20645132255754278,0.27129982429290717,9.017627513004202e-15,2.1711146814555094e-14,8.780685451183996e-13,2.1786311246536406e-12,8.157985298687622e-12,8.347285964819536e-12,9.287699814272274e-06,1.0186129173859335e-05,0.01695063660855163,0.01983668850376009,0.2549733291606389,0.5209612729024727,0.032301267421745945,0.10369519683706498,1.390296172236288e-07,2.942878824926722e-07,2.6634107523104166e-06,5.833553774408105e-06,2.0422502927697895e-06,4.77338165533268e-06,6.557418242932399e-05,0.00013419157613212836,1.9520622660102148e-08,4.138250170121462e-08,3.859818859267988e-06,8.466383340207625e-06,1.2178988123363978e-10,3.645018321781946e-10,2.109170795352289e-18,2.1550356282213222e-18,1.1365713025039026e-11,1.328428228585716e-11,7.910612403813457e-12,1.6746922878293674e-11,2.98446452204145e-15,5.664191221315613e-15,1.32634094837394e-08,2.6147762220550367e-08,5.6742271120033285e-19,1.6983905370557507e-18,0.006378979650818731,0.013035386654798684,3.4315129302554717e-31,9.99999999999805e-31,2.182934506787136e-09,7.021781760641907e-09,7.607933533661661e-11,2.388839648340408e-10
0.5750000000000001,1416.8797328842793,4.975460795252068,0.17624431360120346,4.926361100878697,0.48287371468266993,0.0710121121307155,1.3034495551146348e-05,9.584359548889484e-07,6.0695779463164194e-12,7.083691983233412e-12,1.1780633737258333e-12,2.7497918800983956e-12,2.802780567110449e-07,3.4771637760578264e-07,0.20643268062529904,0.2712820482560174,8.994301668001255e-15,2.1655523272543022e-14,8.764253585326821e-13,2.174607990985292e-12,8.132572605509581e-12,8.321489767321256e-12,9.271068078507377e-06,1.0168140530972211e-05,0.016938103514926018,0.019822512638409805,0.2549784396951192,0.5209846231093269,0.03230151799184125,0.10369857055596797,1.3894119079406938e-07,2.9410799486909546e-07,2.6636318999098387e-06,5.834182697240666e-06,2.0393445150825013e-06,4.766708042491911e-06,6.540632806123638e-05,0.0001338513939146152,1.946567579335126e-08,4.126704024112271e-08,3.852664872092077e-06,8.450900695894647e-06,1.2148275643080201e-10,3.6359165484433134e-10,2.108273141790042e-18,2.1541718284254454e-18,1.1353844213482088e-11,1.3270738787723134e-11,7.901686637989725e-12,1.6728441333942964e-11,2.980129310279886e-15,5.6561035983032816e-15,1.3263092449454137e-08,2.6147785072776314e-08,5.666630345055619e-19,1.696158723875615e-18,0.006378821599687697,0.013035386654816489,3.431427908110968e-31,9.999999999998064e-31,2.1765262756061693e-09,7.001342061635527e-09,7.593043944607475e-11,2.384223491723845e-10
0.5760000000000001,1416.7707639941436,4.975658712884187,0.17623730310083852,4.932035268506126,0.4828998182206972,0.07101770518536825,1.3021460906104701e-05,9.57501159474351e-07,6.054755797070302e-12,7.0665678809060565e-12,1.1750306391551123e-12,2.742780733700867e-12,2.7987709357903207e-07,3.4722751482523667e-07,0.20641409218421877,0.27126432097148234,8.971080434807713e-15,2.1600147208086e-14,8.747884067177653e-13,2.1705999628495105e-12,8.10728808654442e-12,8.29582281443903e-12,9.254499680968457e-06,1.015021969202601e-05,0.01692560851888421,0.01980837914802792,0.2549835304254164,0.5210078943197557,0.03230177174698752,0.10370194676790505,1.3885296917207678e-07,2.9392850948441727e-07,2.6638524547932495e-06,5.834809908510031e-06,2.036449134133135e-06,4.760058037988512e-06,6.523926071639388e-05,0.0001335127953196686,1.9410998146036994e-08,4.115214068112984e-08,3.845540046759826e-06,8.435480610446467e-06,1.211770084013099e-10,3.626855254921038e-10,2.107376643463083e-18,2.1533090022099046e-18,1.1342011313491624e-11,1.3257235584193007e-11,7.892786985454621e-12,1.6710012885923144e-11,2.975808366817335e-15,5.648042225292533e-15,1.3262776390396647e-08,2.6147807857010024e-08,5.659056329314986e-19,1.6939334812123494e-18,0.0063786640344501285,0.013035386654834226,3.4313431473483555e-31,9.999999999998046e-31,2.170150992434694e-09,6.981006806091879e-09,7.578217066560968e-11,2.379626616888386e-10
0.577,1416.662005346715,4.975856414092035,0.1762303008232824,4.937709661589088,0.48292584575854375,0.07102328195602776,1.3008462263869313e-05,9.565688928182532e-07,6.039997250011114e-12,7.049516630858688e-12,1.1720114911564927e-12,2.7358007484026526e-12,2.79477456100116e-07,3.467402463145683e-07,0.20639555696543344,0.27124664219768607,8.947963097710156e-15,2.154501693714159e-14,8.731576507469874e-13,2.1666069465223995e-12,8.08213080936777e-12,8.270284170658228e-12,9.237994236480508e-06,1.0132366247562914e-05,0.016913151430841333,0.01979428782469871,0.25498860145330043,0.5210310869304423,0.032302028669864064,0.1037053254564701,1.3876495131786274e-07,2.937494243210551e-07,2.6640724197635033e-06,5.835435416324327e-06,2.033564089367439e-06,4.753431505370678e-06,6.50729749806981e-05,0.00013317576951284342,1.9356587808793956e-08,4.1037799056844605e-08,3.838444202788373e-06,8.42012269934122e-06,1.2087262786053252e-10,3.6178341697758684e-10,2.106481292664709e-18,2.152447142794986e-18,1.1330214126687726e-11,1.3243772454535781e-11,7.88391330230708e-12,1.6691637244120593e-11,2.9715016088355498e-15,5.6400069510431254e-15,1.3262461301672673e-08,2.6147830573624032e-08,5.651504939943132e-19,1.691714773341526e-18,0.006378506952658826,0.013035386654851972,3.4312586466511814e-31,9.999999999998051e-31,2.1638084172789565e-09,6.9607752370307565e-09,7.56345248075669e-11,2.375048895725454e-10
0.578,1416.553455906579,4.976053899913939,0.17622330672986972,4.943384279881962,0.482951797677279,0.07102884252332145,1.2995499430642772e-05,9.556391414323388e-07,6.025301882550034e-12,7.03253775179754e-12,1.1690058368548653e-12,2.728851712330863e-12,2.7907913655549905e-07,3.4625456285750397e-07,0.2063770747008693,0.2712290116932265,8.924948947581125e-15,2.1490130791102713e-14,8.715330519926772e-13,2.1626288489937245e-12,8.057099850227785e-12,8.24487290912588e-12,9.221551362950207e-06,1.0114579791378453e-05,0.016900732062590896,0.019780238462003046,0.25499365287863385,0.5210542013328268,0.03230228874444002,0.10370870660911086,1.3867713619654188e-07,2.93570737370329e-07,2.664291797597374e-06,5.83605922872079e-06,2.030689320613427e-06,4.746828309032587e-06,6.490746548307321e-05,0.00013284030574507128,1.9302442888061974e-08,4.092401143644986e-08,3.8313771609319e-06,8.404826580657413e-06,1.205696056056117e-10,3.608853023947123e-10,2.1055870818317017e-18,2.1515862435391548e-18,1.131845245293763e-11,1.3230349175873845e-11,7.875065445685533e-12,1.667331412049511e-11,2.9672089541586133e-15,5.631997625479132e-15,1.3262147178426751e-08,2.6147853222994397e-08,5.643976052449713e-19,1.6895025646282477e-18,0.006378350351884325,0.013035386654869644,3.4311744047125566e-31,9.999999999998062e-31,2.1574983121317674e-09,6.940646603690345e-09,7.548749772025904e-11,2.370490201220913e-10
0.579,1416.4451146459269,4.9762511713798245,0.1762163207822468,4.949059123140299,0.48297767435615313,0.07103438696744598,1.2982572214204781e-05,9.547118919378736e-07,6.010669275931841e-12,7.015630766778929e-12,1.1660135842465723e-12,2.721933415594297e-12,2.7868212728995483e-07,3.457704553133702e-07,0.2063586451235111,0.27121142921730623,8.902037281990221e-15,2.1435487117073525e-14,8.699145721597443e-13,2.1586655780508856e-12,8.03219429420458e-12,8.219588111817777e-12,9.205170681464102e-06,1.0096859920632082e-05,0.016888350227206785,0.019766230854907602,0.25499868479977805,0.5210772379140198,0.03230255195559838,0.10371209021593873,1.3858952278117223e-07,2.9339244663895294e-07,2.6645105910497713e-06,5.8366813536759e-06,2.027824768179515e-06,4.74024831444495e-06,6.474272690133757e-05,0.0001325063933647283,1.9248561507969088e-08,4.081077392471238e-08,3.824338743440377e-06,8.38959187564396e-06,1.2026793251606318e-10,3.5999115507720453e-10,2.104694003482965e-18,2.1507262978767325e-18,1.1306726088395901e-11,1.3216965520894442e-11,7.866243273898536e-12,1.665504322936006e-11,2.962930321296159e-15,5.624014099772354e-15,1.326183401584203e-08,2.614787580550459e-08,5.636469543519138e-19,1.6872968197750232e-18,0.00637819422971399,0.013035386654887227,3.43109042023462e-31,9.999999999998051e-31,2.1512204412365927e-09,6.920620162379954e-09,7.534108528947962e-11,2.3659504075033576e-10
0.58,1416.336980543324,4.9764482295159445,0.17620934294220392,4.954734191120821,0.48300347616988276,0.07103991536775237,1.2969680423827042e-05,9.537871310592841e-07,5.996099015233299e-12,6.998795203207252e-12,1.1630346421412498e-12,2.7150456501477016e-12,2.782864207129609e-07,3.452879146184526e-07,0.20634026797003835,0.27119389453313963,8.879227404686797e-15,2.1381084276623937e-14,8.683021733024149e-13,2.154717042320258e-12,8.007413235151277e-12,8.194428869478944e-12,9.1888518163235e-06,1.0079206235884439e-05,0.016876005739150983,0.019752264799887353,0.2550036973160361,0.5211001970616796,0.03230281828665266,0.10371547626173379,1.3850211005379404e-07,2.9321455015117696e-07,2.66472880286499e-06,5.837301799128746e-06,2.0249703729243024e-06,4.733691388317522e-06,6.457875396504188e-05,0.00013217402182344587,1.9194941811099744e-08,4.069808266461377e-08,3.817328774211995e-06,8.374418209053872e-06,1.199675995547617e-10,3.591009486015278e-10,2.1038020501376843e-18,2.149867299233829e-18,1.1295034838318902e-11,1.3203621272826582e-11,7.857446646364655e-12,1.6636824287252474e-11,2.9586656294231332e-15,5.61605622630317e-15,1.3261521809130479e-08,2.614789832152053e-08,5.6289852909761045e-19,1.6850975038112034e-18,0.006378038583753394,0.013035386654904797,3.4310066919292985e-31,9.999999999998044e-31,2.144974571224063e-09,6.900695176919771e-09,7.519528343969335e-11,2.3614293898813466e-10
0.581,1416.2290525852482,4.976645075339316,0.1762023731718723,4.960409483581408,0.48302920349163037,0.07104542780319789,1.2956823870255647e-05,9.528648456230958e-07,5.981590689208668e-12,6.9820305926574164e-12,1.160068920203584e-12,2.7081882098903754e-12,2.778920092946975e-07,3.4480693178112813e-07,0.20632194297790615,0.27117640740417026,8.856518625954456e-15,2.1326920646652137e-14,8.666958177870979e-13,2.150783151175748e-12,7.982755775477406e-12,8.169394281406197e-12,9.172594394911693e-06,1.0061618340954915e-05,0.016863698414185994,0.0197383400948276,0.25500869052490827,0.5211230791585054,0.032303087722126714,0.10371886473488963,1.384148970031146e-07,2.930370459439518e-07,2.6649464357632776e-06,5.837920572952719e-06,2.0221260761374123e-06,4.727157398321904e-06,6.441554144920719e-05,0.00013184318066335077,1.914158195657231e-08,4.0585933833293496e-08,3.8103470785090855e-06,8.35930520852385e-06,1.1966859776478374e-10,3.582146567775829e-10,2.1029112144230335e-18,2.1490092411388526e-18,1.1283378505358664e-11,1.3190316211760903e-11,7.848675423610349e-12,1.6618657012932756e-11,2.954414798372744e-15,5.608123858648711e-15,1.3261210553541827e-08,2.614792077141335e-08,5.621523173468541e-19,1.6829045819985191e-18,0.006377883411624987,0.013035386654922355,3.43092321851762e-31,9.999999999998062e-31,2.138760470816661e-09,6.880870917694274e-09,7.505008813136423e-11,2.3569270247603304e-10
0.582,1416.121329764951,4.976841709861492,0.1761954114335903,4.9660850002810975,0.483054856691144,0.07105092435206657,1.294400236570802e-05,9.519450225576752e-07,5.967143890327796e-12,6.965336470920104e-12,1.157116328911202e-12,2.7013608905682454e-12,2.774988855677014e-07,3.4432749788391725e-07,0.20630366988718635,0.27115896759647,8.833910262271623e-15,2.12729946185702e-14,8.650954683116932e-13,2.1468638147868024e-12,7.958221026129588e-12,8.14448345543021e-12,9.156398047728359e-06,1.0044095842959761e-05,0.01685142806940415,0.019724456539057397,0.2550136645238689,0.5211458845858258,0.032303360245967624,0.10372225562166736,1.3832788262599768e-07,2.928599320700654e-07,2.6651634924498957e-06,5.838537682974865e-06,2.0192918196126737e-06,4.720646213262637e-06,6.425308417768554e-05,0.00013151385952396222,1.908848012102255e-08,4.047432364414144e-08,3.803393483124531e-06,8.34425250493974e-06,1.193709182699685e-10,3.57332253650432e-10,2.102021489001887e-18,2.1481521171484978e-18,1.1271756896316245e-11,1.3177050122543612e-11,7.839929467258104e-12,1.660054112735915e-11,2.9501777486316657e-15,5.600216851573774e-15,1.3260900244357817e-08,2.6147943155545963e-08,5.614083070749284e-19,1.6807180199153809e-18,0.006377728710968615,0.013035386654939847,3.4308399987299657e-31,9.999999999998076e-31,2.132577910986412e-09,6.861146662160997e-09,7.490549536203628e-11,2.35244318967676e-10
0.583,1416.0138110829462,4.977038134086749,0.1761884576899676,4.971760740980069,0.48308043613568913,0.071056405092111,1.2931215723881045e-05,9.510276488939397e-07,5.952758214722806e-12,6.948712377941378e-12,1.1541767795642467e-12,2.694563489796992e-12,2.771070421257677e-07,3.43849604082174e-07,0.2062854484396544,0.271141574877559,8.811401636404543e-15,2.1219304598534147e-14,8.635010878948281e-13,2.142958944092122e-12,7.933808106489934e-12,8.119695507814631e-12,9.140262408346507e-06,1.0026638352266746e-05,0.01683919452319882,0.019710613933317907,0.2550186194095119,0.521168613721888,0.03230363584241003,0.1037256489089781,1.382410659269174e-07,2.9268320659701464e-07,2.665379975610854e-06,5.8391531369669315e-06,2.0164675456135924e-06,4.714157702997224e-06,6.409137702134406e-05,0.00013118604813851416,1.903563449803187e-08,4.036324834559924e-08,3.7964678163046012e-06,8.329259732268954e-06,1.190745522736064e-10,3.5645371349647263e-10,2.1011328666028132e-18,2.1472959208785745e-18,1.1260169818951562e-11,1.3163822791049004e-11,7.831208640033727e-12,1.6582476353705283e-11,2.9459544013391108e-15,5.592335061029912e-15,1.3260590876894596e-08,2.6147965474279654e-08,5.606664863537591e-19,1.6785377834156551e-18,0.006377574479441092,0.013035386654957216,3.430757031305845e-31,9.999999999998051e-31,2.126426664867164e-09,6.841521694570833e-09,7.476150116542572e-11,2.347977763270101e-10
0.584,1415.906495546742,4.97723434901296,0.17618151190385414,4.977436705439642,0.48310594218961334,0.07106187010048691,1.2918463759896033e-05,9.501127117613381e-07,5.9384332621273245e-12,6.932157857752948e-12,1.1512501842647602e-12,2.687795807014451e-12,2.7671647162298306e-07,3.4337324160290777e-07,0.20626727837921632,0.27112422901696304,8.788992077228255e-15,2.1165849007017e-14,8.619126398718474e-13,2.1390684507899365e-12,7.909516144249523e-12,8.095029563128907e-12,9.124187113372068e-06,1.0009245482451814e-05,0.01682699759527395,0.01969681207977391,0.25502355527796616,0.5211912669426976,0.03230391449555974,0.10372904458304422,1.3815444591776457e-07,2.9250686760659765e-07,2.6655958879150547e-06,5.839766942649943e-06,2.013653196873222e-06,4.7076917384361476e-06,6.393041489744419e-05,0.00013085973633271118,1.898304329788369e-08,4.0252704220653454e-08,3.7895699077335592e-06,8.314326527527609e-06,1.1877949105763492e-10,3.555790108210978e-10,2.100245340010378e-18,2.146440645994085e-18,1.1248617083843296e-11,1.3150634006354235e-11,7.822512805728814e-12,1.6564462417281328e-11,2.9417446782712546e-15,5.5844783441262205e-15,1.3260282446501091e-08,2.6147987727970455e-08,5.599268433472876e-19,1.6763638386148983e-18,0.006377420714716397,0.01303538665497459,3.4306743149939845e-31,9.999999999998062e-31,2.1203065077280625e-09,6.821995305884564e-09,7.461810161105343e-11,2.343530625271604e-10
0.585,1415.7993821714558,4.97743035562903,0.17617457403843062,4.983112893422261,0.48313137521587973,0.07106731945398873,1.2905746290202871e-05,9.492001983809798e-07,5.924168635704896e-12,6.91567245827418e-12,1.1483364559237626e-12,2.6810576434980948e-12,2.7632716676959257e-07,3.4289840173973135e-07,0.20624915945041544,0.2711069297842909,8.766680919765288e-15,2.1112626278909512e-14,8.603300878643599e-13,2.135192247262997e-12,7.885344275143997e-12,8.070484753981275e-12,9.108171802294653e-06,9.991916850137952e-06,0.016814837106573947,0.019683050781935208,0.25502847222355135,0.5212138446193455,0.03230419619077359,0.10373244263384512,1.3806802161587762e-07,2.923309131907938e-07,2.6658112320075323e-06,5.840379107680208e-06,2.010848716504731e-06,4.7012481913348465e-06,6.377019276465368e-05,0.00013053491401456563,1.8930704745986642e-08,4.014268758350811e-08,3.782699588313321e-06,8.299452530299347e-06,1.1848572597965471e-10,3.547081203498861e-10,2.099358902129582e-18,2.145586286275423e-18,1.1237098498170524e-11,1.3137483553472072e-11,7.813841829145107e-12,1.654649904541944e-11,2.9375485018148396e-15,5.576646559080476e-15,1.3259974948563131e-08,2.6148009916981017e-08,5.591893662811652e-19,1.6741961517999693e-18,0.0063772674144845646,0.013035386654991906,3.4305918485517595e-31,9.999999999998053e-31,2.1142172167442417e-09,6.802566793037973e-09,7.447529280201719e-11,2.339101656435018e-10
0.586,1415.6924699788583,4.977626154918003,0.1761676440570985,4.988789304691494,0.48315673557448807,0.07107275322881319,1.2893063132598858e-05,9.482900960670094e-07,5.909963942098244e-12,6.899255731370476e-12,1.1454355082263732e-12,2.6743488022840088e-12,2.7593912033384894e-07,3.4242507585516256e-07,0.20623109140000404,0.27108967695128583,8.74446750491904e-15,2.105963486288126e-14,8.587533957992379e-13,2.1313302466258597e-12,7.861291642957242e-12,8.04606022102443e-12,9.092216117531355e-06,9.97465207504379e-06,0.016802712879309976,0.01966932984468696,0.25503337034028295,0.521236347121053,0.03230448091313673,0.10373584305022232,1.3798179204552425e-07,2.9215534145489113e-07,2.6660260105175575e-06,5.840989639666728e-06,2.00805404807065e-06,4.694826934455718e-06,6.361070562631002e-05,0.00013021157118109778,1.8878617083843775e-08,4.0033194781647484e-08,3.7758566903239252e-06,8.284637383087948e-06,1.1819324847355575e-10,3.538410170305274e-10,2.0984735459200735e-18,2.1447328355510446e-18,1.1225613872256877e-11,1.3124371221001232e-11,7.805195576097909e-12,1.652858596748093e-11,2.9333657949677144e-15,5.568839565220286e-15,1.3259668378497825e-08,2.614803204166812e-08,5.584540434594663e-19,1.672034689479078e-18,0.006377114576452176,0.013035386655009192,3.430509630745452e-31,9.999999999998062e-31,2.1081585711488963e-09,6.783235459432638e-09,7.433307087604099e-11,2.3346907385697545e-10
0.587,1415.5857579964595,4.977821747860071,0.1761607219233734,4.994465939012026,0.48318202362097434,0.07107817150033369,1.2880414106619865e-05,9.473823922553548e-07,5.8958187918143704e-12,6.8829072333036544e-12,1.1425472556367848e-12,2.6676690881788773e-12,2.755523251517119e-07,3.4195325539266474e-07,0.20621307397842573,0.27107247029375703,8.722351179654573e-15,2.100687322181904e-14,8.571825279758123e-13,2.127482362891772e-12,7.837357399976304e-12,8.021755113422965e-12,9.07631970472378e-06,9.957450780309916e-06,0.016790624736974367,0.01965564907430588,0.25503824972328815,0.5212587748180311,0.03230476864603031,0.10373924581527268,1.37895756243288e-07,2.91980150528879e-07,2.6662402260668055e-06,5.8415985461886754e-06,2.0052691357747735e-06,4.688427842016866e-06,6.34519485417057e-05,0.000129889697941456,1.88267785726254e-08,3.99242222034201e-08,3.7690410479289925e-06,8.269880732426844e-06,1.1790205005345014e-10,3.5297767604464245e-10,2.097589264275445e-18,2.1438802875739863e-18,1.1214163024144157e-11,1.3111296806473735e-11,7.796573913645077e-12,1.651072291534098e-11,2.929196481424567e-15,5.5610572231459e-15,1.3259362731749766e-08,2.614805410237343e-08,5.577208633950676e-19,1.6698794187721415e-18,0.006376962198342708,0.013035386655026411,3.430427660350436e-31,9.999999999998083e-31,2.1021303527360163e-09,6.764000616554995e-09,7.419143200946242e-11,2.330297754666309e-10
0.588,1415.47924525985,4.9780171354249045,0.17615380760115645,5.000142796149649,0.4832072397102334,0.07108357434367302,1.2867799032894943e-05,9.464770744564447e-07,5.88173279847532e-12,6.866626523859608e-12,1.1396716133991708e-12,2.6610183077630522e-12,2.7516677410881863e-07,3.4148293185435073e-07,0.20619510693602114,0.2710553095866337,8.700331296786421e-15,2.0954339832323275e-14,8.556174489356433e-13,2.1236485106500357e-12,7.813540706013127e-12,7.997568587855656e-12,9.060482212171723e-06,9.940312591880198e-06,0.016778572504296093,0.01964200827841172,0.25504311046518074,0.5212811280741486,0.03230505937480145,0.10374265091814913,1.3780991324825182e-07,2.9180533854671455e-07,2.6664538812488398e-06,5.842205834751308e-06,2.002493924090712e-06,4.682050788824742e-06,6.329391660418943e-05,0.00012956928447213764,1.877518748620794e-08,3.981576626329328e-08,3.762252496210539e-06,8.2551822267637e-06,1.1761212230476714e-10,3.5211807278124747e-10,2.0967060502703537e-18,2.143028636274779e-18,1.1202745767581762e-11,1.3098260102315651e-11,7.787976709710866e-12,1.6492909622595423e-11,2.925040485430047e-15,5.5532993944526534e-15,1.325905800380104e-08,2.6148076099447205e-08,5.569898145879604e-19,1.6677303067474134e-18,0.006376810277895615,0.013035386655043562,3.4303459361506575e-31,9.999999999998078e-31,2.0961323448716367e-09,6.744861580797873e-09,7.405037240906448e-11,2.3259225886403957e-10
0.589,1415.3729308119591,4.978212318573417,0.17614690105467154,5.005819875871248,0.4832323841958535,0.0710889618336114,1.2855217733196698e-05,9.455741302590311e-07,5.867705578861549e-12,6.8504131664006945e-12,1.1368084975161336e-12,2.6543962693409924e-12,2.747824601418104e-07,3.410140968026832e-07,0.2061771900237273,0.27103819460490836,8.678407214849426e-15,2.090203318440294e-14,8.540581234766787e-13,2.1198286051015567e-12,7.789840728396018e-12,7.973499808509648e-12,9.04470329084764e-06,9.923237138519553e-06,0.016766556007200294,0.01962840726592216,0.2550479526568181,0.5213034072485225,0.032305353086013025,0.10374605835166076,1.3772426210329267e-07,2.916309036490941e-07,2.6666669786339577e-06,5.842811512797056e-06,1.999728357812486e-06,4.675695650393172e-06,6.313660494371262e-05,0.00012925032102223722,1.8723842111955275e-08,3.9707823403522466e-08,3.7554908712895886e-06,8.240541516726636e-06,1.1732345688407435e-10,3.5126218283631477e-10,2.0958238971159013e-18,2.1421778757160633e-18,1.1191361913314839e-11,1.3085260897354193e-11,7.779403833109065e-12,1.6475145824611974e-11,2.920897731784065e-15,5.5455659417418954e-15,1.3258754190168855e-08,2.6148098033245827e-08,5.56260885556705e-19,1.665587320515873e-18,0.0063766588128658114,0.013035386655060733,3.4302644569383925e-31,9.999999999998104e-31,2.0901643326115103e-09,6.72581767384137e-09,7.390988831261724e-11,2.321565125350476e-10
0.59,1415.266813700122,4.978407298267719,0.1761400022481131,5.011497177944808,0.4832574574250628,0.07109433404382369,1.2842670031160981e-05,9.446735473829131e-07,5.8537367537226704e-12,6.834266728811636e-12,1.133957824726484e-12,2.6478027828891956e-12,2.7439937625888856e-07,3.405467418859185e-07,0.20615932299806422,0.2710211251301197,8.65657829814488e-15,2.084995178158521e-14,8.52504516803336e-13,2.1160225624310334e-12,7.7662566429451e-12,7.949547948078984e-12,9.028982595030635e-06,9.90622405250791e-06,0.01675457507289501,0.0196148458471497,0.2550527763920358,0.5213256127050545,0.03230564976265283,0.10374946809685982,1.376388018666837e-07,2.914568440079492e-07,2.666879520795177e-06,5.8434155877608665e-06,1.996972382492294e-06,4.669362303966025e-06,6.298000875214042e-05,0.00012893279796525356,1.8672740758671398e-08,3.960039011101529e-08,3.748756011463056e-06,8.225958257617604e-06,1.1703604552850152e-10,3.504099820409602e-10,2.0949427978565706e-18,2.141327999782275e-18,1.1180011286609896e-11,1.307229899730616e-11,7.770855153957675e-12,1.6457431259404807e-11,2.9167681460013396e-15,5.537856728922826e-15,1.3258451286391438e-08,2.614811990409701e-08,5.555340650914219e-19,1.663450427988395e-18,0.00637650780102524,0.013035386655077804,3.4301832215150914e-31,9.999999999998116e-31,2.08422610383942e-09,6.706868226315739e-09,7.376997599811371e-11,2.3172252508875581e-10
0.591,1415.1608929803992,4.978602075456759,0.17613311114615407,5.0171747021393935,0.4832824597459543,0.07109969104796557,1.2830155751423705e-05,9.437753136157973e-07,5.8398259467126476e-12,6.818186782259869e-12,1.1311195125413326e-12,2.6412376601418676e-12,2.7401751551349604e-07,3.4008085880558307e-07,0.2061415056139869,0.2710041009410468,8.634843916772925e-15,2.0798094141004526e-14,8.509565943299083e-13,2.1122302993199424e-12,7.742787632625056e-12,7.925712186390493e-12,9.013319781489493e-06,9.889272968748223e-06,0.01674262952976142,0.019601323833680243,0.255057581760831,0.5213477447986692,0.03230594939102943,0.10375288014522106,1.375535315973287e-07,2.912831577952832e-07,2.667091510271041e-06,5.844018066990619e-06,1.994225943867557e-06,4.663050627179478e-06,6.282412325001158e-05,0.000128616705731112,1.8621881746134814e-08,3.9493462895160046e-08,3.7420477557242145e-06,8.211432106169652e-06,1.1674988004260204e-10,3.495614464222895e-10,2.09406274577679e-18,2.1404790025959253e-18,1.1168693703221221e-11,1.3059374196682613e-11,7.76233054318428e-12,1.6439765666593333e-11,2.9126516541164843e-15,5.530171620844689e-15,1.3258149288047854e-08,2.6148141712347488e-08,5.54809341936794e-19,1.6613195969272484e-18,0.006376357240160947,0.013035386655094839,3.430102228690298e-31,9.999999999998106e-31,2.0783174477628854e-09,6.688012572964915e-09,7.36306317713904e-11,2.312902852187441e-10
0.592,1415.0551677143476,4.978796651086276,0.1761262277135936,5.022852448225151,0.48330739150276475,0.07110503291897202,1.2817674720149595e-05,9.42879416852141e-07,5.825972785009582e-12,6.802172901919653e-12,1.128293479199475e-12,2.6347007144870115e-12,2.736368710201466e-07,3.396164393361102e-07,0.20612373762959366,0.2709871218198734,8.61320344645357e-15,2.0746458792973613e-14,8.49414321803467e-13,2.1084517332516296e-12,7.719432888239785e-12,7.901991711116218e-12,8.997714509938658e-06,9.872383525266858e-06,0.016730719207368128,0.019587841038388572,0.25506236885395894,0.521369803884659,0.0323062519561448,0.10375629448377159,1.374684503643551e-07,2.911098432034641e-07,2.6673029495914296e-06,5.844618957803095e-06,1.991488988229729e-06,4.656760498924266e-06,6.266894370755526e-05,0.00012830203484920252,1.857126341167003e-08,3.9387038301767405e-08,3.735365944709315e-06,8.19696272262422e-06,1.164649523050824e-10,3.4871655222357775e-10,2.0931837341276525e-18,2.1396308782381014e-18,1.115740898387467e-11,1.3046486295722817e-11,7.753829872821585e-12,1.6422148788027336e-11,2.908548182795257e-15,5.522510483507866e-15,1.3257848190744736e-08,2.614816345833441e-08,5.540867050010293e-19,1.6591947955717232e-18,0.0063762071280755745,0.013035386655111838,3.4300214772819794e-31,9.999999999998118e-31,2.0724381558642864e-09,6.669250055708184e-09,7.349185197342596e-11,2.3085978172600654e-10
0.593,1414.9496369705707,4.978991026094164,0.1761193519155209,5.028530415973293,0.48333225303800975,0.07111035972937238,1.2805226764556418e-05,9.419858450582076e-07,5.812176898789223e-12,6.786224666358664e-12,1.1254796436572291e-12,2.628191760943245e-12,2.7325743594194274e-07,3.391534753093785e-07,0.2061060188039841,0.270970187549377,8.591656268283164e-15,2.0695044280401176e-14,8.478776652147072e-13,2.104686782290278e-12,7.696191607748007e-12,7.87838571707515e-12,8.982166442656895e-06,9.85555536279635e-06,0.016718843936482732,0.01957439727545277,0.2550671377608311,0.5213917903143954,0.03230655744381172,0.10375971110189264,1.373835572402687e-07,2.90936898430739e-07,2.6675138412647884e-06,5.845218267456079e-06,1.9887614621754392e-06,4.650491798764212e-06,6.251446542961254e-05,0.0001279887759175379,1.8520884105340472e-08,3.928111290288544e-08,3.7287104200390072e-06,8.182549769287058e-06,1.161812542629625e-10,3.4787527588685506e-10,2.092305756288146e-18,2.138783620913323e-18,1.1146156949615816e-11,1.3033635094955958e-11,7.745353015729894e-12,1.640458036720028e-11,2.904457659228165e-15,5.514873183862348e-15,1.3257547990120641e-08,2.6148185142394328e-08,5.533661431998787e-19,1.6570759921711903e-18,0.006376057462587294,0.013035386655128827,3.429940966116433e-31,9.999999999998148e-31,2.066588021223585e-09,6.650580021462563e-09,7.335363297486537e-11,2.3043100350178497e-10
0.594,1414.844299823992,4.97918520141244,0.17611248371724558,5.034208605156097,0.48335704469162266,0.07111567155116558,1.2792811713237345e-05,9.41094586295846e-07,5.7984379215230724e-12,6.770341657887377e-12,1.1226779255955208e-12,2.621710616176921e-12,2.728792034980314e-07,3.3869195862399925e-07,0.20608834889813515,0.2709532979140898,8.570201768911105e-15,2.064384915922212e-14,8.463465908496317e-13,2.1009353652094946e-12,7.673062996597535e-12,7.85489340657775e-12,8.966675244702174e-06,9.838788125012497e-06,0.016707003549046723,0.019560992360326022,0.2550718885704032,0.5214137044371583,0.032306865839764005,0.1037631299884651,1.3729885130522687e-07,2.9076432169029897e-07,2.6677241877840853e-06,5.8458160031615475e-06,1.9860433127511227e-06,4.644244407274896e-06,6.236068376437115e-05,0.00012767691962066447,1.847074219271753e-08,3.9175683302682315e-08,3.7220810247073044e-06,8.168192911382935e-06,1.1589877793418994e-10,3.470375940608078e-10,2.091428805675084e-18,2.1379372248575677e-18,1.1134937423297333e-11,1.3020820396941282e-11,7.736899845784525e-12,1.6387060149647526e-11,2.900380011198458e-15,5.507259589937394e-15,1.3257248681844199e-08,2.6148206764860342e-08,5.526476455522912e-19,1.6549631552716676e-18,0.00637590824152955,0.013035386655145729,3.4298606940281838e-31,9.999999999998148e-31,2.0607668389054007e-09,6.632001823390294e-09,7.321597117893083e-11,2.3000393953675015e-10
0.595,1414.7391553559833,4.979379177966501,0.1761056230843238,5.0398870155468956,0.4833817668015251,0.07112096845590905,1.2780429396095852e-05,9.402056287178083e-07,5.784755489874883e-12,6.754523462439859e-12,1.119888245413123e-12,2.6152570984870275e-12,2.7250216696127186e-07,3.3823188124247057e-07,0.2060707276743533,0.2709364526995986,8.548839340484474e-15,2.0592871998269537e-14,8.448210652741071e-13,2.0971974014543492e-12,7.650046267551779e-12,7.831513989251011e-12,8.951240583825708e-06,9.822081458441741e-06,0.016695197878140833,0.01954762610969806,0.25507662137070053,0.5214355465992037,0.032307177130147885,0.10376655113345538,1.3721433164608228e-07,2.905921112082803e-07,2.667933991624778e-06,5.846412172081639e-06,1.983334487414501e-06,4.638018205954267e-06,6.22075941008808e-05,0.0001273664567246094,1.842083605408457e-08,3.907074613576998e-08,3.7154776029773326e-06,8.153891816828371e-06,1.1561751540587546e-10,3.462034835955826e-10,2.0905528757667843e-18,2.1370916843626567e-18,1.112375022732943e-11,1.3008042003639095e-11,7.728470237836178e-12,1.6369587882864358e-11,2.8963151670637408e-15,5.499669570807409e-15,1.3256950261615476e-08,2.6148228326066723e-08,5.519312011690603e-19,1.6528562536820472e-18,0.006375759462750703,0.01303538665516258,3.4297806598597774e-31,9.999999999998144e-31,2.0549744058469735e-09,6.61351482054049e-09,7.307886302022629e-11,2.2957857891729356e-10
0.596,1414.634202652866,4.979572956680334,0.17609876998237367,5.045565646920074,0.48340641970080767,0.07112625051429218,1.2768079644579516e-05,9.39318960584834e-07,5.77112924398821e-12,6.738769669909554e-12,1.1171105241967084e-12,2.608831027735313e-12,2.7212631966604766e-07,3.377732352008421e-07,0.2060531548990525,0.2709196516961541,8.527568380475765e-15,2.0542111378860303e-14,8.433010553936024e-13,2.0934728112895637e-12,7.62714064100832e-12,7.808246682365394e-12,8.935862130709167e-06,9.805435012720863e-06,0.016683426758050963,0.019534298341569726,0.2550813362514348,0.5214573171490268,0.03230749129886782,0.10376997451937339,1.3712999736099684e-07,2.9042026523349616e-07,2.6681432552582762e-06,5.847006781357163e-06,1.9806349342185697e-06,4.631813077652487e-06,6.205519187909292e-05,0.00012705737809744075,1.8371164087534643e-08,3.89662980737771e-08,3.7089000008441706e-06,8.139646157246986e-06,1.1533745883792427e-10,3.4537292155366625e-10,2.0896779599631132e-18,2.136246993632853e-18,1.1112595194149324e-11,1.2995299728652195e-11,7.720064067841056e-12,1.635216331657973e-11,2.89226305580676e-15,5.4921029966878686e-15,1.3256652725157581e-08,2.614824982632807e-08,5.512167993494727e-19,1.6507552567633604e-18,0.006375611124114985,0.01303538665517937,3.4297008624623034e-31,9.999999999998151e-31,2.049210521309813e-09,6.595118379303281e-09,7.294230496840959e-11,2.291549108370556e-10
0.597,1414.5294408097575,4.979766538463715,0.17609192437752835,5.051244499051055,0.4834310037242647,0.07113151779711861,1.2755762290856627e-05,9.384345702053914e-07,5.75755882649665e-12,6.723079872996694e-12,1.1143446837519186e-12,2.602432225420093e-12,2.717516549837018e-07,3.373160125783484e-07,0.20603563033628056,0.2709028946902404,8.506388291663878e-15,2.0491565894759062e-14,8.417865282717773e-13,2.089761515350012e-12,7.604345343742916e-12,7.78509070955339e-12,8.920539558199332e-06,9.788848439761048e-06,0.016671690024165978,0.01952100887513964,0.25508603329783874,0.5214790164249121,0.032307808333828514,0.10377340014135211,1.3704584754565722e-07,2.902487820083344e-07,2.668351981118291e-06,5.847599838035588e-06,1.977944601279409e-06,4.6256289053291066e-06,6.190347255931612e-05,0.00012674967464679042,1.832172469936252e-08,3.886233580499052e-08,3.702348064668912e-06,8.12545560497514e-06,1.150586004508407e-10,3.4454588517353085e-10,2.0888040519609497e-18,2.135403147169342e-18,1.1101472144704874e-11,1.2982593372069219e-11,7.711681212387325e-12,1.633478620175884e-11,2.888223606849551e-15,5.484559738584422e-15,1.3256356068234095e-08,2.6148271265981485e-08,5.505044292700541e-19,1.6486601334972495e-18,0.006375463223500656,0.013035386655196143,3.4296213006943782e-31,9.99999999999816e-31,2.043474985504327e-09,6.5768118689870545e-09,7.280629351684008e-11,2.2873292456135938e-10
0.598,1414.424868925933,4.9799599242267805,0.17608508623592004,5.056923571716302,0.4834555192013427,0.07113677037425513,1.274347716878092e-05,9.375524460065088e-07,5.744043883610037e-12,6.707453668476408e-12,1.1115906465560691e-12,2.596060514565788e-12,2.713781663499063e-07,3.368602055313396e-07,0.20601815375474805,0.2708861814737664,8.48529848210332e-15,2.0441234152103993e-14,8.402774513352599e-13,2.086063435148887e-12,7.581659610191398e-12,7.762045302122354e-12,8.905272542123817e-06,9.772321394642083e-06,0.01665998751301669,0.019507757530846766,0.2550907125974881,0.5215006447687804,0.03230812822005765,0.10377682798503882,1.3696188130936253e-07,2.9007765980278076e-07,2.668560171639391e-06,5.84819134915439e-06,1.9752634373842453e-06,4.619465573474485e-06,6.175243165693161e-05,0.0001264433373909323,1.8272516314961775e-08,3.87588560574695e-08,3.6958216427410575e-06,8.111319836490082e-06,1.1478093253778584e-10,3.437223519057345e-10,2.0879311453208673e-18,2.1345601393268875e-18,1.109038091001205e-11,1.2969922745671957e-11,7.703321549245167e-12,1.631745629176593e-11,2.8841967502618722e-15,5.477039668688014e-15,1.3256060286630322e-08,2.614829264534462e-08,5.497940803546465e-19,1.6465708535940172e-18,0.006375315758801135,0.013035386655212845,3.42954197342279e-31,9.999999999998142e-31,2.037767601150443e-09,6.5585946668413725e-09,7.267082519484402e-11,2.2831260946572826e-10
0.599,1414.3204861075046,4.980153114871583,0.17607825552397902,5.062602864693304,0.4834799664602006,0.07114200831523705,1.273122411331425e-05,9.366725764914468e-07,5.730584064436595e-12,6.691890656409089e-12,1.1088483357749317e-12,2.589715719762873e-12,2.7100584724815166e-07,3.3640580627284907e-07,0.2060007249237823,0.27086951183877744,8.464298365055769e-15,2.0391114769247892e-14,8.387737922509229e-13,2.082378492773509e-12,7.559082681592675e-12,7.739109698180056e-12,8.890060760787692e-06,9.755853535062084e-06,0.016648319062255286,0.019494544130349074,0.2550953742363719,0.5215222025182141,0.0323084509436652,0.10378025803932414,1.3687809776557492e-07,2.89906896894445e-07,2.668767829234689e-06,5.848781321692826e-06,1.9725913916337418e-06,4.613322967274132e-06,6.160206472160593e-05,0.00012613835741625922,1.8223537372260213e-08,3.865585558513495e-08,3.6893205843545274e-06,8.097238530383986e-06,1.1450444745666395e-10,3.4290229938932356e-10,2.0870592337181163e-18,2.133717964570669e-18,1.1079321319828878e-11,1.2957287659692753e-11,7.6949849570348e-12,1.6300173341663686e-11,2.880182416633109e-15,5.469542660132653e-15,1.3255765376163023e-08,2.6148313964737933e-08,5.490857420587269e-19,1.6444873868470112e-18,0.0063751687279243584,0.013035386655229525,3.429462879522139e-31,9.999999999998153e-31,2.0320881725412003e-09,6.540466155045684e-09,7.253589656016971e-11,2.2789395501223833e-10
0.6,1414.2162914671958,4.980346111292846,0.17607143220840635,5.06828237776057,0.48350434582733126,0.07114723168921046,1.2719002960386525e-05,9.357949502294017e-07,5.717179020850213e-12,6.676390439986247e-12,1.1061176752364864e-12,2.583397667106975e-12,2.706346912069397e-07,3.3595280706912234e-07,0.20598334361369666,0.2708528855779349,8.443387358736034e-15,2.0341206376149323e-14,8.372755189104371e-13,2.0787066108471213e-12,7.536613805777148e-12,7.716283142419775e-12,8.874903894875703e-06,9.739444521230844e-06,0.016636684510664426,0.019481368496534233,0.2551000182992592,0.5215436900071925,0.032308776491480666,0.10378369029517419,1.367944960307764e-07,2.8973649156613774e-07,2.6689749562970574e-06,5.849369762574405e-06,1.969928413408614e-06,4.607200972530809e-06,6.145236733480577e-05,0.0001258347258722124,1.8174786320883424e-08,3.8553331166002137e-08,3.682844739708677e-06,8.083211367147286e-06,1.1422913762861617e-10,3.420857054473706e-10,2.0861883109486293e-18,2.1328766174823937e-18,1.1068293204157761e-11,1.294468792457138e-11,7.686671315139196e-12,1.6282937108028644e-11,2.8761805370378912e-15,5.4620685869303185e-15,1.3255471332678986e-08,2.6148335224481143e-08,5.483794038331346e-19,1.642409703024012e-18,0.0063750221287928715,0.013035386655246162,3.4293840178748805e-31,9.99999999999819e-31,2.026436505435283e-09,6.522425720364731e-09,7.240150419795286e-11,2.2747695074628887e-10
0.601,1414.112284122255,4.98053891438424,0.17606461625595232,5.073962110697631,0.48352865762469655,0.07115244056450899,1.2706813547700945e-05,9.349195559147668e-07,5.703828408285021e-12,6.660952626459316e-12,1.1033985894462058e-12,2.5771061842349674e-12,2.7026469181944176e-07,3.355012002640346e-07,0.20596600959866768,0.2708363024882941,8.42256488672561e-15,2.0291507615372013e-14,8.357825995673542e-13,2.0750477128693955e-12,7.514252238123724e-12,7.693564887101887e-12,8.859801628043774e-06,9.723094016519674e-06,0.016625083698135805,0.019468230453494658,0.255104644872523,0.5215651075718529,0.03230910484820914,0.10378712473649322,1.3671107523555612e-07,2.895664421293532e-07,2.6691815552173164e-06,5.8499566787066225e-06,1.9672744527589295e-06,4.601099476575225e-06,6.130333513291608e-05,0.00012553243401864012,1.8126261629476337e-08,3.84512796177188e-08,3.6763939609382234e-06,8.069238031429858e-06,1.1395499554601484e-10,3.412725481109657e-10,2.0853183706821283e-18,2.1320360925078587e-18,1.1057296400265142e-11,1.293212335916508e-11,7.678380504174613e-12,1.6265747349948345e-11,2.872191043211285e-15,5.454617324303924e-15,1.325517815204847e-08,2.6148356424879804e-08,5.476750553964489e-19,1.640337772683063e-18,0.006374875959343998,0.013035386655262778,3.4293053873713926e-31,9.999999999998188e-31,2.020812408082492e-09,6.5044727574505994e-09,7.226764472876584e-11,2.2706158632191544e-10
0.602,1414.0084631979948,4.980731525026802,0.17605780763382542,5.079642063285021,0.48355290217540925,0.07115763500950557,1.2694655713651256e-05,9.340463822877127e-07,5.690531884552878e-12,6.645576825761265e-12,1.100691003578737e-12,2.5708411003065676e-12,2.698958427145029e-07,3.350509782431931e-07,0.2059487226510945,0.27081976236394867,8.401830377551482e-15,2.0242017141078275e-14,8.342950026313292e-13,2.0714017227062205e-12,7.491997240053222e-12,7.67095419051498e-12,8.844753646016767e-06,9.706801686474372e-06,0.016613516465612235,0.019455129826464548,0.2551092540387408,0.521586455539568,0.03230943600189193,0.10379056135768744,1.3662783450860525e-07,2.8939674689044014e-07,2.669387628352516e-06,5.850542076912716e-06,1.964629459818161e-06,4.595018366896992e-06,6.115496377256122e-05,0.00012523147315483734,1.8077961774741837e-08,3.8349697774330225e-08,3.6699681005726145e-06,8.055318208662262e-06,1.1368201375889687e-10,3.404628055787217e-10,2.0844494068501087e-18,2.131196384354114e-18,1.1046330735995774e-11,1.2919593771237454e-11,7.670112405359178e-12,1.6248603827688124e-11,2.868213867306374e-15,5.447188748228505e-15,1.3254885830179104e-08,2.6148377566258504e-08,5.469726863634176e-19,1.6382715660600664e-18,0.006374730217528378,0.013035386655279316,3.4292269869092795e-31,9.999999999998225e-31,2.015215689676492e-09,6.48660666386564e-09,7.213431479592817e-11,2.2664785146199895e-10
0.603,1413.9048278244945,4.980923944099552,0.17605100630931705,5.085322235304277,0.4835770797985597,0.07116281509183839,1.2682529297898447e-05,9.331754181764863e-07,5.67728911051397e-12,6.630262651289526e-12,1.0979948434348535e-12,2.5646022459037793e-12,2.6952813757390815e-07,3.3460213345533294e-07,0.20593148254673355,0.2708032650027349,8.38118326452771e-15,2.0192733618647167e-14,8.328126967995623e-13,2.067768564915864e-12,7.469848079800984e-12,7.64845031776737e-12,8.829759637101131e-06,9.690567199376966e-06,0.01660198265513968,0.019442066441877886,0.2551138458816492,0.5216077342389817,0.03230976993890852,0.103794000147592,1.3654477298703053e-07,2.8922740417240054e-07,2.6695931780537703e-06,5.851125963991627e-06,1.961993385197442e-06,4.588957532066177e-06,6.100724895302442e-05,0.00012493183466545267,1.802988524842484e-08,3.824858250109504e-08,3.6635670125520437e-06,8.041451587285075e-06,1.1341018488260458e-10,3.396564562396514e-10,2.0835814133535947e-18,2.1303574876903246e-18,1.103539604664953e-11,1.2907098977194569e-11,7.661866900837315e-12,1.623150630337616e-11,2.8642489420172595e-15,5.4397827356642e-15,1.3254594363001e-08,2.6148398648926918e-08,5.462722864698737e-19,1.636211053742199e-18,0.006374584901311179,0.013035386655295852,3.429148815393893e-31,9.999999999998268e-31,2.0096461613615197e-09,6.468826843323024e-09,7.200151107343785e-11,2.2623573598317122e-10
0.604,1413.8013771368965,4.9811161724786315,0.1760442122498319,5.091002626537934,0.48360119080959507,0.07116798087846615,1.2670434141619798e-05,9.323066525157648e-07,5.66409975026741e-12,6.615009720129585e-12,1.0953100354696613e-12,2.5583894530971917e-12,2.691615701371648e-07,3.341546584182736e-07,0.20591428906432765,0.2707868102057437,8.360622986063766e-15,2.0143655725420713e-14,8.313356510840641e-13,2.064148164816874e-12,7.44780403264718e-12,7.626052541024757e-12,8.814819292337995e-06,9.674390226414593e-06,0.016590482109863514,0.01942904012736452,0.25511842048575545,0.5216289439992118,0.032310106644357836,0.10379744109069448,1.364618898187362e-07,2.8905841231993957e-07,2.6697982066647776e-06,5.851708346714698e-06,1.959366180053347e-06,4.582916861892144e-06,6.086018642068854e-05,0.00012463351002960495,1.7982030558740186e-08,3.814793069752262e-08,3.657190552424927e-06,8.027637859183207e-06,1.1313950159941078e-10,3.3885347867808935e-10,2.0827143840382365e-18,2.1295193971223065e-18,1.1024492173593873e-11,1.2894638800463335e-11,7.653643873831607e-12,1.6214454541325863e-11,2.8602962006346262e-15,5.432399164662098e-15,1.325430374646835e-08,2.6148419673182824e-08,5.455738456378737e-19,1.6341562068631139e-18,0.006374440008672003,0.01303538665531231,3.429070871738386e-31,9.99999999999829e-31,2.004103636419827e-09,6.4511327062916675e-09,7.186923026750765e-11,2.2582522980066884e-10
0.605,1413.6981102780705,4.981308211028437,0.17603742542320128,5.096683236769514,0.48362523552475545,0.0711731324363348,1.2658370086727399e-05,9.314400742893737e-07,5.6509634702829694e-12,6.599817652043278e-12,1.0926365067851302e-12,2.5522025554294756e-12,2.687961341801246e-07,3.3370854569246754e-07,0.20589714198120176,0.2707703977715829,8.340148985383964e-15,2.0094782150035308e-14,8.298638346596345e-13,2.0605404481112363e-12,7.425864379805343e-12,7.603760138375499e-12,8.799932304833457e-06,9.658270440947302e-06,0.016579014673966424,0.01941605071168176,0.25512297793215927,0.52165008514141,0.032310446106296874,0.10380088418077224,1.3637918415066947e-07,2.8888976967463e-07,2.6700027164980172e-06,5.85228923177465e-06,1.9567477956585534e-06,4.576896246420579e-06,6.0713771943364245e-05,0.00012433649076835828,1.7934396222284955e-08,3.804773928023116e-08,3.650838576205993e-06,8.013876717181816e-06,1.1286995664831198e-10,3.3805385164324503e-10,2.0818483129822374e-18,2.1286821074873662e-18,1.1013618949969982e-11,1.2882213054776246e-11,7.645443208186609e-12,1.6197448307073328e-11,2.8563555768696143e-15,5.4250379140311596e-15,1.3254013976571363e-08,2.6148440639340837e-08,5.448773537102964e-19,1.6321069963084106e-18,0.006374295537603752,0.013035386655328756,3.428993154863049e-31,9.999999999998302e-31,1.9985879291291987e-09,6.433523666321445e-09,7.173746910709909e-11,2.2541632289866072e-10
0.606,1413.5950263961881,4.981500060608914,0.17603064579742494,5.102364065783519,0.48364921425776064,0.07117826983188792,1.2646336976329114e-05,9.305756725642106e-07,5.637879939901657e-12,6.5846860700541656e-12,1.0899741851090898e-12,2.5460413878666796e-12,2.684318235277309e-07,3.3326378789683566e-07,0.20588004107658564,0.27075402750074035,8.319760710491645e-15,2.0046111592338248e-14,8.28397216960894e-13,2.056945341125426e-12,7.404028408980308e-12,7.581572394403476e-12,8.785098370123324e-06,9.642207518908933e-06,0.01656758019265766,0.0194030980247018,0.25512751830181873,0.5216711579854237,0.032310788312454077,0.10380432941033156,1.3629665513661295e-07,2.887214745914152e-07,2.6702067098538198e-06,5.852868625827196e-06,1.9541381836854082e-06,4.570895576596877e-06,6.0568001327016764e-05,0.00012404076847899215,1.7886980769255394e-08,3.794800519402117e-08,3.644510941130334e-06,8.000167856701977e-06,1.1260154283010343e-10,3.3725755406444647e-10,2.080983194288893e-18,2.1278456136421508e-18,1.1002776210530847e-11,1.2869821555677794e-11,7.637264788629734e-12,1.618048736793027e-11,2.852427004949897e-15,5.417698863520867e-15,1.3253725049326233e-08,2.6148461547711894e-08,5.441828006211045e-19,1.6300633932256325e-18,0.006374151486112665,0.013035386655345102,3.4289156636953673e-31,9.999999999998274e-31,1.9930988555098407e-09,6.415999142448532e-09,7.16062243495818e-11,2.2500900534804968e-10
0.607,1413.4921246426566,4.981691722082729,0.17602387334041789,5.108045113365434,0.48367312731599976,0.07118339313049026,1.2634334655265816e-05,9.297134365296102e-07,5.62484883192413e-12,6.569614601134319e-12,1.087322998774939e-12,2.5399057867506954e-12,2.680686320692723e-07,3.3282037772765385e-07,0.20586298613537743,0.27073769920047513,8.299457614202315e-15,1.999764276346647e-14,8.269357677914755e-13,2.0533627710812933e-12,7.382295415075685e-12,7.559488600912661e-12,8.77031718664789e-06,9.626201139326991e-06,0.01655617851225414,0.019390181897502985,0.2551320416790991,0.5216921628569401,0.032311133246628695,0.10380777675901726,1.36214301945802e-07,2.885535254568072e-07,2.6704101890399705e-06,5.853446535532729e-06,1.9515372965337536e-06,4.564914745032282e-06,6.04228704340263e-05,0.00012374633487239323,1.7839782749147057e-08,3.784872542396827e-08,3.6382075064854685e-06,7.986510977586265e-06,1.1233425301440617e-10,3.3646456507216775e-10,2.080119021858318e-18,2.1270099102287834e-18,1.0991963805199798e-11,1.2857464136381863e-11,7.629108501080569e-12,1.6163571493636518e-11,2.848510419738684e-15,5.410381894046428e-15,1.3253436960765005e-08,2.6148482398577648e-08,5.434901766022752e-19,1.6280253696438614e-18,0.0063740078522198425,0.013035386655361424,3.4288383971708138e-31,9.999999999998268e-31,1.98763623413642e-09,6.398558561809578e-09,7.147549278743419e-11,2.2460326732750537e-10
0.608,1413.389404178366,4.981883196295019,0.1760171080207257,5.113726379301711,0.4836969750105535,0.07118850239792829,1.2622362968665033e-05,9.288533553912824e-07,5.611869820972011e-12,6.554602874293788e-12,1.0846828767608664e-12,2.5337955898922086e-12,2.677065537174177e-07,3.323783079078349e-07,0.20584597693817908,0.27072141267181177,8.279239153963725e-15,1.9949374385423597e-14,8.254794570249801e-13,2.049792665354459e-12,7.360664698159829e-12,7.537508054848812e-12,8.75558845449601e-06,9.610250982948538e-06,0.016544809480074155,0.01937730216225284,0.25513654814220155,0.5217131000681021,0.03231148089836554,0.10381122622473188,1.3613212373956814e-07,2.883859206395188e-07,2.6706131563171454e-06,5.854022967438819e-06,1.9489450864519128e-06,4.558953643949748e-06,6.0278375132665784e-05,0.00012345318166965386,1.7792800714904994e-08,3.774989696181845e-08,3.6319281313420624e-06,7.972905779121076e-06,1.1206808012045927e-10,3.3567486394067384e-10,2.0792557900036355e-18,2.12617499230572e-18,1.0981181567615907e-11,1.2845140610985003e-11,7.62097423181903e-12,1.614670045460418e-11,2.844605756414541e-15,5.403086887082925e-15,1.3253149706961867e-08,2.6148503192251765e-08,5.427994716371344e-19,1.6259928968368902e-18,0.006373864633958829,0.01303538665537771,3.4287613542315476e-31,9.999999999998272e-31,1.9821998838824933e-09,6.381201352384506e-09,7.134527122989374e-11,2.241990990659107e-10
0.609,1413.2868641671753,4.982074484093658,0.17601034980680824,5.119407863379764,0.48372075764655403,0.07119359769897621,1.261042176338845e-05,9.27995418477662e-07,5.5989425850705676e-12,6.5396505224286e-12,1.0820537486389579e-12,2.5277106364516862e-12,2.673455824481045e-07,3.319375712363998e-07,0.20582901327092587,0.2707051677221472,8.259104791969474e-15,1.9901305191352583e-14,8.240282548993782e-13,2.0462349522050833e-12,7.339135565344917e-12,7.515630060223718e-12,8.740911876591478e-06,9.594356733541089e-06,0.016533472944466148,0.019364458652238143,0.2551410377725426,0.5217339699365754,0.03231183125350452,0.10381467779325247,1.360501196947924e-07,2.8821865854009e-07,2.670815613953607e-06,5.854597928098836e-06,1.9463615064083275e-06,4.553012167222088e-06,6.013451134708415e-05,0.0001231613007044297,1.7746033238581255e-08,3.76515168392054e-08,3.625672676806833e-06,7.959351964981116e-06,1.1180301713445766e-10,3.3488843013993017e-10,2.078393492834099e-18,2.1253408547165454e-18,1.097042934307297e-11,1.283285080714399e-11,7.612861868312898e-12,1.6129874023668127e-11,2.8407129507837493e-15,5.39581372525777e-15,1.3252863284008058e-08,2.6148523929024848e-08,5.421106760116723e-19,1.6239659469743905e-18,0.00637372182937698,0.013035386655393905,3.4286845338271657e-31,9.999999999998247e-31,1.9767896261500843e-09,6.363926950173811e-09,7.121555652051925e-11,2.237964908975247e-10
0.61,1413.1845037795265,4.982265586318091,0.1760035986674343,5.1250895653879684,0.4837444755284157,0.07119867909817276,1.259851088714779e-05,9.271396151749755e-07,5.586066804676007e-12,6.524757181186297e-12,1.0794355445879581e-12,2.521650766969845e-12,2.669857122766214e-07,3.314981605588377e-07,0.2058120949196526,0.27068896415839605,8.239053994943428e-15,1.9853433925021477e-14,8.225821318425776e-13,2.0426895603451313e-12,7.31770732958013e-12,7.493853926881904e-12,8.726287157971783e-06,9.578518077102801e-06,0.01652216875480727,0.019351651201865685,0.2551455106496381,0.5217547727751404,0.03231218429933003,0.10381813145478451,1.3596828899012847e-07,2.880517375617383e-07,2.6710175641949676e-06,5.8551714240062545e-06,1.9437865095833855e-06,4.547090209184055e-06,5.9991275027736664e-05,0.0001228706838624145,1.7699478902023318e-08,3.75535821079066e-08,3.619441004701998e-06,7.945849240332167e-06,1.1153905709873042e-10,3.34105243303275e-10,2.077532124605676e-18,2.1245074924486913e-18,1.0959706975013065e-11,1.2820594550279278e-11,7.604771298707885e-12,1.6113091975007876e-11,2.8368319390858637e-15,5.388562291982271e-15,1.3252577688024387e-08,2.6148544609191868e-08,5.414237799895547e-19,1.621944492148664e-18,0.006373579436534902,0.013035386655410095,3.4286079349143894e-31,9.999999999998263e-31,1.9714052835507753e-09,6.346734794954816e-09,7.108634552666564e-11,2.2339543322895658e-10
0.611,1413.0823221917776,4.982456503800975,0.17599685457162323,5.130771485115647,0.48376812895930554,0.07120374665974767,1.2586630188699216e-05,9.262859349416344e-07,5.573242162843775e-12,6.509922489163802e-12,1.0768281953905741e-12,2.5156158233619075e-12,2.666269372618201e-07,3.3106006877237333e-07,0.20579522167105038,0.27067280178773995,8.219086234207682e-15,1.9805759340991557e-14,8.21141058503565e-13,2.0391564190160094e-12,7.296379309818505e-12,7.472178970673598e-12,8.711714005898746e-06,9.562734701985315e-06,0.01651089676145759,0.019338879646610317,0.25514996685172686,0.5217755088929984,0.03231254002396342,0.10382158720201694,1.3588663080875342e-07,2.8788515611620807e-07,2.6712190092686752e-06,5.855743461604831e-06,1.941220049461938e-06,4.541187664849292e-06,5.9848662156776066e-05,0.0001225813230924078,1.7653136298574753e-08,3.745608984346058e-08,3.613232977808569e-06,7.932397312366348e-06,1.1127619311286318e-10,3.333252832308521e-10,2.0766716796593013e-18,2.123674900570457e-18,1.0949014304826445e-11,1.2808371663341802e-11,7.596702411938983e-12,1.6096354084385166e-11,2.8329626580328334e-15,5.381332471526567e-15,1.3252292915160033e-08,2.614856523305136e-08,5.407387738793017e-19,1.6199285045760458e-18,0.006373437453505934,0.013035386655426253,3.4285315564567816e-31,9.999999999998274e-31,1.966046680144109e-09,6.329624331050813e-09,7.095763514108226e-11,2.2299591654422573e-10
0.612,1412.9803185848127,4.982647237372614,0.17599011748848842,5.136453622353072,0.4837917182389062,0.07120880044728735,1.2574779518065498e-05,9.254343673245541e-07,5.56046834548138e-12,6.495146088203195e-12,1.0742316324098406e-12,2.5096056488626127e-12,2.6626925151293636e-07,3.306232888344348e-07,0.20577839331469286,0.2706566804205383,8.199200985569102e-15,1.975828020434564e-14,8.197050058044807e-13,2.0356354581179273e-12,7.275150831287071e-12,7.450604513732524e-12,8.697192130054257e-06,9.54700629910875e-06,0.01649965681578351,0.019326143823041587,0.25515440645791343,0.5217961786001183,0.032312898414196746,0.10382504502315498,1.3580514434253923e-07,2.8771891263259423e-07,2.671419951395961e-06,5.856314047314385e-06,1.938662079993617e-06,4.535304430285346e-06,5.970666875687007e-05,0.00012229321042438616,1.7607004035794307e-08,3.735903715094078e-08,3.607048460272703e-06,7.91899589119441e-06,1.1101441833651379e-10,3.3254852989807235e-10,2.0758121522984386e-18,2.1228430741056757e-18,1.0938351179541742e-11,1.279618197580852e-11,7.588655097853958e-12,1.6079660129405187e-11,2.829105044854855e-15,5.374124149106701e-15,1.325200896158608e-08,2.614858580089098e-08,5.400556481344336e-19,1.6179179568968849e-18,0.006373295878376619,0.01303538665544234,3.4284553974250186e-31,9.99999999999826e-31,1.960713641830893e-09,6.312595008598192e-09,7.082942228497279e-11,2.225979314143865e-10
0.613,1412.8784921450456,4.9828377878578936,0.17598338738734534,5.142135976891452,0.4838152436648693,0.07121384052394993,1.2562958726334515e-05,9.245849019443719e-07,5.547745041105295e-12,6.480427623108781e-12,1.0716457875944876e-12,2.5036200880391802e-12,2.6591264918375014e-07,3.301878137554268e-07,0.2057616096415794,0.27064059986841743,8.179397729288246e-15,1.971099529061664e-14,8.182739448972779e-13,2.03212660810249e-12,7.254021225171037e-12,7.42912988415426e-12,8.682721242365564e-06,9.53133256177091e-06,0.016488448770160043,0.019313443568827138,0.2551588295467391,0.521816782204322,0.032313259456930456,0.103828504906541,1.3572382878872245e-07,2.875530055502968e-07,2.6716203927835417e-06,5.856883187512689e-06,1.9361125554669967e-06,4.529440402319643e-06,5.9565290883895296e-05,0.00012200633795456095,1.7561080733150923e-08,3.726242116007274e-08,3.600887317282289e-06,7.905644689136634e-06,1.1075372598654534e-10,3.3177496344708087e-10,2.0749535368787975e-18,2.122012008125514e-18,1.0927717448064939e-11,1.2784025319283787e-11,7.580629247097652e-12,1.6063009889272333e-11,2.8252590372555654e-15,5.3669372107998924e-15,1.3251725823499098e-08,2.6148606312994968e-08,5.393743932699067e-19,1.6159128219253205e-18,0.006373154709246634,0.013035386655458383,3.4283794567968443e-31,9.99999999999826e-31,1.9554059960253446e-09,6.2956462824923935e-09,7.070170390533789e-11,2.2220146848920538e-10
0.614,1412.7768420652465,4.983028156073287,0.17597666423781727,5.14781854852293,0.4838387055344657,0.07121886695271597,1.255116766547651e-05,9.237375284821315e-07,5.535071940606386e-12,6.465766741374688e-12,1.0690705934809774e-12,2.497658986796739e-12,2.6555712446675555e-07,3.297536365915469e-07,0.205744870442512,0.27062455994216655,8.159675950058541e-15,1.966390338574255e-14,8.16847847121775e-13,2.028629799868929e-12,7.232989828291654e-12,7.407754415668765e-12,8.668301056812066e-06,9.515713185437045e-06,0.01647727247792051,0.019300778722676503,0.2551632361946809,0.5218373200082734,0.03231362314070684,0.10383196684559373,1.356426833468152e-07,2.873874333125137e-07,2.6718203356155543e-06,5.857450888518435e-06,1.9335714303882294e-06,4.523595478256353e-06,5.942452461988519e-05,0.00012172069783096664,1.751536501981825e-08,3.7166239020565335e-08,3.5947494147516553e-06,7.892343420032198e-06,1.1049410933373629e-10,3.3100456417698813e-10,2.0740958278933566e-18,2.1211816978356825e-18,1.0917112954971013e-11,1.2771901520238241e-11,7.57262475100571e-12,1.6046403144567448e-11,2.82142457336826e-15,5.3597715434623e-15,1.325144349712566e-08,2.6148626769656052e-08,5.386949997949202e-19,1.6139130724482355e-18,0.006373013944228004,0.013035386655474344,3.4283037335566384e-31,9.999999999998233e-31,1.950123571340987e-09,6.2787776113786185e-09,7.057447697218366e-11,2.218065184884357e-10
0.615,1412.675367542321,4.98321834283393,0.17596994800958532,5.153501337040578,0.4838621041410458,0.0712238797958597,1.2539406188714023e-05,9.228922367064385e-07,5.5224487376748455e-12,6.451163093681401e-12,1.0665059831622731e-12,2.491722192305464e-12,2.652026716043805e-07,3.293207504587008e-07,0.20572817551161748,0.2706085604563426,8.14003513687144e-15,1.9617003285742377e-14,8.154266840909811e-13,2.025144964975958e-12,7.212055983584358e-12,7.386477448130839e-12,8.653931289755941e-06,9.500147868102537e-06,0.01646612779339689,0.019288149124386693,0.25516762647953967,0.52185779231635,0.032313989452281755,0.1038354308277812,1.3556170722538263e-07,2.872221943805734e-07,2.6720197820724747e-06,5.8580171566320615e-06,1.931038659741333e-06,4.517769556485075e-06,5.9284366087558485e-05,0.0001214362822832243,1.7469855539168956e-08,3.707048791164981e-08,3.5886346199869786e-06,7.879091800699919e-06,1.1023556170765492e-10,3.3023731255848364e-10,2.0732390197768624e-18,2.1203521383762933e-18,1.0906537552213893e-11,1.2759810413706906e-11,7.564641501811787e-12,1.6029839677685772e-11,2.8176015918346846e-15,5.352627034878404e-15,1.3251161978712265e-08,2.614864717115275e-08,5.380174583691474e-19,1.611918681693202e-18,0.006372873581445874,0.013035386655490297,3.4282282266958316e-31,9.999999999998212e-31,1.9448661982378093e-09,6.26198845973599e-09,7.044773848363378e-11,2.2141307221788313e-10
0.616,1412.5740677787844,4.983408348948851,0.17596323867255673,5.15918434223839,0.4838854397764643,0.07122887911531155,1.2527674150388675e-05,9.220490164637625e-07,5.50987512858494e-12,6.4366163336457394e-12,1.0639518903124827e-12,2.4858095530587354e-12,2.6484928488351915e-07,3.2888914852575844e-07,0.2057115246439412,0.27059260122612755,8.120474783181177e-15,1.9570293797117732e-14,8.140104276466003e-13,2.021672035531619e-12,7.191219039824905e-12,7.365298327241847e-12,8.639611659775595e-06,9.484636310111634e-06,0.0164550145718794,0.019275554614796922,0.2551720004781406,0.521878199429983,0.032314358378956014,0.10383889684212062,1.3548089963879805e-07,2.870572872270897e-07,2.672218734318949e-06,5.858581998109535e-06,1.92851419885078e-06,4.51196253616004e-06,5.914481144272648e-05,0.00012115308360701927,1.7424550946425455e-08,3.697516503710496e-08,3.5825428013423683e-06,7.865889550184585e-06,1.0997807649363204e-10,3.2947318922484284e-10,2.0723831070173997e-18,2.119523324936151e-18,1.089599109108143e-11,1.2747751833879283e-11,7.556679392576086e-12,1.6013319272687473e-11,2.8137900317746395e-15,5.345503573704023e-15,1.3250881264532068e-08,2.614866751776479e-08,5.373417597356223e-19,1.6099296231276413e-18,0.006372733619037878,0.013035386655506211,3.4281529352125883e-31,9.999999999998198e-31,1.9396337086780955e-09,6.245278296771303e-09,7.032148546307015e-11,2.2102112056046083e-10
0.617,1412.472941983483,4.98359817521837,0.17595653619695673,5.164867563911273,0.4839087127324363,0.0712338649728642,1.2515971405543926e-05,9.212078576478421e-07,5.497350811767662e-12,6.422126117323046e-12,1.0614082491643283e-12,2.4799209188210888e-12,2.644969586251574e-07,3.2845882400171925e-07,0.20569491763410797,0.27057668206559277,8.10099438659748e-15,1.952377373611697e-14,8.125990497900006e-13,2.0182109440221873e-12,7.170478351057936e-12,7.34421640396666e-12,8.625341887331567e-06,9.469178213792294e-06,0.016443932669594825,0.01926299503576544,0.25517635826507573,0.5218985416451325,0.03231472990985042,0.10384236488328519,1.3540025980177666e-07,2.8689271032441e-07,2.672417194495907e-06,5.85914541914559e-06,1.92599800319159e-06,4.506174316756453e-06,5.9005856862773974e-05,0.00012087109414053428,1.737944990500864e-08,3.6880267617518987e-08,3.576473827710755e-06,7.852736388640534e-06,1.097216471277496e-10,3.287121749569904e-10,2.0715280842702237e-18,2.1186952528693892e-18,1.0885473418419916e-11,1.2735725609683499e-11,7.548738316936805e-12,1.5996841714773e-11,2.809989832690399e-15,5.338401049285508e-15,1.325060135088756e-08,2.6148687809780826e-08,5.366678945812894e-19,1.6079458700412312e-18,0.006372594055153616,0.01303538665552209,3.4280778581114958e-31,9.999999999998172e-31,1.93442593562141e-09,6.228646594794752e-09,7.019571495480682e-11,2.2063065446263487e-10
0.618,1412.3719893681973,4.983787822445234,0.1759498405529351,5.17055100185505,0.48393192329498047,0.07123883742933901,1.2504297810725605e-05,9.203687502584319e-07,5.4848754886771965e-12,6.407692104218846e-12,1.0588749944858906e-12,2.4740561405737073e-12,2.6414568720667823e-07,3.280297701633579e-07,0.20567835428183753,0.27056080279489575,8.081593448945473e-15,1.9477441928878146e-14,8.111925228441432e-13,2.014761623714076e-12,7.149833277627202e-12,7.323231035588754e-12,8.611121695442656e-06,9.453773284197137e-06,0.016432881943770728,0.019250470230240988,0.25518069991799286,0.5219188192629903,0.03231510403056047,0.10384583493440497,1.3531978694233762e-07,2.867284621720223e-07,2.6726151647505843e-06,5.859707425938258e-06,1.9234900288670197e-06,4.5004047991873885e-06,5.886749857409035e-05,0.00012059030632063167,1.7334551095076264e-08,3.6785792908406595e-08,3.570427569768957e-06,7.839632040064333e-06,1.0946626710671926e-10,3.2795425071306913e-10,2.0706739460192097e-18,2.1178679173487753e-18,1.0874984394291607e-11,1.2723731585442608e-11,7.5408181695699e-12,1.5980406791254473e-11,2.8062009346411156e-15,5.3313193519902165e-15,1.3250322234095786e-08,2.6148708047463605e-08,5.359958538435946e-19,1.60596739646421e-18,0.006372454887956042,0.013035386655537978,3.42800299440434e-31,9.99999999999819e-31,1.9292427142374318e-09,6.2120928331249285e-09,7.00704240338725e-11,2.2024166496514525e-10
0.619,1412.2712091531926,4.983977291416366,0.17594315171121067,5.17623465586644,0.48395507175354174,0.07124379654595449,1.249265322287714e-05,9.195316843203515e-07,5.472448862509887e-12,6.393313955795461e-12,1.0563520616269416e-12,2.4682150706239263e-12,2.6379546502924406e-07,3.276019803148545e-07,0.2056618343828942,0.27054496322847366,8.062271476310703e-15,1.9431297211547395e-14,8.097908192125661e-13,2.0113240080561307e-12,7.129283184602877e-12,7.30234158410357e-12,8.596950808688115e-06,9.438421228012191e-06,0.016421862252514886,0.019237980042128996,0.2551850255089342,0.5219390325724538,0.03231548073191602,0.1038493069952532,1.3523948028291388e-07,2.865645412566382e-07,2.672812647188403e-06,5.860268024585467e-06,1.9209902318953885e-06,4.494653884137096e-06,5.872973281117137e-05,0.00012031071259913702,1.7289853200796837e-08,3.669173817322327e-08,3.5644038981271346e-06,7.82657622823512e-06,1.0921192997245485e-10,3.2719939758238607e-10,2.0698206870958707e-18,2.117041313897332e-18,1.0864523862936589e-11,1.2711769586905824e-11,7.532918845558013e-12,1.596401429022476e-11,2.8024232779989254e-15,5.3242583727453675e-15,1.3250043910512511e-08,2.6148728231107077e-08,5.353256282744137e-19,1.6039941758614878e-18,0.006372316115619064,0.013035386655553772,3.4279283431087973e-31,9.999999999998188e-31,1.9240838800901496e-09,6.195616492245598e-09,6.994560979116839e-11,2.1985414315645743e-10
0.62,1412.17060056031,4.984166582924796,0.1759364696422968,5.181918525743067,0.48397815839037894,0.0712487423827427,1.2481037500660071e-05,9.186966499804322e-07,5.460070639683047e-12,6.378991337198506e-12,1.053839386449697e-12,2.4623975624430525e-12,2.634462865558193e-07,3.271754478349329e-07,0.20564535773965495,0.27052916318886455,8.043027978911762e-15,1.938533842996894e-14,8.08393911663415e-13,2.0078980313846356e-12,7.108827443517397e-12,7.281547417995735e-12,8.582828954337812e-06,9.423121754795522e-06,0.016410873454892064,0.01922552431637618,0.2551893351145684,0.5219591818708965,0.032315859999660114,0.10385278104904834,1.3515933906304764e-07,2.864009461002009e-07,2.6730096439308807e-06,5.860827221210251e-06,1.918498569060552e-06,4.488921474049739e-06,5.8592555865019715e-05,0.0001200323055419684,1.7245354925382466e-08,3.659810071526165e-08,3.558402685528432e-06,7.81356868154267e-06,1.0895862932883046e-10,3.264475968355643e-10,2.0689683020544506e-18,2.1162154377485756e-18,1.0854091685086782e-11,1.2699839459052049e-11,7.52504024113951e-12,1.5947664002140597e-11,2.7986568037325176e-15,5.317218003575471e-15,1.3249766376503956e-08,2.614874836097287e-08,5.346572089783274e-19,1.6020261827450238e-18,0.006372177736329612,0.01303538665556956,3.4278539032495333e-31,9.999999999998204e-31,1.91894927128498e-09,6.179217060718614e-09,6.982126935049522e-11,2.194680802262359e-10
0.621,1412.0701628190259,4.984355697750737,0.1759297943171694,5.187602611283446,0.48400118348951704,0.0712536749998811,1.2469450503136396e-05,9.178636374107426e-07,5.447740528384097e-12,6.364723915563993e-12,1.0513369053659354e-12,2.456603470753929e-12,2.630981462746893e-07,3.2675016613163835e-07,0.20562892415217482,0.2705134024950089,8.023862470953187e-15,1.9339564439337116e-14,8.070017730611633e-13,2.0044836282575455e-12,7.088465430604308e-12,7.260847910438102e-12,8.568755861260172e-06,9.407874575780914e-06,0.016399915410894517,0.01921310289894025,0.2551936288074894,0.5219792674464745,0.03231624182321516,0.10385625709064503,1.350793625179726e-07,2.862376752145642e-07,2.6732061570651448e-06,5.861385021851194e-06,1.9160149971187426e-06,4.4832074712747735e-06,5.845596403749979e-05,0.00011975507773567309,1.7201054976836598e-08,3.650487784742016e-08,3.5524238047905062e-06,7.80060912846978e-06,1.0870635882538733e-10,3.256988298758398e-10,2.0681167857368632e-18,2.115390284424773e-18,1.0843687713164698e-11,1.2687941037075444e-11,7.517182252954145e-12,1.593135571822775e-11,2.794901453121193e-15,5.310198137060429e-15,1.3249489628468869e-08,2.614876843733901e-08,5.339905868848734e-19,1.6000633910929505e-18,0.00637203974828621,0.01303538665558529,3.4277796738574644e-31,9.999999999998209e-31,1.9138387264457815e-09,6.162894028672361e-09,6.969739985243702e-11,2.1908346741475368e-10
0.622,1411.9698951622381,4.984544636674431,0.17592312570681343,5.19328691228698,0.48402414733084353,0.07125859445681777,1.245789209079731e-05,9.170326368842652e-07,5.435458239637388e-12,6.350511361264972e-12,1.0488445553162187e-12,2.450832651482538e-12,2.627510387264807e-07,3.263261286758848e-07,0.20561253342409527,0.2704976809700013,8.004774470825984e-15,1.9293974104680886e-14,8.056143765632519e-13,2.0010807339428986e-12,7.068196528051442e-12,7.240242440576217e-12,8.554731260718385e-06,9.392679404751987e-06,0.01638898798142703,0.019200715636771306,0.2551979066620243,0.5219992895899649,0.032316626189844364,0.10385973510776327,1.3499954989465442e-07,2.8607472713546393e-07,2.673402188678662e-06,5.861941432538115e-06,1.9135394733806248e-06,4.477511779428717e-06,5.831995367480256e-05,0.00011947902185598971,1.7156952078405007e-08,3.6412066914384934e-08,3.5464671303191445e-06,7.78769730091585e-06,1.0845511216854188e-10,3.249530782726583e-10,2.067266132866228e-18,2.1145658493210574e-18,1.0833311806191623e-11,1.2676074163827774e-11,7.509344778633317e-12,1.5915089231731234e-11,2.7911571679747395e-15,5.3031986667531236e-15,1.324921366282474e-08,2.6148788460470698e-08,5.33325753157022e-19,1.5981057755734346e-18,0.006371902149699561,0.013035386655600969,3.427705653970051e-31,9.9999999999982e-31,1.9087520861925865e-09,6.146646892560791e-09,6.957399846589131e-11,2.1870029604913783e-10
0.623,1411.8697968289443,4.984733400467761,0.1759164637825188,5.198971428553953,0.48404705019405664,0.07126350081285912,1.2446362124814563e-05,9.162036387199041e-07,5.42322348651076e-12,6.3363533469859236e-12,1.0463622737687274e-12,2.4450849617558436e-12,2.624049584844771e-07,3.259033289770568e-07,0.20559618535870827,0.2704819984359386,7.985763500843977e-15,1.924856630023285e-14,8.042316954796646e-13,1.997689284070371e-12,7.0480201230129265e-12,7.219730392518434e-12,8.540754885772972e-06,9.377535957387834e-06,0.01637809102830131,0.01918836237780747,0.255202168750394,0.5220192485869605,0.032317013088515534,0.10386321509341524,1.3491990044053644e-07,2.859121003987012e-07,2.6735977408361917e-06,5.8624964592420695e-06,1.9110719553037666e-06,4.471834302442255e-06,5.818452114370398e-05,0.00011920413061923962,1.7113044961127822e-08,3.6319665276833236e-08,3.540532537043554e-06,7.774832931860362e-06,1.0820488311275992e-10,3.2421032373530677e-10,2.0664163383226274e-18,2.113742127987697e-18,1.0822963819897755e-11,1.2664238678248333e-11,7.50152771636568e-12,1.5898864336996782e-11,2.787423890468569e-15,5.296219486866974e-15,1.3248938476016428e-08,2.6148808430639792e-08,5.326626989044706e-19,1.5961533106858206e-18,0.006371764938791921,0.013035386655616585,3.42763184263098e-31,9.999999999998184e-31,1.903689192093854e-09,6.130475151791279e-09,6.94510623796137e-11,2.1831855751683298e-10
0.624,1411.7698670624445,4.984921989899711,0.1759098085156876,5.204656159885525,0.48406989235613757,0.07126839412679525,1.2434860467511249e-05,9.153766333171338e-07,5.4110359845894936e-12,6.322249548277044e-12,1.0438899987108714e-12,2.4393602598824402e-12,2.6205990016673543e-07,3.254817605980618e-07,0.2055798797614825,0.27046635471723435,7.966829087345522e-15,1.9203339909676377e-14,8.028537033604728e-13,1.9943092148488167e-12,7.027935608152858e-12,7.199311155893947e-12,8.526826471634027e-06,9.362443951650147e-06,0.016367224414221965,0.01917604297095825,0.25520641514521575,0.5220391447229698,0.032317402507394996,0.10386669703784775,1.3484041341076492e-07,2.857497935554476e-07,2.6737928155951906e-06,5.8630501079088945e-06,1.908612400751083e-06,4.466174945165058e-06,5.804966284638145e-05,0.00011893039681269276,1.706933236846036e-08,3.622767032124471e-08,3.5346199010884985e-06,7.76201575683915e-06,1.0795566546538221e-10,3.2347054812740246e-10,2.0655673969644675e-18,2.1129191159473164e-18,1.0812643613107873e-11,1.2652434422835584e-11,7.493730965168012e-12,1.58826808300449e-11,2.783701563243868e-15,5.2892604924663e-15,1.3248664064510076e-08,2.6148828348111883e-08,5.320014153675915e-19,1.594205971311828e-18,0.006371628113797359,0.013035386655632204,3.427558238890271e-31,9.999999999998177e-31,1.898649887318495e-09,6.1143783108251745e-09,6.93285888072773e-11,2.179382432815176e-10
0.625,1411.6701051115701,4.985110405732287,0.17590315987797808,5.210341106083727,0.484092674093411,0.07127327445720973,1.2423386982030018e-05,9.145516111316875e-07,5.3988954516060674e-12,6.30819964312302e-12,1.041427668650443e-12,2.4336584053558045e-12,2.6171585842689497e-07,3.2506141714396223e-07,0.20556361643802235,0.2704507496379594,7.94797076059213e-15,1.9158293825905638e-14,8.014803739304504e-13,1.9909404629041907e-12,7.007942381167867e-12,7.178984125365794e-12,8.512945755375923e-06,9.347403107471504e-06,0.016356388002763136,0.01916375726607928,0.2552106459175411,0.5220589782794517,0.03231779443582555,0.1038701809349088,1.3476108806307118e-07,2.8558780516143065e-07,2.673987414994232e-06,5.863602384434362e-06,1.9061607678010454e-06,4.460533612922324e-06,5.791537520947805e-05,0.00011865781327219137,1.7025813052846683e-08,3.613607945263874e-08,3.5287290992834024e-06,7.74924551286777e-06,1.0770745308216137e-10,3.2273373345359254e-10,2.0647193037582007e-18,2.112096808827805e-18,1.0802351042078852e-11,1.2640661237022893e-11,7.485954424691988e-12,1.586653850816334e-11,2.779990129332792e-15,5.2823215793249464e-15,1.3248390424797827e-08,2.6148848213158057e-08,5.313418937894662e-19,1.5922637323323152e-18,0.006371491672961068,0.013035386655647772,3.427484841803958e-31,9.999999999998183e-31,1.8936340161526075e-09,6.098355877623228e-09,6.920657498343219e-11,2.1755934487044346e-10
0.626,1411.570510227636,4.985298648730707,0.17589651784094476,5.216026266951461,0.48411539567633394,0.07127814186169501,1.2411941532874745e-05,9.137285627152378e-07,5.386801608063169e-12,6.2942033126701935e-12,1.0389752225744731e-12,2.4279792587578857e-12,2.613728279706844e-07,3.2464229228241574e-07,0.2055473951992271,0.270435183028565,7.92918805461308e-15,1.9113426950649e-14,8.001116812122268e-13,1.9875829655851482e-12,6.988039845514016e-12,7.1587487013751216e-12,8.499112476437516e-06,9.332413147303052e-06,0.016345581658457554,0.019151505114072525,0.25521486114177433,0.5220787495437503,0.0323181888593493,0.10387366676602586,1.3468192366755855e-07,2.8542613379761004e-07,2.6741815410801158e-06,5.864153294722189e-06,1.9037170151248383e-06,4.454910212396513e-06,5.778165470493562e-05,0.00011838637292482045,1.698248578214219e-08,3.604489010820303e-08,3.5228600101217417e-06,7.73652194054712e-06,1.0746023987481388e-10,3.2199986188214673e-10,2.0638720534954587e-18,2.1112752020724647e-18,1.0792085977753631e-11,1.2628918977366088e-11,7.478197995530132e-12,1.585043717055233e-11,2.776289532275628e-15,5.2754026441479056e-15,1.3248117553383532e-08,2.614886802602039e-08,5.306841256524121e-19,1.5903265693357534e-18,0.006371355614540994,0.013035386655663315,3.427411650434915e-31,9.999999999998204e-31,1.8886414249215488e-09,6.082407366614716e-09,6.908501817099286e-11,2.171818538979404e-10
0.627,1411.4710816711195,4.98548671964158,0.17588988237680853,5.221711642292481,0.4841380573803565,0.07128299639848101,1.2400523984721525e-05,9.129074786282721e-07,5.374754175841783e-12,6.280260239603576e-12,1.036532600020793e-12,2.4223226819276684e-12,2.61030803520024e-07,3.2422437969923923e-07,0.20553121585050932,0.27041965471181056,7.910480507406094e-15,1.906873819496321e-14,7.987475992581962e-13,1.9842366602980554e-12,6.968227408721207e-12,7.138604288418783e-12,8.485326375532488e-06,9.317473794922548e-06,0.016334805246652692,0.01913928636672604,0.25521906088533197,0.5220984587881587,0.03231858577016161,0.10387715453384848,1.3460291948554314e-07,2.852647780254593e-07,2.674375195850424e-06,5.8647028445604865e-06,1.9012811011762371e-06,4.449304649733675e-06,5.7648497804462475e-05,0.00011811606869568557,1.6939349325516058e-08,3.5954099727393164e-08,3.517012511684793e-06,7.723844779507698e-06,1.0721401979412687e-10,3.2126891569451314e-10,2.0630256413961555e-18,2.1104542915578493e-18,1.0781848270963236e-11,1.2617207476829276e-11,7.470461578542304e-12,1.583437661690412e-11,2.7725997158611282e-15,5.268503584080366e-15,1.3247845446812048e-08,2.6148887786980603e-08,5.300281021653927e-19,1.5883944570828752e-18,0.0063712199368051396,0.013035386655678815,3.4273386638514232e-31,9.999999999998214e-31,1.8836719599725872e-09,6.066532292204244e-09,6.896391564482529e-11,2.1680576201393041e-10
0.628,1411.3718187026861,4.98567461922124,0.17588325345745676,5.227397231911404,0.48416065947232034,0.07128783812440655,1.238913420411676e-05,9.120883495647963e-07,5.362752880084432e-12,6.2663701103457666e-12,1.0340997409890166e-12,2.4166885377525912e-12,2.60689779861648e-07,3.2380767315869916e-07,0.20551507820535367,0.2704041645205056,7.891847660790777e-15,1.9024226478875757e-14,7.973881025130324e-13,1.9809014854069546e-12,6.948504484599987e-12,7.118550297308775e-12,8.471587196089498e-06,9.30258477701302e-06,0.01632405863359795,0.019127100876809636,0.25522324522179696,0.5221181062966376,0.0323189851538481,0.10388064421958251,1.3452407479876954e-07,2.8510373644878175e-07,2.674568381328506e-06,5.865251039784072e-06,1.8988529852852768e-06,4.443716833101359e-06,5.7515901041310094e-05,0.00011784689363445669,1.689640247259084e-08,3.5863705792548345e-08,3.511186484458991e-06,7.71121377459455e-06,1.0696878685125401e-10,3.205408773490544e-10,2.062180062301729e-18,2.109634072767737e-18,1.07716377930355e-11,1.2605526592300493e-11,7.462745075817342e-12,1.5818356649436073e-11,2.7689206244897363e-15,5.2616242973962515e-15,1.3247574101633565e-08,2.614890749628025e-08,5.293738149848559e-19,1.5864673716663213e-18,0.006371084638033861,0.013035386655694238,3.427265881128423e-31,9.999999999998204e-31,1.878725470404953e-09,6.050730177562747e-09,6.884326471337725e-11,2.1643106097186682e-10
0.629,1411.2727205912747,4.985862348210332,0.17587663105533977,5.2330830356136895,0.4841832022225387,0.07129266709671928,1.2377772057776706e-05,9.112711662274504e-07,5.350797447331586e-12,6.252532612882039e-12,1.0316765859967373e-12,2.4110766903009115e-12,2.6034975179971183e-07,3.2339216644475954e-07,0.20549898207326103,0.27038871228172945,7.873289060289346e-15,1.897989073110553e-14,7.960331654651846e-13,1.9775773793685693e-12,6.928870491000193e-12,7.09858614287958e-12,8.457894682836926e-06,9.287745821612175e-06,0.01631334168638934,0.019114948498016177,0.25522741421920103,0.5221376923410019,0.03231938700119289,0.1038841358209744,1.3444538888135786e-07,2.849430076543492e-07,2.674761099495691e-06,5.8657978861275555e-06,1.896432626620202e-06,4.438146670261012e-06,5.738386095098567e-05,0.00011757884079394729,1.685364401500793e-08,3.5773705789780775e-08,3.505381808647607e-06,7.698628669966347e-06,1.0672453509667096e-10,3.1981572941812486e-10,2.0613353114236395e-18,2.108814541559472e-18,1.0761454401965673e-11,1.2593876165008566e-11,7.455048389702959e-12,1.5802377070839704e-11,2.7652522028058494e-15,5.254764682801293e-15,1.3247303514433288e-08,2.614892715418717e-08,5.287212555146305e-19,1.5845452884131357e-18,0.006370949716518037,0.013035386655709679,3.4271933013464927e-31,9.9999999999982e-31,1.8738018054532726e-09,6.035000546203625e-09,6.872306269780183e-11,2.1605774256318936e-10
0.63,1411.173786607967,4.986049907352971,0.175870015142795,5.238769053205648,0.48420568589572216,0.07129748337172456,1.2366437413863027e-05,9.104559194212481e-07,5.3388876068924884e-12,6.238747438361529e-12,1.0292630760295926e-12,2.405487004704813e-12,2.600107141910426e-07,3.229778534048141e-07,0.20548292726881215,0.2703732978287008,7.854804255160964e-15,1.8935729889144057e-14,7.946827629068504e-13,1.974264281377859e-12,6.909324851415219e-12,7.078711245631469e-12,8.44424858284361e-06,9.272956659253904e-06,0.016302654273000875,0.019102829084994777,0.25523156794885304,0.522157217198871,0.032319791299287234,0.10388762932371105,1.3436686102095988e-07,2.8478259025668244e-07,2.6749533523426765e-06,5.866343389336794e-06,1.8940199849670807e-06,4.432594070391697e-06,5.7252374115523066e-05,0.00011731190332081206,1.6811072760163277e-08,3.5684097238128124e-08,3.4995983661865346e-06,7.686089213521325e-06,1.0648125863525629e-10,3.1909345463323294e-10,2.0604913837781646e-18,2.107995693585344e-18,1.0751297967609752e-11,1.2582256050002884e-11,7.447371423530838e-12,1.5786437685814838e-11,2.761594395970439e-15,5.247924639950221e-15,1.3247033681809107e-08,2.6148946760945883e-08,5.280704154372797e-19,1.5826281834768671e-18,0.00637081517056023,0.013035386655725026,3.427120923592531e-31,9.999999999998174e-31,1.8689008164385817e-09,6.019342928265942e-09,6.860330694734529e-11,2.1568579866567354e-10
0.631,1411.0750160309303,4.986237297380976,0.17586340569260292,5.244455284494425,0.48422811075859734,0.07130228700592364,1.2355130140971946e-05,9.096425999793926e-07,5.327023089719911e-12,6.225014279784527e-12,1.02685915257833e-12,2.399919347247897e-12,2.596726619164414e-07,3.2256472791412986e-07,0.20546691360407468,0.27035792099085,7.836392798368428e-15,1.8891742899182e-14,7.933368697227964e-13,1.970962130843999e-12,6.8898669936189025e-12,7.0589250303369395e-12,8.430648644656032e-06,9.25821702202361e-06,0.016291996262227732,0.019090742493288987,0.2552357064779977,0.5221766811387705,0.0323201980389361,0.10389112472525057,1.3428849050181556e-07,2.8462248286221175e-07,2.675145141827264e-06,5.866887555077548e-06,1.8916150200989858e-06,4.4270589426150745e-06,5.712143712760788e-05,0.00011704607438208319,1.6768687520068187e-08,3.559487766592343e-08,3.4938360391151777e-06,7.673595153321781e-06,1.0623895161327413e-10,3.183740358461469e-10,2.0596482746442124e-18,2.107177524761438e-18,1.0741168349834692e-11,1.2570666090586685e-11,7.439714081040596e-12,1.577053829985275e-11,2.757947149441146e-15,5.24110406903035e-15,1.3246764600390526e-08,2.6148966316821124e-08,5.2742128629036815e-19,1.5807160325681139e-18,0.006370680998473414,0.013035386655740383,3.427048746959009e-31,9.999999999998176e-31,1.8640223551860306e-09,6.003756855420788e-09,6.84839948266009e-11,2.1531522120342733e-10
0.632,1410.976408140721,4.986424519028524,0.17585680267747025,5.250141729288,0.4842504770729722,0.07130707805498118,1.2343850109091772e-05,9.088311988336528e-07,5.3152036294364704e-12,6.211332833201475e-12,1.0244647575983591e-12,2.3943735852705714e-12,2.593355899072054e-07,3.221527839087567e-07,0.20545094089553323,0.2703425816028956,7.818054246579032e-15,1.8847928716110623e-14,7.91995461086253e-13,1.967670867876873e-12,6.87049635085646e-12,7.039226927260977e-12,8.417094619077358e-06,9.243526644412873e-06,0.016281367523708498,0.019078688579360247,0.25523982987656446,0.5221960844338566,0.032320607207859314,0.10389462201295227,1.342102766207585e-07,2.844626841031588e-07,2.6753364699137297e-06,5.867430389020891e-06,1.8892176923640836e-06,4.421541197371219e-06,5.699104662395378e-05,0.00011678134723355528,1.6726487121689885e-08,3.550604463274409e-08,3.488094711099464e-06,7.661146240938365e-06,1.059976082296136e-10,3.176574560625637e-10,2.058805979133448e-18,2.1063600308275453e-18,1.073106541824397e-11,1.2559106141399906e-11,7.43207626692333e-12,1.575467872038636e-11,2.7543104091759594e-15,5.234302871148057e-15,1.324649626682057e-08,2.6148985822057903e-08,5.267738598672306e-19,1.578808812155423e-18,0.006370547198581807,0.01303538665575571,3.4269767705444536e-31,9.999999999998176e-31,1.859166275493528e-09,5.988241865601482e-09,6.836512372706427e-11,2.149460021832048e-10
0.633,1410.8779622240959,4.986611573020296,0.1758502060704477,5.255828387395181,0.48427278510131977,0.07131185657455567,1.2332597188670254e-05,9.080217069458286e-07,5.303428961345434e-12,6.197702796558461e-12,1.0220798335202211e-12,2.3888495871950963e-12,2.5899949312014574e-07,3.2174201535454673e-07,0.20543500895850228,0.27032727949752483,7.799788159944818e-15,1.8804286302996577e-14,7.906585122789674e-13,1.964390432840392e-12,6.8512123606406305e-12,7.019616370929754e-12,8.403586258419471e-06,9.22888526249975e-06,0.016270767927914934,0.019066667200578483,0.2552439382117293,0.52221542735085,0.03232101879617465,0.10389812118171336,1.3413221867261809e-07,2.8430319260663373e-07,2.6755273385405403e-06,5.867971896773068e-06,1.8868279621599263e-06,4.416040745189022e-06,5.686119925472355e-05,0.00011651771515715613,1.668447039742498e-08,3.541759570919966e-08,3.4823742660499656e-06,7.648742228416522e-06,1.0575722272480755e-10,3.169436984092758e-10,2.057964492560534e-18,2.1055432077261988e-18,1.0720989037370453e-11,1.254757605109224e-11,7.424457886285546e-12,1.5738858755656236e-11,2.7506841214308694e-15,5.227520947945102e-15,1.3246228677769508e-08,2.6149005276911716e-08,5.261281278551148e-19,1.5769064983810467e-18,0.006370413769220198,0.01303538665577098,3.426904993453087e-31,9.99999999999817e-31,1.854332431789353e-09,5.9727974986817015e-09,6.824669105637561e-11,2.145781336606271e-10
0.634,1410.7796775705547,4.986798460082187,0.1758436158445526,5.261515258625605,0.48429503510170696,0.07131662261954573,1.2321371251510468e-05,9.072141153736503e-07,5.2916988233436495e-12,6.184123870764145e-12,1.0197043232399182e-12,2.383347222503052e-12,2.5866436656105607e-07,3.2133241627629194e-07,0.2054191176122013,0.2703120145120465,7.781594102308902e-15,1.8760814631579865e-14,7.893259988591227e-13,1.9611207667696305e-12,6.832014465824149e-12,7.000092801229987e-12,8.390123317198822e-06,9.214292614712692e-06,0.016260197346160042,0.01905467821523011,0.25524803155285286,0.5222347101600902,0.03232143279141523,0.10390162221794286,1.3405431596405163e-07,2.8414400702393e-07,2.6757177496497556e-06,5.868512083939421e-06,1.8844457904244425e-06,4.410557497835095e-06,5.673189171209679e-05,0.0001162551715194889,1.6642636193972443e-08,3.5329528495768736e-08,3.4766745894199053e-06,7.636382871127226e-06,1.0551778939078801e-10,3.1623274616341436e-10,2.0571238100988103e-18,2.104727051250219e-18,1.0710939080384501e-11,1.2536075678365518e-11,7.41685884516368e-12,1.5723078215800256e-11,2.7470682329515943e-15,5.2207582019627305e-15,1.3245961829922168e-08,2.6149024681621024e-08,5.254840821744491e-19,1.5750090680776724e-18,0.006370280708734577,0.013035386655786234,3.4268334147951546e-31,9.999999999998205e-31,1.849520680381365e-09,5.9574233004994915e-09,6.812869424821953e-11,2.1421160777130622e-10
0.635,1410.6815534762795,4.986985180928746,0.1758370319732112,5.26720234278972,0.48431722733388394,0.07132137624499905,1.2310172169830609e-05,9.064084152017319e-07,5.280012954911194e-12,6.1705957585108e-12,1.0173381701317425e-12,2.3778663617660208e-12,2.5833020525896403e-07,3.2092398072580853e-07,0.20540326667368805,0.2702967864804553,7.763471641023955e-15,1.871751268184174e-14,7.879978964761528e-13,1.9578618109112148e-12,6.812902113366444e-12,6.980655662147766e-12,8.37670555135787e-06,9.199748440977735e-06,0.01624965565055359,0.019042721482469598,0.2552521099656278,0.5222539331236492,0.032321849184443495,0.10390512511859014,1.3397656779859987e-07,2.839851259989016e-07,2.6759077051530436e-06,5.8690509560508455e-06,1.882071138093771e-06,4.405091367045835e-06,5.660312069882771e-05,0.00011599370970743683,1.6600983362565447e-08,3.524184060207472e-08,3.4709955667805134e-06,7.624067924639757e-06,1.0527930255935167e-10,3.155245827179737e-10,2.056283927164392e-18,2.10391155743607e-18,1.0700915411551016e-11,1.2524604871444526e-11,7.409279049983772e-12,1.570733691171145e-11,2.7434626907686828e-15,5.214014536253427e-15,1.3245695719993143e-08,2.6149044036441775e-08,5.2484171461288e-19,1.5731164976719012e-18,0.0063701480154809585,0.013035386655801427,3.426762033686285e-31,9.999999999998233e-31,1.84473087807827e-09,5.942118818418417e-09,6.801113075113783e-11,2.138464166957254e-10
0.636,1410.583589239668,4.987171736277418,0.17583045442975698,5.272889639698797,0.48433936205241773,0.071326117505087,1.2298999817102627e-05,9.056045976031635e-07,5.268371098030755e-12,6.157118165348156e-12,1.014981318004043e-12,2.372406876542023e-12,2.5799700429019703e-07,3.205167028117835e-07,0.20538745596468969,0.2702815952423674,7.745420346863664e-15,1.8674379441789772e-14,7.866741810493679e-13,1.9546135071668656e-12,6.793874755396651e-12,6.961304402857512e-12,8.363332718975419e-06,9.185252483497369e-06,0.01623914271405466,0.019030796862377627,0.2552561735186904,0.5222730965087561,0.03232226796278269,0.10390862986968777,1.338989734912157e-07,2.8382654819870545e-07,2.6760972069694524e-06,5.869588518645461e-06,1.8797039666414921e-06,4.399642265788813e-06,5.6474882958693304e-05,0.00011573332319054843,1.6559510768365057e-08,3.515452966682492e-08,3.4653370852164388e-06,7.611797147785669e-06,1.0504175661253978e-10,3.1481919161289235e-10,2.0554448390147267e-18,2.1030967221527255e-18,1.069091790678269e-11,1.2513163492130164e-11,7.401718408035758e-12,1.5691634656040753e-11,2.7398674423759127e-15,5.207289854719151e-15,1.3245430344709056e-08,2.6149063341607208e-08,5.242010171831759e-19,1.5712287642567141e-18,0.006370015687826711,0.013035386655816562,3.4266908492482037e-31,9.99999999999821e-31,1.8399628835279e-09,5.926883605637967e-09,6.78939980391605e-11,2.1348255269264025e-10
0.637,1410.4857841656076,4.987358126834682,0.1758238831879188,5.27857714916491,0.4843614395134182,0.07133084645411168,1.2287854067362627e-05,9.048026537889723e-07,5.256772996374699e-12,6.143690798735488e-12,1.012633711147109e-12,2.366968639488275e-12,2.5766475875730653e-07,3.2011057667368236e-07,0.20537168530492914,0.27026644063430305,7.72743979419318e-15,1.863141390787548e-14,7.853548286089522e-13,1.9513757976989456e-12,6.7749318482413065e-12,6.942038476728573e-12,8.350004579637308e-06,9.17080448606217e-06,0.01622865841040226,0.019018904215884595,0.2552602222771766,0.5222922005747342,0.03232268911711366,0.10391213646726095,1.3382153235557844e-07,2.836682722869831e-07,2.6762862569891488e-06,5.870124777190442e-06,1.877344237595359e-06,4.394210107132923e-06,5.634717524938583e-05,0.00011547400546552984,1.651821728210005e-08,3.506759334007659e-08,3.459699032085768e-06,7.599570299937551e-06,1.0480514597286247e-10,3.141165565058669e-10,2.0546065411165495e-18,2.1022825414786543e-18,1.0680946433267488e-11,1.2501751391958627e-11,7.394176827085547e-12,1.5675971262378858e-11,2.7362824355812855e-15,5.20058406182961e-15,1.32451657008257e-08,2.6149082597367886e-08,5.23561981811729e-19,1.569345844658252e-18,0.0063698837241490305,0.013035386655831644,3.4266198606079547e-31,9.999999999998188e-31,1.8352165560207517e-09,5.911717217342021e-09,6.777729360214268e-11,2.131200080687635e-10
0.638,1410.388137561652,4.98754435330816,0.1758173182213942,5.28426487100094,0.48438345996879467,0.07133556314564897,1.2276734795817575e-05,9.040025750526761e-07,5.245218395986376e-12,6.130313368837512e-12,1.0102952942843637e-12,2.3615515242470183e-12,2.5733346380703505e-07,3.1970559650403385e-07,0.20535595451783653,0.27025132249716033,7.709529560777756e-15,1.858861508453218e-14,7.840398154326906e-13,1.9481486252699973e-12,6.756072853191765e-12,6.922857342111621e-12,8.33672089495653e-06,9.156404194621166e-06,0.01621820261414792,0.019007043404806214,0.2552642563082891,0.5223112455843096,0.03232311263567593,0.10391564489931225,1.33744243715274e-07,2.8351029694751847e-07,2.6764748571051404e-06,5.8706597371506706e-06,1.8749919129582534e-06,4.388794805233163e-06,5.621999436594047e-05,0.00011521575010425002,1.6477101787269983e-08,3.49810292985278e-08,3.454081296098518e-06,7.587387143377287e-06,1.0456946511095073e-10,3.1341666119527097e-10,2.0537690288226944e-18,2.1014690113708276e-18,1.0671000866356131e-11,1.2490368431965348e-11,7.386654215714185e-12,1.5660346545973225e-11,2.732707618633988e-15,5.193897062862978e-15,1.3244901785113263e-08,2.6149101803958388e-08,5.229246006167978e-19,1.5674677162696172e-18,0.006369752122835948,0.013035386655846696,3.4265490668983917e-31,9.999999999998177e-31,1.8304917565218202e-09,5.8966192140225444e-09,6.766101495384503e-11,2.127587752041559e-10
0.639,1410.2906487421724,4.987730416393163,0.17581075950432368,5.289952805020561,0.4844054236728205,0.0713402676335316,1.2265641878017352e-05,9.032043527095506e-07,5.233707044358898e-12,6.116985587449814e-12,1.0079660126051084e-12,2.356155405522884e-12,2.5700311460658396e-07,3.1930175651903386e-07,0.20534026342403247,0.2702362406677024,7.691689227784783e-15,1.854598198418642e-14,7.827291178719989e-13,1.9449319328110623e-12,6.737297235389389e-12,6.903760461199104e-12,8.323481427857259e-06,9.142051356498193e-06,0.016207775200590926,0.018995214291772356,0.25526827567501165,0.5223302317908705,0.03232353851060845,0.10391915516623032,1.3366710688975318e-07,2.8335262085454225e-07,2.676663009177762e-06,5.871193403912182e-06,1.8726469546847344e-06,4.383396274106642e-06,5.609333711113397e-05,0.00011495855069311849,1.6436163170989583e-08,3.4894835226093455e-08,3.448483765965492e-06,7.575247440330438e-06,1.0433470853472627e-10,3.1271948958780374e-10,2.052932297755992e-18,2.100656128058027e-18,1.0661081070379552e-11,1.2479014460235584e-11,7.379150482845397e-12,1.5644760322730566e-11,2.7291429400443528e-15,5.1872287635651384e-15,1.324463859437227e-08,2.6149120961634897e-08,5.222888655560604e-19,1.5655943559948561e-18,0.006369620882284838,0.013035386655861743,3.426478467257394e-31,9.999999999998186e-31,1.825788346370595e-09,5.881589157294243e-09,6.754515962138005e-11,2.123988465191073e-10
0.64,1410.193317021201,4.987916316795799,0.17580420701047578,5.295640951038252,0.4844273308708214,0.07134495997015568,1.2254575191246903e-05,9.024079781988155e-07,5.222238691956714e-12,6.10370716977544e-12,1.0056458116957715e-12,2.3507801589215455e-12,2.566737063834685e-07,3.1889905100795166e-07,0.2053246118525675,0.2702211949932452,7.673918379680292e-15,1.8503513627003408e-14,7.814227126450978e-13,1.94172566414953e-12,6.718604465610114e-12,6.8847473018523435e-12,8.310285943764252e-06,9.127745721695282e-06,0.016197376045889427,0.01898341674035029,0.2552722804469494,0.522349159460446,0.03232396672701144,0.10392266724558437,1.3359012121823593e-07,2.831952427232989e-07,2.6768507150956734e-06,5.87172578291369e-06,1.8703093255712652e-06,4.378014429714848e-06,5.596720034539737e-05,0.00011470240093534464,1.639540033937803e-08,3.480900884656843e-08,3.4429063326906256e-06,7.563150957999322e-06,1.0410087080693475e-10,3.120250257509554e-10,2.052096343149762e-18,2.0998438873652203e-18,1.0651186933018953e-11,1.2467689352130197e-11,7.371665538536155e-12,1.5629212410887322e-11,2.7255883488825435e-15,5.1805790707156046e-15,1.32443761254045e-08,2.614914007060768e-08,5.216547690276098e-19,1.5637257420499012e-18,0.006369490000904848,0.013035386655876747,3.426408060829168e-31,9.999999999998165e-31,1.8211061894696103e-09,5.866626616943271e-09,6.742972516278171e-11,2.1204021452931924e-10
0.641,1410.0961417220756,4.988102055202287,0.17579766071432895,5.301329308869276,0.4844491818139291,0.07134964020868349,1.2243534612663232e-05,9.016134429468525e-07,5.210813090166394e-12,6.090477832033085e-12,1.0033346376235037e-12,2.3454256611463928e-12,2.563452343724515e-07,3.184974742673486e-07,0.20530899962623328,0.27020618531244095,7.656216604289633e-15,1.846120904104327e-14,7.801205764459049e-13,1.9385297630382673e-12,6.69999401782877e-12,6.865817335109743e-12,8.297134209024887e-06,9.113487041163968e-06,0.016187005026960636,0.01897165061493607,0.2552762706860828,0.5223680288427771,0.03232439727730175,0.1039261811383198,1.3351328602788357e-07,2.8303816124270053e-07,2.6770379766945874e-06,5.872256879470776e-06,1.867978988074913e-06,4.372649187200593e-06,5.584158092016477e-05,0.00011444729451440509,1.6354812196970566e-08,3.472354787993731e-08,3.4373488865217145e-06,7.551097461868494e-06,1.0386794652161917e-10,3.113332538426583e-10,2.0512611607218073e-18,2.099032285608767e-18,1.0641318321872586e-11,1.2456392959452401e-11,7.364199292918688e-12,1.5613702628773694e-11,2.722043794378492e-15,5.173947891369547e-15,1.3244114375050922e-08,2.614915913112702e-08,5.210223030689243e-19,1.5618618515621736e-18,0.006369359477114255,0.013035386655891715,3.426337846762865e-31,9.99999999999818e-31,1.8164451493602318e-09,5.851731161510662e-09,6.731470914358962e-11,2.1168287177237925e-10
0.642,1409.999122170077,4.988287632301611,0.17579112059027274,5.30701787832968,0.48447097674859346,0.07135430840148689,1.2232520020767142e-05,9.008207384754505e-07,5.1994299928518874e-12,6.077297293274397e-12,1.0010324368752805e-12,2.3400917898560553e-12,2.5601769385582693e-07,3.18097020651087e-07,0.205293426572049,0.27019121146903413,7.638583492820284e-15,1.8419067262315035e-14,7.788226862411366e-13,1.9353441738936537e-12,6.681465371015934e-12,6.846970037027976e-12,8.28402599207879e-06,9.099275068088953e-06,0.016176662021473793,0.018959915780743485,0.25528024645707315,0.5223868401923144,0.03232483015086183,0.10392969683546274,1.3343660065839295e-07,2.8288137512741886e-07,2.6772247958179617e-06,5.872786698908032e-06,1.8656559052092116e-06,4.367300462984444e-06,5.571647572865863e-05,0.00011419322519811719,1.6314397662415552e-08,3.46384500756988e-08,3.431811319273911e-06,7.53908672080795e-06,1.0363593032088556e-10,3.1064415816152015e-10,2.050426746014473e-18,2.098221318920803e-18,1.0631475112450826e-11,1.2445125143214335e-11,7.356751657035163e-12,1.5598230796581104e-11,2.718509226232088e-15,5.167335133446721e-15,1.324385334016558e-08,2.614917814342731e-08,5.203914599780604e-19,1.5600026624324276e-18,0.006369229309341493,0.013035386655906617,3.4262678242130627e-31,9.999999999998177e-31,1.8118050914469687e-09,5.836902365457575e-09,6.720010915422327e-11,2.1132681086237574e-10
0.643,1409.9022576953362,4.988473048776562,0.1757845866129236,5.312706659236291,0.4844927159206769,0.071358964600755,1.222153129466051e-05,9.000298563471954e-07,5.188089155587649e-12,6.064165274488704e-12,9.987391563631094e-13,2.3347784236769906e-12,2.556910801440122e-07,3.17697684546252e-07,0.20527789251716444,0.27017627330648813,7.621018639645642e-15,1.8377087334258667e-14,7.775290191317819e-13,1.9321688414516263e-12,6.663018008208676e-12,6.828204887731324e-12,8.270961062881555e-06,9.085109557256313e-06,0.016166346907862988,0.018948212103820646,0.25528420782322664,0.5224055937599958,0.03232526533808826,0.10393321433114329,1.3336006445056813e-07,2.827248830936811e-07,2.677411174292278e-06,5.873315246505214e-06,1.8633400401384147e-06,4.361968173815455e-06,5.559188168233466e-05,0.00011394018679038536,1.627415566114521e-08,3.455371319731219e-08,3.426293523262128e-06,7.527118504728944e-06,1.0340481688656837e-10,3.0995772312189664e-10,2.049593094679683e-18,2.0974109835410602e-18,1.062165717910507e-11,1.2433885763020303e-11,7.349322542409911e-12,1.5582796735456714e-11,2.7149845944531562e-15,5.160740705427866e-15,1.3243593017624054e-08,2.6149197107745537e-08,5.197622320281656e-19,1.5581481524791405e-18,0.00636909949602479,0.01303538665592153,3.4261979923396067e-31,9.999999999998177e-31,1.8071858819689687e-09,5.8221398058533325e-09,6.70859228017938e-11,2.1097202446417998e-10
0.644,1409.8055476309992,4.988658305309397,0.1757780587569253,5.318395651406712,0.484514399572884,0.07136360885811192,1.2210568314592731e-05,8.992407882056868e-07,5.176790336187043e-12,6.051081499220915e-12,9.964547434225283e-13,2.329485442200117e-12,2.553653885892107e-07,3.1729946039012396e-07,0.20526239729143306,0.2701613706713587,7.603521642488385e-15,1.8335268308188257e-14,7.762395524490681e-13,1.9290037110061745e-12,6.6446514171249675e-12,6.809521372042029e-12,8.257939193307807e-06,9.07099026549632e-06,0.01615605956531729,0.018936539451037855,0.255288154849032,0.5224242897984122,0.032325702827847566,0.10393673361441003,1.332836767544143e-07,2.825686838764185e-07,2.6775971139429696e-06,5.8738425275318725e-06,1.8610313564590428e-06,4.356652237430207e-06,5.5467795727175045e-05,0.0001136881731646018,1.623408513043223e-08,3.446933503293645e-08,3.4207953920454054e-06,7.515192586219357e-06,1.0317460094566317e-10,3.092739332701933e-10,2.0487602022842925e-18,2.096601275617592e-18,1.0611864401308095e-11,1.2422674684418283e-11,7.341911861364837e-12,1.5567400268171873e-11,2.711469849477499e-15,5.1541645165752425e-15,1.3243333404317671e-08,2.614921602430851e-08,5.191346116741849e-19,1.5562983000581389e-18,0.006368970035612378,0.01303538665593642,3.426128350307754e-31,9.999999999998197e-31,1.802587388707096e-09,5.8074430646539025e-09,6.697214771565647e-11,2.1061850531091196e-10
0.645,1409.7089913152,4.988843402575908,0.17577153699715795,5.324084854659319,0.48453602794738493,0.07136824122500462,1.2199630961291368e-05,8.98453525726287e-07,5.165533294046478e-12,6.038045692805653e-12,9.94179145800006e-13,2.324212725951667e-12,2.550406145689746e-07,3.169023426497762e-07,0.20524694072477323,0.2701465034098276,7.586092102081699e-15,1.8293609242477582e-14,7.749542636405229e-13,1.925848728126372e-12,6.626365089355458e-12,6.790918978653279e-12,8.24496015665776e-06,9.05691695114217e-06,0.016145799873805506,0.018924897690117345,0.25529208759754335,0.5224429285564625,0.03232614261010182,0.10394025467767425,1.3320743691966912e-07,2.824127762092024e-07,2.6777826165774394e-06,5.874368547210223e-06,1.858729817872495e-06,4.351352571786703e-06,5.5344214824393494e-05,0.00011343717822411605,1.6194185013360587e-08,3.43853133826344e-08,3.4153168195563637e-06,7.5033087386318975e-06,1.0294527726340238e-10,3.0859277326415013e-10,2.0479280645280366e-18,2.0957921914298604e-18,1.0602096657849667e-11,1.2411491772106047e-11,7.33451952663001e-12,1.5552041218297225e-11,2.7079649420218484e-15,5.147606476657248e-15,1.3243074497159102e-08,2.6149234893344517e-08,5.185085913029848e-19,1.5544530833136204e-18,0.00636884092656241,0.013035386655951248,3.4260588972880823e-31,9.99999999999821e-31,1.798009480146189e-09,5.792811726004022e-09,6.685878154071937e-11,2.102662461829189e-10
0.646,1409.612588089923,4.989028341248698,0.17576502130862243,5.329774268813255,0.48455760128438724,0.07137286175249348,1.2188719116433341e-05,8.97668060650854e-07,5.1543177905734176e-12,6.0250575828682074e-12,9.91912311663522e-13,2.3189601564182056e-12,2.547167534971676e-07,3.1650632583571286e-07,0.20523152264861727,0.2701316713696138,7.568729622425321e-15,1.8252109203179775e-14,7.736731303447667e-13,1.9227038388423837e-12,6.608158520863442e-12,6.772397200642707e-12,8.232023727980377e-06,9.04288937438562e-06,0.01613556771405072,0.018913286689604025,0.2552960061318254,0.5224615102823186,0.03232658467445529,0.10394377751203861,1.3313134430218915e-07,2.8225715883779124e-07,2.6779676839950653e-06,5.874893310737161e-06,1.8564353883981436e-06,4.346069095563461e-06,5.5221135963092976e-05,0.0001131871959281921,1.615445426277173e-08,3.430164606675632e-08,3.409857700676168e-06,7.491466737347821e-06,1.0271684064738535e-10,3.079142278852582e-10,2.0470966771046252e-18,2.0949837272466383e-18,1.0592353829360318e-11,1.2400336892886056e-11,7.327145451617657e-12,1.55367194107843e-11,2.7044698231842327e-15,5.14106649613948e-15,1.3242816293079601e-08,2.6149253715078256e-08,5.178841633970952e-19,1.552612480669086e-18,0.00636871216734287,0.013035386655965996,3.4259896324564616e-31,9.999999999998214e-31,1.7934520260207693e-09,5.778245377996197e-09,6.674582194168938e-11,2.0991523992114606e-10
0.647,1409.5163373014043,4.989213121995661,0.17575851166649384,5.335463893688422,0.48457911982300605,0.071377470491385,1.2177832662543028e-05,8.968843847803178e-07,5.1431435890606906e-12,6.012116899178601e-12,9.89654189601076e-13,2.3137276160435508e-12,2.543938008207827e-07,3.1611140449794886e-07,0.20521614289505327,0.2701168743988622,7.551433810757714e-15,1.8210767263963395e-14,7.723961303692292e-13,1.9195689895903386e-12,6.590031211811334e-12,6.753955535296061e-12,8.219129683967536e-06,9.028907297161852e-06,0.01612536296749963,0.01890170631883112,0.25529991051417494,0.5224800352218663,0.032327029010955216,0.1039473021098786,1.330553982622949e-07,2.8210183051664413e-07,2.6781523179828824e-06,5.8754168232751665e-06,1.8541480323147154e-06,4.3408017280227466e-06,5.5098556156516436e-05,0.00011293822028434389,1.611489184010594e-08,3.421833092348675e-08,3.4044179310661426e-06,7.479666359407977e-06,1.024892859458189e-10,3.0723828203353757e-10,2.0462660357455946e-18,2.094175879371031e-18,1.0582635795092763e-11,1.2389209911898659e-11,7.319789550363287e-12,1.552143467184215e-11,2.7009844444194863e-15,5.13454448613873e-15,1.3242558789031522e-08,2.614927248973751e-08,5.172613205149103e-19,1.5507764707681492e-18,0.00636858375643121,0.013035386655980767,3.425920554993838e-31,9.99999999999824e-31,1.7889148971517834e-09,5.763743612145963e-09,6.663326660159911e-11,2.0956547942253356e-10
0.648,1409.420238300303,4.9893977454796055,0.17575200804613483,5.34115372910548,0.48460058380136944,0.0713820674922454,1.2166971482716553e-05,8.961024899543711e-07,5.13201045444004e-12,5.999223373363912e-12,9.874047285992114e-13,2.3085149881787517e-12,2.5407175201405397e-07,3.1571757321869756e-07,0.20520080129670965,0.2701021123459852,7.534204277272975e-15,1.816958250543126e-14,7.711232416532163e-13,1.916444127120609e-12,6.571982666232189e-12,6.7355934837714e-12,8.206277802768581e-06,9.014970482946047e-06,0.01611518551634176,0.018890156447942515,0.2553038008059902,0.5224985036184229,0.03232747561022323,0.10395082846526274,1.329795981616463e-07,2.81946790002292e-07,2.678336520313827e-06,5.875939089948288e-06,1.8518677140549214e-06,4.335550388763971e-06,5.497647243594821e-05,0.0001126902453358443,1.6075496713453025e-08,3.413536580470878e-08,3.3989974068978144e-06,7.467907382919988e-06,1.0226260804495229e-10,3.0656492071987225e-10,2.0454361362737878e-18,2.093368644195172e-18,1.0572942434310895e-11,1.2378110694247996e-11,7.312451737359756e-12,1.550618682858551e-11,2.6975087574775007e-15,5.128040358305678e-15,1.3242301981986849e-08,2.614929121754958e-08,5.166400551799311e-19,1.5489450321424936e-18,0.006368455692314354,0.01303538665599546,3.4258516640862664e-31,9.999999999998223e-31,1.7843979651842895e-09,5.749306022547418e-09,6.652111321961854e-11,2.0921695763314366e-10
0.649,1409.3242904408253,4.989582212360777,0.17574551042300646,5.346843774885842,0.4846219934555041,0.07138665280523723,1.215613546095197e-05,8.953223680758177e-07,5.1209181535820645e-12,5.986376739259528e-12,9.851638780460718e-13,2.303322157089502e-12,2.5375060258618684e-07,3.1532482662199215e-07,0.20518549768787933,0.2700873850611457,7.517040635277571e-15,1.8128554015500485e-14,7.698544423210335e-13,1.91332919862997e-12,6.554012392375206e-12,6.717310551454281e-12,8.193467864218126e-06,9.00107869700424e-06,0.016105035243494673,0.018878636947875945,0.25530767706888347,0.5225169157150208,0.03232792446233276,0.10395435657034403,1.329039433678226e-07,2.8179203606305457e-07,2.6785202927540514e-06,5.876460115858242e-06,1.849594398365202e-06,4.330314998097885e-06,5.4854881859680705e-05,0.00011244326518011765,1.6036267860344528e-08,3.405274858193769e-08,3.393596025263727e-06,7.456189587961358e-06,1.0203680187199436e-10,3.0589412907478867e-10,2.044606974499287e-18,2.0925620180937548e-18,1.056327362868428e-11,1.236703910780573e-11,7.305131927749516e-12,1.5490975709443023e-11,2.6940427144731484e-15,5.121554024958066e-15,1.3242045868935274e-08,2.6149309898737804e-08,5.160203600187861e-19,1.5471181436257234e-18,0.0063683279734888,0.01303538665601014,3.425782958924962e-31,9.999999999998233e-31,1.7799011029750125e-09,5.734932207122742e-09,6.640935951405972e-11,2.0886966755762773e-10
0.65,1409.2284930811911,4.989766523295283,0.17573901877272383,5.352534030851669,0.484643349020118,0.0713912264802373,1.2145324482083268e-05,8.945440111057672e-07,5.10986645520412e-12,5.973576732802281e-12,9.829315877361508e-13,2.2981490079675774e-12,2.534303480790989e-07,3.149331593709033e-07,0.20517023190374883,0.2700726923952536,7.499942501201538e-15,1.808768088943215e-14,7.685897106649229e-13,1.9102241517193853e-12,6.5361199025782955e-12,6.699106247828427e-12,8.18069964976227e-06,8.987231706313132e-06,0.016094912032587325,0.018867147690344546,0.2553115393639549,0.5225352717529406,0.03232837555754787,0.1039578864177396,1.3282843325304735e-07,2.8163756747635184e-07,2.6787036370589504e-06,5.876979906075923e-06,1.847328050252366e-06,4.325095476922011e-06,5.473378151013873e-05,0.00011219727396286213,1.5997204266860426e-08,3.3970477144429906e-08,3.388213684046893e-06,7.444512756293441e-06,1.0181186239379201e-10,3.052258923445377e-10,2.0437785462599636e-18,2.091755997465628e-18,1.0553629259911527e-11,1.2355995020429514e-11,7.297830037286923e-12,1.5475801144078362e-11,2.6905862678706468e-15,5.115085399051391e-15,1.3241790446885378e-08,2.61493285335249e-08,5.154022277254108e-19,1.5452957842460935e-18,0.006368200598460247,0.013035386656024774,3.425714438706077e-31,9.999999999998247e-31,1.7754241844640213e-09,5.720621767209817e-09,6.629800322126847e-11,2.0852360225576393e-10
0.651,1409.1328455838466,4.9899506789344565,0.1757325330710782,5.358224496825864,0.48466465072888626,0.0713957885668786,1.2134538431567721e-05,8.937674110479917e-07,5.098855129672791e-12,5.960823091800082e-12,9.807078078531523e-13,2.2929954268909977e-12,2.531109840626154e-07,3.145425661615802e-07,0.20515500378010665,0.27005803419958196,7.482909494396726e-15,1.8046962229346582e-14,7.673290251145247e-13,1.9071289343182227e-12,6.518304713004679e-12,6.68098008620674e-12,8.167972942307512e-06,8.9734292793946e-06,0.016084815767965915,0.018855688547843988,0.2553153877515095,0.5225535719711313,0.03232882888661034,0.10396141800145414,1.3275306719164756e-07,2.81483383023319e-07,2.678886554970871e-06,5.877498465636352e-06,1.8450686349020755e-06,4.319891746529966e-06,5.4613168488773376e-05,0.0001119522658675949,1.595830492601301e-08,3.388854939575539e-08,3.3828502816950212e-06,7.43287667086582e-06,1.0158778461469673e-10,3.0456019588472857e-10,2.0429508474665155e-18,2.0909505787798972e-18,1.054400920959097e-11,1.2344978299811795e-11,7.290545982211041e-12,1.546066296312089e-11,2.6871393704356e-15,5.108634394087914e-15,1.3241535712865212e-08,2.6149347122134117e-08,5.147856509917034e-19,1.5434779330186491e-18,0.006368073565743649,0.013035386656039349,3.42564610263074e-31,9.999999999998235e-31,1.7709670844564117e-09,5.70637430685958e-09,6.618704209377145e-11,2.0817875483664352e-10
0.652,1409.037347313772,4.990134679930288,0.1757260532938459,5.3639151726320735,0.48468589881182056,0.07140033911415672,1.2123777195883587e-05,8.92992559978162e-07,5.087883949405644e-12,5.948115556401627e-12,9.784924889592815e-13,2.2878613007990297e-12,2.527925061451597e-07,3.141530417365215e-07,0.20513981315595664,0.27004341032918483,7.465941237179269e-15,1.800639714432609e-14,7.660723643132556e-13,1.904043494874035e-12,6.500566344105162e-12,6.662931584205523e-12,8.15528752653845e-06,8.95967118666448e-06,0.01607474633471869,0.018844259393680275,0.2553192222935777,0.5225718166113245,0.03232928443819432,0.10396495130868551,1.326778445664704e-07,2.813294815023925e-07,2.6790690482337653e-06,5.878015799570322e-06,1.842816117909493e-06,4.31470372915128e-06,5.449303992906618e-05,0.0001117082351423115,1.591956884174597e-08,3.380696326229123e-08,3.3775057178216107e-06,7.421281117136867e-06,1.0136456358097917e-10,3.038970251735679e-10,2.0421238739355268e-18,2.0901457584049036e-18,1.053441336707275e-11,1.2333988822672413e-11,7.283279679473453e-12,1.544556099864786e-11,2.6837019753198612e-15,5.102200924277765e-15,1.3241281663915523e-08,2.6149365664773614e-08,5.141706226771713e-19,1.5416645694537888e-18,0.0063679468738637906,0.013035386656053935,3.425577949905375e-31,9.999999999998258e-31,1.7665296791857436e-09,5.692189434651808e-09,6.607647390477473e-11,2.0783511847281718e-10
0.653,1408.9419976421254,4.990318526923623,0.17571957941720368,5.369606058094676,0.4847070935010274,0.07140487817129229,1.2113040661911247e-05,8.92219449998465e-07,5.076952688168222e-12,5.935453868276293e-12,9.762855820313187e-13,2.2827465175772222e-12,2.524749099552793e-07,3.1376458086169256e-07,0.20512465986780556,0.27002882063543215,7.449037354930689e-15,1.7965984750664265e-14,7.64819706981181e-13,1.900967782012233e-12,6.482904319778596e-12,6.644960262886303e-12,8.142643188364305e-06,8.945957199826778e-06,0.016064703618610423,0.01883286010189701,0.2553230430484091,0.5225900059068692,0.03232974220446433,0.10396848633771907,1.3260276475770644e-07,2.8117586170567056e-07,2.679251118562134e-06,5.878531912837433e-06,1.8405704648598022e-06,4.309531346970306e-06,5.437339297309553e-05,0.00011146517605148321,1.588099502174395e-08,3.3725716677963215e-08,3.372179892125764e-06,7.409725880702281e-06,1.0114219437238037e-10,3.032363657866215e-10,2.041297621709124e-18,2.0893415329358186e-18,1.052484161177543e-11,1.2323026454057574e-11,7.276031046388705e-12,1.5430495083446627e-11,2.680274035927788e-15,5.095784904285897e-15,1.3241028297104547e-08,2.6149384161670986e-08,5.135571355183403e-19,1.5398556726863481e-18,0.006367820521353903,0.013035386656068487,3.425509979740943e-31,9.99999999999827e-31,1.7621118452905764e-09,5.678066760399264e-09,6.596629643986419e-11,2.0749268637424638e-10
0.654,1408.8467959413952,4.9905022205595415,0.17571311141718715,5.375297153038785,0.4847282350233001,0.071409405786625,1.2102328717671325e-05,8.914480732918056e-07,5.066061121902389e-12,5.922837771581832e-12,9.740870384009494e-13,2.277650965917654e-12,2.5215819116381395e-07,3.133771783540211e-07,0.20510954375703197,0.2700142649756552,7.432197475844132e-15,1.792572417125209e-14,7.635710320829632e-13,1.8979017449532338e-12,6.465318168306484e-12,6.627065647713347e-12,8.130039715563649e-06,8.932287092580656e-06,0.016054687506140374,0.01882149054733982,0.2553268500776237,0.5226081400972611,0.03233020217386768,0.10397202307472836,1.3252782715678256e-07,2.8102252244831686e-07,2.6794327676815283e-06,5.879046810413731e-06,1.8383316418485391e-06,4.304374523343777e-06,5.425422480038382e-05,0.00011122308293518063,1.5842582486241898e-08,3.364480760295054e-08,3.3668727057300487e-06,7.398210750233618e-06,1.0092067211164153e-10,3.0257820342535176e-10,2.0404720866488572e-18,2.088537898778565e-18,1.0515293835376521e-11,1.2312091073318704e-11,7.268800001045705e-12,1.5415465051884344e-11,2.6768555060710746e-15,5.08938624952559e-15,1.3240775609508774e-08,2.6149402613029895e-08,5.129451824878591e-19,1.5380512225520448e-18,0.006367694506757054,0.013035386656083012,3.4254421913537076e-31,9.999999999998295e-31,1.757713461073604e-09,5.664005899204501e-09,6.58565075069505e-11,2.0715145181955514e-10
0.655,1408.751741590498,4.990685761471087,0.17570664927026355,5.380988457290235,0.4847493236080666,0.07141392200880078,1.2091641251528919e-05,8.906784220634187e-07,5.05520902781231e-12,5.9102670118977074e-12,9.71896809809424e-13,2.2725745354474895e-12,2.518423454597683e-07,3.1299082905149816e-07,0.20509446466197814,0.2699997432027992,7.415421231142134e-15,1.788561453610907e-14,7.623263186462813e-13,1.8948453330616916e-12,6.447807421282188e-12,6.609247267458604e-12,8.117476897071153e-06,8.918660639839368e-06,0.01604469788446862,0.018810150605574588,0.2553306434385673,0.5226262194126163,0.03233066433885067,0.10397556151861302,1.324530311515295e-07,2.8086946253717835e-07,2.6796139972855475e-06,5.87956049719871e-06,1.8360996149261528e-06,4.2992331815014675e-06,5.413553259677546e-05,0.00011098195014531141,1.5804330258504423e-08,3.356423400347931e-08,3.3615840597448105e-06,7.386735514325833e-06,1.0069999195363425e-10,3.019225238846287e-10,2.0396472648658125e-18,2.0877348525905415e-18,1.0505769918243102e-11,1.230118254651958e-11,7.261586461861975e-12,1.5400470738966595e-11,2.6734463397988546e-15,5.083004875836813e-15,1.3240523598233241e-08,2.6149421019076168e-08,5.12334756417133e-19,1.5362511984563968e-18,0.00636756882862461,0.013035386656097443,3.4253745839643897e-31,9.999999999998286e-31,1.7533344051432285e-09,5.650006467084711e-09,6.574710492534896e-11,2.0681140812174384e-10
0.656,1408.6568339704136,4.990869150292904,0.17570019295285175,5.386679970675587,0.4847703594807936,0.07141842688579013,1.2080978152776127e-05,8.89910488583671e-07,5.044396185036907e-12,5.8977413370109495e-12,9.697148483492136e-13,2.267517116592465e-12,2.515273685684324e-07,3.12605527835664e-07,0.20507942242453173,0.26998525517405003,7.398708254765724e-15,1.784565498163266e-14,7.610855459019121e-13,1.891798496194513e-12,6.4303716143520016e-12,6.5915046549612906e-12,8.104954523495178e-06,8.90507761829812e-06,0.016034734641458152,0.018798840152934506,0.25533442319071004,0.5226442440866939,0.03233112868940515,0.10397910166023105,1.3237837613775962e-07,2.8071668079529836e-07,2.6797948090717232e-06,5.880072978093221e-06,1.8338743505328151e-06,4.2941072455638275e-06,5.40173135785917e-05,0.000110741772095133,1.5766237372175338e-08,3.348399386742961e-08,3.356313856389577e-06,7.375299963960732e-06,1.004801490930566e-10,3.0126931307578923e-10,2.0388231523731394e-18,2.0869323909246976e-18,1.0496269748960169e-11,1.2290300749299684e-11,7.2543903479044e-12,1.5385511981015848e-11,2.6700464915178843e-15,5.076640699714197e-15,1.3240272260394126e-08,2.6149439380019835e-08,5.117258502875848e-19,1.5344555802478676e-18,0.0063674434855172405,0.013035386656111876,3.425307156798705e-31,9.99999999999828e-31,1.748974557468474e-09,5.6360680843709296e-09,6.563808653403407e-11,2.0647254865413785e-10
0.657,1408.5620724657674,4.991052387656314,0.1756937424414953,5.392371693022119,0.4847913428653684,0.07142292046524208,1.2070339311572532e-05,8.891442651837365e-07,5.033622374518313e-12,5.885260496763157e-12,9.675411064935249e-13,2.2624786006462234e-12,2.512132562478535e-07,3.1222126962725005e-07,0.20506441688774685,0.2699708007477157,7.382058183616756e-15,1.7805844651185302e-14,7.598486932512331e-13,1.88876118462028e-12,6.413010287071583e-12,6.573837346981979e-12,8.092472387024462e-06,8.891537806332463e-06,0.016024797665658688,0.018787559066502223,0.25533818939332964,0.5226622143521781,0.03233159521540315,0.10398264348991118,1.3230386151675984e-07,2.805641760566172e-07,2.6799752047290277e-06,5.8805842579723075e-06,1.8316558153939888e-06,4.288996640297837e-06,5.3899564986911524e-05,0.00011050254324754561,1.572830286955991e-08,3.340408520069343e-08,3.3510619987281624e-06,7.363903891925734e-06,1.0026113876262018e-10,3.0061855702124464e-10,2.0379997451836232e-18,2.086130510329498e-18,1.0486793217588541e-11,1.2279445558981265e-11,7.247211578862951e-12,1.537058861561685e-11,2.666655915981079e-15,5.070293638285655e-15,1.324002159312463e-08,2.6149457696067908e-08,5.111184571761705e-19,1.5326643480546362e-18,0.006367318476004484,0.013035386656126278,3.4252399090871624e-31,9.999999999998295e-31,1.7446337991234716e-09,5.6221903748857355e-09,6.55294501896498e-11,2.0613486684415272e-10
0.658,1408.4674564664424,4.991235474184239,0.17568729771304115,5.398063624157819,0.4848122739865636,0.07142740279485128,1.2059724618413877e-05,8.883797442165268e-07,5.022887378476954e-12,5.872824242437618e-12,9.653755370891016e-13,2.2574588797538277e-12,2.509000042753818e-07,3.1183804936948634e-07,0.20504944789338334,0.26995637978000175,7.365470657322077e-15,1.7766182694528337e-14,7.586157401738492e-13,1.885733348789854e-12,6.39572298225296e-12,6.5562448835344965e-12,8.080030281013739e-06,8.87804098354394e-06,0.01601488684629071,0.01877630722409249,0.25534194210313943,0.5226801304358518,0.03233206390900022,0.10398618700518825,1.3222948668759575e-07,2.8041194714967107e-07,2.6801551859236506e-06,5.881094341654325e-06,1.8294439762487563e-06,4.283901290481263e-06,5.3782284071937354e-05,0.00011026425808305653,1.569052579677777e-08,3.332450601688608e-08,3.3458283899554826e-06,7.352547091247492e-06,1.000429562271438e-10,2.999702418368167e-10,2.0371770394935484e-18,2.085329207537264e-18,1.0477340208630583e-11,1.2268616846333509e-11,7.240050074741548e-12,1.5355700480962214e-11,2.663274568171462e-15,5.0639636090922085e-15,1.3239771593581249e-08,2.6149475967438238e-08,5.105125700432644e-19,1.5308774816486728e-18,0.006367193798664449,0.013035386656140608,3.425172840064864e-31,9.999999999998284e-31,1.7403120116135343e-09,5.6083729637725426e-09,6.542119376097776e-11,2.0579835615591774e-10
0.659,1408.372985363837,4.991418410502667,0.1756808587442361,5.403755763911393,0.4848331530646109,0.07143187392155345,1.2049133965006647e-05,8.876169181210704e-07,5.012190981286819e-12,5.860432327782754e-12,9.632180933368525e-13,2.252457846866523e-12,2.5058760847067014e-07,3.1145586205667496e-07,0.20503451528734343,0.2699419921321508,7.348945318368794e-15,1.7726668268148697e-14,7.573866663924094e-13,1.8827149397460254e-12,6.3785092469801724e-12,6.538726808927475e-12,8.06762800066215e-06,8.86458693150533e-06,0.016005002073255843,0.01876508450426327,0.2553456813795871,0.5226979925694053,0.032332534759285145,0.10398973219358877,1.321552510610212e-07,2.8025999292707176e-07,2.6803347543302523e-06,5.8816032339691e-06,1.82723880034709e-06,4.278821122066925e-06,5.3665468121146896e-05,0.00011002691115749881,1.565290521241943e-08,3.3245254355732575e-08,3.3406129346946068e-06,7.341229358042039e-06,9.982559679298308e-11,2.993243537600165e-10,2.0363550313231033e-18,2.0845284790959463e-18,1.0467910615952084e-11,1.2257814493044621e-11,7.232905756358317e-12,1.5340847416912693e-11,2.659902403487253e-15,5.057650530439717e-15,1.3239522258930171e-08,2.6149494194330835e-08,5.099081821088646e-19,1.5290949615737814e-18,0.006367069452084336,0.013035386656154982,3.4251059489717996e-31,9.99999999999831e-31,1.736009078091722e-09,5.594615481416372e-09,6.531331513855261e-11,2.0546301012052184e-10
0.66,1408.27865855532,4.991601197226854,0.1756744255122123,5.409448112112244,0.48485398032172455,0.0714363338924942,1.2038567243253332e-05,8.868557793478789e-07,5.001532968432025e-12,5.848084507793264e-12,9.610687288111435e-13,2.2474753957873067e-12,2.502760646685568e-07,3.110747027005331e-07,0.2050196189131425,0.26992763766187594,7.332481811931815e-15,1.7687300534846575e-14,7.561614516780062e-13,1.879705908640102e-12,6.3613686313664695e-12,6.521282670491967e-12,8.055265342207216e-06,8.851175432876451e-06,0.015995143237117183,0.018753890786295052,0.25534940727850297,0.5227158009764923,0.03233300775869155,0.10399327905326307,1.3208115404323474e-07,2.8010831223109447e-07,2.6805139115945847e-06,5.88211093967653e-06,1.8250402548665566e-06,4.273756060817462e-06,5.3549114426079037e-05,0.00010979049703395916,1.5615440177319246e-08,3.316632826135447e-08,3.3354155374724074e-06,7.329950488166236e-06,9.960905579644202e-11,2.9868087911535896e-10,2.0355337169387537e-18,2.0837283218017232e-18,1.0458504325253354e-11,1.2247038371197835e-11,7.225778544763974e-12,1.532602926376569e-11,2.656539377524551e-15,5.051354320986425e-15,1.3239273586362763e-08,2.6149512376961312e-08,5.093052864169498e-19,1.5273167678394575e-18,0.006366945434859558,0.013035386656169285,3.4250392350523943e-31,9.999999999998321e-31,1.731724881921703e-09,5.580917558813858e-09,6.520581222317029e-11,2.051288222998991e-10
0.661,1408.18447543998,4.991783834974383,0.17566799799402746,5.415140668590483,0.48487475597603624,0.07144078275412928,1.2028024346180712e-05,8.860963204272719e-07,4.99091312744357e-12,5.835780539805392e-12,9.589273974340098e-13,2.2425114211106447e-12,2.4996536874371434e-07,3.1069456636081246e-07,0.20500475861798076,0.2699133162313324,7.316079785974821e-15,1.764807866397914e-14,7.549400760283122e-13,1.876706207174656e-12,6.344300689631367e-12,6.503912019685861e-12,8.042942103642782e-06,8.837806272192696e-06,0.015985310229100665,0.018742725950191084,0.2553531198580445,0.522733555884852,0.032333482897012565,0.10399682757372637,1.3200719505092102e-07,2.799569039255542e-07,2.6806926593687395e-06,5.882617463543434e-06,1.8228483074502915e-06,4.268706033564877e-06,5.343322031279205e-05,0.00010955501034522491,1.5578129763911507e-08,3.308772580214194e-08,3.3302361041237587e-06,7.318710280303345e-06,9.93933286137959e-11,2.9803980434441655e-10,2.0347130924592473e-18,2.0829287322955228e-18,1.0449121230050772e-11,1.223628836198463e-11,7.218668361771369e-12,1.5311245863377462e-11,2.653185446273093e-15,5.0450749001149186e-15,1.3239025573081066e-08,2.614953051553003e-08,5.087038762406413e-19,1.525542881135775e-18,0.006366821745594433,0.013035386656183513,3.4249726975558575e-31,9.999999999998312e-31,1.7274593079942195e-09,5.567278831815972e-09,6.509868293622981e-11,2.047957863193575e-10
0.662,1408.0904354206195,4.991966324359276,0.1756615761668723,5.420833433176917,0.4848954802441799,0.07144522055260463,1.2017505167422686e-05,8.853385339312877e-07,4.9803312473861e-12,5.823520182897278e-12,9.567940534751212e-13,2.237565818222574e-12,2.496555165975547e-07,3.1031544812903196e-07,0.20498993425014334,0.26989902770369195,7.299738891072194e-15,1.7609001831032422e-14,7.537225195747393e-13,1.873715787372825e-12,6.3273049794874895e-12,6.4866144114661326e-12,8.030658084339229e-06,8.824479235448104e-06,0.015975502941126617,0.018731589876714517,0.2553568191760999,0.5227512575209906,0.032333960164000454,0.10400037774421854,1.3193337350344006e-07,2.7980576687924223e-07,2.6808709992947903e-06,5.883122810307577e-06,1.820662925934281e-06,4.2636709675720435e-06,5.331778312606525e-05,0.00010932044576140364,1.554097305133667e-08,3.3009445060363585e-08,3.3250745410725852e-06,7.307508534383445e-06,9.917841065593326e-11,2.974011159897783e-10,2.0338931540466313e-18,2.0821297072585428e-18,1.0439761226451621e-11,1.2225564349586671e-11,7.2115751296571834e-12,1.5296497058530624e-11,2.649840566005723e-15,5.038812187722092e-15,1.3238778216303267e-08,2.6149548610232642e-08,5.081039448673197e-19,1.5237732821890397e-18,0.006366698382902252,0.013035386656197748,3.4249063357362105e-31,9.999999999998325e-31,1.7232122420449908e-09,5.553698938930547e-09,6.499192521437469e-11,2.0446389585073268e-10
0.663,1407.9965379068044,4.992148665981661,0.17565516000843392,5.426526405703041,0.4849161533465558,0.0714496473345502,1.2007009600839082e-05,8.845824124458444e-07,4.9697871183779466e-12,5.811303197329688e-12,9.546686515958376e-13,2.2326384834045137e-12,2.493465041452014e-07,3.0993734311237404e-07,0.2049751456537923,0.26988477193635546,7.283458780664359e-15,1.7570069218243448e-14,7.52508762483094e-13,1.87073460133192e-12,6.310381061565525e-12,6.469389403701819e-12,8.018413084641529e-06,8.81119410965638e-06,0.015965721265701473,0.01872048244726645,0.25536050528535,0.5227689061002041,0.032334439554374164,0.10400392956983746,1.3185968881481885e-07,2.7965489994901595e-07,2.681048932978644e-06,5.883626984621796e-06,1.8184840780321092e-06,4.258650789795667e-06,5.320280021231891e-05,0.00010908679795494056,1.550396912026735e-08,3.2931484121188525e-08,3.3199307545322744e-06,7.296345049828422e-06,9.896429736192257e-11,2.9676480067586007e-10,2.0330738981619263e-18,2.0813312436745408e-18,1.043042419501398e-11,1.2214866199935949e-11,7.204498770952118e-12,1.52817826924934e-11,2.6465046931960252e-15,5.0325661040639774e-15,1.3238531513278083e-08,2.6149566661295215e-08,5.075054853922775e-19,1.5220079511433876e-18,0.006366575345403524,0.01303538665621194,3.4248401488513733e-31,9.999999999998326e-31,1.7189835699091571e-09,5.540177518921476e-09,6.488553700328224e-11,2.0413314459291428e-10
0.664,1407.902782306437,4.9923308604544365,0.17564874949595735,5.4322195860010485,0.4849367754945938,0.07145406314517962,1.1996537541894663e-05,8.838279486720589e-07,4.9592805330888204e-12,5.799129346295839e-12,9.525511467558696e-13,2.2277293136144448e-12,2.490383273555875e-07,3.09560246483434e-07,0.2049603926816587,0.26987054879757544,7.267239110748307e-15,1.7531280013849474e-14,7.512987852530274e-13,1.8677626019673287e-12,6.293528501123933e-12,6.452236558925492e-12,8.006206907042216e-06,8.797950684137325e-06,0.0159559650960096,0.01870940354398775,0.2553641782455833,0.5227865018516178,0.032334921055400194,0.10400748303155945,1.3178614041881064e-07,2.7950430203285617e-07,2.6812264620597094e-06,5.884129991204933e-06,1.8163117322652245e-06,4.253645429063559e-06,5.3088268971115966e-05,0.00010885406170618976,1.5467117068610482e-08,3.285384110603109e-08,3.314804652900668e-06,7.285219630813433e-06,9.875098421614098e-11,2.9613084516019653e-10,2.0322553208431026e-18,2.080533338090009e-18,1.0421110038760301e-11,1.2204193805226965e-11,7.197439209212339e-12,1.5267102610651263e-11,2.6431777848062523e-15,5.026336570301776e-15,1.3238285461251458e-08,2.614958466889984e-08,5.069084913891651e-19,1.5202468695709576e-18,0.006366452631728196,0.01303538665622615,3.4247741361643383e-31,9.999999999998363e-31,1.7147731797556e-09,5.526714218008533e-09,6.477951627536116e-11,2.0380352632746738e-10
0.665,1407.8091680340326,4.992512908377942,0.17564234460713704,5.437912973903816,0.4849573469024015,0.07145846803001692,1.1986088886013526e-05,8.830751353051595e-07,4.9488112850407385e-12,5.786998393935982e-12,9.504414942705208e-13,2.222838206621306e-12,2.487309822069933e-07,3.091841534250102e-07,0.20494567518337944,0.2698563581511395,7.251079539788955e-15,1.74926334118783e-14,7.500925683932021e-13,1.8647997422053617e-12,6.2767468660712785e-12,6.435155442307566e-12,7.994039354886942e-06,8.78474874909618e-06,0.015946234325921977,0.018698353049772222,0.25536783811224123,0.5228040449948119,0.03233540465841438,0.10401103812331323,1.3171272774146837e-07,2.793539720117438e-07,2.681403588143327e-06,5.884631834694402e-06,1.8141458569756145e-06,4.248654813763269e-06,5.297418679936533e-05,0.00010862223178903715,1.5430415994389595e-08,3.2776514136200695e-08,3.3096961441881487e-06,7.27413208061608e-06,9.853846672977525e-11,2.9549923627803754e-10,2.0314374184420476e-18,2.079735987368936e-18,1.0411818652861629e-11,1.2193547048417663e-11,7.190396368087015e-12,1.5252456658531654e-11,2.639859797942384e-15,5.020123507846836e-15,1.3238040057494524e-08,2.6149602633243692e-08,5.063129561662212e-19,1.518490018241636e-18,0.006366330240514561,0.013035386656240213,3.4247082969426004e-31,9.999999999998347e-31,1.710580959673384e-09,5.513308682090246e-09,6.467386101078182e-11,2.0347503485899614e-10
0.666,1407.7156945097945,4.992694810341593,0.17563594532005905,5.443606569244894,0.4849778677866425,0.07146286203489462,1.1975663529112026e-05,8.823239650739617e-07,4.93837916903531e-12,5.774910105838755e-12,9.483396498376096e-13,2.2179650610686597e-12,2.484244646976015e-07,3.088090591433028e-07,0.2049309930057043,0.26984219985670393,7.234979729146232e-15,1.745412861318412e-14,7.488900924914474e-13,1.8618459751581602e-12,6.260035727448842e-12,6.418145622153301e-12,7.981910232661426e-06,8.771588095941292e-06,0.01593652884986291,0.018687330848114782,0.25537148493682005,0.5228215357407615,0.032335890358458234,0.10401459485083521,1.3163945020760219e-07,2.7920390876342015e-07,2.6815803128067023e-06,5.885132519660529e-06,1.8119864205209317e-06,4.2436788723000844e-06,5.286055110340906e-05,0.00010839130299571543,1.539386499954304e-08,3.26995013409796e-08,3.304605136558721e-06,7.263082202807446e-06,9.832674044395258e-11,2.9486996095182785e-10,2.0306201875089712e-18,2.0789391885749688e-18,1.0402549919105547e-11,1.2182925796752638e-11,7.183370171629512e-12,1.5237844682467833e-11,2.636550689962812e-15,5.013926838568615e-15,1.3237795299306699e-08,2.6149620554551045e-08,5.057188729522431e-19,1.5167373776811085e-18,0.006366208170408089,0.013035386656254304,3.4246426304574844e-31,9.999999999998363e-31,1.7064067981854235e-09,5.499960558401125e-09,6.456856920111344e-11,2.0314766402664353e-10
0.667,1407.6223611518958,4.992876566948704,0.17562955161232763,5.449300371858518,0.4849983383544864,0.07146724520415079,1.1965261368630467e-05,8.815744308165591e-07,4.927983982341188e-12,5.76286425042803e-12,9.46245569430677e-13,2.2131097762242765e-12,2.481187708778487e-07,3.084349589080207e-07,0.20491634600446887,0.2698280737854561,7.218939342532852e-15,1.741576482413425e-14,7.476913384623252e-13,1.8589012547385534e-12,6.243394660767941e-12,6.401206671272245e-12,7.969819346936426e-06,8.758468518319655e-06,0.01592684856293835,0.018676336823255073,0.2553751187784423,0.5228389743153272,0.03233637814260569,0.10401815319408057,1.3156630726134498e-07,2.7905411120590146e-07,2.6817566376632874e-06,5.885632050745591e-06,1.809833392058105e-06,4.23871753493077e-06,5.2747359341652776e-05,0.00010816127022418649,1.5357463202843958e-08,3.2622800885058185e-08,3.2995315403262864e-06,7.25206980563723e-06,9.811580094394031e-11,2.94243006233702e-10,2.029803624162094e-18,2.0781429383253236e-18,1.03933037441013e-11,1.2172329946501851e-11,7.176360544865678e-12,1.5223266530798877e-11,2.633250418693002e-15,5.007746485201149e-15,1.3237551183982016e-08,2.6149638432996823e-08,5.0512623544548905e-19,1.5149889298165696e-18,0.0063660864200635655,0.013035386656268341,3.4245771359853447e-31,9.999999999998342e-31,1.702250586100571e-09,5.486669501479689e-09,6.446363886406225e-11,2.0282140775039485e-10
0.668,1407.5291673860565,4.993058178786502,0.1756231634621203,5.454994381579597,0.4850187588177045,0.07147161758272765,1.195488230201456e-05,8.808265253687278e-07,4.91762552303435e-12,5.7508605970242795e-12,9.441592094011646e-13,2.208272252219977e-12,2.478138968062971e-07,3.08061847997632e-07,0.20490173403053508,0.269813979801684,7.202958046346267e-15,1.737754125741683e-14,7.46496287215843e-13,1.855965534837109e-12,6.226823244101904e-12,6.3843381650248044e-12,7.95776650508555e-06,8.745389810710962e-06,0.01591719336087225,0.01866537086010875,0.25537873969013913,0.5228563609313285,0.03233686800377279,0.10402171315167583,1.314932983384032e-07,2.7890457823871233e-07,2.681932564284043e-06,5.886130432492783e-06,1.8076867405147634e-06,4.2337707313561094e-06,5.263460896751435e-05,0.0001079321283612011,1.5321209722505987e-08,3.254641093160022e-08,3.2944752653061943e-06,7.241094696215478e-06,9.79056438402394e-11,2.9361835924890124e-10,2.0289877248885833e-18,2.0773472336114095e-18,1.0384080019611272e-11,1.216175937650781e-11,7.169367412945897e-12,1.520872205207595e-11,2.6299589421082947e-15,5.001582370741537e-15,1.3237307708845181e-08,2.6149656268785682e-08,5.045350370626284e-19,1.5132446557247363e-18,0.006365964988143363,0.01303538665628239,3.4245118128066236e-31,9.999999999998356e-31,1.6981122140404038e-09,5.473435165199442e-09,6.435906802395736e-11,2.0249625996975637e-10
0.669,1407.4361126399244,4.993239646443416,0.17561678084757945,5.460688598243709,0.48503912938468524,0.07147597921498673,1.194452622758979e-05,8.800802416282624e-07,4.907303590932441e-12,5.738898916936966e-12,9.420805264147774e-13,2.203452389902732e-12,2.4750983857463077e-07,3.0768972173040976e-07,0.2048871569377751,0.26979991777325874,7.187035509449385e-15,1.733945713151128e-14,7.45304919846342e-13,1.8530387697916052e-12,6.210321059126872e-12,6.3675396823893696e-12,7.945751515995479e-06,8.73235176920748e-06,0.015907563140011204,0.018654432844271034,0.255382347726693,0.5228736958045406,0.03233735993283486,0.10402527471555051,1.3142042288207136e-07,2.787553087768222e-07,2.6821080942429803e-06,5.886627669445493e-06,1.8055464351784877e-06,4.228838392100574e-06,5.252229746204867e-05,0.00010770387234919318,1.5285103686118115e-08,3.247032966334575e-08,3.289436222332481e-06,7.230156683846782e-06,9.769626477876639e-11,2.929960072262985e-10,2.02817248608332e-18,2.0765520713263942e-18,1.0374878643194978e-11,1.2151213972361246e-11,7.162390701631011e-12,1.519421109609165e-11,2.6266762185134912e-15,4.9954344187910336e-15,1.3237064871232e-08,2.614967406211045e-08,5.039452713751529e-19,1.5115045369405679e-18,0.006365843873318036,0.013035386656296404,3.4244466602061572e-31,9.999999999998363e-31,1.693991573852228e-09,5.460257207323111e-09,6.425485472268388e-11,2.0217221467814183e-10
0.67,1407.3431963456205,4.993420970501167,0.17561040374709053,5.466383021687095,0.48505945026416664,0.07148033014526349,1.1934193044070105e-05,8.793355725188489e-07,4.8970179870779845e-12,5.726978982861004e-12,9.400094774698856e-13,2.198650090878034e-12,2.4720659229408325e-07,3.073185754475906e-07,0.204872614579341,0.26978588756674016,7.171171403158343e-15,1.730151167066145e-14,7.441172175336105e-13,1.850120914141394e-12,6.193887690511988e-12,6.350810805338283e-12,7.933774189669478e-06,8.719354191079314e-06,0.01589795779731666,0.018643522662009065,0.2553859429409925,0.5228909791462649,0.03233785392229682,0.10402883788275048,1.3134768033491884e-07,2.7860630173303407e-07,2.68228322909579e-06,5.887123766100765e-06,1.8034124453952945e-06,4.223920447806564e-06,5.2410422317019484e-05,0.00010747649715158354,1.5249144225460883e-08,3.2394555271604927e-08,3.2844143224766423e-06,7.219255578314032e-06,9.748765943504812e-11,2.9237593748103215e-10,2.027357904274963e-18,2.0757574484968073e-18,1.036569950902682e-11,1.2140693615648135e-11,7.155430337014198e-12,1.517973351329136e-11,2.6234022064388527e-15,4.989302553357761e-15,1.3236822668498116e-08,2.614969181317102e-08,5.033569318817591e-19,1.5097685547747224e-18,0.006365723074266006,0.013035386656310422,3.4243816774730145e-31,9.999999999998398e-31,1.6898885578782975e-09,5.447135287148161e-09,6.415099701386149e-11,2.0184926590458087e-10
0.671,1407.250417936269,4.993602151545446,0.17560403213890638,5.472077651746666,0.48507972166024194,0.07148467041712575,1.1923882651429443e-05,8.785925110542294e-07,4.886768514583438e-12,5.715100569865025e-12,9.379460198848694e-13,2.1938652574803158e-12,2.46904154117823e-07,3.069484045411888e-07,0.2048581068126627,0.26977188905393784,7.155365401434272e-15,1.726370410533839e-14,7.429331617008699e-13,1.847211923020145e-12,6.177522726897383e-12,6.334151119840875e-12,7.921834337882805e-06,8.706396875494419e-06,0.015888377230364566,0.018632640200260266,0.25538952538892007,0.5229082111732958,0.032338349961370055,0.10403240263959268,1.3127507015235969e-07,2.7845755604674817e-07,2.6824579704093502e-06,5.887618726973604e-06,1.80128474104687e-06,4.219016830351989e-06,5.229898106185023e-05,0.00010724999780804794,1.5213330484771562e-08,3.2319085973816796e-08,3.2794094782947604e-06,7.208391192619429e-06,9.727982352320064e-11,2.917581374414352e-10,2.0265439757829498e-18,2.0749633619311988e-18,1.0356542520776615e-11,1.2130198199035015e-11,7.148486246020018e-12,1.5165289155831052e-11,2.6201368648233494e-15,4.983186699204985e-15,1.3236581098006884e-08,2.6149709522148427e-08,5.027700123868596e-19,1.5080366914487753e-18,0.006365602589673957,0.013035386656324388,3.424316863900709e-31,9.999999999998414e-31,1.685803060111396e-09,5.4340690692318414e-09,6.404749297198857e-11,2.015274077424866e-10
0.672,1407.1577768517118,4.99378319014815,0.17559766600177204,5.4777724882599825,0.48509994378065324,0.07148900007460728,1.191359494949812e-05,8.778510502349384e-07,4.876554977239545e-12,5.70326345376523e-12,9.358901113152385e-13,2.1890977928135344e-12,2.4660252020442074e-07,3.065792044086396e-07,0.20484363349115686,0.26975792210103716,7.139617180556893e-15,1.7226033671457135e-14,7.417527337564771e-13,1.844311751514027e-12,6.1612257592456356e-12,6.317560214174949e-12,7.909931773100317e-06,8.693479622330848e-06,0.015878821337330717,0.018621785346618458,0.25539309512127245,0.5229253920914617,0.03233884804411553,0.10403596898787787,1.3120259178067725e-07,2.7830907063739756e-07,2.6826323197133436e-06,5.888112556491725e-06,1.7991632917724085e-06,4.214127471028488e-06,5.218797121955168e-05,0.00010702436934416593,1.5177661607214163e-08,3.22439199848155e-08,3.274421601793325e-06,7.197563338514825e-06,9.707275278070103e-11,2.911425946034362e-10,2.0257306972774347e-18,2.0741698087937923e-18,1.0347407569984804e-11,1.2119727600943432e-11,7.141558355599632e-12,1.5150877875872825e-11,2.616880152716659e-15,4.977086781285329e-15,1.3236340157149005e-08,2.6149727189247855e-08,5.021845063855482e-19,1.5063089282507725e-18,0.006365482418235883,0.013035386656338294,3.4242522187866895e-31,9.999999999998412e-31,1.6817349743024314e-09,5.421058217292762e-09,6.3944340677315e-11,2.0120663430210247e-10
0.673,1407.0652725320242,4.993964086887464,0.17559130531421838,5.483467531065266,0.4851201168274505,0.07149331916081933,1.1903329839323007e-05,8.771111831483937e-07,4.866377180882913e-12,5.691467412724228e-12,9.3384170971043e-13,2.1843476006499345e-12,2.4630168675420603e-07,3.062109704979551e-07,0.20482919447356895,0.2697439865808566,7.123926419230847e-15,1.718849961063177e-14,7.405759153563593e-13,1.8414203553139874e-12,6.144996382415169e-12,6.301037680539749e-12,7.898066309537725e-06,8.680602233342024e-06,0.015869290017006387,0.018610957989349315,0.25539665219288277,0.5229425221142158,0.03233934816025522,0.10403953691531403,1.3113024467942233e-07,2.78160844451914e-07,2.682806278554103e-06,5.888605259112749e-06,1.7970480677714762e-06,4.209252302421328e-06,5.207739035168051e-05,0.00010679960686360778,1.5142136748625726e-08,3.216905554603017e-08,3.2694506065152366e-06,7.186771831086015e-06,9.686644298323538e-11,2.905292965750642e-10,2.024918065183132e-18,2.0733767859937593e-18,1.0338294560848116e-11,1.2109281714578294e-11,7.1346465935033155e-12,1.5136499527221507e-11,2.613632029564027e-15,4.9710027252818655e-15,1.3236099843319883e-08,2.614974481464955e-08,5.016004076917285e-19,1.5045852474190368e-18,0.00636536255865413,0.013035386656352156,3.424187741432901e-31,9.999999999998423e-31,1.6776841958938163e-09,5.40810240044263e-09,6.384153823108972e-11,2.0088693975845598e-10
0.674,1406.972904422014,4.99414484233383,0.1755849500550555,5.489162780001387,0.4851402410035957,0.0714976277189332,1.189308722244572e-05,8.763729029158426e-07,4.856234932609232e-12,5.67971222633208e-12,9.318007733594484e-13,2.1796145855372717e-12,2.460016499883153e-07,3.0584369828172735e-07,0.2048147896173757,0.26973008236419554,7.108292798717492e-15,1.7151101170497137e-14,7.394026882476432e-13,1.838537690327294e-12,6.128834194251926e-12,6.28458311412619e-12,7.88623776255281e-06,8.667764511489226e-06,0.015859783168771353,0.018600158017361427,0.25540019665618685,0.5229596014495306,0.03233985030165395,0.10404310641638191,1.3105802830829345e-07,2.780128764369381e-07,2.682979848457718e-06,5.88909683924399e-06,1.794939039318258e-06,4.204391257272371e-06,5.196723603146507e-05,0.00010657570549304727,1.5106755069326975e-08,3.209449090809532e-08,3.26449640629106e-06,7.176016486009231e-06,9.666088993570853e-11,2.89918231049548e-10,2.024106076056809e-18,2.0725842905720054e-18,1.0329203392378941e-11,1.2098860427033867e-11,7.1277508878764834e-12,1.512215396446999e-11,2.6103924550552283e-15,4.9649344573216665e-15,1.3235860153935697e-08,2.6149762398544026e-08,5.010177100716304e-19,1.502865631043168e-18,0.006365243009638565,0.013035386656366025,3.4241234311453107e-31,9.999999999998437e-31,1.6736506208572612e-09,5.395201289441323e-09,6.373908374636778e-11,2.0056831832247112e-10
0.675,1406.8806719700447,4.994325457053544,0.1755786002032461,5.4948582349078645,0.48516031651125485,0.07150192579192677,1.1882867000829797e-05,8.756362026869907e-07,4.846128040755636e-12,5.6679976755859306e-12,9.297672608540786e-13,2.1748986527128983e-12,2.4570240614866416e-07,3.054773832570953e-07,0.20480041878049193,0.2697162093220765,7.092716002518266e-15,1.7113837603945888e-14,7.382330342764164e-13,1.8356637126968674e-12,6.1127387955254285e-12,6.268196113051875e-12,7.874445948625947e-06,8.654966260920329e-06,0.01585030069260206,0.018589385320215684,0.2554037285629079,0.522976630303336,0.03234035446062866,0.10404667748689393,1.3098594212771008e-07,2.778651655400315e-07,2.683153030938726e-06,5.889587301261389e-06,1.7928361768002326e-06,4.19954426857067e-06,5.1857505845315554e-05,0.00010635266038526401,1.5071515734523647e-08,3.2020224331705524e-08,3.2595589153191453e-06,7.165297119727392e-06,9.645608947217321e-11,2.89309385805119e-10,2.0232947265324397e-18,2.0717923196449883e-18,1.0320133963241843e-11,1.2088463624958303e-11,7.1208711672076315e-12,1.5107841042888724e-11,2.607161389105197e-15,4.958881903939004e-15,1.3235621086428858e-08,2.6149779941122487e-08,5.00436407259095e-19,1.5011500611098759e-18,0.0063651237699066405,0.013035386656379839,3.424059287233999e-31,9.999999999998442e-31,1.6696341457663087e-09,5.3823545569311e-09,6.36369753483991e-11,2.0025076424219746e-10
0.676,1406.7885746272063,4.994505931611214,0.17557225573781912,5.500553895624859,0.48518034355074663,0.07150621342242991,1.1872669077200105e-05,8.749010756650306e-07,4.8360563151969786e-12,5.656323543236966e-12,9.277411310964224e-13,2.1701997081215727e-12,2.4540395150572446e-07,3.051120209554248e-07,0.20478608182232946,0.2697023673271407,7.07719571655151e-15,1.707670816955656e-14,7.370669354400855e-13,1.832798378931565e-12,6.096709790272499e-12,6.251876278714297e-12,7.862690685590064e-06,8.642207287222998e-06,0.01584084248905733,0.018578639788108853,0.25540724796510705,0.5229936088816723,0.032340860628892444,0.10405025012059732,1.3091398560346667e-07,2.777177107195526e-07,2.6833258275072452e-06,5.8900766495251935e-06,1.7907394508725323e-06,4.1947112699141865e-06,5.1748197401767865e-05,0.00010613046673749485,1.503641791706287e-08,3.194625409347459e-08,3.2546380485781767e-06,7.154613550357339e-06,9.625203745873026e-11,2.887027487137339e-10,2.022484013219339e-18,2.071000870300427e-18,1.0311086174281478e-11,1.2078091197514978e-11,7.114007360526055e-12,1.5093560618845572e-11,2.6039387919256423e-15,4.952844992211727e-15,1.3235382638245526e-08,2.614979744257207e-08,4.998564930875961e-19,1.4994385198990304e-18,0.006365004838183483,0.013035386656393649,3.4239953090131546e-31,9.999999999998468e-31,1.6656346681753522e-09,5.369561878659005e-09,6.35352111776041e-11,1.9993427181218493e-10
0.677,1406.6966118469763,4.994686266570868,0.17556591663783064,5.506249761993175,0.48520032231996163,0.07151049065263688,1.1862493355103885e-05,8.741675151111332e-07,4.826019567402392e-12,5.6446896138568315e-12,9.257223432932494e-13,2.1655176584023655e-12,2.4510628236022735e-07,3.047476069444272e-07,0.20477177860437498,0.2696885562544028,7.061731629125901e-15,1.7039712131530446e-14,7.359043738998311e-13,1.829941645937194e-12,6.080746785849171e-12,6.235623215844641e-12,7.850971792678517e-06,8.629487397477446e-06,0.01583140845928723,0.01856792131188374,0.2554107549157319,0.5230105373917991,0.032341368796998914,0.10405382430738364,1.3084215820782797e-07,2.775705109469765e-07,2.683498239671995e-06,5.89056488838642e-06,1.7886488324977998e-06,4.189892195603193e-06,5.163930833359385e-05,0.00010590911979576862,1.500146079805995e-08,3.187257848726984e-08,3.249733721929277e-06,7.143965597914486e-06,9.604872979411018e-11,2.880983077428342e-10,2.0216739326704827e-18,2.0702099395648176e-18,1.0302059930550902e-11,1.2067743038758502e-11,7.1071593974350925e-12,1.507931254987629e-11,2.6007246240367517e-15,4.9468236497835566e-15,1.3235144806843712e-08,2.6149814903071402e-08,4.992779615210792e-19,1.4977309900761917e-18,0.006364886213201953,0.013035386656407418,3.4239314958011304e-31,9.999999999998484e-31,1.6616520867093894e-09,5.35682293376671e-09,6.34337893902644e-11,1.9961883537566396e-10
0.678,1406.6047830880443,4.994866462487059,0.1755595828826766,5.5119458338542495,0.4852202530185593,0.07151475752493217,1.185233973822695e-05,8.734355142941628e-07,4.816017609755706e-12,5.633095673043763e-12,9.237108569641208e-13,2.1608524109080564e-12,2.4480939502526134e-07,3.043841368059418e-07,0.20475750898599948,0.2696747759757598,7.046323430789788e-15,1.7002848759331114e-14,7.347453318541435e-13,1.8270934707023092e-12,6.064849392121928e-12,6.2194365316797815e-12,7.839289089991878e-06,8.616806399671624e-06,0.01582199850501649,0.018557229783011834,0.2554142494645493,0.5230274160339207,0.032341878958442975,0.10405740004649297,1.307704594087672e-07,2.7742356518409517e-07,2.6836702689161372e-06,5.891052022134424e-06,1.7865642925655648e-06,4.185086979749232e-06,5.153083627622123e-05,0.00010568861481066663,1.496664356029522e-08,3.1799195810189216e-08,3.244845851117736e-06,7.133353082119386e-06,9.58461624021111e-11,2.874960509327159e-10,2.0208644816584133e-18,2.069419524686177e-18,1.0293055129915103e-11,1.2057419034286605e-11,7.100327207720754e-12,1.5065096693855986e-11,2.5975188461219238e-15,4.9408178045884206e-15,1.3234907589703551e-08,2.6149832322813585e-08,4.987008063518946e-19,1.4960274537866697e-18,0.006364767893702072,0.01303538665642117,3.4238678469201234e-31,9.999999999998484e-31,1.6576863001402892e-09,5.344137401813737e-09,6.333270815108731e-11,1.9930444930117737e-10
0.679,1406.51308780918,4.995046519920923,0.17555325445152828,5.51764211105016,0.48524013584046133,0.07151901408077248,1.184220813151723e-05,8.727050665733467e-07,4.806050256666959e-12,5.621541508722144e-12,9.217066319123534e-13,2.1562038736370328e-12,2.445132858559886e-07,3.0402160617284316e-07,0.20474327283195687,0.26966102636982375,7.030970814453181e-15,1.6966117327977414e-14,7.33589791751534e-13,1.824253810826947e-12,6.049017222745137e-12,6.203315837271963e-12,7.82764239936819e-06,8.604164103656742e-06,0.01581261252856449,0.01854656509361405,0.2554177316654568,0.5230442450160728,0.03234239110229878,0.10406097732281083,1.3069888868824433e-07,2.7727687242175183e-07,2.6838419167405004e-06,5.891538055090822e-06,1.7844858025398003e-06,4.180295557791465e-06,5.1422778904187754e-05,0.00010546894711207952,1.4931965399328935e-08,3.172610438617436e-08,3.2399743534680835e-06,7.1227758261232424e-06,9.564433124368293e-11,2.868959664327514e-10,2.020055656695259e-18,2.0686296226422202e-18,1.0284071683295463e-11,1.2047119084952666e-11,7.093510721990663e-12,1.505091291035267e-11,2.5943214192631444e-15,4.93482738529752e-15,1.3234670984309072e-08,2.6149849701965986e-08,4.981250217105048e-19,1.4943278941843362e-18,0.006364649878431965,0.01303538665643486,3.4238043616967233e-31,9.999999999998494e-31,1.6537372089467709e-09,5.331504967806217e-09,6.32319656455681e-11,1.989911080214621e-10
0.68,1406.4215254761584,4.995226439418404,0.1755469313240975,5.523338593423604,0.48525997098407786,0.07152326036221061,1.1832098439750635e-05,8.719761652928077e-07,4.796117323117893e-12,5.610026909442933e-12,9.197096282658071e-13,2.1515719553293783e-12,2.442179512109297e-07,3.0366001068098425e-07,0.20472907000217655,0.26964730730854136,7.015673475275865e-15,1.6929517117778737e-14,7.324377360119874e-13,1.8214226238304648e-12,6.0332498934655845e-12,6.187260745752248e-12,7.816031543244187e-06,8.591560319897923e-06,0.01580325043280736,0.018535927136420795,0.2554212015665363,0.5230610245338774,0.03234290522323567,0.10406455613911766,1.3062744551842593e-07,2.771304316294591e-07,2.6840131846052254e-06,5.892022991482761e-06,1.7824133336114047e-06,4.175517864512442e-06,5.131513388336468e-05,0.00010525011201125198,1.4897425508934906e-08,3.165330253507236e-08,3.2351191456657603e-06,7.1122336516332194e-06,9.544323230072377e-11,2.862980424528747e-10,2.0192474546663354e-18,2.067840230789668e-18,1.0275109486971351e-11,1.2036843074422586e-11,7.086709870859366e-12,1.503676105890248e-11,2.5911323046386374e-15,4.9288523207455146e-15,1.3234434988172776e-08,2.6149867040724854e-08,4.975506014078931e-19,1.4926322934593423e-18,0.00636453216614647,0.013035386656448511,3.4237410394610967e-31,9.999999999998514e-31,1.6498047132676012e-09,5.318925315600124e-09,6.313156006365183e-11,1.986788059820906e-10
0.681,1406.3300955554441,4.995406221529646,0.1755406134799551,5.529035280817911,0.48527975864339523,0.07152749641057313,1.1822010568816909e-05,8.712488038762318e-07,4.78621862594049e-12,5.5985516658788324e-12,9.1771980643616e-13,2.1469565653715066e-12,2.4392338748610764e-07,3.032993460116213e-07,0.20471490036068482,0.26963361866891156,7.000431110746476e-15,1.6893047414525117e-14,7.312891472739545e-13,1.818599867765603e-12,6.017547023576459e-12,6.1712708738215115e-12,7.804456345640685e-06,8.578994860556647e-06,0.015793912121167424,0.018525315804757567,0.25542465921882596,0.5230777547884408,0.03234342131270261,0.10406813648771307,1.305561293830242e-07,2.769842418006383e-07,2.6841840739820345e-06,5.892506835556935e-06,1.780346857451974e-06,4.1707538358034585e-06,5.1207898913444494e-05,0.00010503210488791984,1.48630230940449e-08,3.1580788600137476e-08,3.230280145732182e-06,7.101726383253818e-06,9.524286158975561e-11,2.85702267304589e-10,2.018439872264281e-18,2.067051346284554e-18,1.0266168445461983e-11,1.2026590895977523e-11,7.079924585676427e-12,1.5022641000553012e-11,2.5879514637901496e-15,4.922892540438484e-15,1.3234199598814364e-08,2.6149884339270188e-08,4.969775395278197e-19,1.4909406346146565e-18,0.006364414755607844,0.01303538665646214,3.423677879547394e-31,9.9999999999985e-31,1.6458887147200367e-09,5.306398133763579e-09,6.30314896139924e-11,1.9836753768632946e-10
0.682,1406.2387975173797,4.995585866799319,0.17553430089887093,5.534732173077026,0.48529949901238284,0.0715317222671126,1.1811944424928401e-05,8.70522975768607e-07,4.776353983048411e-12,5.587115569925917e-12,9.157371271242697e-13,2.1423576138089507e-12,2.43629591094895e-07,3.0293960786637695e-07,0.2047007637711834,0.26961996032717284,6.9852434204734515e-15,1.6856707508984722e-14,7.301440082522588e-13,1.8157855008652825e-12,6.0019082350144455e-12,6.155345840825412e-12,7.792916631574118e-06,8.566467538844592e-06,0.015784597497634625,0.018514730992571036,0.25542810467195953,0.5230944359774448,0.03234393936330883,0.10407171836451432,1.3048493976501208e-07,2.768383019265698e-07,2.684354586327513e-06,5.892989591521157e-06,1.7782863457888074e-06,4.166003407669269e-06,5.110107170361655e-05,0.00010481492114043302,1.4828757363298236e-08,3.150856093220544e-08,3.2254572719020185e-06,7.091253846019303e-06,9.504321515374117e-11,2.8510862937645265e-10,2.0176329062953253e-18,2.0662629663959363e-18,1.025724846188854e-11,1.2016362441224612e-11,7.073154798073512e-12,1.5008552596903197e-11,2.584778858455954e-15,4.9169479742365995e-15,1.3233964813770003e-08,2.6149901597785023e-08,4.964058300851554e-19,1.4892529004411967e-18,0.006364297645585531,0.013035386656475748,3.4236148812936644e-31,9.999999999998498e-31,1.6419891153617332e-09,5.293923112230904e-09,6.293175251572027e-11,1.9805729766925045e-10
0.683,1406.1476308326887,4.995765375777697,0.17552799356042434,5.540429270045526,0.4853191922796687,0.07153593797221271,1.1801899915441583e-05,8.697986744966606e-07,4.76652321424036e-12,5.575718415642959e-12,9.13761551303662e-13,2.137775011307598e-12,2.433365584896113e-07,3.025807919940611e-07,0.2046866601023593,0.2696063321657599,6.9701101063061706e-15,1.6820496697195085e-14,7.290023018905748e-13,1.8129794819216282e-12,5.986333153285854e-12,6.139485269704004e-12,7.781412227693655e-06,8.553978169723149e-06,0.015775306466796344,0.018504172594461656,0.2554315379793081,0.5231110683056027,0.032344459363635766,0.10407530175234833,1.3041387615979353e-07,2.7669261102429933e-07,2.6845247231132037e-06,5.893471263609591e-06,1.776231770868078e-06,4.161266517312689e-06,5.099464999863178e-05,0.00010459855623921077,1.4794627536980739e-08,3.143661790656076e-08,3.22065044383832e-06,7.080815868064494e-06,9.484428907090431e-11,2.8451711716051934e-10,2.0168265533384835e-18,2.065475088156604e-18,1.0248349452340755e-11,1.2006157616926061e-11,7.066400440432631e-12,1.499449571109506e-11,2.581614450744267e-15,4.911018552683467e-15,1.3233730630579603e-08,2.614991881642665e-08,4.958354673881674e-19,1.4875690746045327e-18,0.006364180834857046,0.013035386656489343,3.4235520440422796e-31,9.999999999998508e-31,1.6381058188013816e-09,5.281499945883197e-09,6.283234700735049e-11,1.9774808052574785e-10
0.684,1406.0565949797901,4.9959447489975,0.17552169144481813,5.5461265715685935,0.48533883863961025,0.07154014356704025,1.179187694748982e-05,8.690758935683553e-07,4.75672613978298e-12,5.5643599975957385e-12,9.117930402775324e-13,2.1332086692878118e-12,2.43044286123441e-07,3.0222289414341245e-07,0.20467258921684997,0.2695927340588456,6.955030872380741e-15,1.6784414280579645e-14,7.278640110848823e-13,1.8101817695988187e-12,5.970821405825147e-12,6.123688785310701e-12,7.7699429611623e-06,8.541526568676224e-06,0.015766038933767147,0.01849364050560672,0.2554349591872761,0.5231276519628858,0.032344981309031184,0.10407888665571303,1.30342938051622e-07,2.7654716808668744e-07,2.684694485764101e-06,5.893951855949385e-06,1.7741831046040861e-06,4.156543101142846e-06,5.088863153129484e-05,0.00010438300562933456,1.4760632832592778e-08,3.136495789228307e-08,3.215859580416004e-06,7.0704122757540286e-06,9.46460794386044e-11,2.839277192040662e-10,2.016020810396371e-18,2.064687709030173e-18,1.0239471314188566e-11,1.1995976307879846e-11,7.059661445114925e-12,1.498047020618179e-11,2.5784582028453673e-15,4.905104206460022e-15,1.3233497046814867e-08,2.6149935995389443e-08,4.952664453893842e-19,1.4858891396978904e-18,0.0063640643222061645,0.013035386656502898,3.4234893671389854e-31,9.99999999999851e-31,1.6342387281649718e-09,5.2691283279934e-09,6.273327133048893e-11,1.9743988085932503e-10
0.685,1405.9656894373534,4.996123986996857,0.17551539453207135,5.551824077492026,0.48535843828162195,0.07154433909196002,1.1781875429231887e-05,8.683546265647727e-07,4.746962581702258e-12,5.5530401123670796e-12,9.098315556079678e-13,2.1286584997586485e-12,2.4275277048532845e-07,3.018659101064465e-07,0.2046585509819143,0.26957916588635156,6.940005424943237e-15,1.6748459565519645e-14,7.267291189418381e-13,1.8073923230754031e-12,5.955372623440718e-12,6.107956015894637e-12,7.758508660653976e-06,8.52911255280521e-06,0.0157567948042017,0.018483134621772625,0.25543836834576256,0.5231441871458606,0.03234550519108686,0.10408247306690288,1.3027212493582933e-07,2.764019721295268e-07,2.68486387571935e-06,5.894431372692942e-06,1.7721403193817251e-06,4.151833096654541e-06,5.078301406710051e-05,0.00010416826482209327,1.4726772478380467e-08,3.129357928099601e-08,3.2110846018085776e-06,7.060042898269191e-06,9.444858238745567e-11,2.833404241519212e-10,2.0152156742687494e-18,2.063900826269196e-18,1.0230613954790598e-11,1.1985818410549663e-11,7.0529377451581875e-12,1.496647594660562e-11,2.5753100772890318e-15,4.899204866873568e-15,1.3233264060052732e-08,2.614995313484804e-08,4.946987583033484e-19,1.4842130790952344e-18,0.006363948106423993,0.013035386656516386,3.4234268499334775e-31,9.999999999998514e-31,1.6303877480083982e-09,5.2568079563923446e-09,6.263452374477741e-11,1.9713269332910608e-10
0.686,1405.8749136868337,4.996303090311619,0.17550910280228949,5.55752178766223,0.4853779913936571,0.07154852458705015,1.1771895269487845e-05,8.676348671133184e-07,4.737232363386523e-12,5.541758558093027e-12,9.078770591417918e-13,2.1241244153785422e-12,2.4246200808942274e-07,3.0150983570534767e-07,0.2046445452659394,0.2695656275293556,6.9250334724405374e-15,1.6712631863575066e-14,7.25597608698715e-13,1.8046111018453339e-12,5.9399864398659e-12,6.092286592641042e-12,7.74710915605768e-06,8.516735940504383e-06,0.01574757398430596,0.018472654839328796,0.2554417655047052,0.523160674050626,0.032346031001105696,0.1040860609771678,1.3020143631202588e-07,2.7625702217712646e-07,2.68503289441228e-06,5.894909817974245e-06,1.7701033878076774e-06,4.147136441845638e-06,5.067779539034168e-05,0.00010395432936650095,1.4693045709121128e-08,3.12224804779162e-08,3.2063254288418762e-06,7.049707566187654e-06,9.425179407697447e-11,2.8275522073343527e-10,2.0144111417513727e-18,2.0631144371188704e-18,1.02217772837986e-11,1.1975683824050525e-11,7.0462292740758344e-12,1.4952512797772e-11,2.5721700368693303e-15,4.893320465714992e-15,1.3233031667882786e-08,2.6149970234972763e-08,4.9413240041701095e-19,1.482540876382536e-18,0.006363832186308837,0.013035386656529903,3.4233644917793017e-31,9.999999999998545e-31,1.6265527837197414e-09,5.244538531542386e-09,6.253610252326992e-11,1.9682651263530003e-10
0.687,1405.7842672141705,4.996482059470118,0.17550281623584862,5.563219701926216,0.48539749816465366,0.07155270009246506,1.1761936377232403e-05,8.669166088504262e-07,4.72753530910698e-12,5.530515133902499e-12,9.059295130060088e-13,2.1196063294448792e-12,2.4217199546246526e-07,3.0115466677680556e-07,0.20463057193599862,0.2695521188668851,6.910114725325142e-15,1.6676930491015434e-14,7.244694636367629e-13,1.8018380655026327e-12,5.92466249118131e-12,6.076680149079634e-12,7.735744278099268e-06,8.504396551045768e-06,0.015738376380835497,0.01846220105524657,0.2554451507116994,0.523177112867956,0.03234655873250355,0.1040896503844457,1.3013087167656852e-07,2.7611231724634327e-07,2.685201543255516e-06,5.895387195876389e-06,1.7680722824520936e-06,4.142453074612115e-06,5.0572973289334845e-05,0.00010374119481900154,1.465945176159521e-08,3.1151659892234934e-08,3.201581982311272e-06,7.039406109982804e-06,9.4055710690337e-11,2.821720977467856e-10,2.013607209815989e-18,2.0623285390014736e-18,1.021296120644431e-11,1.1965572442284403e-11,7.039535965563185e-12,1.4938580625427132e-11,2.5690380445367746e-15,4.8874509350539115e-15,1.3232799867913336e-08,2.614998729594258e-08,4.935673658738921e-19,1.4808725147102802e-18,0.006363716560665818,0.013035386656543354,3.423302292033684e-31,9.99999999999854e-31,1.6227337408916938e-09,5.232319754514614e-09,6.243800594735093e-11,1.9652133350322352e-10
0.6880000000000001,1405.6937495067255,4.99666089500229,0.17549653481307473,5.568917820131599,0.48541695878044727,0.07155686564783267,1.1751998662476331e-05,8.661998454865287e-07,4.717871244827169e-12,5.519309640864552e-12,9.039888796097153e-13,2.11510415589861e-12,2.418827291653062e-07,3.008003991987767e-07,0.2046166308619568,0.26953863978132336,6.895248896360927e-15,1.6641354769558812e-14,7.23344667230011e-13,1.7990731741115304e-12,5.909400416748833e-12,6.06113632204314e-12,7.72441385896823e-06,8.492094205268438e-06,0.015729201901064558,0.01845177316706304,0.25544852401605983,0.5231935037916147,0.0323470883767265,0.10409324128022432,1.3006043053568946e-07,2.759678563744386e-07,2.685369823666693e-06,5.895863510487984e-06,1.7660469762952006e-06,4.137782933794496e-06,5.0468545581881395e-05,0.0001035288567957038,1.4625989882373299e-08,3.1081115953667936e-08,3.1968541841627795e-06,7.029138362620855e-06,9.386032844266151e-11,2.815910440838403e-10,2.0128038752963433e-18,2.0615431291947745e-18,1.0204165632780053e-11,1.19554841647664e-11,7.032857754005931e-12,1.492467929673714e-11,2.565914063582834e-15,4.8815962075897934e-15,1.3232568657762393e-08,2.615000431792714e-08,4.930036490548856e-19,1.4792079779360055e-18,0.006363601228307079,0.0130353866565568,3.4232402500576314e-31,9.999999999998554e-31,1.6189305264014219e-09,5.220151330471117e-09,6.234023231522595e-11,1.9621715071003205e-10
0.6890000000000001,1405.6033600557125,4.996839597432421,0.17549025851449856,5.574616142126591,0.4854363734270085,0.07156102129273212,1.1742082035473497e-05,8.654845707476351e-07,4.708239997472247e-12,5.508141881133957e-12,9.020551216312349e-13,2.1106178092943222e-12,2.4159420577374743e-07,3.0044702886667325e-07,0.20460272191321702,0.269525190154127,6.880435700261639e-15,1.6605904025500718e-14,7.222232030148092e-13,1.7963163878821016e-12,5.894199858340741e-12,6.045654750774762e-12,7.713117731751718e-06,8.47982872495674e-06,0.0157200504528125,0.018441371072912435,0.25545188546560654,0.5232098470117781,0.03234761992648313,0.1040968336599432,1.2999011239408705e-07,2.758236385948751e-07,2.6855377370478294e-06,5.896338765857922e-06,1.764027442341428e-06,4.133125958273952e-06,5.0364510093038346e-05,0.00010331731092679162,1.4592659320992288e-08,3.101084709795781e-08,3.192141956467844e-06,7.018904157307103e-06,9.366564357338534e-11,2.8101204870731117e-10,2.0120011351519247e-18,2.0607582051021855e-18,1.0195390471104023e-11,1.1945418888922239e-11,7.026194574019237e-12,1.491080867931044e-11,2.5627980574713913e-15,4.8757562163314916e-15,1.3232338035063975e-08,2.6150021301099466e-08,4.924412442443426e-19,1.4775472496225084e-18,0.006363486188051596,0.013035386656570207,3.4231783652158344e-31,9.999999999998589e-31,1.6151430474684299e-09,5.208032965627789e-09,6.224277993440459e-11,1.959139590610725e-10
0.6900000000000001,1405.5130983543977,4.9970181672846845,0.17548398732066106,5.580314667760002,0.48545574228787536,0.07156516706631198,1.1732186407179501e-05,8.64770778409109e-07,4.69864139535938e-12,5.497011658454806e-12,9.001282020129939e-13,2.1061472047883053e-12,2.4130642189016913e-07,3.0009455170781596e-07,0.20458884496128568,0.26951176986919323,6.865674853796581e-15,1.6570577589969592e-14,7.211050546710564e-13,1.7935676673722787e-12,5.879060460629992e-12,6.030235077431401e-12,7.701855730772529e-06,8.467599933211813e-06,0.015710921944443058,0.018430994671524627,0.2554552351091779,0.5232261427201581,0.03234815337321614,0.10410042751485285,1.299199167620373e-07,2.756796629523965e-07,2.685705284800541e-06,5.896812966028506e-06,1.7620136538663208e-06,4.128482087550732e-06,5.0260864668992646e-05,0.00010310655288498732,1.4559459334180745e-08,3.0940851775854315e-08,3.1874452220706287e-06,7.008703328909111e-06,9.347165235077055e-11,2.804351006642781e-10,2.0111989862899336e-18,2.0599737640703353e-18,1.0186635634203707e-11,1.193537651740293e-11,7.019546360711544e-12,1.489696864175716e-11,2.5596899899346586e-15,4.869930894779636e-15,1.3232107997462498e-08,2.6150038245623724e-08,4.918801458399956e-19,1.4758903136676486e-18,0.0063633714387255225,0.01303538665658355,3.4231166368768194e-31,9.999999999998587e-31,1.6113712122433227e-09,5.1959643691529924e-09,6.214564712634946e-11,1.9561175340451568e-10
0.6910000000000001,1405.4229638999304,4.9971966050771774,0.17547772121232275,5.586013396881234,0.48547506554708403,0.07156930300773023,1.1722311689066205e-05,8.640584622821072e-07,4.68907526796123e-12,5.485918777884781e-12,8.982080839881422e-13,2.1016922582012177e-12,2.410193741369707e-07,2.997429636733187e-07,0.20457499987686842,0.2694983788090643,6.850966075957087e-15,1.653537479933164e-14,7.199902059710357e-13,1.7908269733608712e-12,5.863981870917579e-12,6.014876946805286e-12,7.690627691398445e-06,8.455407654243227e-06,0.015701816284827183,0.0184206438621838,0.25545857299382657,0.5232423911043167,0.03234868870992815,0.10410402284111973,1.2984984315117667e-07,2.755359284941118e-07,2.685872468310751e-06,5.897286115002529e-06,1.760005584251429e-06,4.123851261357872e-06,5.015760716824588e-05,0.0001028965783674873,1.4526389183213492e-08,3.087112844749878e-08,3.1827639041719403e-06,6.998535713042935e-06,9.32783510688444e-11,2.798601890770602e-10,2.0103974257044114e-18,2.05918980353181e-18,1.0177901030469192e-11,1.192535694767425e-11,7.012913049583485e-12,1.4883159053476538e-11,2.5565898249344173e-15,4.864120176853561e-15,1.3231878542620337e-08,2.6150055151673042e-08,4.913203482302842e-19,1.4742371539364796e-18,0.006363256979161505,0.013035386656596877,3.4230550644126224e-31,9.999999999998601e-31,1.6076149294272246e-09,5.183945251941458e-09,6.204883222338836e-11,1.953105286216686e-10
0.6920000000000001,1405.3329561925134,4.997374911324488,0.17547146017037346,5.5917123293402735,0.4854943433879702,0.07157342915597559,1.1712457792981985e-05,8.633476162032684e-07,4.67954144581979e-12,5.4748630456945315e-12,8.962947310481206e-13,2.097252885942298e-12,2.4073305915467117e-07,2.9939226073572485e-07,0.20456118653106195,0.26948501685649096,6.8363090876497706e-15,1.6500294994451174e-14,7.188786407735302e-13,1.788094266832948e-12,5.848963738995566e-12,5.999580006183922e-12,7.67943344996915e-06,8.443251713288729e-06,0.015692733383352395,0.01841031854473916,0.25546189916600043,0.5232585923500707,0.03234922593000138,0.1041076196360256,1.2977989107392093e-07,2.7539243426825673e-07,2.6860392889545553e-06,5.8977582167559885e-06,1.758003206980617e-06,4.119233419652555e-06,5.0054735460811906e-05,0.00010268738309432016,1.449344813360816e-08,3.080167558178082e-08,3.178097926301423e-06,6.988401146012052e-06,9.308573604658467e-11,2.792873031407826e-10,2.0095964504534186e-18,2.0584063209817333e-18,1.016918656785469e-11,1.1915360076657874e-11,7.006294576439418e-12,1.4869379784469054e-11,2.553497526628841e-15,4.858323996828182e-15,1.323164966821403e-08,2.6150072019421356e-08,4.907618457784417e-19,1.4725877542134794e-18,0.006363142808198798,0.013035386656610207,3.4229936471988222e-31,9.99999999999861e-31,1.6038741082441415e-09,5.1719753265254666e-09,6.195233356832776e-11,1.9501027962576117e-10
0.6930000000000001,1405.2430747343383,4.997553086540978,0.17546520417571723,5.597411464987696,0.485513575991614,0.07157754554963656,1.1702624631488083e-05,8.626382340594996e-07,4.670039760850029e-12,5.4638442697231345e-12,8.943881069434657e-13,2.0928290050113383e-12,2.404474736101031e-07,2.990424388991997e-07,0.20454740479690817,0.26947168389647347,6.821703611814098e-15,1.646533752097514e-14,7.177703430797324e-13,1.7853695091189314e-12,5.834005717495029e-12,5.984343905707429e-12,7.668272844037386e-06,8.431131936879507e-06,0.015683673149921213,0.018400018619602828,0.25546521367306047,0.5232747466445881,0.03234976502566841,0.10411121789304358,1.2971006004840777e-07,2.7524917933467777e-07,2.6862057481074304e-06,5.898229275258163e-06,1.7560064958086858e-06,4.11462850301121e-06,4.995224743772407e-05,0.0001024789628278551,1.4460635458024105e-08,3.07324916625009e-08,3.1734472127613654e-06,6.978299465783369e-06,9.28938036310787e-11,2.7871643213286677e-10,2.008796057540807e-18,2.0576233138566316e-18,1.0160492158177784e-11,1.1905385805768754e-11,6.999690877580514e-12,1.4855630705746116e-11,2.550413059443069e-15,4.852542289468277e-15,1.3231421371930271e-08,2.6150088849034894e-08,4.90204632965237e-19,1.4709420986308504e-18,0.006363028924683385,0.013035386656623462,3.422932384614643e-31,9.999999999998608e-31,1.6001486588422083e-09,5.160054308369089e-09,6.185614951764788e-11,1.9471100137200788e-10
0.6940000000000001,1405.1533190300647,4.997731131239335,0.17545895320932284,5.603110803674659,0.48553276353753755,0.07158165222700458,1.1692812117796129e-05,8.61930309783387e-07,4.6605700462634865e-12,5.45286225928908e-12,8.924881756886054e-13,2.0884205330100612e-12,2.401626141944349e-07,2.986934941970792e-07,0.2045336545486972,0.2694583798153456,6.8071493734396105e-15,1.6430501729375915e-14,7.166652970181964e-13,1.7826526618572514e-12,5.819107461791502e-12,5.9691682982721986e-12,7.65714571231296e-06,8.419048152778975e-06,0.01567463549495226,0.018389743987751457,0.2554685165625893,0.5232908541749748,0.03235030598870447,0.10411481760406627,1.2964034959727688e-07,2.7510616276224737e-07,2.686371847140538e-06,5.898699294463515e-06,1.754015424715213e-06,4.110036452521505e-06,4.985014100849044e-05,0.00010227131336759001,1.4427950435487207e-08,3.066357518672585e-08,3.168811688509829e-06,6.968230511730587e-06,9.270255019657842e-11,2.7814756541021533e-10,2.0079962439534805e-18,2.056840779572611e-18,1.0151817715410146e-11,1.1895434038912875e-11,6.993101889770733e-12,1.484191168925821e-11,2.5473363880560195e-15,4.846774990003553e-15,1.3231193651467803e-08,2.6150105640676017e-08,4.896487043551863e-19,1.4693001715671954e-18,0.006362915327468075,0.013035386656636744,3.422871276042953e-31,9.999999999998642e-31,1.5964384921836565e-09,5.1481819155139114e-09,6.17602784406137e-11,1.9441268885481967e-10
0.6950000000000001,1405.063688587321,4.997909045929146,0.17545270725227402,5.608810345252905,0.48555190620425337,0.07158574922615377,1.1683020165536817e-05,8.61223837336147e-07,4.651132136363643e-12,5.4419168249511205e-12,8.905949015513758e-13,2.0840273881177036e-12,2.3987847761795017e-07,2.983454226853816e-07,0.20451993566140989,0.26944510450003656,6.792646099405841e-15,1.6395786974565808e-14,7.155634868104895e-13,1.7799436869089565e-12,5.804268629751257e-12,5.954052839271129e-12,7.64605189450484e-06,8.407000189809385e-06,0.01566562032939668,0.018379494550745452,0.2554718078818337,0.5233069151271256,0.03235084881098824,0.10411841876120928,1.2957075924463637e-07,2.74963383622425e-07,2.6865375874164295e-06,5.899168278302182e-06,1.7520299678052559e-06,4.105457209549739e-06,4.9748414095204936e-05,0.00010206443053807614,1.4395392349568378e-08,3.059492466091991e-08,3.1641912788915386e-06,6.958194124042648e-06,9.251197214241039e-11,2.775806924029563e-10,2.0071970067244675e-18,2.0560587155899454e-18,1.014316315482506e-11,1.1885504681488543e-11,6.986527550100546e-12,1.4828222607605735e-11,2.5442674773503538e-15,4.841022034033511e-15,1.3230966504538128e-08,2.6150122394504316e-08,4.89094054504662e-19,1.467661957371797e-18,0.006362802015412396,0.013035386656649956,3.4228103208702514e-31,9.999999999998649e-31,1.5927435197968601e-09,5.136357867779871e-09,6.16647187172888e-11,1.9411533710155846e-10
0.6960000000000001,1404.974182917868,4.998086831112876,0.1754464662859105,5.614510089574744,0.48557100417138044,0.07158983658526075,1.1673248688745627e-05,8.605188107066795e-07,4.6417258664695375e-12,5.431007778419821e-12,8.887082490792249e-13,2.079649489152703e-12,2.395950606077323e-07,2.979982204399668e-07,0.20450624800862904,0.2694318578353491,6.778193518703031e-15,1.6361192616432716e-14,7.144648967496774e-13,1.7772425463044576e-12,5.789488881643823e-12,5.9389971865051126e-12,7.63499123125141e-06,8.39498787777634e-06,0.015656627564687595,0.018369270210671848,0.2554750876757198,0.523322929681715,0.03235139348651038,0.10412202136328691,1.2950128851441878e-07,2.748208409858008e-07,2.686702970279058e-06,5.899636230658679e-06,1.7500500992335e-06,4.100890715563638e-06,4.96470646288173e-05,0.00010185831018128319,1.4362960487298432e-08,3.0526538598644146e-08,3.1595859094562727e-06,6.94819014332537e-06,9.23220658915155e-11,2.7701580261010943e-10,2.0063983430090285e-18,2.0552771194912706e-18,1.0134528385440682e-11,1.1875597631533001e-11,6.979967795985917e-12,1.4814563334038704e-11,2.541206292409802e-15,4.8352833575229974e-15,1.3230739928871647e-08,2.615013911069159e-08,4.8854067792007135e-19,1.4660274402392988e-18,0.006362688987382072,0.013035386656663133,3.422749518486363e-31,9.999999999998652e-31,1.5890636536120848e-09,5.124581886236558e-09,6.156946873711327e-11,1.9381894116809e-10
0.6970000000000001,1404.8848015353578,4.998264487292908,0.17544023029158093,5.620210036493065,0.4855900576162478,0.07159391434209841,1.1663497601975272e-05,8.598152239198025e-07,4.632351073089858e-12,5.420134932761142e-12,8.868281830545047e-13,2.0752867554680583e-12,2.3931235991284023e-07,2.976518835629589e-07,0.2044925914659251,0.2694186397083997,6.763791362101177e-15,1.632671801904113e-14,7.133695112459992e-13,1.7745492023570674e-12,5.77476788030405e-12,5.924001000349383e-12,7.623963564256067e-06,8.383011047617545e-06,0.015647657112767836,0.01835907087017568,0.2554783559901513,0.5233388980209133,0.03235194000805121,0.10412562540511205,1.2943193693425402e-07,2.746785339302948e-07,2.6868679970716894e-06,5.900103155410768e-06,1.7480757933614463e-06,4.096336912500479e-06,4.9546090557191286e-05,0.0001016529481731302,1.4330654141539887e-08,3.045841552559727e-08,3.154995506348032e-06,6.938218411456967e-06,9.213282789264356e-11,2.764528856061679e-10,2.0056002499369468e-18,2.054495988830137e-18,1.012591332054307e-11,1.186571279205207e-11,6.973422565220109e-12,1.4800933742565825e-11,2.53815279853869e-15,4.829558896839112e-15,1.3230513922208461e-08,2.6150155789401708e-08,4.879885691667537e-19,1.4643966045363907e-18,0.0063625762422494184,0.013035386656676291,3.4226888682846576e-31,9.999999999998656e-31,1.5853988063113128e-09,5.112853694331376e-09,6.14745269015592e-11,1.9352349614713656e-10
0.6980000000000001,1404.7955439552493,4.998442014971805,0.1754339992506335,5.625910185861326,0.48560906671389104,0.07159798253403554,1.1653766820650182e-05,8.591130710624011e-07,4.623007594196527e-12,5.40929810271691e-12,8.849546685202213e-13,2.070939107011732e-12,2.3903037231149284e-07,2.9730640819168996e-07,0.2044789659108638,0.26940545000862964,6.749439362479583e-15,1.6292362551428733e-14,7.122773148700112e-13,1.7718636177704065e-12,5.7601052914616405e-12,5.9090639440921506e-12,7.612968736507008e-06,8.371069531644827e-06,0.015638708886071332,0.01834889643243837,0.2554816128720309,0.5233548203284325,0.03235248836716524,0.10412923087744617,1.2936270403945636e-07,2.745364615496216e-07,2.6870326691384057e-06,5.900569056432786e-06,1.7461070248781593e-06,4.0917957430501705e-06,4.944548985233212e-05,0.00010144834043832192,1.4298472613229265e-08,3.039055398438416e-08,3.150419996637316e-06,6.928278772319101e-06,9.194425462292452e-11,2.758919310488318e-10,2.0048027245482154e-18,2.0537153210651355e-18,1.0117317877058563e-11,1.1855850070285285e-11,6.966891796185e-12,1.4787333708403312e-11,2.535106961337854e-15,4.823848588895802e-15,1.3230288482298649e-08,2.615017243079121e-08,4.874377229901085e-19,1.4627694351653492e-18,0.006362463778893312,0.013035386656689395,3.4226283696620433e-31,9.999999999998652e-31,1.5817488916263192e-09,5.101173018851349e-09,6.137989162655506e-11,1.9322899717591872e-10
0.6990000000000001,1404.7064096974723,4.99861941464401,0.1754277731447072,5.6316105375335495,0.4856280316407873,0.0716020411985921,1.1644056260231726e-05,8.584123462219553e-07,4.613695268458121e-12,5.398497103808535e-12,8.830876707707334e-13,2.0666064643051547e-12,2.3874909459071457e-07,2.9696179047341054e-07,0.20446537121926814,0.2693922886228984,6.735137254481343e-15,1.6258125586774524e-14,7.111882922141531e-13,1.7691857552942179e-12,5.74550078283145e-12,5.894185683002337e-12,7.6020065916726146e-06,8.359163162880143e-06,0.015629782797534436,0.018338746801192407,0.2554848583655908,0.5233706967820427,0.03235303855786786,0.10413283777887196,1.2929358936082464e-07,2.743946229274202e-07,2.6871969878013555e-06,5.901033937546047e-06,1.744143768385235e-06,4.087267149683059e-06,4.934526048675942e-05,0.00010124448290188692,1.4266415204160643e-08,3.032295251918244e-08,3.145859307223413e-06,6.918371069383595e-06,9.175634257970902e-11,2.753329286545607e-10,2.0040057640821858e-18,2.0529351138562412e-18,1.010874196663598e-11,1.1846009367256802e-11,6.960375427368253e-12,1.47737631069513e-11,2.5320687465277352e-15,4.8181523708176685e-15,1.3230063606910381e-08,2.6150189035027092e-08,4.868881339539677e-19,1.4611459164789591e-18,0.0063623515961988494,0.01303538665670251,3.4225680220187645e-31,9.999999999998682e-31,1.5781138233421222e-09,5.0895395867100564e-09,6.128556133447827e-11,1.9293543941096858e-10
0.7000000000000001,1404.6173982832975,4.998796686805444,0.1754215519553952,5.637311091364325,0.4856469525705532,0.07160609037280126,1.163436583702459e-05,8.577130435459551e-07,4.604413935984917e-12,5.387731753208802e-12,8.812271553456166e-13,2.062288748428893e-12,2.3846852356641255e-07,2.9661802659025327e-07,0.20445180726953235,0.26937915544115365,6.720884774727946e-15,1.622400650291707e-14,7.101024280325271e-13,1.7665155780720568e-12,5.7309540249647905e-12,5.8793658852031346e-12,7.59107697468411e-06,8.347291775696135e-06,0.015620878760576667,0.01832862188069804,0.2554880925166456,0.5233865275622578,0.03235359057236559,0.10413644610204584,1.2922459243704308e-07,2.742530171635588e-07,2.6873609543866006e-06,5.901497802575319e-06,1.7421859988229576e-06,4.082751075648467e-06,4.9245400457495235e-05,0.00010104137153839517,1.4234481224278712e-08,3.0255609691243975e-08,3.1413133659554625e-06,6.908495148177716e-06,9.156908828830953e-11,2.74775868221805e-10,2.003209365668979e-18,2.0521553647486006e-18,1.0100185505785644e-11,1.1836190589656064e-11,6.953873397825395e-12,1.4760221814774106e-11,2.529038120116274e-15,4.812470180259322e-15,1.3229839293820369e-08,2.6150205602266596e-08,4.863397968075843e-19,1.4595260333817644e-18,0.006362239693057536,0.013035386656715548,3.4225078247585195e-31,9.999999999998678e-31,1.5744935163103555e-09,5.077953128215921e-09,6.119153446212533e-11,1.926428180532186e-10
0.7010000000000001,1404.528509236995,4.9989738319483425,0.17541533566442563,5.643011847208803,0.48566582967627075,0.07161013009355516,1.1624695467793824e-05,8.570151572137149e-07,4.595163437957886e-12,5.377001869308302e-12,8.793730880340079e-13,2.0579858810330344e-12,2.381886560734806e-07,2.962751127469436e-07,0.20443827394029293,0.269366050353374,6.7066816617324845e-15,1.6190004682146696e-14,7.090197071712597e-13,1.7638530494681951e-12,5.716464690812997e-12,5.8646042212250586e-12,7.580179731446263e-06,8.335455205498643e-06,0.015611996689105529,0.0183185215757498,0.25549131537030395,0.5234023128476686,0.032354144403352776,0.1041400558410939,1.291557128086105e-07,2.741116433612647e-07,2.6875245702106356e-06,5.901960655319425e-06,1.740233691258324e-06,4.078247464478218e-06,4.914590777411417e-05,0.00010083900234745138,1.4202669988042147e-08,3.018852407116923e-08,3.1367821010760165e-06,6.898650855061039e-06,9.13824882979639e-11,2.742207396189223e-10,2.002413526485524e-18,2.051376071332467e-18,1.0091648410544343e-11,1.1826393643586788e-11,6.947385646960245e-12,1.474670970913502e-11,2.526015048318344e-15,4.8068019552523814e-15,1.3229615540819073e-08,2.6150222132668528e-08,4.857927063086345e-19,1.4579097707990055e-18,0.0063621280683672145,0.013035386656728622,3.422447777288397e-31,9.999999999998687e-31,1.5708878859424635e-09,5.066413375438419e-09,6.109780945668176e-11,1.9235112833533074e-10
0.7020000000000001,1404.4397420859686,4.999150850560835,0.17540912425367658,5.648712804922689,0.4856846631307078,0.07161416039763774,1.1615045069650153e-05,8.563186814279356e-07,4.585943616526106e-12,5.366307271595725e-12,8.775254348669842e-13,2.0536977843194953e-12,2.379094889631999e-07,2.9593304516757505e-07,0.20442477111020974,0.2693529732492826,6.692527655804378e-15,1.6156119510976632e-14,7.079401145521805e-13,1.7611981330270929e-12,5.702032455592456e-12,5.8499003638680555e-12,7.569314708754616e-06,8.323653288636036e-06,0.015603136497514351,0.01830844579167431,0.2554945269707631,0.5234180528145245,0.03235470004422394,0.10414366699229632,1.2908695001641214e-07,2.739705006240966e-07,2.68768783657864e-06,5.902422499547455e-06,1.73828682083902e-06,4.073756259878902e-06,4.904678045599702e-05,0.00010063737134806682,1.4170980813574203e-08,3.012169423710415e-08,3.1322654410958887e-06,6.8888380369504865e-06,9.119653918066443e-11,2.7366753278068173e-10,2.001618243782459e-18,2.050597231270779e-18,1.0083130595912702e-11,1.1816618433907762e-11,6.940912114457582e-12,1.4733226667853705e-11,2.5229994975302215e-15,4.801147634157039e-15,1.3229392345710543e-08,2.6150238626393152e-08,4.852468571780496e-19,1.4562971135410987e-18,0.006362016721031827,0.013035386656741655,3.4223878790187997e-31,9.999999999998698e-31,1.5672968480950663e-09,5.054920061838806e-09,6.100438477472575e-11,1.920603655185689e-10
0.7030000000000001,1404.3510963602334,4.99932774312847,0.17540291770512245,5.654413964362244,0.4857034531056919,0.07161818132163292,1.1605414560220741e-05,8.556236104273104e-07,4.576754314951957e-12,5.355647780828084e-12,8.756841621188409e-13,2.049424381045152e-12,2.3763101910716723e-07,2.95591820100504e-07,0.20441129865859514,0.2693399240191776,6.678422499116597e-15,1.61223503803064e-14,7.068636351995725e-13,1.7585507925400164e-12,5.6876569969436394e-12,5.835253988365216e-12,7.5584817544067895e-06,8.311885862521917e-06,0.01559429810066937,0.018298394434315406,0.2554977273619486,0.5234337476380473,0.03235525748843629,0.1041472795520363,1.2901830360418742e-07,2.7382958806118564e-07,2.687850754788864e-06,5.902883339008419e-06,1.736345362874085e-06,4.069277405921034e-06,4.89480165369369e-05,0.0001004364745881169,1.4139413024063641e-08,3.0055118777720305e-08,3.1277633150095193e-06,6.879056541794267e-06,9.101123753251312e-11,2.7311623771234944e-10,2.000823514828566e-18,2.0498188422422658e-18,1.007463197704002e-11,1.1806864865621502e-11,6.93445274038075e-12,1.471977256951371e-11,2.519991434364509e-15,4.795507155728658e-15,1.3229169706311658e-08,2.6150255083600836e-08,4.847022441759168e-19,1.454688046531447e-18,0.006361905649961496,0.01303538665675464,3.4223281293634323e-31,9.999999999998685e-31,1.5637203192632683e-09,5.0434729228940005e-09,6.09112588837046e-11,1.9177052489745606e-10
0.704,1404.2625715903782,4.999504510140664,0.17539671600060755,5.660115325384286,0.48572219976895836,0.07162219290145384,1.159580385800325e-05,8.549299385125698e-07,4.5675953779663616e-12,5.3450232194462924e-12,8.73849236286438e-13,2.0451655944734683e-12,2.3735324340721403e-07,2.952514338306714e-07,0.2043978564685576,0.26932690255805314,6.664365935649998e-15,1.6088696685287137e-14,7.057902543122339e-13,1.7559109922242392e-12,5.673337995325906e-12,5.820664772787868e-12,7.547680717491289e-06,8.300152765952349e-06,0.015585481413937504,0.01828836741006542,0.255500916590549,0.5234493974986056,0.03235581672644225,0.10415089350691745,1.2894977312483137e-07,2.7368890480058945e-07,2.6880133261499458e-06,5.90334317746879e-06,1.7344092930625231e-06,4.064810847574595e-06,4.884961407754353e-05,0.00010023630816979241,1.4107965951492027e-08,2.9988796300137693e-08,3.123275652884012e-06,6.8693062198670765e-06,9.082657997774454e-11,2.7256684450175497e-10,2.0000293367307165e-18,2.0490409017568133e-18,1.0066152478563783e-11,1.1797132854818952e-11,6.928007465370392e-12,1.4706347293883363e-11,2.5169908257232373e-15,4.789880459256606e-15,1.3228947620443713e-08,2.6150271504433296e-08,4.841588622859553e-19,1.453082555360012e-18,0.00636179485407305,0.01303538665676763,3.422268527739613e-31,9.999999999998696e-31,1.5601582171057453e-09,5.0320716977901925e-09,6.08184302661273e-11,1.9148160181296663e-10
0.705,1404.1741673130819,4.9996811520733555,0.1753905191224548,5.665816887846176,0.4857409032924501,0.07162619517358015,1.158621288148048e-05,8.542376599813806e-07,4.558466650846288e-12,5.334433410496966e-12,8.720206241431201e-13,2.0409213485011997e-12,2.3707615877006213e-07,2.9491188264813885e-07,0.20438444441872533,0.2693139087547446,6.650357711354643e-15,1.605515782571507e-14,7.047199570772801e-13,1.753278696260208e-12,5.659075132968154e-12,5.8061323969706285e-12,7.536911447652101e-06,8.288453838298969e-06,0.01557668635313282,0.018278364625805975,0.25550409469797425,0.5234650025653379,0.032356377753799695,0.10415450885988936,1.2888135812424764e-07,2.735484499550749e-07,2.6881755519347346e-06,5.9038020186122045e-06,1.7324785869049452e-06,4.060356529331029e-06,4.8751571133120826e-05,0.00010003686818371274,1.4076638926964035e-08,2.99227254093785e-08,3.118802384341986e-06,6.859586920434926e-06,9.064256315810369e-11,2.7201934328748315e-10,1.9992357069003217e-18,2.0482634076337363e-18,1.00576920111694e-11,1.178742230121128e-11,6.92157623014962e-12,1.4692950720868394e-11,2.513997638614161e-15,4.784267484215689e-15,1.3228726085953164e-08,2.6150287889059527e-08,4.836167062392588e-19,1.4514806248542752e-18,0.006361684332288721,0.013035386656780553,3.4222090735675723e-31,9.999999999998685e-31,1.5566104590801361e-09,5.020716125022935e-09,6.072589740866975e-11,1.9119359161827002e-10
0.706,1404.085883065447,4.999857669406494,0.17538432705285192,5.6715186516058225,0.48575956384407526,0.07163018817383343,1.1576641549826392e-05,8.53546769180299e-07,4.549367980181546e-12,5.323878178529328e-12,8.701982926653192e-13,2.0366915674864773e-12,2.367997621287256e-07,2.9457316287467963e-07,0.20437106239147967,0.2693009425027433,6.63639757378321e-15,1.6021733205145463e-14,7.03652728833875e-13,1.7506538691987104e-12,5.644868094697006e-12,5.791656543360826e-12,7.526173795686566e-06,8.27678892016568e-06,0.015567912834544522,0.01826838598893869,0.25550726172841615,0.5234805630125993,0.03235694056305796,0.1041581256041164,1.2881305815560565e-07,2.734082226523446e-07,2.688337433426523e-06,5.90425986614022e-06,1.7305532202320503e-06,4.055914396441359e-06,4.8653885782122655e-05,9.983815076730722e-05,1.4045431289228093e-08,2.985690472647706e-08,3.114343439912979e-06,6.849898494726683e-06,9.045918374151205e-11,2.714737242848609e-10,1.9984426226150226e-18,2.0474863575524768e-18,1.0049250494164362e-11,1.1777733114583993e-11,6.9151589759093025e-12,1.4679582731328124e-11,2.5110118402927232e-15,4.778668170535793e-15,1.3228505100691149e-08,2.615030423763197e-08,4.830757709382217e-19,1.4498822403513547e-18,0.006361574083537113,0.013035386656793506,3.422149766270953e-31,9.999999999998705e-31,1.5530769636559622e-09,5.009405946308928e-09,6.063365881160194e-11,1.909064897083932e-10
0.707,1403.997718388027,5.000034062614668,0.17537813977418043,5.677220616521676,0.4857781815921727,0.07163417193804086,1.156708978261723e-05,8.528572604835464e-07,4.540299213523563e-12,5.313357349184889e-12,8.683822090767994e-13,2.0324761763526334e-12,2.365240504327082e-07,2.942352708516131e-07,0.20435771026849542,0.2692880036943398,6.622485272359581e-15,1.5988422231543165e-14,7.025885549954748e-13,1.7480364757676194e-12,5.6307165675542405e-12,5.777236896626939e-12,7.5154676132747966e-06,8.265157853091958e-06,0.015559160774916994,0.018258431407363242,0.2555104177244875,0.5234960790110645,0.03235750514814845,0.10416174373711826,1.28744872772709e-07,2.732682220209837e-07,2.688498971894307e-06,5.904716723718425e-06,1.7286331689511296e-06,4.0514843943224765e-06,4.855655611262194e-05,9.964015207706458e-05,1.4014342380637304e-08,2.979133287989863e-08,3.1098987503905186e-06,6.840240794520797e-06,9.027643841785495e-11,2.7092997777335136e-10,1.9976500812373975e-18,2.0467097492768333e-18,1.0040827843812639e-11,1.1768065201126456e-11,6.908755644154617e-12,1.4666243206751053e-11,2.5080333982040635e-15,4.773082458491995e-15,1.3228284662523797e-08,2.615032055030882e-08,4.825360512596586e-19,1.448287387107262e-18,0.006361464106752539,0.013035386656806366,3.4220906052764925e-31,9.999999999998701e-31,1.5495576497349397e-09,4.998140904717101e-09,6.054171298426244e-11,1.9062029150599494e-10
0.708,1403.909672821198,5.000210332178583,0.17537195726861277,5.682922782452733,0.48579675670000944,0.07163814650121418,1.1557557500374725e-05,8.52169128332959e-07,4.531260199950028e-12,5.302870749857804e-12,8.66572340808253e-13,2.028275100493488e-12,2.3624902066380718e-07,2.9389820295943215e-07,0.2043443879362249,0.26927509222781537,6.608620558215644e-15,1.595522431688745e-14,7.015274211669474e-13,1.745426481163115e-12,5.616620241418819e-12,5.762873144296537e-12,7.5047927534320105e-06,8.253560480049495e-06,0.01555043009148704,0.018248500789518833,0.25551356273255116,0.5235115507385779,0.03235807149901359,0.10416536324346644,1.2867680154021564e-07,2.731284472121183e-07,2.688660168623151e-06,5.905172595042322e-06,1.7267184094185123e-06,4.047066469429626e-06,4.845958024254341e-05,9.944286833004425e-05,1.3983371553209838e-08,2.9726008518420633e-08,3.105468247793624e-06,6.830613674259461e-06,9.009432390543229e-11,2.703880941158931e-10,1.9968580799142974e-18,2.0459335803466405e-18,1.0032423988601721e-11,1.1758418481323775e-11,6.902366177005773e-12,1.4652932029891524e-11,2.5050622800941408e-15,4.767510288915506e-15,1.3228064769318885e-08,2.6150336827224186e-08,4.819975423553351e-19,1.4466960511987495e-18,0.006361354400876068,0.013035386656819211,3.4220315900145386e-31,9.9999999999987e-31,1.546052437508598e-09,4.98692074743463e-09,6.045005845184705e-11,1.9033499248272238e-10
0.709,1403.8217459121583,5.000386478563089,0.17536577951888302,5.688625149258524,0.4858152893360953,0.07164211189908623,1.154804462338588e-05,8.514823671511642e-07,4.522250788865134e-12,5.292418208292287e-12,8.647686555579809e-13,2.024088265915935e-12,2.3597466980315257e-07,2.9356195557687077e-07,0.20433109527561086,0.2692622079939447,6.594803184323331e-15,1.5922138877495237e-14,7.004693129039425e-13,1.7428238504514365e-12,5.602578807646659e-12,5.748564975362413e-12,7.494149069555231e-06,8.241996644395853e-06,0.015541720701937453,0.018238594044333842,0.2555166967926865,0.5235269783597084,0.03235863961170987,0.10416898412732932,1.286088440125988e-07,2.729888973548199e-07,2.6888210248562788e-06,5.905627483711434e-06,1.724808917683426e-06,4.04266056748517e-06,4.83629562780635e-05,9.924629571853885e-05,1.3952518156115654e-08,2.966093028454085e-08,3.1010518634017026e-06,6.821016986728082e-06,8.99128369374073e-11,2.6984806371830573e-10,1.9960666161727883e-18,2.0451578486888045e-18,1.0024038840978996e-11,1.1748792856833962e-11,6.895990516537643e-12,1.4639649083371258e-11,2.5020984537661147e-15,4.7619516027311916e-15,1.32278454189713e-08,2.6150353068544096e-08,4.81460239028305e-19,1.4451082176517888e-18,0.006361244964854011,0.013035386656832034,3.421972719918271e-31,9.999999999998701e-31,1.5425612466967017e-09,4.975745220086403e-09,6.035869374142576e-11,1.9005058811523335e-10
0.71,1403.73393720797,5.000562502238562,0.17535960650753693,5.694327716799111,0.48583377966442026,0.07164606816666241,1.1538551072843686e-05,8.507969714255922e-07,4.513270831138824e-12,5.2819995539154466e-12,8.629711212288282e-13,2.0199155990922085e-12,2.357009948625556e-07,2.932265251198712e-07,0.20431783217184418,0.26924935088882085,6.581032905344628e-15,1.588916533365794e-14,6.994142159436833e-13,1.7402285491429328e-12,5.588591960331704e-12,5.7343120815762365e-12,7.483536416313123e-06,8.230466190852314e-06,0.015533032524397184,0.01822871108122393,0.2555198199482879,0.5235423620453507,0.032359209478762654,0.10417260638141064,1.2854099975453608e-07,2.7284957159935066e-07,2.6889815418513146e-06,5.906081393352074e-06,1.722904670216551e-06,4.038266635185729e-06,4.8266682353713045e-05,9.90504304923602e-05,1.3921781547731897e-08,2.9596096840102884e-08,3.0966495296502034e-06,6.811450587224165e-06,8.973197427415362e-11,2.693098770663266e-10,1.995275687342678e-18,2.0443825520253996e-18,1.001567232235356e-11,1.1739188239789166e-11,6.889628605415397e-12,1.462639425102713e-11,2.499141887312148e-15,4.756406341398223e-15,1.3227626609379571e-08,2.6150369274416858e-08,4.809241363450673e-19,1.4435238722787434e-18,0.006361135797638725,0.01303538665684479,3.4219139944241287e-31,9.9999999999987e-31,1.5390839982448655e-09,4.964614072210484e-09,6.026761739515085e-11,1.897670739267668e-10
0.711,1403.6462462584414,5.000738403672142,0.17535343821723923,5.700030484935092,0.48585222784835236,0.07165001533879747,1.1529076770388465e-05,8.501129356746949e-07,4.5043201786423275e-12,5.271614617294175e-12,8.611797059520355e-13,2.0157570270158805e-12,2.3542799287190986e-07,2.9289190802592605e-07,0.204304598510468,0.2692365208087295,6.567309477679629e-15,1.585630310975887e-14,6.983621161116681e-13,1.7376405429600471e-12,5.574659395781713e-12,5.720114156911353e-12,7.4729546492882915e-06,8.218968965110985e-06,0.015524365477452052,0.018218851810105283,0.2555229322422073,0.5235577019648372,0.032359781093034494,0.10417622999940486,1.284732683327113e-07,2.727104690997719e-07,2.6891417208573366e-06,5.906534327567121e-06,1.7210056436165798e-06,4.033884619514644e-06,4.8170756616082275e-05,9.885526892541036e-05,1.3891161090734927e-08,2.9531506855865963e-08,3.0922611793637277e-06,6.801914331870985e-06,8.955173269820703e-11,2.6877352471048366e-10,1.9944852907894694e-18,2.043607688112407e-18,1.0007324354478538e-11,1.172960454269622e-11,6.883280386639389e-12,1.461316741737024e-11,2.496192549019873e-15,4.7508744467323226e-15,1.3227408338454e-08,2.6150385444989907e-08,4.803892293864007e-19,1.4419430009306024e-18,0.006361026898188475,0.013035386656857483,3.4218554129717143e-31,9.99999999999868e-31,1.5356206136336127e-09,4.953527055030022e-09,6.017682796489877e-11,1.8948444547028534e-10
0.712,1403.5586726163829,5.000914183326897,0.17534727463080288,5.705733453527593,0.48587063405109027,0.0716539534502635,1.1519621637980157e-05,8.494302544385541e-07,4.495398684132369e-12,5.261263230000002e-12,8.593943780829626e-13,2.011612477192011e-12,2.351556608761452e-07,2.925581007503e-07,0.20429139417691927,0.26922371764955016,6.553632659391291e-15,1.5823551634092773e-14,6.973129993018953e-13,1.7350597977882024e-12,5.56078081237406e-12,5.7059708974154026e-12,7.462403624884224e-06,8.207504813732863e-06,0.015515719480141079,0.018209016141390838,0.25552603371632776,0.5235729982850729,0.0323603544481634,0.10417985497741016,1.284056493140617e-07,2.7257158901023036e-07,2.689301563112363e-06,5.9069862899305945e-06,1.7191118145518636e-06,4.029514467605361e-06,4.8075177220549586e-05,9.866080730897592e-05,1.3860656151098125e-08,2.946715900937692e-08,3.0878867456042036e-06,6.792408077283975e-06,8.937210901297296e-11,2.68238997262236e-10,1.9936954239525996e-18,2.0428332547789405e-18,9.998994857884295e-12,1.1720041676600544e-11,6.876945803469807e-12,1.4599968467426417e-11,2.493250407344718e-15,4.745355860853277e-15,1.3227190604118343e-08,2.6150401580413595e-08,4.798555131946409e-19,1.4403655893387711e-18,0.0063609182654673505,0.013035386656870235,3.4217969750037503e-31,9.999999999998682e-31,1.532171014742206e-09,4.94248392101446e-09,6.008632401111512e-11,1.8920269832484905e-10
0.713,1403.4712158367083,5.0010898416645775,0.17534111573109226,5.711436622438264,0.48588899843435046,0.07165788253555488,1.1510185598062387e-05,8.487489222909728e-07,4.486506201403897e-12,5.250945224788002e-12,8.57615106190667e-13,2.007481877612825e-12,2.3488399593956066e-07,2.9222509977142136e-07,0.20427821905784738,0.26921094130848866,6.540002210179732e-15,1.5790910338804388e-14,6.962668515084213e-13,1.732486279754343e-12,5.546955910712727e-12,5.691882001371767e-12,7.451883200445108e-06,8.196073584279714e-06,0.015507094451958055,0.018199203985991928,0.2555291244128457,0.5235882511731527,0.03236092953726689,0.10418348130975415,1.2833814226865345e-07,2.7243293049105814e-07,2.6894610698507925e-06,5.907437284003883e-06,1.717223159862229e-06,4.0251561269800835e-06,4.797994233669414e-05,9.846704196283923e-05,1.3830266099713327e-08,2.9403051988418597e-08,3.083526161929925e-06,6.7829316811406015e-06,8.919310004425116e-11,2.677062853985598e-10,1.992906084264728e-18,2.0420592498445196e-18,9.990683755285317e-12,1.1710499555079257e-11,6.870624799518214e-12,1.45867972869305e-11,2.4903154309424062e-15,4.7398505262468055e-15,1.3226973404306228e-08,2.6150417680833628e-08,4.793229828635925e-19,1.438791623384943e-18,0.006360809898445221,0.01303538665688295,3.4217386799661044e-31,9.99999999999868e-31,1.52873512407578e-09,4.931484424612471e-09,5.999610410454906e-11,1.8892182810107997e-10
0.714,1403.383875477814,5.001265379140942,0.17533496150118744,5.717139991529279,0.48590732116080554,0.07166180262925613,1.1500768573592315e-05,8.480689338417849e-07,4.477642585245769e-12,5.240660435545812e-12,8.558418590937629e-13,2.0033651568420016e-12,2.346129951442023e-07,2.9189290158890303e-07,0.2042650730387019,0.26919819168092934,6.526417891685426e-15,1.575837866062323e-14,6.952236588069441e-13,1.729919955181368e-12,5.533184393592006e-12,5.677847169263443e-12,7.441393234212716e-06,8.184675125267836e-06,0.015498490312797843,0.018189415255257503,0.25553220437197993,0.5236034607917268,0.03236150635526385,0.10418710899648137,1.2827074676830068e-07,2.722944927058745e-07,2.6896202422917677e-06,5.9078873133108525e-06,1.715339656486525e-06,4.0208095453805015e-06,4.788505014506825e-05,9.827396922867175e-05,1.3799990311476042e-08,2.9339184489070486e-08,3.079179362232575e-06,6.773485001822878e-06,8.901470263916548e-11,2.671753798587815e-10,1.992117269234138e-18,2.041285671203739e-18,9.982390963428844e-12,1.1700978084688132e-11,6.864317318773917e-12,1.4573653762384204e-11,2.487387588676207e-15,4.7343583857790035e-15,1.322675673696804e-08,2.6150433746407665e-08,4.787916334952642e-19,1.4372210889714267e-18,0.006360701796097154,0.013035386656895619,3.4216805273074284e-31,9.99999999999868e-31,1.5253128646225406e-09,4.920528321792252e-09,5.990616682507509e-11,1.8864183043748106e-10
0.715,1403.2966510981037,5.001440796217031,0.1753288119239884,5.722843560663333,0.4859256023885215,0.07166571376520804,1.1491370488076657e-05,8.473902837393636e-07,4.468807691607319e-12,5.230408697487865e-12,8.540746057804943e-13,1.99926224382732e-12,2.3434265559539872e-07,2.9156150273038205e-07,0.20425195600925353,0.26918546866766124,6.512879466850927e-15,1.572595603932043e-14,6.941834074095861e-13,1.727360790724179e-12,5.519465966128295e-12,5.663866103907691e-12,7.430933585465653e-06,8.173309286319948e-06,0.015489906983032828,0.018179649861060646,0.2555352736373049,0.5236186273098319,0.032362084893496026,0.10419073802601755,1.282034623910873e-07,2.72156274831136e-07,2.6897790816674487e-06,5.908336381398844e-06,1.713461281666063e-06,4.016474671243998e-06,4.779049884693373e-05,9.808158549000313e-05,1.3769828168086398e-08,2.9275555221660155e-08,3.074846281220548e-06,6.764067899479527e-06,8.883691366879124e-11,2.666462714524287e-10,1.9913289762320774e-18,2.0405125166079947e-18,9.974116410935347e-12,1.1691477185871212e-11,6.8580233056029836e-12,1.4560537781051544e-11,2.4844668496191806e-15,4.728879382699841e-15,1.3226540600055526e-08,2.615044977727004e-08,4.78261460339838e-19,1.4356539724410589e-18,0.006360593957404567,0.013035386656908255,3.4216225164797844e-31,9.99999999999869e-31,1.521904160277549e-09,4.909615371408083e-09,5.981651076494415e-11,1.883627010106457e-10
0.716,1403.2095422595567,5.001616093348041,0.17532266698260546,5.728547329703643,0.4859438422761889,0.07166961597728626,1.1481991265403666e-05,8.467129666583266e-07,4.460001377329092e-12,5.220189846841038e-12,8.523133154748291e-13,1.995173068055682e-12,2.3407297441389467e-07,2.912308997417674e-07,0.20423886785837808,0.2691727721680309,6.499386700398597e-15,1.5693641918864647e-14,6.931460835956544e-13,1.7248087531976259e-12,5.505800335494711e-12,5.649938510184742e-12,7.420504114315291e-06,8.161975917941815e-06,0.015481344383486289,0.018169907715769283,0.25553833225063777,0.5236337508924656,0.0323626651448662,0.10419436839172222,1.281362887154712e-07,2.7201827604364985e-07,2.6899375891946543e-06,5.908784491776969e-06,1.711588012703839e-06,4.012151453139756e-06,4.769628665200378e-05,9.788988714708015e-05,1.3739779054445387e-08,2.9212162903106706e-08,3.0705268538270247e-06,6.754680234724811e-06,8.865973002473645e-11,2.6611895104901027e-10,1.990541202721769e-18,2.0397397839003447e-18,9.965860023555157e-12,1.168199677568107e-11,6.8517427046708615e-12,1.45474492307962e-11,2.4815531830242786e-15,4.7234134605868196e-15,1.3226324991535103e-08,2.6150465773560636e-08,4.77732458608422e-19,1.434090260015312e-18,0.0063604863813545975,0.013035386656920899,3.421564646938298e-31,9.999999999998701e-31,1.5185089353143622e-09,4.8987453334967645e-09,5.972713452478264e-11,1.8808443552268467e-10
0.717,1403.1225485289642,5.001791270978961,0.17531652666051187,5.734251298513933,0.48596204098540546,0.07167350929974743,1.1472630829605337e-05,8.46036977282123e-07,4.451223499891883e-12,5.210003720551859e-12,8.505579576455948e-13,1.9910975595748786e-12,2.3380394872883492e-07,2.9090108917855526e-07,0.2042258084718075,0.2691601020770143,6.48593935884393e-15,1.566143574745725e-14,6.921116736623251e-13,1.7222638094540659e-12,5.492187210616888e-12,5.636064094726819e-12,7.410104681487266e-06,8.15067487128322e-06,0.015472802435374374,0.018160188732180668,0.2555413802499273,0.5236488316963294,0.03236324710598467,0.10419800009881357,1.2806922531607662e-07,2.7188049551167896e-07,2.6900957660636e-06,5.909231647892145e-06,1.7097198268109805e-06,4.007839839409415e-06,4.760241177004914e-05,9.769887059965702e-05,1.370984235613983e-08,2.9149006251579026e-08,3.066221014809829e-06,6.7453218677593534e-06,8.848314861587551e-11,2.655934095682612e-10,1.9897539463789308e-18,2.0389674711392986e-18,9.957621715700989e-12,1.1672536757854425e-11,6.845475460806694e-12,1.4534387999795569e-11,2.4786465582724857e-15,4.717960563246995e-15,1.3226109909394686e-08,2.6150481735441915e-08,4.772046233568466e-19,1.4325299374456607e-18,0.006360379066939204,0.013035386656933516,3.4215069181407163e-31,9.999999999998727e-31,1.515127114031598e-09,4.887917968138395e-09,5.963803671055289e-11,1.87807029691686e-10
0.718,1403.0356694714856,5.0019663295648975,0.17531039094083156,5.739955466958446,0.4859801986710816,0.07167739376579829,1.1463289105643317e-05,8.453623103608097e-07,4.4424739182642356e-12,5.1998501572775516e-12,8.488085019221222e-13,1.9870356487957877e-12,2.3353557570179835e-07,2.9057206763567337e-07,0.20421277774168578,0.26914745829775155,6.472537210061173e-15,1.562933697648083e-14,6.910801641077725e-13,1.719725926838731e-12,5.47862630308418e-12,5.622242566852394e-12,7.39973514899762e-06,8.13940599888012e-06,0.015464281060367291,0.018150492823589316,0.25554441767857666,0.5236638698888175,0.03236383076778519,0.1042016331341328,1.280022717798081e-07,2.717429324290915e-07,2.6902536134904576e-06,5.9096778532432394e-06,1.7078567017029492e-06,4.0035397795638345e-06,4.750887244275447e-05,9.75085323123601e-05,1.3680017468927405e-08,2.9086084006657467e-08,3.0619287002767957e-06,6.7359926617244325e-06,8.830716637809015e-11,2.650696380093366e-10,1.9889672045895357e-18,2.0381955760837164e-18,9.949401418240097e-12,1.1663097055387646e-11,6.8392215194315935e-12,1.4521353977447051e-11,2.475746945030354e-15,4.712520635015871e-15,1.3225895351618716e-08,2.6150497663043725e-08,4.766779499714883e-19,1.4309729914716689e-18,0.006360272013156622,0.013035386656946093,3.4214493295481444e-31,9.999999999998736e-31,1.511758622101775e-09,4.877133039807024e-09,5.954921594411697e-11,1.875304792849464e-10
0.719,1402.94890465678,5.002141269551909,0.17530425980701078,5.745659834901934,0.4859983154903467,0.07168126940892149,1.1453966018774766e-05,8.446889606644469e-07,4.433752492182355e-12,5.1897289965443994e-12,8.470649181802988e-13,1.9829872666942733e-12,2.332678525064518e-07,2.902438317222233e-07,0.20419977555769425,0.2691348407298975,6.459180023774017e-15,1.559734506168762e-14,6.900515414717718e-13,1.7171950727934462e-12,5.465117326381686e-12,5.608473637779531e-12,7.389395379590986e-06,8.128169154038338e-06,0.01545578018055203,0.01814081990374658,0.25554744457673445,0.5236788656302608,0.03236441612427365,0.10420526749432908,1.27935427691894e-07,2.716055859857822e-07,2.6904111326683253e-06,5.9101231112743845e-06,1.705998615075451e-06,3.999251223055357e-06,4.741566691585555e-05,9.731886875752621e-05,1.3650303790450732e-08,2.902339491172429e-08,3.0576498463522953e-06,6.72669247976996e-06,8.813178026596516e-11,2.645476274259456e-10,1.9881809749024827e-18,2.0374240966570258e-18,9.941199054513593e-12,1.1653677582428907e-11,6.8329808262189854e-12,1.4508347053649638e-11,2.472854313124598e-15,4.7070936205196375e-15,1.3225681316209995e-08,2.6150513556511017e-08,4.761524337417306e-19,1.4294194085378575e-18,0.0063601652190102605,0.013035386656958631,3.4213918806244733e-31,9.999999999998733e-31,1.5084033853877295e-09,4.866390313553638e-09,5.946067085407466e-11,1.8725478009015883e-10
0.72,1402.8622536571534,5.002316091382772,0.17529813324261587,5.751364402209653,0.4860163915999232,0.07168513626248509,1.1444661494449554e-05,8.440169229754865e-07,4.425059082130681e-12,5.179640078724984e-12,8.453271764918994e-13,1.9789523446925874e-12,2.3300077632853871e-07,2.899163780614582e-07,0.20418680180965926,0.2691222492730464,6.445867571119033e-15,1.5565459462145484e-14,6.890257923474903e-13,1.7146712148859353e-12,5.451659995815966e-12,5.5947570205498254e-12,7.379085236714027e-06,8.116964190804217e-06,0.015447299718443558,0.018131169886873102,0.2555504609838846,0.5236938190792095,0.032365003169940926,0.10420890317752558,1.278686926368037e-07,2.714684553696081e-07,2.690568324780675e-06,5.910567425404247e-06,1.7041455446626095e-06,3.994974119414056e-06,4.732279344151246e-05,9.712987642007333e-05,1.3620700720868153e-08,2.8960937715304997e-08,3.053384389302861e-06,6.717421185330706e-06,8.795698725274237e-11,2.640273689262149e-10,1.9873952549446683e-18,2.036653030860114e-18,9.93301454713444e-12,1.1644278252246168e-11,6.826753327020847e-12,1.4495367118646815e-11,2.4699686325152953e-15,4.701679464624016e-15,1.3225467801183308e-08,2.6150529415990056e-08,4.756280698928516e-19,1.4278691748923677e-18,0.006360058683508991,0.013035386656971171,3.4213345708365323e-31,9.999999999998736e-31,1.505061330052074e-09,4.855689555359326e-09,5.937240007636957e-11,1.86979927917319e-10
0.721,1402.7757160462147,5.002490795500982,0.17529201123119317,5.757069168747365,0.4860344271543188,0.0716889943594757,1.1435375458831146e-05,8.433461921271933e-07,4.416393549781709e-12,5.1695832455532436e-12,8.435952471339695e-13,1.974930814681437e-12,2.3273434437783903e-07,2.895897033056693e-07,0.20417385638937668,0.26910968382913636,6.432599624893751e-15,1.5533679640837743e-14,6.880029034607515e-13,1.7121543210071196e-12,5.438254029018982e-12,5.581092430545974e-12,7.3688045848656916e-06,8.10579096435009e-06,0.015438839596968207,0.018121542687639443,0.25555346694064335,0.5237087303961149,0.03236559189795141,0.10421254017748666,1.27802066205552e-07,2.7133153978189686e-07,2.69072519101335e-06,5.911010799052357e-06,1.7022974684758848e-06,3.990708418807886e-06,4.72302502918309e-05,9.69415518252574e-05,1.3591207666957588e-08,2.8898711179795786e-08,3.049132266173295e-06,6.7081786435258805e-06,8.778278433473294e-11,2.635088536859459e-10,1.9866100422573817e-18,2.035882376603674e-18,9.924847822319679e-12,1.1634898982305856e-11,6.8205389681690615e-12,1.4482414063666591e-11,2.4670898734042922e-15,4.696278112640706e-15,1.3225254804561302e-08,2.615054524162022e-08,4.751048538065748e-19,1.426322277249074e-18,0.006359952405667115,0.013035386656983674,3.421277399654084e-31,9.999999999998741e-31,1.5017323831181094e-09,4.845030533945225e-09,5.928440225875437e-11,1.867059186127934e-10
0.722,1402.6892914002697,5.002665382346663,0.17528589375641224,5.762774134381335,0.4860524223076149,0.07169284373276125,1.1426107838290705e-05,8.42676762966335e-07,4.407755757563747e-12,5.159558339618708e-12,8.418691005805183e-13,1.970922609000616e-12,2.324685538765376e-07,2.8926380412171474e-07,0.20416093918880415,0.26909714430006315,6.419375959316972e-15,1.5502005064084998e-14,6.869828615922817e-13,1.7096443591776566e-12,5.424899145449238e-12,5.567479584980182e-12,7.358553289260676e-06,8.094649330604242e-06,0.015430399739490138,0.018111938221197037,0.2555564624869578,0.5237235997396305,0.03236618230195221,0.10421617848944152,1.277355479885466e-07,2.711948384222597e-07,2.6908817325425205e-06,5.9114532356125725e-06,1.7004543645703061e-06,3.986454071494712e-06,4.713803574561066e-05,9.67538915114783e-05,1.3561824038087865e-08,2.883671407289925e-08,3.0448934141651205e-06,6.6989647197919014e-06,8.760916852701802e-11,2.629920729357197e-10,1.985825334458586e-18,2.035112131874482e-18,9.916698806676697e-12,1.1625539690505642e-11,6.8143376961837305e-12,1.4469487780302155e-11,2.4642180061299604e-15,4.690889510127079e-15,1.322504232437768e-08,2.6150561033539956e-08,4.745827808040277e-19,1.4247787021360284e-18,0.0063598463845044905,0.013035386656996115,3.4212203665498632e-31,9.999999999998719e-31,1.4984164719199806e-09,4.834413018998907e-09,5.919667605643744e-11,1.8643274804561367e-10
0.723,1402.6029792969266,5.002839852360653,0.1752797808019227,5.7684792989783285,0.4860703772116944,0.07169668441483071,1.1416858560031951e-05,8.420086303992891e-07,4.39914556917146e-12,5.149565204964449e-12,8.401487075173639e-13,1.9669276604738993e-12,2.3220340207312955e-07,2.88938677208333e-07,0.20414805010185472,0.2690846305900494,6.406196350360777e-15,1.5470435202347978e-14,6.859656536687392e-13,1.7071412977745587e-12,5.41159506697078e-12,5.5539182034888956e-12,7.348331216231759e-06,8.083539146693838e-06,0.015421980069780778,0.018102356403142797,0.2555594476638902,0.523738427270277,0.032366774374279074,0.10421981810430944,1.2766913758408202e-07,2.710583505066314e-07,2.6910379505469973e-06,5.911894738480226e-06,1.698616211316492e-06,3.9822110284601595e-06,4.704614810383079e-05,9.656689206207057e-05,1.353254925092292e-08,2.8774945177629212e-08,3.0406677713652694e-06,6.6897792814858475e-06,8.743613686835142e-11,2.6247701797563176e-10,1.9850411290591377e-18,2.034342294547098e-18,9.908567430047263e-12,1.1616200298508968e-11,6.808149458134633e-12,1.4456588161279846e-11,2.461353001296684e-15,4.685513603132843e-15,1.3224830358674344e-08,2.6150576791881587e-08,4.740618464018274e-19,1.4232384366643135e-18,0.006359740619046474,0.013035386657008602,3.4211634709995718e-31,9.99999999999875e-31,1.4951135247417688e-09,4.8238367832367e-09,5.910922013712617e-11,1.8616041212336958e-10
0.724,1402.5167793190244,5.003014205972293,0.17527367235178204,5.774184662405603,0.486088292021878,0.0717005164386321,1.140762755101747e-05,8.413417893129452e-07,4.3905628485980014e-12,5.139603685954838e-12,8.384340388442758e-13,1.962945902414341e-12,2.3193888621595137e-07,2.8861431926323924e-07,0.20413518901876102,0.26907214259824086,6.393060575427412e-15,1.54389695294495e-14,6.84951266581782e-13,1.704645105081123e-12,5.398341516735059e-12,5.540408006986202e-12,7.338138232454266e-06,8.072460270092788e-06,0.015413580512016526,0.018092797149518235,0.2555624225081112,0.523753213139205,0.03236736811150434,0.10422345902657328,1.276028345819823e-07,2.7092207523256825e-07,2.6911938461745808e-06,5.91233531097873e-06,1.6967829868463677e-06,3.977979240118625e-06,4.695458565862084e-05,9.638055004162864e-05,1.3503382720054752e-08,2.8713403272397795e-08,3.0364552752815297e-06,6.680622194664162e-06,8.726368641082688e-11,2.6196368014431194e-10,1.9842574238673424e-18,2.033572862798663e-18,9.900453611620726e-12,1.1606880715466211e-11,6.801974201026747e-12,1.4443715099155878e-11,2.4584948295510346e-15,4.680150337774489e-15,1.32246189055138e-08,2.6150592516798266e-08,4.735420458184375e-19,1.4217014670461865e-18,0.006359635108323171,0.013035386657021027,3.42110671248146e-31,9.999999999998747e-31,1.4918234695240476e-09,4.813301598231363e-09,5.902203317065368e-11,1.8588890675956293e-10
0.725,1402.4306910477649,5.0031884436206635,0.17526756838971144,5.779890224530916,0.4861061668871619,0.07170433983612222,1.1398414739349822e-05,8.406762346764516e-07,4.382007461434403e-12,5.129673628796091e-12,8.367250656316215e-13,1.958977268522599e-12,2.3167500358917592e-07,2.882907270278791e-07,0.204122355835834,0.2690596802315313,6.3799684134387036e-15,1.5407607522788998e-14,6.839396874436094e-13,1.7021557499226964e-12,5.385138220636312e-12,5.5269487191570955e-12,7.327974205979944e-06,8.061412559758127e-06,0.015405200990785057,0.018083260376814417,0.2555653870614695,0.5237679575077328,0.03236796350480898,0.10422710124326325,1.2753663858663752e-07,2.7078601182812054e-07,2.6913494205989544e-06,5.912774956483727e-06,1.6949546698555379e-06,3.973758658193849e-06,4.686334673743645e-05,9.61948620866724e-05,1.3474323871262355e-08,2.865208715920614e-08,3.0322558649395897e-06,6.671493328695582e-06,8.70918142338457e-11,2.614520508608296e-10,1.983474216370483e-18,2.032803834474781e-18,9.8923572849693e-12,1.1597580867362914e-11,6.795811872579086e-12,1.4430868487968273e-11,2.4556434618647342e-15,4.674799660773371e-15,1.3224407962956237e-08,2.615060820841492e-08,4.730233746783844e-19,1.4201677807091037e-18,0.00635952985137052,0.013035386657033441,3.421050090476927e-31,9.999999999998764e-31,1.4885462357134376e-09,4.8028072403790936e-09,5.893511384356468e-11,1.856182279195241e-10
0.726,1402.3447140699504,5.003362565732293,0.1752614688998769,5.78559598522251,0.4861240019604058,0.07170815463977874,1.1389220052884277e-05,8.40011961439022e-07,4.373479273550093e-12,5.119774879992604e-12,8.350217591696482e-13,1.9550216930026717e-12,2.3141175147635982e-07,2.879678972421128e-07,0.20410955044526852,0.26904724339116076,6.3669196447878585e-15,1.537634866322892e-14,6.829309033263607e-13,1.6996732010183938e-12,5.3719849058325574e-12,5.5135400649407006e-12,7.317839005194795e-06,8.050395874984853e-06,0.015396841431087766,0.018073746001977368,0.25556834136098217,0.5237826605268999,0.032368560550050725,0.10423074475638956,1.2747054919353186e-07,2.7065015950203505e-07,2.691504674960179e-06,5.91321367829312e-06,1.6931312387820583e-06,3.96954923379423e-06,4.677242965797183e-05,9.600982481311776e-05,1.3445372127982007e-08,2.859099563488082e-08,3.028069478743067e-06,6.662392551554042e-06,8.692051742992246e-11,2.609421215821305e-10,1.9826915043729724e-18,2.0320352077438003e-18,9.884278372963125e-12,1.1588300667613294e-11,6.78966242044403e-12,1.4418048221581236e-11,2.4527988692508805e-15,4.669461518916202e-15,1.3224197529082779e-08,2.6150623866877628e-08,4.72505828286773e-19,1.41863736411785e-18,0.006359424847229343,0.013035386657045808,3.420993604469976e-31,9.99999999999873e-31,1.4852817523738566e-09,4.792353484806594e-09,5.884846084426232e-11,1.8534837157366364e-10
0.727,1402.2588479729598,5.003536572736415,0.1752553738663545,5.791301944349119,0.4861417973914711,0.07171196088158457,1.1380043420256126e-05,8.3934896460567e-07,4.364978152038166e-12,5.109907287453464e-12,8.333240909363643e-13,1.951079110486704e-12,2.3114912718662493e-07,2.876458266767851e-07,0.20409677274202734,0.269034831981776,6.353914051421736e-15,1.534519243529344e-14,6.819249014483064e-13,1.6971974274444362e-12,5.358881301784744e-12,5.500181771596899e-12,7.307732499558387e-06,8.03941007621904e-06,0.015388501758313987,0.018064253942377047,0.2555712854456254,0.523797322351359,0.032369159240939784,0.10423438956096337,1.2740456600622554e-07,2.7051451747979893e-07,2.691659610405765e-06,5.913651479717018e-06,1.6913126723930216e-06,3.965350918787901e-06,4.6681832760359954e-05,9.582543488237176e-05,1.3416526920972198e-08,2.8530127511625498e-08,3.023896056003451e-06,6.653319733184612e-06,8.674979311442835e-11,2.6043388383228587e-10,1.9819092855442585e-18,2.0312669806333893e-18,9.87621680344559e-12,1.1579040035436731e-11,6.783525792786476e-12,1.4405254194914425e-11,2.4499610229724325e-15,4.664135859451796e-15,1.322398760198053e-08,2.615063949232282e-08,4.719894021582749e-19,1.4171102043626523e-18,0.006359320094945727,0.013035386657058159,3.4209372539474817e-31,9.999999999998733e-31,1.482029949531787e-09,4.78194010971158e-09,5.87620728734571e-11,1.8507933373037765e-10
0.728,1402.1730923440332,5.003710465067393,0.17524928327304565,5.797008101779971,0.4861595533260131,0.07171575859284536,1.1370884771067825e-05,8.386872392509744e-07,4.356503965389748e-12,5.100070700696544e-12,8.31632032597181e-13,1.947149456034133e-12,2.3088712805957763e-07,2.873245121398367e-07,0.20408402262503683,0.2690224459129921,6.3409514168854434e-15,1.5314138327276105e-14,6.809216692068977e-13,1.694728398716373e-12,5.345827140465192e-12,5.486873568920379e-12,7.297654559756723e-06,8.028455025225798e-06,0.015380181898261635,0.018054784115830686,0.25557421935747465,0.5238119431416818,0.03236975956788527,0.10423803564127511,1.273386886392798e-07,2.703790850098371e-07,2.6918142280971294e-06,5.914088364091571e-06,1.6894989498867776e-06,3.961163666042288e-06,4.6591554412868406e-05,9.564168901302613e-05,1.338778769001751e-08,2.8469481620644942e-08,3.0197355372114835e-06,6.644274746100523e-06,8.657963842770093e-11,2.599273292088248e-10,1.9811275573447315e-18,2.030499150954475e-18,9.868172513746884e-12,1.1569798901149539e-11,6.7774019383914015e-12,1.4392486304170787e-11,2.4471298945820402e-15,4.658822630166731e-15,1.3223778179738668e-08,2.6150655084868012e-08,4.714740921056312e-19,1.415586289424892e-18,0.006359215593571352,0.013035386657070498,3.4208810383992897e-31,9.999999999998738e-31,1.478790758413458e-09,4.771566897128263e-09,5.867594864616147e-11,1.8481111044232678e-10
0.729,1402.0874467780272,5.003884243140813,0.17524319710451425,5.802714457384769,0.48617726991633625,0.07171954780580148,1.1361744034005466e-05,8.380267803802918e-07,4.3480565817758056e-12,5.090264968838063e-12,8.299455560221462e-13,1.9432326651724286e-12,2.306257514181601e-07,2.8700395041767946e-07,0.2040712999863148,0.2690100850851008,6.328031525872494e-15,1.5283185830156432e-14,6.799211938526792e-13,1.692266083977801e-12,5.332822154383158e-12,5.473615187215345e-12,7.287605056327347e-06,8.017530583578117e-06,0.01537188177715262,0.018045336440623724,0.2555771431310293,0.5238265230425583,0.032370361528731635,0.1042416830054838,1.272729166887385e-07,2.702438613008781e-07,2.691968529144703e-06,5.914524334637281e-06,1.687690049883388e-06,3.956987427057835e-06,4.65015929556732e-05,9.545858386545813e-05,1.3359153867007231e-08,2.840905677616753e-08,3.015587861377621e-06,6.635257459532667e-06,8.641005051661049e-11,2.594224493274453e-10,1.9803463177737378e-18,2.029731717068199e-18,9.860145423960164e-12,1.1560577174835213e-11,6.771290805589466e-12,1.4379744444557286e-11,2.4443054555316363e-15,4.65352177864288e-15,1.3223569260473292e-08,2.6150670644664856e-08,4.7095989332543795e-19,1.4140656054324596e-18,0.006359111342162531,0.013035386657082797,3.4208249573177575e-31,9.999999999998745e-31,1.4755641091007109e-09,4.761233625364695e-09,5.85900868730168e-11,1.8454369774765598e-10
0.73,1402.0019108686724,5.004057907379875,0.17523711534506237,5.808421011033698,0.4861949473097277,0.07172332855190279,1.1352621139092076e-05,8.37367583095908e-07,4.339635871053456e-12,5.080489942941213e-12,8.282646332758119e-13,1.9393286738733477e-12,2.3036499462358017e-07,2.866841383435401e-07,0.20405860472269077,0.26899774940450416,6.315154164865152e-15,1.5252334439146258e-14,6.78923462867598e-13,1.6898104529418532e-12,5.319866078866724e-12,5.4604063596376236e-12,7.277583861245856e-06,8.006636614401964e-06,0.015363601321554475,0.018035910835416856,0.25558005680481655,0.5238410622065469,0.03237096511710964,0.10424533164809878,1.2720724976668723e-07,2.701088455953178e-07,2.6921225146801206e-06,5.914959394617237e-06,1.6858859515917486e-06,3.952822154704206e-06,4.6411946766143226e-05,9.527611617584118e-05,1.3330624895604582e-08,2.8348851817271684e-08,3.0114529691166782e-06,6.6262677462163696e-06,8.624102655534204e-11,2.589192358844009e-10,1.9795655645144436e-18,2.02896467700937e-18,9.852135462624466e-12,1.1551374776454711e-11,6.765192343543802e-12,1.4367028513016821e-11,2.4414876776368104e-15,4.648233253141271e-15,1.3223360842302579e-08,2.615068617184841e-08,4.704468014724777e-19,1.4125481398852866e-18,0.006359007339780624,0.013035386657095055,3.4207690101979426e-31,9.999999999998708e-31,1.4723499332486316e-09,4.750940077771549e-09,5.850448628169571e-11,1.8427709173739894e-10
0.731,1401.91648421104,5.0042314582083,0.1752310379789787,5.814127762597424,0.486212585651332,0.07172710086222882,1.1343516016731387e-05,8.367096425264771e-07,4.331241703965042e-12,5.070745475078517e-12,8.265892365932006e-13,1.9354374184966553e-12,2.3010485505381593e-07,2.863650727707016e-07,0.20404593673288712,0.2689854387798529,6.302319121625074e-15,1.5221583652459546e-14,6.779284638227157e-13,1.6873614755370412e-12,5.30695865113364e-12,5.447246821241132e-12,7.267590847301125e-06,7.995772981688752e-06,0.015355340458450271,0.0180265072193273,0.2555829604184405,0.5238555607879993,0.032371570325387074,0.1042489815594756,1.2714168748807573e-07,2.6997403714122777e-07,2.6922761858359147e-06,5.915393547292194e-06,1.6840866343834634e-06,3.948667802221105e-06,4.632261423441702e-05,9.509428270601128e-05,1.3302200223828258e-08,2.8288865592111095e-08,3.0073308015040107e-06,6.617305479874609e-06,8.607256373753099e-11,2.5841768063289034e-10,1.9787852952226567e-18,2.028198028782369e-18,9.844142563783238e-12,1.1542191632397913e-11,6.759106501696914e-12,1.435433840705312e-11,2.4386765328781482e-15,4.64295700222374e-15,1.3223152923350453e-08,2.615070166654308e-08,4.699348122498734e-19,1.4110338804247902e-18,0.006358903585492374,0.013035386657107295,3.420713196537825e-31,9.99999999999871e-31,1.4691481630746813e-09,4.740686039480573e-09,5.841914560895181e-11,1.840112885304345e-10
0.732,1401.8311664038447,5.004404896043083,0.17522496499079224,5.8198347119470935,0.4862301850875676,0.07173086476799781,1.133442859750003e-05,8.360529538117625e-07,4.322873951880365e-12,5.061031418030646e-12,8.249193384091472e-13,1.9315588358590615e-12,2.2984533009638243e-07,2.860467505635269e-07,0.20403329591411884,0.2689731531175842,6.289526185377328e-15,1.5190932971758652e-14,6.769361843214988e-13,1.684919121766269e-12,5.294099609996139e-12,5.434136308675661e-12,7.257625887887569e-06,7.98493955006758e-06,0.015347099115216534,0.018017125511904312,0.2555858540092571,0.5238700189362832,0.032372177148012035,0.10425263273659016,1.2707622946584793e-07,2.698394351820349e-07,2.6924295437267343e-06,5.91582679587973e-06,1.6822920776061195e-06,3.9445243227808255e-06,4.6233593753408645e-05,9.491308022296218e-05,1.3273879301094418e-08,2.822909695162787e-08,3.0032212995982494e-06,6.60837053416852e-06,8.590465927294407e-11,2.5791777537312353e-10,1.9780055076887443e-18,2.0274317705272597e-18,9.836166656847657e-12,1.1533027663599692e-11,6.753033229659301e-12,1.4341674024495418e-11,2.435871993358881e-15,4.637692974672709e-15,1.322294550175548e-08,2.615071712888206e-08,4.694239212553886e-19,1.4095228143724918e-18,0.006358800078369428,0.013035386657119537,3.4206575158379967e-31,9.99999999999873e-31,1.4659587309338215e-09,4.730471296034237e-09,5.833406359723039e-11,1.8374628426283e-10
0.733,1401.7459570479323,5.004578221299136,0.17521889636510976,5.825541858954322,0.48624774576404817,0.07173462030025847,1.1325358812260163e-05,8.353975121109312e-07,4.314532486940803e-12,5.051347625455223e-12,8.232549113378266e-13,1.927692863186332e-12,2.295864171523718e-07,2.857291686024852e-07,0.20402068216416513,0.26896089232464576,6.276775146674218e-15,1.5160381901825793e-14,6.759466120328862e-13,1.6824833617891399e-12,5.2812886960193355e-12,5.42107456034969e-12,7.247688857118415e-06,7.974136184929865e-06,0.015338877219624233,0.018007765633130057,0.2555887376144313,0.5238844367999851,0.03237278557945413,0.10425628517640621,1.2701087531380627e-07,2.697050389625987e-07,2.6925825894612176e-06,5.916259143580179e-06,1.6805022606939745e-06,3.940391669747736e-06,4.614488372477741e-05,9.473250551110165e-05,1.3245661579978207e-08,2.8169544753299276e-08,2.9991244047260777e-06,6.599462783323983e-06,8.573731038927223e-11,2.574195119577099e-10,1.977226199739756e-18,2.026665900419435e-18,9.828207671751389e-12,1.1523882791583394e-11,6.7469724772681095e-12,1.4329035263622827e-11,2.433074031326684e-15,4.632441119532665e-15,1.3222738575666426e-08,2.6150732558997916e-08,4.689141240743366e-19,1.4080149290089526e-18,0.006358696817488458,0.013035386657131727,3.4206019676017584e-31,9.999999999998717e-31,1.4627815695740276e-09,4.720295634210363e-09,5.824923899661907e-11,1.8348207509398662e-10
0.734,1401.6608557453642,5.004751434391916,0.17521283208652352,5.8312492034912005,0.4862652678244143,0.07173836748971879,1.131630659262231e-05,8.347433126367199e-07,4.306217182426451e-12,5.041693952316973e-12,8.215959281853821e-13,1.9238394381429876e-12,2.2932811364660165e-07,2.8541232379679195e-07,0.2040080953825573,0.2689486563100672,6.264065797651784e-15,1.512992995118359e-14,6.749597347567141e-13,1.680054166084881e-12,5.268525651931421e-12,5.408061316851923e-12,7.2377796301168046e-06,7.963362752749956e-06,0.015330674699815456,0.0179984275033927,0.25559161127211594,0.5238988145293372,0.03237339561301706,0.10425993887205334,1.26945624652797e-07,2.695708477423516e-07,2.692735324150187e-06,5.916690593594747e-06,1.6787171633639597e-06,3.936269797138011e-06,4.605648256999535e-05,9.455255539497896e-05,1.3217546519565898e-08,2.8110207868268945e-08,2.995040059005962e-06,6.590582103284403e-06,8.557051433558944e-11,2.5692288230205976e-10,1.9764473691088044e-18,2.0259004165357736e-18,9.820265541142036e-12,1.15147569410308e-11,6.74092419485578e-12,1.4316422023735343e-11,2.4302826192695693e-15,4.627201386292898e-15,1.3222532143239498e-08,2.615074795701768e-08,4.684054164697347e-19,1.4065102121448023e-18,0.006358593801931112,0.01303538665714389,3.4205465513350985e-31,9.999999999998719e-31,1.4596166125892978e-09,4.710158843484349e-09,5.816467056843319e-11,1.8321865721794235e-10
0.735,1401.5758621016785,5.00492453573052,0.17520677213985333,5.836956745430286,0.4862827514134921,0.07174210636721419,1.1307271870243747e-05,8.34090350603713e-07,4.297927912142249e-12,5.0320702541693874e-12,8.199423619431957e-13,1.919998498816695e-12,2.2907041701080245e-07,2.8509621306349884e-07,0.20399553546741075,0.26893644498079194,6.251397931756163e-15,1.5099576631435322e-14,6.739755403108905e-13,1.677631505171609e-12,5.255810221910123e-12,5.395096320219386e-12,7.227898082523128e-06,7.952619120543557e-06,0.015322491484314523,0.0179891110435001,0.25559447501834176,0.5239131522698575,0.032374007243968765,0.10426359382291063,1.268804771003954e-07,2.6943686077340567e-07,2.692887748887176e-06,5.9171211490828974e-06,1.676936765271642e-06,3.932158658813132e-06,4.5968388711026546e-05,9.437322669962821e-05,1.3189533579624604e-08,2.8051085168950103e-08,2.9909682044356795e-06,6.581728369703228e-06,8.540426837587028e-11,2.5642787836494106e-10,1.9756690136797937e-18,2.0251353171055482e-18,9.812340193307926e-12,1.1505650031488963e-11,6.734888332846071e-12,1.430383420429646e-11,2.427497729768991e-15,4.621973724608039e-15,1.3222326202645165e-08,2.615076332307703e-08,4.678977940634642e-19,1.4050086511634211e-18,0.006358491030783787,0.01303538665715604,3.420491266546548e-31,9.999999999998722e-31,1.4564637936193845e-09,4.700060713447198e-09,5.8080357078776327e-11,1.829560268430989e-10
0.736,1401.4909757237588,5.005097525724121,0.17520071650992095,5.842664484644603,0.4863001966744272,0.0717458369632837,1.1298254577332653e-05,8.33438621265531e-07,4.289664550872183e-12,5.022476387686643e-12,8.182941857833838e-13,1.9161699837077875e-12,2.2881332469613745e-07,2.8478083334307655e-07,0.20398300231830233,0.26892425824546706,6.238771343861273e-15,1.5069321457549702e-14,6.729940166180484e-13,1.6752153498220416e-12,5.243142152099888e-12,5.382179314468604e-12,7.218044090857189e-06,7.941905156266284e-06,0.015314327502011425,0.017979816174660327,0.2555973288898672,0.5239274501681851,0.03237462046668203,0.10426725002539675,1.268154322788171e-07,2.6930307731735016e-07,2.693039864765886e-06,5.917550813200624e-06,1.675161046280057e-06,3.9280582091102626e-06,4.588060058535404e-05,9.419451628142095e-05,1.3161622225116832e-08,2.799217553862789e-08,2.986908783603713e-06,6.5729014595094485e-06,8.523856979380127e-11,2.559344921629336e-10,1.9748911312883717e-18,2.0243706003063892e-18,9.804431558784497e-12,1.1496561985116336e-11,6.7288648420412216e-12,1.4291271705543083e-11,2.4247193356037955e-15,4.616758084496018e-15,1.3222120752061738e-08,2.615077865730736e-08,4.673912525822715e-19,1.4035102337596103e-18,0.006358388503137684,0.01303538665716815,3.420436112747229e-31,9.999999999998719e-31,1.4533230469753643e-09,4.690001035824434e-09,5.7996297303478177e-11,1.826941802077795e-10
0.737,1401.4061962190053,5.005270404784783,0.17519466518145155,5.848372421007643,0.4863176037472153,0.07174955930794799,1.1289254646649282e-05,8.327881199148635e-07,4.281426974404684e-12,5.0129122106931956e-12,8.16651373035423e-13,1.9123538316744798e-12,2.2855683417437182e-07,2.8446618160085465e-07,0.20397049583771798,0.26891209601633287,6.226185830086481e-15,1.5039163947420073e-14,6.720151517176298e-13,1.672805671093502e-12,5.2305211906126694e-12,5.3693100455963924e-12,7.208217532544063e-06,7.931220728841745e-06,0.015306182682196247,0.017970542818520837,0.2556001729255516,0.5239417083748561,0.032375235273242445,0.10427090746847885,1.2675048981600403e-07,2.691694966475398e-07,2.6931916728873904e-06,5.917979589115855e-06,1.6733899865087577e-06,3.92396840295706e-06,4.57931166480705e-05,9.401642103235677e-05,1.3133811926778429e-08,2.7933477872688314e-08,2.9828617398007177e-06,6.564101251152629e-06,8.507341589317287e-11,2.554427157715991e-10,1.974113719666092e-18,2.0236062642068944e-18,9.796539575747139e-12,1.1487492733005908e-11,6.722853673616655e-12,1.4278734428473374e-11,2.4219474097483537e-15,4.611554416334234e-15,1.3221915789670889e-08,2.615079395982495e-08,4.668857878940029e-19,1.4020149480483394e-18,0.006358286218089337,0.013035386657180275,3.420381089451119e-31,9.999999999998719e-31,1.4501943077277447e-09,4.679979604760422e-09,5.791249002876187e-11,1.824331135823235e-10
0.738,1401.3215232002512,5.00544317331199,0.1751886181396153,5.8540805543933585,0.4863349727759534,0.07175327343179067,1.12802720108497e-05,8.32138841835203e-07,4.273215058855972e-12,5.003377581372545e-12,8.150138972415663e-13,1.9085499820630307e-12,2.2830094291861557e-07,2.8415225480310485e-07,0.20395801592382803,0.2688999581997414,6.213641188040643e-15,1.500910362245701e-14,6.710389336223808e-13,1.6704024399710242e-12,5.217947086788464e-12,5.356488260822002e-12,7.198418285370198e-06,7.920565707564576e-06,0.015298056954519228,0.01796129089712468,0.25560300715930423,0.5239559270299359,0.032375851660544165,0.10427456615654246,1.2668564933274924e-07,2.69036118021798e-07,2.693343174319583e-06,5.918407479920289e-06,1.6716235658658994e-06,3.91988919477517e-06,4.570593534690003e-05,9.383893782880153e-05,1.3106102153710241e-08,2.7874991062868182e-08,2.9788270158179823e-06,6.555327621960064e-06,8.490880399013808e-11,2.549525413022899e-10,1.9733367768309947e-18,2.0228423071673357e-18,9.788664169907341e-12,1.147844219161358e-11,6.716854778760689e-12,1.4266222274084045e-11,2.419181925240408e-15,4.606362670608769e-15,1.3221711313675694e-08,2.6150809230770943e-08,4.663813955989628e-19,1.4005227813378905e-18,0.006358184174739487,0.013035386657192363,3.4203261961744882e-31,9.999999999998736e-31,1.4470775106601433e-09,4.669996213442825e-09,5.78289340429944e-11,1.8217282324313424e-10
0.739,1401.2369562792342,5.00561583171285,0.17518257536932014,5.859788884676161,0.4863523038995887,0.07175697936458307,1.1271306603452706e-05,8.314907823720586e-07,4.2650286816250936e-12,4.993872359384913e-12,8.133817320929703e-13,1.9047583745579894e-12,2.2804564843033765e-07,2.838390499506269e-07,0.2039455624797259,0.2688878447082982,6.2011372166042955e-15,1.4979140007060734e-14,6.700653505172787e-13,1.6680056278623248e-12,5.205419592233576e-12,5.343713709652509e-12,7.188646228241935e-06,7.9099399629341e-06,0.015289950249002397,0.017952060332921654,0.2556058316291678,0.5239701062815619,0.032376469621166123,0.10427822607999188,1.266209104607201e-07,2.689029407206537e-07,2.6934943701504007e-06,5.9188344887455e-06,1.6698617646907421e-06,3.91582053998633e-06,4.561905515689864e-05,9.366206360272008e-05,1.307849238369019e-08,2.7816714019184484e-08,2.9748045556109737e-06,6.546580451796781e-06,8.474473142372784e-11,2.5446396093369705e-10,1.97256030056311e-18,2.0220787273017283e-18,9.780805278237265e-12,1.1469410290575932e-11,6.710868109209086e-12,1.425373514450379e-11,2.4164228553750878e-15,4.601182798283218e-15,1.3221507322278546e-08,2.6150824470263842e-08,4.658780716025267e-19,1.3990337218491644e-18,0.006358082372194103,0.013035386657204473,3.42027143243638e-31,9.999999999998748e-31,1.4439725917205366e-09,4.660050658785557e-09,5.774562814801474e-11,1.8191330550834344e-10
0.74,1401.1524950711673,5.005788380387979,0.1751765368557058,5.865497411730921,0.48636959725834505,0.07176067713623896,1.1262358358196028e-05,8.30843936885552e-07,4.256867720743144e-12,4.984396405105965e-12,8.11754851473226e-13,1.9009789492843923e-12,2.2779094822109881e-07,2.8352656405604433e-07,0.20393313540701152,0.2688757554524278,6.1886737160915324e-15,1.4949272629014213e-14,6.690943906240278e-13,1.6656152062607035e-12,5.1929384601041495e-12,5.3309861431481874e-12,7.178901240671905e-06,7.899343366090123e-06,0.01528186249603459,0.017942851048764287,0.25560864637099606,0.5239842462730335,0.032377089149718326,0.10428188723569909,1.2655627283025788e-07,2.6876996402145886e-07,2.6936452614507644e-06,5.919260618682038e-06,1.6681045633170267e-06,3.911762393988968e-06,4.553247455676729e-05,9.348579529305867e-05,1.305098209613198e-08,2.775864565496302e-08,2.9707943031670664e-06,6.537859620574664e-06,8.458119554856109e-11,2.539769668899962e-10,1.971784288762213e-18,2.021315522844746e-18,9.77296283322762e-12,1.1460396954252202e-11,6.70489361689001e-12,1.4241272942240699e-11,2.413670173575402e-15,4.596014750552601e-15,1.3221303813695946e-08,2.6150839678431246e-08,4.653758117274205e-19,1.3975477575515521e-18,0.006357980809563663,0.013035386657216501,3.4202167977583072e-31,9.999999999998745e-31,1.4408794870284696e-09,4.65014273822565e-09,5.766257115136145e-11,1.8165455671334922e-10
0.741,1401.068139192921,5.005960819737101,0.17517050258394765,5.871206135432965,0.486386852991178,0.07176436677643654,1.1253427209145786e-05,8.301983007584672e-07,4.248732055017244e-12,4.974949579795397e-12,8.10133229430058e-13,1.897211646741511e-12,2.2753683981680349e-07,2.8321479414909085e-07,0.20392073460832538,0.26886369034370516,6.176250488045914e-15,1.4919501018990308e-14,6.681260422372591e-13,1.663231146835134e-12,5.180503445245365e-12,5.318305314065555e-12,7.169183202889967e-06,7.888775788934928e-06,0.015273793626377817,0.01793366296791476,0.2556114514209609,0.5239983471479311,0.03237771024032876,0.10428554961890611,1.2649173607358362e-07,2.6863718720518814e-07,2.6937958492887713e-06,5.9196858728104e-06,1.6663519421968858e-06,3.907714712448682e-06,4.544619203535181e-05,9.331012985909047e-05,1.3023570773983107e-08,2.7700784890875546e-08,2.9667962028204654e-06,6.529165008945407e-06,8.441819373656855e-11,2.534915514460255e-10,1.9710087393325523e-18,2.0205526920334956e-18,9.765136769258402e-12,1.1451402109194393e-11,6.698931253978038e-12,1.4228835570296614e-11,2.4109238534118844e-15,4.590858478880688e-15,1.3221100786152631e-08,2.6150854855397242e-08,4.648746118171895e-19,1.3960648764736078e-18,0.006357879485963539,0.013035386657228507,3.420162291664379e-31,9.999999999998738e-31,1.4377981331518033e-09,4.640272250616465e-09,5.757976186835423e-11,1.8139657321737215e-10
0.742,1400.983888263745,5.006133150156701,0.1751644725393391,5.876915055658072,0.48640407123687657,0.07176804831478376,1.1244513090747911e-05,8.295538694000885e-07,4.240621564033573e-12,4.965531745600889e-12,8.08516840191491e-13,1.8934564078408695e-12,2.2728332075771354e-07,2.8290373727664385e-07,0.20390835998626583,0.2688516492934393,6.1638673353967475e-15,1.4889824710930558e-14,6.671602937202367e-13,1.6608534214196874e-12,5.168114304193926e-12,5.305670976860478e-12,7.159491995844732e-06,7.878237104135442e-06,0.015265743571150531,0.017924496014026153,0.2556142468144947,0.5240124090479698,0.03237833288770465,0.10428921322664751,1.2642729982458858e-07,2.685046095560061e-07,2.693946134724269e-06,5.9201102541893496e-06,1.6646038818808521e-06,3.903677451251588e-06,4.536020609074488e-05,9.313506427858e-05,1.2996257903483235e-08,2.7643130654428544e-08,2.9628101992074363e-06,6.5204964982024285e-06,8.42557233766778e-11,2.530077069263613e-10,1.970233650212634e-18,2.019790233138133e-18,9.757327019374234e-12,1.1442425680366465e-11,6.692980972927643e-12,1.4216422932239006e-11,2.4081838686136102e-15,4.585713935021229e-15,1.322089823788402e-08,2.6150870001288356e-08,4.643744677279501e-19,1.3945850666783554e-18,0.0063577784005136315,0.013035386657240508,3.420107913681156e-31,9.999999999998741e-31,1.4347284670634818e-09,4.630438996088622e-09,5.7497199121748844e-11,1.8113935140238095e-10
0.743,1400.8997419044204,5.006305372042678,0.1751584467071984,5.882624172282472,0.48642125213286513,0.0717717217806396,1.1235615937847263e-05,8.289106382475937e-07,4.232536128199986e-12,4.956142765608072e-12,8.069056581497064e-13,1.889713173868473e-12,2.2703038859980176e-07,2.8259339050440553e-07,0.20389601144457273,0.2688396322142266,6.151524062333836e-15,1.4860243241742877e-14,6.661971335178877e-13,1.6584820020459623e-12,5.155770795215011e-12,5.293082887726302e-12,7.149827501237939e-06,7.867727185161046e-06,0.01525771226183452,0.017915350111150145,0.2556170325874577,0.5240264321153777,0.032378957085963105,0.10429287805398103,1.2636296371996525e-07,2.683722303636631e-07,2.694096118815244e-06,5.920533765869777e-06,1.662860363066126e-06,3.899650566617471e-06,4.527451523269778e-05,9.296059555273642e-05,1.2969042974858855e-08,2.7585681881441398e-08,2.9588362373853153e-06,6.511853970542766e-06,8.409378187539048e-11,2.5252542570705506e-10,1.969459019325952e-18,2.019028144411307e-18,9.749533518699494e-12,1.1433467595148936e-11,6.68704272648056e-12,1.420403493221637e-11,2.4054501930705496e-15,4.580581071022397e-15,1.3220696167133367e-08,2.615088511622716e-08,4.638753753672356e-19,1.3931083163799244e-18,0.006357677552338534,0.013035386657252438,3.4200536633377285e-31,9.999999999998726e-31,1.4316704262452272e-09,4.620642776384807e-09,5.741488174249341e-11,1.808828876754751e-10
0.744,1400.815699738077,5.006477485787762,0.17515242507295928,5.888333485182841,0.4864383958164037,0.07177538720329323,1.1226735685631078e-05,8.282686027619151e-07,4.224475628668058e-12,4.946782503749586e-12,8.052996578723881e-13,1.885981886511518e-12,2.2677804091257268e-07,2.8228375091420373e-07,0.20388368888694114,0.2688276390183948,6.139220474384051e-15,1.4830756151487618e-14,6.652365501390657e-13,1.6561168608990247e-12,5.143472678211343e-12,5.280540804500994e-12,7.140189601461025e-06,7.857245906214195e-06,0.015249699630265762,0.017906225183726924,0.25561980877497975,0.5240404164905362,0.032379582829796215,0.10429654409774342,1.262987273976885e-07,2.6824004892027916e-07,2.694245802611335e-06,5.920956410880626e-06,1.661121366536067e-06,3.895634014958061e-06,4.518911797944986e-05,9.278672069971073e-05,1.2941925481387538e-08,2.7528437514058416e-08,2.9548742626802474e-06,6.503237308732353e-06,8.393236665573577e-11,2.5204470021250925e-10,1.9686848446357947e-18,2.018266424144408e-18,9.741756201220732e-12,1.1424527779566137e-11,6.681116467635548e-12,1.4191671474894581e-11,2.4027228008224147e-15,4.575459839205751e-15,1.3220494572154564e-08,2.615090020033865e-08,4.633773306429948e-19,1.3916346137904522e-18,0.006357576940567485,0.013035386657264449,3.4199995401656682e-31,9.99999999999878e-31,1.4286239485529091e-09,4.6108833944256836e-09,5.733280856865621e-11,1.8062717846551785e-10
0.745,1400.7317613896826,5.006649491783115,0.17514640762211464,5.894042994236304,0.48645550242385244,0.07177904461185432,1.12178722696075e-05,8.276277584261511e-07,4.216439947331124e-12,4.937450824802905e-12,8.036988140899767e-13,1.8822624878285934e-12,2.2652627527915574e-07,2.8197481560410816e-07,0.20387139221774764,0.2688156696189568,6.126956378298823e-15,1.4801362983106217e-14,6.642785321602675e-13,1.6537579703266746e-12,5.131219714706025e-12,5.268044486649769e-12,7.1305781795928025e-06,7.846793142227926e-06,0.01524170560863864,0.017897121156590024,0.25562257541217465,0.5240543623134375,0.03238021011375446,0.10430021135424068,1.2623459049733726e-07,2.681080645210239e-07,2.694395187157716e-06,5.921378192237323e-06,1.6593868731783562e-06,3.8916277529196415e-06,4.510401285850123e-05,9.261343675618489e-05,1.2914904919605332e-08,2.7471396501190916e-08,2.950924220727632e-06,6.49464639619509e-06,8.377147515730376e-11,2.5156552291558417e-10,1.967911124121316e-18,2.017505070643012e-18,9.733995001897978e-12,1.1415606160762059e-11,6.675202149632851e-12,1.417933246542385e-11,2.4000016660521713e-15,4.570350192153894e-15,1.3220293451209997e-08,2.6150915253745557e-08,4.628803294767584e-19,1.3901639471596165e-18,0.006357476564334216,0.013035386657276393,3.419945543698975e-31,9.999999999998792e-31,1.425588972251012e-09,4.601160654421314e-09,5.7250978445640555e-11,1.803722202238152e-10
0.746,1400.647926485588,5.006821390419669,0.1751403943401699,5.89975269932043,0.48647257209002787,0.07178269403515816,1.1209025625779482e-05,8.26988100758404e-07,4.208428966969261e-12,4.928147594560308e-12,8.021031016978265e-13,1.8785549202548198e-12,2.262750893003681e-07,2.8166658169349244e-07,0.20385912134270087,0.2688037239304689,6.114731582133736e-15,1.4772063282614115e-14,6.633230682520604e-13,1.6514053029052817e-12,5.119011668010264e-12,5.255593695437627e-12,7.1209931195187545e-06,7.836368768997326e-06,0.015233730129503322,0.017888037954963333,0.25562533253477876,0.5240682697249933,0.032380838931601603,0.10430387981717036,1.2617055266255665e-07,2.6797627646934804e-07,2.694544273499209e-06,5.921799112950822e-06,1.6576568640657328e-06,3.887631737572457e-06,4.501919841111108e-05,9.244074078661258e-05,1.288798079066005e-08,2.7414557801397342e-08,2.946986057687125e-06,6.4860811174862186e-06,8.36111048377265e-11,2.5108788634205634e-10,1.9671378557207648e-18,2.0167440821686863e-18,9.726249858257308e-12,1.1406702668868263e-11,6.669299726054577e-12,1.4167017809652082e-11,2.3972867631228543e-15,4.5652520827806544e-15,1.3220092802569182e-08,2.6150930276565675e-08,4.623843678807767e-19,1.3886963050063257e-18,0.006357376422777164,0.01303538665728829,3.419891673474189e-31,9.999999999998806e-31,1.4225654361970582e-09,4.59147436246668e-09,5.7169390227649796e-11,1.80118009428737e-10
0.747,1400.564194654628,5.00699318208474,0.17513438521276137,5.905462600313232,0.4864896049498384,0.07178633550200851,1.1200195690460313e-05,8.26349625298197e-07,4.200442571061377e-12,4.9188726796091444e-12,8.005124957650907e-13,1.8748591266227784e-12,2.260244805895004e-07,2.8135904631655443e-07,0.20384687616720612,0.2687918018668806,6.1025458952538496e-15,1.4742856599114616e-14,6.623701471419766e-13,1.6490588313474887e-12,5.1068483029993606e-12,5.243188193699811e-12,7.11143430577751e-06,7.82597266301095e-06,0.015225773125758927,0.01787897550445365,0.25562808017755434,0.5240821388637733,0.032381469277925075,0.10430754948281079,1.2610661353777063e-07,2.678446840700083e-07,2.6946930626709304e-06,5.92221917600718e-06,1.6559313203374363e-06,3.8836459261328295e-06,4.493467318589118e-05,9.226862987007098e-05,1.2861152598396336e-08,2.7357920378812063e-08,2.9430597199359777e-06,6.477541357617714e-06,8.345125317047626e-11,2.506117830640231e-10,1.9663650374266643e-18,2.0159834570366174e-18,9.7185207060259e-12,1.1397817231885279e-11,6.6634091507210015e-12,1.4154727413905114e-11,2.394578066538357e-15,4.5601654642566e-15,1.3219892624512823e-08,2.6150945268920546e-08,4.618894418517585e-19,1.387231675799641e-18,0.006357276515039228,0.013035386657300104,3.419837929030236e-31,9.999999999998782e-31,1.4195532795745285e-09,4.581824325680039e-09,5.708804277554965e-11,1.7986454257899116e-10
0.748,1400.480565528268,5.007164867161428,0.1751283802256771,5.911172697093156,0.4865066011385331,0.07178996904121637,1.1191382400127876e-05,8.257123275957536e-07,4.192480643671184e-12,4.9096259471986224e-12,7.989269715248506e-13,1.871175050139532e-12,2.2577444676921264e-07,2.810522066184648e-07,0.20383465659612296,0.2687799033412231,6.0903991282254486e-15,1.4713742484538427e-14,6.614197575953687e-13,1.6467185284546342e-12,5.094729385977307e-12,5.230827745703261e-12,7.101901623466476e-06,7.81560470134738e-06,0.01521783453064955,0.01786993373104662,0.2556308183740646,0.5240959698655593,0.0323821011483621,0.10431122035075309,1.260427727663715e-07,2.6771328662523156e-07,2.6948415556966953e-06,5.922638384364216e-06,1.6542102231446096e-06,3.879670275835277e-06,4.485043573555965e-05,9.209710109360123e-05,1.2834419848375986e-08,2.7301483201063565e-08,2.939145153917616e-06,6.469027001725356e-06,8.32919176436314e-11,2.501372056962138e-10,1.9655926673176926e-18,2.015223193648362e-18,9.710807478525477e-12,1.1388949774971489e-11,6.657530377605148e-12,1.414246118480583e-11,2.3918755509128656e-15,4.555090289951027e-15,1.3219692915333062e-08,2.6150960230936652e-08,4.613955473173583e-19,1.3857700477981074e-18,0.006357176840267681,0.013035386657311963,3.4197843099083893e-31,9.999999999998783e-31,1.4165524417605581e-09,4.572210351776266e-09,5.70069349557167e-11,1.7961181619000615e-10
0.749,1400.3970387382487,5.007336446035999,0.1751223793645989,5.916882989539092,0.48652356078832504,0.07179359468109678,1.1182585691856619e-05,8.250762032438161e-07,4.1845430698452665e-12,4.900407265705818e-12,7.973465043576789e-13,1.8675026343480737e-12,2.2552498548287088e-07,2.807460597694641e-07,0.20382246253713496,0.26876802827003404,6.07829109280666e-15,1.4684720493620566e-14,6.604718884961199e-13,1.6443843673176156e-12,5.082654685108309e-12,5.218512117589612e-12,7.092394958563159e-06,7.805264762028459e-06,0.015209914277771791,0.017860912561114484,0.2556335471599752,0.5241097628700777,0.03238273453628135,0.10431489241320448,1.2597902999817406e-07,2.6758208345052936e-07,2.6949897536084327e-06,5.923056740993763e-06,1.6524935539083622e-06,3.875704744537544e-06,4.476648463098356e-05,9.192615158104081e-05,1.2807782052044922e-08,2.7245245248137755e-08,2.935242306816182e-06,6.460537936553059e-06,8.31330957641874e-11,2.4966414690892906e-10,1.96482074335514e-18,2.014463290283035e-18,9.703110115608005e-12,1.138010023092222e-11,6.651663361073787e-12,1.4130219029785235e-11,2.3891791910576503e-15,4.5500265135970094e-15,1.321949367332518e-08,2.615097516272723e-08,4.609026803745738e-19,1.3843114097656721e-18,0.006357077397614438,0.013035386657323783,3.419730815652435e-31,9.99999999999877e-31,1.413562862908251e-09,4.5626322509462966e-09,5.692606564464094e-11,1.7935982680842383e-10
0.75,1400.3136139195376,5.007507919088688,0.17511638261542364,5.922593477530362,0.4865404840326295,0.07179721245009957,1.1173805502938404e-05,8.244412478497454e-07,4.176629735222827e-12,4.891216504179224e-12,7.957710698230328e-13,1.863841823201078e-12,2.2527609438345447e-07,2.804406029510799e-07,0.20381029389651958,0.2687561765678004,6.066221602086732e-15,1.4655790184238617e-14,6.595265287637482e-13,1.6420563211106754e-12,5.07062396999071e-12,5.2062410769384594e-12,7.082914197613552e-06,7.79495272367715e-06,0.015202012301061826,0.017851911921402352,0.25563626656890587,0.5241235180125335,0.03238336943695349,0.10431856566843066,1.259153848819268e-07,2.6745107385881396e-07,2.6951376574224098e-06,5.923474248829869e-06,1.6507812940483184e-06,3.871749290084331e-06,4.4682818446669016e-05,9.175577846324027e-05,1.2781238722440324e-08,2.718920550324981e-08,2.9313511258577666e-06,6.452074048915585e-06,8.297478505359572e-11,2.491925994146727e-10,1.9640492636104925e-18,2.0137037453307936e-18,9.695428552645214e-12,1.137126852725772e-11,6.645808055681098e-12,1.4118000856645422e-11,2.3864889619052928e-15,4.5449740891475074e-15,1.3219294896797897e-08,2.6150990064414623e-08,4.604108370427195e-19,1.382855750229898e-18,0.006356978186235716,0.013035386657335604,3.4196774458084672e-31,9.999999999998766e-31,1.4105844833406301e-09,4.55308983390162e-09,5.6845433724167503e-11,1.7910857099712686e-10
0.751,1400.2302907088215,5.007679286698152,0.1751103899641078,5.92830416094672,0.4865573710041142,0.07180082237652234,1.116504177111446e-05,8.238074570526474e-07,4.168740526255028e-12,4.882053532595842e-12,7.942006436457024e-13,1.860192561029255e-12,2.2502777113972474e-07,2.8013583336381277e-07,0.20379815058110815,0.26874434814954556,6.0541904704571e-15,1.4626951117343574e-14,6.585836673987473e-13,1.639734363204339e-12,5.058637011891062e-12,5.194014393008038e-12,7.073459227901066e-06,7.784668465703682e-06,0.015194128534776275,0.017842931739006033,0.25563897663439555,0.5241372354276449,0.032384005845584936,0.10432224011442312,1.2585183706949153e-07,2.673202571692795e-07,2.695285268151002e-06,5.923890910794714e-06,1.6490734251295955e-06,3.867803870652089e-06,4.4599435768693216e-05,9.158597889435544e-05,1.2754789376548132e-08,2.7133362957860616e-08,2.927471558690981e-06,6.443635226536386e-06,8.281698305002381e-11,2.487225559749512e-10,1.96327822614664e-18,2.0129445571710707e-18,9.687762724539047e-12,1.136245459092661e-11,6.6399644162961564e-12,1.4105806573830643e-11,2.3838048385556932e-15,4.539932970863106e-15,1.3219096584069145e-08,2.615100493612218e-08,4.599200134080042e-19,1.3814030579162166e-18,0.006356879205291886,0.013035386657347372,3.41962419992483e-31,9.999999999998773e-31,1.407617243880364e-09,4.543582912938812e-09,5.6765038083994724e-11,1.7885804534311585e-10
0.752,1400.1470687430415,5.007850549246446,0.1751044013964932,5.934015039668355,0.4865742218321746,0.07180442448812921,1.1156294434356126e-05,8.231748265071058e-07,4.1608753300948724e-12,4.8729182217318235e-12,7.926352016655453e-13,1.8565547924234712e-12,2.2478001343387172e-07,2.798317482241776e-07,0.20378603250077498,0.2687325429340798,6.042197513128508e-15,1.4598202855792056e-14,6.576432934775582e-13,1.6374184671527375e-12,5.046693583578645e-12,5.1818318365650046e-12,7.064029937365579e-06,7.774411868215713e-06,0.015186262913556783,0.017833971941445852,0.2556416773922714,0.5241509152544371,0.03238464375492067,0.10432591574116426,1.2578838621517094e-07,2.671896327059431e-07,2.695432586814031e-06,5.924306729822812e-06,1.6473699288715563e-06,3.863868444769165e-06,4.451633519416547e-05,9.141675005073393e-05,1.2728433535039778e-08,2.707771661111491e-08,2.9236035533797765e-06,6.435221358031194e-06,8.265968730772142e-11,2.482540093983508e-10,1.962507628965397e-18,2.0121857241185314e-18,9.68011257526211e-12,1.135365835949444e-11,6.634132397963524e-12,1.4093636090129611e-11,2.381126796226447e-15,4.534903113217029e-15,1.3218898733458008e-08,2.615101977795518e-08,4.594302055999434e-19,1.3799533216769452e-18,0.006356780453948319,0.013035386657359137,3.419571077552524e-31,9.999999999998776e-31,1.4046610858375418e-09,4.534111301899807e-09,5.668487762150226e-11,1.7860824645695088e-10
0.753,1400.0639476622896,5.0080217071097,0.17509841689863312,5.939726113575888,0.4865910366474709,0.07180801881282987,1.1147563431255602e-05,8.22543351912129e-07,4.153034034775706e-12,4.863810443372346e-12,7.910747199279883e-13,1.8529284624470473e-12,2.2453281896561575e-07,2.7952834476985145e-07,0.20377393956394144,0.2687207608381072,6.030242546986105e-15,1.4569544966414762e-14,6.56705396159027e-13,1.635108606709947e-12,5.034793459586502e-12,5.169693180153463e-12,7.054626214750436e-06,7.764182812181307e-06,0.015178415372355605,0.01782503245658175,0.2556443688762928,0.5241645576273806,0.03238528315963591,0.1043295925447883,1.257250319767818e-07,2.670591997999613e-07,2.695579614417254e-06,5.924721708814516e-06,1.64567078712553e-06,3.859942971264122e-06,4.443351533170421e-05,9.12480891319109e-05,1.2702170722574168e-08,2.702226547048876e-08,2.919747058400496e-06,6.426832332902564e-06,8.250289539799242e-11,2.477869525434992e-10,1.9617374701070057e-18,2.0114272445253605e-18,9.672478042780661e-12,1.1344879763462208e-11,6.6283119561533525e-12,1.4081489315208863e-11,2.378454810340948e-15,4.529884471063613e-15,1.3218701343298154e-08,2.6151034590030874e-08,4.589414098148803e-19,1.3785065305621414e-18,0.006356681931374465,0.013035386657370881,3.4195180782447737e-31,9.999999999998797e-31,1.4017159510083894e-09,4.524674816168625e-09,5.6604951241969715e-11,1.7835917097346938e-10
0.754,1399.9809271100867,5.008192760657163,0.17509243645682565,5.945437382550356,0.48660781558227345,0.07181160537873205,1.1138848700205792e-05,8.219130289506597e-07,4.145216528593815e-12,4.85473006958883e-12,7.895191746271838e-13,1.849313516502735e-12,2.242861854354319e-07,2.7922562023879885e-07,0.20376187167721768,0.2687090017757593,6.018325389887294e-15,1.454097701832099e-14,6.557699645847858e-13,1.6328047555820197e-12,5.0229364154667454e-12,5.157598197330727e-12,7.045247949091129e-06,7.753981178866537e-06,0.015170585846460067,0.017816113212642485,0.2556470511178083,0.5241781626756987,0.0323859240566798,0.1043332705286914,1.2566177400614094e-07,2.6692895776942794e-07,2.6957263519473922e-06,5.925135850625222e-06,1.643975981591711e-06,3.856027408601862e-06,4.435097478470839e-05,9.107999332626112e-05,1.2676000462703515e-08,2.6967008540954212e-08,2.915902021857551e-06,6.418468039813734e-06,8.234660490302495e-11,2.473213783005501e-10,1.9609677478073162e-18,2.010669116942477e-18,9.664859059585732e-12,1.1336118726889108e-11,6.622503046274729e-12,1.4069366158579324e-11,2.3757888563534594e-15,4.524876999305304e-15,1.3218504411936995e-08,2.615104937247737e-08,4.584536220249088e-19,1.3770626729453493e-18,0.006356583636743725,0.013035386657382556,3.419465201556913e-31,9.99999999999878e-31,1.398781781000615e-09,4.515273270493944e-09,5.652525785291782e-11,1.7811081553396383e-10
0.755,1399.8980067292164,5.008363710264165,0.17508646005716044,5.951148846473229,0.48662455876462096,0.07181518421327247,1.1130150180395546e-05,8.212838533629373e-07,4.1374227009765585e-12,4.845676973755347e-12,7.879685420937827e-13,1.84570990030397e-12,2.2404011056908553e-07,2.789235718997944e-07,0.20374982875124945,0.2686972656662794,6.006445860863943e-15,1.4512498583386338e-14,6.548369880477287e-13,1.6305068878463462e-12,5.011122228751952e-12,5.145546663654276e-12,7.0358950304180555e-06,7.743806850608334e-06,0.015162774271484922,0.017807214138215077,0.25564972415150644,0.5241917305351091,0.032386566439503224,0.10433694968492621,1.2559861196482276e-07,2.667989059528204e-07,2.6958728004071182e-06,5.925549158141682e-06,1.6422854943487258e-06,3.852121716125413e-06,4.4268712180512436e-05,9.091245987086559e-05,1.2649922286556853e-08,2.6911944843450933e-08,2.9120683928815095e-06,6.410128369665554e-06,8.219081342498387e-11,2.4685727961847684e-10,1.9601984600971865e-18,2.0099113397086014e-18,9.657255567329073e-12,1.1327375184558098e-11,6.6167056242418416e-12,1.405726653079789e-11,2.373128909952189e-15,4.5198806532790655e-15,1.3218307937722356e-08,2.6151064125404774e-08,4.579668384803836e-19,1.3756217380328478e-18,0.006356485569234142,0.013035386657394225,3.4194124470467777e-31,9.999999999998775e-31,1.3958585184328455e-09,4.5059064828606026e-09,5.644579637361669e-11,1.7786317681612908e-10
0.756,1399.815186165673,5.008534556299912,0.17508048768594536,5.956860505226395,0.4866412663238092,0.07181875534403215,1.1121467811112508e-05,8.206558208951254e-07,4.129652441834256e-12,4.836651029790121e-12,7.864227988225409e-13,1.8421175599397484e-12,2.2379459209928425e-07,2.786221970296053e-07,0.20373781069522384,0.2686855524267974,5.99460378013363e-15,1.4484109236281547e-14,6.539064558609864e-13,1.6282149776255775e-12,4.999350678243923e-12,5.133538355952128e-12,7.026567349239069e-06,7.733659710245733e-06,0.015154980583379414,0.017798335162254517,0.2556523880099952,0.5242052613367468,0.032387210303495916,0.10434063001172547,1.255355455120314e-07,2.666690436832599e-07,2.6960189607829624e-06,5.925961634211908e-06,1.6405993074342725e-06,3.8482258530726554e-06,4.418672614754891e-05,9.074548600462375e-05,1.2623935726063492e-08,2.6857073400473333e-08,2.908246120531713e-06,6.401813213181608e-06,8.203551857904555e-11,2.463946494841813e-10,1.959429605137038e-18,2.0091539112934346e-18,9.649667503764575e-12,1.1318649066660479e-11,6.61091964608298e-12,1.4045190342637944e-11,2.370474946918324e-15,4.514895388488296e-15,1.3218111919014444e-08,2.61510788489308e-08,4.574810553171155e-19,1.3741837146839181e-18,0.006356387728027811,0.013035386657405834,3.4193598142743803e-31,9.999999999998731e-31,1.3929461059899858e-09,4.4965742714409355e-09,5.636656572767736e-11,1.7761625151073646e-10
0.757,1399.7324650661876,5.008705299135079,0.1750745193294411,5.9625723586921655,0.4866579383869665,0.0718223187982285,1.111280153217648e-05,8.200289273312683e-07,4.121905641959957e-12,4.827652112623734e-12,7.848819214538799e-13,1.8385364418314403e-12,2.2354962777706708e-07,2.7832149292716505e-07,0.2037258174203005,0.26867386197684573,5.982798969084604e-15,1.445580855443623e-14,6.529783574393443e-13,1.6259289992903309e-12,4.987621544446784e-12,5.121573052767675e-12,7.017264796860191e-06,7.723539641472757e-06,0.015147204718421174,0.0177894762140761,0.2556550427271902,0.5242187552140947,0.03238785564258565,0.10434431150254234,1.254725743121681e-07,2.6653937030457737e-07,2.6961648340653044e-06,5.926373281688903e-06,1.6389174031064316e-06,3.844339779189179e-06,4.4105015329558144e-05,9.057906899743538e-05,1.2598040318164338e-08,2.6802393245030168e-08,2.9044351544808974e-06,6.393522462415123e-06,8.188071799764635e-11,2.459334809352545e-10,1.9586611810077246e-18,2.008396830083164e-18,9.642094810619937e-12,1.1309940308028507e-11,6.605145068183352e-12,1.4033137505604883e-11,2.3678269432133407e-15,4.509921160769036e-15,1.3217916354178637e-08,2.615109354316559e-08,4.569962688023861e-19,1.3727485921497775e-18,0.00635629011231124,0.013035386657417504,3.4193073028021137e-31,9.999999999998754e-31,1.3900444870103584e-09,4.487276456490145e-09,5.628756484762204e-11,1.7737003633603323e-10
0.758,1399.6498430794313,5.00887593913817,0.17506855497398843,5.9682844067532725,0.4866745750807229,0.07182587460296197,1.1104151283762162e-05,8.19403168480222e-07,4.114182192851733e-12,4.8186800979912015e-12,7.833458867839043e-13,1.8349664927563412e-12,2.2330521536684006e-07,2.7802145690739854e-07,0.20371384883793778,0.2686621942361533,5.971031250300221e-15,1.4427596118098588e-14,6.520526822629479e-13,1.6236489273688664e-12,4.975934609366612e-12,5.109650534154265e-12,7.0079872652438925e-06,7.713446528682638e-06,0.015139446613216973,0.017780637223356533,0.25565768833666286,0.5242322122995984,0.03238850245090022,0.10434799415140517,1.2540969803154356e-07,2.664098851643334e-07,2.6963104212388386e-06,5.92678410340973e-06,1.6372397637272844e-06,3.84046345445538e-06,4.402357837925368e-05,9.041320613719601e-05,1.2572235602930389e-08,2.6747903416643262e-08,2.9006354447111914e-06,6.385256010080008e-06,8.17264093284843e-11,2.45473767053986e-10,1.9578931858061577e-18,2.007640094478525e-18,9.634537429654771e-12,1.1301248843512081e-11,6.599381847186332e-12,1.402110793172655e-11,2.3651848749427502e-15,4.504957926221013e-15,1.3217721241589056e-08,2.615110820821896e-08,4.565124752276701e-19,1.3713163597513748e-18,0.006356192721275127,0.01303538665742914,3.419254912194621e-31,9.999999999998764e-31,1.3871536052224476e-09,4.478012859496784e-09,5.620879267282347e-11,1.7712452803125516e-10
0.759,1399.567319857952,5.009046476669412,0.1750625946062213,5.973996649292859,0.48669117653395133,0.07182942278562493,1.1095517005865346e-05,8.187785401363198e-07,4.1064819862533625e-12,4.809734861894455e-12,7.818146717628386e-13,1.8314076598441897e-12,2.2306135263350075e-07,2.777220862852122e-07,0.20370190485715173,0.2686505491210469,5.959300447391068e-15,1.4399471509931182e-14,6.511294197906752e-13,1.6213747363315093e-12,4.964289655985114e-12,5.097770581135306e-12,6.998734646632437e-06,7.703380256553878e-06,0.015131706204703112,0.017771818120135535,0.2556603248689605,0.5242456327192025,0.03238915072546227,0.10435167796160588,1.2534691633026442e-07,2.662805875965989e-07,2.696455723265817e-06,5.927194102159031e-06,1.635566371492511e-06,3.836596838452456e-06,4.394241394333224e-05,9.024789469901985e-05,1.2546521119092086e-08,2.6693602951838772e-08,2.8968469407969356e-06,6.377013747972602e-06,8.157259022959038e-11,2.4501550095258353e-10,1.9571256178439733e-18,2.0068837030986446e-18,9.626995295943323e-12,1.1292574600100028e-11,6.5936299396884255e-12,1.4009101532906117e-11,2.3625487182463215e-15,4.500005640998875e-15,1.3217526579634766e-08,2.6151122844214183e-08,4.560296706479309e-19,1.369887006096351e-18,0.006356095554114133,0.013035386657440742,3.4192026420186817e-31,9.99999999999878e-31,1.3842734041301158e-09,4.4687833011985795e-09,5.6130248144545765e-11,1.7687972334101393e-10
0.76,1399.4848950530331,5.009216912096417,0.17505663821251988,5.979709086194486,0.4867077428708711,0.07183296337288,1.1086898639608389e-05,8.181550381756691e-07,4.0988049152730215e-12,4.800816281912511e-12,7.802882534889236e-13,1.8278598905628464e-12,2.2281803737388895e-07,2.774233784146405e-07,0.20368998539143976,0.26863892655356847,5.9476063853441574e-15,1.4371434315854498e-14,6.502085596743243e-13,1.6191064011239398e-12,4.952686469511881e-12,5.085932976990208e-12,6.989506834451878e-06,7.693340711044986e-06,0.015123983430108345,0.017763018834771487,0.25566295235844977,0.5242590166063554,0.032389800459318475,0.10435536292355861,1.2528422888240955e-07,2.661514769648033e-07,2.696600741128979e-06,5.927603280763075e-06,1.6338972091034167e-06,3.8327398919386384e-06,4.38615206996503e-05,9.008313202158977e-05,1.2520896415117024e-08,2.663949090771529e-08,2.8930695936859383e-06,6.368795570892618e-06,8.141925838092917e-11,2.445586758080131e-10,1.9563584751461214e-18,2.0061276542667884e-18,9.619468353434189e-12,1.1283917515171006e-11,6.587889302982115e-12,1.3997118222499741e-11,2.35991844956359e-15,4.49506426181774e-15,1.3217332366704695e-08,2.615113745125683e-08,4.555478515354151e-19,1.3684605210429171e-18,0.0063559986100271545,0.013035386657452302,3.4191504918433484e-31,9.999999999998785e-31,1.3814038285380469e-09,4.459587606506872e-09,5.605193021799157e-11,1.7663561905325532e-10
0.761,1399.4025683195218,5.00938724577974,0.17505068577951485,5.985421717342127,0.48672427421724906,0.07183649639157498,1.1078296125732833e-05,8.17532658444922e-07,4.0911508731255264e-12,4.791924235728473e-12,7.787666091904148e-13,1.824323132676184e-12,2.2257526738181956e-07,2.771253306453134e-07,0.20367809035253326,0.26862732645323467,5.935948889912949e-15,1.4343484123573555e-14,6.492900915258346e-13,1.6168438965875882e-12,4.941124835951576e-12,5.074137505783303e-12,6.980303722299633e-06,7.683327778280271e-06,0.015116278227022198,0.0177542392980217,0.25566557083710106,0.5242723640892623,0.032390451647773204,0.10435904903488241,1.252216353540238e-07,2.6602255261498646e-07,2.6967454757909207e-06,5.928011642000416e-06,1.6322322590489278e-06,3.828892575165004e-06,4.378089731698474e-05,8.991891542451893e-05,1.2495361037169063e-08,2.6585566336327413e-08,2.8893033537809748e-06,6.360601372419991e-06,8.126641147155824e-11,2.4410328482343873e-10,1.9555917559651385e-18,2.005371946537699e-18,9.611956543224189e-12,1.127527752273901e-11,6.582159894190702e-12,1.3985157913478527e-11,2.3572940453245604e-15,4.490133745364118e-15,1.3217138601199605e-08,2.6151152029458326e-08,4.550670140670103e-19,1.3670368935591511e-18,0.006355901888217404,0.013035386657463885,3.4190984612399906e-31,9.999999999998818e-31,1.378544822905192e-09,4.450425599191389e-09,5.59738378492461e-11,1.763922119581209e-10
0.762,1399.320339315097,5.00955747807449,0.1750447372940312,5.99113454262016,0.4867407707001215,0.07184002186871002,1.1069709405502656e-05,8.169113968280296e-07,4.083519753798621e-12,4.783058601910636e-12,7.772497162803163e-13,1.820797334372588e-12,2.22333040466161e-07,2.7682794034500045e-07,0.20366621965072979,0.26861574873750643,5.924327788346289e-15,1.4315620524341447e-14,6.483740050271022e-13,1.6145871977333e-12,4.9296045428822495e-12,5.0623839531639565e-12,6.971125204476547e-06,7.673341345136507e-06,0.015108590533306002,0.01774547944094008,0.25566818033491534,0.5242856752918198,0.03239110428797783,0.10436273629909068,1.251591354138373e-07,2.6589381389860113e-07,2.6968899282010694e-06,5.928419188617914e-06,1.6305715039229254e-06,3.825054848620336e-06,4.370054247375571e-05,8.975524224681615e-05,1.2469914534793894e-08,2.6531828296786214e-08,2.885548171819004e-06,6.352431046851188e-06,8.111404720574798e-11,2.4364932124664096e-10,1.954825458597151e-18,2.0046165785091646e-18,9.604459799740695e-12,1.1266654548976144e-11,6.576441670799429e-12,1.3973220519558696e-11,2.3546754821375727e-15,4.4852140486543266e-15,1.3216945281534167e-08,2.6151166578943082e-08,4.545871544670078e-19,1.3656161127527907e-18,0.006355805387891552,0.013035386657475414,3.419046549781846e-31,9.99999999999882e-31,1.3756963320999222e-09,4.44129710431875e-09,5.589597000127551e-11,1.761494988668745e-10
0.763,1399.238207695837,5.009727609344387,0.1750387927425971,5.996847561913378,0.4867572324410856,0.07184353983043625,1.1061138420825581e-05,8.16291249255073e-07,4.0759114522979326e-12,4.774219260198826e-12,7.757375522739233e-13,1.8172824440715767e-12,2.2209135445864485e-07,2.7653120490929524e-07,0.20365437320157098,0.26860419333055396,5.9127429087490435e-15,1.428784311141273e-14,6.474602900018623e-13,1.6123362799201253e-12,4.918125379674206e-12,5.050672106590803e-12,6.961971176185695e-06,7.663381299460724e-06,0.015100920287151839,0.017736739194943694,0.2556707808864357,0.524298950346887,0.032391758372377746,0.10436642470446152,1.2509672873960865e-07,2.65765260185949e-07,2.697034099330868e-06,5.928825923407133e-06,1.628914926687119e-06,3.821226673647242e-06,4.362045487100491e-05,8.959210987353141e-05,1.2444556464635126e-08,2.6478275863163024e-08,2.881803999517452e-06,6.344284490621141e-06,8.096216330641807e-11,2.431967783803105e-10,1.9540595811129917e-18,2.003861548545978e-18,9.596978070602686e-12,1.1258048535508959e-11,6.570734590700445e-12,1.3961305955295095e-11,2.3520627368073065e-15,4.480305129068148e-15,1.321675240611947e-08,2.6151181099809808e-08,4.541082692245239e-19,1.3641981685242004e-18,0.006355709108260853,0.013035386657486903,3.418994757044627e-31,9.999999999998838e-31,1.3728583019495307e-09,4.432201950026034e-09,5.5818325648115833e-11,1.7590747662508018e-10
0.764,1399.156173120563,5.00989763994855,0.17503285211190542,6.002560775106983,0.48677365956227875,0.07184705030294107,1.105258311374191e-05,8.156722116645817e-07,4.068325864124983e-12,4.765406090893352e-12,7.742300948343054e-13,1.8137784105304852e-12,2.2185020719890345e-07,2.7623512174300123e-07,0.20364255091985095,0.268592660155366,5.9011940803049665e-15,1.4260151480583027e-14,6.465489363025766e-13,1.6100911185737488e-12,4.906687136930023e-12,5.0390017547571884e-12,6.952841533121739e-06,7.653447529618664e-06,0.015093267427092619,0.0177280184918254,0.25567337252481703,0.5243121893841457,0.03239241389466264,0.10437011424321287,1.250344150077198e-07,2.656368908440877e-07,2.6971779901393706e-06,5.929231849128956e-06,1.6272625102981774e-06,3.8174080115677e-06,4.3540633212398734e-05,8.942951569469318e-05,1.2419286384551369e-08,2.642490811197511e-08,2.878070788608604e-06,6.336161600177946e-06,8.081075750925587e-11,2.4274564956439973e-10,1.9532941216752693e-18,2.003106855105152e-18,9.589511302246432e-12,1.124945942255765e-11,6.565038611915763e-12,1.3949414135493259e-11,2.349455786234591e-15,4.4754069441582385e-15,1.3216559973376547e-08,2.615119559215929e-08,4.536303547458382e-19,1.362783050522064e-18,0.006355613048540874,0.01303538665749845,3.4189430826063316e-31,9.999999999998875e-31,1.3700306784088499e-09,4.423139964837209e-09,5.5740903768447536e-11,1.7566614209236499e-10
0.765,1399.0742352522193,5.0100675702367825,0.17502691538897852,6.008274182086576,0.4867900521887383,0.07185055331280481,1.1044043426385914e-05,8.150542800007843e-07,4.060762885192935e-12,4.756618974757025e-12,7.727273218014881e-13,1.8102851829131127e-12,2.216095965317167e-07,2.759396882567389e-07,0.20363075271728803,0.26858114913070974,5.889681133490049e-15,1.4232545230706798e-14,6.456399337862418e-13,1.6078516891264615e-12,4.895289606402495e-12,5.0273726875077315e-12,6.943736171393321e-06,7.643539924410399e-06,0.015085631891952573,0.01771931726369789,0.2556759552796151,0.5243253925256269,0.032393070852004865,0.10437380491872728,1.2497219389109722e-07,2.655087052324455e-07,2.697321601561568e-06,5.9296369684886e-06,1.6256142376171607e-06,3.8135988234710675e-06,4.34610761999988e-05,8.92674570966339e-05,1.2394103852406153e-08,2.6371724119614917e-08,2.874348490623779e-06,6.3280622715085404e-06,8.065982756144363e-11,2.4229592817233626e-10,1.9525290786331927e-18,2.0023524968334132e-18,9.582059431277956e-12,1.1240887138792746e-11,6.559353692581914e-12,1.3937544975178541e-11,2.3468546074096394e-15,4.4705194516378086e-15,1.3216367981743547e-08,2.6151210056111666e-08,4.531534072830796e-19,1.3613707479292925e-18,0.006355517207950603,0.013035386657509904,3.4188915260468366e-31,9.999999999998864e-31,1.3672134073825693e-09,4.414110977090148e-09,5.566370334415798e-11,1.7542549213791266e-10
0.766,1398.9923937541494,5.010237400561111,0.17502098256076493,6.01398778273816,0.48680641044314105,0.07185404888621857,1.1035519301250868e-05,8.144374502331093e-07,4.053222412139097e-12,4.7478577933809644e-12,7.712292111344455e-13,1.806802710653752e-12,2.2136952031639135e-07,2.7564490187860614e-07,0.20361897850777927,0.26856966017804046,5.878203899699986e-15,1.420502396279651e-14,6.44733272391223e-13,1.6056179672083989e-12,4.883932581296036e-12,5.0157846961477154e-12,6.934654987767559e-06,7.633658373338988e-06,0.015078013620861523,0.017710635443009125,0.255678529181949,0.5243385598962553,0.032393729239872694,0.10437749672883181,1.2491006506624718e-07,2.65380702717748e-07,2.697464934537657e-06,5.930041284199492e-06,1.6239700916772207e-06,3.8097990708418213e-06,4.338178254793876e-05,8.910593149007681e-05,1.2369008430045298e-08,2.6318722970811655e-08,2.870637057566986e-06,6.319986401621378e-06,8.050937122517471e-11,2.4184760762157424e-10,1.9517644502713544e-18,2.0015984723094274e-18,9.57462239862963e-12,1.1232331617941024e-11,6.5536797910847006e-12,1.3925698389881457e-11,2.344259177460368e-15,4.465642609472377e-15,1.321617642966299e-08,2.61512244917791e-08,4.52677423178382e-19,1.3599612501964003e-18,0.006355421585713164,0.013035386657521323,3.418840086948237e-31,9.999999999998864e-31,1.364406435296277e-09,4.405114816780057e-09,5.55867233646202e-11,1.7518552365393823e-10
0.767,1398.9106482904917,5.0104071312745235,0.1750150536141836,6.0197015769481395,0.4868227344463494,0.07185753704906611,1.1027010681431476e-05,8.138217183740976e-07,4.045704342485798e-12,4.739122429373307e-12,7.697357409364744e-13,1.8033309435167317e-12,2.211299764311423e-07,2.7535076005964223e-07,0.20360722820685964,0.2685581932207929,5.8667622115216585e-15,1.4177587280679463e-14,6.438289421603381e-13,1.6033899287050971e-12,4.872615856466214e-12,5.0042375736483714e-12,6.9255978798089815e-06,7.623802766763726e-06,0.015070412553245422,0.01770197296253166,0.2556810942639692,0.5243516916227686,0.032394389052561576,0.10438118966751149,1.2484802821558635e-07,2.652528826789757e-07,2.6976079900109866e-06,5.930444798978844e-06,1.6223300557446027e-06,3.806008715702802e-06,4.330275098623862e-05,8.894493631797626e-05,1.2343999684469918e-08,2.6265903761129116e-08,2.866936442092276e-06,6.3119338889371655e-06,8.035938627921539e-11,2.4140068137829884e-10,1.951000234788608e-18,2.0008447800221712e-18,9.56720014848076e-12,1.122379279751985e-11,6.5480168662051435e-12,1.3913874295948186e-11,2.3416694737040153e-15,4.460776375978245e-15,1.3215985315582055e-08,2.6151238899266875e-08,4.522023989281734e-19,1.3585545472347068e-18,0.0063553261810556025,0.013035386657532753,3.4187887648947157e-31,9.99999999999888e-31,1.3616097092462488e-09,4.396151316043419e-09,5.550996282800861e-11,1.7494623355984196e-10
0.768,1398.8289985277388,5.010576762726284,0.1750091285362873,6.0254155646033185,0.4868390243195213,0.07186101782723509,1.1018517510140688e-05,8.132070804437483e-07,4.038208574235069e-12,4.730412765884572e-12,7.682468894495989e-13,1.799869831583369e-12,2.2089096276178756e-07,2.75057260259755e-07,0.20359550172957974,0.2685467481815821,5.855355902544573e-15,1.4150234790542593e-14,6.429269331657481e-13,1.6011675495704755e-12,4.86133922795314e-12,4.992731114167929e-12,6.9165647455493105e-06,7.613972995536766e-06,0.01506282862884082,0.0176933297553797,0.25568365055675535,0.5243647878294053,0.032395050285306336,0.10438488373171483,1.2478608302032328e-07,2.6512524449224107e-07,2.697750768914512e-06,5.930847515517882e-06,1.6206941130862444e-06,3.802227720070059e-06,4.32239802478227e-05,8.87844690288561e-05,1.2319077183960049e-08,2.6213265588718732e-08,2.863246596883642e-06,6.303904631923805e-06,8.020987051462778e-11,2.4095514294458677e-10,1.9502364304650032e-18,2.0000914185421314e-18,9.559792623551049e-12,1.1215270613315926e-11,6.542364876841781e-12,1.3902072609950604e-11,2.3390854735478766e-15,4.455920709633453e-15,1.3215794637957722e-08,2.6151253278683473e-08,4.517283309564026e-19,1.3571506287350719e-18,0.006355230993208853,0.013035386657544145,3.4187375594725697e-31,9.999999999998896e-31,1.3588231764691299e-09,4.387220307446043e-09,5.54334207370422e-11,1.7470761878879777e-10
0.769,1398.7474441334243,5.010746295266011,0.17500320731412042,6.031129745590899,0.4868552801822133,0.07186449124633511,1.1010039730908457e-05,8.125935324841725e-07,4.0307350060544756e-12,4.7217286868253655e-12,7.667626350417279e-13,1.7964193252218998e-12,2.206524772071646e-07,2.7476439995446116e-07,0.20358379899240156,0.26853532498469673,5.8439848073168354e-15,1.4122966100826242e-14,6.420272355483183e-13,1.5989508059248498e-12,4.850102493178582e-12,4.9812651132541745e-12,6.907555483639515e-06,7.604168951170453e-06,0.015055261787700717,0.01768470575501562,0.25568619809218035,0.5243778486417129,0.03239571293240881,0.10438857891531797,1.2472422916416616e-07,2.6499778753866014e-07,2.6978932721818937e-06,5.931249436506064e-06,1.6190622470994093e-06,3.7984560462569213e-06,4.3145469075426784e-05,8.862452709099768e-05,1.2294240500104759e-08,2.6160807558639636e-08,2.8595674749909515e-06,6.295898529835935e-06,8.006082173681531e-11,2.4051098586455224e-10,1.949473035554579e-18,1.999338386411307e-18,9.552399769866795e-12,1.1206765004976607e-11,6.536723782120744e-12,1.3890293248919954e-11,2.3365071545284863e-15,4.451075569152368e-15,1.3215604395252063e-08,2.6151267630130593e-08,4.512552157355501e-19,1.35574948453142e-18,0.006355136021407978,0.013035386657555508,3.4186864702702994e-31,9.999999999998894e-31,1.3560467846268002e-09,4.378321624902861e-09,5.5357096101212754e-11,1.7446967629477518e-10
0.77,1398.6659847777019,5.010915729238684,0.17499728993489314,6.036844119798477,0.4868715021547189,0.07186795733204678,1.1001577287487348e-05,8.119810705526752e-07,4.023283537150749e-12,4.71307007671876e-12,7.652829562307279e-13,1.7929793751440348e-12,2.2041451767535742e-07,2.744721766302066e-07,0.20357211991087076,0.2685239235530432,5.832648761513583e-15,1.409578082263241e-14,6.411298394863379e-13,1.5967396739771469e-12,4.8389054508153644e-12,4.96983936771084e-12,6.8985699932480945e-06,7.594390525725901e-06,0.015047711970178063,0.017676100895231587,0.25568873690063026,0.5243908741819002,0.03239637698952759,0.10439227521650836,1.246624663305066e-07,2.6487051119838376e-07,2.698035500734674e-06,5.931650564603219e-06,1.617434441202718e-06,3.794693656618601e-06,4.3067216216017305e-05,8.846510798098436e-05,1.2269489206185016e-08,2.6108528779420135e-08,2.8558990295560113e-06,6.287915482112285e-06,7.991223776388752e-11,2.4006820371945617e-10,1.948710048388843e-18,1.998585682249449e-18,9.54502153022906e-12,1.1198275908347649e-11,6.531093541348896e-12,1.38785361302481e-11,2.3339344942940934e-15,4.446240913452588e-15,1.3215414585938255e-08,2.6151281953716456e-08,4.507830496915118e-19,1.3543511043150645e-18,0.006355041264891806,0.013035386657566855,3.418635496878444e-31,9.999999999998896e-31,1.3532804815724445e-09,4.369455102923069e-09,5.528098793496452e-11,1.7423240304681511e-10
0.771,1398.584620133343,5.011085064984413,0.1749913763859896,6.0425586871140355,0.48688769035829055,0.07187141611015742,1.0993130123849583e-05,8.113696907215786e-07,4.015854067260387e-12,4.704436820689615e-12,7.63807831685873e-13,1.789549932408502e-12,2.20177082083378e-07,2.741805877839845e-07,0.20356046439940817,0.26851254380788236,5.821347601946354e-15,1.4068678569748554e-14,6.40234735193665e-13,1.5945341300203825e-12,4.827747900770482e-12,4.958453675580723e-12,6.889608174045565e-06,7.584637611796371e-06,0.015040179116902114,0.017667515110122697,0.25569126701084033,0.5244038645685233,0.03239704245385308,0.10439597263835362,1.2460079420231076e-07,2.6474341485037886e-07,2.6981774554817304e-06,5.932050902438583e-06,1.6158106788287762e-06,3.7909405135351e-06,4.298922042053852e-05,8.830620918318868e-05,1.2244822877099192e-08,2.6056428362901234e-08,2.85224121379756e-06,6.279955388343001e-06,7.976411642640268e-11,2.39626790126951e-10,1.9479474673841755e-18,1.9978333047617493e-18,9.537657842827879e-12,1.1189803253847645e-11,6.525474114011921e-12,1.3866801171684213e-11,2.331367470602953e-15,4.441416701651941e-15,1.3215225208501392e-08,2.6151296249558517e-08,4.503118291987486e-19,1.3529554776201906e-18,0.006354946722902651,0.013035386657578188,3.418584638889412e-31,9.999999999998899e-31,1.3505242153405305e-09,4.360620576578134e-09,5.5205095257527434e-11,1.7399579602851586e-10
0.772,1398.5033498702546,5.011254302855677,0.17498546665436568,6.04827344742596,0.48690384490714894,0.07187486760537014,1.0984698184917577e-05,8.107593891320166e-07,4.008446497360825e-12,4.695828805297101e-12,7.623372401684406e-13,1.7861309482816417e-12,2.1994016837800468e-07,2.7388963094924516e-07,0.2035488323792776,0.2685011856792968,5.810081166310906e-15,1.4041658958036357e-14,6.39341913073177e-13,1.5923341508136152e-12,4.816629644941913e-12,4.947107836922444e-12,6.880669926788362e-06,7.574910103149026e-06,0.01503266316881548,0.017658948334127723,0.2556937884576912,0.5244168199323909,0.03239770931626625,0.10439967116351737,1.2453921247641122e-07,2.6461649790275363e-07,2.6983191373643037e-06,5.932450452708846e-06,1.614190943934908e-06,3.7871965806089174e-06,4.2911480470840485e-05,8.81478282450755e-05,1.2220241097262309e-08,2.600450544104287e-08,2.8485939823274897e-06,6.272018151166785e-06,7.961645557534883e-11,2.3918673876502734e-10,1.9471852906075975e-18,1.997081252293169e-18,9.530308662900556e-12,1.1181346991876294e-11,6.519865460173917e-12,1.3855088292181815e-11,2.3288060614677053e-15,4.436602893342886e-15,1.3215036261418921e-08,2.6151310517740584e-08,4.498415510623255e-19,1.3515625952719427e-18,0.006354852394687338,0.013035386657589526,3.4185338958980374e-31,9.999999999998915e-31,1.347777935256645e-09,4.351817885084779e-09,5.512941710161695e-11,1.7375985226542933e-10
0.773,1398.422173665348,5.011423443186758,0.17497956072761656,6.053988400623018,0.48691996592240366,0.07187831184337273,1.0976281415069175e-05,8.101501618837788e-07,4.001060728258249e-12,4.687245916881448e-12,7.608711606177763e-13,1.7827223744394646e-12,2.1970377449503887e-07,2.735993036452168e-07,0.2035372237646744,0.2684898490878937,5.798849293426595e-15,1.4014721606013514e-14,6.384513634217995e-13,1.5901397128476555e-12,4.805550485684842e-12,4.9358016522363856e-12,6.871755152173614e-06,7.565207893465798e-06,0.015025164067160004,0.017650400502016137,0.25569630126852605,0.524429740388605,0.032398377575086054,0.10440337079857914,1.244777208359607e-07,2.6448975973428236e-07,2.698460547275542e-06,5.932849218002442e-06,1.6125752200375957e-06,3.7834618204005075e-06,4.283399512796186e-05,8.798996267098828e-05,1.2195743445380088e-08,2.5952759133530145e-08,2.844957288639341e-06,6.264103670742555e-06,7.946925306657367e-11,2.387480433252937e-10,1.9464235165744487e-18,1.9963295236469413e-18,9.522973927925802e-12,1.1172907051981899e-11,6.514267539650395e-12,1.3843397410144237e-11,2.3262502448573758e-15,4.431799448025733e-15,1.321484774319264e-08,2.61513247583813e-08,4.493722115934723e-19,1.3501724466092484e-18,0.006354758279495891,0.013035386657600788,3.4184832675008837e-31,9.999999999998896e-31,1.3450415898083941e-09,4.343046864931565e-09,5.505395249675124e-11,1.7352456877251836e-10
0.774,1398.3410911945425,5.011592486318282,0.1749736585931196,6.059703546594363,0.4869360535209849,0.07188174884919564,1.0967879759301667e-05,8.095420051211329e-07,3.993696661689002e-12,4.678688042853794e-12,7.594095720794464e-13,1.7793241627991753e-12,2.1946789839111465e-07,2.73309603416489e-07,0.20352563847380134,0.2684785339593839,5.78765182300941e-15,1.3987866134304083e-14,6.375630766625512e-13,1.5879507929228268e-12,4.794510226994714e-12,4.924534923679426e-12,6.862863751724026e-06,7.555530877316815e-06,0.015017681753465472,0.017641871548872888,0.25569880547408314,0.5244426260589226,0.03239904722509375,0.10440707153865458,1.2441631897214203e-07,2.6436319974050376e-07,2.6986016861250274e-06,5.9332472009407134e-06,1.6109634909726668e-06,3.7797361962113877e-06,4.275676317291336e-05,8.783261000591638e-05,1.2171329506447007e-08,2.590118857330251e-08,2.8413310870881406e-06,6.256211849107936e-06,7.932250677278823e-11,2.383106975490181e-10,1.9456621436171896e-18,1.9955781174369872e-18,9.515653583804274e-12,1.1164483373575573e-11,6.508680312650383e-12,1.3831728444787643e-11,2.3236999989278172e-15,4.427006325547202e-15,1.3214659652324367e-08,2.6151338971582974e-08,4.489038073411291e-19,1.3487850216825809e-18,0.0063546643765823975,0.013035386657612053,3.418432753296693e-31,9.999999999998896e-31,1.3423151283256648e-09,4.334307355303825e-09,5.4978700482301705e-11,1.7328994259527294e-10
0.775,1398.2601021358423,5.0117614325876225,0.17496776023836955,6.065418885229536,0.48695210782005455,0.0718851786478683,1.095949316304659e-05,8.089349150192235e-07,3.986354200077812e-12,4.6701550714134684e-12,7.579524537511548e-13,1.775936265626945e-12,2.1923253803648127e-07,2.7302052782404887e-07,0.2035140764244661,0.2684672402187948,5.776488595990673e-15,1.3961092166410222e-14,6.36677043284337e-13,1.5857673679991705e-12,4.783508674263327e-12,4.913307454815064e-12,6.853995627597867e-06,7.545878949951909e-06,0.01501021616953395,0.017633361410081417,0.25570130110417044,0.5244554770629227,0.0323997182618783,0.1044107733814058,1.2435500657874453e-07,2.642368173222178e-07,2.6987425548144053e-06,5.933644404124776e-06,1.609355740687019e-06,3.7760196715958396e-06,4.2679783395928764e-05,8.767576781342542e-05,1.2146998868628048e-08,2.5849792899921403e-08,2.837715332362805e-06,6.248342589018239e-06,7.917621458058187e-11,2.3787469521818595e-10,1.9449011700835706e-18,1.9948270322913092e-18,9.508347574265829e-12,1.1156075893504487e-11,6.5031037396845555e-12,1.382008131594693e-11,2.3211553019876302e-15,4.422223486035878e-15,1.3214471987325426e-08,2.6151353157452298e-08,4.48436334901905e-19,1.3474003106831106e-18,0.006354570685204393,0.01303538665762327,3.4183823528860683e-31,9.999999999998899e-31,1.3395985005302304e-09,4.325599196629968e-09,5.490366010405538e-11,1.730559707988927e-10
0.776,1398.1792061675824,5.011930282334635,0.17496186565077804,6.071134416418464,0.48696812893421676,0.07188860126400047,1.0951121571948669e-05,8.083288877676847e-07,3.979033246436872e-12,4.661646891429449e-12,7.564997849288874e-13,1.772558635411615e-12,2.1899769141280712e-07,2.727320744425236e-07,0.2035025375368419,0.26845596779408626,5.76535945401712e-15,1.3934399327503114e-14,6.357932538395566e-13,1.5835894151903712e-12,4.7725456341220494e-12,4.90211905045214e-12,6.845150682504889e-06,7.536252007207481e-06,0.01500276725748433,0.01762487002137437,0.2557037881903403,0.5244682935234424,0.03240039067914325,0.10441447631835248,1.2429378335169027e-07,2.641106118844552e-07,2.6988831542508808e-06,5.934040830164614e-06,1.607751953255885e-06,3.772312210401105e-06,4.260305459634696e-05,8.751943367540955e-05,1.2122751123127075e-08,2.579857125928886e-08,2.8341099794980088e-06,6.240495793972135e-06,7.903037438980682e-11,2.374400301536364e-10,1.944140594273383e-18,1.9940762667869274e-18,9.501055849518852e-12,1.1147684556198998e-11,6.4975377814232155e-12,1.3808455943772738e-11,2.318616132448139e-15,4.41745088980655e-15,1.3214284746709144e-08,2.615136731608298e-08,4.479697909168127e-19,1.346018303932786e-18,0.00635447720462358,0.013035386657634486,3.4183320658718437e-31,9.999999999998915e-31,1.336891656542226e-09,4.316922230602189e-09,5.482883041411155e-11,1.728226504679481e-10
0.777,1398.098402972431,5.012099035888947,0.17495597481811767,6.07685014005145,0.48698411698151445,0.07189201672267778,1.0942764931756167e-05,8.07723919562667e-07,3.9717337041486656e-12,4.6531633921867535e-12,7.550515450804191e-13,1.7691912250372481e-12,2.1876335650621715e-07,2.724442408515524e-07,0.20349102172750533,0.26844471660832425,5.754264240006882e-15,1.3907787245769178e-14,6.349116988803024e-13,1.5814169116050978e-12,4.761620914247552e-12,4.890969516446249e-12,6.836328819531623e-06,7.526649945315373e-06,0.014995334959700029,0.017616397318774804,0.2557062667600711,0.524481075554718,0.032401064474560363,0.10441818035375103,1.2423264898333613e-07,2.6398458282440887e-07,2.699023485315374e-06,5.93443648160992e-06,1.6061521126478516e-06,3.7686137762166382e-06,4.25265755711328e-05,8.736360516852549e-05,1.2098585860906101e-08,2.57475227966704e-08,2.8305149832984856e-06,6.232671366945017e-06,7.888498411061942e-11,2.3700669620621493e-10,1.9433804146828587e-18,1.993325819700851e-18,9.493778349163465e-12,1.1139309293626498e-11,6.4919823986555445e-12,1.3796852248646966e-11,2.316082468807153e-15,4.4126884973299565e-15,1.3214097929006145e-08,2.6151381447589805e-08,4.475041718652241e-19,1.3446389912654366e-18,0.0063543839341048325,0.013035386657645679,3.418281891858557e-31,9.999999999998915e-31,1.334194546396797e-09,4.308276298616488e-09,5.475421046721805e-11,1.72589978694861e-10
0.778,1398.0176922308638,5.012267693590299,0.17495008772781157,6.082566056019185,0.4870000720740208,0.07189542504806136,1.0934423188895526e-05,8.071200066491315e-07,3.964455477595409e-12,4.6447044641232514e-12,7.536077137567672e-13,1.7658339875754276e-12,2.1852953132612013e-07,2.7215702465919283e-07,0.20347952891882073,0.26843348659201816,5.7432027976110486e-15,1.3881255551106965e-14,6.340323691056406e-13,1.5792498347136224e-12,4.750734324003305e-12,4.879858660358099e-12,6.827529942650643e-06,7.517072661462479e-06,0.014987919218867655,0.017607943238638905,0.2557087368459787,0.5244938232811952,0.0324017396405112,0.10442188547474143,1.2417160317610106e-07,2.6385872956034917e-07,2.6991635489148107e-06,5.934831361064115e-06,1.6045562032296655e-06,3.764924333557991e-06,4.2450345141010656e-05,8.720827991786773e-05,1.207450268028498e-08,2.569664667286503e-08,2.8269302996248455e-06,6.2248692132194175e-06,7.874004167080328e-11,2.3657468727874484e-10,1.9426206295463715e-18,1.992575689539692e-18,9.486515026985561e-12,1.1130950054380717e-11,6.486437552590852e-12,1.378527015182087e-11,2.3135542897581667e-15,4.407936269440191e-15,1.3213911532741665e-08,2.6151395552059537e-08,4.470394745384095e-19,1.3432623634494196e-18,0.006354290872917247,0.013035386657656842,3.4182318304530414e-31,9.999999999998929e-31,1.3315071211273701e-09,4.299661245270146e-09,5.467979932911379e-11,1.7235795260617684e-10
0.779,1397.9370736287829,5.01243625576493,0.1749442043677578,6.088282164212731,0.48701599432865034,0.07189882626499498,1.0926096289591995e-05,8.065171452560723e-07,3.957198471267315e-12,4.636269997785813e-12,7.521682706755445e-13,1.762486876480902e-12,2.1829621387914989e-07,2.7187042346951413e-07,0.20346805902814372,0.2684222776689201,5.732174971626704e-15,1.3854803876128079e-14,6.331552551660763e-13,1.577088161861067e-12,4.739885673487333e-12,4.86878629047641e-12,6.818753955997475e-06,7.507520052995965e-06,0.014980519977953074,0.01759950771763069,0.25571119847519447,0.5245065368158237,0.032402416174757656,0.10442559168575102,1.2411064562429814e-07,2.6373305149306116e-07,2.6993033459208323e-06,5.935225471050518e-06,1.602964209112699e-06,3.7612438463340318e-06,4.2374362115913445e-05,8.705345552600646e-05,1.2050501176834855e-08,2.564594204270219e-08,2.8233558837068063e-06,6.21708923667192e-06,7.859554500557144e-11,2.3614399729543327e-10,1.9418612374014504e-18,1.991825875119513e-18,9.47926582376469e-12,1.1122606771778572e-11,6.48090320438234e-12,1.3773709574405262e-11,2.311031574017734e-15,4.403194167006556e-15,1.3213725556460583e-08,2.615140962960461e-08,4.465756954146748e-19,1.341888410310299e-18,0.006354198020333154,0.013035386657667992,3.4181818812638357e-31,9.999999999998924e-31,1.3288293313388735e-09,4.291076913755367e-09,5.4605596065411475e-11,1.7212656932755309e-10
0.78,1397.8565468513707,5.012604722744379,0.17493832472567308,6.09399846452353,0.48703188385871643,0.07190222039775315,1.0917784180721334e-05,8.059153316593268e-07,3.949962590572901e-12,4.627859884779414e-12,7.507331956649384e-13,1.7591498454602397e-12,2.1806340219266036e-07,2.7158443491183954e-07,0.20345661197627096,0.26841108976715106,5.721180607799039e-15,1.3828431855678269e-14,6.322803478355991e-13,1.5749318706958363e-12,4.7290747744010745e-12,4.857752216710225e-12,6.8100007645240625e-06,7.4979920181422555e-06,0.014973137180190436,0.01759109069270787,0.25571365167771937,0.5245192162771521,0.03240309407205935,0.10442929898147207,1.2404977603030645e-07,2.6360754804018903e-07,2.699442877219015e-06,5.935618814120093e-06,1.60137611472021e-06,3.7575722791776954e-06,4.229862532534591e-05,8.689912963535976e-05,1.202658095228662e-08,2.5595408073999273e-08,2.8197916916206555e-06,6.209331343026112e-06,7.845149206645937e-11,2.357146202285787e-10,1.941102236614193e-18,1.9910763750788933e-18,9.472030687098154e-12,1.1114279387119421e-11,6.475379315595066e-12,1.3762170438364072e-11,2.3085143004935486e-15,4.398462151253503e-15,1.3213539998708777e-08,2.6151423680324124e-08,4.461128312142607e-19,1.3405171223980872e-18,0.006354105375628582,0.01303538665767911,3.4181320439014964e-31,9.99999999999891e-31,1.326161128456962e-09,4.282523149893025e-09,5.4531599751288746e-11,1.718958260142963e-10
0.781,1397.7761115852077,5.012773094859208,0.17493244878931183,6.099714956843399,0.487047740776623,0.07190560747043781,1.0909486809359512e-05,8.053145621483352e-07,3.94274774144708e-12,4.61947401730809e-12,7.493024686690876e-13,1.7558228484844691e-12,2.1783109430367863e-07,2.712990566269898e-07,0.2034451876847282,0.26839992281562125,5.7102195527294445e-15,1.3802139126615624e-14,6.314076379352917e-13,1.5727809389793596e-12,4.718301439609731e-12,4.8467562501375015e-12,6.801270273684952e-06,7.4884884556616095e-06,0.014965770769110267,0.01758269210115476,0.25571609648371674,0.5245318617837705,0.032403773326885404,0.10443300735559972,1.2398899409731283e-07,2.634822186208115e-07,2.699582143691944e-06,5.936011392814184e-06,1.599791904545226e-06,3.753909596877915e-06,4.2223133605005855e-05,8.67452999007117e-05,1.2002741610566639e-08,2.554504393912588e-08,2.8162376796457112e-06,6.201595438435607e-06,7.830788081721296e-11,2.352865500862223e-10,1.940343625565042e-18,1.9903271880694615e-18,9.464809566800317e-12,1.110596784428717e-11,6.46986584795176e-12,1.3750652665974153e-11,2.306002448193318e-15,4.393740183587038e-15,1.3213354858037749e-08,2.6151437704312846e-08,4.456508786520267e-19,1.3391484902441326e-18,0.006354012938083374,0.01303538665769027,3.4180823179786072e-31,9.999999999998904e-31,1.323502464180995e-09,4.273999800366428e-09,5.445780946720685e-11,1.7166571983786968e-10
0.782,1397.6957675202834,5.012941372432555,0.17492657654669122,6.105431641064524,0.4870635651969023,0.07190898750743212,1.0901204122656492e-05,8.047148330168907e-07,3.935553830189789e-12,4.611112287986335e-12,7.47876069779022e-13,1.7525058398617664e-12,2.1759928825399405e-07,2.7101428626118983e-07,0.2034337860727528,0.2683887767400695,5.699291654089296e-15,1.377592532832877e-14,6.305371162931769e-13,1.5706353444862208e-12,4.70756548297874e-12,4.8357982028377205e-12,6.792562389303937e-06,7.479009264701969e-06,0.014958420688511546,0.017574311880550895,0.2557185329205676,0.5245444734483086,0.032404453936376344,0.10443671681038597,1.2392829952565718e-07,2.6335706264769616e-07,2.6997211462028703e-06,5.936403209629028e-06,1.5982115630087241e-06,3.750255764047158e-06,4.214788578962252e-05,8.659196397450794e-05,1.1978982755730882e-08,2.549484881060994e-08,2.812693803908969e-06,6.193881428702097e-06,7.816470923173464e-11,2.3485978090600157e-10,1.939585402784083e-18,1.9895783128948354e-18,9.45760240588426e-12,1.1097672079169125e-11,6.464362763269252e-12,1.3739156179691296e-11,2.3034959962013354e-15,4.389028225550457e-15,1.3213170133012618e-08,2.615145170167893e-08,4.451898343096261e-19,1.337782503977117e-18,0.006353920706980592,0.013035386657701393,3.418032703109517e-31,9.999999999998903e-31,1.320853290186297e-09,4.265506711760302e-09,5.438422429658869e-11,1.714362479785897e-10
0.783,1397.615514346032,5.013109555792329,0.17492070798566536,6.111148517079467,0.4870793572307443,0.07191236053258875,1.0892936068413734e-05,8.041161406057264e-07,3.928380764000694e-12,4.6027745904654506e-12,7.464539791964322e-13,1.7491987741525138e-12,2.1736798210576732e-07,2.707301214854972e-07,0.20342240706276482,0.2683776514702653,5.688396760504477e-15,1.3749790102457418e-14,6.296687738576966e-13,1.5684950652867586e-12,4.696866719939834e-12,4.824877888473291e-12,6.783877018006164e-06,7.469554345274423e-06,0.014951086882457854,0.017565949968765565,0.2557209610182761,0.5245570513884935,0.032405135894919765,0.10444042733915139,1.2386769202359937e-07,2.632320795501652e-07,2.6998598856278054e-06,5.936794267085958e-06,1.596635074835514e-06,3.7466107460032607e-06,4.207288073295644e-05,8.643911954794231e-05,1.1955303997825605e-08,2.5444821873610273e-08,2.809160021361848e-06,6.186189221425983e-06,7.80219752998245e-11,2.344343067723936e-10,1.938827566636915e-18,1.9888297481882915e-18,9.450409153877361e-12,1.108939203527971e-11,6.458870023777359e-12,1.3727680902827288e-11,2.3009949237917675e-15,4.384326239040001e-15,1.321298582219957e-08,2.6151465672517587e-08,4.44729695006384e-19,1.336419154437452e-18,0.006353828681606994,0.013035386657712462,3.417983198910543e-31,9.999999999998894e-31,1.318213558943857e-09,4.257043733207784e-09,5.431084333215878e-11,1.7120740764560496e-10
0.784,1397.5353517539356,5.013277645263504,0.17491484309419447,6.1168655847811575,0.4870951169892633,0.07191572656971061,1.0884682594332662e-05,8.035184812470317e-07,3.921228450363342e-12,4.594460818712045e-12,7.450361772277566e-13,1.7459016061554643e-12,2.1713717392415258e-07,2.704465599741564e-07,0.20341105057707545,0.26836654693566214,5.677534721278187e-15,1.372373309222253e-14,6.288026015819246e-13,1.5663600794586534e-12,4.6862049667982744e-12,4.813995121578065e-12,6.7752140667208665e-06,7.460123597705694e-06,0.014943769295321825,0.017557606304009835,0.25572338080616996,0.5245695957203723,0.0324058191974527,0.10444413893692664,1.2380717129615197e-07,2.631072687503606e-07,2.6999983628337284e-06,5.937184567683397e-06,1.595062424691725e-06,3.7429745079187757e-06,4.199811728767942e-05,8.628676430962233e-05,1.1931704946912062e-08,2.53949623132001e-08,2.8056362888121278e-06,6.178518723874618e-06,7.787967702092596e-11,2.340101217979266e-10,1.938070115589568e-18,1.9880814926844695e-18,9.443229761258442e-12,1.1081127657233202e-11,6.453387591688694e-12,1.371622675863548e-11,2.2984992102760673e-15,4.379634186014093e-15,1.321280192417182e-08,2.615147961692245e-08,4.442704574220066e-19,1.335058432043538e-18,0.006353736861253152,0.013035386657723557,3.417933805000052e-31,9.999999999998918e-31,1.3155832229040878e-09,4.248610713754633e-09,5.423766566951501e-11,1.70979196056633e-10
0.785,1397.455279438856,5.013445641163463,0.1749089818605071,6.1225828440628876,0.487110844585946,0.07191908564292167,1.087644364853461e-05,8.029218513029393e-07,3.914096797362856e-12,4.586170867380964e-12,7.436226443502999e-13,1.742614291062962e-12,2.1690686178561903e-07,2.70163599415001e-07,0.20339971653548491,0.26835546306226216,5.666705387083401e-15,1.369775394410229e-14,6.279385904640653e-13,1.5642303651880293e-12,4.675580041130436e-12,4.803149717966576e-12,6.7665734429395964e-06,7.45071692292353e-06,0.014936467871706454,0.017549280824746372,0.2557257923106177,0.5245821065536957,0.032406503841769296,0.10444785160790322,1.2374673704934928e-07,2.629826296723504e-07,2.700136578669249e-06,5.937574113877062e-06,1.5934935972810542e-06,3.7393470150473258e-06,4.192359431199709e-05,8.613489595918839e-05,1.1908185215146968e-08,2.534526931879889e-08,2.8021225632227943e-06,6.170869843641274e-06,7.773781240672955e-11,2.335872201310398e-10,1.937313048200574e-18,1.9873335452115055e-18,9.43606416947727e-12,1.1072878879033483e-11,6.447915429514316e-12,1.3704793670983506e-11,2.296008835113607e-15,4.374952028704745e-15,1.3212618437517645e-08,2.6151493535004722e-08,4.438121182281211e-19,1.3337003271872003e-18,0.006353645245212551,0.01303538665773463,3.417884520997974e-31,9.999999999998929e-31,1.3129622347518937e-09,4.240207503183603e-09,5.41646904092651e-11,1.7075161044472013e-10
0.786,1397.3752970933506,5.013613543819912,0.17490312427247515,6.128300294818325,0.4871265401282846,0.07192243777541914,1.0868219179661081e-05,8.023262471727968e-07,3.906985713937134e-12,4.5779046321089864e-12,7.422133611046047e-13,1.7393367842084833e-12,2.1667704378634293e-07,2.6988123751986316e-07,0.20338840486360943,0.26834439978355684,5.655908609131236e-15,1.367185230582e-14,6.270767316288874e-13,1.5621059009720729e-12,4.664991761977555e-12,4.792341494932474e-12,6.757955054914496e-06,7.441334222673882e-06,0.01492918255651048,0.0175409734697634,0.2557281955631832,0.5245945840085562,0.032407189820324304,0.10445156533899846,1.2368638899763076e-07,2.628581617577759e-07,2.700274534008876e-06,5.937962908176301e-06,1.5919285776537305e-06,3.7357282334480384e-06,4.184931068453253e-05,8.598351223788126e-05,1.188474442099531e-08,2.5295742093135568e-08,2.7986188024660756e-06,6.163242490304753e-06,7.759637948453543e-11,2.331655959661545e-10,1.9365563627872974e-18,1.9865859043484114e-18,9.428912334767748e-12,1.106464565201581e-11,6.442453500089006e-12,1.3693381564404793e-11,2.2935237779215585e-15,4.370279729635697e-15,1.3212435360818982e-08,2.6151507426846458e-08,4.433546743600551e-19,1.3323448310502117e-18,0.006353553832782709,0.01303538665774561,3.4178353465264233e-31,9.999999999998896e-31,1.310350548031227e-09,4.23183395403092e-09,5.409191666163251e-11,1.7052464807273564e-10
0.787,1397.2954044144258,5.013781353550032,0.1748972703183412,6.134017936941497,0.48714220372723144,0.07192578299087786,1.0860009136240883e-05,8.017316652465477e-07,3.8998951092143e-12,4.569662008739171e-12,7.408083081811888e-13,1.7360690412701547e-12,2.164477180224421e-07,2.6959947199998996e-07,0.2033771154834385,0.2683333570281003,5.645144239669046e-15,1.3646027827550092e-14,6.262170161742779e-13,1.559986665237005e-12,4.654439949174474e-12,4.781570270559742e-12,6.749358811130042e-06,7.431975398940246e-06,0.014921913294913002,0.01753268417815873,0.25573059059131165,0.5246070281963423,0.03240787712958174,0.10445528012999847,1.2362612684943376e-07,2.6273386443526557e-07,2.700412229699608e-06,5.938350953027337e-06,1.5903673506808902e-06,3.732118128752589e-06,4.1775265277042404e-05,8.583261087249869e-05,1.186138218130305e-08,2.524637983538016e-08,2.7951249639788903e-06,6.1556365724692555e-06,7.74553762898643e-11,2.32745243521506e-10,1.9358000579023655e-18,1.985838568914038e-18,9.421774204538914e-12,1.1056427917144277e-11,6.437001766236845e-12,1.3681990363389468e-11,2.291044018355352e-15,4.365617251395191e-15,1.32122526926736e-08,2.6151521292547423e-08,4.42898122510983e-19,1.3309919340843254e-18,0.00635346262326453,0.01303538665775659,3.4177862812093253e-31,9.999999999998876e-31,1.3077481160213074e-09,4.223489917957724e-09,5.401934353788575e-11,1.7029830620637677e-10
0.788,1397.2156011009624,5.013949070668106,0.1748914199864524,6.139735770326791,0.4871578354939687,0.0719291213129747,1.0851813467116472e-05,8.011381019362225e-07,3.8928248928840644e-12,4.561442893756182e-12,7.394074664012658e-13,1.7328110182256607e-12,2.1621888260073533e-07,2.6931830057945244e-07,0.20336584831658167,0.26832233472379774,5.634412131966086e-15,1.3620280161884155e-14,6.253594352484813e-13,1.5578726365305369e-12,4.64392442373602e-12,4.770835864119903e-12,6.7407846205936486e-06,7.42264035426389e-06,0.014914660032338056,0.017524412889298565,0.255732977421591,0.5246194392264402,0.03240856576675587,0.10445899598305651,1.235659503146577e-07,2.6260973713630326e-07,2.700549666581019e-06,5.938738250857543e-06,1.5888099013072796e-06,3.7285166667582987e-06,4.170145696803247e-05,8.568218960337298e-05,1.1838098115297145e-08,2.5197181749658545e-08,2.7916410054259336e-06,6.148051999224821e-06,7.731480087010375e-11,2.3232615705011082e-10,1.9350441321264018e-18,1.985091537754507e-18,9.414649723101791e-12,1.104822561173189e-11,6.431560191007674e-12,1.3670619992887306e-11,2.288569536191626e-15,4.360964556794168e-15,1.321207043168889e-08,2.6151535132213345e-08,4.424424593900712e-19,1.3296416267870432e-18,0.00635337161596204,0.013035386657767527,3.4177373246722915e-31,9.999999999998854e-31,1.3051548922916607e-09,4.215175247542756e-09,5.3946970154526154e-11,1.7007258212737645e-10
0.789,1397.1358868513767,5.014116695492812,0.17488557326500612,6.145453794868956,0.48717343553646797,0.07193245276487653,1.0843632121634726e-05,8.005455536899849e-07,3.885774975409699e-12,4.553247184534559e-12,7.380108166843552e-13,1.7295626712762955e-12,2.1599053564520413e-07,2.6903772100318196e-07,0.20335460328770472,0.26831133280242453,5.623712140103956e-15,1.3594608963324047e-14,6.245039801008218e-13,1.5557637936481703e-12,4.633445008069953e-12,4.76013809629074e-12,6.732232393009482e-06,7.413328991934967e-06,0.014907422714473473,0.017516159542838763,0.2557353560831148,0.5246318172131009,0.032409255726425716,0.10446271289177518,1.2350585910940154e-07,2.624857793052828e-07,2.7006868455041467e-06,5.93912480411664e-06,1.587256214727194e-06,3.724923813840851e-06,4.162788465179511e-05,8.553224620293794e-05,1.1814891847197068e-08,2.5148147050610608e-08,2.788166885147336e-06,6.140488681132978e-06,7.717465128704382e-11,2.3190833084738006e-10,1.9342885839062037e-18,1.98434480957709e-18,9.407538841711741e-12,1.1040038681224764e-11,6.426128737775716e-12,1.3659270378516698e-11,2.286100311363829e-15,4.3563216089339044e-15,1.3211888576472719e-08,2.6151548945936326e-08,4.419876818885477e-19,1.3282939002006416e-18,0.006353280810182856,0.01303538665777848,3.417688476542853e-31,9.99999999999885e-31,1.3025708310751069e-09,4.206889797486935e-09,5.387479563617188e-11,1.6984747314258947e-10
0.79,1397.0562613663142,5.014284228339049,0.17487973014233485,6.151172010463102,0.4871890039631943,0.07193577736978848,1.0835465049253713e-05,7.99954016963122e-07,3.8787452676613416e-12,4.545074778909245e-12,7.36618340070181e-13,1.726323956898368e-12,2.157626752863233e-07,2.687577310236897e-07,0.20334338032081326,0.2683003511947281,5.613044119042528e-15,1.3569013888441952e-14,6.236506420045809e-13,1.5536601154411345e-12,4.623001525582186e-12,4.74947678875103e-12,6.72370203848405e-06,7.404041215668594e-06,0.014900201287278338,0.01750792407873402,0.2557377266038118,0.5246441622679227,0.032409947004223574,0.10446643085309701,1.2344585294865228e-07,2.623619903839755e-07,2.7008237673098383e-06,5.9395106152292e-06,1.5857062761314322e-06,3.721339536360594e-06,4.155454722482087e-05,8.538277844781415e-05,1.1791763002235278e-08,2.509927495492149e-08,2.784702561496722e-06,6.132946528769219e-06,7.703492561286443e-11,2.314917592390734e-10,1.933533411765105e-18,1.9835983831660568e-18,9.400441510051177e-12,1.103186706920753e-11,6.4207073700236016e-12,1.3647941446105962e-11,2.2836363238848505e-15,4.351688371058732e-15,1.3211707125641564e-08,2.6151562733811477e-08,4.415337868286144e-19,1.326948745157646e-18,0.006353190205237955,0.013035386657789402,3.4176397364503614e-31,9.999999999998843e-31,1.2999958867117732e-09,4.198633422817995e-09,5.380281911122662e-11,1.696229765703444e-10
0.791,1396.976724347261,5.0144516695221695,0.17487389060675873,6.156890417004698,0.4872045408811754,0.07193909515066778,1.0827312199767898e-05,7.993634882346643e-07,3.871735681116212e-12,4.53692557541026e-12,7.352300177085331e-13,1.7230948318194658e-12,2.1553529966698053e-07,2.684783284084385e-07,0.20333217934119172,0.2682893898329825,5.602407924596317e-15,1.3543494595823427e-14,6.227994122991057e-13,1.5515615809212864e-12,4.612593800886914e-12,4.738851764396562e-12,6.7151934676890255e-06,7.3947769297841615e-06,0.01489299569698171,0.0174997064372362,0.25574008901235085,0.5246564745037499,0.03241063959491703,0.10447014986112074,1.2338593155031543e-07,2.6223836982009313e-07,2.700960432839839e-06,5.939895686618935e-06,1.5841600708442835e-06,3.7177638009839967e-06,4.1481443593216926e-05,8.523378413405271e-05,1.1768711208825089e-08,2.505056468593633e-08,2.7812479932034964e-06,6.125425453520868e-06,7.689562193226637e-11,2.310764365877059e-10,1.9327786141906948e-18,1.9828522572674572e-18,9.393357680516086e-12,1.1023710722433603e-11,6.415296051466138e-12,1.3636633121956344e-11,2.281177553891119e-15,4.347064806640041e-15,1.32115260778166e-08,2.615157649592877e-08,4.410807710984374e-19,1.3256061526864985e-18,0.006353099800441864,0.013035386657800315,3.417591104026072e-31,9.99999999999885e-31,1.2974300139513214e-09,4.19040597986668e-09,5.3731039714235895e-11,1.6939908974787303e-10
0.792,1396.8972754985339,5.014619019351682,0.1748680546468052,6.162609014389565,0.48722004639894234,0.07194240613066248,1.0819173523156494e-05,7.987739639962447e-07,3.864746127684328e-12,4.5287994730588764e-12,7.338458308861716e-13,1.7198752530816719e-12,2.1530840693716498e-07,2.6819951093324693e-07,0.2033210002724698,0.26827844864713457,5.5918034136147666e-15,1.3518050746504535e-14,6.219502823477685e-13,1.5494681691565048e-12,4.602221659629541e-12,4.7282628471587104e-12,6.70670659171787e-06,7.385536039048021e-06,0.014885805890060754,0.017491506558869812,0.25574244333528035,0.524668754028838,0.03241133349528951,0.10447386991639292,1.2332609463133879e-07,2.6211491705906684e-07,2.701096842921114e-06,5.9402800206745834e-06,1.5826175841787336e-06,3.714196574344124e-06,4.140857266519956e-05,8.508526106171737e-05,1.174573609639375e-08,2.500201546905043e-08,2.777803139001025e-06,6.117925366768695e-06,7.675673834035659e-11,2.3066235728621451e-10,1.9320241897705846e-18,1.9821064307285384e-18,9.38628730011717e-12,1.1015569581321502e-11,6.409894745972782e-12,1.3625345332678163e-11,2.2787239816141034e-15,4.3424508793223086e-15,1.3211345431630734e-08,2.6151590232388617e-08,4.406286315190813e-19,1.3242661136117524e-18,0.006353009595112191,0.013035386657811194,3.417542578902895e-31,9.999999999998836e-31,1.2948731676434023e-09,4.1822073252674185e-09,5.365945658347293e-11,1.6917581002371302e-10
0.793,1396.817914524951,5.014786278138556,0.17486222225095402,6.168327802513879,0.4872355206231703,0.07194571033261117,1.081104896958906e-05,7.981854407524702e-07,3.857776519780033e-12,4.520696371451294e-12,7.324657609810768e-13,1.7166651779342932e-12,2.1508199525658349e-07,2.6792127638553536e-07,0.20330984303996966,0.2682675275692051,5.5812304436142034e-15,1.3492682003081708e-14,6.211032435664085e-13,1.5473798593414774e-12,4.591884928522228e-12,4.717709862040889e-12,6.698241322138008e-06,7.376318448730639e-06,0.014878631813261892,0.017483324384455937,0.25574478960032065,0.5246810009535772,0.03241202870083561,0.10447759101524984,1.2326634191029493e-07,2.619916315495216e-07,2.701232998383574e-06,5.940663619788559e-06,1.5810788015477483e-06,3.7106378233016176e-06,4.1335933356396474e-05,8.493720704577651e-05,1.1722837296864456e-08,2.4953626534863083e-08,2.7743679578980135e-06,6.1104461804843345e-06,7.661827294358872e-11,2.3024951576077741e-10,1.931270137064157e-18,1.981360902366057e-18,9.379230319818833e-12,1.1007443590914014e-11,6.404503417556334e-12,1.3614078005166109e-11,2.2762755873760885e-15,4.337846552914832e-15,1.3211165185720205e-08,2.615160394328373e-08,4.4017736494157505e-19,1.3229286188457136e-18,0.006352919588570043,0.013035386657822053,3.417494160715626e-31,9.999999999998815e-31,1.2923253029604918e-09,4.174037316677934e-09,5.358806886251219e-11,1.6895313476266224e-10
0.794,1396.7386411326538,5.0149534461925604,0.17485639340773018,6.17404678127417,0.48725096365992215,0.07194900777922902,1.0802938489678077e-05,7.97597915039601e-07,3.8508267704799844e-12,4.512616170944039e-12,7.31089789497026e-13,1.7134645639150028e-12,2.1485606279877826e-07,2.676436225694669e-07,0.20329870756947974,0.26825662653167964,5.570688873134016e-15,1.346738803057364e-14,6.202582874424071e-13,1.5452966308453039e-12,4.581583435556345e-12,4.7071926353371725e-12,6.689797571129852e-06,7.367124064760043e-06,0.014871473413580343,0.017475159855088837,0.25574712783515496,0.5246932153880288,0.03241272520696954,0.10448131315371612,1.2320667310933187e-07,2.618685127474313e-07,2.7013689000544955e-06,5.941046486344852e-06,1.5795437085088817e-06,3.707087515049556e-06,4.126352459290165e-05,8.4789619922386e-05,1.170001444562251e-08,2.4905397121235963e-08,2.7709424093163986e-06,6.102987807534294e-06,7.64802238613376e-11,2.2983790647555986e-10,1.930516454603793e-18,1.9806156709676075e-18,9.372186690805515e-12,1.0999332696497068e-11,6.399122030528083e-12,1.3602831066929545e-11,2.2738323516460207e-15,4.333251791498348e-15,1.3210985338727922e-08,2.6151617628706567e-08,4.397269683041562e-19,1.3215936595605451e-18,0.0063528297801398095,0.013035386657832928,3.4174458491008303e-31,9.99999999999883e-31,1.2897863755157314e-09,4.165895813160163e-09,5.351687570132506e-11,1.687310613492421e-10
0.795,1396.65945502993,5.01512052381974,0.17485056810579197,6.179765950567318,0.4872663756158084,0.0719522984932801,1.0794842034138411e-05,7.970113834004257e-07,3.843896793241431e-12,4.504558772324029e-12,7.29717898053175e-13,1.7102733688255009e-12,2.1463060774330197e-07,2.673665472962073e-07,0.20328759378608638,0.2682457454659713,5.5601785615478214e-15,1.3442168495965402e-14,6.19415405484844e-13,1.5432184630873664e-12,4.571317009657672e-12,4.69671099427833e-12,6.681375251246683e-06,7.357952793457633e-06,0.014864330638265227,0.017467012912142293,0.2557494580662898,0.5247053974395958,0.032413423010176655,0.10448503633121815,1.2314708794946574e-07,2.6174556010611937e-07,2.701504548751218e-06,5.941428622703077e-06,1.5780122906111396e-06,3.7035456167541567e-06,4.119134530269789e-05,8.464249753126789e-05,1.1677267178954547e-08,2.485732646784346e-08,2.767526452680102e-06,6.095550160774411e-06,7.634258922268107e-11,2.2942752392305302e-10,1.929763140999142e-18,1.9798707353986286e-18,9.365156361880564e-12,1.0991236840547207e-11,6.393750549299573e-12,1.3591604445671484e-11,2.271394254966744e-15,4.3286665592864785e-15,1.3210805889305657e-08,2.615163128875411e-08,4.392774384738716e-19,1.3202612267122447e-18,0.006352740169148994,0.013035386657843744,3.417397643696752e-31,9.99999999999884e-31,1.2872563410150331e-09,4.1577826740568285e-09,5.3445876253394926e-11,1.6850958717860732e-10
0.796,1396.5803559246442,5.015287511330404,0.17484474633365227,6.185485310290553,0.4872817565942822,0.071955582497026,1.0786759554144549e-05,7.964258424105949e-07,3.836986502245329e-12,4.4965240772105035e-12,7.283500683602413e-13,1.7070915506756408e-12,2.144056282857739e-07,2.6709004839643864e-07,0.20327650161787628,0.2682348843072903,5.549699368984382e-15,1.3417023068016831e-14,6.185745892970859e-13,1.5411453357181117e-12,4.561085481066396e-12,4.686264767422149e-12,6.672974275702534e-06,7.348804541854885e-06,0.01485720343483058,0.0174588834972816,0.25575178032268464,0.5247175472204383,0.032414122104360746,0.10448876053880371,1.230875861573858e-07,2.616227730907071e-07,2.7016399453018902e-06,5.941810031243729e-06,1.576484533637131e-06,3.7000120961229167e-06,4.111939442843745e-05,8.449583774197016e-05,1.165459513778503e-08,2.4809413824125838e-08,2.7641200480419957e-06,6.088133154430481e-06,7.620536717041496e-11,2.2901836263613283e-10,1.9290101947336005e-18,1.979126094393488e-18,9.358139289023466e-12,1.098315597394761e-11,6.38838893857995e-12,1.358039806970736e-11,2.268961278027356e-15,4.3240908207634165e-15,1.3210626836105425e-08,2.6151644923509227e-08,4.388287724875366e-19,1.3189313117647768e-18,0.006352650754928709,0.013035386657854555,3.417349544143556e-31,9.999999999998845e-31,1.284735155780822e-09,4.149697760683002e-09,5.3375069679856396e-11,1.6828870966959e-10
0.797,1396.501343528013,5.015454409027498,0.17483892808008392,6.191204860341455,0.4872971067009811,0.07195885981301885,1.0778691000874065e-05,7.95841288644966e-07,3.830095811946711e-12,4.4885119875285e-12,7.269862822595255e-13,1.7039190677750377e-12,2.141811226246431e-07,2.6681412370388927e-07,0.20326543099059566,0.26822404298761277,5.539251156499791e-15,1.339195141768e-14,6.177358304789552e-13,1.539077228375428e-12,4.550888680852082e-12,4.675853784155592e-12,6.664594558003675e-06,7.339679217288081e-06,0.014850091751047375,0.017450771552455314,0.25575409463049553,0.5247296648367198,0.03241482248612952,0.10449248577618546,1.2302816745625478e-07,2.6150015115857714e-07,2.7017750905154197e-06,5.942190714302454e-06,1.5749604232739712e-06,3.696486920632492e-06,4.104767091015454e-05,8.434963841835091e-05,1.1631997962636464e-08,2.476165843856343e-08,2.7607231552346916e-06,6.0807367022283216e-06,7.606855585590031e-11,2.2861041717259462e-10,1.9282576144487135e-18,1.978381746847384e-18,9.351135422081937e-12,1.0975090040370393e-11,6.38303716312739e-12,1.356921186743753e-11,2.2665334015730233e-15,4.319524540512358e-15,1.3210448177792056e-08,2.6151658533067137e-08,4.383809672224274e-19,1.3176039057004264e-18,0.006352561536813222,0.01303538665786538,3.417301550083119e-31,9.999999999998866e-31,1.2822227760437774e-09,4.141640934038872e-09,5.330445514396467e-11,1.6806842624727505e-10
0.798,1396.4224175531049,5.015621217210911,0.17483311333396975,6.196924600617942,0.4873124260418502,0.07196213046382711,1.0770636325740867e-05,7.952577186948608e-07,3.823224637279073e-12,4.480522405748659e-12,7.256265217107348e-13,1.7007558787046473e-12,2.1395708896715002e-07,2.665387710627732e-07,0.20325438182954206,0.26821322143818765,5.528833786057354e-15,1.3366953218051498e-14,6.168991206697425e-13,1.537014120791894e-12,4.540726441124779e-12,4.665477874912052e-12,6.656236012107803e-06,7.330576727574011e-06,0.014842995534919837,0.017442677019868198,0.25575640101498637,0.5247417503925504,0.03241552415287939,0.10449621204557209,1.2296883156987677e-07,2.6137769376824287e-07,2.701909985192811e-06,5.9425706741952155e-06,1.5734399452553235e-06,3.6929700578622437e-06,4.0976173692868054e-05,8.420389743420604e-05,1.1609475295854911e-08,2.4714059563415768e-08,2.757335734241857e-06,6.073360718211924e-06,7.593215344108465e-11,2.282036821212428e-10,1.9275053988265894e-18,1.9776376916957996e-18,9.344144708137343e-12,1.09670389802265e-11,6.3776951878775266e-12,1.355804576762094e-11,2.26411060644998e-15,4.314967683301477e-15,1.3210269913038961e-08,2.615167211752805e-08,4.379340195480897e-19,1.3162789994761106e-18,0.006352472514139671,0.013035386657876154,3.417253661158856e-31,9.999999999998843e-31,1.2797191582520046e-09,4.133612055808632e-09,5.323403181342043e-11,1.6784873435033979e-10
0.799,1396.3435777125192,5.015787936184797,0.1748273020840471,6.202644531018282,0.4873277147198036,0.0719653944715373,1.0762595480643439e-05,7.946751291863423e-07,3.816372893902386e-12,4.47255523517766e-12,7.242707687649039e-13,1.697601942253222e-12,2.1373352553679585e-07,2.6626398833707863e-07,0.20324335406289892,0.2682024195939178,5.518447120382901e-15,1.3342028144022052e-14,6.160644516043848e-13,1.5349559929346569e-12,4.5305985952937374e-12,4.655136871437037e-12,6.647898552629727e-06,7.321496981236082e-06,0.014835914734697713,0.017434599841994435,0.25575869950378677,0.5247538039966319,0.03241622709952162,0.10449993934110703,1.229095782280301e-07,2.6125540039066593e-07,2.7020446301460675e-06,5.942949913259434e-06,1.5719230855532547e-06,3.6894614759443084e-06,4.090490173655106e-05,8.405861269375252e-05,1.1587026784501698e-08,2.466661646087644e-08,2.7539577456916635e-06,6.066005117829985e-06,7.579615810135737e-11,2.2779815211046185e-10,1.926753546419715e-18,1.976893927739748e-18,9.337167100728399e-12,1.0959002741490581e-11,6.372362978077232e-12,1.3546899699658621e-11,2.2616928736535763e-15,4.310420214175232e-15,1.3210092040520413e-08,2.615168567698003e-08,4.374879265135952e-19,1.314956584586127e-18,0.006352383686248634,0.013035386657886954,3.417205877016054e-31,9.999999999998882e-31,1.2772242594794823e-09,4.125610989679667e-09,5.3163798863536023e-11,1.6762963144102798e-10
0.8,1396.2648237198218,5.0159545662533,0.17482149431905686,6.208364651441089,0.48734297283655414,0.07196865185802376,1.0754568417733154e-05,7.940935167631085e-07,3.8095404979953825e-12,4.464610379714907e-12,7.229190055737337e-13,1.6944572174392372e-12,2.1351043056736068e-07,2.6598977340311805e-07,0.20323234761989104,0.26819163739092455,5.508091022966986e-15,1.3317175872282122e-14,6.152318150708023e-13,1.5329028248991612e-12,4.520504977838919e-12,4.6448306065535796e-12,6.6395820946770804e-06,7.3124398873234624e-06,0.014828849298895172,0.017426539961599846,0.2557609901250562,0.524765825758489,0.03241693132032133,0.1045036676547956,1.228504071623759e-07,2.6113327050055953e-07,2.7021790261869123e-06,5.943328433829153e-06,1.5704098302390997e-06,3.685961143237073e-06,4.083385400862432e-05,8.391378211620556e-05,1.1564652078146895e-08,2.461932839837687e-08,2.7505891504916795e-06,6.05866981713184e-06,7.566056802335297e-11,2.2739382180161994e-10,1.926002055764635e-18,1.976150453762398e-18,9.330202556423638e-12,1.0950981275678577e-11,6.367040499155168e-12,1.3535773593318545e-11,2.2592801842822706e-15,4.3058820983667046e-15,1.3209914558914523e-08,2.615169921150473e-08,4.370426852014777e-19,1.313636652623164e-18,0.006352295052484013,0.013035386657897684,3.4171581973017606e-31,9.999999999998878e-31,1.2747380371198686e-09,4.117637600353699e-09,5.309375547488615e-11,1.6741111499774497e-10
0.801,1396.1861552920213,5.016121107712758,0.17481569002801536,6.214084961785313,0.48735820049621975,0.0719719026454862,1.0746555089141608e-05,7.935128780664206e-07,3.802727365981948e-12,4.456687743532288e-12,7.215712144170996e-13,1.691321663575533e-12,2.1328780229473757e-07,2.6571612413937593e-07,0.20322136242718938,0.2681808747618227,5.497765358208657e-15,1.3292396081670828e-14,6.144012028488419e-13,1.5308545967571514e-12,4.510445424024112e-12,4.6345589138679715e-12,6.6312865536233105e-06,7.3034053551616896e-06,0.014821799176272564,0.017418497321721724,0.2557632729039618,0.5247778157812786,0.032417636812438755,0.1045073969879285,1.2279131810067454e-07,2.6101130356411335e-07,2.702313174106566e-06,5.9437062381909605e-06,1.5689001652755343e-06,3.682469027837438e-06,4.0763029473113677e-05,8.376940361350525e-05,1.1542350825726552e-08,2.457219464189832e-08,2.7472299092929426e-06,6.051354731587484e-06,7.5525381401786e-11,2.2699068587957822e-10,1.9252509255656967e-18,1.9754072687177405e-18,9.323251024786785e-12,1.094297452607083e-11,6.3617277165754895e-12,1.3524667378425643e-11,2.2568725194848694e-15,4.301353301197394e-15,1.3209737466912676e-08,2.61517127211979e-08,4.365982925253958e-19,1.3123191946702227e-18,0.006352206612192736,0.013035386657908382,3.4171106216646636e-31,9.999999999998864e-31,1.2722604484435977e-09,4.109691752116556e-09,5.302390082983155e-11,1.6719318250411089e-10
0.802,1396.1075721469442,5.016287560859633,0.17480988919993778,6.219805461950245,0.4873733978018107,0.07197514685593034,1.0738555447359297e-05,7.929332097630593e-07,3.7959334148736686e-12,4.448787231475686e-12,7.202273776807096e-13,1.6881952402169804e-12,2.130656389670176e-07,2.654430384390731e-07,0.20321039841243613,0.2681701316403691,5.48746999135042e-15,1.3267688453018945e-14,6.135726067831798e-13,1.52881128873832e-12,4.500419770254401e-12,4.624321628137194e-12,6.6230118453833235e-06,7.294393294656285e-06,0.01481476431582098,0.01741047186565063,0.2557655478661739,0.5247897741689574,0.0324183435724223,0.10451112733977586,1.227323107738389e-07,2.6088949905398494e-07,2.702447074696771e-06,5.9440833286301875e-06,1.5673940767592254e-06,3.678985098150344e-06,4.06924271035784e-05,8.362547511688518e-05,1.1520122679313562e-08,2.45252144639999e-08,2.743879983124434e-06,6.044059777485135e-06,7.539059644305755e-11,2.265887390635337e-10,1.924500154491092e-18,1.9746643715213143e-18,9.316312456249798e-12,1.0934982436952428e-11,6.356424596045715e-12,1.3513580985303697e-11,2.2544698605338562e-15,4.296833788216979e-15,1.320956076321166e-08,2.6151726206153562e-08,4.361547454789885e-19,1.3110042020485988e-18,0.006352118364724746,0.013035386657919073,3.4170631497550662e-31,9.99999999999885e-31,1.2697914511236929e-09,4.101773310536718e-09,5.295423411655219e-11,1.6697583146167903e-10
0.803,1396.0290740028627,5.016453925991857,0.17480409182379125,6.225526151835514,0.48738856485453574,0.07197838451106198,1.0730569445113283e-05,7.923545085362592e-07,3.789158562193951e-12,4.440908748975958e-12,7.188874778381494e-13,1.6850779071183592e-12,2.1284393884256364e-07,2.651705142077569e-07,0.20319945550492177,0.2681594079623442,5.4772047882992726e-15,1.324305266871592e-14,6.127460187745276e-13,1.5267728812083496e-12,4.490427853976434e-12,4.6141185851664125e-12,6.614757886352201e-06,7.285403616225013e-06,0.014807744666784847,0.017402463536956167,0.2557678150385154,0.524801701027589,0.0324190515955558,0.10451485870547744,1.226733849150025e-07,2.607678564473067e-07,2.7025807287524305e-06,5.944459707436411e-06,1.5658915509019513e-06,3.6755093228443194e-06,4.062204588164949e-05,8.34819945738673e-05,1.149796729365154e-08,2.447838714282599e-08,2.74053933332922e-06,6.036784871790394e-06,7.525621136459031e-11,2.261879761050161e-10,1.923749741169894e-18,1.9739217610470684e-18,9.30938680538189e-12,1.0927004957449843e-11,6.351131103442271e-12,1.3502514344616478e-11,2.2520721887991852e-15,4.2923235251531996e-15,1.3209384446511063e-08,2.615173966645762e-08,4.357120411081095e-19,1.3096916662343805e-18,0.006352030309433276,0.01303538665792971,3.417015781225057e-31,9.999999999998829e-31,1.267331003179675e-09,4.093882142284102e-09,5.288475452856136e-11,1.667590593883987e-10
0.804,1395.950660578887,5.0166202034075225,0.17479829788854045,6.2312470313410895,0.487403701754423,0.07198161563238074,1.0722597035643256e-05,7.917767711061235e-07,3.782402726159455e-12,4.4330522022618176e-12,7.175514974787315e-13,1.6819696242997352e-12,2.126227001950297e-07,2.648985493695654e-07,0.20318853363497633,0.26814870366475674,5.466969615926844e-15,1.3218488413436354e-14,6.119214308060233e-13,1.5247393547347461e-12,4.480469513901315e-12,4.603949622038336e-12,6.606524593563106e-06,7.276436230972141e-06,0.014800740178645435,0.01739447227946821,0.25577007444836225,0.5248135964641293,0.032419760876456524,0.10451859107797376,1.2261454026222813e-07,2.6064637523145337e-07,2.702714137069649e-06,5.94483537689934e-06,1.5643925741014415e-06,3.6720416710179285e-06,4.055188480145488e-05,8.333895995736149e-05,1.1475884327502256e-08,2.4431711964976512e-08,2.7372079217726567e-06,6.029529932605182e-06,7.512222439659214e-11,2.2578839179320172e-10,1.922999684166064e-18,1.9731794361007545e-18,9.302474028523171e-12,1.0919042038754096e-11,6.345847204975732e-12,1.34914673877196e-11,2.2496794858067105e-15,4.2878224780234095e-15,1.3209208515515195e-08,2.615175310219247e-08,4.352701765920613e-19,1.3083815791026936e-18,0.006351942445674751,0.013035386657940391,3.416968515728415e-31,9.99999999999883e-31,1.2648790631499712e-09,4.086018115687297e-09,5.2815461266196035e-11,1.6654286382332314e-10
0.805,1395.8723315977113,5.016786393396445,0.17479250738344182,6.236968100367271,0.4874188086041428,0.07198484024174713,1.0714638171958042e-05,7.911999941747526e-07,3.775665825068134e-12,4.42521749764288e-12,7.162194193048275e-13,1.6788703520403055e-12,2.1240192129568234e-07,2.646271418452143e-07,0.20317763273013714,0.2681380186807951,5.456764341835813e-15,1.3193995373576006e-14,6.110988348261863e-13,1.5227106897952684e-12,4.4705445893132985e-12,4.593814576403194e-12,6.598311884173164e-06,7.2674910501225324e-06,0.014793750801130108,0.017386498037288433,0.25577232611987577,0.5248254605787136,0.0324204714128655,0.10452232446022912,1.225557765471427e-07,2.6052505487989144e-07,2.702847300422064e-06,5.945210339256936e-06,1.5628971325700164e-06,3.6685821113282485e-06,4.048194284924156e-05,8.319636922379182e-05,1.1453873437644843e-08,2.4385188212733182e-08,2.7338857098505574e-06,6.022294876983232e-06,7.498863377548092e-11,2.2538998093516405e-10,1.9222499822559767e-18,1.972437395704755e-18,9.295574074855642e-12,1.091109362364046e-11,6.340572866767021e-12,1.3480440045760005e-11,2.2472917330870592e-15,4.2833306128467135e-15,1.3209032968941504e-08,2.615176651345449e-08,4.348291488584737e-19,1.307073931770123e-18,0.006351854772808424,0.013035386657951013,3.4169213529204734e-31,9.999999999998822e-31,1.2624355892709714e-09,4.078181098081915e-09,5.274635353001276e-11,1.6632724230579304e-10
0.806,1395.7940867817665,5.0169524962519,0.17478672029763423,6.242689358814693,0.48743388550376604,0.0719880583606059,1.0706692807534705e-05,7.90624174477846e-07,3.7689477779051604e-12,4.417404542219745e-12,7.148912261099968e-13,1.675780050827124e-12,2.1218160043115781e-07,2.643562895741127e-07,0.20316675272040166,0.26812735294675094,5.446588834388995e-15,1.3169573237322048e-14,6.102782228727096e-13,1.5206868670863533e-12,4.4606529207270665e-12,4.5837132871541524e-12,6.590119675964083e-06,7.258567985572878e-06,0.014786776484198504,0.017378540754773537,0.2557745700791978,0.5248372934752983,0.032421183200432704,0.10452605884841608,1.2249709350693012e-07,2.604038948776654e-07,2.7029802195924874e-06,5.945584596764811e-06,1.5614052127394537e-06,3.6651306129411e-06,4.0412219025158957e-05,8.305422035786276e-05,1.1431934285248317e-08,2.433881517762606e-08,2.7305726595563636e-06,6.015079623280709e-06,7.48554377503687e-11,2.249927383753611e-10,1.9215006341023024e-18,1.9716956387634027e-18,9.288686898519989e-12,1.0903159660690409e-11,6.3353080552384444e-12,1.3469432250506984e-11,2.2449089123143177e-15,4.2788478959081936e-15,1.3208857805509101e-08,2.61517799003305e-08,4.343889550021078e-19,1.305768715853545e-18,0.006351767290196753,0.013035386657961624,3.416874292458263e-31,9.999999999998818e-31,1.2600005403593046e-09,4.0703709586606275e-09,5.2677430527700475e-11,1.661121923972318e-10
0.807,1395.7159258541883,5.017118512267705,0.1747809366202408,6.2484108065843245,0.48744893255200267,0.07199127001016889,1.0698760896268037e-05,7.900493087809762e-07,3.76224850427604e-12,4.409613243805742e-12,7.135669007914114e-13,1.6726986813842642e-12,2.1196173590151026e-07,2.6408599051193453e-07,0.20315589353698993,0.26811670640038554,5.436442962794972e-15,1.3145221694860442e-14,6.094595870557554e-13,1.5186678674815191e-12,4.450794349818137e-12,4.573645594355969e-12,6.581947887291007e-06,7.249666949835479e-06,0.014779817178047336,0.01737060037654097,0.2557768063532075,0.5248490952591094,0.032421896233956665,0.10452979423591167,1.2243849088278203e-07,2.602828947181046e-07,2.7031128953652333e-06,5.945958151679345e-06,1.5599168012022843e-06,3.6616871453933014e-06,4.034271234018411e-05,8.291251136624302e-05,1.1410066534982486e-08,2.4292592158541774e-08,2.7272687333301795e-06,6.007884090823797e-06,7.472263458226596e-11,2.2459665899324935e-10,1.9207516383108804e-18,1.9709541641213306e-18,9.281812456232989e-12,1.0895240101495297e-11,6.330052737088539e-12,1.3458443934298766e-11,2.2425310052970613e-15,4.27437429374186e-15,1.3208683023941066e-08,2.615179326290225e-08,4.339495922245876e-19,1.304465923289001e-18,0.006351679997205317,0.013035386657972235,3.4168273340005006e-31,9.99999999999882e-31,1.2575738756836536e-09,4.062587568059269e-09,5.2608691473136816e-11,1.6589771167817268e-10
0.808,1395.6378485418795,5.017284441728697,0.17477515634070076,6.25413244357746,0.4874639498505744,0.07199447521206556,1.0690842391875273e-05,7.894753938356875e-07,3.7555679238913945e-12,4.401843510323452e-12,7.122464263660196e-13,1.6696262047108692e-12,2.1174232600509412e-07,2.638162426118036e-07,0.2031450551079652,0.26810607897516825,5.426326597060493e-15,1.3120940438262082e-14,6.086429194539268e-13,1.5166536717722709e-12,4.4409687188563736e-12,4.5636113386633675e-12,6.573796436652517e-06,7.240787855565212e-06,0.014772872833106108,0.01736267684746509,0.2557790349652316,0.5248608660278751,0.032422610511703844,0.10453353062723013,1.223799684098469e-07,2.601620538814757e-07,2.7032453285009987e-06,5.946331006202829e-06,1.5584318843717336e-06,3.658251677794716e-06,4.027342179793177e-05,8.277124024018956e-05,1.1388269849696739e-08,2.4246518450396813e-08,2.7239738931659267e-06,6.000708197942366e-06,7.459022253845201e-11,2.2420173768638338e-10,1.9200029937030013e-18,1.970212970843004e-18,9.274950696436476e-12,1.0887334887919922e-11,6.3248068789586374e-12,1.3447475029334609e-11,2.2401579938589475e-15,4.269909772903379e-15,1.3208508622974387e-08,2.615180660126786e-08,4.335110574839396e-19,1.3031655452783052e-18,0.006351592893202407,0.01303538665798286,3.416780477207362e-31,9.99999999999883e-31,1.2551555542301248e-09,4.05483079598404e-09,5.254013558053955e-11,1.6568379772982989e-10
0.809,1395.5598545691641,5.0174502849303915,0.17476937944808435,6.259854269695731,0.48747893749530774,0.07199767398701908,1.068293724883963e-05,7.88902426449083e-07,3.748905957423347e-12,4.3940952508080296e-12,7.109297859171241e-13,1.666562581955767e-12,2.1152336906394307e-07,2.635470438558848e-07,0.20313423736714648,0.2680954706120072,5.416239607848507e-15,1.3096729161138315e-14,6.078282122955906e-13,1.5146442611197683e-12,4.43117587162426e-12,4.5536103622642804e-12,6.565665243399929e-06,7.231930616340023e-06,0.01476594340004298,0.017354770112682116,0.25578125594381423,0.5248726058897591,0.03242332602659551,0.10453726800959649,1.2232152583470195e-07,2.600413718720943e-07,2.703377519788117e-06,5.94670316259549e-06,1.5569504490873776e-06,3.6548241802495463e-06,4.020434642665664e-05,8.263040502131092e-05,1.1366543899739771e-08,2.4200593363977554e-08,2.7206881021892025e-06,5.993551865445185e-06,7.445819990191192e-11,2.2380796939876026e-10,1.9192546988067895e-18,1.9694720576905813e-18,9.268101581002138e-12,1.0879443977579012e-11,6.319570447953059e-12,1.3436525468779267e-11,2.2377898600247407e-15,4.265454300324186e-15,1.3208334601339775e-08,2.6151819915498786e-08,4.330733481190311e-19,1.3018675741659795e-18,0.006351505977559773,0.013035386657993494,3.416733721740895e-31,9.999999999998871e-31,1.2527455360004045e-09,4.0471005154048554e-09,5.2471762074623967e-11,1.6547044816611219e-10
0.81,1395.4819436660755,5.0176160421533895,0.17476360593198448,6.265576284841088,0.4874938955876532,0.07200086635655704,1.067504542118607e-05,7.883304033935282e-07,3.7422625253899394e-12,4.386368374100349e-12,7.096169626624273e-13,1.6635077745772448e-12,2.1130486339086386e-07,2.632783922144229e-07,0.20312344024258208,0.26808488124407315,5.406181866650868e-15,1.3072587559060613e-14,6.07015457723426e-13,1.5126396164683397e-12,4.421415652211632e-12,4.543642507642083e-12,6.557554226816487e-06,7.223095145647766e-06,0.014759028829767332,0.01734688011759549,0.2557834693113505,0.5248843149401066,0.0324240427776221,0.10454100638976142,1.2226316289269363e-07,2.599208481701903e-07,2.703509469975704e-06,5.9470746230292355e-06,1.5554724818293412e-06,3.6514046220122772e-06,4.013548523766207e-05,8.249000371610116e-05,1.1344888350841129e-08,2.41548162001432e-08,2.7174113226087226e-06,5.986415012108029e-06,7.432656495900475e-11,2.2341534908378847e-10,1.9185067525168014e-18,1.9687314238010214e-18,9.261265057968889e-12,1.0871567311836861e-11,6.3143434109634085e-12,1.342559518532825e-11,2.2354265857786388e-15,4.261007842851446e-15,1.3208160957787294e-08,2.6151833205694018e-08,4.326364610338886e-19,1.3005720009874495e-18,0.006351419249651749,0.013035386658004057,3.4166870672645247e-31,9.999999999998873e-31,1.2503437803240947e-09,4.039396597103964e-09,5.2403570177408205e-11,1.6525766059203888e-10
0.811,1395.4041155599862,5.017781713689019,0.1747578357816234,6.271298488915814,0.4875088242232399,0.0720040523413145,1.0667166863907018e-05,7.877593215118686e-07,3.7356375494031006e-12,4.378662790309423e-12,7.083079398981236e-13,1.6604617442118822e-12,2.1108680732611783e-07,2.630102856914241e-07,0.2031126636680135,0.26807431081190397,5.396153245775331e-15,1.3048515329528278e-14,6.062046480520725e-13,1.5106397191873909e-12,4.411687906367204e-12,4.5337076189642e-12,6.549463307146616e-06,7.21428135801932e-06,0.0147521290734027,0.017339006807842536,0.25578567509542216,0.5248959932846564,0.032424760758465336,0.10454474575730803,1.222048793329261e-07,2.5980048228500614e-07,2.7036411798414762e-06,5.947445389736268e-06,1.5539979695695808e-06,3.6479929734856843e-06,4.0066837270690746e-05,8.235003438922309e-05,1.1323302877362461e-08,2.410918627803743e-08,2.7141435179481875e-06,5.979297559589871e-06,7.419531601292551e-11,2.2302387174473628e-10,1.9177591533974754e-18,1.9679910679711376e-18,9.254441087296483e-12,1.086370484603721e-11,6.309125735462962e-12,1.3414684112895649e-11,2.2330681533464163e-15,4.256570367785493e-15,1.3207987691061674e-08,2.6151846471928806e-08,4.322003935935819e-19,1.2992788181620447e-18,0.006351332708855931,0.013035386658014588,3.4166405134434377e-31,9.999999999998871e-31,1.2479502476948587e-09,4.031718915607505e-09,5.233555912256708e-11,1.650454326489918e-10
0.812,1395.3263699825643,5.017947299818125,0.17475206898659168,6.277020881822514,0.4875237235013093,0.07200723196243136,1.0659301531564302e-05,7.87189177614235e-07,3.729030950985264e-12,4.370978409425721e-12,7.070027010296375e-13,1.6574244527467455e-12,2.108691992028286e-07,2.627427222815729e-07,0.20310190757341828,0.2680637592509394,5.386153618170434e-15,1.3024512171546077e-14,6.053957755303853e-13,1.50864455047908e-12,4.40199248020401e-12,4.523805540752206e-12,6.54139240461879e-06,7.205489167952825e-06,0.01474524408232288,0.017331150129337988,0.25578787331944036,0.5249076410203701,0.032425479966892,0.10454848611494463,1.2214667489507506e-07,2.5968027370552195e-07,2.7037726501346756e-06,5.94781546488389e-06,1.5525268989969213e-06,3.6445892044019057e-06,3.999840155222981e-05,8.221049507782119e-05,1.1301787150093864e-08,2.4063702909107546e-08,2.7108846510015684e-06,5.972199427928894e-06,7.406445137112902e-11,2.2263353239694935e-10,1.917011900298428e-18,1.96725098928911e-18,9.247629620643084e-12,1.0855856525765617e-11,6.303917388720243e-12,1.3403792184942924e-11,2.2307145449169313e-15,4.252141842349276e-15,1.3207814799921915e-08,2.6151859714294963e-08,4.3176514280083017e-19,1.2979880170178585e-18,0.0063512463545527175,0.01303538665802505,3.416594059944328e-31,9.999999999998847e-31,1.2455648980893103e-09,4.024067343754875e-09,5.226772814220453e-11,1.6483376197301424e-10
0.8130000000000001,1395.2487066650215,5.018112800825332,0.1747463055363512,6.282743463464115,0.48753859351845946,0.07201040524062848,1.0651449379494338e-05,7.866199685670492e-07,3.722442652537235e-12,4.363315142455719e-12,7.057012295671466e-13,1.6543958623089355e-12,2.1065203737522864e-07,2.624757000054294e-07,0.20309117189130052,0.26805322649982316,5.3761828577494966e-15,1.300057778640806e-14,6.045888325303651e-13,1.506654091849138e-12,4.392329221254524e-12,4.513936118966282e-12,6.533341440243242e-06,7.1967184907924425e-06,0.01473837380810173,0.01732331002821505,0.2557900640088936,0.524919258248253,0.03242620039848279,0.10455222745828585,1.2208854932806783e-07,2.5956022194016833e-07,2.7039038816157413e-06,5.948184850661757e-06,1.551059257123152e-06,3.641193285245262e-06,3.993017712848984e-05,8.207138385930524e-05,1.1280340845931263e-08,2.4018365417709716e-08,2.7076346854468277e-06,5.96512053909758e-06,7.393396935520395e-11,2.2224432609753538e-10,1.9162649918925515e-18,1.9665111866604953e-18,9.240830613585939e-12,1.0848022301194994e-11,6.298718338482817e-12,1.33929193359329e-11,2.228365742882613e-15,4.247722234146808e-15,1.3207642283129044e-08,2.6151872932876676e-08,4.31330705949219e-19,1.296699589755436e-18,0.006351160186125408,0.013035386658035537,3.416547706435439e-31,9.99999999999885e-31,1.2431876922896392e-09,4.0164417569717904e-09,5.220007647726854e-11,1.6462264622765782e-10
0.8140000000000001,1395.1711253401882,5.018278216992978,0.17474054542044648,6.288466233743868,0.48755343437125526,0.07201357219659109,1.064361036298378e-05,7.860516912321305e-07,3.715872576714431e-12,4.355672900690757e-12,7.044035091064137e-13,1.6513759352206506e-12,2.104353202006287e-07,2.6220921688695846e-07,0.20308045655405002,0.2680427124969105,5.366240838998021e-15,1.2976711876748163e-14,6.037838114318635e-13,1.5046683248195417e-12,4.38269797777939e-12,4.504099200294874e-12,6.5253103352962675e-06,7.187969242160227e-06,0.014731518202553811,0.017315486450872754,0.2557922471887142,0.5249308450679357,0.03242692204927861,0.10455596978438152,1.220305023785331e-07,2.5944032649226507e-07,2.7040348750379507e-06,5.948553549241342e-06,1.5495950309241243e-06,3.6378051864096807e-06,3.986216304546175e-05,8.193269881036083e-05,1.125896364199058e-08,2.3973173128577217e-08,2.70439358487581e-06,5.958060814865493e-06,7.380386829472725e-11,2.2185624792689132e-10,1.9155184269287436e-18,1.9657716590675234e-18,9.234044021861933e-12,1.0840202122672273e-11,6.2935285525038e-12,1.3382065500322709e-11,2.2260217296731003e-15,4.243311510845976e-15,1.3207470139450043e-08,2.615188612775753e-08,4.3089708023007755e-19,1.2954135282659505e-18,0.006351074202960217,0.013035386658045952,3.416501452586593e-31,9.99999999999881e-31,1.2408185910897308e-09,4.008842030705553e-09,5.2132603371212055e-11,1.644120830839896e-10
0.8150000000000001,1395.0936257421304,5.018443548602213,0.1747347886284664,6.294189192565344,0.4875682461557017,0.07201673285089137,1.0635784437428016e-05,7.854843424784056e-07,3.7093206465358255e-12,4.348051595834843e-12,7.031095233311836e-13,1.6483646340048492e-12,2.1021904604274064e-07,2.6194327095767343e-07,0.20306976149447273,0.2680322171809689,5.356327437029068e-15,1.2952914146674477e-14,6.029807046440284e-13,1.5026872309819793e-12,4.373098598871656e-12,4.494294632261973e-12,6.517299011410614e-06,7.179241338055795e-06,0.014724677217734001,0.017307679343975643,0.25579442288379484,0.5249424015787361,0.032427644915254794,0.10455971309002199,1.2197253379305916e-07,2.5932058686482353e-07,2.70416563115113e-06,5.948921562784102e-06,1.548134207407397e-06,3.634424878357533e-06,3.979435835263746e-05,8.179443801459867e-05,1.1237655216693203e-08,2.3928125369132248e-08,2.7011613129779808e-06,5.951020177204143e-06,7.36741465281687e-11,2.2146929299142776e-10,1.9147722041830034e-18,1.965032405518923e-18,9.22726980235795e-12,1.0832395941881175e-11,6.288347998630797e-12,1.3371230612753042e-11,2.2236824877857603e-15,4.2389096402367626e-15,1.320729836765723e-08,2.6151899299019395e-08,4.304642628062244e-19,1.2941298243529025e-18,0.006350988404446454,0.01303538665805642,3.416455298069271e-31,9.999999999998817e-31,1.2384575554412817e-09,4.001268040897226e-09,5.206530807114494e-11,1.642020702242281e-10
0.8160000000000001,1395.0162076054994,5.0186087959349095,0.17472903514997778,6.299912339832435,0.48758302896650174,0.07201988722387977,1.062797155883347e-05,7.849179192190206e-07,3.702786785758248e-12,4.340451140443562e-12,7.018192560364291e-13,1.645361921439814e-12,2.1000321328226643e-07,2.6167786026983634e-07,0.2030590866465527,0.2680217404921883,5.3464425279324915e-15,1.2929184302614288e-14,6.0217950466941e-13,1.5007107921576513e-12,4.3635309349004054e-12,4.48452226368328e-12,6.509307390892262e-06,7.170534695205492e-06,0.014717850805906698,0.017299888654417877,0.2557965911197616,0.5249539278812522,0.03242836899155045,0.1045634573692548,1.2191464332454885e-07,2.5920100257406184e-07,2.704296150707948e-06,5.949288893455413e-06,1.5466767738063653e-06,3.631052332075458e-06,3.972676211397711e-05,8.165659958510003e-05,1.1216415253034994e-08,2.388322147644763e-08,2.6979378340697517e-06,5.943998549453327e-06,7.354480240676325e-11,2.2108345643521837e-10,1.914026322335704e-18,1.9642934249240034e-18,9.220507913372642e-12,1.0824603712149791e-11,6.283176645101092e-12,1.3360414608676086e-11,2.2213479998904312e-15,4.23451659043102e-15,1.3207126966527287e-08,2.6151912446740866e-08,4.3003225102732543e-19,1.2928484703795915e-18,0.006350902789976231,0.013035386658066871,3.416409242556472e-31,9.999999999998833e-31,1.2361045468897532e-09,3.993719665390324e-09,5.1998189831393976e-11,1.6399260535297556e-10
0.8170000000000001,1394.9388706691852,5.018773959262393,0.1747232849749176,6.305635675449342,0.48759778290209427,0.07202303533643276,1.0620171682789479e-05,7.843524183354565e-07,3.696270918045786e-12,4.332871446950776e-12,7.005326911241782e-13,1.6423677605494937e-12,2.097878202927621e-07,2.6141298286639916e-07,0.2030484319403967,0.26801128236552174,5.336585988430562e-15,1.2905522052482292e-14,6.013802039453955e-13,1.4987389900022064e-12,4.353994836573878e-12,4.474781943703734e-12,6.501335396020152e-06,7.161849230291442e-06,0.014711038919563895,0.017292114329345444,0.2557987519180018,0.5249654240671859,0.03242909427746859,0.10456720262951238,1.2185683071663987e-07,2.5908157311629567e-07,2.704426434432569e-06,5.949655543355915e-06,1.54522271707332e-06,3.6276875178844764e-06,3.965937338033107e-05,8.151918160773813e-05,1.119524343048342e-08,2.383846077999539e-08,2.6947231117447384e-06,5.936995853347847e-06,7.341583428563848e-11,2.2069873341334462e-10,1.9132807803510445e-18,1.9635547164821736e-18,9.213758303534767e-12,1.0816825375441585e-11,6.278014459953858e-12,1.3349617423106442e-11,2.219018248620457e-15,4.230132329464379e-15,1.320695593485199e-08,2.6151925571019857e-08,4.2960104188839856e-19,1.2915694576412545e-18,0.006350817358944249,0.013035386658077274,3.416363285722578e-31,9.999999999998825e-31,1.2337595264694232e-09,3.986196780361201e-09,5.1931247904622914e-11,1.6378368616922347e-10
0.8180000000000001,1394.861614668684,5.018939038868805,0.1747175380927795,6.311359199320592,0.48761250805421796,0.0720261772084057,1.0612384765983736e-05,7.837878367893908e-07,3.689772968237618e-12,4.325312429154532e-12,6.992498125673187e-13,1.6393821145185574e-12,2.0957286547809102e-07,2.611486368276546e-07,0.20303779731269642,0.2680008427444736,5.326757696033925e-15,1.288192710605702e-14,6.005827951013441e-13,1.4967718066464567e-12,4.34449015630724e-12,4.465073523203025e-12,6.49338295010013e-06,7.153184861112087e-06,0.014704241511398495,0.017284356316123475,0.25580090530598026,0.5249768902404729,0.03242982076610755,0.10457094885817123,1.217990957290308e-07,2.5896229802176357e-07,2.7045564830836107e-06,5.950021514659534e-06,1.5437720247230575e-06,3.6243304074202317e-06,3.959219123462517e-05,8.138218223404982e-05,1.1174139438157092e-08,2.379384262970882e-08,2.691517111099444e-06,5.930012013920663e-06,7.328724053721383e-11,2.203151191321631e-10,1.912535576802269e-18,1.9628162789902884e-18,9.207020935757248e-12,1.0809060890475918e-11,6.272861411880422e-12,1.3338838992428147e-11,2.2166932168731174e-15,4.225756825868657e-15,1.3206785271415212e-08,2.615193867192598e-08,4.291706329264934e-19,1.2902927790607497e-18,0.006350732110748324,0.013035386658087686,3.4163174272436475e-31,9.999999999998833e-31,1.231422456519274e-09,3.9786992661858e-09,5.186448155611715e-11,1.6357531041139325e-10
0.8190000000000001,1394.7844393438081,5.019104035027727,0.1747117944934278,6.317082911351022,0.4876272045182397,0.0720293128601612,1.0604610764589556e-05,7.832241715036253e-07,3.683292861018852e-12,4.31777400065927e-12,6.979706044382622e-13,1.6364049467596975e-12,2.0935834723327462e-07,2.608848202224655e-07,0.20302718269636083,0.2679904215674259,5.3169575288058515e-15,1.2858399174411557e-14,5.997872706912808e-13,1.4948092240302938e-12,4.335016746791096e-12,4.455396853324724e-12,6.485449976368326e-06,7.144541505374534e-06,0.014697458534354538,0.01727661456239603,0.2558030513069845,0.5249883264962564,0.03243054845466249,0.10457469605577219,1.2174143811103975e-07,2.58843176798421e-07,2.7046862973907747e-06,5.950386809474301e-06,1.5423246839610043e-06,3.6209809715863033e-06,3.952521474488639e-05,8.124559958468693e-05,1.1153102961115065e-08,2.3749366366789728e-08,2.6883197964238553e-06,5.923046954415194e-06,7.315901953739748e-11,2.1993260880782566e-10,1.911790710561298e-18,1.9620781115504703e-18,9.200295765299738e-12,1.0801310206974722e-11,6.267717469317896e-12,1.3328079252467968e-11,2.214372887490149e-15,4.221390048063042e-15,1.3206614975014321e-08,2.6151951749543964e-08,4.2874102128409974e-19,1.28901842637284e-18,0.006350647044789043,0.01303538665809804,3.416271666797232e-31,9.999999999998803e-31,1.229093298797992e-09,3.971227001349683e-09,5.1797890048990025e-11,1.633674758106886e-10
0.8200000000000001,1394.7073444352977,5.019268948012229,0.17470605416674756,6.322806811445782,0.48764187238885637,0.07203244231193592,1.0596849635246459e-05,7.826614194345315e-07,3.6768305216815595e-12,4.310256075768124e-12,6.966950509157218e-13,1.6334362209296021e-12,2.0914426396672245e-07,2.606215311359745e-07,0.20301658802485203,0.2679800187733677,5.3071853656973185e-15,1.28349379707245e-14,5.989936233401869e-13,1.4928512242673215e-12,4.325574461818459e-12,4.445751786326466e-12,6.477536398618045e-06,7.135919081385403e-06,0.014690689941574367,0.017268889016024486,0.25580518994444224,0.5249997329297618,0.032431277340091984,0.1045784442220507,1.2168385761625814e-07,2.5872420896310287e-07,2.7048158780830233e-06,5.950751429904497e-06,1.5408806821493674e-06,3.6176391816486913e-06,3.9458442989823264e-05,8.110943180199963e-05,1.1132133687858007e-08,2.3705031339682042e-08,2.685131132452462e-06,5.916100599041763e-06,7.303116967316646e-11,2.1955119768907647e-10,1.9110461804526192e-18,1.9613402132149623e-18,9.193582746846726e-12,1.0793573273972118e-11,6.26258260100754e-12,1.3317338139683126e-11,2.2120572434535853e-15,4.2170319647275624e-15,1.3206445044452981e-08,2.6151964803960015e-08,4.2831220422335583e-19,1.2877463916701528e-18,0.006350562160469727,0.013035386658108423,3.4162260040623534e-31,9.999999999998803e-31,1.2267720155048462e-09,3.963779865746612e-09,5.17314726522153e-11,1.631601801164348e-10
0.8210000000000001,1394.6303296835445,5.019433778099013,0.17470031710250028,6.328530899510334,0.48765651175805985,0.0720355655835356,1.0589101334847395e-05,7.820995775562887e-07,3.6703858760182296e-12,4.302758569357843e-12,6.95423136244573e-13,1.6304759008347832e-12,2.089306140975904e-07,2.6035876766629804e-07,0.20300601323419612,0.26796963430453286,5.297441086164532e-15,1.281154320935449e-14,5.982018457358499e-13,1.4908977896244744e-12,4.316163156137215e-12,4.436138175428201e-12,6.469642141109278e-06,7.1273175079507915e-06,0.014683935686433388,0.017261179625127385,0.2558073212438813,0.525011109640286,0.032432007417148,0.1045821933495774,1.2162635400156092e-07,2.586053940394038e-07,2.704945225898372e-06,5.951115378071806e-06,1.5394400068010006e-06,3.6143050092212316e-06,3.939187505767474e-05,8.097367704766787e-05,1.1111231309917618e-08,2.3660836903196896e-08,2.6819510843212765e-06,5.909172872882636e-06,7.290368934178035e-11,2.1917088105487993e-10,1.910301985217782e-18,1.960602582949567e-18,9.186881841523316e-12,1.0785850048050637e-11,6.2574567758610215e-12,1.3306615590876162e-11,2.209746267839066e-15,4.2126825447138604e-15,1.3206275478534634e-08,2.615197783524732e-08,4.278841791030299e-19,1.286476667333924e-18,0.006350477457196694,0.01303538665811877,3.4161804387196497e-31,9.999999999998794e-31,1.224458569241458e-09,3.956357740554936e-09,5.166522864020317e-11,1.6295342109473428e-10
0.8220000000000001,1394.5533948323382,5.019598525556673,0.17469458329073254,6.334255175450452,0.487671122720583,0.07203868269514667,1.0581365820429336e-05,7.815386428528901e-07,3.663958850133231e-12,4.2952813966583235e-12,6.94154844797851e-13,1.6275239505771398e-12,2.0871739604959874e-07,2.6009652791685166e-07,0.20299545825755747,0.26795926809926573,5.2877245706380116e-15,1.2788214606976283e-14,5.97411930572783e-13,1.4889489023824266e-12,4.306782685288953e-12,4.426555874647144e-12,6.461767128418602e-06,7.118736704211738e-06,0.01467719572250728,0.017253486338043703,0.25580944522759846,0.5250224567203092,0.03243273868372981,0.10458594344103309,1.2156892702182732e-07,2.584867315464806e-07,2.7050743415541143e-06,5.95147865605043e-06,1.538002645368618e-06,3.610978425771122e-06,3.9325510035939014e-05,8.083833348159838e-05,1.109039551896005e-08,2.3616782412347718e-08,2.6787796170455993e-06,5.902263700742087e-06,7.277657694835528e-11,2.1879165420715512e-10,1.909558123737876e-18,1.9598652198621795e-18,9.180193002377562e-12,1.0778140476298164e-11,6.252339962918436e-12,1.3295911543107098e-11,2.2074399438001842e-15,4.208341757015816e-15,1.3206106276075912e-08,2.6151990843495217e-08,4.274569431684436e-19,1.2852092454025283e-18,0.006350392934378718,0.013035386658129105,3.4161349704510786e-31,9.999999999998801e-31,1.2221529225884106e-09,3.94896050687012e-09,5.1599157289643223e-11,1.627471965185284e-10
0.8230000000000001,1394.4765396246703,5.019763190658733,0.1746888527213223,6.339979639172217,0.48768570536796463,0.07204179366645283,1.0573643049380997e-05,7.809786123334124e-07,3.6575493707057605e-12,4.287824473560526e-12,6.92890161012962e-13,1.6245803344042846e-12,2.0850460825941952e-07,2.598348100067796e-07,0.20298492303116533,0.2679489200998189,5.278035700072333e-15,1.276495188149091e-14,5.966238706234222e-13,1.4870045450129077e-12,4.2974329058460984e-12,4.417004739041242e-12,6.45391128564896e-06,7.110176589874742e-06,0.014670470003588747,0.017245809103350978,0.25581156192051047,0.5250337742674539,0.03243347113501745,0.10458969449028128,1.2151157643677482e-07,2.5836822101355915e-07,2.7052032257799857e-06,5.95184126593947e-06,1.5365685855057614e-06,3.6076594032313073e-06,3.925934702434738e-05,8.070339928858786e-05,1.1069626010471282e-08,2.3572867230196386e-08,2.675616696175412e-06,5.895373008589933e-06,7.264983090896658e-11,2.1841351248008703e-10,1.9088145947719735e-18,1.9591281229341622e-18,9.173516189270556e-12,1.0770444513788506e-11,6.247232131446026e-12,1.3285225933900059e-11,2.2051382546030993e-15,4.204009570835172e-15,1.3205937435892845e-08,2.6152003828779466e-08,4.270304938223591e-19,1.2839441183858161e-18,0.006350308591427578,0.013035386658139421,3.4160895989402047e-31,9.9999999999988e-31,1.2198550386365514e-09,3.941588047421178e-09,5.15332578834513e-11,1.6254150418003274e-10
0.8240000000000001,1394.3997638060869,5.019927773673302,0.17468312538433886,6.3457042905820185,0.48770025979312864,0.07204489851731573,1.0565932978977013e-05,7.804194829976625e-07,3.65115736457204e-12,4.280387716127045e-12,6.916290694206206e-13,1.6216450167775242e-12,2.082922491641904e-07,2.595736120554128e-07,0.2029744074897256,0.2679385902463127,5.268374356038566e-15,1.2741754752250296e-14,5.958376586480803e-13,1.485064699954395e-12,4.288113674971197e-12,4.407484624256606e-12,6.4460745380865835e-06,7.1016370848343225e-06,0.014663758483699243,0.01723814786988021,0.2558136713456026,0.5250450623751745,0.03243420476802738,0.10459344649706528,1.2145430200213657e-07,2.582498619611912e-07,2.705331879291053e-06,5.952203209803645e-06,1.5351378147625032e-06,3.6043479132862916e-06,3.91933851188769e-05,8.056887264546592e-05,1.1048922479125045e-08,2.352909071799148e-08,2.6724622870033177e-06,5.88850072181681e-06,7.252344964611869e-11,2.1803645122652603e-10,1.908071397216966e-18,1.958391291287147e-18,9.16685135889853e-12,1.0762762111867596e-11,6.2421332506801295e-12,1.3274558700699654e-11,2.202841183536025e-15,4.199685955409267e-15,1.3205768956810162e-08,2.6152016791182195e-08,4.2660482829636095e-19,1.2826812782771631e-18,0.006350224427757687,0.013035386658149711,3.4160443238720274e-31,9.999999999998811e-31,1.2175648803422467e-09,3.934240244487766e-09,5.1467529705784115e-11,1.6233634187502526e-10
0.8250000000000001,1394.3230671219462,5.020092274871436,0.1746774012697517,6.351429129586554,0.4877147860868125,0.0720479972672456,1.0558235567210743e-05,7.798612518976733e-07,3.644782759370502e-12,4.272971041348451e-12,6.9037155465193e-13,1.6187179623884615e-12,2.0808031722039922e-07,2.593129322057985e-07,0.20296391157001542,0.26792827848147405,5.2587404210279274e-15,1.2718622940791655e-14,5.95053287518289e-13,1.4831293499195056e-12,4.278824851128812e-12,4.397995387259265e-12,6.43825681174092e-06,7.0931181097677645e-06,0.014657061117050663,0.01723050258667043,0.2558157735275123,0.5250563211400998,0.032434939578029634,0.10459719945545157,1.2139710348200927e-07,2.5813165392750416e-07,2.705460302811079e-06,5.952564489724552e-06,1.5337103209792167e-06,3.6010439282966026e-06,3.912762343325126e-05,8.043475176529308e-05,1.1028284625085234e-08,2.348545224858935e-08,2.669316355618744e-06,5.881646767556905e-06,7.239743159532275e-11,2.176604658377623e-10,1.9073285298163855e-18,1.9576547238841366e-18,9.160198471167507e-12,1.0755093225637573e-11,6.237043290303268e-12,1.3263909781883166e-11,2.2005487140766368e-15,4.195370880330128e-15,1.3205600837655135e-08,2.6152029730779112e-08,4.261799440845936e-19,1.2814207178575593e-18,0.0063501404427862545,0.013035386658159993,3.415999144933029e-31,9.999999999998817e-31,1.2152824113834866e-09,3.9269169826664495e-09,5.140197204883093e-11,1.6213170742426646e-10
0.8260000000000001,1394.24644932008,5.020256694519006,0.17467168036771366,6.357154156092825,0.4877292843410416,0.07205108993591612,1.0550550771834203e-05,7.793039160668126e-07,3.6384254828077866e-12,4.265574366282988e-12,6.891176014200067e-13,1.615799136115982e-12,2.0786881088252801e-07,2.5905276859809453e-07,0.20295343520738893,0.2679179847460296,5.2491337780249695e-15,1.2695556169805791e-14,5.942707500797478e-13,1.4811984775534663e-12,4.269566293262261e-12,4.388536885489234e-12,6.430458032726489e-06,7.084619585454358e-06,0.014650377858083811,0.0172228732030144,0.25581786848905147,0.5250675506549077,0.03243567556202741,0.10460095336505314,1.2133998063511897e-07,2.5801359643900446e-07,2.7055884970492766e-06,5.952925107749643e-06,1.5322860918545453e-06,3.5977474202845454e-06,3.906206107514637e-05,8.030103484845137e-05,1.1007712147013006e-08,2.3441951191563787e-08,2.666178867744289e-06,5.874811072124177e-06,7.2271775197575e-11,2.1728555172092213e-10,1.906585991470214e-18,1.956918419847526e-18,9.153557483016454e-12,1.0747437806704925e-11,6.231962219892258e-12,1.3253279115587276e-11,2.1982608296975024e-15,4.191064315173656e-15,1.3205433077263586e-08,2.615204264765194e-08,4.2575583846977717e-19,1.2801624292705193e-18,0.006350056635933141,0.013035386658170268,3.415954061811132e-31,9.99999999999883e-31,1.213007595214149e-09,3.919618145815025e-09,5.133658420521947e-11,1.619275986495524e-10
0.8270000000000001,1394.16991014922,5.020421032881474,0.1746659626683946,6.362879370008135,0.4877437546470994,0.07205417654286382,1.0542878550898757e-05,7.787474725597176e-07,3.632085463070028e-12,4.258197608538782e-12,6.878671945282587e-13,1.6128885030456889e-12,2.0765772861507839e-07,2.5879311938455506e-07,0.20294297833781796,0.2679077089813975,5.239554310731597e-15,1.2672554163679092e-14,5.934900392299802e-13,1.47927206562767e-12,4.260337861248641e-12,4.3791089773283055e-12,6.4226781276089865e-06,7.076141433156726e-06,0.014643708661443862,0.01721525966842966,0.25581995625324966,0.5250787510125122,0.032436412716717454,0.10460470822445146,1.2128293322265514e-07,2.578956890272334e-07,2.705716462713908e-06,5.953285065922094e-06,1.5308651151914966e-06,3.5944583615119964e-06,3.899669715970232e-05,8.016772011042114e-05,1.0987204746034049e-08,2.3398586921654767e-08,2.6630497893979346e-06,5.8679935624715e-06,7.214647890351738e-11,2.169117043114797e-10,1.9058437810565534e-18,1.9561823782760615e-18,9.146928352006434e-12,1.0739795807394365e-11,6.226890009228492e-12,1.3242666640367864e-11,2.195977513975173e-15,4.186766229707608e-15,1.3205265674476239e-08,2.6152055541880996e-08,4.253325087941779e-19,1.2789064048368007e-18,0.00634997300662088,0.013035386658180489,3.415909074195697e-31,9.999999999998822e-31,1.2107403956011435e-09,3.912343618788223e-09,5.127136547229981e-11,1.617240133872277e-10
0.8280000000000001,1394.0934493586578,5.020585290224877,0.17466024816194717,6.36860477124009,0.4877581970951194,0.0720572571074288,1.0535218862891767e-05,7.781919184624008e-07,3.6257626289237425e-12,4.250840686392269e-12,6.866203188735187e-13,1.6099860284773064e-12,2.074470688955204e-07,2.585339827332115e-07,0.20293254089830556,0.2678974511302367,5.230001903634254e-15,1.2649616648656472e-14,5.927111479369175e-13,1.4773500970860326e-12,4.251139416010349e-12,4.369711522214886e-12,6.414917023489121e-06,7.067683574713364e-06,0.014637053481971902,0.017207661932648874,0.25582203684376004,0.5250899223069049,0.03243715103807765,0.10460846402986747,1.212259610101397e-07,2.577779312327457e-07,2.7058442005151424e-06,5.953644366287168e-06,1.5294473789561332e-06,3.591176724618297e-06,3.893153081276499e-05,8.003480578844836e-05,1.0966762126687628e-08,2.3355358820790614e-08,2.6599290870516227e-06,5.861194166540244e-06,7.202154117442311e-11,2.1653891907622768e-10,1.905101897390711e-18,1.955446598202867e-18,9.140311037131616e-12,1.0732167181701326e-11,6.221826628376066e-12,1.3232072295366431e-11,2.193698750617226e-15,4.182476593943241e-15,1.3205098628137964e-08,2.615206841354403e-08,4.24909952523823e-19,1.277652637247526e-18,0.006349889554274685,0.013035386658190724,3.415864181777517e-31,9.999999999998829e-31,1.2084807767525337e-09,3.905093287851914e-09,5.1206315153152893e-11,1.615209494913711e-10
0.8290000000000001,1394.017066698535,5.020749466815111,0.17465453683853177,6.374330359696601,0.48777261177425457,0.07206033164877698,1.0527571666301771e-05,7.776372508601092e-07,3.6194569094103732e-12,4.2435035184300165e-12,6.853769594203902e-13,1.607091677864503e-12,2.0723683020566797e-07,2.5827535681711627e-07,0.20292212282669964,0.26788721113619124,5.220476441666505e-15,1.2626743352025112e-14,5.919340691880161e-13,1.475432554918137e-12,4.241970819154796e-12,4.360344380273652e-12,6.407174647745648e-06,7.059245932255368e-06,0.014630412274737945,0.017200079945658055,0.2558241102846531,0.5251010646327111,0.032437890521572504,0.1046122207758205,1.2116906376225658e-07,2.576603225941061e-07,2.7059717111619417e-06,5.954003010885144e-06,1.5280328711257206e-06,3.587902482263609e-06,3.886656116216607e-05,7.990229012361752e-05,1.0946383994329122e-08,2.3312266272556266e-08,2.6568167272113092e-06,5.854412812334812e-06,7.189696047919286e-11,2.1616719150424297e-10,1.904360339314035e-18,1.954711078686556e-18,9.133705500071852e-12,1.0724551886762433e-11,6.2167720474267315e-12,1.3221496019767263e-11,2.1914245233727705e-15,4.178195377964571e-15,1.32049319370968e-08,2.615208126271329e-08,4.2448816707505165e-19,1.2764011190426184e-18,0.006349806278322585,0.01303538665820095,3.4158193842489087e-31,9.999999999998845e-31,1.20622870297478e-09,3.897867039575512e-09,5.1141432553786366e-11,1.6131840482494694e-10
0.8300000000000001,1393.9407619226695,5.020913562908978,0.1746488286886279,6.380056135285871,0.48778699877690107,0.07206340018653073,1.0519936919658807e-05,7.770834668403748e-07,3.6131682337880018e-12,4.236186023480854e-12,6.841371012553072e-13,1.6042054169418352e-12,2.0702701102931616e-07,2.5801723981142434e-07,0.20291172405749072,0.26787698893836714,5.2109778106644936e-15,1.2603934003217478e-14,5.911587959613346e-13,1.4735194220872905e-12,4.232831932953554e-12,4.351007412294645e-12,6.399450927991049e-06,7.050828428158314e-06,0.014623784995001263,0.01719251365765156,0.25582617659630597,0.5251121780768011,0.032438631166285654,0.1046159784684651,1.2111224124022713e-07,2.575428626423327e-07,2.7060989953399224e-06,5.9543610017031386e-06,1.5266215795698e-06,3.58463560685001e-06,3.880178733226959e-05,7.977017134964898e-05,1.092607005364011e-08,2.3269308659022785e-08,2.6537126761317733e-06,5.84764942729479e-06,7.177273529332327e-11,2.1579651710380964e-10,1.903619105840845e-18,1.953975818962229e-18,9.127111693102768e-12,1.0716949868660934e-11,6.211726236540458e-12,1.3210937752884969e-11,2.1891548160457554e-15,4.173922551954161e-15,1.3204765600215002e-08,2.6152094089479834e-08,4.2406714970285173e-19,1.2751518422751495e-18,0.00634972317819488,0.013035386658211138,3.415774681303409e-31,9.999999999998847e-31,1.2039841384443947e-09,3.8906647600945314e-09,5.107671698148093e-11,1.6111637725460565e-10
0.8310000000000001,1393.864534782187,5.021077578773818,0.17464312370235133,6.385782097916409,0.48780135818980025,0.07206646273944754,1.0512314582225699e-05,7.765305635440113e-07,3.6068965321832e-12,4.228888121379802e-12,6.829007295183257e-13,1.6013272115646964e-12,2.0681760987223565e-07,2.5775962991828973e-07,0.20290134453070705,0.2678667844830504,5.20150589701549e-15,1.2581188332960394e-14,5.903853213745699e-13,1.4716106819018878e-12,4.2237226209981725e-12,4.341700480407128e-12,6.3917457926076236e-06,7.042430985632345e-06,0.014617171598218124,0.017184963019039663,0.2558282358041789,0.5251232627362548,0.03243937296610844,0.10461973709716443,1.2105549321644925e-07,2.574255509320025e-07,2.70622605376245e-06,5.9547183407869774e-06,1.5252134925640615e-06,3.581376071727804e-06,3.873720847059165e-05,7.96384477476186e-05,1.0905820016274419e-08,2.3226485377029537e-08,2.6506169011478092e-06,5.840903941227825e-06,7.164886410604552e-11,2.1542689142386644e-10,1.902878195697374e-18,1.9532408179680455e-18,9.120529580820016e-12,1.0709361087933686e-11,6.206689166315492e-12,1.3200397434950362e-11,2.1868896126256277e-15,4.1696580864418756e-15,1.3204599616348429e-08,2.615210689391023e-08,4.236468980464625e-19,1.273904800151821e-18,0.006349640253324767,0.01303538665822131,3.415730072636122e-31,9.999999999998889e-31,1.201747048281886e-09,3.88348633858075e-09,5.101216775303633e-11,1.6091486467668183e-10
0.8320000000000001,1393.7883850317708,5.021241514668529,0.17463742187011408,6.391508247497017,0.48781569010246223,0.07206951932666686,1.0504704612921655e-05,7.75978538085631e-07,3.600641734679033e-12,4.2216097318990616e-12,6.816678294412223e-13,1.5984570277987403e-12,2.0660862523498302e-07,2.5750252533299e-07,0.20289098418346718,0.2678565977125641,5.192060587646743e-15,1.2558506073248766e-14,5.896136384955903e-13,1.4697063175432207e-12,4.214642747227787e-12,4.3324234470803346e-12,6.384059169992997e-06,7.034053527891207e-06,0.014610572040074125,0.017177427980487166,0.2558302879304438,0.525134318701196,0.0324401159181409,0.104623496661587,1.209988194556932e-07,2.573083870012749e-07,2.706352887119728e-06,5.955075030129374e-06,1.5238085981604822e-06,3.5781238497167103e-06,3.86728237143076e-05,7.950711757710709e-05,1.0885633591142384e-08,2.3183795817494088e-08,2.6475293690153366e-06,5.834176282654453e-06,7.152534541068479e-11,2.1505831002503333e-10,1.9021376078405058e-18,1.9525060748777476e-18,9.113959122027874e-12,1.0701785498305759e-11,6.201660807189528e-12,1.3189875005837408e-11,2.184628897076197e-15,4.165401951902509e-15,1.3204433984364241e-08,2.6152119676082514e-08,4.232274094414022e-19,1.2726599849643299e-18,0.00634955750314807,0.01303538665823143,3.4156855579435375e-31,9.999999999998889e-31,1.1995173972095225e-09,3.876331662905066e-09,5.094778418431452e-11,1.607138649842173e-10
0.833,1393.712312427058,5.02140537085128,0.17463172318235642,6.397234583936792,0.48782999460384774,0.07207256996722154,1.0497106971025868e-05,7.754273876056407e-07,3.594403771866917e-12,4.214350775395196e-12,6.804383863486598e-13,1.5955948319226859e-12,2.0640005562906957e-07,2.5724592426408554e-07,0.20288064295332617,0.26784642856969215,5.182641770251864e-15,1.2535886957893713e-14,5.88843740449017e-13,1.4678063123311912e-12,4.205592176537507e-12,4.323176175749079e-12,6.376390989020284e-06,7.02569597865949e-06,0.014603986276445881,0.017169908492868844,0.25583233299732044,0.5251453460616528,0.032440860019344375,0.1046272571609138,1.2094221972580046e-07,2.5719137039464836e-07,2.7064794961005847e-06,5.955431071717999e-06,1.52240688453103e-06,3.574878913913011e-06,3.860863220892128e-05,7.937617911458394e-05,1.0865510489871483e-08,2.314123937704275e-08,2.644450046829686e-06,5.827466380831786e-06,7.140217771029612e-11,2.1469076849656548e-10,1.901397341197869e-18,1.951771588833927e-18,9.107400275166466e-12,1.0694223053063107e-11,6.1966411298405284e-12,1.3179370405916036e-11,2.1823726534766823e-15,4.16115411902483e-15,1.3204268703135228e-08,2.6152132436075524e-08,4.2280868130710266e-19,1.271417389254993e-18,0.0063494749271031875,0.013035386658241594,3.415641136923532e-31,9.999999999998876e-31,1.1972951502949196e-09,3.869200622040558e-09,5.0883565596082976e-11,1.6051337608539883e-10
0.834,1393.6363167238524,5.021569147581913,0.17462602762946308,6.4029611071451304,0.4878442717813141,0.0720756146798819,1.0489521616317599e-05,7.748771092805908e-07,3.5881825749562475e-12,4.207111172937752e-12,6.792123856536619e-13,1.5927405904177383e-12,2.0619189958037128e-07,2.569898249376707e-07,0.20287032077933143,0.2678362769990726,5.173249333284454e-15,1.25133307225074e-14,5.88075620439903e-13,1.465910649783351e-12,4.1965707748835115e-12,4.31395853092192e-12,6.368741179127523e-06,7.017358262271233e-06,0.014597414263395943,0.01716240450726346,0.25583437102812906,0.5251563449097162,0.032441605265488116,0.10463101859044044,1.2088569380011763e-07,2.570745006681368e-07,2.706605881398832e-06,5.955786467549448e-06,1.5210083400463978e-06,3.571641237874464e-06,3.854463311247345e-05,7.924563066206168e-05,1.084545042801534e-08,2.3098815460586184e-08,2.6413789022355338e-06,5.820774166216215e-06,7.127935951872674e-11,2.1432426245955193e-10,1.9006573946029643e-18,1.9510373588814284e-18,9.10085300102365e-12,1.068667370823698e-11,6.191630105263076e-12,1.3168883576214588e-11,2.1801208660476813e-15,4.1569145587611254e-15,1.3204103771537083e-08,2.6152145173963456e-08,4.223907112282649e-19,1.2701770060614102e-18,0.006349392524630966,0.013035386658251725,3.415596809275341e-31,9.999999999998875e-31,1.1950802731179543e-09,3.862093106602025e-09,5.081951131530623e-11,1.6031339590763436e-10
0.835,1393.5603976798284,5.021732845116904,0.1746203352019386,6.408687817031717,0.48785852172275224,0.07207865348346978,1.0481948508383615e-05,7.743277002720031e-07,3.5819780752593063e-12,4.199890845705316e-12,6.779898128398821e-13,1.5898942699260083e-12,2.0598415561405747e-07,2.567342255785866e-07,0.20286001759986363,0.26782614294434126,5.16388316562128e-15,1.2490837103688322e-14,5.873092716584932e-13,1.4640193133774876e-12,4.187578408709455e-12,4.3047703775915704e-12,6.361109669884687e-06,7.009040303192783e-06,0.014590855957206073,0.017154915974992566,0.2558364020451374,0.5251673153351096,0.032442351653310886,0.10463478094854653,1.2082924144782833e-07,2.569577773687048e-07,2.7067320436982683e-06,5.95614121959612e-06,1.5196129529773077e-06,3.5684107949188647e-06,3.8480825579001956e-05,7.911547051309142e-05,1.0825453120201082e-08,2.3056523470984448e-08,2.6383159026164724e-06,5.814099568677464e-06,7.115688935543162e-11,2.139587875513268e-10,1.8999177670053274e-18,1.9503033841830385e-18,9.094317259436772e-12,1.0679137418730886e-11,6.186627704370832e-12,1.3158414457574083e-11,2.1778735190118115e-15,4.152683242061428e-15,1.320393918845196e-08,2.6152157889822324e-08,4.2197349662237222e-19,1.2689388279166375e-18,0.006349310295174951,0.013035386658261816,3.4155525746996124e-31,9.999999999998836e-31,1.1928727311170723e-09,3.855009006733529e-09,5.075562066989274e-11,1.6011392238098045e-10
0.836,1393.4845550539576,5.021896463710934,0.17461464589035258,6.414414713506529,0.48787274451595913,0.07208168639676829,1.0474387607032882e-05,7.737791577570314e-07,3.5757902044847323e-12,4.1926897153298126e-12,6.76770653479271e-13,1.5870558372920288e-12,2.0577682226313642e-07,2.5647912442108176e-07,0.20284973335328182,0.2678160263489924,5.154543156824826e-15,1.2468405839657052e-14,5.865446873321753e-13,1.4621322866811825e-12,4.178614945276324e-12,4.295611581574249e-12,6.353496391241977e-06,7.000742026296669e-06,0.014584311314354092,0.017147442847593907,0.2558384260702099,0.525178257426538,0.03244309917986535,0.10463854423458453,1.2077286243927962e-07,2.568412000456031e-07,2.706857983678161e-06,5.956495329818462e-06,1.518220711653434e-06,3.5651875584973656e-06,3.84172087674702e-05,7.8985696971123e-05,1.0805518282764302e-08,2.30143628146601e-08,2.6352610155309793e-06,5.807442518459543e-06,7.103476574833804e-11,2.1359433943409364e-10,1.8991784573676667e-18,1.9495696639139692e-18,9.087793009514771e-12,1.0671614138581736e-11,6.181633898236899e-12,1.3147962991159938e-11,2.1756305966778394e-15,4.148460140034093e-15,1.320377495276801e-08,2.6152170583729893e-08,4.2155703492132935e-19,1.2677028473954252e-18,0.006349228238181175,0.013035386658271909,3.4155084328983565e-31,9.999999999998834e-31,1.1906724899402448e-09,3.847948213242763e-09,5.069189299153498e-11,1.599149534471089e-10
0.837,1393.4087886049683,5.022060003621644,0.17460895968517443,6.420141796479838,0.4878869402465606,0.072084713438213,1.0466838872642697e-05,7.732314789540179e-07,3.569618895013193e-12,4.185507704219721e-12,6.755548932281802e-13,1.584225259553613e-12,2.0556989807667846e-07,2.5622451971905753e-07,0.20283946798000269,0.26780592715911716,5.145229197210022e-15,1.2446036670417604e-14,5.857818607805517e-13,1.4602495534890796e-12,4.169680252958331e-12,4.286482009813885e-12,6.345901273761532e-06,6.992463357116828e-06,0.01457778029150243,0.017139985076807605,0.25584044312687115,0.5251891712759112,0.03244384784045287,0.10464230844221652,1.2071655655153975e-07,2.567247682621828e-07,2.7069837020261687e-06,5.95684880019327e-06,1.5168316046440626e-06,3.5619715026186535e-06,3.835378185149325e-05,7.885630836950175e-05,1.0785645636572435e-08,2.297233290761176e-08,2.632214209193773e-06,5.8008029472414885e-06,7.091298723669222e-11,2.1323091380348452e-10,1.8984394645239774e-18,1.9488361971161593e-18,9.081280214165497e-12,1.066410382627596e-11,6.176648658289334e-12,1.3137529118877562e-11,2.1733920835090068e-15,4.144245224076012e-15,1.3203611063374802e-08,2.615218325575599e-08,4.21141323767762e-19,1.2664690577045145e-18,0.006349146353098263,0.013035386658282012,3.4154643835749463e-31,9.99999999999881e-31,1.1884795158316712e-09,3.840910618850801e-09,5.062832761874939e-11,1.5971648706889488e-10
0.838,1393.3330980947494,5.022223465099161,0.17460327657713748,6.425869065862198,0.48790110900261735,0.07208773462657579,1.0459302265333803e-05,7.726846610615939e-07,3.5634640792406377e-12,4.1783447347902945e-12,6.743425178310939e-13,1.581402503950712e-12,2.0536338160034131e-07,2.559704097218085e-07,0.20282922141788806,0.2677958453173266,5.135941177638474e-15,1.2423729337260546e-14,5.850207852861159e-13,1.4583710975005912e-12,4.160774200525683e-12,4.277381529645141e-12,6.338324248063955e-06,6.984204221239154e-06,0.014571262845518513,0.01713254261460094,0.25584245323574334,0.5252000569690013,0.03244459763319965,0.10464607357417811,1.2066032355542484e-07,2.5660848156831783e-07,2.7071091994096687e-06,5.95720163265085e-06,1.5154456203376509e-06,3.5587626008618425e-06,3.829054399663238e-05,7.872730302479149e-05,1.076583490041713e-08,2.2930433161342333e-08,2.6291754513542035e-06,5.794180785665954e-06,7.079155236418413e-11,2.1286850636790066e-10,1.8977007875051988e-18,1.948102983032663e-18,9.074778830285173e-12,1.0656606433229704e-11,6.171671955844259e-12,1.3127112782379982e-11,2.1711579639587517e-15,4.140038465559595e-15,1.3203447519173034e-08,2.6152195905982898e-08,4.2072636055414643e-19,1.2652374512967802e-18,0.006349064639377175,0.013035386658292136,3.4154204264340585e-31,9.999999999998857e-31,1.1862937747289404e-09,3.833896115274642e-09,5.056492388970621e-11,1.5951852120780695e-10
0.839,1393.2574832846503,5.022386848397506,0.17459759655684232,6.4315965215644555,0.4879152508695919,0.07209074998021718,1.0451777745601684e-05,7.721387013052756e-07,3.557325690108396e-12,4.1712007300849566e-12,6.731335130976791e-13,1.5785875378715378e-12,2.0515727139232702e-07,2.5571679269389847e-07,0.2028189936072761,0.2677857807693784,5.126678989518235e-15,1.2401483582761984e-14,5.842614542052093e-13,1.4564969025964244e-12,4.151896657703363e-12,4.2683100093677175e-12,6.330765245270628e-06,6.975964544788542e-06,0.014564758933463401,0.0171251154131541,0.2558444564195259,0.5252109145956356,0.03244534855406527,0.10464983962617379,1.2060416322655952e-07,2.564923395239131e-07,2.707234476505894e-06,5.957553829141001e-06,1.5140627473122296e-06,3.5555608272460938e-06,3.822749438003071e-05,7.859867927714248e-05,1.0746085796692747e-08,2.2888662994952725e-08,2.626144710272429e-06,5.787575965490188e-06,7.067045968455166e-11,2.1250711286535622e-10,1.896962425232292e-18,1.947370020792476e-18,9.068288820056812e-12,1.0649121917055836e-11,6.166703762455818e-12,1.3116713923811496e-11,2.1689282225938258e-15,4.135839836067321e-15,1.3203284319063365e-08,2.6152208534481782e-08,4.203121428291737e-19,1.2640080210931803e-18,0.006348983096471492,0.013035386658302166,3.4153765611817394e-31,9.999999999998852e-31,1.1841152330475949e-09,3.826904595762599e-09,5.050168114834958e-11,1.59321053843207e-10
0.84,1393.1819439371452,5.022550153769422,0.17459191961493664,6.4373241634977445,0.4879293659326071,0.07209375951742264,1.0444265274238213e-05,7.715935969317101e-07,3.5512036610018282e-12,4.164075613656711e-12,6.719278649259683e-13,1.5757803289070246e-12,2.049515660202115e-07,2.5546366691122115e-07,0.20280878448873585,0.2677757334612235,5.117442524964565e-15,1.2379299151173186e-14,5.835038609408702e-13,1.4546269527709768e-12,4.143047495077101e-12,4.259267318149996e-12,6.3232241969255215e-06,6.967744254343098e-06,0.014558268512590409,0.01711770342485927,0.25584645270076406,0.5252217442451357,0.03244610059907232,0.10465360659407194,1.2054807534278988e-07,2.5637634169341355e-07,2.7073595339891737e-06,5.957905391605171e-06,1.5126829742367586e-06,3.5523661559991548e-06,3.8164632185456e-05,7.847043548010453e-05,1.0726398049990595e-08,2.284702183214935e-08,2.6231219544695118e-06,5.780988419035637e-06,7.054970776039683e-11,2.1214672905993133e-10,1.896224376616316e-18,1.946637309513345e-18,9.06181014585315e-12,1.0641650235579097e-11,6.1617440498807865e-12,1.3106332485733007e-11,2.166702844081281e-15,4.131649307367124e-15,1.320312146195159e-08,2.6152221141323956e-08,4.198986681879375e-19,1.2627807601525966e-18,0.006348901723837328,0.013035386658312184,3.4153327875254073e-31,9.999999999998848e-31,1.1819438574786821e-09,3.819935954440315e-09,5.043859874290411e-11,1.5912408296764752e-10
0.841,1393.106479815876,5.0227133814662945,0.17458624574211792,6.443051991573486,0.4879434542765104,0.07209676325641094,1.0436764812160897e-05,7.7104934519605e-07,3.5450979256317333e-12,4.156969309429089e-12,6.707255592916947e-13,1.5729808448258218e-12,2.0474626405753424e-07,2.5521103065674673e-07,0.2027985940029888,0.2677657033388973,5.108231676667189e-15,1.2357175788099514e-14,5.827479989231853e-13,1.4527612320833468e-12,4.134226583953642e-12,4.25025332588544e-12,6.315701034892501e-06,6.959543276820926e-06,0.014551791540352048,0.017110306602328533,0.2558484421017784,0.5252325460061638,0.03244685376438394,0.10465737447415321,1.204920596821633e-07,2.5626048764150396e-07,2.707484372529979e-06,5.958256321974244e-06,1.5113062898127614e-06,3.5491785614202527e-06,3.8101956599971375e-05,7.834256999378191e-05,1.0706771386109597e-08,2.280550909913704e-08,2.620107152565921e-06,5.774418078831986e-06,7.042929516198122e-11,2.1178735073815034e-10,1.8954866405917624e-18,1.94590484833595e-18,9.055342770144996e-12,1.0634191346728324e-11,6.156792789976897e-12,1.3095968410905575e-11,2.1644818131529935e-15,4.1274668513447015e-15,1.3202958946748699e-08,2.61522337265805e-08,4.1948593421020345e-19,1.261555661486181e-18,0.00634882052093333,0.013035386658322226,3.415289105173842e-31,9.999999999998857e-31,1.1797796148588582e-09,3.812990085890993e-09,5.037567602477921e-11,1.5892760658341389e-10
0.842,1393.0310906860946,5.022876531736755,0.17458057492918203,6.448780005703384,0.48795751598650394,0.07209976121542835,1.0429276320402055e-05,7.705059433611704e-07,3.5390084180119356e-12,4.149881741670017e-12,6.695265822550351e-13,1.5701890535901675e-12,2.0454136408310105e-07,2.5495888221965885e-07,0.20278842209028544,0.26775569034770136,5.099046337938764e-15,1.2335113240618142e-14,5.819938616030229e-13,1.4508997246417495e-12,4.1254337963362905e-12,4.2412679031676564e-12,6.308195691335939e-06,6.951361539458957e-06,0.014545327974393835,0.017102924898386954,0.2558504246440552,0.5252433199654801,0.032447608046917,0.10466114326509003,1.2043611602235355e-07,2.5614477693189075e-07,2.707608992791527e-06,5.958606622161165e-06,1.509932682750158e-06,3.5459980178234337e-06,3.8039466812759996e-05,7.821508118241961e-05,1.0687205531723908e-08,2.276412422391197e-08,2.617100273221415e-06,5.767864877484837e-06,7.030922046689356e-11,2.1142897370799018e-10,1.8947492161426845e-18,1.945172636450773e-18,9.048886653766356e-12,1.0626745206499308e-11,6.1518499546992e-12,1.3085621642282978e-11,2.1622651146037796e-15,4.123292440000025e-15,1.3202796772372284e-08,2.615224629032554e-08,4.1907393843409385e-19,1.2603327179782372e-18,0.006348739487220555,0.013035386658332267,3.41524551383713e-31,9.999999999998876e-31,1.1776224721220077e-09,3.8060668849991864e-09,5.031291234819611e-11,1.5873162270135282e-10
0.843,1392.9557763149523,5.023039604825693,0.17457490716705748,6.454508205799421,0.48797155114861646,0.07210275341281998,1.0421799759989805e-05,7.69963388688896e-07,3.532935072369433e-12,4.142812834886607e-12,6.683309199570714e-13,1.5674049233476564e-12,2.0433686467830528e-07,2.5470721989202295e-07,0.2027782686899347,0.26774569443158763,5.089886402662246e-15,1.2313111257151239e-14,5.812414424352187e-13,1.4490424145616455e-12,4.116669004824242e-12,4.232310921187101e-12,6.300708098642505e-06,6.943198969726987e-06,0.01453887777255147,0.017095558266069667,0.25585240034779133,0.5252540662070188,0.03244836344479901,0.10466491296942285,1.2038024413894944e-07,2.5602920912366865e-07,2.70773339542682e-06,5.958956294054548e-06,1.5085621417149655e-06,3.5428244994148266e-06,3.7977162012225534e-05,7.808796740844427e-05,1.0667700213539895e-08,2.2722866634466914e-08,2.6141012849924783e-06,5.761328747361667e-06,7.018948225907606e-11,2.1107159379596068e-10,1.8940121023392727e-18,1.9444406731356868e-18,9.042441754764847e-12,1.0619311767604862e-11,6.14691551603185e-12,1.3075292122866946e-11,2.160052733267418e-15,4.119126045401729e-15,1.3202634937747575e-08,2.6152258832638808e-08,4.186626783006195e-19,1.2591119222194291e-18,0.006348658622162365,0.013035386658342266,3.4152020132265924e-31,9.999999999998875e-31,1.1754723961851402e-09,3.799166246582176e-09,5.0250307069227143e-11,1.5853612933784642e-10
0.844,1392.8805364690265,5.023202600981737,0.17456924244654545,6.460236591773864,0.48798555984644565,0.07210573986654797,1.041433509265509e-05,7.694216784922341e-07,3.526877823683386e-12,4.135762514457253e-12,6.671385586242793e-13,1.5646284224417907e-12,2.041327644431934e-07,2.544560419888123e-07,0.20276813374358194,0.26773571553748554,5.080751765521135e-15,1.2291169588023157e-14,5.804907349831778e-13,1.4471892862265225e-12,4.10793208319762e-12,4.223382252332658e-12,6.293238189875959e-06,6.9350554958288835e-06,0.014532440892822207,0.01708820665858819,0.25585436923515054,0.525264784818571,0.03244911995410236,0.10466868358302577,1.203244438161374e-07,2.559137837940395e-07,2.7078575810997734e-06,5.9593053395651495e-06,1.507194655666604e-06,3.5396579810848046e-06,3.791504140434247e-05,7.796122707019668e-05,1.0648255163632833e-08,2.2681735770159108e-08,2.6111101572395225e-06,5.754809622591287e-06,7.007007913431766e-11,2.1071520686362692e-10,1.893275298084483e-18,1.9437089574958352e-18,9.0360080350408e-12,1.0611890987271565e-11,6.14198944638968e-12,1.3064979796561367e-11,2.157844654156882e-15,4.114967639954543e-15,1.3202473441800932e-08,2.615227135359267e-08,4.182521515292932e-19,1.2578932676364177e-18,0.006348577925224502,0.013035386658352265,3.415158603054825e-31,9.999999999998878e-31,1.1733293546738717e-09,3.7922880677348145e-09,5.018785955155657e-11,1.583411245329883e-10
0.845,1392.8053709158594,5.0233655204528445,0.17456358075847292,6.465965163539263,0.48799954216290325,0.07210872059444604,1.0406882279932298e-05,7.688808100688988e-07,3.5208366070424346e-12,4.12873070587788e-12,6.659494845330992e-13,1.5618595193288474e-12,2.0392906197771982e-07,2.542053468245324e-07,0.2027580171934283,0.26772575361293854,5.071642321463107e-15,1.226928798416256e-14,5.79741732804152e-13,1.4453403240018442e-12,4.0992229056918456e-12,4.21448176944555e-12,6.285785898233083e-06,6.926931046102794e-06,0.01452601729342093,0.01708087002939559,0.25585633132846325,0.5252754758880643,0.032449877570646365,0.10467245510091412,1.202687148348702e-07,2.5579850051313824e-07,2.707981550471157e-06,5.959653760594635e-06,1.5058302135031328e-06,3.536498437574708e-06,3.7853104192740886e-05,7.783485856098109e-05,1.0628870113595736e-08,2.264073106924659e-08,2.6081268591527135e-06,5.748307436916645e-06,6.995100969389205e-11,2.1035980878847187e-10,1.8925388023492358e-18,1.942977488705e-18,9.029585459139145e-12,1.0604482825820762e-11,6.137071718097267e-12,1.305468460706365e-11,2.1556408622822136e-15,4.110817196051821e-15,1.3202312283461377e-08,2.6152283853253904e-08,4.1784235571200297e-19,1.2566767472704203e-18,0.006348497395875298,0.013035386658362217,3.4151152830358304e-31,9.999999999998868e-31,1.17119331514097e-09,3.785432245303806e-09,5.012556916017595e-11,1.5814660633068772e-10
0.846,1392.730279424733,5.02352836348372,0.17455792209378262,6.4716939210084465,0.4880134981815719,0.07211169561442352,1.0399441283708224e-05,7.683407807419078e-07,3.5148113579862854e-12,4.121717335162796e-12,6.647636840615718e-13,1.5590981826990878e-12,2.0372575589142284e-07,2.539551327252972e-07,0.20274791898089561,0.2677158086043545,5.062557966266924e-15,1.2247466198474728e-14,5.789944294999111e-13,1.443495512361461e-12,4.090541347406601e-12,4.205609346240136e-12,6.27835115734073e-06,6.918825549348909e-06,0.014519606932737971,0.017073548332137856,0.25585828664893073,0.5252861395009294,0.03245063629130079,0.10467622752145417,1.2021305697828474e-07,2.5568335885556916e-07,2.7081053041938826e-06,5.96000155902552e-06,1.504468804200764e-06,3.5333458438046894e-06,3.77913495872556e-05,7.77088602866491e-05,1.0609544797110583e-08,2.2599851974366645e-08,2.6051513601604206e-06,5.741822124595373e-06,6.98322725477224e-11,2.1000539547342841e-10,1.8918026141191016e-18,1.9422462659509702e-18,9.023173988713996e-12,1.0597087240168372e-11,6.132162303716912e-12,1.3044406498563116e-11,2.153441342764831e-15,4.106674686293765e-15,1.320215146166576e-08,2.615229633169528e-08,4.1743328848133776e-19,1.2554623542835085e-18,0.006348417033585419,0.013035386658372117,3.4150720528848606e-31,9.999999999998845e-31,1.1690642453935706e-09,3.778598676945551e-09,5.006343526416295e-11,1.5795257278744667e-10
0.847,1392.6552617658072,5.023691130318523,0.1745522664434387,6.477422864094522,0.4880274279853596,0.07211466494426477,1.039201206584862e-05,7.678015878319772e-07,3.5088020122793065e-12,4.1147223285791546e-12,6.635811436476217e-13,1.5563443813789127e-12,2.0352284479711555e-07,2.5370539802095956e-07,0.20273783904796164,0.2677058804587626,5.0534985961064185e-15,1.2225703984786687e-14,5.782488186856225e-13,1.4416548358100062e-12,4.0818872840236246e-12,4.196764857013781e-12,6.270933901055204e-06,6.910738934608278e-06,0.014513209769363971,0.017066241520682687,0.25586023521794127,0.5252967757427878,0.03245139611266495,0.10468000084210022,1.201574700283706e-07,2.555683583933143e-07,2.7082288429187262e-06,5.960348736733607e-06,1.5031104167328783e-06,3.530200174683453e-06,3.77297767987427e-05,7.758323065494074e-05,1.0590278948372894e-08,2.2559097929179997e-08,2.6021836296846974e-06,5.735353619860781e-06,6.971386631223821e-11,2.0965196284043251e-10,1.891066732413711e-18,1.9415152884554214e-18,9.016773586798054e-12,1.0589704188838629e-11,6.1272611758234185e-12,1.3034145415261643e-11,2.1512460807589437e-15,4.102540083337487e-15,1.320199097535469e-08,2.6152308788986815e-08,4.1702494741453793e-19,1.2542500816697105e-18,0.006348336837828045,0.013035386658382029,3.4150289123185107e-31,9.999999999998843e-31,1.1669421132968663e-09,3.7717872604916485e-09,5.000145723494352e-11,1.5775902196687485e-10
0.848,1392.5803177100547,5.023853821200992,0.17454661379842246,6.483151992710875,0.48804133165657626,0.07211762860164188,1.0384594588624395e-05,7.672632286890274e-07,3.5028085061939462e-12,4.107745612979472e-12,6.624018498171162e-13,1.5535980843967316e-12,2.033203273190889e-07,2.5345614105534346e-07,0.2027277773370958,0.26769596912373333,5.044464107894276e-15,1.2204001098679393e-14,5.775048940367468e-13,1.4398182789998551e-12,4.07326059213575e-12,4.187948176985348e-12,6.263534063708533e-06,6.9026711314344165e-06,0.014506825762065098,0.017058949549090784,0.2558621770570119,0.5253073846993438,0.03245215703112563,0.10468377505958314,1.201019537708729e-07,2.55453498706167e-07,2.7083521672958055e-06,5.960695295591348e-06,1.5017550402091938e-06,3.5270614054352014e-06,3.7668385047140364e-05,7.745796809206268e-05,1.0571072304477471e-08,2.2518468383453685e-08,2.5992236375331112e-06,5.728901857785652e-06,6.959578961311991e-11,2.092995068386857e-10,1.890331156209143e-18,1.940784555394277e-18,9.010384216612638e-12,1.0582333630566849e-11,6.122368307254471e-12,1.3023901301906607e-11,2.149055061538507e-15,4.098413360062948e-15,1.3201830823473462e-08,2.6152321225198176e-08,4.166173301926314e-19,1.2530399227336562e-18,0.006348256808078643,0.013035386658391903,3.414985861054616e-31,9.999999999998834e-31,1.164826887086553e-09,3.764997894958938e-09,4.993963444886942e-11,1.57565951947827e-10
0.849,1392.5054470300852,5.024016436371855,0.17454096414982243,6.488881306771164,0.4880552092780442,0.07212058660427971,1.0377188814397345e-05,7.667257006689781e-07,3.4968307762756028e-12,4.100787115526021e-12,6.612257891764123e-13,1.5508592609655332e-12,2.0311820208616728e-07,2.532073601775935e-07,0.20271773379014757,0.26768607454591475,5.035454399135198e-15,1.2182357297132894e-14,5.767626492452674e-13,1.4379858266220356e-12,4.064661148980628e-12,4.179159182021616e-12,6.256151579905014e-06,6.894622069669262e-06,0.014500454869788598,0.017051672371622653,0.25586411218670174,0.5253179664541593,0.032452919043951055,0.10468755017344077,1.2004650799085793e-07,2.5533877937230446e-07,2.708475277967507e-06,5.961041237452365e-06,1.5004026637367316e-06,3.5239295112731726e-06,3.7607173553814265e-05,7.73330710269509e-05,1.055192460318364e-08,2.2477962788301568e-08,2.5962713535214193e-06,5.722466773450729e-06,6.947804108283697e-11,2.0894802343725785e-10,1.889595884537299e-18,1.940054065999761e-18,9.004005839306502e-12,1.0574975521643922e-11,6.117483670930461e-12,1.3013674103407826e-11,2.1468682704340416e-15,4.094294489452549e-15,1.3201671004974116e-08,2.615233364040304e-08,4.162104344454848e-19,1.2518318706245818e-18,0.006348176943814973,0.013035386658401746,3.4149428988122388e-31,9.99999999999881e-31,1.1627185350674498e-09,3.758230479575543e-09,4.987796628477576e-11,1.573733608167007e-10
0.85,1392.4306495001524,5.024178976068828,0.17453531748883416,6.49461080618932,0.4880690609331162,0.07212353896995861,1.0369794705515885e-05,7.661890011260484e-07,3.4908687592705138e-12,4.0938467636063445e-12,6.600529484053688e-13,1.548127880466531e-12,2.0291646772963475e-07,2.529590537395908e-07,0.2027077083483255,0.26767619667100495,5.026469367841694e-15,1.2160772338322876e-14,5.760220780077916e-13,1.436157463376578e-12,4.0560888323548805e-12,4.170397748549124e-12,6.248786384457417e-06,6.886591679372937e-06,0.014494097051663888,0.01704440994273995,0.25586604062659596,0.5253285210886222,0.03245368214931064,0.10469132618608208,1.1999113247147843e-07,2.552241999656621e-07,2.7085981755677662e-06,5.961386564149867e-06,1.4990532763846115e-06,3.5208044673169818e-06,3.754614153955973e-05,7.720853788716368e-05,1.0532835582323137e-08,2.2437580594923405e-08,2.5933267473759377e-06,5.716048301729594e-06,6.936061935988706e-11,2.0859750862280317e-10,1.8888609165059832e-18,1.9393238195810225e-18,8.997638414096624e-12,1.0567629816081565e-11,6.112607239792468e-12,1.3003463764705741e-11,2.1446856928105443e-15,4.090183444549051e-15,1.320151151881529e-08,2.6152346034678924e-08,4.1580425771313597e-19,1.2506259182200273e-18,0.006348097244517039,0.013035386658411544,3.4149000253116516e-31,9.999999999998757e-31,1.1606170255357431e-09,3.7514849135296075e-09,4.9816452123301496e-11,1.5718124666529457e-10
0.851,1392.355924892318,5.024341440538432,0.17452967380634984,6.500340490879556,0.48808288670038114,0.07212648571572836,1.036241222501617e-05,7.65653127464522e-07,3.4849223926995174e-12,4.0869244855059675e-12,6.588833142367413e-13,1.54540391240078e-12,2.0271512290065973e-07,2.527112201176638e-07,0.20269770095749678,0.267666335450736,5.01750891256664e-15,1.2139245981699004e-14,5.752831741449745e-13,1.4343331742702046e-12,4.0475435212227665e-12,4.161663754179888e-12,6.241438412875149e-06,6.878579891361451e-06,0.014487752266999075,0.017037162217100547,0.2558679624005249,0.5253390486926343,0.032454446341027905,0.10469510308585502,1.1993582700604755e-07,2.551097600816023e-07,2.708720860753823e-06,5.961731277566222e-06,1.497706867584139e-06,3.5176862495321355e-06,3.7485288245744653e-05,7.708436714235643e-05,1.0513804985897804e-08,2.2397321267593767e-08,2.590389789790766e-06,5.7096463796186815e-06,6.924352309492277e-11,2.0824795841797873e-10,1.888126250970025e-18,1.9385938151863698e-18,8.991281910796671e-12,1.0560296480326383e-11,6.107738987193305e-12,1.2993270231602641e-11,2.1425073142048557e-15,4.08608019871735e-15,1.3201352363950576e-08,2.6152358408082656e-08,4.1539879788767684e-19,1.2494220594548376e-18,0.006348017709667484,0.013035386658421388,3.4148572402745517e-31,9.999999999998762e-31,1.1585223276190221e-09,3.744761098684456e-09,4.97550913535096e-11,1.569896076116898e-10
0.852,1392.2812729843463,5.024503830011727,0.1745240330938014,6.506070360756346,0.4880966866644816,0.07212942685951315,1.0355041335332768e-05,7.65118077043558e-07,3.4789916137791464e-12,4.080020209143584e-12,6.577168735071829e-13,1.5426873265089707e-12,2.0251416623749473e-07,2.524638576717237e-07,0.20268771155735613,0.26765649082859627,5.008572932447871e-15,1.2117777988094171e-14,5.745459313733332e-13,1.4325129440475584e-12,4.0390250945784e-12,4.152957076542054e-12,6.234107600455335e-06,6.870586636205712e-06,0.014481420475297217,0.01702992914957928,0.25586987752586965,0.5253495493427015,0.03245521161932014,0.104698880881701,1.19880591375028e-07,2.549954592879935e-07,2.7088433341418578e-06,5.962075379491848e-06,1.4963634263590266e-06,3.5145748329224163e-06,3.742461289376781e-05,7.69605572209218e-05,1.0494832552404562e-08,2.2357184258793902e-08,2.5874604503999534e-06,5.703260941768245e-06,6.912675093919171e-11,2.0789936884670207e-10,1.8873918871762707e-18,1.937864052265678e-18,8.984936285104268e-12,1.05529754642361e-11,6.102878886183723e-12,1.2983093449245457e-11,2.140333120074846e-15,4.08198472516656e-15,1.3201193539351717e-08,2.6152370760698803e-08,4.1499405235649143e-19,1.2482202867443794e-18,0.00634793833875089,0.013035386658431234,3.414814543423673e-31,9.999999999998783e-31,1.1564344096629581e-09,3.738058934364259e-09,4.969388336026285e-11,1.5679844176043424e-10
0.853,1392.2066935485036,5.024666144738724,0.17451839534196475,6.5118004157344505,0.4881104609008258,0.07213236241784358,1.0347682000248558e-05,7.645838473211698e-07,3.4730763610261737e-12,4.073133863952338e-12,6.565536130920477e-13,1.5399780926183484e-12,2.023135964142451e-07,2.522169648060317e-07,0.20267774009673636,0.26764666276001525,4.999661327238376e-15,1.2096368119796273e-14,5.738103436414053e-13,1.4306967580291709e-12,4.030533433139434e-12,4.144277595020929e-12,6.226793883635538e-06,6.862611845721551e-06,0.01447510163622026,0.01702271069522345,0.2558717860286989,0.525360023132948,0.032455977975606884,0.10470265955413541,1.198254253800525e-07,2.5488129719754265e-07,2.7089655963985455e-06,5.962418871825975e-06,1.4950229424550908e-06,3.511470194182801e-06,3.73641147447073e-05,7.683710663264198e-05,1.0475918032022351e-08,2.231716904582237e-08,2.5845387007597227e-06,5.696891927055026e-06,6.901030156157013e-11,2.075517359853568e-10,1.8866578238276686e-18,1.9371345297092162e-18,8.978601512450777e-12,1.0545666740834932e-11,6.098026910595756e-12,1.2972933364428867e-11,2.1381630961794546e-15,4.07789699767432e-15,1.3201035043976503e-08,2.6152383092572778e-08,4.1459001926880917e-19,1.2470205947938863e-18,0.006347859131254621,0.013035386658441013,3.4147719344832534e-31,9.999999999998787e-31,1.1543532416010707e-09,3.7313783250135946e-09,4.9632827542773155e-11,1.5660774726105286e-10
0.854,1392.1321863658077,5.024828384944627,0.17451276054248008,6.517530655728887,0.4881242094949783,0.07213529240873284,1.0340334182287763e-05,7.640504356617216e-07,3.4671765721305018e-12,4.06626537838593e-12,6.553935199790608e-13,1.5372761808157683e-12,2.021134120763842e-07,2.5197053988884884e-07,0.20266778651418663,0.2676368511867564,4.99077399715491e-15,1.2075016140183988e-14,5.730764046883926e-13,1.4288846010112641e-12,4.0220684170875186e-12,4.135625188436451e-12,6.219497198198502e-06,6.8546554509922734e-06,0.01446879570964425,0.017015506809320385,0.25587368792455556,0.5253704701357456,0.03245674541178831,0.10470643911745425,1.1977032879922137e-07,2.5476727337274866e-07,2.7090876481243467e-06,5.962761756320664e-06,1.4936854048627395e-06,3.508372308229729e-06,3.730379302110789e-05,7.671401380786444e-05,1.0457061164057166e-08,2.2277275082750143e-08,2.5816245104412073e-06,5.690539269970835e-06,6.889417362601654e-11,2.0720505589501978e-10,1.8859240602962836e-18,1.936405247093392e-18,8.9722775456436e-12,1.0538370256565493e-11,6.093183033589711e-12,1.2962789922506216e-11,2.1359972280688177e-15,4.073816989615023e-15,1.3200876876809243e-08,2.6152395403794944e-08,4.1418669587383543e-19,1.245822975600094e-18,0.006347780086667963,0.013035386658450825,3.414729413178541e-31,9.999999999998792e-31,1.1522787918504407e-09,3.7247191701638373e-09,4.957192329025051e-11,1.5641752223123846e-10
0.855,1392.0577512129116,5.024990550869859,0.17450712868646132,6.5232610806549465,0.48813793252507676,0.07213821684907207,1.0332997845249881e-05,7.635178395230913e-07,3.4612921859930156e-12,4.0594146823082415e-12,6.542365812097472e-13,1.5345815613102101e-12,2.019136119024159e-07,2.517245813292875e-07,0.20265785075560083,0.267627056060173,4.981910843134766e-15,1.2053721814347198e-14,5.723441084634093e-13,1.4270764583109532e-12,4.013629928234388e-12,4.126999737270128e-12,6.212217480988517e-06,6.846717384259751e-06,0.014462502655579785,0.017008317447302437,0.255875583235938,0.5253808904375605,0.03245751392271318,0.10471021956316748,1.1971530142971484e-07,2.5465338741652043e-07,2.70920948996073e-06,5.963104034816279e-06,1.4923508032150778e-06,3.5052811514846172e-06,3.724364698125013e-05,7.659127725022516e-05,1.0438261698376893e-08,2.2237501846081934e-08,2.5787178507375664e-06,5.684202908793325e-06,6.877836581291065e-11,2.0685932468562387e-10,1.8851905954871277e-18,1.9356762035140297e-18,8.965964351682399e-12,1.0531085974529236e-11,6.08834722907006e-12,1.2952663070400585e-11,2.1338355015801282e-15,4.0697446749051865e-15,1.3200719036825136e-08,2.615240769442779e-08,4.137840801054268e-19,1.2446274232175386e-18,0.00634770120448252,0.013035386658460608,3.414686979236066e-31,9.99999999999881e-31,1.1502110302558769e-09,3.7180813739496606e-09,4.95111700049504e-11,1.5622776482956136e-10
0.856,1391.9833878692807,5.02515264274833,0.17450149976525106,6.528991690428188,0.48815163007122203,0.07214113575601899,1.0325672952522978e-05,7.629860563320568e-07,3.4554231414138136e-12,4.052581705455061e-12,6.530827838899244e-13,1.5318942044574387e-12,2.017141945644995e-07,2.514790875282293e-07,0.2026479327647885,0.2676172773287608,4.973071766437709e-15,1.203248490812428e-14,5.716134488642315e-13,1.425272315114903e-12,4.005217848605758e-12,4.1184011222091505e-12,6.20495466880455e-06,6.838797577704684e-06,0.014456222434243007,0.017001142564830766,0.25587747198292216,0.5253912841197064,0.03245828350557854,0.10471400089032358,1.1966034306109945e-07,2.545396389154015e-07,2.709331122531026e-06,5.963445709111391e-06,1.4910191269296946e-06,3.502196699858197e-06,3.718367587302838e-05,7.646889544180449e-05,1.0419519382055672e-08,2.2197848806305253e-08,2.5758186923700454e-06,5.677882780529813e-06,6.866287680551486e-11,2.0651453847524692e-10,1.884457428509636e-18,1.9349473982758358e-18,8.95966189427299e-12,1.0523813853948862e-11,6.083519470734235e-12,1.2942552754581456e-11,2.1316779025046546e-15,4.06568002736848e-15,1.3200561523007183e-08,2.6152419964539786e-08,4.133821695970616e-19,1.243433930795784e-18,0.006347622484192226,0.013035386658470368,3.414644632383581e-31,9.999999999998797e-31,1.1481499262671838e-09,3.711464839217337e-09,4.945056708782847e-11,1.5603847321020945e-10
0.857,1391.9090961149323,5.025314660814141,0.17449587377018783,6.534722484964436,0.48816530221272403,0.0721440491465925,1.0318359467988364e-05,7.624550835511612e-07,3.4495693777475057e-12,4.045766378202768e-12,6.519321152115139e-13,1.5292140808112284e-12,2.0151515874790088e-07,2.512340569025817e-07,0.2026380324862546,0.2676075149418342,4.9642566690778734e-15,1.2011305189147566e-14,5.708844198594533e-13,1.4234721567839498e-12,3.996832061166026e-12,4.109829224891752e-12,6.197708698958916e-06,6.83089596406255e-06,0.014449955006008049,0.01699398211773984,0.25587935418594576,0.525401651264072,0.032459054157141676,0.10471778309651758,1.1960545348797798e-07,2.54426027466484e-07,2.7094525464597687e-06,5.9637867810054835e-06,1.4896903655970833e-06,3.499118929662934e-06,3.7123878955335744e-05,7.634686688710732e-05,1.040083396560904e-08,2.215831544117436e-08,2.572927006544914e-06,5.6715788232472066e-06,6.854770529652305e-11,2.0617069340981622e-10,1.883724558401626e-18,1.9342188306090176e-18,8.953370137379994e-12,1.0516553854341276e-11,6.078699732591793e-12,1.2932458922169534e-11,2.1295244167690327e-15,4.0616230210816e-15,1.3200404334342927e-08,2.6152432214199482e-08,4.1298096213449457e-19,1.2422424919409817e-18,0.006347543925293194,0.013035386658480141,3.4146023723500363e-31,9.999999999998815e-31,1.1460954497778447e-09,3.704869470235922e-09,4.939011394523183e-11,1.5584964554410672e-10
0.858,1391.8348757308145,5.025476605300555,0.17449025069264146,6.540453464179782,0.4881789490284405,0.07214695703772095,1.0311057355568096e-05,7.619249186452619e-07,3.4437308345932736e-12,4.038968631204798e-12,6.507845624281631e-13,1.5265411610661688e-12,2.0131650314195626e-07,2.5098948787400824e-07,0.2026281498648452,0.26759776884905273,4.955465453500768e-15,1.1990182426061774e-14,5.701570154353305e-13,1.4216759687205448e-12,3.9884724494611484e-12,4.1012839275400054e-12,6.190479509009369e-06,6.823012476328237e-06,0.014443700331430595,0.016986836062064782,0.2558812298654458,0.5254119919523641,0.03245982587408543,0.1047215661790671,1.1955063250444364e-07,2.543125526656062e-07,2.7095737623689317e-06,5.964127252290511e-06,1.4883645088190491e-06,3.496047817233417e-06,3.7064255488876694e-05,7.622519009416923e-05,1.0382205200287802e-08,2.2118901229945208e-08,2.5700427645037585e-06,5.665290975080656e-06,6.843284998499523e-11,2.0582778565388742e-10,1.8829919842285084e-18,1.9334904997711038e-18,8.947089045721612e-12,1.0509305936098543e-11,6.073887988699794e-12,1.2922381520373525e-11,2.127375030342607e-15,4.057573630197483e-15,1.3200247469823709e-08,2.615244444347343e-08,4.1258045546733406e-19,1.2410531001490908e-18,0.0063474655272838035,0.01303538665848985,3.414560198865587e-31,9.999999999998803e-31,1.1440475707677499e-09,3.6982951715423727e-09,4.93298099859664e-11,1.5566128000965787e-10
0.859,1391.7607264991693,5.025638476438814,0.1744846305240545,6.546184627990581,0.48819257059735144,0.07214985944632853,1.0303766579319536e-05,7.613955590885378e-07,3.437907451845814e-12,4.032188395451548e-12,6.496401128675363e-13,1.5238754160865608e-12,2.011182264415029e-07,2.507453788707191e-07,0.20261828484518132,0.26758803899967837,4.946698022710027e-15,1.196911638883118e-14,5.694312296018719e-13,1.4198837363839859e-12,3.980138897681817e-12,4.092765113024987e-12,6.183267036804779e-06,6.815147047806585e-06,0.014437458371239921,0.016979704354032416,0.2558830990413023,0.525422306264977,0.03246059865357383,0.1047253501368071,1.1949587990478038e-07,2.5419921410884823e-07,2.709694770874977e-06,5.964467124744538e-06,1.4870415462227172e-06,3.4929833389593535e-06,3.700480473716118e-05,7.610386357660351e-05,1.0363632838387348e-08,2.2079605654035292e-08,2.567165937569845e-06,5.659019174335922e-06,6.831830957677584e-11,2.0548581139191093e-10,1.8822597050856008e-18,1.9327624050493658e-18,8.940818583108703e-12,1.0502070058537252e-11,6.0690842132208595e-12,1.2912320496613997e-11,2.125229729257562e-15,4.053531828983812e-15,1.3200090928446614e-08,2.6152456652430587e-08,4.121806473266695e-19,1.23986574885893e-18,0.006347387289664671,0.013035386658499546,3.414518111661598e-31,9.999999999998806e-31,1.1420062593394875e-09,3.691741848059014e-09,4.926965462162337e-11,1.5547337479378315e-10
0.86,1391.6866482023615,5.025800274461734,0.17447901325581722,6.5519159763134525,0.4882061669969326,0.07215275638909383,1.029648710358726e-05,7.608670023757049e-07,3.4320991698264653e-12,4.025425602424171e-12,6.484987539208451e-13,1.5212168168818583e-12,2.009203273509366e-07,2.5050172833252766e-07,0.20260843737328682,0.2675783253447219,4.93795428022552e-15,1.1948106848638285e-14,5.68707056422162e-13,1.4180954453635258e-12,3.971831290795584e-12,4.084272665002673e-12,6.176071220595694e-06,6.807299612234219e-06,0.014431229086338312,0.016972586950060358,0.2558849617344455,0.5254325942842839,0.032461372491638024,0.10472913496488104,1.194411954864251e-07,2.5408601139882986e-07,2.7098155725985953e-06,5.96480640015308e-06,1.4857214675616617e-06,3.48992547152309e-06,3.6945525971734116e-05,7.598288586435632e-05,1.0345116634743164e-08,2.2040428200209933e-08,2.5642964974118804e-06,5.652763360070774e-06,6.820408278590284e-11,2.0514476683247056e-10,1.88152772000934e-18,1.9320345456696194e-18,8.93455871624977e-12,1.0494846184367783e-11,6.064288380505916e-12,1.2902275798699267e-11,2.1230884996378097e-15,4.049497591878079e-15,1.3199934709210366e-08,2.615246884113377e-08,4.117815355388943e-19,1.2386804317945498e-18,0.006347309211938694,0.01303538665850928,3.414476110470642e-31,9.999999999998817e-31,1.1399714859264473e-09,3.6852094057662985e-09,4.920964726818578e-11,1.5528592809698756e-10
0.861,1391.6126406249346,5.025961999597388,0.1744733988794869,6.557647509065277,0.4882197383060226,0.07215564788287514,1.0289218892743359e-05,7.603392460028461e-07,3.426305929052801e-12,4.0186801838244945e-12,6.473604730608607e-13,1.5185653346489833e-12,2.007228045771463e-07,2.502585347020489e-07,0.202598607393713,0.26756862783315133,4.9292341301555546e-15,1.1927153578059002e-14,5.679844899613215e-13,1.4163110812511524e-12,3.96354951430849e-12,4.075806467669031e-12,6.168891998840241e-06,6.799470103565828e-06,0.014425012437799253,0.01696548380675534,0.2558868179640309,0.5254428560888479,0.032462147386020546,0.10473292066391936,1.1938657904484898e-07,2.5397294413382827e-07,2.7099361681479745e-06,5.965145080272411e-06,1.4844042625400156e-06,3.486874191486554e-06,3.6886418463064715e-05,7.586225548497293e-05,1.0326656344122797e-08,2.2001368355026866e-08,2.561434415585285e-06,5.646523471083967e-06,6.809016833207095e-11,2.048046482006614e-10,1.880796028132198e-18,1.931306920955344e-18,8.928309407991006e-12,1.0487634271754209e-11,6.0595004649521834e-12,1.2892247374523624e-11,2.1209513276490096e-15,4.045470893392377e-15,1.3199778811121966e-08,2.615248100965343e-08,4.1138311782886e-19,1.2374971423731442e-18,0.006347231293610832,0.01303538665851895,3.414434195026428e-31,9.999999999998792e-31,1.137943220929759e-09,3.678697750529317e-09,4.91497873432076e-11,1.5509893812446445e-10
0.862,1391.5387035516037,5.02612365207523,0.17446778738657526,6.563379226163198,0.4882332846020347,0.07215853394429743,1.0281961911340121e-05,7.598122874786867e-07,3.4205276703931776e-12,4.0119520717562985e-12,6.46225257816946e-13,1.5159209407137651e-12,2.005256568343931e-07,2.5001579643078085e-07,0.20258879485233827,0.267558946415586,4.920537477040686e-15,1.1906256350684801e-14,5.672635243248519e-13,1.414530629737196e-12,3.9552934544112635e-12,4.0673664059104036e-12,6.16172931033077e-06,6.791658456113728e-06,0.014418808386869821,0.016958394880915825,0.25588866775018854,0.5254530917590613,0.03246292333340479,0.10473670723109985,1.193320303773968e-07,2.538600119159422e-07,2.7100565581346756e-06,5.965483166864425e-06,1.4830899209506978e-06,3.4838294756159207e-06,3.682748148750632e-05,7.574197097791143e-05,1.0308251723197243e-08,2.196242560903645e-08,2.5585796638861057e-06,5.640299446695386e-06,6.797656494233695e-11,2.0446545174322021e-10,1.8800646285499695e-18,1.930579530191386e-18,8.922070623927243e-12,1.0480434282079567e-11,6.0547204410821575e-12,1.2882235172235257e-11,2.1188181995260823e-15,4.041451708165852e-15,1.3199623233190493e-08,2.615249315805498e-08,4.109853919753181e-19,1.2363158741726175e-18,0.006347153534188336,0.013035386658528613,3.414392365063888e-31,9.999999999998782e-31,1.1359214349977352e-09,3.672206789001174e-09,4.9090074267907056e-11,1.5491240309270087e-10
0.863,1391.464836768022,5.026285232123729,0.17446217876863074,6.569111127524617,0.48824680596207864,0.07216141458991886,1.0274716124205117e-05,7.592861243316315e-07,3.4147643351068315e-12,4.005241198772455e-12,6.450930957944832e-13,1.5132836065765559e-12,2.003288828453866e-07,2.497735119804507e-07,0.20257899969524515,0.2675492810428161,4.911864226036112e-15,1.1885414941564365e-14,5.665441536606635e-13,1.4127540766154162e-12,3.947062998036105e-12,4.058952365362049e-12,6.1545830942330715e-06,6.7838646045912225e-06,0.014412616894961488,0.01695132012952143,0.2558905111129284,0.5254633013749024,0.03246370033052103,0.10474049466371697,1.1927754928357816e-07,2.537472143517147e-07,2.7101767431679217e-06,5.965820661684131e-06,1.4817784326721374e-06,3.4807913008739804e-06,3.6768714327472035e-05,7.562203089490639e-05,1.028990253062352e-08,2.1923599456958293e-08,2.5557322143551064e-06,5.6340912267551825e-06,6.786327135142194e-11,2.0412717372943978e-10,1.879333520344969e-18,1.9298523726477974e-18,8.915842329589043e-12,1.0473246176641917e-11,6.0499482836036795e-12,1.2872239140364244e-11,2.1166891015939635e-15,4.037440011004354e-15,1.3199467974429384e-08,2.615250528640363e-08,4.1058835580776996e-19,1.2351366209221352e-18,0.006347075933180602,0.013035386658538305,3.4143506203191e-31,9.999999999998794e-31,1.1339060990280864e-09,3.6657364286302892e-09,4.903050746727032e-11,1.547263212298081e-10
0.864,1391.3910400611953,5.02644673996907,0.17445657301728307,6.5748432130671945,0.4882603024635485,0.07216428983631835,1.0267481496316954e-05,7.587607541005938e-07,3.4090158647473104e-12,3.9985474977617615e-12,6.439639746734316e-13,1.510653303908887e-12,2.0013248133838305e-07,2.495316798194009e-07,0.2025692218681314,0.2675396316650278,4.9032142828649395e-15,1.1864629127090854e-14,5.658263721404042e-13,1.4109814077364726e-12,3.938858032747792e-12,4.050564232296305e-12,6.147453290001122e-06,6.776088484018764e-06,0.014406437923648796,0.016944259509731562,0.255892348071565,0.5254734850147593,0.03246447837472577,0.10474428296105197,1.192231355632044e-07,2.536345510481732e-07,2.71029672385106e-06,5.966157566471913e-06,1.4804697876082046e-06,3.4777596442790932e-06,3.6710116268204516e-05,7.550243379332737e-05,1.0271608526106553e-08,2.1884889395683274e-08,2.552892039116851e-06,5.6278987512891594e-06,6.775028630064939e-11,2.0378981044798076e-10,1.8786027026311055e-18,1.9291254476261446e-18,8.909624488943622e-12,1.0466069914893515e-11,6.0451839673387386e-12,1.2862259227671261e-11,2.1145640202424866e-15,4.033435776832596e-15,1.319931303385799e-08,2.6152517394767683e-08,4.101920071400621e-19,1.233959376302389e-18,0.00634699849009906,0.013035386658547943,3.4143089605292465e-31,9.99999999999878e-31,1.1318971840409616e-09,3.659286577250085e-09,4.897108636901205e-11,1.5454069077224462e-10
0.865,1391.3173132187972,5.026608175837328,0.17445097012416844,6.580575482708849,0.48827377418306894,0.0721671596999382,1.0260257992635903e-05,7.582361743224647e-07,3.4032822010710087e-12,3.9918709018416326e-12,6.428378821847172e-13,1.5080300044980787e-12,1.999364510446903e-07,2.4929029841947417e-07,0.20255946131735683,0.26752999823317974,4.8945875535851316e-15,1.18438986844379e-14,5.65110173948994e-13,1.409212608981807e-12,3.93067844662598e-12,4.0422018935015635e-12,6.140339837296557e-06,6.7683300296351e-06,0.014400271434686028,0.01693721297890469,0.2558941786457413,0.52548364275752,0.03246525746297191,0.10474807212104811,1.1916878901517939e-07,2.535220216102508e-07,2.7104165007863965e-06,5.966493882964039e-06,1.479163975665641e-06,3.4747344828521112e-06,3.665168659609382e-05,7.538317823271883e-05,1.025336946987345e-08,2.1846294923153317e-08,2.5500591103030197e-06,5.621721960329641e-06,6.763760853714346e-11,2.0345335820445846e-10,1.877872174546504e-18,1.9283987544518894e-18,8.903417067737539e-12,1.0458905458367186e-11,6.040427467120335e-12,1.2852295382927911e-11,2.1124429418903556e-15,4.029438980625372e-15,1.3199158410498626e-08,2.6152529483212138e-08,4.0979634374187044e-19,1.2327841338597875e-18,0.006346921204457413,0.013035386658557531,3.414267385432734e-31,9.999999999998754e-31,1.129894661117654e-09,3.6528571428808164e-09,4.8911810402989554e-11,1.543555099629657e-10
0.866,1391.2436560285018,5.026769539956434,0.1744453700808608,6.58630793636776,0.488287221195696,0.07217002419696679,1.025304557858618e-05,7.577123825677648e-07,3.397563286369006e-12,3.9852113447474376e-12,6.417148061306593e-13,1.5054136802951977e-12,1.9974079070851452e-07,2.490493662682952e-07,0.20254971799075724,0.2675203807000811,4.8859839448844664e-15,1.1823223392273697e-14,5.643955533437885e-13,1.40744766641121e-12,3.922524128638564e-12,4.03386523666637e-12,6.133242676277491e-06,6.7605891772157725e-06,0.01439411738998745,0.016930180494575363,0.2558960028562309,0.5254937746842269,0.0324660375909985,0.10475186213769742,1.1911450944371408e-07,2.5340962565401167e-07,2.710536074581621e-06,5.966829612906877e-06,1.4778609869385682e-06,3.471715794049873e-06,3.659342460895895e-05,7.526426279594863e-05,1.0235185125676315e-08,2.180781554476001e-08,2.547233400560726e-06,5.615560795036196e-06,6.752523681713699e-11,2.0311781333139938e-10,1.87714193513281e-18,1.92767229235047e-18,8.897220034530502e-12,1.0451752771891038e-11,6.035678758071667e-12,1.2842347555510935e-11,2.11032585308262e-15,4.025449597593556e-15,1.3199004103375297e-08,2.6152541551796432e-08,4.094013635501625e-19,1.2316108876426141e-18,0.0063468440757715764,0.01303538665856717,3.4142258947691416e-31,9.999999999998762e-31,1.1278985018003745e-09,3.646448035022132e-09,4.8852679004467286e-11,1.5417077706172871e-10
0.867,1391.1700682813384,5.026930832545922,0.17443977287922788,6.592040573962355,0.4883006435794781,0.07217288334401416,1.024584421931475e-05,7.571893763858876e-07,3.3918590628888305e-12,3.978568760154402e-12,6.405947343930956e-13,1.5028043034341781e-12,1.9954549906940529e-07,2.488088818473891e-07,0.2025399918330679,0.2675107790143529,4.8774033639399896e-15,1.1802603030421342e-14,5.636825045378381e-13,1.4056865659717466e-12,3.914394968018798e-12,4.025554149739054e-12,6.1261617471025445e-06,6.752865862526621e-06,0.014387975751641016,0.016923162014470697,0.25589782072042966,0.5255038808688285,0.032466818757867166,0.10475565301567953,1.1906029664634445e-07,2.532973627811652e-07,2.710655445821965e-06,5.967164757995719e-06,1.4765608113203047e-06,3.468703554853407e-06,3.653532959538687e-05,7.514568604671645e-05,1.0217055254838272e-08,2.1769450760659637e-08,2.544414882017759e-06,5.60941519541463e-06,6.741316989987489e-11,2.0278317216991008e-10,1.8764119836440683e-18,1.926946060764537e-18,8.891033350552308e-12,1.0444611811673484e-11,6.03093781518986e-12,1.2832415694516847e-11,2.1082127403447968e-15,4.021467602905953e-15,1.3198850111523481e-08,2.6152553600594395e-08,4.090070642277339e-19,1.2304396308730072e-18,0.0063467671035593995,0.013035386658576776,3.414184488279113e-31,9.99999999999877e-31,1.1259086772780615e-09,3.640059162021005e-09,4.879369160766511e-11,1.5398649032473757e-10
0.868,1391.0965497662455,5.027092053833531,0.17443417851085494,6.5977733954113225,0.4883140414080983,0.07217573715702266,1.0238653880706975e-05,7.566671533801416e-07,3.3861694736440785e-12,3.971943082627216e-12,6.394776549070129e-13,1.500201846169948e-12,1.99350574887041e-07,2.485688436630806e-07,0.20253028279330026,0.2675011931301639,4.868845718494257e-15,1.178203738004325e-14,5.629710218682904e-13,1.403929293917683e-12,3.906290855119083e-12,4.017268521805743e-12,6.11909699061904e-06,6.74516002208226e-06,0.014381846481881946,0.016916157496478942,0.25589963225965207,0.5255139613931498,0.03246760095863296,0.10475944474671173,1.1900615043122224e-07,2.5318523261584517e-07,2.710774615114613e-06,5.967499319972397e-06,1.4752634390706283e-06,3.4656977431004455e-06,3.647740086466269e-05,7.502744659111246e-05,1.0198979624851741e-08,2.1731200084093172e-08,2.5416035277860675e-06,5.603285103631439e-06,6.730140655611132e-11,2.0244943109523493e-10,1.875682319080523e-18,1.926220058875152e-18,8.884856985672508e-12,1.0437482544062855e-11,6.0262046139114554e-12,1.2822499749964867e-11,2.106103590380301e-15,4.017492972065819e-15,1.3198696433974555e-08,2.6152565629662716e-08,4.086134438141055e-19,1.2292703579050393e-18,0.00634669028734097,0.013035386658586352,3.4141431657044773e-31,9.99999999999877e-31,1.1239251595678161e-09,3.6336904348912477e-09,4.8734847654999823e-11,1.538026480338052e-10
0.869,1391.023100275554,5.027253204038486,0.17442858696762503,6.6035064006336,0.48832741475823616,0.07217858565235687,1.0231474528268802e-05,7.561457111251625e-07,3.380494461534967e-12,3.9653342465886345e-12,6.383635556800757e-13,1.4976062809243043e-12,1.9915601691442367e-07,2.4832925021307916e-07,0.20252059081736237,0.26749162299749085,4.8603109166950894e-15,1.1761526223253862e-14,5.622610996165007e-13,1.4021758363619368e-12,3.89821168047374e-12,4.0090082421267385e-12,6.112048347615167e-06,6.737471592321965e-06,0.014375729543127278,0.016909166898690552,0.25590143749182,0.5255240163318905,0.03246838419168219,0.10476323733322696,1.1895207059862281e-07,2.5307323476527543e-07,2.710893583043923e-06,5.9678333005268485e-06,1.4739688602145137e-06,3.46269833607307e-06,3.6419637714884824e-05,7.490954301204047e-05,1.0180958000203063e-08,2.16930630218374e-08,2.53879931036317e-06,5.597170460489767e-06,6.718994555890457e-11,2.0211658648907524e-10,1.874952940674224e-18,1.9254942861005214e-18,8.878690903264801e-12,1.0430364927767525e-11,6.021479129486646e-12,1.2812599671465814e-11,2.1039983898518474e-15,4.0135256804940095e-15,1.3198543069770724e-08,2.615257763907114e-08,4.082205000303511e-19,1.2281030621334435e-18,0.006346613626638409,0.013035386658595901,3.4141019267881664e-31,9.999999999998764e-31,1.1219479202580879e-09,3.627341763250433e-09,4.8676146587211896e-11,1.5361924846520026e-10
0.87,1390.949719600549,5.027414283384979,0.17442299824125104,6.609239589548384,0.48834076370368107,0.07218142884593272,1.0224306128159908e-05,7.556250472432609e-07,3.3748339701403736e-12,3.958742187248546e-12,6.372524247848411e-13,1.49501758026766e-12,1.9896182392198281e-07,2.4809010001653253e-07,0.20251091585396785,0.26748206856992,4.851798867325814e-15,1.1741069343676889e-14,5.615527321671042e-13,1.400426179672766e-12,3.890157335646686e-12,4.000773201008312e-12,6.1050157594955415e-06,6.729800510354357e-06,0.014369624897937777,0.01690219017935329,0.25590323643732715,0.525534045764664,0.032469168452849,0.10476703076938973,1.1889805695738317e-07,2.5296136885473925e-07,2.7110123502078162e-06,5.968166701377166e-06,1.4726770650694607e-06,3.459705311736493e-06,3.636203946108872e-05,7.479197392706329e-05,1.0162990150477476e-08,2.165503909147451e-08,2.5360022030404793e-06,5.591071208534219e-06,6.707878569179766e-11,2.0178463476419833e-10,1.8742238474733825e-18,1.9247687416691402e-18,8.872535071778155e-12,1.0423258927448892e-11,6.016761337561197e-12,1.2802715409460241e-11,2.1018971255844085e-15,4.009565703916113e-15,1.3198390017953476e-08,2.6152589628879387e-08,4.078282308930377e-19,1.2269377378405666e-18,0.00634653712097596,0.013035386658605486,3.414060771274246e-31,9.999999999998789e-31,1.119976931614466e-09,3.621013058894972e-09,4.86175878520744e-11,1.5343628991713191e-10
0.871,1390.8764075346353,5.027575292092677,0.17441741232360525,6.614972962075117,0.4883540883194033,0.07218426675381817,1.021714864616451e-05,7.551051593283531e-07,3.369187942961312e-12,3.952166839716567e-12,6.361442503443071e-13,1.4924357168851443e-12,1.98767994674797e-07,2.4785139158562254e-07,0.20250125785052958,0.26747252979921987,4.843309479401323e-15,1.1720666525467839e-14,5.60845913863094e-13,1.3986803101123555e-12,3.882127712402854e-12,3.992563288950622e-12,6.097999167632432e-06,6.722146713242193e-06,0.01436353250906466,0.016895227296926944,0.25590502911495355,0.5255440497675984,0.032469953739515625,0.10477082505432436,1.18844109309832e-07,2.528496344955147e-07,2.7111309171910284e-06,5.968499524210626e-06,1.4713880437760522e-06,3.4567186476362063e-06,3.6304605409800515e-05,7.467473793606415e-05,1.0145075842990262e-08,2.1617127805691094e-08,2.5332121786355225e-06,5.5849872892558275e-06,6.696792574110424e-11,2.014535723412328e-10,1.873495038689983e-18,1.9240434249767405e-18,8.866389457781072e-12,1.0416164505550048e-11,6.012051213589244e-12,1.2792846913968848e-11,2.099799784360331e-15,4.005613017971588e-15,1.3198237277570607e-08,2.6152601599150646e-08,4.074366341646284e-19,1.2257743785429448e-18,0.0063464607698799965,0.013035386658615034,3.414019698907935e-31,9.99999999999879e-31,1.118012165583711e-09,3.614704232580122e-09,4.855917089645205e-11,1.532537706846877e-10
0.872,1390.803163873447,5.027736230375968,0.17441182920674525,6.620706518133489,0.4883673886821311,0.07218709939232433,1.021000204848545e-05,7.545860450047094e-07,3.3635563239305958e-12,3.945608139600263e-12,6.350390205862257e-13,1.489860663704166e-12,1.9857452794750852e-07,2.476131234441833e-07,0.2024916167526308,0.2674630066346638,4.8348426628241195e-15,1.1700317554902743e-14,5.601406390893991e-13,1.3969382140453663e-12,3.874122703293705e-12,3.9843783972502856e-12,6.090998513807265e-06,6.714510138489645e-06,0.014357452339386388,0.016888278210010408,0.2559068155413898,0.5255540284124021,0.0324707400510923,0.10477462019367216,1.1879022746075802e-07,2.527380313039756e-07,2.7112492845660823e-06,5.968831770686294e-06,1.4701017865450357e-06,3.4537383214787228e-06,3.6247334873337726e-05,7.455783365066781e-05,1.0127214847006415e-08,2.1579328681271282e-08,2.530429210190625e-06,5.578918644632894e-06,6.685736450071745e-11,2.0112339566315385e-10,1.8727665135676433e-18,1.923318335450755e-18,8.860254021414254e-12,1.0409081616954297e-11,6.007348733300714e-12,1.2782994135588139e-11,2.0977063530815268e-15,4.001667598523501e-15,1.3198084847680015e-08,2.6152613549961203e-08,4.070457076531448e-19,1.2246129778929083e-18,0.0063463845728786205,0.013035386658624573,3.413978709435385e-31,9.999999999998806e-31,1.1160535943431235e-09,3.6084151957964732e-09,4.8500895170826846e-11,1.530716890741302e-10
0.873,1390.729988408611,5.027897098463548,0.17440624888223455,6.626440257643449,0.4883806648613576,0.07218992677666564,1.0202866301721366e-05,7.540677019251636e-07,3.35793905756817e-12,3.9390660231868494e-12,6.339367237350316e-13,1.4872923936406829e-12,1.9838142253016798e-07,2.473752941349554e-07,0.20248199251297871,0.2674534990348182,4.8263983275160845e-15,1.168002221827556e-14,5.594369023382179e-13,1.3951998781016885e-12,3.866142201747409e-12,3.976218418092654e-12,6.084013740330419e-06,6.706890724173461e-06,0.014351384351964704,0.016881342877405187,0.25590859574003905,0.5255639817843641,0.0324715273801784,0.10477841617105575,1.1873641122364695e-07,2.526265589148255e-07,2.7113674529414586e-06,5.969163442540227e-06,1.4688182839283627e-06,3.4507643117678674e-06,3.619022718225685e-05,7.444125971983516e-05,1.0109406937142235e-08,2.1541641246342367e-08,2.5276532716292345e-06,5.572865218577276e-06,6.674710077448688e-11,2.007941012024076e-10,1.8720382710550592e-18,1.9225934722146643e-18,8.854128740272672e-12,1.0402010237040358e-11,6.002653872652262e-12,1.2773157025384254e-11,2.095616818753421e-15,3.997729421627356e-15,1.319793272732743e-08,2.615262548135254e-08,4.0665544950692584e-19,1.2234535305652195e-18,0.006346308529502514,0.013035386658634096,3.413937802604129e-31,9.999999999998824e-31,1.1141011908117924e-09,3.602145862422502e-09,4.844276013294498e-11,1.528900434143865e-10
0.874,1390.6568809379087,5.028057896567019,0.1744006713422319,6.6321741805251895,0.4883939169335334,0.07219274892306762,1.0195741372250179e-05,7.535501277256508e-07,3.3523360883041625e-12,3.932540426649703e-12,6.328373481428674e-13,1.4847308799068228e-12,1.9818867720642134e-07,2.471379021924211e-07,0.2024723850772277,0.26744400694885306,4.817976384291235e-15,1.1659780304012031e-14,5.587346980331921e-13,1.39346528873815e-12,3.858186101431643e-12,3.968083243897111e-12,6.0770447894842625e-06,6.699288408329958e-06,0.014345328510017628,0.016874421258085973,0.2559103697270233,0.5255739099536868,0.03247231572661191,0.1047822129934269,1.1868266040308902e-07,2.5251521694370286e-07,2.711485422881811e-06,5.969494541410616e-06,1.4675375261732217e-06,3.447796596287688e-06,3.6133281653174803e-05,7.43250147636862e-05,1.0091651884309011e-08,2.1504065021080836e-08,2.5248843361074433e-06,5.566826953300763e-06,6.663713336834861e-11,2.004656854372675e-10,1.8713103104478376e-18,1.9218688347474206e-18,8.848013575251705e-12,1.03949503215599e-11,5.997966607522675e-12,1.2763335534246602e-11,2.0935311683775337e-15,3.9937984633267485e-15,1.3197780915578871e-08,2.615263739339919e-08,4.0626585747862513e-19,1.2222960300429614e-18,0.00634623263928408,0.013035386658643563,3.4138969781626314e-31,9.999999999998825e-31,1.1121549273599836e-09,3.5958961445523584e-09,4.838476523812676e-11,1.5270883202648822e-10
0.875,1390.5838412574922,5.028218624904661,0.1743950965786666,6.637908286699149,0.48840714497139087,0.07219556584718546,1.018862722678362e-05,7.530333200661618e-07,3.3467473610457544e-12,3.926031286713197e-12,6.31740882195518e-13,1.482176095790155e-12,1.9799629077160902e-07,2.4690094616536355e-07,0.20246279439465983,0.2674345303306376,4.809576744259282e-15,1.163959160122595e-14,5.580340206719141e-13,1.391734432593865e-12,3.850254296792898e-12,3.959972767871645e-12,6.070091603986405e-06,6.691703129465447e-06,0.014339284776916367,0.016867513311196285,0.255912137521756,0.5255838129971747,0.0324731050868551,0.10478601065681241,1.1862897480914908e-07,2.524040050177438e-07,2.711603194968895e-06,5.969825068971667e-06,1.4662595037387972e-06,3.4448351533163507e-06,3.607649761479267e-05,7.420909742702627e-05,1.0073949463056671e-08,2.1466599533359727e-08,2.5221223773424496e-06,5.560803792243759e-06,6.652746109668877e-11,2.0013814487097092e-10,1.870582630887303e-18,1.921144422368638e-18,8.841908494503597e-12,1.0387901834781135e-11,5.993286913994482e-12,1.2753529613486582e-11,2.0914493890500444e-15,3.989874699841234e-15,1.3197629411497524e-08,2.615264928616176e-08,4.0587692952785637e-19,1.2211404704305623e-18,0.006346156901757818,0.013035386658653085,3.4138562358604663e-31,9.999999999998859e-31,1.1102147768501854e-09,3.5896659558616608e-09,4.832690994706411e-11,1.525280532481753e-10
0.876,1390.510869165912,5.028379283689168,0.1743895245836639,6.643642576086011,0.4884203490495047,0.07219837756492681,1.0181523832006226e-05,7.525172766040708e-07,3.3411728208309604e-12,3.919538540246672e-12,6.306473143548135e-13,1.4796280147532112e-12,1.9780426202187212e-07,2.466644246032864e-07,0.20245322041261946,0.26742506913139175,4.801199319070399e-15,1.1619455900311823e-14,5.573348647436563e-13,1.3900072962850845e-12,3.842346682710957e-12,3.951886883657614e-12,6.063154126702455e-06,6.684134826239705e-06,0.01433325311618754,0.016860618996051298,0.25591389914144347,0.5255936909869479,0.032473895459522784,0.10478980916415365,1.1857535424906631e-07,2.522929227579253e-07,2.7117207697696138e-06,5.9701550268633055e-06,1.4649842070046482e-06,3.4418799609410695e-06,3.601987439298189e-05,7.409350634867113e-05,1.0056299447347463e-08,2.1429244309743615e-08,2.5193673688552294e-06,5.554795678405664e-06,6.641808277843653e-11,1.9981147601997148e-10,1.869855231631901e-18,1.92042023451735e-18,8.835813461530095e-12,1.0380864735499957e-11,5.98861476816395e-12,1.2743739214433435e-11,2.0893714678947787e-15,3.985958107438552e-15,1.3197478214154947e-08,2.615266115970939e-08,4.0548866347793995e-19,1.2199868454211093e-18,0.006346081316460081,0.013035386658662568,3.4138155754482283e-31,9.99999999999887e-31,1.10828071204233e-09,3.5834552096845463e-09,4.826919372128038e-11,1.5234770541956987e-10
0.877,1390.4379644597575,5.028539873141034,0.17438395534908083,6.649377048606709,0.4884335292381913,0.07220118409154727,1.0174431155089993e-05,7.520019950321488e-07,3.335612413282743e-12,3.9130621247970575e-12,6.295566331193229e-13,1.4770866103412367e-12,1.9761258976837916e-07,2.464283360741471e-07,0.20244366308261771,0.26741562330774005,4.792844020738638e-15,1.159937299251727e-14,5.566372248320713e-13,1.3882838666612888e-12,3.8344631549618825e-12,3.943825485805882e-12,6.056232301031214e-06,6.6765834378904405e-06,0.014327233491515472,0.01685373827213999,0.25591565460710336,0.5256035440027825,0.032474686839330386,0.10479360850577384,1.1852179853771429e-07,2.5218196980131204e-07,2.7118381478713576e-06,5.970484416768755e-06,1.4637116266290728e-06,3.4389309978999512e-06,3.596341132925277e-05,7.397824019943519e-05,1.0038701615807023e-08,2.1391998886677798e-08,2.5166192849073072e-06,5.548802556410133e-06,6.630899724210271e-11,1.994856754290923e-10,1.8691281117376322e-18,1.9196962704237357e-18,8.829728449293026e-12,1.0373838993617453e-11,5.983950146419454e-12,1.2733964289026213e-11,2.0872973921609514e-15,3.9820486626209725e-15,1.3197327322618116e-08,2.6152673014093124e-08,4.051010574287587e-19,1.2188351495384516e-18,0.006346005882929468,0.01303538665867203,3.4137749966777105e-31,9.999999999998875e-31,1.1063527063262042e-09,3.577263821381735e-09,4.821161602880496e-11,1.5216778690108248e-10
0.878,1390.3651269387924,5.028700393472826,0.17437838886705134,6.655111704182421,0.4884466856106082,0.07220398544270286,1.0167349163134093e-05,7.514874730371875e-07,3.330066084105435e-12,3.906601977998357e-12,6.284688270736998e-13,1.4745518562980495e-12,1.9742127282156832e-07,2.461926791447187e-07,0.2024341223532258,0.2674061928123356,4.7845107618797845e-15,1.1579342670519354e-14,5.559410954998035e-13,1.386564130517485e-12,3.826603609708265e-12,3.9357884692528025e-12,6.049326070481858e-06,6.669048903767503e-06,0.014321225866744995,0.016846871099129156,0.2559174039365392,0.5256133721177051,0.03247547922415064,0.1047974086821536,1.1846830748585543e-07,2.5207114577607666e-07,2.711955329840836e-06,5.970813240324165e-06,1.4624417531431798e-06,3.43598824262847e-06,3.590710775993998e-05,7.386329763932034e-05,1.0021155745811219e-08,2.135486279788919e-08,2.5138780994440757e-06,5.542824370175575e-06,6.620020332021304e-11,1.9916073965479111e-10,1.8684012704258793e-18,1.918972529486972e-18,8.823653423940309e-12,1.0366824571020858e-11,5.979293025140967e-12,1.2724204789174884e-11,2.0852271491178735e-15,3.978146341924617e-15,1.3197176735964628e-08,2.615268484937716e-08,4.0471410928723703e-19,1.217685376724633e-18,0.006345930600706477,0.013035386658681447,3.4137344993017305e-31,9.999999999998866e-31,1.1044307328952329e-09,3.5710917056693318e-09,4.815417633782387e-11,1.5198829605337983e-10
0.879,1390.2923564042649,5.028860844894191,0.17437282512981303,6.660846542734561,0.4884598182405351,0.07220678163412293,1.0160277823244598e-05,7.509737083059036e-07,3.324533779177915e-12,3.900158037681049e-12,6.273838848655861e-13,1.4720237265118969e-12,1.9723030999414543e-07,2.459574523843328e-07,0.20242459817230257,0.2673967775968057,4.776199455553952e-15,1.1559364728043973e-14,5.552464713142201e-13,1.3848480746584027e-12,3.818767943579022e-12,3.927775729402411e-12,6.042435378744097e-06,6.661531163410365e-06,0.014315230205870961,0.016840017436851352,0.2559191471465667,0.5256231754025704,0.03247627261278133,0.10480120969672937,1.1841488090274321e-07,2.5196045030704016e-07,2.712072316236894e-06,5.9711414991468876e-06,1.4611745770477882e-06,3.433051673487172e-06,3.5850963020995926e-05,7.374867732737751e-05,1.0003661614829622e-08,2.1317835577249668e-08,2.511143786340188e-06,5.536861063456286e-06,6.60916998503042e-11,1.988366652681618e-10,1.867674706984011e-18,1.9182490111731827e-18,8.817588349066454e-12,1.0359821426588938e-11,5.9746433807372924e-12,1.2714460666839758e-11,2.083160726067514e-15,3.974251121943497e-15,1.3197026453278553e-08,2.6152696665630947e-08,4.0432781688850003e-19,1.2165375207044187e-18,0.006345855469333471,0.013035386658690851,3.4136940830741046e-31,9.99999999999886e-31,1.1025147649391042e-09,3.564938777241729e-09,4.809687411804558e-11,1.5180923124169896e-10
0.88,1390.2196526554053,5.0290212276227555,0.17436726412932885,6.666581564184793,0.4884729271974706,0.0722095726808814,1.0153217103007165e-05,7.504606985598365e-07,3.319015444953003e-12,3.893730242340472e-12,6.263017951767982e-13,1.46950219494779e-12,1.970397001136219e-07,2.457226543805028e-07,0.20241509049189746,0.2673873776182141,4.767910015166024e-15,1.1539438959624438e-14,5.545533469360412e-13,1.3831356861194843e-12,3.810956054078477e-12,3.919787162547067e-12,6.03556017003133e-06,6.654030156926128e-06,0.014309246473043479,0.016833177245310166,0.255920884257844,0.5256329539359538,0.032477067000094346,0.10480501154023346,1.1836151860522349e-07,2.5184988303502335e-07,2.7121891076390415e-06,5.971469194897968e-06,1.4599100891211124e-06,3.4301212694844156e-06,3.579497646386438e-05,7.363437795435711e-05,9.986219004944483e-09,2.1280916768405185e-08,2.508416320206523e-06,5.530912581621477e-06,6.59834856792797e-11,1.9851344886803144e-10,1.866948420495102e-18,1.917525714737736e-18,8.811533197814554e-12,1.035282953041011e-11,5.97000118990348e-12,1.2704731874578648e-11,2.081098110434509e-15,3.970362979501031e-15,1.3196876473639002e-08,2.61527084629051e-08,4.039421783438461e-19,1.2153915760322108e-18,0.006345780488355021,0.013035386658700314,3.4136537477498365e-31,9.9999999999989e-31,1.1006047762707527e-09,3.5588049527987996e-09,4.8039708845584014e-11,1.5163059085125257e-10
0.881,1390.1470154947006,5.029181541867909,0.17436170585784955,6.67231676845502,0.48848601255388224,0.07221235859847204,1.0146166969921897e-05,7.499484415136195e-07,3.3135110279515136e-12,3.887318530543539e-12,6.25222546774865e-13,1.466987235768525e-12,1.9684944200639773e-07,2.4548828371908865e-07,0.20240559926099283,0.2673779928294874,4.759642354717072e-15,1.1519565161210746e-14,5.538617170024491e-13,1.381426951875432e-12,3.80316783907901e-12,3.911822665345907e-12,6.028700388655066e-06,6.646545824520731e-06,0.014303274632569953,0.016826350484683495,0.25592261528769805,0.5256427077894442,0.03247786238423737,0.10480881421393923,1.1830822040580695e-07,2.5173944359148183e-07,2.712305704605549e-06,5.971796329190187e-06,1.4586482800063986e-06,3.4271970093077237e-06,3.573914743439388e-05,7.352039819933733e-05,9.9688276968659e-09,2.124410591202369e-08,2.505695675316447e-06,5.524978869288128e-06,6.58755596578673e-11,1.981910870642982e-10,1.8662224102143662e-18,1.916802639611967e-18,8.805487936269843e-12,1.034584884427222e-11,5.965366429319118e-12,1.2695018364905504e-11,2.079039289660702e-15,3.966481891449085e-15,1.3196726796135868e-08,2.615272024126392e-08,4.035571915621174e-19,1.2142475366520319e-18,0.006345705657317467,0.01303538665870971,3.413613493084888e-31,9.999999999998904e-31,1.0987007404902833e-09,3.5526901483427595e-09,4.7982679996556397e-11,1.5145237326703104e-10
0.882,1390.0744447250813,5.029341787839302,0.174356150307619,6.678052155467383,0.4884990743814748,0.07221513940225692,1.0139127391756888e-05,7.494369349011118e-07,3.308020475061281e-12,3.880922841279586e-12,6.241461284888938e-13,1.4644788232780807e-12,1.9665953450710753e-07,2.452543389959529e-07,0.20239612442925045,0.26736862318436383,4.751396388714273e-15,1.1499743129951728e-14,5.531715761943187e-13,1.379721859007897e-12,3.7954031971192005e-12,3.903882135131591e-12,6.021855979272894e-06,6.639078106772382e-06,0.014297314648898123,0.016819537115303648,0.25592434025384864,0.5256524370352924,0.03247865876289898,0.10481261771760855,1.1825498611958962e-07,2.5162913161323106e-07,2.7124221076953314e-06,5.97212290363623e-06,1.4573891404457128e-06,3.4242788718730827e-06,3.568347528491591e-05,7.340673675457085e-05,9.951487473369677e-09,2.1207402553121566e-08,2.5029818262191744e-06,5.519059871673432e-06,6.576792064373202e-11,1.9786957648730008e-10,1.8654966753617165e-18,1.916079785190124e-18,8.79945253086641e-12,1.0338879330364568e-11,5.9607390758395776e-12,1.2685320090697444e-11,2.0769842512714494e-15,3.962607834794482e-15,1.3196577419862623e-08,2.6152732000771108e-08,4.0317285453056944e-19,1.2131053967426026e-18,0.006345630975769096,0.013035386658719068,3.41357331883627e-31,9.999999999998913e-31,1.0968026314621678e-09,3.5465942807212145e-09,4.7925787050704964e-11,1.5127457688523524e-10
0.883,1390.0019401498503,5.029501965747151,0.17435059747086354,6.683787725144264,0.4885121127510011,0.07221791510743715,1.013209833633463e-05,7.489261764596032e-07,3.302543733399977e-12,3.874543113799427e-12,6.230725291941775e-13,1.4619769318855007e-12,1.9646997645460727e-07,2.450208188119537e-07,0.20238666594719196,0.26735926863762777,4.743172031988769e-15,1.1479972663754224e-14,5.524829192139077e-13,1.378020394649828e-12,3.787662027246397e-12,3.89596546974839e-12,6.015026886770748e-06,6.631626944501708e-06,0.014291366486632887,0.016812737097676892,0.25592605917457284,0.5256621417467402,0.03247945613314059,0.10481642204894785,1.1820181556187674e-07,2.515189467373872e-07,2.712538317468434e-06,5.9724489198496705e-06,1.4561326612153686e-06,3.421366836173196e-06,3.562795937049422e-05,7.329339231776945e-05,9.934198118188102e-09,2.1170806238699866e-08,2.5002747475561474e-06,5.513155534189884e-06,6.566056750017334e-11,1.9754891378389504e-10,1.8647712151551056e-18,1.915357150863581e-18,8.79342695012773e-12,1.0331920953322848e-11,5.956119106370224e-12,1.267563700492692e-11,2.074932982831811e-15,3.958740786615389e-15,1.3196428343914862e-08,2.6152743741486468e-08,4.02789165232473e-19,1.211965150469409e-18,0.006345556443260144,0.013035386658728384,3.4135332247620285e-31,9.9999999999989e-31,1.094910423171813e-09,3.5405172671633976e-09,4.786902949020038e-11,1.5109720010949856e-10
0.884,1389.9295015718126,5.0296620758050015,0.17434504733969639,6.689523477408288,0.48852512773100093,0.07222068572886477,1.0125079771825727e-05,7.484161639515072e-07,3.297080750529074e-12,3.868179287866338e-12,6.220017378157474e-13,1.459481536113215e-12,1.9628076669854178e-07,2.447877217811305e-07,0.2023772237674555,0.26734992914676303,4.734969199804675e-15,1.1460253561546798e-14,5.517957408263079e-13,1.3763225460888374e-12,3.7799442292481465e-12,3.888072567790234e-12,6.008213056450271e-06,6.624192278978214e-06,0.014285430110534654,0.01680595039248116,0.25592777206994316,0.5256718220005508,0.03248025449015513,0.10482022719959931,1.1814870855251518e-07,2.5140888861058e-07,2.7126543344935793e-06,5.972774379461437e-06,1.4548788332608396e-06,3.4184608815944175e-06,3.5572599056132924e-05,7.318036360693166e-05,9.916959418089357e-09,2.113431652217567e-08,2.497574414423876e-06,5.507265803245273e-06,6.555349909835957e-11,1.972290956241816e-10,1.8640460287099002e-18,1.9146347359174375e-18,8.787411167515063e-12,1.0324973683575847e-11,5.951506498033938e-12,1.2665969061017953e-11,2.072885472004931e-15,3.9548807241726166e-15,1.3196279567387573e-08,2.6152755463459865e-08,4.024061218037643e-19,1.2108267924560323e-18,0.0063454820593429944,0.013035386658737698,3.4134932106213686e-31,9.999999999998889e-31,1.093024090006147e-09,3.5344590261874615e-09,4.781240680192038e-11,1.5092024135807722e-10
0.885,1389.8571287975437,5.029822118216465,0.17433949990657704,6.6952594121823115,0.488538119393759,0.07222345128192813,1.0118071666213869e-05,7.47906895124866e-07,3.291631473994587e-12,3.8618313032175596e-12,6.209337433658684e-13,1.456992610685137e-12,1.9609190408490635e-07,2.445550465127148e-07,0.20236779783884531,0.2673406046641098,4.726787808006272e-15,1.1440585623636922e-14,5.511100357562752e-13,1.374628300509974e-12,3.772249703184716e-12,3.880203328120203e-12,6.001414433637807e-06,6.616774051489681e-06,0.014279505485516111,0.01679917696056335,0.25592947895594886,0.5256814778649688,0.032481053833164214,0.10482403317417889,1.1809566490529537e-07,2.512989568664183e-07,2.7127701593136037e-06,5.973099284044089e-06,1.4536276473355417e-06,3.4155609870682586e-06,3.5517393698285357e-05,7.306764932230892e-05,9.899771157622213e-09,2.109793295218422e-08,2.494880801431951e-06,5.501390624165981e-06,6.544671431230087e-11,1.9691011868639e-10,1.863321115360695e-18,1.913912539861187e-18,8.781405147304567e-12,1.0318037480752292e-11,5.946901227880799e-12,1.2656316212229167e-11,2.070841706450921e-15,3.95102762471699e-15,1.3196131089388576e-08,2.6152767166759533e-08,4.020237221131115e-19,1.209690316520678e-18,0.006345407823571731,0.013035386658747027,3.41345327617442e-31,9.999999999998904e-31,1.091143606023515e-09,3.5284194752398993e-09,4.775591847178616e-11,1.5074369904598448e-10
0.886,1389.7848216329512,5.029982093188838,0.1743339551638395,6.700995529389428,0.48855108780928885,0.07222621178166005,1.011107398777766e-05,7.4739836774894e-07,3.2861958517484e-12,3.855499100058508e-12,6.198685348999454e-13,1.4545101304231717e-12,1.959033874693843e-07,2.4432279162775657e-07,0.20235838811235016,0.2673312951448058,4.718627772809325e-15,1.1420968651205668e-14,5.50425798786108e-13,1.3729376452398143e-12,3.764578349803726e-12,3.872357650296959e-12,5.9946309640361355e-06,6.609372203729771e-06,0.014273592576631439,0.01679241676292612,0.255931179850466,0.5256911094119628,0.03248185415943397,0.10482783997096097,1.1804268443805156e-07,2.51189151146974e-07,2.712885792480728e-06,5.973423635189279e-06,1.4523790943485585e-06,3.412667131888316e-06,3.546234266253045e-05,7.295524818276746e-05,9.882633124126207e-09,2.10616550832557e-08,2.4921938836057073e-06,5.495529943187215e-06,6.5340212023338e-11,1.965919796703834e-10,1.8625964743430326e-18,1.9131905621017424e-18,8.775408857807075e-12,1.0311112309213112e-11,5.9423032731460186e-12,1.2646678412202323e-11,2.068801673915697e-15,3.947181465658714e-15,1.319598290902558e-08,2.6152778851445524e-08,4.0164196417624617e-19,1.2085557169228297e-18,0.006345333735502365,0.013035386658756379,3.4134134211823327e-31,9.999999999998924e-31,1.0892689456526687e-09,3.522398532955737e-09,4.7699563990065245e-11,1.505675716017249e-10
0.887,1389.7125798844718,5.030142000929406,0.17432841310382025,6.706731828952968,0.48856403304696044,0.0722289672429794,1.0104086705128883e-05,7.468905796170521e-07,3.2807738321424523e-12,3.84918261905608e-12,6.188061015389481e-13,1.4520340702998805e-12,1.9571521571698934e-07,2.4409095575868337e-07,0.20234899453952104,0.2673220005446472,4.7104890109853945e-15,1.1401402446754155e-14,5.497430247473765e-13,1.3712505677258726e-12,3.7569300705505004e-12,3.864535434585545e-12,5.987862593726107e-06,6.601986677799995e-06,0.014267691349072074,0.01678566976072318,0.2559328747716521,0.5257007167139373,0.03248265546588453,0.10483164758707367,1.1798976697190073e-07,2.5107947110116616e-07,2.713001234547757e-06,5.973747434488454e-06,1.4511331653253006e-06,3.4097792956179117e-06,3.540744532190611e-05,7.28431589223625e-05,9.865545107285105e-09,2.102548247486446e-08,2.4895136362961506e-06,5.489683707254556e-06,6.523399111999923e-11,1.9627467529723316e-10,1.8618721048488094e-18,1.912468802000369e-18,8.769422268077359e-12,1.0304198134185246e-11,5.9377126112785184e-12,1.2637055615023383e-11,2.0667653622413837e-15,3.9433422245873124e-15,1.3195835025409397e-08,2.615279051757649e-08,4.0126084610148423e-19,1.207422988199366e-18,0.0063452597946927055,0.013035386658765672,3.4133736454072526e-31,9.999999999998938e-31,1.0874000836223733e-09,3.5163961189310643e-09,4.764334285093556e-11,1.503918574659224e-10
0.888,1389.6404033590875,5.030301841645586,0.17432287371885327,6.712468310796497,0.4885769551753358,0.0722317176806641,1.009710978672089e-05,7.463835285102202e-07,3.275365363615333e-12,3.842881800970849e-12,6.177464324388459e-13,1.4495644053667222e-12,1.9552738769274812e-07,2.438595375376719e-07,0.20233961707261142,0.2673127208202636,4.702371439480169e-15,1.1381886813179484e-14,5.490617084685295e-13,1.369567055405871e-12,3.749304767213489e-12,3.856736581592592e-12,5.981109268893334e-06,6.594617415908165e-06,0.014261801768200919,0.016778935915298897,0.2559345637380581,0.525710299843941,0.03248345774897394,0.10483545601812021,1.1793691232554533e-07,2.5096991637262916e-07,2.7131164860664398e-06,5.974070683529013e-06,1.449889851249796e-06,3.4068974577194113e-06,3.535270104795132e-05,7.273138027190788e-05,9.84850689650297e-09,2.098941468583656e-08,2.4868400347380226e-06,5.483851863049286e-06,6.512805049502127e-11,1.9595820230025082e-10,1.861148006115355e-18,1.9117472589641108e-18,8.763445349725393e-12,1.0297294923889605e-11,5.933129219653546e-12,1.2627447774610439e-11,2.06473275926654e-15,3.939509879081131e-15,1.319568743765266e-08,2.6152802165206086e-08,4.0088036590331886e-19,1.2062921246036142e-18,0.006345186000702716,0.013035386658774966,3.4133339486124542e-31,9.999999999998964e-31,1.08553699462009e-09,3.510412152619242e-09,4.7587254549663345e-11,1.5021655508240762e-10
0.889,1389.5682918656903,5.030461615540414,0.17431733700142646,6.718204974843814,0.48858985426433893,0.0722344631096771,1.0090143201467235e-05,7.458772122429454e-07,3.269970395044607e-12,3.836596587070771e-12,6.166895168502856e-13,1.4471011108942189e-12,1.9533990227201827e-07,2.4362853560953565e-07,0.2023302556624439,0.26730345592631943,4.694274976065547e-15,1.1362421555354074e-14,5.48381844825878e-13,1.3678870958350245e-12,3.7417023423335926e-12,3.8489609926877334e-12,5.974370936139284e-06,6.58726436071194e-06,0.014255923799501202,0.01677221518812946,0.2559362467665526,0.5257198588714428,0.032484261006783276,0.10483926526491605,1.1788412032104428e-07,2.508604866120116e-07,2.7132315475788334e-06,5.974393383875735e-06,1.4486491432030862e-06,3.4040215978796867e-06,3.529810921911512e-05,7.261991097628183e-05,9.831518283417755e-09,2.0953451279708557e-08,2.4841730544572734e-06,5.478034357887354e-06,6.502238904842732e-11,1.956425574342666e-10,1.8604241773836864e-18,1.9110259324030546e-18,8.757478069429977e-12,1.0290402640745213e-11,5.9285530759419325e-12,1.2617854845500582e-11,2.0627038529533795e-15,3.935684406950383e-15,1.319554014487632e-08,2.61528137943978e-08,4.005005216727551e-19,1.20516312061799e-18,0.006345112353093949,0.013035386658784271,3.413294330562074e-31,9.999999999998983e-31,1.0836796536039213e-09,3.504446554339973e-09,4.753129858529654e-11,1.5004166290673225e-10
0.89,1389.4962452144173,5.03062132281482,0.17431180294410276,6.723941821018944,0.48860273038409313,0.07223720354499093,1.0083186917825768e-05,7.4537162859547e-07,3.2645888751812314e-12,3.830326918467455e-12,6.156353440508219e-13,1.4446441622128782e-12,1.9515275832368511e-07,2.433979486107569e-07,0.20232091025953833,0.26729420581699087,4.686199538545856e-15,1.1343006478203934e-14,5.477034286526856e-13,1.3662106764592145e-12,3.734122698554359e-12,3.8412085693350555e-12,5.967647541979736e-06,6.579927454765539e-06,0.014250057408627104,0.016765507540881585,0.255937923873421,0.5257293938645621,0.03248506523791661,0.10484307532993332,1.178313907738535e-07,2.5075118145577015e-07,2.713346419619493e-06,5.974715537075283e-06,1.4474110320963556e-06,3.4011516953828665e-06,3.524366920537161e-05,7.250874976277254e-05,9.814579057373302e-09,2.0917591815076562e-08,2.4815126705135814e-06,5.472231138048774e-06,6.491700568215909e-11,1.953277374594708e-10,1.8597006180320202e-18,1.910304821867379e-18,8.75152039391048e-12,1.028352124721047e-11,5.9239841575692074e-12,1.260827678169812e-11,2.0606786312008353e-15,3.931865785880297e-15,1.3195393146205162e-08,2.6152825405214732e-08,4.0012131126148485e-19,1.2040359700035792e-18,0.006345038851429857,0.013035386658793502,3.4132547910212895e-31,9.999999999998987e-31,1.0818280352198584e-09,3.4984992433946634e-09,4.7475474455726814e-11,1.4986717939057527e-10
0.891,1389.4242632125283,5.030780963680205,0.1743062715390844,6.729678849246158,0.4886155835995062,0.07223993900078582,1.0076240905352544e-05,7.448667754286361e-07,3.2592207537498427e-12,3.824072737407096e-12,6.145839033757813e-13,1.4421935347856155e-12,1.9496595474377197e-07,2.431677752114028e-07,0.20231158081955744,0.2672849704531555,4.678145045429085e-15,1.1323641388333347e-14,5.470264549487213e-13,1.3645377851376938e-12,3.726565739822387e-12,3.833479214327947e-12,5.960939033807196e-06,6.572606641580841e-06,0.014244202561351107,0.016758812935350337,0.2559395950797631,0.5257389049011466,0.03248587043608403,0.10484688619981641,1.1777872351505826e-07,2.5064200057347675e-07,2.7134611027517397e-06,5.9750371447359815e-06,1.4461755093515881e-06,3.3982877307097114e-06,3.518938040500295e-05,7.2397895416753e-05,9.797689016021977e-09,2.0881835868193202e-08,2.478858859347795e-06,5.466442152851518e-06,6.481189931130128e-11,1.9501373917518613e-10,1.8589773270794348e-18,1.9095839265374834e-18,8.745572300356874e-12,1.0276650718038985e-11,5.919422442605255e-12,1.259871353856791e-11,2.0586570821526175e-15,3.928053994018851e-15,1.3195246440757989e-08,2.61528369976997e-08,3.9974273307917043e-19,1.2029106681992739e-18,0.006344965495276024,0.01303538665880276,3.413215329756393e-31,9.999999999998988e-31,1.0799821152278101e-09,3.492570142678002e-09,4.741978166917666e-11,1.4969310301800293e-10
0.892,1389.3523456727726,5.0309405383327634,0.1743007427791025,6.735416059449945,0.48862841398146245,0.07224266949210915,1.0069305132815756e-05,7.443626505445141e-07,3.253865980022414e-12,3.817833985597267e-12,6.13535184233632e-13,1.4397492042439349e-12,1.947794904114571e-07,2.429380140602864e-07,0.20230226729208503,0.26727574978758456,4.670111415533353e-15,1.130432609307323e-14,5.463509185909683e-13,1.3628684094215675e-12,3.719031369864629e-12,3.8257728302230605e-12,5.954245358656223e-06,6.565301864266514e-06,0.014238359223619103,0.016752131333525083,0.25594126040036824,0.5257483920459562,0.032486676601257466,0.10485069788139305,1.1772611836102368e-07,2.5053294360325066e-07,2.7135755974982947e-06,5.975358208375446e-06,1.4449425659320965e-06,3.3954296832597824e-06,3.5135242193204404e-05,7.228734667594971e-05,9.780847950605834e-09,2.0846183001599614e-08,2.4762115961862547e-06,5.460667348927972e-06,6.470706884914057e-11,1.9470055937492755e-10,1.858254303958664e-18,1.9088632460179312e-18,8.739633753077802e-12,1.0269791012840562e-11,5.914867908702838e-12,1.2589165070577032e-11,2.056639193829075e-15,3.924249009274633e-15,1.319510002766978e-08,2.6152848571920855e-08,3.9936478495135234e-19,1.201787208885117e-18,0.006344892284199612,0.013035386658812024,3.413175946534554e-31,9.99999999999901e-31,1.078141868494498e-09,3.4866591721875534e-09,4.7364219728321e-11,1.4951943225535657e-10
0.893,1389.2804924057373,5.031100046976877,0.17429521665660663,6.741153451555032,0.48864122159666246,0.07224539503336996,1.0062379569753852e-05,7.438592518015509e-07,3.2485245040109985e-12,3.811610605606239e-12,6.124891760813457e-13,1.4373111463300695e-12,1.9459336422598362e-07,2.4270866383099163e-07,0.20229296963081697,0.2672665437783944,4.662098568219364e-15,1.1285060401043454e-14,5.456768145794743e-13,1.3612025371670048e-12,3.7115194934481964e-12,3.818089320636164e-12,5.947566464229421e-06,6.558013066659031e-06,0.014232527361494697,0.016745462697523274,0.2559429198538413,0.5257578553714384,0.03248748372952398,0.10485451036892189,1.1767357513918242e-07,2.504240102066251e-07,2.713689904404009e-06,5.975678729558447e-06,1.4437121931722561e-06,3.3925775333010296e-06,3.508125396589617e-05,7.217710232057698e-05,9.764055658482928e-09,2.0810632790821887e-08,2.4735708572564498e-06,5.454906675110689e-06,6.460251321962569e-11,1.943881948838874e-10,1.8575315478423967e-18,1.908142779645333e-18,8.733704723909948e-12,1.0262942100062847e-11,5.910320533969967e-12,1.2579631333150987e-11,2.054624954429395e-15,3.9204508098932954e-15,1.3194953906071931e-08,2.6152860127931348e-08,3.989874651084013e-19,1.2006655869581852e-18,0.006344819217769699,0.01303538665882127,3.4131366411239645e-31,9.999999999999037e-31,1.0763072707063457e-09,3.4807662545629378e-09,4.73087881437322e-11,1.4934616559368935e-10
0.894,1389.20870322495,5.031259489809514,0.17428969316430512,6.746891025486367,0.4886540065144343,0.07224811563934844,1.0055464185359034e-05,7.433565770320625e-07,3.2431962756216388e-12,3.805402539870423e-12,6.114458684361235e-13,1.4348793369245667e-12,1.944075750804974e-07,2.4247972318925266e-07,0.20228368778672465,0.26725735238002357,4.6541064231767074e-15,1.1265844121636116e-14,5.450041378648567e-13,1.3595401561050079e-12,3.704030015482084e-12,3.8104285893182916e-12,5.940902298168402e-06,6.550740192519085e-06,0.014226706941197317,0.01673880698963585,0.2559445734558187,0.5257672949438097,0.03248829181988794,0.1048583236660499,1.1762109366990928e-07,2.5031520002998326e-07,2.713804023993389e-06,5.975998709803583e-06,1.44248438219848e-06,3.3897312606093024e-06,3.502741510908602e-05,7.206716111030739e-05,9.747311934359588e-09,2.0775184805685406e-08,2.4709366182385456e-06,5.449160079017883e-06,6.449823134854012e-11,1.9407664253238348e-10,1.8568090581077064e-18,1.9074225269654876e-18,8.727785179000945e-12,1.0256103941460669e-11,5.9057802963426105e-12,1.2570112281339045e-11,2.052614352114003e-15,3.91665937404251e-15,1.3194808075105116e-08,2.6152871665795674e-08,3.9861077149099686e-19,1.1995457964426676e-18,0.00634474629555706,0.013035386658830448,3.4130974132937275e-31,9.999999999999037e-31,1.0744782971737154e-09,3.4748913112190066e-09,4.725348642444592e-11,1.4917330151899103e-10
0.895,1389.1369779422585,5.0314188670344215,0.1742841722946736,6.7526287811691335,0.48866676880040627,0.07225083132425723,1.0048558949272828e-05,7.428546241010149e-07,3.237881245280922e-12,3.799209731429415e-12,6.104052508492891e-13,1.4324537519849828e-12,1.942221218816718e-07,2.422511908174213e-07,0.20227442171440252,0.26724817555160724,4.646134900436475e-15,1.1246677065045745e-14,5.44332883481714e-13,1.3578812541741632e-12,3.696562841665706e-12,3.802790540822814e-12,5.934252808592089e-06,6.543483186124921e-06,0.014220897929086013,0.016732164172307506,0.2559462212252416,0.5257767108359207,0.03248910086797113,0.10486213776547476,1.1756867378050136e-07,2.502065127343e-07,2.7139179568088744e-06,5.976318150667308e-06,1.4412591243862013e-06,3.3868908455420764e-06,3.497372502266774e-05,7.195752183323305e-05,9.730616577068767e-09,2.073983862476122e-08,2.468308855475018e-06,5.443427509720793e-06,6.439422217011319e-11,1.937658991757463e-10,1.856086833951163e-18,1.906702487337927e-18,8.721875092399226e-12,1.0249276508064996e-11,5.901247174026175e-12,1.2560607870753395e-11,2.050607375157646e-15,3.912874680103914e-15,1.3194662533906279e-08,2.6152883185562802e-08,3.982347022964969e-19,1.1984278321339863e-18,0.006344673517134513,0.013035386658839642,3.4130582628140324e-31,9.999999999999036e-31,1.0726549237620673e-09,3.4690342653570937e-09,4.7198314085244786e-11,1.4900083853517614e-10
0.896,1389.065316372386,5.0315781788480365,0.17427865404044288,6.758366718528737,0.48867950852286923,0.07225354210268625,1.0041663831198469e-05,7.423533908774141e-07,3.2325793635690966e-12,3.793032123495778e-12,6.093673129570465e-13,1.4300343676650939e-12,1.94037003537909e-07,2.4202306539976603e-07,0.2022651713656955,0.2672390132485731,4.63818392066573e-15,1.1227559042982892e-14,5.436630464593375e-13,1.3562258192979948e-12,3.6891178781334235e-12,3.7951750801400494e-12,5.927617943788583e-06,6.5362419919329735e-06,0.01421510029165445,0.016725534208131762,0.2559478631780642,0.5257861031143605,0.0324899108723306,0.10486595266934169,1.1751631529598609e-07,2.500979479755938e-07,2.7140317033742934e-06,5.976637053663783e-06,1.4400364110366185e-06,3.3840562682790416e-06,3.4920183104199843e-05,7.184818327249652e-05,9.713969385004569e-09,2.070459382563697e-08,2.465687545136802e-06,5.4377089159051605e-06,6.429048462292068e-11,1.9345596168199714e-10,1.855364874697057e-18,1.905982660252647e-18,8.71597443136543e-12,1.0242459762922946e-11,5.896721145292719e-12,1.2551118057138283e-11,2.0486040118787885e-15,3.9090967065386355e-15,1.3194517281622512e-08,2.6152894687295085e-08,3.978592555909339e-19,1.1973116884312591e-18,0.006344600882076452,0.01303538665884882,3.413019189455939e-31,9.999999999999044e-31,1.0708371262500867e-09,3.46319503988946e-09,4.714327064177559e-11,1.4882877514867947e-10
0.897,1388.993718329487,5.031737425450151,0.17427313839422956,6.764104837490811,0.4886922257479944,0.07225624798889255,1.0034778801017407e-05,7.418528752428915e-07,3.227290581381162e-12,3.786869659643954e-12,6.083320444307811e-13,1.4276211601982334e-12,1.9385221896477493e-07,2.4179534562924226e-07,0.20225593669448813,0.26722986542895766,4.630253404808388e-15,1.1208489867804543e-14,5.429946218696759e-13,1.354573839504571e-12,3.6816950315877915e-12,3.787582112834265e-12,5.920997652344093e-06,6.529016554719824e-06,0.014209313995537123,0.01671891705985764,0.25594949933199473,0.5257954718491731,0.03249072182970486,0.10486976837389628,1.1746401804400636e-07,2.499895054153138e-07,2.7141452642217027e-06,5.976955420323747e-06,1.4388162335627725e-06,3.3812275092592553e-06,3.486678875787307e-05,7.173914422473904e-05,9.697370158608099e-09,2.066944999021464e-08,2.463072663690792e-06,5.432004246902032e-06,6.418701765178626e-11,1.931468269375647e-10,1.854643179597556e-18,1.9052630451247398e-18,8.710083167380668e-12,1.0235653674033319e-11,5.8922021885306415e-12,1.2541642796475309e-11,2.0466042506566646e-15,3.905325431919686e-15,1.3194372317400601e-08,2.6152906171046534e-08,3.974844295380867e-19,1.1961973600266044e-18,0.006344528389959158,0.013035386658857964,3.4129801929915184e-31,9.999999999999062e-31,1.0690248806888675e-09,3.4573735586008316e-09,4.708835561315634e-11,1.486571098766812e-10
0.898,1388.9221836285556,5.0318966070395765,0.17426762534868626,6.769843137981215,0.48870492054168196,0.07225894899707427,1.002790382867393e-05,7.413530750831813e-07,3.222014849818676e-12,3.7807222836833904e-12,6.072994349923569e-13,1.4252141059332168e-12,1.9366776708158308e-07,2.4156803020323456e-07,0.20224671765484264,0.26722073205094893,4.622343274172332e-15,1.1189469352725229e-14,5.423276048010267e-13,1.3529253028608975e-12,3.674294209195059e-12,3.780011544936277e-12,5.914391883054218e-06,6.521806819484479e-06,0.014203539007516705,0.016712312690398478,0.25595112970464284,0.5258048171100577,0.032491533736867306,0.10487358487546705,1.1741178185206708e-07,2.4988118471448216e-07,2.7142586398803976e-06,5.97727325217036e-06,1.4375985833932487e-06,3.3784045489548887e-06,3.481354138964503e-05,7.16304034900919e-05,9.68081869899788e-09,2.0634406701791998e-08,2.4604641876501607e-06,5.426313452137225e-06,6.408382020661485e-11,1.9283849184377853e-10,1.853921747924938e-18,1.9045436413891614e-18,8.704201272649565e-12,1.0228858210237481e-11,5.887690282184476e-12,1.2532182044855418e-11,2.0446080799107714e-15,3.901560834892889e-15,1.3194227640390376e-08,2.615291763686962e-08,3.9711022227656937e-19,1.1950848415352778e-18,0.006344456040360757,0.013035386658867078,3.4129412731938073e-31,9.999999999999036e-31,1.0672181632093158e-09,3.451569745525618e-09,4.7033568520542494e-11,1.4848584124258345e-10
0.899,1388.8507120867948,5.032055723809868,0.1742621148966496,6.775581619926031,0.48871759297160955,0.07226164514167586,1.0021038884205969e-05,7.408539882904253e-07,3.216752120170449e-12,3.774589939636055e-12,6.062694744385739e-13,1.4228131813918074e-12,1.9348364681052824e-07,2.4134111782248486e-07,0.20223751419896924,0.2672116130702127,4.614453450633759e-15,1.1170497312312216e-14,5.4166199034632e-13,1.3512801974437413e-12,3.666915318579595e-12,3.77246328293791e-12,5.9078005849094305e-06,6.514612731432612e-06,0.014197775294506602,0.016705721062811974,0.25595275431152104,0.5258141389622789,0.0324923465926346,0.10487740217695156,1.1735960654646687e-07,2.4977298553142897e-07,2.7143718308663426e-06,5.977590550696113e-06,1.436383451920786e-06,3.375587367750584e-06,3.47604404049986e-05,7.152195986756719e-05,9.664314807369932e-09,2.059946354378477e-08,2.4578620934537757e-06,5.420636480865595e-06,6.398089124197043e-11,1.925309533156074e-10,1.8532005790391138e-18,1.9038244485701573e-18,8.698328714295023e-12,1.0222073334397585e-11,5.8831854047803295e-12,1.25227357585335e-11,2.042615488108892e-15,3.897802894192331e-15,1.3194083249750233e-08,2.6152929084827124e-08,3.967366318647833e-19,1.1939741273300423e-18,0.006344383832861023,0.013035386658876201,3.412902429836767e-31,9.999999999999048e-31,1.0654169499296686e-09,3.4457835246489763e-09,4.6978908886467276e-11,1.4831496777393335e-10
0.9,1388.7793035200689,5.032214775960225,0.1742566070307627,6.781320283251569,0.48873024310230645,0.07226433643665676,1.0014183937996383e-05,7.403556127817208e-07,3.211502344161687e-12,3.768472572028674e-12,6.05242152598842e-13,1.4204183631693452e-12,1.9329985708484054e-07,2.4111460720125503e-07,0.20222832628214119,0.2672025084463762,4.606583856371181e-15,1.1151573561841286e-14,5.409977736666071e-13,1.3496385114979721e-12,3.659558268057304e-12,3.7649372340320606e-12,5.901223707303956e-06,6.507434236206678e-06,0.014192022823554964,0.01669914214030426,0.25595437317091696,0.5258234374766544,0.03249316039298068,0.1048812202720414,1.1730749195883434e-07,2.4966490753569316e-07,2.71448483771005e-06,5.977907317423977e-06,1.435170830736384e-06,3.3727759464934872e-06,3.470748522057407e-05,7.141381217898981e-05,9.647858288254796e-09,2.0564620106668468e-08,2.455266358067103e-06,5.414973283496096e-06,6.387822971988237e-11,1.922242082900986e-10,1.852479672157774e-18,1.903105466045061e-18,8.692465465964235e-12,1.0215299017035111e-11,5.878687535053797e-12,1.2513303894200184e-11,2.0406264638116083e-15,3.894051588725163e-15,1.319393914463592e-08,2.6152940514968758e-08,3.963636565605906e-19,1.1928652123827951e-18,0.006344311767041589,0.013035386658885317,3.412863662695334e-31,9.999999999999067e-31,1.0636212174161518e-09,3.4400148213965794e-09,4.692437623829845e-11,1.4814448801333156e-10
0.901,1388.707957746588,5.032373763684251,0.17425110174386446,6.787059127884356,0.4887428710001292,0.07226702289622898,1.000733896023603e-05,7.398579464594485e-07,3.2062654735195588e-12,3.762370125383114e-12,6.042174593607427e-13,1.4180296279947928e-12,1.931163968351055e-07,2.4088849705027054e-07,0.20221915385771783,0.26719341813645925,4.598734413920042e-15,1.1132697917429416e-14,5.403349498960124e-13,1.3480002331994895e-12,3.65222296619066e-12,3.7574333056550905e-12,5.894661199664744e-06,6.500271279477004e-06,0.01418628156186083,0.01669257588624938,0.2559559862989508,0.5258327127194156,0.03249397513599182,0.10488503916121864,1.1725543791616507e-07,2.495569503868257e-07,2.7145976609268427e-06,5.978223553842082e-06,1.433960711298755e-06,3.3699702657165555e-06,3.4654675247081425e-05,7.130595923384113e-05,9.631448944669326e-09,2.052987597764534e-08,2.4526769581107562e-06,5.409323809670054e-06,6.377583460522432e-11,1.919182537124801e-10,1.851759026643306e-18,1.9023866933390955e-18,8.686611497462741e-12,1.0208535224149506e-11,5.874196651655118e-12,1.2503886408354634e-11,2.0386409955700807e-15,3.890306897376663e-15,1.3193795324210574e-08,2.6152951927351828e-08,3.959912944212269e-19,1.1917580910605495e-18,0.006344239842485808,0.013035386658894406,3.412824971545372e-31,9.999999999999064e-31,1.061830942013729e-09,3.4342635604702843e-09,4.6869970103059845e-11,1.479744005020887e-10
0.902,1388.6366745846803,5.032532687176654,0.17424559902875747,6.792798153751144,0.488755476730355,0.07226970453442733,1.0000503921492065e-05,7.393609872532878e-07,3.2010414603887894e-12,3.756282544704089e-12,6.031953846699735e-13,1.415646952730625e-12,1.9293326500214567e-07,2.4066278609278974e-07,0.2022099968800625,0.2671843420987293,4.590905046328818e-15,1.1113870196412783e-14,5.396735142249139e-13,1.346365350862747e-12,3.644909322229989e-12,3.749951405940887e-12,5.888113011810857e-06,6.493123807338129e-06,0.014180551476747901,0.016686022264158454,0.25595759371247656,0.5258419647581671,0.03249479081895625,0.10488885884236177,1.1720344424966388e-07,2.4944911375320865e-07,2.7147103010355436e-06,5.97853926144486e-06,1.4327530852117782e-06,3.3671703062906113e-06,3.460200990404503e-05,7.119839985959833e-05,9.615086582336026e-09,2.0495230749638227e-08,2.450093870606573e-06,5.403688009906627e-06,6.367370486996971e-11,1.916130865489684e-10,1.85103864178616e-18,1.9016681299028256e-18,8.680766779850338e-12,1.0201781923206742e-11,5.8697127334704155e-12,1.2494483257988364e-11,2.036659072037131e-15,3.886568799222232e-15,1.3193651787639705e-08,2.615296332203125e-08,3.9561954364061627e-19,1.190652758140587e-18,0.006344168058778767,0.013035386658903475,3.4127863561636888e-31,9.999999999999062e-31,1.060046100418819e-09,3.428529667700475e-09,4.681569001195104e-11,1.4780470379449538e-10
0.903,1388.5654538544968,5.0326915466280315,0.17424009887838857,6.7985373607789015,0.4887680603594746,0.07227238136544967,9.993678792297518e-06,7.388647330898896e-07,3.1958302570250655e-12,3.7502097751195025e-12,6.021759185313626e-13,1.4132703143752537e-12,1.9275046052752196e-07,2.404374730527607e-07,0.2022008553022418,0.2671752802896665,4.583095677055143e-15,1.109509021709568e-14,5.390134618383674e-13,1.3447338527871676e-12,3.6376172457837045e-12,3.742491443381744e-12,5.881579093685904e-06,6.48599176601391e-06,0.014174832535673877,0.01667948123769098,0.2559591954268183,0.5258511936572452,0.03249560744064172,0.10489267931809924,1.1715151078825234e-07,2.493413972982415e-07,2.714822758544184e-06,5.978854441701678e-06,1.4315479440185577e-06,3.364376048940423e-06,3.454948860889061e-05,7.109113287928176e-05,9.598771006561352e-09,2.046068401463721e-08,2.447517072424747e-06,5.3980658343836055e-06,6.357183948994911e-11,1.9130870377701634e-10,1.850318516967381e-18,1.900949775279166e-18,8.674931280861559e-12,1.019503907775761e-11,5.865235759389627e-12,1.2485094400091512e-11,2.034680681886671e-15,3.8828372733737186e-15,1.3193508534095584e-08,2.6152974699068684e-08,3.9524840230289337e-19,1.189549208068697e-18,0.006344096415507173,0.013035386658912546,3.4127478163279507e-31,9.999999999999058e-31,1.0582666692545276e-09,3.4228130686723663e-09,4.676153549696454e-11,1.4763539644714618e-10
0.904,1388.4942953739446,5.032850342237499,0.17423460128541174,6.804276748894824,0.4887806219495838,0.0722750534028229,9.986863543590424e-06,7.383691819252959e-07,3.1906318161769676e-12,3.744151762328433e-12,6.011590509709266e-13,1.4108996899739066e-12,1.9256798236578035e-07,2.402125566700835e-07,0.20219172908163585,0.2671662326713591,4.5753062297859825e-15,1.1076357798314603e-14,5.383547880048723e-13,1.3431057274785204e-12,3.630346647199642e-12,3.735053327220511e-12,5.875059395686252e-06,6.478875102219093e-06,0.014169124706235563,0.01667295277065981,0.25596079146130096,0.525860399489047,0.03249642499574272,0.10489650057787882,1.1709963736780266e-07,2.4923380069997906e-07,2.714935033982349e-06,5.979169096127687e-06,1.43034527951845e-06,3.361587474989573e-06,3.44971107930412e-05,7.098415714457113e-05,9.582502026773928e-09,2.0426235373372215e-08,2.4449465411114486e-06,5.392457234762429e-06,6.347023744907309e-11,1.910051023980116e-10,1.8495986513676205e-18,1.900231628804309e-18,8.669104978111112e-12,1.0188306662956472e-11,5.860765708542206e-12,1.2475719792153797e-11,2.0327058138952084e-15,3.8791122991347415e-15,1.3193365562744596e-08,2.6152986058505818e-08,3.9487786875994657e-19,1.1884474360953608e-18,0.00634402491225974,0.01303538665892161,3.4127093518169176e-31,9.999999999999067e-31,1.0564926257038928e-09,3.4171136907739736e-09,4.670750609575136e-11,1.4746647703429275e-10
0.905,1388.4231989643604,5.033009074195094,0.17422910624279703,6.8100163180263245,0.4887931615661798,0.07227772066056158,9.980058146289364e-06,7.378743317136199e-07,3.1854460906732697e-12,3.7381084521171955e-12,6.001447721002552e-13,1.4085350567698666e-12,1.9238582947104175e-07,2.399880356839025e-07,0.20218261817214214,0.26715719920122366,4.567536628829213e-15,1.105767276038723e-14,5.376974879729883e-13,1.3414809633911183e-12,3.6230974371701326e-12,3.7276369670446615e-12,5.868553868314793e-06,6.471773762778055e-06,0.014163427956163684,0.016666436827026402,0.2559623818315354,0.5258695823182211,0.03249724348261435,0.10490032262293986,1.1704782382046766e-07,2.4912632362844144e-07,2.7150471278567334e-06,5.979483226186408e-06,1.4291450833875025e-06,3.358804565468719e-06,3.444487588297315e-05,7.087747149683216e-05,9.566279451214442e-09,2.0391884423996064e-08,2.4423822539104008e-06,5.386862162030746e-06,6.336889773467761e-11,1.9070227942328662e-10,1.848879044337029e-18,1.899513689987891e-18,8.663287841083628e-12,1.0181584644396066e-11,5.856302560079314e-12,1.2466359391701928e-11,2.0307344568665693e-15,3.87539385585735e-15,1.319322287276466e-08,2.615299740040093e-08,3.945079411717314e-19,1.1873474368923819e-18,0.006343953548626719,0.013035386658930687,3.4126709624101567e-31,9.999999999999074e-31,1.0547239467606276e-09,3.4114314607730974e-09,4.665360134597912e-11,1.4729794413004422e-10
0.906,1388.3521644481766,5.033167742689005,0.17422361374358059,6.815756068101029,0.48880567927498036,0.0722803831526956,9.973262571194778e-06,7.373801803997316e-07,3.1802730334164107e-12,3.732079790351613e-12,5.991330720725261e-13,1.4061763921012236e-12,1.9220400079720975e-07,2.3976390883286046e-07,0.20217352252735582,0.2671481798362003,4.559786798742939e-15,1.1039034924214936e-14,5.370415569842591e-13,1.3398595489600299e-12,3.61586952668888e-12,3.720242272741891e-12,5.862062462161273e-06,6.464687694602988e-06,0.014157742253326519,0.016659933370904698,0.2559639665525907,0.5258787422081724,0.03249806290010364,0.1049041454560828,1.1699606997587024e-07,2.490189657481398e-07,2.7151590406683606e-06,5.97979683332751e-06,1.427947347244274e-06,3.356027301270191e-06,3.439278330292e-05,7.077107477267867e-05,9.550103087638247e-09,2.035763076358173e-08,2.4398241879113724e-06,5.3812805668297734e-06,6.326781933760718e-11,1.904002318743665e-10,1.848159695294625e-18,1.8987959584095635e-18,8.657479838073899e-12,1.0174872986263395e-11,5.851846293102718e-12,1.2457013156147953e-11,2.0287665996068095e-15,3.87168192289407e-15,1.31930804633382e-08,2.6153008724814304e-08,3.941386175994348e-19,1.1862492048332234e-18,0.006343882324200017,0.013035386658939758,3.412632647888149e-31,9.999999999999088e-31,1.0529606093433947e-09,3.4057663051868554e-09,4.6599820785983185e-11,1.4712979631042023e-10
0.907,1388.2811916470123,5.033326347911332,0.1742181237806649,6.8214959990467845,0.4888181751393751,0.07228304089289302,9.966476789513269e-06,7.368867259580204e-07,3.175112597760355e-12,3.726065723420463e-12,5.981239410845918e-13,1.4038236734057817e-12,1.9202249530970925e-07,2.3954017486974157e-07,0.2021644421031247,0.26713917453612757,4.552056664492977e-15,1.1020444111664095e-14,5.363869903483089e-13,1.3382414727884397e-12,3.6086628274552903e-12,3.712869154916162e-12,5.855585128234995e-06,6.4576168450608075e-06,0.014152067565715824,0.016653442366544504,0.25596554564151636,0.525887879226241,0.03249888324501036,0.10490796907347216,1.1694437566913729e-07,2.489117267351743e-07,2.7152707729289033e-06,5.9801099190227045e-06,1.4267520629007295e-06,3.3532556637376547e-06,3.43408324882101e-05,7.066496583141798e-05,9.533972747126952e-09,2.0323473996247487e-08,2.4372723207271146e-06,5.375712400947349e-06,6.316700125612243e-11,1.900989567947296e-10,1.8474406035340978e-18,1.898078433519471e-18,8.651680941926591e-12,1.0168171658085406e-11,5.847396886961532e-12,1.244768104342091e-11,2.0268022310268706e-15,3.867976479793807e-15,1.3192938333646732e-08,2.615302003179736e-08,3.9376989629770567e-19,1.1851527348725346e-18,0.006343811238573246,0.013035386658948768,3.412594408032287e-31,9.999999999999086e-31,1.0512025908122864e-09,3.400118151952241e-09,4.654616395888501e-11,1.4696203216635394e-10
0.908,1388.2102803842304,5.033484890050321,0.17421263634708795,6.827236110791651,0.4888306492238955,0.07228569389497415,9.959700772457253e-06,7.363939663628088e-07,3.1699647371937887e-12,3.720066197863806e-12,5.971173693928658e-13,1.4014768782583848e-12,1.9184131197549925e-07,2.393168325490173e-07,0.20215537685407606,0.2671301832591566,4.5443461514705855e-15,1.100190014560934e-14,5.35733783374287e-13,1.3366267234766403e-12,3.6014772515477084e-12,3.705517524551639e-12,5.849121817691628e-06,6.450561161672024e-06,0.014146403861456292,0.016646963778342894,0.2559671191139001,0.5258969934366365,0.03249970451554406,0.10491179347579711,1.1689274073365466e-07,2.488046062618183e-07,2.7153823251397075e-06,5.9804224847196496e-06,1.425559222124361e-06,3.3504896341071054e-06,3.4289022872936235e-05,7.055914352968061e-05,9.51788824059294e-09,2.0289413725706413e-08,2.4347266298633355e-06,5.370157615928475e-06,6.306644249252949e-11,1.897984512396694e-10,1.8467217684281788e-18,1.897361114848244e-18,8.645891122655849e-12,1.0161480626055288e-11,5.842954321031825e-12,1.24383630114979e-11,2.024841340066229e-15,3.8642775061562115e-15,1.3192796482878039e-08,2.6153031321407263e-08,3.934017754277753e-19,1.184058021682754e-18,0.006343740291341686,0.013035386658957763,3.4125562426248565e-31,9.999999999999104e-31,1.04944986848747e-09,3.3944869288693228e-09,4.649263040884176e-11,1.4679465029185437e-10
0.909,1388.1394304820842,5.03364336929912,0.17420715143571977,6.832976403263909,0.4888431015902786,0.07228834217232734,9.952934491620302e-06,7.359018996160823e-07,3.164829405647216e-12,3.714081160733306e-12,5.961133472905096e-13,1.3991359843173478e-12,1.9166044977290327e-07,2.3909388063910414e-07,0.20214632673755376,0.26712120596694616,4.536655185413206e-15,1.0983402849741484e-14,5.350819314399405e-13,1.335015289794334e-12,3.594312711732299e-12,3.69818729333045e-12,5.842672482097944e-06,6.443520592402547e-06,0.01414075110880097,0.01664049757083837,0.2559686869877653,0.5259060849084318,0.03250052670741166,0.104915618655639,1.1684116500834144e-07,2.486976040119941e-07,2.715493697815026e-06,5.980734531892934e-06,1.4243688168813607e-06,3.347729194078312e-06,3.423735390241282e-05,7.045360674705314e-05,9.50184938229531e-09,2.0255449562761083e-08,2.432187093358196e-06,5.364616164485709e-06,6.296614205648532e-11,1.8949871228623838e-10,1.8460031892126096e-18,1.8966440017849947e-18,8.640110356062732e-12,1.015479986316019e-11,5.838518574920597e-12,1.2429059018837973e-11,2.0228839157634706e-15,3.860584981766277e-15,1.3192654910217775e-08,2.6153042593689492e-08,3.930342533535279e-19,1.1829650605451853e-18,0.006343669482102426,0.013035386658966778,3.412518151449095e-31,9.999999999999116e-31,1.0477024201363546e-09,3.3888725651769516e-09,4.6439219684815124e-11,1.4662764929590292e-10
0.91,1388.0686417649608,5.033801785845909,0.1742016690396044,6.838716876392055,0.4888555323018204,0.07229098573855353,9.946177918417918e-06,7.354105237061548e-07,3.159706557059519e-12,3.708110559083661e-12,5.951118651238907e-13,1.3968009693631196e-12,1.9147990767794778e-07,2.388713179053244e-07,0.2021372917092541,0.2671122426188987,4.5289836923829545e-15,1.0964952048515706e-14,5.344314298992457e-13,1.333407160450204e-12,3.5871691210130442e-12,3.690878373169796e-12,5.836237073057402e-06,6.4364950852508894e-06,0.014135109276149962,0.016634043708733063,0.25597024927923967,0.5259151537066679,0.03250134981816427,0.10491944461150422,1.1678964832788424e-07,2.485907196604897e-07,2.7156048914556588e-06,5.9810460619860845e-06,1.4231808390191932e-06,3.3449743250688232e-06,3.418582501662659e-05,7.034835435202512e-05,9.485855985143145e-09,2.022158111529196e-08,2.429653688937888e-06,5.359087998636754e-06,6.286609896041977e-11,1.891997370194753e-10,1.8452848652536612e-18,1.895927093852188e-18,8.634338614741222e-12,1.0148129338610861e-11,5.834089628156161e-12,1.241976902372321e-11,2.02092994714918e-15,3.856898886389976e-15,1.319251361485849e-08,2.615305384869602e-08,3.9266732825465527e-19,1.1818738461856957e-18,0.00634359881045426,0.013035386658975773,3.412480134289189e-31,9.999999999999118e-31,1.0459602233288632e-09,3.383274989467467e-09,4.6385931335539196e-11,1.4646102778656755e-10
0.911,1387.9979140586902,5.033960139875766,0.17419618915189497,6.844457530104795,0.48886794142264617,0.0722936246073615,9.939431024452347e-06,7.349198366346733e-07,3.154596145621268e-12,3.70215434025834e-12,5.941129133051887e-13,1.394471811327951e-12,1.912996846718318e-07,2.386491431192364e-07,0.20212827172397504,0.267103293173162,4.521331598964615e-15,1.0946547567631532e-14,5.337822741274383e-13,1.33180232420433e-12,3.5800463928972943e-12,3.683590676495406e-12,5.829815542422801e-06,6.429484588483013e-06,0.014129478332022652,0.016627602156860835,0.25597180600331865,0.5259241998939471,0.03250217384642811,0.10492327134534644,1.1673819052762258e-07,2.484839528833691e-07,2.7157159065548184e-06,5.981357076424751e-06,1.4219952804100926e-06,3.3422250085513838e-06,3.413443565816384e-05,7.024338521830537e-05,9.469907862979418e-09,2.0187807993127244e-08,2.42712639441469e-06,5.353573070582701e-06,6.276631222190864e-11,1.8890152253955756e-10,1.844566795949997e-18,1.8952103906049058e-18,8.628575868160854e-12,1.0141469017939063e-11,5.829667460397689e-12,1.2410492984705365e-11,2.0189794233179182e-15,3.853219199911828e-15,1.3192372595998935e-08,2.6153065086485088e-08,3.9230099830638658e-19,1.1807843733157105e-18,0.006343528275997479,0.013035386658984781,3.4124421909301257e-31,9.999999999999158e-31,1.0442232557419002e-09,3.377694130671689e-09,4.633276491194959e-11,1.4629478437868033e-10
0.912,1387.9272471890345,5.034118431575462,0.17419071176568798,6.850198364331049,0.48888032901553574,0.07229625879224323,9.932693781447057e-06,7.344298364117465e-07,3.149498125770834e-12,3.696212451884905e-12,5.931164822826077e-13,1.3921484882259386e-12,1.9111977974108953e-07,2.3842735505882806e-07,0.20211926673777697,0.26709435758947336,4.513698832018221e-15,1.0928189233433514e-14,5.331344595296353e-13,1.3302007698896495e-12,3.572944441367258e-12,3.676324116212106e-12,5.823407842285148e-06,6.422489050619821e-06,0.014123858245067436,0.016621172880198043,0.25597335717601233,0.5259332235348209,0.032502998789762046,0.10492709885564606,1.1668679144435075e-07,2.483773033596682e-07,2.715826743609682e-06,5.981667576641893e-06,1.4208121329960233e-06,3.339481226159482e-06,3.408318527395067e-05,7.013869822840084e-05,9.454004831028906e-09,2.015412980899708e-08,2.4246051877843965e-06,5.348071332922729e-06,6.266678086376454e-11,1.886040659620688e-10,1.843848980664169e-18,1.8944938915603824e-18,8.622822088308013e-12,1.0134818869627412e-11,5.8252520513884146e-12,1.2401230860505785e-11,2.0170323334122355e-15,3.849545902304229e-15,1.3192231852838811e-08,2.615307630710971e-08,3.9193526173430986e-19,1.1796966367971726e-18,0.006343457878334058,0.013035386658993738,3.412404321157778e-31,9.999999999999151e-31,1.042491495232406e-09,3.3721299182951353e-09,4.627971996762219e-11,1.461289176952172e-10
0.913,1387.8566409826217,5.034276661130475,0.17418523687412651,6.855939378999947,0.4888926951433057,0.07229888830668062,9.925966161357083e-06,7.339405210641276e-07,3.1444124522384854e-12,3.6902848419269235e-12,5.921225625632509e-13,1.3898309782067762e-12,1.9094019187876534e-07,2.382059525099915e-07,0.20211027670661708,0.2670854358273636,4.506085318884072e-15,1.0909876873408057e-14,5.324879815425635e-13,1.3286024864163272e-12,3.5658631809444468e-12,3.669078605770324e-12,5.817013925019197e-06,6.415508420487632e-06,0.014118248984052405,0.01661475584385315,0.2559749028129816,0.5259422246930041,0.03250382464601485,0.10493092714179485,1.1663545091662307e-07,2.4827077077205356e-07,2.715937403114552e-06,5.981977564062904e-06,1.4196313887827826e-06,3.336742959673618e-06,3.403207331543891e-05,7.003429227400262e-05,9.438146705986288e-09,2.01205461787224e-08,2.422090047229403e-06,5.342582738661139e-06,6.256750391437749e-11,1.883073644190326e-10,1.8431314187530124e-18,1.893777596229294e-18,8.617077246419354e-12,1.012817886127051e-11,5.8208433810254e-12,1.2391982610164343e-11,2.015088666646239e-15,3.845878973672581e-15,1.3192091384581914e-08,2.6153087510624697e-08,3.9157011680188187e-19,1.1786106316049991e-18,0.006343387617067544,0.013035386659002671,3.412366524758893e-31,9.99999999999916e-31,1.0407649198400578e-09,3.3665822824269293e-09,4.6226796058895405e-11,1.4596342636769053e-10
0.914,1387.7860952653627,5.0344348287300225,0.17417976447022612,6.861680574040838,0.48890503986649464,0.07230151316379946,9.91924813627126e-06,7.334518886279523e-07,3.139339080025091e-12,3.684371458658839e-12,5.911311446807619e-13,1.387519259479751e-12,1.9076092008411164e-07,2.379849342661356e-07,0.20210130158864634,0.267076527849179,4.498490987103336e-15,1.0891610315506568e-14,5.318428356407928e-13,1.3270074627872508e-12,3.5588025266413222e-12,3.66185405911622e-12,5.810633743259222e-06,6.408542647191181e-06,0.014112650517883083,0.01660835101308678,0.2559764429318082,0.5259512034360139,0.032504651411053485,0.10493475619675689,1.1658416878526423e-07,2.481643548078963e-07,2.716047885572688e-06,5.982287040131375e-06,1.4184530398780173e-06,3.3340101911105077e-06,3.398109923994514e-05,6.993016625873909e-05,9.422333306342254e-09,2.0087056721909483e-08,2.419580951197263e-06,5.337107241380406e-06,6.246848040767688e-11,1.8801141505879073e-10,1.842414109501142e-18,1.893061504047334e-18,8.611341319016411e-12,1.012154896666731e-11,5.816441429293555e-12,1.2382748192898417e-11,2.0131484122831483e-15,3.84221839421228e-15,1.3191951190430506e-08,2.6153098697074255e-08,3.9120556185958026e-19,1.1775263529749776e-18,0.006343317491803332,0.013035386659011617,3.412328801521185e-31,9.999999999999176e-31,1.039043507845258e-09,3.3610511539272758e-09,4.6173992745193014e-11,1.4579830903716163e-10
0.915,1387.7156098666255,5.034592934554089,0.17417429454732367,6.867421949383273,0.48891736324912916,0.07230413337722696,9.912539678114549e-06,7.329639371267771e-07,3.134277964111087e-12,3.6784722503246965e-12,5.901422192430545e-13,1.3852133104258838e-12,1.9058196335302322e-07,2.377642991162689e-07,0.20209234133844897,0.2670676336124867,4.490915764713539e-15,1.0873389388861734e-14,5.311990172626865e-13,1.3254156879133649e-12,3.5517623936862055e-12,3.654650390408938e-12,5.80426724965276e-06,6.401591679842494e-06,0.014107062815595216,0.01660195835330438,0.25597797754629764,0.5259601598234978,0.03250547908447516,0.10493858602551588,1.1653294488567111e-07,2.480580551429026e-07,2.7161581914635786e-06,5.982596006237393e-06,1.417277078217053e-06,3.3312829020788954e-06,3.393026249706199e-05,6.9826319070217e-05,9.406564448591234e-09,2.005366105386702e-08,2.4170778776947676e-06,5.331644793684461e-06,6.23697093798318e-11,1.8771621503608696e-10,1.841697052391044e-18,1.8923456146528526e-18,8.60561427440178e-12,1.0114929149949941e-11,5.812046176114151e-12,1.2373527567781229e-11,2.0112115595828124e-15,3.8385641441088205e-15,1.3191811269597988e-08,2.6153109866518766e-08,3.908415950096642e-19,1.1764437953947845e-18,0.0063432475021482065,0.013035386659020523,3.4122911512331294e-31,9.99999999999917e-31,1.037327237233816e-09,3.355536462696116e-09,4.612130958499415e-11,1.4563356434152711e-10
0.916,1387.6451846133095,5.034750978791651,0.17416882709844675,6.873163504957019,0.4889296653507526,0.07230674895990917,9.905840759457908e-06,7.324766646314278e-07,3.129229060106191e-12,3.672587165900503e-12,5.891557768886646e-13,1.3829131094954253e-12,1.9040332069879364e-07,2.3754404587088336e-07,0.20208339591502547,0.2670587530806103,4.4833595801247446e-15,1.0855213923487309e-14,5.305565219554754e-13,1.3238271509755903e-12,3.5447426981789934e-12,3.647467514695187e-12,5.7979143974206506e-06,6.394655468178268e-06,0.014101485846335284,0.016595577830032446,0.2559795066743942,0.5259690939234697,0.032506307661672194,0.1049424166194525,1.1648177906320604e-07,2.4795187147386756e-07,2.7162683212904606e-06,5.982904463821913e-06,1.416103496073935e-06,3.328561074980577e-06,3.387956255488558e-05,6.972274963399257e-05,9.390839954630382e-09,2.0020358801378925e-08,2.414580805636316e-06,5.3261953501726814e-06,6.227118987615971e-11,1.8742176153285247e-10,1.8409802466516603e-18,1.8916299274229382e-18,8.599896089688549e-12,1.0108319385599077e-11,5.8076576017864344e-12,1.2364320694681417e-11,2.0092780979537e-15,3.834916203827698e-15,1.3191671621292737e-08,2.6153121019001432e-08,3.9047821473417983e-19,1.17536295449422e-18,0.006343177647710767,0.013035386659029476,3.4122535736841707e-31,9.99999999999919e-31,1.0356160867194914e-09,3.3500381409806807e-09,4.606874614370687e-11,1.454691909403735e-10
0.917,1387.5748193362451,5.034908961621079,0.17416336211699168,6.878905240692049,0.4889419462349267,0.07230935992537083,9.899151352311634e-06,7.319900691708042e-07,3.1241923233399636e-12,3.6667161540270656e-12,5.881718083126524e-13,1.3806186352687183e-12,1.9022499112342114e-07,2.3732417332616598e-07,0.2020744652732673,0.26704988621137327,4.4758223619966454e-15,1.0837083749981054e-14,5.299153451836959e-13,1.3222418409469051e-12,3.5377433561446023e-12,3.640305346935465e-12,5.791575139565714e-06,6.387733961687378e-06,0.014095919579399341,0.01658920940896487,0.25598103032972214,0.5259780057949486,0.03250713714231418,0.10494624798373144,1.1643067115272534e-07,2.478458034751081e-07,2.716378275528024e-06,5.983212414261767e-06,1.4149322854033528e-06,3.325844691463744e-06,3.382899886566673e-05,6.96194568428874e-05,9.375159642018461e-09,1.9987149581938528e-08,2.4120897130872584e-06,5.32075886356526e-06,6.217292094161399e-11,1.871280517295851e-10,1.840263691805738e-18,1.8909144420358865e-18,8.59418673369348e-12,1.0101719638337298e-11,5.8032756863159716e-12,1.2355127532833603e-11,2.0073480167215317e-15,3.8312745536729825e-15,1.3191532244734511e-08,2.6153132154581744e-08,3.9011541908601757e-19,1.174283824610323e-18,0.006343107928101056,0.013035386659038377,3.412216068664549e-31,9.999999999999204e-31,1.0339100344114795e-09,3.344556119065276e-09,4.601630198325149e-11,1.45305187482092e-10
0.918,1387.5045138642781,5.035066883228163,0.17415789959609998,6.884647156518544,0.4889542059614909,0.07231196628656958,9.89247142944627e-06,7.315041488295435e-07,3.1191677098267023e-12,3.6608591641424145e-12,5.87190304255294e-13,1.3783298664296548e-12,1.9004697364793392e-07,2.3710468030183003e-07,0.20206554937173238,0.26704103296737086,4.4683040395081576e-15,1.0818998700177462e-14,5.292754825273521e-13,1.320659747086785e-12,3.5307642845455833e-12,3.633163803046029e-12,5.785249429715498e-06,6.380827110540318e-06,0.014090363984183093,0.016582853055903974,0.25598254852930724,0.5259868955038164,0.03250796752260348,0.104950080112298,1.1637962099988136e-07,2.4773985084380486e-07,2.716488054671098e-06,5.9835198589768325e-06,1.4137634385137552e-06,3.3231337340051044e-06,3.377857090123056e-05,6.951643962988e-05,9.35952333404235e-09,1.9954033025209287e-08,2.4096045790716573e-06,5.315335288690788e-06,6.207490163072876e-11,1.868350828352806e-10,1.8395473871272634e-18,1.8901991579136844e-18,8.58848618188608e-12,1.0095129880699984e-11,5.798900410155734e-12,1.234594804241599e-11,2.0054213053841965e-15,3.827639174273814e-15,1.319139313913975e-08,2.615314327330597e-08,3.8975320651735365e-19,1.1732064012810026e-18,0.0063430383429308,0.013035386659047285,3.41217863596538e-31,9.99999999999921e-31,1.0322090591844934e-09,3.3390903297032327e-09,4.596397667282159e-11,1.4514155263785677e-10
0.919,1387.4342680286363,5.035224743792838,0.17415243952911752,6.8903892523668935,0.4889664445922237,0.07231456805673345,9.885800963343029e-06,7.31018901670415e-07,3.1141551755066027e-12,3.655016145591241e-12,5.86211255505254e-13,1.3760467817731408e-12,1.8986926728861979e-07,2.3688556561146062e-07,0.20205664816694932,0.2670321933084436,4.460804542097478e-15,1.0800958606518544e-14,5.286369295279798e-13,1.319080858557114e-12,3.5238054004802707e-12,3.6260427990738725e-12,5.778937221458251e-06,6.373934864856884e-06,0.0140848190302218,0.01657650873680756,0.25598406128792434,0.5259957631112051,0.03250879880094806,0.10495391300619242,1.1632862844453959e-07,2.4763401326470304e-07,2.7165976591986733e-06,5.983826799350787e-06,1.412596947547031e-06,3.3204281846868905e-06,3.3728278125490974e-05,6.941369691154266e-05,9.343930851896812e-09,1.9921008756353107e-08,2.407125382170939e-06,5.309924579395137e-06,6.197713099982025e-11,1.8654285206396247e-10,1.8388313320551173e-18,1.8894840746470547e-18,8.582794405773646e-12,1.0088550080558532e-11,5.794531753615425e-12,1.233678218329291e-11,2.0034979534084908e-15,3.824010046196481e-15,1.3191254303732248e-08,2.615315437522834e-08,3.893915752375039e-19,1.172130679312146e-18,0.006342968891813262,0.013035386659056122,3.412141275378639e-31,9.999999999999195e-31,1.030513139616861e-09,3.3336407046818943e-09,4.591176978051507e-11,1.4497828507520016e-10
0.92,1387.3640816602538,5.035382543497286,0.17414698190931424,6.896131528167692,0.4889786621873602,0.07231716524884607,9.879139926742637e-06,7.30534325774909e-07,3.1091546766495223e-12,3.649187048098843e-12,5.852346528914071e-13,1.3737693601859248e-12,1.8969187106976313e-07,2.3666682807840798e-07,0.20204776161692561,0.2670233671963148,4.453323799546956e-15,1.0782963302259502e-14,5.279996817727261e-13,1.317505164631997e-12,3.5168666216022375e-12,3.6189422516284303e-12,5.772638468695255e-06,6.367057175094847e-06,0.014079284687171281,0.01657017641776665,0.2559855686215733,0.526004608680642,0.03250963097446884,0.1049577466622745,1.162776933298443e-07,2.475282904294125e-07,2.716707089595674e-06,5.984133236779106e-06,1.4114328047667452e-06,3.3177280258743984e-06,3.3678120009549016e-05,6.93112276191147e-05,9.328382018967525e-09,1.988807640516181e-08,2.4046521012962894e-06,5.304526690245324e-06,6.187960811113713e-11,1.8625135664717775e-10,1.8381155259566727e-18,1.888769191752557e-18,8.577111379711435e-12,1.0081980209125214e-11,5.790169697167733e-12,1.2327629915666938e-11,2.0015779503353322e-15,3.820387150145275e-15,1.319111573773625e-08,2.6153165460397564e-08,3.890305235716841e-19,1.1710566538575263e-18,0.0063428995743633546,0.013035386659064983,3.412103986697165e-31,9.99999999999921e-31,1.0288222545746559e-09,3.328207176712261e-09,4.585968087789609e-11,1.4481538347241973e-10
0.921,1387.2939545909553,5.035540282522347,0.17414152673000827,6.901873983851743,0.48899085880719145,0.07231975787588324,9.872488292560026e-06,7.300504192369299e-07,3.1041661697730044e-12,3.6433718216749435e-12,5.842604872960481e-13,1.3714975806776189e-12,1.8951478402097004e-07,2.3644846653245078e-07,0.2020388896795344,0.26701455459245843,4.44586174206463e-15,1.076501262166627e-14,5.27363734873657e-13,1.3159326546461365e-12,3.509947866042841e-12,3.6118620778019313e-12,5.766353125572343e-06,6.360193991974448e-06,0.014073760924807804,0.016563856065005367,0.25598707054588665,0.526013432274776,0.03251046404060219,0.10496158107839725,1.1622681550004269e-07,2.4742268203177566e-07,2.716816346343588e-06,5.9844391726483995e-06,1.4102710024810913e-06,3.315033240034894e-06,3.362809602785883e-05,6.920903069061286e-05,9.312876659761633e-09,1.985523560377744e-08,2.4021847154896547e-06,5.299141576090586e-06,6.178233203194435e-11,1.8596059383124039e-10,1.8373999682037463e-18,1.888054508750627e-18,8.571437077422656e-12,1.0075420236862743e-11,5.785814221405242e-12,1.231849119998716e-11,1.999661285764767e-15,3.816770466933882e-15,1.3190977440379817e-08,2.615317652886341e-08,3.8867004986119883e-19,1.1699843201183703e-18,0.006342830390197493,0.013035386659073807,3.412066769714612e-31,9.999999999999213e-31,1.027136383061097e-09,3.322789678941872e-09,4.5807709538868746e-11,1.4465284651502233e-10
0.922,1387.2238866541006,5.035697961045556,0.17413607398463382,6.90761661935005,0.4890030345129039,0.07232234595093709,9.865846033651735e-06,7.295671801455997e-07,3.09918961148106e-12,3.637570416424517e-12,5.832887496503077e-13,1.3692314223699585e-12,1.8933800517215512e-07,2.362304798035432e-07,0.20203003231167826,0.26700575545699445,4.438418300185146e-15,1.0747106399775768e-14,5.267290844367091e-13,1.3143633179173678e-12,3.503049052234297e-12,3.6048021949874097e-12,5.760081146335078e-06,6.353345266318729e-06,0.014068247713033251,0.016557547644887097,0.2559885670753034,0.5260222339536821,0.03251129799793153,0.10496541625609185,1.1617599479712705e-07,2.473171877607206e-07,2.716925429915047e-06,5.984744608324502e-06,1.4091115329404004e-06,3.312343809496719e-06,3.35782056527355e-05,6.910710505952903e-05,9.297414598336719e-09,1.982248598334313e-08,2.3997232036444956e-06,5.2937691914464065e-06,6.168530183285177e-11,1.8567056087220395e-10,1.8366846582484472e-18,1.8873400252435244e-18,8.565771470221795e-12,1.0068870131395824e-11,5.781465306907766e-12,1.2309365996666808e-11,1.9977479493103314e-15,3.813159977398306e-15,1.3190839410896697e-08,2.6153187580680485e-08,3.883101523428227e-19,1.1689136729802708e-18,0.006342761338933707,0.013035386659082653,3.4120296242254973e-31,9.999999999999232e-31,1.0254555040051995e-09,3.3173881442711436e-09,4.575585533797062e-11,1.4449067289033715e-10
0.923,1387.1538776826092,5.035855579247086,0.17413062366653573,6.913359434593824,0.48901518936396915,0.0723249294868307,9.859213123148491e-06,7.290846066098592e-07,3.0942249587164207e-12,3.6317827828439285e-12,5.823194309236394e-13,1.3669708644721525e-12,1.8916153356157703e-07,2.3601286673184303e-07,0.2020211894719087,0.2669969697521529,4.430993404776975e-15,1.0729244472413595e-14,5.260957261160939e-13,1.3127971438824351e-12,3.4961700991692636e-12,3.5977625211459192e-12,5.753822485549908e-06,6.346510949297541e-06,0.014062745021866033,0.01655125112390394,0.2559900582256638,0.5260310137801968,0.03251213284357693,0.10496925219214076,1.1612523106668352e-07,2.4721180731271376e-07,2.7170343407898074e-06,5.98504954518771e-06,1.4079543885269898e-06,3.3096597168955923e-06,3.3528448364182324e-05,6.900544967505675e-05,9.281995661079048e-09,1.978982717992674e-08,2.3972675450109524e-06,5.288409491608976e-06,6.158851659045525e-11,1.8538125504381433e-10,1.8359695954616104e-18,1.8866257407493284e-18,8.560114532666176e-12,1.0062329864154454e-11,5.777122934425352e-12,1.2300254266472998e-11,1.9958379306617163e-15,3.8095556625165155e-15,1.3190701648520566e-08,2.615319861589705e-08,3.8795082938151577e-19,1.1678447077137263e-18,0.006342692420191487,0.013035386659091467,3.4119925500251296e-31,9.999999999999228e-31,1.0237795966431535e-09,3.312002506587202e-09,4.5704117853328134e-11,1.4432886129685004e-10
0.924,1387.0839275100784,5.036013137306453,0.17412517576908326,6.919102429514479,0.4890273234196189,0.0723275084963347,9.85258953432368e-06,7.286026967487288e-07,3.0892721686521823e-12,3.6260088716937235e-12,5.813525221330281e-13,1.3647158863024853e-12,1.8898536823237502e-07,2.357956261633872e-07,0.20201236111893936,0.26698819744030383,4.423586987079823e-15,1.0711426676284503e-14,5.254636555894519e-13,1.3112341220349737e-12,3.4893109262916025e-12,3.5907429746941074e-12,5.7475770980113074e-06,6.339690992325044e-06,0.01405725282144678,0.016544966468683094,0.25599154401273544,0.5260397718168787,0.032512968574681334,0.10497308888337394,1.1607452415524565e-07,2.4710654038612186e-07,2.7171430794454994e-06,5.985353984612284e-06,1.406799561666246e-06,3.3069809449655525e-06,3.347882364536616e-05,6.890406349277868e-05,9.266619675429132e-09,1.9757258831803714e-08,2.3948177189625115e-06,5.283062432140401e-06,6.149197538617729e-11,1.850926736340186e-10,1.8352547792132657e-18,1.885911654784586e-18,8.554466239599246e-12,1.0055799406898331e-11,5.772787084808357e-12,1.2291155970377667e-11,1.9939312195608244e-15,3.80595750336269e-15,1.3190564152488184e-08,2.6153209634560708e-08,3.8759207935649902e-19,1.1667774196311894e-18,0.006342623633591996,0.01303538665910027,3.411955546909732e-31,9.999999999999256e-31,1.0221086403415175e-09,3.306632700191914e-09,4.565249666531301e-11,1.4416741043995927e-10
0.925,1387.0140359718412,5.0361706353991655,0.17411973028578606,6.92484560404363,0.48903943674027583,0.07233008299238133,9.845975240388201e-06,7.281214486761644e-07,3.0843311985377183e-12,3.6202486338179296e-12,5.803880143464603e-13,1.3624664672965269e-12,1.8880950822769751e-07,2.355787569440224e-07,0.20200354721022076,0.2669794384820822,4.416198978676958e-15,1.0693652848905899e-14,5.248328685256928e-13,1.309674241845315e-12,3.4824714533335167e-12,3.583743474336804e-12,5.7413449386054945e-06,6.332885346909634e-06,0.014051771082039933,0.01653869364598935,0.25599302445080463,0.5260485081231318,0.03251380518981882,0.10497692633121895,1.160238739068568e-07,2.470013866739023e-07,2.7172516463495497e-06,5.985657927948855e-06,1.4056470447159276e-06,3.304307476278862e-06,3.3429330976824616e-05,6.880294546274744e-05,9.251286468242498e-09,1.9724780575963004e-08,2.3923737046991517e-06,5.27772796821404e-06,6.139567730461706e-11,1.8480481394000684e-10,1.8345402089645536e-18,1.88519776695883e-18,8.54882656284971e-12,1.0049278727836997e-11,5.768457738892418e-12,1.2282071069313097e-11,1.9920278057619266e-15,3.80236548103131e-15,1.3190426922042274e-08,2.6153220636725006e-08,3.8723390053047553e-19,1.165711803693422e-18,0.0063425549787578086,0.013035386659109045,3.4119186146762515e-31,9.99999999999925e-31,1.020442614373159e-09,3.3012786590771777e-09,4.56009913547701e-11,1.4400631902638487e-10
0.926,1386.9442029014645,5.0363280737075735,0.17411428720991898,6.9305889581131,0.48905152938278423,0.07233265298735532,9.839370214944657e-06,7.276408605346091e-07,3.0794020060640255e-12,3.61450202057273e-12,5.794258986561092e-13,1.3602225869441305e-12,1.8863395260247344e-07,2.3536225793408095e-07,0.20199474770670955,0.2669706928426777,4.408829311405307e-15,1.067592282838971e-14,5.242033606675606e-13,1.3081174929664566e-12,3.475651600683591e-12,3.5767639394456367e-12,5.7351259626291146e-06,6.3260939650051655e-06,0.014046299774030307,0.016532432622720167,0.25599449955739084,0.526057222764866,0.0325146426842662,0.10498076452642938,1.1597328017186902e-07,2.4689634588232235e-07,2.717360041986861e-06,5.985961376585091e-06,1.4044968302599658e-06,3.3016392939364974e-06,3.3379969851473654e-05,6.870209456037045e-05,9.23599587000758e-09,1.9692392057099253e-08,2.389935482022575e-06,5.27240605632447e-06,6.129962143748623e-11,1.845176732800517e-10,1.833825884004959e-18,1.884484076704462e-18,8.543195481906835e-12,1.0042767804178267e-11,5.764134877745319e-12,1.2272999524696928e-11,1.9901276791166977e-15,3.79877957679929e-15,1.319028995642166e-08,2.615323162242855e-08,3.8687629140995373e-19,1.1646478555941316e-18,0.00634248645531327,0.013035386659117812,3.4118817531226175e-31,9.999999999999248e-31,1.0187814985010968e-09,3.295940318813609e-09,4.5549601507521127e-11,1.4384558577838482e-10
0.927,1386.8744281376103,5.036485452399647,0.1741088465352558,6.936332491654904,0.48906360140982946,0.0723352184944932,9.832774431270607e-06,7.271609304420526e-07,3.0744845487524265e-12,3.608768983109297e-12,5.784661662412286e-13,1.3579842249372076e-12,1.884587004035732e-07,2.3514612798364884e-07,0.20198596256344836,0.26696196047940735,4.401477917660462e-15,1.0658236454181984e-14,5.235751276877131e-13,1.3065638648750434e-12,3.468851288782087e-12,3.5698042894371076e-12,5.728920125260505e-06,6.31931679842833e-06,0.014040838867922583,0.01652618336590657,0.25599596934393715,0.5260659157954114,0.03251548105934538,0.10498460347925724,1.1592274279169555e-07,2.467914176985203e-07,2.717468266805191e-06,5.986264331825882e-06,1.4033489105879696e-06,3.2989763803448923e-06,3.333073974833728e-05,6.860150973234812e-05,9.220747707487749e-09,1.9660092911926707e-08,2.3875030299745723e-06,5.267096651284101e-06,6.120380687689592e-11,1.8423124897331956e-10,1.8331118039357243e-18,1.883770583773681e-18,8.537572962645832e-12,1.003626659712043e-11,5.759818482284972e-12,1.2263941297619875e-11,1.9882308294424814e-15,3.795199771874866e-15,1.319015325488121e-08,2.615324259173676e-08,3.8651925010021068e-19,1.163585569818283e-18,0.00634241806288392,0.013035386659126558,3.4118449620473974e-31,9.999999999999251e-31,1.017125271953092e-09,3.2906176132335163e-09,4.549832670651446e-11,1.436852094089776e-10
0.928,1386.8047115149816,5.036642771656833,0.17410340825510606,6.942076204601262,0.48907565287761934,0.07233777952605545,9.826187863198119e-06,7.266816565570185e-07,3.069578784715275e-12,3.603049473266423e-12,5.775088082810503e-13,1.35575136096516e-12,1.8828375069458842e-07,2.3493036596346528e-07,0.2019771917418925,0.26695324135798537,4.394144729946843e-15,1.064059356597288e-14,5.229481653708197e-13,1.305013347325681e-12,3.4620704388616817e-12,3.5628644445346418e-12,5.72272738221183e-06,6.312553799577494e-06,0.014035388334331966,0.016519945842700796,0.2559974338280143,0.5260745872805541,0.03251632031017948,0.10498844317991259,1.1587226161813023e-07,2.466866018316149e-07,2.7175763212869824e-06,5.986566795051085e-06,1.4022032783580695e-06,3.296318718773868e-06,3.328164016588256e-05,6.850118996527815e-05,9.205541813045038e-09,1.962788278905725e-08,2.385076328566983e-06,5.261799710039218e-06,6.110823272365076e-11,1.839455383648233e-10,1.832397968046402e-18,1.8830572875976586e-18,8.531958984562303e-12,1.0029775083866114e-11,5.755508533744194e-12,1.2254896349834353e-11,1.9863372466820668e-15,3.791626047702287e-15,1.3190016816665773e-08,2.615325354468806e-08,3.861627751372895e-19,1.1625249421466294e-18,0.006342349801097046,0.013035386659135307,3.411808241250086e-31,9.999999999999258e-31,1.0154739147236857e-09,3.2853104786429806e-09,4.544716654170927e-11,1.4352518865314541e-10
0.929,1386.735052872039,5.036800031650387,0.1740979723631334,6.947820096884592,0.4890876838462848,0.07234033609486876,9.819610484338673e-06,7.262030370212853e-07,3.0646846719926097e-12,3.5973434427921384e-12,5.765538160265764e-13,1.353523974883502e-12,1.8810910253429823e-07,2.347149707380687e-07,0.20196843519949545,0.2669445354387736,4.38682968123376e-15,1.0622994004559564e-14,5.223224694561573e-13,1.3034659299582215e-12,3.455308972298059e-12,3.5559443251005436e-12,5.716547689162208e-06,6.305804920807811e-06,0.014029948144000295,0.01651372002039621,0.25599889302299855,0.5260832372773534,0.03251716043604657,0.1049922836319987,1.1582183649661903e-07,2.465818979771055e-07,2.7176842058882814e-06,5.986868767581292e-06,1.4010599260256534e-06,3.2936662920139155e-06,3.3232670593212385e-05,6.840113422636955e-05,9.190378016575953e-09,1.959576133180774e-08,2.3826553572881668e-06,5.256515188375431e-06,6.101289808005476e-11,1.8366053880377926e-10,1.831684375848883e-18,1.8823441878354314e-18,8.526353518711892e-12,1.0023293231690334e-11,5.75120501325974e-12,1.2245864642880142e-11,1.9844469207622943e-15,3.788058385692139e-15,1.318988064103155e-08,2.6153264481337716e-08,3.858068647606965e-19,1.1614659674663153e-18,0.006342281669581288,0.013035386659144018,3.4117715905309193e-31,9.999999999999258e-31,1.0138274064497615e-09,3.280018850184329e-09,4.5396120601541783e-11,1.433655222408935e-10
0.93,1386.6654520453385,5.036957232558725,0.17409253885275566,6.953564168437514,0.4890996943723336,0.07234288821320714,9.813042268851897e-06,7.25725070016713e-07,3.059802169159455e-12,3.5916508440564618e-12,5.756011807600948e-13,1.3513020466187887e-12,1.8793475499619945e-07,2.3449994119015753e-07,0.201959692897274,0.2669358426867701,4.3795327048436934e-15,1.0605437611575434e-14,5.216980357736513e-13,1.3019216026372126e-12,3.4485668112208333e-12,3.5490438522646313e-12,5.710381002283143e-06,6.299070115010598e-06,0.014024518267772854,0.016507505866399434,0.25600034694557877,0.5260918658495494,0.03251800143285301,0.10499612482820617,1.1577146728086796e-07,2.4647730584796313e-07,2.7177919210840704e-06,5.987170250777477e-06,1.3999188463261383e-06,3.2910190835109923e-06,3.318383053477396e-05,6.830134151429625e-05,9.175256152459783e-09,1.9563728193014577e-08,2.3802400963791686e-06,5.251243043732913e-06,6.091780205635096e-11,1.8337624766298692e-10,1.8309710266494366e-18,1.8816312839340377e-18,8.520756543043271e-12,1.001682101596473e-11,5.746907902291136e-12,1.2236846138975786e-11,1.982559841737837e-15,3.78449676749568e-15,1.3189744727231218e-08,2.615327540172733e-08,3.8545151752842126e-19,1.1604086416223177e-18,0.006342213667966935,0.013035386659152735,3.411735009691009e-31,9.99999999999926e-31,1.0121857273698874e-09,3.2747426649397523e-09,4.5345188480299164e-11,1.4320620892053303e-10
0.931,1386.595908875449,5.0371143745492635,0.17408710771777264,6.959308419192838,0.4891116845165121,0.07234543589395788,9.806483190315374e-06,7.252477536816906e-07,3.0549312344873966e-12,3.585971629067437e-12,5.746508938171599e-13,1.3490855562202877e-12,1.8776070714185595e-07,2.3428527618734763e-07,0.20195096479192004,0.2669271630611947,4.372253734324301e-15,1.0587924229180708e-14,5.210748600672161e-13,1.3003803550111035e-12,3.4418438776414155e-12,3.5421629470269077e-12,5.7042272775025625e-06,6.292349334801826e-06,0.014019098676633184,0.016501303348272014,0.25600179560792763,0.5261004730514964,0.03251884330098197,0.10499996677565901,1.1572115381373735e-07,2.463728251339649e-07,2.717899467319672e-06,5.987471245934185e-06,1.3987800316642413e-06,3.288377075930947e-06,3.313511947857748e-05,6.820181079378683e-05,9.160176050574592e-09,1.953178301587902e-08,2.3778305252002217e-06,5.245983231602879e-06,6.082294376192443e-11,1.8309266231235786e-10,1.8302579200567187e-18,1.880918575650658e-18,8.515168026623093e-12,1.0010358401613435e-11,5.742617181990712e-12,1.2227840799677754e-11,1.9806759995750205e-15,3.7809411745923546e-15,1.3189609074529046e-08,2.6153286305915946e-08,3.8509673155263846e-19,1.1593529591165904e-18,0.006342145795885571,0.013035386659161373,3.4116984985321754e-31,9.999999999999225e-31,1.0105488570968834e-09,3.269481857960399e-09,4.5294369768503685e-11,1.4304724742832018e-10
0.932,1386.5264231990886,5.037271457802457,0.17408167895153512,6.965052849083581,0.48912365433339555,0.07234797914907912,9.799933223350846e-06,7.247710862313805e-07,3.0500718271323743e-12,3.580305750865294e-12,5.737029465647015e-13,1.3468744838085541e-12,1.8758695805861918e-07,2.3407097462923115e-07,0.2019422508462528,0.26691849652929417,4.364992703708059e-15,1.0570453700690938e-14,5.204529382422413e-13,1.2988421771298188e-12,3.435140094692177e-12,3.53530153153276e-12,5.698086471550661e-06,6.285642533675581e-06,0.014013689341649671,0.016495112433667018,0.25600323902807554,0.5261090589494634,0.032519686034888556,0.10500380946231487,1.1567089595408696e-07,2.4626845555883925e-07,2.7180068450757317e-06,5.98777175442248e-06,1.3976434749651848e-06,3.2857402531604805e-06,3.3086536940651244e-05,6.810254108712346e-05,9.14513754887283e-09,1.9499925460780773e-08,2.375426624514143e-06,5.240735710565027e-06,6.07283223176766e-11,1.8280978015616073e-10,1.8295450552840588e-18,1.8802060623355333e-18,8.509587950523476e-12,1.0003905367667586e-11,5.738332834113353e-12,1.2218848587817173e-11,1.978795384463623e-15,3.7773915888848656e-15,1.3189473682180786e-08,2.6153297193939216e-08,3.847425055588388e-19,1.1582989162965554e-18,0.006342078052970446,0.013035386659170043,3.4116620568571326e-31,9.99999999999924e-31,1.0089167763321137e-09,3.2642363678125763e-09,4.5243664066375337e-11,1.4288863653096866e-10
0.933,1386.4569948580088,5.037428482484766,0.1740762525478793,6.97079745804295,0.48913560388307425,0.07235051799132956,9.793392341674238e-06,7.242950658135166e-07,3.0452239057234865e-12,3.5746531618660425e-12,5.727573304179537e-13,1.344668809615211e-12,1.8741350681492274e-07,2.3385703539159868e-07,0.20193355101747562,0.2669098430508252,4.357749547129262e-15,1.05530258696498e-14,5.19832266074427e-13,1.2973070587181664e-12,3.4284553851466234e-12,3.5284595275501165e-12,5.691958540715989e-06,6.278949664632042e-06,0.014008290234045737,0.01648893309041192,0.25600467721825065,0.5261176235976791,0.03252052963479846,0.10500765289474015,1.156206935451555e-07,2.461641968129492e-07,2.7181140547945824e-06,5.988071777527807e-06,1.3965091686780114e-06,3.283108597964123e-06,3.303808241280282e-05,6.800353136662128e-05,9.130140478591333e-09,1.9468155173742732e-08,2.373028373805898e-06,5.23550043637408e-06,6.06339368413674e-11,1.8252759858890194e-10,1.8288324319567523e-18,1.8794937437616266e-18,8.504016284979657e-12,9.997461880412413e-12,5.734054839923457e-12,1.2209869465172612e-11,1.9769179864418135e-15,3.773847991983291e-15,1.3189338549455895e-08,2.6153308065853882e-08,3.843888376442155e-19,1.1572465076172029e-18,0.006342010438856233,0.013035386659178728,3.4116256844693415e-31,9.999999999999262e-31,1.0072894648530236e-09,3.2590061300668513e-09,4.519307096798982e-11,1.4273037497562154e-10
0.934,1386.3876236916453,5.0375854487709475,0.1740708285003564,6.976542246004351,0.48914753322154947,0.07235305243284788,9.786860519866742e-06,7.23819690639392e-07,3.040387429624925e-12,3.5690138153428103e-12,5.718140368360895e-13,1.3424685139727137e-12,1.8724035250018704e-07,2.3364345737623296e-07,0.20192486526683273,0.26690120259081834,4.350524199256986e-15,1.0535640580877683e-14,5.19212839466838e-13,1.2957749898173456e-12,3.421789672747622e-12,3.5216368578364495e-12,5.685843441960079e-06,6.272270681407077e-06,0.014002901325129572,0.016482765286425925,0.25600611019448083,0.5261261670580663,0.032521374097077234,0.1050114970670136,1.1557054644255753e-07,2.460600486128991e-07,2.7182210969416414e-06,5.988371316585263e-06,1.395377105649878e-06,3.2804820940396244e-06,3.298975540864749e-05,6.790478064936939e-05,9.11518467729705e-09,1.9436471814247985e-08,2.370635753641794e-06,5.2302773671646915e-06,6.053978646063382e-11,1.8224611503451755e-10,1.8281200494164683e-18,1.8787816194097814e-18,8.498453007359316e-12,9.991027914511833e-12,5.729783181190431e-12,1.2200903394589874e-11,1.9750437957380164e-15,3.770310365857692e-15,1.3189203675619793e-08,2.6153318921702586e-08,3.840357263711333e-19,1.1561957289330422e-18,0.006341942953179052,0.013035386659187366,3.4115893811730677e-31,9.999999999999267e-31,1.0056669032835287e-09,3.2537910830259326e-09,4.514259007525635e-11,1.425724615339965e-10
0.935,1386.3183095403697,5.03774235683422,0.17406540680257243,6.982287212901388,0.489159442404953,0.07235558248577645,9.780337732480924e-06,7.233449589177447e-07,3.035562358308453e-12,3.5633876646892527e-12,5.708730573168817e-13,1.3402735773018247e-12,1.8706749420508582e-07,2.33430239486285e-07,0.20191619355536372,0.26689257511396475,4.343316595019605e-15,1.0518297679804649e-14,5.185946543245906e-13,1.29424596047222e-12,3.4151428815407065e-12,3.514833445452686e-12,5.679741132362816e-06,6.265605537860421e-06,0.013997522586333976,0.016476608989766797,0.2560075379723589,0.5261346893915346,0.032522219418472824,0.10501534197442415,1.1552045450061663e-07,2.4595601067243647e-07,2.7183279719778756e-06,5.9886703729188855e-06,1.3942472787043895e-06,3.277860725026654e-06,3.294155544124504e-05,6.780628795120115e-05,9.100269982535796e-09,1.940487504169757e-08,2.3682487445263664e-06,5.225066460929515e-06,6.044587030654439e-11,1.8196532692697085e-10,1.8274079070479375e-18,1.8780696888044363e-18,8.492898094989112e-12,9.984603444575444e-12,5.725517839684484e-12,1.2191950338908319e-11,1.9731728025973004e-15,3.766778692506696e-15,1.3189069059941185e-08,2.6153329761528255e-08,3.8368317023363823e-19,1.155146575892005e-18,0.006341875595576585,0.01303538665919598,3.411553146773406e-31,9.999999999999272e-31,1.0040490722352253e-09,3.2485911649462225e-09,4.509222099109444e-11,1.424148949808371e-10
0.936,1386.2490522469316,5.037899206841812,0.17405998744834214,6.988032358667855,0.4891713314914887,0.0723581081625497,9.773823953818166e-06,7.228708688383134e-07,3.0307486511825397e-12,3.557774663219072e-12,5.699343834053879e-13,1.3380839801320407e-12,1.868949310160378e-07,2.3321738061940573e-07,0.20190753584195914,0.2668839605820507,4.3361266696118855e-15,1.0500997012487882e-14,5.179777065174476e-13,1.292719960637993e-12,3.408514935697618e-12,3.5080492135817076e-12,5.673651568970785e-06,6.258954187808528e-06,0.013992153989217885,0.016470464168632987,0.25600896056512573,0.5261431906540512,0.03252306559804247,0.1050191876196949,1.1547041756831808e-07,2.458520826938393e-07,2.71843468034804e-06,5.988968947815864e-06,1.3931196805091126e-06,3.2752444741953933e-06,3.289348201631983e-05,6.770805227274009e-05,9.085396229925115e-09,1.9373364511344282e-08,2.365867326551119e-06,5.219867674744318e-06,6.035218751175386e-11,1.8168523170470279e-10,1.8266960043944557e-18,1.877357951632373e-18,8.487351520545064e-12,9.978188439739392e-12,5.721258797053444e-12,1.218301026069881e-11,1.9713049972392785e-15,3.763252953877211e-15,1.3188934701696321e-08,2.615334058538301e-08,3.8333116750099165e-19,1.1540990434643847e-18,0.0063418083656879365,0.013035386659204638,3.4115169810762012e-31,9.999999999999295e-31,1.002435952045263e-09,3.2434063131897784e-09,4.504196331739448e-11,1.422576740874749e-10
0.937,1386.1798516561967,5.038055998955539,0.17405457043166883,6.993777683237729,0.4891832005413405,0.07236062947588329,9.767319158271626e-06,7.223974185972282e-07,3.025946267804569e-12,3.552174764415275e-12,5.689980067111243e-13,1.3358997031419773e-12,1.8672266202171667e-07,2.330048796758781e-07,0.20189889208347284,0.26687535895411624,4.328954358723899e-15,1.0483738426166572e-14,5.173619919171612e-13,1.2911969802734552e-12,3.401905759750649e-12,3.501284085769707e-12,5.667574708985724e-06,6.252316585232715e-06,0.013986795505435438,0.01646433079132782,0.2560103779838136,0.5261516708969536,0.032523912637013166,0.10502303401253697,1.1542043549352205e-07,2.457482643768948e-07,2.718541222483382e-06,5.9892670425326966e-06,1.3919943036935454e-06,3.2726333247239933e-06,3.2845534638844245e-05,6.761007261295349e-05,9.07056325505243e-09,1.9341939878340846e-08,2.3634914797261224e-06,5.2146809654997584e-06,6.025873721251031e-11,1.8140582681668183e-10,1.825984341084832e-18,1.8766464076677134e-18,8.481813250802515e-12,9.971782862196835e-12,5.7170060350218434e-12,1.2174083122688108e-11,1.9694403699259597e-15,3.759733131994098e-15,1.3188800600169752e-08,2.6153351393330567e-08,3.82979716365864e-19,1.1530531263890173e-18,0.006341741263153302,0.013035386659213243,3.411480883887917e-31,9.999999999999305e-31,1.0008275230255902e-09,3.2382364650308564e-09,4.4991816657017533e-11,1.4210079762815126e-10
0.9380000000000001,1386.110707607169,5.0382127333565405,0.17404915574588997,6.999523186545197,0.48919504960569554,0.07236314643714334,9.760823321229737e-06,7.219246064637686e-07,3.021155168625588e-12,3.5465879228041394e-12,5.680639188398922e-13,1.3337207269991985e-12,1.8655068633740114e-07,2.327927355889819e-07,0.20189026224570014,0.26686677020094024,4.3217995982431305e-15,1.0466521768539609e-14,5.167475065709191e-13,1.289677009773745e-12,3.395315279328581e-12,3.4945379866833545e-12,5.661510510413689e-06,6.245692684994746e-06,0.013981447106733524,0.01645820882625507,0.25601179024810344,0.5261601301892133,0.032524760527890655,0.10502688113447091,1.1537050814155981e-07,2.4564455545847117e-07,2.718647598865722e-06,5.989564658435806e-06,1.3908711414751735e-06,3.2700272611701635e-06,3.279771284462279e-05,6.751234803416045e-05,9.055770902302146e-09,1.9310600816561263e-08,2.3611211856229853e-06,5.209506293525911e-06,6.016551855677997e-11,1.811271097468483e-10,1.8252729162582094e-18,1.875935056180602e-18,8.476283271777125e-12,9.965386696754392e-12,5.712759535876191e-12,1.216516888879111e-11,1.967578911128423e-15,3.756219209278018e-15,1.3188666754630488e-08,2.6153362185396555e-08,3.8262881572226187e-19,1.1520088215153267e-18,0.006341674287614725,0.013035386659221843,3.411444855015981e-31,9.999999999999307e-31,9.992237666893118e-10,3.2330815616236225e-09,4.494178062321927e-11,1.4194426440976903e-10
0.9390000000000001,1386.0416199459755,5.038369410205383,0.1740437433850554,7.0052688685246265,0.4892068787441718,0.07236565905893085,9.754336417074674e-06,7.214524306323937e-07,3.0163753134568604e-12,3.5410140921554505e-12,5.671321114706696e-13,1.331547032540875e-12,1.863790030556146e-07,2.3258094726342008e-07,0.2018816462859143,0.26685819428198104,4.314662324328331e-15,1.0449346887945462e-14,5.161342463651813e-13,1.2881600391315007e-12,3.388743419596239e-12,3.4878108405041313e-12,5.6554589307240906e-06,6.2390824413581105e-06,0.013976108765010018,0.016452098241989024,0.256013197368995,0.5261685685818667,0.03252560927183215,0.10503072899493442,1.153206353588599e-07,2.455409556350941e-07,2.7187538099222962e-06,5.989861796770389e-06,1.3897501864760456e-06,3.267426266689212e-06,3.2750016139478605e-05,6.741487753685907e-05,9.041019007761446e-09,1.927934698215141e-08,2.358756424230852e-06,5.204343615656013e-06,6.007253068800773e-11,1.8084907796524427e-10,1.8245617295907267e-18,1.8752238969925152e-18,8.470761552431676e-12,9.958999908164618e-12,5.708519281364894e-12,1.215626752176941e-11,1.965720611149293e-15,3.752711167825075e-15,1.3188533164367205e-08,2.6153372961640574e-08,3.822784636769057e-19,1.150966123321587e-18,0.006341607438715439,0.013035386659230439,3.4114088942684797e-31,9.999999999999309e-31,9.976246634004502e-10,3.2279415403981714e-09,4.4891854821427064e-11,1.417880732143516e-10
0.9400000000000001,1385.9725885138364,5.038526029679014,0.1740383333426507,7.011014729110588,0.4892186880087017,0.07236816735269178,9.747858421132508e-06,7.2098088936692e-07,3.0116066629464425e-12,3.5354532272156066e-12,5.662025762904726e-13,1.3293786006207552e-12,1.8620761129362343e-07,2.3236951363457248e-07,0.20187304416902058,0.26684963116670724,4.307542473411207e-15,1.0432213633365533e-14,5.15522207346784e-13,1.2866460587381546e-12,3.382190106761494e-12,3.4811025724791324e-12,5.649419928144526e-06,6.232485809415982e-06,0.013970780452255204,0.01644599900720417,0.25601459936483467,0.5261769861409118,0.03252645886257722,0.10503457757938443,1.1527081700777278e-07,2.4543746463707425e-07,2.718859856123304e-06,5.990158458874838e-06,1.3886314318491432e-06,3.264830325681931e-06,3.2702444057302654e-05,6.731766017921181e-05,9.026307415545453e-09,1.9248178048339345e-08,2.3563971769559825e-06,5.199192891844216e-06,5.997977276069337e-11,1.8057172897489224e-10,1.823850780327694e-18,1.874512929481432e-18,8.465248077249768e-12,9.952622479421197e-12,5.7042852537733e-12,1.2147378985519588e-11,1.9638654604916668e-15,3.749208990110819e-15,1.3188399828656589e-08,2.6153383722091285e-08,3.819286589781845e-19,1.149925028217057e-18,0.006341540716100406,0.013035386659239019,3.4113730014544306e-31,9.999999999999326e-31,9.960301946151032e-10,3.22281634231172e-09,4.4842038866649e-11,1.4163222285401656e-10
0.9410000000000001,1385.9036131586104,5.038682591935224,0.17403292561282488,7.016760768237832,0.489230477459117,0.07237067133102908,9.741389308054217e-06,7.205099808808475e-07,3.006849177316251e-12,3.5299052822253996e-12,5.652753050713227e-13,1.3272154122900123e-12,1.8603651015257079e-07,2.3215843361752203e-07,0.20186445585194318,0.2668410808139846,4.300439982380335e-15,1.0415121854870658e-14,5.149113854410479e-13,1.2851350586805223e-12,3.375655266799776e-12,3.474413107608677e-12,5.643393460555545e-06,6.225902743872537e-06,0.013965462140588967,0.016439911090720568,0.25601599624584775,0.5261853829155683,0.03252730930196346,0.10503842689940969,1.1522105293610062e-07,2.4533408216365367e-07,2.7189657378889618e-06,5.990454645976525e-06,1.3875148702784346e-06,3.262239421443967e-06,3.265499610887278e-05,6.722069497169869e-05,9.011635963442898e-09,1.9217093674827896e-08,2.354043423970349e-06,5.194054079316076e-06,5.98872439269034e-11,1.8029506027120753e-10,1.8231400681660953e-18,1.873802153489008e-18,8.459742813539716e-12,9.946254373319493e-12,5.7000574350393735e-12,1.2138503243191226e-11,1.9620134495555667e-15,3.745712658411117e-15,1.3188266746794796e-08,2.6153394466811285e-08,3.815793997447694e-19,1.1488855307142154e-18,0.006341474119415736,0.013035386659247574,3.4113371763834505e-31,9.999999999999323e-31,9.944403409015921e-10,3.2177059054429237e-09,4.479233236817095e-11,1.4147671212265662e-10
0.9420000000000001,1385.8346937252381,5.03883909714187,0.1740275201893809,7.022506985841299,0.48924224715044257,0.07237317100582041,9.734929053204853e-06,7.200397034400781e-07,3.0021028174311887e-12,3.5243702121749883e-12,5.643502896101606e-13,1.325057448656132e-12,1.8586569875202568e-07,2.3194770615016012e-07,0.20185588129636636,0.26683254318890753,4.29335478847112e-15,1.03980714033543e-14,5.143017766890442e-13,1.2836270293329267e-12,3.369138826532696e-12,3.467742371756379e-12,5.6373794864229345e-06,6.219333200071256e-06,0.013960153802211675,0.016433834461445383,0.25601738802678864,0.526193758964255,0.032528160587241055,0.10504227695176307,1.1517134300283304e-07,2.4523080793779305e-07,2.7190714556662548e-06,5.990750359360658e-06,1.3864004948181922e-06,3.2596535381390164e-06,3.26076718249587e-05,6.712398096584556e-05,8.99700449501095e-09,1.9186093533585527e-08,2.3516951464430243e-06,5.188927137491715e-06,5.979494334754166e-11,1.8001906937592357e-10,1.822429592519209e-18,1.8730915685647103e-18,8.454245737173357e-12,9.939895562716961e-12,5.695835807514415e-12,1.2129640258806409e-11,1.960164568898272e-15,3.742222155299022e-15,1.3188133918072565e-08,2.615340519584667e-08,3.812306845387428e-19,1.1478476266597025e-18,0.006341407648308944,0.013035386659256139,3.4113014188659273e-31,9.999999999999333e-31,9.928550836063156e-10,3.212610170381876e-09,4.474273494239171e-11,1.4132153983647396e-10
0.9430000000000001,1385.7658300586718,5.0389955454680715,0.17402211706607965,7.028253381856125,0.4892539971365805,0.07237566638876165,9.728477631960346e-06,7.195700553108957e-07,2.9973675443035557e-12,3.5188479722220873e-12,5.63427521729091e-13,1.3229046908834749e-12,1.856951762142796e-07,2.317373301735871e-07,0.2018473204650279,0.2668240182578948,4.286286829085359e-15,1.0381062130095481e-14,5.136933771465886e-13,1.2821219611050933e-12,3.362640713108148e-12,3.461090291114044e-12,5.631377964362702e-06,6.212777133514924e-06,0.013954855409444576,0.016427769088420186,0.2560187747232323,0.5262021143469596,0.03252901271478563,0.10504612773034892,1.1512168706705104e-07,2.4512764168254195e-07,2.719177009904819e-06,5.991045600317036e-06,1.385288298549817e-06,3.2570726599919503e-06,3.2560470738166505e-05,6.702751721685145e-05,8.98241285443769e-09,1.91551772978909e-08,2.3493523256090002e-06,5.183812025931213e-06,5.970287018730262e-11,1.797437538218974e-10,1.8217193527888124e-18,1.872381174245538e-18,8.448756827178926e-12,9.933546024176153e-12,5.691620353567104e-12,1.2120789996416358e-11,1.95831880909885e-15,3.738737463386089e-15,1.318800134178035e-08,2.615341590923679e-08,3.808825119181132e-19,1.1468113118870244e-18,0.006341341302429056,0.013035386659264746,3.4112657287130523e-31,9.999999999999363e-31,9.912744041569254e-10,3.2075290779754494e-09,4.469324620736008e-11,1.4116670481672445e-10
0.9440000000000001,1385.6970220064754,5.039151937076204,0.17401671623691664,7.033999956217627,0.48926572747387337,0.07237815749189556,9.722035019519132e-06,7.191010347460472e-07,2.9926433189170167e-12,3.5133385174854054e-12,5.625069933042045e-13,1.320757120260991e-12,1.8552494165847318e-07,2.3152730462478836e-07,0.20183877331814687,0.2668155059839728,4.279236041963343e-15,1.036409388717591e-14,5.130861828392463e-13,1.2806198443298804e-12,3.3561608538340312e-12,3.4544567920306386e-12,5.62538885298956e-06,6.206234499698634e-06,0.01394956693472712,0.016421714940818156,0.2560201563480494,0.5262104491180034,0.03252986568364106,0.10504997923766596,1.15072084983151e-07,2.450245831108743e-07,2.719282401036587e-06,5.9913403700953296e-06,1.3841782744122105e-06,3.254496770890058e-06,3.251339237462675e-05,6.693130276647987e-05,8.967860884238393e-09,1.9124344637420715e-08,2.3470149423325573e-06,5.17870870337132e-06,5.961102361269147e-11,1.79469111147154e-10,1.821009348533886e-18,1.8716709702294623e-18,8.443276057213456e-12,9.927205727938763e-12,5.6874110554882174e-12,1.2111952419898783e-11,1.956476160725556e-15,3.735258565260237e-15,1.318786901721695e-08,2.6153426607031846e-08,3.805348802275244e-19,1.1457765815864136e-18,0.006341275081426414,0.013035386659273297,3.4112301057367327e-31,9.999999999999353e-31,9.896982837382796e-10,3.2024625682788475e-09,4.4643865780347096e-11,1.4101220588205302e-10
0.9450000000000001,1385.6282694153483,5.039308272132413,0.17401131769575878,7.039746708861317,0.4892774382165701,0.07238064432694169,9.71560119152567e-06,7.186326400308711e-07,2.9879301026843298e-12,3.5078418035820773e-12,5.615886962500019e-13,1.3186147181656733e-12,1.8535499421531288e-07,2.3131762845500265e-07,0.20183023981798673,0.2668070063328101,4.27220236523206e-15,1.0347166527596936e-14,5.124801898603574e-13,1.2791206695079584e-12,3.349699176648118e-12,3.4478418014960052e-12,5.619412111320467e-06,6.199705254555087e-06,0.013944288350592669,0.01641567198791566,0.2560215329159325,0.5262187633353497,0.032530719490972124,0.10505383147012361,1.1502253661154832e-07,2.4492163194848223e-07,2.7193876295039046e-06,5.991634669967077e-06,1.3830704155453718e-06,3.251925855190949e-06,3.246643627173068e-05,6.683533667957088e-05,8.953348430246385e-09,1.909359522889316e-08,2.344682978024661e-06,5.173617129749741e-06,5.951940279677492e-11,1.7919513890919287e-10,1.820299579179826e-18,1.8709609560765708e-18,8.43780340439663e-12,9.92087464831195e-12,5.6832078958355224e-12,1.2103127493692507e-11,1.9546366144536207e-15,3.7317854437106564e-15,1.3187736943680477e-08,2.615343728927525e-08,3.8018778803591026e-19,1.1447434316225836e-18,0.006341208984952747,0.013035386659281846,3.4111945497496304e-31,9.999999999999368e-31,9.881267039746607e-10,3.1974105827631676e-09,4.4594593283138094e-11,1.4085804186521109e-10
0.9460000000000001,1385.5595721350787,5.039464550794555,0.17400592143676083,7.045493639722882,0.4892891294220844,0.07238312690607497,9.709176123297974e-06,7.18164869426169e-07,2.9832278568844146e-12,3.502357785966854e-12,5.606726225329224e-13,1.3164774660943496e-12,1.8518533300900858e-07,2.311083006071846e-07,0.20182171992357278,0.26679851926573717,4.26518573730509e-15,1.0330279905037313e-14,5.118753942523658e-13,1.277624427011637e-12,3.3432556095326236e-12,3.441245246538364e-12,5.613447698273781e-06,6.193189353902121e-06,0.013939019629689143,0.016409640199116754,0.256022904438167,0.5262270570498616,0.03253157413731816,0.105057684435009,1.1497304180571956e-07,2.448187879061875e-07,2.7194926957268668e-06,5.9919285011537815e-06,1.3819647148772263e-06,3.2493598967511467e-06,3.241960195672907e-05,6.673961799998657e-05,8.938875335584694e-09,1.906292874321265e-08,2.342356413536815e-06,5.168537263764503e-06,5.9428006913262e-11,1.7892183466717072e-10,1.8195900443623277e-18,1.8702511315625386e-18,8.43233883873555e-12,9.914552751234552e-12,5.6790108570039274e-12,1.209431518188222e-11,1.952800160917846e-15,3.728318081446459e-15,1.3187605120478722e-08,2.615344795602444e-08,3.79841233612678e-19,1.143711856957553e-18,0.0063411430126609995,0.01303538665929036,3.4111590605650453e-31,9.999999999999372e-31,9.865596461073059e-10,3.192373061654124e-09,4.454542833557405e-11,1.407042115926586e-10
0.9470000000000001,1385.4909300094446,5.039620773240297,0.17400052745339512,7.0512407487382145,0.48930080113856955,0.072385605240081,9.702759791014744e-06,7.176977212559499e-07,2.9785365435982715e-12,3.4968864210305893e-12,5.597587641043045e-13,1.314345345506167e-12,1.8501595718781793e-07,2.3089932005410246e-07,0.20181321360313323,0.266790044756168,4.258186096667224e-15,1.0313433873330703e-14,5.112717922190797e-13,1.2761311076145467e-12,3.3368300814523982e-12,3.434667055189738e-12,5.607495573494712e-06,6.186686754352872e-06,0.013933760744767846,0.016403619543938548,0.2560242709349343,0.5262353303305408,0.0325324296142447,0.10506153811059953,1.1492360043519295e-07,2.447160507288739e-07,2.7195976001771073e-06,5.992221864988938e-06,1.3808611658856988e-06,3.2467988807176234e-06,3.237288898538382e-05,6.664414583017403e-05,8.924441451474063e-09,1.9032344868517162e-08,2.340035231173067e-06,5.163469067313077e-06,5.933683514661235e-11,1.7864919601232018e-10,1.8188807432434916e-18,1.869541495975528e-18,8.426882350530782e-12,9.908240026499501e-12,5.6748199218698955e-12,1.2085515449569753e-11,1.950966790933654e-15,3.724856461518364e-15,1.3187473546903076e-08,2.6153458607296772e-08,3.794952158928093e-19,1.1426818545564723e-18,0.006341077164205992,0.013035386659298893,3.41112363799729e-31,9.999999999999402e-31,9.849970924883362e-10,3.1873499487659253e-09,4.449637056710147e-11,1.4055071392103404e-10
0.9480000000000001,1385.4223428907248,5.039776939622383,0.17399513573999606,7.05698803584338,0.48931245342464136,0.07238807934128319,9.696352170129772e-06,7.172311937902441e-07,2.9738561244059193e-12,3.491427664570924e-12,5.588471130244514e-13,1.3122183381140846e-12,1.8484686588130096e-07,2.3069068574502433e-07,0.20180472081435313,0.26678158276353225,4.2512033824329854e-15,1.0296628287819871e-14,5.106693798199847e-13,1.2746407017288338e-12,3.3304225210727364e-12,3.428107155166684e-12,5.601555696219605e-06,6.180197412063619e-06,0.013928511668705842,0.016397609992039725,0.2560256324157552,0.5262435832244009,0.03253328592396078,0.10506539250952862,1.1487421235254308e-07,2.446134201252399e-07,2.7197023432617265e-06,5.992514762663075e-06,1.3797597614869624e-06,3.2442427909142283e-06,3.2326296886008265e-05,6.654891921597546e-05,8.910046621629809e-09,1.9001843276906065e-08,2.3377194117707228e-06,5.158412499051548e-06,5.924588667788574e-11,1.7837722052537155e-10,1.8181716755411082e-18,1.8688320491743716e-18,8.421433907386743e-12,9.901936437209112e-12,5.670635072943645e-12,1.2076728261070195e-11,1.949136495206585e-15,3.7214005667645785e-15,1.318734222226954e-08,2.6153469243154274e-08,3.7914973305211414e-19,1.1416534190978424e-18,0.006341011439243493,0.013035386659307374,3.411088281861187e-31,9.999999999999407e-31,9.834390244122292e-10,3.1823411844846894e-09,4.4447419600197976e-11,1.4039754768482075e-10
0.9490000000000001,1385.3538106278897,5.039933050104823,0.17398974629051084,7.0627355009746315,0.48932408633351276,0.07239054922119087,9.689953236596033e-06,7.167652853355987e-07,2.9691865614007753e-12,3.4859814729829747e-12,5.579376613580852e-13,1.310096425639323e-12,1.846780582336353e-07,2.3048239664727994e-07,0.20179624152027006,0.2667731332542703,4.244237533850071e-15,1.0279863004153442e-14,5.100681532109517e-13,1.2731532000058758e-12,3.3240328577464583e-12,3.421565474886124e-12,5.595628026151474e-06,6.173721283699347e-06,0.013923272374470145,0.016391611513177296,0.25602698889526554,0.5262518157888562,0.032534143063500366,0.1050692476276945,1.1482487741941193e-07,2.445108958231902e-07,2.7198069254168904e-06,5.992807195429582e-06,1.378660494914363e-06,3.2416916119080574e-06,3.227982520364375e-05,6.645393723756677e-05,8.895690694568748e-09,1.89714236506845e-08,2.3354089370058215e-06,5.153367519481435e-06,5.915516069565125e-11,1.7810590580938713e-10,1.8174628407075277e-18,1.8681227907444595e-18,8.415993487015676e-12,9.895641958344423e-12,5.666456293019971e-12,1.2067953581297123e-11,1.947309264554721e-15,3.717950380235209e-15,1.3187211145887228e-08,2.6153479863639412e-08,3.7880478365878503e-19,1.1406265464407903e-18,0.006340945837430757,0.013035386659315862,3.411052991972359e-31,9.99999999999942e-31,9.818854238286694e-10,3.1773467113108083e-09,4.439857506335255e-11,1.4024471173733862e-10
0.9500000000000001,1385.2853330719586,5.040089104846563,0.17398435909906285,7.068483144068403,0.48933569992016196,0.072393014891561,9.683562966283253e-06,7.162999941920118e-07,2.964527816712621e-12,3.4805478026993784e-12,5.570304012197554e-13,1.3079795899180228e-12,1.8450953338799758e-07,2.302744517267739e-07,0.20178777568208678,0.2667646961923369,4.237288490500976e-15,1.0263137878774514e-14,5.094681085322839e-13,1.2716685930568806e-12,3.317661021045943e-12,3.41504194298377e-12,5.589712523048435e-06,6.1672583259798246e-06,0.013918042835137456,0.01638562407723017,0.2560283403860861,0.5262600280770767,0.032535001031876475,0.10507310346736548,1.1477559549439836e-07,2.4440847754405295e-07,2.719911347065376e-06,5.9930991645112684e-06,1.3775633593114766e-06,3.239145328052688e-06,3.2233473479549955e-05,6.635919896723754e-05,8.881373517890585e-09,1.8941085670168495e-08,2.3331037883237414e-06,5.148334088590117e-06,5.906465639087178e-11,1.77835249474365e-10,1.8167542383065733e-18,1.867413720385182e-18,8.410561063396612e-12,9.88935656049135e-12,5.6622835648669386e-12,1.2059191375099873e-11,1.945485089802114e-15,3.714505884988879e-15,1.3187080317071474e-08,2.6153490468801568e-08,3.784603661256806e-19,1.1396012319758967e-18,0.00634088035842631,0.01303538665932431,3.4110177681471144e-31,9.999999999999414e-31,9.803362725479749e-10,3.172366471287895e-09,4.434983658503169e-11,1.4009220493168825e-10
0.9510000000000001,1385.2169100734668,5.040245104009147,0.17397897415968747,7.074230965061313,0.48934729423796175,0.07239547636389934,9.677181335306497e-06,7.158353186772365e-07,2.959879852764207e-12,3.475126610491586e-12,5.561253247554346e-13,1.3058678128580399e-12,1.843412904949521e-07,2.3006684995845513e-07,0.2017793232625548,0.26675627154367354,4.230356192246166e-15,1.0246452768783114e-14,5.088692419671049e-13,1.2701868715986296e-12,3.311306941017922e-12,3.4085364885764313e-12,5.583809146947219e-06,6.160808495926218e-06,0.013912823023883535,0.016379647654186636,0.2560296869021709,0.5262682201448691,0.03253585982671618,0.10507696002631274,1.1472636643940919e-07,2.4430616501610316e-07,2.7200156086369104e-06,5.9933906711451745e-06,1.3764683479415738e-06,3.2366039239807053e-06,3.2187241261841724e-05,6.62647034912893e-05,8.8670949412499e-09,1.8910829020023288e-08,2.3308039474931348e-06,5.143312167073179e-06,5.897437295961626e-11,1.7756524914540572e-10,1.816045867825268e-18,1.8667048377164106e-18,8.405136613478782e-12,9.88308021772258e-12,5.658116871404285e-12,1.205044160764349e-11,1.9436639618397524e-15,3.711067064209129e-15,1.3186949735137648e-08,2.6153501058684716e-08,3.7811647898984017e-19,1.1385774714668426e-18,0.006340815001890047,0.01303538665933276,3.410982610202497e-31,9.999999999999418e-31,9.787915526518796e-10,3.167400407332087e-09,4.430120379682337e-11,1.3994002613068266e-10
0.9520000000000001,1385.1485414829958,5.040401047755145,0.17397359146638622,7.079978963890165,0.4893588693393531,0.07239793364956014,9.670808320077162e-06,7.153712571305553e-07,2.955242632289572e-12,3.4697178534914044e-12,5.552224241529595e-13,1.3037610764634735e-12,1.8417332871296835e-07,2.298595903269638e-07,0.20177088422529998,0.266747859275317,4.223440579317829e-15,1.0229807532163365e-14,5.082715497416651e-13,1.268708026454252e-12,3.30497054821037e-12,3.402049041289753e-12,5.577917858184111e-06,6.154371750884229e-06,0.013907612913981862,0.01637368221414276,0.25603102845814235,0.526276392049309,0.03253671944493003,0.10508081729997183,1.1467719011976153e-07,2.4420395797478133e-07,2.720119710564344e-06,5.993681716574122e-06,1.3753754541833861e-06,3.2340673845937603e-06,3.2141128105438925e-05,6.617044990993336e-05,8.852854816357818e-09,1.8880653389267236e-08,2.32850939660108e-06,5.138301716323755e-06,5.888430960322323e-11,1.7729590246320697e-10,1.8153377286901856e-18,1.8659961422952974e-18,8.399720115830178e-12,9.87681290600869e-12,5.653956195735909e-12,1.2041704244477952e-11,1.941845871636753e-15,3.707633901225806e-15,1.3186819399402049e-08,2.6153511633329195e-08,3.7777312089787124e-19,1.1375552610064268e-18,0.006340749767483162,0.01303538665934118,3.410947517956249e-31,9.99999999999941e-31,9.772512464887406e-10,3.162448463216597e-09,4.4252676333468425e-11,1.3978817420694729e-10
0.9530000000000001,1385.0802271532784,5.040556936241769,0.1739682110133471,7.085727140491942,0.4893704252785993,0.07240038676015305,9.664443896566834e-06,7.149078078583251e-07,2.9506161178397424e-12,3.4643214886106576e-12,5.54321691629728e-13,1.301659362805784e-12,1.840056471927075e-07,2.296526718070196e-07,0.2017624585320457,0.2667394593517269,4.216541592031708e-15,1.0213202027085554e-14,5.076750280286896e-13,1.2672320483119693e-12,3.298651773142825e-12,3.3955795307130102e-12,5.572038616949303e-06,6.147948048032403e-06,0.01390241247883354,0.0163677277273376,0.25603236506652804,0.5262845438430602,0.03253757988548345,0.1050846752903929,1.1462806639343763e-07,2.4410185613981087e-07,2.7202236532651374e-06,5.993972302005908e-06,1.374284671207046e-06,3.23153569430058e-06,3.2095133554867676e-05,6.607643730188327e-05,8.838652992107786e-09,1.8850558460876648e-08,2.3262201171688898e-06,5.133302696481404e-06,5.879446552321588e-11,1.7702720706875417e-10,1.8146298205098827e-18,1.8652876338654654e-18,8.394311545623171e-12,9.87055459732197e-12,5.649801520731186e-12,1.2032979250646445e-11,1.940030810096839e-15,3.704206379241027e-15,1.3186689309187435e-08,2.6153522192782522e-08,3.774302902062688e-19,1.1365345958130466e-18,0.006340684654868249,0.013035386659349621,3.41091249122687e-31,9.99999999999944e-31,9.757153360193202e-10,3.1575105814546603e-09,4.420425382760573e-11,1.39636648026321e-10
0.9540000000000001,1385.0119669351352,5.040712769633249,0.1739628327945176,7.091475494803815,0.4893819621065097,0.07240283570676219,9.658088041583203e-06,7.144449692283535e-07,2.9460002726457805e-12,3.4589374735544938e-12,5.534231194478106e-13,1.2995626540592803e-12,1.8383824510455584e-07,2.2944609339778435e-07,0.20175404614792428,0.26673107174180566,4.209659171239684e-15,1.0196636113002387e-14,5.07079673118452e-13,1.2657589281521162e-12,3.2923505472235046e-12,3.3891278873431823e-12,5.566171384063493e-06,6.141537345238966e-06,0.013897221691916182,0.01636178416409288,0.25603369674304555,0.5262926755852322,0.03253844114410016,0.10508853398913387,1.145789951301055e-07,2.4399985925570075e-07,2.720327437176621e-06,5.99426242869094e-06,1.3731959925516346e-06,3.2290088383749976e-06,3.204925717479067e-05,6.598266478720919e-05,8.824489323214141e-09,1.8820543930209462e-08,2.3239360917243737e-06,5.1283150699016e-06,5.870483993015529e-11,1.7675916062997693e-10,1.8139221426342886e-18,1.86457931190409e-18,8.388910884099211e-12,9.864305270765462e-12,5.645652829748369e-12,1.2024266592225977e-11,1.9382187683059263e-15,3.700784481801884e-15,1.3186559463813218e-08,2.615353273707977e-08,3.7708798570407647e-19,1.135515472406777e-18,0.006340619663709281,0.013035386659358059,3.410877529833587e-31,9.999999999999456e-31,9.74183803979572e-10,3.1525867070623936e-09,4.415593591905463e-11,1.3948544647717764e-10
0.9550000000000001,1384.9437606833148,5.040868548082925,0.17395745680422237,7.097224026763128,0.4893934798780843,0.07240528050107939,9.65174073121121e-06,7.139827395546137e-07,2.9413950595435236e-12,3.4535657655590627e-12,5.525266999081004e-13,1.2974709324874394e-12,1.8367112160421626e-07,2.2923985407992614e-07,0.20174564703379838,0.266722696408756,4.20279325787541e-15,1.0180109649548886e-14,5.064854812014335e-13,1.264288656704675e-12,3.286066801614142e-12,3.382694041416601e-12,5.560316120012766e-06,6.135139599997189e-06,0.013892040526840937,0.01635585149488071,0.25603502349896556,0.5263007873257007,0.03253930322091249,0.1050923934019716,1.1452997618702045e-07,2.438979670404361e-07,2.7204310627061854e-06,5.994552097812682e-06,1.3721094113835635e-06,3.2264868012122163e-06,3.200349851106912e-05,6.588913144717654e-05,8.810363659218495e-09,1.879060948155964e-08,2.321657301792328e-06,5.12333879672152e-06,5.861543203252389e-11,1.7649176080828523e-10,1.8132146947373687e-18,1.863871176220891e-18,8.383518104161261e-12,9.858064895632027e-12,5.641510105755209e-12,1.2015566234454915e-11,1.936409737231186e-15,3.6973681922259966e-15,1.318642986260978e-08,2.615354326627283e-08,3.767462056775817e-19,1.1344978857929897e-18,0.006340554793671434,0.013035386659366485,3.410842633596287e-31,9.999999999999465e-31,9.726566323945757e-10,3.1476767827499e-09,4.410772224301181e-11,1.3933456843314705e-10
0.9560000000000001,1384.8756082517016,5.0410242717478395,0.17395208303665996,7.102972736307407,0.4894049786463559,0.07240772115449272,9.645401942132706e-06,7.135211171948585e-07,2.9368004418767496e-12,3.448206322451934e-12,5.516324253574481e-13,1.2953841804596645e-12,1.8350427586157753e-07,2.2903395285164943e-07,0.20173726115245175,0.2667143333182635,4.19594379335797e-15,1.016362249752014e-14,5.058924485501257e-13,1.2628212249030797e-12,3.2798004681819235e-12,3.376277923888886e-12,5.554472785757178e-06,6.128754770317548e-06,0.013886868957294417,0.016349929690255147,0.2560363453472914,0.5263088791178061,0.03254016611427646,0.10509625352892638,1.144810094292502e-07,2.437961792285463e-07,2.720534530272098e-06,5.994841310577554e-06,1.3710249211162415e-06,3.223969567785897e-06,3.195785712335487e-05,6.579583639134558e-05,8.796275853694876e-09,1.8760754807789397e-08,2.3193837295756757e-06,5.118373838569835e-06,5.852624104597066e-11,1.7622500528640718e-10,1.812507476333435e-18,1.863163226460926e-18,8.378133181269898e-12,9.851833444216476e-12,5.6373733320742095e-12,1.2006878143320185e-11,1.9346037079756126e-15,3.69395749408755e-15,1.3186300504907573e-08,2.61535537804086e-08,3.7640494870055607e-19,1.1334818318419495e-18,0.006340490044421145,0.013035386659374922,3.4108078023355364e-31,9.99999999999949e-31,9.711338038216564e-10,3.1427807529441376e-09,4.405961243989951e-11,1.3918401278422408e-10
0.9570000000000001,1384.8075094926644,5.0411799407909115,0.1739467114858277,7.108721623374361,0.48941645846126297,0.07241015767791707,9.639071651215521e-06,7.130601005201995e-07,2.9322163832652656e-12,3.4428591023797203e-12,5.507402881541092e-13,1.2933023803701126e-12,1.8333770705367636e-07,2.2882838871990423e-07,0.2017288884696966,0.2667059824399512,4.189110719211526e-15,1.0147174517949763e-14,5.053005714833608e-13,1.2613566237951445e-12,3.273551479230906e-12,3.3698794661583947e-12,5.548641342518327e-06,6.1223828144931355e-06,0.013881706957071457,0.016344018720890162,0.25603766230382463,0.5263169510205241,0.03254102981969507,0.10510011436078019,1.1443209472551228e-07,2.436944955622325e-07,2.7206378403072014e-06,5.995130068222865e-06,1.369942515306524e-06,3.2214571234045764e-06,3.191233257898981e-05,6.570277874501067e-05,8.782225762466865e-09,1.8730979606526525e-08,2.3171153576519527e-06,5.113420157896815e-06,5.843726619113817e-11,1.759588917618412e-10,1.811800486817496e-18,1.862455462145999e-18,8.372756097970649e-12,9.845610897139137e-12,5.633242492138531e-12,1.199820228503698e-11,1.93280067169473e-15,3.69055237105815e-15,1.3186171390032822e-08,2.6153564279519553e-08,3.7606421349790604e-19,1.1324673068782234e-18,0.006340425415626303,0.013035386659383351,3.410773035872681e-31,9.999999999999526e-31,9.696153011243398e-10,3.1378985630573736e-09,4.4011606153429836e-11,1.3903377843065003e-10
0.9580000000000001,1384.739464262611,5.041335555363807,0.17394134214611262,7.114470687901873,0.48942791937720576,0.07241259008291541,9.632749834978392e-06,7.125996878755583e-07,2.9276428471552627e-12,3.4375240632803185e-12,5.49850280718506e-13,1.2912255147569665e-12,1.8317141434975736e-07,2.286231606817501e-07,0.2017205289468168,0.2666976437374009,4.182293977323737e-15,1.013076557273637e-14,5.047098462576776e-13,1.2598948442719525e-12,3.267319767066586e-12,3.3634985996181846e-12,5.542821751387275e-06,6.116023690667366e-06,0.013876554500080955,0.016338118557587315,0.25603897437967255,0.5263250030830898,0.032541894337332684,0.10510397590335104,1.1438323193640934e-07,2.4359291576632507e-07,2.7207409932149253e-06,5.995418371920152e-06,1.3688621872543963e-06,3.2189494527704773e-06,3.1866924433018297e-05,6.560995760805264e-05,8.768213238061273e-09,1.8701283568336182e-08,2.3148521679245503e-06,5.108477715660198e-06,5.834850668873243e-11,1.7569341793202125e-10,1.8110937258452885e-18,1.8617478830653977e-18,8.367386827208965e-12,9.839397223726452e-12,5.6291175692101295e-12,1.1989538625449018e-11,1.9310006195000242e-15,3.687152806722606e-15,1.3186042517324001e-08,2.615357476365755e-08,3.75723998430596e-19,1.131454306129655e-18,0.0063403609069559805,0.013035386659391765,3.4107383340296956e-31,9.999999999999544e-31,9.681011066990131e-10,3.1330301569846832e-09,4.396370302472997e-11,1.3888386426436147e-10
0.9590000000000001,1384.6714724160638,5.041491115625079,0.17393597501166574,7.120219929828007,0.48943936144512534,0.072415018380525,9.626436470383816e-06,7.121398776383018e-07,2.9230797974296925e-12,3.432201163599517e-12,5.489623954921238e-13,1.2891535662058944e-12,1.8300539693128099e-07,2.2841826774932372e-07,0.20171218254850135,0.26668931717863553,4.17549350983204e-15,1.011439552436801e-14,5.04120269205583e-13,1.2584358774129623e-12,3.2611052646042902e-12,3.3571352562822656e-12,5.5370139738610355e-06,6.109677357425808e-06,0.013871411560320745,0.016332229171245764,0.2560402815891358,0.5263330353611969,0.032542759664108536,0.10510783815195446,1.1433442092956981e-07,2.434914395805212e-07,2.7208439894167653e-06,5.995706222879659e-06,1.36778393049985e-06,3.216446541147843e-06,3.182163225341994e-05,6.551737210688775e-05,8.754238136749328e-09,1.8671666391738116e-08,2.31259414293955e-06,5.103546474231064e-06,5.825996176600107e-11,1.7542858151381964e-10,1.8103871928885097e-18,1.8610404888186484e-18,8.362025348420702e-12,9.83319240093151e-12,5.624998546809985e-12,1.1980887130944604e-11,1.929203542606048e-15,3.683758784859743e-15,1.3185913886115739e-08,2.6153585232861312e-08,3.7538430214505117e-19,1.1304428256829159e-18,0.006340296518080602,0.013035386659400168,3.4107036966292906e-31,9.999999999999558e-31,9.665912034460512e-10,3.1281754802466594e-09,4.391590269980502e-11,1.3873426919256255e-10
0.96,1384.6035338095771,5.041646621728143,0.17393061007681684,7.125969349091001,0.4894507847177676,0.072417442582038,9.620131534365615e-06,7.116806681833127e-07,2.9185271980346052e-12,3.426890361852379e-12,5.480766249675236e-13,1.2870865174205702e-12,1.8283965397964292e-07,2.282137089345171e-07,0.20170384923757234,0.26668100272915535,4.168709259234893e-15,1.0098064236191931e-14,5.035318366493688e-13,1.2569797142709107e-12,3.2549079049984213e-12,3.3507893684040587e-12,5.531217971514845e-06,6.10334377343474e-06,0.013866278111889842,0.01632635053287712,0.2560415839444741,0.5263410479062511,0.03254362579894507,0.10511170110835687,1.1428566157025025e-07,2.4339006673937743e-07,2.7209468293210996e-06,5.995993622281751e-06,1.3667077385106506e-06,3.2139483736288088e-06,3.177645560534016e-05,6.542502136200318e-05,8.740300314153122e-09,1.864212777383668e-08,2.31034126506156e-06,5.0986263955752225e-06,5.817163065272156e-11,1.751643802314735e-10,1.809680887519631e-18,1.8603332791083407e-18,8.356671636905494e-12,9.826996400838354e-12,5.620885408463818e-12,1.1972247767915341e-11,1.9274094322432057e-15,3.680370289275968e-15,1.3185785495749456e-08,2.615359568717815e-08,3.7504512315762036e-19,1.1294328612322027e-18,0.006340232248671771,0.013035386659408541,3.4106691234948053e-31,9.999999999999547e-31,9.65085574161851e-10,3.123334478022022e-09,4.3868204824877784e-11,1.385849921230073e-10
0.961,1384.5356482987982,5.041802073830334,0.17392524733576198,7.131718945629274,0.4894621892457037,0.07241986269841082,9.613835004083697e-06,7.112220579018181e-07,2.9139850131977767e-12,3.4215916168798857e-12,5.471929616596284e-13,1.285024351155225e-12,1.8267418468349615e-07,2.2800948325811213e-07,0.20169552897896875,0.266672700357198,4.161941168233402e-15,1.0081771572030818e-14,5.029445449553287e-13,1.2555263460071308e-12,3.248727621850131e-12,3.344460868690148e-12,5.525433706191925e-06,6.097022897650422e-06,0.013861154128984584,0.01632048261360049,0.25604288145985393,0.5263490407734718,0.03254449273880886,0.1051155647679859,1.1423695372721862e-07,2.4328879698483354e-07,2.7210495133463164e-06,5.996280571327742e-06,1.3656336048846673e-06,3.2114549356091215e-06,3.173139406111851e-05,6.533290450860304e-05,8.726399628020814e-09,1.861266741623968e-08,2.3080935170013367e-06,5.093717442417484e-06,5.8083512583589124e-11,1.7490081182377213e-10,1.8089748092162997e-18,1.8596262535390087e-18,8.351325672275866e-12,9.820809200597305e-12,5.616778137834739e-12,1.1963620503038405e-11,1.925618279703134e-15,3.676987303891848e-15,1.3185657345564908e-08,2.6153606126646488e-08,3.7470646012651804e-19,1.1284244088981436e-18,0.006340168098402441,0.01303538665941688,3.4106346144503207e-31,9.999999999999542e-31,9.635842019272663e-10,3.118507096404657e-09,4.382060904931165e-11,1.3843603197323078e-10
0.962,1384.467815740482,5.041957472086762,0.17391988678277548,7.137468719381421,0.4894735750800268,0.07242227874066337,9.607546856653583e-06,7.107640451813865e-07,2.90945320722081e-12,3.4163048876048757e-12,5.463113981195588e-13,1.2829670502471538e-12,1.825089882319398e-07,2.278055897412804e-07,0.20168722173704348,0.2666644100301665,4.155189179769432e-15,1.0065517396275232e-14,5.023583904867491e-13,1.2540757637742122e-12,3.2425643489989838e-12,3.3381496900858713e-12,5.5196611398213835e-06,6.0907146891182155e-06,0.013856039585909865,0.016314625384655813,0.25604417414866243,0.5263570140163726,0.03254536048140334,0.1051194291286278,1.1418829726759132e-07,2.4318763005521816e-07,2.7211520419044028e-06,5.996567071203749e-06,1.3645615231806259e-06,3.2089662123901696e-06,3.168644719170537e-05,6.524102067893721e-05,8.712535935832699e-09,1.8583285019952715e-08,2.305850881367971e-06,5.088819577253452e-06,5.7995606796003765e-11,1.7463787403739563e-10,1.80826895751249e-18,1.8589194117725232e-18,8.345987433194743e-12,9.814630776236738e-12,5.612676718575996e-12,1.1955005302962976e-11,1.9238300762883845e-15,3.673609812646051e-15,1.3185529434905624e-08,2.6153616551306813e-08,3.7436831162635616e-19,1.1274174645488259e-18,0.006340104066946901,0.013035386659425201,3.4106001693206154e-31,9.999999999999531e-31,9.620870697773169e-10,3.113693281334749e-09,4.3773115023073715e-11,1.3828738766253602e-10
0.963,1384.400035992719,5.0421128166495,0.17391452841223792,7.143218670286211,0.48948494227265993,0.07242469071992616,9.601267069206106e-06,7.103066284103586e-07,2.904931744509386e-12,3.411030133067654e-12,5.454319269409813e-13,1.2809145976316628e-12,1.8234406381544285e-07,2.2760202740674172e-07,0.2016789274752595,0.26665613171423247,4.148453237090806e-15,1.0049301574041846e-14,5.017733696079118e-13,1.2526279587260247e-12,3.236418020558537e-12,3.3318557658120492e-12,5.513900234445754e-06,6.0844191070031125e-06,0.013850934457070863,0.016308778817394457,0.256045462023215,0.5263649676861709,0.032546229025461754,0.10512329419137575,1.1413969205732867e-07,2.4308656568630894e-07,2.721254415399891e-06,5.996853123078478e-06,1.363491486928311e-06,3.2064821892030366e-06,3.1641614567305524e-05,6.514936900362782e-05,8.698709094994203e-09,1.8553980285791294e-08,2.3036133406997004e-06,5.083932762417637e-06,5.790791253033593e-11,1.7437556462771988e-10,1.807563331999035e-18,1.858212753528674e-18,8.34065689606721e-12,9.808461101124773e-12,5.60858113436758e-12,1.1946402134388458e-11,1.922044813324832e-15,3.670237799519132e-15,1.3185401763119943e-08,2.6153626961204188e-08,3.740306761664191e-19,1.1264120238548433e-18,0.006340040153980644,0.013035386659433537,3.4105657879311304e-31,9.999999999999563e-31,9.605941607243282e-10,3.108892978673741e-09,4.3725722396946695e-11,1.3813905811266695e-10
0.964,1384.3323089127848,5.042268107674235,0.17390917221840677,7.1489687982825885,0.48949629087359786,0.07242709864703101,9.594995619345748e-06,7.098498060117457e-07,2.900420589893519e-12,3.405767312802022e-12,5.445545407558305e-13,1.2788669763320165e-12,1.8217941063620974e-07,2.273987952916997e-07,0.2016706461589551,0.26664786537798846,4.141733283837891e-15,1.0033123971383135e-14,5.011894787512596e-13,1.2511829221853776e-12,3.2302885712461853e-12,3.3255790297045573e-12,5.508150952506951e-06,6.078136110905232e-06,0.013845838716954882,0.016302942883257635,0.25604674509750636,0.5263729018374351,0.032547098367993806,0.10512715995173552,1.1409113796872013e-07,2.4298560362727096e-07,2.721356634247148e-06,5.997138728141258e-06,1.3624234898620539e-06,3.2040028517575575e-06,3.1596895769517807e-05,6.505794863666432e-05,8.68491896624203e-09,1.852475292164591e-08,2.301380878094775e-06,5.079056961475673e-06,5.782042903321744e-11,1.7411388136872537e-10,1.806857932131776e-18,1.8575062783879223e-18,8.335334040407975e-12,9.802300152281113e-12,5.604491369171359e-12,1.1937810964607799e-11,1.920262482248523e-15,3.666871248699327e-15,1.318527432955562e-08,2.6153637356377255e-08,3.736935524870104e-19,1.1254080831817437e-18,0.0063399763591804065,0.013035386659441832,3.4105314701079617e-31,9.99999999999957e-31,9.591054582211297e-10,3.1041061357034404e-09,4.367843082614728e-11,1.3799104225923828e-10
0.965,1384.264634360568,5.042423345309726,0.17390381819577982,7.154719103309671,0.48950762093532046,0.07242950253316524,9.588732484134508e-06,7.093935763680693e-07,2.895919707943303e-12,3.400516386031893e-12,5.436792322243753e-13,1.2768241694361388e-12,1.8201502788621788e-07,2.271958924204325e-07,0.201662377750913,0.26663961098659356,4.135029263701704e-15,1.0016984454459421e-14,5.006067142804773e-13,1.2497406453022396e-12,3.2241759356601033e-12,3.3193194154700398e-12,5.502413256229101e-06,6.071865660178903e-06,0.013840752340171862,0.01629711755382436,0.2560480233828004,0.5263808165190269,0.03254796850870109,0.10513102641388838,1.1404263486505062e-07,2.4288474360800365e-07,2.7214586988411465e-06,5.997423887537696e-06,1.3613575254550968e-06,3.2015281851473505e-06,3.1552290366811676e-05,6.496675870491163e-05,8.671165406730372e-09,1.84956026277357e-08,2.2991534759428564e-06,5.07419213642471e-06,5.7733155550519493e-11,1.7385282203185632e-10,1.8061527575911966e-18,1.8567999861611414e-18,8.330018841031158e-12,9.79614790119255e-12,5.6004074066566226e-12,1.1929231760284069e-11,1.9184830744097453e-15,3.663510144208484e-15,1.3185147133567711e-08,2.6153647736874195e-08,3.733569389680516e-19,1.1244056378090147e-18,0.006339912682224178,0.013035386659450157,3.410497215677886e-31,9.9999999999996e-31,9.576209452291158e-10,3.0993326981099344e-09,4.363123996291083e-11,1.3784333902831176e-10
0.966,1384.1970121950071,5.042578529708711,0.1738984663387192,7.160469585306747,0.489518932508227,0.07243190238919539,9.582477641210194e-06,7.089379379040863e-07,2.8914290637158022e-12,3.395277312548302e-12,5.4280599404882e-13,1.2747861601285563e-12,1.818509147711847e-07,2.2699331783420684e-07,0.2016541222159508,0.26663136850784047,4.128341120821369e-15,1.0000882890501669e-14,5.000250726390785e-13,1.2483011194246662e-12,3.218080049068946e-12,3.31307685749891e-12,5.4966871082932475e-06,6.065607714677154e-06,0.01383567530140664,0.01629130280075511,0.25604929689220624,0.5263887117835027,0.03254883944539717,0.1051348935758972,1.1399418261727875e-07,2.427839853746592e-07,2.7215606095883576e-06,5.9977086024377134e-06,1.3602935874236205e-06,3.1990581750351057e-06,3.150779794111967e-05,6.487579836286348e-05,8.65744827753226e-09,1.8466529112608532e-08,2.2969311173002182e-06,5.069338250728364e-06,5.764609133498078e-11,1.7359238440899059e-10,1.805447807897094e-18,1.856093876493471e-18,8.324711275949807e-12,9.790004323102557e-12,5.596329230833954e-12,1.1920664488800553e-11,1.9167065812889697e-15,3.660154470314394e-15,1.3185020174510573e-08,2.6153658102736647e-08,3.730208342718131e-19,1.1234046838656947e-18,0.0063398491227911365,0.01303538665945844,3.4104630244683157e-31,9.999999999999593e-31,9.561406052279311e-10,3.094572613251381e-09,4.3584149464530244e-11,1.3769594736179215e-10
0.967,1384.1294422744154,5.042733661026942,0.17389311664148457,7.166220244213285,0.489530225640911,0.07243429822570746,9.576231068436122e-06,7.084828890608729e-07,2.886948622538644e-12,3.3900500524553157e-12,5.41934818956925e-13,1.272752931651934e-12,1.816870705038013e-07,2.2679107058283244e-07,0.2016458795206339,0.26662313791177433,4.121668799563827e-15,9.984819147277902e-15,4.994445503115237e-13,1.2468643360017401e-12,3.212000847173135e-12,3.3068512906196306e-12,5.4909724716400005e-06,6.0593622345339534e-06,0.013830607575440758,0.016285498595817422,0.2560505656403754,0.5263965876864891,0.03254971117430288,0.1051387614306596,1.1394578109960941e-07,2.426833286802126e-07,2.7216623669030076e-06,5.997992874027257e-06,1.3592316696018695e-06,3.1965928073589305e-06,3.146341808097831e-05,6.47850667785206e-05,8.643767441680408e-09,1.8437532088962483e-08,2.2947137855395216e-06,5.064495268543839e-06,5.7559235644067625e-11,1.7333256630599722e-10,1.8047430824883837e-18,1.8553879489463465e-18,8.319411327041398e-12,9.783869397794111e-12,5.592256825852038e-12,1.1912109117827912e-11,1.914932994427656e-15,3.656804211398658e-15,1.318489345173746e-08,2.615366845399876e-08,3.7268523717955224e-19,1.1224052178384198e-18,0.006339785680561775,0.013035386659466682,3.410428896307382e-31,9.999999999999565e-31,9.546644219572772e-10,3.0898258293224345e-09,4.353715899125281e-11,1.3754886621078329e-10
0.968,1384.0619244611921,5.042888739408694,0.17388776909873277,7.171971079968917,0.48954150038653615,0.07243669005395262,9.569992743150228e-06,7.080284282402939e-07,2.8824783494547005e-12,3.3848345655180755e-12,5.410656997271941e-13,1.270724467366281e-12,1.8152349428550119e-07,2.265891497019124e-07,0.20163764962688946,0.26661491916225755,4.115012244527432e-15,9.968793093102295e-15,4.98865143701092e-13,1.2454302862787214e-12,3.2059382655417117e-12,3.300642649519084e-12,5.485269308974234e-06,6.053129179617846e-06,0.013825549137169723,0.016279704910906783,0.25605182963717166,0.5264044442736855,0.032550583696397885,0.10514262998642714,1.1389743017599573e-07,2.4258277325572125e-07,2.7217639711687046e-06,5.998276703423922e-06,1.3581717655077566e-06,3.194132067310861e-06,3.141915035935953e-05,6.46945630877468e-05,8.630122757979708e-09,1.8408611260448412e-08,2.2925014631914646e-06,5.059663152165587e-06,5.7472587734074284e-11,1.730733655249767e-10,1.80403858110034e-18,1.8546822033853818e-18,8.314118966499009e-12,9.777743093656249e-12,5.588190175584687e-12,1.190356561444492e-11,1.9131623052873356e-15,3.653459351687708e-15,1.3184766964613679e-08,2.6153678790714117e-08,3.723501460366181e-19,1.1214072349003007e-18,0.006339722355217728,0.013035386659474985,3.4103948310238233e-31,9.999999999999596e-31,9.531923785683186e-10,3.0850922926078612e-09,4.3490268199667916e-11,1.3740209451470253e-10
0.969,1383.9944586134066,5.0430437650126345,0.17388242370462587,7.177722092513455,0.4895527567915785,0.07243907788417743,9.563762643542044e-06,7.075745539068389e-07,2.878018210231119e-12,3.3796308123475038e-12,5.40198629146138e-13,1.2687007506485234e-12,1.8136018533953807e-07,2.263875542541209e-07,0.20162943250328821,0.26660671223187216,4.108371400564728e-15,9.952804596889907e-15,4.982868493509579e-13,1.2439989618489022e-12,3.1998922406350142e-12,3.2944508697953074e-12,5.479577583665107e-06,6.046908510524836e-06,0.013820499961562803,0.016273921717998383,0.2560530888988683,0.5264122816038548,0.032551457006193565,0.10514649923053496,1.1384912972463427e-07,2.424823188624817e-07,2.7218654228070363e-06,5.998560091827794e-06,1.3571138691286456e-06,3.1916759411846724e-06,3.1374994373837504e-05,6.460428647697182e-05,8.616514092222134e-09,1.8379766345590972e-08,2.290294134043245e-06,5.054841866656421e-06,5.738614687076071e-11,1.728147798962875e-10,1.8033343030856163e-18,1.8539766392822377e-18,8.308834179873897e-12,9.771625394782261e-12,5.584129264389383e-12,1.1895033946753583e-11,1.9113945055079827e-15,3.650119875746019e-15,1.3184640712493898e-08,2.6153689112909264e-08,3.7201555977155203e-19,1.120410731980055e-18,0.006339659146441957,0.013035386659483224,3.4103608284470926e-31,9.999999999999593e-31,9.517244591604654e-10,3.080371952456273e-09,4.3443476754651495e-11,1.3725563123901065e-10
0.97,1383.9270445942257,5.043198737982923,0.1738770804538276,7.183473281786877,0.48956399490834407,0.07244146172747953,9.557540747084896e-06,7.071212644716657e-07,2.8735681702152905e-12,3.3744387530570935e-12,5.393336000539703e-13,1.2666817649998961e-12,1.8119714287354742e-07,2.2618628328248218e-07,0.20162122811249222,0.26659851708533583,4.101746212732448e-15,9.93685352803612e-15,4.977096636944579e-13,1.2425703540302146e-12,3.193862708642315e-12,3.288275886761003e-12,5.473897258726257e-06,6.040700187453335e-06,0.013815460023715576,0.01626814898920981,0.25605434343568645,0.526420099723229,0.032552331104228865,0.10515036916976989,1.1380087961026429e-07,2.4238196523304435e-07,2.7219667222010087e-06,5.998843040353018e-06,1.3560579740344298e-06,3.189224414290204e-06,3.133094970119914e-05,6.451423608973474e-05,8.602941304510148e-09,1.8350997050749806e-08,2.288091780767916e-06,5.050031374615681e-06,5.7299912317316544e-11,1.7255680724231064e-10,1.8026302481780293e-18,1.8532712564999355e-18,8.303556941121671e-12,9.765516271623673e-12,5.580074076242965e-12,1.1886514082038682e-11,1.909629586613643e-15,3.646785767914148e-15,1.3184514694746967e-08,2.6153699420634223e-08,3.7168147673559827e-19,1.1194157042670347e-18,0.006339596053918647,0.013035386659491473,3.4103268884072986e-31,9.999999999999608e-31,9.502606470455003e-10,3.075664755662034e-09,4.3396784315879026e-11,1.371094753326087e-10
0.971,1383.859682265138,5.043353658469777,0.1738717393407943,7.189224647729332,0.4895752147861809,0.07244384159450759,9.551327032027952e-06,7.06668558402992e-07,2.8691281953706115e-12,3.3692583484792208e-12,5.384706053332154e-13,1.2646674940192035e-12,1.8103436611315842e-07,2.2598533585232838e-07,0.20161303642008768,0.26659033369118185,4.095136626591893e-15,9.920939757144439e-15,4.971335832713351e-13,1.2411444544050953e-12,3.187849606553272e-12,3.282117636546694e-12,5.468228297744283e-06,6.034504171228807e-06,0.013810429298784208,0.016262386696723745,0.25605559326058097,0.5264278986835745,0.03255320598825904,0.10515423980190935,1.137526797083491e-07,2.422817121227164e-07,2.722067869750718e-06,5.9991255501504996e-06,1.3550040741303915e-06,3.1867774727239406e-06,3.1287015936499184e-05,6.442441110710251e-05,8.58940426020951e-09,1.8322303093482885e-08,2.285894386956272e-06,5.045231640663741e-06,5.721388334504808e-11,1.7229944540963465e-10,1.801926415877759e-18,1.852566054660802e-18,8.298287228471355e-12,9.759415699652813e-12,5.5760245955756825e-12,1.1878005988544458e-11,1.9078675402963005e-15,3.6434570128508494e-15,1.3184388910739656e-08,2.6153709713930326e-08,3.713478956896575e-19,1.118422148183643e-18,0.006339533077333041,0.013035386659499697,3.4102930107351235e-31,9.999999999999628e-31,9.488009262346317e-10,3.070970651278287e-09,4.335019054948973e-11,1.3696362576469102e-10
0.972,1383.7923714870199,5.04350852662647,0.17386640035987846,7.194976190281142,0.48958641647257456,0.07244621749562025,9.545121476529381e-06,7.062164341619351e-07,2.8646982517386556e-12,3.3640895595334692e-12,5.376096378731267e-13,1.2626579213192113e-12,1.8087185428498366e-07,2.257847110300578e-07,0.20160485739345754,0.2665821620202573,4.0885425877024074e-15,9.905063154799082e-15,4.965586046293636e-13,1.2397212545748486e-12,3.1818528715701407e-12,3.275976055495482e-12,5.462570664387931e-06,6.028320422761931e-06,0.01380540776203569,0.016256634812846445,0.25605683838809645,0.5264356785398174,0.03255408165440309,0.10515811111942316,1.1370452989386458e-07,2.4218155928567394e-07,2.7221688658632058e-06,5.999407622385305e-06,1.353952163337124e-06,3.1843351026161477e-06,3.1243192675682265e-05,6.433481071188533e-05,8.575902825004901e-09,1.8293684191999304e-08,2.2837019362252435e-06,5.040442629474029e-06,5.712805922804094e-11,1.7204269225297684e-10,1.8012228056636438e-18,1.851861033364646e-18,8.293025024919567e-12,9.75332365994388e-12,5.571980806770889e-12,1.1869509634408448e-11,1.9061083582454255e-15,3.640133595207427e-15,1.3184263359836878e-08,2.6153719992829572e-08,3.7101481538709656e-19,1.1174300601288486e-18,0.006339470216371784,0.013035386659507927,3.4102591952619944e-31,9.999999999999645e-31,9.473452807853806e-10,3.0662895885030142e-09,4.3303695122767635e-11,1.3681808150793558e-10
0.973,1383.725112125645,5.043663342592288,0.17386106350591604,7.200727909382792,0.48959760002069536,0.0724485894420067,9.538924058172661e-06,7.057648901667609e-07,2.8602783050282102e-12,3.3589323467442214e-12,5.367506906215409e-13,1.260653030648507e-12,1.8070960660274376e-07,2.2558440786582597e-07,0.20159669099422817,0.2665740020357491,4.081964041906076e-15,9.889223592255275e-15,4.959847242225717e-13,1.2383007459056138e-12,3.175872440716514e-12,3.2698510797604047e-12,5.456924322047918e-06,6.022148902651436e-06,0.013800395388849872,0.01625089331001101,0.2560580788268868,0.5264434393346915,0.032554958104647334,0.10516198313371714,1.1365643003015504e-07,2.4208150645123766e-07,2.7222697109084236e-06,5.999689258139909e-06,1.3529022352105355e-06,3.1818972892373227e-06,3.119947949676994e-05,6.42454340499012e-05,8.562436859710277e-09,1.8265140054090005e-08,2.2815144112237628e-06,5.035664303579093e-06,5.7042439238615463e-11,1.7178654562150735e-10,1.800519417360116e-18,1.85115619256611e-18,8.287770301414968e-12,9.747240119396985e-12,5.5679426939128875e-12,1.1861024987124936e-11,1.9043520320620886e-15,3.636815499463911e-15,1.3184138041417704e-08,2.6153730257387697e-08,3.7068223407913225e-19,1.116439434988536e-18,0.006339407470722564,0.013035386659516167,3.410225441819909e-31,9.999999999999682e-31,9.458936940759755e-10,3.061621514330622e-09,4.325729769864469e-11,1.3667284152114437e-10
0.974,1383.6579040406405,5.043818106526342,0.17385572877306116,7.2064798049749434,0.48960876547474125,0.07245095744351471,9.532734756023139e-06,7.053139249450148e-07,2.8558683220793802e-12,3.3537866719598743e-12,5.358937565445667e-13,1.25865280579678e-12,1.8054762231520895e-07,2.2538442545338294e-07,0.2015885371929774,0.26656585371262126,4.0754009355409824e-15,9.873420941955559e-15,4.954119387256013e-13,1.236882920313156e-12,3.1699082523334817e-12,3.263742646844772e-12,5.451289235150132e-06,6.015989572633098e-06,0.01379539215464992,0.016245162160694795,0.2560593145943185,0.5264511811287391,0.03255583533219915,0.10516585582781757,1.13608380004034e-07,2.419815533986252e-07,2.722370405310078e-06,5.999970458614164e-06,1.3518542840503581e-06,3.179464019605162e-06,3.115587601685698e-05,6.41562803473385e-05,8.549006236192695e-09,1.8236670411095133e-08,2.2793317966097914e-06,5.030896629941126e-06,5.695702266265079e-11,1.715310034049921e-10,1.7998162502021857e-18,1.850451531613285e-18,8.282523045982769e-12,9.741165064990675e-12,5.563910241926979e-12,1.1852552015973051e-11,1.9025985536469344e-15,3.6335027106698414e-15,1.3184012954846932e-08,2.615374050762669e-08,3.7035015095263526e-19,1.1154502704658759e-18,0.006339344840074348,0.01303538665952435,3.4101917502415487e-31,9.999999999999679e-31,9.44446150978528e-10,3.0569663805858127e-09,4.3210997952684907e-11,1.365279048028995e-10
0.975,1383.5907470985057,5.043972818567885,0.17385039615615383,7.212231876998419,0.48961991288699036,0.07245332151117537,9.526553547689472e-06,7.048635369161204e-07,2.851468268833875e-12,3.348652495969379e-12,5.350388286433608e-13,1.2566572306342602e-12,1.8038590064015753e-07,2.2518476284763754e-07,0.20158039595210495,0.2665577170149692,4.0688532148153545e-15,9.857655076013855e-15,4.948402446109688e-13,1.2354677692074708e-12,3.1639602439754682e-12,3.257650693435844e-12,5.445665367326832e-06,6.009842393561655e-06,0.013790398035015207,0.01623944133755272,0.2560605456994443,0.5264589039653166,0.032556713338562325,0.10516972921153132,1.1356037967837359e-07,2.418816998559746e-07,2.7224709494373012e-06,6.000251224886652e-06,1.3508083034296564e-06,3.177035279026189e-06,3.111238181579758e-05,6.406734875361447e-05,8.535610815989665e-09,1.8208274972291943e-08,2.27715407507529e-06,5.026139571178614e-06,5.687180877853987e-11,1.712760634704197e-10,1.799113304031617e-18,1.8497470504775596e-18,8.277283231622409e-12,9.735098466026894e-12,5.5598834349351834e-12,1.1844090688514318e-11,1.9008479146405785e-15,3.630195213375655e-15,1.3183888099506916e-08,2.6153750743598465e-08,3.700185642222214e-19,1.1144625613350416e-18,0.006339282324117376,0.013035386659532562,3.410158120360282e-31,9.99999999999971e-31,9.430026349573181e-10,3.052324134531597e-09,4.316479555023133e-11,1.3638327031936225e-10
0.976,1383.5236411629717,5.044127478865457,0.17384506564971536,7.217984125394211,0.48963104230542565,0.07245568165537403,9.52038041202478e-06,7.044137245912547e-07,2.847078112144962e-12,3.3435297806278678e-12,5.341858999725124e-13,1.2546662891549463e-12,1.8022444082295389e-07,2.2498541913778945e-07,0.20157226723828411,0.26654959191249344,4.062320826648463e-15,9.841925868253062e-15,4.942696385151085e-13,1.2340552844067104e-12,3.158028354308127e-12,3.251575157359033e-12,5.440052683054006e-06,6.0037073272179795e-06,0.013785413005562372,0.01623373081327769,0.25606177215540626,0.5264666078961099,0.03255759212110001,0.1051736032812738,1.1351242893337826e-07,2.4178194558826253e-07,2.722571343686148e-06,6.000531558094497e-06,1.3497642874502977e-06,3.1746110540486092e-06,3.106899650199391e-05,6.397863847684841e-05,8.522250468795007e-09,1.8179953464329052e-08,2.2749812307636067e-06,5.021393093109224e-06,5.678679687573465e-11,1.7102172371785816e-10,1.798410578315809e-18,1.8490427487449672e-18,8.27205083759965e-12,9.729040299172765e-12,5.55586225777986e-12,1.183564097383874e-11,1.899100106941895e-15,3.626892992622607e-15,1.3183763474775632e-08,2.6153760965342105e-08,3.696874727616024e-19,1.1134763043546298e-18,0.006339219922542785,0.013035386659540682,3.4101245520099575e-31,9.999999999999673e-31,9.415631305627615e-10,3.047694726941767e-09,4.311869016618405e-11,1.3623893706676708e-10
0.977,1383.4565860998378,5.0442820875623955,0.17383973724844778,7.223736550103475,0.48964215377976195,0.07245803788673935,9.514215327165516e-06,7.039644864282199e-07,2.8426978185111517e-12,3.338418487369448e-12,5.333349635950879e-13,1.252679965370979e-12,1.8006324209587295e-07,2.2478639339654417e-07,0.20156415101638298,0.2665414783724505,4.05580371781372e-15,9.82623319212876e-15,4.93700116992891e-13,1.2326454575242536e-12,3.1521125217555083e-12,3.245515976184936e-12,5.434451146496341e-06,5.997584335034192e-06,0.013780437042034462,0.016228030560704973,0.25606299397336985,0.5264742929686428,0.03255847167911749,0.10517747803971426,1.1346452763873165e-07,2.4168229033796903e-07,2.722671588436891e-06,6.000811459339002e-06,1.3487222299186243e-06,3.172191330523439e-06,3.102571966859541e-05,6.389014869366514e-05,8.508925060098402e-09,1.8151705604858695e-08,2.2728132470033534e-06,5.016657159747894e-06,5.670198624188961e-11,1.7076798204173098e-10,1.797708072751985e-18,1.8483386262373024e-18,8.266825840751902e-12,9.722990538234379e-12,5.551846694906256e-12,1.182720284018389e-11,1.897355122327565e-15,3.623596033216066e-15,1.3183639080036388e-08,2.6153771172902126e-08,3.693568750389446e-19,1.112491495061051e-18,0.006339157635043089,0.013035386659548847,3.410091045025166e-31,9.999999999999675e-31,9.401276217781133e-10,3.0430781067494547e-09,4.30726814717066e-11,1.3609490402941514e-10
0.978,1383.38958177208,5.044436644811751,0.17383441094671986,7.229489151067542,0.4896532473551158,0.07246039021520587,9.508058272131269e-06,7.035158209498086e-07,2.8383273551294013e-12,3.3333185784440507e-12,5.324860126050527e-13,1.2506982433653032e-12,1.7990230371214698e-07,2.245876847226142e-07,0.20155604725582468,0.26653337636806146,4.049301835524165e-15,9.810576922147645e-15,4.93131676726925e-13,1.2312382804912667e-12,3.1462126856143074e-12,3.2394730883765936e-12,5.42886072246876e-06,5.991473379154785e-06,0.013775470120241615,0.0162223405527422,0.25606421116884215,0.5264819592392626,0.0325593520075262,0.1051813534753068,1.1341667567728667e-07,2.4158273387553517e-07,2.722771684096488e-06,6.001090929779185e-06,1.3476821250581303e-06,3.1697760952806744e-06,3.098255093099528e-05,6.380187862640913e-05,8.495634461734628e-09,1.812353112504066e-08,2.2706501082553266e-06,5.011931737604088e-06,5.661737617367306e-11,1.7051483636337676e-10,1.7970057867245532e-18,1.8476346824541845e-18,8.261608226819033e-12,9.716949167483407e-12,5.5478367312685205e-12,1.181877625686489e-11,1.8956129527606735e-15,3.620304320314847e-15,1.3183514914666106e-08,2.6153781366304987e-08,3.6902677003085154e-19,1.1115081305213743e-18,0.006339095461312014,0.013035386659557,3.4100575992411536e-31,9.99999999999968e-31,9.38696093437493e-10,3.0384742256370476e-09,4.302676914557498e-11,1.3595117021553214e-10
0.979,1383.322628047747,5.04459115075205,0.17382908673940214,7.2352419282278975,0.4896643230824712,0.07246273865156556,9.501909225160393e-06,7.030677266206831e-07,2.8339666887373883e-12,3.3282300155579707e-12,5.316390401443984e-13,1.248721107331957e-12,1.797416249081382e-07,2.243892921935061e-07,0.20154795592009303,0.26652528586464475,4.0428151271410535e-15,9.794956933162004e-15,4.925643142836355e-13,1.2298337449477494e-12,3.1403287848588033e-12,3.2334464320591885e-12,5.423281375390366e-06,5.98537442128244e-06,0.01377051221611636,0.01621666076243518,0.2560654237512522,0.5264896067517372,0.03256023310728964,0.10518522959603921,1.1336887291766628e-07,2.414832759410121e-07,2.722871631032743e-06,6.0013699704869135e-06,1.3466439666547816e-06,3.16736533411923e-06,3.0939489882696816e-05,6.371382745226498e-05,8.48237853954175e-09,1.8095429743215043e-08,2.268491797807696e-06,5.007216790594745e-06,5.653296596467316e-11,1.702622845946343e-10,1.7963037200101588e-18,1.8469309172980437e-18,8.256397969729623e-12,9.710916157295142e-12,5.543832351402276e-12,1.1810361192299197e-11,1.89387359007482e-15,3.617017838828081e-15,1.318339097805578e-08,2.615379154560068e-08,3.6869715611405684e-19,1.1105262059951977e-18,0.006339033401044391,0.013035386659565168,3.4100242144937515e-31,9.999999999999694e-31,9.37268529548013e-10,3.03388303260529e-09,4.2980952860977115e-11,1.3580773461556537e-10
0.98,1383.2557247926147,5.044745605529661,0.17382376462109647,7.240994881526198,0.4896753810090895,0.07246508320604889,9.49576816538929e-06,7.026202019716325e-07,2.8296157867635914e-12,3.3231527612245477e-12,5.307940393947852e-13,1.2467485415564534e-12,1.795812049408418e-07,2.2419121491233949e-07,0.20153987697636244,0.26651720683235136,4.036343540538704e-15,9.779373101253763e-15,4.919980263528298e-13,1.2284318428406808e-12,3.1344607593304313e-12,3.22743594624492e-12,5.417713070322192e-06,5.979287423823363e-06,0.013765563305642848,0.016210991162884575,0.25606663173354266,0.5264972355569776,0.03256111497581209,0.1051891063983849,1.1332111924127094e-07,2.413839163015884e-07,2.7229714296357813e-06,6.001648582582408e-06,1.3456077488915215e-06,3.1649590337697163e-06,3.089653613859989e-05,6.362599439239654e-05,8.46915716547806e-09,1.806740119075101e-08,2.2663383000341602e-06,5.002512285028631e-06,5.6448754917283944e-11,1.7001032467364126e-10,1.7956018720999578e-18,1.8462273303773073e-18,8.251195049178271e-12,9.70489148482192e-12,5.539833540363441e-12,1.1801957616006664e-11,1.892137026293468e-15,3.61373657402513e-15,1.3183267269592763e-08,2.6153801710827697e-08,3.683680321579094e-19,1.1095457182251923e-18,0.006338971453936076,0.013035386659573345,3.4099908906193427e-31,9.999999999999698e-31,9.358449149330056e-10,3.0293044792922663e-09,4.293523229844189e-11,1.356645962430361e-10
0.981,1383.188871872239,5.044900009292852,0.17381844458634055,7.246748010904268,0.48968642118085565,0.07246742388866732,9.489635071522763e-06,7.021732455011449e-07,2.8252746164998044e-12,3.3180867777921855e-12,5.299510035293956e-13,1.2447805303026261e-12,1.7942104306145936e-07,2.2399345197484337e-07,0.20153181039311008,0.26650913924299036,4.02988702338711e-15,9.76382530199586e-15,4.914328095933294e-13,1.2270325660385271e-12,3.128608548842286e-12,3.2214415699107997e-12,5.412155772209165e-06,5.973212349050332e-06,0.013760623364929829,0.01620533172733087,0.2560678351297503,0.5265048457080298,0.03256199760935911,0.1051929838751152,1.1327341452459815e-07,2.412846547139152e-07,2.723071080298304e-06,6.001926767190341e-06,1.3445734658408951e-06,3.162557180700897e-06,3.0853689307638025e-05,6.353837865559572e-05,8.455970209872553e-09,1.8039445195514117e-08,2.2641895989828543e-06,4.997818186491407e-06,5.63647423344283e-11,1.6975895453989703e-10,1.794900242546132e-18,1.8455239213625614e-18,8.245999449380993e-12,9.698875132528992e-12,5.535840282964607e-12,1.1793565496982037e-11,1.8904032533701636e-15,3.610460511039234e-15,1.3183143788662964e-08,2.6153811862015696e-08,3.680393968679177e-19,1.108566663459806e-18,0.006338909619684337,0.01303538665958147,3.4099576274550987e-31,9.999999999999707e-31,9.34425234204579e-10,3.0247385166475107e-09,4.288960713748965e-11,1.3552175410815015e-10
0.982,1383.1220691554295,5.045054362180824,0.17381312662998594,7.252501316304088,0.4896974436472625,0.07246976070995666,9.483509922394286e-06,7.017268557169193e-07,2.8209431453544156e-12,3.313032027742077e-12,5.291099257956136e-13,1.2428170580069343e-12,1.7926113852282225e-07,2.237960024786408e-07,0.20152375613515436,0.2665010830634883,4.023445523941823e-15,9.74831341236681e-15,4.908686606576945e-13,1.2256359063930702e-12,3.1227720935018335e-12,3.2154632423312117e-12,5.40660944612902e-06,5.967149159377895e-06,0.01375569237016807,0.016199682429105473,0.25606903395011316,0.5265124372500553,0.03256288100796453,0.10519686203115965,1.1322575864245357e-07,2.411854909309646e-07,2.7231705833907708e-06,6.002204525385598e-06,1.3435411115038396e-06,3.1601597612111656e-06,3.081094899639613e-05,6.345097944573733e-05,8.442817542578256e-09,1.8011561484328048e-08,2.262045678539903e-06,4.993134460207014e-06,5.6280927521762554e-11,1.6950817214091644e-10,1.7941988310331814e-18,1.844820690059997e-18,8.240811145987879e-12,9.692867072802148e-12,5.531852564120065e-12,1.1785184804430904e-11,1.888672263305953e-15,3.607189635092051e-15,1.318302053466278e-08,2.6153821999211214e-08,3.677112488138066e-19,1.107589037537836e-18,0.006338847897987449,0.013035386659589572,3.409924424838699e-31,9.999999999999714e-31,9.33009471883466e-10,3.0201850953201845e-09,4.284407705800904e-11,1.353792072221589e-10
0.983,1383.0553165103202,5.045208664335799,0.17380781074678142,7.258254797667805,0.48970844845610007,0.07247209368018918,9.477392697028313e-06,7.012810311404594e-07,2.8166213409722467e-12,3.3079884738288906e-12,5.282707994620316e-13,1.2408581091539722e-12,1.791014905838204e-07,2.235988655287732e-07,0.2015157141689692,0.26649303826291015,4.0170189906470025e-15,9.732837309788825e-15,4.9030557623457e-13,1.2242418558451142e-12,3.1169513337948605e-12,3.209500903164312e-12,5.4010740573850104e-06,5.9610978174645675e-06,0.01375077029762928,0.016194043241629083,0.2560702282063495,0.5265200102311717,0.032563765170139786,0.1052007408665118,1.1317815147250432e-07,2.4108642471172245e-07,2.723269939291383e-06,6.002481858259216e-06,1.342510679986406e-06,3.157766761844139e-06,3.0768314817313224e-05,6.336379597867017e-05,8.42969903518079e-09,1.798374978768594e-08,2.2599065228727085e-06,4.988461072016046e-06,5.619730978909821e-11,1.6925797543650897e-10,1.79349763717115e-18,1.8441176361987655e-18,8.235630117303269e-12,9.68686728114434e-12,5.52787036886093e-12,1.1776815507801648e-11,1.886944048154133e-15,3.603923931502642e-15,1.3182897506988326e-08,2.6153832122455616e-08,3.673835866875938e-19,1.1066128366657486e-18,0.006338786288544779,0.013035386659597635,3.409891282608422e-31,9.999999999999715e-31,9.315976127207375e-10,3.015644166700405e-09,4.279864174248237e-11,1.3523695460438856e-10
0.984,1382.9886138048491,5.0453629159016185,0.17380249693142144,7.264008454937726,0.4897194356540516,0.0724744228094613,9.4712833745799e-06,7.008357703026015e-07,2.8123091711888733e-12,3.302956079027125e-12,5.274336178216664e-13,1.2389036682840194e-12,1.7894209850790388e-07,2.2340204023582857e-07,0.20150768446208064,0.2664850048116593,4.010607372144631e-15,9.717396872150124e-15,4.897435530382275e-13,1.2228504063983707e-12,3.111146210540307e-12,3.2035544924055383e-12,5.395549571467552e-06,5.955058286170477e-06,0.013745857123673566,0.016188414138420343,0.25607141791105675,0.5265275647012125,0.03256465009347916,0.10520462037818358,1.1313059289411458e-07,2.409874558187069e-07,2.723369148382339e-06,6.002758766910077e-06,1.3414821654621126e-06,3.1553781693001014e-06,3.072578638676484e-05,6.327682747826819e-05,8.41661456046466e-09,1.7956009838611903e-08,2.257772116329737e-06,4.983797988154547e-06,5.611388844994324e-11,1.690083623973971e-10,1.7927966605296536e-18,1.8434147594659448e-18,8.230456343956801e-12,9.680875735788842e-12,5.523893682302332e-12,1.1768457576715507e-11,1.8852186000091935e-15,3.600663385666345e-15,1.3182774705035772e-08,2.6153842231785603e-08,3.6705640923944614e-19,1.1056380572244776e-18,0.006338724791056901,0.013035386659605732,3.4098582006031797e-31,9.999999999999726e-31,9.301896416243824e-10,3.01111568268162e-09,4.275330087543928e-11,1.3509499528051312e-10
0.985,1382.9219609080692,5.045517117019691,0.1737971851786855,7.269762288056323,0.4897304052884519,0.07247674810795421,9.465181934204259e-06,7.003910717338682e-07,2.808006603925165e-12,3.297934806407294e-12,5.265983742030014e-13,1.2369537200189967e-12,1.7878296155954116e-07,2.2320552571152188e-07,0.20149966698130944,0.2664769826791552,4.004210617327518e-15,9.701991977933494e-15,4.891825877831853e-13,1.221461550056099e-12,3.1053566647878557e-12,3.197623950282212e-12,5.3900359539609135e-06,5.949030528454443e-06,0.013740952824752546,0.016182795093099625,0.2560726030759574,0.5265351007081244,0.03256553577641326,0.10520850056587062,1.130830827855258e-07,2.408885840119633e-07,2.7234682110394606e-06,6.0030352524220786e-06,1.340455562077347e-06,3.152993970213523e-06,3.06833633203472e-05,6.31900731667199e-05,8.403563991112194e-09,1.7928341369885666e-08,2.2556424431911202e-06,4.979145174703541e-06,5.603066282034657e-11,1.6875933100173858e-10,1.7920959007275642e-18,1.8427120595987693e-18,8.225289805109086e-12,9.674892413236432e-12,5.519922489574903e-12,1.1760110980820671e-11,1.8834959109832815e-15,3.597407983009852e-15,1.3182652128205146e-08,2.615385232724085e-08,3.6672971515520648e-19,1.1046646954005277e-18,0.006338663405225462,0.013035386659613828,3.4098251786624825e-31,9.999999999999731e-31,9.287855434783063e-10,3.006599595074732e-09,4.2708054142084667e-11,1.349533282782207e-10
0.986,1382.8553576886652,5.045671267833563,0.17379187548328087,7.275516296966228,0.48974135740531105,0.07247906958564095,9.459088355273939e-06,6.999469339805351e-07,2.8037136073463223e-12,3.2929246193227157e-12,5.257650619613217e-13,1.2350082490421168e-12,1.7862407900951943e-07,2.2300932107531156e-07,0.20149166169475072,0.2664689718364497,3.997828675326543e-15,9.686622506185411e-15,4.886226772200073e-13,1.2200752789104958e-12,3.0995826379764507e-12,3.1917092174167873e-12,5.38453317068629e-06,5.943014507531879e-06,0.013736057377402768,0.01617718607938121,0.2560737837138671,0.5265426183020099,0.03256642221623744,0.10521238142558223,1.13035621027868e-07,2.4078980905760795e-07,2.7235671276441706e-06,6.003311315890502e-06,1.3394308640806845e-06,3.15061415145723e-06,3.0641045239443505e-05,6.310353227805092e-05,8.390547201524922e-09,1.7900744117928328e-08,2.2535174880144436e-06,4.974502598352332e-06,5.594763222058261e-11,1.6851087924020024e-10,1.7913953573185288e-18,1.8420095362669063e-18,8.22013048236865e-12,9.668917292862557e-12,5.515956775942483e-12,1.1751775690043035e-11,1.8817759732465846e-15,3.594157709068329e-15,1.3182529775896465e-08,2.6153862408856222e-08,3.6640350322847985e-19,1.1036927477043243e-18,0.006338602130753291,0.013035386659621914,3.40979221662648e-31,9.999999999999756e-31,9.27385303392645e-10,3.0020958564184084e-09,4.2662901230228216e-11,1.348119526333102e-10
0.987,1382.7888040163707,5.045825368484589,0.17378656783999177,7.281270481610238,0.48975229205112863,0.07248138725255496,9.453002617006471e-06,6.995033555770804e-07,2.79943014961255e-12,3.2879254811167106e-12,5.249336744769765e-13,1.2330672400938111e-12,1.784654501268101e-07,2.2281342544424464e-07,0.20148366856994762,0.266460972253812,3.991461495402577e-15,9.671288336254244e-15,4.880638180843056e-13,1.2186915850153589e-12,3.093824071673822e-12,3.1858102345586745e-12,5.379041187475304e-06,5.937010186624823e-06,0.013731170758262232,0.01617158707109277,0.25607495983688083,0.5265501175313985,0.0325673094109305,0.10521626295551692,1.1298820749940115e-07,2.406911307155612e-07,2.723665898571625e-06,6.00358695839585e-06,1.3384080656470822e-06,3.1482386997288855e-06,3.059883176203278e-05,6.301720403919623e-05,8.377564065250138e-09,1.787321781731235e-08,2.2513972351552535e-06,4.96987022534007e-06,5.586479597258511e-11,1.6826300510823055e-10,1.790695029930149e-18,1.8413071892155655e-18,8.214978356614186e-12,9.66295035317964e-12,5.511996526593677e-12,1.1743451674142124e-11,1.8800587789559357e-15,3.590912549349063e-15,1.3182407647512786e-08,2.615387247666782e-08,3.660777721314364e-19,1.102722210279831e-18,0.006338540967344374,0.013035386659629975,3.409759314335925e-31,9.999999999999764e-31,9.259889063561957e-10,2.997604418853984e-09,4.2617841827535646e-11,1.3467086738100642e-10
0.988,1382.7222997632875,5.045979419107725,0.17378126224382406,7.2870248419313,0.4897632092749084,0.07248370111909094,9.446924698764055e-06,6.99060335068387e-07,2.795156199024067e-12,3.282937355293057e-12,5.241042051919874e-13,1.2311306780577798e-12,1.7830707418295352e-07,2.2261783793843996e-07,0.20147568757189446,0.2664529838980978,3.985109027310315e-15,9.655989348672257e-15,4.875060071146733e-13,1.2173104604309156e-12,3.088080907751311e-12,3.179926942764413e-12,5.373559970308122e-06,5.931017529114638e-06,0.013726292944042637,0.016165998042143317,0.25607613145440944,0.526557598439229,0.032568197361126504,0.10522014516243706,1.1294084207772242e-07,2.4059254874425867e-07,2.7237645241812296e-06,6.003862180983177e-06,1.3373871609187693e-06,3.145867601647299e-06,3.055672250556249e-05,6.29310876759185e-05,8.364614455846029e-09,1.7845762202607985e-08,2.249281668905421e-06,4.965248021761383e-06,5.5782153401205877e-11,1.6801570660985793e-10,1.789994918276642e-18,1.8406050182785966e-18,8.20983340213894e-12,9.656991564949615e-12,5.508041726822667e-12,1.173513890309679e-11,1.87834432031657e-15,3.587672489449567e-15,1.3182285742465782e-08,2.615388253072505e-08,3.6575252045989046e-19,1.1017530790403654e-18,0.00633847991470364,0.01303538665963804,3.4097264716320863e-31,9.99999999999977e-31,9.245963373374199e-10,2.9931252344525474e-09,4.2572875622481826e-11,1.3453007155897725e-10
0.989,1382.6558447976176,5.046133419850939,0.1737759586893368,7.292779377872534,0.4897741091195216,0.07248601119472219,9.440854580314394e-06,6.986178710290028e-07,2.790891724309519e-12,3.2779602058545582e-12,5.23276647535104e-13,1.2291985477848816e-12,1.7814895046225396e-07,2.2242255769380332e-07,0.2014677186716694,0.26644500674414967,3.978771220777605e-15,9.640725423893518e-15,4.869492411371507e-13,1.2159318974346691e-12,3.0823530886290634e-12,3.174059283650001e-12,5.368089485559377e-06,5.925036498813092e-06,0.01372142391153985,0.016160418966534525,0.25607729858173184,0.5265650610804021,0.03256908606153716,0.10522402803395009,1.1289352464899671e-07,2.404940629202998e-07,2.7238630048655693e-06,6.004136984769556e-06,1.3363681443422827e-06,3.143500844545022e-06,3.0514717102974443e-05,6.284518244580984e-05,8.351698251234995e-09,1.7818377017670066e-08,2.2471707743548017e-06,4.960635955468184e-06,5.569970383758266e-11,1.677689817678262e-10,1.789295021795348e-18,1.8399030230046e-18,8.20469560623282e-12,9.65104091421707e-12,5.50409236214799e-12,1.1726837347357558e-11,1.876632589621994e-15,3.5844375151335155e-15,1.3182164060156877e-08,2.6153892571051547e-08,3.65427747196437e-19,1.1007853510636392e-18,0.006338418972537304,0.013035386659646065,3.4096936883569405e-31,9.999999999999794e-31,9.232075819061386e-10,2.988658257227349e-09,4.252800230889144e-11,1.343895642216745e-10
0.99,1382.589438992995,5.046287370846487,0.17377065717163148,7.298534089377205,0.4897849916342792,0.07248831748986515,9.434792240887371e-06,6.981759619933751e-07,2.786636693872811e-12,3.2729939964186356e-12,5.224509950003025e-13,1.2272708342776026e-12,1.7799107823635442e-07,2.22227583830297e-07,0.2014597618338467,0.26643704075816393,3.972448025879552e-15,9.625496443200941e-15,4.863935168835126e-13,1.214555888067726e-12,3.0766405565511158e-12,3.1682071986446273e-12,5.362629699332129e-06,5.919067059227574e-06,0.01371656363765532,0.01615484981838688,0.2560784612274959,0.526572505496108,0.032569975513482265,0.10522791157899708,1.1284625508770764e-07,2.403956729953257e-07,2.7239613409761644e-06,6.0044113707807586e-06,1.3353510099913324e-06,3.1411384148757466e-06,3.0472815169054195e-05,6.275948756899298e-05,8.338815324429137e-09,1.779106199585216e-08,2.2450645356070957e-06,4.956033992131513e-06,5.5617446610978286e-11,1.6752282859902413e-10,1.788595340288063e-18,1.8392012033164985e-18,8.199564942941576e-12,9.6450983714436e-12,5.500148417812805e-12,1.1718546976782592e-11,1.8749235790846246e-15,3.581207612007469e-15,1.3182042600002628e-08,2.6153902597696956e-08,3.651034507918542e-19,1.0998190218247378e-18,0.006338358140552571,0.013035386659654057,3.409660964352968e-31,9.9999999999998e-31,9.218226249444648e-10,2.9842034389609984e-09,4.2483221576164904e-11,1.3424934440945586e-10
0.991,1382.523082219514,5.046441272238426,0.17376535768540463,7.304288976388749,0.4897958568630444,0.072490620014118,9.428737660513456e-06,6.977346065548716e-07,2.7823910767665408e-12,3.2680386913605795e-12,5.216272410964366e-13,1.2253475225717612e-12,1.7783345679663127e-07,2.2203291549237887e-07,0.20145181702841278,0.2664290859134424,3.966139392985722e-15,9.610302288578172e-15,4.858388312093269e-13,1.2131824246792693e-12,3.0709432545565613e-12,3.162370629990677e-12,5.357180578330545e-06,5.913109174524173e-06,0.013711712099348511,0.016149290571883197,0.2560796194055735,0.5265799317381878,0.032570865713011043,0.10523179578947257,1.1279903328120662e-07,2.4029737874830847e-07,2.724059532896057e-06,6.0046853401110884e-06,1.3343357523544479e-06,3.1387803000669724e-06,3.0431016340378775e-05,6.267400231039194e-05,8.32596555460918e-09,1.7763816883643005e-08,2.2429629378854007e-06,4.951442099889401e-06,5.5535381059033365e-11,1.6727724514536318e-10,1.7878958732259453e-18,1.8384995587967316e-18,8.194441396345026e-12,9.639163918889087e-12,5.496209879516471e-12,1.1710267762196053e-11,1.873217281083799e-15,3.5779827659944855e-15,1.3181921361412134e-08,2.6153912610691388e-08,3.6477963022681417e-19,1.0988540883942897e-18,0.0063382974184578245,0.013035386659662068,3.409628299463292e-31,9.99999999999981e-31,9.204414521676414e-10,2.9797607341287262e-09,4.243853312100716e-11,1.3410941118564473e-10
0.992,1382.4567743497018,5.046595124164367,0.173760060225576,7.310044038850754,0.4898067048520067,0.07249291877741143,9.422690818773212e-06,6.972938032732489e-07,2.778154841833785e-12,3.2630942548055853e-12,5.208053793594976e-13,1.2234285977653194e-12,1.7767608542595948e-07,2.2183855181375211e-07,0.20144388422296072,0.26642114218007007,3.959845272537923e-15,9.595142842171234e-15,4.852851809124035e-13,1.211811499473224e-12,3.0652611255995166e-12,3.156549519837555e-12,5.351742089083362e-06,5.907162808670599e-06,0.013706869273689283,0.01614374120133036,0.2560807731272846,0.5265873398531462,0.032571756658691615,0.10523568066539069,1.1275185910913079e-07,2.401991799417066e-07,2.724157580990481e-06,6.004958893814643e-06,1.3333223656962462e-06,3.1364264870175524e-06,3.0389320242365473e-05,6.258872591186953e-05,8.31314881793762e-09,1.7736641421066566e-08,2.240865965804337e-06,4.946860245532625e-06,5.5453506518874405e-11,1.6703222944699683e-10,1.7871966202778516e-18,1.8377980892305435e-18,8.18932494652448e-12,9.633237534105566e-12,5.492276732718026e-12,1.170199967390416e-11,1.8715136879294378e-15,3.574762962882734e-15,1.3181800343800741e-08,2.6153922610072657e-08,3.6445628415639563e-19,1.0978905468614706e-18,0.006338236805962532,0.013035386659670037,3.4095956935316267e-31,9.99999999999979e-31,9.190640488757569e-10,2.975330095857402e-09,4.2393936637649345e-11,1.3396976360563146e-10
0.993,1382.3905152572129,5.046748926759362,0.17375476478715476,7.315799276706965,0.4898175356480938,0.07249521378977528,9.416651695288887e-06,6.968535507110466e-07,2.773927958022465e-12,3.2581606509980838e-12,5.199854033626758e-13,1.2215140450420567e-12,1.7751896340890517e-07,2.2164449193009676e-07,0.2014359633842982,0.26641320952704817,3.953565615254024e-15,9.580017986782707e-15,4.847325627944911e-13,1.2104431046623504e-12,3.0595941128802368e-12,3.1507438105827603e-12,5.346314198230339e-06,5.901227925752533e-06,0.013702035137831655,0.016138201681128856,0.25608192240300376,0.5265947298854667,0.032572648349998734,0.10523956620967925,1.127047324504677e-07,2.401010763365205e-07,2.7242554856180246e-06,6.005232032930082e-06,1.3323108442659792e-06,3.134076962588329e-06,3.0347726500319504e-05,6.250365761498176e-05,8.300364990663497e-09,1.7709535348306537e-08,2.238773603944692e-06,4.942288395773352e-06,5.537182233027003e-11,1.6678777955183208e-10,1.7864975811556146e-18,1.837096794446929e-18,8.184215571415609e-12,9.62731919211682e-12,5.488348962915541e-12,1.169374268229068e-11,1.8698127919567638e-15,3.571548188506496e-15,1.3181679546588055e-08,2.615393259588296e-08,3.641334111931156e-19,1.0969283931866018e-18,0.006338176302777193,0.013035386659678017,3.409563146402242e-31,9.999999999999794e-31,9.176904003693851e-10,2.9709114772711477e-09,4.234943182116638e-11,1.3383040072736063e-10
0.994,1382.3243048147397,5.046902680162295,0.17374947136501945,7.321554689901283,0.489828349296299,0.0724975050609423,9.410620270328943e-06,6.964138474783186e-07,2.769710394780267e-12,3.253237844765585e-12,5.191673067212525e-13,1.2196038496830597e-12,1.773620900446758e-07,2.2145073499523677e-07,0.2014280544811314,0.26640528792584073,3.947300372320333e-15,9.56492760633785e-15,4.841809737414166e-13,1.2090772326683554e-12,3.0539421602572664e-12,3.144953445296321e-12,5.340896872884224e-06,5.895304490373116e-06,0.013697209668986068,0.016132671985739942,0.25608306724484753,0.5266021018831328,0.03257354078463001,0.10524345241950743,1.1265765319274665e-07,2.4000306771187093e-07,2.724353247148731e-06,6.0055047585204425e-06,1.3313011825747901e-06,3.1317317142543175e-06,3.0306234753896455e-05,6.241879669076419e-05,8.287613953166687e-09,1.768249841433517e-08,2.2366858376102532e-06,4.937726518915885e-06,5.529032783967263e-11,1.6654389352770325e-10,1.785798755397511e-18,1.8363956740959546e-18,8.179113251595512e-12,9.621408871049372e-12,5.484426555986886e-12,1.168549675854287e-11,1.8681145856417386e-15,3.568338428966643e-15,1.318155896919319e-08,2.6153942568159203e-08,3.6381101026134527e-19,1.0959676242687974e-18,0.0063381159086133496,0.013035386659686019,3.40953065791996e-31,9.999999999999819e-31,9.163204924942889e-10,2.966504833254746e-09,4.230501837179533e-11,1.3369132162497707e-10
0.995,1382.258142895494,5.047056384511525,0.17374417995406807,7.327310278377768,0.4898391458413311,0.07249979260059032,9.404596523673382e-06,6.959746921486466e-07,2.7655021213628896e-12,3.2483258007061147e-12,5.183510830482008e-13,1.2176979969623995e-12,1.7720546462483055e-07,2.2125728015330522e-07,0.20142015748237987,0.2663973773481392,3.9410494947561975e-15,9.549871584344786e-15,4.836304105947506e-13,1.2077138758013974e-12,3.0483052114981567e-12,3.1391783669491442e-12,5.3354900799891635e-06,5.889392466944638e-06,0.013692392844477116,0.016127152089753218,0.25608420766497014,0.5266094558941092,0.03257443396020745,0.1052473392917804,1.126106212171755e-07,2.3990515383332915e-07,2.7244508659491316e-06,6.005777071640004e-06,1.330293374973147e-06,3.129390729110613e-06,3.0264844634333425e-05,6.233414239283685e-05,8.274895583526484e-09,1.7655530363191116e-08,2.2346026516481493e-06,4.933174582252377e-06,5.5209022393287843e-11,1.6630056944149278e-10,1.785100142652131e-18,1.8356947279406126e-18,8.17401796945392e-12,9.615506551157459e-12,5.480509497536888e-12,1.1677261873260233e-11,1.8664190613795716e-15,3.5651336702074804e-15,1.3181438611035916e-08,2.6153952526934553e-08,3.634890800600254e-19,1.0950082363274173e-18,0.006338055623183711,0.013035386659693967,3.409498227930237e-31,9.999999999999808e-31,9.149543107911212e-10,2.9621101177008783e-09,4.2260695987992704e-11,1.3355252536688293e-10
0.996,1382.1920293738867,5.047210039942609,0.17373889054929634,7.333066042080635,0.48984992532878924,0.07250207641851898,9.398580435458334e-06,6.955360833216705e-07,2.7613031073110606e-12,3.2434244837486488e-12,5.175367260121041e-13,1.2157964722832447e-12,1.7704908644842356e-07,2.2106412655766067e-07,0.2014122723560335,0.26638947776436067,3.934812934080353e-15,9.534849805509571e-15,4.830808702312387e-13,1.2063530264584914e-12,3.04268321081535e-12,3.1334185189650192e-12,5.330093786771412e-06,5.8834918201862795e-06,0.013687584641699967,0.016121641967835946,0.25608534367444047,0.5266167919640524,0.03257532787540142,0.10525122682677497,1.1256363640798866e-07,2.39807334472841e-07,2.7245483423798178e-06,6.006048973329156e-06,1.3292874158951244e-06,3.12705399444715e-06,3.022355577821275e-05,6.224969398575437e-05,8.262209761460241e-09,1.7628630942383605e-08,2.232524031153091e-06,4.928632553617701e-06,5.512790534174356e-11,1.6605780537320297e-10,1.7844017425550114e-18,1.834993955730037e-18,8.168929704637343e-12,9.609612209464161e-12,5.476597773392883e-12,1.1669037997510822e-11,1.864726211652897e-15,3.5619338983381264e-15,1.3181318471540909e-08,2.6153962472247885e-08,3.631676193598969e-19,1.0940502257974927e-18,0.006337995446202016,0.013035386659701886,3.4094658562790867e-31,9.999999999999798e-31,9.135918410026665e-10,2.9577272851523816e-09,4.2216464370758285e-11,1.3341401102940739e-10
0.997,1382.1259641237298,5.047363646593932,0.17373360314560393,7.338821980954256,0.48986068780263964,0.07250435652427413,9.392571985833505e-06,6.950980195977183e-07,2.7571133222875977e-12,3.2385338589616567e-12,5.167242292921551e-13,1.2138992610721238e-12,1.7689295481706943e-07,2.208712733647201e-07,0.2014043990716617,0.2663815891469589,3.928590641873546e-15,9.519862154676175e-15,4.825323495442018e-13,1.2049946770770293e-12,3.037076102663854e-12,3.1276738450122067e-12,5.32470796057866e-06,5.8776025149466185e-06,0.01368278503814023,0.016116141594756016,0.25608647528573236,0.526624110141417,0.03257622252743761,0.10525511502008149,1.1251669865012071e-07,2.397096094037641e-07,2.724645676807994e-06,6.0063204646418995e-06,1.3282832998193677e-06,3.124721497656802e-06,3.0182367824586395e-05,6.216545073908225e-05,8.249556367445328e-09,1.760179990101876e-08,2.230449961330421e-06,4.924100401087005e-06,5.504697603857757e-11,1.6581559941139657e-10,1.7837035547033783e-18,1.8342933571734737e-18,8.163848440213138e-12,9.603725827012236e-12,5.472691369395281e-12,1.16608251023847e-11,1.86303602896052e-15,3.5587390994963234e-15,1.3181198550131797e-08,2.6153972404131243e-08,3.628466269751186e-19,1.0930935892442023e-18,0.0063379353773831614,0.013035386659709802,3.4094335428131374e-31,9.999999999999796e-31,9.122330689748517e-10,2.9533562904817364e-09,4.217232322259013e-11,1.3327577769350116e-10
0.998,1382.059947021372,5.047517204596925,0.17372831773813122,7.344578094943153,0.48987143330952077,0.07250663292778808,9.386571154938662e-06,6.946604995760977e-07,2.752932735997098e-12,3.233653891458928e-12,5.159135866207883e-13,1.2120063488791346e-12,1.7673706903190208e-07,2.2067871973017197e-07,0.20139653759611126,0.26637371146474587,3.922382570106186e-15,9.504908517620916e-15,4.819848454125472e-13,1.2036388200574545e-12,3.03148383168778e-12,3.121944288948551e-12,5.319332568816407e-06,5.8717245161336606e-06,0.013677994011363551,0.016110650945370363,0.256087602508464,0.5266314104687155,0.03257711791636746,0.1052590038764062,1.124698078258865e-07,2.396119783938052e-07,2.7247428695832494e-06,6.006591546592692e-06,1.3272810211361727e-06,3.1223932259228312e-06,3.0141280408917655e-05,6.208141191492184e-05,8.236935281100669e-09,1.7575036986347234e-08,2.22838042716489e-06,4.9195780922447095e-06,5.496623383919638e-11,1.6557394965006904e-10,1.783005578816793e-18,1.8335929321055626e-18,8.158774153033406e-12,9.597847377528979e-12,5.4687902714006604e-12,1.1652623159001049e-11,1.861348505818546e-15,3.555549259850747e-15,1.3181078846240279e-08,2.6153982322628985e-08,3.625261015668168e-19,1.0921383227711065e-18,0.006337875416442937,0.013035386659717745,3.409401287379495e-31,9.999999999999808e-31,9.108779804187647e-10,2.9489970881207516e-09,4.212827224583164e-11,1.3313782443951888e-10
0.999,1381.9939779415959,5.047670714088842,0.17372303432181938,7.350334383992005,0.4898821618931653,0.07250890563855031,9.380577923100231e-06,6.942235218696096e-07,2.7487613183863586e-12,3.2287845466348387e-12,5.151047917372445e-13,1.210117721268808e-12,1.7658142840061945e-07,2.2048646481776113e-07,0.201388687899086,0.26636584469025715,3.91618867082398e-15,9.489988780290275e-15,4.814383547579841e-13,1.2022854479060798e-12,3.0259063428933794e-12,3.1162297949995464e-12,5.313967579119362e-06,5.865857788903755e-06,0.013673211539016487,0.01610516999462521,0.25608872535493604,0.526638692993881,0.032578014039522415,0.10526289339164734,1.1242296382129433e-07,2.3951444121845797e-07,2.724839921069918e-06,6.0068622202274646e-06,1.3262805743740743e-06,3.120069166751771e-06,3.0100293173921036e-05,6.199757679023399e-05,8.224346384131017e-09,1.7548341950045507e-08,2.2263154140038544e-06,4.915065595471773e-06,5.488567810315461e-11,1.6533285419550692e-10,1.782307814496925e-18,1.8328926802392038e-18,8.153706825740427e-12,9.591976841548515e-12,5.4648944653744655e-12,1.1644432138705082e-11,1.8596636347914982e-15,3.5523643656602758e-15,1.3180959359294703e-08,2.6153992227773798e-08,3.62206041967469e-19,1.0911844229973105e-18,0.006337815563098299,0.01303538665972563,3.4093690898259036e-31,9.999999999999789e-31,9.095265613297637e-10,2.9446496334172973e-09,4.208431114572855e-11,1.3300015035687376e-10
1.0,1381.928056760482,5.047824175203814,0.17371775289171842,7.356090848045643,0.489892873598273,0.0725111746661837,9.37459227065051e-06,6.937870850911999e-07,2.744599039478519e-12,3.2239257899697004e-12,5.142978384171787e-13,1.2082333638897197e-12,1.764260322317615e-07,2.2029450779215465e-07,0.2013808499492734,0.26635798879464084,3.9100088963355155e-15,9.475102829255914e-15,4.808928745006936e-13,1.2009345531244448e-12,3.0203435814990826e-12,3.110530307604072e-12,5.308612959208989e-06,5.860002298504637e-06,0.013668437598831336,0.016099698717562446,0.2560898438362721,0.5266459577623518,0.032578910895370766,0.10526678356536114,1.1237616652112549e-07,2.394169976505307e-07,2.7249368316241564e-06,6.007132486573358e-06,1.3252819540282962e-06,3.1177493075700075e-06,3.0059405761234204e-05,6.191394463968923e-05,8.211789558055096e-09,1.7521714543369423e-08,2.224254907111716e-06,4.910562878962279e-06,5.480530819230601e-11,1.6509231116072682e-10,1.781610261402268e-18,1.832192601345308e-18,8.148646438998102e-12,9.586114197273564e-12,5.4610039373010175e-12,1.163625201287685e-11,1.8579814084619196e-15,3.549184403216089e-15,1.3180840088727518e-08,2.6154002119602625e-08,3.618864469307651e-19,1.0902318863039606e-18,0.006337755817067235,0.013035386659733557,3.409336950000656e-31,9.99999999999981e-31,9.081787976666218e-10,2.9403138815966977e-09,4.204043962805726e-11,1.3286275453654879e-10
1.0010000000000001,1381.862183354216,5.047977588076543,0.17371247344285992,7.361847487049053,0.48990356846898736,0.07251344002021816,9.36861417831163e-06,6.93351187882367e-07,2.740445869619512e-12,3.2190775873192225e-12,5.134927204777573e-13,1.2063532624864612e-12,1.7627087984279658e-07,2.201028478290361e-07,0.20137302371587423,0.2663501437496768,3.903843199346787e-15,9.460250552040629e-15,4.803484016088146e-13,1.1995861283328835e-12,3.0147954931922925e-12,3.1048457716788424e-12,5.303268677118637e-06,5.8541580105238625e-06,0.013663672168605534,0.016094237089295152,0.256090957963966,0.5266532048202466,0.032579808481980436,0.10527067439579366,1.1232941581464974e-07,2.3931964747231986e-07,2.7250336016047396e-06,6.007402346662431e-06,1.3242851547306876e-06,3.115433636123519e-06,3.0018617820322293e-05,6.183051475400759e-05,8.199264686693441e-09,1.7495154522462457e-08,2.222198892135776e-06,4.906069911751855e-06,5.4725123473307477e-11,1.6485231867301696e-10,1.7809129191186793e-18,1.8314926951196343e-18,8.143592973593543e-12,9.580259423047564e-12,5.4571186734002405e-12,1.1628082753392876e-11,1.8563018195037338e-15,3.546009358981761e-15,1.3180721033973047e-08,2.6154011998151835e-08,3.6156731536197676e-19,1.0892807095282453e-18,0.006337696178068683,0.013035386659741452,3.4093048677525572e-31,9.999999999999806e-31,9.068346756862215e-10,2.935989788845308e-09,4.199665740178918e-11,1.3272563607951558e-10
1.002,1381.7963575992067,5.048130952842076,0.1737071959702649,7.367604300947374,0.4899142465488193,0.07251570171007762,9.362643626321928e-06,6.929158288484933e-07,2.7363017789699663e-12,3.2142399043176346e-12,5.126894317295008e-13,1.204477402786486e-12,1.7611597054381607e-07,2.199114840947418e-07,0.20136520916866044,0.26634230952784765,3.897691532367441e-15,9.445431835679364e-15,4.798049330091533e-13,1.198240166047519e-12,3.0092620235694606e-12,3.0991761320417307e-12,5.297934700717464e-06,5.848324890363192e-06,0.01365891522624882,0.016088785085062837,0.2560920677498985,0.5266604342143869,0.032580706796989996,0.10527456587978462,1.1228271158513732e-07,2.392223904532605e-07,2.725130231368948e-06,6.007671801522464e-06,1.3232901709651657e-06,3.1131221398083933e-06,2.997792899282128e-05,6.174728640770954e-05,8.18677165172604e-09,1.7468661638876692e-08,2.220147354298579e-06,4.901586661934513e-06,5.4645123312584486e-11,1.6461287485876902e-10,1.7802157873269548e-18,1.8307929613550896e-18,8.138546412777491e-12,9.574412500107808e-12,5.453238659619936e-12,1.1619924331544083e-11,1.854624860510118e-15,3.5428392192643923e-15,1.3180602194465754e-08,2.6154021863453267e-08,3.6124864596247214e-19,1.0883308888924277e-18,0.006337636645822805,0.013035386659749333,3.4092728429310714e-31,9.999999999999803e-31,9.054941813634062e-10,2.931677310432199e-09,4.195296417424503e-11,1.3258879408141817e-10
1.0030000000000001,1381.7305793746477,5.048284269627703,0.17370192046922256,7.37336128968589,0.4899249078843638,0.07251795974563388,9.356680595179954e-06,6.924810066139414e-07,2.73216673788143e-12,3.2094127068197904e-12,5.118879660542272e-13,1.2026057706832904e-12,1.75961303649212e-07,2.1972041576085344e-07,0.20135740627427326,0.2663344860974556,3.891553848504885e-15,9.43064656864412e-15,4.792624656391794e-13,1.1968966588101749e-12,3.003743118580279e-12,3.093521333869408e-12,5.29261099807346e-06,5.842502903639627e-06,0.013654166749735571,0.016083342680176107,0.25609317320270747,0.5266676459848595,0.03258160584125875,0.10527845802456713,1.1223605371622024e-07,2.391252263634911e-07,2.725226721255701e-06,6.007940852140076e-06,1.322296997204282e-06,3.1108148059922544e-06,2.9937338921112195e-05,6.166425887677943e-05,8.17431033521333e-09,1.7442235644952827e-08,2.2181002788243472e-06,4.897113097604324e-06,5.4565307079856027e-11,1.6437397785410577e-10,1.779518865792294e-18,1.830093399930985e-18,8.133506732079455e-12,9.568573400604216e-12,5.4493638820825336e-12,1.1611776718988311e-11,1.8529505241450083e-15,3.539673970504203e-15,1.3180483569649484e-08,2.6154031715553827e-08,3.6093043737498096e-19,1.0873824204415159e-18,0.006337577220050616,0.013035386659757233,3.4092408753861237e-31,9.999999999999824e-31,9.041573006980027e-10,2.9273764017033154e-09,4.190935965394319e-11,1.324522276415816e-10
1.004,1381.66484855526,5.0484375385754126,0.1736966469345176,7.379118453210049,0.4899355525154761,0.07252021413574826,9.350725065998354e-06,6.920467198482082e-07,2.7280407172514443e-12,3.2045959613181055e-12,5.110883173238844e-13,1.2007383520456648e-12,1.7580687849021012e-07,2.19529642019836e-07,0.20134961500605897,0.2663266734356163,3.88543010092149e-15,9.415894639528116e-15,4.787209965479931e-13,1.1955555994404651e-12,2.9982387248354004e-12,3.0878813230141186e-12,5.287297537760084e-06,5.836692016523592e-06,0.01364942671710736,0.016077909850018765,0.2560942743375242,0.5266748401850072,0.03258250560909802,0.10528235081619645,1.1218944210309962e-07,2.390281549977175e-07,2.725323071641774e-06,6.008209499584305e-06,1.3213056283109928e-06,3.1085116229592928e-06,2.9896847267525077e-05,6.158143147821861e-05,8.161880624804598e-09,1.741587630493303e-08,2.2160576519746135e-06,4.892649189141645e-06,5.448567415215532e-11,1.6413562581698485e-10,1.7788221539372468e-18,1.8293940103737427e-18,8.128473920694724e-12,9.562742112759091e-12,5.445494327252555e-12,1.1603639888106522e-11,1.8512788031991652e-15,3.5365135993814448e-15,1.3180365158956953e-08,2.6154041554473303e-08,3.606126887507691e-19,1.0864353017519476e-18,0.006337517900474305,0.013035386659765062,3.4092089649682712e-31,9.999999999999819e-31,9.028240204547314e-10,2.9230870204769416e-09,4.186584355598966e-11,1.3231593588003978e-10
1.0050000000000001,1381.5991650218116,5.048590759809485,0.17369137536154533,7.384875791465437,0.48994618048927124,0.07252246489034833,9.344777019162646e-06,6.916129671667041e-07,2.7239236875290984e-12,3.1997896337746316e-12,5.102904794706495e-13,1.1988751328824648e-12,1.7565269438133648e-07,2.1933916204317955e-07,0.20134183533003858,0.2663188715097185,3.879320243042659e-15,9.401175937550656e-15,4.781805226663499e-13,1.1942169804615416e-12,2.99274878862885e-12,3.0822560449971038e-12,5.281994287960906e-06,5.830892194750946e-06,0.013644695106512925,0.0160724865700959,0.25609537116205205,0.5266820168528339,0.03258340610222929,0.10528624426465875,1.1214287662647634e-07,2.3893117611968635e-07,2.7254192828576107e-06,6.0084777448213965e-06,1.320316058690977e-06,3.106212577916233e-06,2.985645367185699e-05,6.149880348254637e-05,8.14948240202726e-09,1.7389583369974034e-08,2.2140194587917547e-06,4.888194904231637e-06,5.440622390324404e-11,1.6389781689532138e-10,1.7781256516143833e-18,1.8286947926516384e-18,8.123447953231438e-12,9.55691860763004e-12,5.4416299812112985e-12,1.1595513810458027e-11,1.8496096903453244e-15,3.5333580923489002e-15,1.3180246961837368e-08,2.6154051380260807e-08,3.6029539859170665e-19,1.085489528443142e-18,0.006337458686816974,0.01303538665977293,3.409177111528556e-31,9.999999999999852e-31,9.014943265485934e-10,2.918809121816318e-09,4.182241558972117e-11,1.3217991789849108e-10
1.006,1381.5335286515792,5.048743933465848,0.17368610574530147,7.390633304397798,0.4899567918475215,0.0725247120185587,9.338836435728057e-06,6.911797472340996e-07,2.719815619719061e-12,3.1949936908003246e-12,5.094944464336517e-13,1.197016099217391e-12,1.7549875065412267e-07,2.1914897502347553e-07,0.20133406721754082,0.2663110802941192,3.873224228494138e-15,9.386490352404815e-15,4.776410410331172e-13,1.1928807946655832e-12,2.9872732569355576e-12,3.0766454460358185e-12,5.276701217376392e-06,5.8251034046236945e-06,0.013639971896157732,0.016067072815973697,0.2560964636891169,0.5266891760367867,0.032584307317207274,0.10529013836322637,1.120963571783211e-07,2.3883428951707727e-07,2.72551535526405e-06,6.008745588883632e-06,1.3193282831181058e-06,3.1039176589341646e-06,2.9816157793037446e-05,6.141637419961876e-05,8.137115553797766e-09,1.7363356602708218e-08,2.2119856853075892e-06,4.883750212740161e-06,5.432695571418242e-11,1.6366054925882231e-10,1.777429358372987e-18,1.8279957464205594e-18,8.11842881420546e-12,9.551102867926206e-12,5.437770830419575e-12,1.1587398458405155e-11,1.8479431783956538e-15,3.5302074361235248e-15,1.3180128977732119e-08,2.6154061192945185e-08,3.5997856588254464e-19,1.0845450975886832e-18,0.0063373995788028065,0.013035386659780783,3.4091453149185992e-31,9.999999999999873e-31,9.001682056249691e-10,2.9145426631453746e-09,4.1779075470864356e-11,1.3204417281872036e-10
1.0070000000000001,1381.4679393237088,5.048897059675573,0.17368083808095014,7.396390991953024,0.48996738663367756,0.0725269555297422,9.332903296502562e-06,6.907470586964781e-07,2.7157164847411415e-12,3.1902080989028302e-12,5.08700212181118e-13,1.1951612371410558e-12,1.7534504663572718e-07,2.1895908014772762e-07,0.20132631063815942,0.26630329976083544,3.86714201104337e-15,9.371837774115588e-15,4.771025486547542e-13,1.1915470347628987e-12,2.9818120767662558e-12,3.0710494723796566e-12,5.271418294643962e-06,5.81932561236996e-06,0.013635257064342685,0.016061668563325412,0.2560975519296649,0.5266963177813686,0.0325852092524341,0.1052940331111253,1.1204988364583542e-07,2.387374949673372e-07,2.7256112892090058e-06,6.0090130327739774e-06,1.3183422962288855e-06,3.1016268537592566e-06,2.977595928340126e-05,6.133414292563806e-05,8.124779965296444e-09,1.733719576204051e-08,2.2099563171830983e-06,4.879315083710694e-06,5.424786896664414e-11,1.6342382107885326e-10,1.7767332738950393e-18,1.82729687147243e-18,8.113416485264116e-12,9.545294872978011e-12,5.43391686121228e-12,1.1579293804036588e-11,1.846279260130962e-15,3.5270616173602835e-15,1.318001120608778e-08,2.615407099256145e-08,3.596621893915191e-19,1.0836020056092528e-18,0.006337340576156986,0.013035386659788584,3.4091135749905793e-31,9.999999999999889e-31,8.988456440861332e-10,2.9102876010969783e-09,4.173582291399308e-11,1.319086997587648e-10
1.008,1381.4023969182622,5.04905013856783,0.17367557236372216,7.402148854077156,0.48997796489168033,0.0725291954333238,9.326977582341119e-06,6.903149002031124e-07,2.711626253619229e-12,3.1854328247084476e-12,5.07907770713858e-13,1.1933105328191768e-12,1.7519158165515475e-07,2.1876947660511809e-07,0.20131856556094913,0.26629552988112565,3.861073544701166e-15,9.357218093286353e-15,4.76565042543507e-13,1.1902156934773154e-12,2.976365195364045e-12,3.0654680705124183e-12,5.266145488510985e-06,5.813558784334968e-06,0.013630550589447909,0.0160562737879123,0.2560986358939519,0.526703442129585,0.03258611190696879,0.10529792850968803,1.120034559158541e-07,2.3864079224705954e-07,2.7257070850353253e-06,6.009280077483408e-06,1.3173580926540438e-06,3.09934015012233e-06,2.973585779557056e-05,6.125210895732845e-05,8.112475521888428e-09,1.7311100607247377e-08,2.207931340069282e-06,4.8748894861610225e-06,5.416896304482607e-11,1.63187630534192e-10,1.776037397893543e-18,1.8265981676306426e-18,8.108410946556745e-12,9.539494600349443e-12,5.4300680599647764e-12,1.15711998195219e-11,1.844617928356907e-15,3.5239206227595283e-15,1.3179893646354466e-08,2.6154080779147524e-08,3.5934626785720067e-19,1.082660248835553e-18,0.006337281678605772,0.01303538665979645,3.4090818915972124e-31,9.999999999999906e-31,8.97526628349869e-10,2.906043892350259e-09,4.1692657634573e-11,1.3177349783937576e-10
1.0090000000000001,1381.3369013153597,5.049203170272405,0.17367030858882826,7.407906890716381,0.48998852666489445,0.07253143173863376,9.321059274410966e-06,6.89883270426111e-07,2.707544897650126e-12,3.1806678351605208e-12,5.071171160681963e-13,1.191463972499493e-12,1.750383550488243e-07,2.1858016359396399e-07,0.20131083195550314,0.2662877706269185,3.855018783811673e-15,9.34263120131711e-15,4.760285197514845e-13,1.1888867636313047e-12,2.970932560379576e-12,3.0599011873328055e-12,5.260882767990013e-06,5.807802887152511e-06,0.013625852449918385,0.01605088846556691,0.2560997155926331,0.5267105491251903,0.03258701527943806,0.1053018245588355,1.1195707387882163e-07,2.385441811404602e-07,2.725802743088222e-06,6.009546724007365e-06,1.316375667136903e-06,3.0970575360174e-06,2.969585298862956e-05,6.117027160465645e-05,8.100202110847221e-09,1.7285070901655036e-08,2.2059107399316948e-06,4.870473389799874e-06,5.4090237337151346e-11,1.6295197581616282e-10,1.7753417300211005e-18,1.8258996346560608e-18,8.103412178545677e-12,9.533702027968744e-12,5.426224413242042e-12,1.1563116477429559e-11,1.8429591759543525e-15,3.520784439163259e-15,1.3179776297983803e-08,2.615409055274055e-08,3.590308001407982e-19,1.0817198239671928e-18,0.0063372228858762265,0.013035386659804256,3.409050264591702e-31,9.999999999999913e-31,8.962111450807328e-10,2.901811494379469e-09,4.164957935079179e-11,1.316385661898056e-10
1.01,1381.2714523942864,5.0493561549225925,0.17366504675135985,7.413665101817039,0.4899990719947677,0.07253366445470699,9.315148353953765e-06,6.894521680427931e-07,2.7034723882857967e-12,3.1759130973810433e-12,5.063282422900776e-13,1.189621542450897e-12,1.748853661569531e-07,2.1839114031719604e-07,0.2013031097932812,0.2662800219725614,3.8489776827899605e-15,9.328076989768288e-15,4.754929773549985e-13,1.1875602381068426e-12,2.965514119730536e-12,3.054348770009647e-12,5.255630102245033e-06,5.802057887619227e-06,0.013621162624281593,0.01604551257221339,0.25610079103805716,0.5267176388153341,0.0325879193667355,0.10530572125287029,1.119107374268419e-07,2.384476614352148e-07,2.7258982637214825e-06,6.009812973359255e-06,1.3153950144932117e-06,3.0947789996070894e-06,2.9655944525534777e-05,6.108863018549517e-05,8.087959620587293e-09,1.725910641100164e-08,2.203894502922438e-06,4.866066764744172e-06,5.401169123518616e-11,1.6271685512536916e-10,1.7746462698691362e-18,1.8252012722461613e-18,8.098420165856476e-12,9.527917138658006e-12,5.422385907656336e-12,1.1555043750423279e-11,1.841302995831019e-15,3.5176530534626546e-15,1.3179659160425602e-08,2.6154100313369453e-08,3.587157851810094e-19,1.0807807279366417e-18,0.006337164197696608,0.013035386659812048,3.4090186938278525e-31,9.999999999999903e-31,8.948991810979572e-10,2.8975903651557424e-09,4.160658778270265e-11,1.3150390394509756e-10
1.0110000000000001,1381.2060500370312,5.0495090926442225,0.17365978684666622,7.419423487325614,0.4900096009256129,0.07253589359099334,9.309244801968295e-06,6.890215917122292e-07,2.6994086968768953e-12,3.171168578369498e-12,5.055411434659515e-13,1.187783229036046e-12,1.7473261431473e-07,2.1820240597134427e-07,0.20129539904282717,0.26627228388850405,3.842950196283835e-15,9.313555350753308e-15,4.749584123907768e-13,1.1862361096861446e-12,2.9601098213590303e-12,3.048810765732152e-12,5.250387460363303e-06,5.7963237524429335e-06,0.01361648109115361,0.016040146083875252,0.25610186223952636,0.5267247112408311,0.03258882416877238,0.10530961859583209,1.118644464464829e-07,2.3835123290713696e-07,2.7259936472692194e-06,6.010078826508391e-06,1.314416129369058e-06,3.0925045286531886e-06,2.961613206121818e-05,6.1007184001120486e-05,8.075747937411015e-09,1.7233206896496226e-08,2.2018826147433844e-06,4.861669580113274e-06,5.3933324130835843e-11,1.6248226666325342e-10,1.77395101720295e-18,1.8245030802768468e-18,8.093434887200169e-12,9.522139908276982e-12,5.418552529700587e-12,1.1546981610907422e-11,1.8396493808654726e-15,3.5145264524912064e-15,1.3179542233137558e-08,2.6154110061075168e-08,3.5840122166034076e-19,1.0798429569039206e-18,0.006337105613796061,0.013035386659819868,3.4089871791599668e-31,9.999999999999929e-31,8.935907229217993e-10,2.893380461678351e-09,4.1563682648803556e-11,1.313695102352789e-10
1.012,1381.1406941234432,5.049661983570649,0.17365452886983915,7.42518204718874,0.49002011349815283,0.07253811915639904,9.303348599876676e-06,6.885915401245223e-07,2.695353795155147e-12,3.1664342455694178e-12,5.047558136933768e-13,1.1859490186422571e-12,1.7458009886862978e-07,2.1801395976690196e-07,0.2012876996762302,0.2662645563498336,3.836936279111317e-15,9.299066176786714e-15,4.74424821966258e-13,1.184914371327085e-12,2.9547196137071424e-12,3.0432871221996063e-12,5.245154811791995e-06,5.790600448724445e-06,0.013611807829218312,0.016034788976650203,0.2561029292097169,0.5267317664493432,0.03258972968204789,0.10531351658071597,1.1181820083137763e-07,2.382548953470164e-07,2.7260888940852155e-06,6.010344284466474e-06,1.3134390066462157e-06,3.0902341114701895e-06,2.957641526293935e-05,6.092593237813225e-05,8.0635669511146e-09,1.7207372126780718e-08,2.1998750617285038e-06,4.857281806418475e-06,5.3855135421457484e-11,1.6224820864749337e-10,1.7732559715969987e-18,1.82380505842726e-18,8.088456328218832e-12,9.51637032083569e-12,5.4147242661108124e-12,1.1538930031798814e-11,1.837998324029104e-15,3.5114046232576044e-15,1.3179425515572674e-08,2.615411979588451e-08,3.5808710856127376e-19,1.0789065079322368e-18,0.006337047133904851,0.013035386659827673,3.408955720442939e-31,9.999999999999941e-31,8.922857575446076e-10,2.889181742471225e-09,4.152086367196543e-11,1.3123538420409286e-10
1.0130000000000001,1381.0753845367026,5.049814827825773,0.1736492728162968,7.430940781353195,0.49003060975685314,0.07254034116037629,9.297459728835964e-06,6.881620119498955e-07,2.691307654724397e-12,3.1617100662706906e-12,5.039722471175772e-13,1.1841188977674698e-12,1.7442781915916438e-07,2.178258009067988e-07,0.2012800116617871,0.26625683932658356,3.83093588637481e-15,9.284609361061467e-15,4.738922031414213e-13,1.1835950158681327e-12,2.949343445218038e-12,3.0377777871077406e-12,5.239932125878672e-06,5.7848879434506184e-06,0.013607142817246301,0.016029441226733367,0.25610399195738814,0.5267388044804144,0.03259063590694943,0.10531741521306887,1.1177200046875162e-07,2.381586485319267e-07,2.726184004498725e-06,6.01060934819048e-06,1.3124636410046583e-06,3.0879677358961827e-06,2.953679378842378e-05,6.08448746234248e-05,8.051416548974574e-09,1.7181601865098562e-08,2.1978718296797727e-06,4.852903412993049e-06,5.377712450441634e-11,1.62014679295613e-10,1.772561132834728e-18,1.8231072065911163e-18,8.083484466706731e-12,9.510608351107278e-12,5.4109011034940534e-12,1.1530888985734549e-11,1.8363498182608362e-15,3.508287552706584e-15,1.3179309007193624e-08,2.6154129517840182e-08,3.5777344455978953e-19,1.0779713771607766e-18,0.006336988757754067,0.013035386659835465,3.4089243175321128e-31,9.99999999999995e-31,8.909842716013717e-10,2.8849941648974584e-09,4.1478130573071305e-11,1.311015249889019e-10
1.014,1381.0101211577676,5.0499676255412345,0.1736440186811923,7.436699689765906,0.4900410897424832,0.07254255961181821,9.291578170397824e-06,6.877330058874845e-07,2.687270247553279e-12,3.1569960081881887e-12,5.031904378920528e-13,1.1822928529276483e-12,1.7427577453764362e-07,2.176379286073206e-07,0.20127233497145067,0.2662491327935729,3.8249489733172636e-15,9.27018479709993e-15,4.733605530446613e-13,1.1822780363177004e-12,2.943981264814098e-12,3.032282708641063e-12,5.234719372314463e-06,5.77918620398333e-06,0.013602486034074464,0.0160241028103924,0.2561050504947869,0.526745825380672,0.03259154284033853,0.10532131448702563,1.117258452526304e-07,2.3806249225335496e-07,2.7262789788590543e-06,6.010874018680651e-06,1.3114900273535801e-06,3.085705390306793e-06,2.949726730732869e-05,6.0764010068402515e-05,8.03929662164479e-09,1.715589588187794e-08,2.1958729050115936e-06,4.848534370518864e-06,5.369929078234868e-11,1.6178167684083015e-10,1.7718665005106915e-18,1.822409524467386e-18,8.078519287519589e-12,9.504853982168778e-12,5.407083028683212e-12,1.1522858445827593e-11,1.83470385658649e-15,3.505175227946794e-15,1.3179192707458236e-08,2.6154139226970623e-08,3.5746022862872773e-19,1.0770375616225465e-18,0.0063369304850759214,0.013035386659843235,3.4088929702834384e-31,9.99999999999996e-31,8.896862521846794e-10,2.880817687797963e-09,4.1435483077237115e-11,1.3096793174034372e-10
1.0150000000000001,1380.9449038696207,5.050120376843256,0.1736387664598664,7.442458772373943,0.49005155349782525,0.0725447745199075,9.285703906080695e-06,6.873045206337028e-07,2.683241545641352e-12,3.1522920390697227e-12,5.024103802126885e-13,1.1804708707369854e-12,1.7412396435475167e-07,2.1745034208385465e-07,0.20126466957511194,0.26624143672285505,3.81897549548241e-15,9.255792379142716e-15,4.728298687917493e-13,1.1809634256518032e-12,2.9386330215773965e-12,3.0268018351439346e-12,5.229516520836104e-06,5.773495197730834e-06,0.013597837458618244,0.016018773703982695,0.256106104831969,0.5267528291921727,0.03259245048123764,0.10532521440369094,1.1167973507465814e-07,2.3796642629765006e-07,2.7263738175017345e-06,6.0111382969061854e-06,1.3105181605263596e-06,3.0834470628976527e-06,2.9457835486179842e-05,6.068333803795373e-05,8.02720705902901e-09,1.7130253945924963e-08,2.1938782739459373e-06,4.844174649249512e-06,5.362163365955219e-11,1.6154919952119095e-10,1.7711720743202326e-18,1.82171201185832e-18,8.073560771220982e-12,9.499107192043614e-12,5.403270028510278e-12,1.1514838385184073e-11,1.8330604320423658e-15,3.5020676361049813e-15,1.3179076615830463e-08,2.6154148923313e-08,3.5714745960112946e-19,1.0761050579287958e-18,0.00633687231560347,0.013035386659850998,3.408861678553311e-31,9.999999999999966e-31,8.883916862713218e-10,2.8766522696350094e-09,4.139292090946714e-11,1.3083460360860592e-10
1.016,1380.8797325549785,5.050273081859771,0.17363351614760206,7.448218029124523,0.4900620010645577,0.07254698589365223,9.279836917412883e-06,6.868765548854085e-07,2.67922152109081e-12,3.147598126780187e-12,5.016320682887714e-13,1.1786529378397682e-12,1.7397238796321738e-07,2.1726304055421672e-07,0.20125701544372154,0.2662337510878368,3.813015408499348e-15,9.241432001626328e-15,4.723001475105881e-13,1.1796511768758475e-12,2.933298664801839e-12,3.021335115174185e-12,5.224323541283577e-06,5.767814892211187e-06,0.013593197069872989,0.016013453883948415,0.2561071549798918,0.5267598159587424,0.03259335882773278,0.10532911496112621,1.1163366982681088e-07,2.3787045045179508e-07,2.7264685207662643e-06,6.011402183844136e-06,1.3095480353846228e-06,3.0811927419291304e-06,2.941849799316544e-05,6.0602857860324024e-05,8.015147751563354e-09,1.710467582715988e-08,2.191887922773968e-06,4.839824219587822e-06,5.3544152542839974e-11,1.6131724558213738e-10,1.7704778539386223e-18,1.821014668545077e-18,8.068608900510504e-12,9.493367961264295e-12,5.39946208981919e-12,1.150682877693028e-11,1.8314195376794786e-15,3.4989647643339548e-15,1.3178960731774275e-08,2.6154158606900104e-08,3.5683513633626925e-19,1.0751738627692254e-18,0.006336814249070828,0.013035386659858754,3.408830442198702e-31,9.999999999999975e-31,8.871005609085409e-10,2.872497869095198e-09,4.1350443795960925e-11,1.307015397475525e-10
1.0170000000000001,1380.8146070973862,5.050425740717027,0.17362826773974158,7.453977459965007,0.4900724324847191,0.07254919374210392,9.27397718591138e-06,6.864491073383479e-07,2.675210146072028e-12,3.142914239261155e-12,5.008554963564991e-13,1.176839040942148e-12,1.7382104471655568e-07,2.1707602323708355e-07,0.20124937254781788,0.2662260758613363,3.807068668182928e-15,9.227103559426667e-15,4.717713863294859e-13,1.1783412829953666e-12,2.927978143967117e-12,3.0158824974763674e-12,5.219140403572851e-06,5.762145255022283e-06,0.013588564846914264,0.016008143326823127,0.256108200948956,0.5267667857229876,0.03259426787843393,0.10533301615907065,1.115876494000981e-07,2.3777456450064484e-07,2.72656308898751e-06,6.011665680460551e-06,1.3085796467687151e-06,3.078942415609859e-06,2.9379254495847662e-05,6.052256886240332e-05,8.003118589604221e-09,1.7079161295311236e-08,2.1899018377312547e-06,4.835483051810408e-06,5.346684684112985e-11,1.610858132752739e-10,1.7697838390783585e-18,1.8203174943466882e-18,8.063663657319541e-12,9.48763626945562e-12,5.395659199459425e-12,1.1498829594199223e-11,1.8297811665613933e-15,3.4958665998085194e-15,1.3178845054756444e-08,2.6154168277766344e-08,3.565232576392331e-19,1.0742439726696933e-18,0.006336756285213065,0.013035386659866496,3.408799261077091e-31,9.999999999999973e-31,8.858128631251455e-10,2.8683544448017204e-09,4.1308051463489276e-11,1.305687393127543e-10
1.018,1380.7495273815239,5.050578353538582,0.17362302123172077,7.459737064842895,0.49008284780122335,0.07255139807443443,9.268124693202988e-06,6.860221766961286e-07,2.671207392885047e-12,3.1382403446031602e-12,5.000806586901298e-13,1.175029166838357e-12,1.73669933970984e-07,2.1688928935438876e-07,0.201241740857026,0.2662184110149225,3.801135230650798e-15,9.212806948142867e-15,4.712435823862528e-13,1.1770337370387568e-12,2.922671408808999e-12,3.0104439310542158e-12,5.2139670777539706e-06,5.756486253906057e-06,0.013583940768887129,0.01600284200921738,0.25610924274851854,0.5267737385252982,0.03259517763296592,0.10533691800052888,1.1154167368570548e-07,2.3767876822936358e-07,2.7266575224938875e-06,6.011928787706527e-06,1.307612989523632e-06,3.076696072157782e-06,2.9340104662724194e-05,6.044247037294354e-05,7.991119463880113e-09,1.705371012088041e-08,2.1879200050766064e-06,4.831151116241804e-06,5.338971596600499e-11,1.6085490086005918e-10,1.769090029482941e-18,1.8196204891136755e-18,8.0587250211089e-12,9.481912093331712e-12,5.391861344358086e-12,1.1490840810284381e-11,1.8281453117884254e-15,3.4927731297717573e-15,1.3178729584248043e-08,2.6154177935950993e-08,3.562118222941595e-19,1.0733153840923782e-18,0.006336698423766159,0.01303538665987425,3.4087681350464527e-31,9.999999999999983e-31,8.845285799879707e-10,2.864221955497222e-09,4.126574363988779e-11,1.304362014630506e-10
1.0190000000000001,1380.6844932897097,5.050730920456101,0.17361777661869804,7.465496843705841,0.49009324705314267,0.07255359889923625,9.262279421409584e-06,6.855957616987245e-07,2.667213234250444e-12,3.1335764113873795e-12,4.99307549575475e-13,1.1732233023484088e-12,1.7351905509543266e-07,2.1670283814382058e-07,0.2012341203447708,0.26621075652514464,3.795215052213047e-15,9.198542063829715e-15,4.707167328979076e-13,1.175728532231366e-12,2.9173784095990333e-12,3.0050193654587177e-12,5.2088035342746076e-06,5.750837857039362e-06,0.013579324814997946,0.015997549907808706,0.2561102803915683,0.5267806744134526,0.032596088087280504,0.1053408204766189,1.1149574258294135e-07,2.3758306144035263e-07,2.7267518216349595e-06,6.01219150657893e-06,1.3066480587605796e-06,3.0744537004155287e-06,2.9301048176180523e-05,6.0362561749240476e-05,7.979150269038803e-09,1.7028322082711353e-08,2.1859424117859842e-06,4.826828384786617e-06,5.3312759334834425e-11,1.6062450661320516e-10,1.7683964246807764e-18,1.8189236524748904e-18,8.053792978814392e-12,9.476195418397822e-12,5.388068511725398e-12,1.1482862399077445e-11,1.826511966566799e-15,3.4896843416670906e-15,1.3178614319714814e-08,2.615418758147848e-08,3.5590082942285436e-19,1.0723880945163219e-18,0.006336640664467085,0.013035386659881973,3.4087370639653005e-31,9.999999999999996e-31,8.832476990928556e-10,2.8601003616336292e-09,4.122352005778748e-11,1.303039253723393e-10
1.02,1380.6195047072974,5.050883441592843,0.17361253389612194,7.471256796501636,0.49010363028276954,0.07255579622556817,9.256441352061767e-06,6.851698610420677e-07,2.663227642579898e-12,3.1289224078287016e-12,4.985361633227137e-13,1.1714214343482214e-12,1.733684074470679e-07,2.1651666882825504e-07,0.20122651098119898,0.26620311236417027,3.789308089200915e-15,9.184308802582577e-15,4.701908350040662e-13,1.1744256616043324e-12,2.9120990964036986e-12,2.9996087500250602e-12,5.203649743309715e-06,5.745200032293919e-06,0.01357471696455792,0.015992266999393007,0.25611131388767894,0.5267875934281266,0.03259699924071738,0.10534472358939126,1.114498559811295e-07,2.3748744391466835e-07,2.726845986737352e-06,6.012453838023222e-06,1.3056848492967879e-06,3.0722152885323682e-06,2.9262084703872926e-05,6.028284231818164e-05,7.967210895730701e-09,1.7002996951096085e-08,2.1839690440348216e-06,4.822514827578384e-06,5.32359763631977e-11,1.6039462880585586e-10,1.767703024455193e-18,1.818226984320959e-18,8.048867511658603e-12,9.470486223433182e-12,5.384280688451117e-12,1.1474894333782025e-11,1.8248811240052775e-15,3.486600222749766e-15,1.3178499260630278e-08,2.61541972143846e-08,3.555902777273425e-19,1.0714621001551455e-18,0.006336583007053833,0.013035386659889672,3.4087060476926823e-31,9.999999999999989e-31,8.819702074886926e-10,2.855989621888115e-09,4.118138044620615e-11,1.3017191020299894e-10
1.0210000000000001,1380.554561520185,5.051035917071091,0.17360729305947573,7.477016923178211,0.49011399753256313,0.07255799006250575,9.250610467152553e-06,6.847444734560675e-07,2.6592505906262022e-12,3.1242783025395086e-12,4.977664942912185e-13,1.1696235498279984e-12,1.7321799039275576e-07,2.1633078064256925e-07,0.20121891273625808,0.26619547850386743,3.783414298423474e-15,9.17010706164465e-15,4.696658858943702e-13,1.173125118312909e-12,2.9068334197685915e-12,2.9942120345774945e-12,5.198505675366262e-06,5.7395727479041945e-06,0.013570117196929387,0.01598699326082186,0.25611234324609955,0.5267944956092684,0.032597911092909625,0.10534862734183238,1.1140401377453938e-07,2.373919154438443e-07,2.726940018126617e-06,6.0127157829818746e-06,1.3047233560902615e-06,3.069980824987246e-06,2.922321392161625e-05,6.020331142339882e-05,7.955301236999287e-09,1.6977734501413057e-08,2.181999888400821e-06,4.8182104156356365e-06,5.31593664714381e-11,1.6016526572333742e-10,1.7670098285251533e-18,1.8175304844759434e-18,8.043948598977613e-12,9.464784484993698e-12,5.380497861704346e-12,1.1466936588192389e-11,1.8232527773173397e-15,3.483520760473242e-15,1.317838440647158e-08,2.6154206834709084e-08,3.552801660705484e-19,1.0705373977067484e-18,0.006336525451265188,0.013035386659897372,3.408675086088089e-31,1.0000000000000013e-30,8.806960925305149e-10,2.8518896959256235e-09,4.1139324537392603e-11,1.300401551275279e-10
1.022,1380.4896636131489,5.051188347017507,0.17360205410409324,7.482777223683644,0.4901243488427293,0.07256018041877947,9.244786748591681e-06,6.843195976641847e-07,2.6552820512055503e-12,3.119644064203271e-12,4.969985368365522e-13,1.167829635767637e-12,1.7306780330029494e-07,2.1614517282268225e-07,0.2012113255820952,0.26618785491896474,3.7775336366195005e-15,9.15593673807806e-15,4.69141882768319e-13,1.171826895536081e-12,2.9015813303951016e-12,2.9888291690961787e-12,5.193371301014334e-06,5.733955972170249e-06,0.013565525491557921,0.015981728669039533,0.2561133684781235,0.526801381000943,0.03259882364141436,0.10535253173020208,1.1135821585747028e-07,2.372964758194045e-07,2.727033916138179e-06,6.0129773424182e-06,1.303763574130019e-06,3.067750298330387e-06,2.918443550671337e-05,6.0123968411523796e-05,7.943421186341905e-09,1.695253450998804e-08,2.1800349315276626e-06,4.8139151201191195e-06,5.308292908202974e-11,1.5993641565721872e-10,1.766316836565056e-18,1.8168341527176147e-18,8.039036225071678e-12,9.459090185472201e-12,5.3767200186075775e-12,1.145898913599821e-11,1.8216269197107927e-15,3.480445942278127e-15,1.3178269756713014e-08,2.6154216442481518e-08,3.5497049335006203e-19,1.0696139839729025e-18,0.006336467996841021,0.013035386659905085,3.4086441790115666e-31,1.000000000000002e-30,8.794253416404536e-10,2.847800543624699e-09,4.1097352064641705e-11,1.2990865932163163e-10
1.0230000000000001,1380.424810870195,5.051340731561953,0.17359681702519966,7.488537697966158,0.49013468425171913,0.07256236730284965,9.238970178696622e-06,6.838952324197891e-07,2.651321997471052e-12,3.1150196618959667e-12,4.962322853419994e-13,1.1660396792108422e-12,1.7291784554731244e-07,2.1595984461666878e-07,0.20120374949257935,0.2661802415864239,3.771666060822912e-15,9.141797729649778e-15,4.686188228819004e-13,1.1705309865930653e-12,2.8963427794443067e-12,2.9834601040302893e-12,5.1882465911502084e-06,5.728349673748315e-06,0.013560941827956467,0.015976473201064604,0.2561143895965964,0.526808249650331,0.032599736882191664,0.10535643674558283,1.1131246212980922e-07,2.3720112484471132e-07,2.727127681116804e-06,6.0132385173152844e-06,1.3028054985818048e-06,3.0655236975262146e-06,2.9145749146016024e-05,6.004481264879631e-05,7.931570639994015e-09,1.692739675896952e-08,2.178074160542989e-06,4.809628913254883e-06,5.300666362231024e-11,1.597080769135484e-10,1.765624048128122e-18,1.8161379886986788e-18,8.034130377842127e-12,9.453403311494972e-12,5.372947146523689e-12,1.1451051951396457e-11,1.8200035444849734e-15,3.4773757557779605e-15,1.3178155310827393e-08,2.6154226037724452e-08,3.546612586654338e-19,1.0686918563633842e-18,0.006336410643522167,0.013035386659912763,3.4086133263237203e-31,1.0000000000000034e-30,8.781579426030094e-10,2.843722126033735e-09,4.1055462764835146e-11,1.29777421972257e-10
1.024,1380.3600031797669,5.051493070821478,0.1735915818184616,7.494298345974111,0.4901450038032021,0.07256455072394068,9.233160739264275e-06,6.834713764374629e-07,2.6473704022775413e-12,3.1104050643399008e-12,4.954677342379129e-13,1.1642536673106283e-12,1.7276811649979756e-07,2.157747952579564e-07,0.20119618443629783,0.26617263847618133,3.7658115282851435e-15,9.127689934643788e-15,4.680967034082585e-13,1.1692373845953188e-12,2.8911177178966877e-12,2.978104789638585e-12,5.183131516411401e-06,5.722753821005114e-06,0.013556366185730128,0.01597122683401955,0.256115406608982,0.5268151015934782,0.03260065081656848,0.10536034239638835,1.1126675248094786e-07,2.3710586230069972e-07,2.72722131337328e-06,6.013499308580617e-06,1.3018491242842472e-06,3.0633010107678926e-06,2.910715451041618e-05,5.996584346851447e-05,7.919749489895061e-09,1.6902321021317246e-08,2.176117561700836e-06,4.805351765336656e-06,5.293056951777303e-11,1.594802477926499e-10,1.7649314630791196e-18,1.8154419923919206e-18,8.029231034337337e-12,9.447723836914634e-12,5.369179232543679e-12,1.1443125007999924e-11,1.8183826448581242e-15,3.4743101884294866e-15,1.3178041068300141e-08,2.6154235620482044e-08,3.5435246064751437e-19,1.067771010875128e-18,0.00633635339105031,0.013035386659920403,3.4085825278855907e-31,1.0000000000000046e-30,8.768938826051509e-10,2.8396544022626483e-09,4.101365637094309e-11,1.296464422538936e-10
1.025,1380.2952404291668,5.0516453649173565,0.1735863484794017,7.500059167656,0.4901553075387386,0.07256673069095596,9.227358412434319e-06,6.830480284569065e-07,2.6434272387834246e-12,3.1058002406108107e-12,4.947048779739747e-13,1.162471587264138e-12,1.7261861553249126e-07,2.1559002399078925e-07,0.20118863038391885,0.2661650455608872,3.759969996473942e-15,9.113613251858196e-15,4.675755215729014e-13,1.1679460827842591e-12,2.8859060971492585e-12,2.9727631766045076e-12,5.178026047724166e-06,5.717168382622347e-06,0.01355179854453976,0.015965989545087843,0.25611641952468367,0.5268219368703528,0.032601565443896176,0.10536424868463429,1.1122108680538922e-07,2.3701068797913282e-07,2.7273148132297738e-06,6.0137597171460855e-06,1.3008944462431616e-06,3.0610822266404123e-06,2.9068651279756915e-05,5.988706022235451e-05,7.907957630544622e-09,1.6877307075434367e-08,2.1741651217089986e-06,4.801083647656886e-06,5.28546461983642e-11,1.5925292660809393e-10,1.7642390811586613e-18,1.814746163642045e-18,8.024338174744769e-12,9.442051739273639e-12,5.365416263959034e-12,1.1435208279843938e-11,1.8167642141259693e-15,3.4712492278356314e-15,1.317792702861528e-08,2.6154245190792126e-08,3.5404409814424355e-19,1.0668514441586684e-18,0.006336296239168017,0.01303538665992806,3.408551783558683e-31,1.000000000000007e-30,8.756331491753812e-10,2.8355973325238165e-09,4.0971932619249035e-11,1.2951571935141148e-10
1.026,1380.2305225035543,5.051797613978308,0.17358111700328777,7.505820162960466,0.4901655954963482,0.0725689072122639,9.221563180783887e-06,6.826251872499287e-07,2.6394924805255228e-12,3.1012051602257435e-12,4.939437110107508e-13,1.1606934262927758e-12,1.7246934203153568e-07,2.154055300735323e-07,0.201181087309612,0.2661574628177777,3.754141423029748e-15,9.099567580499306e-15,4.670552746723001e-13,1.1666570745776994e-12,2.8807078690863878e-12,2.9674352161090898e-12,5.172930156374447e-06,5.7115933276749e-06,0.013547238884107967,0.015960761311520567,0.256117428356446,0.5268287555277152,0.03260248076014662,0.10536815560139771,1.1117546500488462e-07,2.3691560168715038e-07,2.7274081810280383e-06,6.014019743985899e-06,1.2999414597030335e-06,3.0588673342887327e-06,2.9030239146302718e-05,5.9808462287519795e-05,7.896194959946146e-09,1.685235470718141e-08,2.1722168279172345e-06,4.79682453292228e-06,5.277889309934585e-11,1.5902611168929654e-10,1.7635469019141872e-18,1.81405050209462e-18,8.019451786487068e-12,9.436387004624025e-12,5.361658228311945e-12,1.1427301741493109e-11,1.8151482456787803e-15,3.4681928617780238e-15,1.3177813191251773e-08,2.6154254748678302e-08,3.537361702993329e-19,1.0659331537552402e-18,0.006336239187618843,0.013035386659935705,3.408521093205048e-31,1.0000000000000088e-30,8.743757303154234e-10,2.8315508785585067e-09,4.0930291250378125e-11,1.2938525246330898e-10
1.027,1380.165849290996,5.0519498181249665,0.1735758873856667,7.511581331836291,0.4901758677171424,0.07257108029668094,9.215775026407908e-06,6.822028515523818e-07,2.635566100795187e-12,3.0966197924101062e-12,4.931842278366874e-13,1.1589191716821695e-12,1.7232029537340726e-07,2.152213127523636e-07,0.20117355518439817,0.2661498902198807,3.7483257656701435e-15,9.08555281995021e-15,4.665359599376366e-13,1.1653703532295301e-12,2.8755229854514904e-12,2.962120859183805e-12,5.167843813433808e-06,5.706028624997111e-06,0.013542687184254497,0.015955542110678372,0.25611843311373156,0.5268355576055004,0.03260339676454674,0.1053720631482603,1.111298869726113e-07,2.3682060321355462e-07,2.727501417087842e-06,6.014279390025013e-06,1.2989901596540144e-06,3.056656322257766e-06,2.8991917789733702e-05,5.973004901522529e-05,7.884461372710487e-09,1.682746369515815e-08,2.170272666986024e-06,4.792574392314183e-06,5.270330965475763e-11,1.5879980136182198e-10,1.7628549251212375e-18,1.8133550076294397e-18,8.014571851410365e-12,9.430729612452446e-12,5.3579051128867265e-12,1.1419405366957561e-11,1.813534732830151e-15,3.465141077889898e-15,1.3177699555696047e-08,2.615426429417508e-08,3.534286758853056e-19,1.0650161360870292e-18,0.006336182236147291,0.013035386659943334,3.408490456687239e-31,1.0000000000000088e-30,8.731216135599419e-10,2.827515000592e-09,4.0888732001968055e-11,1.2925504077854723e-10
1.028,1380.1012206795426,5.052101977478833,0.17357065962205678,7.517342674232394,0.49018612424157537,0.07257324995291677,9.209993931609857e-06,6.817810201152959e-07,2.631648073087984e-12,3.0920441066260384e-12,4.924264229670024e-13,1.157148810779575e-12,1.7217147493997661e-07,2.1503737128008454e-07,0.20116603397991428,0.26614232774099805,3.742522982353527e-15,9.071568870167601e-15,4.660175746292476e-13,1.1640859120656334e-12,2.8703513983070785e-12,2.956820057184505e-12,5.162766990174971e-06,5.700474243641594e-06,0.013538143424864866,0.015950331919994596,0.25611943380648305,0.5268423431445599,0.032604313455812356,0.1053759713251376,1.1108435260420796e-07,2.3672569235232803e-07,2.727594521731415e-06,6.01453865619306e-06,1.2980405411676826e-06,3.0544491792824598e-06,2.895368689437578e-05,5.965181976619543e-05,7.872756764826764e-09,1.680263382088573e-08,2.168332625800593e-06,4.7883331975069895e-06,5.2627895302052274e-11,1.5857399396135101e-10,1.7621631505103718e-18,1.812659680079637e-18,8.009698352013334e-12,9.425079543009703e-12,5.35415690509619e-12,1.1411519130516495e-11,1.8119236689469612e-15,3.4620938639044366e-15,1.317758612143583e-08,2.615427382731583e-08,3.531216137692024e-19,1.0641003878604912e-18,0.006336125384498773,0.013035386659950942,3.408459873868307e-31,1.0000000000000078e-30,8.718707866222295e-10,2.8234896594245667e-09,4.084725461374459e-11,1.2912508349259514e-10
1.029,1380.036636557451,5.052254092161493,0.1735654337079745,7.523104190097831,0.4901963651097568,0.07257541618962142,9.204219879019613e-06,6.813596917136131e-07,2.62773837116532e-12,3.08747807264487e-12,4.916702909529282e-13,1.1553823310156207e-12,1.720228801205292e-07,2.1485370491864629e-07,0.20115852366810807,0.26613477535530417,3.7367330313792244e-15,9.057615631924601e-15,4.655001160464892e-13,1.1628037445085454e-12,2.8651930601033787e-12,2.9515327618621642e-12,5.157699658131679e-06,5.694930152945453e-06,0.013533607585882478,0.01594513071696616,0.25612043044482075,0.5268491121860448,0.032605230832449573,0.10537988013125374,1.1103886179899278e-07,2.3663086890523207e-07,2.7276874952822053e-06,6.014797543421673e-06,1.2970925994259944e-06,3.0522458943559626e-06,2.891554615088023e-05,5.957377391412575e-05,7.861081034140135e-09,1.6777864869826795e-08,2.1663966915571555e-06,4.784100920858674e-06,5.255264948268283e-11,1.583486878354534e-10,1.7614715777560576e-18,1.8119645192202694e-18,8.004831270676995e-12,9.4194367764046e-12,5.350413592551202e-12,1.1403643006866557e-11,1.8103150474730307e-15,3.4590512077000124e-15,1.317747288796077e-08,2.6154283348134242e-08,3.528149829350887e-19,1.0631859061342024e-18,0.006336068632419564,0.013035386659958572,3.4084293446117655e-31,1.0000000000000095e-30,8.706232374545947e-10,2.8194748166270875e-09,4.080585882805007e-11,1.289953798091022e-10
1.03,1379.9720968131705,5.05240616229481,0.17356020963892793,7.5288658793818,0.4902065903613441,0.07257757901536767,9.198452851057244e-06,6.809388651064795e-07,2.6238369687499094e-12,3.082921660189264e-12,4.909158263521977e-13,1.1536197198349303e-12,1.71874510301814e-07,2.14670312926717e-07,0.20115102422132758,0.26612723303745867,3.730955871026154e-15,9.043693005934772e-15,4.649835814739964e-13,1.1615238439431924e-12,2.860047923344371e-12,2.9462589250188234e-12,5.15264178880795e-06,5.689396322209115e-06,0.013529079647335258,0.0159399384791846,0.2561214230391227,0.5268558647715585,0.03260614889267638,0.1053837895648859,1.1099341445352721e-07,2.365361326680861e-07,2.7277803380631188e-06,6.015056052640465e-06,1.2961463295488337e-06,3.050046456323774e-06,2.887749524679593e-05,5.949591082625843e-05,7.849434077693545e-09,1.6753156625711786e-08,2.164464851272079e-06,4.779877534326792e-06,5.247757163906272e-11,1.5812388133442533e-10,1.7607802065773424e-18,1.811269524871837e-18,7.999970591081703e-12,9.41380129427113e-12,5.346675162748888e-12,1.139577697045709e-11,1.8087088618234725e-15,3.4560130970982578e-15,1.3177359854761137e-08,2.615429285666121e-08,3.525087822726392e-19,1.0622726876817587e-18,0.006336011979656886,0.013035386659966185,3.4083988687816255e-31,1.0000000000000088e-30,8.693789539020346e-10,2.8154704334194704e-09,4.076454438693059e-11,1.2886592893068807e-10
1.031,1379.9076013356357,5.0525581879999315,0.17355498741045086,7.534627742033635,0.49021680003596046,0.07257973843871401,9.192692830315973e-06,6.805185390656047e-07,2.619943839737927e-12,3.078374839182546e-12,4.901630237534915e-13,1.151860964753596e-12,1.7172636487494968e-07,2.1448719456831064e-07,0.20114353561191547,0.26611970076207364,3.725191459837358e-15,9.029800893541979e-15,4.64467968217774e-13,1.1602462038070647e-12,2.8549159408229402e-12,2.940998498749889e-12,5.147593353882725e-06,5.683872720922411e-06,0.013524559589318702,0.015934755184316352,0.256122411599623,0.5268626009423385,0.03260706763482183,0.1053876996246559,1.1094801046595888e-07,2.364414834400257e-07,2.7278730503956898e-06,6.015314184775284e-06,1.295201726707192e-06,3.0478508541501157e-06,2.8839533872832474e-05,5.941822987628704e-05,7.837815793501488e-09,1.6728508874325016e-08,2.1625370921067384e-06,4.775663010185943e-06,5.240266121667737e-11,1.578995728176554e-10,1.7600890366787607e-18,1.810574696839523e-18,7.995116296695392e-12,9.408173077989758e-12,5.342941603296549e-12,1.1387920995967531e-11,1.8071051054607303e-15,3.4529795200094088e-15,1.3177247021329337e-08,2.615430235292817e-08,3.5220301071220644e-19,1.0613607293988091e-18,0.00633595542595886,0.013035386659973764,3.4083684462424133e-31,1.0000000000000104e-30,8.681379239311196e-10,2.8114764714119312e-09,4.0723311034100916e-11,1.2873673006515645e-10
1.032,1379.843150015462,5.0527101693936105,0.17354976701822922,7.540389778002805,0.49022699417482896,0.07258189446844733,9.186939799261633e-06,6.800987123530211e-07,2.6160589580033685e-12,3.0738375795188844e-12,4.894118777761764e-13,1.1501060533585855e-12,1.7157844322884733e-07,2.1430434910457496e-07,0.20113605781057042,0.2661121785015484,3.719439756544047e-15,9.015939196536433e-15,4.639532735643847e-13,1.1589708174882851e-12,2.849797065418799e-12,2.9357514352360284e-12,5.142554325025838e-06,5.678359318561449e-06,0.013520047392002929,0.01592958081011125,0.25612339613479446,0.5268693207359344,0.03260798705895198,0.10539161031478655,1.1090264973126422e-07,2.3634692101336734e-07,2.7279656325897884e-06,6.015571940725593e-06,1.2942587859783622e-06,3.04565907657722e-06,2.880166171544641e-05,5.934073042908298e-05,7.826226078499534e-09,1.6703921399128552e-08,2.160613400973625e-06,4.771457320157988e-06,5.232791766201466e-11,1.5767576064739138e-10,1.759398067867297e-18,1.809880035033532e-18,7.990268367399511e-12,9.402552104717087e-12,5.339212901743661e-12,1.13800750579495e-11,1.805503771837434e-15,3.4499504643231608e-15,1.3177134387163064e-08,2.615431183697366e-08,3.5189766703563396e-19,1.0604500277329565e-18,0.006335898971074458,0.013035386659981347,3.40833807685907e-31,1.0000000000000111e-30,8.669001353528699e-10,2.8074928917075825e-09,4.068215851273048e-11,1.286077824184978e-10
1.033,1379.7787427398089,5.052862106604036,0.17354454845755718,7.546151987238923,0.4902371728139132,0.07258404711256487,9.181193741014868e-06,6.79679383778969e-07,2.6121822979420284e-12,3.0693098517023663e-12,4.886623830443991e-13,1.1483549732468296e-12,1.7143074476879184e-07,2.1412177581699308e-07,0.20112859079321743,0.2661046662351502,3.7137007200562216e-15,9.002107817131716e-15,4.634394949038395e-13,1.1576976786325583e-12,2.844691250637639e-12,2.930517687298501e-12,5.137524674400242e-06,5.67285608514299e-06,0.013515543035610934,0.015924415334376354,0.25612437665816057,0.5268760242002036,0.0326089071600366,0.10539552162301222,1.1085733215550829e-07,2.362524452039895e-07,2.72805808498556e-06,6.015829321456728e-06,1.2933175027983831e-06,3.043471113189921e-06,2.8763878479542073e-05,5.926341188746471e-05,7.814664834775508e-09,1.6679393994561304e-08,2.1586937657515612e-06,4.767260438095543e-06,5.2253340428340355e-11,1.574524432061382e-10,1.758707299651376e-18,1.8091855390565128e-18,7.985426793401084e-12,9.396938363756532e-12,5.335489046009383e-12,1.1372239131737605e-11,1.8039048545403054e-15,3.446925918183532e-15,1.3177021951751822e-08,2.6154321308815683e-08,3.51592750494968e-19,1.0595405805482175e-18,0.006335842614753662,0.013035386659988907,3.408307760497112e-31,1.0000000000000125e-30,8.656655766769554e-10,2.8035196576687085e-09,4.064108657205102e-11,1.2847908521577408e-10
1.034,1379.714379401249,5.053013999743561,0.17353933172427405,7.551914369691731,0.4902473359956902,0.07258619638002013,9.175454638022283e-06,6.792605521035478e-07,2.608313833545023e-12,3.0647916257585432e-12,4.879145342324257e-13,1.1466077121318204e-12,1.7128326888481412e-07,2.1393947396788863e-07,0.2011211345292113,0.2660971639334175,3.707974309489349e-15,8.988306658029845e-15,4.629266295198853e-13,1.1564267806193488e-12,2.8395984496934327e-12,2.9252972074539293e-12,5.1325043738096645e-06,5.66736299028354e-06,0.013511046500461475,0.015919258735027128,0.2561253531765804,0.526882711369232,0.03260982793969651,0.10539943355855147,1.1081205763149886e-07,2.3615805579945834e-07,2.7281504078812274e-06,6.016086327840944e-06,1.2923778721895974e-06,3.041286952598073e-06,2.8726183849707603e-05,5.918627361233425e-05,7.803131958930055e-09,1.6654926443331495e-08,2.156778173210796e-06,4.763072335400021e-06,5.217892896588383e-11,1.5722961886709252e-10,1.7580167319272076e-18,1.8084912089096684e-18,7.980591551964514e-12,9.391331829177873e-12,5.331770023656165e-12,1.1364413191901684e-11,1.802308347046209e-15,3.443905869522873e-15,1.317690971459976e-08,2.6154330768498044e-08,3.5128825974222285e-19,1.0586323838999005e-18,0.006335786356747264,0.013035386659996456,3.4082774970224713e-31,1.0000000000000125e-30,8.644342356526351e-10,2.799556730191682e-09,4.0600094956096314e-11,1.283506376655274e-10
1.035,1379.6500598898065,5.0531658489330855,0.17353411681392658,7.557676925311109,0.4902574837586546,0.07258834227916786,9.16972247320157e-06,6.788422161214821e-07,2.6044535392010383e-12,3.0602828721770285e-12,4.871683260213214e-13,1.1448642577418033e-12,1.7113601497910545e-07,2.1375744283466445e-07,0.20111368899185703,0.266089671572075,3.702260484108962e-15,8.974535622286924e-15,4.624146747730059e-13,1.1551581170190157e-12,2.8345186162981447e-12,2.9200899487278127e-12,5.127493395433403e-06,5.6618800040106445e-06,0.013506557766924984,0.01591411099003531,0.2561263257007198,0.5268893822848675,0.03261074939570863,0.1054033461181849,1.1076682606005473e-07,2.3606375260434955e-07,2.728242601597682e-06,6.016342960799758e-06,1.2914398894369345e-06,3.0391065840279424e-06,2.868857752411008e-05,5.910931499251153e-05,7.79162735137307e-09,1.6630518536258402e-08,2.1548666108281912e-06,4.758892985030188e-06,5.210468273029671e-11,1.5700728601962952e-10,1.75732636437335e-18,1.807797044369925e-18,7.975762627484914e-12,9.385732483438419e-12,5.32805582251416e-12,1.1356597213577529e-11,1.800714242931412e-15,3.4408903064616734e-15,1.3176797675205608e-08,2.6154340216050176e-08,3.509841937861219e-19,1.0577254349177456e-18,0.0063357301968069105,0.013035386660003964,3.408247286301553e-31,1.0000000000000108e-30,8.632061005451051e-10,2.7956040718404416e-09,4.0559183413502735e-11,1.2822243899076098e-10
1.036,1379.5857840967128,5.0533176542906055,0.1735289037221625,7.563439654047073,0.4902676161422246,0.07259048481849031,9.163997229375396e-06,6.784243746202122e-07,2.600601389303935e-12,3.0557835614504538e-12,4.864237531177901e-13,1.1431245978640511e-12,1.7098898245265574e-07,2.1357568169311318e-07,0.20110625415349073,0.26608218912552506,3.696559203338245e-15,8.960794613331542e-15,4.619036280117467e-13,1.1538916813712957e-12,2.829451704273264e-12,2.9148958642543556e-12,5.122491711466785e-06,5.656407096365885e-06,0.013502076815448221,0.015908972077457895,0.2561272942401392,0.5268960369866137,0.032611671526925144,0.10540725930215424,1.1072163733967464e-07,2.3596953541823146e-07,2.728334666447843e-06,6.016599221236357e-06,1.2905035497613298e-06,3.036929996553693e-06,2.865105919807164e-05,5.9032535410896e-05,7.780150911815786e-09,1.660617006265092e-08,2.1529590659084484e-06,4.75472235956151e-06,5.203060117853472e-11,1.56785443056894e-10,1.7566361967404735e-18,1.807103045288004e-18,7.970940002719803e-12,9.380140307064867e-12,5.324346430371556e-12,1.1348791171806856e-11,1.799122535767799e-15,3.4378792171102577e-15,1.3176685833071826e-08,2.61543496515052e-08,3.50680551516997e-19,1.0568197303741965e-18,0.006335674134685194,0.013035386660011503,3.4082171282012584e-31,1.0000000000000095e-30,8.619811595175947e-10,2.7916616448453925e-09,4.0518351692759295e-11,1.2809448841392325e-10
1.037,1379.5215519103745,5.053469415943649,0.17352369244430324,7.569202555849782,0.490277733181371,0.07259262400580034,9.158278889932208e-06,6.780070264287993e-07,2.596757358703619e-12,3.051293664604201e-12,4.856808102364155e-13,1.1413887203031147e-12,1.708421707206533e-07,2.1339418983664873e-07,0.201098829990863,0.2660747165739647,3.690870426780201e-15,8.947083535018402e-15,4.613934866734755e-13,1.1526274674369977e-12,2.824397667999311e-12,2.9097149077395188e-12,5.117499294539807e-06,5.650944237867061e-06,0.013497603626535832,0.01590384197541512,0.2561282588086467,0.526902675522631,0.032612594327909354,0.10541117309682199,1.1067649137829307e-07,2.35875404060714e-07,2.7284266027697638e-06,6.016855110108495e-06,1.2895688486893736e-06,3.0347571799672218e-06,2.861362858267357e-05,5.895593428279746e-05,7.768702544377405e-09,1.658188082120704e-08,2.15105552658055e-06,4.750560433386651e-06,5.1956683773622935e-11,1.565640883901577e-10,1.7559462285278592e-18,1.8064092112555927e-18,7.96612366936545e-12,9.37455529109932e-12,5.320641835337625e-12,1.1340995042310908e-11,1.797533219244778e-15,3.434872589801657e-15,1.3176574187693903e-08,2.615435907487822e-08,3.5037733222112987e-19,1.0559152682344089e-18,0.00633561817013569,0.013035386660019055,3.408187022589041e-31,1.0000000000000125e-30,8.607594013297218e-10,2.7877294133651034e-09,4.047759954762985e-11,1.2796678517404738e-10
1.038,1379.4573632262118,5.053621133998915,0.17351848297638667,7.574965630669518,0.49028783491972794,0.07259475985018625,9.15256743732171e-06,6.775901703065785e-07,2.5929214216652313e-12,3.0468131519735857e-12,4.849394921482602e-13,1.139656612995094e-12,1.7069557917686502e-07,2.132129665318253e-07,0.20109141647199696,0.2660672538860103,3.685194114229377e-15,8.933402291657205e-15,4.608842480492327e-13,1.151365468610624e-12,2.8193564613834017e-12,2.9045470323975635e-12,5.112516116755085e-06,5.645491398446141e-06,0.013493138180794931,0.015898720662143748,0.25612921941124567,0.5269092979229109,0.03261351780202,0.10541508751696782,1.1063138806589753e-07,2.3578135831310188e-07,2.7285184108467364e-06,6.01711062825258e-06,1.2886357811866879e-06,3.032588122738886e-06,2.8576285361281045e-05,5.8879510966362724e-05,7.757282145663247e-09,1.6557650594568384e-08,2.1491559794673388e-06,4.746407177569073e-06,5.188292997361795e-11,1.563432204155667e-10,1.7552564597513246e-18,1.8057155423954185e-18,7.961313601726437e-12,9.3689774061142e-12,5.316942025019767e-12,1.133320879973689e-11,1.7959462868929382e-15,3.431870412563731e-15,1.3176462738586148e-08,2.6154368486218665e-08,3.50074534386919e-19,1.0550120440585276e-18,0.006335562302912674,0.013035386660026554,3.4081569693327045e-31,1.0000000000000115e-30,8.595408137039669e-10,2.78380733819601e-09,4.0436926724518614e-11,1.2783932848681528e-10
1.039,1379.3932179360995,5.053772808574683,0.17351327531405392,7.580728878456697,0.4902979213956993,0.0725968923599534,9.146862854772125e-06,6.771738050702784e-07,2.5890935530404545e-12,3.0423419945801382e-12,4.841997936345372e-13,1.1379282638987531e-12,1.705492072336189e-07,2.130320110682754e-07,0.20108401357012737,0.2660598010371363,3.6795302257322996e-15,8.91975078815908e-15,4.603759095455389e-13,1.1501056785743881e-12,2.814328039023465e-12,2.899392192150408e-12,5.107542150767446e-06,5.6400485486413155e-06,0.013488680458866477,0.015893608115915992,0.2561301760580055,0.5269159042278013,0.03261444194751121,0.10541900256085918,1.105863273051014e-07,2.3568739798354803e-07,2.7286100909928666e-06,6.017365776572293e-06,1.2877043426178896e-06,3.0304228142765353e-06,2.8539029237890282e-05,5.880326486218929e-05,7.74588961803653e-09,1.6533479177647678e-08,2.1472604122737087e-06,4.742262565558883e-06,5.1809339243896627e-11,1.5612283755116996e-10,1.754566890102957e-18,1.8050220384968175e-18,7.956509783021419e-12,9.363406633168428e-12,5.313246987465746e-12,1.1325432419666181e-11,1.7943617324001806e-15,3.428872673723205e-15,1.317635148525581e-08,2.6154377885558578e-08,3.497721570466733e-19,1.0541100550453348e-18,0.0063355065327712744,0.013035386660033994,3.408126968300533e-31,1.000000000000009e-30,8.583253851404328e-10,2.779895382649776e-09,4.0396332976494746e-11,1.2771211758889293e-10
1.04,1379.3291159301884,5.053924439795325,0.17350806945273828,7.586492299161879,0.49030799264473457,0.07259902154295969,9.141165125860655e-06,6.767579295622119e-07,2.5852737279909208e-12,3.037880163806573e-12,4.834617094871258e-13,1.1362036609967156e-12,1.7040305431251043e-07,2.1285132274709765e-07,0.20107662126140535,0.2660523580066327,3.673878721485057e-15,8.90612892978818e-15,4.598684686262566e-13,1.14884809115296e-12,2.809312355926481e-12,2.8942503413373324e-12,5.1025773695300466e-06,5.634615659316561e-06,0.013484230441453707,0.015888504315072684,0.25613112876175564,0.5269224944832538,0.03261536675983802,0.10542291821770065,1.1054130900431278e-07,2.3559352289249074e-07,2.728701643538296e-06,6.0176205560058846e-06,1.2867745285400392e-06,3.028261244439402e-06,2.850185992649479e-05,5.872719539141568e-05,7.734524866679395e-09,1.6509366371355798e-08,2.1453688132220824e-06,4.7381265719460845e-06,5.1735911054341674e-11,1.5590293822843666e-10,1.753877519118987e-18,1.8043286991883836e-18,7.95171220284404e-12,9.357842960819643e-12,5.3095567109243425e-12,1.1317665878103963e-11,1.7927795495311914e-15,3.4258793617517367e-15,1.3176240427205762e-08,2.6154387272917375e-08,3.494701994614491e-19,1.0532092990824849e-18,0.0063354508594676215,0.013035386660041472,3.4080970193613275e-31,1.0000000000000085e-30,8.571131045195239e-10,2.775993511266527e-09,4.035581806019478e-11,1.2758515172813633e-10
1.041,1379.2650571041868,5.054076027768972,0.1735028653884315,7.592255892735745,0.49031804870889917,0.07260114740803372,9.135474233097267e-06,6.76342542545437e-07,2.581461921051516e-12,3.0334276302961646e-12,4.827252345274733e-13,1.1344827923399081e-12,1.7025711981254533e-07,2.1267090084106774e-07,0.20106923951529698,0.2660449247649054,3.668239561634629e-15,8.892536621680247e-15,4.59361922609129e-13,1.147592699805202e-12,2.8043093665631114e-12,2.8891214337410955e-12,5.097621745421911e-06,5.629192700698316e-06,0.013479788109372438,0.015883409238082805,0.25613207752854794,0.5269290687212083,0.03261629224122274,0.10542683449855675,1.1049633305383125e-07,2.3549973282171335e-07,2.7287930687690096e-06,6.017874967393505e-06,1.2858463339648864e-06,3.026103401801942e-06,2.846477711368489e-05,5.865130191866029e-05,7.723187789305576e-09,1.6485311960643794e-08,2.1434811690521083e-06,4.733999168042924e-06,5.16626448695365e-11,1.5568352086271212e-10,1.7531883468046253e-18,1.8036355245808054e-18,7.94692083841918e-12,9.352286363066203e-12,5.3058711830598946e-12,1.1309909149805147e-11,1.7911997318640338e-15,3.4228904647626193e-15,1.3176129563952976e-08,2.6154396648338904e-08,3.4916866013094117e-19,1.0523097717626047e-18,0.0063353952827586565,0.013035386660048979,3.4080671223843347e-31,1.0000000000000095e-30,8.559039597022916e-10,2.77210168528176e-09,4.0315381724882784e-11,1.2745843012900732e-10
1.042,1379.2010413478047,5.054227572622871,0.17349766311647036,7.598019659129121,0.49032808962182667,0.07260326996274627,9.12979016056731e-06,6.759276428993989e-07,2.577658107835816e-12,3.0289843659567534e-12,4.819903635979486e-13,1.1327656460272415e-12,1.701114031679165e-07,2.1249074466680706e-07,0.20106186830969772,0.26603750129347314,3.662612706857143e-15,8.878973770244422e-15,4.588562690275176e-13,1.1463394985278595e-12,2.7993190266053836e-12,2.8840054243781647e-12,5.092675251841886e-06,5.623779644135612e-06,0.013475353443447502,0.015878322863421383,0.256133022372685,0.5269356269905084,0.03261721838558386,0.10543075138763705,1.104513993685016e-07,2.3540602760524957e-07,2.7288843670233522e-06,6.018129011690038e-06,1.2849197546556088e-06,3.0239492767055352e-06,2.8427780524873193e-05,5.857558388847666e-05,7.711878294416972e-09,1.646131575347158e-08,2.1415974685550244e-06,4.729880329689647e-06,5.1589540166467487e-11,1.554645839065625e-10,1.752499372568791e-18,1.8029425141709454e-18,7.942135682059038e-12,9.3467368316583e-12,5.3021903924277955e-12,1.1302162211419458e-11,1.789622273285142e-15,3.419905971456669e-15,1.3176018895001183e-08,2.615440601183706e-08,3.488675385573692e-19,1.051411471699161e-18,0.006335339802402202,0.013035386660056481,3.408037277239286e-31,1.0000000000000115e-30,8.546979400030912e-10,2.7682198706347038e-09,4.027502373189998e-11,1.2733195205406342e-10
1.043,1379.137068556885,5.05437907446625,0.17349246263281115,7.603783598292959,0.4903381154244991,0.07260538921574745,9.124112891083176e-06,6.755132294090612e-07,2.573862263204617e-12,3.0245503418086762e-12,4.812570915667102e-13,1.1310522102170675e-12,1.6996590378598794e-07,2.1231085350731995e-07,0.20105450761507804,0.2660300875639921,3.656998117700386e-15,8.865440281569497e-15,4.583515052433984e-13,1.1450884808887568e-12,2.7943412910566023e-12,2.878902267572128e-12,5.087737861495499e-06,5.618376460208371e-06,0.013470926424625563,0.015873245169702573,0.2561339633009546,0.5269421693244722,0.032618145194344625,0.10543466889339552,1.1040650784205058e-07,2.3531240703206444e-07,2.7289755385905175e-06,6.018382689741273e-06,1.2839947857419184e-06,3.02179885799933e-06,2.8390869853491233e-05,5.850004067946579e-05,7.700596281779374e-09,1.6437377539133445e-08,2.13971769879589e-06,4.725770028911183e-06,5.151659641551877e-11,1.552461257925058e-10,1.751810596356247e-18,1.8022496680065605e-18,7.937356712703481e-12,9.341194342605682e-12,5.2985143268823e-12,1.1294425038097657e-11,1.7880471674552283e-15,3.416925870101643e-15,1.3175908419869274e-08,2.6154415363452355e-08,3.4856683335213046e-19,1.0505143948204124e-18,0.006335284418156939,0.013035386660063986,3.408007483796363e-31,1.0000000000000143e-30,8.534950335472471e-10,2.764348029410418e-09,4.023474383385136e-11,1.2720571673815742e-10
1.044,1379.0731386254315,5.0545305334146855,0.17348726393319344,7.609547710178343,0.4903481261549343,0.07260750517523981,9.118442408138086e-06,6.750993009095546e-07,2.570074362513422e-12,3.020125529450674e-12,4.805254133288442e-13,1.129342473129861e-12,1.698206210895074e-07,2.121312266647228e-07,0.20104715740485146,0.26602268355197456,3.6513957550699516e-15,8.851936062602484e-15,4.578476287095275e-13,1.1438396406817467e-12,2.789376115526739e-12,2.8738119182676785e-12,5.082809547561769e-06,5.612983120015899e-06,0.013466507033891312,0.015868176135580926,0.2561349003229496,0.5269486957621223,0.03261907266608877,0.1054385870150945,1.1036165837807482e-07,2.352188709120987e-07,2.729066583777381e-06,6.018636002431304e-06,1.2830714226555655e-06,3.019652135241855e-06,2.8354044808909458e-05,5.8424671703014514e-05,7.689341655643192e-09,1.6413497116477958e-08,2.1378418476690035e-06,4.721668239560924e-06,5.144381309336794e-11,1.550281449718734e-10,1.7511220178890118e-18,1.8015569859058905e-18,7.932583913738322e-12,9.335658877146862e-12,5.294842974670524e-12,1.1286697605823517e-11,1.786474408176024e-15,3.4139501492330716e-15,1.3175798138073357e-08,2.615442470321632e-08,3.4826654352749123e-19,1.049618538262243e-18,0.006335229129782359,0.01303538666007144,3.407977741926184e-31,1.0000000000000127e-30,8.52295229058148e-10,2.7604861256278324e-09,4.019454178869384e-11,1.27079723432978e-10
1.045,1379.0092514477155,5.05468194958361,0.17348206701336266,7.615311994736487,0.4903581218509062,0.0726096178493821,9.112778695243745e-06,6.746858562371504e-07,2.5662943812003496e-12,3.0157099005757123e-12,4.797953237981334e-13,1.1276364230288979e-12,1.6967555450274213e-07,2.1195186344292906e-07,0.20103981765263693,0.26601528923317,3.6458055800043356e-15,8.838461020603573e-15,4.573446368855392e-13,1.1425929717171277e-12,2.784423455804857e-12,2.8687343315901703e-12,5.0778902833057955e-06,5.607599594749174e-06,0.013462095252296892,0.01586311573978629,0.25613583344834095,0.5269552063425829,0.03262000079928949,0.10544250575162696,1.1031685088007976e-07,2.351254190550424e-07,2.72915750289029e-06,6.0188889506424466e-06,1.2821496608358463e-06,3.0175090980080147e-06,2.8317305101205063e-05,5.834947637191122e-05,7.67811432052723e-09,1.6389674284908752e-08,2.135969903088245e-06,4.717574935532638e-06,5.137118967873708e-11,1.5481063990200892e-10,1.7504336368946203e-18,1.800864467692509e-18,7.927817269048325e-12,9.33013041710432e-12,5.29117632405824e-12,1.1278979890616343e-11,1.7849039892647003e-15,3.4109787974143347e-15,1.317568804913072e-08,2.615443403115973e-08,3.4796666808124e-19,1.0487238991164308e-18,0.006335173937038753,0.013035386660078889,3.4079480514998114e-31,1.0000000000000143e-30,8.51098515290775e-10,2.7566341234051303e-09,4.0154417355212276e-11,1.2695397139274904e-10
1.046,1378.9454069182884,5.0548333230884115,0.173476871869067,7.6210764519187375,0.4903681025499139,0.07261172724628243,9.107121735959115e-06,6.74272894231372e-07,2.5625222948022462e-12,3.011303426989839e-12,4.790668179085869e-13,1.1259340482238212e-12,1.695307034520248e-07,2.117727631483257e-07,0.20103248833228396,0.2660079045835909,3.64022755369245e-15,8.825015063188385e-15,4.568425272408668e-13,1.1413484678289064e-12,2.7794832678762277e-12,2.863669462863195e-12,5.072980042094492e-06,5.602225855708065e-06,0.013457691060961747,0.01585806396112317,0.25613676268690444,0.5269617011051199,0.03262092959229064,0.10544642510145269,1.102720852518441e-07,2.3503205127110447e-07,2.7292482962353573e-06,6.019141535255707e-06,1.2812294957389918e-06,3.0153697359110966e-06,2.8280650441662083e-05,5.827445410137481e-05,7.666914181358864e-09,1.636590884468335e-08,2.13410185301351e-06,4.713490090818727e-06,5.1298725652571665e-11,1.5459360904680342e-10,1.749745453100676e-18,1.80017211318967e-18,7.923056763018859e-12,9.324608944886198e-12,5.287514363347021e-12,1.1271271868567193e-11,1.783335904559531e-15,3.408011803247386e-15,1.3175578152560063e-08,2.6154443347312284e-08,3.4766720601380145e-19,1.047830474482196e-18,0.006335118839687329,0.01303538666008633,3.407918412388787e-31,1.0000000000000176e-30,8.499048810499582e-10,2.7527919870188087e-09,4.011437029318785e-11,1.268284598747588e-10
1.047,1378.8816049325164,5.054984654042688,0.17347167849611705,7.626841081676571,0.49037806828991065,0.07261383337410782,9.10147151377163e-06,6.738604137262144e-07,2.558758078877538e-12,3.006906080521605e-12,4.783398906149106e-13,1.1242353370717795e-12,1.6938606736313354e-07,2.1159392508650494e-07,0.2010251694171486,0.26600052957855985,3.6346616374501e-15,8.811598098271172e-15,4.563412972382744e-13,1.1401061228336863e-12,2.774555507843571e-12,2.8586172675275163e-12,5.068078797324552e-06,5.596861874221929e-06,0.013453294441076683,0.015853020778475873,0.2561376880477951,0.5269681800876586,0.03262185904402688,0.10545034506492829,1.1022736139547165e-07,2.3493876736686613e-07,2.7293389641136597e-06,6.019393757140321e-06,1.2803109227790457e-06,3.013234038463701e-06,2.8244080539759262e-05,5.819960430284948e-05,7.655741142644546e-09,1.634220059514296e-08,2.132237685289481e-06,4.709413679154242e-06,5.1226420497219586e-11,1.5437705087422584e-10,1.7490574662836494e-18,1.799479922270547e-18,7.918302379122222e-12,9.319094441822785e-12,5.283857080807483e-12,1.126357351569683e-11,1.7817701478976618e-15,3.4050491553303565e-15,1.31754684478826e-08,2.6154452651705352e-08,3.4736815624912565e-19,1.046938261227792e-18,0.006335063837490103,0.013035386660093766,3.4078888244650716e-31,1.000000000000018e-30,8.487143150779973e-10,2.7489596805397687e-09,4.007440036250304e-11,1.2670318813653316e-10
1.048,1378.817845385237,5.0551359425624085,0.17346648689024308,7.632605883961595,0.4903880191075352,0.07261593624082159,9.095828012438037e-06,6.734484135753739e-07,2.555001709221916e-12,3.002517833275507e-12,4.776145368932595e-13,1.1225402779791874e-12,1.6924164566861108e-07,2.1141534857140552e-07,0.2010178608818626,0.2659931641950482,3.6291077928067426e-15,8.798210034275112e-15,4.55840944379154e-13,1.138865930643824e-12,2.769640132147605e-12,2.8535777013682956e-12,5.063186522625252e-06,5.591507621873515e-06,0.013448905373891101,0.015847986170793294,0.2561386095413122,0.5269746433304096,0.03262278915225829,0.10545426563859948,1.1018267921677025e-07,2.3484556715674242e-07,2.7294295068328576e-06,6.019645617179316e-06,1.279393937489599e-06,3.0111019954583566e-06,2.8207595111448838e-05,5.812492640106356e-05,7.644595110752345e-09,1.6318549339584734e-08,2.130377388088165e-06,4.705345674994254e-06,5.1154273698672415e-11,1.5416096386307607e-10,1.7483696761384974e-18,1.798787894724077e-18,7.913554103108112e-12,9.313586891921286e-12,5.280204464870637e-12,1.1255884808363526e-11,1.78020671317915e-15,3.4020908423799e-15,1.3175358934619203e-08,2.615446194436602e-08,3.470695178534249e-19,1.0460472566497466e-18,0.006335008930209961,0.013035386660101188,3.407859287601129e-31,1.0000000000000197e-30,8.475268063629332e-10,2.745137168831774e-09,4.0034507325584286e-11,1.2657815544355758e-10
1.049,1378.7541281724166,5.0552871887608175,0.17346129704726998,7.638370858725548,0.4903979550403044,0.0726180358545085,9.090191215647323e-06,6.730368926272977e-07,2.5512531616481226e-12,2.9981386573732465e-12,4.768907517447137e-13,1.1208488594099115e-12,1.690974378002757e-07,2.1123703291595981e-07,0.20101056270013834,0.2659858084087733,3.623565981452346e-15,8.784850780003591e-15,4.553414661559197e-13,1.137627885148507e-12,2.7647370973438436e-12,2.8485507202851756e-12,5.058303191652698e-06,5.586163070271815e-06,0.01344452384072502,0.015842960117103237,0.2561395271767146,0.5269810908713782,0.032623719915759256,0.10545818682227759,1.1013803861962291e-07,2.347524504509875e-07,2.729519924693304e-06,6.019897116238922e-06,1.2784785353512543e-06,3.0089735965614895e-06,2.8171193870405205e-05,5.805041981599738e-05,7.633475991505475e-09,1.629495488012513e-08,2.1285209494401405e-06,4.701286052478602e-06,5.1082284744250806e-11,1.5394534649601183e-10,1.7476820824234995e-18,1.7980960304039894e-18,7.908811918894103e-12,9.308086277029414e-12,5.276556503940837e-12,1.1248205722864422e-11,1.7786455943041196e-15,3.3991368531111337e-15,1.3175249612294282e-08,2.6154471225324987e-08,3.467712897966927e-19,1.0451574577541148e-18,0.006334954117610612,0.013035386660108597,3.407829801669843e-31,1.000000000000021e-30,8.463423438117217e-10,2.7413244164929242e-09,3.999469094483742e-11,1.264533610611702e-10
1.05,1378.6904531900036,5.055438392751919,0.17345610896299765,7.644136005920296,0.4904078761251283,0.07262013222315507,9.084561107262502e-06,6.726258497430879e-07,2.5475124121414383e-12,2.993768525136473e-12,4.761685301932032e-13,1.119161069880402e-12,1.6895344319451382e-07,2.1105897743870587e-07,0.20100327484626124,0.2659784621961741,3.6180361652793205e-15,8.771520244741945e-15,4.54842860085543e-13,1.136391980297544e-12,2.759846360259414e-12,2.8435362804538793e-12,5.053428778234883e-06,5.5808281912122845e-06,0.013440149822958429,0.01583794259649991,0.2561404409637053,0.5269875227494201,0.032624651332829005,0.10546210861422498,1.1009343950998359e-07,2.346594170642118e-07,2.729610217997543e-06,6.0201482551895325e-06,1.2775647119131907e-06,3.0068488315995375e-06,2.813487653420185e-05,5.7976083975611995e-05,7.62238369188036e-09,1.6271417021324823e-08,2.126668357565322e-06,4.69723478616246e-06,5.101045312421129e-11,1.537301972643924e-10,1.7469946848588215e-18,1.7974043291244475e-18,7.904075811179476e-12,9.302592579911644e-12,5.272913186529518e-12,1.1240536235720665e-11,1.77708678521768e-15,3.3961871763234922e-15,1.3175140480433048e-08,2.6154480494611246e-08,3.46473471123427e-19,1.04426886177103e-18,0.006334899399456592,0.013035386660116026,3.407800366544542e-31,1.0000000000000225e-30,8.451609164805725e-10,2.737521388601741e-09,3.9954950984444025e-11,1.2632880426024216e-10
1.051,1378.6268203352292,5.055589554646556,0.17345092263333545,7.649901325497834,0.490417782399908,0.07262222535488523,9.078937670733141e-06,6.722152837529966e-07,2.543779436509165e-12,2.9894074086748378e-12,4.754478672706647e-13,1.1174768979247977e-12,1.6880966128050492e-07,2.108811814490756e-07,0.2009959972934718,0.2659711255322666,3.612518306125097e-15,8.75821833763328e-15,4.5434512364060186e-13,1.1351582099290836e-12,2.7549678776245164e-12,2.8385343379464765e-12,5.048563256038466e-06,5.575502956308785e-06,0.013435783302057538,0.015832933588174652,0.25614135091082063,0.5269939390009198,0.03262558340290877,0.10546603101638118,1.1004888178758616e-07,2.3456646679770692e-07,2.7297003870386337e-06,6.020399034879875e-06,1.2766524625546106e-06,3.0047276899974636e-06,2.8098642811835127e-05,5.790191829013953e-05,7.611318116548292e-09,1.6247935562806062e-08,2.1248196002102005e-06,4.693191849552438e-06,5.093877832818453e-11,1.5351551465754292e-10,1.746307483301034e-18,1.796712790839578e-18,7.899345763204583e-12,9.297105781612034e-12,5.269274500921464e-12,1.1232876322965838e-11,1.7755302797979183e-15,3.393241800686632e-15,1.3175031538564031e-08,2.6154489752256648e-08,3.461760606369715e-19,1.0433814652032994e-18,0.00633484477551326,0.01303538666012336,3.407770982099014e-31,1.0000000000000192e-30,8.439825131138076e-10,2.733728049223486e-09,3.9915287206647595e-11,1.2620448430543395e-10
1.052,1378.563229503945,5.055740674560434,0.17344573805402694,7.655666817410287,0.49042767390028486,0.07262431525748109,9.073320890439667e-06,6.718051935559796e-07,2.54005421117668e-12,2.9850552808216078e-12,4.747287580548649e-13,1.1157963321838633e-12,1.68666091506966e-07,2.1070364428081126e-07,0.20098873001725479,0.26596379839500417,3.6070123663919796e-15,8.74494496918157e-15,4.538482544045255e-13,1.1339265681575218e-12,2.750101606910767e-12,2.8335448495952627e-12,5.043706599327573e-06,5.570187337831758e-06,0.013431424259515117,0.015827933071346133,0.2561422570287136,0.5270003396665621,0.0326265161232889,0.10546995402372168,1.1000436536461156e-07,2.344735994792412e-07,2.7297904321246016e-06,6.020649456191111e-06,1.2757417830190288e-06,3.00261016203635e-06,2.8062492431745577e-05,5.782792220982749e-05,7.600279175648809e-09,1.622451031584707e-08,2.122974666135909e-06,4.689157218393474e-06,5.086725985324848e-11,1.5330129718709036e-10,1.745620477358422e-18,1.796021415247736e-18,7.89462176124803e-12,9.291625866747411e-12,5.265640435941168e-12,1.1225225961780005e-11,1.773976072112804e-15,3.390300715231513e-15,1.3174922786214386e-08,2.615449899828746e-08,3.4587905759794495e-19,1.0424952659315023e-18,0.006334790245546783,0.013035386660130708,3.4077416482074717e-31,1.0000000000000194e-30,8.42807123178541e-10,2.729944364761651e-09,3.9875699380117494e-11,1.260804004816446e-10
1.053,1378.4996805947048,5.055891752601713,0.17344055522107568,7.661432481609905,0.4904375506648068,0.07262640193914625,9.067710750095199e-06,6.713955780013527e-07,2.536336712221109e-12,2.9807121139980012e-12,4.740111976363068e-13,1.1141193613271873e-12,1.685227333095652e-07,2.1052636525125315e-07,0.20098147299013208,0.265956480758381,3.60151830840296e-15,8.731700049689742e-15,4.533522498788537e-13,1.1326970488919277e-12,2.7452475053211115e-12,2.828567771951993e-12,5.038858782044777e-06,5.564881307693185e-06,0.01342707267691503,0.01582294102533602,0.2561431593249702,0.5270067247806542,0.032627449494309284,0.10547387764106629,1.0995989014262225e-07,2.3438081491389106e-07,2.7298803535420923e-06,6.0208995199565415e-06,1.2748326687427621e-06,3.0004962372728705e-06,2.8026425106893174e-05,5.77540951529698e-05,7.589266775123996e-09,1.620114108274845e-08,2.1211335432589313e-06,4.685130866562058e-06,5.0795897194028265e-11,1.530875433571243e-10,1.744933666894022e-18,1.795330202309018e-18,7.889903786264239e-12,9.28615281366501e-12,5.262010980046169e-12,1.1217585128556686e-11,1.7724241561160855e-15,3.38736390876915e-15,1.3174814222918181e-08,2.6154508232740117e-08,3.4558246083560395e-19,1.0416102605356115e-18,0.006334735809324146,0.013035386660138102,3.407712364744555e-31,1.0000000000000216e-30,8.416347355718869e-10,2.7261702997704797e-09,3.9836187269557945e-11,1.2595655206115493e-10
1.054,1378.4361735047364,5.056042788883365,0.17343537413032112,7.667198318049065,0.4904474127296221,0.0726284854077201,9.062107233536835e-06,6.709864359473792e-07,2.532626915889048e-12,2.9763778808216142e-12,4.73295181108367e-13,1.1124459740300078e-12,1.683795861286559e-07,2.1034934368349378e-07,0.2009742261869906,0.2659491725994823,3.596036094516727e-15,8.718483489538522e-15,4.5285710759590545e-13,1.13146964611754e-12,2.7404055303107026e-12,2.823603061824576e-12,5.0340197782963175e-06,5.559584837982449e-06,0.01342272853590492,0.01581795742953682,0.2561440578094006,0.5270130943820117,0.03262838351405083,0.10547780186591858,1.0991545602588547e-07,2.3428811291243892e-07,2.729970151589973e-06,6.021149227035703e-06,1.2739251152648868e-06,2.998385905504166e-06,2.799044055549503e-05,5.768043654864018e-05,7.578280822408927e-09,1.6177827668980575e-08,2.1192962197641636e-06,4.681112768524691e-06,5.0724689848117826e-11,1.5287425168053714e-10,1.7442470516783315e-18,1.7946391518879465e-18,7.885191824057414e-12,9.28068660641675e-12,5.258386121765548e-12,1.1209953799837606e-11,1.7708745257942787e-15,3.3844313701715293e-15,1.3174705848206408e-08,2.615451745564145e-08,3.4528626931721156e-19,1.0407264460110705e-18,0.0063346814666131275,0.013035386660145448,3.407683131585348e-31,1.0000000000000213e-30,8.404653393949042e-10,2.722405819461828e-09,3.9796750641759896e-11,1.2583293832276277e-10
1.055,1378.3727081313982,5.056193783518652,0.17343019477759375,7.672964326680275,0.49045726013050556,0.07263056567097842,9.0565103250688e-06,6.705777662866846e-07,2.528924798757783e-12,2.9720525542959394e-12,4.72580703604386e-13,1.1107761590604041e-12,1.6823664941444604e-07,2.1017257891283858e-07,0.20096698958305878,0.2659418738958092,3.5905656874982415e-15,8.70529520008503e-15,4.5236282514023793e-13,1.1302443539494014e-12,2.7355756397776873e-12,2.818650676473709e-12,5.029189562515087e-06,5.554297901146412e-06,0.013418391818180093,0.01581298226339304,0.25614495249203395,0.5270194485098393,0.03262931818034678,0.10548172669496884,1.0987106292413528e-07,2.3419549329726322e-07,2.7300598265691156e-06,6.021398578291908e-06,1.2730191182822661e-06,2.9962791568974037e-06,2.7954538504528106e-05,5.760694584391157e-05,7.56732122745478e-09,1.6154569885368073e-08,2.117462684282073e-06,4.677102899729278e-06,5.065363731760472e-11,1.5266142068362175e-10,1.743560631394425e-18,1.7939482637587523e-18,7.880485860571663e-12,9.275227229216082e-12,5.254765849906535e-12,1.1202331952753314e-11,1.7693271752360584e-15,3.3815030885042673e-15,1.31745976616116e-08,2.6154526667018067e-08,3.4499048218361277e-19,1.0398438198760512e-18,0.006334627217182365,0.013035386660152798,3.4076539486053868e-31,1.0000000000000202e-30,8.392989240746154e-10,2.718650890100474e-09,3.975738926678753e-11,1.2570955855553606e-10
1.056,1378.309284372122,5.056344736621336,0.17342501715870812,7.678730507456171,0.49046709290272933,0.07263264273661395,9.050920008972562e-06,6.701695679099826e-07,2.525230337463445e-12,2.9677361074908913e-12,4.718677602708796e-13,1.1091099052163333e-12,1.6809392261798211e-07,2.0999607027554137e-07,0.20095976315402847,0.2659345846254385,3.585107050192743e-15,8.692135092872409e-15,4.518694001004879e-13,1.1290211665120328e-12,2.7307577917660228e-12,2.8137105733066777e-12,5.024368109197158e-06,5.5490204696984305e-06,0.013414062505504448,0.015808015506425768,0.2561458433832358,0.5270257872039673,0.032630253490664715,0.1054856521237118,1.0982671074671664e-07,2.3410295588985558e-07,2.730149378781238e-06,6.021647574589633e-06,1.272114673493031e-06,2.99417598162138e-06,2.791871868124447e-05,5.753362248637174e-05,7.556387900349192e-09,1.6131367543009968e-08,2.1156329254425324e-06,4.673101235619644e-06,5.058273910633975e-11,1.5244904889784295e-10,1.7428744057292247e-18,1.793257537699265e-18,7.875785882795488e-12,9.269774667502563e-12,5.251150153269955e-12,1.1194719564416478e-11,1.7677820985365768e-15,3.378579052843738e-15,1.3174489662667016e-08,2.6154535866894615e-08,3.446950985632385e-19,1.0389623796108526e-18,0.006334573060801294,0.013035386660160131,3.4076248156806556e-31,1.0000000000000211e-30,8.381354790541553e-10,2.714905478000482e-09,3.971810291536027e-11,1.2558641205053507e-10
1.057,1378.2459021285022,5.056495648293057,0.17341984126989532,7.6844968603295065,0.490476911086474,0.072634716613039,9.045336268902113e-06,6.697618396613113e-07,2.5215435082887655e-12,2.9634285130583897e-12,4.711563462877455e-13,1.1074472013731528e-12,1.679514051768636e-07,2.098198170909625e-07,0.20095254687062927,0.2659273047598481,3.579660145537426e-15,8.679003079658354e-15,4.5137682997512215e-13,1.127800077703967e-12,2.7259519440595895e-12,2.8087827094592183e-12,5.019555392516866e-06,5.5437525157933565e-06,0.013409740579727086,0.01580305713825257,0.25614673048832304,0.5270321104937838,0.03263118944750673,0.10548957816390626,1.0978239939145862e-07,2.340105004871074e-07,2.7302388084956615e-06,6.021896216721329e-06,1.2712117762453574e-06,2.9920763690199047e-06,2.7882980795651555e-05,5.746046588802044e-05,7.545480746537175e-09,1.6108220443077596e-08,2.1138069309283006e-06,4.669107749544902e-06,5.0511994715560986e-11,1.5223713484665228e-10,1.742188374687495e-18,1.792566973814026e-18,7.871091867861498e-12,9.264328895112353e-12,5.247539020320368e-12,1.118711661121893e-11,1.7662392896872048e-15,3.3756592520664174e-15,1.3174381850917186e-08,2.615454505531517e-08,3.444001170842061e-19,1.0380821211873064e-18,0.00633451899724008,0.01303538666016747,3.4075957326875045e-31,1.0000000000000223e-30,8.369749931372793e-10,2.7111695474019677e-09,3.967889135380029e-11,1.2546349808483933e-10
1.058,1378.1825612951693,5.056646518657618,0.17341466710662767,7.690263385253175,0.4904867147121413,0.07263678730720745,9.039759089824706e-06,6.693545804817072e-07,2.5178642884483214e-12,2.959129744742714e-12,4.704464568283656e-13,1.1057880363898004e-12,1.6780909655956383e-07,2.0964381871692937e-07,0.20094534071336093,0.26592003428340116,3.574224936719151e-15,8.665899072797164e-15,4.508851124580619e-13,1.126581081911355e-12,2.7211580554620147e-12,2.8038670431141166e-12,5.014751387529661e-06,5.538494012555779e-06,0.013405426022715992,0.015798107138508693,0.25614761382220524,0.5270384184283363,0.03263212604373333,0.10549350479612621,1.0973812877852012e-07,2.3391812693344486e-07,2.730328116040689e-06,6.0221445056087044e-06,1.2703104225883762e-06,2.989980310085208e-06,2.784732459331808e-05,5.738747553408753e-05,7.534599681264992e-09,1.6085128407648872e-08,2.111984690320232e-06,4.665122419043905e-06,5.044140365739555e-11,1.5202567708617505e-10,1.7415025376812094e-18,1.7918765715972515e-18,7.866403811532489e-12,9.258889907805962e-12,5.243932440254586e-12,1.1179523071109117e-11,1.7646987429329394e-15,3.3727436755318206e-15,1.3174274225890092e-08,2.6154554232286946e-08,3.441055373339052e-19,1.0372030434681534e-18,0.006334465026269847,0.013035386660174808,3.4075666995028084e-31,1.0000000000000225e-30,8.358174564592637e-10,2.7074430668551935e-09,3.963975435934313e-11,1.2534081596995412e-10
1.059,1378.1192617751508,5.056797347813705,0.1734094946652396,7.696030082180183,0.49049650382058596,0.07263885482761433,9.034188455357292e-06,6.689477892120153e-07,2.5141926543235044e-12,2.9548397753063285e-12,4.697380871152512e-13,1.1041323992396468e-12,1.6766699620457225e-07,2.0946807447371849e-07,0.20093814465219847,0.26591277316650264,3.568801386964022e-15,8.652822984730028e-15,4.5039424504622543e-13,1.125364173027443e-12,2.7163760840396106e-12,2.7989635316909263e-12,5.009956068522301e-06,5.533244932258212e-06,0.013401118816456082,0.015793165486963353,0.2561484933891976,0.5270447110348216,0.03263306328279311,0.10549743203516405,1.0969389880386511e-07,2.338258350216692e-07,2.7304173016776616e-06,6.022392442025238e-06,1.2694106078274694e-06,2.987887794057679e-06,2.781174978279185e-05,5.731465083346117e-05,7.52374460972884e-09,1.606209123733034e-08,2.1101661911863235e-06,4.661145217206754e-06,5.0370965436329725e-11,1.518146741493717e-10,1.7408168947825997e-18,1.7911863312222e-18,7.861721689865252e-12,9.253457678146893e-12,5.24033040153576e-12,1.1171938920467536e-11,1.7631604522820385e-15,3.369832312145488e-15,1.3174166787134805e-08,2.6154563397856267e-08,3.438113578280255e-19,1.0363251420854103e-18,0.006334411147662398,0.01303538666018216,3.407537716003824e-31,1.0000000000000258e-30,8.346628577780326e-10,2.7037260004460357e-09,3.960069169911255e-11,1.2521836498533625e-10
1.06,1378.0560034674259,5.056948135873066,0.17340432394161884,7.701796951063664,0.49050627844684186,0.07264091918188477,9.028624350078672e-06,6.685414647640831e-07,2.5105285829753227e-12,2.950558578307764e-12,4.690312323832586e-13,1.1024802789240254e-12,1.6752510357245024e-07,2.092925837090853e-07,0.20093095866292598,0.26590552138721013,3.563389459810557e-15,8.639774728647273e-15,4.49904225372231e-13,1.1241493452838415e-12,2.7116059886330303e-12,2.7940721334035343e-12,5.005169410427608e-06,5.528005247883536e-06,0.013396818942953337,0.015788232163406583,0.2561493691992908,0.5270509883520551,0.03263400116242263,0.1055013598773342,1.0964970937879743e-07,2.3373362457722527e-07,2.7305063657033195e-06,6.022640026821857e-06,1.2685123277427585e-06,2.9857988112938013e-06,2.777625609702725e-05,5.724199124527519e-05,7.512915443891722e-09,1.6039108747157986e-08,2.108351422388384e-06,4.657176119978717e-06,5.030067956499827e-11,1.516041245936235e-10,1.7401314456812364e-18,1.790496252468071e-18,7.857045488710587e-12,9.248032190223142e-12,5.236732893170242e-12,1.1164364136828687e-11,1.761624411933202e-15,3.3669251511753733e-15,1.3174059534192115e-08,2.615457255204989e-08,3.435175777432655e-19,1.0354484146630386e-18,0.006334357361190286,0.013035386660189519,3.4075087820681784e-31,1.0000000000000267e-30,8.33511186764137e-10,2.7000183152137646e-09,3.956170314792593e-11,1.2509614443469262e-10
1.061,1377.9927862711734,5.057098882947555,0.17339915493165026,7.70756399185688,0.4905160386255979,0.07264298037758417,9.023066758555987e-06,6.681356060486712e-07,2.506872051525791e-12,2.9462861273745845e-12,4.683258878821105e-13,1.1008316644781516e-12,1.6738341812468989e-07,2.0911734577185132e-07,0.20092378272163294,0.26589827892394796,3.557989118893732e-15,8.626754217964703e-15,4.4941505107267366e-13,1.1229365929213982e-12,2.7068477282303728e-12,2.7891928066142127e-12,5.0003913882445665e-06,5.522774932484491e-06,0.013392526384280819,0.015783307147703284,0.25615024126265384,0.5270572504191527,0.03263493968015149,0.1055052883182687,1.0960556041425146e-07,2.3364149542471337e-07,2.7305953084143275e-06,6.02288726084863e-06,1.2676155781146054e-06,2.983713352149298e-06,2.774084326922449e-05,5.716949622911932e-05,7.50211209584669e-09,1.601618075242896e-08,2.1065403727859564e-06,4.653215103297352e-06,5.023054555778986e-11,1.5139402698145925e-10,1.739446190074092e-18,1.7898063351213252e-18,7.852375195060758e-12,9.242613429463146e-12,5.233139904164999e-12,1.115679869772426e-11,1.7600906160934958e-15,3.3640221819038316e-15,1.317395246660348e-08,2.615458169489247e-08,3.4322419622391127e-19,1.034572858726854e-18,0.006334303666626865,0.013035386660196824,3.407479897573975e-31,1.0000000000000278e-30,8.323624331024369e-10,2.6963199782411745e-09,3.9522788481248947e-11,1.2497415362370263e-10
1.062,1377.9296100869492,5.05724958914554,0.1733939876313395,7.713331204513215,0.4905257843927261,0.07264503842244435,9.017515665084821e-06,6.677302119562083e-07,2.5032230369930312e-12,2.942022396009593e-12,4.676220488776196e-13,1.0991865449740022e-12,1.672419393180556e-07,2.0894236000483465e-07,0.20091661680317563,0.2658910457534709,3.5526003278919784e-15,8.61376136619514e-15,4.4892671975281327e-13,1.121725910101966e-12,2.702101261799532e-12,2.7843255096608842e-12,4.995621976881773e-06,5.5175539590107724e-06,0.013388241122589042,0.01577839041980543,0.2561511095881084,0.5270634972723925,0.032635878834833626,0.1055092173578674,1.095614518165638e-07,2.3354944737887593e-07,2.7306841300973705e-06,6.02313414493291e-06,1.2667203545949858e-06,2.9816314066763683e-06,2.7705511026300476e-05,5.709716523158367e-05,7.491334476028043e-09,1.5993307064882722e-08,2.104733030884838e-06,4.649262142316104e-06,5.016056292912529e-11,1.5118437987536633e-10,1.7387611277722574e-18,1.789116579085491e-18,7.847710793932387e-12,9.23720137896682e-12,5.229551423382796e-12,1.114924258037437e-11,1.758559058930461e-15,3.361123393536084e-15,1.3173845583914032e-08,2.615459082641251e-08,3.4293121222350345e-19,1.0336984712272606e-18,0.006334250063746365,0.013035386660204089,3.4074510623997536e-31,1.000000000000027e-30,8.312165862496092e-10,2.6926309558690726e-09,3.948394747329089e-11,1.2485239185399502e-10
1.063,1377.8664748167857,5.057400254571458,0.1733888220368279,7.719098588986175,0.4905355157855432,0.07264709332440437,9.011971054065673e-06,6.673252813846864e-07,2.499581516495923e-12,2.937767357831444e-12,4.669197106728455e-13,1.0975449095700855e-12,1.6710066661137304e-07,2.0876762575333784e-07,0.2009094608809384,0.2658838218505552,3.5472230507826383e-15,8.600796087568069e-15,4.4843922902259165e-13,1.12051729099843e-12,2.6973665485108874e-12,2.779470201086678e-12,4.990861151355809e-06,5.512342300528302e-06,0.013383963140083423,0.015773481959725964,0.25615197418289803,0.527069728944754,0.03263681862687567,0.10551314700103942,1.0951738349190587e-07,2.334574802540523e-07,2.7307728310297393e-06,6.0233806798808e-06,1.265826652824466e-06,2.9795529648991046e-06,2.767025909526983e-05,5.702499769941051e-05,7.480582494999361e-09,1.5970487496518723e-08,2.102929385172786e-06,4.6453172121459815e-06,5.00907311954703e-11,1.509751818438623e-10,1.738076258634581e-18,1.788426984312935e-18,7.84305226668319e-12,9.231796017524414e-12,5.225967439760729e-12,1.1141695762153789e-11,1.7570297346451306e-15,3.3582287753398748e-15,1.317373888567394e-08,2.615459994664579e-08,3.4263862465337554e-19,1.0328252489869992e-18,0.0063341965523236975,0.013035386660211376,3.4074222764244316e-31,1.0000000000000304e-30,8.30073635666416e-10,2.6889512144487433e-09,3.944517989894759e-11,1.2473085842929579e-10
1.064,1377.8033803582325,5.05755087934425,0.17338365814376047,7.724866145229399,0.4905452328349101,0.07264914509043756,9.006432910833093e-06,6.669208133010326e-07,2.4959474678215637e-12,2.9335209872414826e-12,4.662188685760225e-13,1.0959067474360124e-12,1.6695959948534732e-07,2.0859314238989978e-07,0.20090231493473829,0.26587660719844947,3.5418572517914736e-15,8.587858296906948e-15,4.479525766281223e-13,1.119310730123222e-12,2.692643548290766e-12,2.7746268402101564e-12,4.986108887320643e-06,5.50713993080374e-06,0.013379692418998638,0.015768581747507948,0.2561528350605517,0.527075945482077,0.032637759050362036,0.10551707723223988,1.0947335536187462e-07,2.3336559389740476e-07,2.7308614115273757e-06,6.023626866582875e-06,1.2649344689262524e-06,2.9774780179763017e-06,2.7635087227763565e-05,5.695299313002248e-05,7.469856070124973e-09,1.5947721873839027e-08,2.1011294254485272e-06,4.641380290791148e-06,5.002104988136189e-11,1.5076643147965304e-10,1.737391582120525e-18,1.7877375503446927e-18,7.838399606808196e-12,9.22639733820933e-12,5.2223879427610245e-12,1.113415822155262e-11,1.7555026376222036e-15,3.355338316932373e-15,1.3173632371423141e-08,2.6154609055604013e-08,3.423464330760458e-19,1.0319531907912306e-18,0.006334143132134637,0.01303538666021865,3.407393539527378e-31,1.0000000000000313e-30,8.289335717342525e-10,2.685280723310955e-09,3.9406485540837235e-11,1.2460955267767156e-10
1.065,1377.7403266166593,5.057701463559552,0.1733784959485823,7.730633873196635,0.49055493558125784,0.07265119372892702,9.00090121895508e-06,6.665168065411517e-07,2.492320867709819e-12,2.9292832574076686e-12,4.655195179139929e-13,1.0942720477841115e-12,1.6681873738353904e-07,2.0841890924056071e-07,0.20089517893474332,0.26586940176759954,3.536502894848922e-15,8.574947908311094e-15,4.4746676008315956e-13,1.1181062214075041e-12,2.6879322200878185e-12,2.7697953853390205e-12,4.981365159447751e-06,5.501946822515521e-06,0.013375428941704315,0.015763689763349603,0.2561536922248696,0.5270821469101262,0.032638700109097134,0.10552100806733646,1.0942936731940327e-07,2.3327378809494027e-07,2.7309498718422787e-06,6.023872705788077e-06,1.2640437981686194e-06,2.9754065550531103e-06,2.7599995132206718e-05,5.688115093175079e-05,7.459155106986239e-09,1.592500999817394e-08,2.099333139170513e-06,4.637451351083546e-06,4.995151850155364e-11,1.505581273458234e-10,1.736707098400772e-18,1.787048277453305e-18,7.833752790623147e-12,9.22100531387083e-12,5.218812920867611e-12,1.1126629934971343e-11,1.7539777619279567e-15,3.3524520073206303e-15,1.3173526040720246e-08,2.615461815333295e-08,3.4205463585780504e-19,1.0310822918188484e-18,0.006334089802955709,0.013035386660225919,3.40736485158839e-31,1.0000000000000342e-30,8.277963832359622e-10,2.681619446605354e-09,3.936786416953464e-11,1.2448847388903177e-10
1.066,1377.6773134913483,5.057852007332282,0.17337333544707842,7.736401772841764,0.4905646240566466,0.0726532392470087,8.995375963870446e-06,6.661132600792723e-07,2.4887016941119328e-12,2.925054142919153e-12,4.648216540479216e-13,1.0926407999063748e-12,1.6667807978977013e-07,2.0824492568157008e-07,0.20088805285950187,0.2658622055395091,3.5311599445856228e-15,8.562064837569555e-15,4.4698177714289377e-13,1.1169037593850529e-12,2.68323252417766e-12,2.7649757961449294e-12,4.976629943567027e-06,5.496762949618487e-06,0.013371172690553925,0.015758805987426246,0.2561545456878912,0.5270883332715631,0.032639641798603965,0.10552493949541189,1.093854192856418e-07,2.331820626927632e-07,2.7310382122804025e-06,6.024118198363766e-06,1.263154636664408e-06,2.9733385672614107e-06,2.7564982560627965e-05,5.680947060274007e-05,7.4484795232220185e-09,1.5902351696579946e-08,2.0975405161203226e-06,4.63353037098429e-06,4.988213658435502e-11,1.503502680461837e-10,1.7360228069909194e-18,1.786359165236927e-18,7.829111808370659e-12,9.21561993374815e-12,5.2152423636240775e-12,1.111911088106575e-11,1.7524551019911397e-15,3.349569836202998e-15,1.3173419893111448e-08,2.6154627239850768e-08,3.4176323251020802e-19,1.0302125507005331e-18,0.006334036564564155,0.013035386660233184,3.407336212487625e-31,1.0000000000000362e-30,8.266620605728091e-10,2.67796735372163e-09,3.93293155689929e-11,1.2436762139551604e-10
1.067,1377.6143408854323,5.058002510766262,0.17336817663541512,7.742169844118783,0.4905742982975287,0.07265528165246053,8.989857129964645e-06,6.657101728114036e-07,2.4850899243978935e-12,2.9208336176793456e-12,4.641252723448303e-13,1.0910129931075352e-12,1.665376261668305e-07,2.0807119106280626e-07,0.2008809366831065,0.2658550184897483,3.5258283654097918e-15,8.549208999923967e-15,4.464976254334213e-13,1.115703338266393e-12,2.6785444203217647e-12,2.760168031766325e-12,4.971903214963025e-06,5.491588285462037e-06,0.01336692364800819,0.01575393040003551,0.2561553954570967,0.5270945045996035,0.03264058411894737,0.10552887152021947,1.0934151116538252e-07,2.3309041750205227e-07,2.7311264331161753e-06,6.024363345107078e-06,1.262266980051791e-06,2.971274044614481e-06,2.753004924097117e-05,5.673795159144926e-05,7.4378292299129225e-09,1.5879746782096006e-08,2.0957515447711264e-06,4.629617325561587e-06,4.9812903653158364e-11,1.5014285216958953e-10,1.735338707789919e-18,1.785670213687835e-18,7.824476643067463e-12,9.210241178572017e-12,5.211676259989073e-12,1.1111601037240519e-11,1.750934652053255e-15,3.3466917929183886e-15,1.3173313928151822e-08,2.6154636315189885e-08,3.4147222186871335e-19,1.0293439640285204e-18,0.006333983416738019,0.013035386660240423,3.407307622105683e-31,1.0000000000000351e-30,8.2553059325978e-10,2.6743244111756775e-09,3.929083951664544e-11,1.2424699450857237e-10
1.068,1377.5514086998228,5.0581529739728435,0.1733630195095018,7.7479380869818195,0.49058395833686713,0.07265732095253499,8.984344702299179e-06,6.653075436833978e-07,2.4814855364198487e-12,2.9166216561557782e-12,4.634303681915153e-13,1.0893886167377849e-12,1.663973759929123e-07,2.0789770475329683e-07,0.20087383038311574,0.2658478405984369,3.5205081220289227e-15,8.536380311333547e-15,4.460143026726245e-13,1.114504952490723e-12,2.6738678688570762e-12,2.755372051931238e-12,4.967184949386084e-06,5.486422803906921e-06,0.013362681796564978,0.01574906298151472,0.2561562415432997,0.5271006609342569,0.032641527066826326,0.10553280413461724,1.0929764287363561e-07,2.3299885235571196e-07,2.7312145346449167e-06,6.024608146860539e-06,1.2613808242827773e-06,2.9692129778630413e-06,2.749519491746178e-05,5.666659337984326e-05,7.427204142675095e-09,1.585719507742843e-08,2.0939662144553546e-06,4.625712191779131e-06,4.974381923742236e-11,1.499358783230474e-10,1.7346548004555125e-18,1.7849814225497514e-18,7.819847283870052e-12,9.204869036297203e-12,5.208114599307793e-12,1.1104100381720414e-11,1.7494164064932717e-15,3.3438178670669137e-15,1.3173208145392178e-08,2.6154645379370854e-08,3.4118160318876025e-19,1.028476529660589e-18,0.006333930359256178,0.01303538666024763,3.4072790803236255e-31,1.000000000000034e-30,8.244019714194449e-10,2.670690587448919e-09,3.92524357952712e-11,1.241265925564771e-10
1.069,1377.488516838941,5.058303397053191,0.1733578640655978,7.753706501385112,0.4905936042117425,0.0726593571550879,8.978838665533313e-06,6.649053716111231e-07,2.4778885078121142e-12,2.9124182325574807e-12,4.627369370107088e-13,1.0877676602308038e-12,1.662573287373703e-07,2.0772446611094007e-07,0.2008667339329263,0.26584067184015775,3.5151991793183687e-15,8.523578688156736e-15,4.455318065160936e-13,1.1133085963409426e-12,2.669202829996074e-12,2.750587816236136e-12,4.962475122393108e-06,5.481266478597291e-06,0.013358447118797188,0.015744203712286006,0.2561570839530607,0.527106802306732,0.032642470643173875,0.1055367373451422,1.0925381431721833e-07,2.3290736706913268e-07,2.731302517135001e-06,6.024852604406729e-06,1.2604961650570297e-06,2.9671553571626095e-06,2.7460419322150314e-05,5.659539542474793e-05,7.416604173885838e-09,1.583469639835325e-08,2.092184513827773e-06,4.6218149451011415e-06,4.967488286532082e-11,1.4972934510956251e-10,1.7339710848884188e-18,1.7842927918161317e-18,7.815223711717827e-12,9.19950348520328e-12,5.204557370716365e-12,1.1096608892280778e-11,1.7479003596286283e-15,3.340948048129642e-15,1.3173102544392665e-08,2.6154654432430182e-08,3.408913753428686e-19,1.0276102442998204e-18,0.006333877391898175,0.013035386660254864,3.407250587022849e-31,1.0000000000000351e-30,8.232761847236281e-10,2.667065849559941e-09,3.921410418473014e-11,1.2400641485820483e-10
1.07,1377.425665205909,5.058453780113111,0.1733527102998044,7.759475087283023,0.4906032359569551,0.07266139026762927,8.973339004491285e-06,6.645036555224517e-07,2.4742988163919536e-12,2.908223321305981e-12,4.620449742297151e-13,1.0861501130300166e-12,1.6611748387480801e-07,2.075514745001002e-07,0.2008596473081837,0.26583351219243456,3.5099015022137616e-15,8.510804046890208e-15,4.450501346529243e-13,1.11211426418301e-12,2.6645492642101765e-12,2.7458152845409623e-12,4.95777370971664e-06,5.476119283368257e-06,0.013354219597330788,0.015739352572830087,0.25615792269506865,0.5271129287525557,0.03264341484676572,0.10554067115134408,1.0921002540610618e-07,2.3281596146438314e-07,2.7313903808666393e-06,6.025096718553684e-06,1.2596129981868878e-06,2.9651011729326657e-06,2.7425722192866347e-05,5.6524357194850984e-05,7.406029237552783e-09,1.581225056411157e-08,2.0904064318414985e-06,4.617925561648327e-06,4.960609406799738e-11,1.4952325114096015e-10,1.7332875608918784e-18,1.7836043213797945e-18,7.810605911640191e-12,9.194144508381155e-12,5.2010045634456774e-12,1.108912654689506e-11,1.7463865058165225e-15,3.338082325662122e-15,1.3172997124711073e-08,2.615466347439644e-08,3.4060153736348916e-19,1.0267451051309537e-18,0.006333824514444278,0.013035386660262079,3.407222142085158e-31,1.0000000000000358e-30,8.221532230654575e-10,2.663450165241551e-09,3.9175844467066136e-11,1.2388646073956256e-10
1.071,1377.3628537037325,5.058604123259457,0.173347558208188,7.765243844630034,0.49061285360665446,0.07266342029756476,8.967845704313614e-06,6.641023943684669e-07,2.4707164402191605e-12,2.9040368971053586e-12,4.613544753034291e-13,1.0845359646427068e-12,1.659778408869287e-07,2.073787292939207e-07,0.20085257048515387,0.2658263616335777,3.5046150559251755e-15,8.498056304688219e-15,4.4456928481060004e-13,1.1109219504781488e-12,2.659907132307167e-12,2.741054417048957e-12,4.953080687330936e-06,5.470981192318879e-06,0.013349999214839828,0.015734509543680438,0.2561587577785201,0.527119040308239,0.03264435967584569,0.10554460555104074,1.0916627605416546e-07,2.3272463537177328e-07,2.7314781261234856e-06,6.025340490116405e-06,1.2587313196016974e-06,2.96305041586687e-06,2.7391103273873295e-05,5.6453478172052386e-05,7.395479249529377e-09,1.5789857397869863e-08,2.088631957777045e-06,4.614044018262083e-06,4.953745238011989e-11,1.493175950395581e-10,1.7326042281990714e-18,1.7829160110611355e-18,7.805993869615201e-12,9.188792090035445e-12,5.197456166915364e-12,1.1081653323935253e-11,1.7448748394852109e-15,3.3352206893542334e-15,1.3172891885905782e-08,2.615467250529626e-08,3.403120884104637e-19,1.025881109722316e-18,0.0063337717266755385,0.013035386660269266,3.4071937453927687e-31,1.0000000000000358e-30,8.21033076578618e-10,2.6598435030032013e-09,3.913765642680343e-11,1.237667295341279e-10
1.072,1377.3000822354093,5.058754426599753,0.173342407786793,7.771012773380753,0.4906224571943813,0.07266544725220189,8.962358750090122e-06,6.637015870962889e-07,2.467141357393974e-12,2.899858934704741e-12,4.606654356961222e-13,1.0829252045972087e-12,1.6583839925577094e-07,2.072062298658733e-07,0.2008455034406731,0.26581922014261794,3.499339805708595e-15,8.485335378808515e-15,4.440892547182949e-13,1.1097316496911528e-12,2.655276395212171e-12,2.736305174080975e-12,4.948396031253971e-06,5.465852179593513e-06,0.013345785954063574,0.015729674605443507,0.2561595892130624,0.5271251370111609,0.03264530512817767,0.10554854054048607,1.0912256617462078e-07,2.326333886201919e-07,2.7315657531903313e-06,6.025583919911761e-06,1.2578511252256643e-06,2.9610030766455385e-06,2.735656230930021e-05,5.638275783792772e-05,7.384954125685187e-09,1.576751672281366e-08,2.0868610808942056e-06,4.610170291735506e-06,4.9468957337842816e-11,1.491123754320255e-10,1.7319210865483872e-18,1.782227860685582e-18,7.801387573072312e-12,9.183446216076373e-12,5.1939121705215546e-12,1.1074189201719372e-11,1.7433653550632177e-15,3.3323631288948755e-15,1.3172786827535363e-08,2.6154681525153495e-08,3.4002302762465773e-19,1.0250182555846091e-18,0.006333719028373803,0.013035386660276493,3.4071653968283237e-31,1.0000000000000384e-30,8.199157353976524e-10,2.656245831354487e-09,3.909953984894988e-11,1.2364722057693522e-10
1.073,1377.2373507052616,5.058904690238176,0.1733372590317794,7.776781873489903,0.490632046754821,0.07266747113900925,8.956878126708716e-06,6.633012326378711e-07,2.4635735459494397e-12,2.895689408771769e-12,4.599778508903105e-13,1.0813178224637486e-12,1.6569915845990665e-07,2.0703397558500636e-07,0.20083844615038907,0.2658120876969764,3.4940757168977e-15,8.472641186689375e-15,4.4361004208094414e-13,1.1085433562255834e-12,2.65065701386534e-12,2.7315675159700433e-12,4.943719717448508e-06,5.4607322192724805e-06,0.013341579797812694,0.015724847738805867,0.2561604170070412,0.5271312188959573,0.03264625120280501,0.10555247612005753,1.0907889567698475e-07,2.3254222103055965e-07,2.7316532623427274e-06,6.025827008735558e-06,1.2569724108789308e-06,2.9589591457027573e-06,2.7322099038285308e-05,5.6312195663718564e-05,7.374453780591033e-09,1.5745228359340082e-08,2.0850937901673816e-06,4.606304358228653e-06,4.940060847766508e-11,1.4890759094593973e-10,1.7312381357764194e-18,1.781539870179277e-18,7.796787007378824e-12,9.178106869983722e-12,5.190372563556067e-12,1.1066734158339081e-11,1.7418580469522809e-15,3.3295096339202384e-15,1.3172681949162013e-08,2.6154690533995847e-08,3.397343539852516e-19,1.0241565397406913e-18,0.006333666419321659,0.013035386660283671,3.4071370962748694e-31,1.0000000000000376e-30,8.188011894765008e-10,2.6526571182172614e-09,3.9061494517626494e-11,1.2352793320014098e-10
1.074,1377.174659016417,5.0590549142831645,0.17333211193916231,7.782551144912333,0.4906416223206198,0.07266949196514635,8.951403819662596e-06,6.629013299697929e-07,2.460012984337718e-12,2.8915282944642793e-12,4.592917163974035e-13,1.0797138078795087e-12,1.6556011799112173e-07,2.0686196583679126e-07,0.20083139859196997,0.26580496427671746,3.4888227551802145e-15,8.459973646619937e-15,4.43131644679067e-13,1.1073570646732446e-12,2.646048949721507e-12,2.726841403576345e-12,4.939051722287385e-06,5.45562128588616e-06,0.013337380728934152,0.01572002892449323,0.2561612411707037,0.5271372860011242,0.03264719789683701,0.10555641228386861,1.090352644791649e-07,2.3245113244164406e-07,2.731740653868711e-06,6.026069757410593e-06,1.256095172632582e-06,2.956918614062145e-06,2.7287713213221668e-05,5.624179114793899e-05,7.363978132531182e-09,1.5722992135759786e-08,2.0833300752665104e-06,4.602446195435673e-06,4.933240534141534e-11,1.4870324022481722e-10,1.730555375542317e-18,1.78085203928546e-18,7.792192161046884e-12,9.172774038936499e-12,5.1868373356611725e-12,1.105928817262957e-11,1.740352909679366e-15,3.3266601943044498e-15,1.3172577250346339e-08,2.615469953184508e-08,3.3944606679212516e-19,1.0232959601797814e-18,0.006333613899302429,0.013035386660290844,3.407108843615849e-31,1.0000000000000376e-30,8.176894292615532e-10,2.6490773331061716e-09,3.902352022142108e-11,1.2340886674995712e-10
1.075,1377.112007076973,5.059205098828544,0.17332696650545823,7.788320587602997,0.49065118393036694,0.07267150973864564,8.945935813404971e-06,6.625018779914145e-07,2.456459650418629e-12,2.8873755662414316e-12,4.586070277488401e-13,1.078113150527787e-12,1.6542127731957447e-07,2.0669019997958822e-07,0.20082436073707832,0.26579784985392463,3.4835808861370597e-15,8.447332676622712e-15,4.4265406015657805e-13,1.1061727692839357e-12,2.6414521637176226e-12,2.722126797223138e-12,4.934392021586277e-06,5.450519353346569e-06,0.01333318873037293,0.01571521814334307,0.25616206170821504,0.5271433383525856,0.032648145213457,0.10556034904566015,1.0899167248181054e-07,2.3236012265536929e-07,2.731827928016328e-06,6.026312166670855e-06,1.2552194060445984e-06,2.9548814715382357e-06,2.7253404560801287e-05,5.6171543736085055e-05,7.35352709282789e-09,1.570080786550365e-08,2.0815699244571706e-06,4.598595777945767e-06,4.926434746576148e-11,1.484993218964917e-10,1.7298728059409484e-18,1.780164368195443e-18,7.787603011362173e-12,9.167447696895345e-12,5.183306475907756e-12,1.1051851222204005e-11,1.7388499375886355e-15,3.3238147995707648e-15,1.3172472730661551e-08,2.6154708518745044e-08,3.3915816462238225e-19,1.0224365127117993e-18,0.0063335614681001295,0.013035386660298015,3.407080638735074e-31,1.0000000000000374e-30,8.165804442515182e-10,2.645506442463074e-09,3.898561674198182e-11,1.2329002055057884e-10
1.076,1377.049394788206,5.059355243989732,0.17332182272644509,7.794090201516983,0.4906607316132473,0.0726735244661384,8.940474094011474e-06,6.621028757220371e-07,2.4529135231274936e-12,2.8832311998240847e-12,4.579237804874967e-13,1.076515840117794e-12,1.6528263595149674e-07,2.065186774167403e-07,0.20081733256678538,0.2657907444130987,3.4783500758096133e-15,8.434718195829052e-15,4.421772863787703e-13,1.1049904648600194e-12,2.636866617956907e-12,2.717423658432316e-12,4.929740592190932e-06,5.445426396700559e-06,0.013329003785069557,0.01571041537618372,0.2561628786329941,0.5271493759952467,0.03264909314654855,0.1055642863890921,1.0894811961150162e-07,2.3226919152888724e-07,2.7319150850922584e-06,6.026554237379016e-06,1.2543451074638124e-06,2.9528477098060366e-06,2.7219172848036724e-05,5.6101452956709464e-05,7.343100583891975e-09,1.567867538566286e-08,2.079813328167421e-06,4.594753085122932e-06,4.9196434399567196e-11,1.482958346254316e-10,1.7291904264239576e-18,1.7794768564382847e-18,7.783019552540491e-12,9.162127837747687e-12,5.17977997427779e-12,1.1044423286614286e-11,1.73734912533604e-15,3.3209734398369403e-15,1.317236838966566e-08,2.6154717494706186e-08,3.3887064713771396e-19,1.0215781964158444e-18,0.006333509125499567,0.013035386660305197,3.407052481516779e-31,1.0000000000000381e-30,8.154742254426778e-10,2.641944417578934e-09,3.8947783873223765e-11,1.2317139396492257e-10
1.077,1376.9868220567787,5.059505349866313,0.17331668059844402,7.799859986609492,0.49067026540483255,0.07267553615519358,8.935018646290155e-06,6.617043220868806e-07,2.449374580676942e-12,2.8790951700811917e-12,4.572419701692144e-13,1.0749218663882466e-12,1.6514419336707978e-07,2.063473975189636e-07,0.20081031405570535,0.26578364793015896,3.4731302900233385e-15,8.422130122839073e-15,4.417013210490016e-13,1.1038101457985449e-12,2.632292273888271e-12,2.712731948048254e-12,4.925097410266321e-06,5.440342390240033e-06,0.013324825876080132,0.015705620603975803,0.2561636919519114,0.5271553989604744,0.03265004169653124,0.10556822431894415,1.0890460577444742e-07,2.3217833887586824e-07,2.7320021253594277e-06,6.026795970300569e-06,1.2534722726384409e-06,2.950817319125436e-06,2.7185017811643915e-05,5.6031518275874744e-05,7.332698519902908e-09,1.565659451573852e-08,2.078060275175362e-06,4.5909180926835975e-06,4.9128665685241894e-11,1.48092777056523e-10,1.7285082369406027e-18,1.7787895040547907e-18,7.77844176801492e-12,9.156814442684867e-12,5.1762578200522005e-12,1.1037004343913716e-11,1.7358504673516566e-15,3.318136104787503e-15,1.3172264226928988e-08,2.615472645976012e-08,3.3858351313790636e-19,1.0207210077722793e-18,0.006333456871286292,0.01303538666031232,3.407024371845617e-31,1.0000000000000369e-30,8.143707627152655e-10,2.6383912261264463e-09,3.89100214007767e-11,1.2305298632963164e-10
1.078,1376.924288789121,5.059655416559119,0.17331154011773453,7.805629942835838,0.4906797853399764,0.07267754481326796,8.929569455581096e-06,6.613062160503788e-07,2.4458428016385e-12,2.874967452301217e-12,4.565615923867447e-13,1.0733312191637005e-12,1.6500594905759307e-07,2.061763596707335e-07,0.20080330517915243,0.2657765603819242,3.4679214950021306e-15,8.409568377211693e-15,4.4122616193073695e-13,1.1026318066461587e-12,2.627729093417687e-12,2.7080516273832266e-12,4.920462452331202e-06,5.435267308644915e-06,0.013320654986493916,0.01570083380771565,0.2561645016724357,0.5271614072808215,0.03265099086319879,0.10557216283796339,1.0886113088345898e-07,2.3208756452401086e-07,2.732089049085568e-06,6.027037366211145e-06,1.2526008975067676e-06,2.948790290202616e-06,2.7150939198662465e-05,5.5961739180876584e-05,7.3223208179640094e-09,1.5634565081460033e-08,2.0763107547941435e-06,4.587090777523864e-06,4.9061040869825465e-11,1.4789014784848838e-10,1.7278262373239785e-18,1.778102310965956e-18,7.773869641202957e-12,9.151507492877167e-12,5.172740002824353e-12,1.1029594372818297e-11,1.734353958177824e-15,3.31530278432021e-15,1.3172160242023177e-08,2.6154735413938718e-08,3.3829676167009046e-19,1.0198649440067175e-18,0.006333404705246519,0.013035386660319481,3.4069963096065702e-31,1.000000000000038e-30,8.132700463314472e-10,2.634846837013166e-09,3.88723291138953e-11,1.2293479699274566e-10
1.079,1376.8617948902424,5.059805444174097,0.1733064012804217,7.811400070151459,0.4906892914510982,0.07267955044744827,8.924126507386726e-06,6.609085565887707e-07,2.442318164763198e-12,2.8708480219811536e-12,4.558826427353925e-13,1.071743888273736e-12,1.6486790251953944e-07,2.0600556326297176e-07,0.20079630591484066,0.26576948174834986,3.4627236570143687e-15,8.397032878605966e-15,4.407518068212544e-13,1.1014554420333466e-12,2.623177038701664e-12,2.7033826580044657e-12,4.915835695078677e-06,5.430201126784676e-06,0.013316491099454274,0.015696054968459213,0.2561653078043133,0.5271674009934568,0.03265194064404352,0.10557610194144128,1.088176948545911e-07,2.3199686830787226e-07,2.732175856551145e-06,6.0272784259137e-06,1.251730978123148e-06,2.9467666140157304e-06,2.7116936762022145e-05,5.5892115171103976e-05,7.311967396829328e-09,1.561258691206621e-08,2.074564756644065e-06,4.583271117215842e-06,4.899355950327146e-11,1.4768794566870514e-10,1.7271444273040061e-18,1.7774152769862384e-18,7.769303160261765e-12,9.146206975071355e-12,5.169226512280589e-12,1.1022193352238279e-11,1.7328595923954487e-15,3.3124734684050236e-15,1.317205643451689e-08,2.615474435726425e-08,3.380103919345985e-19,1.0190100028061886e-18,0.006333352627167277,0.013035386660326614,3.4069682946850766e-31,1.0000000000000377e-30,8.121720667783188e-10,2.631311219872777e-09,3.8834706804023645e-11,1.2281682530915536e-10
1.08,1376.7993402666848,5.059955432812976,0.1733012640827562,7.817170368511905,0.49069878377213877,0.07268155306504115,8.91868978724391e-06,6.605113426806644e-07,2.438800648857154e-12,2.866736854680454e-12,4.552051168431066e-13,1.0701598636237609e-12,1.6473005325007338e-07,2.0583500768733371e-07,0.20078931623893015,0.26576241200730955,3.4575367425750747e-15,8.38452354727183e-15,4.402782535147887e-13,1.1002810465823973e-12,2.618636072042726e-12,2.6987250016266116e-12,4.911217115266166e-06,5.425143819597135e-06,0.01331233419816068,0.015691284067325315,0.2561661103556337,0.5271733801320981,0.032652891038184965,0.1055800416299221,1.0877429760285271e-07,2.3190625005973585e-07,2.7322625480263814e-06,6.0275191501881714e-06,1.250862510505608e-06,2.944746281456312e-06,2.7083010253390444e-05,5.582264574330062e-05,7.3016381749981395e-09,1.55906598362377e-08,2.0728222702568064e-06,4.579459089133577e-06,4.8926221137036604e-11,1.4748616918896262e-10,1.7264628066739382e-18,1.7767284019950087e-18,7.764742310168257e-12,9.14091287226783e-12,5.165717338140285e-12,1.1014801261150975e-11,1.7313673646044776e-15,3.3096481470469753e-15,1.3171952803983219e-08,2.6154753289765533e-08,3.3772440304533776e-19,1.0181561815968011e-18,0.006333300636836176,0.01303538666033375,3.4069403269668906e-31,1.0000000000000402e-30,8.110768144970259e-10,2.627784344187659e-09,3.879715426284405e-11,1.2269907063443912e-10
1.081,1376.7369248259456,5.060105382575325,0.17329612852106344,7.822940837872844,0.49070826233769693,0.07268355267344125,8.913259280249137e-06,6.601145732718373e-07,2.4352902325350232e-12,2.862633925731063e-12,4.5452901033853674e-13,1.068579135119861e-12,1.645924007387522e-07,2.0566469232589003e-07,0.20078233612687524,0.26575535113570287,3.4523607180867893e-15,8.372040303178793e-15,4.3980549976087205e-13,1.0991086148032302e-12,2.614106155616423e-12,2.6940786198302458e-12,4.906606689470485e-06,5.420095361817593e-06,0.013308184265889577,0.015686521085519375,0.2561669093336799,0.5271793447287321,0.03265384204553573,0.10558398190650012,1.0873093903698838e-07,2.3181570959847258e-07,2.732349123774006e-06,6.027759539797199e-06,1.2499954905041964e-06,2.942729283019175e-06,2.704915941589174e-05,5.575333037655473e-05,7.2913330686732715e-09,1.556878367773665e-08,2.07108328469107e-06,4.5756546696036294e-06,4.885902532162703e-11,1.472848170780578e-10,1.7257813753540589e-18,1.7760416860020098e-18,7.76018707499621e-12,9.135625166400697e-12,5.162212469878607e-12,1.1007418078008998e-11,1.729877269330997e-15,3.3068268101084016e-15,1.317184934999785e-08,2.6154762211472894e-08,3.374387938886792e-19,1.0173034771182559e-18,0.006333248734041665,0.013035386660340804,3.4069124063382105e-31,1.0000000000000393e-30,8.099842796203377e-10,2.6242661784385113e-09,3.8759671280008755e-11,1.2258153231768283e-10
1.082,1376.6745484726293,5.060255293570125,0.17329099459134759,7.828711478190064,0.49071772717812473,0.07268554927940807,8.907834972558247e-06,6.597182473863359e-07,2.4317868951026916e-12,2.858539211275151e-12,4.5385431888104653e-13,1.0670016927394137e-12,1.6445494449786273e-07,2.0549461658903064e-07,0.20077536555836914,0.26574829911601267,3.4471955504262493e-15,8.359583067439059e-15,4.3933354344245283e-13,1.0979381415385825e-12,2.609587252385799e-12,2.689443475004468e-12,4.902004394940203e-06,5.415055728920666e-06,0.013304041285934255,0.015681766004263277,0.2561677047498419,0.527185294823751,0.03265479366185976,0.10558792276084566,1.0868761908122643e-07,2.3172524677591893e-07,2.7324355840838095e-06,6.027999595562641e-06,1.2491299144298613e-06,2.9407156102830582e-06,2.7015384016548583e-05,5.5684168599169074e-05,7.281052000673869e-09,1.554695827443839e-08,2.069347790278932e-06,4.571857837763503e-06,4.879197161566725e-11,1.470838880291409e-10,1.7251001329181358e-18,1.7753551286601015e-18,7.755637446086064e-12,9.130343847956072e-12,5.1587118975750774e-12,1.1000043782550171e-11,1.7283893013103066e-15,3.3040094478502238e-15,1.3171746072130575e-08,2.615477112240247e-08,3.3715356395562003e-19,1.016451887932674e-18,0.006333196918572893,0.01303538666034791,3.406884532685597e-31,1.0000000000000405e-30,8.088944531653885e-10,2.6207566939688352e-09,3.872225765272569e-11,1.224642097318016e-10
1.083,1376.6122111159889,5.060405165892796,0.17328586229007806,7.834482289419465,0.49072717832927754,0.07268754289050766,8.90241684923839e-06,6.593223639673708e-07,2.4282906152554064e-12,2.854452686734706e-12,4.531810381428152e-13,1.065427526488977e-12,1.6431768401746105e-07,2.0532477985927838e-07,0.20076840450753708,0.2657412559233152,3.442041206298628e-15,8.347151760741314e-15,4.3886238230420223e-13,1.096769621284991e-12,2.6050793247713076e-12,2.6848195289760573e-12,4.897410208346904e-06,5.410024895740688e-06,0.013299905241690752,0.015677018804896095,0.2561684966098601,0.5271912304458554,0.03265574588856391,0.10559186420086183,1.0864433764225206e-07,2.3163486140645527e-07,2.7325219292077754e-06,6.028239318222258e-06,1.2482657780777863e-06,2.938705253611269e-06,2.698168379644773e-05,5.56151598859425e-05,7.2707948867909896e-09,1.5525183449196885e-08,2.067615775934807e-06,4.5680685696162e-06,4.872505957242629e-11,1.4688338071909427e-10,1.7244190793687438e-18,1.7746687300631e-18,7.751093404981346e-12,9.125068895883806e-12,5.155215610708137e-12,1.09926783532268e-11,1.7269034550851472e-15,3.3011960501638085e-15,1.317164296996265e-08,2.615478002258979e-08,3.368687120061445e-19,1.015601410397914e-18,0.006333145190219747,0.013035386660355025,3.4068567058960216e-31,1.0000000000000416e-30,8.078073251956829e-10,2.6172558590299552e-09,3.868491317116788e-11,1.2234710222739173e-10
1.084,1376.5499126634213,5.0605549996449675,0.1732807316135125,7.840253271517061,0.4907366158241735,0.07268953351388002,8.897004896156324e-06,6.5892692201719e-07,2.4248013722180186e-12,2.850374328151993e-12,4.5250916382615044e-13,1.0638566264450409e-12,1.6418061880473368e-07,2.0515518154048114e-07,0.200761452951332,0.26573422153640336,3.4368976528175618e-15,8.33474630475766e-15,4.3839201418992884e-13,1.095603048786157e-12,2.6005823358151954e-12,2.6802067442095916e-12,4.892824106877729e-06,5.405002837678819e-06,0.013295776116575788,0.01567227946877799,0.25616928492219027,0.5271971516292902,0.03265669872430659,0.10559580622555595,1.0860109463810185e-07,2.3154455332861879e-07,2.7326081594158677e-06,6.0284787085530196e-06,1.2474030775800826e-06,2.9366982041592105e-06,2.694805851429534e-05,5.55463037479477e-05,7.2605616477149985e-09,1.550345903531334e-08,2.065887231506711e-06,4.5642868432250595e-06,4.865828875157143e-11,1.4668329384397037e-10,1.7237382144629195e-18,1.773982490051868e-18,7.746554937312417e-12,9.119800293942336e-12,5.151723599214962e-12,1.0985321769465993e-11,1.7254197253588122e-15,3.2983866072461187e-15,1.317154004307245e-08,2.6154788912062337e-08,3.365842372524275e-19,1.0147520422347076e-18,0.00633309354877269,0.013035386660362143,3.4068289258567775e-31,1.0000000000000444e-30,8.067228864268528e-10,2.613763643983623e-09,3.8647637631204965e-11,1.2223020917300067e-10
1.085,1376.4876530214106,5.060704794931777,0.1732756025577896,7.846024424438988,0.4907460396940231,0.07269152115638872,8.891599099131395e-06,6.585319205343234e-07,2.421319145269853e-12,2.846304111630946e-12,4.5183869163092506e-13,1.062288982677431e-12,1.6404374836786752e-07,2.0498582103764844e-07,0.20075451086847404,0.26572719593637234,3.431764857053182e-15,8.322366621047286e-15,4.379224369524542e-13,1.0944384188076767e-12,2.5960962486781586e-12,2.6756050832886265e-12,4.888246067774249e-06,5.399989530193447e-06,0.01329165389406944,0.015667547977339876,0.2561700696969347,0.5272030584116227,0.03265765216607376,0.10559974882851401,1.0855788998706214e-07,2.314543223814253e-07,2.7326942749863685e-06,6.028717767349549e-06,1.246541809098159e-06,2.9346944531500486e-06,2.6914507930176472e-05,5.5477599699054695e-05,7.250352204543069e-09,1.5481784866943128e-08,2.0641621469084104e-06,4.5605126367962596e-06,4.859165871438285e-11,1.4648362610456117e-10,1.7230575379188929e-18,1.773296408426989e-18,7.742022032788271e-12,9.114538030688867e-12,5.148235853006871e-12,1.0977974010635907e-11,1.7239381068332515e-15,3.2955811092901005e-15,1.3171437291035865e-08,2.6154797790839233e-08,3.363001389381784e-19,1.0139037812584498e-18,0.006333041994022996,0.013035386660369212,3.4068011924555787e-31,1.0000000000000451e-30,8.056411276333002e-10,2.6102800193795263e-09,3.861043082955355e-11,1.2211352993978486e-10
1.086,1376.4254320991681,5.060854551850617,0.17327047511931384,7.85179574814149,0.4907554499730844,0.07269350582534134,8.886199443614684e-06,6.581373584898316e-07,2.4178439135050365e-12,2.8422420130554956e-12,4.511696172830669e-13,1.0607245853163136e-12,1.6390707220743637e-07,2.0481669774619266e-07,0.20074757823459352,0.26572017910019546,3.426642786176661e-15,8.310012631407188e-15,4.37453648392543e-13,1.0932757259844426e-12,2.5916210264173142e-12,2.671014508686926e-12,4.883676068110898e-06,5.394984948555551e-06,0.01328753855772541,0.015662824312095838,0.2561708509410132,0.5272089508238159,0.0326586062140159,0.10560369201354329,1.0851472360038617e-07,2.3136416838884634e-07,2.732780276176714e-06,6.028956495359891e-06,1.2456819685826073e-06,2.9326939913094802e-06,2.6881031793953692e-05,5.540904723201869e-05,7.240166475661154e-09,1.5460160772438166e-08,2.0624405114816577e-06,4.556745927269838e-06,4.852516902114565e-11,1.4628437619853933e-10,1.7223770496525686e-18,1.7726104851921802e-18,7.737494675447204e-12,9.10928208800193e-12,5.144752361800871e-12,1.0970635055686768e-11,1.7224585941536509e-15,3.2927795463788057e-15,1.3171334713436087e-08,2.6154806658951226e-08,3.360164159871801e-19,1.0130566243196013e-18,0.006332990525762692,0.013035386660376295,3.4067735055805455e-31,1.0000000000000465e-30,8.045620392138862e-10,2.606804954548172e-09,3.857329256052846e-11,1.2199706389123762e-10
1.087,1376.363249803505,5.061004270506849,0.17326534929421805,7.857567242580934,0.4907648466919869,0.07269548752750078,8.880805915734575e-06,6.577432349047456e-07,2.414375656489202e-12,2.8381880088615444e-12,4.5050193652529e-13,1.059163424530412e-12,1.6377058983932557e-07,2.0464781108057554e-07,0.20074065502892996,0.265713171009592,3.4215314076350947e-15,8.297684258296324e-15,4.3698564640246e-13,1.092114965179417e-12,2.587156632642668e-12,2.666434983445059e-12,4.879114085421024e-06,5.389989068540303e-06,0.013283430091128272,0.015658108454592767,0.25617162866482956,0.5272148289039472,0.03265956086476604,0.10560763577306599,1.0847159539972573e-07,2.3127409119697494e-07,2.732866163266318e-06,6.029194893380001e-06,1.244823552302411e-06,2.9306968101116366e-06,2.684762987188147e-05,5.534064587333922e-05,7.23000438399164e-09,1.5438586589822996e-08,2.060722315441359e-06,4.5529866935126305e-06,4.845881923800097e-11,1.4608554284111262e-10,1.7216967493308477e-18,1.7719247200945917e-18,7.732972855597996e-12,9.104032455139512e-12,5.141273115699691e-12,1.0963304884387746e-11,1.720981182100977e-15,3.2899819088534833e-15,1.3171232309851303e-08,2.6154815516416224e-08,3.35733067754324e-19,1.0122105695679676e-18,0.0063329391437844445,0.013035386660383329,3.4067458651201534e-31,1.000000000000047e-30,8.034856121764608e-10,2.6033384207907845e-09,3.853622262372817e-11,1.2188081040749612e-10
1.088,1376.3011060447925,5.061153950995472,0.17326022507899072,7.863338907713795,0.49077422988556424,0.07269746627024617,8.875418501230946e-06,6.573495487711367e-07,2.4109143535759264e-12,2.8341420752334776e-12,4.498356451355845e-13,1.0576054905704932e-12,1.6363430077078463e-07,2.044791604443866e-07,0.200733741226477,0.26570617164063237,3.4164306890439843e-15,8.285381424575012e-15,4.365184288135617e-13,1.0909561311027546e-12,2.5827030308387263e-12,2.6618664704712797e-12,4.874560097046915e-06,5.385001865709117e-06,0.013279328477932078,0.01565340038645605,0.25617240287446236,0.5272206926811438,0.03266051611926859,0.10561158011343542,1.0842850529867503e-07,2.3118409063467816e-07,2.7329519365073474e-06,6.029432962145201e-06,1.243966556277348e-06,2.92870290044284e-06,2.681430191824121e-05,5.527239512479356e-05,7.219865849283675e-09,1.5417062150332448e-08,2.0590075483324676e-06,4.5492349129090154e-06,4.839260892975657e-11,1.4588712474335262e-10,1.7210166368629447e-18,1.771239113130473e-18,7.72845655519732e-12,9.098789111524116e-12,5.13779810460463e-12,1.0955983476075043e-11,1.719505865396865e-15,3.287188186940628e-15,1.317113007986959e-08,2.6154824363269192e-08,3.3545009321079067e-19,1.0113656139961239e-18,0.006332887847881623,0.013035386660390409,3.4067182709632303e-31,1.0000000000000484e-30,8.024118370867619e-10,2.599880387973766e-09,3.849922081586945e-11,1.2176476885951868e-10
1.089,1376.2390007319796,5.061303593416509,0.17325510246994902,7.869110743496661,0.4907835995862018,0.07269944206058598,8.870037185814691e-06,6.569562990787314e-07,2.407459984191016e-12,2.830104188438289e-12,4.4917073888399894e-13,1.056050773667742e-12,1.6349820451072717e-07,2.0431074524320977e-07,0.2007268368046403,0.26569918097254536,3.4113405979376263e-15,8.273104052899448e-15,4.3605199347190983e-13,1.08979921850075e-12,2.5782601846204692e-12,2.657308932805299e-12,4.870014080398409e-06,5.380023315695239e-06,0.01327523370184856,0.015648700089375328,0.2561731735782862,0.5272265421891975,0.03266147197614567,0.10561552503348343,1.083854532117542e-07,2.3109416653274617e-07,2.7330375961640507e-06,6.0296707024168316e-06,1.2431109765806165e-06,2.9267122533140092e-06,2.6781047689823292e-05,5.5204294493286774e-05,7.209750791993353e-09,1.539558728669675e-08,2.057296199827925e-06,4.545490563123778e-06,4.832653766298904e-11,1.4568912062154444e-10,1.7203367120921312e-18,1.7705536642278894e-18,7.723945760995205e-12,9.093552042218603e-12,5.1343273183984e-12,1.0948670810041579e-11,1.718032638764028e-15,3.2843983708674005e-15,1.3171028023075616e-08,2.6154833199535192e-08,3.3516749141985e-19,1.0105217548738728e-18,0.006332836637848289,0.013035386660397481,3.4066907229990054e-31,1.0000000000000507e-30,8.013407046120744e-10,2.5964308262901066e-09,3.84622869347967e-11,1.2164893862176252e-10
1.09,1376.1769337746741,5.061453197868516,0.17324998146346152,7.874882749886231,0.49079295582674026,0.07270141490558962,8.86466195554476e-06,6.5656348484285e-07,2.4040125279971175e-12,2.826074325019163e-12,4.4850721357801726e-13,1.0544992641404742e-12,1.6336230057503548e-07,2.041425648912565e-07,0.20071994174034813,0.2656921989838992,3.406261102208696e-15,8.26085206678797e-15,4.3558633825785826e-13,1.0886442222048185e-12,2.5738280579320775e-12,2.6527623338231784e-12,4.865476013125876e-06,5.3750533943949585e-06,0.013271145746630022,0.01564400754508469,0.2561739407841028,0.5272323774606723,0.03266242843456945,0.1056194705338104,1.083424390570517e-07,2.310043187295308e-07,2.7331231424979855e-06,6.029908114949773e-06,1.242256809382512e-06,2.924724859963555e-06,2.6747866949010854e-05,5.5136343497209926e-05,7.199659134199784e-09,1.5374161835098148e-08,2.055588259882517e-06,4.541753622442163e-06,4.826060500759656e-11,1.4549152920187116e-10,1.7196569748230776e-18,1.7698683732748975e-18,7.719440458317763e-12,9.088321230606839e-12,5.130860747174094e-12,1.0941366866025475e-11,1.7165614970027275e-15,3.2816124510078905e-15,1.3170926139056834e-08,2.6154842025242205e-08,3.348852615356593e-19,1.0096789897446553e-18,0.006332785513479132,0.013035386660404494,3.4066632211170393e-31,1.000000000000051e-30,8.002722056254335e-10,2.592989706597095e-09,3.8425420780583476e-11,1.2153331907567072e-10
1.091,1376.1149050806325,5.061602764456393,0.17324486205568043,7.880654926839326,0.4908022986369961,0.0727033848118706,8.859292796640214e-06,6.561711050904757e-07,2.4005719648379206e-12,2.8220524617298483e-12,4.478450650215452e-13,1.0529509522976929e-12,1.6322658848504436e-07,2.0397461880946795e-07,0.20071305601352096,0.26568522565718894,3.401192169746264e-15,8.248625389743075e-15,4.3512146108835333e-13,1.0874911371372279e-12,2.5694066149609198e-12,2.648226637148649e-12,4.8609458730546796e-06,5.370092077895125e-06,0.013267064596082515,0.015639322735377877,0.25617470450257807,0.5272381985339658,0.03266338549081628,0.10562341660564056,1.082994627562849e-07,2.3091454707107099e-07,2.7332085757868002e-06,6.030145200533777e-06,1.241404050984356e-06,2.922740711937226e-06,2.671475946468355e-05,5.506854166830267e-05,7.189590799780957e-09,1.5352785635546343e-08,2.0538837187952487e-06,4.538024069907629e-06,4.8194810536374814e-11,1.4529434921913355e-10,1.718977424736786e-18,1.7691832400319585e-18,7.714940638631973e-12,9.083096667299756e-12,5.12739838111345e-12,1.0934071623950276e-11,1.715092434949886e-15,3.278830417804894e-15,1.3170824427396182e-08,2.6154850840406142e-08,3.346034028965622e-19,1.0088373167068401e-18,0.00633273447456967,0.01303538666041155,3.4066357652073116e-31,1.0000000000000514e-30,7.992063312473304e-10,2.5895570005514348e-09,3.838862215561381e-11,1.2141790960992753e-10
1.092,1376.0529145615906,5.061752293273399,0.1732397442431573,7.886427274312873,0.49081162805153566,0.07270535178673915,8.853929694815849e-06,6.557791588110564e-07,2.3971382742755346e-12,2.8180385749908606e-12,4.471842890526124e-13,1.0514058285277503e-12,1.6309106775103536e-07,2.0380690640489204e-07,0.2007061795992827,0.26567826096853064,3.3961337685724193e-15,8.236423945582898e-15,4.3465735980491155e-13,1.0863399580311438e-12,2.5649958196971447e-12,2.6437018061992538e-12,4.8564236377521855e-06,5.3651393419949e-06,0.01326299023408784,0.015634645642134494,0.2561754647395014,0.5272440054373894,0.032664343146025177,0.10562736325591177,1.0825652422132012e-07,2.308248513823546e-07,2.7332938962772238e-06,6.03038195988983e-06,1.2405526973856713e-06,2.9207598000691165e-06,2.6681724991077664e-05,5.5000888508077525e-05,7.179545708714349e-09,1.5331458519708222e-08,2.052182566049712e-06,4.534301882759755e-06,4.81291538200524e-11,1.450975794017859e-10,1.7182980617985228e-18,1.7684982645518093e-18,7.71044628431821e-12,9.077878332207769e-12,5.1239402101319105e-12,1.0926785063168226e-11,1.7136254473615425e-15,3.2760522615452555e-15,1.317072288768712e-08,2.61548596450611e-08,3.343219143838443e-19,1.0079967324803815e-18,0.006332683520916012,0.01303538666041861,3.4066083551601646e-31,1.0000000000000553e-30,7.981430720582912e-10,2.5861326780579325e-09,3.835189085861147e-11,1.2130270960157598e-10
1.093,1375.990962127361,5.061901784419276,0.1732346280222227,7.892199792263913,0.49082094410195937,0.07270731583705937,8.84857263642055e-06,6.5538764504082e-07,2.3937114363074018e-12,2.814032641732274e-12,4.4652488152928063e-13,1.0498638832652234e-12,1.629557378973718e-07,2.0363942710209317e-07,0.2006993124757048,0.26567130489791213,3.391085867000043e-15,8.224247658823904e-15,4.341940323319145e-13,1.0851906798262529e-12,2.5605956366463853e-12,2.6391878049209275e-12,4.85190928521077e-06,5.360195162960309e-06,0.013258922644554218,0.015629976247261847,0.25617622150350405,0.5272497982050495,0.032665301398468266,0.10563131048228072,1.0821362337345984e-07,2.3073523150844187e-07,2.733379104234116e-06,6.030618393778374e-06,1.2397027448715602e-06,2.91878211586458e-06,2.664876329721092e-05,5.493338354847481e-05,7.1695237850744004e-09,1.5310180327985825e-08,2.0504847919158977e-06,4.530587039973405e-06,4.8063634434783447e-11,1.449012184945247e-10,1.7176188857563072e-18,1.7678134466633083e-18,7.705957382336714e-12,9.072666210630669e-12,5.120486224507501e-12,1.0919507163801335e-11,1.7121605291215287e-15,3.273277972758805e-15,1.3170621519519642e-08,2.615486843923156e-08,3.3404079527052183e-19,1.0071572349659228e-18,0.00633263265231491,0.013035386660425604,3.4065809908662532e-31,1.0000000000000549e-30,7.970824191866731e-10,2.582716710794129e-09,3.831522669310292e-11,1.2118771844278514e-10
1.094,1375.9290476872984,5.062051237995828,0.17322951338913756,7.897972480649602,0.4908302468186649,0.07270927696950923,8.84322160755069e-06,6.549965627970961e-07,2.390291430864426e-12,2.8100346388037083e-12,4.4586683830194155e-13,1.0483251069257676e-12,1.628205984452806e-07,2.0347218032163347e-07,0.2006924546220245,0.2656643574268303,3.3860484332102716e-15,8.21209645365604e-15,4.3373147657882627e-13,1.084043297424366e-12,2.5562060303035095e-12,2.6346845972455827e-12,4.847402793359047e-06,5.355259516984206e-06,0.01325486181146074,0.015625314532747122,0.2561769748042623,0.527255576873145,0.032666260245342624,0.10563525827891555,1.0817076013133189e-07,2.3064568728864012e-07,2.7334641999262547e-06,6.030854502967855e-06,1.2388541896724036e-06,2.916807650698996e-06,2.661587414913425e-05,5.486602631527686e-05,7.159524952147868e-09,1.528895089908548e-08,2.0487903864956077e-06,4.526879520149533e-06,4.799825195703911e-11,1.447052652428865e-10,1.7169398963812163e-18,1.7671287862187287e-18,7.701473922883778e-12,9.067460291675534e-12,5.117036414375319e-12,1.0912237905663244e-11,1.7106976750732258e-15,3.2705075418966764e-15,1.317052032248232e-08,2.6154877222936073e-08,3.337600447489836e-19,1.006318821820625e-18,0.006332581868563944,0.013035386660432613,3.406553672216689e-31,1.0000000000000567e-30,7.960243636601662e-10,2.579309070109047e-09,3.8278629462154144e-11,1.2107293552420198e-10
1.095,1375.8671711548313,5.0622006540928695,0.17322440034057396,7.903745339427199,0.4908395362369839,0.07271123519149163,8.837876594090445e-06,6.546059110813226e-07,2.3868782377509033e-12,2.806044542903797e-12,4.4521015527088616e-13,1.0467894900415093e-12,1.6268564891018433e-07,2.0330516547674415e-07,0.20068560601250549,0.26565741853017233,3.3810214357080606e-15,8.199970255047867e-15,4.3326969040732054e-13,1.0828978056072862e-12,2.551826965132942e-12,2.6301921470709132e-12,4.842904140020165e-06,5.350332380140368e-06,0.01325080771884583,0.015620660480644248,0.2561777246464077,0.527261341467446,0.032667219688879305,0.10563920665625393,1.0812793440717543e-07,2.3055621854859085e-07,2.7335491835918913e-06,6.031090288158909e-06,1.2380070278077446e-06,2.9148363954502853e-06,2.6583057303169587e-05,5.479881631416979e-05,7.149549130689281e-09,1.5267770066292783e-08,2.047099339336324e-06,4.523179300662136e-06,4.793300596276218e-11,1.4450971839070357e-10,1.7162610936766447e-18,1.7664442833091888e-18,7.696995885986516e-12,9.062260552474162e-12,5.113590769773383e-12,1.0904977268357309e-11,1.7092368800354637e-15,3.2677409593618024e-15,1.3170419296175032e-08,2.615488599621328e-08,3.334796616717962e-19,1.0054814896766834e-18,0.0063325311694612295,0.013035386660439638,3.4065263991028687e-31,1.0000000000000603e-30,7.949688961445217e-10,2.575909726176673e-09,3.824209896666254e-11,1.209583602295524e-10
1.096,1375.8053324386788,5.062350032815301,0.17321928887268867,7.909518368554082,0.49084881238560113,0.07271319050941724,8.832537582791894e-06,6.542156889590292e-07,2.3834718373795814e-12,2.8020623314442665e-12,4.445548283343062e-13,1.0452570231387647e-12,1.625508888278981e-07,2.0313838200605879e-07,0.2006787666280452,0.2656504881915738,3.3760048431732174e-15,8.187868988385104e-15,4.328086718069083e-13,1.0817541994757425e-12,2.547458406271586e-12,2.625710418984852e-12,4.8384133036027315e-06,5.345413729146679e-06,0.013246760350767354,0.015616014073026482,0.2561784710410809,0.5272670920270622,0.03266817972476686,0.1056431556035648,1.0808514612807673e-07,2.3046682514554392e-07,2.7336340555092217e-06,6.03132575013968e-06,1.2371612557614165e-06,2.912868342088389e-06,2.6550312539009384e-05,5.473175309897398e-05,7.139596247848325e-09,1.5246637676536495e-08,2.045411641247042e-06,4.519486361670314e-06,4.786789603517819e-11,1.4431457670365015e-10,1.7155824772507289e-18,1.7657599376186882e-18,7.692523263718528e-12,9.05706698433878e-12,5.110149281223392e-12,1.0897725232514834e-11,1.7077781389947296e-15,3.2649782158762955e-15,1.3170318440186997e-08,2.6154894759077636e-08,3.3319964555059293e-19,1.0046452371530576e-18,0.006332480554805573,0.013035386660446601,3.406499171416564e-31,1.0000000000000603e-30,7.93916008173969e-10,2.5725186519827657e-09,3.820563501470428e-11,1.2084399196520374e-10
1.097,1375.7435314500399,5.0624993742610345,0.17321417898187846,7.915291567987741,0.49085807529585757,0.0727151429300827,8.82720455980403e-06,6.538258954508888e-07,2.3800722098558065e-12,2.7980879814732783e-12,4.439008534003812e-13,1.0437276967664673e-12,1.6241631772251887e-07,2.0297182933348615e-07,0.20067193644683837,0.2656435663910604,3.3709986242078874e-15,8.175792578858277e-15,4.323484186944068e-13,1.080612473948197e-12,2.5431003186152163e-12,2.6212393773239384e-12,4.8339302622261894e-06,5.340503540398908e-06,0.013242719691367541,0.015611375292063,0.256179213996614,0.5272728285852663,0.032669140351479484,0.10564710511911365,1.080423952114831e-07,2.3037750691614825e-07,2.733718815936921e-06,6.031560889654643e-06,1.2363168697405018e-06,2.9109034819305497e-06,2.651763962249501e-05,5.466483619491574e-05,7.1296662270520555e-09,1.5225553568782462e-08,2.0437272822714568e-06,4.51580068163997e-06,4.780292175526571e-11,1.4411983894051329e-10,1.7149040469420916e-18,1.765075749068147e-18,7.688056044157873e-12,9.051879573874822e-12,5.106711938916213e-12,1.0890481778058147e-11,1.706321446834644e-15,3.262219301964287e-15,1.3170217754113075e-08,2.6154903511551854e-08,3.3291999548156563e-19,1.0038100616157308e-18,0.006332430024396554,0.013035386660453547,3.406471989049954e-31,1.0000000000000584e-30,7.928656907772431e-10,2.569135818872871e-09,3.8169237410825036e-11,1.2072983012629256e-10
1.098,1375.6817681023122,5.062648678521771,0.17320907066475355,7.921064937685772,0.4908673250015268,0.07271709246063876,8.821877511152039e-06,6.534365295682262e-07,2.376679335239114e-12,2.794121469983008e-12,4.432482264085471e-13,1.0422015015461969e-12,1.622819351153501e-07,2.0280550687936685e-07,0.20066511544461121,0.26563665310536283,3.366002747614893e-15,8.163740952137946e-15,4.3188892896269034e-13,1.0794726238827092e-12,2.538752667096074e-12,2.6167789864594923e-12,4.8294549939761205e-06,5.335601790252854e-06,0.01323868572484593,0.0156067441199873,0.25617995351878897,0.5272785511700347,0.0326701015700252,0.10565105520935056,1.0799968157126587e-07,2.3028826368938334e-07,2.7338034651176666e-06,6.0317957074124925e-06,1.2354738658394743e-06,2.908941806027815e-06,2.6485038314353397e-05,5.459806511663766e-05,7.119758990422166e-09,1.5204517579195754e-08,2.042046252155226e-06,4.512122238376296e-06,4.7738082704365125e-11,1.439255038610605e-10,1.71422580271502e-18,1.764391717707559e-18,7.683594210134003e-12,9.046698301505565e-12,5.1032787329871854e-12,1.0883246884787871e-11,1.7048667984279304e-15,3.259464208127804e-15,1.31701172375546e-08,2.615491225366902e-08,3.3264071038533344e-19,1.0029759599009298e-18,0.006332379578034362,0.013035386660460538,3.4064448518955516e-31,1.0000000000000588e-30,7.918179347952286e-10,2.5657611975815927e-09,3.813290595865034e-11,1.206158741049833e-10
1.099,1375.6200423066266,5.062797945696736,0.1732039639176675,7.926838477605882,0.49087656153300674,0.07271903910772928,8.816556423564654e-06,6.53047590374296e-07,2.3732931940636443e-12,2.7901627745214484e-12,4.4259694331744806e-13,1.0406784281438482e-12,1.6214774054323454e-07,2.0263941408338217e-07,0.2006583036004521,0.26562974831563246,3.361017182497933e-15,8.151714034617688e-15,4.3143020059648484e-13,1.0783346443663467e-12,2.5344154171980403e-12,2.61232921132861e-12,4.824987477401917e-06,5.330708455574141e-06,0.013234658435425034,0.015602120539056569,0.25618068961664037,0.5272842598159867,0.032671063378132074,0.10565500587010802,1.0795700513188509e-07,2.3019909531676042e-07,2.7338880033150293e-06,6.032030204167459e-06,1.2346322404728628e-06,2.906983306183721e-06,2.6452508391794375e-05,5.453143941272033e-05,7.109874464632304e-09,1.5183529553649094e-08,2.0403685415254286e-06,4.508451011629877e-06,4.767337846961516e-11,1.4373157024242975e-10,1.7135477442871943e-18,1.7637078433328094e-18,7.679137749949611e-12,9.041523154095834e-12,5.099849653972401e-12,1.0876020533355915e-11,1.7034141887874648e-15,3.2567129251355325e-15,1.3170016890108751e-08,2.615492098545127e-08,3.323617896160507e-19,1.0021429301516878e-18,0.006332329215519753,0.013035386660467444,3.406417759846196e-31,1.0000000000000577e-30,7.90772731678549e-10,2.5623947608170303e-09,3.809664046707599e-11,1.2050212331004786e-10
1.1,1375.558353976356,5.062947175878883,0.17319885873718935,7.932612187705885,0.4908857849230927,0.07272098287834601,8.811241283190894e-06,6.526590768892289e-07,2.369913766572653e-12,2.7862118722924755e-12,4.4194700009398727e-13,1.0391584672438858e-12,1.62013733531873e-07,2.0247355037121012e-07,0.200651500891002,0.26562285199974983,3.3560418978768918e-15,8.139711752481093e-15,4.3097223151197776e-13,1.0771985303143019e-12,2.5300885341774798e-12,2.6078900166310726e-12,4.820527690776347e-06,5.32582351292017e-06,0.013230637807404457,0.015597504531615432,0.2561814222966685,0.5272899545524709,0.03267202577604724,0.10565895710535399,1.0791436580864718e-07,2.3011000163022535e-07,2.733972430774557e-06,6.032264380633438e-06,1.2337919897937986e-06,2.905027973585254e-06,2.642004961895532e-05,5.4464958604755246e-05,7.100012572845911e-09,1.5162589330505896e-08,2.038694140285316e-06,4.504786979549729e-06,4.760880863603961e-11,1.4353803685527178e-10,1.7128698715918915e-18,1.763024125961398e-18,7.674686647887976e-12,9.036354113775374e-12,5.0964246920893056e-12,1.0868802703731244e-11,1.7019636128272746e-15,3.253965443565875e-15,1.3169916711378188e-08,2.6154929706928737e-08,3.320832321474501e-19,1.0013109693636169e-18,0.0063322789366543055,0.013035386660474407,3.4063907127951195e-31,1.000000000000058e-30,7.897300724017052e-10,2.5590364797422384e-09,3.8060440741662976e-11,1.203885771396473e-10
1.101,1375.4967030208963,5.063096369173967,0.1731937551194512,7.938386067943717,0.4908949951988815,0.07272292377862952,8.805932077092144e-06,6.522709882005534e-07,2.366541033625171e-12,2.782268741221779e-12,4.4129839271384065e-13,1.0376416095505578e-12,1.618799136276014e-07,2.023079151942385e-07,0.2006447072985936,0.2656159641430998,3.351076863039662e-15,8.127734032555111e-15,4.305150197512263e-13,1.0760642769558108e-12,2.525771983976962e-12,2.603461367771178e-12,4.8160756129714676e-06,5.320946939507866e-06,0.0132266238251049,0.015592896080029997,0.2561821515709292,0.5272956354202172,0.03267298875842194,0.10566290890094883,1.0787176353159408e-07,2.3002098249309844e-07,2.7340567477767014e-06,6.032498237600772e-06,1.2329531104073242e-06,2.9030758004823748e-06,2.6387661782878118e-05,5.4398622261511093e-05,7.0901732445038165e-09,1.514169676152234e-08,2.0370230395739813e-06,4.501130123013457e-06,4.754437279599245e-11,1.433449024922272e-10,1.7121921841926268e-18,1.7623405652299473e-18,7.67024089879119e-12,9.031191175103558e-12,5.093003838068139e-12,1.0861593376973063e-11,1.7005150656385596e-15,3.251221754334681e-15,1.3169816700956389e-08,2.6154938418110602e-08,3.3180503757568155e-19,1.0004800764086913e-18,0.006332228741240165,0.013035386660481367,3.4063637106359016e-31,1.0000000000000584e-30,7.886899487870524e-10,2.5556863282654187e-09,3.802430659506622e-11,1.2027523501431921e-10
1.102,1375.4350893570695,5.06324552566549,0.1731886530613471,7.944160118277406,0.4909041923966936,0.07272486181608016,8.800628790991333e-06,6.518833232964789e-07,2.3631749752931967e-12,2.7783333583076655e-12,4.4065111718502667e-13,1.0361278458433279e-12,1.6174628034796908e-07,2.0214250796780258e-07,0.20063792279626744,0.26560908471873745,3.3461220471994366e-15,8.115780801478941e-15,4.300585631728253e-13,1.0749318790609966e-12,2.521465731829119e-12,2.5990432294186983e-12,4.811631222111037e-06,5.316078711724882e-06,0.013222616472952675,0.015588295166787577,0.2561828774421368,0.5273013024406786,0.032673952329250515,0.10566686127295775,1.0782919820760138e-07,2.2993203771925625e-07,2.7341409545418676e-06,6.032731775726793e-06,1.2321155982198096e-06,2.9011267774789244e-06,2.6355344635953003e-05,5.433242988028223e-05,7.080356399710193e-09,1.512085167850258e-08,2.035355228622847e-06,4.497480418681244e-06,4.7480070534459406e-11,1.431521659236132e-10,1.7115146822622829e-18,1.761657161402015e-18,7.665800480436912e-12,9.026034312545172e-12,5.089587081907565e-12,1.0854392532577107e-11,1.6990685420770726e-15,3.2484818479063868e-15,1.3169716858455248e-08,2.6154947119039957e-08,3.315272044821196e-19,9.996502470987204e-19,0.006332178629080141,0.013035386660488308,3.4063367532624694e-31,1.0000000000000591e-30,7.876523513819248e-10,2.5523442761609923e-09,3.7988237830473806e-11,1.2016209632459554e-10
1.103,1375.3735128962744,5.063394645454169,0.17318355255918313,7.949934338665097,0.4909133765453644,0.0727267969970829,8.795331411901689e-06,6.514960812606125e-07,2.359815572489409e-12,2.774405701534711e-12,4.400051695262204e-13,1.0346171669258885e-12,1.6161283323903665e-07,2.0197732814279266e-07,0.2006311473645528,0.26560221370960285,3.341177419941736e-15,8.103851986788284e-15,4.296028598089834e-13,1.0738013318333733e-12,2.5171697438785162e-12,2.594635567180646e-12,4.807194497133512e-06,5.311218806856438e-06,0.013218615735372197,0.015583701774369975,0.256183599920368,0.5273069556504119,0.032674916485127374,0.10567081421350498,1.0778666976418413e-07,2.2984316716654102e-07,2.7342250513372673e-06,6.032964995771577e-06,1.231279449763643e-06,2.899180896651694e-06,2.6323097962309656e-05,5.4266381023754484e-05,7.07056196725154e-09,1.5100053931779758e-08,2.033690698379988e-06,4.493837847004343e-06,4.741590144603773e-11,1.4295982594861705e-10,1.7108373654635624e-18,1.7609739142157616e-18,7.66136538337272e-12,9.020883515598133e-12,5.086174414330274e-12,1.084720015157993e-11,1.6976240372456237e-15,3.2457457152165205e-15,1.3169617183475181e-08,2.6154955809734527e-08,3.3124973233532124e-19,9.988214799202256e-19,0.006332128599977682,0.01303538666049524,3.406309840569089e-31,1.0000000000000609e-30,7.866172719059403e-10,2.5490102969998624e-09,3.79522342607025e-11,1.200491604914039e-10
1.104,1375.3119735507862,5.063543728638618,0.17317845360933826,7.955708729065047,0.49092254767434446,0.07272872932810666,8.790039926677243e-06,6.511092611645886e-07,2.3564628060836875e-12,2.7704857488350843e-12,4.3936054576897634e-13,1.033109563631385e-12,1.6147957184440272e-07,2.0181237516694473e-07,0.20062438098332702,0.2655953510977426,3.3362429509013393e-15,8.091947516131759e-15,4.291479076750973e-13,1.0726726304338801e-12,2.5128839862946165e-12,2.590238346686958e-12,4.8027654169427476e-06,5.3063672021469864e-06,0.013214621596850662,0.015579115885329621,0.25618431901494326,0.5273125950843639,0.0326758812233794,0.10567476771707243,1.077441781260863e-07,2.2975437068684e-07,2.734309038424216e-06,6.033197898481628e-06,1.2304446614969481e-06,2.89723814990156e-06,2.629092154251785e-05,5.420047524723554e-05,7.0607898749984655e-09,1.507930336971836e-08,2.0320294395869095e-06,4.4902023879754415e-06,4.735186512577611e-11,1.4276788136767889e-10,1.7101602335276806e-18,1.760290823479576e-18,7.65693559763294e-12,9.015738773153605e-12,5.082765825976517e-12,1.0840016214838954e-11,1.6961815462266633e-15,3.243013347160411e-15,1.3169517675618525e-08,2.6154964490213026e-08,3.3097262046371544e-19,9.979937729368551e-19,0.006332078653736903,0.013035386660502144,3.40628297245038e-31,1.0000000000000602e-30,7.85584701951586e-10,2.5456843639388085e-09,3.7916295698014367e-11,1.1993642693385614e-10
1.105,1375.2504712358718,5.063692775308884,0.17317335620848523,7.961483289435616,0.4909317058164501,0.07273065881611156,8.784754321439674e-06,6.5072286202561e-07,2.3531166565610852e-12,2.7665734776864124e-12,4.387172419540094e-13,1.0316050268136693e-12,1.6134649569319137e-07,2.016476484698264e-07,0.2006176236290477,0.2655884968606441,3.331318609601341e-15,8.08006731688051e-15,4.2869370469740186e-13,1.0715457698000335e-12,2.5086084249248256e-12,2.5858515332328588e-12,4.798343960075112e-06,5.301523874432384e-06,0.013210634041959558,0.015574537482314861,0.25618503473168047,0.5273182207702155,0.03267684654482377,0.10567872178941828,1.0770172320635138e-07,2.2966564810704263e-07,2.7343929160399848e-06,6.033430484549794e-06,1.2296112295396365e-06,2.8952985283319605e-06,2.6258815140234918e-05,5.41347120711272e-05,7.0510400462736515e-09,1.505859983095729e-08,2.0303714420503125e-06,4.48657401951941e-06,4.72879611656133e-11,1.4257633097175346e-10,1.7094832864665948e-18,1.7596078892905204e-18,7.652511107358697e-12,9.010600067161218e-12,5.079361307083192e-12,1.0832840702347984e-11,1.694741063975698e-15,3.240284734389393e-15,1.3169418334495089e-08,2.615497316050609e-08,3.306958677192185e-19,9.971671227750404e-19,0.006332028790162654,0.013035386660509057,3.4062561488013763e-31,1.0000000000000635e-30,7.84554632494229e-10,2.5423664481326417e-09,3.7880421950234534e-11,1.1982389505696745e-10
1.106,1375.1890058661984,5.063841785557309,0.1731682603532192,7.96725801973527,0.49094085100342477,0.07273258546789366,8.779474583095819e-06,6.503368829188775e-07,2.34977710489087e-12,2.76266886613361e-12,4.3807525416526653e-13,1.0301035474274548e-12,1.6121360433025198e-07,2.0148314750058685e-07,0.20061087527923852,0.265581650977183,3.326404366070615e-15,8.068211317626168e-15,4.282402488880463e-13,1.070420745083572e-12,2.5043430261917616e-12,2.5814750927038478e-12,4.793930105548216e-06,5.296688801077811e-06,0.013206653055285058,0.01556996654798844,0.2561857470773741,0.527323832737619,0.03267781244927724,0.1056826764330575,1.0765930492807342e-07,2.295769992754304e-07,2.7344766844300873e-06,6.033662754686711e-06,1.2287791502954616e-06,2.893362023713696e-06,2.6226778534226683e-05,5.406909104694025e-05,7.041312408611096e-09,1.5037943163116957e-08,2.0287166963780454e-06,4.4829527213294035e-06,4.722418916326067e-11,1.423851735690966e-10,1.7088065241094503e-18,1.7589251115572507e-18,7.648091897106892e-12,9.005467380057776e-12,5.07596084834309e-12,1.0825673595070099e-11,1.6933025856066822e-15,3.237559867856568e-15,1.3169319159715045e-08,2.6154981820643023e-08,3.3041947331881006e-19,9.963415271616487e-19,0.0063319790090602705,0.013035386660515983,3.4062293695173313e-31,1.0000000000000635e-30,7.835270550624087e-10,2.539056522526608e-09,3.784461283014576e-11,1.1971156428137737e-10
1.107,1375.1275773527805,5.063990759488106,0.17316316603973025,7.973032919922591,0.4909499832616229,0.07273450928944256,8.77420069888679e-06,6.499513229441646e-07,2.3464441323407237e-12,2.7587718925703395e-12,4.3743457846971813e-13,1.0286051163867028e-12,1.6108089731027302e-07,2.013188717205924e-07,0.20060413591678658,0.26557481343330097,3.3215001902717626e-15,8.056379446793039e-15,4.2778753832610153e-13,1.0692975516029483e-12,2.5000877568635328e-12,2.577108991338821e-12,4.789523832665605e-06,5.291861959761775e-06,0.013202678621457246,0.01556540306506128,0.2561864560640507,0.5273294310269346,0.032678778931289544,0.10568663163345873,1.0761692322175638e-07,2.2948842405603687e-07,2.7345603438703385e-06,6.033894709669219e-06,1.2279484204207685e-06,2.8914286284112464e-06,2.619481151558825e-05,5.400361175156383e-05,7.0316068928959844e-09,1.5017333220962026e-08,2.0270651938476287e-06,4.479338474576217e-06,4.7160548720523196e-11,1.4219440798019785e-10,1.7081299460430846e-18,1.7582424899386944e-18,7.643677962266548e-12,9.000340707032046e-12,5.072564440629267e-12,1.0818514874349386e-11,1.6918661062997347e-15,3.2348387386402375e-15,1.3169220150879659e-08,2.6154990470632263e-08,3.3014343684231804e-19,9.955169849173079e-19,0.006331929310235847,0.013035386660522912,3.4062026344939555e-31,1.0000000000000645e-30,7.825019616477887e-10,2.5357545615645485e-09,3.780886815442462e-11,1.1959943403998028e-10
1.108,1375.06618561311,5.064139697186136,0.17315807326487098,7.978807989956262,0.4909591026254126,0.07273643028792882,8.768932654989112e-06,6.495661811222156e-07,2.3431177195559978e-12,2.7548825346565573e-12,4.367952109685483e-13,1.0271097246850228e-12,1.6094837416485522e-07,2.0115482056228063e-07,0.2005974055165073,0.26556798420422695,3.3166060521727564e-15,8.044571632812117e-15,4.2733557094170373e-13,1.068176184303806e-12,2.495842583164793e-12,2.572753194813831e-12,4.785125120140702e-06,5.287043327508332e-06,0.013198710725201741,0.015560847016353803,0.25618716169560446,0.527335015661737,0.03267974599353815,0.1056905874023668,1.0757457799894211e-07,2.2939992227241698e-07,2.734643894584754e-06,6.034126350159373e-06,1.2271190359974349e-06,2.8894983334354023e-06,2.6162913847101566e-05,5.39382737034784e-05,7.0219234224128015e-09,1.499676984301217e-08,2.025416924171014e-06,4.475731256969069e-06,4.709703943351849e-11,1.420040330082942e-10,1.707453552365127e-18,1.7575600246192877e-18,7.63926928354995e-12,8.995220025988861e-12,5.069172074236519e-12,1.0811364520293507e-11,1.690431621050429e-15,3.2321213374646455e-15,1.316912130760587e-08,2.6154999110510927e-08,3.298677570201613e-19,9.946934923009965e-19,0.006331879693496078,0.013035386660529842,3.406175943627259e-31,1.000000000000066e-30,7.814793432009874e-10,2.53246053631463e-09,3.777318773212974e-11,1.1948750374151443e-10
1.109,1375.0048305618384,5.064288598745546,0.17315298202517745,7.984583229795068,0.49096820912501393,0.07273834846990163,8.763670438239765e-06,6.491814565225199e-07,2.3397978476383086e-12,2.7510007705866117e-12,4.3615714777250616e-13,1.0256173633377079e-12,1.6081603444070517e-07,2.0099099347689229e-07,0.20059068405734892,0.26556116327063123,3.3117219219573916e-15,8.032787804631492e-15,4.2688434475664576e-13,1.0670566383603484e-12,2.4916074718423106e-12,2.568407669340455e-12,4.780733947131805e-06,5.282232881830575e-06,0.013194749351266997,0.015556298384710034,0.2561878639799533,0.5273405866738302,0.032680713634648466,0.10569454373841122,1.0753226918178421e-07,2.2931149377070892e-07,2.734727336822337e-06,6.034357676873801e-06,1.2262909934340187e-06,2.8875711305651325e-06,2.6131085308148252e-05,5.387307645534728e-05,7.012261925003851e-09,1.4976252877508513e-08,2.023771877953958e-06,4.472131048190156e-06,4.703366090396498e-11,1.4181404747340396e-10,1.7067773429075846e-18,1.7568777155097755e-18,7.63486584849418e-12,8.990105322866585e-12,5.0657837398324655e-12,1.0804222513801989e-11,1.688999124984645e-15,3.229407655301927e-15,1.3169022629505295e-08,2.6155007740302816e-08,3.295924330553651e-19,9.93871046996413e-19,0.0063318301586483055,0.01303538666053674,3.406149296813618e-31,1.0000000000000693e-30,7.804591912872078e-10,2.5291744198344627e-09,3.7737571377550283e-11,1.1937577281120348e-10
1.11,1374.9435121113866,5.064437464267844,0.17314789231693473,7.990358639397916,0.49097730278735346,0.07274026384141637,8.758414036425008e-06,6.487971482847227e-07,2.33648449828615e-12,2.747126579254646e-12,4.3552038502377104e-13,1.0241280234331701e-12,1.6068387770444492e-07,2.0082738994048687e-07,0.20058397152154558,0.2655543506175087,3.3068477702608456e-15,8.021027892287884e-15,4.264338579072193e-13,1.0659389092324635e-12,2.4873823903211015e-12,2.564072381826823e-12,4.776350293386815e-06,5.27743060089067e-06,0.013190794484414755,0.015551757152986638,0.2561885629281946,0.5273461441015194,0.03268168185003692,0.10569850062983421,1.0748999670601343e-07,2.292231384259629e-07,2.734810670853584e-06,6.0345886905761044e-06,1.2254642895368462e-06,2.885647012515061e-06,2.609932569868092e-05,5.3808019602206716e-05,7.002622334177582e-09,1.4955782184781434e-08,2.0221300469080553e-06,4.468537830363361e-06,4.6970412740578265e-11,1.4162445021654042e-10,1.706101317209407e-18,1.7561955622189863e-18,7.630467650187132e-12,8.984996590137428e-12,5.062399428627006e-12,1.0797088836927878e-11,1.6875686134149264e-15,3.226697683479946e-15,1.3168924116185035e-08,2.615501636002046e-08,3.2931746465885906e-19,9.930496482184886e-19,0.006331780705500442,0.013035386660543595,3.406122693949684e-31,1.0000000000000693e-30,7.794414982269637e-10,2.525896187627274e-09,3.770201891145602e-11,1.1926424069471402e-10
1.111,1374.8822301806736,5.0645862938352,0.17314280413709,7.996134218723801,0.49098638364721237,0.07274217640968442,8.75316343536158e-06,6.4841325540239e-07,2.333177652097598e-12,2.74325993825894e-12,4.348849188527905e-13,1.0226416960314228e-12,1.6055190348315917e-07,2.006640093796317e-07,0.20057726788339955,0.2655475462193206,3.3019835671593283e-15,8.009291824455791e-15,4.259841082936778e-13,1.0648229917894792e-12,2.483167304969321e-12,2.5597472980889587e-12,4.771974137584789e-06,5.2726364616672885e-06,0.013186846109539616,0.015547223304193458,0.25618925854342295,0.5273516879665782,0.032682650643117546,0.10570245809073173,1.0744776047735276e-07,2.2913485604919006e-07,2.734893896893827e-06,6.034819391907538e-06,1.2246389202448315e-06,2.8837259699562313e-06,2.60676347747322e-05,5.374310264850634e-05,6.993004571534705e-09,1.493535759971711e-08,2.020491420338883e-06,4.464951580293611e-06,4.690729454155652e-11,1.4143524004689894e-10,1.705425475496585e-18,1.755513565062659e-18,7.62607466856612e-12,8.979893804786112e-12,5.0590191307293775e-12,1.0789963469373382e-11,1.6861400812954759e-15,3.2239914126401347e-15,1.3168825767267013e-08,2.6155024969702812e-08,3.2904285033796676e-19,9.922292915523588e-19,0.006331731333861158,0.013035386660550447,3.406096134932525e-31,1.0000000000000666e-30,7.784262547367465e-10,2.5226258099961116e-09,3.766653014227936e-11,1.1915290679862492e-10
1.112,1374.8209846820137,5.064735087550612,0.1731377174818792,8.001909967731839,0.49099545173040654,0.07274408618058273,8.747918622817616e-06,6.480297770134726e-07,2.3298772908735227e-12,2.7394008266099765e-12,4.3425074541965384e-13,1.0211583722613956e-12,1.6042011134523761e-07,2.0050085127244565e-07,0.20057057312619178,0.26554075006238814,3.297129283398569e-15,7.997579531427475e-15,4.255350940619287e-13,1.0637088815142481e-12,2.478962183440139e-12,2.555432385264921e-12,4.7676054595816655e-06,5.2678504424370466e-06,0.01318290421150912,0.015542696821305328,0.25618995083758533,0.5273572183089557,0.03268362000841249,0.10570641610643233,1.0740556043133804e-07,2.2904664651493493e-07,2.7349770152166175e-06,6.035049781637331e-06,1.2238148823797528e-06,2.8818079956376057e-06,2.6036012337278158e-05,5.367832519131631e-05,6.983408570953037e-09,1.491497898341026e-08,2.018855989990979e-06,4.461372280173467e-06,4.6844305918401826e-11,1.4124641581368602e-10,1.7047498173001003e-18,1.7548317236408557e-18,7.621686898766313e-12,8.974796961690706e-12,5.055642837348571e-12,1.078284639318315e-11,1.6847135239517633e-15,3.221288834132609e-15,1.3168727582359119e-08,2.6155033569358516e-08,3.2876858982208356e-19,9.914099762679364e-19,0.0063316820435396935,0.013035386660557308,3.406069619659544e-31,1.0000000000000672e-30,7.774134531836333e-10,2.5193632625909083e-09,3.763110489195466e-11,1.1904177057216854e-10
1.113,1374.75977553451,5.064883845496699,0.17313263234823575,8.007685886381239,0.49100450707115445,0.07274599316122739,8.74267958534977e-06,6.476467121660156e-07,2.326583395711073e-12,2.735549222488876e-12,4.336178609143466e-13,1.0196780433215443e-12,1.6028850083311858e-07,2.0033791506454106e-07,0.20056388722474397,0.26553396212180774,3.2922848896633018e-15,7.985890943341117e-15,4.250868131927434e-13,1.0625965734763228e-12,2.474766992757097e-12,2.551127609841163e-12,4.763244238560492e-06,5.263072520730717e-06,0.013178968775288045,0.015538177687408715,0.25619063981411266,0.5273627351510273,0.032684589948955255,0.1057103746897831,1.073633964824711e-07,2.2895850965284556e-07,2.7350600260408354e-06,6.035279860413616e-06,1.222992172130231e-06,2.8798930808162412e-06,2.6004458155983834e-05,5.361368676311664e-05,6.973834257897117e-09,1.4894646178974947e-08,2.0172237458780775e-06,4.457799908368718e-06,4.678144647606188e-11,1.410579763462443e-10,1.7040743427049777e-18,1.7541500381237028e-18,7.617304320524052e-12,8.96970603759448e-12,5.052270539032047e-12,1.0775737588987892e-11,1.6832889364971272e-15,3.218589938900707e-15,1.3168629561085812e-08,2.61550421590268e-08,3.284946819037572e-19,9.905916988097363e-19,0.006331632834345851,0.013035386660564174,3.4060431480284066e-31,1.0000000000000661e-30,7.76403084785218e-10,2.5161085173344625e-09,3.759574297391197e-11,1.189308314376183e-10
1.114,1374.6986026520572,5.065032567772704,0.1731275487325257,8.013461974631324,0.4910135496964106,0.07274789735765091,8.737446310360312e-06,6.472640599705267e-07,2.3232959482984847e-12,2.7317051047697333e-12,4.3298626151739927e-13,1.018200700387296e-12,1.6015707150936365e-07,2.0017520022660595e-07,0.2005572101611305,0.26552718238224654,3.2874503567501658e-15,7.974225990600068e-15,4.246392637945224e-13,1.0614860630637514e-12,2.470581700585388e-12,2.54683293896297e-12,4.758890454276048e-06,5.258302674708327e-06,0.013175039785858272,0.015533665885606911,0.2561913254835628,0.5273682385297837,0.0326855604606181,0.1057143338304589,1.0732126856028447e-07,2.2887044532457737e-07,2.73514292962883e-06,6.0355096289798535e-06,1.2221707861579185e-06,2.8779812178620417e-06,2.597297202407525e-05,5.354918694492479e-05,6.964281564237464e-09,1.4874359043194705e-08,2.0155946792970084e-06,4.454234446078528e-06,4.671871582653576e-11,1.4086992049507404e-10,1.7033990513826467e-18,1.753468508255291e-18,7.612926926787947e-12,8.964621024796063e-12,5.048902226795013e-12,1.0768637038412667e-11,1.681866314205916e-15,3.215894718194391e-15,1.3168531703059834e-08,2.6155050738720767e-08,3.2822112607152055e-19,9.897744577206684e-19,0.00633158370609012,0.013035386660571031,3.4060167199371854e-31,1.0000000000000675e-30,7.753951416322887e-10,2.5128615489772346e-09,3.7560444208709774e-11,1.188200888397385e-10
1.115,1374.637465952173,5.065181254467266,0.1731224666314783,8.019238232441518,0.4910225796373662,0.072749798776507,8.732218784727262e-06,6.4688181949851e-07,2.320014930039609e-12,2.7278684519903037e-12,4.3235594343583254e-13,1.0167263346955927e-12,1.60025822925417e-07,2.0001270621536027e-07,0.2005505419131441,0.2655204108226749,3.282625655526884e-15,7.962584603773953e-15,4.2419244390204495e-13,1.060377345480029e-12,2.4664062743791832e-12,2.542548339555531e-12,4.754544086216444e-06,5.253540882232869e-06,0.01317111722827543,0.01552916139908699,0.2561920078521357,0.5273737284731954,0.03268653154361866,0.10571829353217846,1.0727917658458079e-07,2.28782453370993e-07,2.735225726215074e-06,6.035739088017473e-06,1.2213507208308326e-06,2.876072398452468e-06,2.5941553720475133e-05,5.34848252882318e-05,6.9547504180411375e-09,1.4854117424717696e-08,2.0139687807447397e-06,4.450675872732465e-06,4.665611357965712e-11,1.4068224710404467e-10,1.7027239432743293e-18,1.7527871340571635e-18,7.608554703018453e-12,8.95954190677414e-12,5.045537891372632e-12,1.0761544722482134e-11,1.6804456522666965e-15,3.2132031630984067e-15,1.3168434007902591e-08,2.6155059308468145e-08,3.2794792135308207e-19,9.88958250153663e-19,0.006331534658583616,0.013035386660577878,3.4059903352842556e-31,1.0000000000000661e-30,7.743896152914858e-10,2.509622330569023e-09,3.7525208413305716e-11,1.1870954221184496e-10
1.116,1374.576365351632,5.065329905671807,0.17311738604172852,8.025014659771347,0.49103159692389,0.07275169742424788,8.726996995782787e-06,6.4649998985495e-07,2.3167403226439863e-12,2.724039243045847e-12,4.317269029006807e-13,1.0152549375390834e-12,1.5989475464246395e-07,1.9985043249962912e-07,0.20054388245988433,0.2655136474237687,3.277810757141143e-15,7.950966714105464e-15,4.237463516045718e-13,1.0592704160643326e-12,2.462240681971145e-12,2.5382737789316892e-12,4.750205114175395e-06,5.248787121502687e-06,0.013167201087624076,0.015524664211067206,0.2561926869272448,0.5273792050116888,0.0326875031969366,0.1057222537946481,1.0723712048132938e-07,2.2869453364606567e-07,2.7353084160420276e-06,6.0359682382250826e-06,1.2205319726990603e-06,2.8741666146927626e-06,2.5910203033686527e-05,5.342060136424433e-05,6.945240750043887e-09,1.4833921177880107e-08,2.0123460412263723e-06,4.447124168881056e-06,4.6593639349212285e-11,1.4049495502884453e-10,1.7020490181953235e-18,1.7521059154209925e-18,7.604187636229369e-12,8.954468668834224e-12,5.0421775237637e-12,1.0754460622780255e-11,1.679026945961944e-15,3.2105152648759106e-15,1.3168336475235224e-08,2.61550678682939e-08,3.276750670220109e-19,9.881430740027231e-19,0.006331485691638014,0.013035386660584743,3.4059639939683266e-31,1.0000000000000693e-30,7.733864976822358e-10,2.506390836300905e-09,3.7490035407904867e-11,1.1859919099747083e-10
1.117,1374.5153007672834,5.065478521478123,0.1731123069598995,8.030791256580445,0.4910406015853998,0.07275359330725145,8.721780930582758e-06,6.461185701241878e-07,2.3134721077283527e-12,2.720217456720522e-12,4.31099136139623e-13,1.0137865002017439e-12,1.5976386621762112e-07,1.9968837854307724e-07,0.2005372317808626,0.26550689216671736,3.2730056326394185e-15,7.939372252585607e-15,4.233009849694959e-13,1.0581652701006446e-12,2.458084891152843e-12,2.5340092243593563e-12,4.7458735178557575e-06,5.244041370613295e-06,0.013163291349051627,0.015520174304836572,0.25619336271661736,0.52738466817628,0.032688475419218134,0.10572621461648438,1.0719510017302398e-07,2.2860668599631057e-07,2.7353909993520656e-06,6.036197080300508e-06,1.219714538229074e-06,2.872263858490244e-06,2.5878919747894198e-05,5.3356514735228333e-05,6.935752489836302e-09,1.4813770154560217e-08,2.0107264515027166e-06,4.443579314532921e-06,4.653129274889748e-11,1.4030804312478797e-10,1.70137427601504e-18,1.7514248522938647e-18,7.599825714791217e-12,8.949401297876987e-12,5.038821114812476e-12,1.0747384720558153e-11,1.6776101905292705e-15,3.20783101470305e-15,1.316823910467876e-08,2.6155076418219877e-08,3.2740256223507744e-19,9.873289268092774e-19,0.0063314368050656445,0.013035386660591557,3.405937695888429e-31,1.0000000000000675e-30,7.723857805724856e-10,2.5031670398709877e-09,3.745492501183786e-11,1.184890346373245e-10
1.118,1374.4542721154512,5.065627101980109,0.17310722938254325,8.036568022828549,0.49104959365025197,0.07275548643173267,8.71657057666483e-06,6.457375594260944e-07,2.310210267225507e-12,2.71640307216821e-12,4.304726394081786e-13,1.012321014032262e-12,1.5963315721811172e-07,1.995265438219319e-07,0.20053058985663433,0.26550014503406755,3.268210253383339e-15,7.927801150963875e-15,4.228563421196857e-13,1.0570619030111208e-12,2.45393887010704e-12,2.5297546435072223e-12,4.7415492772784995e-06,5.239303608009408e-06,0.013159387997736924,0.015515691663718209,0.25619403522892525,0.5273901179998866,0.03268944820813767,0.10573017599315164,1.0715311558848065e-07,2.2851891028168555e-07,2.7354734763940146e-06,6.036425614955355e-06,1.2188984140708355e-06,2.8703641221833692e-06,2.5847703656992806e-05,5.32925649834333e-05,6.926285569716733e-09,1.4793664212408017e-08,2.0091100028495012e-06,4.440041290832675e-06,4.6469073396464576e-11,1.4012151025931976e-10,1.7006997164812898e-18,1.750743944497441e-18,7.595468928611077e-12,8.944339782610293e-12,5.035468655643757e-12,1.0740316997662336e-11,1.6761953813059448e-15,3.2051504039453817e-15,1.316814189585411e-08,2.6155084958265402e-08,3.2713040637414136e-19,9.865158067932125e-19,0.006331387998679456,0.013035386660598386,3.40591144094395e-31,1.0000000000000687e-30,7.713874560866861e-10,2.499950916130754e-09,3.7419877047742615e-11,1.1837907258252154e-10
1.119,1374.3932793143435,5.065775647266471,0.17310215330639017,8.042344958475502,0.49105857314875795,0.07275737680418902,8.711365921134375e-06,6.453569568483442e-07,2.3069547828617684e-12,2.7125960682980592e-12,4.2984740897204864e-13,1.010858470402498e-12,1.595026272029478e-07,1.9936492780208365e-07,0.20052395666575681,0.2654934060056901,3.2634245907021076e-15,7.916253340905007e-15,4.224124211268678e-13,1.0559603100895505e-12,2.449802586870757e-12,2.5255100038912024e-12,4.737232372267582e-06,5.2345738119156585e-06,0.013155491018926569,0.01551121627111187,0.2561947044707629,0.5273955545110952,0.032690421563435164,0.1057341379267842,1.0711116664948712e-07,2.2843120634711492e-07,2.7355558474024306e-06,6.036653842869166e-06,1.2180835966739115e-06,2.8684673976376883e-06,2.581655454495893e-05,5.3228751670622995e-05,6.916839919343804e-09,1.477360320342357e-08,2.0074966859869844e-06,4.436510077695371e-06,4.640698090833844e-11,1.3993535529578254e-10,1.700025339511799e-18,1.7500631920280156e-18,7.591117264129478e-12,8.939284107657459e-12,5.03212013714703e-12,1.0733257435434239e-11,1.6747825135576642e-15,3.2024734238304028e-15,1.3168044848386817e-08,2.615509348845623e-08,3.268585985296556e-19,9.857037112952871e-19,0.006331339272293035,0.013035386660605221,3.4058852290345995e-31,1.0000000000000693e-30,7.703915159896085e-10,2.4967424387640035e-09,3.7384891335833116e-11,1.1826930427645194e-10
1.12,1374.3323222827526,5.065924157424581,0.17309707872821692,8.048122063481243,0.4910675401115799,0.07275926443116441,8.706166951130457e-06,6.449767614809489e-07,2.3037056364242787e-12,2.7087964240888495e-12,4.2922344111526095e-13,1.0093988607266632e-12,1.5937227573228018e-07,1.9920352995077768e-07,0.20051733218641085,0.2654866750609328,3.25864861606338e-15,7.904728754403695e-15,4.2196922006644373e-13,1.054860486638412e-12,2.4456760096085803e-12,2.521275273156253e-12,4.7329227827122335e-06,5.229851960626519e-06,0.01315160039791334,0.015506748110468859,0.2561953704482575,0.5274009777374894,0.03269139548529496,0.10573810042094518,1.0706925327765851e-07,2.2834357403711485e-07,2.7356381126082818e-06,6.036881764713125e-06,1.2172700824853294e-06,2.8665736767118274e-06,2.5785472195957995e-05,5.316507435891468e-05,6.90741546848973e-09,1.475358697983797e-08,2.005886491631012e-06,4.432985655024378e-06,4.634501490235566e-11,1.397495771016784e-10,1.6993511450428426e-18,1.7493825949007355e-18,7.586770706694567e-12,8.934234256353133e-12,5.028775550238469e-12,1.0726206015269299e-11,1.6733715825657361e-15,3.1998000656143294e-15,1.3167947961904757e-08,2.61551020088205e-08,3.2658713777760536e-19,9.848926376122918e-19,0.006331290625720485,0.013035386660612004,3.4058590600603868e-31,1.0000000000000677e-30,7.693979520554018e-10,2.4935415814829475e-09,3.734996769683561e-11,1.181597291640714e-10
1.121,1374.2714009363594,5.066072632551955,0.17309200564445432,8.053899337805824,0.4910764945648957,0.07276114931853148,8.700973654528079e-06,6.445969724682709e-07,2.30046281019232e-12,2.7050041190961153e-12,4.2860073213154873e-13,1.0079421764410321e-12,1.592421023828303e-07,1.990423497558988e-07,0.2005107164012485,0.2654799521850341,3.2538823011686327e-15,7.893227324015819e-15,4.2152673711382127e-13,1.0537624282096695e-12,2.441559107038638e-12,2.517050419515483e-12,4.728620488985795e-06,5.225138032969052e-06,0.013147716120011506,0.015502287165262627,0.25619603317189665,0.5274063877155765,0.03269236996951184,0.10574206346498949,1.0702737540640268e-07,2.2825601322130787e-07,2.7357202722700097e-06,6.037109381218493e-06,1.2164578683122498e-06,2.864682952111506e-06,2.5754456412374743e-05,5.310153264795421e-05,6.898012151905925e-09,1.4733615404505692e-08,2.004279411485452e-06,4.429468004904601e-06,4.6283175002289524e-11,1.3956417456231162e-10,1.6986771327173708e-18,1.7487021528285145e-18,7.582429249781388e-12,8.92919022159987e-12,5.025434886249115e-12,1.0719162719444715e-11,1.671962583754719e-15,3.197130320826115e-15,1.316785123602906e-08,2.615511051937029e-08,3.2631602368764783e-19,9.840825845294438e-19,0.006331242058776613,0.013035386660618795,3.4058329339216877e-31,1.0000000000000679e-30,7.684067567299947e-10,2.4903483201749675e-09,3.731510595713923e-11,1.1805034670819417e-10
1.122,1374.2105151955493,5.066221072732161,0.1730869340520107,8.059676781409392,0.4910854365405512,0.0727630314729965,8.69578601835862e-06,6.44217588892013e-07,2.2972262859747054e-12,2.7012191323203085e-12,4.279792783374957e-13,1.0064884090348697e-12,1.5911210671359944e-07,1.988813866831133e-07,0.20050410928720347,0.26547323735563466,3.2491256176898453e-15,7.881748982219802e-15,4.210849703317677e-13,1.0526661300732027e-12,2.4374518474770274e-12,2.512835410765091e-12,4.724325471011037e-06,5.220432007270148e-06,0.013143838170618333,0.015497833419061491,0.2561966926463832,0.5274117844699096,0.0326933450176571,0.10574602706694639,1.0698553295450033e-07,2.281685237380802e-07,2.7358023266085126e-06,6.0373366930331925e-06,1.2156469505252097e-06,2.862795215513279e-06,2.572350697507084e-05,5.3038126092975074e-05,6.888629898584829e-09,1.4713688327969114e-08,2.0026754360576094e-06,4.425957106774627e-06,4.622146082778279e-11,1.3937914655043382e-10,1.6980033025616795e-18,1.7480218659186415e-18,7.578092876593549e-12,8.924151984202236e-12,5.022098136050577e-12,1.071212752925476e-11,1.6705555124040736e-15,3.1944641807161136e-15,1.3167754670392271e-08,2.615511902013792e-08,3.260452551825686e-19,9.832735488808512e-19,0.006331193571276786,0.013035386660625587,3.4058068505191753e-31,1.0000000000000684e-30,7.674179216719078e-10,2.4871626281735768e-09,3.728030593742847e-11,1.1794115635353227e-10
1.123,1374.149664979287,5.066369478053593,0.17308186394763028,8.065454394252194,0.4910943660681722,0.07276491090093147,8.69060403013111e-06,6.438386098691087e-07,2.2939960459066615e-12,2.697441443143843e-12,4.2735907606634065e-13,1.0050375500358763e-12,1.5898228829420406e-07,1.9872064021128804e-07,0.20049751082341374,0.2654665305532699,3.2443785375281256e-15,7.870293662044099e-15,4.2064391784476563e-13,1.051571587652682e-12,2.433354199631016e-12,2.5086302151021164e-12,4.720037709033562e-06,5.215733862211195e-06,0.013139966535156474,0.015493386855460856,0.25619734887853285,0.5274171680293502,0.03269432062916419,0.10574999122792224,1.0694372584780231e-07,2.2808110544085757e-07,2.7358842758580496e-06,6.037563700834206e-06,1.2148373257085219e-06,2.8609104590962017e-06,2.5692623675928604e-05,5.297485427189838e-05,6.879268640561349e-09,1.4693805607257717e-08,2.001074556445315e-06,4.4224529413762206e-06,4.6159872002629816e-11,1.3919449195121994e-10,1.6973296544399096e-18,1.747341734111242e-18,7.573761573569015e-12,8.919119528771354e-12,5.018765290787946e-12,1.0705100426574163e-11,1.6691503638899077e-15,3.1918016367183777e-15,1.3167658264624845e-08,2.615512751114941e-08,3.257748314877776e-19,9.824655284129225e-19,0.006331145163036894,0.013035386660632387,3.405780809753814e-31,1.0000000000000707e-30,7.664314389460397e-10,2.483984480127386e-09,3.724556746199097e-11,1.178321575561429e-10
1.124,1374.088850204705,5.066517848610926,0.1730767953278434,8.071232176294586,0.49110328317446683,0.07276678760826814,8.68542767746418e-06,6.434600345244331e-07,2.2907720722644817e-12,2.6936710311130727e-12,4.267401216446832e-13,1.0035895909553733e-12,1.588526466985391e-07,1.985601098245634e-07,0.2004909209919061,0.26545983176226673,3.239641032546764e-15,7.858861296419386e-15,4.202035778072249e-13,1.0504787964460697e-12,2.429266132397276e-12,2.504434800916369e-12,4.715757183436645e-06,5.211043576623306e-06,0.01313610119909673,0.015488947458109508,0.25619800187794045,0.5274225384284214,0.032695296800663735,0.10575395593994547,1.0690195401514891e-07,2.279937581893943e-07,2.7359661202684257e-06,6.037790405332177e-06,1.2140289905575318e-06,2.859028675299791e-06,2.566180631221537e-05,5.2911716773711845e-05,6.869928311345357e-09,1.46739671025397e-08,1.9994767640360447e-06,4.418955490089248e-06,4.609840815296612e-11,1.390102096568046e-10,1.6966561881048946e-18,1.746661757231554e-18,7.569435333220609e-12,8.914092847069805e-12,5.015436341665375e-12,1.0698081393400378e-11,1.6677471336139452e-15,3.1891426803147246e-15,1.3167562018352637e-08,2.6155135992418557e-08,3.2550475198339407e-19,9.81658521338284e-19,0.006331096833873546,0.013035386660639138,3.4057548115269517e-31,1.0000000000000705e-30,7.654473008219548e-10,2.4808138513463202e-09,3.72108903570106e-11,1.1772334977802473e-10
1.125,1374.0280707916013,5.066666184491099,0.17307172818944552,8.077010127497022,0.4911121878892332,0.07276866160139081,8.680256947874432e-06,6.430818619751504e-07,2.287554347277377e-12,2.6899078757171634e-12,4.2612241143475736e-13,1.0021445233877604e-12,1.5872318149769822e-07,1.9839979500351177e-07,0.2004843397715862,0.2654531409627964,3.2349130748500953e-15,7.847451818855351e-15,4.197639483479568e-13,1.0493877518868543e-12,2.4251876147030246e-12,2.5002491366267633e-12,4.711483874569814e-06,5.206361129298105e-06,0.013132242147963174,0.015484515210716253,0.2561986516510035,0.5274278956950239,0.03269627353196688,0.10575792120532382,1.0686021738166522e-07,2.2790648183548312e-07,2.7360478600699633e-06,6.038016807194338e-06,1.213221941645434e-06,2.8571498562749928e-06,2.5631054675711948e-05,5.28487131760563e-05,6.860608843051582e-09,1.46541726709922e-08,1.9978820498964907e-06,4.41546473358279e-06,4.6037068905147585e-11,1.3882629855989255e-10,1.6959829034519758e-18,1.7459819352512877e-18,7.565114142069386e-12,8.909071923801977e-12,5.0121112798459274e-12,1.0691070411640396e-11,1.6663458169710044e-15,3.1864873029726716e-15,1.3167465931208632e-08,2.6155144463971212e-08,3.2523501583067837e-19,9.808525252092177e-19,0.006331048583603902,0.013035386660645864,3.4057288557402224e-31,1.000000000000068e-30,7.644654993668407e-10,2.4776507164825124e-09,3.717627444763567e-11,1.176147324778474e-10
1.1260000000000001,1373.9673266591417,5.066814485783507,0.17306666252914915,8.08278824782006,0.49112108024103424,0.0727705328864946,8.675091829041833e-06,6.427040913503673e-07,2.284342853321762e-12,2.6861519566165246e-12,4.2550594180897334e-13,1.0007023389506382e-12,1.585938922671085e-07,1.9823969523405337e-07,0.20047776714257043,0.2654464581366065,3.230194636648019e-15,7.83606516311198e-15,4.1932502762112654e-13,1.0482984494714138e-12,2.4211186156820238e-12,2.496073190862743e-12,4.7072177629301034e-06,5.201686499187962e-06,0.013128389367320423,0.015480090097034724,0.2561992982052382,0.5274332398593156,0.032697250821743504,0.10576188702266419,1.0681851587500485e-07,2.278192762362684e-07,2.7361294954992767e-06,6.038242907101322e-06,1.2124161756289441e-06,2.855273994368507e-06,2.5600368562545543e-05,5.2785843065499455e-05,6.851310169016937e-09,1.4634422172391634e-08,1.996290405320568e-06,4.4119806530262075e-06,4.5975853887841654e-11,1.3864275756006368e-10,1.6953098003124078e-18,1.7453022680759252e-18,7.560797988492841e-12,8.904056745856207e-12,5.008790096588554e-12,1.0684067463402778e-11,1.6649464093937778e-15,3.183835496231034e-15,1.3167370002825174e-08,2.6155152925829547e-08,3.2496562231145816e-19,9.800475379412851e-19,0.006331000412045714,0.013035386660652612,3.4057029422955972e-31,1.000000000000069e-30,7.634860268108076e-10,2.474495050714207e-09,3.714171956067032e-11,1.1750630511946483e-10
1.127,1373.9066177269606,5.06696275257664,0.1730615983436983,8.088566537224358,0.49112996025858,0.07277240146979011,8.66993230859175e-06,6.423267217749833e-07,2.2811375727888625e-12,2.682403253487132e-12,4.2489070915171473e-13,9.992630292890321e-13,1.584647785818334e-07,1.9807981000158452e-07,0.20047120308479616,0.2654397832651802,3.2254856902198096e-15,7.824701263111775e-15,4.1888681377702285e-13,1.0472108846859417e-12,2.417059104542853e-12,2.491906932328484e-12,4.702958829033404e-06,5.197019665263811e-06,0.013124542842783424,0.015475672100874865,0.2561999415478939,0.5274385709508559,0.03269822866891241,0.10576585339136872,1.0677684942169424e-07,2.27732141246449e-07,2.736211026790498e-06,6.038468705727764e-06,1.2116116891381717e-06,2.853401081863428e-06,2.556974776768934e-05,5.272310602619455e-05,6.842032222315921e-09,1.4614715465942665e-08,1.9947018215266104e-06,4.408503229419918e-06,4.5914762730651765e-11,1.3845958555962464e-10,1.694636878547084e-18,1.7446227556412002e-18,7.556486860617736e-12,8.899047299823286e-12,5.0054727831274135e-12,1.0677072530740226e-11,1.6635489063130663e-15,3.1811872516238714e-15,1.3167274232836147e-08,2.6155161378016256e-08,3.246965706536503e-19,9.792435572871328e-19,0.006330952319017324,0.013035386660659374,3.4056770710953525e-31,1.0000000000000719e-30,7.625088753451344e-10,2.471346829091876e-09,3.710722552301028e-11,1.173980671669665e-10
1.1280000000000001,1373.8459439152293,5.067110984957865,0.17305653562987633,8.094344995670669,0.49113882797085384,0.07277426735752197,8.664778374084812e-06,6.419497523689406e-07,2.2779384880779446e-12,2.6786617460125735e-12,4.242767098598127e-13,9.978265860765143e-13,1.5833584001630342e-07,1.9792013879064164e-07,0.20046464757789903,0.2654331163295737,3.220786207915225e-15,7.813360052942462e-15,4.1844930496038277e-13,1.0461250530022612e-12,2.4130090505625554e-12,2.487750329796359e-12,4.698707053408277e-06,5.192360606508347e-06,0.013120702560017865,0.015471261206103452,0.25620058168582927,0.5274438889983526,0.03269920707276324,0.10576982031202956,1.0673521794693883e-07,2.276450767178648e-07,2.7362924541744175e-06,6.038694203740421e-06,1.2108084787705007e-06,2.851531110964838e-06,2.55391920846767e-05,5.2660501639291244e-05,6.832774935683957e-09,1.4595052410114486e-08,1.99311628964145e-06,4.405032443560218e-06,4.585379506403352e-11,1.382767814633569e-10,1.693964138052191e-18,1.743943397918922e-18,7.552180746032962e-12,8.894043571658311e-12,5.0021593306668615e-12,1.0670085595638903e-11,1.6621533031560047e-15,3.1785425606771043e-15,1.316717862087706e-08,2.6155169820554766e-08,3.2442786002809776e-19,9.784405808269499e-19,0.006330904304337651,0.013035386660666093,3.4056512420420707e-31,1.0000000000000708e-30,7.61534037111757e-10,2.468206026504157e-09,3.7072792161559156e-11,1.1729001808441273e-10
1.129,1373.7853051446446,5.067259183013372,0.1730514743845074,8.100123623119853,0.49114768340714055,0.07277613055597451,8.659630013229626e-06,6.415731822629952e-07,2.2747455817073306e-12,2.6749274140146504e-12,4.236639403528226e-13,9.963930010393925e-13,1.5820707614818822e-07,1.9776068108974473e-07,0.20045810060118774,0.26542645731038805,3.216096162283365e-15,7.802041467169773e-15,4.180124993308867e-13,1.045040949929082e-12,2.408968423204271e-12,2.4836033522282674e-12,4.694462416706939e-06,5.187709302038753e-06,0.013116868504729297,0.015466857396631535,0.2562012186254949,0.5274491940296347,0.03270018603297305,0.105773787786484,1.0669362137723134e-07,2.2755808250506381e-07,2.736373777879369e-06,6.038919401800225e-06,1.2100065411596947e-06,2.8496640739626064e-06,2.550870130926398e-05,5.259802949048908e-05,6.823538242525111e-09,1.4575432864793609e-08,1.991533800898576e-06,4.401568276477311e-06,4.5792950520410344e-11,1.3809434418188382e-10,1.6932915787171445e-18,1.743264194873705e-18,7.547879631307043e-12,8.889045546112588e-12,4.998849730503642e-12,1.0663106640279276e-11,1.6607595953865987e-15,3.1759014149860888e-15,1.3167083166585751e-08,2.6155178253471108e-08,3.241594896344482e-19,9.776386062274822e-19,0.0063308563678261725,0.01303538666067284,3.405625455038643e-31,1.0000000000000717e-30,7.605615043350678e-10,2.4650726181050745e-09,3.703841930432331e-11,1.1718215733930096e-10
1.1300000000000001,1373.7247013346391,5.067407346833829,0.17304641460426365,8.105902419532866,0.49115652659463915,0.07277799107111589,8.654487213941997e-06,6.411970106030879e-07,2.271558836374688e-12,2.6712002375242115e-12,4.230523970550344e-13,9.949622659143791e-13,1.5807848656072068e-07,1.9760143639429774e-07,0.20045156213603513,0.26541980619092714,3.211415525946755e-15,7.790745440531788e-15,4.1757639508253684e-13,1.043958571060422e-12,2.4049371921648362e-12,2.4794659688246583e-12,4.6902248997595635e-06,5.183065731166587e-06,0.013113040662662986,0.015462460656413851,0.2562018523753071,0.5274544860765248,0.03270116554723232,0.10577775581013282,1.0665205964271445e-07,2.2747115847033535e-07,2.7364549981451382e-06,6.03914430059281e-06,1.2092058730602838e-06,2.8477999634300543e-06,2.547827524330312e-05,5.253568917802157e-05,6.81432207792767e-09,1.4555856693452917e-08,1.989954346857246e-06,4.398110709919481e-06,4.573222873486112e-11,1.3791227263374108e-10,1.6926192003287556e-18,1.7425851463642546e-18,7.543583506897133e-12,8.884053212514654e-12,4.995543974052543e-12,1.0656135647090564e-11,1.6593677785137784e-15,3.1732638062309385e-15,1.3166987869597328e-08,2.6155186676783118e-08,3.2389145883960684e-19,9.768376316595742e-19,0.006330808509302967,0.013035386660679557,3.4055997099882866e-31,1.0000000000000712e-30,7.59591269467298e-10,2.461946579785194e-09,3.7004106781438513e-11,1.1707448440581092e-10
1.131,1373.6641324056923,5.067555476507199,0.17304135628591039,8.111681384870769,0.49116535756143936,0.07277984890903991,8.649349963961105e-06,6.408212365219138e-07,2.2683782347189795e-12,2.667480196501259e-12,4.224420764032426e-13,9.93534372466877e-13,1.5795007083415407e-07,1.9744240419591196e-07,0.20044503216288706,0.26541316295324047,3.206744271573516e-15,7.779471907871535e-15,4.171409903893502e-13,1.0428779119398512e-12,2.4009153271420088e-12,2.4753381487845833e-12,4.685994483343965e-06,5.1784298731433244e-06,0.0131092190196209,0.015458070969469011,0.25620248294266856,0.5274597651687107,0.03270214561422584,0.10578172438158329,1.0661053267039023e-07,2.273843044692293e-07,2.736536115204028e-06,6.039368900786794e-06,1.2084064711399985e-06,2.8459387717351546e-06,2.544791368448267e-05,5.2473480291503296e-05,6.805126375904226e-09,1.4536323757256573e-08,1.9883779188357433e-06,4.39465972510056e-06,4.5671629342627786e-11,1.3773056573786261e-10,1.6919470027540453e-18,1.741906252331597e-18,7.539292361886547e-12,8.87906655857292e-12,4.992242052636067e-12,1.0649172598302196e-11,1.6579778480223367e-15,3.1706297260444933e-15,1.3166892729549593e-08,2.615519509051151e-08,3.2362376686808477e-19,9.760376548643025e-19,0.006330760728588742,0.01303538666068623,3.4055740067945496e-31,1.0000000000000675e-30,7.586233248116122e-10,2.4588278869500637e-09,3.6969854422271795e-11,1.1696699875563706e-10
1.1320000000000001,1373.6035982797466,5.067703572117388,0.1730362994263521,8.117460519094717,0.4911741763371537,0.07278170407606097,8.644218250938434e-06,6.404458591455235e-07,2.2652037593584127e-12,2.6637672708796313e-12,4.2183297485609847e-13,9.92109312512997e-13,1.5782182854700904e-07,1.972835839839685e-07,0.20043851066063822,0.26540652757730127,3.202082371970104e-15,7.768220804362132e-15,4.167062834103177e-13,1.0417989680729091e-12,2.396902797878843e-12,2.4712198613515e-12,4.681771148225017e-06,5.173801707204018e-06,0.013105403561454752,0.015453688319871596,0.2562031103333514,0.5274650313324855,0.03270312623424975,0.10578569350464713,1.0656904038481018e-07,2.2729752035203185e-07,2.7366171292779902e-06,6.039593203027548e-06,1.2076083319923016e-06,2.844080491070094e-06,2.541761642716247e-05,5.241140241365185e-05,6.795951069634683e-09,1.4516833915579299e-08,1.9868045079536402e-06,4.391215302793409e-06,4.561115197945003e-11,1.375492224145925e-10,1.6912749859437123e-18,1.741227512802682e-18,7.53500618216057e-12,8.874085568227378e-12,4.98894395753805e-12,1.0642217476058393e-11,1.656589799390401e-15,3.167999166045791e-15,1.3166797746084698e-08,2.6155203494683613e-08,3.2335641282150374e-19,9.752386732118024e-19,0.0063307130255047354,0.01303538666069294,3.4055483453612787e-31,1.0000000000000694e-30,7.57657662550673e-10,2.4557165146128354e-09,3.69356620556912e-11,1.1685969985884399e-10
1.133,1373.543098877236,5.067851633753484,0.17303124402231732,8.123239822165965,0.49118298294906776,0.07278355657814223,8.63909206311494e-06,6.400708776434811e-07,2.2620353932928012e-12,2.6600614410401096e-12,4.212250888929738e-13,9.906870779168707e-13,1.5769375929045618e-07,1.9712497526359366e-07,0.20043199761049424,0.2653999000461149,3.197429800227554e-15,7.756992065861464e-15,4.1627227237710393e-13,1.0407217351463414e-12,2.392899574563852e-12,2.467111076225804e-12,4.677554875548065e-06,5.169181213001966e-06,0.013101594274036819,0.015449312691717444,0.2562037345553512,0.5274702845986705,0.032704107405358736,0.10578966317587572,1.0652758271907641e-07,2.2721080598722525e-07,2.736698040603464e-06,6.0398172079919e-06,1.2068114524637855e-06,2.842225114222283e-06,2.538738327872927e-05,5.234945515401231e-05,6.786796095879887e-09,1.4497387035434116e-08,1.9852341060334365e-06,4.3877774253226275e-06,4.555079628576344e-11,1.373682415983432e-10,1.690603149659854e-18,1.740548927610031e-18,7.530724957151308e-12,8.86911022959287e-12,4.985649680379309e-12,1.0635270263219269e-11,1.6552036282135942e-15,3.165372118077446e-15,1.3166702918842361e-08,2.615521188931938e-08,3.2308939614224386e-19,9.744406850996028e-19,0.006330665399872746,0.01303538666069965,3.405522725592599e-31,1.0000000000000708e-30,7.566942753447911e-10,2.4526124393329404e-09,3.690152951475014e-11,1.1675258719868523e-10
1.1340000000000001,1373.4826341193734,5.067999661502696,0.17302619007059933,8.12901929404587,0.49119177742499603,0.07278540642131888,8.633971388259745e-06,6.396962911502359e-07,2.258873119312601e-12,2.6563626871154997e-12,4.206184149880373e-13,9.892676605296854e-13,1.5756586264747786e-07,1.9696657752961073e-07,0.20042549299309642,0.2653932803419127,3.192786529278945e-15,7.745785627838627e-15,4.15838955474958e-13,1.0396462087303747e-12,2.388905627222972e-12,2.463011762937967e-12,4.673345646252937e-06,5.164568369961162e-06,0.013097791143307265,0.01544494406917949,0.25620435561600663,0.5274755249966874,0.03270508912624211,0.10579363339386373,1.06486159599762e-07,2.2712416122932553e-07,2.7367788494103693e-06,6.0400409163417816e-06,1.2060158292276307e-06,2.8403726335698076e-06,2.5357214037743998e-05,5.2287638103897246e-05,6.7776613890370875e-09,1.4477982978774367e-08,1.9836667044051444e-06,4.384346073922487e-06,4.549056190062634e-11,1.371876222192816e-10,1.6899314937905162e-18,1.7398704967155777e-18,7.526448676060948e-12,8.864140530511295e-12,4.9823592125167994e-12,1.0628330942079184e-11,1.653819330006168e-15,3.162748573825362e-15,1.3166608247463717e-08,2.6155220274439114e-08,3.2282271602808096e-19,9.736436881871943e-19,0.006330617851515175,0.013035386660706333,3.405497147392981e-31,1.0000000000000712e-30,7.557331555384883e-10,2.4495156366444373e-09,3.686745663029502e-11,1.1664566025137927e-10
1.135,1373.4222039277142,5.068147655451672,0.17302113756801146,8.134798934695885,0.49120055979276966,0.07278725361162282,8.628856214342993e-06,6.393220988149777e-07,2.2557169203569797e-12,2.652670989411723e-12,4.200129496381243e-13,9.87851052255243e-13,1.5743813820538032e-07,1.9680839028218274e-07,0.20041899678904213,0.2653866684468426,3.1881525322674685e-15,7.734601426266962e-15,4.1540633091058034e-13,1.038572384448397e-12,2.3849209260964154e-12,2.458921891237098e-12,4.6691434414330696e-06,5.159963157673203e-06,0.013093994155245758,0.015440582436474429,0.25620497352252647,0.5274807525556467,0.032706071395699386,0.10579760415755331,1.0644477095556889e-07,2.270375859373503e-07,2.736859555927895e-06,6.0402643287370514e-06,1.2052214590178567e-06,2.8385230416331445e-06,2.532710850619782e-05,5.2225950861659256e-05,6.768546884496411e-09,1.4458621609663585e-08,1.9821022945725834e-06,4.38092123020961e-06,4.5430448465370254e-11,1.3700736321433915e-10,1.6892600181973226e-18,1.7391922200538115e-18,7.522177327773987e-12,8.859176458448272e-12,4.979072545429812e-12,1.062139949519065e-11,1.6524369003290134e-15,3.1601285250635587e-15,1.3166513731591581e-08,2.6155228650064162e-08,3.2255637173928075e-19,9.728476803222232e-19,0.00633057038025501,0.013035386660713025,3.4054716106671964e-31,1.0000000000000724e-30,7.547742956025853e-10,2.4464260824889237e-09,3.68334432346256e-11,1.165389184976912e-10
1.1360000000000001,1373.3618082243588,5.068295615685871,0.1730160865114084,8.140578744077564,0.49120933008057005,0.07278909815513206,8.623746529396889e-06,6.389482997913429e-07,2.252566779436709e-12,2.648986328317157e-12,4.1940868935859525e-13,9.86437245040222e-13,1.573105855531024e-07,1.966504130234482e-07,0.20041250897855428,0.26538006434253186,3.183527782483926e-15,7.723439397472439e-15,4.149743968969604e-13,1.0375002579390528e-12,2.3809454415581215e-12,2.454841431007914e-12,4.664948242258609e-06,5.155365555812325e-06,0.013090203295874991,0.015436227777866861,0.25620558828166284,0.5274859673036753,0.03270705421296833,0.1058015754672954,1.0640341671541494e-07,2.2695107997073907e-07,2.7369401603822067e-06,6.040487445830435e-06,1.2044283385759156e-06,2.836676330949385e-06,2.529706648677471e-05,5.216439302704654e-05,6.759452517894067e-09,1.4439302792680365e-08,1.9805408680639454e-06,4.377502875852691e-06,4.5370455622781406e-11,1.3682746352474396e-10,1.6885887227530742e-18,1.738514097570489e-18,7.517910900177003e-12,8.85421799969201e-12,4.975789670640461e-12,1.061447590519473e-11,1.6510563347632279e-15,3.1575119636036262e-15,1.3166419370870828e-08,2.6155237016217688e-08,3.22290362528673e-19,9.720526593295977e-19,0.006330522985915762,0.01303538666071971,3.405446115320308e-31,1.0000000000000735e-30,7.538176880350325e-10,2.44334375289412e-09,3.679948916067162e-11,1.164323614203283e-10
1.137,1373.3014469322557,5.068443542288628,0.17301103689771805,8.146358722152554,0.49121808831725666,0.0727909400580193,8.618642321340677e-06,6.38574893224446e-07,2.2494226795385763e-12,2.645308684190229e-12,4.188056306778072e-13,9.850262308611794e-13,1.5718320427782388e-07,1.9649264525328156e-07,0.20040602954114822,0.26537346800964545,3.178912253283568e-15,7.712299477931943e-15,4.145431516344438e-13,1.0364298248089103e-12,2.376979144016297e-12,2.4507703521682026e-12,4.660760029880247e-06,5.150775544029141e-06,0.013086418551266616,0.015431880077676314,0.2562061998993815,0.5274911692672365,0.032708037578056535,0.10580554732592243,1.0636209680603367e-07,2.2686464318423323e-07,2.737020662993776e-06,6.040710268261628e-06,1.2036364645834995e-06,2.834832493913983e-06,2.5267087779378103e-05,5.210296419404074e-05,6.7503782241664595e-09,1.4420026390897792e-08,1.978982416241724e-06,4.3740909921524e-06,4.531058301612789e-11,1.3664792209308738e-10,1.6879176073898554e-18,1.7378361292721625e-18,7.513649379703836e-12,8.849265138817589e-12,4.972510579614093e-12,1.0607560154608583e-11,1.6496776288772179e-15,3.154898881231817e-15,1.3166325164948886e-08,2.615524537292563e-08,3.2202468755477127e-19,9.712586227494478e-19,0.006330475668321503,0.01303538666072637,3.405420661257681e-31,1.0000000000000747e-30,7.528633252350928e-10,2.4402686235660682e-09,3.6765594240973405e-11,1.163259885007145e-10
1.1380000000000001,1373.241119972553,5.068591435349353,0.17300598872366174,8.152138868882604,0.491226834528926,0.07279277932604143,8.613543578429603e-06,6.382018782841414e-07,2.2462846039018245e-12,2.641638037684494e-12,4.1820377012881015e-13,9.836180017050156e-13,1.5705599397496116e-07,1.963350864817874e-07,0.20039955845907878,0.26536687943244885,3.174305918124225e-15,7.701181604365746e-15,4.1411259337382136e-13,1.0353610807901875e-12,2.3730220041832857e-12,2.446708624947065e-12,4.656578785698955e-06,5.1461931022486894e-06,0.013082639907525744,0.01542753932025883,0.25620680838429294,0.5274963584781914,0.032709021488304346,0.10580951972762893,1.0632081115986094e-07,2.2677827544469662e-07,2.7371010639987973e-06,6.040932796704513e-06,1.2028458339036584e-06,2.8329915233486244e-06,2.5237172193026357e-05,5.204166397538603e-05,6.7413239407448445e-09,1.4400792272707759e-08,1.9774269309620007e-06,4.370685561498553e-06,4.52508302920653e-11,1.3646873787208606e-10,1.6872466718869458e-18,1.7371583150078076e-18,7.509392757903317e-12,8.844317866422097e-12,4.9692352640057975e-12,1.060065222635128e-11,1.648300778307676e-15,3.152289269863886e-15,1.316623111346931e-08,2.6155253720203746e-08,3.2175934622938526e-19,9.704655688855491e-19,0.006330428427296904,0.013035386660732996,3.40539524838499e-31,1.0000000000000723e-30,7.519111999396386e-10,2.4372006713032898e-09,3.673175831104874e-11,1.1621979922964275e-10
1.139,1373.1808272685735,5.068739294951207,0.17300094198617483,8.157919184229558,0.49123556874411894,0.07279461596531225,8.608450288712656e-06,6.378292541248536e-07,2.2431525356711223e-12,2.6379743693405825e-12,4.1760310426839053e-13,9.822125496137826e-13,1.5692895423557281e-07,1.961777362135593e-07,0.20039309571212938,0.26536029859191157,3.169708750590441e-15,7.690085713796191e-15,4.1368272033423103e-13,1.034294021535511e-12,2.369073992742316e-12,2.442656219541366e-12,4.652404491031004e-06,5.141618210300331e-06,0.01307886735081179,0.015423205490031788,0.25620741374245704,0.527501534963109,0.03271000594358412,0.10581349267479194,1.0627955970480247e-07,2.2669197660929327e-07,2.737181363617373e-06,6.0411550317970325e-06,1.2020564432615618e-06,2.8311534117493923e-06,2.5207319530258085e-05,5.19804919704327e-05,6.732289603380352e-09,1.4381600302902732e-08,1.975874403707947e-06,4.367286565454993e-06,4.5191197096953524e-11,1.362899098134769e-10,1.6865759161631087e-18,1.7364806547697786e-18,7.50514102176128e-12,8.839376167726486e-12,4.965963715366696e-12,1.0593752103117385e-11,1.646925778663123e-15,3.1496831213606712e-15,1.3166137216081492e-08,2.615526205807725e-08,3.214943377349989e-19,9.696734953497094e-19,0.006330381262667194,0.013035386660739645,3.4053698766082252e-31,1.0000000000000733e-30,7.509613046494857e-10,2.4341398721374108e-09,3.6697981205020816e-11,1.1611379309344366e-10
1.1400000000000001,1373.1205687442266,5.068887121176032,0.17299589668223858,8.16369966815535,0.49124429099176,0.0727964499819967,8.603362440239939e-06,6.374570199009407e-07,2.24002645802962e-12,2.6343176597426608e-12,4.1700362966895696e-13,9.808098666655982e-13,1.5680208465117417e-07,1.9602059395369773e-07,0.20038664127966974,0.2653537254684307,3.165120724377641e-15,7.67901174350928e-15,4.1325353073488176e-13,1.0332286426972273e-12,2.365135080474122e-12,2.438613106246281e-12,4.6482371272348606e-06,5.1370508480579615e-06,0.0130751008673266,0.015418878571459833,0.2562080159794465,0.5275066987475122,0.03271099094424164,0.10581746617131131,1.0623834236820084e-07,2.2660574653394783e-07,2.737261562066069e-06,6.041376974168874e-06,1.2012682893683635e-06,2.829318151578481e-06,2.5177529593180737e-05,5.1919447777609454e-05,6.7232751477623185e-09,1.4362450346132749e-08,1.974324825925705e-06,4.363893985501948e-06,4.5131683078256345e-11,1.361114368722374e-10,1.6859053401624105e-18,1.7358031485762462e-18,7.500894157065702e-12,8.834440026538735e-12,4.96269592525568e-12,1.058685976761528e-11,1.6455526255606586e-15,3.1470804275983684e-15,1.316604347243691e-08,2.615527038657328e-08,3.212296612291202e-19,9.688823996780917e-19,0.006330334174258098,0.013035386660746301,3.405344545833634e-31,1.0000000000000749e-30,7.500136318519833e-10,2.4310862020546246e-09,3.6664262757298324e-11,1.1600796957930086e-10
1.141,1373.0603443205714,5.069034914115005,0.17299085280851623,8.169480320622027,0.4912530012965859,0.07279828138163248,8.598280021408438e-06,6.370851747923056e-07,2.2369063544351966e-12,2.630667889796238e-12,4.1640534289577237e-13,9.794099449210851e-13,1.5667538482246392e-07,1.9586365921871703e-07,0.2003801951452398,0.26534716004789727,3.1605418131952534e-15,7.667959630819552e-15,4.128250228544836e-13,1.032164940075978e-12,2.3612052384767673e-12,2.4345792556819362e-12,4.644076675938534e-06,5.132490995691212e-06,0.013071340443306231,0.015414558549044981,0.2562086151048959,0.5275118498652369,0.03271197648653229,0.10582144020784473,1.0619715908420454e-07,2.2651958508906085e-07,2.7373416595854176e-06,6.04159862450208e-06,1.2004813691585564e-06,2.827485735823203e-06,2.514780219486538e-05,5.185853101792052e-05,6.714280512551332e-09,1.434334227338456e-08,1.9727781896616233e-06,4.360507804444486e-06,4.507228788709636e-11,1.3593331801428963e-10,1.6852349436241312e-18,1.735125796234275e-18,7.496652157706867e-12,8.82950943620736e-12,4.959431885422119e-12,1.057997520295682e-11,1.6441813146856906e-15,3.144481180582719e-15,1.3165949882180385e-08,2.615527870570314e-08,3.2096531619432725e-19,9.680922803870041e-19,0.00633028716189597,0.013035386660752926,3.405319255967809e-31,1.000000000000076e-30,7.490681744417585e-10,2.428039638359474e-09,3.663060280573802e-11,1.1590232818525644e-10
1.1420000000000001,1373.0001539211785,5.069182673852004,0.172985810361921,8.175261141591722,0.491261699686214,0.07280011017017876,8.59320302052768e-06,6.367137179722252e-07,2.233792208306955e-12,2.6270250403595403e-12,4.158082405472909e-13,9.780127765182654e-13,1.5654885434770637e-07,1.9570693152202557e-07,0.2003737572894653,0.26534060231231993,3.1559719909783204e-15,7.656929313583646e-15,4.1239719494891816e-13,1.0311029094148827e-12,2.35728443788082e-12,2.430554638499787e-12,4.63992311874312e-06,5.127938633337919e-06,0.01306758606503737,0.015410245407346267,0.25620921112545403,0.5275169883439308,0.03271296256968229,0.10582541478465182,1.0615600978359318e-07,2.2643349213780997e-07,2.7374216563977193e-06,6.041819983438023e-06,1.1996956794553213e-06,2.8256561572078488e-06,2.5118137143410647e-05,5.179774130208477e-05,6.705305635150202e-09,1.4324275952947838e-08,1.9712344866694705e-06,4.3571280044392684e-06,4.501301117485276e-11,1.3575555220624264e-10,1.6845647264192964e-18,1.7344485976863426e-18,7.49241501213948e-12,8.824584383676987e-12,4.9561715875817644e-12,1.0573098392179446e-11,1.642811841718748e-15,3.1418853723091046e-15,1.316585644496313e-08,2.6155287015488683e-08,3.2070130190370157e-19,9.673031353605895e-19,0.006330240225407722,0.013035386660759575,3.4052940069176236e-31,1.0000000000000761e-30,7.481249251304137e-10,2.4250001577615187e-09,3.6597001187286605e-11,1.1579686840642366e-10
1.143,1372.939997470301,5.069330400469339,0.17298076933942041,8.181042131026668,0.4912703861887685,0.07280193635366373,8.588131425698097e-06,6.363426485983313e-07,2.230684002991364e-12,2.6233890922036645e-12,4.152123192283757e-13,9.766183536095621e-13,1.5642249282173023e-07,1.9555041037267235e-07,0.2003673276924368,0.26533405224297224,3.151411231655085e-15,7.645920729636381e-15,4.1197004525327534e-13,1.030042546404616e-12,2.353372649796805e-12,2.4265392253284224e-12,4.635776437180737e-06,5.123393741057584e-06,0.013063837718859276,0.015405939130981873,0.2562098040471536,0.5275221142099267,0.032713949193518305,0.10582938990392539,1.0611489439390418e-07,2.263474675364181e-07,2.7375015527200747e-06,6.042041051606116e-06,1.1989112169962345e-06,2.8238294082542004e-06,2.508853424273187e-05,5.173707823216229e-05,6.696350451873071e-09,1.4305251250776257e-08,1.9696937084617947e-06,4.3537545671080075e-06,4.4953852592865695e-11,1.3557813841449977e-10,1.6838946884896882e-18,1.7337715529475335e-18,7.488182707685245e-12,8.81966485455564e-12,4.952915023337337e-12,1.0566229318076685e-11,1.641444202308883e-15,3.139292994711652e-15,1.3165763160438907e-08,2.6155295315954443e-08,3.204376175169179e-19,9.665149621406198e-19,0.006330193364620809,0.013035386660766228,3.405268798590274e-31,1.0000000000000773e-30,7.471838764811085e-10,2.421967736487388e-09,3.656345773804816e-11,1.1569158973519957e-10
1.1440000000000001,1372.8798748910917,5.069478094053148,0.17297572973785202,8.186823288889194,0.4912790608305351,0.07280375993783773,8.583065225387614e-06,6.359719658553419e-07,2.2275817220900766e-12,2.6197600263981454e-12,4.1461757555776603e-13,9.75226668379375e-13,1.562962998476656e-07,1.9539409529002197e-07,0.20036090633606407,0.26532750982351383,3.146859509334078e-15,7.634933817244772e-15,4.1154357205058456e-13,1.0289838468552713e-12,2.349469845646496e-12,2.422532987115197e-12,4.6316366130398575e-06,5.118856299190998e-06,0.013060095391141082,0.015401639704602553,0.25621039387775635,0.527527227493077,0.03271493635611337,0.10583336556217708,1.060738128481512e-07,2.2626151115275227e-07,2.737581348780479e-06,6.042261829659382e-06,1.1981279786851735e-06,2.8220054818748878e-06,2.5058993305266493e-05,5.167654142775568e-05,6.687414901380501e-09,1.4286268037825935e-08,1.9681558470102666e-06,4.350387475085536e-06,4.4894811795848146e-11,1.3540107561555046e-10,1.6832248296508265e-18,1.7330946619027036e-18,7.483955234740254e-12,8.814750838070339e-12,4.949662184502347e-12,1.0559367963889087e-11,1.6400783921803925e-15,3.1367040398673703e-15,1.3165670028259306e-08,2.6155303607118507e-08,3.201742624158775e-19,9.657277589388534e-19,0.006330146579363186,0.013035386660772823,3.405243630893214e-31,1.000000000000077e-30,7.462450213704304e-10,2.418942351777949e-09,3.652997229697409e-11,1.1558649167294162e-10
1.145,1372.8197861089247,5.069625754683195,0.17297069155427164,8.192604615141718,0.4912877236403374,0.07280558092882186,8.578004407869689e-06,6.356016689134203e-07,2.2244853491144447e-12,2.6161378239046535e-12,4.14024006178731e-13,9.738377130691426e-13,1.5617027502442474e-07,1.9523798578810417e-07,0.20035449319968734,0.2653209750341778,3.1423167982595716e-15,7.623968514999971e-15,4.1111777359284567e-13,1.0279268064989141e-12,2.3455759968258688e-12,2.418535894778712e-12,4.6275036280272535e-06,5.114326287986623e-06,0.013056359068302423,0.015397347112915937,0.256210980622389,0.527532328217768,0.03271592405816464,0.10583734176439931,1.060327650749173e-07,2.2617562284519209e-07,2.7376610447902426e-06,6.042482318213595e-06,1.1973459612896528e-06,2.8201843706605116e-06,2.5029514137086292e-05,5.161613049530912e-05,6.678498920687275e-09,1.4267326181527071e-08,1.966620893918801e-06,4.347026710192107e-06,4.4835888438222396e-11,1.352243627849216e-10,1.6825551498580977e-18,1.7324179245804902e-18,7.479732578711149e-12,8.809842317569427e-12,4.946413062793459e-12,1.0552514312647928e-11,1.638714407031611e-15,3.134118499802599e-15,1.3165577048082013e-08,2.6155311889008934e-08,3.1991123575747504e-19,9.649415232880783e-19,0.006330099869463402,0.013035386660779462,3.405218503734199e-31,1.0000000000000786e-30,7.453083524430021e-10,2.415923980120445e-09,3.649654470164159e-11,1.1548157371661037e-10
1.1460000000000001,1372.7597310485153,5.069773382441759,0.17296565478565004,8.198386109746755,0.49129637464572357,0.07280739933254234,8.572948961340654e-06,6.352317569368676e-07,2.2213948675934814e-12,2.6125224657039598e-12,4.1343160773182127e-13,9.724514799132505e-13,1.5604441795082066e-07,1.9508208138076156e-07,0.20034808826389652,0.2653144478568273,3.1377830726286144e-15,7.613024761373347e-15,4.1069264813414343e-13,1.0268714210723753e-12,2.3416910747931387e-12,2.4145479192995887e-12,4.623377463866025e-06,5.109803687708918e-06,0.013052628736808784,0.015393061340680983,0.2562115642873415,0.5275374164107365,0.03271691229918575,0.10584131851174695,1.0599175100237611e-07,2.2608980247120568e-07,2.7377406409662495e-06,6.0427025178963585e-06,1.1965651615827627e-06,2.8183660672139442e-06,2.500009654445168e-05,5.155584504162411e-05,6.669602446882649e-09,1.42484255494588e-08,1.9650888407945455e-06,4.343672254253382e-06,4.4777082175335066e-11,1.3504799890084173e-10,1.68188564904904e-18,1.7317413409909193e-18,7.475514727422401e-12,8.804939279246867e-12,4.943167649883799e-12,1.0545668347288887e-11,1.63735224255203e-15,3.13153636652573e-15,1.316548421956341e-08,2.6155320161648927e-08,3.1964853672235484e-19,9.641562527924074e-19,0.00633005323475047,0.013035386660786068,3.405193417021263e-31,1.00000000000008e-30,7.443738623564096e-10,2.4129125980424085e-09,3.6463174789991864e-11,1.1537683536426913e-10
1.147,1372.6997096318346,5.0699209774200895,0.1729606194286526,8.204167772666924,0.4913050138702473,0.07280921515432706,8.567898874743748e-06,6.348622291451766e-07,2.2183102615325632e-12,2.6089139333353854e-12,4.128403768710391e-13,9.710679611770573e-13,1.559187282419827e-07,1.949263816021706e-07,0.20034169151326514,0.2653079282785737,3.1332583069006612e-15,7.602102495467668e-15,4.1026819402499034e-13,1.025817686553133e-12,2.337815051537207e-12,2.4105690322034815e-12,4.619258102755212e-06,5.105288479146273e-06,0.013048904383142794,0.015388782372673982,0.2562121448827859,0.5275424921066652,0.03271790107478135,0.10584529579271934,1.0595077057034685e-07,2.2600404991306243e-07,2.7378201375502067e-06,6.042922429389555e-06,1.195785576686485e-06,2.8165505649589507e-06,2.4970740351225946e-05,5.149568470977152e-05,6.66072542184268e-09,1.422956601941622e-08,1.9635596802076747e-06,4.340324091221976e-06,4.471839266821564e-11,1.3487198295859202e-10,1.6812163268830884e-18,1.7310649108574184e-18,7.471301675989003e-12,8.800041717881562e-12,4.939925937868053e-12,1.0538830051644197e-11,1.6359918945757023e-15,3.1289576323205818e-15,1.3165391542353981e-08,2.6155328425047433e-08,3.193861649634002e-19,9.633719464800626e-19,0.006330006675054065,0.013035386660792667,3.405168370662765e-31,1.000000000000079e-30,7.434415444124439e-10,2.4099081841578512e-09,3.642986240540803e-11,1.1527227613115057e-10
1.1480000000000001,1372.639721785562,5.070068539695377,0.17295558548042525,8.20994960386493,0.491313641343199,0.07281102840034903,8.562854136141606e-06,6.344930846924499e-07,2.2152315144527898e-12,2.6053122077670834e-12,4.1225031026963714e-13,9.696871491705596e-13,1.557932054946752e-07,1.9477088596348828e-07,0.20033530292658253,0.26530141627884657,3.128742475475425e-15,7.59120165623568e-15,4.098444095008179e-13,1.0247655986304914e-12,2.3339478986250212e-12,2.4065992045788585e-12,4.615145526422272e-06,5.1007806425639e-06,0.013045185993867782,0.01538451019376385,0.2562127224130452,0.527547555328155,0.03271889038639429,0.105849273614695,1.0590982370352331e-07,2.2591836502073275e-07,2.7378995347456904e-06,6.043142053290504e-06,1.1950072032747919e-06,2.8147378562632443e-06,2.49414453592589e-05,5.143564909739502e-05,6.651867781578081e-09,1.4210747456654359e-08,1.9620334034958846e-06,4.336982202324548e-06,4.465981957351013e-11,1.3469631394014936e-10,1.68054718340982e-18,1.7303886343049025e-18,7.467093409316267e-12,8.795149616225152e-12,4.936687918360352e-12,1.0531999408518308e-11,1.634633358784275e-15,3.1263822891784997e-15,1.3165299016115297e-08,2.6155336679233463e-08,3.1912411946588395e-19,9.625886013652667e-19,0.006329960190204317,0.013035386660799238,3.4051433645673434e-31,1.0000000000000793e-30,7.425113911118094e-10,2.4069107144823656e-09,3.639660738540259e-11,1.1516789551386426e-10
1.149,1372.5797674348905,5.070216069349851,0.1729505529379426,8.215731603303572,0.49132225709159627,0.07281283907643901,8.557814734161939e-06,6.341243227745176e-07,2.21215861023622e-12,2.6017172703900857e-12,4.116614046199424e-13,9.683090362479733e-13,1.5566784931775305e-07,1.9461559399092527e-07,0.20032892248489764,0.2652949118400441,3.1242355530180115e-15,7.58032218326893e-15,4.094212928664121e-13,1.0237151531667283e-12,2.3300895880419483e-12,2.4026384079435207e-12,4.611039716956736e-06,5.0962801586251874e-06,0.013041473555564804,0.01538024478883773,0.2562132968846278,0.5275526061022654,0.032719880233265414,0.10585325197792046,1.0586891033485131e-07,2.2583274766175253e-07,2.737978832770542e-06,6.043361390227575e-06,1.1942300382650328e-06,2.8129279340669487e-06,2.491221138287626e-05,5.1375737827835574e-05,6.643029465516116e-09,1.4191969733717186e-08,1.9605100026737624e-06,4.333646570282298e-06,4.4601362552288395e-11,1.3452099084074866e-10,1.6798782184966853e-18,1.7297125112705364e-18,7.462889915492222e-12,8.79026296077594e-12,4.933453583297781e-12,1.0525176401402022e-11,1.6332766309715153e-15,3.1238103293042607e-15,1.3165206640506947e-08,2.6155344924229927e-08,3.188623995614188e-19,9.618062155066114e-19,0.0063299137800319,0.0130353866608058,3.4051183986438997e-31,1.000000000000079e-30,7.415833954112081e-10,2.403920166507991e-09,3.636340957146875e-11,1.1506369302156763e-10
1.1500000000000001,1372.5198465042176,5.0703635664686955,0.17294552179807923,8.221513770945748,0.4913308611409992,0.07281464718820552,8.552780657418519e-06,6.337559425860283e-07,2.2090915328158704e-12,2.5981291026537023e-12,4.110736566128983e-13,9.669336147596075e-13,1.5554265932119697e-07,1.9446050521203714e-07,0.20032255017069164,0.26528841494643496,3.119737514170828e-15,7.569464016098754e-15,4.089988424354929e-13,1.022666346046015e-12,2.3262400918689948e-12,2.398686613911761e-12,4.606940656498693e-06,5.091787008047353e-06,0.013037767054860112,0.015375986142833288,0.25621386830537946,0.5275576444587632,0.032720870613274826,0.10585723087823078,1.0582803039778103e-07,2.2574719770469498e-07,2.7380580318496486e-06,6.043580440844197e-06,1.193454078605638e-06,2.811120791382537e-06,2.488303823787385e-05,5.131595052743492e-05,6.634210413503644e-09,1.4173232724035136e-08,1.9589894698305866e-06,4.330317177979817e-06,4.4543021266882413e-11,1.3434601265934647e-10,1.6792094319739783e-18,1.7290365416529799e-18,7.458691185647495e-12,8.7853817416139e-12,4.930222924609353e-12,1.0518361013766182e-11,1.6319217069339171e-15,3.121241744906821e-15,1.316511441518654e-08,2.6155353160053385e-08,3.186010046215439e-19,9.61024787082825e-19,0.0063298674443680635,0.013035386660812352,3.405093472801654e-31,1.0000000000000775e-30,7.4065755032651e-10,2.400936517916872e-09,3.633026880583504e-11,1.1495966816569605e-10
1.151,1372.4599589197464,5.0705110311319475,0.17294049205788614,8.227296106754444,0.49133945351895314,0.07281645274154652,8.54775189447272e-06,6.333879433176113e-07,2.2060302661142552e-12,2.5945476859932986e-12,4.10487062965697e-13,9.655608771168823e-13,1.5541763511363537e-07,1.9430561915262942e-07,0.20031618596443257,0.26528192557960045,3.115248333757105e-15,7.558627094690222e-15,4.0857705650755345e-13,1.0216191731165257e-12,2.322399382240903e-12,2.3947437941512197e-12,4.60284832718652e-06,5.08730117154379e-06,0.013034066478425308,0.01537173424073915,0.2562144366810655,0.5275626704230943,0.03272186152636867,0.1058612103181373,1.0578718382345574e-07,2.2566171501317774e-07,2.7381371321948893e-06,6.043799205754696e-06,1.1926793211702236e-06,2.80931642104546e-06,2.485392573678768e-05,5.125628681578221e-05,6.625410564581056e-09,1.4154536299306078e-08,1.95747179685901e-06,4.32699400786544e-06,4.448479538015387e-11,1.3417137839641462e-10,1.6785408237641356e-18,1.7283607254455566e-18,7.454497207029436e-12,8.78050594424313e-12,4.926995934207239e-12,1.0511553229043185e-11,1.6305685824682026e-15,3.1186765281946045e-15,1.3165022339816707e-08,2.6155361386728427e-08,3.183399338764765e-19,9.602443138460746e-19,0.006329821183044529,0.013035386660818904,3.4050685869500854e-31,1.0000000000000763e-30,7.397338487544694e-10,2.3979597460033873e-09,3.62971849302548e-11,1.1485582045613485e-10
1.1520000000000001,1372.4001046059889,5.070658463425389,0.17293546371421895,8.233078610692749,0.49134803425034423,0.07281825574195945,8.542728434020184e-06,6.330203241696948e-07,2.2029747941961064e-12,2.5909730020098558e-12,4.099016203910742e-13,9.641908157200857e-13,1.5529277630816442e-07,1.9415093534403043e-07,0.20030982984922618,0.26527544372458817,3.1107679865869805e-15,7.54781135897151e-15,4.0815593341209035e-13,1.0205736303010114e-12,2.3185674314759546e-12,2.3908099205166834e-12,4.598762711298234e-06,5.082822629980185e-06,0.01303037181297151,0.015367489067587716,0.2562150020199891,0.5275676840258827,0.03272285296993075,0.10586519029185228,1.0574637054617041e-07,2.2557629945750235e-07,2.7382161340325927e-06,6.04401768560478e-06,1.1919057629441335e-06,2.807514816153477e-06,2.4824873697576616e-05,5.119674632361917e-05,6.616629859266256e-09,1.4135880334374516e-08,1.955956975946572e-06,4.323677043037637e-06,4.442668455718746e-11,1.3399708705904506e-10,1.6778723936812881e-18,1.7276850625298222e-18,7.450307971945502e-12,8.775635560125806e-12,4.923772604076601e-12,1.0504753030818399e-11,1.6292172534006703e-15,3.11611467143157e-15,1.3164930414056262e-08,2.6155369604269596e-08,3.1807918673074233e-19,9.594647940740107e-19,0.006329774995893631,0.013035386660825482,3.405043740999002e-31,1.0000000000000782e-30,7.3881228379563e-10,2.3949898287208385e-09,3.6264157788335275e-11,1.1475214940858682e-10
1.153,1372.3402834907101,5.070805863425195,0.17293043676426176,8.238861282723834,0.4913566033640016,0.07282005619552122,8.537710264515725e-06,6.32653084324726e-07,2.1999251009940957e-12,2.587405032147454e-12,4.093173256353673e-13,9.628234230479195e-13,1.5516808251205882e-07,1.939964533102314e-07,0.20030348180420035,0.2652689693611561,3.1062964476664846e-15,7.537016749341154e-15,4.07735471435275e-13,1.0195297134134702e-12,2.3147442118303116e-12,2.3868849647968407e-12,4.594683790992061e-06,5.078351364087905e-06,0.01302668304526132,0.015363250608469612,0.25621556432642156,0.527572685289413,0.032723844945368924,0.10586917080659886,1.0570559049426767e-07,2.2549095089523865e-07,2.738295037564285e-06,6.044235880985029e-06,1.1911334007240676e-06,2.8057159693591995e-06,2.4795881929428855e-05,5.113732866356994e-05,6.607868235801821e-09,1.4117264699214337e-08,1.9544449987759413e-06,4.320366265477238e-06,4.4368688462287776e-11,1.3382313765189525e-10,1.677204141736824e-18,1.7270095529902329e-18,7.446123465066196e-12,8.77077057172676e-12,4.920552926084013e-12,1.0497960402421674e-11,1.6278677155243399e-15,3.113556166817059e-15,1.3164838637572435e-08,2.6155377812706205e-08,3.1781876227304245e-19,9.586862250913407e-19,0.006329728882748128,0.013035386660832026,3.4050189348584322e-31,1.0000000000000768e-30,7.378928482292551e-10,2.392026742979416e-09,3.6231187221659505e-11,1.146486545323035e-10
1.154,1372.2804954981552,5.070953231218914,0.17292541120481156,8.244644122810971,0.49136516088372195,0.07282185410755647,8.532697374902143e-06,6.322862230011622e-07,2.1968811707933497e-12,2.5838437582630724e-12,4.087341754368298e-13,9.614586915594253e-13,1.5504355334470208e-07,1.938421725902996e-07,0.2002971418135032,0.2652625024756837,3.1018336920399607e-15,7.526243206285565e-15,4.073156689405035e-13,1.0184874184605542e-12,2.3109296959493716e-12,2.382968899179653e-12,4.590611548772902e-06,5.073887354979449e-06,0.013023000162081473,0.01535901884850109,0.25621612360955015,0.5275776742460442,0.032724837449147656,0.10587315185359752,1.0566484360524056e-07,2.2540566920343645e-07,2.7383738430210005e-06,6.0444537925506294e-06,1.190362231598568e-06,2.803919874001812e-06,2.4766950255854825e-05,5.107803347776495e-05,6.599125636292791e-09,1.4098689272041439e-08,1.95293585781979e-06,4.317061658909696e-06,4.431080676418184e-11,1.3364952919287725e-10,1.6765360676792142e-18,1.7263341966402726e-18,7.441943680247638e-12,8.765910972328373e-12,4.9173368923642424e-12,1.0491175327752311e-11,1.6265199647257098e-15,3.1110010067281762e-15,1.3164747010024722e-08,2.6155386012049688e-08,3.1755866003395974e-19,9.5790860555538e-19,0.006329682843441412,0.013035386660838517,3.4049941684387683e-31,1.0000000000000758e-30,7.369755353629786e-10,2.3890704674004436e-09,3.6198273076179806e-11,1.1454533535031379e-10
1.155,1372.2207405558543,5.071100566884371,0.17292038703299753,8.250427130917524,0.4913737068372126,0.07282364948396486,8.527689753780698e-06,6.319197393920197e-07,2.1938429876956322e-12,2.5802891619964724e-12,4.081521665624027e-13,9.6009661378051e-13,1.5491918841785854e-07,1.9368809271371912e-07,0.20029080985733663,0.2652560430493039,3.097379694886699e-15,7.515490670613718e-15,4.0689652423833445e-13,1.0174467413163846e-12,2.3071238563615195e-12,2.379061695730411e-12,4.586545966973784e-06,5.069430583575466e-06,0.013019323150276076,0.015354793772863636,0.25621667987455454,0.5275826509198479,0.03272583048172691,0.10587713343698808,1.056241298093884e-07,2.253204542437669e-07,2.7384525506087488e-06,6.044671420901169e-06,1.1895922524346667e-06,2.802126522897951e-06,2.473807848984608e-05,5.101886038661209e-05,6.590402000091393e-09,1.408015392518112e-08,1.951429544950592e-06,4.313763205732124e-06,4.4253039130301987e-11,1.33476260695918e-10,1.6758681714746018e-18,1.725658993517356e-18,7.437768604191138e-12,8.761056746783568e-12,4.9141244948751826e-12,1.0484397790329795e-11,1.6251739968390044e-15,3.108449183441096e-15,1.3164655531080724e-08,2.6155394202325752e-08,3.172988791777052e-19,9.57131933018029e-19,0.0063296368778073655,0.013035386660845041,3.404969441650635e-31,1.0000000000000777e-30,7.360603381206069e-10,2.386120979359397e-09,3.616541519531304e-11,1.1444219137757833e-10
1.156,1372.1610185898526,5.071247870504455,0.17291536424577697,8.256210307006947,0.49138224124990953,0.07282544233030347,8.52268739014691e-06,6.315536327193862e-07,2.1908105360723496e-12,2.5767412253029594e-12,4.0757129578963836e-13,9.587371822614107e-13,1.5479498735224057e-07,1.935342132211002e-07,0.20028448591815973,0.2652495910661137,3.0929344315477285e-15,7.504759083522055e-15,4.0647803569197713e-13,1.0164076779863043e-12,2.3033266659146413e-12,2.3751633268418195e-12,4.582487028198172e-06,5.0649810310935405e-06,0.0130156519967141,0.015350575366765365,0.25621723312878286,0.5275876153393166,0.03272682404137713,0.10588111555381757,1.0558344904315593e-07,2.2523530589097303e-07,2.7385311605469034e-06,6.044888766665262e-06,1.1888234602868288e-06,2.8003359093049266e-06,2.470926645389236e-05,5.095980903007778e-05,6.581697269145569e-09,1.406165853649468e-08,1.9499260525574584e-06,4.310470889482036e-06,4.4195385231556506e-11,1.3330333118534624e-10,1.6752004529404225e-18,1.724983943505538e-18,7.43359822720165e-12,8.756207884187983e-12,4.910915725799093e-12,1.047762777414966e-11,1.6238298077774856e-15,3.1059006893821706e-15,1.3164564200405407e-08,2.6155402383552543e-08,3.1703941914035596e-19,9.563562058509734e-19,0.006329590985680371,0.013035386660851552,3.404944754404932e-31,1.000000000000077e-30,7.351472497745628e-10,2.3831782573602327e-09,3.6132613425546005e-11,1.1433922213872498e-10
1.157,1372.1013295270345,5.071395142159914,0.1729103428401809,8.261993651042788,0.4913907641479042,0.07282723265222135,8.517690272658854e-06,6.31187902180207e-07,2.1877838001532667e-12,2.5731999299696805e-12,4.069915598972201e-13,9.573803895544072e-13,1.5467094976271788e-07,1.9338053364568983e-07,0.20027816997774342,0.2652431465092762,3.0884978772883387e-15,7.494048386018359e-15,4.0606020163065415e-13,1.0153702243902545e-12,2.29953809736114e-12,2.3712737648061085e-12,4.578434714909968e-06,5.060538678595085e-06,0.013011986688322257,0.01534636361547995,0.25621778337881934,0.5275925675313304,0.032727818127114755,0.1058850982035387,1.055428012380391e-07,2.251502240092062e-07,2.738609673048314e-06,6.045105830456706e-06,1.1880558520770377e-06,2.7985480261671826e-06,2.4680513963865138e-05,5.090087903444988e-05,6.573011383653e-09,1.4043202980094614e-08,1.9484253726543715e-06,4.3071846928661e-06,4.413784473807444e-11,1.3313073968305983e-10,1.6745329119968411e-18,1.7243090465944364e-18,7.429432538860991e-12,8.751364372783567e-12,4.907710577131588e-12,1.0470865262806707e-11,1.6224873933985867e-15,3.1033555168700043e-15,1.316447301766573e-08,2.6155410555750135e-08,3.1678027916259703e-19,9.555814218362221e-19,0.006329545166895347,0.013035386660858092,3.404920106612867e-31,1.0000000000000798e-30,7.342362633612357e-10,2.3802422791401448e-09,3.60998676117982e-11,1.1423642715337628e-10
1.158,1372.041673295807,5.0715423819272685,0.17290532281338514,8.267777162988683,0.4913992755589275,0.0728290204556049,8.512698389994791e-06,6.308225469727824e-07,2.1847627641981497e-12,2.5696652578174953e-12,4.064129556900123e-13,9.560262282727439e-13,1.5454707526428245e-07,1.9322705352082785e-07,0.20027186201619024,0.2652367093597211,3.084070007570797e-15,7.483358519583457e-15,4.056430203782847e-13,1.0143343764344902e-12,2.2957581235456554e-12,2.3673929820086017e-12,4.574389009610729e-06,5.0561035071811955e-06,0.013008327212066973,0.015342158504325281,0.2562183306295144,0.5275975075191569,0.03272881273967948,0.10588908139117079,1.0550218632438376e-07,2.2506520846012764e-07,2.7386880883152933e-06,6.045322612865589e-06,1.1872894246859961e-06,2.7967628663311075e-06,2.4651820834052453e-05,5.084207002272085e-05,6.5643442834568045e-09,1.4024787129326363e-08,1.946927497151293e-06,4.303904598359399e-06,4.408041732091172e-11,1.3295848521367122e-10,1.6738655486287324e-18,1.723634302840076e-18,7.425271525243303e-12,8.746526196678477e-12,4.904509040891598e-12,1.0464110239942894e-11,1.6211467495730335e-15,3.1008136582476454e-15,1.3164381982533022e-08,2.615541871894506e-08,3.1652145839889945e-19,9.54807578495422e-19,0.006329499421287688,0.01303538666086457,3.404895498185886e-31,1.0000000000000779e-30,7.333273718590365e-10,2.377313022246751e-09,3.6067177598985997e-11,1.1413380594109851e-10
1.159,1371.9820498216322,5.071689589892561,0.1729003041622417,8.273560842808365,0.4914077755065199,0.07283080574571424,8.507711731411783e-06,6.304575663381671e-07,2.181747412852887e-12,2.566137191119857e-12,4.0583547997582094e-13,9.546746910359735e-13,1.5442336348519352e-07,1.930737723963836e-07,0.20026556201778564,0.2652302796038949,3.0796507980015796e-15,7.472689426043262e-15,4.052264903397161e-13,1.0133001302272166e-12,2.2919867177417187e-12,2.3635209512749036e-12,4.570349895186653e-06,5.051675498376207e-06,0.01300467355493366,0.015337960018639097,0.25621887488980305,0.5276024353344348,0.032729807875698326,0.1058930651084194,1.054616042422642e-07,2.2498025912611707e-07,2.7387664065754694e-06,6.045539114537462e-06,1.186524175293952e-06,2.7949804233478957e-06,2.4623186893655352e-05,5.078338164861061e-05,6.5556959124344726e-09,1.4006410866145466e-08,1.945432418779248e-06,4.3006305902504754e-06,4.402310265583473e-11,1.3278656681592107e-10,1.6731983625678442e-18,1.7229597120376106e-18,7.4211151798815e-12,8.741693348764902e-12,4.901311109421164e-12,1.0457362689887035e-11,1.619807872282878e-15,3.0982751060701194e-15,1.3164291094672454e-08,2.6155426873149562e-08,3.1626295643527814e-19,9.540346746517161e-19,0.006329453748693344,0.013035386660871026,3.404870929035747e-31,1.0000000000000758e-30,7.324205687933487e-10,2.3743904659992578e-09,3.6034543236593995e-11,1.1403135803586838e-10
1.16,1371.9224590338954,5.0718367661301835,0.17289528688400033,8.279344690465653,0.49141626401894095,0.07283258852850366,8.502730285554247e-06,6.300929594718803e-07,2.1787377304316556e-12,2.562615711758523e-12,4.0525912958478095e-13,9.533257705155626e-13,1.5429981404076818e-07,1.9292068980598684e-07,0.20025926996205587,0.2652238572219186,3.0752402242129012e-15,7.462041047281311e-15,4.0481060983668777e-13,1.0122674816684076e-12,2.2882238529531337e-12,2.3596576451504884e-12,4.566317354201732e-06,5.047254633346426e-06,0.013001025703973842,0.015333768143834588,0.25621941616380534,0.5276073509988487,0.03273080353660558,0.1058970493625352,1.0542105492065673e-07,2.2489537586584413e-07,2.7388446280254957e-06,6.045755336049083e-06,1.1857601007491569e-06,2.793200689985904e-06,2.459461195575082e-05,5.072481353255578e-05,6.547066210198056e-09,1.3988074063385015e-08,1.943940129358304e-06,4.2973626508125074e-06,4.3965900415764114e-11,1.3261498351988685e-10,1.6725313538462525e-18,1.7222852742912343e-18,7.416963487801665e-12,8.736865811912576e-12,4.898116774732604e-12,1.0450622596261959e-11,1.618470757407556e-15,3.0957398526952195e-15,1.3164200353758606e-08,2.61554350183925e-08,3.160047723453786e-19,9.532627075823756e-19,0.0063294081489487725,0.0130353866608775,3.4048463990744713e-31,1.0000000000000761e-30,7.315158471033309e-10,2.3714745878148575e-09,3.6001964369938675e-11,1.1392908295842738e-10
1.161,1371.8629008581624,5.071983910726812,0.17289027097549287,8.285128705924462,0.4914247411190157,0.07283436880911577,8.497754041463272e-06,6.297287255986923e-07,2.1757337015560517e-12,2.559100801975263e-12,4.046839013312719e-13,9.51979459345297e-13,1.5417642655694542e-07,1.927678052964872e-07,0.20025298583394488,0.2652174422010623,3.070838261795592e-15,7.451413325075837e-15,4.0439537726129205e-13,1.0112364268335355e-12,2.284469502520996e-12,2.3558030365266446e-12,4.562291369520712e-06,5.042840893588637e-06,0.012997383646267567,0.015329582865355856,0.256219954460952,0.5276122545449718,0.03273179971849566,0.10590103414348292,1.0538053829681739e-07,2.2481055855560372e-07,2.7389227528934225e-06,6.04597127804602e-06,1.184997198171866e-06,2.7914236596533957e-06,2.456609584658524e-05,5.0666365322124235e-05,6.5384551198929665e-09,1.396977660141774e-08,1.9424506214389485e-06,4.294100763931721e-06,4.390881027758112e-11,1.3244373436751157e-10,1.6718645222377945e-18,1.7216109894389823e-18,7.412816444250522e-12,8.732043581028636e-12,4.8949260290520345e-12,1.0443889943144007e-11,1.6171354009016484e-15,3.0932078906234794e-15,1.3164109759457119e-08,2.6155443154682577e-08,3.157469056296032e-19,9.524916758517285e-19,0.006329362621891003,0.013035386660884008,3.404821908214379e-31,1.0000000000000777e-30,7.306132002154132e-10,2.3685653666887907e-09,3.596944084832146e-11,1.1382698024208081e-10
1.162,1371.803375224666,5.072131023755106,0.17288525643402958,8.290912889148794,0.4914332068354436,0.07283614659355964,8.492782988132727e-06,6.293648639397467e-07,2.172735310791238e-12,2.5555924439439706e-12,4.0410979208774235e-13,9.506357502949717e-13,1.5405320065635198e-07,1.9261511841053796e-07,0.20024670961249527,0.26521103452076117,3.0664448867687844e-15,7.440806202239675e-15,4.0398079097019186e-13,1.01020696170908e-12,2.2807236398143925e-12,2.351957098321594e-12,4.558271923971033e-06,5.0384342605565744e-06,0.012993747368936121,0.015325404168693338,0.2562204897847307,0.5276171459931075,0.032732796423402176,0.10590501946043644,1.0534005430318865e-07,2.2472580706139013e-07,2.73900078137245e-06,6.0461869410965725e-06,1.1842354645065421e-06,2.7896493253437823e-06,2.4537638384762776e-05,5.060803664909427e-05,6.5298625827372e-09,1.395151835648936e-08,1.9409638871208395e-06,4.290844912496207e-06,4.385183191806397e-11,1.3227281840035054e-10,1.6711978677406442e-18,1.7209368575497055e-18,7.408674032817971e-12,8.727226637287199e-12,4.891738864605104e-12,1.0437164714606171e-11,1.6158017987256964e-15,3.0906792123659265e-15,1.316401931144597e-08,2.615545128205128e-08,3.1548935544651087e-19,9.517215769926314e-19,0.0063293171673574145,0.013035386660890444,3.4047974563680046e-31,1.000000000000075e-30,7.297126212709957e-10,2.365662780690736e-09,3.593697251946197e-11,1.1372504941508486e-10
1.163,1371.743882059886,5.072278105299803,0.1728802432565098,8.296697240102745,0.49144166119151994,0.07283792188703707,8.487817114592489e-06,6.290013737187124e-07,2.1697425428240647e-12,2.552090619980116e-12,4.0353679869407966e-13,9.492946360571704e-13,1.5393013596565363e-07,1.924626286957821e-07,0.20024044128213092,0.2652046341675513,3.0620600749002587e-15,7.430219620970898e-15,4.035668493556838e-13,1.0091790823702051e-12,2.2769862383430685e-12,2.3481198035966243e-12,4.5542590004905414e-06,5.034034715824072e-06,0.012990116859141383,0.015321232039382623,0.2562210221439052,0.5276220253743763,0.032733793648054246,0.1059090053053979,1.0529960287599337e-07,2.246411212572247e-07,2.7390787136854897e-06,6.046402325834124e-06,1.1834748968501009e-06,2.787877680408781e-06,2.450923939577897e-05,5.0549827159428035e-05,6.521288541768105e-09,1.393329920872337e-08,1.9394799188904235e-06,4.28759508024749e-06,4.379496501604745e-11,1.3210223466608217e-10,1.6705313901688099e-18,1.7202628785023697e-18,7.404536247442661e-12,8.722414974050816e-12,4.888555273623935e-12,1.0430446894732636e-11,1.6144699468469831e-15,3.088153810445497e-15,1.316392900939423e-08,2.6155459400509996e-08,3.1523212124185714e-19,9.509524094040186e-19,0.006329271785186082,0.013035386660896913,3.404773043448234e-31,1.0000000000000754e-30,7.288141036737101e-10,2.3627668087389075e-09,3.590455923318223e-11,1.1362329001230256e-10
1.164,1371.6844212934902,5.072425155436229,0.17287523144015426,8.302481758750497,0.49145010421444013,0.07283969469532318,8.482856409961029e-06,6.286382541656926e-07,2.166755382377981e-12,2.548595312440713e-12,4.0296491803800413e-13,9.479561094364077e-13,1.5380723211170974e-07,1.9231033570004873e-07,0.2002341808233522,0.26519824112275153,3.0576838023373855e-15,7.41965352438399e-15,4.031535507986229e-13,1.0081527848630626e-12,2.2732572717293436e-12,2.344291125527184e-12,4.5502525820689845e-06,5.029642241020497e-06,0.0129864921040823,0.015317066463000618,0.25622155154326165,0.5276268927116724,0.03273479139315026,0.10591299168320444,1.052591839496449e-07,2.2455650101323532e-07,2.7391565500323915e-06,6.046617432840773e-06,1.1827154922208353e-06,2.7861087180141352e-06,2.4480898702113693e-05,5.04917364928399e-05,6.512732939319277e-09,1.3915119036730625e-08,1.937998709043931e-06,4.284351250505052e-06,4.3738209251272476e-11,1.319319822150409e-10,1.669865089464873e-18,1.7195890523081343e-18,7.400403074385608e-12,8.717608575636184e-12,4.88537524841122e-12,1.0423736467755742e-11,1.6131398412617693e-15,3.0856316774396353e-15,1.3163838852979442e-08,2.6155467510085026e-08,3.1497520226760686e-19,9.50184170899958e-19,0.006329226475215446,0.013035386660903339,3.4047486693681607e-31,1.0000000000000728e-30,7.279176407124536e-10,2.3598774293780245e-09,3.587220083899281e-11,1.135217015675676e-10
1.165,1371.6249928528146,5.072572174247313,0.17287022098192537,8.308266445056327,0.49145853592792665,0.07284146502367332,8.477900863469168e-06,6.282755045189846e-07,2.1637738143132065e-12,2.5451065038421496e-12,4.0239414699432397e-13,9.466201632062306e-13,1.5368448872579007e-07,1.9215823897662466e-07,0.2002279282201136,0.26519185537223355,3.053316045144823e-15,7.409107855388049e-15,4.0274089371196087e-13,1.0071280653136652e-12,2.2695367137643853e-12,2.34047103746092e-12,4.546252651828295e-06,5.025256817919494e-06,0.01298287309099439,0.01531290742516491,0.256222077990946,0.52763174803477,0.032735789656001775,0.1059169785877275,1.0521879746200158e-07,2.2447194620686537e-07,2.7392342906320408e-06,6.046832262740233e-06,1.1819572477631772e-06,2.784342431621965e-06,2.4452616132215806e-05,5.043376430132712e-05,6.504195719328013e-09,1.3896977722539419e-08,1.936520250207305e-06,4.281113407315739e-06,4.368156430562084e-11,1.3176206010394165e-10,1.6691989654386327e-18,1.718915378841212e-18,7.396274506394279e-12,8.712807433999068e-12,4.882198781326861e-12,1.0417033418027462e-11,1.6118114779901137e-15,3.0831128059703766e-15,1.316374884187384e-08,2.6155475610790142e-08,3.14718597992859e-19,9.494168599492735e-19,0.006329181237284503,0.013035386660909786,3.4047243340411748e-31,1.0000000000000726e-30,7.270232259006318e-10,2.3569946218791203e-09,3.583989718833626e-11,1.1342028362078358e-10
1.166,1371.5655966680088,5.072719161807818,0.17286521187906442,8.314051298984598,0.4914669563589968,0.07284323287782529,8.472950463950648e-06,6.279131239873199e-07,2.160797823286406e-12,2.541624176459862e-12,4.0182448245794255e-13,9.452867901868584e-13,1.5356190543087717e-07,1.9200633806837648e-07,0.2002216834530369,0.2651854768974304,3.0489567794450016e-15,7.398582557027615e-15,4.023288764543345e-13,1.0061049197117892e-12,2.265824538094085e-12,2.336659512593718e-12,4.542259192693979e-06,5.020878428075688e-06,0.012979259807171167,0.015308754911558876,0.2562226014917101,0.5276365913664103,0.032736788437306735,0.10592096602378627,1.0517844334346341e-07,2.243874566996105e-07,2.7393119356814464e-06,6.047046816107457e-06,1.1812001603990967e-06,2.782578814169538e-06,2.4424391503834308e-05,5.037591021478983e-05,6.4956768229221255e-09,1.3878875142166112e-08,1.9350445343967164e-06,4.277881533376776e-06,4.3625029859455696e-11,1.315924673848401e-10,1.6685330181061176e-18,1.7182418581879566e-18,7.392150530351291e-12,8.708011534184556e-12,4.879025864519536e-12,1.0410337729446543e-11,1.6104848529881436e-15,3.0805971885365065e-15,1.316365897575655e-08,2.6155483702650537e-08,3.1446230753176615e-19,9.486504739497401e-19,0.006329136071232764,0.013035386660916247,3.4047000373809412e-31,1.0000000000000744e-30,7.261308523635863e-10,2.3541183642535814e-09,3.580764813001849e-11,1.1331903570346503e-10
1.167,1371.5062326667407,5.072866118200577,0.17286020412853853,8.319836320499766,0.4914753655311017,0.07284499826298305,8.468005200917057e-06,6.275511118295293e-07,2.1578273943794035e-12,2.5381483130678767e-12,4.0125592133634176e-13,9.439559832275096e-13,1.5343948186463869e-07,1.9185463253647523e-07,0.20021544650630074,0.265179105684463,3.044605981599596e-15,7.388077572923105e-15,4.019174974707415e-13,1.0050833442627697e-12,2.262120718836609e-12,2.3328565246065854e-12,4.538272188019859e-06,5.016507053515311e-06,0.01297565223991927,0.01530460890787887,0.25622312205377623,0.5276414227364405,0.032737787734269906,0.10592495398488957,1.0513812153498388e-07,2.243030323754464e-07,2.7393894853998727e-06,6.047261093566102e-06,1.1804442273654252e-06,2.780817859335069e-06,2.4396224650546648e-05,5.031817389574648e-05,6.487176195517698e-09,1.3860811180780472e-08,1.9335715544997943e-06,4.274655613310401e-06,4.356860559821391e-11,1.3142320312501937e-10,1.6678672472324177e-18,1.717568490176091e-18,7.388031139077544e-12,8.703220868231159e-12,4.875856490520437e-12,1.0403649386725426e-11,1.6091599623427095e-15,3.078084817885927e-15,1.316356925430183e-08,2.6155491785679634e-08,3.142063304475138e-19,9.478850116534662e-19,0.006329090976900223,0.01303538666092267,3.40467577930139e-31,1.0000000000000742e-30,7.252405138037974e-10,2.3512486363823374e-09,3.577545351771063e-11,1.1321795736247897e-10
1.168,1371.4469007796524,5.07301304349967,0.17285519772761365,8.325621509566373,0.49148376347118017,0.07284676118486266,8.463065063279283e-06,6.271894672597986e-07,2.154862512364338e-12,2.5346788960744836e-12,4.00688460549001e-13,9.426277352050465e-13,1.533172176526624e-07,1.917031219269327e-07,0.20020921736056205,0.26517274171476746,3.0402636279206628e-15,7.377592846569951e-15,4.0150675513146705e-13,1.004063334984714e-12,2.2584252298534513e-12,2.3290620469139428e-12,4.534291620854353e-06,5.012142675925205e-06,0.01297205037661051,0.01530046939989575,0.2562236396817781,0.5276462421672824,0.03273878754767021,0.10592894247610322,1.0509783196740288e-07,2.2421867309673962e-07,2.739466939982699e-06,6.047475095686714e-06,1.1796894456044644e-06,2.779059560102193e-06,2.4368115391505966e-05,5.026055497693749e-05,6.478693778710557e-09,1.3842785715380927e-08,1.932101302588971e-06,4.271435629935159e-06,4.351229120471643e-11,1.3125426638379612e-10,1.6672016528367424e-18,1.7168952748948252e-18,7.383916319320443e-12,8.698435421020971e-12,4.872690651532919e-12,1.0396968373874679e-11,1.6078368020384417e-15,3.0755756865701035e-15,1.316347967719096e-08,2.6155499859902933e-08,3.139506658581137e-19,9.471204704693246e-19,0.006329045954127384,0.013035386660929108,3.4046515597167165e-31,1.000000000000075e-30,7.24352203402216e-10,2.348385416454018e-09,3.574331320134125e-11,1.1311704813280556e-10
1.169,1371.3876009364008,5.073159937782659,0.17285019267343785,8.331406866149049,0.4914921502045668,0.07284852164893722,8.458130040346336e-06,6.268281895216839e-07,2.151903162272481e-12,2.5312159081912916e-12,4.001220970311508e-13,9.413020390328002e-13,1.5319511242914302e-07,1.9155180579646582e-07,0.20020299599806293,0.26516638497185635,3.0359296949222026e-15,7.367128321948993e-15,4.010966478555965e-13,1.0030448880173644e-12,2.2547380453153266e-12,2.325276053247203e-12,4.530317474509089e-06,5.007785277281334e-06,0.012968454204638805,0.015296336373403947,0.2562241543818648,0.5276510496844382,0.03273978787675687,0.10593293149753558,1.0505757457731535e-07,2.241343787381e-07,2.7395442996350715e-06,6.0476888230609825e-06,1.1789358122289987e-06,2.777303909855382e-06,2.434006355459551e-05,5.0203053109081464e-05,6.470229516487055e-09,1.3824798628064657e-08,1.9306337712113974e-06,4.268221567117538e-06,4.345608636509521e-11,1.3108565623039824e-10,1.6665362348120092e-18,1.716222212303099e-18,7.379806060120976e-12,8.693655180136036e-12,4.8695283399888205e-12,1.0390294675389937e-11,1.6065153681401129e-15,3.073069787292874e-15,1.3163390244103908e-08,2.6155507925341214e-08,3.1369531312138665e-19,9.46356848529355e-19,0.0063290010027552005,0.013035386660935495,3.4046273785413667e-31,1.0000000000000733e-30,7.234659146583078e-10,2.34552868368836e-09,3.5711227033692794e-11,1.1301630755841272e-10
1.17,1371.3283330662803,5.07330680112862,0.17284518896310824,8.337192390212513,0.49150052575578196,0.07285027966055449,8.453200121530028e-06,6.264672778662347e-07,2.1489493292338812e-12,2.52775933224465e-12,3.9955682772664347e-13,9.399788876438133e-13,1.53073165831132e-07,1.9140068370530932e-07,0.2001967824018428,0.26516003544027844,3.0316041591991187e-15,7.356683943232885e-15,4.0068717407843973e-13,1.0020279995406496e-12,2.251059139537961e-12,2.321498517485467e-12,4.526349732396916e-06,5.003434839669774e-06,0.012964863711433796,0.015292209814237732,0.25622466616090156,0.5276558453148501,0.03274078872004093,0.10593692104689967,1.0501734930286745e-07,2.2405014917741508e-07,2.739621564566141e-06,6.0479022762890715e-06,1.178183324404123e-06,2.775550902101607e-06,2.4312068970417255e-05,5.014566794847754e-05,6.461783353600436e-09,1.3806849802558739e-08,1.92916895305643e-06,4.2650134090369405e-06,4.339999076713855e-11,1.309173717389754e-10,1.6658709930121867e-18,1.7155493023195454e-18,7.37570035201645e-12,8.688880134919346e-12,4.8663695483813026e-12,1.0383628275895359e-11,1.6051956567376311e-15,3.070567112805266e-15,1.3163300954720266e-08,2.6155515982012733e-08,3.1344027165581804e-19,9.45594144148355e-19,0.0063289561226251255,0.013035386660941901,3.404603235690053e-31,1.0000000000000744e-30,7.225816411731932e-10,2.3426784176331976e-09,3.5679194868655855e-11,1.1291573518673312e-10
1.171,1371.2690970981948,5.0734536336183815,0.172840186593663,8.342978081721578,0.49150889014838206,0.07285203522491246,8.44827529614413e-06,6.261067315370876e-07,2.146000998377189e-12,2.5243091510577367e-12,3.9899264957771497e-13,9.386582739667234e-13,1.5295137749498149e-07,1.9124975521276327e-07,0.20019057655587247,0.2651536931057875,3.0272869973037224e-15,7.34625965448617e-15,4.0027833223308884e-13,1.0010126657285341e-12,2.2473884868761145e-12,2.3177294135461602e-12,4.522388377929512e-06,4.9990913451733855e-06,0.012961278884472145,0.01528808970828401,0.2562251750266031,0.5276606290871577,0.032741790075169315,0.10594091111910187,1.0497715608132617e-07,2.2396598429065735e-07,2.7396987349887154e-06,6.048115455978652e-06,1.1774319792840847e-06,2.773800530321461e-06,2.4284131468946474e-05,5.008839915010366e-05,6.453355234657021e-09,1.3788939122267221e-08,1.927706840772377e-06,4.261811139780408e-06,4.3344004099296196e-11,1.30749411985594e-10,1.665205927289273e-18,1.7148765448605103e-18,7.371599187782038e-12,8.684110277348178e-12,4.8632142691487334e-12,1.0376969159895525e-11,1.603877663908084e-15,3.068067655832796e-15,1.3163211808718479e-08,2.6155524029930783e-08,3.131855408655271e-19,9.448323555974982e-19,0.006328911313579202,0.013035386660948275,3.4045791310777983e-31,1.0000000000000724e-30,7.216993765302576e-10,2.3398345977773198e-09,3.564721656023959e-11,1.1281533056552874e-10
1.172,1371.209892963374,5.073600435325911,0.17283518556237462,8.348763940641138,0.491517243408663,0.07285378834761179,8.44335555340235e-06,6.25746549770349e-07,2.143058154784941e-12,2.5208653473980918e-12,3.984295595552099e-13,9.37340190996921e-13,1.5282974705440912e-07,1.9109901987478283e-07,0.20018437844136305,0.26514735795046646,3.0229781859780968e-15,7.335855400229541e-15,3.998701207299293e-13,9.999988826978304e-13,2.2437260617000868e-12,2.313968715360929e-12,4.518433394481901e-06,4.994754775832838e-06,0.012957699711274756,0.015283976041479823,0.25622568098386056,0.5276654010241607,0.032742791942594184,0.10594490171812004,1.0493699484659792e-07,2.2388188394660153e-07,2.7397758110983283e-06,6.0483283626990075e-06,1.1766817739141747e-06,2.772052787738172e-06,2.4256250875275638e-05,5.0031246358840476e-05,6.444945103028777e-09,1.3771066467948293e-08,1.926247426718959e-06,4.258614742795574e-06,4.328812605009166e-11,1.3058177604647123e-10,1.6645410376206777e-18,1.714203939971324e-18,7.367502554855662e-12,8.679345593110714e-12,4.860062494687402e-12,1.0370317311803091e-11,1.6025613857200743e-15,3.0655714090839136e-15,1.3163122805783273e-08,2.6155532069119754e-08,3.12931119960765e-19,9.440714805628472e-19,0.006328866575459871,0.013035386660954693,3.4045550646198453e-31,1.000000000000074e-30,7.208191141345328e-10,2.336997203029849e-09,3.561529196150202e-11,1.1271509323951139e-10
1.173,1371.150720591896,5.073747206329192,0.17283018586637963,8.354549966936181,0.4915255855610942,0.0728555390339769,8.438440882919676e-06,6.253867318317308e-07,2.1401207838008075e-12,2.517427904338958e-12,3.978675546438709e-13,9.360246317619149e-13,1.5270827415187084e-07,1.909484772581933e-07,0.20017818804133447,0.26514102995877054,3.0186777021520642e-15,7.32547112543473e-15,3.9946253802934197e-13,9.989866466899825e-13,2.240071838688776e-12,2.310216397177813e-12,4.51448476569381e-06,4.990425113979589e-06,0.012954126179383631,0.015279868799784591,0.25622618403930014,0.5276701611521896,0.03274379432101772,0.10594889284226146,1.0489686553853732e-07,2.2379784802667795e-07,2.7398527931016283e-06,6.048540997043508e-06,1.1759327055166907e-06,2.7703076679911945e-06,2.4228427023503877e-05,4.997420923811835e-05,6.436552904546031e-09,1.3753231725604152e-08,1.924790703747463e-06,4.2554242026153155e-06,4.323235631137379e-11,1.3041446300778014e-10,1.6638763238495504e-18,1.7135314875588329e-18,7.36341044332469e-12,8.674586071014412e-12,4.856914217622456e-12,1.0363672716516597e-11,1.601246818322391e-15,3.063078365419535e-15,1.3163033945597657e-08,2.6155540099598467e-08,3.1267700840248143e-19,9.433115174865137e-19,0.006328821908110023,0.013035386660961086,3.4045310362316933e-31,1.0000000000000777e-30,7.199408477194728e-10,2.334166213363197e-09,3.558342092841895e-11,1.1261502276258364e-10
1.174,1371.0915799145491,5.0738939467045014,0.17282518750287315,8.360336160571778,0.4915339166306322,0.07285728728939833,8.433531273820168e-06,6.25027276950424e-07,2.1371888705511806e-12,2.5139968046965204e-12,3.973066318203837e-13,9.347115892696785e-13,1.5258695842130174e-07,1.9079812691910803e-07,0.20017200533828242,0.26513470911443526,3.0143855225772804e-15,7.315106774636512e-15,3.9905558254442017e-13,9.979759538277755e-13,2.2364257923410677e-12,2.306472433057331e-12,4.5105424749850205e-06,4.986102341700122e-06,0.012950558276401705,0.015275767969227,0.25622668419894906,0.5276749094962961,0.032744797209727027,0.10595288449171673,1.0485676809026916e-07,2.237138763979226e-07,2.7399296811990576e-06,6.048753359591338e-06,1.1751847711359432e-06,2.7685651642998945e-06,2.4200659738705007e-05,4.99172874327242e-05,6.4281785826341715e-09,1.3735434776089479e-08,1.923336664200865e-06,4.252239502647176e-06,4.3176694573392926e-11,1.3024747195079579e-10,1.6632117859461458e-18,1.712859187660548e-18,7.359322843063494e-12,8.669831699613891e-12,4.853769430303923e-12,1.0357035358345028e-11,1.599933957778507e-15,3.0605885175364353e-15,1.3162945227846037e-08,2.6155548121386172e-08,3.1242320540429353e-19,9.425524640641642e-19,0.006328777311373157,0.013035386660967466,3.4045070458291304e-31,1.0000000000000777e-30,7.190645706976716e-10,2.3313416077080056e-09,3.555160331465206e-11,1.1251511868128043e-10
1.175,1371.032470863131,5.074040656525356,0.1728201904691452,8.366122521513086,0.49154223664327756,0.0728590331194175,8.428626715516261e-06,6.246681843768725e-07,2.1342624003323594e-12,2.5105720314854274e-12,3.9674678809373344e-13,9.334010566036214e-13,1.524657995018645e-07,1.9064796842012526e-07,0.20016583031364352,0.2651283953997757,3.0101016243095016e-15,7.30476229310328e-15,3.9864925271166425e-13,9.969668002921597e-13,2.232787897386921e-12,2.3027367972965117e-12,4.506606505955481e-06,4.981786441278387e-06,0.012946995989958235,0.015271673535864633,0.2562271814677111,0.5276796460791887,0.03274580060911636,0.10595687667025286,1.0481670243753314e-07,2.236299689329205e-07,2.740006475585096e-06,6.048965450908207e-06,1.174437967879965e-06,2.7668252700330515e-06,2.4172948849704525e-05,4.986048059515701e-05,6.41982208180211e-09,1.37176755025657e-08,1.9218853006143176e-06,4.249060626722145e-06,4.312114052870686e-11,1.300808019636821e-10,1.6625474238686317e-18,1.7121870403013539e-18,7.35523974136162e-12,8.665082464416969e-12,4.850628125256335e-12,1.0350405221967516e-11,1.5986228002144763e-15,3.0581018582502483e-15,1.3162856652216227e-08,2.6155556134507317e-08,3.1216971023210337e-19,9.417943181489469e-19,0.006328732785093158,0.013035386660973848,3.4044830933281864e-31,1.0000000000000779e-30,7.181902766155931e-10,2.328523365427505e-09,3.5519838975380735e-11,1.1241538054689935e-10
1.176,1370.9733933661528,5.074187335875838,0.17281519476212648,8.371909049725357,0.4915505456204077,0.07286077652888548,8.423727198097878e-06,6.243094534116033e-07,2.131341358873144e-12,2.5071535682276606e-12,3.9618802047631535e-13,9.320930268546141e-13,1.5234479704786987e-07,1.904980013427307e-07,0.20015966295347395,0.2651220888032041,3.0058259845724576e-15,7.294437626506607e-15,3.98243547059197e-13,9.95959182492836e-13,2.2291581290263787e-12,2.2990094646753768e-12,4.5026768426393995e-06,4.9774773954766285e-06,0.012943439307694326,0.015267585485766665,0.2562276758550178,0.527684370932862,0.032746804515025554,0.10596086936689239,1.0477666852735329e-07,2.2354612552829925e-07,2.7400831764827827e-06,6.049177271622472e-06,1.1736922931994106e-06,2.765087979365883e-06,2.414529420231505e-05,4.980378841292773e-05,6.411483351130557e-09,1.3699953797954596e-08,1.920436606465464e-06,4.245887560753481e-06,4.306569387502644e-11,1.2991445215007466e-10,1.6618832372871703e-18,1.7115150452093224e-18,7.351161133667075e-12,8.660338360540994e-12,4.84749029538208e-12,1.0343782292867133e-11,1.5973133418848775e-15,3.0556183806215834e-15,1.3162768218388836e-08,2.615556413897004e-08,3.1191652264581613e-19,9.410370790841265e-19,0.006328688329114389,0.013035386660980247,3.4044591786451355e-31,1.0000000000000789e-30,7.173179596395958e-10,2.3257114678933087e-09,3.5488127770910375e-11,1.1231580792691919e-10
1.177,1370.914347356323,5.074333984827572,0.1728102003791727,8.377695745173924,0.4915588435884103,0.07286251752338986,8.418832710524969e-06,6.239510832712604e-07,2.1284257313088876e-12,2.503741397745661e-12,3.9563032598037587e-13,9.307874931126017e-13,1.5222395069125208e-07,1.9034822524037265e-07,0.2001535032387636,0.2651157893063966,3.00155858033103e-15,7.28413271988538e-15,3.978384639821554e-13,9.949530965065286e-13,2.2255364619128413e-12,2.295290409408333e-12,4.498753468476857e-06,4.973175186398485e-06,0.012939888217338796,0.015263503805103126,0.2562281673651761,0.5276890840787108,0.032747808928414314,0.10596486258721494,1.0473666628899719e-07,2.234623460427663e-07,2.7401597840799077e-06,6.049388822284176e-06,1.1729477440358947e-06,2.7633532852735975e-06,2.4117695617090205e-05,4.9747210521419426e-05,6.403162332968393e-09,1.3682269540784866e-08,1.9189905738127596e-06,4.242720287515262e-06,4.3010354304497074e-11,1.2974842159674508e-10,1.6612192262864012e-18,1.7108432025391453e-18,7.347087007297157e-12,8.655599373522805e-12,4.844355932957198e-12,1.0337166555187923e-11,1.5960055788441778e-15,3.0531380773273086e-15,1.3162679926053927e-08,2.61555721347989e-08,3.116636416625458e-19,9.402807439717475e-19,0.006328643943281769,0.013035386660986633,3.4044353016965552e-31,1.0000000000000793e-30,7.164476130248363e-10,2.3229058935212453e-09,3.545646955466775e-11,1.1221640036700528e-10
1.178,1370.8553327656332,5.074480603454755,0.17280520731755264,8.383482607824204,0.49156713057250234,0.07286425610834067,8.413943242446185e-06,6.235930732234111e-07,2.125515503172404e-12,2.5003355033280284e-12,3.950737016503596e-13,9.294844485427363e-13,1.5210326007752555e-07,1.901986396834292e-07,0.2001473511516681,0.2651094968925554,2.997299388942385e-15,7.273847519226154e-15,3.9743400194935183e-13,9.939485385938456e-13,2.22192287115475e-12,2.2915796061773105e-12,4.494836367315751e-06,4.968879796596738e-06,0.012936342706628867,0.015259428480051804,0.2562286560035905,0.5276937855403598,0.0327488138491266,0.10596885633318376,1.0469669566085367e-07,2.2337863035445964e-07,2.740236298573091e-06,6.049600103462536e-06,1.1722043175858316e-06,2.761621181330977e-06,2.4090152927792572e-05,4.9690746583234816e-05,6.394858973275384e-09,1.3664622617292524e-08,1.917547195436181e-06,4.239558791375354e-06,4.295512151394393e-11,1.295827094045113e-10,1.6605553907801354e-18,1.7101715122694029e-18,7.343017350503411e-12,8.650865489998129e-12,4.841225030654625e-12,1.0330557993918653e-11,1.5946995072820815e-15,3.050660941302151e-15,1.3162591774901326e-08,2.6155580122016358e-08,3.1141106664354504e-19,9.395253109518454e-19,0.006328599627440609,0.013035386660992986,3.4044114623992405e-31,1.0000000000000793e-30,7.15579230503251e-10,2.320106622271551e-09,3.542486418427463e-11,1.1211715742605941e-10
1.179,1370.7963495249069,5.074627191835621,0.17280021557439826,8.389269637641707,0.4915754065959699,0.07286599228885644,8.40905878347529e-06,6.232354225329084e-07,2.122610660037112e-12,2.4969358683097152e-12,3.9451814452348234e-13,9.28183886292605e-13,1.5198272485311774e-07,1.9004924424336582e-07,0.20014120667624993,0.26510321154738603,2.9930483876924535e-15,7.263581970338214e-15,3.970301594386925e-13,9.929455050377547e-13,2.2183173319351645e-12,2.2878770297393996e-12,4.490925523042346e-06,4.96459120866483e-06,0.012932802763342497,0.015255359496836126,0.25622914177748907,0.5276984753451496,0.03274981927516144,0.1059728506007844,1.0465675658188866e-07,2.2329497834271508e-07,2.7403127201685437e-06,6.04981111574752e-06,1.1714620110817712e-06,2.759891661197201e-06,2.406266596978783e-05,4.963439626425687e-05,6.386573218451295e-09,1.364701291464531e-08,1.916106464201162e-06,4.2364030568891016e-06,4.2899995201266807e-11,1.2941731467736026e-10,1.6598917306327455e-18,1.7094999743275488e-18,7.338952155360747e-12,8.646136701105207e-12,4.838097581124784e-12,1.0323956593997687e-11,1.5933951233857333e-15,3.0481869654750517e-15,1.3162503764618189e-08,2.6155588100637507e-08,3.111587970124985e-19,9.387707783525532e-19,0.0063285553814367655,0.013035386660999364,3.404387660670261e-31,1.0000000000000814e-30,7.147128058708873e-10,2.317313634310892e-09,3.5393311518051506e-11,1.1201807866515295e-10
1.18,1370.7373975668347,5.074773750043041,0.17279522514702478,8.395056834592022,0.49158367168426276,0.0728677260703718,8.404179323241948e-06,6.228781304656601e-07,2.1197111874943345e-12,2.4935424760453444e-12,3.9396365166557154e-13,9.268857995765618e-13,1.5186234466417875e-07,1.899000384912486e-07,0.2001350697943861,0.2650969332536788,2.98880555408313e-15,7.253336019550615e-15,3.966269349195317e-13,9.91943992099463e-13,2.2147198195141608e-12,2.2841826549293454e-12,4.487020919569812e-06,4.960309405224239e-06,0.012929268375294707,0.015251296841720951,0.2562296246918578,0.5277031535157676,0.03275082520675035,0.10597684539321893,1.0461684898954703e-07,2.232113898835916e-07,2.740389049059198e-06,6.050021859699406e-06,1.1707208217010325e-06,2.7581647184006142e-06,2.4035234576229805e-05,4.957815922578025e-05,6.3783050143758255e-09,1.3629440318891366e-08,1.914668372833632e-06,4.233253068301985e-06,4.2844975065081815e-11,1.2925223652136852e-10,1.6592282457900014e-18,1.7088285887246685e-18,7.334891409679191e-12,8.641412992956055e-12,4.834973577040348e-12,1.0317362340408599e-11,1.592092423354624e-15,3.0457161427977055e-15,1.3162415894896715e-08,2.6155596070685614e-08,3.1090683206936778e-19,9.380171441284815e-19,0.006328511205116481,0.013035386661005715,3.4043638964269083e-31,1.0000000000000819e-30,7.138483328422273e-10,2.3145269095400664e-09,3.536181141411892e-11,1.119191636446837e-10
1.181,1370.6784768225048,5.074920278155284,0.17279023603256433,8.400844198640831,0.4915919258603296,0.07286945745794511,8.399304851477987e-06,6.225211962950167e-07,2.1168170712518118e-12,2.490155310025079e-12,3.934102201368648e-13,9.25590181595254e-13,1.5174211916055143e-07,1.897510220027069e-07,0.20012894049043323,0.2650906619974855,2.98457086558818e-15,7.243109613119776e-15,3.9622432688648477e-13,9.90943996102972e-13,2.211130309301863e-12,2.2804964567348595e-12,4.483122540926073e-06,4.956034369021545e-06,0.012925739530335262,0.015247240501009698,0.2562301047540778,0.527707820079793,0.03275183164170863,0.10598084070586286,1.0457697282395163e-07,2.2312786485882798e-07,2.7404652854514156e-06,6.0502323359076875e-06,1.1699807467172214e-06,2.7564403466956656e-06,2.400785858487581e-05,4.952203513856896e-05,6.3700543081732336e-09,1.361190471872983e-08,1.913232914312615e-06,4.230108810417606e-06,4.279006080586598e-11,1.2908747404815418e-10,1.6585649361007908e-18,1.708157355371855e-18,7.330835105919288e-12,8.636694357139737e-12,4.831853011128575e-12,1.0310775218249074e-11,1.590791403410892e-15,3.0432484662642393e-15,1.3162328165425651e-08,2.6155604032174972e-08,3.10655171273789e-19,9.372644067157217e-19,0.006328467098326556,0.013035386661012066,3.404340169586773e-31,1.0000000000000838e-30,7.129858053041842e-10,2.3117464284175187e-09,3.533036373215564e-11,1.1182041192993943e-10
1.182,1370.6195872241278,5.0750667762475885,0.17278524822825284,8.406631729753897,0.49160016914822197,0.07287118645679314,8.394435357758629e-06,6.221646192825955e-07,2.1139282969606754e-12,2.4867743536711003e-12,3.9285784700972444e-13,9.242970255773074e-13,1.516220479892366e-07,1.896021943497628e-07,0.20012281874761606,0.2650843977633369,2.9803442997322545e-15,7.232902697421265e-15,3.9582233381503726e-13,9.899455133240646e-13,2.207548776700259e-12,2.2768184101334947e-12,4.479230371086526e-06,4.951766082743547e-06,0.01292221621636095,0.015243190461058887,0.2562305819703276,0.5277124750622898,0.03275283857903934,0.10598483653792717,1.0453712802224743e-07,2.230444031437767e-07,2.7405414295433713e-06,6.0504425449433676e-06,1.1692417833195923e-06,2.7547185396373543e-06,2.3980537829500663e-05,4.946602366514623e-05,6.361821045946746e-09,1.3594406000669731e-08,1.911800081383726e-06,4.226970267522065e-06,4.273525212409339e-11,1.289230263692549e-10,1.6579018014945212e-18,1.707486274262921e-18,7.326783234777032e-12,8.631980783164735e-12,4.828735876035804e-12,1.0304195212441804e-11,1.5894920597551182e-15,3.0407839288266642e-15,1.316224057589651e-08,2.6155611985123357e-08,3.104038139395986e-19,9.365125641102285e-19,0.006328423060914264,0.013035386661018422,3.40431648006769e-31,1.0000000000000863e-30,7.121252170013733e-10,2.308972170938908e-09,3.5298968331059054e-11,1.1172182308369383e-10
1.183,1370.5607287029343,5.075213244398612,0.17278026173121055,8.412419427897078,0.4916084015703959,0.07287291307189132,8.38957083211383e-06,6.218083987235931e-07,2.11104485055405e-12,2.483399590735942e-12,3.9230652937436113e-13,9.23006324792797e-13,1.5150213080679245e-07,1.8945355511633746e-07,0.20011670455074446,0.26507814053784257,2.976125834269393e-15,7.222715219383067e-15,3.9542095423415544e-13,9.889485401719068e-13,2.203975197441334e-12,2.273148490441402e-12,4.475344394316372e-06,4.9475045293957155e-06,0.01291869842128947,0.015239146708247407,0.2562310563482945,0.5277171184913931,0.03275384601621651,0.10598883288366771,1.0449731452805397e-07,2.2296100462757274e-07,2.740617481543218e-06,6.050652487399096e-06,1.1685039288860242e-06,2.752999291224361e-06,2.3953272153503956e-05,4.94101244878632e-05,6.353605176423206e-09,1.3576944056818216e-08,1.9103698673200904e-06,4.223837425066371e-06,4.268054872375586e-11,1.2875889260675007e-10,1.6572388417628039e-18,1.7068153452495607e-18,7.322735789421379e-12,8.62727226345134e-12,4.8256221646688314e-12,1.0297622308463014e-11,1.5881943886781506e-15,3.0383225236088197e-15,1.316215312599916e-08,2.6155619929543363e-08,3.1015275963446565e-19,9.357616150735395e-19,0.006328379092727314,0.01303538666102474,3.404292827787751e-31,1.0000000000000889e-30,7.112665620276996e-10,2.3062041182310245e-09,3.5267625072829554e-11,1.1162339667850107e-10
1.184,1370.5019011943286,5.075359682674536,0.1727752765389831,8.418207293036303,0.4916166231544144,0.0728746373089674,8.38471126382999e-06,6.21452533857975e-07,2.108166717567054e-12,2.48003100450257e-12,3.9175626433866387e-13,9.21718072552854e-13,1.5138236725432226e-07,1.893051038669738e-07,0.2001105978794794,0.2650718903007715,2.9719154469185906e-15,7.212547125843871e-15,3.950201865763901e-13,9.87953072814163e-13,2.2004095469146354e-12,2.2694866726198116e-12,4.471464594485018e-06,4.943249691544298e-06,0.012915186133104915,0.015235109229030215,0.2562315278904701,0.5277217503845014,0.03275485395590572,0.10599282975413249,1.0445753227202219e-07,2.2287766917164936e-07,2.7406934416254755e-06,6.050862163792891e-06,1.167767180410896e-06,2.75128259455114e-06,2.3926061381643354e-05,4.9354337250591564e-05,6.3454066434050284e-09,1.3559518768751337e-08,1.9089422643371196e-06,4.220710266161521e-06,4.26259503052268e-11,1.2859507187173288e-10,1.6565760570354755e-18,1.706144568531615e-18,7.318692753653363e-12,8.622568779381358e-12,4.822511869530556e-12,1.029105649092479e-11,1.5868983863437773e-15,3.0358642434906156e-15,1.316206581543393e-08,2.6155627865466544e-08,3.09902007352073e-19,9.350115566351755e-19,0.006328335193613915,0.013035386661031078,3.4042692126652844e-31,1.0000000000000924e-30,7.104098338027908e-10,2.3034422492330104e-09,3.5236333814547176e-11,1.1152513227130227e-10
1.185,1370.4431046307377,5.075506091151082,0.17277029264879193,8.423995325137591,0.491624833923694,0.07287635917313048,8.37985664290763e-06,6.210970239785188e-07,2.105293883976332e-12,2.4766685787720153e-12,3.91207049018953e-13,9.204322621879205e-13,1.5126275698843468e-07,1.8915684018555422e-07,0.20010449871762565,0.26506564703736396,2.967713115613703e-15,7.202398364159658e-15,3.946200293663573e-13,9.86959107648395e-13,2.196851800989568e-12,2.265832932123162e-12,4.46759095590763e-06,4.939001552246699e-06,0.012911679339796409,0.015231078009866093,0.2562319966034115,0.5277263707673562,0.03275586239668386,0.10599682714713289,1.044177811962519e-07,2.2279439666183855e-07,2.7407693099906224e-06,6.051071574699769e-06,1.1670315352309227e-06,2.7495684435180105e-06,2.389890535573073e-05,4.929866163235692e-05,6.3372253952857346e-09,1.3542130027847783e-08,1.907517265597088e-06,4.2175887760106675e-06,4.2571456574064e-11,1.2843156329086834e-10,1.6559134471622727e-18,1.705473944020269e-18,7.314654118022826e-12,8.617870320285975e-12,4.8194049835236655e-12,1.0284497745290215e-11,1.5856040490512277e-15,3.033409081610253e-15,1.3161978643895139e-08,2.615563579291091e-08,3.0965155659004923e-19,9.342623873448627e-19,0.0063282913634226156,0.0130353866610374,3.4042456346188195e-31,1.000000000000094e-30,7.095550263664253e-10,2.300686544893411e-09,3.520509441843025e-11,1.1142702943526251e-10
1.186,1370.3843389443136,5.075652469905287,0.17276531005781445,8.429783524167046,0.49163303390087654,0.07287807866936902,8.375006959235351e-06,6.207418683695764e-07,2.102426335745865e-12,2.473312297329024e-12,3.9065888053022305e-13,9.191488870247722e-13,1.5114329966466833e-07,1.890087636545688e-07,0.20009840704973725,0.2650594107338283,2.9635188182461306e-15,7.192268881579048e-15,3.9422048112406174e-13,9.859666410602534e-13,2.193301935560143e-12,2.262187244429517e-12,4.463723462886243e-06,4.934760094544064e-06,0.012908178029397017,0.015227053037263167,0.2562324624943476,0.5277309796670386,0.032756871336439376,0.1060008250582436,1.0437806124167607e-07,2.2271118698144792e-07,2.7408450868417533e-06,6.051280720700045e-06,1.1662969906625035e-06,2.7478568319766855e-06,2.3871803916492545e-05,4.9243097309920026e-05,6.329061380188826e-09,1.352477772490099e-08,1.9060948641957195e-06,4.214472939668367e-06,4.251706723631522e-11,1.2826836599222824e-10,1.6552510119997303e-18,1.7048034716334848e-18,7.310619875077119e-12,8.61317687784797e-12,4.816301499489069e-12,1.0277946056888145e-11,1.5843113730841575e-15,3.030957031075246e-15,1.3161891611076135e-08,2.6155643711890265e-08,3.0940140680519813e-19,9.33514105628901e-19,0.006328247602002513,0.01303538666104367,3.4042220935671844e-31,1.0000000000000922e-30,7.087021337236624e-10,2.297936986046803e-09,3.5173906746663756e-11,1.113290877433998e-10
1.187,1370.3256040681413,5.075798819011733,0.17276032876331215,8.435571890090857,0.4916412231094742,0.07287979580279548,8.370162202614665e-06,6.203870663089217e-07,2.099564058820346e-12,2.4699621439342984e-12,3.901117560005952e-13,9.178679404205342e-13,1.5102399493709473e-07,1.8886087385462086e-07,0.2000923228594713,0.2650531813751635,2.959332532781465e-15,7.182158625526501e-15,3.938215403582746e-13,9.849756694069264e-13,2.189759926548873e-12,2.258549585044616e-12,4.459862099708137e-06,4.93052530145955e-06,0.012904682189983228,0.015223034297778493,0.2562329255695407,0.5277355771086015,0.03275788077401254,0.10600482348611175,1.043383723472905e-07,2.2262804000962008e-07,2.7409207723754137e-06,6.051489602359185e-06,1.1655635439670513e-06,2.7461477536486262e-06,2.3844756902145704e-05,4.9187643954839676e-05,6.32091454561299e-09,1.3507461749361128e-08,1.9046750530774993e-06,4.2113627418533834e-06,4.2462781998396037e-11,1.2810547910492444e-10,1.6545887514622131e-18,1.704133151348583e-18,7.306590015936022e-12,8.608488442066541e-12,4.8132014102257195e-12,1.0271401410955652e-11,1.5830203547174193e-15,3.028508084975415e-15,1.3161804716672874e-08,2.615565162242166e-08,3.091515573560762e-19,9.32766709616918e-19,0.006328203909203222,0.013035386661049949,3.4041985894294784e-31,1.000000000000091e-30,7.078511497904801e-10,2.2951935532375524e-09,3.514277066106787e-11,1.1123130676753762e-10
1.188,1370.2668999361908,5.075945138542636,0.17275534876262788,8.441360422875299,0.4916494015738545,0.0728815105786448,8.365322362899235e-06,6.200326170780766e-07,2.096707039194755e-12,2.4666181024063718e-12,3.8956567257726185e-13,9.16589415776681e-13,1.5090484246081657e-07,1.8871317036755307e-07,0.2000862461296097,0.26504695894519037,2.9551542373358368e-15,7.172067543787698e-15,3.93423205579741e-13,9.839861890501825e-13,2.186225749979019e-12,2.2549199295764185e-12,4.456006850717152e-06,4.926297156077216e-06,0.012901191809666394,0.015219021778008086,0.2562333858343138,0.5277401631151305,0.03275889070916746,0.10600882243236735,1.0429871445190287e-07,2.22544955625066e-07,2.7409963667824414e-06,6.051698220229698e-06,1.1648311923972999e-06,2.744441202234162e-06,2.3817764150817007e-05,4.9132301238464006e-05,6.312784839087768e-09,1.3490181990736358e-08,1.903257825169235e-06,4.208258167244033e-06,4.240860056778573e-11,1.2794290176120972e-10,1.6539266654926159e-18,1.7034629831720823e-18,7.302564529771496e-12,8.603805000644368e-12,4.810104708569957e-12,1.0264863792807426e-11,1.5817309902430407e-15,3.0260622364326113e-15,1.3161717960384074e-08,2.6155659524525914e-08,3.0890200757038494e-19,9.320201973452044e-19,0.006328160284874736,0.013035386661056211,3.404175122125008e-31,1.0000000000000894e-30,7.070020684798642e-10,2.2924562269989773e-09,3.5111686023806865e-11,1.1113368608054961e-10
1.189,1370.208226481761,5.076091428572713,0.17275037005301988,8.447149122486726,0.49165756931715293,0.07288322300196423,8.360487430028507e-06,6.196785199647978e-07,2.093855262955561e-12,2.4632801566700586e-12,3.8902062741114404e-13,9.153133065029292e-13,1.5078584189364325e-07,1.8856565277854123e-07,0.20008017684414262,0.2650407434293087,2.950983910065689e-15,7.161995584241967e-15,3.9302547531583866e-13,9.829981963930247e-13,2.182699382004222e-12,2.251298253765656e-12,4.452157700350085e-06,4.922075641582214e-06,0.012897706876591596,0.015215015464585459,0.2562338432951278,0.5277447377120169,0.032759901140515024,0.10601282189490097,1.0425908749595906e-07,2.2246193370996038e-07,2.741071870259896e-06,6.051906574877438e-06,1.1640999332634203e-06,2.7427371715682433e-06,2.3790825503494627e-05,4.9077068838018556e-05,6.30467220893513e-09,1.3472938340220183e-08,1.9018431735509233e-06,4.20515920085595e-06,4.2354522653509966e-11,1.2778063309793309e-10,1.6532647539837797e-18,1.7027929670587471e-18,7.298543407895601e-12,8.599126543803835e-12,4.8070113874083475e-12,1.0258333187863082e-11,1.5804432759740962e-15,3.023619478608104e-15,1.3161631341907212e-08,2.6155667418219403e-08,3.086527568616572e-19,9.312745671087702e-19,0.0063281167288675435,0.013035386661062486,3.4041516915733515e-31,1.0000000000000908e-30,7.06154883811991e-10,2.2897249882105944e-09,3.508065269814414e-11,1.1103622525874854e-10
1.19,1370.1495836384915,5.076237689176041,0.17274539263176894,8.452937988891584,0.49166572636262407,0.07288493307781356,8.355657394008705e-06,6.193247742616683e-07,2.0910087162548717e-12,2.459948290726053e-12,3.884766176669154e-13,9.140396060408247e-13,1.506669928950567e-07,1.8841832067480056e-07,0.20007411498692343,0.26503453481271544,2.9468215292402115e-15,7.151942695038098e-15,3.926283481012368e-13,9.820116878563286e-13,2.179180798889835e-12,2.2476845334665803e-12,4.448314633114251e-06,4.917860741235988e-06,0.012894227378938966,0.015211015344183143,0.256234297958234,0.527749300924181,0.03276091206685974,0.10601682187222185,1.0421949142038839e-07,2.2237897414747695e-07,2.7411472830033924e-06,6.052114666864644e-06,1.1633697638910794e-06,2.7410356555216253e-06,2.3763940802156753e-05,4.902194643274607e-05,6.2965766037860776e-09,1.3455730689658489e-08,1.9004310913474955e-06,4.202065827802729e-06,4.2300547965835145e-11,1.2761867225561786e-10,1.6526030168288398e-18,1.702123102963439e-18,7.294526641330329e-12,8.594453061423871e-12,4.803921439670689e-12,1.0251809581632237e-11,1.5791572082426484e-15,3.0211798046986354e-15,1.3161544860941158e-08,2.615567530351927e-08,3.0840380464422097e-19,9.30529817204778e-19,0.006328073241032598,0.013035386661068743,3.4041282976943225e-31,1.0000000000000905e-30,7.053095898441758e-10,2.286999817870991e-09,3.5049670547966864e-11,1.1093892388038169e-10
1.191,1370.0909713416213,5.076383920422101,0.17274041649631272,8.458727022056392,0.49167387273532,0.07288664081151526,8.350832244763186e-06,6.189713792550175e-07,2.088167385216651e-12,2.4566224885406497e-12,3.879336405296586e-13,9.127683078794258e-13,1.505482951226714e-07,1.8827117364116304e-07,0.20006806053998402,0.2650283330781777,2.9426670732600248e-15,7.141908824639851e-15,3.922318224548684e-13,9.810266598212673e-13,2.1756699769248066e-12,2.244078744556135e-12,4.444477633494471e-06,4.91365243827355e-06,0.012890753304927182,0.015207021403517127,0.2562347498280072,0.5277538527726506,0.03276192348886944,0.10602082236886326,1.0417992616363608e-07,2.2229607681546128e-07,2.741222605196755e-06,6.0523224967272345e-06,1.1626406815281881e-06,2.7393366477812124e-06,2.3737109885310076e-05,4.8966933694704064e-05,6.2884979714035876e-09,1.3438558929034505e-08,1.8990215714757936e-06,4.198978032736549e-06,4.22466762152519e-11,1.2745701837539769e-10,1.651941454009326e-18,1.7014533909318909e-18,7.290514217444617e-12,8.589784539077792e-12,4.800834858250234e-12,1.0245292959544464e-11,1.5778727833737765e-15,3.0187432078867975e-15,1.3161458517189197e-08,2.6155683180449918e-08,3.081551501976508e-19,9.297859455235766e-19,0.006328029821221232,0.013035386661074984,3.404104940407949e-31,1.0000000000000896e-30,7.044661805082353e-10,2.284280696570515e-09,3.501873943654819e-11,1.1084178152171547e-10
1.192,1370.0323895256652,5.076530122383055,0.17273544164399848,8.464516221947756,0.4916820084589588,0.07288834620818854,8.34601197206611e-06,6.186183342199908e-07,2.085331255939557e-12,2.453302734049028e-12,3.8739169317642693e-13,9.114994054883694e-13,1.50429748232607e-07,1.8812421126053857e-07,0.2000620134866648,0.2650221382101729,2.938520520424841e-15,7.1318939212619e-15,3.9183589689057707e-13,9.80043108655917e-13,2.172166892404484e-12,2.2404808629161654e-12,4.4406466859463435e-06,4.909450715895916e-06,0.012887284642816878,0.015203033629350514,0.2562351989100577,0.527758393280956,0.03276293540596199,0.10602482338530535,1.0414039166290395e-07,2.2221324158907225e-07,2.7412978370297203e-06,6.052530065013731e-06,1.1619126834052904e-06,2.7376401419922695e-06,2.3710332590405996e-05,4.8912030293747825e-05,6.280436259278386e-09,1.3421422947741593e-08,1.8976146067892288e-06,4.195895800167919e-06,4.21929071125971e-11,1.2729567059938178e-10,1.6512800655009361e-18,1.7007838310036182e-18,7.286506126237958e-12,8.585120965436433e-12,4.797751635954977e-12,1.0238783306845077e-11,1.5765899976689599e-15,3.016309681309168e-15,1.3161372310352987e-08,2.6155691049030377e-08,3.0790679280045826e-19,9.290429499520465e-19,0.006327986469285317,0.013035386661081255,3.404081619634535e-31,1.0000000000000884e-30,7.036246497038367e-10,2.2815676047938976e-09,3.4987859227087017e-11,1.1074479775874104e-10
1.193,1369.97383812207,5.076676295140924,0.17273046807183848,8.470305588532371,0.49169013355297847,0.07289004927231368,8.341196566603213e-06,6.182656384991832e-07,2.0825003150593556e-12,2.449989011816949e-12,3.86850772800785e-13,9.102328923756294e-13,1.5031135190008016e-07,1.8797743313966993e-07,0.20005597381458506,0.26501595019882757,2.9343818493527544e-15,7.121897933887598e-15,3.91440570032997e-13,9.790610310051071e-13,2.1686715222019517e-12,2.2368908650227687e-12,4.4368217754742905e-06,4.905255557909261e-06,0.012883821380871203,0.015199052008447213,0.25623564521418696,0.5277629224812266,0.032763947813337274,0.10602882490837141,1.0410088786939339e-07,2.2213046837331108e-07,2.7413729787194737e-06,6.052737372332912e-06,1.1611857671630254e-06,2.735946132765634e-06,2.3683608775390992e-05,4.885723594198771e-05,6.2723914204125375e-09,1.3404322646943204e-08,1.8962101912831571e-06,4.192819117131016e-06,4.213924037487804e-11,1.271346280882287e-10,1.6506188509551432e-18,1.7001144228840055e-18,7.28250236522098e-12,8.580462338018825e-12,4.794671766105394e-12,1.0232280609870928e-11,1.5753088476019015e-15,3.0138792184310106e-15,1.3161286240127671e-08,2.6155698909264993e-08,3.0765873229226686e-19,9.283008300698689e-19,0.006327943185077109,0.013035386661087523,3.4040583352946277e-31,1.0000000000000908e-30,7.027849920723609e-10,2.278860525429632e-09,3.495702978893331e-11,1.1064797218688106e-10
1.194,1369.9153170689933,5.076822438757448,0.1727254957775358,8.476095121777005,0.49169824804516576,0.07289175000960318,8.336386017682164e-06,6.179132913329219e-07,2.079674548462378e-12,2.446681305527169e-12,3.8631087661092177e-13,9.089687620830677e-13,1.5019310577182477e-07,1.8783083884962784e-07,0.20004994150295696,0.26500976902310835,2.9302510384657938e-15,7.111920811020312e-15,3.9104584033337916e-13,9.780804230796467e-13,2.1651838424992895e-12,2.2333087266376326e-12,4.433002886329686e-06,4.901066947285554e-06,0.01288036350744624,0.01519507652767842,0.25623608874175374,0.5277674403881618,0.032764960714641474,0.10603282695220984,1.0406141471122261e-07,2.2204775702389154e-07,2.7414480304279817e-06,6.052944419171193e-06,1.1604599297641687e-06,2.7342546131142904e-06,2.36569382650345e-05,4.8802550283068276e-05,6.2643633990150586e-09,1.3387257909003928e-08,1.8948083170750866e-06,4.189747966506432e-06,4.208567571179269e-11,1.2697388998047674e-10,1.6499578106030408e-18,1.6994451668752226e-18,7.278502917325336e-12,8.575808637164997e-12,4.791595241265557e-12,1.0225784853342378e-11,1.5740293294041653e-15,3.011451812253476e-15,1.3161200306223833e-08,2.615570676118667e-08,3.0741096750567427e-19,9.275595824179867e-19,0.006327899968449369,0.013035386661093738,3.4040350873090063e-31,1.00000000000009e-30,7.01947201057121e-10,2.276159437480022e-09,3.4926250982403597e-11,1.1055130437292551e-10
1.195,1369.8568262997587,5.076968553309596,0.17272052475827596,8.481884821648515,0.49170635195679,0.07289344842479996,8.331580315855693e-06,6.175612920537124e-07,2.076853942763402e-12,2.443379599718176e-12,3.857720018280544e-13,9.077070081827046e-13,1.5007500952077153e-07,1.8768442799419792e-07,0.20004391653752565,0.2650035946706208,2.9261280665515013e-15,7.1019625020466155e-15,3.90651706397344e-13,9.77101281476113e-13,2.1617038302409216e-12,2.2297344243071597e-12,4.429190003503191e-06,4.896884867812575e-06,0.012876911010881046,0.015191107173893314,0.25623652950056136,0.5277719470297086,0.03276597410704568,0.10603682951000948,1.0402197213620418e-07,2.219651074385243e-07,2.7415229923591957e-06,6.053151206107428e-06,1.1597351687509857e-06,2.732565577415959e-06,2.3630320912897932e-05,4.8747973020005876e-05,6.256352147009907e-09,1.3370228632767885e-08,1.8934089778922313e-06,4.1866823347327925e-06,4.203221284119441e-11,1.268134554392046e-10,1.6492969442052357e-18,1.6987760627946856e-18,7.274507776047014e-12,8.571159855660612e-12,4.788522054695505e-12,1.0219296023463041e-11,1.5727514395391448e-15,3.0090274562204857e-15,1.316111450834236e-08,2.615571460480767e-08,3.071634981269682e-19,9.26819206112954e-19,0.006327856819255255,0.013035386661099985,3.404011875598673e-31,1.000000000000089e-30,7.011112711434994e-10,2.2734643233251167e-09,3.489552267627175e-11,1.1045479391039766e-10
1.196,1369.7983657501768,5.077114638867082,0.17271555501149194,8.487674688113835,0.491714445311998,0.07289514452306846,8.326779451172423e-06,6.17209639956575e-07,2.0740384843259564e-12,2.4400838786315734e-12,3.852341456832905e-13,9.064476242693217e-13,1.499570628098561e-07,1.875382001646156e-07,0.20003789890112014,0.2649974271250861,2.9220129123560875e-15,7.092022956248731e-15,3.9025816676910135e-13,9.761236026371313e-13,2.1582314621672664e-12,2.226167934365687e-12,4.4253831117345184e-06,4.892709302999045e-06,0.012873463879571343,0.015187143934005666,0.25623696749544433,0.5277764424276614,0.03276698799068272,0.10604083258453623,1.039825600836559e-07,2.2188251949676262e-07,2.741597864697254e-06,6.053357733676314e-06,1.1590114814203298e-06,2.7308790194694466e-06,2.360375656059263e-05,4.869350383114065e-05,6.248357613176142e-09,1.3353234710350696e-08,1.892012166779865e-06,4.183622206739493e-06,4.197885147885589e-11,1.266533236211469e-10,1.6486362517344506e-18,1.6981071106780882e-18,7.270516930096017e-12,8.566515980650645e-12,4.785452199380888e-12,1.0212814105848776e-11,1.5714751743853308e-15,3.0066061436126994e-15,1.3161028846189916e-08,2.6155722440149782e-08,3.069163234530964e-19,9.260796990963245e-19,0.00632781373734834,0.013035386661106216,3.4039887000848763e-31,1.000000000000091e-30,7.002771963871665e-10,2.2707751639502616e-09,3.486484473625208e-11,1.103584403830979e-10
1.197,1369.739935353377,5.077260695508334,0.17271058653432092,8.493464721139988,0.4917225281310903,0.07289683830899758,8.321983414063712e-06,6.168583343647761e-07,2.071228159780697e-12,2.4367941268219256e-12,3.8469730540357934e-13,9.051906039273994e-13,1.4983926531133493e-07,1.873921549637216e-07,0.20003188858040438,0.26499126637528314,2.9179055546700725e-15,7.082102123012353e-15,3.898652200513388e-13,9.751473831512345e-13,2.1547667153149423e-12,2.2226092334514246e-12,4.421582196032363e-06,4.888540236649424e-06,0.012870022101935254,0.015183186794953346,0.2562374027349863,0.5277809266114962,0.032768002361914496,0.10604483616634429,1.0394317849999209e-07,2.2179999309326996e-07,2.7416726476487814e-06,6.053564002461766e-06,1.1582888652932087e-06,2.7291949336010162e-06,2.3577245060643973e-05,4.863914241730343e-05,6.240379749213469e-09,1.3336276040101827e-08,1.8906178773935685e-06,4.180567568804069e-06,4.192559134393805e-11,1.2649349369319345e-10,1.6479757329620498e-18,1.6974383103535127e-18,7.266530375251755e-12,8.561877007607911e-12,4.782385668518068e-12,1.0206339086562875e-11,1.5702005303942445e-15,3.0041878678496563e-15,1.316094331946713e-08,2.615573026722068e-08,3.0666944312452916e-19,9.25341060345939e-19,0.006327770722582737,0.013035386661112461,3.4039655606891214e-31,1.000000000000093e-30,6.994449712430749e-10,2.268091941634228e-09,3.4834217031380566e-11,1.1026224338530171e-10
1.198,1369.681535046992,5.077406723298256,0.17270561932436077,8.499254920694074,0.4917306004398895,0.07289852978799033,8.317192194253292e-06,6.165073745490153e-07,2.0684229553766593e-12,2.4335103283935496e-12,3.8416147823783916e-13,9.0393594079261e-13,1.49721616682507e-07,1.8724629197560204e-07,0.20002588555647838,0.26498511240260064,2.9138059722915075e-15,7.0721999517374946e-15,3.89472864752092e-13,9.741726193698654e-13,2.1513095663965136e-12,2.219058297866713e-12,4.417787241025741e-06,4.88437765214683e-06,0.012866585666456778,0.0151792357437498,0.2562378352221592,0.5277853995990968,0.03276901722270841,0.10604884026412163,1.0390382731882356e-07,2.2171752809535943e-07,2.741747341384504e-06,6.0537700129680795e-06,1.1575673175086273e-06,2.7275133132361846e-06,2.3550786247147067e-05,4.858488844128041e-05,6.232418501974058e-09,1.3319352510003565e-08,1.8892261023371152e-06,4.17751840487698e-06,4.1872432152116144e-11,1.2633396481165232e-10,1.6473153880042881e-18,1.6967696620040987e-18,7.262548097499997e-12,8.557242920464224e-12,4.779322454921544e-12,1.0199870950851557e-11,1.5689275038978166e-15,3.0017726221212933e-15,1.3160857927885142e-08,2.6155738086047197e-08,3.0642285618754164e-19,9.246032870464947e-19,0.0063277277748129464,0.013035386661118668,3.403942457333144e-31,1.0000000000000919e-30,6.986145895000296e-10,2.2654146364943928e-09,3.480363942587174e-11,1.1016620249598554e-10
1.199,1369.6231647658074,5.077552722310907,0.17270065337889853,8.505045286743275,0.49173866226025487,0.07290021896485789,8.312405782212637e-06,6.161567598353051e-07,2.0656228578118855e-12,2.4302324679777585e-12,3.8362666144603447e-13,9.02683628526121e-13,1.4960411659658989e-07,1.8710061080420293e-07,0.20001988981440702,0.2649789651936613,2.9097141442593363e-15,7.0623163924049235e-15,3.890810994727517e-13,9.731993078776288e-13,2.1478599926096926e-12,2.2155151044127164e-12,4.41399823180159e-06,4.880221533379104e-06,0.012863154561623576,0.01517529076741072,0.25623826496382207,0.5277898614163204,0.032770032571122924,0.10605284487389946,1.0386450648552259e-07,2.216351243954124e-07,2.741821946100235e-06,6.0539757657545954e-06,1.1568468355535301e-06,2.725834152619643e-06,2.3524379971516955e-05,4.853074160156467e-05,6.224473822960962e-09,1.3302464017970014e-08,1.8878368351805816e-06,4.174474701044086e-06,4.181937362429539e-11,1.2617473614854624e-10,1.646655216696823e-18,1.6961011655237835e-18,7.2585700891618445e-12,8.552613710614455e-12,4.776262551825445e-12,1.0193409684854536e-11,1.5676560913693825e-15,2.9993603998872964e-15,1.3160772671149866e-08,2.6155745896644065e-08,3.0617656220169207e-19,9.238663779312255e-19,0.00632768489389391,0.013035386661124838,3.4039193899389137e-31,1.00000000000009e-30,6.97786045574263e-10,2.26274323068141e-09,3.477311178913883e-11,1.1007031731054454e-10
1.2,1369.5648244460026,5.077698692616426,0.1726956886953552,8.510835819254854,0.49174671361549765,0.07290190584462222,8.307624168097236e-06,6.158064895261209e-07,2.062827853643718e-12,2.4269605300390683e-12,3.8309285229492165e-13,9.014336608045857e-13,1.4948676472092346e-07,1.8695511104607113e-07,0.20001390133776956,0.2649728247331005,2.905630049588918e-15,7.052451394934245e-15,3.886899227788823e-13,9.722274451691785e-13,2.1444179710539558e-12,2.2119796297876707e-12,4.410215153305635e-06,4.876071864076405e-06,0.012859728775972412,0.015171351853007598,0.2562386919652905,0.5277943120858122,0.03277104840674809,0.10605684999665883,1.0382521594027943e-07,2.2155278187472306e-07,2.7418964619809736e-06,6.054181261356427e-06,1.1561274167689886e-06,2.7241574456517116e-06,2.349802607807219e-05,4.847670158198592e-05,6.216545661822156e-09,1.3285610457943284e-08,1.8864500690857533e-06,4.171436442487124e-06,4.176641548045475e-11,1.2601580687303862e-10,1.6459952189998252e-18,1.6954328209345724e-18,7.254596340234648e-12,8.547989366713889e-12,4.773205952292483e-12,1.0186955274343576e-11,1.5663862892308493e-15,2.996951194508165e-15,1.3160687548970352e-08,2.6155753699030507e-08,3.059305604949893e-19,9.231303310344573e-19,0.006327642079681033,0.01303538666113107,3.40389635842864e-31,1.0000000000000912e-30,6.969593336283806e-10,2.260077705522227e-09,3.474263398888855e-11,1.0997458741893493e-10
1.201,1369.5065140223787,5.077844634289606,0.17269072527099422,8.51662651819616,0.49175475452685385,0.07290359043199279,8.30284734252559e-06,6.15456562958143e-07,2.0600379297143998e-12,2.4236944993759196e-12,3.8256004806466905e-13,9.001860313357166e-13,1.4936956073269058e-07,1.8680979231001446e-07,0.20000792011221416,0.26496669100827386,2.9015536674923655e-15,7.042604909718676e-15,3.8829933329228035e-13,9.71257027879476e-13,2.140983479153949e-12,2.2084518510236298e-12,4.406437990777175e-06,4.871928628291894e-06,0.012856308298056944,0.015167418987629673,0.25623911623387025,0.5277987516342797,0.03277206472716383,0.10606085562686805,1.0378595563021492e-07,2.2147050042934403e-07,2.7419708892245124e-06,6.0543865003365395e-06,1.1554090587004027e-06,2.722483186713501e-06,2.3471724421404936e-05,4.842276808754482e-05,6.208633970981788e-09,1.3268791729791002e-08,1.8850657977837334e-06,4.1684036156454246e-06,4.171355744408485e-11,1.258571761648231e-10,1.6453353947162204e-18,1.694764628096307e-18,7.2506268441165575e-12,8.543369881423301e-12,4.7701526496480404e-12,1.018050770564891e-11,1.5651180939944116e-15,2.9945449995163358e-15,1.3160602561053068e-08,2.615576149321871e-08,3.056848506793061e-19,9.223951452468255e-19,0.006327599332030086,0.013035386661137254,3.403873362724745e-31,1.0000000000000906e-30,6.961344481971252e-10,2.25741804354927e-09,3.4712205896051756e-11,1.0987901242128105e-10
1.202,1369.4482334325985,5.077990547396788,0.17268576310336697,8.522417383534616,0.4917627850189338,0.07290527273217462,8.29807529547323e-06,6.151069794202744e-07,2.057253072541944e-12,2.4204343604040323e-12,3.8202824604279146e-13,8.989407338440182e-13,1.492525042963586e-07,1.8666465418888949e-07,0.2000019461199751,0.2649605640019943,2.8974849770916065e-15,7.032776886928635e-15,3.8790932955798537e-13,9.702880524511494e-13,2.1375564940557283e-12,2.204931744863688e-12,4.402666729127953e-06,4.867791809715014e-06,0.012852893116492565,0.01516349215843685,0.256239537773406,0.5278031800812659,0.032773081533405295,0.10606486177017035,1.0374672549190265e-07,2.2138827993279122e-07,2.7420452280054163e-06,6.054591483206239e-06,1.1546917585892218e-06,2.7208113694692676e-06,2.344547484125896e-05,4.83689407925862e-05,6.2007386989488055e-09,1.3252007725005987e-08,1.8836840141594896e-06,4.165376205085987e-06,4.166079923581082e-11,1.256988431948832e-10,1.644675743906056e-18,1.6940965871334836e-18,7.246661588418745e-12,8.538755240583121e-12,4.7671026368651826e-12,1.0174066964346723e-11,1.563851502061913e-15,2.992141808232316e-15,1.316051770711133e-08,2.6155769279232645e-08,3.054394319142582e-19,9.216608180940673e-19,0.00632755665079734,0.013035386661143402,3.403850402749908e-31,1.0000000000000882e-30,6.953113832818242e-10,2.2547642255639518e-09,3.468182737766524e-11,1.0978359190534378e-10
1.203,1369.3899826124257,5.0781364320105515,0.17268080218981335,8.528208415237728,0.4917708051135874,0.07290695274995926,8.293308017409006e-06,6.147577382378761e-07,2.054473268951663e-12,2.4171800978994347e-12,3.814974435259466e-13,8.976977620750221e-13,1.4913559508711867e-07,1.8651969628891726e-07,0.19999597934603938,0.2649544437007032,2.8934239576794517e-15,7.02296727714546e-15,3.8751991018378286e-13,9.693205154834394e-13,2.1341369932489177e-12,2.2014192884037713e-12,4.398901353584177e-06,4.863661392381368e-06,0.01284948321990913,0.015159571352604047,0.2562399565904176,0.5278075974517922,0.03277409882381103,0.10606886842347557,1.0370752546967612e-07,2.2130612027511092e-07,2.7421194785151583e-06,6.054796210513825e-06,1.1539755139091157e-06,2.7191419881298038e-06,2.3419277188940543e-05,4.8315219395285475e-05,6.192859797343968e-09,1.3235258341724072e-08,1.8823047117413726e-06,4.162354196797228e-06,4.160814058000913e-11,1.2554080714545753e-10,1.6440162664424083e-18,1.6934286979778338e-18,7.242700565272682e-12,8.534145435358455e-12,4.764055907194645e-12,1.0167633036603769e-11,1.5625865099301253e-15,2.98974161415746e-15,1.3160432986854777e-08,2.6155777057087285e-08,3.051943036991619e-19,9.209273481267243e-19,0.006327514035839505,0.013035386661149591,3.4038274784270447e-31,1.000000000000089e-30,6.944901333032726e-10,2.25211623372668e-09,3.465149830432432e-11,1.0968832547011181e-10
1.204,1369.3317614991097,5.078282288199251,0.1726758425278175,8.53399961327308,0.49177881483427804,0.07290863049037304,8.288545498665101e-06,6.14408838726065e-07,2.0516985057151457e-12,2.4139316965737114e-12,3.8096763782675577e-13,8.964571098113376e-13,1.490188327774281e-07,1.8637491821285236e-07,0.1999900197737549,0.2649483300886516,2.889370588634508e-15,7.01317603115489e-15,3.8713107375764747e-13,9.683544135256984e-13,2.13072495421616e-12,2.1979144587310392e-12,4.395141849321848e-06,4.8595373602695155e-06,0.01284607859697683,0.015155656557351694,0.25624037268973077,0.5278120037673572,0.03277511659840317,0.10607287558913552,1.0366835550484315e-07,2.212240213398638e-07,2.742193640934461e-06,6.05500068278351e-06,1.153260322042886e-06,2.7174750366911466e-06,2.3393131311557383e-05,4.826160358513327e-05,6.184997216720347e-09,1.3218543475791918e-08,1.8809278838094995e-06,4.159337576217374e-06,4.155558120099899e-11,1.2538306719854853e-10,1.6433569622916476e-18,1.6927609606570025e-18,7.238743763859641e-12,8.529540453436594e-12,4.761012453819296e-12,1.0161205908439897e-11,1.5613231140783637e-15,2.987344410758945e-15,1.3160348399996733e-08,2.6155784826803216e-08,3.0494946537145283e-19,9.201947334066367e-19,0.006327471487013623,0.01303538666115573,3.4038045896792514e-31,1.000000000000086e-30,6.936706925313937e-10,2.249474049707371e-09,3.462121854578241e-11,1.0959321271187247e-10
1.205,1369.2735700281564,5.078428116037051,0.17267088411466666,8.539790977608343,0.491786814201885,0.07291030595805408,8.283787729792889e-06,6.140602802160883e-07,2.048928769773024e-12,2.4106891413360808e-12,3.804388262560746e-13,8.952187708309251e-13,1.4890221704544119e-07,1.86230319570525e-07,0.1999840673890395,0.2649422231534735,2.885324849362964e-15,7.00340309980572e-15,3.8674281890357614e-13,9.6738974321704e-13,2.127320354639958e-12,2.1944172331372357e-12,4.391388201688129e-06,4.855419697545689e-06,0.012842679236392717,0.01515174775992967,0.2562407860786627,0.5278163990545528,0.03277613485469305,0.10607688326136824,1.036292155429243e-07,2.2114198301956921e-07,2.7422677154585547e-06,6.0552049005711235e-06,1.1525461805107261e-06,2.7158105094724036e-06,2.3367037062895645e-05,4.820809306537489e-05,6.1771509094238195e-09,1.3201863026880295e-08,1.8795535240161336e-06,4.15632632960627e-06,4.150312082542953e-11,1.2522562254312424e-10,1.6426978312947828e-18,1.6920933750693054e-18,7.2347911780714036e-12,8.524940288053658e-12,4.7579722700428494e-12,1.0154785566130713e-11,1.5600613110294877e-15,2.9849501915864554e-15,1.316026394624704e-08,2.6155792588392095e-08,3.047049164808012e-19,9.19462972635832e-19,0.006327429004177302,0.013035386661161887,3.4037817364299387e-31,1.0000000000000864e-30,6.928530554815052e-10,2.2468376559704554e-09,3.459098797391298e-11,1.0949825323358662e-10
1.206,1369.2154081384933,5.078573915587879,0.17266592694799676,8.545582508211258,0.49179480324142455,0.07291197915824989,8.279034700876516e-06,6.137120620044512e-07,2.0461640478202532e-12,2.4074524168054985e-12,3.7991100614583817e-13,8.939827389608715e-13,1.487857475593759e-07,1.8608589995929247e-07,0.19997812217364055,0.2649361228772608,2.8812867193246985e-15,6.993648434073295e-15,3.8635514418127695e-13,9.664265010354423e-13,2.1239231720106354e-12,2.190927588714332e-12,4.387640395786338e-06,4.851308388105027e-06,0.012839285126907516,0.015147844947649211,0.2562411967603141,0.5278207833312563,0.03277715359440099,0.10608089144800778,1.0359010552058867e-07,2.2106000518783026e-07,2.742341702255918e-06,6.055408864373118e-06,1.1518330865668252e-06,2.7141484001652614e-06,2.334099428404e-05,4.815468751302901e-05,6.169320824482027e-09,1.3185216887561028e-08,1.87818162528286e-06,4.153320441606753e-06,4.1450759177860274e-11,1.2506847236178583e-10,1.6420388735404281e-18,1.6914259413679393e-18,7.230842794345047e-12,8.520344923660224e-12,4.75493534892021e-12,1.0148371995418822e-11,1.5588010972300668e-15,2.9825589500429518e-15,1.316017962532354e-08,2.6155800341879936e-08,3.044606561543353e-19,9.187320632410788e-19,0.0063273865871884575,0.013035386661167995,3.40375891860267e-31,1.0000000000000847e-30,6.920372162103086e-10,2.244207033491913e-09,3.456080645737576e-11,1.0940344662800668e-10
1.207,1369.1572757651484,5.0787196869280855,0.17266097102502193,8.551374205049653,0.4918027819725822,0.07291365009541338,8.27428640294114e-06,6.13364183457304e-07,2.043404327107584e-12,2.4042215082536313e-12,3.79384174836612e-13,8.927490080480934e-13,1.4866942400747943e-07,1.8594165900151555e-07,0.19997218411463985,0.264930029249154,2.8772561782432904e-15,6.983911985569254e-15,3.8596804826874794e-13,9.654646837544413e-13,2.1205333844045415e-12,2.1874455031572722e-12,4.383898417287735e-06,4.847203416469114e-06,0.012835896257267306,0.01514394810781402,0.25624160474303825,0.5278251566261313,0.03277817281397079,0.10608490013980465,1.0355102538960702e-07,2.2097808775044825e-07,2.7424156015288805e-06,6.055612574760341e-06,1.1511210379127373e-06,2.7124887035149283e-06,2.3315002838190243e-05,4.81013866507171e-05,6.161506916833948e-09,1.3168604963032498e-08,1.8768121817726054e-06,4.150319899605433e-06,4.13984959891962e-11,1.2491161585621806e-10,1.6413800887497905e-18,1.6907586593274636e-18,7.226898608015876e-12,8.515754355190343e-12,4.751901684031459e-12,1.0141965183165666e-11,1.557542469302114e-15,2.980170679866312e-15,1.3160095436936275e-08,2.615580808727554e-08,3.0421668417490085e-19,9.180020046275843e-19,0.00632734423590549,0.013035386661174136,3.4037361361212663e-31,1.000000000000085e-30,6.912231695742617e-10,2.241582165840019e-09,3.453067387135076e-11,1.0930879250848917e-10
1.208,1369.0991728468275,5.078865430123052,0.1726560163433298,8.557166068091433,0.49181075041945127,0.07291531877464599,8.269542826128287e-06,6.130166438751794e-07,2.040649594431555e-12,2.4009964004165055e-12,3.788583296734968e-13,8.915175719496957e-13,1.4855324606044206e-07,1.8579759629754875e-07,0.19996625319466718,0.26492394225237476,2.8732332056787807e-15,6.974193705504465e-15,3.8558152973925996e-13,9.645042878852743e-13,2.117150969489505e-12,2.183970953738046e-12,4.380162251402006e-06,4.84310476664765e-06,0.012832512616289718,0.015140057227810061,0.2562420100306872,0.5278295189585334,0.032779192514341964,0.10608890934205194,1.035119750874847e-07,2.2089623058275216e-07,2.742489413449232e-06,6.05581603223582e-06,1.1504100318395751e-06,2.710831413298806e-06,2.3289062568423184e-05,4.804819015952215e-05,6.153709136100824e-09,1.3152027147120621e-08,1.8754451865034547e-06,4.147324688455997e-06,4.1346330986112516e-11,1.2475505221528032e-10,1.6407214769861677e-18,1.6900915290746247e-18,7.222958607165463e-12,8.51116856902916e-12,4.748871268470213e-12,1.0135565115192336e-11,1.556285423713398e-15,2.9777853744985017e-15,1.3160011380803329e-08,2.6155815824601798e-08,3.0397299970803867e-19,9.172727943375687e-19,0.006327301950187211,0.013035386661180289,3.403713388909773e-31,1.0000000000000847e-30,6.904109097070957e-10,2.238963034238088e-09,3.450059008562608e-11,1.0921429047128591e-10
1.209,1369.0410993193354,5.07901114524754,0.17265106290018992,8.562958097304588,0.4918187086020299,0.07291698520043707,8.264803961141745e-06,6.126694426001743e-07,2.037899836943254e-12,2.3977770784460714e-12,3.7833346800321317e-13,8.902884245261115e-13,1.4843721340157453e-07,1.8565371146348252e-07,0.19996032940043987,0.2649178618755388,2.8692177813189448e-15,6.964493545396021e-15,3.851955872422327e-13,9.635453101293214e-13,2.1137759053168584e-12,2.1805039181227038e-12,4.376431883700427e-06,4.839012423048591e-06,0.012829134192805316,0.015136172295036353,0.2562424126311194,0.5278338703560325,0.03278021269242617,0.1060929190469991,1.0347295456125541e-07,2.2081443358037368e-07,2.742563138213905e-06,6.056019237357688e-06,1.1497000659281858e-06,2.7091765239763684e-06,2.3263173332031312e-05,4.79950977498327e-05,6.145927435703373e-09,1.313548334176437e-08,1.874080633291224e-06,4.144334794774917e-06,4.12942638995471e-11,1.2459878064063064e-10,1.6400630380659624e-18,1.6894245504816507e-18,7.219022787016284e-12,8.506587559974659e-12,4.7458440956423825e-12,1.0129171777984331e-11,1.5550299570378186e-15,2.9754030275837613e-15,1.3159927456636615e-08,2.6155823553867372e-08,3.03729602357389e-19,9.16544431235023e-19,0.006327259729892906,0.013035386661186435,3.403690676892504e-31,1.0000000000000849e-30,6.896004312588081e-10,2.2363496215824093e-09,3.4470554974251705e-11,1.0911994012610314e-10
1.21,1368.9830551248215,5.07915683235698,0.17264611069352925,8.568750292657167,0.4918266565483165,0.07291864937845896,8.260069797804091e-06,6.123225789089621e-07,2.0351550413015678e-12,2.394563526913999e-12,3.7780958720528055e-13,8.890615597144989e-13,1.4832132569490354e-07,1.8551000409124553e-07,0.19995441271063502,0.264911788096596,2.865209884906597e-15,6.954811456891005e-15,3.8481021930363256e-13,9.62587746878841e-13,2.1104081695112566e-12,2.1770443735356713e-12,4.372707299261555e-06,4.834926369533696e-06,0.012825760975712797,0.015132293296970545,0.2562428125441233,0.527838210829552,0.03278123335320327,0.10609692927300364,1.034339637413411e-07,2.207326966034702e-07,2.7426367759688044e-06,6.056222190571167e-06,1.1489911372563931e-06,2.707524028821173e-06,2.323733496222083e-05,4.794210908232248e-05,6.1381617627445615e-09,1.3118973435393108e-08,1.8727185145716463e-06,4.141350202125582e-06,4.124229445570076e-11,1.2444280031957433e-10,1.6394047722697185e-18,1.6887577238987322e-18,7.2150911282072324e-12,8.502011305638783e-12,4.742820158481083e-12,1.012278515701622e-11,1.5537760657002025e-15,2.9730236324803874e-15,1.3159843664163386e-08,2.6155831275110175e-08,3.034864909377866e-19,9.158169118034056e-19,0.006327217574882196,0.013035386661192628,3.403667999993934e-31,1.000000000000087e-30,6.88791728008214e-10,2.2337419079428876e-09,3.444056840491319e-11,1.0902574106246647e-10
1.211,1368.9250401937647,5.079302491543264,0.1726411597200362,8.57454265411733,0.49183459427091486,0.07292031131209713,8.255340328409181e-06,6.119760522613022e-07,2.0324151955833705e-12,2.3913557320591577e-12,3.7728668465624813e-13,8.878369714445535e-13,1.4820558265685366e-07,1.8536647383825508e-07,0.19994850311936557,0.2649057209139271,2.8612094966887424e-15,6.945147392856603e-15,3.844254247640171e-13,9.61631595312701e-13,2.1070477411204115e-12,2.173592298667847e-12,4.368988484609739e-06,4.830846591561837e-06,0.012822392953843765,0.01512842022100905,0.2562432097848072,0.5278425404215387,0.03278225448629211,0.10610093998870007,1.0339500259918428e-07,2.206510195997096e-07,2.742710326958518e-06,6.056424892539019e-06,1.148283244117448e-06,2.705873923970214e-06,2.3211547351780316e-05,4.7889223940569974e-05,6.130412080158001e-09,1.31024973502635e-08,1.871358826148948e-06,4.138370901519246e-06,4.119042239620068e-11,1.24287110485902e-10,1.6387466788509273e-18,1.6880910486179067e-18,7.211163637868101e-12,8.497439814847764e-12,4.739799451286668e-12,1.011640524067868e-11,1.5525237465741007e-15,2.9706471834045043e-15,1.3159760003085175e-08,2.6155838988315234e-08,3.0324366606467725e-19,9.150902379595576e-19,0.006327175485015054,0.013035386661198762,3.403645358138757e-31,1.0000000000000889e-30,6.879847958859464e-10,2.2311398803665234e-09,3.441063026228748e-11,1.0893169292365396e-10
1.212,1368.8670544703923,5.079448122856265,0.17263620997782803,8.580335181653288,0.49184252179976107,0.07292197100730047,8.250615541989208e-06,6.116298618750412e-07,2.0296802860996144e-12,2.3881536780413833e-12,3.7676475773365336e-13,8.866146536478064e-13,1.4808998393731863e-07,1.852231202786659e-07,0.19994260060330546,0.2648996603027835,2.85721659620893e-15,6.935501304448606e-15,3.840412020684085e-13,9.60676851620006e-13,2.103694597494e-12,2.170147670456926e-12,4.36527542446701e-06,4.826773072597458e-06,0.012819030116200857,0.015124553054747665,0.2562436043508299,0.5278468591384488,0.032783276098780345,0.10610495121925165,1.0335607105349199e-07,2.205694024041862e-07,2.7427837913121257e-06,6.056627343668451e-06,1.1475763832710328e-06,2.704226201946042e-06,2.3185810318158048e-05,4.7836441952692095e-05,6.122678330902598e-09,1.3086054965933307e-08,1.870001559555803e-06,4.1353968745196705e-06,4.113864744469176e-11,1.2413171031908115e-10,1.6380887583377029e-18,1.6874245252439834e-18,7.207240294293086e-12,8.492873062447292e-12,4.736781966554908e-12,1.011003201350855e-11,1.5512729959505266e-15,2.9682736734567717e-15,1.3159676473133587e-08,2.6155846693524978e-08,3.030011260735459e-19,9.1436440473995e-19,0.006327133460152111,0.013035386661204906,3.403622751251985e-31,1.0000000000000915e-30,6.871796281112869e-10,2.2285435171061973e-09,3.438074041011903e-11,1.0883779528664161e-10
1.213,1368.8090978902073,5.079593726373104,0.1726312614640963,8.586127875233343,0.49185043915331356,0.07292362846831317,8.24589542975273e-06,6.11284007129262e-07,2.0269503003895824e-12,2.384957350464621e-12,3.762438038296346e-13,8.853946002896952e-13,1.4797452923134477e-07,1.8507994304306354e-07,0.19993670515064538,0.2648936062536604,2.8532311635867673e-15,6.925873144217525e-15,3.8365754992790246e-13,9.597235126551271e-13,2.1003487172300656e-12,2.1667104671269313e-12,4.361568104813009e-06,4.8227057974941575e-06,0.012815672451728983,0.015120691785712306,0.2562439962512699,0.5278511670102385,0.032784298186299125,0.10610896295273764,1.033171690576963e-07,2.2048784492607462e-07,2.742857169233431e-06,6.056829544531418e-06,1.1468705524929112e-06,2.7025808576649633e-06,2.3160123728950027e-05,4.778376285024687e-05,6.114960471291819e-09,1.3069646190495932e-08,1.868646709153772e-06,4.1324281089452984e-06,4.108696933817904e-11,1.23976599038833e-10,1.637431010425214e-18,1.686758153523602e-18,7.203321094436012e-12,8.488311045269571e-12,4.733767697993235e-12,1.0103665462626929e-11,1.5500238105188573e-15,2.965903096499381e-15,1.3159593074022222e-08,2.6155854390744778e-08,3.02758870824505e-19,9.136394117816498e-19,0.006327091500154265,0.013035386661211052,3.403600179258788e-31,1.0000000000000936e-30,6.863762197114099e-10,2.2259528022766134e-09,3.435089872656651e-11,1.0874404777400207e-10
1.214,1368.7511703921941,5.079739302160507,0.1726263141763866,8.591920734825875,0.4918583463542341,0.07292528369999839,8.241179982399867e-06,6.1093848736525e-07,2.0242252257263173e-12,2.3817667346183855e-12,3.7572382035575717e-13,8.841768053809133e-13,1.478592182232738e-07,1.8493694174859997e-07,0.19993081674533558,0.2648875587514172,2.849253178974354e-15,6.9162628647891016e-15,3.832744669852914e-13,9.587715751012596e-13,2.0970100787121877e-12,2.1632806666791713e-12,4.35786651136165e-06,4.818644750810268e-06,0.01281231994942919,0.01511683640149315,0.25624438549091816,0.5278554640580001,0.03278532074876033,0.10611297519108569,1.0327829655581628e-07,2.2040634705443413e-07,2.742930460898835e-06,6.057031495639045e-06,1.1461657492778254e-06,2.700937885380462e-06,2.313448743829132e-05,4.7731186336998593e-05,6.107258454120342e-09,1.3053270924517178e-08,1.8672942685302236e-06,4.129464590901304e-06,4.103538781135344e-11,1.2382177585783628e-10,1.636773435066667e-18,1.6860919334690327e-18,7.199406028133454e-12,8.483753751758562e-12,4.730756639036733e-12,1.0097305574571692e-11,1.5487761868844844e-15,2.9635354462330843e-15,1.3159509805472601e-08,2.6155862079994147e-08,3.0251689969724986e-19,9.129152572717719e-19,0.006327049604882814,0.0130353866612172,3.4035776420845533e-31,1.0000000000000954e-30,6.855745652281807e-10,2.2233677184174465e-09,3.432110508635616e-11,1.0865044999740769e-10
1.215,1368.6932719153679,5.079884850285486,0.17262136811223536,8.597713760399335,0.4918662434249182,0.07292693670717519,8.236469190574127e-06,6.10593301919983e-07,2.021505049388144e-12,2.378581815797219e-12,3.752048047275544e-13,8.82961262941025e-13,1.4774405059703189e-07,1.8479411601186095e-07,0.1999249353715743,0.26488151778122193,2.845282622535649e-15,6.906670418814183e-15,3.8289195188104366e-13,9.578210356354602e-13,2.0936786603650235e-12,2.159858247155842e-12,4.35417062983262e-06,4.814589917109018e-06,0.01280897259833703,0.015112986889718993,0.25624477207475094,0.527859750303173,0.03278634378587767,0.10611698793557493,1.0323945349109903e-07,2.2032490867664747e-07,2.7430036664850943e-06,6.05723319750286e-06,1.1454619711058398e-06,2.699297279310804e-06,2.310890129963761e-05,4.767871211528776e-05,6.099572232029402e-09,1.3036929068227834e-08,1.865944231226908e-06,4.126506306390735e-06,4.098390259947104e-11,1.2366723999041407e-10,1.6361160322263722e-18,1.6854258651038008e-18,7.195495085493509e-12,8.479201170676591e-12,4.727748783091392e-12,1.009095233581657e-11,1.54753012164745e-15,2.9611707163476354e-15,1.3159426667206869e-08,2.6155869761291962e-08,3.0227521206841827e-19,9.121919393879763e-19,0.006327007774199473,0.0130353866612233,3.4035551396548972e-31,1.0000000000000948e-30,6.847746591820076e-10,2.220788247997595e-09,3.429135936427964e-11,1.0855700156870265e-10
1.216,1368.635402398364,5.080030370816566,0.1726164232691282,8.603506951922258,0.49187413038697575,0.07292858749454194,8.231763045034614e-06,6.102484501389014e-07,2.0187897587493236e-12,2.3754025794073823e-12,3.7468675436807296e-13,8.817479670068184e-13,1.4762902603948388e-07,1.8465146545306286e-07,0.19991906101432586,0.2648754833292399,2.8413194745111728e-15,6.897095759125849e-15,3.8251000327220397e-13,9.568718909759361e-13,2.0903544407451095e-12,2.1564431867337192e-12,4.350480446045254e-06,4.810541281062378e-06,0.01280563038751659,0.01510914323805034,0.25624515600844744,0.5278640257686127,0.032787367296645886,0.10612100118515125,1.0320063980852912e-07,2.2024352968377768e-07,2.74307678617293e-06,6.057434650642807e-06,1.1447592155128954e-06,2.69765903380532e-06,2.308336516929264e-05,4.762633989330932e-05,6.091901758448791e-09,1.30206205235372e-08,1.8645965909388818e-06,4.123553241754471e-06,4.093251343929269e-11,1.235129906553707e-10,1.6354588018264946e-18,1.6847599484078427e-18,7.1915882579541274e-12,8.474653292351598e-12,4.724744123630847e-12,1.0084605732977731e-11,1.5462856114340658e-15,2.9588089005823165e-15,1.315934365894673e-08,2.615587743465462e-08,3.020338073868655e-19,9.114694565256407e-19,0.006326966007966402,0.013035386661229395,3.4035326718956725e-31,1.000000000000096e-30,6.839764961980524e-10,2.218214373824512e-09,3.42616614362075e-11,1.0846370210311218e-10
1.217,1368.5775617806262,5.080175863820158,0.17261147964462306,8.60930030936325,0.49188200726275366,0.07293023606690194,8.227061536423551e-06,6.099039313586739e-07,2.016079341148862e-12,2.3722290108124862e-12,3.7416966670961934e-13,8.805369116364143e-13,1.4751414423552082e-07,1.8450898968990814e-07,0.19991319365779764,0.26486945538061474,2.8373637151809266e-15,6.887538838649398e-15,3.821286198025735e-13,9.559241378074476e-13,2.08703739841376e-12,2.1530354635930433e-12,4.346795945784937e-06,4.806498827303324e-06,0.012802293306070066,0.015105305434190646,0.25624553729686966,0.5278682904754587,0.03278839128086472,0.10612501494135937,1.0316185545089275e-07,2.2016220996216828e-07,2.7431498201371883e-06,6.057635855565518e-06,1.1440574799739441e-06,2.6960231430690017e-06,2.3057878900712462e-05,4.7574069373361164e-05,6.084246986089117e-09,1.3004345190810509e-08,1.8632513411909373e-06,4.120605382955642e-06,4.0881220067702644e-11,1.2335902707182294e-10,1.634801743847471e-18,1.6840941834209455e-18,7.1876855356689375e-12,8.470110105596547e-12,4.721742654069002e-12,1.0078265752541887e-11,1.5450426528554198e-15,2.9564499926465378e-15,1.3159260780415972e-08,2.6155885100100957e-08,3.017926849999167e-19,9.107478067735286e-19,0.006326924306046131,0.013035386661235457,3.4035102387329326e-31,1.000000000000097e-30,6.831800708008493e-10,2.2156460783781356e-09,3.4232011177498915e-11,1.0837055121420823e-10
1.218,1368.519750001014,5.080321329364798,0.17260653723620636,8.615093832691,0.49188987407359275,0.07293188242890543,8.222364655683786e-06,6.095597449381514e-07,2.0133737841136907e-12,2.36906109559612e-12,3.736535391983093e-13,8.793280909199807e-13,1.4739940487636267e-07,1.8436668834797133e-07,0.1999073332871875,0.26486343392178563,2.833415324989379e-15,6.877999610705802e-15,3.8174780015086076e-13,9.549777729017677e-13,2.0837275121585184e-12,2.1496350561459936e-12,4.34311711503347e-06,4.80246254068061e-06,0.01279896134311997,0.015101473465865434,0.2562459159458116,0.5278725444467408,0.032789415737387084,0.10612902920267353,1.031231003651989e-07,2.2008094940714822e-07,2.7432227685590213e-06,6.057836812791232e-06,1.1433567620867775e-06,2.6943896015957266e-06,2.303244235361004e-05,4.752190027062937e-05,6.076607869363271e-09,1.2988102974044603e-08,1.8619084758527098e-06,4.117662716718824e-06,4.0830022224032113e-11,1.2320534846621283e-10,1.6341448581815946e-18,1.6834285700919302e-18,7.18378691025688e-12,8.4655716009497e-12,4.718744367992273e-12,1.0071932381362052e-11,1.5438012425830477e-15,2.9540939863646543e-15,1.3159178031337724e-08,2.6155892757646948e-08,3.0155184441888304e-19,9.100269887150661e-19,0.006326882668301615,0.013035386661241542,3.4034878400929324e-31,1.0000000000000964e-30,6.823853777410255e-10,2.2130833448705035e-09,3.4202408465577635e-11,1.0827754852206489e-10
1.219,1368.461966997676,5.080466767521636,0.17260159604127637,8.620887521874273,0.49189773083955374,0.07293352658500803,8.217672393795972e-06,6.092158902388777e-07,2.010673075233512e-12,2.3658988194145663e-12,3.731383692806351e-13,8.781214989481125e-13,1.4728480765503424e-07,1.8422456105503855e-07,0.19990147988895768,0.2648574189408466,2.8294742843855947e-15,6.86847802862357e-15,3.8136754300758694e-13,9.540327930599e-13,2.08042476086094e-12,2.1462419429002715e-12,4.339443939836377e-06,4.7984324061119825e-06,0.012795634487821696,0.015097647320836936,0.25624629196225734,0.5278767877079042,0.03279044066385829,0.10613304396365197,1.0308437449952968e-07,2.199997479163075e-07,2.743295631625963e-06,6.058037522853897e-06,1.1426570594916694e-06,2.69275840397886e-06,2.3007055389732855e-05,4.7469832304476196e-05,6.06898436324303e-09,1.2971893778424e-08,1.860567988903966e-06,4.114725230010932e-06,4.077891964879278e-11,1.2305195406848446e-10,1.6334881446790415e-18,1.68276310832604e-18,7.17989237585367e-12,8.461037771913635e-12,4.715749259009018e-12,1.0065605606336065e-11,1.5425613772995935e-15,2.9517408755815214e-15,1.3159095411433584e-08,2.615590040730365e-08,3.013112852170159e-19,9.093070011203883e-19,0.006326841094596232,0.013035386661247657,3.4034654759021866e-31,1.0000000000000976e-30,6.815924118460565e-10,2.2105261567617232e-09,3.41728531786849e-11,1.0818469364930952e-10
1.22,1368.404212712002,5.08061217835216,0.17259665605756,8.626681376881907,0.49190557758459486,0.07293516854023858,8.212984741096405e-06,6.088723665745172e-07,2.0079772017696912e-12,2.3627421675366027e-12,3.726241544135435e-13,8.769171298355512e-13,1.4717035225156007e-07,1.840826074225895e-07,0.19989563344563208,0.2648514104206541,2.825540573754242e-15,6.858974045571287e-15,3.809878469841957e-13,9.530891948847103e-13,2.0771291231210006e-12,2.142856102071639e-12,4.335776405905653e-06,4.794408408144925e-06,0.012792312729390696,0.015093826986936185,0.2562466653492078,0.5278810202761538,0.03279146606190221,0.1061370592317233,1.0304567779104804e-07,2.1991860536390398e-07,2.7433684094992822e-06,6.0582379862290845e-06,1.141958369511661e-06,2.691129544063566e-06,2.298171785545665e-05,4.741786516252627e-05,6.061376418665335e-09,1.2955717500502292e-08,1.8592298734425724e-06,4.111792907847315e-06,4.072791207953467e-11,1.2289884309958585e-10,1.6328316034642254e-18,1.6820977983108453e-18,7.1760019198552504e-12,8.45650860404706e-12,4.712757320375867e-12,1.0059285413609008e-11,1.5413230535777899e-15,2.949390653930929e-15,1.3159012920432668e-08,2.615590804909526e-08,3.010710064898603e-19,9.085878413177747e-19,0.006326799584793753,0.013035386661253716,3.4034431460874177e-31,1.000000000000095e-30,6.80801167391823e-10,2.2079744957218256e-09,3.414334519103483e-11,1.0809198620578579e-10
1.221,1368.34648708032,5.080757561933849,0.1725917172822417,8.632475397682828,0.49191341432585106,0.07293680829861068,8.208301689160107e-06,6.085291733504682e-07,2.0052861516933135e-12,2.359591126064996e-12,3.7211089206383375e-13,8.75714977719785e-13,1.4705603837196353e-07,1.8394082709458097e-07,0.19988979394657289,0.26484540835310927,2.821614173815267e-15,6.849487615527943e-15,3.8060871084499445e-13,9.521469753611683e-13,2.0738405782724884e-12,2.139477512631476e-12,4.3321144996840415e-06,4.790390532133591e-06,0.012788996057025857,0.015090012451972867,0.2562470361164146,0.5278852421825742,0.03279249192636183,0.10614107499236287,1.030070101967814e-07,2.1983752166656477e-07,2.743441102383868e-06,6.05843820348841e-06,1.141260690053675e-06,2.689503017070402e-06,2.2956429625903526e-05,4.736599859169527e-05,6.053783994218434e-09,1.2939574053180428e-08,1.8578941241904728e-06,4.108865738833905e-06,4.067699926174626e-11,1.2274601480436227e-10,1.6321752341820547e-18,1.6814326397397873e-18,7.172115541177817e-12,8.451984096483229e-12,4.709768546039997e-12,1.0052971790798092e-11,1.5400862682187276e-15,2.94704331548294e-15,1.3158930558053433e-08,2.6155915683023376e-08,3.008310081848164e-19,9.078695092060642e-19,0.006326758138758366,0.013035386661259788,3.4034208505755764e-31,1.0000000000000968e-30,6.800116396902186e-10,2.205428346779704e-09,3.411388438520349e-11,1.0799942582777714e-10
1.222,1368.2887900462983,5.0809029183218275,0.1725867797132658,8.638269584246025,0.49192124108971724,0.07293844586550628,8.203623228342085e-06,6.081863098815746e-07,2.002599912307301e-12,2.3564456803151545e-12,3.7159857972512106e-13,8.745150368009585e-13,1.4694186569634513e-07,1.8379921968249994e-07,0.19988396137182862,0.2648394127177536,2.817695065226181e-15,6.840018692317409e-15,3.8023013319341497e-13,9.512061310714794e-13,2.0705591050456457e-12,2.136106152927081e-12,4.328458206936874e-06,4.78637876268163e-06,0.012785684460007978,0.015086203703851263,0.2562474042642939,0.5278894534389836,0.03279351826142299,0.1061450912612793,1.0296837165206173e-07,2.1975649669458607e-07,2.74351371042522e-06,6.0586381750719665e-06,1.1405640183778454e-06,2.6878788166950955e-06,2.293119054501707e-05,4.731423227454733e-05,6.046207040297705e-09,1.2923463331840958e-08,1.8565607340840604e-06,4.1059437076265894e-06,4.06261809343261e-11,1.2259346840771484e-10,1.6315190370534047e-18,1.6807676328994697e-18,7.168233222366318e-12,8.447464229061284e-12,4.7067829292858e-12,1.0046664724103848e-11,1.5388510178129184e-15,2.944698853903923e-15,1.3158848324031564e-08,2.615592330912203e-08,3.005912892452197e-19,9.071520016537593e-19,0.006326716756354664,0.013035386661265864,3.403398589293806e-31,1.0000000000000978e-30,6.792238229294385e-10,2.2028876913187305e-09,3.4084470635390434e-11,1.0790701212501414e-10
1.223,1368.2311215481727,5.081048247588387,0.172581843347994,8.644063936540569,0.4919290578951922,0.07294008124520686,8.198949349774152e-06,6.078437755401675e-07,1.9999184714045704e-12,2.3533058161779328e-12,3.7108721487588385e-13,8.733173012431551e-13,1.4682783392280232e-07,1.8365778482030128e-07,0.1998781357088465,0.26483342350391487,2.8137832286894133e-15,6.830567229869123e-15,3.7985211274573166e-13,9.502666588798358e-13,2.0672846826710904e-12,2.1327420018205567e-12,4.324807513925222e-06,4.782373084939482e-06,0.012782377927616126,0.015082400730471755,0.25624776980057334,0.5278936540722335,0.03279454506393207,0.10614910803041949,1.0292976210664155e-07,2.1967553034901437e-07,2.7435862338135923e-06,6.058837901518376e-06,1.1398683521901393e-06,2.6862569376834395e-06,2.2906000478228653e-05,4.72625659379614e-05,6.03864551298343e-09,1.2907385244010879e-08,1.8552296972797268e-06,4.103026801578201e-06,4.0575456841859085e-11,1.2244120315164642e-10,1.6308630118954209e-18,1.6801027776604216e-18,7.16435495874102e-12,8.442948996673957e-12,4.703800463821111e-12,1.0040364200628766e-11,1.53761729909201e-15,2.9423572631296136e-15,1.3158766218090679e-08,2.615593092739975e-08,3.0035184933358014e-19,9.06435317699522e-19,0.0063266754374475915,0.013035386661271924,3.4033763621694586e-31,1.0000000000000976e-30,6.784377120774612e-10,2.200352513250152e-09,3.405510382197106e-11,1.078147447267462e-10
1.224,1368.1734815268123,5.081193549797975,0.1725769081840552,8.649858454535604,0.4919368647644934,0.0729417144424673,8.194280044467694e-06,6.075015696895496e-07,1.9972418167126527e-12,2.35017151946614e-12,3.705767950225504e-13,8.721217652757972e-13,1.4671394274614632e-07,1.835165221377865e-07,0.19987231694183488,0.26482744069661285,2.8098786450897847e-15,6.8211331825518316e-15,3.7947464819157594e-13,9.49328555583478e-13,2.0640172903668476e-12,2.129385038159617e-12,4.321162406852442e-06,4.7783734839923934e-06,0.012779076449167944,0.015078603519778378,0.2562481327296945,0.5278978441023764,0.032795572334012174,0.10615312530233038,1.0289118150642329e-07,2.1959462252265343e-07,2.7436586727194737e-06,6.059037383322298e-06,1.1391736890708175e-06,2.684637374484411e-06,2.2880859285334118e-05,4.7210999297168096e-05,6.031099366930418e-09,1.2891339694163751e-08,1.8539010075993784e-06,4.100115007300698e-06,4.052482672866528e-11,1.2228921827730382e-10,1.6302071586673389e-18,1.6794380740393852e-18,7.1604807399259586e-12,8.43843838749984e-12,4.700821143300244e-12,1.0034070207359257e-11,1.536385108774588e-15,2.9400185370700466e-15,1.3158684239960954e-08,2.6155938537876595e-08,3.001126878533518e-19,9.057194556000132e-19,0.006326634181902502,0.013035386661278013,3.4033541691301e-31,1.0000000000000992e-30,6.776533018974701e-10,2.1978227958199146e-09,3.40257838241193e-11,1.0772262325838634e-10
1.225,1368.1158699211146,5.08133882502161,0.17257197421885548,8.655653138200355,0.49194466171683343,0.07294334546159127,8.189615303355092e-06,6.071596916870496e-07,1.9945699359832105e-12,2.347042776019809e-12,3.70067317653303e-13,8.70928423084909e-13,1.4660019186173006e-07,1.833754312653875e-07,0.1998665050579789,0.26482146428478825,2.805981295149098e-15,6.811716504334933e-15,3.790977382305282e-13,9.483918180042102e-13,2.0607569073934336e-12,2.1260352408343644e-12,4.317522871939865e-06,4.7743799449439975e-06,0.012775780014018126,0.01507481205975663,0.2562484930590021,0.5279020235554035,0.03279660006886859,0.10615714307010603,1.0285262979803988e-07,2.1951377310983435e-07,2.7437310273289593e-06,6.059236621012407e-06,1.1384800266482582e-06,2.6830201216597383e-06,2.285576682806442e-05,4.715953207136909e-05,6.0235685572938285e-09,1.287532658783575e-08,1.8525746589754595e-06,4.09720831164926e-06,4.0474290339889624e-11,1.2213751302826325e-10,1.6295514772520793e-18,1.6787735219742784e-18,7.156610561376977e-12,8.433932396588523e-12,4.6978449613258585e-12,1.0027782731169359e-11,1.5351544435663592e-15,2.93768266960984e-15,1.31586023893677e-08,2.6155946140560775e-08,2.9987380432933323e-19,9.050044139778738e-19,0.0063265929895852165,0.013035386661284069,3.4033320101035556e-31,1.0000000000000992e-30,6.768705872296155e-10,2.1952985225224282e-09,3.399651052169502e-11,1.0763064734748385e-10
1.226,1368.05828667483,5.081484073315495,0.1725670414503048,8.661447987504113,0.49195244877763056,0.07294497430780043,8.184955117221171e-06,6.06818140878971e-07,1.9919028168565842e-12,2.3439195715469335e-12,3.695587803059938e-13,8.697372689729966e-13,1.4648658095965854e-07,1.8323451182693364e-07,0.19986070003824108,0.26481549424912654,2.802091159932371e-15,6.802317150017733e-15,3.78721381517353e-13,9.474564428514438e-13,2.0575035129681463e-12,2.1226925886889772e-12,4.3138888953098755e-06,4.770392452787251e-06,0.012772488611558191,0.015071026338433992,0.25624885078958465,0.5279061924444006,0.03279762827195537,0.10616116134706333,1.0281410692196566e-07,2.1943298199172382e-07,2.7438032977911587e-06,6.059435615035527e-06,1.1377873623389841e-06,2.6814051732713626e-06,2.2830722958750286e-05,4.710816396035072e-05,6.016053036845961e-09,1.2859345825463464e-08,1.8512506447836434e-06,4.094306700246652e-06,4.042384741984099e-11,1.2198608664552445e-10,1.6288959677817469e-18,1.6781091216596066e-18,7.152744406667878e-12,8.42943100498567e-12,4.694871911441996e-12,1.0021501758806382e-11,1.533925300158632e-15,2.935349654605427e-15,1.3158520666048665e-08,2.615595373548433e-08,2.996351978869788e-19,9.042901902503593e-19,0.006326551860361814,0.013035386661290109,3.4033098850177807e-31,1.0000000000000982e-30,6.760895625693669e-10,2.192779675733142e-09,3.396728379240628e-11,1.0753881661474559e-10
1.227,1368.000731725719,5.081629294754815,0.17256210987566897,8.667243002416255,0.4919602259640995,0.07294660098509455,8.180299477457415e-06,6.06476916656479e-07,1.9892404473871416e-12,2.340801892241545e-12,3.690511804897483e-13,8.685482971745076e-13,1.4637310974537458e-07,1.8309376346539275e-07,0.1998549018717814,0.26480953058115175,2.79820822040865e-15,6.792935074163e-15,3.7834557680778936e-13,9.465224270868782e-13,2.0542570867241883e-12,2.1193570609952844e-12,4.31026046349939e-06,4.766410992972035e-06,0.012769202231185599,0.015067246343842728,0.25624920593064154,0.5279103507991221,0.03279865693859289,0.1061651801201834,1.0277561283149462e-07,2.193522490768177e-07,2.743875484303945e-06,6.059634365945727e-06,1.1370956939693467e-06,2.679792524346421e-06,2.2805727549145745e-05,4.7056894703954985e-05,6.008552763468059e-09,1.2843397318397022e-08,1.8499289595088527e-06,4.09141016116766e-06,4.037349771776592e-11,1.2183493838492827e-10,1.6282406299929516e-18,1.6774448728822323e-18,7.1488822740594e-12,8.424934211043604e-12,4.6919019875154735e-12,1.0015227277704535e-11,1.5326976753510209e-15,2.933019486119733e-15,1.3158439069727958e-08,2.6155961322650034e-08,2.993968683314815e-19,9.035767838859184e-19,0.006326510794098889,0.013035386661296153,3.4032877938010135e-31,1.000000000000098e-30,6.753102231199515e-10,2.1902662401218354e-09,3.3938103519486173e-11,1.0744713069833544e-10
1.228,1367.9432050142586,5.0817744894066985,0.17255717949248806,8.67303818290623,0.49196799329673074,0.072948225497955,8.175648375210123e-06,6.061360183924599e-07,1.9865828155023298e-12,2.3376897241472282e-12,3.6854451573662697e-13,8.67361501977433e-13,1.4625977791877468e-07,1.8295318581675252e-07,0.19984911054445648,0.2648035732679939,2.7943324576637203e-15,6.783570231613474e-15,3.7797032281898154e-13,9.455897675753614e-13,2.0510176082181142e-12,2.1160286369446628e-12,4.3066375629234235e-06,4.762435550812065e-06,0.012765920862344082,0.015063472064067818,0.25624955848801506,0.5279144986423748,0.03279968606744786,0.10616919938727262,1.0273714747443352e-07,2.192715742618746e-07,2.7439475870441906e-06,6.05983287425037e-06,1.136405019197014e-06,2.678182169513947e-06,2.2780780463161846e-05,4.700572402582091e-05,6.001067693024042e-09,1.2827480973668094e-08,1.8486095971775152e-06,4.088518681471925e-06,4.032324098201688e-11,1.2168406749956143e-10,1.627585463792534e-18,1.6767807756042215e-18,7.1450241564288535e-12,8.42044200676906e-12,4.6889351832885295e-12,1.000895927503026e-11,1.5314715659068243e-15,2.9306921581454853e-15,1.3158357600135887e-08,2.6155968902071423e-08,2.991588151479787e-19,9.028641933868925e-19,0.0063264697906634,0.013035386661302169,3.4032657363816876e-31,1.0000000000000976e-30,6.745325638015532e-10,2.187758199439207e-09,3.3908969584322435e-11,1.0735558923054247e-10
1.229,1367.8857064837898,5.081919657329734,0.1725522502985927,8.678833528943558,0.4919757507994397,0.07294984785136707,8.171001801127473e-06,6.057954454227688e-07,1.9839299088795217e-12,2.334583053012202e-12,3.6803878359148686e-13,8.661768776994514e-13,1.4614658516964754e-07,1.828127785043145e-07,0.19984332603866767,0.26479762229218756,2.7904638527696367e-15,6.7742225771751745e-15,3.77595618205477e-13,9.446584610248414e-13,2.0477850568016167e-12,2.112707295515763e-12,4.30302017974216e-06,4.758466111337892e-06,0.012762644494528505,0.015059703487252716,0.25624990846404583,0.5279186359897222,0.03280071566068146,0.10617321915744267,1.0269871078983049e-07,2.1919095742493337e-07,2.74401960616589e-06,6.060031140405978e-06,1.135715335423299e-06,2.6765741027982407e-06,2.2755881552393412e-05,4.695465162415395e-05,5.9935977781621686e-09,1.2811596691428293e-08,1.8472925511045102e-06,4.08563224664424e-06,4.027307695876476e-11,1.215334732358713e-10,1.6269304693153534e-18,1.6761168300223844e-18,7.1411700402777246e-12,8.41595437665341e-12,4.685971492233817e-12,1.0002697737372685e-11,1.5302469685063078e-15,2.9283676645158216e-15,1.31582762570099e-08,2.6155976473774633e-08,2.989210374512797e-19,9.021524161377595e-19,0.006326428849922714,0.013035386661308193,3.40324371268845e-31,1.0000000000000976e-30,6.73756579092582e-10,2.1852555360020243e-09,3.3879881865148144e-11,1.0726419183363587e-10
1.23,1367.8282360739272,5.082064798594345,0.17254732229141204,8.684629040497839,0.49198349849109996,0.07295146804956511,8.16635974685117e-06,6.054551971568259e-07,1.9812817157609887e-12,2.331481865248359e-12,3.675339816116171e-13,8.649944186870805e-13,1.4603353120841485e-07,1.8267254117714912e-07,0.19983754834186554,0.264791677642943,2.7866023870997607e-15,6.764892066382272e-15,3.7722146174181063e-13,9.43728504443158e-13,2.0445594124176947e-12,2.1093930162959398e-12,4.299408300700642e-06,4.7545026602255165e-06,0.012759373117222845,0.0150559406015263,0.2562502558660542,0.5279227628669618,0.03280174571545302,0.10617723942360965,1.0266030273237137e-07,2.191103984773845e-07,2.7440915418557598e-06,6.060229164941081e-06,1.135026640506032e-06,2.6749683192989397e-06,2.2731030690962033e-05,4.6903677243621495e-05,5.9861429775271454e-09,1.279574438464053e-08,1.8459778158786327e-06,4.0827508449857965e-06,4.022300540056678e-11,1.21383154859523e-10,1.6262756463272994e-18,1.6754530359532632e-18,7.137319920249421e-12,8.411471314781974e-12,4.683010908379745e-12,9.996442652505515e-12,1.5290238800138294e-15,2.9260459994154992e-15,1.3158195040079962e-08,2.6155984037769647e-08,2.9868353501992375e-19,9.014414515259457e-19,0.006326387971744504,0.013035386661314237,3.403221722650116e-31,1.0000000000000992e-30,6.729822642818395e-10,2.1827582347543916e-09,3.385084024679288e-11,1.0717293815073821e-10
1.231,1367.7707937275509,5.082209913261268,0.17254239546870498,8.69042471753874,0.4919912363944325,0.07295308609734871,8.16172220309741e-06,6.05115272935323e-07,1.97863822392728e-12,2.3283861467231346e-12,3.670301073517584e-13,8.638141192804e-13,1.4592061572757074e-07,1.825324734618561e-07,0.19983177743760805,0.2647857393042908,2.7827480418048614e-15,6.75557865422508e-15,3.768478520981175e-13,9.427998945766547e-13,2.041340654586867e-12,2.1060857784352826e-12,4.2958019120663055e-06,4.750545182621347e-06,0.012756106719981081,0.015052183395097929,0.2562506006974215,0.5279268792917361,0.03280277623285849,0.10618126019142424,1.0262192324229627e-07,2.1902989729975696e-07,2.744163394272994e-06,6.060426948322992e-06,1.134338931894103e-06,2.6733648131513e-06,2.270622773290782e-05,4.685280058743375e-05,5.978703244469782e-09,1.2779923954945151e-08,1.844665384939715e-06,4.079874462255445e-06,4.0173026055624714e-11,1.2123311162298043e-10,1.6256209949253094e-18,1.6747893935542588e-18,7.133473784893776e-12,8.406992808057178e-12,4.6800534252419855e-12,9.990194007105937e-12,1.5278022971315531e-15,2.923727156718149e-15,1.3158113949083145e-08,2.6155991594078512e-08,2.9844630702592793e-19,9.00731297108159e-19,0.006326347155996907,0.013035386661320255,3.403199766195748e-31,1.000000000000098e-30,6.722096139406935e-10,2.180266278312379e-09,3.382184460867773e-11,1.0708182780781463e-10
1.232,1367.7133793854673,5.082355001397954,0.17253746982800278,8.696220560036007,0.4919989645292525,0.0729547019990831,8.157089161174719e-06,6.047756721427713e-07,1.9759994215055688e-12,2.325295883710793e-12,3.665271583779816e-13,8.626359738457367e-13,1.4580783843202767e-07,1.8239257500052824e-07,0.19982601331235703,0.2647798072640941,2.7789007982432814e-15,6.746282296194526e-15,3.76474788016094e-13,9.418726283504167e-13,2.0381287632066594e-12,2.1027855614715027e-12,4.292201000466515e-06,4.746593664068507e-06,0.012752845292364234,0.015048431856183509,0.25625094296436496,0.5279309852875036,0.032803807211137175,0.10618528145728506,1.0258357226901499e-07,2.18949453792126e-07,2.744235163595376e-06,6.060624491059803e-06,1.1336522073051496e-06,2.671763579123394e-06,2.26814725455891e-05,4.6802021386262156e-05,5.971278535899694e-09,1.2764135311583335e-08,1.8433552524777375e-06,4.077003085870042e-06,4.0123138676230524e-11,1.2108334279099628e-10,1.6249665149924575e-18,1.6741259027622912e-18,7.129631627490658e-12,8.402518848954526e-12,4.677099036669298e-12,9.983951788560403e-12,1.5265822166734393e-15,2.9214111305106708e-15,1.3158032983752515e-08,2.615599914271393e-08,2.9820935303358153e-19,9.000219516248005e-19,0.006326306402548429,0.01303538666132626,3.403177843254614e-31,1.0000000000000959e-30,6.714386231201897e-10,2.1777796508467788e-09,3.3792894834231207e-11,1.069908604434867e-10
1.233,1367.6559929885916,5.08250006307183,0.1725325453668382,8.702016567959461,0.4920066829152631,0.07295631575911342,8.15246061260897e-06,6.044363941797018e-07,1.973365296756898e-12,2.322211062642076e-12,3.6602513227302393e-13,8.614599767882273e-13,1.4569519903107337e-07,1.8225284544069108e-07,0.19982025595267564,0.2647738815103354,2.775060637941057e-15,6.737002948185364e-15,3.7610226825953277e-13,9.40946702744526e-13,2.0349237183473447e-12,2.0994923451192136e-12,4.288605552672409e-06,4.7426480902678105e-06,0.012749588823956668,0.015044685973024758,0.2562512826731407,0.5279350808777773,0.032804838648472306,0.10618930321740387,1.0254524976453436e-07,2.1886906786008597e-07,2.7443068500014e-06,6.060821793660901e-06,1.1329664645286702e-06,2.670164612152116e-06,2.265676500016368e-05,4.675133937859892e-05,5.9638688097763054e-09,1.2748378366034139e-08,1.8420474128889458e-06,4.074136703701574e-06,4.00733430165234e-11,1.2093384763384397e-10,1.624312206371474e-18,1.6734625634725616e-18,7.125793441367797e-12,8.398049430004658e-12,4.6741477366386785e-12,9.977715984527345e-12,1.5253636354991266e-15,2.9190979149667156e-15,1.315795214382185e-08,2.615600668368866e-08,2.9797267267602614e-19,8.993134140238887e-19,0.006326265711267914,0.013035386661332296,3.4031559537561672e-31,1.0000000000000983e-30,6.706692870076893e-10,2.175298336969477e-09,3.3763990808261335e-11,1.0690003570071281e-10
1.234,1367.5986344804946,5.082645098342536,0.17252762208300887,8.707812741278994,0.4920143915752358,0.07295792738223432,8.147836548055943e-06,6.040974383820241e-07,1.9707358375171064e-12,2.3191316694462405e-12,3.6552402661331046e-13,8.602861224977147e-13,1.4558269721742857e-07,1.8211328440910083e-07,0.19981450534201114,0.26476796202684566,2.771227542185521e-15,6.7277405655093965e-15,3.7573029149719685e-13,9.400221145010047e-13,2.0317254996895844e-12,2.096206108689675e-12,4.285015555012556e-06,4.7387084464292166e-06,0.012746337304409619,0.015040945733940155,0.2562516198268461,0.5279391660795213,0.032805870546205707,0.10619332547820848,1.0250695566763103e-07,2.187887393809628e-07,2.7443784536467863e-06,6.061018856584936e-06,1.1322817009841274e-06,2.668567906301642e-06,2.2632104949546974e-05,4.670075426527307e-05,5.956474019248593e-09,1.273265301948724e-08,1.8407418595255542e-06,4.071275301311715e-06,4.002363882666922e-11,1.2078462540974898e-10,1.6236580691976134e-18,1.6727993758814486e-18,7.1219592149240706e-12,8.393584537927807e-12,4.671199518643409e-12,9.971486581630618e-12,1.5241465503154394e-15,2.9167875039667487e-15,1.3157871429030752e-08,2.6156014217024943e-08,2.9773626506572805e-19,8.986056816817728e-19,0.006326225082024668,0.013035386661338298,3.4031340976300963e-31,1.000000000000099e-30,6.699016001403742e-10,2.1728223191824146e-09,3.3735132410658545e-11,1.0680935320684785e-10
1.235,1367.5413038008924,5.082790107281906,0.17252269997389907,8.713609079964577,0.4920220905267436,0.07295953687246665,8.14321695941096e-06,6.037588041774583e-07,1.9681110323044357e-12,2.316057690854548e-12,3.6502383899724173e-13,8.591144054153562e-13,1.454703327088968e-07,1.8197389156385124e-07,0.19980876146902654,0.2647620488043539,2.767401492689753e-15,6.7184951045088e-15,3.753588565410068e-13,9.390988607197551e-13,2.028534087625621e-12,2.0929268322270066e-12,4.28143099452708e-06,4.734774718548315e-06,0.012743090723355409,0.015037211127224212,0.25625195443371884,0.527943240920267,0.03280690290051199,0.10619734822939583,1.0246868993592422e-07,2.1870846827227676e-07,2.7444499747220343e-06,6.06121568036713e-06,1.1315979146322717e-06,2.66697345691133e-06,2.2607492273476318e-05,4.6650265802440634e-05,5.949094124605782e-09,1.2716959188389255e-08,1.839438587258026e-06,4.068418867619072e-06,3.9974025864431375e-11,1.20635675399812e-10,1.623004103181632e-18,1.6721363397478464e-18,7.118128944928711e-12,8.389124169307794e-12,4.668254376872625e-12,9.965263567977811e-12,1.522930958058656e-15,2.9144798918297025e-15,1.3157790839111237e-08,2.6156021742728727e-08,2.9750013008190386e-19,8.978987542887514e-19,0.006326184514688353,0.01303538666134434,3.403112274806278e-31,1.0000000000001012e-30,6.691355580172654e-10,2.1703515831062093e-09,3.370631952916199e-11,1.0671881261406653e-10
1.236,1367.4840008949677,5.082935089945205,0.17251777903745602,8.719405583986246,0.49202977979415297,0.0729611442348343,8.138601837373253e-06,6.034204909049427e-07,1.9654908690142364e-12,2.312989112864181e-12,3.6452456703112803e-13,8.579448200005059e-13,1.453581051990802e-07,1.8183466653271966e-07,0.19980302431554045,0.26475614182450175,2.763582470967876e-15,6.709266521039432e-15,3.7498796205840595e-13,9.381769381389245e-13,2.0253494619749206e-12,2.0896544951830384e-12,4.2778518576141255e-06,4.730846891909397e-06,0.012739849070505687,0.015033482141263169,0.2562522864951169,0.52794730541334,0.03280793571444566,0.10620137148292687,1.024304525072545e-07,2.1862825440930624e-07,2.7445214133721183e-06,6.061412265441821e-06,1.1309151028603373e-06,2.665381257968297e-06,2.2582926823818876e-05,4.659987368872846e-05,5.9417290788090365e-09,1.2701296773515908e-08,1.8381375893579497e-06,4.065567388004807e-06,3.992450388146603e-11,1.2048699686664851e-10,1.6223503085200319e-18,1.6714734553309259e-18,7.114302616569071e-12,8.38466830707718e-12,4.665312304858055e-12,9.959046930271314e-12,1.5217168554561825e-15,2.912175072474093e-15,1.3157710373807552e-08,2.6156029260828614e-08,2.9726426674051316e-19,8.971926289295004e-19,0.006326144009128969,0.013035386661350363,3.4030904852147903e-31,1.0000000000001027e-30,6.683711551386614e-10,2.167886111121062e-09,3.3677552043970985e-11,1.0662841355063969e-10
1.237,1367.426725702363,5.083080046405189,0.17251285927103385,8.72520225331412,0.49203745939435556,0.07296274947324898,8.133991173776347e-06,6.030824979874185e-07,1.9628753361972644e-12,2.309925922242547e-12,3.640262083211592e-13,8.567773607118221e-13,1.4524601440587632e-07,1.8169560897383467e-07,0.1997972938708589,0.2647502410788356,2.7597704587681253e-15,6.70005477152225e-15,3.746176068619774e-13,9.372563438594947e-13,2.0221716032261698e-12,2.0863890776987525e-12,4.274278131348025e-06,4.726924952543234e-06,0.012736612335556013,0.01502975876442247,0.25625261601980476,0.5279513595872962,0.03280896898362863,0.10620539522669697,1.0239224333847282e-07,2.1854809770788016e-07,2.7445927697892694e-06,6.061608612347405e-06,1.1302332636206012e-06,2.6637913047908167e-06,2.2558408479963717e-05,4.6549577679535004e-05,5.934378842104932e-09,1.268566569121023e-08,1.8368388606634289e-06,4.062720851313774e-06,3.9875072636801874e-11,1.2033858909506942e-10,1.6216966849294024e-18,1.670810722395259e-18,7.110480227712795e-12,8.380216949111624e-12,4.6623732967590255e-12,9.952836656551464e-12,1.5205042394422769e-15,2.9098730402136254e-15,1.315763003285212e-08,2.61560367713282e-08,2.970286749157828e-19,8.964873052788728e-19,0.00632610356521689,0.013035386661356329,3.403068728785903e-31,1.0000000000001013e-30,6.676083869961909e-10,2.1654258888215234e-09,3.3648829843203816e-11,1.0653815566987971e-10
1.238,1367.3694781676722,5.083224976719637,0.17250794067249553,8.730999087918379,0.49204512935039757,0.07296435259253048,8.129384959528074e-06,6.027448247790905e-07,1.9602644219191162e-12,2.306868105185054e-12,3.6352876048823e-13,8.556120220421539e-13,1.4513406002812153e-07,1.81556718521438e-07,0.19979157011808843,0.2647443465506686,2.7559654377496356e-15,6.6908598121586e-15,3.7424778964820914e-13,9.363370746916973e-13,2.0190004914345864e-12,2.083130559466575e-12,4.270709802305926e-06,4.72300888592942e-06,0.0127333805082722,0.015026040985148537,0.2562529430103105,0.5279554034578092,0.03281000270991833,0.10620941946877958,1.0235406237047763e-07,2.1846799804975134e-07,2.7446640441251294e-06,6.061804721532276e-06,1.129552394397875e-06,2.662203591594846e-06,2.2533937098749543e-05,4.649937748370636e-05,5.927043368830172e-09,1.2670065845175804e-08,1.8355423947144317e-06,4.059879243518507e-06,3.98257318847929e-11,1.201904513557236e-10,1.6210432325341825e-18,1.6701481411254404e-18,7.106661765844505e-12,8.375770081048317e-12,4.659437346229898e-12,9.946632733778785e-12,1.5192931067918994e-15,2.907573789056455e-15,1.3157549815988652e-08,2.615604427425178e-08,2.9679335374695644e-19,8.957827807932203e-19,0.00632606318282295,0.013035386661362279,3.4030470054501324e-31,1.0000000000001001e-30,6.668472482725449e-10,2.1629708991772708e-09,3.36201528089683e-11,1.0644803860603699e-10
1.239,1367.3122582326164,5.0833698809555266,0.1725030232393924,8.736796087769287,0.4920527896813538,0.07296595359690641,8.124783186248927e-06,6.024074706869097e-07,1.9576581146589193e-12,2.3038156483727258e-12,3.630322211615463e-13,8.544487985035086e-13,1.4502224177972261e-07,1.8141799482858427e-07,0.1997858530443079,0.2647384582285624,2.752167389780849e-15,6.681681599654788e-15,3.7387850920152877e-13,9.354191276655008e-13,2.0158361070937735e-12,2.079878920629949e-12,4.267146857494236e-06,4.719098678020998e-06,0.012730153578420307,0.015022328791886383,0.2562532674730656,0.5279594370485692,0.03281103689124781,0.10621344420453942,1.0231590955556666e-07,2.1838795534097955e-07,2.744735236556467e-06,6.062000593500057e-06,1.1288724930124274e-06,2.660618113386432e-06,2.2509512553505156e-05,4.644927284409708e-05,5.91972261770658e-09,1.2654497148484002e-08,1.834248185985254e-06,4.057042552657033e-06,3.977648138458238e-11,1.2004258293366097e-10,1.6203899511846656e-18,1.6694857114234704e-18,7.1028472248260245e-12,8.371327696039123e-12,4.6565044473234575e-12,9.940435149762615e-12,1.5180834544126565e-15,2.905277313263942e-15,1.3157469722955131e-08,2.6156051769610916e-08,2.9655830288144836e-19,8.95079054462452e-19,0.006326022861818318,0.013035386661368277,3.4030253151381646e-31,1.0000000000001006e-30,6.660877342437773e-10,2.16052112708156e-09,3.359152082824228e-11,1.063580620087511e-10
1.24,1367.255065841634,5.083514759171739,0.17249810696955112,8.742593252837171,0.4920604404095421,0.07296755249108126,8.120185845087688e-06,6.020704350827559e-07,1.955056402661175e-12,2.3007685382094375e-12,3.625365879823175e-13,8.532876846357374e-13,1.4491055936503262e-07,1.8127943753633598e-07,0.199780142633324,0.26473257609672624,2.7483762967164672e-15,6.672520090680537e-15,3.7350976424737947e-13,9.345024996630157e-13,2.0126784305060366e-12,2.076634141133648e-12,4.263589283679341e-06,4.715194314504269e-06,0.01272693153581558,0.01501862217313726,0.2562535894111869,0.5279634603764077,0.032812071528858205,0.10621746944004394,1.0227778483772958e-07,2.183079694698663e-07,2.74480634723844e-06,6.062196228706322e-06,1.1281935570419852e-06,2.6590348645994322e-06,2.2485134705931338e-05,4.639926347954774e-05,5.912416544426781e-09,1.263895950772464e-08,1.8329562282761957e-06,4.054210765275541e-06,3.9727320893280226e-11,1.198949831077418e-10,1.6197368409469066e-18,1.6688234334134851e-18,7.099036592909102e-12,8.36688978062261e-12,4.653574593837415e-12,9.934243891765999e-12,1.5168752791337623e-15,2.90298360694675e-15,1.3157389753495911e-08,2.6156059257428313e-08,2.9632352158134426e-19,8.943761241132793e-19,0.006325982602074472,0.013035386661374259,3.4030036577808705e-31,1.0000000000001005e-30,6.653298397696274e-10,2.1580765560762655e-09,3.356293378503612e-11,1.062682255182352e-10
1.241,1367.1979009346533,5.083659611441507,0.1724931918603119,8.748390583092442,0.49206808155113785,0.07296914927884425,8.115592927998564e-06,6.01733717398125e-07,1.9524592746504567e-12,2.2977267616629723e-12,3.6204185858757233e-13,8.521286749684385e-13,1.4479901250615874e-07,1.8114104630792372e-07,0.1997744388750858,0.26472670014748984,2.7445921405441885e-15,6.6633752422252006e-15,3.7314155361874494e-13,9.33587187835122e-13,2.009527442468147e-12,2.0733962014313135e-12,4.26003706812273e-06,4.711295781611749e-06,0.012723714370271724,0.015014921117398683,0.25625390883385435,0.527967473470614,0.03281310661790623,0.10622149516165762,1.0223968817494755e-07,2.1822804035455042e-07,2.7448773763641906e-06,6.062391627690178e-06,1.1275155844862354e-06,2.6574538406616494e-06,2.2460803438167625e-05,4.634934915105577e-05,5.905125110085423e-09,1.2623452841029206e-08,1.831666516553053e-06,4.051383870497003e-06,3.9678250173525474e-11,1.1974765117345912e-10,1.6190839015198424e-18,1.6681613068412042e-18,7.095229869096692e-12,8.36245633400722e-12,4.650647780013122e-12,9.9280589479972e-12,1.515668577931436e-15,2.900692664496195e-15,1.3157309907345486e-08,2.6156066737705313e-08,2.960890097498418e-19,8.936739895072389e-19,0.006325942403463336,0.013035386661380204,3.402982033309357e-31,1.0000000000000996e-30,6.645735604471855e-10,2.1556371720938983e-09,3.353439156926337e-11,1.0617852879336175e-10
1.242,1367.1407634575885,5.083804437819844,0.17248827790963372,8.754188078505573,0.49207571312977694,0.07297074396508696,8.111004425821139e-06,6.013973169817736e-07,1.949866718763059e-12,2.2946903050077776e-12,3.615480306307115e-13,8.509717640693406e-13,1.4468760090218436e-07,1.8100282077773555e-07,0.19976874175203402,0.26472083036321675,2.7408149031356515e-15,6.6542470109931705e-15,3.7277387600855986e-13,9.32673188982022e-13,2.006383123243898e-12,2.070165081425391e-12,4.256490197481559e-06,4.707403064906321e-06,0.012720502071680378,0.015011225613258352,0.2562542257427074,0.5279714763449128,0.032814142161087335,0.10622552138014313,1.0220161950599523e-07,2.1814816787215017e-07,2.7449483240778645e-06,6.062586790882206e-06,1.1268385727810225e-06,2.655875035671424e-06,2.243651860515405e-05,4.6299529563471963e-05,5.8978482686492565e-09,1.2607977051285845e-08,1.8303790442152561e-06,4.0485618539787695e-06,3.962926898219252e-11,1.19600586408856e-10,1.6184311330943435e-18,1.6674993319590304e-18,7.09142703970992e-12,8.358027340453345e-12,4.647723999483918e-12,9.921880305364749e-12,1.5144633475893033e-15,2.898404479934345e-15,1.3157230184251722e-08,2.615607421046835e-08,2.958547664169854e-19,8.929726477702852e-19,0.00632590226585721,0.013035386661386119,3.4029604416549252e-31,1.0000000000000971e-30,6.638188908979606e-10,2.1532029579015333e-09,3.3505894063548025e-11,1.060889714698922e-10
1.243,1367.0836533522884,5.083949238374616,0.17248336511504003,8.759985739047115,0.49208333516367314,0.072972336553894,8.106420330588442e-06,6.010612332708577e-07,1.9472787237929e-12,2.2916591552912222e-12,3.6105510178288833e-13,8.498169465475644e-13,1.4457632427647192e-07,1.8086476061049434e-07,0.19976305125204982,0.2647149667334668,2.7370445667455373e-15,6.645135354615706e-15,3.724067302492977e-13,9.31760500252771e-13,2.0032454537789267e-12,2.0669407617205884e-12,4.252948659099019e-06,4.703516150708353e-06,0.01271729462991216,0.015007535649277554,0.2562545401447522,0.527975469024063,0.03281517815570564,0.10622954808880594,1.0216357878809684e-07,2.1806835193914147e-07,2.745019190559532e-06,6.062781718792099e-06,1.1261625198945007e-06,2.65429844498119e-06,2.2412280088094887e-05,4.624980447582668e-05,5.89058598105946e-09,1.2592532056286126e-08,1.829093806154056e-06,4.045744704676865e-06,3.9580377083470484e-11,1.194537881140003e-10,1.6177785354374421e-18,1.6668375085825425e-18,7.087628099477821e-12,8.353602794129686e-12,4.644803246550901e-12,9.915707952201073e-12,1.5132595851109858e-15,2.8961190477036756e-15,1.3157150583954868e-08,2.6156081675727504e-08,2.95620791398424e-19,8.922720983993462e-19,0.0063258621891287255,0.013035386661392092,3.402938882749055e-31,1.0000000000000985e-30,6.630658266849261e-10,2.150773899319025e-09,3.3477441158150574e-11,1.0599955320773806e-10
1.244,1367.02657056317,5.084094013166178,0.1724784534743096,8.76578356468769,0.4920909476739371,0.07297392704977398,8.10184063327736e-06,6.00725465624116e-07,1.9446952780234438e-12,2.288633298958878e-12,3.6056306969945676e-13,8.486642169746243e-13,1.4446518233262853e-07,1.8072686544616488e-07,0.19975736736006555,0.2647091092438694,2.7332811132790064e-15,6.636040229872173e-15,3.720401150624907e-13,9.308491185185503e-13,2.000114414539382e-12,2.063723222425564e-12,4.249412439782738e-06,4.699635024744528e-06,0.012714092034912335,0.01500385121410356,0.2562548520440007,0.5279794515266135,0.03281621460205812,0.10623357529063152,1.0212556596298386e-07,2.179885924389016e-07,2.7450899759665607e-06,6.062976411878953e-06,1.1254874233674904e-06,2.6527240629355905e-06,2.238808774700718e-05,4.620017360340885e-05,5.883338202662518e-09,1.257711776185541e-08,1.8278107960481414e-06,4.042932408864134e-06,3.9531574236691156e-11,1.1930725557424566e-10,1.6171261086416485e-18,1.6661758368624682e-18,7.083833039068723e-12,8.349182684417456e-12,4.6418855149250395e-12,9.909541875576824e-12,1.5120572873125231e-15,2.89383636188694e-15,1.315707110620014e-08,2.61560891335006e-08,2.9538708389693453e-19,8.915723390413194e-19,0.006325822173150938,0.01303538666139803,3.4029173565234635e-31,1.0000000000000987e-30,6.623143626180285e-10,2.1483499797226036e-09,3.344903273754731e-11,1.0591027364846383e-10
1.245,1366.9695150347939,5.084238762254655,0.17247354298522954,8.771581555397985,0.4920985506817461,0.0729755154572433,8.097265325522036e-06,6.003900134489387e-07,1.9421163700790853e-12,2.2856127228565755e-12,3.6007193207207506e-13,8.475135700071055e-13,1.4435417478633601e-07,1.8058913493978198e-07,0.1997516900609487,0.2647032578799579,2.7295245250525186e-15,6.626961594537518e-15,3.716740292313157e-13,9.299390408045183e-13,1.9969899863772804e-12,2.0605124440458953e-12,4.2458815267050435e-06,4.695759673143704e-06,0.012710894276628299,0.015000172296384718,0.2562551614443489,0.5279834238708567,0.03281725150054126,0.1062376029889243,1.0208758098046673e-07,2.1790888927203206e-07,2.7451606804583178e-06,6.063170870606117e-06,1.1248132809542628e-06,2.6511518843818734e-06,2.2363941453001663e-05,4.6150636684382364e-05,5.876104891809506e-09,1.2561734080236355e-08,1.8265300081940722e-06,4.040124954179106e-06,3.9482860205119517e-11,1.1916098808676696e-10,1.616473852673013e-18,1.6655143168191236e-18,7.08004184803008e-12,8.344766999375602e-12,4.63897079869721e-12,9.90338206337215e-12,1.510856451137263e-15,2.89155641680995e-15,1.3156991750734358e-08,2.615609658380778e-08,2.9515364337848876e-19,8.908733681373214e-19,0.006325782217797199,0.013035386661403997,3.4028958629100144e-31,1.0000000000001008e-30,6.615644939006553e-10,2.1459311837637286e-09,3.342066868971893e-11,1.0582113244470217e-10
1.246,1366.9124867090109,5.084383485708977,0.17246863364528892,8.777379711148766,0.49210614420441307,0.07297710178023982,8.092694399099192e-06,6.000548761631802e-07,1.9395419887202933e-12,2.2825974139892293e-12,3.5958168657681967e-13,8.463650002645043e-13,1.4424330135810606e-07,1.8045156875237908e-07,0.19974601934341574,0.26469741263234414,2.725774784288075e-15,6.617899406154086e-15,3.713084715733993e-13,9.290302642217315e-13,1.9938721502947008e-12,2.057308407240695e-12,4.242355907173418e-06,4.691890082182854e-06,0.012707701345031535,0.014996498884795737,0.25625546835347185,0.527987386082832,0.03281828884775708,0.10624163117469697,1.0204962379446637e-07,2.178292423478795e-07,2.7452313042160565e-06,6.063365095484841e-06,1.1241400905528117e-06,2.6495819045054513e-06,2.233984108382759e-05,4.610119347059093e-05,5.868886008591625e-09,1.2546380927385422e-08,1.825251437269116e-06,4.037322329101273e-06,3.9434234753952653e-11,1.1901498495451625e-10,1.6158217673450143e-18,1.6648529483154306e-18,7.076254523064492e-12,8.34035573549485e-12,4.636059092030243e-12,9.897228503618887e-12,1.5096570735550883e-15,2.8892792068485922e-15,1.3156912517298163e-08,2.6156104026654836e-08,2.949204695558407e-19,8.901751848731351e-19,0.006325742322941281,0.013035386661409909,3.4028744018408073e-31,1.0000000000000985e-30,6.608162159806493e-10,2.1435174968857656e-09,3.339234890462284e-11,1.0573212925531258e-10
1.247,1366.855485531577,5.084528183586251,0.17246372545237823,8.783178031910868,0.4921137282640807,0.07297868602341498,8.088127845322781e-06,5.997200531502976e-07,1.936972122460958e-12,2.279587359070595e-12,3.590923309139372e-13,8.452185024228253e-13,1.441325617583036e-07,1.8031416653225928e-07,0.19974035519132455,0.2646915734851892,2.722031873289647e-15,6.60885362246022e-15,3.7094344084019843e-13,9.281227857154274e-13,1.9907608870988182e-12,2.0541110924667513e-12,4.238835568246585e-06,4.688026237862647e-06,0.012704513230143526,0.014992830968068804,0.2562557727741461,0.5279913381784648,0.03281932664519838,0.10624565985479073,1.0201169434967678e-07,2.1774965155607383e-07,2.745301847390039e-06,6.063559086957713e-06,1.123467849781195e-06,2.6480141178314392e-06,2.231578650404862e-05,4.605184368665037e-05,5.861681509685006e-09,1.2531058211952729e-08,1.823975077182024e-06,4.034524520409255e-06,3.938569764617937e-11,1.188692454737313e-10,1.6151698527382693e-18,1.664191731489423e-18,7.072471052399558e-12,8.335948879275838e-12,4.633150388842985e-12,9.891081183826426e-12,1.5084591514610812e-15,2.8870047262349895e-15,1.3156833405641385e-08,2.6156111462064723e-08,2.946875616748454e-19,8.894777870251073e-19,0.006325702488457292,0.013035386661415816,3.402852973248132e-31,1.0000000000000996e-30,6.600695238315285e-10,2.1411089029925367e-09,3.3364073268881695e-11,1.0564326372856734e-10
1.248,1366.7985114460184,5.084672855950768,0.17245881840414493,8.788976517655195,0.49212130287977124,0.07298026819095389,8.083565656065501e-06,5.993855438350848e-07,1.934406760141585e-12,2.276582545197817e-12,3.5860386279147995e-13,8.440740711760561e-13,1.4402195570915055e-07,1.8017692794252028e-07,0.19973469759165147,0.26468574042677123,2.7182957745333864e-15,6.5998242016092306e-15,3.705789358520919e-13,9.272166024030173e-13,1.9876561779481447e-12,2.0509204805421305e-12,4.235320497323853e-06,4.684168126559187e-06,0.01270132992199034,0.014989168534939815,0.2562560747122028,0.5279952801799473,0.03282036489128467,0.10624968902609229,1.0197379259970298e-07,2.1767011680524231e-07,2.745372310150477e-06,6.063752845511096e-06,1.12279655651993e-06,2.6464485195030454e-06,2.2291777591124296e-05,4.600258708377047e-05,5.8544913551938515e-09,1.2515765849911012e-08,1.8227009225730257e-06,4.03173151649862e-06,3.933724864864603e-11,1.1872376895224162e-10,1.6145181087196635e-18,1.663530666258767e-18,7.068691429141889e-12,8.331546422968482e-12,4.630244683366668e-12,9.884940092169363e-12,1.507262681855033e-15,2.8847329694010306e-15,1.3156754415509542e-08,2.6156118890050416e-08,2.9445491938161317e-19,8.887811735775093e-19,0.006325662714219638,0.013035386661421688,3.4028315770644174e-31,1.0000000000000989e-30,6.593244128904418e-10,2.1387053874907785e-09,3.333584167296143e-11,1.055545355248786e-10
1.249,1366.741564396349,5.084817502865748,0.17245391249827335,8.794775168352725,0.49212886807077344,0.0729818482870758,8.07900782269158e-06,5.990513476045278e-07,1.931845890383375e-12,2.2735829592089014e-12,3.5811627990516156e-13,8.429317011887329e-13,1.439114829241221e-07,1.8003985263527427e-07,0.19972904653107246,0.26467991344494857,2.7145664702891764e-15,6.5908111012503864e-15,3.7021495538267647e-13,9.26311711284568e-13,1.9845580038074455e-12,2.0477365520837034e-12,4.2318106815716684e-06,4.6803157343896966e-06,0.012698151410650149,0.014985511574204089,0.25625637417311986,0.5279992121087038,0.032821403584782846,0.10625371868660485,1.019359184913195e-07,2.1759063798940297e-07,2.745442692662527e-06,6.063946371619751e-06,1.1221262084717393e-06,2.6448851042438295e-06,2.2267814213565008e-05,4.595342339467379e-05,5.847315502862031e-09,1.2500503752180984e-08,1.8214289675686664e-06,4.028943304627573e-06,3.928888752637942e-11,1.185785546923316e-10,1.61386653527802e-18,1.6628697526665752e-18,7.0649156466987166e-12,8.327148359175582e-12,4.627341969546501e-12,9.87880521620976e-12,1.5060676616476276e-15,2.8824639306073566e-15,1.3156675546648997e-08,2.6156126310624518e-08,2.942225420756097e-19,8.880853427699415e-19,0.0063256230001033,0.013035386661427645,3.4028102132223938e-31,1.0000000000001012e-30,6.585808782798718e-10,2.136306934765497e-09,3.3307654004976314e-11,1.0546594429718043e-10
1.25,1366.6846443272616,5.084962124392538,0.17244900773251184,8.800573983974507,0.4921364238570922,0.07298342631610377,8.074454337067562e-06,5.987174638827766e-07,1.929289502065725e-12,2.270588588244774e-12,3.5762957998515675e-13,8.417913872061335e-13,1.438011431256948e-07,1.7990294027385919e-07,0.1997234019955447,0.2646740925266159,2.710843943190253e-15,6.581814279912215e-15,3.698514982493737e-13,9.25408109469546e-13,1.9814663459444857e-12,2.0445592880197912e-12,4.228306108435754e-06,4.6764690477791145e-06,0.012694977686210465,0.014981860074666531,0.25625667116160267,0.5280031339845485,0.03282244272521529,0.10625774883677368,1.0189807197698486e-07,2.175112150146865e-07,2.7455129950887145e-06,6.064139665752448e-06,1.121456803484336e-06,2.6433238671186202e-06,2.224389624758738e-05,4.590435236796854e-05,5.84015391253893e-09,1.2485271834178973e-08,1.8201592067209955e-06,4.026159872994566e-06,3.924061404747604e-11,1.184336020055022e-10,1.6132151323304306e-18,1.6622089906819285e-18,7.061143696496541e-12,8.322754678164214e-12,4.624442241621253e-12,9.872676544134862e-12,1.5048740878487335e-15,2.880197604303855e-15,1.315659679880845e-08,2.615613372380331e-08,2.939904293101781e-19,8.87390293306295e-19,0.006325583345983346,0.01303538666143351,3.4027888816548823e-31,1.0000000000001003e-30,6.578389153942452e-10,2.133913530082884e-09,3.327951015558751e-11,1.0537748970644395e-10
1.2510000000000001,1366.6277511837366,5.085106720591956,0.17244410410462718,8.806372964491656,0.4921439702587916,0.07298500228236496,8.069905190691747e-06,5.983838920665761e-07,1.926737583917681e-12,2.2675994192683995e-12,3.571437607535404e-13,8.406531239540729e-13,1.436909360301753e-07,1.7976619051385296e-07,0.1997177639709359,0.26466827765853007,2.707128175725936e-15,6.572833695770684e-15,3.694885632368539e-13,9.245057939851886e-13,1.9783811855028465e-12,2.041388669149328e-12,4.22480676520148e-06,4.672628052973745e-06,0.012691808738802428,0.01497821402518162,0.2562569656822167,0.5280070458269721,0.03282348231223708,0.10626177947746651,1.0186025300425171e-07,2.1743184777672494e-07,2.7455832175886934e-06,6.064332728371228e-06,1.120788339279656e-06,2.6417648028952315e-06,2.2220023563089384e-05,4.58553737392045e-05,5.833006542414037e-09,1.2470070007766793e-08,1.8188916342173667e-06,4.023381208990283e-06,3.9192427978910205e-11,1.1828891019981547e-10,1.612563899879385e-18,1.661548380361724e-18,7.057375570059443e-12,8.318365370315058e-12,4.6215454936229234e-12,9.866554063688687e-12,1.503681957404745e-15,2.877933984818256e-15,1.3156518171737485e-08,2.6156141129603034e-08,2.9375858048300424e-19,8.866960234204254e-19,0.006325543751735405,0.01303538666143936,3.4027675822949694e-31,1.0000000000000996e-30,6.570985194066457e-10,2.131525157990138e-09,3.3251410013852414e-11,1.0528917140853155e-10
1.252,1366.5708849104808,5.085251291525942,0.1724392016123487,8.81217210987536,0.4921515072953619,0.07298657619009846,8.065360375366824e-06,5.980506315751555e-07,1.9241901248453832e-12,2.2646154394502062e-12,3.5665881994844056e-13,8.395169061957756e-13,1.4358086135996925e-07,1.796296030184269e-07,0.1997121324436818,0.2646624688281872,2.703419150566844e-15,6.563869307438973e-15,3.6912614916205636e-13,9.236047619392137e-13,1.9753025038372276e-12,2.0382246764878875e-12,4.221312639342845e-06,4.668792736427327e-06,0.012688644558573709,0.014974573414621774,0.2562572577400377,0.5280109476564946,0.03282452234497568,0.10626581060783857,1.018224615246968e-07,2.1735253617971788e-07,2.745653360325915e-06,6.064525559946287e-06,1.1201208136924972e-06,2.6402079066069993e-06,2.219619603573809e-05,4.5806487255819346e-05,5.8258733522404945e-09,1.245489818814344e-08,1.8176262445659638e-06,4.020607300714089e-06,3.914432908991745e-11,1.181444785901094e-10,1.6119128378525045e-18,1.6608879216855793e-18,7.0536112596213e-12,8.313980426844195e-12,4.618651719759505e-12,9.860437762989375e-12,1.5024912673226949e-15,2.875673066593741e-15,1.3156439665185612e-08,2.6156148528038563e-08,2.935269951315647e-19,8.860025317679572e-19,0.0063255042172353565,0.013035386661445186,3.4027463150758843e-31,1.000000000000098e-30,6.563596856965677e-10,2.1291418037030656e-09,3.3223353470728886e-11,1.0520098906529521e-10
1.2530000000000001,1366.5140454527086,5.085395837255218,0.17243430025344755,8.817971420096878,0.49215903498665947,0.07298814804359331,8.060819882777984e-06,5.977176818189346e-07,1.9216471137209815e-12,2.2616366359196243e-12,3.5617475531307927e-13,8.383827287060678e-13,1.4347091883563024e-07,1.794931774483956e-07,0.19970650739982834,0.26465666602254917,2.6997168503927614e-15,6.554921073549445e-15,3.687642548305728e-13,9.227050104106712e-13,1.972230282300082e-12,2.035067291047499e-12,4.217823718298951e-06,4.664963084553745e-06,0.012685485135705759,0.01497093823189746,0.2562575473397018,0.5280148394926969,0.03282556282299077,0.10626984222843773,1.0178469748795832e-07,2.172732801237015e-07,2.745723423460241e-06,6.064718160939544e-06,1.1194542245064374e-06,2.6386531731659936e-06,2.2172413538771976e-05,4.5757692660220544e-05,5.818754301158023e-09,1.2439756289190691e-08,1.8163630321289394e-06,4.017838135941291e-06,3.909631714980064e-11,1.1800030649137435e-10,1.6112619462221587e-18,1.6602276146790541e-18,7.049850756792756e-12,8.309599838231776e-12,4.615760914176567e-12,9.854327630020043e-12,1.501302014593293e-15,2.8734148440416005e-15,1.3156361278903772e-08,2.615615591912597e-08,2.93295672713646e-19,8.853098167637837e-19,0.006325464742359517,0.013035386661451055,3.402725079931076e-31,1.0000000000000962e-30,6.556224095586353e-10,2.1267634521611873e-09,3.3195340416731903e-11,1.0511294233715476e-10
1.254,1366.4572327552714,5.085540357841929,0.1724294000256471,8.823770895127536,0.4921665533518289,0.07298971784702951,8.056283704659292e-06,5.973850422118675e-07,1.9191085394730078e-12,2.258662995871475e-12,3.5569156459456935e-13,8.372505862685542e-13,1.4336110817932757e-07,1.7935691346655717e-07,0.19970088882611958,0.2646508692294876,2.6960212579188305e-15,6.5459889528173164e-15,3.6840287905753645e-13,9.218065365022212e-13,1.9691645023289386e-12,2.0319164939267738e-12,4.214339989568106e-06,4.661139083831163e-06,0.012682330460407036,0.014967308465949347,0.25625783448648504,0.5280187213564526,0.032826603745186214,0.10627387433768343,1.0174696084456032e-07,2.1719407951057958e-07,2.745793407155087e-06,6.0649105318204864e-06,1.1187885695373392e-06,2.6371005975598728e-06,2.2148675947037498e-05,4.570898969811612e-05,5.811649348753753e-09,1.2424644225741145e-08,1.815101991354775e-06,4.015073702637151e-06,3.9048391928879256e-11,1.1785639322161983e-10,1.6106112249332152e-18,1.6595674593392232e-18,7.046094054464639e-12,8.305223596465627e-12,4.6128730710489864e-12,9.848223652824737e-12,1.5001141962199879e-15,2.8711593115968833e-15,1.3156283012642263e-08,2.615616330287866e-08,2.930646127340102e-19,8.846178769644093e-19,0.006325425326984481,0.01303538666145692,3.4027038767941765e-31,1.0000000000000943e-30,6.548866863474455e-10,2.1243900884976127e-09,3.316737074304461e-11,1.050250308866172e-10
1.2550000000000001,1366.4004467625132,5.0856848533501315,0.17242450092660652,8.829570534938735,0.49217406240907047,0.07299128560444292,8.051751832964176e-06,5.970527121840806e-07,1.916574391169867e-12,2.255694506664223e-12,3.5520924554976414e-13,8.36120473689384e-13,1.432514291179881e-07,1.792208107416228e-07,0.19969527671022985,0.26464507843809004,2.692332355974904e-15,6.537072904233291e-15,3.6804202068427434e-13,9.209093373817943e-13,1.9661051455312804e-12,2.0287722663984834e-12,4.210861440796882e-06,4.6573207209004876e-06,0.012679180522907304,0.01496368410574149,0.25625811918653685,0.528022593270404,0.0328276451095798,0.10627790693112024,1.0170925154820523e-07,2.1711493424901564e-07,2.7458633115792344e-06,6.065102673070127e-06,1.1181238466947047e-06,2.635550174996486e-06,2.2124983140076846e-05,4.5660378124886816e-05,5.80455845588301e-09,1.2409561915332935e-08,1.8138431169538978e-06,4.012313989345345e-06,3.9000553199365705e-11,1.1771273810451858e-10,1.609960673861618e-18,1.6589074555919812e-18,7.042341147126439e-12,8.300851695416644e-12,4.609988184677599e-12,9.842125819714694e-12,1.4989278092508577e-15,2.868906463779417e-15,1.3156204866150704e-08,2.6156170679307097e-08,2.928338148185162e-19,8.839267112916849e-19,0.0063253859709872535,0.013035386661462775,3.402682705599017e-31,1.000000000000092e-30,6.541525115867087e-10,2.1220216983930757e-09,3.313944434242241e-11,1.049372543811388e-10
1.256,1366.3436874221916,5.085829323833582,0.17241960295433467,8.835370339501937,0.4921815621807912,0.07299285132048983,8.047224259122815e-06,5.96720691126811e-07,1.914044657612466e-12,2.2527311553405475e-12,3.5472779595175994e-13,8.349923858125654e-13,1.43141881367641e-07,1.7908486892863244e-07,0.1996896710355986,0.26463929363181693,2.6886501274008347e-15,6.528172886809393e-15,3.6768167848404517e-13,9.20013410046742e-13,1.9630521932929997e-12,2.025634589505558e-12,4.207388059357145e-06,4.653507982097606e-06,0.012676035313485687,0.014960065140294552,0.2562584014417335,0.5280264552483628,0.03282868691845723,0.10628194001810473,1.0167156954302442e-07,2.1703584422721937e-07,2.7459331368741416e-06,6.0652945851088525e-06,1.1174600536048609e-06,2.6340019000157025e-06,2.2101334983970285e-05,4.561185766811381e-05,5.797481579906385e-09,1.2394509268027211e-08,1.8125864028524125e-06,4.009558982873602e-06,3.895280073103341e-11,1.1756934045633323e-10,1.6093102931408032e-18,1.6582476036283972e-18,7.0385920217412846e-12,8.296484120083134e-12,4.607106249082034e-12,9.836034118399167e-12,1.4977428506469388e-15,2.866656294941823e-15,1.315612683918687e-08,2.6156178048436626e-08,2.9260327815165695e-19,8.832363173350087e-19,0.00632534667424516,0.013035386661468617,3.402661566279617e-31,1.0000000000000912e-30,6.534198803181077e-10,2.119658265963708e-09,3.311156110415857e-11,1.048496124771847e-10
1.2570000000000001,1366.2869546782968,5.085973769358026,0.17241470610643442,8.84117030878868,0.4921890526842553,0.07299441499906048,8.04270097517938e-06,5.963889784767372e-07,1.9115193279727796e-12,2.2497729293789032e-12,3.542472135684134e-13,8.338663174694016e-13,1.4303246465806302e-07,1.7894908769978847e-07,0.19968407179080425,0.26463351480092456,2.6849745551201552e-15,6.519288859757891e-15,3.6732185131398105e-13,9.191187517040219e-13,1.9600056273837933e-12,2.0225034446857833e-12,4.20391983300452e-06,4.649700854181669e-06,0.0126728948224236,0.014956451558630287,0.2562586812590257,0.5280303073145708,0.032829729169010176,0.10628597359149665,1.0163391478408906e-07,2.1695680935673052e-07,2.7460028832128298e-06,6.065486268426496e-06,1.1167971882266603e-06,2.6324557679406965e-06,2.207773136080782e-05,4.5563428088400785e-05,5.790418682402641e-09,1.2379486202897561e-08,1.8113318438939265e-06,4.00680867205823e-06,3.8905134298004314e-11,1.1742619960640284e-10,1.6086600826101704e-18,1.6575879033364213e-18,7.034846674060708e-12,8.292120865821094e-12,4.6042272586190165e-12,9.829948537305481e-12,1.4965593174812426e-15,2.864408799650431e-15,1.3156048931500415e-08,2.6156185410275107e-08,2.923730024406829e-19,8.82546694261554e-19,0.006325307436635888,0.013035386661474519,3.4026404587701633e-31,1.0000000000000933e-30,6.526887881605053e-10,2.11729977719703e-09,3.3083720922169775e-11,1.0476210484583228e-10
1.258,1366.2302484771662,5.086118189982248,0.17240981038074524,8.846970442770566,0.49219653393952123,0.07299597664445545,8.038181973005307e-06,5.960575736576355e-07,1.9089983913365965e-12,2.2468198161553453e-12,3.53767496188426e-13,8.327422635398827e-13,1.4292317871504332e-07,1.788134667222658e-07,0.19967847896160962,0.2646277419319206,2.681305622174328e-15,6.510420782574394e-15,3.669625380024223e-13,9.182253594882822e-13,1.9569654295310212e-12,2.0193788133320673e-12,4.200456749411318e-06,4.645899323818461e-06,0.01266975904003915,0.014952843349811989,0.25625895864250114,0.5280341494873402,0.03283077186128564,0.1062900076533936,1.0159628722224636e-07,2.168778295400474e-07,2.746072550750454e-06,6.065677723473098e-06,1.116135248387335e-06,2.6309117737838717e-06,2.2054172146656914e-05,4.551508913390461e-05,5.78336972341906e-09,1.2364492635737778e-08,1.8100794345640174e-06,4.004063044942543e-06,3.8857553673873896e-11,1.1728331488242823e-10,1.6080100422474273e-18,1.6569283547463576e-18,7.031105094960481e-12,8.287761922238132e-12,4.6013512075596976e-12,9.823869064676561e-12,1.4953772068033046e-15,2.8621639724260037e-15,1.3155971142846567e-08,2.61561927648399e-08,2.921429871414903e-19,8.818578404795901e-19,0.006325268258037414,0.013035386661480358,3.4026193830050246e-31,1.0000000000000915e-30,6.519592305159333e-10,2.114946217376227e-09,3.3055923689016634e-11,1.0467473115383576e-10
1.2590000000000001,1366.1735687640194,5.086262585768824,0.17240491577497852,8.852770741419272,0.4922040059648959,0.07299753626071177,8.03366724443335e-06,5.957264760903233e-07,1.906481836815008e-12,2.2438718030747548e-12,3.532886415928299e-13,8.31620218885574e-13,1.428140232649236e-07,1.7867800566389315e-07,0.1996728925355131,0.2646219750135973,2.6776433115331433e-15,6.5015686145775515e-15,3.666037373844271e-13,9.173332305507203e-13,1.953931581507958e-12,2.016260676883517e-12,4.19699879627217e-06,4.6421033776972545e-06,0.012666627956680509,0.014949240502936762,0.25625923359792535,0.5280379817884122,0.03283181499363848,0.10629404220040925,1.0155868680879665e-07,2.1679890468061191e-07,2.746142139651291e-06,6.065868950718557e-06,1.1154742319435589e-06,2.6293699126265256e-06,2.2030657218822056e-05,4.5466840555317564e-05,5.7763346633321405e-09,1.2349528483039925e-08,1.8088291694173808e-06,4.001322089721763e-06,3.881005863294965e-11,1.1714068561421073e-10,1.6073601719863401e-18,1.6562689578430794e-18,7.027367278550956e-12,8.283407282753276e-12,4.5984780901508656e-12,9.81779568870167e-12,1.494196515657903e-15,2.859921807779583e-15,1.3155893472978201e-08,2.6156200112142236e-08,2.919132317884654e-19,8.811697546341311e-19,0.006325229138328151,0.013035386661486193,3.4025983389187968e-31,1.0000000000000913e-30,6.51231202835368e-10,2.1125975719423227e-09,3.302816929776097e-11,1.0458749106950838e-10
1.26,1366.116915484603,5.08640695677904,0.17240002228688994,8.858571204706545,0.4922114687791208,0.0729990938519268,8.029156781354684e-06,5.953956851998568e-07,1.9039696535671827e-12,2.240928877597637e-12,3.5281064757560083e-13,8.305001783981313e-13,1.4270499803527087e-07,1.785427041939934e-07,0.19966731249955985,0.26461621403412855,2.6739876062726523e-15,6.4927323153410384e-15,3.6624544829945664e-13,9.164423620532831e-13,1.9509040651705094e-12,2.013149016863321e-12,4.193545961336065e-06,4.638313002566227e-06,0.012663501562723768,0.014945643007132879,0.2562595061305533,0.5280418042384448,0.03283285856492192,0.10629807723076436,1.0152111349528495e-07,2.1672003468236335e-07,2.746211650076404e-06,6.066059950625324e-06,1.1148141367576158e-06,2.627830179562656e-06,2.2007186455091605e-05,4.5418682104312816e-05,5.769313462684093e-09,1.2334593661644719e-08,1.8075810430276393e-06,3.998585794631965e-06,3.8762648950445007e-11,1.16998311134237e-10,1.6067104717707771e-18,1.655609712621709e-18,7.023633218169758e-12,8.279056939873459e-12,4.595607900677762e-12,9.811728397650463e-12,1.4930172411060136e-15,2.8576823002525786e-15,1.3155815921649763e-08,2.6156207452194848e-08,2.916837358950043e-19,8.804824353066466e-19,0.006325190077386895,0.013035386661492062,3.4025773264462713e-31,1.000000000000093e-30,6.50504700587531e-10,2.110253826392959e-09,3.300045764187246e-11,1.0450038426242597e-10
1.2610000000000001,1366.06028858717,5.086551303066628,0.17239512991449174,8.864371832604188,0.4922189224040311,0.07300064942265418,8.024650575634041e-06,5.950652004092511e-07,1.901461830732244e-12,2.237991027159999e-12,3.5233351195952883e-13,8.293821370366826e-13,1.4259610275209788e-07,1.7840756197991062e-07,0.1996617388376834,0.26461045897755314,2.6703384896786593e-15,6.4839118449450264e-15,3.6588766957015037e-13,9.155527511155813e-13,1.947882862401049e-12,2.0100438148208446e-12,4.1900982323389846e-06,4.634528185158055e-06,0.01266037984857239,0.0149420508515595,0.2562597762424988,0.5280456168516041,0.03283390257712519,0.10630211275282887,1.0148356723072201e-07,2.1664121944381113e-07,2.7462810821681916e-06,6.066250723614436e-06,1.114154960601617e-06,2.6262925694732434e-06,2.198375972943054e-05,4.5370613524656075e-05,5.7623060810795005e-09,1.2319688086382937e-08,1.806335049733613e-06,3.995854147388896e-06,3.871532440169015e-11,1.1685619077529996e-10,1.6060609416614935e-18,1.654950619197689e-18,7.0199029010183975e-12,8.27471087887158e-12,4.5927406334246455e-12,9.805667179789016e-12,1.4918393802122725e-15,2.8554454443928397e-15,1.3155738488622175e-08,2.6156214785022335e-08,2.9145449879899193e-19,8.797958805486362e-19,0.006325151075092629,0.013035386661497875,3.402556345522363e-31,1.0000000000000941e-30,6.497797191013275e-10,2.107914965771315e-09,3.297278861410933e-11,1.0441341039988506e-10
1.262,1366.0036880153557,5.086695624700013,0.1723902386552986,8.87017262508409,0.49222636685513416,0.07300220297650464,8.020148619475375e-06,5.947350211665809e-07,1.898958357700755e-12,2.2350582394928253e-12,3.518572325416912e-13,8.282660896994531e-13,1.4248733715084492e-07,1.7827257870074507e-07,0.19965617154014023,0.2646047098362712,2.6666959449067906e-15,6.475107163150632e-15,3.6553040008367993e-13,9.146643950184348e-13,1.9448679553348246e-12,2.006945052565214e-12,4.186655597270141e-06,4.630748912484284e-06,0.012657262804643195,0.014938464025389725,0.2562600439421186,0.5280494196548872,0.032834947025971936,0.10630614875468078,1.0144604797234358e-07,2.1656245888099727e-07,2.7463504361061344e-06,6.066441270188473e-06,1.113496701519288e-06,2.624757077878994e-06,2.196037692841928e-05,4.532263458613135e-05,5.755312481408544e-09,1.2304811679104258e-08,1.8050911846049697e-06,3.993127137324011e-06,3.866808476516235e-11,1.1671432387964234e-10,1.6054115814422734e-18,1.654291677400894e-18,7.016176325736975e-12,8.27036909850239e-12,4.5898762828516025e-12,9.799612023757081e-12,1.490662930100743e-15,2.8532112348613217e-15,1.3155661173645943e-08,2.6156222110626874e-08,2.91225520307335e-19,8.79110089827215e-19,0.006325112131324813,0.013035386661503678,3.4025353960822093e-31,1.000000000000093e-30,6.490562541653024e-10,2.1055809766107117e-09,3.294516211078704e-11,1.0432656916041779e-10
1.2630000000000001,1365.9471137173673,5.086839921733725,0.17238534850729678,8.875973582118194,0.49223380215361834,0.0730037545179281,8.015650904567328e-06,5.94405146881622e-07,1.8964592235851243e-12,2.2321305019987923e-12,3.513818071466967e-13,8.271520313491132e-13,1.423787009555079e-07,1.7813775402124204e-07,0.19965061059147426,0.2645989665950976,2.6630599552101556e-15,6.4663182299528025e-15,3.651736386524667e-13,9.137772908553643e-13,1.941859325882482e-12,2.0038527116726406e-12,4.1832180438362955e-06,4.6269751712428915e-06,0.012654150421404971,0.014934882517856404,0.2562603092320231,0.5280532126634246,0.03283599191292838,0.10631018524298494,1.0140855566693338e-07,2.1648375288762903e-07,2.746419712033749e-06,6.066631590770313e-06,1.1128393572355934e-06,2.6232236995487366e-06,2.193703792368299e-05,4.527474502764059e-05,5.74833262269776e-09,1.2289964353392568e-08,1.8038494418358122e-06,3.990404751830945e-06,3.8620929816758975e-11,1.1657270978167286e-10,1.6047623912035868e-18,1.6536328873770779e-18,7.0124534811937455e-12,8.266031586000914e-12,4.587014843147348e-12,9.79356291761343e-12,1.4894878878121322e-15,2.8509796661588395e-15,1.3155583976482079e-08,2.615622942903019e-08,2.9099679967930435e-19,8.784250609562103e-19,0.006325073245963214,0.01303538666150949,3.402514478061151e-31,1.0000000000000959e-30,6.483343010304369e-10,2.1032518436996816e-09,3.291757802442211e-11,1.0423986021049891e-10
1.264,1365.890565641033,5.0869841942237715,0.17238045946842284,8.881774703678513,0.49224122831996114,0.0730053040512653,8.011157422738275e-06,5.940755769744225e-07,1.8939644175960653e-12,2.2292078021953457e-12,3.509072336066315e-13,8.260399569655704e-13,1.42270193893296e-07,1.7800308761013017e-07,0.1996450559769251,0.2645932292397532,2.659430503923665e-15,6.4575450055422325e-15,3.6481738410669663e-13,9.128914357640843e-13,1.938856956081101e-12,2.0007667738486505e-12,4.179785559847606e-06,4.623206948245043e-06,0.012651042689345934,0.014931306318213643,0.2562605721154723,0.5280569958936575,0.03283703723880268,0.1063142222222702,1.0137109026332432e-07,2.1640510136176444e-07,2.746488910098531e-06,6.066821685791314e-06,1.1121829255375567e-06,2.6216924293970816e-06,2.1913742589979933e-05,4.522694459453454e-05,5.7413664648269735e-09,1.227514602465055e-08,1.8026098157931886e-06,3.9876869786849235e-06,3.8573859333797725e-11,1.164313478200396e-10,1.604113370989886e-18,1.6529742492244275e-18,7.008734356922879e-12,8.261698329385797e-12,4.584156308581325e-12,9.78751984958757e-12,1.488314250416732e-15,2.848750732842223e-15,1.3155506896891479e-08,2.6156236740252346e-08,2.907683362882887e-19,8.777407920937395e-19,0.006325034418887943,0.013035386661515309,3.4024935913946786e-31,1.0000000000000985e-30,6.476138550613298e-10,2.100927552194406e-09,3.289003624863275e-11,1.0415328322006405e-10
1.2650000000000001,1365.834043729949,5.0871284422396,0.17237557153615846,8.887575989737137,0.4922486453689009,0.07300685158000232,8.006668166489718e-06,5.937463109148599e-07,1.8914739293459767e-12,2.2262901280717965e-12,3.504335097464356e-13,8.249298615115493e-13,1.4216181570644844e-07,1.778685791549066e-07,0.19963950768747477,0.2645874977635547,2.6558075744633104e-15,6.448787450303644e-15,3.644616353683958e-13,9.1200682711187e-13,1.9358608283787503e-12,1.997687221221742e-12,4.176358133532261e-06,4.619444230763125e-06,0.012647939598955407,0.014927735415715251,0.2562608326013917,0.5280607693736749,0.03283808299871254,0.1063182596786365,1.013336517224323e-07,2.163265042272336e-07,2.7465580304831727e-06,6.067011555760307e-06,1.1115274045794603e-06,2.62016326320387e-06,2.1890490819682612e-05,4.517923306850029e-05,5.7344139723031185e-09,1.226035661816834e-08,1.801372301857873e-06,3.984973807902752e-06,3.8526873098271997e-11,1.1629023734745695e-10,1.6034645205189173e-18,1.6523157627043282e-18,7.005018952662604e-12,8.257369328702729e-12,4.5813006737918234e-12,9.781482808694932e-12,1.4871420151065678e-15,2.846524429700715e-15,1.3155429934625583e-08,2.6156244044293223e-08,2.905401300604752e-19,8.770572830664746e-19,0.006324995649979436,0.013035386661521124,3.402472736018477e-31,1.0000000000001005e-30,6.468949122565492e-10,2.098608089306824e-09,3.286253668208149e-11,1.0406683787499533e-10
1.266,1365.7775479344373,5.087272665830055,0.17237068470868397,8.89337744026621,0.492256053323674,0.07300839710888238,8.002183127469212e-06,5.934173481094026e-07,1.888987747980477e-12,2.2233774670671448e-12,3.4996063342480537e-13,8.238217400288815e-13,1.4205356611843881e-07,1.7773422831955438e-07,0.19963396570556813,0.2645817721484904,2.6521911503198484e-15,6.4400455248004894e-15,3.6410639123980834e-13,9.11123461966015e-13,1.932870924819735e-12,1.994614035502632e-12,4.172935752639311e-06,4.615687005538428e-06,0.012644841140786464,0.014924169799688728,0.25626109069015085,0.528064533113911,0.03283912919633482,0.10632229762589027,1.0129623998860651e-07,2.1624796137247854e-07,2.7466270733167835e-06,6.067201201067507e-06,1.1108727920130649e-06,2.6186361955638985e-06,2.186728248144642e-05,4.5131610182259495e-05,5.727475103482735e-09,1.2245596046081111e-08,1.8001368940268547e-06,3.982265226439128e-06,3.847997088757444e-11,1.1614937770270608e-10,1.6028158399800547e-18,1.6516574280640204e-18,7.00130725323061e-12,8.253044566408306e-12,4.578447932961565e-12,9.775451782976725e-12,1.4859711789312928e-15,2.8443007512504644e-15,1.3155353089451384e-08,2.615625134118236e-08,2.9031218009895497e-19,8.763745312162417e-19,0.006324956939118422,0.013035386661526892,3.4024519118683915e-31,1.0000000000001006e-30,6.461774677629806e-10,2.096293439485035e-09,3.283507921723134e-11,1.0398052384151612e-10
1.2670000000000001,1365.7210781985668,5.087416865063759,0.17236579898351004,8.899179055237958,0.49226345219908235,0.07300994064139318,7.997702297965403e-06,5.930886880119642e-07,1.8865058630596247e-12,2.2204698071072457e-12,3.4948860247201387e-13,8.227155874921193e-13,1.4194544486849087e-07,1.7760003478772375e-07,0.19962843002208175,0.2645760523877042,2.648581214896303e-15,6.431319189380271e-15,3.637516506257548e-13,9.10241337650229e-13,1.929887227856554e-12,1.9915471988221065e-12,4.169518405341581e-06,4.611935259779761e-06,0.01264174730539213,0.014920609459459685,0.2562613463904684,0.5280682871419704,0.032840175826974106,0.10632633605072454,1.012588550196236e-07,2.1616947271458018e-07,2.746696038778937e-06,6.0673906222142254e-06,1.110219085915272e-06,2.617111222073604e-06,2.1844117463915032e-05,4.508407570976951e-05,5.720549821935229e-09,1.2230864231663774e-08,1.7989035874552326e-06,3.979561223809694e-06,3.843315248395783e-11,1.1600876823918982e-10,1.6021673291520355e-18,1.650999245127429e-18,6.997599258230506e-12,8.248724042387123e-12,4.5755980806143855e-12,9.769426761200749e-12,1.4848017390529891e-15,2.842079692222181e-15,1.3155276361122155e-08,2.6156258630920252e-08,2.900844862345962e-19,8.756925360816258e-19,0.006324918286186117,0.013035386661532691,3.4024311188805115e-31,1.0000000000001019e-30,6.454615174507555e-10,2.0939835895225053e-09,3.280766375212267e-11,1.0389434080348297e-10
1.268,1365.6646344727878,5.087561039989766,0.17236091435881082,8.90498083462466,0.49227084201806653,0.07301148218222693,7.993225669800754e-06,5.92760330041809e-07,1.8840282638632136e-12,2.2175671357871943e-12,3.4901741476559083e-13,8.216113989867141e-13,1.4183745168408188e-07,1.7746599822833438e-07,0.1996229006197281,0.2645703384635088,2.6449777518543172e-15,6.422608405015739e-15,3.6339741234852423e-13,9.093604512814601e-13,1.9269097197282052e-12,1.988486693089535e-12,4.166106079532842e-06,4.608188980386189e-06,0.012638658083373649,0.014917054384409247,0.25626159970287904,0.5280720314685738,0.03284122289411872,0.10633037496632482,1.0122149676185041e-07,2.1609103814624212e-07,2.7467649269996045e-06,6.067579819592008e-06,1.1095662839984923e-06,2.615588337469767e-06,2.182099563899066e-05,4.503662939041905e-05,5.713638086935338e-09,1.2216161089003885e-08,1.7976723763113546e-06,3.976861787346303e-06,3.838641766699769e-11,1.1586840830218505e-10,1.6015189881919096e-18,1.6503412141081975e-18,6.9938949527338766e-12,8.244407739392538e-12,4.572751111038915e-12,9.763407731631154e-12,1.48363369256233e-15,2.8398612472093408e-15,1.3155199749405998e-08,2.6156265913535858e-08,2.898570476342408e-19,8.750112951965328e-19,0.006324879691063938,0.013035386661538518,3.402410356991054e-31,1.0000000000001052e-30,6.447470565848828e-10,2.0916785242487297e-09,3.27802901806093e-11,1.0380828843146902e-10
1.2690000000000001,1365.6082167014897,5.0877051906762745,0.17235603083211246,8.910782778398673,0.4922782227953861,0.0730130217348583,7.988753235488253e-06,5.92432273669318e-07,1.8815549401052766e-12,2.2146694412122767e-12,3.4854706815861947e-13,8.205091695402067e-13,1.4172958630919714e-07,1.773321183309232e-07,0.19961737748939942,0.26456463036904027,2.641380744808132e-15,6.413913132561686e-15,3.6304367533608376e-13,9.08480800240845e-13,1.92393838310303e-12,1.9854325006562117e-12,4.162698763552875e-06,4.604448154748933e-06,0.012635573465329009,0.014913504563912952,0.2562618506360219,0.5280757661211111,0.03284227039313075,0.1063344143595599,1.0118416517555788e-07,2.1601265758982617e-07,2.7468337381580363e-06,6.067768793700916e-06,1.108914384409891e-06,2.6140675375135052e-06,2.1797916899094127e-05,4.498927100592818e-05,5.7067398631138865e-09,1.220148654363523e-08,1.796443255951877e-06,3.974166907008627e-06,3.8339766221325157e-11,1.1572829725218166e-10,1.6008708168448613e-18,1.649683334795391e-18,6.990194335995352e-12,8.240095656895504e-12,4.569907018894103e-12,9.757394683321118e-12,1.4824670366720618e-15,2.8376454110384655e-15,1.3155123254057673e-08,2.6156273189029994e-08,2.89629864200658e-19,8.743308083162684e-19,0.006324841153633668,0.013035386661544301,3.4023896261364208e-31,1.0000000000001043e-30,6.440340811713458e-10,2.0893782308961404e-09,3.275295840228932e-11,1.0372236641421042e-10
1.27,1365.5518248327526,5.087849317180321,0.17235114840131968,8.916584886532421,0.49228559455032045,0.07301455930342893,7.984284986917552e-06,5.92104518318562e-07,1.8790858811835716e-12,2.2117767111146104e-12,3.480775605181266e-13,8.194088942126098e-13,1.4162184847501608e-07,1.7719839476896904e-07,0.19961186061743802,0.26455892809138987,2.637790177343936e-15,6.405233332802e-15,3.6269043843790967e-13,9.076023817128598e-13,1.9209732003783954e-12,1.982384603592686e-12,4.159296445413916e-06,4.600712769895785e-06,0.012632493441912985,0.014909959987411799,0.2562620991939392,0.5280794911174737,0.03284331832395974,0.10633845423214626,1.0114686020995154e-07,2.159343309440494e-07,2.7469024724037586e-06,6.067957544975079e-06,1.1082633849724097e-06,2.612548817201167e-06,2.1774881121182305e-05,4.494200030608435e-05,5.699855111085873e-09,1.218684051250028e-08,1.7952162208316743e-06,3.97147657076047e-06,3.8293197928611995e-11,1.1558843444069104e-10,1.600222815144875e-18,1.6490256072755356e-18,6.986497400002539e-12,8.235787785799511e-12,4.567065798501491e-12,9.75138760460185e-12,1.4813017684897815e-15,2.835432178334226e-15,1.315504687483994e-08,2.6156280457418037e-08,2.8940293529476104e-19,8.73651073560239e-19,0.006324802673777465,0.013035386661550085,3.402368926253228e-31,1.0000000000001048e-30,6.43322586663885e-10,2.0870826949047182e-09,3.272566831274368e-11,1.0363657442769517e-10
1.2710000000000001,1365.4954588161213,5.087993419554707,0.1723462670644812,8.922387158998385,0.49229295730384814,0.07301609489232874,7.979820916015216e-06,5.917770634162618e-07,1.8766210765200675e-12,2.208888933253907e-12,3.476088897319519e-13,8.183105681125773e-13,1.4151423791296313e-07,1.7706482721622105e-07,0.19960634998846827,0.2645532316153565,2.6342060332102188e-15,6.396568966911889e-15,3.623377004996148e-13,9.067251928720616e-13,1.918014154014458e-12,1.979342984033189e-12,4.1558991131586916e-06,4.5969828128871214e-06,0.012629418003804816,0.014906420644374025,0.2562623453789188,0.5280832064719099,0.0328443666883056,0.1063424945914621,1.0110958181340825e-07,2.1585605810583658e-07,2.746971129875821e-06,6.068146073825188e-06,1.1076132834753638e-06,2.6110321714493412e-06,2.1751888180971044e-05,4.489481703809672e-05,5.692983791193949e-09,1.2172222911953846e-08,1.793991265321742e-06,3.968790766379107e-06,3.824671257112755e-11,1.154488192209822e-10,1.5995749831828138e-18,1.6483680316936248e-18,6.982804133074083e-12,8.231484112681768e-12,4.564227444213165e-12,9.745386483868184e-12,1.480137885136833e-15,2.8332215437470144e-15,1.3154970611519933e-08,2.6156287718722648e-08,2.8917626021866753e-19,8.729720888701711e-19,0.006324764251377807,0.013035386661555851,3.4023482572782546e-31,1.0000000000001055e-30,6.426125684705136e-10,2.0847919015651936e-09,3.269841980751541e-11,1.0355091214776421e-10
1.272,1365.4391185983895,5.088137497860993,0.17234138681934952,8.928189595769119,0.49230031107321376,0.07301762850539134,7.975361015341874e-06,5.914499084360817e-07,1.874160515896335e-12,2.2060060958122826e-12,3.4714105369361066e-13,8.172141863617857e-13,1.4140675436780494e-07,1.7693141536308934e-07,0.19960084559085242,0.2645475409306816,2.6306282963256486e-15,6.387919996477113e-15,3.6198546044462795e-13,9.058492310875009e-13,1.91506122684872e-12,1.976307624500286e-12,4.15250675520878e-06,4.593258271201314e-06,0.012626347141682474,0.014902886524264984,0.25626258919692907,0.5280869122062334,0.03284541548416848,0.1063465354329028,1.0107232994462375e-07,2.1577783899412235e-07,2.7470397107370825e-06,6.0683343807143255e-06,1.106964078011501e-06,2.6095175958894644e-06,2.1728937968945606e-05,4.48477209796418e-05,5.686125867677626e-09,1.2157633666677555e-08,1.7927683846402884e-06,3.966109483515193e-06,3.8200309935311444e-11,1.1530945095886826e-10,1.5989273207978923e-18,1.647710607935208e-18,6.979114529551486e-12,8.227184631218212e-12,4.561391950733907e-12,9.739391310266595e-12,1.4789753838512038e-15,2.831013502149948e-15,1.3154894463859225e-08,2.6156294972954378e-08,2.8894983872546957e-19,8.722938535490365e-19,0.006324725886317435,0.013035386661561617,3.402327619148418e-31,1.0000000000001059e-30,6.419040225282657e-10,2.0825058378837115e-09,3.2671212786453106e-11,1.0346537926386817e-10
1.2730000000000001,1365.3828041283418,5.088281552154923,0.1723365076638746,8.93399219681724,0.49230765587789255,0.07301916014677678,7.970905276814144e-06,5.911230528038358e-07,1.8717041887927966e-12,2.203128186616468e-12,3.4667405029277694e-13,8.161197440725108e-13,1.4129939757225936e-07,1.7679815888487069e-07,0.19959534741068793,0.264541856024087,2.6270569504417068e-15,6.3792863826746355e-15,3.6163371712779216e-13,9.049744935563413e-13,1.912114401449236e-12,1.9732785072373564e-12,4.149119359665938e-06,4.589539131961793e-06,0.012623280846277611,0.01489935761661163,0.2562628306516278,0.5280906083374632,0.03284646471185393,0.1063505767593216,1.010351045524423e-07,2.15699673506785e-07,2.7471082151336616e-06,6.068522466068241e-06,1.1063157664001747e-06,2.60800508550798e-06,2.1706030362237513e-05,4.480071188081778e-05,5.67928130128646e-09,1.2143072693885807e-08,1.7915475732303097e-06,3.9634327101034315e-06,3.8153989804841625e-11,1.1517032901177943e-10,1.598279828046373e-18,1.6470533361093406e-18,6.975428580479476e-12,8.222889331197185e-12,4.5585593124117444e-12,9.733402072180153e-12,1.4778142617594482e-15,2.828808048202233e-15,1.3154818431623663e-08,2.6156302220130605e-08,2.887236701622192e-19,8.716163656738643e-19,0.006324687578479476,0.013035386661567354,3.40230701180085e-31,1.000000000000105e-30,6.411969443011471e-10,2.080224489330904e-09,3.264404714587448e-11,1.0337997545424819e-10
1.274,1365.3265153531042,5.088425582497661,0.17233162959582335,8.939794962115435,0.49231499173503523,0.07302068982029722,7.966453692867517e-06,5.907964959837347e-07,1.8692520849804894e-12,2.2002551938343906e-12,3.462078774304352e-13,8.150272363833112e-13,1.4119216726967738e-07,1.7666505747013203e-07,0.19958985543639307,0.26453617688535663,2.6234919794990213e-15,6.3706680871380105e-15,3.6128246946406706e-13,9.041009776259448e-13,1.90917366069848e-12,1.9702556148111738e-12,4.145736914940961e-06,4.585825382632733e-06,0.012620219108327935,0.014895833910946558,0.2562630697489373,0.5280942948872618,0.032847514369386786,0.10635461856618242,1.0099790559364288e-07,2.1562156155862127e-07,2.747176643226553e-06,6.068710330345296e-06,1.1056683466899613e-06,2.606494635831231e-06,2.1683165249260682e-05,4.4753789514993174e-05,5.672450055761063e-09,1.2128539917183125e-08,1.7903288261791335e-06,3.9607604355030605e-06,3.810775196682886e-11,1.1503145274746346e-10,1.5976325048044578e-18,1.6463962161393883e-18,6.971746280665015e-12,8.218598206840939e-12,4.555729523886553e-12,9.727418758613572e-12,1.476654516085327e-15,2.8266051767485793e-15,1.3154742514575927e-08,2.615630946026118e-08,2.8849775420489516e-19,8.709396243144951e-19,0.006324649327747411,0.013035386661573145,3.402286435172862e-31,1.0000000000001062e-30,6.404913296563788e-10,2.0779478426846764e-09,3.2616922785470405e-11,1.032947004078019e-10
1.2750000000000001,1365.270252219943,5.088569588950254,0.1723267526129672,8.94559789163646,0.49232231866166287,0.07302221752974156,7.962006255794837e-06,5.904702374293229e-07,1.866804194188453e-12,2.1973871055836502e-12,3.457425330074476e-13,8.13936658432106e-13,1.4108506320134276e-07,1.7653211080481758e-07,0.19958436965649648,0.26453050350440455,2.6199333674031308e-15,6.362065071412816e-15,3.6093171635729454e-13,9.032286806156033e-13,1.9062389874631226e-12,1.967238929771103e-12,4.142359409399635e-06,4.582117010627387e-06,0.012617161918605664,0.014892315396841427,0.25626330649483636,0.5280979718773774,0.032848564454723526,0.10635866084872177,1.0096073302306174e-07,2.155435030602568e-07,2.747244995176072e-06,6.068897974002031e-06,1.1050218168824368e-06,2.6049862422742776e-06,2.166034251610037e-05,4.47069536507139e-05,5.665632094247587e-09,1.2114035258897822e-08,1.7891121384353018e-06,3.958092648765351e-06,3.806159620835071e-11,1.1489282153352226e-10,1.5969853509815076e-18,1.645739247982733e-18,6.9680676254885015e-12,8.214311253046557e-12,4.5529025797196955e-12,9.721441358402332e-12,1.475496144030668e-15,2.824404882591118e-15,1.31546667124788e-08,2.615631669335461e-08,2.882720904561686e-19,8.702636283192976e-19,0.006324611134005003,0.013035386661578892,3.402265889201942e-31,1.0000000000001071e-30,6.397871743809899e-10,2.0756758844619056e-09,3.258983960448039e-11,1.0320955381197064e-10
1.276,1365.214014679228,5.088713571564379,0.17232187671339533,8.951400985353128,0.49232963667863716,0.07302374327946537,7.957562957597753e-06,5.901442765724688e-07,1.86436050599349e-12,2.1945239098017846e-12,3.4527801494713315e-13,8.128480054093437e-13,1.4097808510194256e-07,1.763993185665836e-07,0.19957889005566146,0.2645248358660083,2.6163810981661275e-15,6.353477297300696e-15,3.605814566668068e-13,9.023575997329868e-13,1.903310364502481e-12,1.964228434554651e-12,4.1389868312537345e-06,4.578414003187567e-06,0.012614109267922037,0.014888802063912484,0.2562635408914024,0.5281016393214962,0.03284961496971639,0.10636270361478536,1.0092358678916051e-07,2.154654979086874e-07,2.7473132711182063e-06,6.069085397441004e-06,1.1043761747829874e-06,2.603479899789226e-06,2.1637562039776705e-05,4.4660204037799564e-05,5.658827377572137e-09,1.209955863639252e-08,1.7878975044105623e-06,3.95542933775312e-06,3.8015522315205e-11,1.1475443473365075e-10,1.5963383666829303e-18,1.6450824317986577e-18,6.964392603302856e-12,8.210028456425678e-12,4.550078474322923e-12,9.715469860060985e-12,1.4743391427528401e-15,2.822207160446322e-15,1.3154591025102678e-08,2.6156323919433346e-08,2.8804667819166064e-19,8.695883755491463e-19,0.006324572997136399,0.01303538666158468,3.402245373825749e-31,1.000000000000109e-30,6.390844739366348e-10,2.073408600122997e-09,3.25627974999412e-11,1.0312453534719424e-10
1.2770000000000001,1365.157802677711,5.088857530403277,0.17231700189480587,8.957204243238328,0.49233694580187237,0.07302526707308644,7.953123790870715e-06,5.898186128889161e-07,1.861921010323714e-12,2.1916655948389673e-12,3.448143211680343e-13,8.117612724938802e-13,1.4087123271935855e-07,1.7626668044956028e-07,0.19957341662349787,0.2645191739614853,2.6128351558821715e-15,6.344904726799846e-15,3.602316893318719e-13,9.014877323855574e-13,1.900387774937247e-12,1.961224111971174e-12,4.135619169082209e-06,4.574716347960105e-06,0.012611061147089467,0.014885293901775705,0.2562637729455964,0.5281052972433388,0.032850665911317495,0.10636674685634723,1.0088646685095962e-07,2.153875460234277e-07,2.7473814712194188e-06,6.069272601131775e-06,1.103731418516562e-06,2.6019756040810346e-06,2.161482371262078e-05,4.4613540457655254e-05,5.652035870578107e-09,1.2085109975614296e-08,1.7866849194002248e-06,3.952770492282973e-06,3.7969530077305126e-11,1.1461629172392187e-10,1.5956915517316853e-18,1.6444257674552222e-18,6.96072121080231e-12,8.205749813421888e-12,4.547257202432925e-12,9.709504252796303e-12,1.4731835095168337e-15,2.820012005236084e-15,1.3154515452210517e-08,2.6156331138503538e-08,2.878215171932815e-19,8.68913865393177e-19,0.006324534917026023,0.013035386661590423,3.402224888982127e-31,1.0000000000001099e-30,6.383832243351307e-10,2.0711459769123934e-09,3.253579637328752e-11,1.0303964470781386e-10
1.278,1365.101616166647,5.089001465516437,0.17231212815536304,8.963007665265003,0.49234424605289423,0.07302678891505217,7.948688747537143e-06,5.894932458045663e-07,1.859485696759387e-12,2.1888121486350695e-12,3.443514496081246e-13,8.106764549099833e-13,1.407645057873257e-07,1.7613419613014355e-07,0.19956794934397135,0.26451351777466,2.609295524650023e-15,6.336347321917004e-15,3.598824132038738e-13,9.006190757606145e-13,1.897471201589241e-12,1.95822594452054e-12,4.13225641110255e-06,4.571024032190953e-06,0.012608017546974555,0.014881790900109616,0.25626400265870547,0.5281089456549118,0.03285171728214917,0.1063707905837366,1.0084937315511666e-07,2.153096472975785e-07,2.747449595609894e-06,6.069459585463548e-06,1.1030875458407601e-06,2.600473349988225e-06,2.1592127409565766e-05,4.456696265576094e-05,5.64525753360307e-09,1.2070689192871021e-08,1.7854743776809073e-06,3.950116099916953e-06,3.7923619281230434e-11,1.1447839187030116e-10,1.5950449062857727e-18,1.643769255165633e-18,6.957053435002356e-12,8.20147530906781e-12,4.544438758425513e-12,9.703544525043068e-12,1.4720292414752678e-15,2.817819411666652e-15,1.3154439993575418e-08,2.6156338350590396e-08,2.875966066460196e-19,8.682400954383071e-19,0.006324496893558619,0.013035386661596137,3.4022044346090687e-31,1.0000000000001092e-30,6.376834209663515e-10,2.0688880000559067e-09,3.250883612143011e-11,1.0295488157381851e-10
1.2790000000000001,1365.045455093686,5.089145376964838,0.17230725549284248,8.968811251406166,0.49235153744835664,0.07302830880908384,7.944257820204658e-06,5.891681747959792e-07,1.8570545552733772e-12,2.185963559591231e-12,3.4388939820481276e-13,8.095935478802522e-13,1.4065790405433818e-07,1.7600186530316244e-07,0.19956248820592426,0.2645078672958058,2.605762188701687e-15,6.327805044979798e-15,3.595336272220417e-13,8.997516272650525e-13,1.8945606276840063e-12,1.9552339151181985e-12,4.128898545944507e-06,4.567337043580996e-06,0.01260497845844015,0.014878293048586766,0.25626423003683124,0.5281125845781179,0.03285276908000107,0.10637483479162986,1.0081230565997617e-07,2.152318016491699e-07,2.747517644450389e-06,6.069646350892785e-06,1.1024445548617168e-06,2.5989731331704974e-06,2.1569473022343106e-05,4.452047041225262e-05,5.638492331396804e-09,1.2056296213899613e-08,1.7842658744980385e-06,3.94746615035954e-06,3.7877789718085415e-11,1.1434073455236981e-10,1.5943984302032788e-18,1.6431128948338843e-18,6.953389270947348e-12,8.197204937859808e-12,4.541623137054194e-12,9.697590666041019e-12,1.4708763359051759e-15,2.8156293746818643e-15,1.315436464896318e-08,2.615634555570327e-08,2.8737194628345247e-19,8.675670649274366e-19,0.00632445892661927,0.013035386661601868,3.402184010644754e-31,1.00000000000011e-30,6.36985059822348e-10,2.0666346567321754e-09,3.24819166461021e-11,1.0287024564044378e-10
1.28,1364.9893194065926,5.089289264809419,0.17230238390502178,8.974615001634898,0.49235882000475983,0.07302982675887619,7.939831001305916e-06,5.888433993266536e-07,1.8546275757812684e-12,2.1831198160402926e-12,3.434281648937176e-13,8.085125466227314e-13,1.4055142726623785e-07,1.7586968766009212e-07,0.19955703319832727,0.26450222251535044,2.6022351322147644e-15,6.319277858181046e-15,3.5918533031160887e-13,8.988853842704993e-13,1.8916560364147703e-12,1.952248006645179e-12,4.125545562176131e-06,4.563655369761764e-06,0.012601943872384586,0.014874800336919984,0.25626445508615087,0.5281162140349872,0.03285382130257603,0.10637887947441653,1.0077526432155981e-07,2.1515400899125002e-07,2.7475856179007636e-06,6.069832897873665e-06,1.1018024436286243e-06,2.597474949152845e-06,2.1546860439844808e-05,4.447406350138977e-05,5.631740227977511e-09,1.204193096286772e-08,1.7830594049292248e-06,3.944820632943028e-06,3.783204117877404e-11,1.1420331914905936e-10,1.593752123380857e-18,1.642456686403566e-18,6.94972871451365e-12,8.192938695273966e-12,4.538810332975212e-12,9.691642664820664e-12,1.4697247900555002e-15,2.8134418891712108e-15,1.3154289418139427e-08,2.6156352753849707e-08,2.87147535739469e-19,8.668947728023505e-19,0.006324421016093368,0.013035386661607574,3.402163617027532e-31,1.0000000000001097e-30,6.362881367970015e-10,2.0643859338004987e-09,3.245503784842872e-11,1.0278573660097387e-10
1.281,1364.933209056781,5.089433129100062,0.17229751339005325,8.980418915924341,0.49236609374313756,0.073031342768793,7.935408282889925e-06,5.885189188315535e-07,1.852204747996641e-12,2.180280906076456e-12,3.429677476338978e-13,8.074334464103123e-13,1.404450751603276e-07,1.75737662881689e-07,0.19955158430559614,0.2644965834176701,2.598714339461922e-15,6.310765723941777e-15,3.588375213415788e-13,8.980203440076277e-13,1.8887574108198082e-12,1.9492682018215414e-12,4.122197448158937e-06,4.559978998135238e-06,0.012598913779748672,0.014871312754870698,0.2562646778082534,0.5281198340380686,0.03285487395216122,0.10638292464132466,1.0073824908788004e-07,2.1507626921974598e-07,2.7476535160922265e-06,6.070019226796795e-06,1.1011612099462412e-06,2.595978792883553e-06,2.1524289539599493e-05,4.44277416739614e-05,5.625001184446492e-09,1.2027593357701002e-08,1.78185496338076e-06,3.942179535513613e-06,3.778637345238979e-11,1.1406614503379244e-10,1.593105985953969e-18,1.641800630064234e-18,6.946071753439837e-12,8.188676567191729e-12,4.536000340644645e-12,9.685700509983594e-12,1.4685746011146112e-15,2.811256949907668e-15,1.3154214300878666e-08,2.6156359945053583e-08,2.869233742466247e-19,8.662232167930492e-19,0.006324383161866688,0.01303538666161333,3.402143253695945e-31,1.0000000000001106e-30,6.355926473769088e-10,2.062141816797934e-09,3.242819962670555e-11,1.0270135413970589e-10
1.282,1364.8771239904522,5.089576969903132,0.17229264394553173,8.98622299424771,0.49237335867752785,0.07303285684215706,7.930989657850718e-06,5.881947328082311e-07,1.8497860621207584e-12,2.1774468183671323e-12,3.4250814437519795e-13,8.063562424938609e-13,1.4033884749248258e-07,1.7560579067191468e-07,0.19954614151914535,0.26449094999640294,2.595199794815811e-15,6.30226860492319e-15,3.584901992937336e-13,8.971565039891111e-13,1.8858647344265007e-12,1.9462944838710714e-12,4.118854192765273e-06,4.5563079166674054e-06,0.012595888171463948,0.014867830292187884,0.25626489821165616,0.5281234446141642,0.03285592702409393,0.10638697027907408,1.007012599220602e-07,2.1499858226282503e-07,2.747721339199454e-06,6.0702053381485455e-06,1.1005208520745399e-06,2.5944846603836095e-06,2.1501760220885043e-05,4.4381504725632797e-05,5.6182751675938275e-09,1.2013283328484084e-08,1.7806525455192569e-06,3.9395428487049226e-06,3.774078633358414e-11,1.1392921159672626e-10,1.5924600176538397e-18,1.6411447255887182e-18,6.942418387385437e-12,8.184418553546887e-12,4.533193154980512e-12,9.67976419111629e-12,1.467425766422083e-15,2.8090745519531017e-15,1.3154139296944093e-08,2.6156367129314985e-08,2.866994617561619e-19,8.655523967990798e-19,0.006324345363825239,0.013035386661619056,3.4021229205886896e-31,1.000000000000111e-30,6.348985878287897e-10,2.0599022937917607e-09,3.2401401885371095e-11,1.0261709796036645e-10
1.283,1364.8210641594574,5.0897207872677335,0.17228777556963684,8.992027236578274,0.4923806148290388,0.07303436898333623,7.926575118189883e-06,5.878708406879687e-07,1.8473715078902175e-12,2.174617541031906e-12,3.420493530881287e-13,8.052809301725612e-13,1.4023274399986993e-07,1.7547407071128733e-07,0.19954070482328035,0.2644853222357496,2.591691482617996e-15,6.293786463708344e-15,3.581433630348311e-13,8.962938614395291e-13,1.8829779903512764e-12,1.943326835592388e-12,4.11551578438249e-06,4.552642112786669e-06,0.01259286703852672,0.014864352938695403,0.2562651162977427,0.5281270457753471,0.03285698052084583,0.10639101639747982,1.0066429677108582e-07,2.1492094801417824e-07,2.747789087351303e-06,6.0703912323137765e-06,1.0998813677957992e-06,2.5929925465473796e-06,2.1479272360296546e-05,4.433535240523459e-05,5.611562138327825e-09,1.1999000792719982e-08,1.7794521456842663e-06,3.936910560213696e-06,3.769527961243445e-11,1.1379251821416645e-10,1.5918142186419205e-18,1.6404889731930801e-18,6.938768604032059e-12,8.180164640151403e-12,4.530388770418683e-12,9.673833696774187e-12,1.4662782831663391e-15,2.8068946900794687e-15,1.3154064406111601e-08,2.615637430665783e-08,2.864757974449222e-19,8.64882310381905e-19,0.006324307621855418,0.01303538666162476,3.402102617644645e-31,1.0000000000001099e-30,6.342059536091849e-10,2.057667350219845e-09,3.23746445228923e-11,1.025329677477443e-10
1.284,1364.7650295131793,5.089864581250868,0.17228290826028134,8.99783164288937,0.4923878622153968,0.07303587919619435,7.922164656485117e-06,5.875472419447008e-07,1.8449610753667553e-12,2.1717930625722762e-12,3.415913717488706e-13,8.042075047586259e-13,1.4012676443177167e-07,1.7534250269545265e-07,0.1995352742056895,0.2644797001243834,2.5881893873681546e-15,6.285319263261737e-15,3.5779701150194797e-13,8.954324137592166e-13,1.880097162052316e-12,1.940365240135795e-12,4.1121822117417545e-06,4.548981574300746e-06,0.012589850371932802,0.014860880684215207,0.2562653320712213,0.528130637540524,0.03285803444154541,0.1063950629955282,1.0062735959129711e-07,2.1484336638745023e-07,2.7478567606982057e-06,6.07057690972481e-06,1.0992427551669027e-06,2.591502446916186e-06,2.1456825847767443e-05,4.4289284489113754e-05,5.604862061070325e-09,1.1984745675419715e-08,1.7782537589826647e-06,3.934282659433471e-06,3.764985308280587e-11,1.1365606427381143e-10,1.59116858885252e-18,1.6398333728591804e-18,6.935122396240058e-12,8.175914818921367e-12,4.527587181715761e-12,9.66790901619621e-12,1.4651321486419302e-15,2.8047173592613635e-15,1.3153989628152477e-08,2.6156381477095915e-08,2.8625238092670834e-19,8.642129564220214e-19,0.006324269935843859,0.013035386661630462,3.402082344802844e-31,1.0000000000001127e-30,6.335147406515937e-10,2.0554369730667167e-09,3.234792744162886e-11,1.0244896319893291e-10
1.285,1364.7090200005573,5.090008351911265,0.17227804201532002,9.003636213154401,0.49239510085348814,0.0730373874844662,7.917758265268011e-06,5.872239360488531e-07,1.842554754621713e-12,2.1689733715001743e-12,3.411341983320121e-13,8.031359615601779e-13,1.4002090853740812e-07,1.7521108631994334e-07,0.1995298496548837,0.2644740836520501,2.5846934935397206e-15,6.2768669664814456e-15,3.5745114363336164e-13,8.945721583512689e-13,1.8772222330197475e-12,1.9374096806835105e-12,4.108853463582805e-06,4.545326289025716e-06,0.012586838162706284,0.014857413518600912,0.25626554553757436,0.5281342199301639,0.032859088784539386,0.1063991100696675,1.0059044833880402e-07,2.1476583729576977e-07,2.7479243593943615e-06,6.070762370821945e-06,1.0986050122482937e-06,2.5900143570392554e-06,2.1434420573328183e-05,4.424330075380155e-05,5.598174900280835e-09,1.1970517901669805e-08,1.7770573805235202e-06,3.931659135761706e-06,3.760450653905472e-11,1.1351984916479783e-10,1.5905231282080849e-18,1.639177924556495e-18,6.931479758638109e-12,8.171669083856342e-12,4.524788383602269e-12,9.66199013856399e-12,1.463987360138159e-15,2.8025425544627446e-15,1.315391496283693e-08,2.615638864063921e-08,2.86029211812506e-19,8.635443337912515e-19,0.0063242323056775995,0.01303538666163616,3.402062102002502e-31,1.0000000000001152e-30,6.328249448961162e-10,2.0532111493374756e-09,3.232125054413796e-11,1.0236508401162453e-10
1.286,1364.6530355719296,5.090152099303567,0.17227317683274637,9.009440947346834,0.4924023307617742,0.07303889385211716,7.9133559368535e-06,5.869009224547049e-07,1.8401525356323807e-12,2.1661584562159897e-12,3.40677830820854e-13,8.02066295905527e-13,1.399151760618002e-07,1.750798212750043e-07,0.19952443115777735,0.264468472806366,2.58120378562411e-15,6.268429536306644e-15,3.5710575834107145e-13,8.937130925527883e-13,1.8743531866824493e-12,1.9344601403535137e-12,4.10552952854748e-06,4.541676244668315e-06,0.01258383040190682,0.014853951431746658,0.25626575670064355,0.5281377929613308,0.032860143549804856,0.10640315762162057,1.005535629657528e-07,2.146883606437825e-07,2.747991883582985e-06,6.070947616020957e-06,1.0979681369863753e-06,2.5885282721965188e-06,2.1412056421644657e-05,4.419740096474094e-05,5.59150061904696e-09,1.195631739361842e-08,1.7758630050971546e-06,3.929039977889789e-06,3.7559239774896676e-11,1.1338387227428621e-10,1.5898778367355425e-18,1.6385226283620436e-18,6.927840683238561e-12,8.167427425870388e-12,4.521992370693977e-12,9.656077052812683e-12,1.462843914910689e-15,2.8003702705826327e-15,1.3153840409938481e-08,2.6156395797303044e-08,2.8580628952864137e-19,8.628764408037599e-19,0.00632419473124399,0.013035386661641907,3.4020418891830133e-31,1.0000000000001187e-30,6.321365620925369e-10,2.050989865418931e-09,3.229461373172134e-11,1.0228132987951078e-10
1.287,1364.5970761778835,5.090295823481885,0.1722683127105725,9.015245845440194,0.49240955195886027,0.07304039830313126,7.908957663841555e-06,5.865782006375996e-07,1.8377544085293627e-12,2.1633483052997723e-12,3.4022226721787227e-13,8.009985031678083e-13,1.3980956675529782e-07,1.7494870725751692e-07,0.1995190187011341,0.26446286757473586,2.577720248313097e-15,6.2600069361605575e-15,3.567608545633647e-13,8.928552137664439e-13,1.87149000665388e-12,1.9315166024532782e-12,4.102210395445324e-06,4.538031429119787e-06,0.012580827080607147,0.014850494413560678,0.25626596556407377,0.5281413566506635,0.03286119873750387,0.10640720565370505,1.0051670342764714e-07,2.1461093634328326e-07,2.7480593334071583e-06,6.0711326457371236e-06,1.0973321274160844e-06,2.587044187876204e-06,2.1389733282004204e-05,4.415158489689914e-05,5.584839181712299e-09,1.1942144076094649e-08,1.7746706277512964e-06,3.926425175077769e-06,3.751405258598989e-11,1.1324813299525956e-10,1.5892327144140709e-18,1.637867484303517e-18,6.92420516124628e-12,8.163189834924524e-12,4.5191991377728495e-12,9.650169748230942e-12,1.461701810272122e-15,2.798200502628527e-15,1.315376596923195e-08,2.6156402947104267e-08,2.8558361360790424e-19,8.62209276094975e-19,0.006324157212430559,0.013035386661647585,3.402021706283889e-31,1.0000000000001183e-30,6.314495881540004e-10,2.0487731082271168e-09,3.226801690724434e-11,1.0219770050121139e-10
1.288,1364.5411417663631,5.090439524508873,0.1722634496465218,9.021050907408082,0.4924167644596547,0.07304190084094009,7.904563439011924e-06,5.862557700861286e-07,1.8353603635859243e-12,2.160542907498655e-12,3.3976750551254536e-13,7.999325786892238e-13,1.397040803734838e-07,1.7481774397087585e-07,0.19951361227540174,0.264457267949431,2.5742428662319985e-15,6.2515991293023884e-15,3.5641643127427285e-13,8.919985194841212e-13,1.8686326766999452e-12,1.928579050446575e-12,4.098896053231573e-06,4.534391830431454e-06,0.012577828189898296,0.014847042453971143,0.25626617213513603,0.528144911022243,0.032862254344158605,0.10641125415644628,1.0047986968449598e-07,2.145335643156626e-07,2.7481267090312964e-06,6.071317460432518e-06,1.0966969817232564e-06,2.5855620999218206e-06,2.13674510506657e-05,4.410585233961807e-05,5.57819055443396e-09,1.192799787780052e-08,1.773480243939543e-06,3.923814717482773e-06,3.746894476991249e-11,1.1311263072645355e-10,1.5885877610677273e-18,1.6372124922485845e-18,6.920573190584557e-12,8.158956308899164e-12,4.516408679714102e-12,9.644268214304992e-12,1.4605610435676712e-15,2.796033245669781e-15,1.3153691640486315e-08,2.615641009004656e-08,2.853611838400625e-19,8.615428390760059e-19,0.006324119749125281,0.013035386661653211,3.4020015532448657e-31,1.0000000000001153e-30,6.307640192474088e-10,2.046560865500572e-09,3.2241459975597965e-11,1.0211419558173588e-10
1.289,1364.4852322887555,5.0905832024367665,0.17225858763867066,9.026856133224154,0.4924239682832857,0.07304340146959781,7.90017325469408e-06,5.859336302554078e-07,1.83297039084641e-12,2.157742251289466e-12,3.3931354371249856e-13,7.988685178543755e-13,1.3959871666240698e-07,1.7468693110651246e-07,0.1995082118667813,0.2644516739170794,2.5707716240479623e-15,6.243206079090375e-15,3.5607248738735227e-13,8.911430070461286e-13,1.8657811804012006e-12,1.925647467604868e-12,4.09558649062388e-06,4.530757436390769e-06,0.012574833720917613,0.014843595542959416,0.2562663764168178,0.5281484560912972,0.03286331037056944,0.10641530313421767,1.004430616876491e-07,2.1445624446380227e-07,2.748194010592456e-06,6.071502060508506e-06,1.0960626978350903e-06,2.58408200356668e-06,2.1345209611742595e-05,4.406020305715457e-05,5.571554700242556e-09,1.1913878720747832e-08,1.772291848399136e-06,3.921208593676138e-06,3.742391612215167e-11,1.1297736486024974e-10,1.5879429767628069e-18,1.636557652314431e-18,6.916944762013969e-12,8.154726837229274e-12,4.513620991153844e-12,9.638372440009023e-12,1.459421612069316e-15,2.793868494635012e-15,1.3153617423478377e-08,2.615641722614785e-08,2.8513899958160554e-19,8.608771278496876e-19,0.006324082341216482,0.013035386661658882,3.401981430005863e-31,1.0000000000001157e-30,6.300798511059043e-10,2.0443531235696753e-09,3.221494283860345e-11,1.0203081481634668e-10
1.29,1364.4293476964567,5.090726857318015,0.17225372668508884,9.032661522862128,0.4924311634486969,0.07304490019312836,7.895787103322874e-06,5.856117806082928e-07,1.8305844804281706e-12,2.1549463252341637e-12,3.388603798345165e-13,7.978063160691121e-13,1.3949347537041187e-07,1.745562683586986e-07,0.19950281746164836,0.264446085464528,2.5673065065154118e-15,6.234827749092194e-15,3.5572902182781004e-13,8.902886738217085e-13,1.8629355014380135e-12,1.9227218373016337e-12,4.09228169641873e-06,4.527128234871375e-06,0.01257184366482171,0.014840153670528206,0.2562665784122343,0.5281519918732956,0.03286436681739685,0.10641935259093528,1.0040627938974383e-07,2.1437897669331305e-07,2.748261238228628e-06,6.071686446368286e-06,1.0954292737162654e-06,2.5826038941320215e-06,2.132300885131167e-05,4.4014636817803035e-05,5.5649315827129495e-09,1.1899786528107386e-08,1.77110543597375e-06,3.918606792463839e-06,3.7378966439305686e-11,1.1284233479234241e-10,1.5872983615438193e-18,1.6359029645956649e-18,6.913319866129636e-12,8.15050140915364e-12,4.510836066790752e-12,9.632482414449425e-12,1.4582835130723605e-15,2.7917062444969608e-15,1.3153543317985613e-08,2.6156424355426267e-08,2.849170602561868e-19,8.602121407214659e-19,0.006324044988592697,0.013035386661664556,3.4019613365069195e-31,1.0000000000001157e-30,6.29397079533406e-10,2.042149868993642e-09,3.218846539884662e-11,1.0194755790270377e-10
1.291,1364.3734879401459,5.09087048920754,0.17224886678376275,9.038467076295785,0.4924383499737323,0.07304639701538988,7.891404977670308e-06,5.852902206325704e-07,1.8282026226374184e-12,2.152155118116229e-12,3.384080119074648e-13,7.967459687674137e-13,1.3938835625263385e-07,1.7442575543017287e-07,0.19949742904746962,0.2644405025800585,2.56384749854601e-15,6.22646410325492e-15,3.5538603355792806e-13,8.894355172726711e-13,1.8600956237042664e-12,1.919802143129729e-12,4.088981659615654e-06,4.52350421397054e-06,0.012568858012777016,0.014836716826690471,0.2562667781255504,0.5281555183858505,0.03286542368424181,0.10642340252708053,1.0036952274826069e-07,2.1430176092012772e-07,2.748328392084998e-06,6.0718706184307435e-06,1.0947967074690272e-06,2.5811277672629933e-06,2.1300848662288616e-05,4.396915340395993e-05,5.558321167241766e-09,1.1885721226940894e-08,1.7699210018964123e-06,3.916009303512471e-06,3.7334095520300057e-11,1.1270753992541102e-10,1.5866539153541677e-18,1.6352484290825756e-18,6.909698495030828e-12,8.146280015683287e-12,4.508053901515135e-12,9.626598127140448e-12,1.4571467439369123e-15,2.789546490351915e-15,1.3153469323784506e-08,2.6156431477896916e-08,2.8469536547140913e-19,8.595478765520056e-19,0.006324007691142746,0.013035386661670255,3.401941272688225e-31,1.0000000000001167e-30,6.287157005773743e-10,2.0399510891210985e-09,3.2162027561040856e-11,1.0186442454518195e-10
1.292,1364.317652967844,5.09101409816889,0.17224400793238742,9.044272793498978,0.492445527872454,0.07304789193967491,7.887026870555962e-06,5.849689498194663e-07,1.8258248078623626e-12,2.149368618814817e-12,3.3795643794132254e-13,7.956874713384592e-13,1.392833590671765e-07,1.7429539202735216e-07,0.19949204661548062,0.2644349252569292,2.560394584912962e-15,6.218115105186733e-15,3.550435215641478e-13,8.8858353492105e-13,1.8572615311829903e-12,1.916888368772987e-12,4.0856863692936465e-06,4.519885361872332e-06,0.012565876755974165,0.014833285001485992,0.25626697556463307,0.5281590356541699,0.03286648096698708,0.10642745293108749,1.0033279172353524e-07,2.1422459706625017e-07,2.748395472327901e-06,6.072054577161107e-06,1.0941649973041827e-06,2.579653618860207e-06,2.127872894238593e-05,4.3923752607907655e-05,5.551723420459028e-09,1.1871682746942594e-08,1.768738541682094e-06,3.913416117111525e-06,3.7289303165353637e-11,1.1257297966599584e-10,1.5860096380078468e-18,1.6345940456319125e-18,6.9060806480327435e-12,8.142062656335333e-12,4.505274490235101e-12,9.620719567632734e-12,1.456011302031212e-15,2.7873892273111422e-15,1.315339544064526e-08,2.6156438593560644e-08,2.8447391503433387e-19,8.588843348040059e-19,0.006323970448755844,0.013035386661675929,3.401921238490192e-31,1.0000000000001174e-30,6.280357104626808e-10,2.037756771875484e-09,3.21356292312912e-11,1.0178141445253755e-10
1.293,1364.2618427331654,5.091157684248483,0.1722391501292381,9.050078674445613,0.49245269716596934,0.07304938497031804,7.882652774002546e-06,5.846479676010286e-07,1.823451026074413e-12,2.1465868157176225e-12,3.3750565596990395e-13,7.946308192272314e-13,1.3917848355517203e-07,1.7416517783538408e-07,0.19948667014983504,0.2644293534789986,2.5569477504040043e-15,6.209780718528629e-15,3.5470148472730563e-13,8.877327240243559e-13,1.854433207494698e-12,1.913980497540099e-12,4.0823958140961776e-06,4.5162716662779985e-06,0.0125628998856643,0.014829858185024579,0.25626717073024263,0.5281625436887925,0.032867538668621445,0.10643150381439634,1.0029608626101153e-07,2.1414748502186915e-07,2.7484624790784767e-06,6.072238322924524e-06,1.093534140988272e-06,2.5781814437764263e-06,2.1256649568369482e-05,4.387843417867578e-05,5.545138303584506e-09,1.1857671006232934e-08,1.7675580496140646e-06,3.910827220824469e-06,3.7244589170584215e-11,1.1243865340821572e-10,1.5853655297269363e-18,1.6339398145208852e-18,6.902466312417807e-12,8.137849316439654e-12,4.502497827431266e-12,9.614846724562651e-12,1.4548771845901507e-15,2.7852344502301045e-15,1.3153321668350646e-08,2.6156445702442116e-08,2.8425270803129503e-19,8.582215127639973e-19,0.006323933261321515,0.013035386661681586,3.401901233853386e-31,1.0000000000001167e-30,6.2735710466629e-10,2.0355669027527624e-09,3.2109270310234837e-11,1.0169852731618513e-10
1.294,1364.2060571858456,5.091301247504973,0.17223429337217627,9.055884719109663,0.49245985787025853,0.0730508761108915,7.878282681280693e-06,5.843272735017936e-07,1.821081267893924e-12,2.143809697975512e-12,3.370556640477442e-13,7.935760079271978e-13,1.390737294824599e-07,1.7403511257030524e-07,0.1994812996398313,0.26442378723693594,2.553506980215843e-15,6.201460907912434e-15,3.5435992206731007e-13,8.868830821879542e-13,1.851610636922336e-12,1.9110785134225046e-12,4.079109983362105e-06,4.512663115657139e-06,0.012559927393069843,0.014826436367380971,0.2562673636282287,0.5281660425107314,0.03286859678702435,0.10643555517189936,1.0025940632519791e-07,2.1407042471786184e-07,2.7485294124927136e-06,6.072421856162982e-06,1.0929041368290523e-06,2.5767112381400227e-06,2.1234610443451644e-05,4.383319791987098e-05,5.538565784789317e-09,1.184368593779248e-08,1.7663795215040181e-06,3.908242605595709e-06,3.719995333927053e-11,1.1230456056776876e-10,1.5847215903080157e-18,1.6332857355880671e-18,6.898855483080453e-12,8.13363999029947e-12,4.4997239082816285e-12,9.608979588054538e-12,1.453744389075557e-15,2.783082154398235e-15,1.3153248006676299e-08,2.6156452804551047e-08,2.8403174434888016e-19,8.575594101344927e-19,0.006323896128729475,0.013035386661687243,3.401881258718485e-31,1.0000000000001173e-30,6.266798796046269e-10,2.033381470296368e-09,3.208295070609224e-11,1.0161576285153514e-10
1.295,1364.1502962760192,5.091444787996163,0.1722294376590929,9.061690927465166,0.492467010001462,0.07305236536498624,7.873916585064127e-06,5.840068670019356e-07,1.818715523685891e-12,2.1410372544378926e-12,3.366064602121086e-13,7.925230328908328e-13,1.3896909660464566e-07,1.739051959353095e-07,0.1994759350745752,0.2644182265211351,2.5500722592874508e-15,6.193155637341429e-15,3.5401883255053853e-13,8.860346068829926e-13,1.8487938035134707e-12,1.908182400167679e-12,4.075828866151529e-06,4.509059698169857e-06,0.012556959269462938,0.014823019538686795,0.25626755426419956,0.5281695321404657,0.032869655320311206,0.1064396069992455,1.0022275187269636e-07,2.139934160681988e-07,2.748596272721913e-06,6.072605177307715e-06,1.0922749829295621e-06,2.575242997596228e-06,2.1212611460588257e-05,4.3788043613912715e-05,5.532005829552629e-09,1.1829727468840508e-08,1.7652029525686212e-06,3.905662261052203e-06,3.7155395472409066e-11,1.1217070055341971e-10,1.5840778196844878e-18,1.6326318088128744e-18,6.895248155459042e-12,8.129434672858065e-12,4.496952727627666e-12,9.603118147512475e-12,1.4526129128439834e-15,2.7809323349028316e-15,1.3153174455398163e-08,2.615645989989587e-08,2.8381102359069577e-19,8.5689802576346055e-19,0.006323859050869872,0.013035386661692867,3.4018613130263924e-31,1.0000000000001157e-30,6.260040313353174e-10,2.0312004618847386e-09,3.2056670324328316e-11,1.0153312076524416e-10
1.296,1364.0945599555616,5.091588305774684,0.17222458298805424,9.067497299486224,0.49247415357776847,0.07305385273649441,7.869554477757232e-06,5.836867475615776e-07,1.8163537836923931e-12,2.138269473808683e-12,3.3615804250983123e-13,7.914718895928315e-13,1.3886458467198773e-07,1.737754276268684e-07,0.19947057644110502,0.2644126713192376,2.5466435725720877e-15,6.184864870851158e-15,3.5367821511018013e-13,8.851872954973401e-13,1.845982691226489e-12,1.9052921414300864e-12,4.072552451395801e-06,4.505461401832833e-06,0.012553995506153425,0.014819607689116839,0.25626774264165464,0.5281730125941073,0.03287071426869567,0.10644365929887403,1.001861228551741e-07,2.139164589762951e-07,2.7486630599036516e-06,6.0727882867594105e-06,1.0916466772498396e-06,2.5737767174527048e-06,2.1190652506015798e-05,4.374297102933563e-05,5.525458401632606e-09,1.1815795522911494e-08,1.764028337625606e-06,3.903086175937421e-06,3.711091537002944e-11,1.1203707277097453e-10,1.583434217920177e-18,1.6319780343090206e-18,6.891644321604227e-12,8.125233355063669e-12,4.494184280167227e-12,9.597262392032474e-12,1.451482753209131e-15,2.7787849867486467e-15,1.3153101014296182e-08,2.6156466988491895e-08,2.8359054513256683e-19,8.562373578109887e-19,0.0063238220276331325,0.013035386661698461,3.4018413967181696e-31,1.0000000000001143e-30,6.253295556775461e-10,2.0290238641218728e-09,3.203042906877964e-11,1.0145060075878816e-10
1.297,1364.0388481782675,5.091731800887418,0.17221972935732155,9.073303835146985,0.49248128861971,0.07305533822965318,7.86519635190109e-06,5.833669146509093e-07,1.8139960382167264e-12,2.1355063448630896e-12,3.3571040901612844e-13,7.90422573574411e-13,1.387601934364095e-07,1.7364580734350665e-07,0.19946522372410347,0.2644071216157513,2.5432209052628123e-15,6.176588573057144e-15,3.53338068681385e-13,8.843411454235589e-13,1.8431772841203225e-12,1.9024077209670063e-12,4.0692807280994185e-06,4.501868214742703e-06,0.012551036094468565,0.01481620080886516,0.2562679287617022,0.5281764838828208,0.032871773634775975,0.10644771208094243,1.0014951922436015e-07,2.1383955334567913e-07,2.748729774161865e-06,6.072971184888423e-06,1.0910192177339633e-06,2.5723123929790765e-06,2.1168733465749292e-05,4.369797993420277e-05,5.5189234647943e-09,1.1801890023550064e-08,1.7628556714653325e-06,3.900514338933459e-06,3.706651283308575e-11,1.1190367662899058e-10,1.582790785135288e-18,1.631324412248217e-18,6.888043968679596e-12,8.121036022101612e-12,4.491418560687178e-12,9.591412310899325e-12,1.450353907516917e-15,2.7766401050016097e-15,1.3153027683155718e-08,2.6156474070364213e-08,2.833703082857891e-19,8.555774042421738e-19,0.006323785058909956,0.013035386661704092,3.401821509735007e-31,1.0000000000001138e-30,6.246564484392911e-10,2.0268516635746356e-09,3.200422684355328e-11,1.0136820253447689e-10
1.298,1363.983160891884,5.09187527340036,0.17221487676450997,9.07911053442168,0.4924884151397151,0.07305682184749403,7.860842200819254e-06,5.830473677980771e-07,1.8116422780245086e-12,2.1327478569197743e-12,3.352635577865294e-13,7.893750803301203e-13,1.3865592266769755e-07,1.7351633480607006e-07,0.19945987691636127,0.26440157740591663,2.5398042425585e-15,6.1683267085865565e-15,3.5299839231075596e-13,8.834961543329321e-13,1.840377566708432e-12,1.899529123003873e-12,4.066013685751083e-06,4.498280125530751e-06,0.012548081025726762,0.014812798888113848,0.25626811263349303,0.528179946034319,0.03287283341308811,0.10645176532949503,1.0011294094702864e-07,2.1376269911198223e-07,2.7487964156701776e-06,6.073153872174594e-06,1.090392602787486e-06,2.5708500205325476e-06,2.1146854247558206e-05,4.365307014146939e-05,5.512400988454604e-09,1.1788010906382287e-08,1.7616849501495575e-06,3.897946741534661e-06,3.702218766783601e-11,1.1177051155199674e-10,1.5821475210223652e-18,1.6306709423612605e-18,6.884447097945232e-12,8.116842675775878e-12,4.4886555643963255e-12,9.5855678942974e-12,1.4492263732507817e-15,2.7744976849903925e-15,1.3152954461748603e-08,2.6156481145509587e-08,2.8315031310546885e-19,8.549181652677297e-19,0.0063237481445913265,0.013035386661709709,3.4018016520182697e-31,1.0000000000001138e-30,6.239847062090551e-10,2.02468384934171e-09,3.1978063558807927e-11,1.012859258137634e-10
1.299,1363.9274980500963,5.092018723361328,0.17221002520785003,9.084917397284588,0.4924955331576415,0.0730583035941469,7.85649201670964e-06,5.82728106447658e-07,1.8092924933108902e-12,2.1299939986250232e-12,3.348174868893621e-13,7.883294053843307e-13,1.385517721127452e-07,1.7338700970672323e-07,0.19945453600320034,0.26439603867505873,2.536393569522208e-15,6.1600792417342395e-15,3.5265918490814746e-13,8.826523195542625e-13,1.8375835229857283e-12,1.8966563312299322e-12,4.0627513132351535e-06,4.494697122158652e-06,0.012545130291320547,0.014809401917130982,0.25626829425867165,0.5281833990608175,0.032873893605670126,0.1064558190528644,1.0007638797059998e-07,2.1368589616949033e-07,2.74886298455319e-06,6.073336348989162e-06,1.089766830253022e-06,2.5693895951426335e-06,2.112501473235743e-05,4.360824140864099e-05,5.505890935066287e-09,1.177415809213724e-08,1.7605161681656385e-06,3.895383371750997e-06,3.697793967482901e-11,1.1163757694724517e-10,1.5815044257632696e-18,1.630017624883129e-18,6.880853698581175e-12,8.112653303646978e-12,4.485895285889872e-12,9.579729131099281e-12,1.448100147700954e-15,2.7723577216732355e-15,1.3152881349859712e-08,2.615648821394934e-08,2.82930558749333e-19,8.542596383887666e-19,0.006323711284568601,0.013035386661715342,3.4017818235095106e-31,1.0000000000001146e-30,6.233143246200883e-10,2.022520407421453e-09,3.195193911754557e-11,1.0120377029540886e-10
1.3,1363.8718596042404,5.0921621508256445,0.17220517468531876,9.090724423710057,0.49250264269022376,0.07305978347327634,7.852145792805714e-06,5.824091301209689e-07,1.8069466747991653e-12,2.1272447592461227e-12,3.3437219441906847e-13,7.872855443226029e-13,1.3844774153843733e-07,1.7325783176261926e-07,0.19944920097307225,0.26439050541264153,2.5329888716227358e-15,6.151846137778111e-15,3.523204454931072e-13,8.818096386906916e-13,1.8347951374957714e-12,1.8937893298997803e-12,4.059493600006911e-06,4.491119193218766e-06,0.012542183882622763,0.014806009886160204,0.2562684736419744,0.5281868429808881,0.03287495421145731,0.1064598732493323,1.0003986025758331e-07,2.1360914444469e-07,2.748929480957824e-06,6.073518615752517e-06,1.089141898393697e-06,2.5679311128299134e-06,2.1103214821781435e-05,4.3563493535980316e-05,5.499393272541836e-09,1.1760331513214949e-08,1.7593493211965056e-06,3.892824220237018e-06,3.6933768660482186e-11,1.1150487223966714e-10,1.580861499225261e-18,1.629364459724447e-18,6.877263763937737e-12,8.108467898191223e-12,4.483137720345955e-12,9.57389601142116e-12,1.4469752283477787e-15,2.7702202103718736e-15,1.3152808347269869e-08,2.615649527569589e-08,2.827110449859868e-19,8.536018229506779e-19,0.006323674478733323,0.013035386661720973,3.401762024150384e-31,1.0000000000001148e-30,6.226453000395303e-10,2.0203613261927815e-09,3.192585342879278e-11,1.0112173569723446e-10
1.301,1363.8162455044594,5.092305555852693,0.1722003251947564,9.096531613672498,0.49250974375228435,0.07306126148825877,7.84780352196087e-06,5.820904383110511e-07,1.8046048130781166e-12,2.1245001278911882e-12,3.3392767844693723e-13,7.862434926756635e-13,1.3834383070619961e-07,1.7312880068404526e-07,0.19944387181631654,0.26438497761061386,2.5295901340711984e-15,6.143627361367744e-15,3.5198217306140593e-13,8.809681092856197e-13,1.8320123946587726e-12,1.8909281031397143e-12,4.05624053536847e-06,4.487546327132941e-06,0.012539241791046247,0.0148026227854907,0.2562686507899678,0.5281902778168414,0.0328760152275429,0.10646392791120857,1.000033577666746e-07,2.135324438559022e-07,2.748995905039336e-06,6.0737006729031e-06,1.0885178053917163e-06,2.566474569423716e-06,2.108145441305336e-05,4.3518826314629004e-05,5.492907967617986e-09,1.1746531099496462e-08,1.7581844046720975e-06,3.890269277086627e-06,3.688967443020961e-11,1.1137239685112326e-10,1.5802187412981246e-18,1.6287114468188938e-18,6.873677291430528e-12,8.104286456676854e-12,4.480382862722778e-12,9.568068524908006e-12,1.4458516126035866e-15,2.7680851462772665e-15,1.3152735453756869e-08,2.6156502330753922e-08,2.824917715083756e-19,8.529447180702604e-19,0.006323637726977438,0.013035386661726572,3.4017422538827734e-31,1.000000000000115e-30,6.219776286850389e-10,2.018206593548795e-09,3.18998064003965e-11,1.0103982173330014e-10
1.302,1363.7606557051145,5.092448938488961,0.1721954767344398,9.102338967146377,0.49251683636396054,0.07306273764325655,7.843465196642835e-06,5.817720304822686e-07,1.8022668985278679e-12,2.1217600934219287e-12,3.334839370720791e-13,7.8520324603945e-13,1.3824003936855955e-07,1.7299991617012303e-07,0.19943854851793522,0.264379455253838,2.5261973422084185e-15,6.135422877465379e-15,3.5164436654924393e-13,8.801277287331418e-13,1.8292352787351063e-12,1.8880726349101193e-12,4.052992108407868e-06,4.483978512085236e-06,0.012536304008045665,0.01479924060545975,0.2562688257038504,0.5281937035799052,0.03287707665638295,0.10646798304816589,9.996688044804729e-08,2.1345579430323229e-07,2.74906225691982e-06,6.073882520805889e-06,1.0878945491657646e-06,2.5650199601316497e-06,2.1059733391266973e-05,4.3474239510675965e-05,5.486434983933927e-09,1.1732756774234365e-08,1.7570214133003625e-06,3.887718530795431e-06,3.6845656787493056e-11,1.1124015019760178e-10,1.579576152135227e-18,1.6280585863717053e-18,6.8700942691294765e-12,8.100108965352328e-12,4.477630707779576e-12,9.562246660778592e-12,1.4447292978205716e-15,2.765952524464753e-15,1.315266266910826e-08,2.615650937914653e-08,2.82272737552561e-19,8.522883214846711e-19,0.006323601029193144,0.013035386661732132,3.4017225126486816e-31,1.0000000000001127e-30,6.213113063397182e-10,2.0160561959718085e-09,3.187379793718852e-11,1.0095802810809306e-10
1.303,1363.705090158041,5.092592298789056,0.17219062930237153,9.108146484106223,0.49252392054188016,0.0730642119419083,7.839130809681655e-06,5.814539061257848e-07,1.7999329217509235e-12,2.119024644961077e-12,3.330409683894052e-13,7.841647999997091e-13,1.381363672863792e-07,1.7287117793037328e-07,0.1994332310664359,0.26437393833180994,2.5228104814130538e-15,6.127232651122754e-15,3.5130702494376605e-13,8.79288494554644e-13,1.8264637742178975e-12,1.885222909410669e-12,4.049748308446775e-06,4.480415736517203e-06,0.012533370525082793,0.01479586333641164,0.2562689983882717,0.5281971202883969,0.032878138496967586,0.10647203865864839,9.993042825859377e-08,2.133791957011122e-07,2.7491285367425275e-06,6.07406415987235e-06,1.0872721278406005e-06,2.563567280646776e-06,2.103805165129966e-05,4.342973291039219e-05,5.479974287685472e-09,1.1719008466144005e-08,1.7558603423577034e-06,3.885171971116008e-06,3.6801715538523736e-11,1.1110813170323154e-10,1.578933731703755e-18,1.6274058783960987e-18,6.8665146908072945e-12,8.095935417188756e-12,4.4748812504733666e-12,9.55643040867268e-12,1.4436082814170592e-15,2.7638223401357673e-15,1.3152589993106658e-08,2.6156516420885773e-08,2.8205394270666208e-19,8.516326319938948e-19,0.006323564385272997,0.013035386661737775,3.4017028003903027e-31,1.000000000000115e-30,6.206463291379522e-10,2.0139101210832123e-09,3.1847827946835084e-11,1.0087635453505525e-10
1.304,1363.6495488165438,5.092735636803259,0.17218578289670106,9.113954164526621,0.49253099630443253,0.07306568438811115,7.834800353960154e-06,5.811360647366046e-07,1.7976028733773174e-12,2.116293771663014e-12,3.325987705141994e-13,7.831281501898582e-13,1.3803281422096338e-07,1.7274258567484066e-07,0.1994279194485507,0.26436842683166006,2.519429537226021e-15,6.119056647783342e-15,3.509701472293445e-13,8.784504042643628e-13,1.8236978656624625e-12,1.882378910904296e-12,4.046509124842209e-06,4.476857988908545e-06,0.01253044133364083,0.01479249096871461,0.25626916884607603,0.5282005279568911,0.03287920075008818,0.10647609474692908,9.989400115459271e-08,2.1330264796264464e-07,2.749194744640316e-06,6.0742455904907664e-06,1.0866505395124797e-06,2.562116526594545e-06,2.101640908704223e-05,4.338530629799813e-05,5.473525844860758e-09,1.17052861034922e-08,1.754701187051778e-06,3.882629587648036e-06,3.675785049007445e-11,1.1097634079385854e-10,1.5782914800241591e-18,1.6267533229600694e-18,6.862938546961858e-12,8.091765801295057e-12,4.4721344858003385e-12,9.550619758312366e-12,1.4424885608271963e-15,2.7616945885215383e-15,1.3152517425538333e-08,2.6156523455989888e-08,2.8183538645944185e-19,8.509776480977751e-19,0.006323527795109713,0.0130353866617434,3.4016831170499237e-31,1.0000000000001148e-30,6.199826931772329e-10,2.0117683563839486e-09,3.1821896337010683e-11,1.0079480072763211e-10
1.305,1363.5940316287338,5.092878952598287,0.17218093751502245,9.119762008382233,0.49253806366298625,0.07306715498471719,7.830473822995421e-06,5.808185058567017e-07,1.7952767444172552e-12,2.1135674631289145e-12,3.32157341543955e-13,7.820932922011216e-13,1.37929379948329e-07,1.7261413913194954e-07,0.19942261365803193,0.26436292074981027,2.516054495177077e-15,6.110894832861107e-15,3.506337324826507e-13,8.776134556073351e-13,1.8209375379997256e-12,1.8795406240406804e-12,4.043274547350539e-06,4.473305258179792e-06,0.012527516425201531,0.014789123492733727,0.25626933708705435,0.5282039266142549,0.032880263409565555,0.10648015129470223,9.985759910476254e-08,2.1322615102747404e-07,2.749260880788479e-06,6.074426813142892e-06,1.086029782661975e-06,2.560667694506129e-06,2.099480561042403e-05,4.3340959494938046e-05,5.467089626126744e-09,1.169158962454709e-08,1.7535439436474121e-06,3.880091372329576e-06,3.671406145334852e-11,1.1084477690866564e-10,1.5776493967570976e-18,1.6261009197606352e-18,6.85936584049738e-12,8.087600121406808e-12,4.469390409097455e-12,9.544814700146084e-12,1.441370133596589e-15,2.759569265066164e-15,1.315244496617795e-08,2.6156530484452646e-08,2.816170689220882e-19,8.503233701753641e-19,0.006323491258596387,0.013035386661749013,3.401663462570048e-31,1.0000000000001148e-30,6.193203952023823e-10,2.0096308914747194e-09,3.1796003020418665e-11,1.0071336641517447e-10
1.306,1363.5385385497993,5.09302224621918,0.1721760931556632,9.12557001564777,0.49254512263782263,0.07306862373589673,7.826151209052797e-06,5.805012289351213e-07,1.7929545252410881e-12,2.1108457082058728e-12,3.3171667959398217e-13,7.810602216663666e-13,1.378260642187421e-07,1.7248583799786534e-07,0.1994173136796733,0.2643574200707903,2.5126853406743292e-15,6.10274717147213e-15,3.5029777962555593e-13,8.767776459409227e-13,1.8181827755786621e-12,1.8767080328678763e-12,4.040044565049116e-06,4.469757532499223e-06,0.012524595791326,0.014785760898926173,0.25626950311201663,0.5282073162708139,0.032881326478206824,0.1064842083127573,9.982122205590158e-08,2.1314970478841695e-07,2.7493269453042884e-06,6.074607828181971e-06,1.085409855127888e-06,2.5592207793990835e-06,2.0973241102885257e-05,4.329669225970133e-05,5.460665594257967e-09,1.1677918950694106e-08,1.7523886066171058e-06,3.877557313131966e-06,3.6670348233076247e-11,1.1071343946725258e-10,1.5770074821280237e-18,1.6254486690768057e-18,6.8557965595543185e-12,8.083438363851263e-12,4.4666490150215325e-12,9.53901522316829e-12,1.4402529970565325e-15,2.757446364802901e-15,1.3152372614815603e-08,2.6156537506297015e-08,2.8139898918570254e-19,8.49669795525496e-19,0.006323454775626477,0.013035386661754607,3.4016438368933593e-31,1.0000000000001146e-30,6.186594308734544e-10,2.007497712435524e-09,3.1770147901644767e-11,1.0063205130129684e-10
1.307,1363.4830695337391,5.093165517714824,0.17217124981682122,9.131378186298004,0.49255217324759987,0.0730700906455776,7.821832505111762e-06,5.801842334738158e-07,1.7906362065823826e-12,2.108128496167868e-12,3.3127678280284605e-13,7.800289342729346e-13,1.37722866796074e-07,1.7235768198575256e-07,0.19941201949989587,0.2643519247812792,2.5093220594437335e-15,6.094613629502236e-15,3.4996228765306256e-13,8.759429728053336e-13,1.8154335631347615e-12,1.873881121831993e-12,4.036819167409833e-06,4.466214800470733e-06,0.012521679423566719,0.014782403177737852,0.2562696669233609,0.5282106969401543,0.032882389957217324,0.10648826580669404,9.978486996483837e-08,2.1307330915969178e-07,2.74939293831718e-06,6.074788635987983e-06,1.084790755025242e-06,2.5577757769418703e-06,2.0951715459579215e-05,4.3252504379072815e-05,5.454253715653439e-09,1.1664274011065484e-08,1.7512351712226062e-06,3.875027399772176e-06,3.6626710638103424e-11,1.1058232790160788e-10,1.5763657361645783e-18,1.62479657098361e-18,6.8522306937917625e-12,8.079280516745248e-12,4.463910298633648e-12,9.533221317235602e-12,1.4391371486711601e-15,2.7553258830188765e-15,1.3152300371240355e-08,2.6156544521543187e-08,2.8118114675551753e-19,8.490169226972934e-19,0.0063234183460936155,0.013035386661760183,3.4016242399626353e-31,1.0000000000001132e-30,6.179997963354078e-10,2.005368806919109e-09,3.174433088933674e-11,1.0055085510245911e-10
1.308,1363.4276245318324,5.093308767142845,0.1721664074963994,9.137186520307766,0.49255921550716075,0.07307155571711839,7.817517704277063e-06,5.798675189839547e-07,1.7883217792903209e-12,2.1054158164242354e-12,3.308376492930557e-13,7.789994256700644e-13,1.3761978744849506e-07,1.7222967081412502e-07,0.19940673110892768,0.2643464348729892,2.5059646371108547e-15,6.0864941725910815e-15,3.4962725559116677e-13,8.751094338181395e-13,1.812689885525026e-12,1.871059875503643e-12,4.03359834402088e-06,4.462677050825924e-06,0.012518767313492989,0.014779050319633133,0.2562698285272356,0.5282140686435686,0.032883453844036334,0.10649232376991132,9.974854279228171e-08,2.1299696406378276e-07,2.7494588599784146e-06,6.074969236988878e-06,1.0841724806039161e-06,2.556332683120512e-06,2.09302285817604e-05,4.3208395652418655e-05,5.447853958286247e-09,1.1650654738155337e-08,1.7500836330842463e-06,3.872501622759836e-06,3.6583148478885617e-11,1.1045144164854155e-10,1.5757241587476038e-18,1.624144625404642e-18,6.848668239739897e-12,8.07512657630602e-12,4.461174255056568e-12,9.527432972335018e-12,1.4380225859266141e-15,2.753207815042851e-15,1.3152228235234909e-08,2.6156551530197454e-08,2.8096354137284304e-19,8.48364750952558e-19,0.00632338196989174,0.013035386661765751,3.4016046717208344e-31,1.0000000000001152e-30,6.1734148795575e-10,2.003244163299642e-09,3.171855189389026e-11,1.0046977754063503e-10
1.309,1363.3722034970197,5.093451994556036,0.17216156619246437,9.142995017651954,0.4925662494332862,0.07307301895416111,7.81320679940631e-06,5.795510849582945e-07,1.786011234102525e-12,2.1027076582521867e-12,3.3039927719650665e-13,7.779716915287901e-13,1.3751682593927137e-07,1.7210180419532619e-07,0.19940144849503405,0.26434095033501376,2.502613059319154e-15,6.078388766419373e-15,3.492926824353172e-13,8.742770265202316e-13,1.8099517275271272e-12,1.8682442783706053e-12,4.0303820843534e-06,4.4591442721658786e-06,0.0125158594527102,0.014775702315117406,0.2562699879277883,0.5282174313981933,0.03288451813810093,0.10649638220227145,9.97122404943598e-08,2.1292066941337063e-07,2.7495247104261145e-06,6.07514963158324e-06,1.0835550299810436e-06,2.554891493607591e-06,2.0908780364466457e-05,4.316436586625667e-05,5.4414662885417935e-09,1.16370610610579e-08,1.748933987451729e-06,3.86997997178363e-06,3.6539661565016925e-11,1.1032078014222291e-10,1.5750827498799538e-18,1.6234928323891045e-18,6.845109190940738e-12,8.070976535226476e-12,4.4584408792818995e-12,9.521650178171955e-12,1.4369093062701588e-15,2.7510921561286126e-15,1.3152156206585818e-08,2.6156558532272207e-08,2.807461725433102e-19,8.477132788413113e-19,0.006323345646915182,0.013035386661771349,3.401585132111082e-31,1.000000000000114e-30,6.166845018817037e-10,2.0011237692357255e-09,3.169281082420807e-11,1.0038881833304547e-10
1.31,1363.3168063811827,5.093595200010636,0.17215672590296682,9.148803678305523,0.49257327504121806,0.07307448036011771,7.808899783853339e-06,5.792349309263362e-07,1.7837045620181628e-12,2.100004011236143e-12,3.2996166466020947e-13,7.769457275554576e-13,1.3741398204141181e-07,1.7197408185386538e-07,0.19939617164802126,0.26433547115848105,2.4992673119230312e-15,6.070297377177944e-15,3.489585672339543e-13,8.734457485849463e-13,1.8072190742014723e-12,1.8654343152116226e-12,4.027170378163243e-06,4.455616453405804e-06,0.012512955832827737,0.01477235915469968,0.25627014513065344,0.5282207852242173,0.03288558283734143,0.1065004410987544,9.9675963034376e-08,2.128444251364421e-07,2.749590489808962e-06,6.075329820192846e-06,1.082938401474937e-06,2.553452204549685e-06,2.0887370712647986e-05,4.312041482755622e-05,5.435090675422928e-09,1.1623492914460925e-08,1.7477862301462676e-06,3.867462437796142e-06,3.6496249709164496e-11,1.1019034282606325e-10,1.574441509415743e-18,1.622841191832795e-18,6.84155354317046e-12,8.066830388832928e-12,4.455710166581602e-12,9.515872925049401e-12,1.4357973072418517e-15,2.7489789017071614e-15,1.315208428507772e-08,2.6156565527775298e-08,2.805290400540242e-19,8.470625057633554e-19,0.00632330937705841,0.013035386661776931,3.40156562107664e-31,1.0000000000001162e-30,6.160288346117084e-10,1.99900761352496e-09,3.166710759217054e-11,1.003079772063225e-10
1.311,1363.2614331400587,5.0937383835512735,0.17215188662625036,9.154612502243486,0.49258029235089135,0.0730759399390916,7.804596649911545e-06,5.789190563388356e-07,1.7814017535277226e-12,2.0973048643608498e-12,3.295248098267305e-13,7.759215294456379e-13,1.3731125550748801e-07,1.7184650348864062e-07,0.19939090055295772,0.2643299973282194,2.4959273805255214e-15,6.062219970444661e-15,3.4862490891880973e-13,8.726155973932694e-13,1.8044919101375736e-12,1.8626299703184216e-12,4.023963214656887e-06,4.452093582852041e-06,0.012510056445521708,0.01476902082896604,0.2562703001367046,0.5282241301319809,0.03288664794445515,0.10650450046977104,9.963971035887144e-08,2.1276823112516654e-07,2.749656198242711e-06,6.075509803166339e-06,1.0823225929316587e-06,2.5520148109793967e-06,2.0865999508490765e-05,4.30765422962758e-05,5.428727082019774e-09,1.160995022040264e-08,1.7466403556531589e-06,3.864949008793011e-06,3.6452912718953524e-11,1.1006012912821074e-10,1.573800437593212e-18,1.622189704027282e-18,6.838001284563952e-12,8.062688123440718e-12,4.45298211164227e-12,9.510101202018658e-12,1.4346865861974414e-15,2.746868046856064e-15,1.315201247050378e-08,2.6156572516729753e-08,2.8031214300590907e-19,8.464124290463938e-19,0.006323273160216352,0.013035386661782514,3.4015461385609657e-31,1.0000000000001164e-30,6.153744818392299e-10,1.9968956823520523e-09,3.164144210353174e-11,1.0022725386766804e-10
1.312,1363.206083725178,5.0938815452357735,0.17214704836021286,9.160421489440917,0.49258730137674434,0.07307739769436987,7.800297391339722e-06,5.786034607551907e-07,1.7791027998630788e-12,2.0946102074832245e-12,3.2908871086513904e-13,7.748990929570409e-13,1.3720864611863115e-07,1.7171906883426727e-07,0.1993856352004345,0.26432452883637314,2.4925932512237106e-15,6.054156512995246e-15,3.4829170658066217e-13,8.717865707241018e-13,1.8017702206765156e-12,1.8598312287576615e-12,4.020760583844525e-06,4.448575649699338e-06,0.012507161282430197,0.014765687328456761,0.25627045295227935,0.528227466143079,0.03288771345665042,0.10650856030795472,9.960348243652564e-08,2.1269208731897377e-07,2.7497218358812626e-06,6.07568958093658e-06,1.081707602820143e-06,2.550579309397664e-06,2.084466666454777e-05,4.303274809505241e-05,5.422375479377173e-09,1.1596432917929293e-08,1.7454963602236237e-06,3.8624396766768005e-06,3.640965041012563e-11,1.0993013850128437e-10,1.573159534166721e-18,1.6215383687653029e-18,6.834452411552745e-12,8.058549735146897e-12,4.450256709969855e-12,9.50433499987985e-12,1.433577140757892e-15,2.7447595871602543e-15,1.3151940762649151e-08,2.615657949914223e-08,2.8009548139076854e-19,8.457630487080346e-19,0.006323236996284019,0.013035386661788068,3.4015266845075934e-31,1.0000000000001166e-30,6.147214403328121e-10,1.9947879653896648e-09,3.1615814272705606e-11,1.0014664805169552e-10
1.313,1363.1507580901462,5.094024685115895,0.17214221110295783,9.166230639872952,0.49259430213552,0.07307885362957646,7.796002000737535e-06,5.782881436487306e-07,1.7768076917261864e-12,2.091920029835495e-12,3.286533659193002e-13,7.738784137877173e-13,1.3710615363490502e-07,1.7159177759896006e-07,0.19938037557869306,0.26431906567195174,2.489264909685219e-15,6.046106970559861e-15,3.479589591963957e-13,8.709586660710336e-13,1.799053990653772e-12,1.857038075073149e-12,4.017562475156878e-06,4.445062642500255e-06,0.012504270335262645,0.014762358643794606,0.2562706035813262,0.5282307932741452,0.03288877937352387,0.10651262061366569,9.956727921951893e-08,2.1261599362203665e-07,2.7497874028587874e-06,6.075869153892419e-06,1.0810934291639925e-06,2.5491456952549054e-06,2.0823372071470005e-05,4.298903200129321e-05,5.416035832816616e-09,1.1582940933842526e-08,1.7443542388306253e-06,3.8599344305206905e-06,3.6366462593211955e-11,1.098003703821307e-10,1.5725187992160352e-18,1.6208871861748358e-18,6.830906917777079e-12,8.054415216756122e-12,4.447533956420763e-12,9.498574308044301e-12,1.4324689683386942e-15,2.7426535178107002e-15,1.3151869161302675e-08,2.6156586475024823e-08,2.798790545797944e-19,8.451143628917658e-19,0.006323200885156919,0.013035386661793642,3.4015072588603e-31,1.0000000000001164e-30,6.14069706091137e-10,1.992684449811488e-09,3.159022400809624e-11,1.0006615947395678e-10
1.314,1363.095456189542,5.094167803240528,0.17213737485268596,9.172039953514778,0.4926012946451374,0.07308030774850821,7.791710471257086e-06,5.779731045337019e-07,1.7745164200788434e-12,2.089234320955117e-12,3.282187731693486e-13,7.728594877208499e-13,1.3700377782585253e-07,1.714646295027706e-07,0.1993751216747995,0.264313607822399,2.4859423419614923e-15,6.038071309798782e-15,3.476266657877109e-13,8.701318810396447e-13,1.796343205199944e-12,1.854250494112468e-12,4.014368878315168e-06,4.441554550127921e-06,0.012501383595729956,0.014759034765603017,0.25627075202658206,0.5282341115393036,0.03288984569587238,0.10651668139114902,9.953110066619222e-08,2.1253994995166864e-07,2.749852899304723e-06,6.0760485224121344e-06,1.0804800701388897e-06,2.5477139643597802e-06,2.0802115627902627e-05,4.2945393808896114e-05,5.409708109813939e-09,1.1569474199547276e-08,1.7432139868990272e-06,3.857433260397122e-06,3.6323349081733514e-11,1.0967082421658851e-10,1.5718782327503336e-18,1.6202361563110123e-18,6.8273647940391495e-12,8.050284557725823e-12,4.4448138461728434e-12,9.492819116608715e-12,1.4313620664617986e-15,2.740549834201766e-15,1.3151797666256399e-08,2.6156593444395366e-08,2.796628621012536e-19,8.444663702152363e-19,0.0063231648267306935,0.013035386661799235,3.4014878615629523e-31,1.0000000000001171e-30,6.134192753913951e-10,1.9905851236942995e-09,3.156467122067934e-11,9.998578785812943e-11
1.315,1363.0401779735057,5.09431089967268,0.17213253960712155,9.177849430341661,0.49260827891750264,0.07308176005406614,7.787422796452124e-06,5.776583429540669e-07,1.772228976143675e-12,2.0865530706858775e-12,3.2778493077520854e-13,7.718423104917363e-13,1.369015184711211e-07,1.7133762427836532e-07,0.19936987348182872,0.26430815528310897,2.482625534027164e-15,6.030049497183382e-15,3.472948254423385e-13,8.693062134005793e-13,1.7936378497032718e-12,1.8514684709882374e-12,4.011179783312871e-06,4.438051361755707e-06,0.012498501055549265,0.014755715684511304,0.2562708982967288,0.5282374209649032,0.03289091241852984,0.10652074262533226,9.949494674372113e-08,2.124639562440276e-07,2.7499183253843264e-06,6.076227686952841e-06,1.0798675242023646e-06,2.546284113185106e-06,2.0780897245537468e-05,4.290183333867985e-05,5.403392281212484e-09,1.1556032653646044e-08,1.7420756006225927e-06,3.854936158079175e-06,3.6280309692366284e-11,1.0954149945998379e-10,1.5712378345006744e-18,1.6195852789421456e-18,6.823826041736216e-12,8.046157760005201e-12,4.442096374615561e-12,9.48706941612033e-12,1.430256432718887e-15,2.7384485318608077e-15,1.3151726277292514e-08,2.615660040725062e-08,2.7944690396319884e-19,8.438190707447021e-19,0.006323128820901307,0.013035386661804784,3.4014684925595958e-31,1.0000000000001174e-30,6.127701449805219e-10,1.9884899766385067e-09,3.153915582504957e-11,9.990553293933166e-11
1.316,1362.9849234013227,5.094453974447158,0.17212770536494207,9.1836590703289,0.49261525497614916,0.07308321055087297,7.783138968506248e-06,5.773438583520791e-07,1.76994535042817e-12,2.0838762680288543e-12,3.2735183692823287e-13,7.708268779093925e-13,1.3679937532135055e-07,1.7121076162207637e-07,0.19936463098117674,0.2643027080339794,2.4793144718168686e-15,6.022041499085616e-15,3.4696343707037634e-13,8.684816604796471e-13,1.790937908907052e-12,1.8486919901464446e-12,4.007995179383534e-06,4.434553065715248e-06,0.012495622706518788,0.014752401391243116,0.2562710423887637,0.5282407215531849,0.032891979548025,0.10652480433901317,9.945881739410353e-08,2.123880123814869e-07,2.749983681188554e-06,6.0764066478072165e-06,1.0792557890634513e-06,2.544856136438376e-06,2.075971680082577e-05,4.285835033869616e-05,5.397088308769359e-09,1.1542616215304758e-08,1.7409390741126454e-06,3.852443110731059e-06,3.6237344234449715e-11,1.0941239554545399e-10,1.5705976048775415e-18,1.6189345545367518e-18,6.820290642411064e-12,8.042034802131572e-12,4.439381536399911e-12,9.481325195547897e-12,1.4291520644694378e-15,2.736349605870103e-15,1.3151654994213595e-08,2.6156607363626623e-08,2.792311789682288e-19,8.431724609062879e-19,0.006323092867565053,0.013035386661810283,3.4014491517944325e-31,1.000000000000114e-30,6.121223103505088e-10,1.9863989941714163e-09,3.151367772646906e-11,9.982539442309724e-11
1.317,1362.929692422932,5.094597027628028,0.17212287212383687,9.189468873451872,0.49262222283238455,0.0730846592417361,7.778858981388606e-06,5.770296503023806e-07,1.7676655343888103e-12,2.0812039031017442e-12,3.269194898120071e-13,7.698131857642753e-13,1.3669734816438015e-07,1.7108404127676623e-07,0.199359394166504,0.2642972660711596,2.47600914156158e-15,6.014047282595088e-15,3.466324998016829e-13,8.6765822015255e-13,1.7882433684809197e-12,1.8459210369884337e-12,4.004815056777208e-06,4.431059651462019e-06,0.012492748540382367,0.014749091876456864,0.2562711843118731,0.5282440133315013,0.032893047078666006,0.10652886651540928,9.942271258990595e-08,2.1231211831168203e-07,2.750048966886764e-06,6.076585405441054e-06,1.0786448633285276e-06,2.543430030942636e-06,2.0738574213000675e-05,4.281494464530683e-05,5.390796165354405e-09,1.1529224827451731e-08,1.7398044039896295e-06,3.849954111068576e-06,3.6194452527727483e-11,1.0928351193751533e-10,1.5699575435169158e-18,1.6182839827649219e-18,6.816758597613344e-12,8.037915686231998e-12,4.436669327155761e-12,9.475586445949637e-12,1.428048959387953e-15,2.734253051914657e-15,1.31515838168027e-08,2.615661431351995e-08,2.7901568733659025e-19,8.425265414067238e-19,0.00632305696661845,0.013035386661815848,3.401429839211791e-31,1.000000000000114e-30,6.11475768515516e-10,1.9843121667592318e-09,3.148823684205044e-11,9.974537205247847e-11
1.318,1362.8744849923023,5.094740059267194,0.17211803988190671,9.195278839686011,0.49262918250240023,0.07308610613018253,7.774582827907486e-06,5.767157182934171e-07,1.7653895189277454e-12,2.078535965368818e-12,3.2648788760293143e-13,7.688012298296193e-13,1.365954367657963e-07,1.709574629574134e-07,0.19935416302653844,0.26429182938424023,2.472709529201173e-15,6.006066814091963e-15,3.4630201263984527e-13,8.668358899786988e-13,1.7855542135779484e-12,1.843155596381406e-12,4.001639405143711e-06,4.42757110778635e-06,0.012489878548958167,0.014745787130897007,0.2562713240702729,0.5282472963169232,0.03289411500973155,0.10653292915382842,9.938663228550659e-08,2.1223627394338457e-07,2.7501141826137636e-06,6.076763960243403e-06,1.0780347450937062e-06,2.542005792317288e-06,2.071746937666676e-05,4.277161604401406e-05,5.3845158174413806e-09,1.151585841933175e-08,1.7386715854279557e-06,3.847469148606828e-06,3.6151634386418786e-11,1.0915484808396438e-10,1.5693176504659154e-18,1.6176335637203708e-18,6.81322990181856e-12,8.033800406091103e-12,4.433959741871046e-12,9.469853157011244e-12,1.4269471149465217e-15,2.7321588652913745e-15,1.3151512744850735e-08,2.615662125694094e-08,2.788004284879282e-19,8.418813105350789e-19,0.00632302111795833,0.013035386661821337,3.401410554756186e-31,1.0000000000001103e-30,6.108305156196897e-10,1.9822294820441397e-09,3.146283308226171e-11,9.96654655494555e-11
1.319,1362.81930106531,5.094883069410773,0.17211320863744814,9.201088969006804,0.4926361340047614,0.07308755122008981,7.770310501202949e-06,5.764020618381834e-07,1.7631172950941595e-12,2.0758724444667743e-12,3.260570285128672e-13,7.677910059618932e-13,1.3649364089622793e-07,1.708310263852812e-07,0.19934893754762784,0.2642863979596486,2.469415621007648e-15,5.998100060760995e-15,3.4597197460761964e-13,8.660146675652998e-13,1.7828704295369353e-12,1.8403956533834325e-12,3.998468214302643e-06,4.424087423665586e-06,0.012487012724074398,0.014742487145318804,0.25627146166577236,0.5282505705215484,0.03289518334289977,0.1065369922613469,9.935057643786246e-08,2.1216047919085778e-07,2.7501793284915945e-06,6.076942312574978e-06,1.0774254325040392e-06,2.5405834162967837e-06,2.0696402189466548e-05,4.272836432657934e-05,5.378247232367777e-09,1.1502516922032851e-08,1.737540613763834e-06,3.844988213218259e-06,3.610888962653913e-11,1.0902640343798668e-10,1.5686779257870987e-18,1.6169832975126386e-18,6.809704544515982e-12,8.029688949613162e-12,4.431252775733619e-12,9.464125318844264e-12,1.4258465286846795e-15,2.7300670414258637e-15,1.3151441778154124e-08,2.6156628193910198e-08,2.785854018649484e-19,8.412367666499199e-19,0.006322985321481818,0.013035386661826855,3.4013912983722777e-31,1.0000000000001113e-30,6.101865479098229e-10,1.9801509280007593e-09,3.14374663587725e-11,9.958567463979492e-11
1.32,1362.7641405960353,5.095026058110751,0.17210837838856002,9.206899261389795,0.49264307735546414,0.07308899451495099,7.766041994473723e-06,5.760886804539539e-07,1.7608488540085159e-12,2.0732133301155076e-12,3.2562691074355657e-13,7.667825099934546e-13,1.3639196032882895e-07,1.7070473128476313e-07,0.1993437177186809,0.2642809717871934,2.4661274031846364e-15,5.9901469896186405e-15,3.4564238474651263e-13,8.651945505662892e-13,1.7801920017781651e-12,1.83764119313582e-12,3.99530147414438e-06,4.420608588154447e-06,0.01248415105757657,0.014739191910496555,0.25627159710269143,0.5282538359626248,0.0328962520773265,0.1065410558368671,9.931454500616411e-08,2.1208473397311512e-07,2.750244404656788e-06,6.077120462828239e-06,1.076816923786055e-06,2.53916289880729e-06,2.0675372552702356e-05,4.268518929230654e-05,5.37199037841787e-09,1.1489200268663754e-08,1.736411484548038e-06,3.842511295249345e-06,3.606621806520333e-11,1.0889817745605009e-10,1.5680383694513488e-18,1.6163331841566394e-18,6.8061825194832056e-12,8.025581309757955e-12,4.428548423959015e-12,9.458402921618029e-12,1.4247471981532556e-15,2.727977575764867e-15,1.3151370916505505e-08,2.6156635124439533e-08,2.783706070805444e-19,8.405929086235742e-19,0.006322949577086277,0.013035386661832361,3.401372070004842e-31,1.0000000000001113e-30,6.095438617670342e-10,1.9780764930389074e-09,3.141213658434744e-11,9.950599905271005e-11
1.321,1362.7090035393926,5.095169025416742,0.17210354913342168,9.212709716810588,0.4926500125714128,0.07309043601839134,7.761777300848623e-06,5.757755736527491e-07,1.7585841867701173e-12,2.0705586120092937e-12,3.2519753250555945e-13,7.657757377771504e-13,1.362903948354073e-07,1.7057857737854014e-07,0.1993385035276804,0.26427555085544474,2.462844861985526e-15,5.982207567800044e-15,3.4531324208844494e-13,8.643755366114144e-13,1.7775189157276727e-12,1.834892200784955e-12,3.992139174537971e-06,4.417134590283172e-06,0.012481293541335798,0.014735901417233578,0.25627173038438705,0.5282570926553957,0.03289732121312166,0.10654511988237775,9.927853794797141e-08,2.120090382056702e-07,2.7503094112395914e-06,6.077298411381563e-06,1.0762092171186111e-06,2.537744235662191e-06,2.0654380365544307e-05,4.26420907360847e-05,5.365745223350978e-09,1.1475908391206394e-08,1.735284193199284e-06,3.840038384753602e-06,3.602361951959294e-11,1.0877016959478841e-10,1.5673989814793842e-18,1.6156832237185467e-18,6.80266381900904e-12,8.021477477728802e-12,4.425846681728589e-12,9.452685955427649e-12,1.423649120895016e-15,2.7258904637392316e-15,1.315130015969953e-08,2.615664204854377e-08,2.781560436465282e-19,8.399497350229986e-19,0.006322913884669336,0.013035386661837867,3.4013528695988168e-31,1.000000000000112e-30,6.089024534972209e-10,1.9760061653236206e-09,3.138684367136435e-11,9.942643851616812e-11
1.322,1362.6538898462386,5.095311971391302,0.17209872086977576,9.218520335244857,0.4926569396639955,0.07309187573321388,7.75751641401408e-06,5.754627409878771e-07,1.7563232848033425e-12,2.067908280224418e-12,3.2476889199925603e-13,7.647706851415685e-13,1.3618894420038455e-07,1.7045256440504917e-07,0.1993332949681261,0.26427013516027115,2.4595679836944015e-15,5.9742817625126405e-15,3.449845457426605e-13,8.635576235237665e-13,1.7748511571368036e-12,1.8321486618121493e-12,3.988981305698936e-06,4.413665419464399e-06,0.012478440167224221,0.014732615656332899,0.25627186151967185,0.5282603406263217,0.032898390744923234,0.10654918438213948,9.924255523135782e-08,2.1193339182646737e-07,2.750374348403925e-06,6.077476158687414e-06,1.0756023110011998e-06,2.536327423430522e-06,2.0633425542236405e-05,4.259906848391028e-05,5.359511738832515e-09,1.1462641229992571e-08,1.7341587360227237e-06,3.837569473745367e-06,3.598109381070566e-11,1.086423793223205e-10,1.5667597615986389e-18,1.6150334159620735e-18,6.799148445093468e-12,8.017377456179081e-12,4.423147544525878e-12,9.446974411012238e-12,1.4225522945515945e-15,2.7238057009685953e-15,1.3151229507521833e-08,2.6156648966218282e-08,2.7794171158337724e-19,8.39307245951024e-19,0.006322878244128969,0.013035386661843356,3.401333697099305e-31,1.0000000000001092e-30,6.082623199453846e-10,1.9739399347687233e-09,3.1361587536438674e-11,9.934699277153755e-11
1.323,1362.598799475028,5.095454896073557,0.17209389359615673,9.22433111666832,0.49266385865423795,0.07309331366364889,7.753259326588198e-06,5.751501819333298e-07,1.7540661389759481e-12,2.0652623241811002e-12,3.243409874543116e-13,7.637673479839858e-13,1.3608760818539746e-07,1.703266920741823e-07,0.19932809202383853,0.2642647246846978,2.456296754600286e-15,5.966369540973715e-15,3.4465629467773374e-13,8.627408087741247e-13,1.7721887112627381e-12,1.82941056118775e-12,3.985827857250974e-06,4.41020106445506e-06,0.012475590927183438,0.014729334618678341,0.25627199050765936,0.5282635798818512,0.03289946067706957,0.10655324935182592,9.920659680435294e-08,2.1185779473063004e-07,2.750439216252341e-06,6.077653705062455e-06,1.07499620333539e-06,2.534912457271021e-06,2.0612507968996786e-05,4.2556122303906075e-05,5.3532898893209426e-09,1.1449398709936309e-08,1.7330351076616267e-06,3.835104550560645e-06,3.593864075387377e-11,1.0851480608962367e-10,1.5661207100858982e-18,1.6143837612170972e-18,6.7956363833214004e-12,8.013281228405147e-12,4.420451007261471e-12,9.441268277885988e-12,1.4214567165852537e-15,2.721723282728698e-15,1.3151158959775185e-08,2.6156655877491564e-08,2.777276099342161e-19,8.386654385590241e-19,0.006322842655363425,0.013035386661848877,3.401314552451587e-31,1.0000000000001113e-30,6.076234569587723e-10,1.971877788049461e-09,3.1336368088828653e-11,9.926766153686021e-11
1.324,1362.5437323800675,5.095597799515732,0.172089067310657,9.230142061056757,0.4926707695576937,0.07309474981311248,7.749006032099455e-06,5.748378960305663e-07,1.751812740639065e-12,2.0626207338679977e-12,3.2391381710423255e-13,7.627657222104552e-13,1.359863865708145e-07,1.702009601192487e-07,0.199322894684121,0.2642593194190085,2.4530311612006153e-15,5.9584708709046545e-15,3.4432848797085453e-13,8.619250901049602e-13,1.7695315638485337e-12,1.826677884382825e-12,3.982678819338662e-06,4.406741514587561e-06,0.012472745813135788,0.01472605829512981,0.25627211735290323,0.5282668104396288,0.032900531008445186,0.10655731478944377,9.917066263003387e-08,2.1178224684539868e-07,2.750504014922737e-06,6.0778310509012586e-06,1.0743908924605191e-06,2.5334993333743326e-06,2.059162755303029e-05,4.251325200751052e-05,5.347079644739314e-09,1.1436180767634964e-08,1.7319133039880944e-06,3.832643606254033e-06,3.589626016985561e-11,1.0838744936402387e-10,1.5654818268505959e-18,1.6137342594347202e-18,6.792127627663538e-12,8.009188787590645e-12,4.417757065348186e-12,9.43556754663456e-12,1.4203623846212385e-15,2.7196432046068944e-15,1.3151088516254147e-08,2.615666278237481e-08,2.7751373844632045e-19,8.380243121245687e-19,0.006322807118271119,0.013035386661854356,3.401295435601005e-31,1.0000000000001089e-30,6.069858611302925e-10,1.96981971426023e-09,3.13111852437099e-11,9.918844454890256e-11
1.325,1362.488688515014,5.095740681772397,0.1720842420112903,9.235953168386006,0.4926776723887783,0.07309618418484844,7.744756523828285e-06,5.745258828025724e-07,1.7495630810620095e-12,2.0599834991767237e-12,3.2348737917015595e-13,7.617658036976228e-13,1.3588527913348629e-07,1.700753682691249e-07,0.19931770293939688,0.2642539193549576,2.449771189845727e-15,5.950585719667349e-15,3.440011246835654e-13,8.611104652193755e-13,1.766879700570366e-12,1.8239506167985386e-12,3.979534182012595e-06,4.403286759089391e-06,0.012469904817036675,0.014722786676584857,0.2562722420610221,0.5282700323194678,0.032901601736857,0.10656138068950435,9.913475266884991e-08,2.1170674809238262e-07,2.7505687445575888e-06,6.078008196608237e-06,1.073786376659431e-06,2.532088047797495e-06,2.0570784198542645e-05,4.247045739995727e-05,5.340880974224008e-09,1.1422987337999314e-08,1.7307933206987771e-06,3.8301866314911144e-06,3.585395187889642e-11,1.0826030861126151e-10,1.5648431118225607e-18,1.6130849105869377e-18,6.7886221747022306e-12,8.005100129997859e-12,4.4150657140571e-12,9.429872207539563e-12,1.4192692962418195e-15,2.7175654621077686e-15,1.3151018176751603e-08,2.6156669680874588e-08,2.77300096788226e-19,8.373838656873181e-19,0.006322771632750846,0.013035386661859837,3.4012763464931253e-31,1.000000000000109e-30,6.063495289514292e-10,1.9677657021656006e-09,3.1286038915516694e-11,9.910934154206087e-11
1.326,1362.4336678346322,5.095883542894861,0.17207941769618082,9.241764438631966,0.49268456716320574,0.07309761678229056,7.740510795281845e-06,5.742141417890866e-07,1.747317151622646e-12,2.0573506101260077e-12,3.2306167189664624e-13,7.607675883770327e-13,1.3578428565395287e-07,1.6994991625727744e-07,0.19931251677877862,0.26424852448255043,2.446516827105807e-15,5.942714055155567e-15,3.4367420389231265e-13,8.602969318575886e-13,1.7642331072439613e-12,1.821228743979275e-12,3.976393935448018e-06,4.399836787325096e-06,0.012467067930856616,0.014719519753957648,0.2562723646362924,0.5282732455383956,0.03290267286144752,0.10656544705084062,9.909886688317649e-08,2.1163129839728687e-07,2.7506334052923512e-06,6.0781851425720795e-06,1.0731826542559788e-06,2.5306785966938767e-06,2.05499778121387e-05,4.242773829142066e-05,5.334693847586371e-09,1.140981835737979e-08,1.7296751536200238e-06,3.827733617223777e-06,3.581171570265199e-11,1.0813338330130108e-10,1.5642045649326896e-18,1.6124357146467312e-18,6.785120018565593e-12,8.001015248994188e-12,4.412376948795379e-12,9.424182251172046e-12,1.418177449075928e-15,2.715490050824794e-15,1.315094794106324e-08,2.6156676573001976e-08,2.7708668463093046e-19,8.367440982942377e-19,0.006322736198701624,0.013035386661865316,3.401257285073624e-31,1.0000000000001097e-30,6.057144569959326e-10,1.9657157407964593e-09,3.126092901963268e-11,9.903035225371846e-11
1.327,1362.378670296022,5.096026382927478,0.1720745943636881,9.247575871770588,0.4926914538994264,0.07309904760927512,7.736268839243634e-06,5.739026724760897e-07,1.7450749433661118e-12,2.054722056342102e-12,3.226366935235046e-13,7.597710721687342e-13,1.3568340589916968e-07,1.6982460380014037e-07,0.19930733618861532,0.2642431347881139,2.443268059366833e-15,5.934855844813437e-15,3.433477245971148e-13,8.594844875682998e-13,1.7615917693824496e-12,1.8185122511561884e-12,3.973258069456261e-06,4.396391588255625e-06,0.012464235146616988,0.014716257518220997,0.2562724850801896,0.5282764501076394,0.03290374438415586,0.10656951388133791,9.906300522417955e-08,2.115558976618581e-07,2.75069799724244e-06,6.078361889136905e-06,1.0725797232627826e-06,2.5292709754825254e-06,2.0529208285424213e-05,4.2385094461094716e-05,5.328518230755126e-09,1.1396673753818585e-08,1.7285587976926114e-06,3.825284552443397e-06,3.576955145957101e-11,1.0800667289438714e-10,1.5635661863605094e-18,1.6117866718432479e-18,6.781621148894097e-12,7.996934132654162e-12,4.409690764570258e-12,9.418497667247529e-12,1.417086840627636e-15,2.7134169661118785e-15,1.315087780898996e-08,2.6156683458777087e-08,2.768735012147908e-19,8.361050076917018e-19,0.006322700816022811,0.013035386661870806,3.401238251288355e-31,1.0000000000001106e-30,6.050806413092893e-10,1.963669817468641e-09,3.123585546745533e-11,9.89514764086092e-11
1.328,1362.3236958525595,5.096169201926339,0.17206977201177578,9.253387467777884,0.4926983326109999,0.07310047666891098,7.732030649595671e-06,5.735914744309956e-07,1.742836447897652e-12,2.05209782811009e-12,3.2221244230597675e-13,7.587762510288885e-13,1.355826396578177e-07,1.6969943064131447e-07,0.19930216116015723,0.26423775026446494,2.4400248733484736e-15,5.927011056893601e-15,3.4302168592015455e-13,8.586731302058345e-13,1.7589556730657481e-12,1.8158011241447205e-12,3.9701265744591e-06,4.392951151516573e-06,0.012461406456315624,0.014712999960318869,0.25627260339904173,0.5282796460484153,0.03290481630205038,0.10657358117310349,9.902716766012008e-08,2.1148054582433564e-07,2.750762520556254e-06,6.0785384367195846e-06,1.0719775821782766e-06,2.5278651807277532e-06,2.0508475533494086e-05,4.234252573665748e-05,5.322354095786561e-09,1.13835534684597e-08,1.7274442492319296e-06,3.822839429182669e-06,3.5727458974317285e-11,1.0788017686949734e-10,1.5629279758978286e-18,1.6111377820058683e-18,6.778125562992821e-12,7.992856778089592e-12,4.407007157000662e-12,9.412818446786925e-12,1.4159974685987554e-15,2.7113462037011386e-15,1.3150807780325317e-08,2.6156690338204693e-08,2.7666054648288246e-19,8.354665937480247e-19,0.006322665484613911,0.01303538666187627,3.4012192450832617e-31,1.0000000000001097e-30,6.044480787683748e-10,1.961627922195439e-09,3.121081817705065e-11,9.887271375257286e-11
1.329,1362.2687444597445,5.09631199994125,0.17206495063862012,9.259199226629924,0.4927052033139194,0.07310190396466425,7.727796219469062e-06,5.732805471654366e-07,1.7406016564802155e-12,2.049477915311306e-12,3.2178891649143536e-13,7.577831208948375e-13,1.354819867046491e-07,1.6957439650693647e-07,0.19929699168219345,0.26423237090114177,2.436787255556797e-15,5.919179659127649e-15,3.426960869061347e-13,8.578628574303643e-13,1.7563248040600216e-12,1.8130953484355676e-12,3.966999440503587e-06,4.389515466327966e-06,0.012458581852004309,0.014709747071257476,0.25627271959667325,0.5282828333767503,0.03290588861469767,0.10657764892633007,9.899135414788202e-08,2.114052427986416e-07,2.7508269753636737e-06,6.078714785695749e-06,1.0713762291878502e-06,2.526461208255269e-06,2.048777945628801e-05,4.230003191448421e-05,5.316201410808292e-09,1.137045743404039e-08,1.7263315036598746e-06,3.820398237496238e-06,3.56854380682609e-11,1.077538946956276e-10,1.5622899335810414e-18,1.6104890452159623e-18,6.774633254707279e-12,7.988783178331739e-12,4.404326121289118e-12,9.407144579920405e-12,1.414909330560943e-15,2.7092777590749755e-15,1.3150737854867188e-08,2.615669721129671e-08,2.7644781991489268e-19,8.348288549320379e-19,0.0063226302043748305,0.01303538666188176,3.4012002664044957e-31,1.0000000000001104e-30,6.038167657169595e-10,1.959590043259379e-09,3.1185817062441687e-11,9.879406401861961e-11
1.33,1362.2138160740692,5.096454777019126,0.1720601302424954,9.265011148302834,0.49271206602533435,0.07310332950017007,7.72356554216886e-06,5.729698902038845e-07,1.7383705604629988e-12,2.04686230792796e-12,3.2136611434732756e-13,7.567916777509335e-13,1.3538144681724718e-07,1.6944950112665976e-07,0.19929182774234386,0.26422699668612176,2.4335551926823236e-15,5.911361619693138e-15,3.4237092661077224e-13,8.570536669294439e-13,1.7536991482468256e-12,1.8103949096377236e-12,3.963876657735473e-06,4.386084522018192e-06,0.012455761325749933,0.014706498842059676,0.2562728336757105,0.5282860121061829,0.032906961322857003,0.1065817171450696,9.895556464570387e-08,2.11329988501574e-07,2.7508913617881825e-06,6.078890936426702e-06,1.0707756625043516e-06,2.5250590539551696e-06,2.046711995543766e-05,4.225761279443113e-05,5.310060144434447e-09,1.1357385584334555e-08,1.7252205564872039e-06,3.817960967634686e-06,3.564348856394115e-11,1.076278258452701e-10,1.5616520594533708e-18,1.609840461561832e-18,6.771144215439156e-12,7.984713323529149e-12,4.401647652743568e-12,9.401476057002112e-12,1.4138224241226326e-15,2.7072116277857662e-15,1.3150668032416321e-08,2.6156704078069775e-08,2.762353210024745e-19,8.341917897485695e-19,0.006322594975205657,0.013035386661887227,3.4011813151983266e-31,1.000000000000113e-30,6.031866985567203e-10,1.9575561691302577e-09,3.116085203838088e-11,9.871552694205026e-11
1.331,1362.1589106505908,5.096597533211608,0.1720553108215167,9.270823232772795,0.49271892076031293,0.07310475327875184,7.719338611095767e-06,5.72659503077838e-07,1.7361431512768077e-12,2.0442509960376664e-12,3.209440341358816e-13,7.558019175689699e-13,1.3528101977610794e-07,1.6932474423375511e-07,0.19928666933029945,0.26422162761011564,2.4303286713914836e-15,5.903556906706993e-15,3.4204620410922853e-13,8.562455564391103e-13,1.7510786916016351e-12,1.8076997934563078e-12,3.960758216385396e-06,4.382658308008687e-06,0.012452944869636159,0.014703255263766847,0.25627294564080116,0.5282891822543956,0.03290803442525258,0.10658578582677825,9.891979911421955e-08,2.1125478285502817e-07,2.750955679965026e-06,6.079066889299495e-06,1.0701758804220436e-06,2.5236587139091596e-06,2.0446496936319687e-05,4.2215268184073895e-05,5.303930266253334e-09,1.1344337855195738e-08,1.7241114034436398e-06,3.815527610332445e-06,3.56016102850854e-11,1.0750196979446953e-10,1.5610143534748963e-18,1.6091920310459517e-18,6.767658440137541e-12,7.980647208012566e-12,4.398971746722509e-12,9.39581286849292e-12,1.4127367469106313e-15,2.7051478054206082e-15,1.3150598312770425e-08,2.6156710938533318e-08,2.7602304938622618e-19,8.335553971521005e-19,0.0063225597970067975,0.013035386661892688,3.4011623914111536e-31,1.0000000000001122e-30,6.025578738253855e-10,1.9555262887187406e-09,3.113592302076027e-11,9.863710226175501e-11
1.332,1362.1040281441942,5.096740268571076,0.17205049237377476,9.276635480016049,0.4927257675335364,0.07310617530367333,7.715115419941288e-06,5.723493853403069e-07,1.733919420505071e-12,2.041643969897087e-12,3.205226741334998e-13,7.548138363538618e-13,1.351807053672857e-07,1.692001255684244e-07,0.19928151643613537,0.2642162636643339,2.427107678512956e-15,5.895765488678221e-15,3.417219185052864e-13,8.554385237668671e-13,1.748463420274959e-12,1.8050099857763289e-12,3.957644106853443e-06,4.379236813907563e-06,0.012450132475757774,0.014700016327432392,0.2562730554969333,0.5282923438397564,0.032909107920256225,0.10658985496776748,9.88840575178929e-08,2.111796257890629e-07,2.7510199300323995e-06,6.079242644707528e-06,1.0695768813395363e-06,2.5222601844446694e-06,2.042591030953759e-05,4.217299790176805e-05,5.297811747243464e-09,1.1331314185447155e-08,1.723004040558973e-06,3.8130981569873393e-06,3.555980305731782e-11,1.0737632602496494e-10,1.5603768155374749e-18,1.6085437536003675e-18,6.764175924282443e-12,7.976584826737992e-12,4.396298398751296e-12,9.390155005208955e-12,1.411652296607962e-15,2.7030862876738123e-15,1.3150528695727232e-08,2.6156717792695972e-08,2.7581100482099345e-19,8.329196764420033e-19,0.006322524669678868,0.01303538666189817,3.401143494989528e-31,1.0000000000001136e-30,6.019302882449592e-10,1.9535003915329086e-09,3.11110299271372e-11,9.855878972188033e-11
1.333,1362.0491685128268,5.096882983140668,0.17204567489767247,9.282447890008887,0.49273260636342975,0.07310759557874986,7.710895961700287e-06,5.720395364925451e-07,1.7316993594017916e-12,2.0390412193742853e-12,3.201020326195733e-13,7.538274301172867e-13,1.350805033632632e-07,1.6907564485385225e-07,0.19927636904614834,0.2642109048349614,2.4238922007562226e-15,5.887987333824109e-15,3.4139806882406224e-13,8.546325665230885e-13,1.7458533201227817e-12,1.8023254721779005e-12,3.954534319181334e-06,4.375820028925457e-06,0.01244732413625933,0.014696782024166983,0.2562731632452952,0.5282954968727707,0.032910181810042904,0.10659392457666089,9.88483398096953e-08,2.111045172091724e-07,2.751084112102914e-06,6.079418202987338e-06,1.0689786633287414e-06,2.520863461118304e-06,2.040535997014307e-05,4.213080173374668e-05,5.291704554374709e-09,1.1318314505334031e-08,1.7218984629406228e-06,3.810672596955168e-06,3.55180667030556e-11,1.0725089400877543e-10,1.5597394458081966e-18,1.6078956294407116e-18,6.760696657108373e-12,7.972526167295437e-12,4.39362760397387e-12,9.384502457150311e-12,1.410569070778765e-15,2.701027070011556e-15,1.315045918109139e-08,2.615672464057859e-08,2.755991865778469e-19,8.322846254565573e-19,0.006322489593122811,0.013035386661903615,3.4011246258801688e-31,1.0000000000001146e-30,6.013039379882794e-10,1.951478465297907e-09,3.108617267097311e-11,9.848058905357516e-11
1.334,1361.994331709389,5.097025676979425,0.1720408583910766,9.28826046272767,0.4927394372616928,0.07310901410679709,7.706680230283354e-06,5.717299561036809e-07,1.7294829597141424e-12,2.036442734917377e-12,3.1968210786916607e-13,7.528426948604794e-13,1.3498041355587021e-07,1.6895130183741425e-07,0.1992712271533734,0.26420555111710875,2.420682224976973e-15,5.880222410715105e-15,3.410746542049835e-13,8.538276826041295e-13,1.743248377489489e-12,1.7996462387445447e-12,3.951428843943247e-06,4.372407942861392e-06,0.01244451984326888,0.014693552345060793,0.2562732688937477,0.5282986413776849,0.03291125609008931,0.10659799464038414,9.8812645958501e-08,2.1102945705479884e-07,2.7511482263316977e-06,6.079593564569282e-06,1.0683812249312287e-06,2.519468540593881e-06,2.0384845835458677e-05,4.208867951221346e-05,5.285608660387553e-09,1.1305338757440459e-08,1.7207946670085236e-06,3.80825092249575e-06,3.547640105027699e-11,1.0712567323467979e-10,1.559102244045372e-18,1.6072476583611263e-18,6.757220639106838e-12,7.968471230548827e-12,4.390959358035958e-12,9.378855215387782e-12,1.4094870671493838e-15,2.698970148210195e-15,1.315038976865669e-08,2.6156731482179713e-08,2.753875946603898e-19,8.316502442460928e-19,0.0063224545672397785,0.013035386661909032,3.401105784029892e-31,1.0000000000001136e-30,6.006788200199086e-10,1.9494605003077213e-09,3.1061351171944074e-11,9.840250000765735e-11
1.335,1361.9395176925418,5.097168350128752,0.17203604285244936,9.294073198148803,0.4927462602472679,0.07311043089170137,7.702468218634727e-06,5.714206436710776e-07,1.7272702127059654e-12,2.033848506404662e-12,3.1926289817359046e-13,7.518596266226669e-13,1.3488043571708225e-07,1.6882709624160507e-07,0.19926609074356386,0.2642002024962163,2.4174777379587096e-15,5.87247068774416e-15,3.4075167366823875e-13,8.530238696076508e-13,1.7406485782867602e-12,1.7969722711122431e-12,3.9483276711928856e-06,4.369000544937547e-06,0.012441719588978382,0.014690327281277981,0.2562733724428492,0.5283017773636632,0.032912330763179995,0.10660206516952674,9.877697591598431e-08,2.1095444522863079e-07,2.7512122728267224e-06,6.079768729779188e-06,1.0677845641851249e-06,2.5180754183475923e-06,2.0364367799097338e-05,4.204663102040614e-05,5.279524031926566e-09,1.1292386871308094e-08,1.719692647773704e-06,3.805833122750142e-06,3.543480592208773e-11,1.0700066317670812e-10,1.5584652104549502e-18,1.6065998406170748e-18,6.753747858783863e-12,7.964420003227227e-12,4.388293656059918e-12,9.373213269872918e-12,1.4084062832826084e-15,2.696915517732418e-15,1.31503204582297e-08,2.615673831752181e-08,2.7517622825592836e-19,8.310165303956521e-19,0.006322419591931302,0.01303538666191448,3.4010869693857256e-31,1.0000000000001136e-30,6.000549304637309e-10,1.9474464841273173e-09,3.1036565343486314e-11,9.832452231515556e-11
1.336,1361.8847264173696,5.09731100264136,0.17203122827987188,9.299886096248752,0.4927530753343413,0.0731118459366416,7.698259920603366e-06,5.711115987591592e-07,1.7250611101095597e-12,2.031258524265402e-12,3.188444018327281e-13,7.508782214630058e-13,1.3478056963711282e-07,1.6870302781172262e-07,0.1992609598072366,0.26419485896403205,2.4142787267267338e-15,5.864732133889606e-15,3.404291263378507e-13,8.522211253910697e-13,1.7380539088991454e-12,1.794303555404364e-12,3.945230791493988e-06,4.3655978249396856e-06,0.012438923365562035,0.014687106823960717,0.2562734738978742,0.5283049048495779,0.0329134058273662,0.10660613615934451,9.874132964833834e-08,2.1087948166434919e-07,2.7512762517271614e-06,6.079943699011697e-06,1.0671886795457804e-06,2.516684090839201e-06,2.0343925774708614e-05,4.2004656082920535e-05,5.273450640848923e-09,1.127945878762408e-08,1.7185924014236586e-06,3.8034191894623545e-06,3.539328114684722e-11,1.0687586332472225e-10,1.5578283449013046e-18,1.6059521761118051e-18,6.75027831196224e-12,7.960372480687175e-12,4.3856304936699746e-12,9.367576611628159e-12,1.4073267169036294e-15,2.694863174351475e-15,1.3150251249609945e-08,2.6156745146612614e-08,2.749650871989697e-19,8.303834834446495e-19,0.006322384667099027,0.01303538666191988,3.40106818189477e-31,1.0000000000001118e-30,5.994322661532794e-10,1.9454364066241574e-09,3.101181510470711e-11,9.824665572504548e-11
1.337,1361.8299578411966,5.097453634563214,0.17202641467165344,9.305699157004035,0.49275988253977315,0.07311325924519059,7.694055329544763e-06,5.708028208956736e-07,1.7228556434296968e-12,2.028672778660283e-12,3.1842661715015515e-13,7.498984754490946e-13,1.3468081509666338e-07,1.6857909628113155e-07,0.19925583433221652,0.26418952050872285,2.4110851782331377e-15,5.8570067179499e-15,3.4010701128242754e-13,8.514194476728955e-13,1.7354643555145151e-12,1.791640077540431e-12,3.942138195162603e-06,4.362199772378637e-06,0.012436131165235767,0.014683890964299206,0.256273573261373,0.528308023848664,0.03291448128341816,0.1066102076138958,9.870570711355581e-08,2.1080456627810418e-07,2.751340163153756e-06,6.080118472620488e-06,1.0665935692359854e-06,2.515294553979678e-06,2.0323519664895844e-05,4.196275450153308e-05,5.2673884561727616e-09,1.126655444099933e-08,1.7174939234886247e-06,3.8010091129211383e-06,3.535182655078814e-11,1.0675127316212842e-10,1.5571916474461674e-18,1.6053046649519057e-18,6.7468119901857936e-12,7.956328653238265e-12,4.382969866221205e-12,9.36194523109985e-12,1.4062483656546775e-15,2.6928131136813156e-15,1.3150182142601915e-08,2.6156751969468635e-08,2.7475417095263954e-19,8.297511018108204e-19,0.006322349792644952,0.013035386661925337,3.401049421504299e-31,1.0000000000001145e-30,5.988108235324343e-10,1.943430256400472e-09,3.098710037186148e-11,9.816889997724698e-11
1.338,1361.7752119190045,5.097596245947851,0.1720216020258481,9.311512380391234,0.4927666818771987,0.07311467082043951,7.689854439140625e-06,5.704943096325019e-07,1.720653804365384e-12,2.0260912599780307e-12,3.180095424254744e-13,7.489203846389131e-13,1.3458117188385658e-07,1.6845530139245775e-07,0.1992507143095426,0.26418418712270414,2.407897079461453e-15,5.849294408797803e-15,3.39785327615728e-13,8.506188342844768e-13,1.732879904522771e-12,1.7889818236477297e-12,3.939049872723188e-06,4.358806376994989e-06,0.012433342980222719,0.014680679693490881,0.25627367053906025,0.5283111343806566,0.03291555712892935,0.10661427952694473,9.867010827572774e-08,2.1072969899905167e-07,2.7514040072467274e-06,6.08029305100204e-06,1.065999231665233e-06,2.51390680411991e-06,2.0303149381043507e-05,4.1920926096138705e-05,5.2613374491929744e-09,1.125367377091071e-08,1.7163972100158252e-06,3.7986028845586727e-06,3.531044196251705e-11,1.0662689217946717e-10,1.5565551179814084e-18,1.6046573070687338e-18,6.743348890480022e-12,7.952288517653514e-12,4.3803117692460284e-12,9.356319119111902e-12,1.4051712272367373e-15,2.6907653314479382e-15,1.315011313700506e-08,2.6156758786095153e-08,2.7454347928665235e-19,8.291193848376515e-19,0.006322314968471282,0.013035386661930784,3.401030688161699e-31,1.0000000000001145e-30,5.981905993589172e-10,1.941428023076411e-09,3.096242106371903e-11,9.80912548196259e-11
1.339,1361.7204886078293,5.097738836842657,0.1720167903407179,9.31732576638698,0.49277347336269806,0.07311608066583916,7.685657242761556e-06,5.701860644983766e-07,1.718455584471982e-12,2.023513958437557e-12,3.17593175967758e-13,7.479439451124801e-13,1.3448163978059585e-07,1.6833164288051465e-07,0.1992455997277899,0.2641788587951112,2.404714417402244e-15,5.841595175321097e-15,3.3946407441334333e-13,8.498192829614258e-13,1.730300542201352e-12,1.7863287797366378e-12,3.935965814545806e-06,4.3554176283576154e-06,0.012430558802782014,0.014677473002774362,0.25627376573415483,0.5283142364601221,0.032916633363984864,0.10661835190032105,9.863453309322856e-08,2.1065487974412013e-07,2.751467784130017e-06,6.0804674345165985e-06,1.065405665076626e-06,2.5125208372180214e-06,2.028281482676356e-05,4.187917067057186e-05,5.255297589223056e-09,1.1240816712593179e-08,1.7153022565862603e-06,3.796200494774624e-06,3.526912720939203e-11,1.0650271986347513e-10,1.5559187565507728e-18,1.6040101025500927e-18,6.739889005911531e-12,7.948252066036403e-12,4.37765619811097e-12,9.350698266132629e-12,1.4040952993008272e-15,2.6887198232812067e-15,1.3150044232623541e-08,2.615676559650561e-08,2.7433301168890595e-19,8.284883310174166e-19,0.0063222801944805415,0.013035386661936203,3.401011981814545e-31,1.0000000000001134e-30,5.975715901154854e-10,1.9394296953790925e-09,3.093777709713142e-11,9.801371999395165e-11
1.34,1361.6657878635092,5.097881407298953,0.1720119796143926,9.323139314967968,0.49278025701062056,0.07311748878458117,7.68146373409668e-06,5.698780850455989e-07,1.7162609754813102e-12,2.020940864464912e-12,3.171775160920029e-13,7.469691529635159e-13,1.3438221857540506e-07,1.6820812048837684e-07,0.19924049057725832,0.2641735355173564,2.4015371791508276e-15,5.833908986660048e-15,3.391432507881743e-13,8.490207915325763e-13,1.7277262550191187e-12,1.783680932014372e-12,3.9328860111934406e-06,4.3520335162480596e-06,0.012427778625181215,0.014674270883397112,0.256273858851553,0.528317330105067,0.03291770998697792,0.10662242473037087,9.859898152947771e-08,2.1058010844099668e-07,2.751531493938375e-06,6.080641623548107e-06,1.0648128678601636e-06,2.511136649578213e-06,2.0262515912748124e-05,4.183748804327416e-05,5.249268847429894e-09,1.1227983205242294e-08,1.7142090591941425e-06,3.7938019348824826e-06,3.522788212093274e-11,1.0637875570738361e-10,1.5552825630794873e-18,1.603363051361501e-18,6.736432332243371e-12,7.944219293669432e-12,4.375003148360495e-12,9.345082663009294e-12,1.4030205795572532e-15,2.686676584924089e-15,1.3149975429259124e-08,2.615677240070775e-08,2.7412276787189944e-19,8.278579395205586e-19,0.006322245470575491,0.013035386661941602,3.4009933024105217e-31,1.0000000000001106e-30,5.969537925363075e-10,1.9374352628509734e-09,3.0913168391063315e-11,9.793629524866864e-11
1.341,1361.611109643402,5.0980239573635435,0.17200716984515466,9.328953026110941,0.4927870328371374,0.07311889518012495,7.677273906726115e-06,5.695703708183192e-07,1.7140699690774777e-12,2.0183719684293206e-12,3.1676256112620706e-13,7.459960043161067e-13,1.3428290805438766e-07,1.6808473395606308e-07,0.19923538684641226,0.26416821727840745,2.398365351876817e-15,5.826235812133407e-15,3.388228558359051e-13,8.482233577834818e-13,1.7251570294263747e-12,1.78103826666821e-12,3.929810453180193e-06,4.34865403039295e-06,0.012425002439713862,0.014671073326636095,0.2562739498942833,0.5283204153296285,0.03291878699816326,0.10662649801946604,9.856345354519598e-08,2.105053850115883e-07,2.7515951367949648e-06,6.0808156184547025e-06,1.0642208383229638e-06,2.5097542373088795e-06,2.0242252545980243e-05,4.179587802501712e-05,5.24325119405608e-09,1.12151731860729e-08,1.7131176136063631e-06,3.7914071956919757e-06,3.5186706526408955e-11,1.062549992036367e-10,1.5546465375804363e-18,1.602716153558737e-18,6.7329788619958585e-12,7.940190192010116e-12,4.372352615485913e-12,9.339472300474465e-12,1.4019470657021893e-15,2.684635612092063e-15,1.3149906726717578e-08,2.6156779198716278e-08,2.7391274739167545e-19,8.272282090448948e-19,0.006322210796659134,0.013035386661946992,3.40097464989746e-31,1.0000000000001092e-30,5.963372032237256e-10,1.9354447146060475e-09,3.088859486368246e-11,9.785898032967732e-11
1.342,1361.55645390553,5.098166487081436,0.17200236103134767,9.334766899792697,0.4927938008590198,0.0731202998560157,7.673087753931955e-06,5.692629213385095e-07,1.7118825568241854e-12,2.0158072605575563e-12,3.1634830939569354e-13,7.450244952877809e-13,1.3418370799846444e-07,1.6796148301707701e-07,0.19923028852309602,0.2641629040663965,2.395198922666956e-15,5.81857562085658e-15,3.38502888623907e-13,8.474269794286281e-13,1.7225928517748536e-12,1.7784007697828697e-12,3.926739130885779e-06,4.345279160369351e-06,0.012422230238705551,0.014667880323804833,0.2562740388647177,0.5283234921465659,0.0329198643984471,0.10663057177208381,9.852794909672324e-08,2.1043070936842692e-07,2.751658712817364e-06,6.080989419581918e-06,1.0636295746553905e-06,2.5083735962426986e-06,2.0222024627793874e-05,4.175434041489589e-05,5.2372445978925186e-09,1.1202386589190886e-08,1.7120279152525916e-06,3.7890162672657887e-06,3.5145600254114055e-11,1.0613144984169629e-10,1.5540106801552563e-18,1.6020694092889542e-18,6.729528586685963e-12,7.936164751331736e-12,4.369704594813556e-12,9.333867168907077e-12,1.400874755381827e-15,2.6825969004044387e-15,1.31498381248061e-08,2.6156785990547518e-08,2.737029496575221e-19,8.265991378448976e-19,0.006322176172634779,0.0130353866619524,3.4009560242233397e-31,1.0000000000001096e-30,5.957218185828895e-10,1.9334580391176713e-09,3.0864056431741976e-11,9.778177497837627e-11
1.343,1361.5018206068858,5.0983089965010215,0.17199755317120133,9.340580935990088,0.49280056109161813,0.07312170281558557,7.66890526945711e-06,5.689557361622683e-07,1.709698730521791e-12,2.01324673135443e-12,3.1593475923918503e-13,7.440546220273761e-13,1.3408461819752193e-07,1.678383674161196e-07,0.1992251955965705,0.2641575958713241,2.3920378787986068e-15,5.810928382406073e-15,3.381833482681383e-13,8.466316543039584e-13,1.7200337086696556e-12,1.7757684277038724e-12,3.92367203495093e-06,4.341908896042359e-06,0.012419462014483167,0.014664691866217255,0.2562741257666107,0.5283265605714712,0.0329209421873434,0.10663464598818838,9.849246814710185e-08,2.1035608143834332e-07,2.751722222132979e-06,6.08116302729682e-06,1.0630390752353659e-06,2.5069947226543275e-06,2.0201832068700675e-05,4.1712875030944035e-05,5.231249030137702e-09,1.1189623353848242e-08,1.7109399600975383e-06,3.786629140850079e-06,3.51045631351063e-11,1.0600810711934143e-10,1.5533749907658993e-18,1.6014228185552013e-18,6.726081499859179e-12,7.93214296429893e-12,4.3670590819298094e-12,9.328267259240423e-12,1.399803646327774e-15,2.680560445643672e-15,1.314976962333037e-08,2.6156792776213856e-08,2.734933743327204e-19,8.259707249419805e-19,0.006322141598405937,0.01303538666195781,3.4009374253362575e-31,1.0000000000001115e-30,5.951076353429215e-10,1.931475225910058e-09,3.083955301471507e-11,9.770467894476265e-11
1.344,1361.4472097033245,5.098451485674488,0.1719927462628178,9.346395134680025,0.492807313548556,0.07312310406190782,7.664726447045312e-06,5.68648814845692e-07,1.7075184820049161e-12,2.0106903713644576e-12,3.155219089887978e-13,7.430863806679217e-13,1.3398563844251908e-07,1.6771538689920797e-07,0.1992201080578163,0.26415229268546,2.3888822074955227e-15,5.803294066226197e-15,3.3786423389362517e-13,8.458373802679397e-13,1.7174795867624316e-12,1.7731412268240285e-12,3.920609156049923e-06,4.338543227313381e-06,0.012416697759394276,0.014661507945210548,0.2562742106053823,0.5283296206233509,0.03292202036268544,0.10663872066229617,9.845701066032955e-08,2.102815011501923e-07,2.7517856648785016e-06,6.081336441986795e-06,1.0624493384813799e-06,2.5056176129137467e-06,2.0181674780962537e-05,4.1671481694797434e-05,5.225264462442615e-09,1.1176883420261206e-08,1.7098537442086643e-06,3.784245807917746e-06,3.506359500112364e-11,1.058849705363713e-10,1.5527394693233137e-18,1.6007763813078371e-18,6.722637598293583e-12,7.92812482738769e-12,4.364416072418417e-12,9.322672562401004e-12,1.398733736273127e-15,2.678526243594647e-15,1.3149701222093304e-08,2.615679955572119e-08,2.7328402115723863e-19,8.253429695890369e-19,0.006322107073876345,0.01303538666196318,3.4009188531844353e-31,1.000000000000113e-30,5.944946502982958e-10,1.9294962647189193e-09,3.081508453265469e-11,9.762769198065138e-11
1.345,1361.392621152066,5.098593954650006,0.171987940304435,9.352209495839475,0.4928140582450705,0.07312450359829203,7.66055128046284e-06,5.683421569464824e-07,1.7053418031205654e-12,2.008138171146087e-12,3.151097569934319e-13,7.421197673817196e-13,1.3388676852437787e-07,1.6759254121228598e-07,0.19921502589618453,0.26414699449890033,2.3857318961101678e-15,5.7956726420719196e-15,3.3754554462071353e-13,8.450441551671367e-13,1.7149304727460333e-12,1.7705191535779002e-12,3.917550484875443e-06,4.335182144103348e-06,0.01241393746580806,0.014658328552146143,0.2562742933847947,0.5283326723177697,0.032923098923961,0.10664279579427785,9.842157659951678e-08,2.1020696843091527e-07,2.751849041180781e-06,6.0815096640172156e-06,1.0618603627775592e-06,2.504242263309536e-06,2.0161552675517838e-05,4.163016022534743e-05,5.219290866156611e-09,1.1164166727997104e-08,1.7087692635660239e-06,3.781866259747554e-06,3.50226956842869e-11,1.0576203959370817e-10,1.5521041157921381e-18,1.6001300975524507e-18,6.719196875930341e-12,7.924110333727506e-12,4.361775561883943e-12,9.317083069358582e-12,1.39766502296045e-15,2.676494290059926e-15,1.3149632920901243e-08,2.6156806329080997e-08,2.730748897736084e-19,8.247158707445667e-19,0.006322072598950057,0.013035386661968507,3.4009003077162505e-31,1.0000000000001113e-30,5.938828601951352e-10,1.92752114512242e-09,3.079065090549634e-11,9.755081383746536e-11
1.346,1361.3380549078365,5.098736403483789,0.1719831352940202,9.35802401944547,0.4928207951928893,0.07312590142752397,7.65637976354334e-06,5.680357620272736e-07,1.7031686857961937e-12,2.005590121351852e-12,3.146983015859891e-13,7.411547783031419e-13,1.3378800823704406e-07,1.6746983010505553e-07,0.19920994910452489,0.2641417013063676,2.3825869318836224e-15,5.788064079425639e-15,3.372272795931043e-13,8.442519769064022e-13,1.7123863533976897e-12,1.7679021944863879e-12,3.9144960122011465e-06,4.331825636421961e-06,0.012411181126112478,0.014655153678406386,0.2562743741120531,0.5283357156773679,0.03292417786719914,0.10664687137279619,9.838616593071138e-08,2.101324832137097e-07,2.7519123511864932e-06,6.081682693797031e-06,1.0612721466149786e-06,2.502868670382137e-06,2.0141465668007358e-05,4.158891045118333e-05,5.213328213827619e-09,1.1151473219183374e-08,1.7076865144310449e-06,3.7794904882403267e-06,3.4981865017913626e-11,1.0563931379585548e-10,1.5514689300131457e-18,1.5994839671668133e-18,6.715759333030374e-12,7.920099483900032e-12,4.359137545960409e-12,9.311498771144642e-12,1.3965975041437677e-15,2.674464580863581e-15,1.3149564719554962e-08,2.615681309629251e-08,2.7286598003981945e-19,8.24089428017652e-19,0.006322038173531451,0.013035386661973876,3.4008817888802606e-31,1.0000000000001115e-30,5.932722619513251e-10,1.9255498572555918e-09,3.076625205450489e-11,9.747404427081974e-11
1.347,1361.283510932276,5.098878832210688,0.1719783312302615,9.363838705475079,0.4928275244125867,0.07312729755369972,7.652211889342502e-06,5.677296295929206e-07,1.7009991215488783e-12,2.003046212150416e-12,3.1428754113320496e-13,7.40191409645998e-13,1.3368935735724967e-07,1.6734725330564587e-07,0.19920487766680936,0.2641364130908027,2.3794473021574286e-15,5.780468348011867e-15,3.3690943784520867e-13,8.434608431168061e-13,1.709847215143328e-12,1.7652903357069429e-12,3.911445728362709e-06,4.328473693793456e-06,0.012408428732750361,0.014651983315437312,0.2562744527854714,0.5283387507064375,0.032925257197323435,0.1066509474153211,9.83507786041834e-08,2.100580453980591e-07,2.7519755949869334e-06,6.08185553161261e-06,1.0606846880055318e-06,2.5014968295415708e-06,2.0121413651968072e-05,4.154773215524231e-05,5.207376472367304e-09,1.1138802823887728e-08,1.7066054917392453e-06,3.7771184823617065e-06,3.494110283114864e-11,1.0551679263468402e-10,1.5508339122862686e-18,1.598837990501962e-18,6.712324954581903e-12,7.916092260474575e-12,4.35650201987124e-12,9.305919657912482e-12,1.3955311774499292e-15,2.6724371115857262e-15,1.3149496617870799e-08,2.6156819857385006e-08,2.72657291003835e-19,8.234636385708731e-19,0.006322003797525082,0.013035386661979268,3.4008632966251186e-31,1.0000000000001118e-30,5.92662851698255e-10,1.923582388700183e-09,3.074188789525639e-11,9.739738301828753e-11
1.348,1361.2289891826786,5.09902124087931,0.1719735281113833,9.369653553905428,0.49283424591893915,0.07312869198005258,7.648047651666462e-06,5.674237592038936e-07,1.698833102300797e-12,2.000506434186841e-12,3.1387747399705833e-13,7.392296576126512e-13,1.3359081567766687e-07,1.6722481056211392e-07,0.19919981157281189,0.26413112984282905,2.3763129943822553e-15,5.7728854178182914e-15,3.3659201850592874e-13,8.426707516658004e-13,1.7073130448102691e-12,1.7626835638106644e-12,3.908399624134232e-06,4.325126306226432e-06,0.012405680278149787,0.014648817454666391,0.2562745294091237,0.5283417774211273,0.032926336913484684,0.10665502392061998,9.831541458341297e-08,2.0998365491164449e-07,2.75203877270991e-06,6.082028177830814e-06,1.0600979853523786e-06,2.500126737120259e-06,2.010139653941181e-05,4.1506625158597455e-05,5.2014356134621656e-09,1.1126155482387728e-08,1.7055261915191262e-06,3.774750233495676e-06,3.490040895773925e-11,1.053944756159315e-10,1.5501990625682338e-18,1.5981921675550059e-18,6.708893734663256e-12,7.912088656739716e-12,4.353868979249945e-12,9.300345720690248e-12,1.3944660406384392e-15,2.6704118780600916e-15,1.314942861565655e-08,2.615682661236979e-08,2.724488223708736e-19,8.228385015516649e-19,0.00632196947083572,0.013035386661984626,3.400844830899602e-31,1.0000000000001096e-30,5.920546262234827e-10,1.9216187291670144e-09,3.07175583484701e-11,9.732082983371772e-11
1.349,1361.1744896140704,5.099163629545562,0.17196872593536436,9.375468564713707,0.49284095972359715,0.07313008470934963,7.643887044706542e-06,5.671181504491793e-07,1.696670620191131e-12,1.997970778361108e-12,3.1346809853855683e-13,7.382695184029341e-13,1.3349238299936004e-07,1.6710250163299635e-07,0.199194750815434,0.26412585155720675,2.3731839960740958e-15,5.765315258989381e-15,3.3627502075374245e-13,8.418817005447795e-13,1.7047838294500763e-12,1.7600818655994166e-12,3.905357690525745e-06,4.321783463989788e-06,0.012402935754744453,0.014645656087526623,0.2562746039901583,0.528344795843905,0.0329274170117431,0.10665910087744546,9.828007383867975e-08,2.0990931169665368e-07,2.7521018845024853e-06,6.082200632860866e-06,1.0595120372621674e-06,2.498758389930197e-06,2.0081414251956552e-05,4.1465589302146134e-05,5.195505611287205e-09,1.1113531140280454e-08,1.7044486103667565e-06,3.7723857342817496e-06,3.4859783234036835e-11,1.0527236225316811e-10,1.549564380637277e-18,1.5975464981389317e-18,6.705465672982151e-12,7.908088672622217e-12,4.351238419941318e-12,9.294776950956309e-12,1.3934020915382097e-15,2.6683888762529085e-15,1.3149360712714927e-08,2.6156833361247105e-08,2.7224057412113786e-19,8.222140169378455e-19,0.006321935193368406,0.013035386661989987,3.400826391652642e-31,1.0000000000001103e-30,5.914475826563031e-10,1.9196588694754907e-09,3.06932633376177e-11,9.72443844796611e-11
1.35,1361.1200121874035,5.099305998247117,0.17196392470079871,9.381283737877148,0.4928476658456674,0.073131475745461,7.639730061588078e-06,5.66812802838609e-07,1.6945116668347998e-12,1.9954392349551924e-12,3.1305941313177676e-13,7.373109882472069e-13,1.3339405910178203e-07,1.6698032624975012e-07,0.19918969538007858,0.26412057821873947,2.3700602946350963e-15,5.757757841391044e-15,3.359584436390375e-13,8.410936874242751e-13,1.702259555640427e-12,1.7574852273850383e-12,3.902319917976524e-06,4.318445156719971e-06,0.012400195155033704,0.014642499205527217,0.25627467652820657,0.5283478059817173,0.03292849749567927,0.10666317829890519,9.824475632164293e-08,2.0983501565548608e-07,2.7521649304628795e-06,6.082372897003777e-06,1.0589268418004415e-06,2.4973917835068755e-06,2.006146668574883e-05,4.142462437417886e-05,5.189586433478961e-09,1.1100929729173163e-08,1.7033727433586113e-06,3.770024973995511e-06,3.481922549105996e-11,1.0515045204382697e-10,1.5489298667461393e-18,1.596900982555799e-18,6.702040756922032e-12,7.904092293513329e-12,4.3486103372113166e-12,9.289213338951343e-12,1.3923393277970846e-15,2.666368101783214e-15,1.3149292908861548e-08,2.6156840104041595e-08,2.7203254538697515e-19,8.215901821464396e-19,0.006321900965028486,0.013035386661995368,3.400807978833297e-31,1.0000000000001103e-30,5.908417172250782e-10,1.9177027975202595e-09,3.0669002779441914e-11,9.71680466973298e-11
1.351,1361.0655568576472,5.099448347040512,0.1719591244056447,9.387099073373047,0.4928543642963763,0.07313286509108544,7.635576696631042e-06,5.665077159705894e-07,1.6923562344663875e-12,1.9929117949801685e-12,3.126514161495743e-13,7.363540633727198e-13,1.332958437889821e-07,1.668582841745971e-07,0.19918464526004925,0.26411530982269804,2.3669418776906356e-15,5.750213135429628e-15,3.35642286355455e-13,8.403067103332928e-13,1.6997402105671518e-12,1.7548936361065132e-12,3.899286297602137e-06,4.315111374801071e-06,0.01239745847148649,0.014639346800140464,0.25627474703074365,0.528350807857666,0.0329295783610096,0.10666725617263009,9.820946200422236e-08,2.097607667337995e-07,2.7522279107399175e-06,6.082544970672236e-06,1.0583423976234997e-06,2.496026914778702e-06,2.0041553764935806e-05,4.138373022079291e-05,5.1836780549082815e-09,1.1088351196144284e-08,1.702298587230353e-06,3.7676679455841262e-06,3.477873556671176e-11,1.0502874450610114e-10,1.54829552064223e-18,1.5962556205865946e-18,6.698618986616655e-12,7.900099519840579e-12,4.34598472698164e-12,9.283654876315721e-12,1.3912777472735289e-15,2.664349550672992e-15,1.3149225203899649e-08,2.615684684075248e-08,2.7182473623247754e-19,8.209669974083855e-19,0.006321866785721488,0.013035386662000773,3.4007895923907677e-31,1.0000000000001145e-30,5.902370271499492e-10,1.9157505044144014e-09,3.064477659844533e-11,9.709181625250327e-11
1.352,1361.0111235842346,5.099590675968619,0.17195432504832173,9.392914571178752,0.49286105509249145,0.07313425274974046,7.631426943228759e-06,5.662028893747078e-07,1.6902043148760808e-12,1.9903884489231497e-12,3.122441059704699e-13,7.353987400198112e-13,1.3319773684668473e-07,1.6673637514679325e-07,0.19917960044306915,0.2641100463569395,2.363828732723314e-15,5.742681111162642e-15,3.3532654798985334e-13,8.395207670333172e-13,1.6972257810135875e-12,1.7523070782865059e-12,3.896256820032123e-06,4.311782108078478e-06,0.012394725696632143,0.01463619886290862,0.2562748154996426,0.5283538014832773,0.03293065960905467,0.10667133450439885,9.81741908427269e-08,2.096865648438904e-07,2.752290825445421e-06,6.082716854196866e-06,1.05775870294007e-06,2.4946637796181596e-06,2.0021675392490145e-05,4.1342906644351004e-05,5.177780445005146e-09,1.1075795476630168e-08,1.7012261374553128e-06,3.765314639200194e-06,3.47383132944356e-11,1.049072391446829e-10,1.547661342455376e-18,1.5956104124064382e-18,6.69520035340537e-12,7.896110341658847e-12,4.3433615846679625e-12,9.278101553607635e-12,1.39021734766785e-15,2.6623332186408994e-15,1.3149157597641954e-08,2.6156853571396508e-08,2.7161714600358216e-19,8.203444607855281e-19,0.006321832655353233,0.013035386662006135,3.400771232274385e-31,1.000000000000117e-30,5.896335089037197e-10,1.9138019788447445e-09,3.062058471353239e-11,9.701569289320466e-11
1.353,1360.9567123252396,5.099732985078736,0.17194952662710045,9.398730231271662,0.49286773824889224,0.07313563872466161,7.627280795275842e-06,5.658983226176881e-07,1.6880559001106514e-12,1.9878691875728036e-12,3.118374809847214e-13,7.344450144562323e-13,1.330997380704652e-07,1.666145989179019e-07,0.19917456091875133,0.26410478781181884,2.360720847400953e-15,5.735161739095728e-15,3.350112276831035e-13,8.387358554208928e-13,1.694716254033041e-12,1.7497255407256864e-12,3.893231476179496e-06,4.3084573467105425e-06,0.012391996822998887,0.014633055385371664,0.256274881938623,0.5283567868738708,0.03293174123927464,0.10667541329396128,9.813894280098402e-08,2.0961240991409973e-07,2.752353674703805e-06,6.0828885479359865e-06,1.057175756170817e-06,2.4933023743972532e-06,2.0001831481658543e-05,4.1302153468419754e-05,5.171893575881898e-09,1.1063262511801515e-08,1.7001553901092954e-06,3.7629650463291408e-06,3.46979585106523e-11,1.047859354732261e-10,1.5470273321527787e-18,1.5949653580226995e-18,6.691784851248359e-12,7.89212475211311e-12,4.340740905967391e-12,9.272553361985438e-12,1.3891581267723997e-15,2.660319101581474e-15,1.3149090089898912e-08,2.615686029598518e-08,2.7140977437059104e-19,8.197225713192409e-19,0.006321798573829745,0.013035386662011456,3.4007528984335883e-31,1.0000000000001148e-30,5.890311593216666e-10,1.9118572106740313e-09,3.0596427046611655e-11,9.693967637695761e-11
1.354,1360.9023230381931,5.099875274420082,0.17194472914018713,9.404546053629232,0.49287441377953733,0.07313702301894484,7.6231382466223845e-06,5.655940152628869e-07,1.6859109822228411e-12,1.9853540017242048e-12,3.114315395794795e-13,7.334928829421713e-13,1.3300184725581466e-07,1.6649295523935513e-07,0.19916952667761983,0.26409953417888665,2.357618209355623e-15,5.727654989645753e-15,3.3469632457734714e-13,8.379519733955684e-13,1.6922116166999492e-12,1.7471490102457938e-12,3.8902102569611355e-06,4.3051370808590866e-06,0.012389271843136842,0.014629916359094199,0.2562749463522734,0.5283597640465351,0.03293282325025052,0.10667949253821479,9.810371784268609e-08,2.0953830187246248e-07,2.752416458644037e-06,6.083060052257734e-06,1.0565935557421864e-06,2.491942695501272e-06,1.9982021945858775e-05,4.126147051690776e-05,5.1660174197011926e-09,1.105075224293311e-08,1.6990863412762633e-06,3.7606191584737856e-06,3.465767105213929e-11,1.0466483300642992e-10,1.5463934896862463e-18,1.5943204574267615e-18,6.688372475836617e-12,7.888142746388751e-12,4.338122686551113e-12,9.267010292550942e-12,1.388100082373624e-15,2.6583071953775178e-15,1.3149022680479922e-08,2.6156867014526762e-08,2.712026210186592e-19,8.191013280956329e-19,0.006321764541057349,0.013035386662016772,3.400734590817995e-31,1.0000000000001143e-30,5.884299752477977e-10,1.909916189792751e-09,3.057230351975534e-11,9.686376646178527e-11
1.355,1360.8479556816787,5.1000175440388364,0.1719399325858909,9.410362038228973,0.4928810816995746,0.07313840563585974,7.618999291014442e-06,5.652899668658788e-07,1.6837695532254213e-12,1.9828428821247394e-12,3.110262801504996e-13,7.325423417578426e-13,1.329040641961535e-07,1.663714438599673e-07,0.19916449770899056,0.26409428544807995,2.354520806261526e-15,5.720160833330034e-15,3.3438183780092803e-13,8.371691188221748e-13,1.6897118560736622e-12,1.74457747365225e-12,3.887193153251695e-06,4.301821300638408e-06,0.012386550749621502,0.01462678177566962,0.2562750087439419,0.528362733015781,0.03293390564179879,0.10668357223805465,9.80685159292866e-08,2.0946424064221506e-07,2.752479177387023e-06,6.083231367512207e-06,1.0560121000148514e-06,2.4905847391600458e-06,1.996224669553227e-05,4.12208576075665e-05,5.160151947884692e-09,1.103826460971114e-08,1.698018986857037e-06,3.7582769667309506e-06,3.4617450755502666e-11,1.0454393125844482e-10,1.5457598150733222e-18,1.593675710677671e-18,6.684963220866329e-12,7.884164317317657e-12,4.335506922037703e-12,9.261472336292443e-12,1.3870432122438414e-15,2.6562974958843567e-15,1.3148955369196853e-08,2.6156873727033372e-08,2.709956855126229e-19,8.184807298372986e-19,0.006321730556942618,0.01303538666202211,3.400716309377345e-31,1.0000000000001166e-30,5.878299534211356e-10,1.9079789057500467e-09,3.054821405441064e-11,9.678796290371185e-11
1.356,1360.7936102157355,5.1001597939768475,0.17193513696266735,9.41617818504844,0.4928877420258548,0.07313978657892606,7.614863921974632e-06,5.649861769655993e-07,1.6816316050342847e-12,1.9803358194070943e-12,3.106217011008688e-13,7.3159338720049e-13,1.3280638868054392e-07,1.6625006452307182e-07,0.19915947400045933,0.26408904160704394,2.3514286258019764e-15,5.712679240686152e-15,3.3406776645552996e-13,8.363872894986224e-13,1.6872169591434328e-12,1.7420109176773676e-12,3.884180155819857e-06,4.298509996044746e-06,0.012383833535056891,0.014623651626723883,0.2562750691152269,0.5283656937924919,0.03293498841548057,0.10668765240002384,9.803333701813125e-08,2.0939022613780355e-07,2.752541831042186e-06,6.083402494023917e-06,1.055431387231191e-06,2.4892285013240657e-06,1.9942505635631184e-05,4.118031454680116e-05,5.154297130464727e-09,1.1025799548846287e-08,1.6969533224196998e-06,3.7559384614603467e-06,3.45772974565743e-11,1.0442322974105217e-10,1.5451263084396595e-18,1.5930311179458287e-18,6.681557077003963e-12,7.88018945415763e-12,4.332893607926934e-12,9.255939483943326e-12,1.3859875141202524e-15,2.6542899988896495e-15,1.3148888155865067e-08,2.6156880433523048e-08,2.7078896723913947e-19,8.178607747285541e-19,0.0063216966213923515,0.013035386662027451,3.4006980540614923e-31,1.0000000000001173e-30,5.872310903873521e-10,1.9060453474668944e-09,3.052415857070835e-11,9.671226545457237e-11
1.357,1360.7392865953816,5.1003020242918025,0.17193034226843837,9.421994494065254,0.49289439476863256,0.07314116585068293,7.610732134187825e-06,5.646826451871623e-07,1.679497130154937e-12,1.977832804897715e-12,3.102178008397889e-13,7.306460155815311e-13,1.3270882052145504e-07,1.661288170012804e-07,0.19915445554623723,0.2640838026521879,2.3483416559312826e-15,5.705210182908244e-15,3.3375410977670995e-13,8.356064835578328e-13,1.6847269134818538e-12,1.7394493296550363e-12,3.8811712560831805e-06,4.295203157791705e-06,0.012381120192018993,0.014620525903848856,0.256275127474286,0.5283686464010611,0.03293607156627702,0.10669173300934781,9.799818108561653e-08,2.0931625831435106e-07,2.7526044197621037e-06,6.083573432212613e-06,1.0548514161819122e-06,2.487873979236748e-06,1.9922798697202698e-05,4.113984119489136e-05,5.148452944219506e-09,1.1013357011476312e-08,1.6958893450796032e-06,3.753603636445722e-06,3.453721099772852e-11,1.04302727985762e-10,1.5444929694544091e-18,1.5923866789308944e-18,6.678154045629364e-12,7.87621815880099e-12,4.330282740359649e-12,9.25041172760543e-12,1.3849329859458749e-15,2.652284700574834e-15,1.3148821040289655e-08,2.6156887133992705e-08,2.705824664003847e-19,8.172414634167032e-19,0.006321662734313532,0.013035386662032803,3.4006798248204096e-31,1.00000000000012e-30,5.866333836141982e-10,1.9041155068566126e-09,3.050013699605116e-11,9.66366738892248e-11
1.358,1360.6849847821509,5.100444235021361,0.17192554850180145,9.427810965257082,0.49290103994625084,0.07314254345486577,7.606603920683849e-06,5.643793710328149e-07,1.6773661203064293e-12,1.9753338289962533e-12,3.0981457777048625e-13,7.297002231980593e-13,1.326113594992748e-07,1.6600770102701684e-07,0.19914944233239237,0.2640785685691075,2.345259884231416e-15,5.6977536302839056e-15,3.334408668177222e-13,8.348266986761185e-13,1.6822417059249547e-12,1.7368926961579006e-12,3.8781664445909124e-06,4.2919007756310975e-06,0.012378410713173159,0.01461740459874054,0.2562751838211131,0.5283715908490214,0.032937155097337696,0.10669581407770641,9.796304808148968e-08,2.0924233707004035e-07,2.7526669436438297e-06,6.083744182375005e-06,1.0542721849043283e-06,2.4865211683642538e-06,1.9903125775404075e-05,4.109943733799399e-05,5.1426193566809835e-09,1.1000936928956215e-08,1.6948270498155693e-06,3.7512724807412463e-06,3.449719121325421e-11,1.0418242549963377e-10,1.543859798406405e-18,1.591742393971286e-18,6.674754115401266e-12,7.872250418135884e-12,4.327674314565621e-12,9.244889057433084e-12,1.383879625376971e-15,2.650281596571727e-15,1.3148754022289106e-08,2.6156893828464393e-08,2.70376182064075e-19,8.166227931225187e-19,0.006321628895613501,0.013035386662038165,3.400661621604245e-31,1.000000000000123e-30,5.860368293054453e-10,1.902189371729258e-09,3.047614924817322e-11,9.656118795187338e-11
1.359,1360.6307047342352,5.100586426213799,0.17192075566099663,9.433627598601644,0.4929076775726799,0.07314391939455903,7.602479275568625e-06,5.640763540845872e-07,1.6752385677388612e-12,1.972838882727147e-12,3.094120303136861e-13,7.287560063881526e-13,1.325140054153082e-07,1.6588671635886534e-07,0.19914443434937854,0.2640733393492045,2.3421832986251096e-15,5.690309553926772e-15,3.3312803674771613e-13,8.340479328197889e-13,1.6797613238436571e-12,1.7343410043101567e-12,3.87516571248053e-06,4.288602839964965e-06,0.01237570509115951,0.014614287703064098,0.25627523816005027,0.5283745271528538,0.032938239007453365,0.10669989560265655,9.792793797203169e-08,2.091684623383536e-07,2.752729402814469e-06,6.08391474487405e-06,1.0536936919007868e-06,2.485170065269206e-06,1.9883486787780118e-05,4.105910280848442e-05,5.136796341191797e-09,1.0988539245067512e-08,1.693766432928946e-06,3.74894498632768e-06,3.445723794332406e-11,1.040623218074661e-10,1.543226795218856e-18,1.5910982630283666e-18,6.671357281432845e-12,7.86828622666198e-12,4.325068326374165e-12,9.239371464860312e-12,1.3828274302627594e-15,2.6482806828812805e-15,1.3148687101675815e-08,2.6156900516947207e-08,2.701701139960876e-19,8.1600476317530295e-19,0.006321595105199769,0.013035386662043463,3.4006434443632553e-31,1.0000000000001234e-30,5.854414244535779e-10,1.9002669324543452e-09,3.045219525113813e-11,9.648580740675898e-11
1.36,1360.5764464095182,5.100728597918502,0.17191596374422688,9.439444394076716,0.4929143076613339,0.07314529367276308,7.5983581931652615e-06,5.637735939405724e-07,1.673114464819166e-12,1.9703479572518545e-12,3.090101568995064e-13,7.278133615117891e-13,1.3241675807514433e-07,1.657658627607512e-07,0.1991394315882024,0.26406811498460714,2.3391118871455635e-15,5.682877925217106e-15,3.328156187583341e-13,8.332701840113129e-13,1.6772857547434874e-12,1.7317942413742879e-12,3.872169051020208e-06,4.285309341339294e-06,0.012373003318629214,0.014611175208496845,0.2562752904959476,0.5283774553300755,0.03293932329489057,0.10670397758005483,9.789285072654023e-08,2.090946340592041e-07,2.7527917974046957e-06,6.0840851200804835e-06,1.0531159357578847e-06,2.4838206667126453e-06,1.986388165602149e-05,4.1018837447289106e-05,5.1309838721885264e-09,1.0976163905928668e-08,1.6927074909618093e-06,3.746621145718042e-06,3.4417351029606854e-11,1.0394241643854722e-10,1.542593959756081e-18,1.5904542860026993e-18,6.667963539687594e-12,7.86432557988113e-12,4.3224647717384306e-12,9.23385894158473e-12,1.3817763984942495e-15,2.6462819555841185e-15,1.3148620278261861e-08,2.6156907199449003e-08,2.6996426204817205e-19,8.153873731636242e-19,0.006321561362980073,0.013035386662048789,3.4006252930477926e-31,1.000000000000124e-30,5.848471661972494e-10,1.898348179875303e-09,3.042827493032508e-11,9.641053202227436e-11
1.361,1360.5222097668538,5.100870750182172,0.17191117274978612,9.445261351660127,0.49292093022654543,0.07314666629261023,7.59424066690016e-06,5.634710901322571e-07,1.6709938035287887e-12,1.967861043277218e-12,3.086089559339372e-13,7.268722848718664e-13,1.3231961726866273e-07,1.6564513997690504e-07,0.19913443403891606,0.2640628954661602,2.336045637465065e-15,5.675458714656348e-15,3.3250361195914647e-13,8.324934500674885e-13,1.6748149857634077e-12,1.7292523942335425e-12,3.869176451043142e-06,4.282020269817803e-06,0.012370305388289846,0.01460806710678121,0.2562753408326656,0.5283803753961306,0.03294040795890451,0.10670806000895372,9.785778630199645e-08,2.0902085214617626e-07,2.752854127534886e-06,6.084255308341913e-06,1.05253891473829e-06,2.482472968691225e-06,1.984431028592975e-05,4.0978641062511905e-05,5.1251819199862326e-09,1.0963810848837775e-08,1.691650219515419e-06,3.744300949342251e-06,3.43775303099979e-11,1.0382270891073644e-10,1.541961292106792e-18,1.589810463026055e-18,6.6645728854559816e-12,7.860368472500416e-12,4.319863646107803e-12,9.228351478226462e-12,1.3807265278044389e-15,2.64428541045778e-15,1.3148553551860642e-08,2.61569138759786e-08,2.6975862565714865e-19,8.14770621422685e-19,0.006321527668862476,0.013035386662054074,3.4006071676084148e-31,1.0000000000001234e-30,5.842540511214902e-10,1.896433103037954e-09,3.0404388206775985e-11,9.633536155304936e-11
1.362,1360.4679947673517,5.101012883044587,0.1719063826762019,9.451078471329753,0.4929275452855908,0.07314803725766826,7.590126690823897e-06,5.63168842237389e-07,1.6688765761127771e-12,1.9653781318199462e-12,3.0820842587132033e-13,7.259327728849465e-13,1.3222258279555383e-07,1.6552454776381722e-07,0.19912944168863092,0.2640576807808028,2.332984537741834e-15,5.668051893924779e-15,3.3219201550173734e-13,8.317177289101483e-13,1.6723490043427237e-12,1.726715450080588e-12,3.866187903689038e-06,4.278735615802739e-06,0.01236761129284492,0.014604963389653967,0.25627538917110165,0.528383287360344,0.03294149300170735,0.10671214289798266,9.78227446614617e-08,2.0894711652582905e-07,2.7529163933108865e-06,6.0844253099737355e-06,1.05196262723942e-06,2.481126967519119e-06,1.9824772590670955e-05,4.0938513477454024e-05,5.119390456891757e-09,1.0951480015350481e-08,1.69059461460902e-06,3.7419843885548125e-06,3.433777562534583e-11,1.0370319875078389e-10,1.5413287923287942e-18,1.5891667941982651e-18,6.6611853079980274e-12,7.85641489211375e-12,4.317264945298325e-12,9.222849066187965e-12,1.3796778160461514e-15,2.6422910435089302e-15,1.3148486922291931e-08,2.6156920546556944e-08,2.6955320434191727e-19,8.14154506535483e-19,0.006321494022755218,0.013035386662059351,3.400589067995754e-31,1.0000000000001222e-30,5.836620760628216e-10,1.894521691803891e-09,3.038053500396179e-11,9.626029576139389e-11
1.363,1360.413801367913,5.101154996558899,0.17190159352155135,9.45689575306353,0.4929341528499753,0.07314940657064596,7.586016258933384e-06,5.628668498296735e-07,1.6667627748622787e-12,1.962899213950445e-12,3.0780856513025275e-13,7.249948218831693e-13,1.3212565445739365e-07,1.6540408588031423e-07,0.19912445453021976,0.26405247092310274,2.3299285758495644e-15,5.6606574340095934e-15,3.318808285606825e-13,8.309430185185224e-13,1.6698877979573437e-12,1.7241833961451731e-12,3.863203400132911e-06,4.275455369734659e-06,0.012364921025016172,0.014601864048872275,0.2562754355178581,0.5283861912437827,0.032942578419788884,0.10671622623722982,9.778772577080192e-08,2.0887342713069595e-07,2.7529785948710423e-06,6.08459512536296e-06,1.051387071780094e-06,2.4797826597965073e-06,1.9805268488379506e-05,4.0898454525665614e-05,5.113609456440154e-09,1.0939171349646447e-08,1.6895406725675394e-06,3.739671455386207e-06,3.429808681735149e-11,1.035838854879834e-10,1.5406964603078124e-18,1.5885232794416332e-18,6.657800806769381e-12,7.852464838339187e-12,4.314668665079107e-12,9.217351696770342e-12,1.378630261058619e-15,2.640298850717798e-15,1.3148420389365845e-08,2.615692721118477e-08,2.6934799792897685e-19,8.135390280139604e-19,0.006321460424566785,0.013035386662064637,3.4005709941605853e-31,1.000000000000123e-30,5.830712380426609e-10,1.892613936634298e-09,3.035671524661233e-11,9.618533441358858e-11
1.364,1360.359629529045,5.101297090767255,0.17189680528428308,9.46271319683944,0.4929407529357771,0.07315077423492755,7.581909365141163e-06,5.625651124764918e-07,1.6646523920059894e-12,1.9604242806649665e-12,3.0740937216098567e-13,7.240584282729953e-13,1.3202883205254455e-07,1.6528375408117365e-07,0.19911947255196283,0.2640472658815253,2.3268777398829532e-15,5.653275306433058e-15,3.3157005028280494e-13,8.301693168021827e-13,1.6674313540617665e-12,1.7216562196342211e-12,3.860222931491566e-06,4.272179521988907e-06,0.012362234577552008,0.014598769076223575,0.25627547987492316,0.5283890870579773,0.03294366421425417,0.10672031003172967,9.775272959176548e-08,2.0879978388449787e-07,2.7530407323261853e-06,6.084764754835539e-06,1.0508122467372584e-06,2.4784400417886077e-06,1.9785797891093346e-05,4.085846402809656e-05,5.107838890663627e-09,1.0926884792686973e-08,1.6884883893382418e-06,3.7373621410303413e-06,3.4258463727241056e-11,1.0346476865016466e-10,1.5400642961016375e-18,1.5878799188557527e-18,6.654419373406485e-12,7.848518301571717e-12,4.3120748011888926e-12,9.211859361208672e-12,1.3775838606746655e-15,2.63830882805192e-15,1.3148353952900784e-08,2.6156933869878063e-08,2.691430059154979e-19,8.129241843752389e-19,0.006321426874205922,0.013035386662069897,3.4005529460538128e-31,1.0000000000001215e-30,5.824815338625134e-10,1.890709827275968e-09,3.0332928858127925e-11,9.611047727168307e-11
1.365,1360.3054792087842,5.101439165719664,0.17189201796258097,9.468530802635525,0.4929473455556904,0.07315214025339335,7.577806003679966e-06,5.6226362976893e-07,1.6625454199601953e-12,1.9579533231801175e-12,3.0701084540829594e-13,7.231235884477698e-13,1.319321153866908e-07,1.651635521303169e-07,0.19911449574552706,0.2640420656490186,2.3238320179546728e-15,5.645905482759362e-15,3.31259679859587e-13,8.293966217823609e-13,1.6649796603017752e-12,1.7191339079514756e-12,3.857246489084796e-06,4.268908063164774e-06,0.012359551943205552,0.014595678463499927,0.256275522247625,0.5283919748213313,0.03294475038285118,0.10672439427563883,9.771775609224243e-08,2.0872618672406084e-07,2.7531028058076703e-06,6.08493419876264e-06,1.0502381506757902e-06,2.477099110203593e-06,1.976636071960096e-05,4.081854182375672e-05,5.1020787338473475e-09,1.0914620290249756e-08,1.6874377613890876e-06,3.7350564378330733e-06,3.421890619851844e-11,1.0334584777200778e-10,1.5394322995947554e-18,1.5872367123614462e-18,6.651041005058995e-12,7.844575278708085e-12,4.309483349539486e-12,9.206372051106765e-12,1.3765386127839936e-15,2.6363209715873964e-15,1.3148287612710205e-08,2.61569405226423e-08,2.689382281320403e-19,8.123099751433026e-19,0.006321393371581587,0.013035386662075177,3.400534923626472e-31,1.0000000000001241e-30,5.818929606356063e-10,1.888809354486991e-09,3.030917576437972e-11,9.60357241055392e-11
1.366,1360.2513503675023,5.101581221459159,0.17188723155486443,9.474348570429877,0.49295393072519345,0.073153504629333,7.573706168208063e-06,5.619624012553806e-07,1.6604418508806444e-12,1.9554863324050542e-12,3.066129833177118e-13,7.221902988023674e-13,1.3183550425457648e-07,1.6504347977794242e-07,0.19910952409976299,0.26403687021478095,2.3207913980681263e-15,5.638547934285329e-15,3.3094971642011525e-13,8.286249313238847e-13,1.6625327040924744e-12,1.7166164482617694e-12,3.854274063943684e-06,4.265640983541201e-06,0.012356873114773842,0.014592592202543898,0.25627556263844925,0.5283948545463591,0.03294583692617234,0.10672847897232259,9.768280523079006e-08,2.0865263556625673e-07,2.7531648154274083e-06,6.085103457472149e-06,1.0496647818985481e-06,2.4757598611312745e-06,1.97469568822659e-05,4.0778687725986654e-05,5.096328957092689e-09,1.0902377781298065e-08,1.6863887844434042e-06,3.732754336491376e-06,3.417941407218141e-11,1.0322712238059262e-10,1.538800470889204e-18,1.5865936601037109e-18,6.647665694541751e-12,7.840635761531417e-12,4.306894305728163e-12,9.200889757395264e-12,1.375494515179059e-15,2.6343352772136378e-15,1.3148221368612479e-08,2.6156947169491266e-08,2.687336640035539e-19,8.116963986168915e-19,0.0063213599166030456,0.013035386662080439,3.400516926829741e-31,1.0000000000001248e-30,5.813055150386886e-10,1.8869125076080785e-09,3.028545588799939e-11,9.596107467473507e-11
1.367,1360.197242965622,5.1017232580287235,0.17188244605955486,9.480166500200632,0.49296050845974787,0.07315486736603262,7.569609852786504e-06,5.616614265140738e-07,1.6583416771158682e-12,1.953023299475425e-12,3.0621578435468285e-13,7.212585557783728e-13,1.317389984582141e-07,1.6492353678332703e-07,0.19910455760353962,0.26403167956802964,2.317755868453784e-15,5.631202632857773e-15,3.306401591297797e-13,8.278542433823293e-13,1.6600904730620329e-12,1.714103827949266e-12,3.851305647317289e-06,4.262378273637705e-06,0.012354198085056653,0.014589510285200478,0.25627560104986313,0.5283977262455285,0.03294692384481505,0.10673256412516101,9.764787697105508e-08,2.0857913033881686e-07,2.7532267612987487e-06,6.085272531295049e-06,1.0490921388417099e-06,2.474422290975633e-06,1.972758629414867e-05,4.073890156194653e-05,5.09058953327014e-09,1.0890157208576595e-08,1.6853414546136089e-06,3.730455828562909e-06,3.4139987191488464e-11,1.0310859200979936e-10,1.5381688100058839e-18,1.585950762143818e-18,6.644293434104133e-12,7.836699741157213e-12,4.304307665583035e-12,9.195412471497055e-12,1.3744515657282018e-15,2.632351740965044e-15,1.3148155220426793e-08,2.6156953810439935e-08,2.6852931312383504e-19,8.110834536046271e-19,0.006321326509179707,0.013035386662085714,3.4004989556148927e-31,1.0000000000001269e-30,5.807191939823171e-10,1.88501927673835e-09,3.026176915368515e-11,9.588652874538114e-11
1.368,1360.1431569610713,5.101865275479385,0.17187766147480305,9.485984591925988,0.49296707877137724,0.07315622846626488,7.565517051715104e-06,5.613607051408928e-07,1.6562448911663442e-12,1.9505642157052265e-12,3.0581924697575606e-13,7.203283557961689e-13,1.316425978055376e-07,1.6480372291313523e-07,0.19909959624915988,0.2640264937025227,2.314725417318405e-15,5.623869550264065e-15,3.303310071916116e-13,8.270845560073443e-13,1.6576529549935623e-12,1.7115960345574042e-12,3.8483412306176055e-06,4.259119924153347e-06,0.012351526846861917,0.014586432703323072,0.25627563748772336,0.528400589938272,0.032948011135976514,0.10673664972651416,9.761297128180663e-08,2.0850567098039667e-07,2.753288643555489e-06,6.085441420607257e-06,1.0485202201034874e-06,2.473086396522488e-06,1.970824887775211e-05,4.069918317415472e-05,5.084860437159095e-09,1.0877958518910326e-08,1.6842957684567047e-06,3.7281609065887624e-06,3.410062540160905e-11,1.029902561992493e-10,1.5375373168080205e-18,1.585308018380348e-18,6.640924221882976e-12,7.832767215644099e-12,4.301723425059308e-12,9.189940185105395e-12,1.3734097623419937e-15,2.6303703589564803e-15,1.3148089167967054e-08,2.6156960445491524e-08,2.683251753615956e-19,8.104711397453807e-19,0.006321293149221249,0.013035386662090974,3.4004810099333326e-31,1.0000000000001269e-30,5.80133994643365e-10,1.8831296528408288e-09,3.023811548822904e-11,9.581208609020388e-11
1.369,1360.0890923162347,5.102007273848468,0.1718728777992218,9.491802845584184,0.4929736416776921,0.0731575879336291,7.561427758571619e-06,5.610602366780854e-07,1.6541514851825071e-12,1.948109071995634e-12,3.05423369650775e-13,7.193996953072324e-13,1.3154630208975922e-07,1.646840379155773e-07,0.199094640023306,0.2640213126045539,2.311700032826266e-15,5.616548658186588e-15,3.3002225972056564e-13,8.263158670278911e-13,1.6552201373624202e-12,1.7090930553111646e-12,3.845380804872842e-06,4.255865925361697e-06,0.012348859393047692,0.014583359448823184,0.25627567195224965,0.5284034456323811,0.03294909880249222,0.10674073578700391,9.757808811880721e-08,2.0843225740185342e-07,2.7533504622950443e-06,6.085610125704076e-06,1.0479490239024757e-06,2.4717521736619603e-06,1.9688944537871293e-05,4.0659532368551164e-05,5.079141639020813e-09,1.0865781649455408e-08,1.6832517214641996e-06,3.7258695607509755e-06,3.40613285442034e-11,1.0287211447793614e-10,1.536905991498416e-18,1.5846654290619058e-18,6.63755804678932e-12,7.82883817216839e-12,4.2991415797226434e-12,9.184472889080285e-12,1.3723691028102616e-15,2.6283911270711684e-15,1.3148023211056947e-08,2.6156967074667754e-08,2.681212499700308e-19,8.098594548187569e-19,0.006321259836637591,0.013035386662096207,3.4004630897366145e-31,1.0000000000001273e-30,5.795499135732688e-10,1.8812436248478103e-09,3.021449481382313e-11,9.573774646733703e-11
1.37,1360.0350489885009,5.102149253189105,0.17186809503089176,9.49762126115352,0.49298019718969516,0.07315894577074161,7.557341967827938e-06,5.607600207341867e-07,1.6520614517813338e-12,1.9456578597966966e-12,3.050281508451551e-13,7.184725707523877e-13,1.3145011112276073e-07,1.6456448156221273e-07,0.19908968891928194,0.2640161362691882,2.3086797032793626e-15,5.609239928640569e-15,3.297139159411881e-13,8.255481745471657e-13,1.6527920081010208e-12,1.7065948779067733e-12,3.84242436162365e-06,4.252616268102732e-06,0.012346195716452615,0.014580290513588336,0.2562757044502266,0.5284062933491646,0.032950186840614584,0.10674482229592228,9.754322745342806e-08,2.0835888954737012e-07,2.753412217656757e-06,6.085778646973289e-06,1.0473785489158965e-06,2.470419619365593e-06,1.966967320086322e-05,4.061994899559264e-05,5.073433114662606e-09,1.0853626549229303e-08,1.6822093104141295e-06,3.7235817840786904e-06,3.4022096466182e-11,1.0275416639068142e-10,1.5362748338799466e-18,1.5840229940246457e-18,6.634194908502789e-12,7.824912610606825e-12,4.296562125627235e-12,9.179010575324343e-12,1.371329585079638e-15,2.6264140414922587e-15,1.3147957349509717e-08,2.6156973697968657e-08,2.6791753693790894e-19,8.092483988260289e-19,0.006321226571338869,0.013035386662101385,3.4004451949763905e-31,1.0000000000001237e-30,5.789669480865904e-10,1.879361184168171e-09,3.019090705860947e-11,9.566350965375014e-11
1.371,1359.9810269393793,5.102291213541734,0.17186331316832157,9.503439838612344,0.4929867453235533,0.07316030198098301,7.553259673434846e-06,5.604600568790111e-07,1.649974783321561e-12,1.9432105702537722e-12,3.0463358904258404e-13,7.175469786152791e-13,1.3135402470539232e-07,1.644450536107676e-07,0.19908474292520287,0.26401096468460056,2.3056644170139805e-15,5.601943333722821e-15,3.2940597500946417e-13,8.247814764965441e-13,1.6503685549246242e-12,1.7041014898155627e-12,3.839471892130441e-06,4.249370942905572e-06,0.012343535809958185,0.014577225889555671,0.2562757349832296,0.5284091330991754,0.03295127525180242,0.10674890925942464,9.750838924690237e-08,2.0828556733946035e-07,2.7534739097470713e-06,6.085946984729799e-06,1.046808793518735e-06,2.4690887298917604e-06,1.9650434779138805e-05,4.058043287692594e-05,5.067734836349948e-09,1.0841493159669277e-08,1.6811685312417618e-06,3.7212975677350137e-06,3.398292901191924e-11,1.0263641147461889e-10,1.5356438440391769e-18,1.5833807133971326e-18,6.630834798177952e-12,7.82099052078031e-12,4.293985058550669e-12,9.173553235148266e-12,1.3702912070119158e-15,2.6244390982400413e-15,1.3147891583147757e-08,2.6156980315411615e-08,2.6771403572240715e-19,8.086379701626952e-19,0.006321193353235474,0.013035386662106602,3.4004273256044533e-31,1.0000000000001223e-30,5.783850950041352e-10,1.8774823206075087e-09,3.016735214718804e-11,9.558937541517278e-11
1.372,1359.927026127778,5.102433154955176,0.17185853220973787,9.509258577939057,0.4929932860918517,0.07316165656719929,7.549180869514953e-06,5.6016034469506e-07,1.64789147228519e-12,1.9407671946568022e-12,3.042396827142597e-13,7.166229153499042e-13,1.3125804264329793e-07,1.6432575382494438e-07,0.19907980203276013,0.26400579784369577,2.3026541623025596e-15,5.5946588453732325e-15,3.290984361137556e-13,8.240157708882989e-13,1.6479497656732873e-12,1.701612878637028e-12,3.836523387783234e-06,4.246129940442006e-06,0.012340879666455973,0.01457416556867302,0.2562757635563648,0.5284119649002229,0.03295236403397306,0.10675299667218877,9.747357346480221e-08,2.0821229070988842e-07,2.7535355386932574e-06,6.08611513933429e-06,1.046239756229053e-06,2.4677595018359667e-06,1.9631229191577713e-05,4.05409838475458e-05,5.062046777999954e-09,1.082938142574261e-08,1.6801293802703654e-06,3.7190169037412626e-06,3.394382602738931e-11,1.0251884927168436e-10,1.5350130219142358e-18,1.5827385871547689e-18,6.627477712991993e-12,7.81707189961245e-12,4.291410374358873e-12,9.168100860050351e-12,1.3692539664986633e-15,2.622466293391426e-15,1.3147825911787954e-08,2.6156986927001896e-08,2.6751074606761594e-19,8.080281680907565e-19,0.006321160182238055,0.01303538666211188,3.4004094815727318e-31,1.000000000000124e-30,5.778043513792592e-10,1.8756070247257365e-09,3.014383000595849e-11,9.551534352301895e-11
1.373,1359.8730465143544,5.10257507747302,0.17185375215354393,9.515077479112112,0.49299981950925537,0.07316300953254225,7.545105549985712e-06,5.598608837495513e-07,1.645811511062464e-12,1.938327724187084e-12,3.0384643034167084e-13,7.157003774342752e-13,1.3116216473793424e-07,1.642065819631791e-07,0.19907486623154194,0.26400063573657795,2.2996489274531393e-15,5.5873864356164144e-15,3.287912984158401e-13,8.232510556679769e-13,1.6455356281229586e-12,1.6991290319037832e-12,3.833578839872774e-06,4.242893251273202e-06,0.012338227278866956,0.014571109542921812,0.25627579017260627,0.5284147887656999,0.0329534531871723,0.10675708453578363,9.743878006859784e-08,2.0813905958164065e-07,2.7535971046090343e-06,6.086283111117265e-06,1.0456714354435952e-06,2.466431931507244e-06,1.9612056351506077e-05,4.050160173096776e-05,5.056368912131806e-09,1.0817291289422681e-08,1.679091853484366e-06,3.716739783368097e-06,3.390478735782911e-11,1.0240147932155772e-10,1.5343823675596073e-18,1.58209661539282e-18,6.624123646765499e-12,7.813156740066968e-12,4.288838068810411e-12,9.162653441298429e-12,1.3682178614001058e-15,2.62049562296289e-15,1.3147760335250981e-08,2.6156993532751204e-08,2.6730766749187484e-19,8.074189911902068e-19,0.0063211270582574424,0.01303538666211709,3.400391662833282e-31,1.000000000000125e-30,5.772247140692694e-10,1.8737352864458275e-09,3.0120340560009105e-11,9.544141374452979e-11
1.374,1359.8190880605298,5.102716981136603,0.17184897299821916,9.520896542110005,0.4930063455913564,0.07316436088029978,7.541033709103365e-06,5.595616736347921e-07,1.643734892198227e-12,1.9358921502074533e-12,3.0345383042966915e-13,7.14779361401225e-13,1.310663907964753e-07,1.6408753779104433e-07,0.19906993551021204,0.2639954783521184,2.2966487010136703e-15,5.580126077058221e-15,3.2848456110367494e-13,8.224873288465251e-13,1.643126130228016e-12,1.6966499373320304e-12,3.830638239868019e-06,4.2396608661569e-06,0.012335578640116928,0.014568057804288291,0.25627581483397305,0.5284176047070177,0.03295454271239215,0.10676117285484128,9.740400902343584e-08,2.0806587388554374e-07,2.7536586076038217e-06,6.086450900399609e-06,1.0451038296483188e-06,2.465106015424766e-06,1.9592916176922933e-05,4.046228636034775e-05,5.050701212516934e-09,1.0805222695358742e-08,1.6780559471360935e-06,3.714466198478647e-06,3.386581285031569e-11,1.0228430116944935e-10,1.5337518809925411e-18,1.5814547981680822e-18,6.620772591098275e-12,7.809245032487464e-12,4.286268137861508e-12,9.157210970581696e-12,1.3671828896417973e-15,2.6185270830956855e-15,1.314769485336014e-08,2.615700013267588e-08,2.6710479960511995e-19,8.068104383176043e-19,0.00632109398120473,0.013035386662122334,3.4003738693382544e-31,1.0000000000001267e-30,5.76646180092997e-10,1.8718670962145647e-09,3.009688373595993e-11,9.536758585178441e-11
1.375,1359.7651507235419,5.102858866000563,0.1718441947417955,9.5267157669113,0.49301286434810326,0.07316571061291957,7.536965341416607e-06,5.59262713964731e-07,1.6416616084310903e-12,1.933460464308385e-12,3.0306188146180746e-13,7.138598637331963e-13,1.309707206338698e-07,1.639686210838223e-07,0.19906500986307346,0.26399032568665565,2.2936534714248755e-15,5.572877742042231e-15,3.2817822341747293e-13,8.217245885655724e-13,1.6407212601287961e-12,1.6941755828293118e-12,3.827701579443363e-06,4.236432776077476e-06,0.012332933743136591,0.014565010344763383,0.25627583754807387,0.5284204127470933,0.03295563260501925,0.10676526161583032,9.736926030167556e-08,2.0799273356781588e-07,2.753720047820565e-06,6.086618507576088e-06,1.0445369375629872e-06,2.4637817506588744e-06,1.957380859639099e-05,4.0423037590647096e-05,5.045043655612507e-09,1.0793175593942592e-08,1.6770216581151166e-06,3.7121961423460015e-06,3.3826902354307386e-11,1.0216731436773305e-10,1.5331215619890794e-18,1.5808131352885343e-18,6.617424547363013e-12,7.805336778743891e-12,4.283700577618498e-12,9.151773439908978e-12,1.3661490491982265e-15,2.6165606700243963e-15,1.3147629465929472e-08,2.6157006726772777e-08,2.6690214243862607e-19,8.062025096020806e-19,0.006321060950991196,0.013035386662127571,3.400356101039928e-31,1.0000000000001283e-30,5.760687468479076e-10,1.8700024457072944e-09,3.007345946328379e-11,9.529385962588406e-11
1.3760000000000001,1359.7112344672255,5.103000732099198,0.1718394173829902,9.532535153494596,0.4930193757977321,0.07316705873407575,7.532900440330672e-06,5.589640042684046e-07,1.6395916519441503e-12,1.9310326574255148e-12,3.0267058193634084e-13,7.129418809470349e-13,1.3087515404192378e-07,1.638498315877963e-07,0.19906008927609908,0.2639851777254676,2.2906632270145735e-15,5.565641402635904e-15,3.2787228446050934e-13,8.209628326237013e-13,1.638321005463145e-12,1.6917059557836193e-12,3.824768849660387e-06,4.233208971340278e-06,0.012330292580925427,0.014561967156417992,0.2562758583141704,0.5284232128916073,0.03295672286879311,0.10676935083227461,9.733453385549584e-08,2.0791963853154942e-07,2.753781425348032e-06,6.0867859329214474e-06,1.0439707573204863e-06,2.462459132895284e-06,1.955473351102498e-05,4.0383855220132135e-05,5.039396210865016e-09,1.0781149920564356e-08,1.6759889816595042e-06,3.709929604586923e-06,3.378805571355262e-11,1.0205051845150747e-10,1.5324914108428427e-18,1.5801716270957134e-18,6.614079503454299e-12,7.8014319648078e-12,4.281135383567941e-12,9.146340839963845e-12,1.3651163378507436e-15,2.614596379613274e-15,1.3147564172787139e-08,2.6157013315065563e-08,2.6669969507970496e-19,8.055952023213268e-19,0.006321027967528446,0.013035386662132801,3.400338357890757e-31,1.0000000000001302e-30,5.75492410762959e-10,1.868141323454902e-09,3.005006766423637e-11,9.522023482504313e-11
1.377,1359.6573392512983,5.103142579479768,0.17183464092008427,9.538354701838548,0.49302587995313235,0.07316840524664811,7.528839000488164e-06,5.586655441666205e-07,1.6375250155217731e-12,1.9286087212021e-12,3.0227993036838133e-13,7.120254095990903e-13,1.307796908364498e-07,1.6373116907928493e-07,0.19905517374063136,0.2639800344609479,2.2876779564754757e-15,5.558417031791675e-15,3.27566743469421e-13,8.202020591532767e-13,1.6359253544673838e-12,1.689241044200286e-12,3.821840042252333e-06,4.22998944299341e-06,0.012327655146448686,0.014558928231281838,0.25627587713684935,0.5284260051572124,0.03295781350210977,0.10677344050038563,9.729982965635142e-08,2.0784658872100136e-07,2.753842740311398e-06,6.0869531767908246e-06,1.0434052875965884e-06,2.461138159099973e-06,1.9535690847901115e-05,4.034473910067441e-05,5.033758854426341e-09,1.0769145624956433e-08,1.6749579145522888e-06,3.7076665782375286e-06,3.3749272778426684e-11,1.0193391297586023e-10,1.5318614274155479e-18,1.5795302734857506e-18,6.610737455177962e-12,7.797530585981469e-12,4.278572551883753e-12,9.140913162897509e-12,1.3640847536005446e-15,2.6126342081473137e-15,1.3147498973753563e-08,2.615701989756208e-08,2.664974574368471e-19,8.04988516233374e-19,0.006320995030728171,0.01303538666213798,3.4003206398432343e-31,1.0000000000001294e-30,5.749171691800823e-10,1.8662837209514173e-09,3.0026708268331915e-11,9.514671123046121e-11
1.3780000000000001,1359.6034650356282,5.103284408189324,0.1718298653513663,9.544174411921864,0.49303237682714235,0.07316975015350569,7.524781016081259e-06,5.583673332467013e-07,1.6354616917685092e-12,1.926188647069049e-12,3.01889925259675e-13,7.111104462140071e-13,1.3068433082573016e-07,1.636126333251546e-07,0.19905026324803976,0.26397489588551365,2.2846976483091905e-15,5.551204601995908e-15,3.272615996425578e-13,8.194422661906329e-13,1.6335342952135817e-12,1.6867808359143661e-12,3.818915148746047e-06,4.226774181855784e-06,0.012325021432708222,0.014555893561426692,0.25627589402068995,0.5284287895605232,0.03295890450336679,0.106777530616375,9.726514766976073e-08,2.0777358406773123e-07,2.753903992833518e-06,6.087120239533984e-06,1.042840526915926e-06,2.4598188258820914e-06,1.951668052664392e-05,4.030568906874622e-05,5.0281315605223886e-09,1.0757162652727641e-08,1.6739284531325384e-06,3.705407055350578e-06,3.371055339766775e-11,1.0181749749090537e-10,1.5312316116670061e-18,1.5788890744558095e-18,6.607398399015929e-12,7.793632638363824e-12,4.2760120784860005e-12,9.13549040031774e-12,1.3630542943703093e-15,2.6106741517607233e-15,1.3147433868649156e-08,2.6157026474268976e-08,2.662954292082824e-19,8.043824504610292e-19,0.0063209621405024025,0.013035386662143184,3.4003029468500377e-31,1.0000000000001311e-30,5.743430191832474e-10,1.8644296288529546e-09,3.000338120310104e-11,9.507328861703477e-11
1.379,1359.5496117827888,5.10342621826672,0.1718250906754011,9.549994283723294,0.4930388664359117,0.07317109345800575,7.520726480840799e-06,5.58069371061675e-07,1.6334016730754042e-12,1.9237724262052383e-12,3.015005651202329e-13,7.101969873356742e-13,1.3058907380888206e-07,1.6349422408077276e-07,0.19904535778635832,0.2639697619871455,2.2817222909884947e-15,5.544004085663144e-15,3.269568521238879e-13,8.18683451635771e-13,1.6311478155924146e-12,1.684325318572931e-12,3.8159941604325894e-06,4.223563178484591e-06,0.012322391432744561,0.014552863138968794,0.25627590896691266,0.5284315661112042,0.03295999587432167,0.1067816211873349,9.723048785304581e-08,2.0770062448577252e-07,2.7539651830150287e-06,6.0872871214513164e-06,1.0422764735664533e-06,2.458501129292189e-06,1.9497702455854396e-05,4.026670493804374e-05,5.022514300576441e-09,1.0745200943487605e-08,1.67290059307238e-06,3.7031510265018687e-06,3.3671897417968646e-11,1.0170127154055035e-10,1.530601963767249e-18,1.5782480302197013e-18,6.60406232603139e-12,7.789738111661384e-12,4.273453959046588e-12,9.130072543301005e-12,1.3620249580067683e-15,2.6087162064418435e-15,1.3147368857300327e-08,2.6157033045203622e-08,2.6609360972005836e-19,8.037770030027487e-19,0.006320929296763422,0.013035386662148398,3.400285278863974e-31,1.0000000000001329e-30,5.737699574683435e-10,1.8625790365552982e-09,2.998008639326519e-11,9.499996675074102e-11
1.3800000000000001,1359.4957794507181,5.103568009765374,0.1718203168902636,9.555814317221653,0.4930453487895205,0.07317243516260397,7.516675389786556e-06,5.577716572601688e-07,1.6313449524614506e-12,1.921360050528608e-12,3.0111184847429765e-13,7.092850295413043e-13,1.3049391961023086e-07,1.6337594113304721e-07,0.19904045734971465,0.26396463276190063,2.2787518733398275e-15,5.536815456065661e-15,3.2665250019813273e-13,8.179256137409911e-13,1.6287659041157593e-12,1.6818744804638803e-12,3.8130770693046584e-06,4.220356424212977e-06,0.012319765139563796,0.014549836955982977,0.256275921982778,0.5284343348313678,0.03296108761066798,0.1067857122007106,9.719585018392296e-08,2.0762770993271365e-07,2.7540263109975746e-06,6.087453822933792e-06,1.0417131264130856e-06,2.4571850667414806e-06,1.9478756571606856e-05,4.022778657899178e-05,5.0169070530950225e-09,1.0733260451996947e-08,1.6718743316829207e-06,3.700898485894745e-06,3.363330469294771e-11,1.0158523468959446e-10,1.529972483421e-18,1.5776071405113806e-18,6.600729236774271e-12,7.785847006769987e-12,4.2708981899510715e-12,9.124659584447621e-12,1.3609967425847156e-15,2.6067603686155054e-15,1.3147303939524241e-08,2.6157039610364586e-08,2.6589199914608693e-19,8.031721744179922e-19,0.006320896499423613,0.013035386662153625,3.4002676358379136e-31,1.000000000000135e-30,5.731979816974734e-10,1.8607319365902761e-09,2.995682377119917e-11,9.492674542179429e-11
1.381,1359.4419680026963,5.103709782722346,0.1718155439945798,9.561634512395797,0.4930518239046569,0.07317377527073278,7.512627736431287e-06,5.574741913789163e-07,1.6292915222494794e-12,1.9189515111365928e-12,3.0072377383560345e-13,7.083745693831307e-13,1.3039886802538838e-07,1.6325778423291114e-07,0.19903556192557756,0.2639595081969902,2.2757863838168417e-15,5.5296386855681675e-15,3.263485429894531e-13,8.171687503563875e-13,1.6263885486430842e-12,1.6794283092007526e-12,3.810163866575151e-06,4.217153909510209e-06,0.012317142546253134,0.014546815004638555,0.2562759330688671,0.5284370957293251,0.032962179714784184,0.10678980366559894,9.716123461627607e-08,2.0755484031521398e-07,2.7540873768764876e-06,6.087620344269699e-06,1.0411504836540474e-06,2.4558706340682535e-06,1.9459842778279277e-05,4.018893379654517e-05,5.011309788446229e-09,1.0721341115601558e-08,1.6708496643757037e-06,3.6986494235270136e-06,3.3594775069060586e-11,1.014693864811733e-10,1.5293431708714038e-18,1.576966405619854e-18,6.59739912158567e-12,7.78195931254287e-12,4.26834476675379e-12,9.119251514580859e-12,1.3599696459181544e-15,2.604806634206616e-15,1.3147239115148907e-08,2.6157046169770587e-08,2.656905966698521e-19,8.025679622743547e-19,0.006320863748395695,0.013035386662158832,3.4002500177249095e-31,1.0000000000001367e-30,5.726270884205859e-10,1.8588883178788768e-09,2.993359326074874e-11,9.485362439336389e-11
1.3820000000000001,1359.3881773999947,5.10385153718108,0.17181077198676106,9.567454869224628,0.49305829179537874,0.07317511378543286,7.508583515282567e-06,5.571769730284221e-07,1.627241375232037e-12,1.9165467996793247e-12,3.003363397431041e-13,7.07465603472588e-13,1.303039188685936e-07,1.6313975315459793e-07,0.1990306715040593,0.26395438828312434,2.2728258112536213e-15,5.522473747458117e-15,3.260449797215262e-13,8.164128595810938e-13,1.6240157375119345e-12,1.676986792890121e-12,3.8072545439869796e-06,4.213955625431533e-06,0.012314523645876882,0.014543797277076933,0.25627594222837474,0.5284398488187648,0.032963272186424745,0.1067938955825934,9.712664111842269e-08,2.074820155707533e-07,2.7541483807667674e-06,6.08778668579068e-06,1.0405885438827672e-06,2.4545578280427223e-06,1.9440960999386635e-05,4.015014643517114e-05,5.005722481961865e-09,1.070944288226377e-08,1.6698265876975105e-06,3.6964038319089234e-06,3.355630839796539e-11,1.0135372647410968e-10,1.5287140260700328e-18,1.5763258255334032e-18,6.594071974235602e-12,7.778075021877097e-12,4.265793685567387e-12,9.113848325715883e-12,1.3589436660003534e-15,2.602854999483097e-15,1.3147174383999263e-08,2.6157052723433612e-08,2.654894020384569e-19,8.019643658418262e-19,0.006320831043592556,0.013035386662164038,3.4002324244780933e-31,1.0000000000001378e-30,5.720572748578887e-10,1.857048171517398e-09,2.9910394791219864e-11,9.478060344590597e-11
1.383,1359.3344076028347,5.103993273188532,0.17180600086510098,9.573275387687106,0.49306475247418924,0.07317645070951156,7.504542720790531e-06,5.568800018148722e-07,1.6251945042056298e-12,1.9141459078110527e-12,2.9994954472766845e-13,7.065581284018546e-13,1.3020907195399012e-07,1.6302184767219867e-07,0.1990257860768156,0.26394927301304943,2.26987014440926e-15,5.515320614839076e-15,3.257418096208611e-13,8.156579395211804e-13,1.6216474590735816e-12,1.6745499196520828e-12,3.8043490932825154e-06,4.210761563030887e-06,0.012311908431518689,0.014540783765461316,0.25627594946599574,0.52844259411645,0.032964365023833195,0.10679798794738868,9.709206965878086e-08,2.0740923563701121e-07,2.754209322791493e-06,6.087952847846033e-06,1.0400273057096159e-06,2.4532466454747626e-06,1.9422111159038793e-05,4.011142434055576e-05,5.000145109121747e-09,1.0697565700259498e-08,1.6688050982310916e-06,3.694161703629776e-06,3.3517904531629396e-11,1.0123825422813259e-10,1.5280850489345035e-18,1.575685400205193e-18,6.5907477912987945e-12,7.774194130977257e-12,4.263244942468962e-12,9.108450009790904e-12,1.3579188008151507e-15,2.600905460694429e-15,1.3147109745897946e-08,2.61570592713601e-08,2.6528841504286145e-19,8.013613845227717e-19,0.006320798384927298,0.013035386662169213,3.400214856050733e-31,1.0000000000001392e-30,5.714885382540444e-10,1.8552114886810165e-09,2.988722829214393e-11,9.47076823605745e-11
1.3840000000000001,1359.2806585722756,5.1041349907892615,0.17180123062797412,9.579096067762242,0.49307120595444487,0.0731777860459002,7.500505347017308e-06,5.565832773156028e-07,1.6231509018071006e-12,1.9117488269974266e-12,2.995633873151371e-13,7.056521407510504e-13,1.301143270889123e-07,1.6290406755125605e-07,0.19902090563463007,0.2639441623783442,2.2669193719277598e-15,5.50817926053328e-15,3.2543903187724006e-13,8.149039881905979e-13,1.6192837015396883e-12,1.6721176774619234e-12,3.801447506022997e-06,4.207571713161015e-06,0.012309296896297226,0.014537774461995173,0.25627595478551907,0.5284453316372554,0.03296545822615206,0.10680208075858783,9.705752020006307e-08,2.0733650043946334e-07,2.7542702030663033e-06,6.088118830768394e-06,1.0394667675926234e-06,2.4519370828145952e-06,1.9403293174023395e-05,4.007276734325307e-05,4.9945776435303446e-09,1.0685709513849368e-08,1.6677851921187638e-06,3.691923030303326e-06,3.3479563320571304e-11,1.0112296929856794e-10,1.5274562394969855e-18,1.575045129706407e-18,6.587426568381554e-12,7.770316634904874e-12,4.2606985333206e-12,9.103056558283702e-12,1.3568950482805579e-15,2.5989580139636323e-15,1.3147045200669e-08,2.6157065813558246e-08,2.6508763525516467e-19,8.007590170583299e-19,0.006320765772313302,0.013035386662174383,3.4001973123962176e-31,1.0000000000001392e-30,5.709208755987412e-10,1.853378259716678e-09,2.986409369116215e-11,9.463486091251715e-11
1.385,1359.2269302703567,5.104276690024947,0.17179646127385245,9.58491690942909,0.4930776522506533,0.07317911979769871,7.496471388287624e-06,5.562867991273822e-07,1.6211105607916494e-12,1.9093555488429602e-12,2.991778660531299e-13,7.047476371513898e-13,1.3001968408497883e-07,1.6278641256265476e-07,0.1990160301671258,0.2639390563690389,2.2639734826656542e-15,5.5010496578777226e-15,3.2513664569878623e-13,8.141510036490709e-13,1.61692445326409e-12,1.6696900544411006e-12,3.7985497739078657e-06,4.204386066826944e-06,0.012306689033340281,0.01453476935889174,0.2562759581895457,0.5284480613935896,0.032966551793706486,0.10680617401862211,9.702299270754028e-08,2.072638099090365e-07,2.754331021700935e-06,6.088284634877172e-06,1.0389069280476238e-06,2.450629136648495e-06,1.9384506964273146e-05,4.003417528030273e-05,4.989020059647088e-09,1.067387426912009e-08,1.6667668656806683e-06,3.6896878039364033e-06,3.344128461677518e-11,1.0100787124514071e-10,1.5268275977765845e-18,1.5744050140946634e-18,6.5841082987388134e-12,7.766442525947133e-12,4.25815445413957e-12,9.097667963002635e-12,1.3558724063663594e-15,2.597012655512528e-15,1.31469807481394e-08,2.6157072350041226e-08,2.64887062284008e-19,8.001572622999135e-19,0.0063207332056641535,0.013035386662179566,3.40017979346807e-31,1.0000000000001416e-30,5.703542839894807e-10,1.851548475320812e-09,2.984099091702777e-11,9.456213888038926e-11
1.3860000000000001,1359.173222659109,5.1044183709374895,0.1717916928012007,9.590737912666757,0.49308409137717957,0.0731804519679836,7.492440838797878e-06,5.55990566837402e-07,1.6190734738754939e-12,1.9069660649057196e-12,2.987929794874178e-13,7.038446142295246e-13,1.2992514275189294e-07,1.6266888247485904e-07,0.19901115966405877,0.2639339549753304,2.2610324654390294e-15,5.4939317801094775e-15,3.248346502840381e-13,8.133989839321731e-13,1.6145697025775272e-12,1.6672670386865869e-12,3.7956558885905742e-06,4.201204614982106e-06,0.01230408483579741,0.014531768448388981,0.2562759596807758,0.5284507833980486,0.03296764572671465,0.1068102677295728,9.69884871447807e-08,2.0719116397300562e-07,2.7543917788047896e-06,6.088450260490855e-06,1.0383477855501046e-06,2.4493228034672706e-06,1.9365752447758325e-05,3.999564798468175e-05,4.983472331435755e-09,1.0662059911094905e-08,1.665750115116801e-06,3.6874560162693124e-06,3.340306827204547e-11,1.008929596270064e-10,1.5261991238181705e-18,1.5737650534540546e-18,6.58079297579078e-12,7.762571796585391e-12,4.2556127008717674e-12,9.092284215602587e-12,1.354850873021763e-15,2.59506938152316e-15,1.3146916388136332e-08,2.615707888082173e-08,2.6468669570217753e-19,7.995561189905142e-19,0.006320700684893642,0.013035386662184761,3.4001622992199043e-31,1.0000000000001434e-30,5.697887604568871e-10,1.8497221259722376e-09,2.981791989806002e-11,9.448951604145483e-11
1.387,1359.1195356987791,5.104560033574576,0.1717869252082893,9.596559077454401,0.49309052334587283,0.07318178255945547,7.488413693108683e-06,5.556945800598253e-07,1.617039633969513e-12,1.9045803669725055e-12,2.9840872616580163e-13,7.029430686166789e-13,1.2983070290699997e-07,1.6255147706587867e-07,0.19900629411769633,0.26392885819073564,2.258096309146106e-15,5.486825600663545e-15,3.2453304487535223e-13,8.126479271850472e-13,1.6122194380117021e-12,1.6648486185022383e-12,3.7927658419403823e-06,4.1980273488181084e-06,0.012301484296821357,0.01452877172272757,0.25627595926438035,0.5284534976683044,0.03296874002291341,0.1068143618854784,9.69540034815234e-08,2.0711856257181317e-07,2.7544524745030175e-06,6.088615707962541e-06,1.0377893387559122e-06,2.4480180801868695e-06,1.9347029550944993e-05,3.995718530690356e-05,4.9779344350508245e-09,1.0650266389480964e-08,1.664734937133871e-06,3.6852276601634908e-06,3.3364914140513695e-11,1.0077823401032216e-10,1.5255708175137866e-18,1.5731252477109846e-18,6.577480597117031e-12,7.75870444420654e-12,4.253073269664413e-12,9.086905308167565e-12,1.3538304462617085e-15,2.593128188303106e-15,1.3146852120483226e-08,2.6157085405904016e-08,2.644865353502071e-19,7.989555866818152e-19,0.0063206682099157625,0.013035386662189901,3.4001448296054626e-31,1.0000000000001418e-30,5.692243023318496e-10,1.8478992031240229e-09,2.979488056501497e-11,9.44169921806835e-11
1.3880000000000001,1359.0658693521468,5.104701677976163,0.17178215849364928,9.602380403771226,0.49309694817174377,0.07318311157528203,7.484389945496778e-06,5.553988383876969e-07,1.6150090338490676e-12,1.9021984466699797e-12,2.980251046496753e-13,7.020429969758932e-13,1.2973636436161418e-07,1.624341961061509e-07,0.19900143351712818,0.26392376600454853,2.25516500273145e-15,5.479731093085921e-15,3.2423182867691775e-13,8.118978314571156e-13,1.6098736479940543e-12,1.6624347820836185e-12,3.7898796256791747e-06,4.194854259362764e-06,0.012298887409595697,0.014525779174183632,0.2562759569423282,0.5284562042154103,0.0329698346832376,0.10681845649073513,9.69195416817218e-08,2.070460056335283e-07,2.7545131089005203e-06,6.0887809776004015e-06,1.037231586148082e-06,2.4467149633153156e-06,1.9328338192414765e-05,3.991878708118862e-05,4.972406344660742e-09,1.0638493649733367e-08,1.6637213279572485e-06,3.683002727414297e-06,3.3326822075068815e-11,1.0066369395746565e-10,1.52494267892174e-18,1.5724855969632122e-18,6.574171155000234e-12,7.754840459948624e-12,4.250536156515549e-12,9.081531232461895e-12,1.3528111240566146e-15,2.5911890720743113e-15,1.3146787945009379e-08,2.6157091925303202e-08,2.642865807647138e-19,7.983556640073368e-19,0.006320635780644777,0.013035386662195078,3.4001273845786255e-31,1.0000000000001442e-30,5.686609066665926e-10,1.8460796973241084e-09,2.9771872846717e-11,9.434456707690806e-11
1.389,1359.0122235796443,5.104843304189757,0.17177739265555772,9.60820189159649,0.4931033658665519,0.07318443901814581,7.480369590419455e-06,5.551033414274037e-07,1.61298166641122e-12,1.8998202957676064e-12,2.9764211349059123e-13,7.011443959468145e-13,1.2964212693182007e-07,1.6231703937206247e-07,0.1989965778546868,0.2639186784103525,2.2522385350971182e-15,5.472648230817655e-15,3.2393100092416975e-13,8.111486948758884e-13,1.6075323210756329e-12,1.6600255177533e-12,3.7869972316589647e-06,4.1916853377872185e-06,0.012296294167313102,0.014522790795042964,0.25627595271979026,0.5284589030570023,0.03297092970540956,0.10682255153932711,9.688510171357411e-08,2.0697349309527254e-07,2.7545736821213687e-06,6.088946069754759e-06,1.03667452634692e-06,2.445413449684134e-06,1.930967829697297e-05,3.988045315460139e-05,4.966888036021042e-09,1.0626741640699745e-08,1.662709284187042e-06,3.680781210646073e-06,3.328879193016883e-11,1.0054933903552652e-10,1.5243147079616884e-18,1.5718461011654211e-18,6.570864647191599e-12,7.750979841399525e-12,4.2480013575179025e-12,9.076161980451178e-12,1.3517929044084213e-15,2.5892520291187253e-15,1.3146723861539003e-08,2.6157098439023253e-08,2.6408683174307227e-19,7.977563503881788e-19,0.006320603396995147,0.013035386662200258,3.4001099640933664e-31,1.000000000000145e-30,5.680985707362004e-10,1.8442635998434068e-09,2.974889667372853e-11,9.427224051445237e-11
1.3900000000000001,1358.958598346317,5.104984912248643,0.17177262769277082,9.614023540909491,0.49310977644786924,0.0731857648915896,7.476352621596986e-06,5.548080887305847e-07,1.6109575241995582e-12,1.8974459056179884e-12,2.9725975125346726e-13,7.002472622003695e-13,1.2954799041869448e-07,1.6220000662118787e-07,0.19899172711686594,0.26391359539397735,2.2493168951029166e-15,5.46557698719551e-15,3.2363056076308927e-13,8.104005153447262e-13,1.6051954454963631e-12,1.6576208135119428e-12,3.7841186513397465e-06,4.188520574828022e-06,0.012293704563215734,0.014519806577648802,0.25627594659607866,0.5284615941986173,0.032972025093010296,0.10682664704421649,9.685068353194095e-08,2.0690102486566028e-07,2.754634194251807e-06,6.0891109846921385e-06,1.0361181575836263e-06,2.444113535206688e-06,1.9291049771364922e-05,3.9842183336897275e-05,4.961379480297206e-09,1.0615010301404218e-08,1.6616988013291251e-06,3.678563100060264e-06,3.3250823556690043e-11,1.0043516880074919e-10,1.5236869049018072e-18,1.5712067606315853e-18,6.5675610618593035e-12,7.747122574842265e-12,4.245468868366627e-12,9.070797543250582e-12,1.3507757851963406e-15,2.587317055482856e-15,1.3146659869906454e-08,2.6157104947087378e-08,2.6388728745074504e-19,7.971576433364467e-19,0.006320571058881554,0.013035386662205417,3.4000925681038046e-31,1.0000000000001463e-30,5.675372911791918e-10,1.8424508998857979e-09,2.972595197192905e-11,9.42000122627845e-11
1.391,1358.9049936099036,5.105126502209085,0.17176786360327187,9.61984535168959,0.49311617992377,0.07318708919774533,7.4723390345048015e-06,5.545130799790813e-07,1.6089366006110747e-12,1.895075268578399e-12,2.9687801651308386e-13,6.993515924305244e-13,1.2945395465799312e-07,1.6208309765450171e-07,0.19898688129968825,0.26390851695388506,2.246400072016876e-15,5.458517336546657e-15,3.2333050753569523e-13,8.096532912577478e-13,1.6028630103263911e-12,1.6552206582169437e-12,3.7812438771376426e-06,4.1853599622794175e-06,0.012291118590490098,0.01451682651427787,0.25627593857998243,0.5284642776653249,0.03297312084012223,0.1068307429875889,9.681628712031148e-08,2.0682860091445315e-07,2.754694645441125e-06,6.089275722818325e-06,1.0355624789055366e-06,2.4428152177212775e-06,1.9272452560908444e-05,3.980397751748712e-05,4.955880658556916e-09,1.0603299592054074e-08,1.6606898772037422e-06,3.676348390981212e-06,3.3212916814862036e-11,1.0032118283760494e-10,1.523059269335293e-18,1.5705675749795803e-18,6.564260402178017e-12,7.743268664260888e-12,4.242938685724447e-12,9.065437914041724e-12,1.349759764606882e-15,2.585384147801498e-15,1.3146595969931299e-08,2.6157111449488892e-08,2.636879482852785e-19,7.965595440860507e-19,0.0063205387662188224,0.013035386662210565,3.400075196564113e-31,1.0000000000001476e-30,5.669770659906966e-10,1.84064159105878e-09,2.9703038677804144e-11,9.412788212496818e-11
1.3920000000000001,1358.851409334442,5.105268074107959,0.17176310038569684,9.625667323916188,0.49312257631012846,0.07318841193989842,7.468328822772978e-06,5.542183147177261e-07,1.6069188881955126e-12,1.892708376007621e-12,2.964969078283232e-13,6.984573832935721e-13,1.2936001945045528e-07,1.6196631222911027e-07,0.19898204039131973,0.26390344307810093,2.2434880546309417e-15,5.451469252039689e-15,3.230308403894379e-13,8.089070205216865e-13,1.6005350038372043e-12,1.6528250399002937e-12,3.7783729005139746e-06,4.1822034908780285e-06,0.01228853624241802,0.014513850597318096,0.2562759286724115,0.5284669534659163,0.03297421694871186,0.10683483937716745,9.67819124331755e-08,2.0675622114944243e-07,2.754755035783822e-06,6.089440284417649e-06,1.0350074885511996e-06,2.4415184931579914e-06,1.9253886572501574e-05,3.976583550642231e-05,4.950391542015119e-09,1.0591609451773201e-08,1.6596825073224326e-06,3.6741370736217546e-06,3.3175071556127e-11,1.0020738070399355e-10,1.5224318015036854e-18,1.5699285444957076e-18,6.560962659554101e-12,7.739418099756619e-12,4.240410805234509e-12,9.060083083826603e-12,1.3487448405067804e-15,2.5834533020965154e-15,1.3146532161445613e-08,2.6157117946244396e-08,2.6348881343465405e-19,7.959620502168967e-19,0.006320506518922158,0.01303538666221572,3.4000578494286755e-31,1.0000000000001486e-30,5.664178918194066e-10,1.8388356625982489e-09,2.968015671747249e-11,9.40558498711967e-11
1.393,1358.7978454835738,5.1054096279835095,0.17175833803863602,9.631489457568733,0.49312896562227787,0.0731897331212527,7.464321980800668e-06,5.539237925483774e-07,1.604904379853194e-12,1.8903452196768633e-12,2.961164237878594e-13,6.975646315157937e-13,1.2926618461060005e-07,1.6184965011935339e-07,0.19897720438047362,0.26389837375537006,2.240580832107534e-15,5.4444327077418836e-15,3.2273155854183235e-13,8.081617012185862e-13,1.598211414666959e-12,1.6504339469720318e-12,3.7755057133310518e-06,4.179051151803704e-06,0.012285957512267617,0.014510878819140429,0.25627591687479967,0.528469621610253,0.03297531342021507,0.10683893621895427,9.67475594352387e-08,2.066838855002317e-07,2.7548153653808125e-06,6.089604669788517e-06,1.034453185028231e-06,2.440223358081365e-06,1.923535172629839e-05,3.972775714112319e-05,4.944912105343066e-09,1.0579939827077494e-08,1.658676687980218e-06,3.6719291399286428e-06,3.31372876358379e-11,1.0009376196960244e-10,1.5218045014724532e-18,1.5692896692846371e-18,6.557667825285494e-12,7.735570871302072e-12,4.237885222977118e-12,9.054733044540405e-12,1.347731010903455e-15,2.5815245146589208e-15,1.3146468444281866e-08,2.615712443737073e-08,2.6328988245494944e-19,7.953651604207391e-19,0.006320474316906871,0.013035386662220842,3.4000405266519317e-31,1.0000000000001467e-30,5.658597657756361e-10,1.837033105238233e-09,2.965730602094075e-11,9.398391528396976e-11
1.3940000000000001,1358.7443020169471,5.105551163886647,0.1717535765602539,9.63731175262673,0.49313534787021035,0.0731910527442173,7.460318503438563e-06,5.536295131063521e-07,1.6028930687393862e-12,1.8879857916571164e-12,2.9573656296725935e-13,6.966733337923957e-13,1.2917244996327266e-07,1.61733111112479e-07,0.19897237326121053,0.26389330898152136,2.2376783935935837e-15,5.437407677681326e-15,3.224326612743265e-13,8.074173315904452e-13,1.5958922317012717e-12,1.6480473680971383e-12,3.772642307729844e-06,4.175902936544091e-06,0.012283382393304032,0.014507911172111396,0.25627590319387555,0.5284722821191001,0.03297641025075452,0.10684303350173394,9.671322810028513e-08,2.0661159391580602e-07,2.7548756343655472e-06,6.089768879301109e-06,1.0338995671232007e-06,2.438929809713695e-06,1.921684795526024e-05,3.968974228545244e-05,4.939442326475556e-09,1.0568290671462536e-08,1.6576724162456575e-06,3.669724583560536e-06,3.309956491234687e-11,9.998032621315274e-11,1.5211773690426439e-18,1.5686509491782814e-18,6.554375899644341e-12,7.731726979455308e-12,4.235361935272927e-12,9.049387788630912e-12,1.3467182738819106e-15,2.5795977819279973e-15,1.3146404818264054e-08,2.615713092286716e-08,2.6309115536495286e-19,7.947688747870213e-19,0.006320442160088486,0.013035386662225963,3.4000232281884507e-31,1.0000000000001469e-30,5.653026854246247e-10,1.8352339111891757e-09,2.963448652170279e-11,9.391207815682283e-11
1.395,1358.6907788992744,5.1056926818526565,0.171748815949241,9.643134209069721,0.49314172307030074,0.07319237081214601,7.45631838477372e-06,5.533354759702414e-07,1.6008849476406044e-12,1.885630083584506e-12,2.953573239580779e-13,6.957834868560426e-13,1.290788153176268e-07,1.6161669497606575e-07,0.1989675470211741,0.26388824874386174,2.2347807282088383e-15,5.430394135818425e-15,3.2213414777428107e-13,8.066739096435035e-13,1.5935774435017306e-12,1.6456652916053554e-12,3.7697826754429163e-06,4.1727588361340915e-06,0.01228081087884366,0.014504947648656978,0.2562758876299371,0.5284749349999417,0.032977507442886994,0.10684713123513324,9.667891838806424e-08,2.065393463151524e-07,2.7549358428302497e-06,6.089932913234247e-06,1.033346633210829e-06,2.4376378443054467e-06,1.919837517328964e-05,3.965179076390008e-05,4.933982178509694e-09,1.0556661928070392e-08,1.6566696880307038e-06,3.6675233956150665e-06,3.306190324025305e-11,9.986707300200268e-11,1.520550404388081e-18,1.568012384392857e-18,6.551086872499933e-12,7.72788641250218e-12,4.232840938032906e-12,9.044047307669577e-12,1.3457066274002934e-15,2.5776731000996664e-15,1.3146341283226993e-08,2.615713740275339e-08,2.628926314946896e-19,7.941731913244123e-19,0.006320410048382784,0.013035386662231117,3.400005953992914e-31,1.0000000000001483e-30,5.647466476596135e-10,1.833438070479418e-09,2.961169814832307e-11,9.384033826765388e-11
1.3960000000000001,1358.637276091827,5.105834181927779,0.17174405620391964,9.648956826877308,0.4931480912343284,0.07319368732770826,7.452321619495394e-06,5.530416807632736e-07,1.5988800096564747e-12,1.883278087463445e-12,2.949787053492788e-13,6.948950874330961e-13,1.2898528049542925e-07,1.6150040149346338e-07,0.19896272565260906,0.2638831930357913,2.231887825166133e-15,5.42339205633822e-15,3.218360173027221e-13,8.059314335683241e-13,1.5912670389391019e-12,1.6432877061450992e-12,3.766926808550426e-06,4.169618841992691e-06,0.012278242962193469,0.014501988241191064,0.25627587018784304,0.5284775802696502,0.03297860499459691,0.10685122941396141,9.664463026890093e-08,2.0646714263983675e-07,2.754995990896215e-06,6.090096771930837e-06,1.0327943819769986e-06,2.4363474588408173e-06,1.91799333088304e-05,3.961390243097984e-05,4.9285316382675385e-09,1.0545053548010018e-08,1.6556685001213768e-06,3.665325569124318e-06,3.3024302477748304e-11,9.975400191433683e-11,1.5199236074107581e-18,1.5673739748641762e-18,6.547800741004494e-12,7.724049167318945e-12,4.230322227496602e-12,9.038711593928925e-12,1.3446960695224116e-15,2.5757504655718906e-15,1.3146277838998623e-08,2.6157143877034616e-08,2.626943106948758e-19,7.935781096144215e-19,0.006320377981705717,0.01303538666223626,3.399988704020113e-31,1.0000000000001486e-30,5.641916498873765e-10,1.831645574803981e-09,2.958894083338823e-11,9.376869540709184e-11
1.397,1358.5837935556,5.1059756641593275,0.17173929732257645,9.65477960602914,0.49315445237349576,0.07319500229348544,7.448328202081325e-06,5.527481270929262e-07,1.5968782478154794e-12,1.880929795214034e-12,2.946007057222582e-13,6.9400813223189e-13,1.2889184531527936e-07,1.61384230444034e-07,0.19895790914832306,0.26387814185144626,2.2289996735781936e-15,5.416401413180899e-15,3.215382691056758e-13,8.051899015177621e-13,1.588961006826458e-12,1.6409146003045963e-12,3.764074699048512e-06,4.166482945445208e-06,0.012275678636687905,0.014499032942158974,0.2562758508729711,0.5284802179461496,0.03297970290333716,0.10685532803130159,9.661036371059751e-08,2.0639498282602132e-07,2.755056078686427e-06,6.0902604557373246e-06,1.0322428120488909e-06,2.4350586501652438e-06,1.916152228736841e-05,3.9576077135087057e-05,4.923090681811297e-09,1.0533465480761713e-08,1.654668849125869e-06,3.6631310967261604e-06,3.29867624825174e-11,9.964111252678205e-11,1.519296978043334e-18,1.566735720559576e-18,6.544517503805183e-12,7.720215242544658e-12,4.227805799783936e-12,9.033380639424924e-12,1.3436865982761695e-15,2.5738298746735018e-15,1.3146214485406006e-08,2.6157150345713303e-08,2.6249619272721325e-19,7.929836289695578e-19,0.006320345959973492,0.013035386662241407,3.3999714782249804e-31,1.000000000000151e-30,5.636376894140008e-10,1.8298564155305307e-09,2.9566214508754767e-11,9.369714936343612e-11
1.3980000000000001,1358.5303312561155,5.106117128580677,0.17173453930396723,9.660602546504904,0.49316080650475463,0.07319631571290951,7.444338126676936e-06,5.52454814541959e-07,1.5948796549683717e-12,1.8785851985465064e-12,2.942233236865292e-13,6.93122618026791e-13,1.2879850958782197e-07,1.6126818159715765e-07,0.19895309749535112,0.26387309517729574,2.2261162627047195e-15,5.4094221806421926e-15,3.212409023754068e-13,8.044493115098935e-13,1.5866593358416633e-12,1.6385459625318307e-12,3.7612263387430725e-06,4.163351137605697e-06,0.012273117895694918,0.014496081744044542,0.25627582968491674,0.5284828480354197,0.03298080117234882,0.10685942709898677,9.657611867291956e-08,2.0632286679268359e-07,2.7551161062883697e-06,6.090423964921455e-06,1.031691921801748e-06,2.433771414529538e-06,1.9143142023116106e-05,3.953831470132351e-05,4.917659282380048e-09,1.0521897669762454e-08,1.6536707309591935e-06,3.6609399695233283e-06,3.294928311050977e-11,9.952840441069697e-11,1.5186705164792916e-18,1.5660976217152586e-18,6.541237149633291e-12,7.71638462512042e-12,4.22529165084738e-12,9.028054435814746e-12,1.3426782116395603e-15,2.5719113236373617e-15,1.3146151222286399e-08,2.6157156808811182e-08,2.6229827689861495e-19,7.9238974732833295e-19,0.00632031398310253,0.013035386662246481,3.3999542765625497e-31,1.0000000000001488e-30,5.630847631448814e-10,1.8280705827253885e-09,2.9543519103531565e-11,9.362569991626274e-11
1.399,1358.4768891557947,5.106258575234991,0.17172978214651882,9.666425648284344,0.49316715364094105,0.0731976275888007,7.440351387973734e-06,5.521617427336159e-07,1.5928842242498336e-12,1.876244289505057e-12,2.9384655784979693e-13,6.922385415877239e-13,1.2870527313510953e-07,1.6115225473647949e-07,0.19894829068485234,0.26386805300527383,2.223237581893727e-15,5.4024543332309834e-15,3.2094391637072446e-13,8.037096617293052e-13,1.5843620149444432e-12,1.6361817815652932e-12,3.7583817197551986e-06,4.1602234099365255e-06,0.012270560732573975,0.014493134639320887,0.2562758066273564,0.528485470551849,0.03298189980077402,0.10686352661556801,9.654189512519389e-08,2.0625079447921723e-07,2.7551760738156294e-06,6.09058729980861e-06,1.0311417098919381e-06,2.432485748847449e-06,1.9124792443429766e-05,3.950061498192966e-05,4.912237416580542e-09,1.0510350065651995e-08,1.6526741423267039e-06,3.6587521803677544e-06,3.291186422093866e-11,9.941587714727534e-11,1.518044222666956e-18,1.5654596783145525e-18,6.53795967355574e-12,7.712557309460492e-12,4.222779776937621e-12,9.022732975391964e-12,1.341670907686464e-15,2.5699948088797013e-15,1.314608804947121e-08,2.615716326633796e-08,2.6210056299040205e-19,7.917964640623187e-19,0.0063202820510094284,0.013035386662251588,3.3999370989879547e-31,1.0000000000001495e-30,5.625328684495119e-10,1.8262880679611307e-09,2.952085455046794e-11,9.355434685667092e-11
1.4000000000000001,1358.4234672170032,5.106400004165866,0.17172502584864388,9.672248911347245,0.4931734937946251,0.07319893792393664,7.436367980556884e-06,5.518689112831898e-07,1.5908919487658932e-12,1.873907060099602e-12,2.9347040681808915e-13,6.913558996804568e-13,1.2861213577772784e-07,1.610364496437852e-07,0.19894348870823464,0.2638630153276322,2.2203636204580976e-15,5.3954978453691654e-15,3.2064731034325546e-13,8.029709503424447e-13,1.5820690330802774e-12,1.6338220461281442e-12,3.7555408341713937e-06,4.157099753861072e-06,0.012268007140705917,0.014490191620485223,0.2562757817041877,0.5284880855102587,0.032982998787531415,0.10686762657886752,9.650769303540442e-08,2.0617876582213082e-07,2.755235981382255e-06,6.0907504607249396e-06,1.0305921749448533e-06,2.431201649959341e-06,1.910647347413981e-05,3.946297782598494e-05,4.906825060636134e-09,1.0498822618246822e-08,1.6516790798397623e-06,3.656567721902715e-06,3.287450567294577e-11,9.930353031746823e-11,1.5174180965731828e-18,1.5648218903597836e-18,6.53468507135354e-12,7.70873329082071e-12,4.2202701742464985e-12,9.017416250323367e-12,1.3406646844741283e-15,2.568080326784515e-15,1.3146024966791485e-08,2.6157169718301414e-08,2.6190305072284183e-19,7.912037783585385e-19,0.00632025016361098,0.013035386662256645,3.39991994545644e-31,1.0000000000001477e-30,5.619820026457112e-10,1.8245088626420782e-09,2.9498220782003596e-11,9.348308997476226e-11
1.401,1358.3700654003378,5.106541415422586,0.17172027040856416,9.678072335673452,0.49317982697592166,0.0732002467207287,7.432387899294118e-06,5.515763198268955e-07,1.5889028217784733e-12,1.871573502523194e-12,2.9309486919647795e-13,6.904746890683147e-13,1.285190973423967e-07,1.6092076610852087e-07,0.19893869155936228,0.2638579821398723,2.217494367754496e-15,5.388552691583509e-15,3.203510835806906e-13,8.022331756059341e-13,1.5797803793561754e-12,1.6314667451097741e-12,3.7527036742519373e-06,4.153980160994451e-06,0.012265457113478255,0.014487252680041775,0.2562757549217187,0.5284906929304269,0.032984098129113675,0.1068717269788443,9.647351237662272e-08,2.0610678076878931e-07,2.7552958291173527e-06,6.09091344802973e-06,1.0300433157380823e-06,2.4299191150643565e-06,1.9088185048160735e-05,3.942540309719174e-05,4.9014221925873765e-09,1.0487315281248811e-08,1.6506855405353617e-06,3.6543865877132698e-06,3.2837207327584974e-11,9.919136350797788e-11,1.5167921380300534e-18,1.5641842577142093e-18,6.53141334307353e-12,7.704912569488529e-12,4.217762839120197e-12,9.012104253104646e-12,1.3396595401104278e-15,2.5661678738324453e-15,1.3145961974074555e-08,2.6157176164701233e-08,2.6170574004800826e-19,7.90611690104208e-19,0.006320218320824216,0.013035386662261686,3.399902815923368e-31,1.0000000000001453e-30,5.614321633020773e-10,1.8227329589862673e-09,2.9475617732598656e-11,9.341192906702675e-11
1.4020000000000001,1358.316683670817,5.106682809040883,0.17171551582495756,9.68389592124285,0.4931861532004597,0.07320155398240327,7.428411138224891e-06,5.512839679394189e-07,1.5869168361628327e-12,1.869243608512905e-12,2.927199435978782e-13,6.895949065328935e-13,1.2842615763945548e-07,1.6080520389959903e-07,0.19893389922655008,0.26385295343012216,2.2146298130392143e-15,5.381618846155262e-15,3.200552352753264e-13,8.014963355373532e-13,1.5774960425326293e-12,1.6291158670411033e-12,3.7498702318237205e-06,4.150864622471335e-06,0.012262910644331961,0.014484317810556728,0.25627572628069084,0.5284932928206274,0.03298519782758455,0.10687582782350316,9.643935310756084e-08,2.060348392358634e-07,2.7553556171133217e-06,6.091076262000857e-06,1.0294951306368408e-06,2.4286381403885156e-06,1.9069927079184857e-05,3.938789061954081e-05,4.896028785587814e-09,1.0475827997900416e-08,1.64969352028426e-06,3.652208768802023e-06,3.279996904197769e-11,9.907937629360124e-11,1.5161663472279272e-18,1.563546780610443e-18,6.528144479852482e-12,7.70109513523971e-12,4.21525776745554e-12,9.006796975270265e-12,1.3386554725639766e-15,2.5642574462369907e-15,1.3145899071157191e-08,2.6157182605554616e-08,2.615086302722018e-19,7.9002019723555815e-19,0.006320186522566468,0.013035386662266751,3.3998857103442676e-31,1.0000000000001448e-30,5.608833473116996e-10,1.8209603470181547e-09,2.94530453316935e-11,9.334086391402964e-11
1.403,1358.2633219915497,5.106824185062587,0.17171076209629718,9.689719668035373,0.4931924724812948,0.07320285971180332,7.4244376919379815e-06,5.509918552361662e-07,1.5849339850650966e-12,1.8669173701243757e-12,2.923456286434256e-13,6.887165488749678e-13,1.2833331649003344e-07,1.6068976279942284e-07,0.19892911170069016,0.26384792918992084,2.2117699457327497e-15,5.374696283763204e-15,3.197597646791573e-13,8.007604283036428e-13,1.5752160116458267e-12,1.6267694007371892e-12,3.7470404990189417e-06,4.1477531297637425e-06,0.01226036772670152,0.014481387004587776,0.25627569578438575,0.5284958851943604,0.03298629788245479,0.10687992911257452,9.640521519557273e-08,2.0596294115847404e-07,2.7554153454798416e-06,6.091238902954266e-06,1.0289476182507965e-06,2.42735872273425e-06,1.9051699492521283e-05,3.935044024100778e-05,4.890644815783424e-09,1.0464360717844064e-08,1.6487030156526158e-06,3.650034257710589e-06,3.276279067634904e-11,9.896756825848614e-11,1.5155407241618863e-18,1.5629094590796441e-18,6.5248784765427135e-12,7.697280982232442e-12,4.212754955454442e-12,9.001494409005723e-12,1.3376524799016682e-15,2.5623490403995873e-15,1.314583625787286e-08,2.6157189040871545e-08,2.6131172108605756e-19,7.894292988497869e-19,0.006320154768755209,0.01303538666227185,3.3998686286747423e-31,1.0000000000001465e-30,5.603355519757617e-10,1.819191018086644e-09,2.94305035120236e-11,9.326989430676437e-11
1.4040000000000001,1358.2099803263195,5.1069655435275765,0.17170600922112203,9.695543576031,0.493198784832264,0.07320416391188603,7.4204675551412805e-06,5.506999813413358e-07,1.5829542616895935e-12,1.8645947794813222e-12,2.919719229674872e-13,6.878396129262948e-13,1.2824057371721782e-07,1.6057444259282744e-07,0.1989243289718866,0.2638429094097549,2.2089147553765247e-15,5.3677849793784854e-15,3.194646710518238e-13,8.000254520907563e-13,1.5729402758098772e-12,1.6244273350929863e-12,3.744214468038673e-06,4.14464567441932e-06,0.012257828354033499,0.014478460254706041,0.25627566343527086,0.5284984700634342,0.03298739829404306,0.10688403084840413,9.637109860896627e-08,2.0589108647376813e-07,2.7554750143220605e-06,6.09140137119575e-06,1.0284007772096368e-06,2.426080858950962e-06,1.903350221466989e-05,3.931305181201911e-05,4.885270259657295e-09,1.0452913391440767e-08,1.6477140232710197e-06,3.647863047122731e-06,3.2725672091742636e-11,9.885593898922863e-11,1.5149152688304468e-18,1.562272293156434e-18,6.5216153264537125e-12,7.693470102804203e-12,4.2102543993908605e-12,8.996196546649589e-12,1.3366505602154537e-15,2.560442652769348e-15,1.3145773534056738e-08,2.6157195470664746e-08,2.611150121642962e-19,7.888389939959203e-19,0.006320123059308036,0.01303538666227691,3.3998515708704715e-31,1.000000000000147e-30,5.597887746360123e-10,1.8174249636718842e-09,2.94079922068373e-11,9.319902003783548e-11
1.405,1358.1566586370786,5.1071068844816985,0.1717012571977709,9.70136764520976,0.4932050902646028,0.07320546658521962,7.416500722483409e-06,5.504083458746717e-07,1.5809776592519692e-12,1.862275828720281e-12,2.9159882518968267e-13,6.869640954836919e-13,1.281479291444123e-07,1.6045924306502206e-07,0.19891955103283437,0.26383789408353575,2.2060642313865586e-15,5.360884907665961e-15,3.19169953660203e-13,7.992914051026229e-13,1.570668824153732e-12,1.6220896590181785e-12,3.7413921310891365e-06,4.141542247990737e-06,0.012255292519792346,0.01447553755350269,0.25627562923836505,0.5285010474448975,0.03298849906010823,0.1068881330250393,9.633700331676864e-08,2.0581927512041393e-07,2.7555346237593757e-06,6.091563667062375e-06,1.0278546061839067e-06,2.424804545984143e-06,1.9015335173699904e-05,3.927572518623352e-05,4.879905094076412e-09,1.0441485969870077e-08,1.6467265398677125e-06,3.645695129937852e-06,3.268861314958421e-11,9.874448807355327e-11,1.5142899811655435e-18,1.5616352828066668e-18,6.518355027517979e-12,7.6896624947454e-12,4.207756095498964e-12,8.99090338045441e-12,1.3356497115862484e-15,2.5585382797738808e-15,1.3145710899540105e-08,2.6157201894938092e-08,2.609185032998234e-19,7.882492820799196e-19,0.006320091394142867,0.013035386662281979,3.399834536887295e-31,1.0000000000001486e-30,5.592430126941246e-10,1.815662175448103e-09,2.938551134982154e-11,9.312824090122168e-11
1.4060000000000001,1358.1033568899288,5.107248207957957,0.17169650602501463,9.707191875551723,0.4932113887947922,0.07320676773514909,7.4125371881686345e-06,5.501169484228931e-07,1.5790041707477165e-12,1.859960509717983e-12,2.912263339499427e-13,6.860899933916381e-13,1.2805538258535819e-07,1.6034416398909756e-07,0.1989147778709608,0.26383288319818027,2.2032183632459077e-15,5.353996043451906e-15,3.188756117102099e-13,7.985582853903694e-13,1.5684016456256034e-12,1.6197563612352215e-12,3.7385734801343433e-06,4.138442841761939e-06,0.012252760217479541,0.014472618893611773,0.25627559319340076,0.5285036173448834,0.032989600183692576,0.10689223565364375,9.630292927883123e-08,2.0574750701746368e-07,2.7555941738781155e-06,6.09172579081796e-06,1.0273091035672474e-06,2.423529780125782e-06,1.89971982850984e-05,3.9238460191312946e-05,4.874549292741915e-09,1.0430078397534912e-08,1.6457405613997689e-06,3.6435304973475642e-06,3.2651613709114176e-11,9.863321509255908e-11,1.5136648613666866e-18,1.5609984282720578e-18,6.5150975689019035e-12,7.685858145504477e-12,4.205260039780349e-12,8.985614902174913e-12,1.3346499320243689e-15,2.5566359177052348e-15,1.3145648354163235e-08,2.6157208313712662e-08,2.6072219379968814e-19,7.876601610398507e-19,0.006320059773177765,0.01303538666228706,3.399817526681132e-31,1.0000000000001502e-30,5.586982631070494e-10,1.813902643645221e-09,2.9363060871514105e-11,9.305755668090715e-11
1.407,1358.0500750440888,5.107389514011109,0.17169175570089312,9.713016267037021,0.4932176804302954,0.07320806736367867,7.408576947601529e-06,5.498257886617473e-07,1.5770337897744663e-12,1.8576488150599414e-12,2.9085444788014966e-13,6.85217303475461e-13,1.2796293387855048e-07,1.602292051691193e-07,0.19891000948273158,0.263827876752584,2.200377140602543e-15,5.347118361961839e-15,3.185816445522554e-13,7.978260913668418e-13,1.5661387297514245e-12,1.6174274310626253e-12,3.735758507812088e-06,4.1353474477620805e-06,0.012250231440562092,0.014469704267625665,0.2562755553090994,0.5285061797880456,0.03299070165883352,0.10689633871620056,9.62688764761469e-08,2.0567578212912366e-07,2.7556536648221554e-06,6.091887742853354e-06,1.0267642683715485e-06,2.422256559126101e-06,1.8979091493127906e-05,3.9201256714345636e-05,4.869202836694309e-09,1.0418690634539409e-08,1.6447560855652286e-06,3.6413691443973002e-06,3.261467363627198e-11,9.852211964755651e-11,1.51303990909183e-18,1.5603617292357398e-18,6.51184295440733e-12,7.682057059794556e-12,4.202766228889449e-12,8.98033110495985e-12,1.3336512197472617e-15,2.554735563251891e-15,1.3145585897752295e-08,2.6157214726980578e-08,2.6052608396013626e-19,7.870716318021046e-19,0.006320028196330987,0.013035386662292111,3.3998005402080147e-31,1.0000000000001502e-30,5.581545238457178e-10,1.8121463617847389e-09,2.9340640710261476e-11,9.298696718560835e-11
1.408,1357.996813066498,5.107530802671943,0.17168700622425237,9.718840819645818,0.4932239651883389,0.07320936547425903,7.404619994833094e-06,5.495348661664731e-07,1.5750665092841961e-12,1.8553407365706316e-12,2.904831656269601e-13,6.843460225950988e-13,1.2787058283523498e-07,1.6011436637501098e-07,0.19890524585480218,0.2638228747326194,2.1975405529565573e-15,5.340251838060388e-15,3.1828805137722046e-13,7.970948210452323e-13,1.5638800654705421e-12,1.6151028572125186e-12,3.732947206036573e-06,4.132256057218668e-06,0.01224770618258264,0.014466793668225026,0.2562755155843597,0.5285087347787604,0.03299180348939572,0.10690044222653061,9.6234844865858e-08,2.0560410036862936e-07,2.755713096671737e-06,6.092049523418515e-06,1.0262200989176855e-06,2.420984879104858e-06,1.8961014709940846e-05,3.9164114576087875e-05,4.863865698815056e-09,1.0407322623526999e-08,1.6437731081115086e-06,3.639211061813441e-06,3.257779279026704e-11,9.841120131950067e-11,1.5124151246058213e-18,1.5597251860066168e-18,6.508591172153224e-12,7.67825922382695e-12,4.200274658747667e-12,8.975051980390686e-12,1.332653572744088e-15,2.5528372126646767e-15,1.3145523530149593e-08,2.615722113476503e-08,2.603301729516421e-19,7.8648369189193435e-19,0.006319996663521079,0.013035386662297161,3.39978357742412e-31,1.0000000000001495e-30,5.576117917517521e-10,1.8103933197212107e-09,2.931825079596824e-11,9.291647219727223e-11
1.409,1357.9435709186796,5.107672073988427,0.1716822575933612,9.724665533358335,0.49323024307897007,0.07321066206927285,7.400666324456462e-06,5.492441805524908e-07,1.5731023225356011e-12,1.8530362664353306e-12,2.901124858158646e-13,6.834761475604347e-13,1.2777832927928396e-07,1.5999964739248547e-07,0.19890048698101576,0.26381787713368254,2.1947085897494116e-15,5.3333964464681886e-15,3.1799483145559614e-13,7.96364472637959e-13,1.5616256420118346e-12,1.6127826286954643e-12,3.73013956705724e-06,4.129168661729661e-06,0.01224518443707535,0.014463887088079542,0.2562754740252186,0.5285112823361074,0.03299290567208999,0.10690454617527152,9.620083441652769e-08,2.0553246167360263e-07,2.7557724695507246e-06,6.092211132859643e-06,1.0256765938799149e-06,2.4197147370151956e-06,1.8942967863778878e-05,3.912703363051908e-05,4.858537856064027e-09,1.0395974315864882e-08,1.6427916257644063e-06,3.6370562424878916e-06,3.254097103386388e-11,9.830045970006125e-11,1.5117905078306685e-18,1.5590887985399376e-18,6.505342222068448e-12,7.67446463774443e-12,4.1977853255622834e-12,8.969777520658789e-12,1.3316569890953467e-15,2.5509408623690395e-15,1.3145461251186176e-08,2.61572275370659e-08,2.6013446060578224e-19,7.858963408317283e-19,0.006319965174666792,0.013035386662302218,3.399766638285754e-31,1.0000000000001518e-30,5.570700642379829e-10,1.8086435091632446e-09,2.929589106284144e-11,9.284607151146618e-11
1.41,1357.890348566329,5.107813327995533,0.17167750980692562,9.730490408154834,0.4932365141176091,0.07321195715189946,7.396715931325944e-06,5.489537314545647e-07,1.5711412228654009e-12,1.8507353969307722e-12,2.89742407119818e-13,6.826076752929968e-13,1.276861730370156e-07,1.5988504801030116e-07,0.19889573284983272,0.26381288394402586,2.1918812408279918e-15,5.32655216288972e-15,3.1770198405711494e-13,7.956350443554182e-13,1.5593754487232433e-12,1.610466734644445e-12,3.7273355832285404e-06,4.1260852530087185e-06,0.01224266619758467,0.014460984519870379,0.2562754306323184,0.5285138224680342,0.03299400820901887,0.10690865057052985,9.616684509666152e-08,2.0546086598153239e-07,2.7558317835526514e-06,6.092372571455824e-06,1.0251337518889622e-06,2.4184461297073356e-06,1.892495088180746e-05,3.9090013729387866e-05,4.853219285219468e-09,1.0384645662529123e-08,1.6418116351645383e-06,3.634904679123533e-06,3.250420823077789e-11,9.818989438375772e-11,1.5111660588105977e-18,1.558452566916934e-18,6.5020960945831675e-12,7.670673290483504e-12,4.1952982257081634e-12,8.964507718312882e-12,1.3306614669375995e-15,2.5490465088975362e-15,1.3145399060702604e-08,2.6157233933901628e-08,2.5993894650513946e-19,7.853095773915566e-19,0.00631993372968694,0.01303538666230723,3.399749722749232e-31,1.0000000000001509e-30,5.565293386707918e-10,1.806896921668228e-09,2.9273561445217874e-11,9.277576492415587e-11
1.411,1357.837145972927,5.107954564735446,0.17167276286340954,9.736315444015622,0.4932427783165638,0.07321325072485306,7.39276880997797e-06,5.486635184838091e-07,1.5691832035162525e-12,1.848438120222382e-12,2.8937292818402213e-13,6.817406026487335e-13,1.2759411393081264e-07,1.5977056801226597e-07,0.19889098345281303,0.263807895156,2.1890584957673037e-15,5.3197189623672025e-15,3.174095084387745e-13,7.949065343759646e-13,1.557129474858837e-12,1.6081551640949055e-12,3.7245352467855475e-06,4.123005822636663e-06,0.01224015145768024,0.014458085956307331,0.25627538540935973,0.5285163551887719,0.03299511109921886,0.10691275541047295,9.613287687243554e-08,2.0538931322491452e-07,2.7558910387870508e-06,6.092533839521257e-06,1.0245915715423532e-06,2.4171790539528727e-06,1.890696368902677e-05,3.905305471996116e-05,4.84790996246808e-09,1.0373336613227162e-08,1.640833132828768e-06,3.6327563641486973e-06,3.2467504243994104e-11,9.807950496287759e-11,1.5105417775610627e-18,1.5578164911890538e-18,6.498852785492361e-12,7.666885177308792e-12,4.19281335537193e-12,8.95924256549842e-12,1.3296670043492628e-15,2.5471541486709698e-15,1.3145336958534956e-08,2.615724032528053e-08,2.5974363031789085e-19,7.847234005999668e-19,0.006319902328500704,0.013035386662312303,3.399732830771075e-31,1.000000000000153e-30,5.559896123480645e-10,1.8051535485706838e-09,2.9251261876772966e-11,9.270555222919496e-11
1.412,1357.7839630996245,5.108095784257797,0.17166801676102694,9.742140640921066,0.4932490356850366,0.07321454279038478,7.388824955559048e-06,5.483735412965674e-07,1.5672282580296332e-12,1.8461444288271048e-12,2.8900404766079633e-13,6.808749265001755e-13,1.2750215179510807e-07,1.5965620719725695e-07,0.19888623878462527,0.2638029107660702,2.18624034430958e-15,5.3128968203477786e-15,3.171174039246142e-13,7.941789410457141e-13,1.554887709973351e-12,1.6058479063922446e-12,3.721738550302482e-06,4.119930362569136e-06,0.012237640210925039,0.01445519139009141,0.256275338363115,0.5285188805188707,0.0329962143386432,0.10691686068327422,9.60989297198075e-08,2.0531780335713052e-07,2.75595023538394e-06,6.092694937415254e-06,1.0240500517156666e-06,2.415913507179108e-06,1.8889006223569855e-05,3.901615647662378e-05,4.842609867366743e-09,1.0362047124875108e-08,1.6398561160648717e-06,3.6306112917422774e-06,3.243085893991062e-11,9.796929103999466e-11,1.5099176638715733e-18,1.557180571174643e-18,6.495612295816897e-12,7.663100299649434e-12,4.1903307110781335e-12,8.953982055082054e-12,1.3286735995170516e-15,2.5452637783172757e-15,1.3145274944514196e-08,2.6157246711199934e-08,2.595485120838736e-19,7.841378106082534e-19,0.006319870971027364,0.013035386662317345,3.3997159623078638e-31,1.0000000000001525e-30,5.554508830287521e-10,1.8034133827016489e-09,2.9228992294872187e-11,9.263543323211757e-11
1.413,1357.730799914582,5.108236986590487,0.17166327149872243,9.747965998851562,0.4932552862410662,0.07321583335205505,7.384884362030393e-06,5.480837994611635e-07,1.565276379383089e-12,1.843854314597113e-12,2.8863576421748287e-13,6.800106437550584e-13,1.2741028644041074e-07,1.5954196533417315e-07,0.19888149883106146,0.2637979307589182,2.1834267760837176e-15,5.306085712001685e-15,3.1682566969819566e-13,7.934522623588379e-13,1.5526501431124682e-12,1.60354495035556e-12,3.7189454857199554e-06,4.116858864059751e-06,0.012235132450949452,0.014452300814002303,0.2562752894914675,0.5285213984605316,0.03299731793213811,0.10692096640591936,9.60650035936376e-08,2.0524633628647288e-07,2.7560093734156966e-06,6.09285586536952e-06,1.0235091906721025e-06,2.4146494853683687e-06,1.8871078395187612e-05,3.897931881512734e-05,4.8373189722723935e-09,1.0350777138980221e-08,1.6388805804520273e-06,3.6284694522555767e-06,3.239427217905795e-11,9.785925219993335e-11,1.509293718073085e-18,1.5565448072503475e-18,6.492374612121391e-12,7.659318641879365e-12,4.18785028871011e-12,8.94872617855936e-12,1.3276812504286602e-15,2.5433753940828013e-15,1.3145213018486356e-08,2.615725309168627e-08,2.593535908745267e-19,7.835528046419318e-19,0.006319839657186462,0.013035386662322354,3.399699117316327e-31,1.0000000000001518e-30,5.549131474738404e-10,1.801676413651571e-09,2.920675262945161e-11,9.256540771489719e-11
1.414,1357.6776563809362,5.108378171777263,0.17165852707490845,9.753791517787558,0.49326152999615713,0.07321712241245286,7.3809470243921104e-06,5.477942926229794e-07,1.5633275610639185e-12,1.841567769984586e-12,2.8826807652280224e-13,6.79147751324187e-13,1.2731851769810896e-07,1.5942784221804004e-07,0.1988767635844648,0.2637929551279084,2.180617780924076e-15,5.29928561299705e-15,3.165343050622991e-13,7.927264966079435e-13,1.5504167638174432e-12,1.601246285315211e-12,3.716156045552878e-06,4.113791318997282e-06,0.012232628171354211,0.01444941422078387,0.2562752387988121,0.5285239090293724,0.032998421878023654,0.10692507257424523,9.603109846631183e-08,2.0517491195866655e-07,2.756068452997272e-06,6.09301662370975e-06,1.0229689871797171e-06,2.413386985693771e-06,1.8853180137271694e-05,3.89425416000461e-05,4.832037255581392e-09,1.0339526609970043e-08,1.637906522998938e-06,3.6263308392043552e-06,3.235774382764107e-11,9.774938804463662e-11,1.5086699400684133e-18,1.5559091993511999e-18,6.4891397310356e-12,7.655540200246026e-12,4.185372084720966e-12,8.943474928642579e-12,1.3266899552526908e-15,2.541488992560141e-15,1.3145151180287667e-08,2.6157259466745823e-08,2.5915886657720826e-19,7.829683823914368e-19,0.006319808386897701,0.013035386662327354,3.3996822957532584e-31,1.0000000000001502e-30,5.543764032754281e-10,1.7999426337088725e-09,2.9184542816915903e-11,9.249547547999445e-11
1.415,1357.6245324598258,5.108519339868329,0.17165378348778068,9.759617197709558,0.4932677669590522,0.07321840997375528,7.377012937941966e-06,5.475050204494408e-07,1.5613817967217782e-12,1.8392847876324912e-12,2.8790098324313614e-13,6.782862461126721e-13,1.2722684540609126e-07,1.5931383765200299e-07,0.1988720330399388,0.2637879838700581,2.177813348700794e-15,5.292496499087512e-15,3.162433093581024e-13,7.920016421816701e-13,1.548187561794702e-12,1.5989519007715932e-12,3.7133702224978475e-06,4.110727719471029e-06,0.012230127365745183,0.014446531603185151,0.25627518629226326,0.528526412246605,0.03299952617188813,0.10692917917523387,9.599721431568536e-08,2.0510353033110933e-07,2.75612747426055e-06,6.0931772127989175e-06,1.0224294401708832e-06,2.412126005715835e-06,1.8835311390805006e-05,3.8905824711626445e-05,4.8267646976280855e-09,1.0328295496416428e-08,1.6369339411737022e-06,3.624195447120999e-06,3.232127375383795e-11,9.763969818198402e-11,1.508046329612938e-18,1.5552737472600947e-18,6.485907654102385e-12,7.651764976792474e-12,4.182896095725495e-12,8.938228298388588e-12,1.3256997122103134e-15,2.5396045704422698e-15,1.314508942974989e-08,2.615726583637524e-08,2.5896433929567167e-19,7.82384544200895e-19,0.006319777160080973,0.013035386662332376,3.3996654975755656e-31,1.00000000000015e-30,5.538406482939242e-10,1.7982120360327034e-09,2.916236279580494e-11,9.242563633662319e-11
1.416,1357.571428117507,5.1086604908981545,0.1716490407360641,9.765443038598104,0.49327399714484144,0.07321969603907745,7.373082096734799e-06,5.472159825156633e-07,1.5594390794409293e-12,1.8370053595172495e-12,2.875344830421177e-13,6.774261250189478e-13,1.2713526937841822e-07,1.5919995140934585e-07,0.1988673071861957,0.26378301697389117,2.1750134690265464e-15,5.28571834539943e-15,3.159526817926687e-13,7.912776971326255e-13,1.545962526228617e-12,1.5966617856853332e-12,3.710588008608961e-06,4.107668056858323e-06,0.012227630027797955,0.014443652954036254,0.256275131972526,0.5285289081201925,0.033000630815735295,0.1069332862166493,9.596335109932525e-08,2.0503219131783388e-07,2.7561864372938914e-06,6.093337632903445e-06,1.021890548006527e-06,2.410866541646594e-06,1.8817472069947046e-05,3.886916797469961e-05,4.821501271916509e-09,1.0317083742272889e-08,1.6359628308157274e-06,3.6220632669313754e-06,3.228486181998426e-11,9.753018220217985e-11,1.5074228869348915e-18,1.554638451247454e-18,6.482678373010214e-12,7.647992961935241e-12,4.180422317656965e-12,8.932986279396826e-12,1.3247105193105747e-15,2.5377221240154106e-15,1.3145027766715336e-08,2.615727220059062e-08,2.5877000827683573e-19,7.818012878256542e-19,0.006319745976656512,0.013035386662337395,3.3996487227403426e-31,1.00000000000015e-30,5.533058794506664e-10,1.7964846107327578e-09,2.914021249753892e-11,9.235589007141585e-11
1.417,1357.5183433189286,5.108801624905328,0.1716442988183454,9.771269040433786,0.49328022056693693,0.07322098061128557,7.3691544957870184e-06,5.469271784680953e-07,1.5574994027393056e-12,1.834729478125726e-12,2.871685746122691e-13,6.765673850093486e-13,1.270437894466056e-07,1.5908618328519517e-07,0.19886258601364148,0.2637780544301774,2.1722181319114174e-15,5.278951128023673e-15,3.156624216637826e-13,7.90554659740509e-13,1.5437416467453496e-12,1.5943759294728267e-12,3.7078093964403374e-06,4.104612323089538e-06,0.012225136151165016,0.014440778266139537,0.256275075841967,0.5285313966615256,0.033001735809891186,0.10693739370081932,9.592950878827947e-08,2.049608948616686e-07,2.75624534219975e-06,6.093497884320926e-06,1.0213523094092963e-06,2.4096085905512687e-06,1.8799662106361997e-05,3.8832571250246715e-05,4.816246956471314e-09,1.0305891301163759e-08,1.634993188812884e-06,3.6199342918822605e-06,3.2248507893213694e-11,9.742083970990203e-11,1.5067996120078402e-18,1.5540033113210239e-18,6.479451881182945e-12,7.644224148137691e-12,4.1779507469898364e-12,8.927748864422564e-12,1.323722374735202e-15,2.53584164989634e-15,1.3144966191024684e-08,2.6157278559404795e-08,2.5857587326770916e-19,7.812186125318534e-19,0.006319714836544557,0.013035386662342389,3.399631971204682e-31,1.0000000000001488e-30,5.527720942764929e-10,1.7947603498972623e-09,2.9118091858534495e-11,9.228623648682885e-11
1.418,1357.4652780286074,5.108942741930062,0.17163955773315706,9.777095203197236,0.4932864372379695,0.07322226369312664,7.3652301296801485e-06,5.466386079208525e-07,1.5555627599718348e-12,1.8324571357522696e-12,2.8680325662870277e-13,6.757100230089999e-13,1.269524054352546e-07,1.5897253306599668e-07,0.1988578695134435,0.26377309623068346,2.1694273271504734e-15,5.272194822527051e-15,3.153725282362358e-13,7.898325282022478e-13,1.5415249128187379e-12,1.5920943213925757e-12,3.7050343783523162e-06,4.101560509879862e-06,0.012222645729530664,0.014437907532333812,0.2562750179036855,0.5285338778834814,0.03300284115394728,0.10694150162768686,9.589568734829712e-08,2.0488964089410444e-07,2.7563041890823465e-06,6.0936579673525956e-06,1.0208147229733053e-06,2.4083521491915375e-06,1.878188142530871e-05,3.879603438600907e-05,4.811001727664327e-09,1.0294718123173847e-08,1.6340250116680305e-06,3.6178085143674565e-06,3.221221183915716e-11,9.731167030526366e-11,1.5061765048763098e-18,1.5533683275616206e-18,6.476228173676503e-12,7.640458529787823e-12,4.175481379952024e-12,8.922516045693216e-12,1.3227352765897505e-15,2.5339631445555488e-15,1.3144904702517533e-08,2.6157284912827246e-08,2.583819338804186e-19,7.806365171780147e-19,0.00631968373966569,0.013035386662347433,3.3996152429258556e-31,1.00000000000015e-30,5.522392900828164e-10,1.7930392449015472e-09,2.9096000813472953e-11,9.221667537980312e-11
1.419,1357.4122322108024,5.109083842013531,0.17163481747899964,9.782921526869135,0.4932926471701131,0.07322354528727791,7.36130899325794e-06,5.463502705074644e-07,1.5536291446212127e-12,1.830188324841276e-12,2.8643852777718696e-13,6.748540359679521e-13,1.268611171738749e-07,1.5885900054432334e-07,0.19885315767722148,0.26376814236776785,2.1666410446660514e-15,5.265449404784255e-15,3.1508300079994355e-13,7.891113007775571e-13,1.5393123140634824e-12,1.5898169508480191e-12,3.702262946852606e-06,4.0985126091070295e-06,0.0122201587565855,0.014435040745464468,0.2562749581612005,0.5285363517997883,0.03300394684706655,0.10694560999580334,9.586188674871328e-08,2.0481842935428158e-07,2.7563629780494847e-06,6.09381788230746e-06,1.0202777873898547e-06,2.40709721455811e-06,1.8764129956784224e-05,3.875955723950688e-05,4.805765563101895e-09,1.0283564161027011e-08,1.6330582961651081e-06,3.6156859274026073e-06,3.217597352501056e-11,9.72026735930824e-11,1.5055535655188788e-18,1.5527334999819664e-18,6.473007246227757e-12,7.636696102076343e-12,4.173014212920163e-12,8.917287815753142e-12,1.3217492230288143e-15,2.5320866045571543e-15,1.3144843301033123e-08,2.6157291260865965e-08,2.581881898359244e-19,7.800550009513777e-19,0.006319652685940611,0.013035386662352471,3.3995985378612096e-31,1.0000000000001509e-30,5.517074643465176e-10,1.7913212876577555e-09,2.9073939298486675e-11,9.214720655186469e-11
1.42,1357.3592058296413,5.109224925197472,0.17163007805435507,9.788748011430211,0.4932988503752449,0.07322482539637086,7.357391081579836e-06,5.460621658774246e-07,1.5516985502768423e-12,1.8279230379623906e-12,2.860743867533172e-13,6.73999420859233e-13,1.267699244960494e-07,1.5874558551783006e-07,0.19884845049688776,0.26376319283417005,2.163859274493434e-15,5.258714850943064e-15,3.147938386654142e-13,7.883909757775997e-13,1.5371038402146302e-12,1.5875438073663546e-12,3.6994950945720277e-06,4.095468612784488e-06,0.012217675226028082,0.014432177898385476,0.25627489661829445,0.5285388184247053,0.03300505288814014,0.10694971880283674,9.582810696174535e-08,2.0474726018748668e-07,2.756421709211102e-06,6.093977629499099e-06,1.019741501428214e-06,2.405843783825399e-06,1.8746407634596515e-05,3.872313967612426e-05,4.800538441387111e-09,1.0272429369577454e-08,1.632093039313622e-06,3.6135665245023025e-06,3.213979281930689e-11,9.709384918219234e-11,1.504930793862778e-18,1.5520988285417474e-18,6.4697890949023144e-12,7.63293686058119e-12,4.170549242394322e-12,8.912064167409632e-12,1.320764212247937e-15,2.5302120265434152e-15,1.314478198641075e-08,2.615729760352839e-08,2.579946409472945e-19,7.794740633173756e-19,0.006319621675290187,0.013035386662357453,3.3995818559681797e-31,1.0000000000001488e-30,5.51176614677442e-10,1.7896064705093319e-09,2.9051907250901876e-11,9.207782980830977e-11
1.421,1357.3061988507534,5.1093659915191685,0.17162533945785527,9.794574656861235,0.4933050468669695,0.07322610402329038,7.3534763889810085e-06,5.457742936264164e-07,1.5497709702219902e-12,1.82566126732414e-12,2.857108322401705e-13,6.731461746261881e-13,1.2667882722238194e-07,1.5863228776789746e-07,0.19884374796260137,0.26375824762029143,2.161082006435044e-15,5.251991136583869e-15,3.145050410741831e-13,7.876715513406558e-13,1.5348994807231974e-12,1.5852748801808656e-12,3.696730813786999e-06,4.092428512532696e-06,0.012215195131602007,0.014429318984002936,0.2562748332769683,0.5285412777687944,0.03300615927783853,0.10695382805221637,9.579434794896944e-08,2.0467613331625484e-07,2.756480382663169e-06,6.094137209209978e-06,1.0192058635716324e-06,2.4045918534927303e-06,1.87287143789059e-05,3.868678153304555e-05,4.795320337636099e-09,1.0261313696215067e-08,1.631129237295713e-06,3.611450297348758e-06,3.210366958752558e-11,9.698519667217842e-11,1.504308190048447e-18,1.551464313420436e-18,6.466573713348595e-12,7.629180798027794e-12,4.168086464472039e-12,8.906845092608827e-12,1.3197802423175523e-15,2.528339406916561e-15,1.314472075849273e-08,2.6157303940826842e-08,2.5780128664681507e-19,7.788937025908908e-19,0.006319590707635602,0.013035386662362418,3.399565197204374e-31,1.0000000000001488e-30,5.506467382110684e-10,1.787894784259057e-09,2.9029904604396338e-11,9.200854494285608e-11
1.422,1357.2532112388194,5.109507041018959,0.1716206016880298,9.800401463143022,0.49331123665763776,0.0732273811707343,7.3495649106863075e-06,5.454866534161151e-07,1.5478463981380656e-12,1.8234030056036343e-12,2.8534786294967845e-13,6.722942942799772e-13,1.2658782518952576e-07,1.5851910709598682e-07,0.19883905006578403,0.2637533067182038,2.1583092306764055e-15,5.245278238216763e-15,3.1421660735027074e-13,7.869530258114675e-13,1.5326992254478202e-12,1.5830101589453131e-12,3.6939700972354124e-06,4.089392300482448e-06,0.012212718467031721,0.014426463995199658,0.2562747681404563,0.528543729845154,0.03300726601558802,0.10695793774333835,9.57606096842458e-08,2.046050486893577e-07,2.7565389985127184e-06,6.094296621746935e-06,1.0186708726306653e-06,2.4033414208314114e-06,1.8711050125735435e-05,3.865048268021397e-05,4.790111231062196e-09,1.0250217097094732e-08,1.6301668872443467e-06,3.609337239728948e-06,3.206760369956903e-11,9.68767156759655e-11,1.5036857539909226e-18,1.550829954564976e-18,6.463361096535174e-12,7.62542790869852e-12,4.165625875752432e-12,8.901630584367961e-12,1.3187973114684669e-15,2.5264687423857726e-15,1.3144659617120283e-08,2.615731027277102e-08,2.5760812678117374e-19,7.783139183387425e-19,0.0063195597828981384,0.013035386662367398,3.399548561527429e-31,1.0000000000001483e-30,5.501178326344133e-10,1.7861862215000858e-09,2.9007931297202304e-11,9.193935176364375e-11
1.423,1357.2002429566237,5.109648073743403,0.17161586474319965,9.806228430256443,0.49331741975686777,0.0732286568409914,7.3456566414884165e-06,5.451992448760634e-07,1.5459248275611922e-12,1.821148245306348e-12,2.8498547756449117e-13,6.714437767625815e-13,1.264969182280668e-07,1.5840604329593951e-07,0.19883435680057354,0.2637483701235684,2.1555409370985934e-15,5.238576131610452e-15,3.139285367933935e-13,7.862353974737651e-13,1.5305030641038147e-12,1.5807496331648715e-12,3.6912129374771876e-06,4.0863599685668505e-06,0.012210245226073571,0.014423612924894996,0.25627470121466933,0.5285461746723777,0.033008373098131184,0.10696204786689745,9.572689213736362e-08,2.045340062468525e-07,2.7565975568800546e-06,6.094455867445884e-06,1.018136527334461e-06,2.4020924829203922e-06,1.869341480665424e-05,3.8614242978363754e-05,4.784911099702688e-09,1.023913952585203e-08,1.6292059860303512e-06,3.607227344848921e-06,3.2031595024058375e-11,9.676840580258324e-11,1.5030634856136985e-18,1.5501957519309189e-18,6.4601512446347914e-12,7.621678193014804e-12,4.163167472583375e-12,8.89642063516637e-12,1.3178154178534848e-15,2.5246000295104373e-15,1.3144598562129993e-08,2.615731659936017e-08,2.574151611710385e-19,7.777347100490382e-19,0.006319528900999359,0.013035386662372382,3.3995319488951545e-31,1.000000000000147e-30,5.495898954861209e-10,1.7844807743433762e-09,2.8985987266268148e-11,9.187025007472837e-11
1.424,1357.1472939725531,5.109789089721591,0.17161112862227287,9.8120555581824,0.493323596181504,0.0732299310374223,7.341751576008044e-06,5.44912067623001e-07,1.5440062519072396e-12,1.8188969787956624e-12,2.8462367480921744e-13,6.705946191146731e-13,1.2640610616282174e-07,1.5829309615435577e-07,0.19882966815386421,0.26374343782243376,2.1527771158652337e-15,5.231884793219004e-15,3.13640828657541e-13,7.855186644966375e-13,1.5283109863337147e-12,1.5784932922690304e-12,3.6884593269498674e-06,4.08333150858301e-06,0.012207775402510961,0.014420765766039621,0.2562746324982624,0.5285486122540879,0.033009480529464154,0.10696615843709172,9.569319527127852e-08,2.0446300591418605e-07,2.7566560578422014e-06,6.0946149465469815e-06,1.0176028261801532e-06,2.4008450362910124e-06,1.8675808343258913e-05,3.85780622676217e-05,4.779719919140916e-09,1.0228080930868984e-08,1.628246529899678e-06,3.605120604530754e-06,3.1995643428430125e-11,9.666026665746094e-11,1.5024413851121395e-18,1.5495617057541535e-18,6.456944145414504e-12,7.617931636761375e-12,4.1607112512402736e-12,8.891215237327798e-12,1.3168345596059016e-15,2.5227332648122922e-15,1.3144537593371091e-08,2.6157322920618313e-08,2.5722238914299984e-19,7.771560757170362e-19,0.0063194980618609215,0.013035386662377363,3.399515359265414e-31,1.000000000000147e-30,5.490629239475992e-10,1.7827784337395658e-09,2.8964072446240855e-11,9.1801239672859e-11
1.425,1357.0943642494608,5.109930089000206,0.1716063933235669,9.81788284690185,0.4933297659409857,0.0732312037622852,7.337849709217303e-06,5.446251212996936e-07,1.54209066481565e-12,1.8166491986978516e-12,2.8426245337929023e-13,6.697468183079974e-13,1.263153888279719e-07,1.58180265469541e-07,0.19882498411995606,0.2637385098106592,2.1500177569836063e-15,5.225204199115046e-15,3.1335348226002036e-13,7.848028252076111e-13,1.5261229819843808e-12,1.5762411258977563e-12,3.6857092583315326e-06,4.080306912593665e-06,0.01220530899012387,0.014417922511579055,0.25627456199725424,0.5285510426090699,0.033010588306209905,0.10697026944422221,9.565951905800716e-08,2.0439204763614957e-07,2.7567145015203914e-06,6.094773859387862e-06,1.0170697679581701e-06,2.3995990781662884e-06,1.8658230670190475e-05,3.854194041505113e-05,4.774537668235941e-09,1.021704126753455e-08,1.627288515899942e-06,3.6030170123709525e-06,3.195974878280139e-11,9.65522978541018e-11,1.5018194523741322e-18,1.5489278159533412e-18,6.453739798869139e-12,7.614188240148482e-12,4.15825720817601e-12,8.886014383554261e-12,1.315854734915582e-15,2.520868444921094e-15,1.3144476710681097e-08,2.6157329236544958e-08,2.570298106168311e-19,7.76578015130083e-19,0.006319467265404755,0.013035386662382293,3.3994987925962107e-31,1.000000000000145e-30,5.485369156653672e-10,1.7810791921490224e-09,2.8942186775181222e-11,9.173232036558945e-11
1.426,1357.041453753096,5.110071071616967,0.1716016588457006,9.823710296395793,0.493335929048449,0.07323247501838602,7.333951036081831e-06,5.443384055483861e-07,1.5401780599047062e-12,1.814404897613837e-12,2.839018119962778e-13,6.689003713757101e-13,1.2622476605624363e-07,1.580675510379618e-07,0.19882030468944245,0.26373358607918246,2.1472628506549423e-15,5.218534325841252e-15,3.130664969020728e-13,7.840878778938568e-13,1.52393904091281e-12,1.573993123700976e-12,3.6829627242850033e-06,4.077286172644133e-06,0.012202845982712127,0.014415083154481602,0.25627448971393313,0.5285534657484076,0.0330116964287149,0.10697438089065411,9.562586346708376e-08,2.0432113135222038e-07,2.7567728880138692e-06,6.094932606257472e-06,1.0165373513672716e-06,2.398354605552747e-06,1.8640681718333495e-05,3.8505877279948344e-05,4.7693643249468134e-09,1.0206020489309383e-08,1.6263319408382558e-06,3.6009165614330998e-06,3.192391095720511e-11,9.644449900573332e-11,1.5011976874105306e-18,1.5482940825739035e-18,6.450538198890749e-12,7.61044799618578e-12,4.15580533985346e-12,8.880818066568387e-12,1.3148759419781473e-15,2.5190055664773482e-15,1.3144415913904036e-08,2.6157335547152147e-08,2.568374252444053e-19,7.760005272660311e-19,0.00631943651155297,0.013035386662387283,3.3994822488456387e-31,1.0000000000001474e-30,5.48011868150109e-10,1.7793830415906752e-09,2.8920330190413593e-11,9.1663491958127e-11
1.427,1356.988562449515,5.110212037608825,0.171596925187319,9.829537906645267,0.4933420855172301,0.07323374480855772,7.330055551284522e-06,5.440519199902868e-07,1.5382684306857374e-12,1.8121640680180766e-12,2.835417493761257e-13,6.680552753375387e-13,1.2613423767564348e-07,1.579549526501538e-07,0.1988156298527014,0.2637286666186447,2.1445123869832793e-15,5.2118751497026624e-15,3.127798718606304e-13,7.833738207815272e-13,1.5217591528842508e-12,1.5717492752333128e-12,3.6802197173469995e-06,4.074269280639513e-06,0.012200386374101264,0.01441224768774492,0.25627441565034226,0.5285558816826595,0.03301280489756503,0.10697849277952469,9.559222846410912e-08,2.0425025699345704e-07,2.756831217418847e-06,6.095091187437834e-06,1.0160055750047736e-06,2.3971116152172968e-06,1.8623161413692313e-05,3.84698727115201e-05,4.7641998659904606e-09,1.0195018546993481e-08,1.625376801223924e-06,3.5988192441208827e-06,3.1888129820743136e-11,9.63368697227467e-11,1.5005760903030291e-18,1.5476605057342283e-18,6.447339339025948e-12,7.60671089747463e-12,4.153355642578178e-12,8.875626278755703e-12,1.3138981789414568e-15,2.517144626029726e-15,1.3144355202884603e-08,2.6157341852452224e-08,2.566452325813696e-19,7.754236108118957e-19,0.006319405800227847,0.0130353866623923,3.3994657279718843e-31,1.00000000000015e-30,5.474877787440968e-10,1.7776899735361855e-09,2.8898502628016523e-11,9.159475425171592e-11
1.428,1356.9356903023559,5.110352987020494,0.17159219234680667,9.835365677631367,0.493348235357423,0.07323501313515017,7.326163250038351e-06,5.437656642859018e-07,1.5363617709323615e-12,1.8099267026935744e-12,2.8318226423791243e-13,6.672115272204205e-13,1.260438035248508e-07,1.578424701099996e-07,0.19881095960335537,0.263723751423983,2.1417663561933718e-15,5.2052266472963364e-15,3.124936064728222e-13,7.826606522474155e-13,1.5195833079257653e-12,1.5695095703192804e-12,3.677480230352204e-06,4.0712562288141955e-06,0.012197930158110697,0.014409416104358634,0.2562743398117357,0.5285582904289925,0.03301391371012658,0.10698260510353519,9.555861402350987e-08,2.0417942450976417e-07,2.7568894898525303e-06,6.095249603257241e-06,1.0154744377220113e-06,2.395870104525923e-06,1.8605669694152834e-05,3.843392658350895e-05,4.759044271119106e-09,1.0184035397879635e-08,1.6244230942863581e-06,3.5967250544319443e-06,3.185240524553599e-11,9.622940962463044e-11,1.4999546609206327e-18,1.5470270853332626e-18,6.44414321803467e-12,7.602976942766542e-12,4.150908112947073e-12,8.870439013123505e-12,1.312921444046843e-15,2.5152856203056665e-15,1.3144294577462695e-08,2.615734815244728e-08,2.5645323255927694e-19,7.748472655903555e-19,0.006319375131351821,0.013035386662397262,3.3994492299332386e-31,1.0000000000001512e-30,5.469646452068406e-10,1.7759999808115702e-09,2.8876704027378785e-11,9.152610705807896e-11
1.429,1356.8828372764738,5.110493919893086,0.1715874603226695,9.841193609335232,0.49335437858051623,0.07323628000071743,7.322274127256793e-06,5.434796380734559e-07,1.534458074293879e-12,1.807692794276417e-12,2.8282335530189937e-13,6.663691240538989e-13,1.2595346343702893e-07,1.5773010321445352e-07,0.19880629393361338,0.2637188404882485,2.139024748460743e-15,5.198588795098266e-15,3.1220770004476204e-13,7.819483705905005e-13,1.517411495960953e-12,1.5672739986759925e-12,3.6747442559930448e-06,4.06824700924447e-06,0.012195477328589466,0.014406588397346341,0.25627426220192534,0.5285606920015787,0.03301502286520379,0.10698671786004238,9.552502011481133e-08,2.0410863384055932e-07,2.7569477054219e-06,6.095407854021152e-06,1.0149439382348324e-06,2.3946300705246754e-06,1.8588206491272034e-05,3.8398038756575525e-05,4.753897518486126e-09,1.0173070995836653e-08,1.6234708168668448e-06,3.594633985504061e-06,3.18167371025755e-11,9.612211832743979e-11,1.499333399244714e-18,1.546393821385746e-18,6.44094983266948e-12,7.599246128444036e-12,4.1484627473944435e-12,8.865256262330688e-12,1.3119457354862451e-15,2.5134285459376485e-15,1.3144234037480728e-08,2.6157354447143373e-08,2.5626142488887156e-19,7.742714907568484e-19,0.006319344504847622,0.013035386662402173,3.3994327546881225e-31,1.0000000000001483e-30,5.464424650772282e-10,1.7743130555260618e-09,2.885493432630295e-11,9.145755018389697e-11
1.43,1356.8300033408973,5.110634836254759,0.17158272911384864,9.847021701738031,0.4933605152032638,0.0732375454085937,7.318388177293472e-06,5.431938409495769e-07,1.5325573341543294e-12,1.805462335089762e-12,2.8246502130358547e-13,6.655280629032512e-13,1.2586321723375048e-07,1.5761785174593747e-07,0.1988016328303981,0.26371393379747315,2.136287553969408e-15,5.191961569603746e-15,3.119221518124293e-13,7.812369739339813e-13,1.5152437066860969e-12,1.565042549785264e-12,3.6720117866627884e-06,4.065241613674874e-06,0.012193027879426008,0.014403764559777418,0.2562741828194206,0.528563086403642,0.033016132366900895,0.10699083106357564,9.549144669685826e-08,2.040378849024277e-07,2.757005864200275e-06,6.095565939960484e-06,1.0144140749436233e-06,2.393391509515078e-06,1.857077172220082e-05,3.836220906161369e-05,4.748759582621224e-09,1.0162125286976444e-08,1.6225199649198972e-06,3.5925460285110938e-06,3.178112526016192e-11,9.601499543907667e-11,1.49871230554826e-18,1.5457607142071135e-18,6.437759170803677e-12,7.595518440412962e-12,4.146019542056108e-12,8.860078018397491e-12,1.3109710513605783e-15,2.5115733993834745e-15,1.3144173582790396e-08,2.61573607365644e-08,2.5606980877982753e-19,7.736962839527797e-19,0.00631931392063817,0.013035386662407125,3.399416302195071e-31,1.0000000000001483e-30,5.459212353874814e-10,1.772629188143326e-09,2.883319345892618e-11,9.138908342422006e-11
1.431,1356.777188458832,5.110775736152086,0.1715779987186673,9.85284995482099,0.4933666452348061,0.07323880936098137,7.314505395566609e-06,5.429082725898668e-07,1.5306595444197824e-12,1.8032353180713187e-12,2.821072609743021e-13,6.64688340823767e-13,1.2577306475824737e-07,1.5750571551397878e-07,0.19879697628826384,0.2637090313478054,2.1335547630691746e-15,5.185344947709684e-15,3.116369611368201e-13,7.805264607140491e-13,1.5130799302988663e-12,1.5628152136462607e-12,3.6692828153464638e-06,4.062240034504526e-06,0.012190581804477471,0.0144009445846835,0.2562741016703184,0.5285654736540433,0.033017242211719804,0.10699494470402632,9.54578937470157e-08,2.0396717765151556e-07,2.7570639663098766e-06,6.095723861414142e-06,1.0138848467871907e-06,2.3921544190687504e-06,1.8553365329072312e-05,3.8326437381115794e-05,4.743630444403167e-09,1.0151198230995086e-08,1.6215705359219975e-06,3.590461177996341e-06,3.174556959241955e-11,9.590804058501637e-11,1.4980913796374208e-18,1.5451277636312375e-18,6.434571232365523e-12,7.591793878801393e-12,4.143578493648202e-12,8.854904274583499e-12,1.3099973899541487e-15,2.509720177451991e-15,1.3144113213231564e-08,2.61573670207101e-08,2.5587838430409316e-19,7.731216454247516e-19,0.006319283378646484,0.013035386662412107,3.3993998724126765e-31,1.0000000000001504e-30,5.454009540475973e-10,1.770948371976783e-09,2.8811481366154055e-11,9.132070659553846e-11
1.432,1356.7243925962375,5.110916619623168,0.17157326913573337,9.858678368565375,0.49337276868768903,0.07324007186058613,7.310625777042944e-06,5.426229326363701e-07,1.528764698791463e-12,1.801011735917031e-12,2.817500730532081e-13,6.638499548890059e-13,1.2568300584478812e-07,1.5739369431686138e-07,0.1987923242983357,0.2637041331308357,2.130826366082367e-15,5.178738906244828e-15,3.113521273261075e-13,7.798168292344675e-13,1.5109201568216885e-12,1.5605919800766276e-12,3.6665573347968363e-06,4.059242263874826e-06,0.012188139097637139,0.014398128465138018,0.25627401875726735,0.5285678537645153,0.03301835239960849,0.10699905878244954,9.542436123453376e-08,2.038965120266171e-07,2.7571220118505614e-06,6.095881618671412e-06,1.0133562524697463e-06,2.3909187962035647e-06,1.8535987243217872e-05,3.8290723575252864e-05,4.7385100819886364e-09,1.01402897817611e-08,1.6206225266859423e-06,3.588379427033125e-06,3.171006997145537e-11,9.580125338461726e-11,1.4974706215272773e-18,1.544494969707393e-18,6.431386012048479e-12,7.588072437560572e-12,4.1411395986439546e-12,8.849735023628359e-12,1.3090247494771423e-15,2.5078688768097353e-15,1.3144052928649775e-08,2.6157373299590657e-08,2.5568715111335424e-19,7.725475741494897e-19,0.006319252878795747,0.013035386662417011,3.399383465299624e-31,1.0000000000001497e-30,5.448816185887827e-10,1.7692705991095029e-09,2.878979798614867e-11,9.125241950563302e-11
1.433,1356.6716157193055,5.111057486705631,0.17156854036367114,9.864506942952499,0.4933788855745484,0.07324133291012418,7.306749316415595e-06,5.42337820710769e-07,1.526872790868742e-12,1.7987915812023878e-12,2.8139345627352603e-13,6.630129021583617e-13,1.2559304032312083e-07,1.5728178794718735e-07,0.1987876768516347,0.26369923913800486,2.128102353233486e-15,5.172143421798763e-15,3.110676496654245e-13,7.791080777411587e-13,1.5087643761897034e-12,1.558372838803318e-12,3.6638353376461457e-06,4.0562482937931235e-06,0.012185699752824256,0.014395316194244044,0.25627393408278093,0.5285702267464901,0.03301946293064629,0.10700317330032186,9.539084912490017e-08,2.038258879584726e-07,2.7571800009196338e-06,6.0960392120156965e-06,1.0128282905995653e-06,2.3896846377107617e-06,1.8518637391343947e-05,3.825506749463361e-05,4.733398472358207e-09,1.012939989062355e-08,1.6196759337418704e-06,3.586300768068392e-06,3.167462626849778e-11,9.569463345456008e-11,1.4968500312984368e-18,1.5438623325523367e-18,6.4282035045080536e-12,7.584354110596222e-12,4.138702853364338e-12,8.844570257945388e-12,1.3080531280937676e-15,2.5060194940348217e-15,1.3143992728891155e-08,2.6157379573216328e-08,2.554961087658514e-19,7.719740688212751e-19,0.006319222421009487,0.013035386662421908,3.3993670808147605e-31,1.0000000000001465e-30,5.443632263829569e-10,1.7675958611069043e-09,2.8768143255893462e-11,9.11842219585344e-11
1.434,1356.6188577927956,5.111198337441651,0.17156381240095225,9.87033567796372,0.49338499590614304,0.0732425925120324,7.302876009121754e-06,5.420529364899383e-07,1.5249838145896489e-12,1.7965748469014417e-12,2.810374093877114e-13,6.621771797363868e-13,1.2550316803675785e-07,1.571699962147805e-07,0.19878303394106858,0.263694349363253,2.1253827150291272e-15,5.165558471645436e-15,3.107835275123198e-13,7.784002046613083e-13,1.506612578681744e-12,1.5561577799077943e-12,3.661116816919046e-06,4.053258116700711e-06,0.01218326376394411,0.014392507765087588,0.2562738476512264,0.5285725926152182,0.03302057380304477,0.10700728825306617,9.535735739440592e-08,2.0375530540089737e-07,2.7572379336286733e-06,6.096196641761917e-06,1.012300960078723e-06,2.3884519410745755e-06,1.850131571421757e-05,3.8219469018905346e-05,4.728295596105649e-09,1.0118528516661401e-08,1.6187307544685545e-06,3.5842251954277444e-06,3.1639238358571305e-11,9.558818042297414e-11,1.496229608816369e-18,1.5432298520608792e-18,6.425023707019872e-12,7.580638894904934e-12,4.136268254546913e-12,8.839409970837507e-12,1.3070825241010373e-15,2.5041720259595367e-15,1.3143932613799421e-08,2.6157385841592277e-08,2.5530525720285453e-19,7.714011292916227e-19,0.006319192005211307,0.013035386662426872,3.3993507189169883e-31,1.0000000000001462e-30,5.438457752918492e-10,1.7659241511244858e-09,2.874651711636529e-11,9.111611377091923e-11
1.435,1356.5661187819828,5.11133917187209,0.17155908524609306,9.876164573580443,0.49339109969358474,0.07324385066879628,7.2990058497134544e-06,5.417682795849934e-07,1.5230977635330373e-12,1.7943615255646244e-12,2.806819311215148e-13,6.613427846645271e-13,1.2541338881408749e-07,1.5705831891050215e-07,0.19877839555916071,0.2636894637999956,2.122667441607237e-15,5.158984032161363e-15,3.104997601479266e-13,7.776932082305652e-13,1.5044647542336382e-12,1.5539467931166874e-12,3.658401765217784e-06,4.050271724570574e-06,0.012180831124952786,0.014389703170813447,0.25627375946655423,0.5285749513850624,0.033021685015430485,0.10701140363744446,9.532388600740775e-08,2.0368476428218924e-07,2.75729581008218e-06,6.09635390820903e-06,1.0117742595013411e-06,2.3872207030523488e-06,1.8484022137665207e-05,3.818392799684305e-05,4.7232014299925996e-09,1.0107675610750242e-08,1.6177869853403492e-06,3.5821527014336644e-06,3.1603906113104566e-11,9.548189390710058e-11,1.4956093541507503e-18,1.5425975283383314e-18,6.421846617080687e-12,7.57692678774343e-12,4.133835798431929e-12,8.834254154543816e-12,1.306112935641137e-15,2.502326469119179e-15,1.3143872583218644e-08,2.615739210472297e-08,2.5511459599001507e-19,7.708287542770209e-19,0.006319161631325035,0.013035386662431737,3.3993343795653525e-31,1.0000000000001427e-30,5.433292626610653e-10,1.7642554606414011e-09,2.8724919504462974e-11,9.104809474652281e-11
1.436,1356.5133986562541,5.111479990024983,0.17155435889804052,9.881993629784105,0.4933971969533541,0.07324510738369766,7.295138833164928e-06,5.414838496383513e-07,1.5212146314216232e-12,1.7921516099114468e-12,2.803270202523485e-13,6.605097141057961e-13,1.2532370248871304e-07,1.5694675583172886e-07,0.19877376169306188,0.26368458243451753,2.119956523572402e-15,5.152420080855951e-15,3.1021634686678623e-13,7.769870867180504e-13,1.5023208929628138e-12,1.5517398683437181e-12,3.6556901753272377e-06,4.047289109577393e-06,0.012178401829808424,0.014386902404568287,0.25627366952733377,0.5285773030592816,0.03302279657180943,0.1070155194676505,9.529043493037992e-08,2.036142645351619e-07,2.7573536303552005e-06,6.09651101159082e-06,1.0112481874744214e-06,2.385990920431604e-06,1.8466756589187397e-05,3.814844428067265e-05,4.718115951306394e-09,1.0096841124888343e-08,1.6168446229116594e-06,3.5800832785854763e-06,3.156862940514732e-11,9.537577352905819e-11,1.4949892674561993e-18,1.5419653615775624e-18,6.418672222391539e-12,7.573217774810296e-12,4.1314054815171184e-12,8.829102801852995e-12,1.305144360940351e-15,2.50048282020991e-15,1.3143812637003006e-08,2.6157398362632697e-08,2.5492412455037423e-19,7.702569420629756e-19,0.006319131299274702,0.01303538666243661,3.399318062718973e-31,1.00000000000014e-30,5.428136858850935e-10,1.762589781295148e-09,2.8703350357972973e-11,9.09801646918824e-11
1.437,1356.4606973782793,5.111620791949594,0.1715496333550295,9.887822846556201,0.4934032876930655,0.07324636265870052,7.291274955070991e-06,5.41199646338449e-07,1.519334412322527e-12,1.78994509306674e-12,2.799726755295146e-13,6.596779651568098e-13,1.2523410890876089e-07,1.5683530679400716e-07,0.19876913233880295,0.2636797052648765,2.1172499514308827e-15,5.145866594998335e-15,3.09933287055523e-13,7.762818386234007e-13,1.5001809853042837e-12,1.5495369958301399e-12,3.6529820404128677e-06,4.044310264316658e-06,0.012175975872453147,0.01438410545947906,0.25627357784096433,0.5285796476593342,0.033023908467339706,0.10701963572920274,9.525700414329058e-08,2.035438061214511e-07,2.757411394576859e-06,6.096667952260508e-06,1.0107227430235324e-06,2.384762590987221e-06,1.8449519015139696e-05,3.8113017761562965e-05,4.713039142078521e-09,1.008602502122415e-08,1.6159036648969516e-06,3.578016921950715e-06,3.153340811171667e-11,9.526981892293064e-11,1.4943693484755168e-18,1.5413333515466103e-18,6.415500525153732e-12,7.5695118589119e-12,4.128977300625061e-12,8.823955906247164e-12,1.3041767983274551e-15,2.4986410761239585e-15,1.314375277499241e-08,2.6157404615316666e-08,2.5473384307775533e-19,7.696856932638317e-19,0.006319101008984454,0.013035386662441506,3.3993017683370398e-31,1.0000000000001378e-30,5.422990430262052e-10,1.7609271068912127e-09,2.868180961963709e-11,9.09123234292293e-11
1.438,1356.4080149184592,5.111761577671204,0.17154490861610014,9.893652223878252,0.4934093719300729,0.07324761649721093,7.287414209377599e-06,5.409156692512777e-07,1.5174570995492262e-12,1.7877419672669865e-12,2.796188957049375e-13,6.588475349201805e-13,1.2514460789027142e-07,1.5672397157267926e-07,0.1987645074826209,0.26367483227612326,2.114547715400143e-15,5.139323551154305e-15,3.096505799187865e-13,7.755774619903249e-13,1.4980450209980996e-12,1.5473381650988412e-12,3.6502773527767034e-06,4.041335180427277e-06,0.012173553246914501,0.01438131232877245,0.25627348440504627,0.5285819851864401,0.03302502070698886,0.10702375243940318,9.522359359838065e-08,2.034733889434286e-07,2.7574691028110813e-06,6.096824730426849e-06,1.0101979243860086e-06,2.3835357106339735e-06,1.843230932522875e-05,3.807764825496509e-05,4.707970975054172e-09,1.0075227242030598e-08,1.6149641067674358e-06,3.575953621629255e-06,3.1498242101904193e-11,9.516402969883293e-11,1.4937495976179403e-18,1.540701498700774e-18,6.412331512413421e-12,7.56580902497264e-12,4.1265512516786055e-12,8.818813459284626e-12,1.3032102458514725e-15,2.496801233217226e-15,1.3143692997042642e-08,2.615741086280031e-08,2.5454375052193014e-19,7.691150047348988e-19,0.00631907076037876,0.01303538666244641,3.399285496378927e-31,1.000000000000137e-30,5.417853308641572e-10,1.7592674270701306e-09,2.8660297222500458e-11,9.08445707500442e-11
1.439,1356.3553512353874,5.111902347252161,0.17154018467904877,9.899481761731852,0.49341544966653816,0.07324886890038003,7.283556592822097e-06,5.406319181499937e-07,1.5155826877132735e-12,1.7855422262775778e-12,2.792656795433971e-13,6.580184205286641e-13,1.2505519930361317e-07,1.5661275001111127e-07,0.19875988712600617,0.2636699634735435,2.1118498063114085e-15,5.132790927380211e-15,3.09368224965382e-13,7.74873955624246e-13,1.4959129910258343e-12,1.545143366954628e-12,3.6475761062111276e-06,4.038363851197739e-06,0.012171133947120044,0.01437852300555664,0.25627338923236936,0.5285843156731501,0.03302613328050271,0.10702786956622551,9.519020329374014e-08,2.034030130014304e-07,2.757526755223366e-06,6.096981346523217e-06,1.009673731098736e-06,2.382310278352719e-06,1.8415127489853092e-05,3.804233570170117e-05,4.702911438407389e-09,1.0064447762596734e-08,1.6140259476977768e-06,3.573893375921024e-06,3.1463131258954667e-11,9.505840550962169e-11,1.4931300142162089e-18,1.5400698023849874e-18,6.4091651950712975e-12,7.562109286062067e-12,4.124127332133016e-12,8.813675455798029e-12,1.3022447020430813e-15,2.4949632887681842e-15,1.3143633302985643e-08,2.615741710506166e-08,2.543538477995322e-19,7.685448792743653e-19,0.006319040553382082,0.013035386662451328,3.3992692468039995e-31,1.0000000000001376e-30,5.412725483024357e-10,1.7576107383681818e-09,2.8638813116041143e-11,9.077690649788508e-11
1.44,1356.3027063020322,5.112043100710091,0.17153546154317298,9.905311460098615,0.4934215209227779,0.07325011987204894,7.27970209880211e-06,5.403483925597912e-07,1.5137111699013745e-12,1.7833458620669525e-12,2.7891302580181837e-13,6.571906190963152e-13,1.2496588295463213e-07,1.5650164187184008e-07,0.19875527125219875,0.26366509883819284,2.1091562143141155e-15,5.126268700073819e-15,3.0908622134183124e-13,7.741713174230253e-13,1.493784884942229e-12,1.5429525907279597e-12,3.644878292756735e-06,4.03539626797635e-06,0.012168717967153408,0.014375737483122738,0.2562732923174812,0.528586639114352,0.03302724619589288,0.10703198713682957,9.515683317236273e-08,2.0333267817804223e-07,2.7575843518566376e-06,6.0971378007115495e-06,1.0091501611406794e-06,2.3810862894480996e-06,1.839797340674562e-05,3.800707989247074e-05,4.697860501873325e-09,1.0053686518748925e-08,1.6130891824198185e-06,3.57183617328778e-06,3.1428075449908965e-11,9.495294595917205e-11,1.49251059889919e-18,1.5394382632809071e-18,6.4060015557609665e-12,7.558412621896934e-12,4.12170553761436e-12,8.80854188670969e-12,1.3012801648622054e-15,2.4931272389614016e-15,1.3143573692682504e-08,2.615742334213489e-08,2.5416413343889534e-19,7.679753124639482e-19,0.0063190103879193086,0.013035386662456206,3.3992530195718557e-31,1.0000000000001362e-30,5.407606917033875e-10,1.755957029069673e-09,2.8617357230336203e-11,9.070933045479764e-11
1.441,1356.2500800830258,5.112183838088735,0.17153073920689427,9.911141318960203,0.4934275857084745,0.07325136941448109,7.275850723120073e-06,5.400650921843407e-07,1.5118425402990186e-12,1.7811528678976921e-12,2.785609332633311e-13,6.563641277987949e-13,1.2487665869496098e-07,1.5639064697473166e-07,0.19875065985512752,0.26366023836530883,2.106466930200438e-15,5.11975684719395e-15,3.088045684461091e-13,7.734695459142448e-13,1.4916606933642989e-12,1.5407658268460881e-12,3.6421839057211156e-06,4.03243242351375e-06,0.012166305301012061,0.014372955754659814,0.25627319366557255,0.5285889555268922,0.03302835945050101,0.10703610514379848,9.512348321523438e-08,2.0326238443702744e-07,2.7576418928271992e-06,6.0972940933161115e-06,1.0086272135523412e-06,2.379863741729284e-06,1.8380847023550125e-05,3.797188072107376e-05,4.692818147902622e-09,1.0042943473523172e-08,1.6121538087052883e-06,3.569782008922076e-06,3.1393074553764325e-11,9.484765068746466e-11,1.4918913514462384e-18,1.538806881193955e-18,6.402840592803042e-12,7.554719030702507e-12,4.119285865076673e-12,8.803412745779449e-12,1.3003166326867766e-15,2.4912930807821056e-15,1.3143514165978509e-08,2.6157429574022994e-08,2.5397460759324e-19,7.674063047949751e-19,0.006318980263915309,0.013035386662461087,3.3992368146420723e-31,1.0000000000001346e-30,5.402497591725349e-10,1.7543062931189731e-09,2.8595929509083102e-11,9.06418424459909e-11
1.442,1356.1974725455598,5.112324559424072,0.1715260176688949,9.916971338298321,0.4934336440363739,0.07325261753039142,7.272002460717288e-06,5.397820166633397e-07,1.5099767927215416e-12,1.7789632365958362e-12,2.782094007017113e-13,6.555389437895479e-13,1.2478752636043652e-07,1.5627976511984898e-07,0.1987460529256263,0.2636553820460102,2.103781944530188e-15,5.113255346133284e-15,3.085232655903915e-13,7.72768639410451e-13,1.4895404065667288e-12,1.538583065382148e-12,3.6394929379817905e-06,4.029472310083816e-06,0.012163895942743166,0.014370177813414556,0.2562730932787191,0.5285912649211681,0.03302947304478684,0.10704022358981538,9.509015339005244e-08,2.0319213171373888e-07,2.7576993782287793e-06,6.097450224610989e-06,1.0081048870098681e-06,2.378642632145468e-06,1.836374827073585e-05,3.7936738045822385e-05,4.6877843545818935e-09,1.0032218580613717e-08,1.6112198232764872e-06,3.5677308756922386e-06,3.135812844574825e-11,9.474251932306799e-11,1.4912722719222157e-18,1.5381756562239281e-18,6.399682300112566e-12,7.551028505505212e-12,4.116868310998684e-12,8.798288025750398e-12,1.299354103747447e-15,2.4894608109330097e-15,1.3143454722723968e-08,2.615743580073774e-08,2.537852698471115e-19,7.668378550403884e-19,0.006318950181295228,0.01303538666246598,3.3992206319743844e-31,1.0000000000001337e-30,5.397397482175102e-10,1.7526585225185723e-09,2.857452989141807e-11,9.057444228220166e-11
1.443,1356.1448836559998,5.112465264754782,0.17152129692776674,9.922801518094717,0.4934396959180297,0.07325386422231644,7.268157306711132e-06,5.394991656495146e-07,1.5081139210792824e-12,1.7767769610989411e-12,2.778584268932356e-13,6.547150642277531e-13,1.246984857905914e-07,1.5616899611186686e-07,0.1987414504557182,0.2636505298729872,2.1011012479129237e-15,5.106764174404158e-15,3.082423121076047e-13,7.720685962760489e-13,1.4874240149271818e-12,1.5364042965151596e-12,3.6368053825243124e-06,4.0265159200795115e-06,0.01216148988640109,0.014367403652641442,0.25627299116015456,0.5285935673099542,0.033030586978041614,0.10704434247377449,9.505684366745114e-08,2.0312191994979444e-07,2.7577568081624416e-06,6.097606194886373e-06,1.0075831802755691e-06,2.3774229578489282e-06,1.8346677082803605e-05,3.790165173335008e-05,4.68275910103315e-09,1.0021511795928324e-08,1.610287223099006e-06,3.5656827670048855e-06,3.1323237002297005e-11,9.463755149818189e-11,1.490653360320054e-18,1.5375445883963622e-18,6.396526673504894e-12,7.547341041573072e-12,4.114452871956807e-12,8.79316771957366e-12,1.2983925763072046e-15,2.4876304261785046e-15,1.3143395362767568e-08,2.615744202228709e-08,2.5359611992814814e-19,7.662699624054135e-19,0.00631892013998436,0.013035386662470907,3.399204471528601e-31,1.0000000000001348e-30,5.392306564878682e-10,1.7510137097314317e-09,2.8553158317667122e-11,9.050712977792578e-11
1.444,1356.0923133800625,5.112605954121809,0.17151657698202616,9.928631858331187,0.4934457413639982,0.07325510949264202,7.264315256237879e-06,5.392165387969455e-07,1.5062539193110918e-12,1.7745940343777172e-12,2.775080106122622e-13,6.538924862678994e-13,1.2460953682590494e-07,1.5605833975662644e-07,0.19873685243841185,0.2636456818402269,2.098424830945343e-15,5.100283309486315e-15,3.079617073372888e-13,7.71369414891882e-13,1.4853115088606954e-12,1.5342295104622441e-12,3.6341212323645257e-06,4.023563245926752e-06,0.012159087126054806,0.014364633265611257,0.25627288731406855,0.5285958627079779,0.03303170124859617,0.10704846179145369,9.502355401881521e-08,2.0305174908840192e-07,2.757814182734666e-06,6.097762004444219e-06,1.007062092140316e-06,2.376204716059075e-06,1.8329633395507244e-05,3.786662165287104e-05,4.67774236670058e-09,1.0010823076061814e-08,1.6093560052136975e-06,3.5636376764328126e-06,3.128840010035322e-11,9.453274684651427e-11,1.4900346166007064e-18,1.5369136777037171e-18,6.393373710593931e-12,7.543656636295596e-12,4.112039544536742e-12,8.788051820219318e-12,1.297432048633663e-15,2.4858019232915268e-15,1.3143336085956647e-08,2.615744823867537e-08,2.534071576118445e-19,7.657026262397877e-19,0.006318890139908159,0.013035386662475744,3.3991883332646392e-31,1.0000000000001334e-30,5.387224816788367e-10,1.7493718473684232e-09,2.8531814728574768e-11,9.043990474897218e-11
1.445,1356.039761685442,5.112746627560041,0.1715118578303929,9.934462358989567,0.4934517803872868,0.07325635334411613,7.260476304329711e-06,5.389341357519427e-07,1.504396781304628e-12,1.7724144493421487e-12,2.7715815064750364e-13,6.530712070981381e-13,1.2452067930426258e-07,1.5594779585670274e-07,0.19873225886425483,0.26364083793844423,2.0957526843112184e-15,5.0938127290698684e-15,3.0768145060021373e-13,7.706710935916615e-13,1.483202878755746e-12,1.5320586974126018e-12,3.6314404804634727e-06,4.020614279990245e-06,0.012156687655794201,0.014361866645618712,0.25627278174216755,0.5285981511248312,0.03303281585725968,0.10705258154665992,9.499028441255138e-08,2.0298161906639429e-07,2.7578715020366884e-06,6.097917653552638e-06,1.0065416213003531e-06,2.374987903771814e-06,1.831261714048187e-05,3.783164766508332e-05,4.672734130018832e-09,1.0000152375446183e-08,1.608426166401376e-06,3.561595596972575e-06,3.125361761646904e-11,9.442810500057241e-11,1.4894160408289345e-18,1.5362829242454493e-18,6.3902234048620196e-12,7.539975282186817e-12,4.109628325275142e-12,8.782940320551852e-12,1.2964725189812018e-15,2.4839752990193704e-15,1.3143276892143068e-08,2.6157454449915185e-08,2.532183824853352e-19,7.651358453240096e-19,0.0063188601809923695,0.013035386662480612,3.3991722171425283e-31,1.000000000000131e-30,5.3821522133977e-10,1.7477329275663457e-09,2.8510499063976725e-11,9.037276700825659e-11
1.446,1355.987228537183,5.112887285112791,0.17150713947130444,9.94029302005174,0.49345781299735025,0.07325759577895799,7.2566404464141285e-06,5.386519561901212e-07,1.5025425011524468e-12,1.7702381991432181e-12,2.7680884578387006e-13,6.52251223897505e-13,1.2443191307197854e-07,1.558373642252106e-07,0.19872766972734976,0.2636359981630642,2.0930847987369584e-15,5.087352410947327e-15,3.0740154126670936e-13,7.699736308331208e-13,1.4810981152022885e-12,1.5298918477630741e-12,3.628763120014065e-06,4.017669014890909e-06,0.012154291469706582,0.014359103785954766,0.256272674449675,0.5286004325773502,0.03303393080131072,0.1070567017317562,9.495703482433303e-08,2.0291152983612213e-07,2.7579287661818904e-06,6.098073142528597e-06,1.0060217666679888e-06,2.373772518492648e-06,1.8295628259286317e-05,3.779672965117904e-05,4.667734371937823e-09,9.989499653894122e-09,1.6074977040500825e-06,3.559556522964916e-06,3.121888942960153e-11,9.432362560010951e-11,1.4887976328756492e-18,1.5356523279209986e-18,6.387075755487921e-12,7.536296978481548e-12,4.1072192109226145e-12,8.77783321389228e-12,1.2955139856726862e-15,2.4821505502402742e-15,1.3143217781173413e-08,2.6157460656008117e-08,2.530297944970385e-19,7.645696195301671e-19,0.006318830263162812,0.013035386662485523,3.3991561231223826e-31,1.000000000000134e-30,5.377088733694056e-10,1.7460969435961712e-09,2.8489211266428323e-11,9.030571637730338e-11
1.447,1355.9347139032325,5.113027926814542,0.1715024219034947,9.946123841499631,0.49346383920720976,0.07325883679991288,7.252807677347774e-06,5.383699997446669e-07,1.500691072694014e-12,1.7680652766332759e-12,2.764600948105072e-13,6.514325338548418e-13,1.2434323796433317e-07,1.5572704466142514e-07,0.19872308501820393,0.26363116250472884,2.09042116487359e-15,5.080902332726603e-15,3.0712197864393576e-13,7.692770249156338e-13,1.4789972085674065e-12,1.5277289516797748e-12,3.626089143918461e-06,4.014727442927125e-06,0.012151898561919203,0.014356344679956471,0.2562725654382018,0.5286027070748949,0.033035046081645134,0.10706082235082318,9.492380522003645e-08,2.0284148132898517e-07,2.7579859752595992e-06,6.098228471635601e-06,1.005502526877016e-06,2.372558557069626e-06,1.82786666806029e-05,3.776186746574079e-05,4.662743070161647e-09,9.978864864269395e-09,1.6065706147548162e-06,3.557520446994008e-06,3.118421541616498e-11,9.421930827717345e-11,1.4881793928511378e-18,1.5350218888766038e-18,6.383930756054979e-12,7.532621717811703e-12,4.104812197920342e-12,8.772730492899348e-12,1.294556446936111e-15,2.4803276736503665e-15,1.3143158752900268e-08,2.6157466856966414e-08,2.528413931483053e-19,7.6400394737936815e-19,0.006318800386345573,0.013035386662490404,3.3991400511644314e-31,1.0000000000001344e-30,5.372034352164133e-10,1.7444638872669592e-09,2.8467951275169282e-11,9.023875266711274e-11
1.448,1355.8822177509314,5.113168552701754,0.17149770512563173,9.951954823315203,0.4934698590290232,0.07326007640959728,7.248977992327578e-06,5.380882660739907e-07,1.4988424899285937e-12,1.7658956748525586e-12,2.761118965269081e-13,6.506151341832232e-13,1.242546538229836e-07,1.5561683697259306e-07,0.19871850472819358,0.2636263309552297,2.087761773511037e-15,5.074462472352033e-15,3.068427620723188e-13,7.68581274221792e-13,1.4769001493865718e-12,1.5255699995022975e-12,3.6234185452643917e-06,4.011789556602269e-06,0.012149508926559765,0.014353589320960855,0.2562724547101962,0.5286049746285465,0.033036161698308045,0.10706494340518374,9.489059557043489e-08,2.027714734868391e-07,2.7580431293654555e-06,6.098383641151069e-06,1.0049839006949852e-06,2.3713460166662123e-06,1.8261732339520854e-05,3.772706097658036e-05,4.657760204044054e-09,9.968247962964068e-09,1.6056448954968941e-06,3.555487362499085e-06,3.114959545445843e-11,9.411515266948753e-11,1.4875613207690016e-18,1.5343916071587248e-18,6.380788401170905e-12,7.528949494017382e-12,4.102407282900828e-12,8.767632150640058e-12,1.293599901061315e-15,2.478506666064024e-15,1.314309980717541e-08,2.615747305280045e-08,2.526531781378108e-19,7.634388279888901e-19,0.006318770550466851,0.01303538666249528,3.3991240012289777e-31,1.000000000000135e-30,5.366989045526917e-10,1.7428337511123026e-09,2.8446719031313257e-11,9.017187569461388e-11
1.449,1355.8297400489819,5.113309162806803,0.17149298913652067,9.957785965480461,0.49347587247654956,0.07326131461086287,7.245151386151317e-06,5.378067548068264e-07,1.4969967466899388e-12,1.763729386645874e-12,2.757642497309704e-13,6.497990220917999e-13,1.2416616048229913e-07,1.5550674095681459e-07,0.19871392884707245,0.2636215035041955,2.08510661535218e-15,5.0680328075550865e-15,3.065638908523028e-13,7.678863770339162e-13,1.4748069280504855e-12,1.5234149814202e-12,3.6207513169461664e-06,4.008855348204992e-06,0.012147122557786072,0.014350837702339577,0.25627234226646484,0.5286072352459822,0.033037277652986044,0.10706906490147675,9.485740583997273e-08,2.0270150623800188e-07,2.758100228583305e-06,6.098538651326131e-06,1.0044658867157975e-06,2.3701348940358762e-06,1.8244825163014086e-05,3.769231003473622e-05,4.652785750889959e-09,9.957648901983011e-09,1.6047205427577521e-06,3.553457261811986e-06,3.1115029421182174e-11,9.401115840992313e-11,1.4869434167823073e-18,1.533761482957587e-18,6.377648682895689e-12,7.525280297931822e-12,4.100004462277766e-12,8.762538179712905e-12,1.2926443462714308e-15,2.476687524167504e-15,1.3143040943853692e-08,2.6157479243525735e-08,2.5246514891569455e-19,7.628742597249155e-19,0.006318740755453081,0.013035386662500172,3.3991079732764423e-31,1.0000000000001358e-30,5.361952787679699e-10,1.7412065267490978e-09,2.8425514473884552e-11,9.010508527009974e-11
1.45,1355.7772807609726,5.113449757178229,0.1714882739344249,9.963617267977462,0.49348187955687645,0.07326255140556982,7.2413278548148415e-06,5.375254656608034e-07,1.4951538373723762e-12,1.7615664055180949e-12,2.7541715322718813e-13,6.489841948051142e-13,1.240777578000854e-07,1.5539675644152634e-07,0.19870935737128786,0.2636166801501301,2.0824556813685852e-15,5.061613316719097e-15,3.0628536441518025e-13,7.671923319619682e-13,1.47271753549194e-12,1.5212638881825385e-12,3.6180874525046037e-06,4.005924810739267e-06,0.012144739449720941,0.014348089817422329,0.25627222811446365,0.5286094889485858,0.0330383939406986,0.10707318682473217,9.48242360128226e-08,2.0263157955293969e-07,2.758157273041306e-06,6.098693502509822e-06,1.003948484093527e-06,2.3689251872536646e-06,1.8227945104152447e-05,3.7657614545151965e-05,4.647819694630784e-09,9.947067647510604e-09,1.603797554615459e-06,3.5514301407997025e-06,3.1080517199261204e-11,9.390732515013941e-11,1.4863256805801759e-18,1.5331315159848023e-18,6.374511603839278e-12,7.521614132836117e-12,4.097603733123234e-12,8.757448574122796e-12,1.2916897809970757e-15,2.4748702450443425e-15,1.3142982162779559e-08,2.615748542913666e-08,2.5227730576154336e-19,7.623102434598908e-19,0.006318711001230761,0.013035386662505024,3.3990919672672993e-31,1.0000000000001367e-30,5.356925561646914e-10,1.739582208757771e-09,2.840433754901958e-11,9.003838122639625e-11
1.451,1355.7248398563006,5.113590335846594,0.1714835595182111,9.969448730788296,0.49348788028435364,0.07326378679665325,7.237507392933995e-06,5.372443982510605e-07,1.4933137557537255e-12,1.7594067242472998e-12,2.7507060581701816e-13,6.481706495403824e-13,1.2398944560775343e-07,1.5528688322108775e-07,0.1987047902899801,0.2636118608818309,2.07980896225244e-15,5.055203977547007e-15,3.0600718204468163e-13,7.664991372461643e-13,1.4706319620748032e-12,1.5191167099501907e-12,3.615426944767517e-06,4.0029979364190295e-06,0.01214235959656043,0.014345345659624273,0.25627211225433233,0.5286117357426265,0.033039510563788906,0.10707730918371051,9.479108605046082e-08,2.0256169335360365e-07,2.7582142628180703e-06,6.0988481949413535e-06,1.0034316913436727e-06,2.3677168928875716e-06,1.8211092086285926e-05,3.762297435136456e-05,4.642862011676884e-09,9.936504149632613e-09,1.6028759273232114e-06,3.549405991287782e-06,3.104605866516529e-11,9.380365252226963e-11,1.4857081123808977e-18,1.5325017064977077e-18,6.371377155446709e-12,7.517950988836673e-12,4.095205091753449e-12,8.752363326258284e-12,1.2907362034344324e-15,2.4730548253285733e-15,1.3142923463809266e-08,2.6157491609649894e-08,2.5208964797511877e-19,7.617467771054285e-19,0.0063186812877267075,0.01303538666250984,3.399075983162171e-31,1.000000000000135e-30,5.351907340077271e-10,1.737960788348999e-09,2.8383188194988925e-11,8.997176337138183e-11
1.452,1355.672417301506,5.113730898851542,0.17147884588644172,9.975280353895103,0.4934938746695899,0.07326502078649162,7.2336899959407005e-06,5.369635522532759e-07,1.4914764959907717e-12,1.7572503360576646e-12,2.7472460631222595e-13,6.473583835389595e-13,1.2390122375240593e-07,1.5517712110949481e-07,0.1987002275960425,0.2636070456930687,2.0771664489226795e-15,5.04880476829169e-15,3.0572934311049273e-13,7.658067913419134e-13,1.468550198536706e-12,1.5169734372696566e-12,3.612769787001457e-06,4.000074717943489e-06,0.012139982992480956,0.014342605222336699,0.25627199468992584,0.5286139756420275,0.03304062752087116,0.10708143197508509,9.475795592728321e-08,2.024918475895428e-07,2.758271198017534e-06,6.099002728915839e-06,1.0029155073441438e-06,2.366510008360527e-06,1.8194266049768603e-05,3.7588389332033084e-05,4.637912682769182e-09,9.925958367700676e-09,1.601955658171634e-06,3.5473848073986295e-06,3.1011653699611664e-11,9.370014017126074e-11,1.4850907121129492e-18,1.531872054454637e-18,6.368245334671873e-12,7.51429086253952e-12,4.092808534936457e-12,8.747282429472858e-12,1.2897836119227354e-15,2.4712412619280526e-15,1.3142864846793856e-08,2.6157497785071243e-08,2.519021754180379e-19,7.611838602708234e-19,0.0063186516148678856,0.013035386662514671,3.399060020921756e-31,1.0000000000001313e-30,5.346898101557717e-10,1.7363422586614464e-09,2.8362066354764562e-11,8.990523152782601e-11
1.453,1355.6200130662933,5.113871446222941,0.17147413303800715,9.981112137280055,0.49349986272710666,0.0732662533780423,7.229875658592015e-06,5.366829272929883e-07,1.4896420519426584e-12,1.7550972338222783e-12,2.7437915352686817e-13,6.465473940474414e-13,1.2381309206820504e-07,1.550674699045189e-07,0.19869566927843,0.2636022345723811,2.0745281321891337e-15,5.042415666939579e-15,3.054518469090293e-13,7.651152925209761e-13,1.4664722353490307e-12,1.5148340604119355e-12,3.610115972128222e-06,3.997155147629613e-06,0.012137609631701168,0.014339868498999967,0.2562718754211456,0.5286162086525418,0.03304174481451296,0.10708555520833891,9.472484560630979e-08,2.0242204218598507e-07,2.758328078717157e-06,6.099157104669689e-06,1.0023999306512272e-06,2.3653045303363193e-06,1.817746692006445e-05,3.7553859335047204e-05,4.632971684893689e-09,9.91543025302799e-09,1.6010367435334082e-06,3.545366581221517e-06,3.09773021802853e-11,9.359678773287747e-11,1.4844734799770215e-18,1.5312425600946338e-18,6.365116132260116e-12,7.510633743224235e-12,4.090414059072587e-12,8.74220587633333e-12,1.2888320046882182e-15,2.469429551533836e-15,1.3142806311590971e-08,2.6157503955418878e-08,2.5171488745006376e-19,7.606214910488119e-19,0.006318621982581418,0.01303538666251952,3.3990440805068688e-31,1.00000000000013e-30,5.341897819476333e-10,1.7347266111451317e-09,2.8340971967450467e-11,8.983878550622479e-11
1.454,1355.5676271157727,5.114011978005204,0.17146942097131052,9.986944080925374,0.4935058444654351,0.0732674845733721,7.226064376646489e-06,5.364025230700401e-07,1.4878104179409737e-12,1.7529474109704754e-12,2.7403424627840585e-13,6.457376783202965e-13,1.2372505040907173e-07,1.5495792942866205e-07,0.19869111533210654,0.26359742751627213,2.0718940030703763e-15,5.0360366519833015e-15,3.0517469284780837e-13,7.644246393332968e-13,1.4643980634400473e-12,1.5126985701195231e-12,3.607465493614371e-06,3.994239218397036e-06,0.012135239508411663,0.014337135483020649,0.25627175445386324,0.5286184347922281,0.03304286244129692,0.1070896788735564,9.469175506730174e-08,2.0235227710392357e-07,2.758384905033718e-06,6.099311322526156e-06,1.001884960299452e-06,2.364100456607003e-06,1.8160694644855294e-05,3.751938425419063e-05,4.62803900067173e-09,9.904919768986177e-09,1.600119181142575e-06,3.5433513078599298e-06,3.094300399014388e-11,9.349359485879637e-11,1.4838564157726609e-18,1.5306132232428982e-18,6.361989548344483e-12,7.506979631247001e-12,4.088021661111353e-12,8.737133660579554e-12,1.2878813801302663e-15,2.467619691168484e-15,1.314274785804902e-08,2.6157510120692118e-08,2.5152778416596163e-19,7.600596697530428e-19,0.006318592390794543,0.013035386662524377,3.3990281618783614e-31,1.0000000000001299e-30,5.336906474996104e-10,1.733113839774528e-09,2.8319904978193502e-11,8.977242513621805e-11
1.455,1355.5152594160727,5.114152494239779,0.17146470968485455,9.992776184813328,0.4935118198941998,0.07326871437470724,7.222256145370063e-06,5.361223392476565e-07,1.4859815881174475e-12,1.750800860695691e-12,2.7368988337644487e-13,6.449292335933174e-13,1.2363709862025776e-07,1.5484849949354944e-07,0.19868656575091873,0.2635926245197519,2.069264052432929e-15,5.029667701544596e-15,3.048978802885504e-13,7.637348302139811e-13,1.4623276735568014e-12,1.5105669569472284e-12,3.6048183446913494e-06,3.9913269229045e-06,0.012132872616838994,0.014334406167846784,0.2562716317928028,0.5286206540767565,0.033043980398949575,0.10709380296452478,9.465868428275881e-08,2.022825522888199e-07,2.7584416770746503e-06,6.099465382787587e-06,1.0013705951296736e-06,2.3628977845073815e-06,1.8143949162636667e-05,3.7484963964261165e-05,4.623114610393951e-09,9.894426873956445e-09,1.5992029681700178e-06,3.5413389811698256e-06,3.090875901019662e-11,9.339056119478535e-11,1.4832395194435787e-18,1.5299840438732342e-18,6.358865581875025e-12,7.503328525567502e-12,4.085631337729019e-12,8.732065775366486e-12,1.286931736564329e-15,2.4658116776934147e-15,1.3142689486018164e-08,2.6157516280892642e-08,2.513408653635914e-19,7.594983957999066e-19,0.006318562839434753,0.01303538666252921,3.3990122649972325e-31,1.0000000000001285e-30,5.331924046097792e-10,1.7315039374903318e-09,2.8298865329730732e-11,8.970615023979346e-11
1.456,1355.4629099380818,5.11429299495334,0.17145999917763782,9.99860844892622,0.49351778902907656,0.07326994278517035,7.218450959567371e-06,5.358423754547765e-07,1.484155556377299e-12,1.748657575924081e-12,2.733460636533576e-13,6.441220571557885e-13,1.2354923653686325e-07,1.5473917989807455e-07,0.19868202052264175,0.26358782556976773,2.0666382712283755e-15,5.023308793950729e-15,3.04621408528781e-13,7.630458634372172e-13,1.4602610562601557e-12,1.508439211257067e-12,3.6021745183358207e-06,3.988418253528118e-06,0.012130508951245757,0.014331680546968208,0.25627150743660754,0.5286228665092388,0.03304509869128126,0.1070979274947457,9.462563321530754e-08,2.0221286766502527e-07,2.758498394909561e-06,6.09961928567254e-06,1.000856833682723e-06,2.3616965106640662e-06,1.8127230398464583e-05,3.7450598312283624e-05,4.6181984910007555e-09,9.883951519147543e-09,1.5982881009491295e-06,3.5393295931521604e-06,3.087456711913998e-11,9.328768637960422e-11,1.4826227912275713e-18,1.5293550222627234e-18,6.355744221667554e-12,7.499680413186658e-12,4.083243085362172e-12,8.72700221333605e-12,1.2859830722335905e-15,2.4640055078313003e-15,1.314263119535916e-08,2.6157522436042484e-08,2.511541303292003e-19,7.589376670597236e-19,0.006318533328429751,0.013035386662534046,3.3989963898245863e-31,1.000000000000127e-30,5.326950506026656e-10,1.7298968956950483e-09,2.8277852961459894e-11,8.963996062834088e-11
1.457,1355.4105786471569,5.114433480189995,0.17145528944807448,10.004440873246397,0.49352375187849895,0.07327116980680809,7.214648814900842e-06,5.355626313839796e-07,1.4823323170481865e-12,1.746517550079149e-12,2.730027859322175e-13,6.433161462749371e-13,1.2346146401178137e-07,1.5462997046340093e-07,0.198677479642307,0.2635830306628894,2.0640166504942874e-15,5.016959907736828e-15,3.043452769701584e-13,7.62357737537931e-13,1.4581982025123347e-12,1.5063153238252152e-12,3.599534008006752e-06,3.985513203177557e-06,0.012128148505870006,0.014328958613845167,0.25627138139113453,0.5286250721076614,0.03304621731486983,0.10710205245427942,9.459260184319392e-08,2.0214322319026065e-07,2.7585550586539344e-06,6.099773031500945e-06,1.0003436749587035e-06,2.360496632787208e-06,1.8110538298449026e-05,3.741628718877322e-05,4.613290624748823e-09,9.87349366714406e-09,1.597374577109129e-06,3.5373231386770426e-06,3.084042820042734e-11,9.318497006636705e-11,1.4820062309525472e-18,1.5287261582655854e-18,6.352625467972414e-12,7.496035294597401e-12,4.080856900910855e-12,8.721942968120062e-12,1.2850353855270911e-15,2.4622011785840336e-15,1.3142572985921424e-08,2.6157528586140748e-08,2.509675791208892e-19,7.583774837351157e-19,0.006318503857707298,0.01303538666253886,3.398980536321565e-31,1.0000000000001246e-30,5.321985835422494e-10,1.7282927081921599e-09,2.8256867818418824e-11,8.957385613111813e-11
1.458,1355.3582655129094,5.114573949980749,0.17145058049501838,10.010273457756247,0.4935297084562211,0.07327239544245392,7.210849706338132e-06,5.352831066762202e-07,1.4805118641414432e-12,1.7443807762112743e-12,2.7266004904613595e-13,6.425114982414803e-13,1.2337378088406637e-07,1.5452087099333998e-07,0.19867294309959826,0.26357823978858025,2.061399181214326e-15,5.010621021305686e-15,3.0406948493351997e-13,7.616704508484729e-13,1.4561391029966512e-12,1.5041952851392499e-12,3.596896806799539e-06,3.982611764359348e-06,0.012125791274994987,0.014326240361990301,0.25627125365687753,0.5286272708789245,0.03304733627166102,0.10710617785057888,9.4559590132154e-08,2.0207361879549902e-07,2.758611668388433e-06,6.099926620515491e-06,9.998311175959267e-07,2.359298147732984e-06,1.8093872792124904e-05,3.738203044999366e-05,4.608390989729593e-09,9.863053271613705e-09,1.5964623932535836e-06,3.5353196103428544e-06,3.0806342134261556e-11,9.308241189834511e-11,1.4813898387677604e-18,1.5280974520674153e-18,6.349509312672555e-12,7.492393160418577e-12,4.078472780901261e-12,8.716888032550409e-12,1.2840886747192674e-15,2.460398686733605e-15,1.314251485756337e-08,2.6157534731203318e-08,2.5078121117785217e-19,7.5781784415839925e-19,0.006318474427195452,0.013035386662543672,3.398964704449467e-31,1.0000000000001218e-30,5.317030009121012e-10,1.7266913668999128e-09,2.8235909841386378e-11,8.950783656386878e-11
1.459,1355.3059705006795,5.114714404370111,0.17144587231687092,10.016106202438205,0.4935356587703974,0.07327361969410907,7.207053629511838e-06,5.350038010217772e-07,1.478694191997809e-12,1.7422472477585772e-12,2.723178518218059e-13,6.417081103308646e-13,1.232861870066006e-07,1.544118813090073e-07,0.19866841088980983,0.26357345294374246,2.0587858544445343e-15,5.0042921132348885e-15,3.037940318204568e-13,7.609840019033711e-13,1.4540837487124115e-12,1.5020790860127275e-12,3.5942629081864033e-06,3.979713929996789e-06,0.01212343725288915,0.014323525784898164,0.25627112423990295,0.5286294628414161,0.03304845555801193,0.10711030367298285,9.452659806001629e-08,2.0200405443754585e-07,2.758668224229188e-06,6.10008005303722e-06,9.993191605885407e-07,2.3581010531970387e-06,1.807723382534205e-05,3.73478279859086e-05,4.603499568155162e-09,9.852630295041264e-09,1.5955515469903757e-06,3.533319002971617e-06,3.077230880459387e-11,9.298001153011678e-11,1.480773614505288e-18,1.5274689035265734e-18,6.346395756612235e-12,7.488754011842807e-12,4.076090722219392e-12,8.71183740022734e-12,1.2831429381980988e-15,2.458598029279308e-15,1.314245681013464e-08,2.6157540871228226e-08,2.5059502653629716e-19,7.572587484658834e-19,0.006318445036822389,0.013035386662548543,3.3989488941696584e-31,1.0000000000001244e-30,5.312083007688057e-10,1.7250928655970508e-09,2.8214978975533303e-11,8.944190175624763e-11
1.46,1355.2536935806002,5.114854843387726,0.17144116491253206,10.021939107274743,0.4935416028352224,0.07327484256466905,7.203260579506366e-06,5.347247140701905e-07,1.4768792946962278e-12,1.7401169578503157e-12,2.719761931054779e-13,6.409059798644669e-13,1.2319868222064012e-07,1.5430300121693893e-07,0.1986638830021674,0.26356867011721735,2.0561766612855155e-15,4.9979731622090895e-15,3.035189169610951e-13,7.602983890580205e-13,1.4520321304373434e-12,1.4999667170298456e-12,3.591632305342417e-06,3.976819692683619e-06,0.012121086433860612,0.014320814876109285,0.25627099314019597,0.5286316480009622,0.033049575176364344,0.10711442993054689,9.449362559357969e-08,2.0193453004962375e-07,2.758724726253888e-06,6.100233329301975e-06,9.988078026010455e-07,2.3569053460969086e-06,1.806062132907347e-05,3.731367965573889e-05,4.598616338520194e-09,9.842224691953075e-09,1.5946420350019845e-06,3.531321309335634e-06,3.0738328092688024e-11,9.287776860811962e-11,1.4801575583103771e-18,1.5268405128243778e-18,6.343284790827261e-12,7.48511783848817e-12,4.073710721462283e-12,8.706791064132677e-12,1.2821981742638237e-15,2.4567992030520284e-15,1.31423988434951e-08,2.6157547006232918e-08,2.5040902464172544e-19,7.567001950087764e-19,0.006318415686516423,0.013035386662553371,3.3989331054435755e-31,1.0000000000001248e-30,5.307144806459581e-10,1.7234971963635505e-09,2.819407516229272e-11,8.937605152604866e-11
1.461,1355.2014347207273,5.1149952670699586,0.17143645828067686,10.027772172248373,0.49354754066204043,0.0732760640566039,7.1994705513458e-06,5.344458454664761e-07,1.4750671663259392e-12,1.7379898996274722e-12,2.716350717273187e-13,6.401051041256059e-13,1.2311126636776623e-07,1.5419423052406042e-07,0.19865935942874355,0.26356389130161384,2.053571592704525e-15,4.991664146587582e-15,3.032441396933514e-13,7.596136106872118e-13,1.4499842389593646e-12,1.4978581687848613e-12,3.5890049914456493e-06,3.973929045016358e-06,0.012118738812230903,0.014318107629179183,0.25627086036055663,0.5286338263691781,0.03305069512633771,0.10711855662317607,9.446067270050133e-08,2.0186504556677666e-07,2.7587811745562887e-06,6.100386449580938e-06,9.982970423438891e-07,2.3557110234583096e-06,1.804403523605566e-05,3.727958532234126e-05,4.593741279745555e-09,9.83183641778535e-09,1.5937338540828014e-06,3.5293265224545828e-06,3.0704399880129537e-11,9.277568277974322e-11,1.4795416702538068e-18,1.5262122800652457e-18,6.34017641100766e-12,7.481484635464051e-12,4.071332775185627e-12,8.701749017159065e-12,1.281254381204831e-15,2.4550022048596512e-15,1.31423409575004e-08,2.61575531362256e-08,2.5022320511695404e-19,7.561421826740098e-19,0.006318386376206141,0.013035386662558176,3.3989173382328003e-31,1.0000000000001232e-30,5.302215381436173e-10,1.7219043514948454e-09,2.817319834354311e-11,8.931028569246496e-11
1.462,1355.14919388845,5.115135675455311,0.17143175241990896,10.033605397341647,0.493553472261321,0.07327728417225367,7.195683540764559e-06,5.34167194908351e-07,1.4732578012850126e-12,1.7358660665945534e-12,2.712944865409047e-13,6.393054804526288e-13,1.2302393930222238e-07,1.5408556905314313e-07,0.19865484016249063,0.26355911649070624,2.0509706399733516e-15,4.9853650454688115e-15,3.029696994194057e-13,7.589296653266172e-13,1.4479400653823317e-12,1.4957534321979808e-12,3.5863809600399156e-06,3.971041979996077e-06,0.012116394382308493,0.014315404037647495,0.25627072590463723,0.5286359979594348,0.0330518154066867,0.10712268374797229,9.44277393582232e-08,2.017956009449522e-07,2.7588375692381556e-06,6.100539414162994e-06,9.977868787866044e-07,2.3545180829181585e-06,1.8027475491485306e-05,3.724554487430949e-05,4.588874373948936e-09,9.821465434814394e-09,1.5928270017838325e-06,3.527334637023328e-06,3.0670524051967714e-11,9.267375370282571e-11,1.4789259502299534e-18,1.5255842051715881e-18,6.337070613883997e-12,7.477854399107285e-12,4.068956880345562e-12,8.696711253054461e-12,1.2803115574367809e-15,2.4532070317537053e-15,1.3142283152005317e-08,2.6157559261212603e-08,2.500375678739259e-19,7.555847112221503e-19,0.006318357105820182,0.013035386662563018,3.398901592498942e-31,1.0000000000001241e-30,5.297294712934507e-10,1.7203143246877025e-09,2.8152348464732547e-11,8.92446040859956e-11
1.463,1355.0969710521022,5.115276068579584,0.1714270473289228,10.039438782537166,0.4935593976445238,0.07327850291410172,7.1918995429467575e-06,5.338887620526277e-07,1.4714511937501079e-12,1.7337454519947626e-12,2.70954436389152e-13,6.385071061585961e-13,1.2293670086865355e-07,1.539770166149161e-07,0.1986503251953514,0.2635543456769155,2.0483737941808665e-15,4.979075837505295e-15,3.026955954914116e-13,7.582465513864651e-13,1.4458996006065032e-12,1.4936524979786037e-12,3.5837602044058333e-06,3.96815849033182e-06,0.012114053138437515,0.014312704095094882,0.2562705897750549,0.5286381627829423,0.03305293601720168,0.1071268113053889,9.439482553623145e-08,2.017261961230804e-07,2.758893910392365e-06,6.100692223317077e-06,9.97277310687862e-07,2.35332652161552e-06,1.801094203054206e-05,3.7211558179534054e-05,4.584015600706784e-09,9.811111699875203e-09,1.5919214750407444e-06,3.5253456463735717e-06,3.063670049106323e-11,9.257198102857043e-11,1.4783103982863935e-18,1.5249562882237355e-18,6.333967394904007e-12,7.474227124240216e-12,4.066583033592043e-12,8.691677764911469e-12,1.2793697012811186e-15,2.4514136806048637e-15,1.314222542686647e-08,2.6157565381202587e-08,2.4985211255362476e-19,7.5502777959486485e-19,0.006318327875287446,0.013035386662567844,3.398885868203758e-31,1.0000000000001244e-30,5.29238277780627e-10,1.7187271085132327e-09,2.813152546865767e-11,8.917900652872046e-11
1.464,1355.0447661791595,5.1154164464813565,0.17142234300632017,10.04527232781757,0.4935653168219492,0.07327972028445874,7.188118553499069e-06,5.336105465874534e-07,1.4696473380911423e-12,1.7316280492986482e-12,2.7061492012626613e-13,6.377099785830314e-13,1.22849550919572e-07,1.5386857302994801e-07,0.1986458145204279,0.2635495788541973,2.0457810465769678e-15,4.972796501739858e-15,3.0242182730273076e-13,7.575642673801102e-13,1.44386283573152e-12,1.491555357041671e-12,3.5811427180510562e-06,3.965278568983573e-06,0.012111715074959523,0.014310007795098428,0.25627045197556153,0.5286403208532452,0.033054056956528834,0.10713093929216982,9.436193121019199e-08,2.0165683105328971e-07,2.7589501981202174e-06,6.100844877330702e-06,9.967683369752967e-07,2.3521363370879897e-06,1.7994434796437326e-05,3.7177625122493104e-05,4.5791649416513336e-09,9.800775174200725e-09,1.591017271277966e-06,3.5233595449190344e-06,3.060292908251382e-11,9.24703644149222e-11,1.4776950143464453e-18,1.5243285291737902e-18,6.330866751170007e-12,7.470602807637186e-12,4.064211231812003e-12,8.68664854632857e-12,1.2784288111350957e-15,2.4496221484288184e-15,1.3142167781938978e-08,2.6157571496200944e-08,2.4966683902003794e-19,7.544713874076441e-19,0.006318298684536936,0.013035386662572656,3.3988701653090567e-31,1.0000000000001244e-30,5.287479555697404e-10,1.7171426964496657e-09,2.811072930041754e-11,8.911349285000794e-11
1.465,1354.9925792383015,5.115556809195684,0.1714176394508211,10.051106033165535,0.4935712298051958,0.07328093628582477,7.184340567279265e-06,5.333325481453294e-07,1.4678462283735318e-12,1.729513851617557e-12,2.7027593659056723e-13,6.369140950278625e-13,1.2276248929437793e-07,1.5376023810236513e-07,0.19864130812949785,0.2635448160147372,2.043192388153081e-15,4.966527016585764e-15,3.021483941786993e-13,7.568828116503777e-13,1.4418297615725809e-12,1.4894620000078087e-12,3.578528494121808e-06,3.9624022085105465e-06,0.012109380186260128,0.014307315131286212,0.25627031250855586,0.5286424721810735,0.03305517822466528,0.10713506770943258,9.432905634500258e-08,2.015875056646813e-07,2.759006432511233e-06,6.100997376465062e-06,9.962599562915573e-07,2.350947526200397e-06,1.797795371883304e-05,3.7143745559663174e-05,4.574322374973699e-09,9.790455811656583e-09,1.5901143870881296e-06,3.521376325230922e-06,3.05692097083457e-11,9.236890351052383e-11,1.4770797985386617e-18,1.5237009281854596e-18,6.327768678186928e-12,7.466981444186879e-12,4.061841471475094e-12,8.681623590011467e-12,1.2774888852670164e-15,2.4478324319938622e-15,1.314211021708012e-08,2.6157577606216136e-08,2.4948174676876786e-19,7.539155331626585e-19,0.006318269533497924,0.013035386662577407,3.39885448377679e-31,1.000000000000121e-30,5.282585021567603e-10,1.7155610804529553e-09,2.808995990148523e-11,8.90480628677182e-11
1.466,1354.940410198834,5.1156971567556875,0.17141293666121074,10.056939898563783,0.4935771366067247,0.0732821509208278,7.180565580009325e-06,5.330547664228817e-07,1.466047859019534e-12,1.7274028524829405e-12,2.6993748465936113e-13,6.361194528867525e-13,1.2267551584705004e-07,1.5365201165454e-07,0.19863680601348654,0.26354005714958845,2.0406078103504746e-15,4.96026736154867e-15,3.018752955144777e-13,7.562021827149076e-13,1.4398003693152907e-12,1.4873724178798714e-12,3.5759175261919476e-06,3.959529401945037e-06,0.012107048466706516,0.014304626097264104,0.256270171375567,0.5286446167753606,0.033056299822470214,0.10713919656108847,9.429620091632725e-08,2.0151821990935794e-07,2.759062613653873e-06,6.1011497209790005e-06,9.957521675494293e-07,2.349760086454864e-06,1.7961498740690118e-05,3.710991937499124e-05,4.569487882299629e-09,9.78015357345758e-09,1.5892128198669787e-06,3.5193959816586184e-06,3.053554225452429e-11,9.226759797590363e-11,1.4764647508370641e-18,1.523073485263003e-18,6.324673169196579e-12,7.463363026107008e-12,4.059473749543504e-12,8.67660288971802e-12,1.2765499221016286e-15,2.4460445283678355e-15,1.3142052732149732e-08,2.61575837112616e-08,2.4929683557598796e-19,7.533602162098713e-19,0.0063182404220997876,0.013035386662582202,3.3988388235689576e-31,1.0000000000001183e-30,5.277699154949801e-10,1.713982253963927e-09,2.8069217217228906e-11,8.898271641204943e-11
1.467,1354.8882590280778,5.115837489200927,0.17140823463605884,10.062773923995078,0.4935830372361895,0.07328336419167643,7.1767935870051315e-06,5.327772010865439e-07,1.4642522243197389e-12,1.7252950452707139e-12,2.6959956318192114e-13,6.353260494871519e-13,1.2258863042596725e-07,1.5354389350181373e-07,0.1986323081661152,0.2635353022535033,2.0380273043237003e-15,4.954017515436077e-15,3.016025306835502e-13,7.555223790369245e-13,1.4377746500143968e-12,1.4852866015250758e-12,3.5733098076691898e-06,3.956660142134841e-06,0.012104719910692199,0.014301940686668187,0.25627002858088216,0.5286467546507111,0.033057421748035644,0.10714332584207631,9.426336489609542e-08,2.014489737314283e-07,2.759118741650458e-06,6.101301911161801e-06,9.952449695894928e-07,2.3485740151828864e-06,1.794506980100398e-05,3.707614644422418e-05,4.564661444211804e-09,9.76986841858385e-09,1.588312566774161e-06,3.5174185080282322e-06,3.050192660583047e-11,9.216644746799055e-11,1.475849871217193e-18,1.5224462004121579e-18,6.3215802224168724e-12,7.459747551486622e-12,4.057108062743038e-12,8.671586438700045e-12,1.275611919990578e-15,2.444258434478214e-15,1.3141995327002978e-08,2.6157589811340504e-08,2.4911210523086953e-19,7.528054359384403e-19,0.006318211350272072,0.013035386662587021,3.39882318464767e-31,1.0000000000001192e-30,5.272821934065353e-10,1.7124062099970972e-09,2.804850119185319e-11,8.891745330949881e-11
1.468,1354.836125695139,5.115977806565553,0.1714035333741166,10.06860810944222,0.4935889317054358,0.07328457610090239,7.17302458351265e-06,5.324998517975148e-07,1.4624593185301035e-12,1.7231904233155887e-12,2.69262171021128e-13,6.345338821884243e-13,1.2250183287761483e-07,1.53435883457138e-07,0.19862781457889522,0.26353055131829295,2.0354508613152558e-15,4.94777745726806e-15,3.0133009904483207e-13,7.548433990430416e-13,1.4357525947120425e-12,1.4832045417971655e-12,3.5707053319247075e-06,3.953794421886763e-06,0.01210239451263007,0.014299258893156582,0.2562698841265602,0.5286488858171157,0.0330585440016816,0.10714745555455277,9.423054825386953e-08,2.013797670699303e-07,2.759174816589628e-06,6.10145394727231e-06,9.94738361175499e-07,2.3473893095344243e-06,1.792866683548105e-05,3.704242663630643e-05,4.559843040494801e-09,9.759600304305122e-09,1.5874136247588883e-06,3.515443897699416e-06,3.046836264681703e-11,9.206545164300469e-11,1.475235159742577e-18,1.521819073729343e-18,6.318489832550722e-12,7.456135014266333e-12,4.05474440776867e-12,8.66657423014265e-12,1.2746748772780208e-15,2.4424741472378344e-15,1.314193800149892e-08,2.6157595906462915e-08,2.4892755533944515e-19,7.522511911840022e-19,0.006318182317944532,0.013035386662591835,3.3988075669751325e-31,1.0000000000001185e-30,5.26795333596948e-10,1.7108329411879032e-09,2.8027811768871632e-11,8.885227338436053e-11
1.469,1354.78401016934,5.116118108883129,0.17139883287415522,10.07444245488805,0.4935948200265152,0.0732857866510669,7.1692585649349145e-06,5.322227182286174e-07,1.4606691359800893e-12,1.7210889800385224e-12,2.6892530704959735e-13,6.337429483727341e-13,1.224151230512569e-07,1.533279813369302e-07,0.19862332524313253,0.2635258043354909,2.0328784726681125e-15,4.941547166307811e-15,3.010579999702621e-13,7.541652411923941e-13,1.4337341945362733e-12,1.4811262296381986e-12,3.568104092416853e-06,3.950932234103685e-06,0.012100072266940293,0.014296580710395388,0.2562697380144315,0.5286510102840848,0.033059666583949134,0.10715158570138916,9.419775096106377e-08,2.0131059986785e-07,2.759230838559422e-06,6.101605829567956e-06,9.942323411183426e-07,2.346205966770492e-06,1.7912289782192102e-05,3.7008759825060863e-05,4.55503265155531e-09,9.749349189220615e-09,1.5865159909102662e-06,3.5134721443412523e-06,3.04348502629803e-11,9.196461015999896e-11,1.4746206164525341e-18,1.5211921052859442e-18,6.31540199367713e-12,7.452525407649995e-12,4.05238278140621e-12,8.661566257424447e-12,1.273738792338286e-15,2.4406916636171035e-15,1.31418807554977e-08,2.6157601996640585e-08,2.4874318557048357e-19,7.516974809717022e-19,0.00631815332504705,0.013035386662596654,3.3987919705136304e-31,1.0000000000001187e-30,5.263093338534493e-10,1.7092624404368062e-09,2.8007148892577008e-11,8.878717646338818e-11
1.47,1354.7319124174905,5.116258396195277,0.17139413313467627,10.080276960315457,0.4936007022080958,0.07328699584422702,7.165495527032316e-06,5.319458000791632e-07,1.458881671182591e-12,1.7189907090762305e-12,2.6858897013587804e-13,6.329532454125153e-13,1.223285008038048e-07,1.5322018696716983e-07,0.1986188401535154,0.2635210613011108,2.030310129757969e-15,4.935326621896922e-15,3.0078623287671375e-13,7.534879040565715e-13,1.4317194407947092e-12,1.4790516561753047e-12,3.565506082814006e-06,3.948073571920551e-06,0.012097753168040933,0.014293906132047472,0.2562695902496742,0.5286531280680219,0.03306078949202139,0.10715571627457066,9.416497299577237e-08,2.0124147208243855e-07,2.7592868076687343e-06,6.101757558352138e-06,9.937269084276914e-07,2.345023984620958e-06,1.789593858826828e-05,3.697514590302344e-05,4.550230260085463e-09,9.739115036819098e-09,1.5856196628766394e-06,3.5115032428609055e-06,3.040138934198392e-11,9.186392268455627e-11,1.4740062412066561e-18,1.5205652949678698e-18,6.3123167053409574e-12,7.44891873129092e-12,4.0500231806346634e-12,8.656562514336247e-12,1.2728036636072452e-15,2.438910980704088e-15,1.314182358885402e-08,2.6157608081873744e-08,2.4855899591431696e-19,7.51144305298366e-19,0.00631812437150964,0.013035386662601414,3.3987763952255188e-31,1.0000000000001157e-30,5.258241922817473e-10,1.7076947016782202e-09,2.7986512509733035e-11,8.872216238115717e-11
1.471,1354.679832409165,5.116398668535085,0.17138943415446736,10.086111625707366,0.4936065782622741,0.07328820368294672,7.161735465041971e-06,5.316690970095753e-07,1.4570969184214731e-12,1.716895603795182e-12,2.682531591530353e-13,6.321647706906966e-13,1.2224196598204483e-07,1.5311250016113758e-07,0.19861435930128318,0.26351632220658167,2.0277458238976077e-15,4.929115803222875e-15,3.0051479712318467e-13,7.52811386062071e-13,1.4297083245944731e-12,1.4769808123280497e-12,3.562911296518182e-06,3.945218428176858e-06,0.012095437210387007,0.014291235151818554,0.25626944083399983,0.5286552391781629,0.03306191272654669,0.10715984727731052,9.413221432699635e-08,2.0117238365150242e-07,2.7593427240035545e-06,6.101909133877441e-06,9.93222061854635e-07,2.343843360205272e-06,1.7879613188969398e-05,3.6941584738195795e-05,4.5454358457987855e-09,9.728897804211977e-09,1.5847246375692158e-06,3.509537186532681e-06,3.03679797691782e-11,9.17633888752502e-11,1.4733920340880283e-18,1.5199386428915016e-18,6.309233961775621e-12,7.44531497857405e-12,4.047665602149783e-12,8.651562994062677e-12,1.2718694894343132e-15,2.437132095420913e-15,1.3141766501428615e-08,2.6157614162173832e-08,2.4837498594108676e-19,7.505916628909324e-19,0.0063180954572626,0.013035386662606237,3.39876084107329e-31,1.0000000000001153e-30,5.253399065732459e-10,1.7061297175007002e-09,2.7965902564061162e-11,8.865723096258665e-11
1.472,1354.6277701140802,5.116538925935417,0.17138473593232412,10.091946451046741,0.4936124482011673,0.07328941016979064,7.157978374074598e-06,5.313926086708481e-07,1.455314871940739e-12,1.7148036575144851e-12,2.6791787297286695e-13,6.313775215870693e-13,1.2215551843079735e-07,1.530049207296344e-07,0.19860988267764124,0.2635115870432778,2.02518554636569e-15,4.9229146893890194e-15,3.002436920586205e-13,7.521356856100918e-13,1.4277008370150865e-12,1.4749136889870336e-12,3.5603197268821507e-06,3.942366795657046e-06,0.012093124388451488,0.014288567763434698,0.25626928976906144,0.5286573436236058,0.033063036288229826,0.10716397871300136,9.409947492195717e-08,2.0110333450903193e-07,2.7593985876486395e-06,6.102060556393522e-06,9.92717800105579e-07,2.3426640905371968e-06,1.786331351743935e-05,3.6908076194200634e-05,4.5406493878812315e-09,9.718697447379242e-09,1.5838309117663075e-06,3.5075739683361295e-06,3.033462142965672e-11,9.166300838985878e-11,1.4727779952111052e-18,1.5193121492054956e-18,6.3061537571113265e-12,7.441714142761887e-12,4.045310042577866e-12,8.646567689639097e-12,1.2709362681488953e-15,2.435355004651075e-15,1.3141709493082568e-08,2.6157620237552067e-08,2.4819115519123204e-19,7.500395523864835e-19,0.006318066582236362,0.013035386662611058,3.398745308019526e-31,1.0000000000001148e-30,5.248564743470096e-10,1.7045674802575e-09,2.7945318998800165e-11,8.859238203105327e-11
1.473,1354.575725499607,5.116679168436543,0.17138003846679406,10.097781436316591,0.49361831203383194,0.07329061530686859,7.1542242500511825e-06,5.31116334774098e-07,1.4535355263484491e-12,1.7127148639818753e-12,2.675831104809545e-13,6.305914955137747e-13,1.2206915801009777e-07,1.528974485025053e-07,0.19860541027686887,0.2635068558066496,2.0226292886905217e-15,4.9167232601045006e-15,2.9997291711356725e-13,7.514608013061563e-13,1.4256969694962291e-12,1.472850277414522e-12,3.5577313676864505e-06,3.9395186676188094e-06,0.0120908146966884,0.01428590396059911,0.25626913705955257,0.5286594414197173,0.03306416017471937,0.10716811057512951,9.406675476033223e-08,2.010343246156307e-07,2.7594543987102053e-06,6.10221182619747e-06,9.922141222312633e-07,2.341486173442903e-06,1.7847039522983177e-05,3.6874620168045796e-05,4.5358708696255774e-09,9.70851393108912e-09,1.5829384832380193e-06,3.5056135834469062e-06,3.030131421259196e-11,9.156278089846856e-11,1.4721641244234832e-18,1.5186858137831756e-18,6.303076090055086e-12,7.43811622251747e-12,4.042956498994811e-12,8.641576595061303e-12,1.2700039982222854e-15,2.433579705549735e-15,1.3141652563672551e-08,2.6157626308010705e-08,2.4800750367708006e-19,7.49487973848092e-19,0.006318037746361399,0.013035386662615818,3.3987297960268395e-31,1.0000000000001124e-30,5.243738937845376e-10,1.7030079841281656e-09,2.7924761761665395e-11,8.852761542411563e-11
1.474,1354.5236985371644,5.116819396066247,0.1713753417568435,10.103616581499956,0.49362416977437146,0.0732918190970368,7.15047308796318e-06,5.308402749613871e-07,1.4517588758466168e-12,1.7106292164662417e-12,2.6724887056242234e-13,6.298066898817231e-13,1.219828845622993e-07,1.527900832874293e-07,0.1986009420881672,0.2635021284853982,2.020077042226284e-15,4.9105414946539804e-15,2.9970247161985713e-13,7.507867315083805e-13,1.423696713107929e-12,1.47079056849045e-12,3.555146212236137e-06,3.936674036792789e-06,0.012088508129603754,0.014283243737075468,0.2562689827050776,0.5286615325713439,0.03306528438875879,0.10717224287369048,9.403405380636908e-08,2.0096535389891253e-07,2.7595101572600665e-06,6.102362943510055e-06,9.917110268486746e-07,2.340309605724719e-06,1.7830791134855283e-05,3.684121651530449e-05,4.531100269276909e-09,9.698347209303656e-09,1.5820473485124698e-06,3.5036560242896935e-06,3.026805800293008e-11,9.146270605837504e-11,1.47155042193409e-18,1.5180596368705175e-18,6.3000009514171615e-12,7.434521207184422e-12,4.040604967969046e-12,8.63658970323954e-12,1.2690726779693695e-15,2.431806194972048e-15,1.3141595713063742e-08,2.615763237356783e-08,2.4782403075545644e-19,7.489369253577956e-19,0.00631800894956852,0.013035386662620586,3.3987143050580006e-31,1.0000000000001124e-30,5.23892162368618e-10,1.7014512210226833e-09,2.7904230795120718e-11,8.846293096267132e-11
1.475,1354.4716891928438,5.116959608869167,0.17137064580087433,10.10945188657993,0.49363002142991985,0.0732930215421155,7.146724883812328e-06,5.305644289497433e-07,1.4499849151129927e-12,1.708546708796681e-12,2.6691515210045383e-13,6.290231020971117e-13,1.218966979499427e-07,1.526828249173563e-07,0.19859647810772207,0.2634974050774865,2.0175287984945726e-15,4.9043693727279865e-15,2.9943235502404363e-13,7.501134748621668e-13,1.4217000593745428e-12,1.4687345535636897e-12,3.552564254388602e-06,3.93383289652078e-06,0.012086204681673903,0.014280587086591752,0.25626882671218554,0.5286636170976486,0.03306640892613157,0.1071763755961192,9.400137204178991e-08,2.0089642232382784e-07,2.759565863415183e-06,6.102513908651786e-06,9.912085130782987e-07,2.339134385372969e-06,1.7814568305468727e-05,3.680786513939282e-05,4.526337570921431e-09,9.688197248485162e-09,1.581157505549048e-06,3.5017012864585325e-06,3.023485269094577e-11,9.136278354295739e-11,1.4709368875193658e-18,1.5174336182672806e-18,6.296928342982432e-12,7.430929099056774e-12,4.038255446619423e-12,8.6316070082599e-12,1.2681423058778617e-15,2.4300344701040967e-15,1.3141538941110482e-08,2.6157638434219442e-08,2.476407365820947e-19,7.483864074118918e-19,0.006317980191788594,0.013035386662625324,3.3986988350758255e-31,1.0000000000001117e-30,5.234112783921203e-10,1.6998971854816132e-09,2.788372604786124e-11,8.839832848736162e-11
1.476,1354.419697437781,5.117099806874249,0.17136595059781448,10.115287351539633,0.4936358670139711,0.07329422264486735,7.142979632691641e-06,5.302887963886915e-07,1.4482136384179092e-12,1.7064673343218521e-12,2.665819539861762e-13,6.282407295847147e-13,1.2181059801773333e-07,1.5257567320288057e-07,0.19859201832533319,0.26349268557239663,2.014984548910323e-15,4.898206873756636e-15,2.991625666703542e-13,7.494410297564731e-13,1.4197069994548747e-12,1.4666822236050421e-12,3.5499854875269577e-06,3.930995239618911e-06,0.012083904347428365,0.014277934002938033,0.25626866908102075,0.528665695004569,0.03306753378902444,0.1071805087506021,9.396870943235433e-08,2.0082752982120166e-07,2.759621517250491e-06,6.102664721850093e-06,9.90706579583124e-07,2.3379605092981286e-06,1.7798370966273225e-05,3.6774565900406787e-05,4.521582753383873e-09,9.678064003832276e-09,1.5802689510049177e-06,3.4997493626631225e-06,3.020169816265045e-11,9.126301301269357e-11,1.470323521353886e-18,1.516807758183869e-18,6.2938582566195405e-12,7.427339888726053e-12,4.035907931573232e-12,8.626628503157065e-12,1.2672128802842436e-15,2.4282645278419062e-15,1.3141482247677493e-08,2.6157644489981532e-08,2.4745762055957796e-19,7.4783641823054215e-19,0.006317951472952716,0.013035386662630096,3.3986833860432332e-31,1.000000000000112e-30,5.229312394156257e-10,1.6983458696669167e-09,2.7863247463146223e-11,8.833380782158369e-11
1.477,1354.3677232404434,5.117239990118974,0.17136125614630612,10.121122976362237,0.49364170653646905,0.07329542240752598,7.139237330176967e-06,5.300133769635616e-07,1.4464450402662108e-12,1.704391086666372e-12,2.6624927511006055e-13,6.274595697676168e-13,1.2172458462019055e-07,1.524686279668726e-07,0.1985875627343494,0.2634879699643122,2.0124442849693524e-15,4.8920539773655244e-15,2.988931059589932e-13,7.487693947203782e-13,1.4177175247371403e-12,1.4646335698218795e-12,3.547409905305966e-06,3.928161059203626e-06,0.012081607121388907,0.01427528447989445,0.256268509815253,0.5286677663053004,0.033068658976093276,0.1071846423338786,9.393606595226303e-08,2.0075867633988798e-07,2.7596771188636414e-06,6.102815383382484e-06,9.902052252712361e-07,2.3367879749888585e-06,1.7782199059987078e-05,3.674131868171842e-05,4.5168357983350995e-09,9.667947436633425e-09,1.5793816822325723e-06,3.497800247152663e-06,3.016859430676721e-11,9.11633941362371e-11,1.4697103234003539e-18,1.5161820566120434e-18,6.290790689629847e-12,7.423753573194282e-12,4.03356241972106e-12,8.621654181527766e-12,1.2662843996084914e-15,2.426496365241232e-15,1.314142563262439e-08,2.6157650540859173e-08,2.472746825118135e-19,7.472869573070929e-19,0.006317922792992107,0.01303538666263487,3.3986679579232343e-31,1.0000000000001132e-30,5.224520433943836e-10,1.696797267021985e-09,2.7842794987311956e-11,8.826936879847815e-11
1.478,1354.3157665705203,5.117380158637148,0.17135656244511493,10.126958761030947,0.49364754000883404,0.07329662083254244,7.135497971838686e-06,5.297381703592368e-07,1.4446791151596126e-12,1.7023179594508014e-12,2.659171143739269e-13,6.266796200955055e-13,1.21638657611333e-07,1.5236168903155982e-07,0.19858311132663484,0.2634832582454388,2.0099079982504634e-15,4.885910663380852e-15,2.986239722841199e-13,7.480985682677101e-13,1.4157316266242897e-12,1.4625885834363724e-12,3.5448375013792915e-06,3.925330348389668e-06,0.012079312998092138,0.01427263851125794,0.25626834891704464,0.5286698310099152,0.033069784487497186,0.10718877634755758,9.390344157464775e-08,2.0068986182644523e-07,2.759732668343286e-06,6.102965893506415e-06,9.897044490128137e-07,2.3356167798441523e-06,1.7766052527792644e-05,3.670812336351971e-05,4.5120966870865116e-09,9.657847507405605e-09,1.5784956964830943e-06,3.4958539339513734e-06,3.013554101212527e-11,9.10639265825436e-11,1.4690972936724954e-18,1.5155565135961262e-18,6.287725636859565e-12,7.420170146565641e-12,4.031218907956467e-12,8.616684036974361e-12,1.2653568622733777e-15,2.4247299793629233e-15,1.3141369095813485e-08,2.6157656586862107e-08,2.4709192214872765e-19,7.467380237903545e-19,0.006317894151838153,0.013035386662639595,3.398652550678917e-31,1.0000000000001111e-30,5.219736882287049e-10,1.6952513708114464e-09,2.782236856644708e-11,8.820501125038923e-11
1.479,1354.2638273967277,5.117520312465752,0.17135186949290043,10.13279470552901,0.4936533674410801,0.07329781792215749,7.131761553210148e-06,5.294631762578144e-07,1.4429158576069594e-12,1.7002479463037442e-12,2.6558547067303684e-13,6.259008780024739e-13,1.215528168452949e-07,1.522548562192992e-07,0.1985786640954547,0.263478550409835,2.007375680274866e-15,4.879776911487725e-15,2.9835516504330804e-13,7.474285489207486e-13,1.4137492965320048e-12,1.4605472556834282e-12,3.5422682694044666e-06,3.922503100295603e-06,0.01207702197208838,0.014269996090840953,0.25626818638992915,0.5286718891313028,0.033070910322015,0.10719291078877191,9.387083627291251e-08,2.006210862280041e-07,2.759788165785592e-06,6.103116252495848e-06,9.892042496973523e-07,2.3344469213083906e-06,1.774993131159537e-05,3.667497982749035e-05,4.507365401127395e-09,9.64776417704458e-09,1.5776109910527506e-06,3.4939104171831697e-06,3.010253816781451e-11,9.096461002133853e-11,1.4684844321508672e-18,1.5149311291461556e-18,6.28466309552032e-12,7.416589605735217e-12,4.028877393149627e-12,8.611718063048552e-12,1.2644302666957538e-15,2.4229653672562345e-15,1.3141312637105281e-08,2.615766262799587e-08,2.469093392516097e-19,7.46189617044729e-19,0.006317865549422441,0.013035386662644347,3.3986371642734756e-31,1.0000000000001104e-30,5.214961718467707e-10,1.6937081743901195e-09,2.780196814687207e-11,8.814073501038535e-11
1.48,1354.2119056895694,5.11766045163636,0.17134717728850354,10.13863080983971,0.4936591888453915,0.07329901367893166,7.128028069492204e-06,5.291883943166628e-07,1.441155261976557e-12,1.6981810406878215e-12,2.6525434290648296e-13,6.251233409314962e-13,1.214670621698612e-07,1.5214812934447772e-07,0.19857422103188388,0.2634738464486434,2.0048473225307884e-15,4.8736527012899116e-15,2.980866835977833e-13,7.467593351106033e-13,1.411770525757438e-12,1.4585095776750683e-12,3.539702202874092e-06,3.919679307856845e-06,0.012074734037955719,0.014267357212487909,0.25626802223522954,0.5286739406777747,0.03307203648063554,0.10719704566181408,9.383825001464977e-08,2.0055234947926218e-07,2.7598436112719795e-06,6.103266460591931e-06,9.887046260496217e-07,2.333278396436984e-06,1.7733835345768246e-05,3.66418879397396e-05,4.502641920064957e-09,9.637697402415524e-09,1.57672756276732e-06,3.4919696899295643e-06,3.006958566155949e-11,9.086544411820257e-11,1.4678717389589202e-18,1.514305903419499e-18,6.281603059424416e-12,7.41301194358593e-12,4.026537871991233e-12,8.60675625291761e-12,1.2635046112382814e-15,2.4212025258662997e-15,1.3141256256363866e-08,2.615766866427226e-08,2.467269333376461e-19,7.456417356363849e-19,0.006317836985676734,0.013035386662649109,3.3986217986702015e-31,1.0000000000001097e-30,5.210194919142733e-10,1.6921676702599675e-09,2.778159367301542e-11,8.807653990552492e-11
1.481,1354.1600014170194,5.117800576188534,0.17134248583049802,10.14446707394638,0.49366500423067006,0.07330020810493786,7.124297516818932e-06,5.289138242624047e-07,1.4393973230499112e-12,1.6961172365522179e-12,2.649237299901065e-13,6.243470063648915e-13,1.2138139345019064e-07,1.5204150824323188e-07,0.19856978213029844,0.26346914635738466,2.0023229168000335e-15,4.8675380131038345e-15,2.97818527401292e-13,7.460909255000745e-13,1.4097953060050084e-12,1.4564755409436748e-12,3.537139295769178e-06,3.916858964549254e-06,0.012072449190247836,0.014264721870013939,0.2562678564575392,0.5286759856643863,0.033073162961062864,0.10720118096032925,9.380568278168819e-08,2.0048365154533634e-07,2.7598990049073402e-06,6.103416518087701e-06,9.88205577185749e-07,2.332111203208758e-06,1.771776458304287e-05,3.660884760430373e-05,4.497926228165247e-09,9.627647150353806e-09,1.5758454095821601e-06,3.4900317477734204e-06,3.003668338568875e-11,9.076642855261248e-11,1.4672592139198048e-18,1.5136808362636832e-18,6.2785455271573335e-12,7.409437158633197e-12,4.024200341690307e-12,8.601798600856202e-12,1.262579894426845e-15,2.419441452450819e-15,1.3141199953448796e-08,2.615767469569388e-08,2.465447044709907e-19,7.450943797844319e-19,0.006317808460532829,0.013035386662653862,3.398606453832415e-31,1.0000000000001099e-30,5.205436467349528e-10,1.6906298529949023e-09,2.7761245094380827e-11,8.801242577894703e-11
1.482,1354.1081145503426,5.11794068615176,0.1713377951177952,10.150303497832379,0.49367081360979836,0.07330140120283653,7.120569890074754e-06,5.286394657288359e-07,1.4376420350839748e-12,1.6940565272276089e-12,2.6459363082173457e-13,6.235718717423694e-13,1.2129581052876376e-07,1.5193499272327226e-07,0.1985653473810503,0.2634644501262265,1.9998024545009885e-15,4.861432826361255e-15,2.9755069578685373e-13,7.454233184493976e-13,1.4078236284874735e-12,1.454445136513237e-12,3.534579541447626e-06,3.914042063158119e-06,0.01207016742358178,0.01426209005730798,0.25626768905741165,0.5286780240978332,0.033074289765046325,0.10720531669106935,9.377313453682755e-08,2.0041499235065916e-07,2.75995434676666e-06,6.103566425209769e-06,9.8770710170456e-07,2.3309453383814773e-06,1.7701718951914115e-05,3.657585867513342e-05,4.493218303569141e-09,9.617613374581907e-09,1.5749645279546097e-06,3.488096582979476e-06,3.000383122705514e-11,9.066756298747805e-11,1.4666468572533088e-18,1.513055927935311e-18,6.275490491520719e-12,7.405865242566116e-12,4.021864798764635e-12,8.596845099660553e-12,1.2616561145733698e-15,2.4176821438571775e-15,1.3141143728226026e-08,2.6157680722274744e-08,2.463626519976144e-19,7.445475475374398e-19,0.00631777997392286,0.013035386662658615,3.398591129723599e-31,1.0000000000001094e-30,5.20068633772099e-10,1.6890947144388481e-09,2.7740922353993137e-11,8.794839245323743e-11
1.483,1354.0562450584916,5.118080781562865,0.17133310514906097,10.156140081481114,0.49367661699267074,0.07330259297484383,7.11684518514534e-06,5.283653184240556e-07,1.4358893927736408e-12,1.6919989065603854e-12,2.642640443200238e-13,6.227979345526003e-13,1.2121031326646712e-07,1.518285826153519e-07,0.1985609167775014,0.2634597577493273,1.997285927388462e-15,4.855337121310737e-15,2.9728318818444333e-13,7.447565125616067e-13,1.4058554848504303e-12,1.4524183558545265e-12,3.5320229337861307e-06,3.91122859704281e-06,0.012067888732547685,0.01425946176822668,0.2562675200383796,0.5286800559909522,0.03307541689134304,0.10720945285108675,9.37406052578144e-08,2.0034637185160058e-07,2.7600096369469355e-06,6.103716182233386e-06,9.8720919861216e-07,2.3297807996738952e-06,1.7685698400051473e-05,3.654292104579248e-05,4.488518129288197e-09,9.607596039245964e-09,1.5740849155209084e-06,3.486164190423054e-06,2.9971029077371005e-11,9.056884710037735e-11,1.4660346688737823e-18,1.5124311783758399e-18,6.2724379495383e-12,7.402296192055925e-12,4.019531240289157e-12,8.591895743317258e-12,1.2607332701651818e-15,2.415924597268657e-15,1.3141087580557346e-08,2.615768674402036e-08,2.461807758253474e-19,7.440012386419307e-19,0.006317751525778995,0.013035386662663344,3.398575826307269e-31,1.0000000000001078e-30,5.195944511545338e-10,1.6875622485969474e-09,2.7720625400196602e-11,8.788443976783677e-11
1.484,1354.004392909903,5.118220862460433,0.17132841592290265,10.161976824876033,0.4936824143883918,0.07330378342305709,7.113123397862535e-06,5.280913820521289e-07,1.4341393908085803e-12,1.6899443683904316e-12,2.6393496939999973e-13,6.220251922755595e-13,1.2112490152376214e-07,1.5172227774967581e-07,0.1985564903137904,0.2634550692218694,1.9947733271789104e-15,4.84925087810653e-15,2.9701600402337474e-13,7.440905064379795e-13,1.403890866742346e-12,1.4503951904408696e-12,3.5294694666525777e-06,3.908418559552482e-06,0.012065613111750842,0.01425683699664391,0.2562673494047275,0.5286820813581191,0.033076544337951916,0.10721358943497364,9.370809492208096e-08,2.0027779000384873e-07,2.7600648755489974e-06,6.1038657894421465e-06,9.867118669139958e-07,2.3286175848030134e-06,1.766970287498766e-05,3.6510034609556e-05,4.483825688299164e-09,9.597595108415685e-09,1.5732065699086879e-06,3.4842345649600518e-06,2.9938276828465724e-11,9.047028056922429e-11,1.465422648684984e-18,1.5118065875157306e-18,6.269387899660705e-12,7.398730005457292e-12,4.017199663307851e-12,8.586950525746045e-12,1.2598113596813024e-15,2.414168809852377e-15,1.3141031510303584e-08,2.6157692760933676e-08,2.459990758654404e-19,7.434554528546985e-19,0.006317723116033589,0.013035386662668083,3.3985605435470364e-31,1.0000000000001076e-30,5.191210970082009e-10,1.6860324494646847e-09,2.770035418135184e-11,8.78205675622268e-11
1.485,1353.9525580751601,5.118360928876552,0.1713237274381453,10.167813728000622,0.49368820580860734,0.07330497254994768,7.109404523396746e-06,5.278176562679656e-07,1.4323920236031962e-12,1.6878929062328744e-12,2.636064049711635e-13,6.21253642378052e-13,1.2103957514902734e-07,1.5161607794129555e-07,0.19855206798149033,0.26345038453561825,1.9922646454256478e-15,4.843174076505097e-15,2.967491426675706e-13,7.434252985158561e-13,1.4019297655611431e-12,1.4483756314863108e-12,3.526919133587886e-06,3.905611943673669e-06,0.012063340555837146,0.014254215736480497,0.2562671771581534,0.5286841002083498,0.033077672105460434,0.107217726445708,9.367560349666534e-08,2.002092467408624e-07,2.760120062655286e-06,6.104015247078713e-06,9.86215105330376e-07,2.327455690812665e-06,1.7653732310979843e-05,3.647719923226147e-05,4.479140960237182e-09,9.58761053900595e-09,1.5723294879215556e-06,3.482307699620927e-06,2.990557436936681e-11,9.037186306344624e-11,1.4648107968166168e-18,1.5111821555184369e-18,6.266340336581646e-12,7.395166676690577e-12,4.014870064500979e-12,8.582009440088313e-12,1.2588903814891013e-15,2.4124147785611978e-15,1.3140975517329737e-08,2.6157698773024735e-08,2.4581755162385517e-19,7.429101887075912e-19,0.006317694744619237,0.013035386662672769,3.3985452814066424e-31,1.0000000000001045e-30,5.186485689984092e-10,1.6845053095411077e-09,2.7680108642347993e-11,8.775677566487071e-11
1.486,1353.9007405250118,5.118500980842827,0.17131903969363044,10.173650790838403,0.49369399126517893,0.07330616035801878,7.105688557418304e-06,5.275441407635628e-07,1.430647285781969e-12,1.6858445138500652e-12,2.6327834996460786e-13,6.204832823776439e-13,1.2095433399923275e-07,1.5150998301601208e-07,0.19854764977196446,0.2634457036820591,1.9897598739335494e-15,4.837106696873459e-15,2.9648260352256873e-13,7.427608873367427e-13,1.3999721729250984e-12,1.446359670432164e-12,3.5243719283860775e-06,3.902808742672796e-06,0.01206107105944647,0.01425159798164973,0.2562670033001207,0.5286861125501741,0.033078800194679354,0.10722186388699106,9.364313095499543e-08,2.0014074200975044e-07,2.7601751983489656e-06,6.104164555387331e-06,9.857189127448513e-07,2.326295115131771e-06,1.763778665024318e-05,3.644441479618384e-05,4.474463926784726e-09,9.577642292312139e-09,1.5714536668465293e-06,3.4803835885064443e-06,2.987292159148828e-11,9.027359425966627e-11,1.4641991133004493e-18,1.5105578824463391e-18,6.2632952541039365e-12,7.391606198624335e-12,4.01254244083321e-12,8.577072480092864e-12,1.2579703340465535e-15,2.410662500521399e-15,1.3140919601501947e-08,2.6157704780305707e-08,2.4563620279545527e-19,7.42365445303286e-19,0.006317666411468621,0.013035386662677437,3.3985300398498764e-31,1.0000000000001019e-30,5.181768650644281e-10,1.6829808222147548e-09,2.765988873041209e-11,8.769306391163455e-11
1.487,1353.848940229252,5.11864101839402,0.17131435268809414,10.179488013372938,0.49369977076860017,0.07330734684956867,7.101975495606926e-06,5.272708352315754e-07,1.4289051719942935e-12,1.6837991850333612e-12,2.629508033066325e-13,6.197141097804686e-13,1.2086917793221985e-07,1.5140399280070252e-07,0.19854323567793725,0.2634410266544761,1.9872590044717248e-15,4.831048719490607e-15,2.9621638600092155e-13,7.420972714596167e-13,1.3980180804823762e-12,1.4443472987502168e-12,3.5218278448661578e-06,3.9000089498434865e-06,0.012058804617229371,0.01424898372607682,0.2562668278334313,0.5286881183948697,0.033079928605076324,0.10722600175816806,9.361067727136605e-08,2.000722757594642e-07,2.760230282720984e-06,6.10431371462932e-06,9.852232880748653e-07,2.325135855269036e-06,1.7621865836423106e-05,3.6411681186547145e-05,4.469794569983405e-09,9.567690330396397e-09,1.5705791040592157e-06,3.4784622259131967e-06,2.984031838668359e-11,9.017547383581772e-11,1.4635875981263724e-18,1.5099337683185455e-18,6.260252648206652e-12,7.388048566694871e-12,4.010216789271722e-12,8.572139639513174e-12,1.25705121581366e-15,2.408911972862893e-15,1.314086376268447e-08,2.6157710782784365e-08,2.4545502915869764e-19,7.418212219970214e-19,0.006317638116514598,0.013035386662682159,3.3985148188406134e-31,1.0000000000001034e-30,5.177059831976025e-10,1.6814589810429762e-09,2.7639694393196842e-11,8.762943213972316e-11
1.488,1353.7971571565513,5.118781041568621,0.17130966642014808,10.18532539558783,0.49370554432776886,0.07330853202665628,7.09826533367867e-06,5.269977393673139e-07,1.4271656769271357e-12,1.6817569136180232e-12,2.626237639185155e-13,6.189461220806819e-13,1.2078410680726612e-07,1.51298107124026e-07,0.19853882569371986,0.26343635344824895,1.984762028776509e-15,4.825000124554735e-15,2.9595048952544805e-13,7.414344494690671e-13,1.3960674799229913e-12,1.4423385079550727e-12,3.519286876887567e-06,3.897212558523645e-06,0.012056541223847554,0.014246372963699284,0.2562666507624452,0.528690117756911,0.033081057334555665,0.10723014005351308,9.357824242142364e-08,2.0000384794183165e-07,2.760285315871066e-06,6.104462725085209e-06,9.847282302861993e-07,2.323977908847019e-06,1.7605969815249817e-05,3.637899829287653e-05,4.465132872396338e-09,9.557754616435149e-09,1.5697057970648937e-06,3.4765436064245635e-06,2.9807764647386993e-11,9.007750147157063e-11,1.4629762512295927e-18,1.5093098130976618e-18,6.257212517649758e-12,7.384493779619778e-12,4.007893106800882e-12,8.567210912138693e-12,1.2561330252571377e-15,2.407163192728185e-15,1.3140808000739142e-08,2.6157716780462723e-08,2.4527403057668124e-19,7.412775183997644e-19,0.006317609859690183,0.013035386662686872,3.398499618342816e-31,1.0000000000001029e-30,5.172359214642119e-10,1.6799397798261688e-09,2.7619525578954223e-11,8.756588018822964e-11
1.489,1353.7453912785136,5.1189210503960245,0.1713049808887085,10.191162937466718,0.4937113119552269,0.07330971589188003,7.094558066912224e-06,5.267248528335795e-07,1.4254287950741332e-12,1.679717693211149e-12,2.622972307300714e-13,6.181793167924242e-13,1.206991204749377e-07,1.5119232580371484e-07,0.1985344198099612,0.26343168405389145,1.9822689385680873e-15,4.818960892223715e-15,2.956849134678666e-13,7.40772419821562e-13,1.3941203627721123e-12,1.440333289390625e-12,3.516749018084269e-06,3.894419561801029e-06,0.012054280873995444,0.014243765688492638,0.25626647208784337,0.5286921106431702,0.03308218638469864,0.10723427877921649,9.354582637272387e-08,1.9993545849137836e-07,2.760340297875415e-06,6.104611586983386e-06,9.842337381099474e-07,2.322821272934218e-06,1.759009852182012e-05,3.6346365982719364e-05,4.460478813936473e-09,9.547835107930137e-09,1.5688337427024261e-06,3.4746277231475998e-06,2.9775260264083715e-11,8.997967684068765e-11,1.462365072757033e-18,1.5086860169646477e-18,6.254174855422551e-12,7.380941829305877e-12,4.005571390171388e-12,8.562286291258702e-12,1.2552157607728418e-15,2.405416157123745e-15,1.3140752315534035e-08,2.6157722773354596e-08,2.450932065249684e-19,7.407343329511815e-19,0.006317581640928585,0.0130353866626916,3.3984844383205644e-31,1.0000000000001059e-30,5.167666775590065e-10,1.6784232111577153e-09,2.759938223326041e-11,8.750240788775317e-11
1.49,1353.6936425637045,5.119061044915311,0.17130029609236783,10.197000638993286,0.493717073659527,0.07331089844724463,7.090853691226105e-06,5.264521753406408e-07,1.4236945212271003e-12,1.6776815177708615e-12,2.6197120267337285e-13,6.174136914350248e-13,1.206142187984374e-07,1.510866486733157e-07,0.19853001802130965,0.2634270184672183,1.979779725697437e-15,4.812931002972331e-15,2.954196572704913e-13,7.401111811503322e-13,1.3921767208443918e-12,1.4383316346994489e-12,3.514214262439368e-06,3.891629953149591e-06,0.012052023562353319,0.014241161894415036,0.2562662918142735,0.5286940970686929,0.03308331575310842,0.10723841792857172,9.351342910361416e-08,1.9986710736568577e-07,2.760395228836104e-06,6.1047603006093385e-06,9.8373981058583e-07,2.321665945327303e-06,1.7574251905439797e-05,3.631378415297679e-05,4.4558323780998e-09,9.53793177005081e-09,1.5679629386911275e-06,3.4727145711390026e-06,2.9742805130642666e-11,8.988199962713979e-11,1.4617540625961276e-18,1.5080623798326948e-18,6.251139660649906e-12,7.377392714900449e-12,4.00325163648399e-12,8.557365770910108e-12,1.25429942086692e-15,2.4036708632671575e-15,1.3140696706931199e-08,2.6157728761461283e-08,2.449125569666719e-19,7.401916655643627e-19,0.0063175534601630935,0.013035386662696278,3.398469278737961e-31,1.0000000000001033e-30,5.162982496728699e-10,1.6769092692420887e-09,2.7579264305553705e-11,8.743901508112715e-11
1.491,1353.641910984711,5.119201025153039,0.17129561203013777,10.202838500151248,0.4937228294543037,0.07331207969550774,7.087152202061597e-06,5.261797065632975e-07,1.4219628499573172e-12,1.6756483809950597e-12,2.616456786958178e-13,6.166492435637976e-13,1.2052940163100496e-07,1.509810755538803e-07,0.1985256203173073,0.26342235667726166,1.9772943820433645e-15,4.806910437341962e-15,2.951547203152897e-13,7.394507319373242e-13,1.3902365457686504e-12,1.4363335353317294e-12,3.5116826036812155e-06,3.888843725760716e-06,0.012049769283635827,0.014238561575464548,0.2562661099412644,0.5286960770379515,0.03308444544250761,0.10724255751146426,9.348105058295596e-08,1.9979879450205072e-07,2.7604501088228573e-06,6.1049088661768795e-06,9.832464464721024e-07,2.3205119231584805e-06,1.7558429902786008e-05,3.628125267444927e-05,4.451193545242536e-09,9.528044561243897e-09,1.567093381956977e-06,3.470804143698034e-06,2.971039913866899e-11,8.978446950803966e-11,1.461143220899138e-18,1.507438901888141e-18,6.248106924217603e-12,7.373846425826766e-12,4.0009338425876444e-12,8.552449344590912e-12,1.253384003969375e-15,2.4019273082298415e-15,1.314064117480139e-08,2.6157734744800755e-08,2.4473208136884636e-19,7.396495146531087e-19,0.006317525317327231,0.013035386662700984,3.398454139559252e-31,1.000000000000104e-30,5.158306355540758e-10,1.675397946845878e-09,2.7559171742110417e-11,8.737570160114957e-11
1.492,1353.5901965090848,5.119340991151771,0.17129092870049484,10.208676520924366,0.4937285793465479,0.07331325963843874,7.083453595352637e-06,5.259074462128878e-07,1.4202337760954705e-12,1.6736182768869808e-12,2.6132065772664433e-13,6.15885970691123e-13,1.2044466883706179e-07,1.5087560628045177e-07,0.19852122669414932,0.26341769868187465,1.9748128994353966e-15,4.8008991757531244e-15,2.948901020534494e-13,7.387910708377989e-13,1.3882998294135281e-12,1.4343389829850218e-12,3.5091540358337015e-06,3.886060873152612e-06,0.012047518032546492,0.014235964725625406,0.25626592647496077,0.5286980505690546,0.03308557544899093,0.10724669751629294,9.344869079006475e-08,1.9973051986010339e-07,2.760504937946124e-06,6.105057283989749e-06,9.82753644847682e-07,2.3193592043165337e-06,1.7542632464850036e-05,3.624877144750852e-05,4.44656229929295e-09,9.518173447600362e-09,1.5662250703214291e-06,3.4688964361068817e-06,2.9678042182776434e-11,8.968708616957439e-11,1.4605325475074484e-18,1.5068155829965297e-18,6.245076647729396e-12,7.370302964156598e-12,3.998618005590076e-12,8.547537006351563e-12,1.2524695085912744e-15,2.4001854892383162e-15,1.314058571900487e-08,2.6157740723369447e-08,2.445517797904928e-19,7.391078804201694e-19,0.006317497212354642,0.013035386662705734,3.3984390207487407e-31,1.000000000000108e-30,5.153638334550536e-10,1.6738892383728284e-09,2.753910449295284e-11,8.731246729248423e-11
1.493,1353.5384991082433,5.11948094294207,0.17128624610231727,10.214514701296435,0.4937343233481288,0.07331443827852921,7.0797578666182195e-06,5.256353939699018e-07,1.4185072942785083e-12,1.6715911992212016e-12,2.6099613871142584e-13,6.15123870367743e-13,1.2036002027221807e-07,1.507702406770199e-07,0.19851683714313237,0.2634130444724016,1.972335269749714e-15,4.794897198738667e-15,2.9462580188190246e-13,7.381321963709869e-13,1.3863665634874284e-12,1.4323479691909243e-12,3.5066285526978186e-06,3.883281388596168e-06,0.012045269803822409,0.0142333713389207,0.2562657414165957,0.5287000176699612,0.03308670577356573,0.10725083794737741,9.34163496957153e-08,1.9966228338120816e-07,2.7605597162855453e-06,6.105205554283371e-06,9.82261404535786e-07,2.318207786086568e-06,1.7526859531198645e-05,3.621634034891325e-05,4.44193862134434e-09,9.508318389140793e-09,1.5653580008869203e-06,3.4669914420548616e-06,2.9645734155603965e-11,8.95898492919455e-11,1.4599220425076155e-18,1.506192423276263e-18,6.242048825116228e-12,7.366762322905935e-12,3.996304122381908e-12,8.542628749777704e-12,1.251555933178338e-15,2.398445403393611e-15,1.3140530339409984e-08,2.6157746697179038e-08,2.443716518019585e-19,7.385667615913692e-19,0.006317469145179111,0.013035386662710398,3.3984239222708073e-31,1.000000000000106e-30,5.148978412274986e-10,1.6723831369247932e-09,2.751906250527189e-11,8.724931199080696e-11
1.494,1353.486818752613,5.119620880557745,0.17128156423437493,10.220353041251293,0.4937400614695156,0.07331561561806153,7.076065011514967e-06,5.253635495250128e-07,1.4167833992197795e-12,1.6695671418619949e-12,2.6067212059534427e-13,6.143629401433466e-13,1.202754557951562e-07,1.506649785714087e-07,0.19851245165694725,0.2634083940420311,1.969861484882873e-15,4.788904486879947e-15,2.9436181921544516e-13,7.374741071007775e-13,1.38443673977951e-12,1.4303604855640824e-12,3.504106148162313e-06,3.88050526545902e-06,0.012043024592206731,0.014230781409380075,0.25626555476876745,0.5287019783514371,0.03308783641586621,0.10725497880458433,9.338402727325916e-08,1.9959408501222769e-07,2.7606144439290967e-06,6.105353677311502e-06,9.817697244375685e-07,2.3170576659374345e-06,1.7511111044945394e-05,3.618395926274502e-05,4.4373224933882665e-09,9.4984793478067e-09,1.5644921709745986e-06,3.465089155715342e-06,2.9613474950778015e-11,8.949275855832185e-11,1.4593117059160788e-18,1.5055694227733458e-18,6.239023452347827e-12,7.3632244974964e-12,3.993992189928433e-12,8.537724568613958e-12,1.2506432762010085e-15,2.396707047843896e-15,1.3140475035883417e-08,2.615775266623738e-08,2.4419169713840527e-19,7.380261573905784e-19,0.006317441115734646,0.013035386662715066,3.3984088440899536e-31,1.0000000000001048e-30,5.144326568479673e-10,1.6708796360088639e-09,2.7499045727275435e-11,8.718623553500777e-11
1.495,1353.4351554137183,5.119760804029277,0.17127688309554942,10.226191540772808,0.49374579372251093,0.07331679165951456,7.072375025642912e-06,5.250919125646566e-07,1.4150620856099269e-12,1.6675460986465363e-12,2.6034860233191453e-13,6.136031775871319e-13,1.20190975263227e-07,1.5055981978975962e-07,0.19850807022694417,0.26340374738216643,1.9673915367826157e-15,4.7829210208817255e-15,2.94098153459237e-13,7.368168015668188e-13,1.3825103500728296e-12,1.4283765237124433e-12,3.5015868160903285e-06,3.877732497080011e-06,0.012040782392457915,0.014228194931050592,0.25626536653271537,0.5287039326214328,0.033088967376881204,0.10725912009216924,9.335172349440351e-08,1.9952592469650037e-07,2.760669120956359e-06,6.105501653309205e-06,9.81278603402891e-07,2.3159088412167417e-06,1.7495386947007044e-05,3.6151628068539986e-05,4.43271389688646e-09,9.488656284403569e-09,1.5636275777634153e-06,3.463189570946389e-06,2.958126446181286e-11,8.939581365151643e-11,1.4587015378058748e-18,1.5049465815921078e-18,6.236000523140314e-12,7.35968948068943e-12,3.9916822051688754e-12,8.532824456548568e-12,1.24973153612323e-15,2.3949704197246507e-15,1.3140419808294317e-08,2.6157758630556648e-08,2.4401191542528084e-19,7.3748606671000225e-19,0.0063174131239553625,0.013035386662719747,3.3983937861707383e-31,1.0000000000001059e-30,5.139682782156868e-10,1.6693787288806559e-09,2.7479054106724095e-11,8.712323776254834e-11
1.496,1353.38350905987,5.119900713397399,0.1712722026843795,10.232030199844898,0.4937515201146386,0.07331796640473005,7.068687904957006e-06,5.248204828015821e-07,1.4133433483246479e-12,1.6655280636297312e-12,2.600255828653351e-13,6.12844580246207e-13,1.201065785416755e-07,1.504547641680878e-07,0.19850369284875435,0.2633991044898844,1.9649254173888457e-15,4.776946781428657e-15,2.938348040662469e-13,7.361602784284383e-13,1.3805873863265453e-12,1.426396075425507e-12,3.4990705505577595e-06,3.874963077033135e-06,0.012038543199330898,0.014225611897974447,0.2562651767139278,0.5287058804966521,0.03309009865334104,0.10726326180058096,9.331943833805611e-08,1.994578023927446e-07,2.760723747473262e-06,6.105649482569684e-06,9.807880405003921e-07,2.314761309788232e-06,1.7479687188112383e-05,3.6119346666103346e-05,4.4281128157545824e-09,9.478849164987858e-09,1.562764219045353e-06,3.461292682963469e-06,2.9549102584408986e-11,8.929901426093193e-11,1.458091538042892e-18,1.5043238996230953e-18,6.232980038160182e-12,7.356157273448718e-12,3.989374165230752e-12,8.527928407671602e-12,1.2488207114685517e-15,2.3932355162853343e-15,1.3140364656505236e-08,2.6157764590135225e-08,2.4383230666668847e-19,7.36946489586196e-19,0.006317385169775521,0.013035386662724415,3.398378748477787e-31,1.0000000000001038e-30,5.135047035750274e-10,1.6678804099165025e-09,2.7459087593989332e-11,8.706031851915763e-11
1.497,1353.3318796653866,5.120040608684124,0.17126752300003054,10.237869018451505,0.4937572406610326,0.0733191398566777,7.06500364453162e-06,5.245492598831191e-07,1.411627181839821e-12,1.6635130303949761e-12,2.59703061155406e-13,6.120871457043152e-13,1.2002226547796518e-07,1.503498115201185e-07,0.19849931951036753,0.26339446535211347,1.962463118599335e-15,4.770981749101909e-15,2.9357177038527856e-13,7.355045360838902e-13,1.3786678401469085e-12,1.4244191321277572e-12,3.4965573451728996e-06,3.872196998374083e-06,0.012036307007632353,0.01422303230425421,0.2562649853102427,0.5287078219779997,0.03309123024963067,0.10726740394507804,9.328717176676034e-08,1.993897180246909e-07,2.7607783235365163e-06,6.105797165277113e-06,9.802980343214763e-07,2.3136150683891174e-06,1.7464011697402582e-05,3.608711491062624e-05,4.423519228524601e-09,9.469057944089741e-09,1.561902091258796e-06,3.45939848398365e-06,2.951698921004914e-11,8.920236006320721e-11,1.4574817069238836e-18,1.5037013772013027e-18,6.229961985968236e-12,7.352627862450316e-12,3.987068066770371e-12,8.523036415065124e-12,1.2479108006163586e-15,2.3915023344988732e-15,1.3140309580391265e-08,2.6157770544995637e-08,2.436528700705906e-19,7.364074236494256e-19,0.006317357253129597,0.013035386662729095,3.3983637309758663e-31,1.0000000000001047e-30,5.130419304157606e-10,1.6663846710414586e-09,2.7439146133918162e-11,8.699747763303812e-11
1.498,1353.2802671950058,5.120180489941646,0.1712628440406585,10.24370799657663,0.4937629553644592,0.07332031201649052,7.061322241336341e-06,5.24278243597283e-07,1.409913581492421e-12,1.6615009935401085e-12,2.593810361600325e-13,6.113308715406164e-13,1.1993803595676688e-07,1.5024496170617399e-07,0.19849495021218255,0.2633898299722466,1.960004632635924e-15,4.765025905269559e-15,2.9330905197444225e-13,7.348495734557334e-13,1.3767517039509617e-12,1.4224456860810145e-12,3.494047194557945e-06,3.869434255281006e-06,0.012034073812100752,0.01422045614391146,0.25626479233185984,0.5287097570918818,0.03309236215775036,0.10727154650077299,9.325492377556241e-08,1.993216715855344e-07,2.7608328492841037e-06,6.105944701795395e-06,9.79808584386806e-07,2.3124701159496137e-06,1.744836044658023e-05,3.605493274524204e-05,4.418933124413388e-09,9.459282599109957e-09,1.5610411934943987e-06,3.4575069720981116e-06,2.948492423972637e-11,8.910585076370684e-11,1.4568720439542295e-18,1.5030790138452195e-18,6.226946374388726e-12,7.349101257104666e-12,3.984763907475767e-12,8.518148474016191e-12,1.247001802267278e-15,2.389770871953631e-15,1.3140254579808269e-08,2.6157776495122038e-08,2.4347360630321444e-19,7.358688709372965e-19,0.006317329373952076,0.01303538666273377,3.3983487336297315e-31,1.0000000000001073e-30,5.125799577121628e-10,1.6648915090020406e-09,2.7419229682688294e-11,8.693471496830835e-11
1.499,1353.2286716250755,5.120320357185954,0.17125816580563075,10.249547134204292,0.4937686642423459,0.07332148288747403,7.057643689685093e-06,5.240074335348594e-07,1.4082025414582976e-12,1.6594919462942492e-12,2.590595068311618e-13,6.105757553200728e-13,1.1985388981208593e-07,1.5014021452308814e-07,0.1984905849398583,0.26338519833410057,1.9575499511985456e-15,4.759079230029645e-15,2.9304664811099124e-13,7.341953887627506e-13,1.3748389690795804e-12,1.4204757284347756e-12,3.4915400919601082e-06,3.866674840408756e-06,0.012031843607599554,0.014217883411114227,0.2562645977742424,0.5287116858342686,0.03309349438445537,0.10727568949060087,9.322269431535814e-08,1.9925366297408655e-07,2.7608873247546618e-06,6.10609209226835e-06,9.793196889742505e-07,2.3113264484665187e-06,1.7432733350185884e-05,3.602279999495874e-05,4.41435447828995e-09,9.449523076733718e-09,1.5601815212788607e-06,3.455618137503864e-06,2.945290756199217e-11,8.900948603017573e-11,1.4562625496719174e-18,1.502456810138563e-18,6.223933188808341e-12,7.34557744034052e-12,3.9824616835847475e-12,8.51326457671076e-12,1.2460937146736262e-15,2.388041125378488e-15,1.3140199654635284e-08,2.615778244054304e-08,2.432945141169461e-19,7.353308277029887e-19,0.006317301532177849,0.013035386662738431,3.398333756404348e-31,1.0000000000001076e-30,5.121187824492868e-10,1.6634009140832958e-09,2.7399338181384526e-11,8.687203034122008e-11
1.5,1353.1770929238078,5.120460210458568,0.17125348829346088,10.255386431318557,0.49377436730174307,0.07332265247139447,7.053967986227499e-06,5.237368294600368e-07,1.4064940569337566e-12,1.6574858830888028e-12,2.587384721454233e-13,6.098217946657174e-13,1.19769826921801e-07,1.500355698226464e-07,0.19848622368948687,0.2633805704353411,1.9550990665893515e-15,4.753141704943464e-15,2.92784558309853e-13,7.335419808191218e-13,1.3729296278498481e-12,1.4185092513468208e-12,3.4890360318393816e-06,3.8639187477549925e-06,0.012029616388907352,0.014215314099930204,0.2562644016432474,0.5287136082225846,0.033094626926081935,0.10727983290372511,9.319048337418673e-08,1.9918569216854705e-07,2.76094175005883e-06,6.106239336999176e-06,9.788313473938127e-07,2.3101840643724964e-06,1.741713037060955e-05,3.599071658365489e-05,4.4097832770806565e-09,9.439779349455052e-09,1.559323073111318e-06,3.4537319769812665e-06,2.9420939076579864e-11,8.89132655641382e-11,1.4556532237911304e-18,1.5018347658151182e-18,6.220922429909144e-12,7.342056413138133e-12,3.980161392621365e-12,8.508384718084061e-12,1.2451865364886482e-15,2.3863130922705355e-15,1.3140144804735978e-08,2.615778838125716e-08,2.431155938221648e-19,7.347932949084738e-19,0.006317273727741693,0.013035386662743093,3.3983187992646375e-31,1.0000000000001092e-30,5.116584032749245e-10,1.6619128819707079e-09,2.7379471584005e-11,8.680942360896129e-11
1.5010000000000001,1353.1255310634906,5.120600049788487,0.17124881150308155,10.261225887903528,0.49378006455467105,0.07332382077075195,7.050295126143832e-06,5.234664310278563e-07,1.404788122502041e-12,1.655482797632324e-12,2.584179310594683e-13,6.090689871533478e-13,1.1968584713708736e-07,1.499310274231636e-07,0.19848186645214339,0.26337594626696115,1.952651970696218e-15,4.7472133105639774e-15,2.92522781943826e-13,7.32889348082818e-13,1.371023672004156e-12,1.4165462463807337e-12,3.486535007921271e-06,3.861165970503406e-06,0.012027392150874689,0.014212748204510975,0.2562642039397002,0.5287155242638442,0.033095759784005994,0.10728397674563975,9.315829091751429e-08,1.9911775909885186e-07,2.760996125270463e-06,6.106386436209383e-06,9.78343558340368e-07,2.3090429606481617e-06,1.7401551441575333e-05,3.595868237596712e-05,4.405219500491847e-09,9.430051374310413e-09,1.5584658457083329e-06,3.4518484833620265e-06,2.938901867675805e-11,8.881718904756214e-11,1.455044066500658e-18,1.5012128810982145e-18,6.217914091275981e-12,7.338538168100802e-12,3.977863031298179e-12,8.503508891335688e-12,1.2442802661148387e-15,2.3845867696460036e-15,1.3140090029981687e-08,2.6157794317276727e-08,2.4293684482720863e-19,7.342562707893137e-19,0.006317245960578714,0.013035386662747702,3.3983038621756863e-31,1.0000000000001066e-30,5.111988178436796e-10,1.6604274051234585e-09,2.7359629836899444e-11,8.674689460445692e-11
1.502,1353.0739860133617,5.120739875214332,0.1712441354331039,10.267065503943346,0.4937857560092327,0.07332498778746487,7.046625105712205e-06,5.231962379748453e-07,1.4030847332231653e-12,1.6534826841949222e-12,2.5809788254844957e-13,6.083173304022524e-13,1.196019503294403e-07,1.4982658716839822e-07,0.198477513222842,0.2633713258251797,1.950208655740896e-15,4.7412940282549295e-15,2.922613184936754e-13,7.322374892822296e-13,1.3691210937504695e-12,1.4145867055807764e-12,3.4840370145009453e-06,3.8584165024682035e-06,0.012025170888320726,0.014210185718970668,0.25626400466833316,0.528717433973121,0.03309689295568063,0.10728812100912236,9.312611692764462e-08,1.9904986373092022e-07,2.7610504504913047e-06,6.1065333901821655e-06,9.778563209711503e-07,2.3079031353652224e-06,1.7385996518377003e-05,3.5926697281098456e-05,4.400663133679441e-09,9.420339120000241e-09,1.5576098371236667e-06,3.4499676524393225e-06,2.935714626108868e-11,8.87212561783977e-11,1.4544350776334177e-18,1.5005911558439851e-18,6.214908172244728e-12,7.335022704618975e-12,3.975566596936172e-12,8.498637090965375e-12,1.243374902145251e-15,2.3828621548861293e-15,1.314003533023817e-08,2.6157800248602864e-08,2.4275826719493003e-19,7.337197555592217e-19,0.006317218230624103,0.013035386662752352,3.398288945102634e-31,1.0000000000001078e-30,5.107400245585609e-10,1.6589444784313508e-09,2.733981289233035e-11,8.668444317937067e-11
1.5030000000000001,1353.0224577477761,5.1208796867588395,0.1712394600826705,10.272905279422183,0.49379144167992645,0.07332615352439839,7.042957920039844e-06,5.229262499505498e-07,1.4013838836527745e-12,1.651485536451966e-12,2.577783255859391e-13,6.075668220278542e-13,1.19518136348155e-07,1.497222488742812e-07,0.19847316399016215,0.2633667090976654,1.947769113722654e-15,4.735383838838083e-15,2.92000167317151e-13,7.315864028374322e-13,1.3672218848353744e-12,1.4126306205141052e-12,3.481542045273856e-06,3.85567033679893e-06,0.012022952596125222,0.014207626637494088,0.2562638038274374,0.5287193373521779,0.03309802644500832,0.10729226570785265,9.309396136739982e-08,1.9898200598901753e-07,2.7611047257796377e-06,6.106680199104346e-06,9.773696338962144e-07,2.3067645853037243e-06,1.73704655311742e-05,3.589476115630798e-05,4.3961141555012616e-09,9.410642541740901e-09,1.5567550438402037e-06,3.4480894765265724e-06,2.9325321722807956e-11,8.862546663848174e-11,1.4538262574772e-18,1.499969590377776e-18,6.2119046622146325e-12,7.331510010354971e-12,3.973272086217409e-12,8.493769310106235e-12,1.2424704429763806e-15,2.381139244995177e-15,1.3139980705381636e-08,2.615780617525642e-08,2.4257986016384665e-19,7.331837469403388e-19,0.00631719053781324,0.013035386662756976,3.398274048010709e-31,1.0000000000001048e-30,5.102820209484893e-10,1.65746409394472e-09,2.732002069597845e-11,8.662206916448624e-11
1.504,1352.9709462323622,5.121019484472265,0.17123478545000403,10.278745214324266,0.4937971215699808,0.07332731798274413,7.039293565902219e-06,5.226564667283555e-07,1.399685569105209e-12,1.649491348972627e-12,2.574592591420277e-13,6.068174596372581e-13,1.1943440507539612e-07,1.4961801239790876e-07,0.19846881875399233,0.2633620960870929,1.945333336911289e-15,4.7294827237919944e-15,2.91739327957369e-13,7.309360876328446e-13,1.3653260377189829e-12,1.4106779834847543e-12,3.4790500948305186e-06,3.852927467636028e-06,0.012020737269109485,0.014205070954196633,0.2562636014265637,0.5287212344260082,0.033099160244607094,0.10729641081893028,9.306182422844704e-08,1.9891418585905805e-07,2.761158951267394e-06,6.106826863325654e-06,9.768834965524065e-07,2.3056273091949424e-06,1.735495844790352e-05,3.586287393691275e-05,4.391572554286402e-09,9.400961615022e-09,1.5559014646999908e-06,3.446213953162268e-06,2.929354496355536e-11,8.85298201350326e-11,1.4532176056117062e-18,1.4993481842943403e-18,6.2089035682384875e-12,7.328000093806078e-12,3.970979496731205e-12,8.488905543830365e-12,1.2415668872869917e-15,2.3794180375181827e-15,1.3139926155270665e-08,2.6157812097223105e-08,2.424016242692354e-19,7.326482465741228e-19,0.006317162882081576,0.013035386662761632,3.3982591708651956e-31,1.0000000000001048e-30,5.098248058600104e-10,1.6559862479934526e-09,2.7300253203563755e-11,8.655977242241009e-11
1.5050000000000001,1352.9194514428305,5.121159268373386,0.17123011153437995,10.284585308633842,0.4938027956953593,0.07332848116558098,7.035632038074983e-06,5.223868879331135e-07,1.3979897840136527e-12,1.6475001152872817e-12,2.571406821925839e-13,6.060692408510405e-13,1.1935075635460964e-07,1.495138775478544e-07,0.19846447750142185,0.263357486779138,1.9429013172613607e-15,4.7235906638276775e-15,2.914787997396724e-13,7.302865420071515e-13,1.3634335440542496e-12,1.4087287859623695e-12,3.4765611567186185e-06,3.850187887964495e-06,0.012018524902193512,0.014202518663309214,0.25626339746246546,0.5287231251931735,0.03310029435990784,0.10730055636098394,9.302970546813901e-08,1.9884640325359556e-07,2.761213127001806e-06,6.106973383008165e-06,9.76397907400562e-07,2.3044913034663374e-06,1.733947519188718e-05,3.583103546603067e-05,4.387038307197481e-09,9.39129629142727e-09,1.555049095753611e-06,3.4443410737015724e-06,2.926181587553931e-11,8.843431634674732e-11,1.4526091224482328e-18,1.4987269380463074e-18,6.205904877719531e-12,7.324492940277787e-12,3.968688824980519e-12,8.484045784886624e-12,1.2406642334210398e-15,2.377698529358228e-15,1.3139871679784092e-08,2.6157818014527528e-08,2.422235584935388e-19,7.32113251408587e-19,0.0063171352633648314,0.013035386662766234,3.398244313631526e-31,1.0000000000001033e-30,5.093683765856177e-10,1.6545109318593156e-09,2.728051035913488e-11,8.649755277873009e-11
1.506,1352.8679733482786,5.121299038501809,0.17122543833437753,10.290425562335205,0.49380846406356776,0.07332964307473244,7.031973333005155e-06,5.221175133137502e-07,1.3962965235488785e-12,1.6455118297952554e-12,2.5682259372589755e-13,6.053221633189457e-13,1.1926719006103768e-07,1.4940984417251364e-07,0.19846014022803632,0.2633528811707519,1.940473047117849e-15,4.7177076406044705e-15,2.9121858216345164e-13,7.296377647350286e-13,1.3615443961979103e-12,1.4067830201434228e-12,3.4740752253623282e-06,3.84745159173969e-06,0.012016315490238823,0.014199969758993401,0.2562631919403588,0.5287250096696994,0.03310142878785984,0.10730470232514863,9.299760507103277e-08,1.9877865814332746e-07,2.7612672530874365e-06,6.10711975844081e-06,9.75912865664328e-07,2.3033565663456204e-06,1.732401572163589e-05,3.579924565948939e-05,4.3825114002461475e-09,9.38164654148184e-09,1.5541979352436322e-06,3.442470834354486e-06,2.9230134359100474e-11,8.833895497688621e-11,1.4520008077765237e-18,1.498105851445004e-18,6.2029085906242566e-12,7.32098854990293e-12,3.966400068385621e-12,8.47919002798444e-12,1.2397624800083633e-15,2.375980717966113e-15,1.3139817278788206e-08,2.6157823927169495e-08,2.4204566301062067e-19,7.315787619927056e-19,0.006317107681598745,0.0130353866627708,3.3982294762751187e-31,1.000000000000099e-30,5.089127316416449e-10,1.6530381407990342e-09,2.726079211619957e-11,8.64354100890183e-11
1.5070000000000001,1352.8165119211676,5.121438794886761,0.1712207658489234,10.296265975412684,0.49381412668622787,0.07333080371263034,7.0283174462212925e-06,5.218483425509533e-07,1.3946057824958536e-12,1.6435264864408552e-12,2.5650499272452886e-13,6.045762246770771e-13,1.1918370605291399e-07,1.4930591209895825e-07,0.19845580692527362,0.2633482792533706,1.9380485186173906e-15,4.711833635274113e-15,2.909586746355159e-13,7.289897543590876e-13,1.3596585861531996e-12,1.4048406778587425e-12,3.4715922947245818e-06,3.844718572405667e-06,0.012014109028157343,0.014197424235469425,0.25626298486129195,0.5287268878629907,0.033102563529581575,0.10730884871607034,9.29655230069167e-08,1.987109504673708e-07,2.7613213295999034e-06,6.107265989848259e-06,9.7542837015862e-07,2.302223095095595e-06,1.730857997678836e-05,3.576750439411241e-05,4.377991814711068e-09,9.372012325577058e-09,1.5533479802333644e-06,3.4406032287186244e-06,2.9198500310551526e-11,8.824373571651836e-11,1.4513926617160091e-18,1.4974849246418173e-18,6.199914700814732e-12,7.317486915609008e-12,3.9641132238635455e-12,8.474338266756662e-12,1.2388616255241455e-15,2.3742646004959734e-15,1.3139762952156081e-08,2.6157829835161208e-08,2.4186793735737506e-19,7.310447769501547e-19,0.006317080136719364,0.013035386662775457,3.3982146587615628e-31,1.000000000000099e-30,5.084578688894875e-10,1.6515678679416693e-09,2.7241098423315054e-11,8.637334419313885e-11
1.508,1352.765067131098,5.121578537566608,0.17121609407663882,10.302106547850649,0.49381978357118167,0.07333196308114377,7.024664373697729e-06,5.215793753584743e-07,1.3929175558549032e-12,1.6415440794218618e-12,2.5618787816770974e-13,6.038314225535689e-13,1.1910030419766927e-07,1.492020811657675e-07,0.19845147758835693,0.26334368102344724,1.9356277239499724e-15,4.705968629117066e-15,2.906990766156723e-13,7.28342509554631e-13,1.3577761061307964e-12,1.4029017511531253e-12,3.4691123590202547e-06,3.841988823685083e-06,0.012011905510853824,0.014194882086948406,0.2562627762300709,0.5287287597881948,0.033103698582424915,0.10731299552618265,9.293345925369453e-08,1.9864328018217982e-07,2.7613753566386534e-06,6.107412077507776e-06,9.749444199362838e-07,2.3010908875404434e-06,1.7293167907779642e-05,3.573581156902761e-05,4.37347953457678e-09,9.362393609894949e-09,1.5524992284606353e-06,3.438738251885286e-06,2.9166913628701206e-11,8.814865826424048e-11,1.4507846841749225e-18,1.4968641575701702e-18,6.196923208150364e-12,7.313988037401443e-12,3.9618282885722815e-12,8.469490495350622e-12,1.2379616685194633e-15,2.3725501742471627e-15,1.313970869975485e-08,2.6157835738502522e-08,2.4169038147052547e-19,7.305112961130193e-19,0.006317052628662763,0.013035386662780108,3.39819986105649e-31,1.0000000000001012e-30,5.080037865683062e-10,1.6501001076430376e-09,2.7221429231943245e-11,8.631135494015599e-11
1.5090000000000001,1352.7136389513134,5.121718266568373,0.17121142301652456,10.3079472796335,0.49382543473086205,0.07333312118282205,7.021014111019977e-06,5.213106114211599e-07,1.3912318384473457e-12,1.6395646027247767e-12,2.558712490498655e-13,6.030877546122414e-13,1.1901698435451975e-07,1.49098351201216e-07,0.19844715220789957,0.2633390864713111,1.9332106553488355e-15,4.7001126035179695e-15,2.9043978751330285e-13,7.276960288705293e-13,1.3558969481938565e-12,1.4009662319185727e-12,3.466635412256238e-06,3.839262339069831e-06,0.01200970493326396,0.014192343307677394,0.2562625660468744,0.5287306254509005,0.033104833948367045,0.10731714276291084,9.290141378124597e-08,1.98575647227048e-07,2.7614293342740573e-06,6.10755802163219e-06,9.74461013810337e-07,2.2999599409381186e-06,1.7277779454372476e-05,3.570416706130324e-05,4.36897454118821e-09,9.352790354965121e-09,1.5516516769877225e-06,3.436875897449109e-06,2.9135374210529965e-11,8.80537223131077e-11,1.4501768752915869e-18,1.4962435504008183e-18,6.193934105136708e-12,7.310491906605741e-12,3.959545259466414e-12,8.464646707478182e-12,1.2370626074843699e-15,2.370837436401855e-15,1.313965452145929e-08,2.6157841637207892e-08,2.4151299485037194e-19,7.299783179942265e-19,0.0063170251573651925,0.013035386662784717,3.3981850831255943e-31,1.0000000000001e-30,5.075504825433813e-10,1.6486348530442273e-09,2.7201784490910658e-11,8.624944217076797e-11
1.51,1352.662227353635,5.121857981923683,0.17120675266742771,10.313788170745678,0.49383108017578436,0.0733342780199282,7.017366654086811e-06,5.210420504470815e-07,1.3895486252428293e-12,1.6375880505105823e-12,2.555551043679584e-13,6.0234521852277e-13,1.1893374638889288e-07,1.4899472204134541e-07,0.19844283077643166,0.2633344955898287,1.9307973051208967e-15,4.6942655400396044e-15,2.901808067721271e-13,7.270503109415909e-13,1.3540211045542999e-12,1.3990341122004254e-12,3.46416144861437e-06,3.836539112245132e-06,0.012007507290321106,0.014189807891900023,0.2562623543137797,0.5287324848606018,0.03310596962748235,0.10732129042750949,9.28693865646807e-08,1.9850805155243848e-07,2.7614832625888465e-06,6.107703822461546e-06,9.739781507434758e-07,2.2988302528996608e-06,1.726241456321075e-05,3.5672570762221435e-05,4.364476817625935e-09,9.343202525030927e-09,1.5508053233043144e-06,3.435016159951084e-06,2.910388195477154e-11,8.795892756145786e-11,1.449569235079856e-18,1.4956231031760314e-18,6.190947387015714e-12,7.306998517776545e-12,3.95726413367269e-12,8.459806897218616e-12,1.2361644409636563e-15,2.369126384246897e-15,1.3139600417141904e-08,2.6157847531286665e-08,2.413357772565406e-19,7.294458418904438e-19,0.006316997722763071,0.013035386662789309,3.398170324934685e-31,1.0000000000001e-30,5.070979549200292e-10,1.6471720980657172e-09,2.7182164150953158e-11,8.61876057317173e-11
1.5110000000000001,1352.6108323081526,5.121997683669747,0.17120208302800916,10.319629221171661,0.49383671991412653,0.07333543359437682,7.0137219989803956e-06,5.207736921578937e-07,1.3878679113107938e-12,1.6356144170575528e-12,2.552394431147073e-13,6.016038119447074e-13,1.1885059017039274e-07,1.4889119352741636e-07,0.19843851328882078,0.26332990837496284,1.92838766557244e-15,4.6884274202422545e-15,2.8992213386115535e-13,7.264053544659004e-13,1.3521485675231383e-12,1.3971053841460486e-12,3.4616904623912955e-06,3.833819137022947e-06,0.01200531257696224,0.014187275833863623,0.25626214103517037,0.5287343380315414,0.033107105617529366,0.10732543851372396,9.283737758287248e-08,1.9844049311685112e-07,2.7615371416799926e-06,6.1078494802672805e-06,9.734958298138035e-07,2.297701821308326e-06,1.7247073186099802e-05,3.56410225737249e-05,4.359986348261187e-09,9.333630087096953e-09,1.5499601652232203e-06,3.433159034647588e-06,2.907243676139934e-11,8.786427371135971e-11,1.448961763443987e-18,1.495002815824941e-18,6.187963052873155e-12,7.303507870004797e-12,3.954984908415402e-12,8.454971058859133e-12,1.2352671675334585e-15,2.3674170151289905e-15,1.3139546386671536e-08,2.6157853420740377e-08,2.411587286301163e-19,7.289138676467408e-19,0.006316970324792953,0.013035386662793925,3.3981555864496244e-31,1.0000000000001026e-30,5.066462019852192e-10,1.6457118372177538e-09,2.716256816421135e-11,8.612584547419097e-11
1.512,1352.5594537871866,5.122137371836911,0.17119741409715925,10.325470430895965,0.4938423539567944,0.07333658790848543,7.010080141375493e-06,5.205055362449627e-07,1.3861896915487896e-12,1.6336436964410558e-12,2.549242642868108e-13,6.008635325468575e-13,1.1876751556082983e-07,1.4878776549091075e-07,0.1984341997371887,0.2633253248190238,1.925981728965995e-15,4.682598225578811e-15,2.8966376820503535e-13,7.257611580302926e-13,1.3502793292632216e-12,1.3951800397493431e-12,3.4592224476793497e-06,3.831102406988514e-06,0.012003120788154405,0.014184747127850277,0.25626192621266725,0.5287361849722458,0.033108241919028496,0.10732958702424955,9.280538680754578e-08,1.9837297186349334e-07,2.7615909716260593e-06,6.107994995279936e-06,9.7301404989651e-07,2.296574643568242e-06,1.7231755265623095e-05,3.560952237869353e-05,4.355503115170358e-09,9.324073003253306e-09,1.5491161999763729e-06,3.4313045155079932e-06,2.9041038528657862e-11,8.776976045964011e-11,1.4483544604641738e-18,1.4943826884581288e-18,6.1849810976275155e-12,7.300019957462384e-12,3.9527075806991426e-12,8.450139186216557e-12,1.2343707857035383e-15,2.365709326267379e-15,1.3139492429921582e-08,2.6157859305578822e-08,2.4098184858149553e-19,7.283823941085976e-19,0.0063169429633915496,0.013035386662798524,3.398140867636359e-31,1.000000000000102e-30,5.061952217050656e-10,1.644254063968072e-09,2.714299648049583e-11,8.60641612419777e-11
1.5130000000000001,1352.5080917622854,5.1222770464580645,0.17119274587368372,10.331311799903142,0.493847982313608,0.07333774096440918,7.006441077197604e-06,5.202375824182395e-07,1.3845139609713044e-12,1.6316758828739617e-12,2.54609566886121e-13,6.001243780100517e-13,1.1868452242684454e-07,1.4868443776934807e-07,0.19842989011473935,0.26332074491575314,1.923579487645768e-15,4.676777937699799e-15,2.89405709254167e-13,7.251177202860363e-13,1.3484133820584968e-12,1.393258071128977e-12,3.456757398710009e-06,3.828388915880771e-06,0.012000931918866387,0.014182221768143571,0.25626170984894986,0.5287380256934172,0.033109378531434364,0.10733373595832492,9.277341421432776e-08,1.983054877439061e-07,2.7616447525128065e-06,6.1081403677458875e-06,9.725328099758018e-07,2.2954487173406712e-06,1.7216460749434254e-05,3.557807007047919e-05,4.351027101715061e-09,9.31453123833972e-09,1.548273425109287e-06,3.429452597195935e-06,2.9009687156201477e-11,8.767538750737158e-11,1.4477473261358432e-18,1.4937627210986594e-18,6.182001517725062e-12,7.296534776123955e-12,3.950432147668213e-12,8.445311273405812e-12,1.2334752940283428e-15,2.364003314966731e-15,1.3139438546764094e-08,2.6157865185808653e-08,2.408051368920506e-19,7.278514206382092e-19,0.006316915638495693,0.01303538666280309,3.398126168460913e-31,1.0000000000000987e-30,5.057450122220585e-10,1.6427987723570363e-09,2.712344905106918e-11,8.60025528834608e-11
1.514,1352.4567462048599,5.122416707566691,0.17118807835636865,10.337153328177783,0.4938536049940765,0.07333889276425493,7.0028048021654666e-06,5.199698303722849e-07,1.3828407145233248e-12,1.6297109704869013e-12,2.542953499081853e-13,5.993863460001337e-13,1.1860161063185757e-07,1.4858121019619943e-07,0.1984255844149801,0.26331616865928636,1.92118093387092e-15,4.670966538047967e-15,2.8914795644364333e-13,7.244750398459508e-13,1.3465507181332223e-12,1.3913394703415711e-12,3.454295309627481e-06,3.8256786573415606e-06,0.011998745964087058,0.014179699749050085,0.2562614919469745,0.5287398602063134,0.03311051545391955,0.10733788531427126,9.274145977619775e-08,1.9823804070395965e-07,2.7616984844264656e-06,6.108285597912376e-06,9.720521089719433e-07,2.294324040135759e-06,1.720118958210567e-05,3.554666553606049e-05,4.3465582904810775e-09,9.305004755533236e-09,1.5474318379749717e-06,3.4276032739482817e-06,2.897838254308245e-11,8.75811545537903e-11,1.447140360491753e-18,1.4931429138080413e-18,6.179024310305818e-12,7.293052322782465e-12,3.948158606350618e-12,8.440487314292505e-12,1.2325806910275636e-15,2.362298978464861e-15,1.3139384737071032e-08,2.6157871061435545e-08,2.4062859327247202e-19,7.273209463840574e-19,0.006316888350042455,0.013035386662807697,3.3981114888894375e-31,1.0000000000000994e-30,5.052955715738723e-10,1.6413459560842419e-09,2.7103925826405518e-11,8.594102024451322e-11
1.5150000000000001,1352.4054170867844,5.122556355194892,0.17118341154404662,10.342995015704513,0.4938592220082824,0.07334004331021414,6.999171312511357e-06,5.197022798397622e-07,1.3811699473573086e-12,1.6277489536547223e-12,2.539816123720219e-13,5.986494342381556e-13,1.1851878004790824e-07,1.4847808261572121e-07,0.19842128263084496,0.2633115960429955,1.9187860601663507e-15,4.6651640087112635e-15,2.888905092492195e-13,7.238331154246542e-13,1.3446913299287413e-12,1.389424229667709e-12,3.4518361748309726e-06,3.822971625294775e-06,0.011996562918798512,0.014177181064867933,0.25626127250910835,0.5287416885209715,0.033111652686239994,0.10734203509229999,9.270952347252535e-08,1.9817063070317712e-07,2.7617521674521222e-06,6.108430686024067e-06,9.715719459648998e-07,2.2932006098404353e-06,1.718594171598783e-05,3.5515308678484494e-05,4.342096666049e-09,9.295493522279733e-09,1.5465914364030039e-06,3.4257565410572214e-06,2.894712459071275e-11,8.748706130524966e-11,1.4465335634751342e-18,1.4925232665553652e-18,6.176049471163559e-12,7.289572592641539e-12,3.945886954067081e-12,8.435667303367512e-12,1.2316869753135592e-15,2.360596314176989e-15,1.3139331000715623e-08,2.6157876932467468e-08,2.4045221758315436e-19,7.267909709470596e-19,0.006316861097968885,0.013035386662812265,3.398096828888073e-31,1.0000000000000987e-30,5.048468980647177e-10,1.6398956097148084e-09,2.708442675927581e-11,8.58795631782822e-11
1.516,1352.3541043818045,5.122695989369093,0.17117874543574008,10.34883686246799,0.4938648333685051,0.07334119260480151,6.995540603554016e-06,5.194349304854589e-07,1.3795016542592637e-12,1.6257898263200528e-12,2.536683532801426e-13,5.97913640406129e-13,1.1843603053090302e-07,1.4837505485194226e-07,0.19841698475304317,0.2633070270572883,1.916394858770209e-15,4.659370331079394e-15,2.8863336706280497e-13,7.23191945526578e-13,1.342835209543753e-12,1.3875123410335463e-12,3.4493799882737363e-06,3.820267813169911e-06,0.011994382778029779,0.014174665709949782,0.2562610515354746,0.5287435106427772,0.03311279023039786,0.10734618529990002,9.267760526913494e-08,1.9810325767211473e-07,2.761805801657011e-06,6.1085756322859e-06,9.710923196724375e-07,2.2920784234865093e-06,1.7170717086505484e-05,3.548399936581447e-05,4.337642208742534e-09,9.285997496910097e-09,1.5457522171659724e-06,3.423912391473274e-06,2.891591319668603e-11,8.739310745654544e-11,1.445926935297097e-18,1.4919037795860263e-18,6.173076992916285e-12,7.286095577155808e-12,3.943617187632029e-12,8.430851234038544e-12,1.2307941453428871e-15,2.3588953192194598e-15,1.31392773375749e-08,2.6157882798918833e-08,2.4027600922810773e-19,7.26261492548583e-19,0.006316833882212356,0.013035386662816815,3.398082188423121e-31,1.0000000000000957e-30,5.043989894144581e-10,1.6384477259154008e-09,2.7064951797937852e-11,8.581818152359323e-11
1.5170000000000001,1352.3028080587296,5.122835610131307,0.17117408002995088,10.354678868452922,0.4938704390806554,0.07334234064958577,6.991912671920585e-06,5.191677820712889e-07,1.3778358305874428e-12,1.6238335830996451e-12,2.533555716468787e-13,5.971789622138157e-13,1.1835336196149878e-07,1.482721267598873e-07,0.19841269077868015,0.26330246170105925,1.9140073222393684e-15,4.653585487316123e-15,2.883765294107568e-13,7.225515289929433e-13,1.3409823496256557e-12,1.3856037969318573e-12,3.446926744594566e-06,3.81756721515538e-06,0.011992205536768361,0.014172153678598854,0.2562608290325586,0.5287453265902411,0.0331139280820158,0.10735033592387869,9.264570515298999e-08,1.9803592158650887e-07,2.761859387151808e-06,6.108720436998885e-06,9.70613229402892e-07,2.290957479499573e-06,1.715551565628648e-05,3.545273752232494e-05,4.333194905717122e-09,9.276516652378965e-09,1.5449141787363768e-06,3.422070821912058e-06,2.8884748264953132e-11,8.729929272167286e-11,1.4453204756918426e-18,1.4912844526533097e-18,6.170106877926781e-12,7.282621279281322e-12,3.941349304578623e-12,8.426039101249385e-12,1.2299021997961527e-15,2.357195991137839e-15,1.3139223747516232e-08,2.6157888660784708e-08,2.4009996846221194e-19,7.257325119817842e-19,0.006316806702710273,0.013035386662821379,3.398067567460911e-31,1.0000000000000936e-30,5.039518442879544e-10,1.6370023004220746e-09,2.704550089798596e-11,8.575687514252661e-11
1.518,1352.2515280921589,5.122975217505512,0.1711694153257838,10.360521033644037,0.4938760391579289,0.07334348744721501,6.9882875130155875e-06,5.18900834268343e-07,1.3761724711738102e-12,1.6218802179896704e-12,2.530432664879213e-13,5.964453973740534e-13,1.182707741970088e-07,1.4816929816532104e-07,0.19840840069753649,0.26329789996347247,1.9116234429235365e-15,4.647809459080513e-15,2.8811999568944055e-13,7.219118643391684e-13,1.339132742342258e-12,1.3836985893594984e-12,3.444476437803193e-06,3.814869824742427e-06,0.011990031190065531,0.014169644965192903,0.25626060499951003,0.5287471363667198,0.03311506624405783,0.10735448697483907,9.261382309033059e-08,1.9796862237778688e-07,2.761912923998072e-06,6.10886510035519e-06,9.701346738796477e-07,2.2898377749243456e-06,1.714033736124993e-05,3.54215230170898e-05,4.328754737457471e-09,9.267050947358481e-09,1.5440773179086855e-06,3.420231825371904e-06,2.8853629693869707e-11,8.720561679769995e-11,1.4447141848860412e-18,1.4906652860185474e-18,6.167139117372663e-12,7.279149688771708e-12,3.939083301775265e-12,8.421230898521938e-12,1.2290111371497598e-15,2.355498327086071e-15,1.3139170230418583e-08,2.6157894518082313e-08,2.399240946265916e-19,7.25204027277817e-19,0.006316779559400236,0.013035386662825927,3.3980529659678824e-31,1.0000000000000922e-30,5.035054604214229e-10,1.6355593259540532e-09,2.7026074008049073e-11,8.569564387506594e-11
1.5190000000000001,1352.2002644525264,5.123114811528901,0.17116475132190226,10.366363358026113,0.49388163360808096,0.07334463299952844,6.984665123030215e-06,5.186340868060934e-07,1.3745115712101582e-12,1.6199297254100705e-12,2.527314368180724e-13,5.957129435974688e-13,1.1818826711032009e-07,1.480665689135061e-07,0.19840411450484594,0.2632933418409242,1.909243213303632e-15,4.642042228349732e-15,2.878637653827841e-13,7.212729502999804e-13,1.3372863802040467e-12,1.38179671066706e-12,3.442029062336264e-06,3.8121756358947373e-06,0.01198785973295021,0.014167139564082758,0.2562603794409032,0.528748939986755,0.03311620471405187,0.10735863844575982,9.258195906104475e-08,1.9790136000654143e-07,2.7619664122928266e-06,6.109009622625348e-06,9.696566522180022e-07,2.2887193077304207e-06,1.7125182155166953e-05,3.539035575606967e-05,4.324321688917272e-09,9.257600350086344e-09,1.5432416325961195e-06,3.4183953973289278e-06,2.8822557385856107e-11,8.711207939396467e-11,1.4441080627707806e-18,1.490046279596765e-18,6.164173710754254e-12,7.275680805203506e-12,3.936819176518287e-12,8.416426620292406e-12,1.2281209560137458e-15,2.3538023244740125e-15,1.3139116786152838e-08,2.6157900370812386e-08,2.397483877105729e-19,7.246760384270404e-19,0.006316752452219972,0.013035386662830497,3.398038383910528e-31,1.0000000000000919e-30,5.030598361734249e-10,1.6341187972518675e-09,2.700667108153145e-11,8.563448757632765e-11
1.52,1352.1490171130476,5.12325439223007,0.17116008801725724,10.372205841583957,0.49388722244229827,0.07334577730887261,6.98104549757941e-06,5.183675393711857e-07,1.3728531256454957e-12,1.6179820994943307e-12,2.5242008165413745e-13,5.94981598599286e-13,1.1810584056340383e-07,1.4796393883601506e-07,0.1983998321923906,0.26328878732522165,1.9068666257722703e-15,4.63628377688526e-15,2.8760783791373625e-13,7.206347854572204e-13,1.3354432555060634e-12,1.3798981529821515e-12,3.4395846123394753e-06,3.809484642253316e-06,0.011985691160488062,0.014164637469661904,0.2562601523578427,0.5287507374577131,0.03311734349299496,0.10736279034086271,9.25501130352066e-08,1.9783413441237628e-07,2.7620198521096116e-06,6.109154004027772e-06,9.691791632567802e-07,2.2876020752346264e-06,1.71100499792033e-05,3.535923561916965e-05,4.319895741909242e-09,9.248164822074229e-09,1.5424071199177942e-06,3.416561531499889e-06,2.8791531240827622e-11,8.701868021221763e-11,1.4435021094710025e-18,1.4894274335442032e-18,6.16121065238438e-12,7.2722146220298715e-12,3.9345569257913945e-12,8.411626260327941e-12,1.2272316549029154e-15,2.3521079805287548e-15,1.3139063414595496e-08,2.6157906218986017e-08,2.3957284725066914e-19,7.241485440510507e-19,0.006316725381107389,0.013035386662835085,3.3980238212554473e-31,1.0000000000000924e-30,5.026149694645465e-10,1.6326807076330608e-09,2.698729206860225e-11,8.557340609115994e-11
1.5210000000000001,1352.0977860470844,5.123393959637242,0.17115542541081236,10.37804848430241,0.4938928056719572,0.07334692037762139,6.977428632758296e-06,5.18101191685891e-07,1.3711971296255453e-12,1.616037334607479e-12,2.5210920003282597e-13,5.942513601415312e-13,1.1802349442642989e-07,1.4786140777467947e-07,0.19839555375176476,0.26328423640791865,1.9044936729553767e-15,4.6305340870149424e-15,2.873522127447386e-13,7.199973684915994e-13,1.3336033607476187e-12,1.37800290864311e-12,3.4371430821994672e-06,3.806796837725648e-06,0.01198352546773767,0.014162138676314962,0.2562599237512279,0.52875252878653,0.03311848258208438,0.10736694266501753,9.251828498908636e-08,1.9776694554813248e-07,2.7620732435231295e-06,6.10929824478338e-06,9.687022059926913e-07,2.2864860751262927e-06,1.7094940782148384e-05,3.532816250204439e-05,4.315476880194197e-09,9.238744329002705e-09,1.541573777461702e-06,3.414730222639841e-06,2.876055116093829e-11,8.692541896096106e-11,1.4428963250163566e-18,1.4888087479187331e-18,6.1582499357274645e-12,7.268751131702131e-12,3.932296546850715e-12,8.406829812977566e-12,1.2263432324183753e-15,2.350415292642593e-15,1.3139010115624008e-08,2.615791206261584e-08,2.3939747297334124e-19,7.236215433455236e-19,0.0063166983460004695,0.013035386662839665,3.398009277969281e-31,1.000000000000093e-30,5.021708584772115e-10,1.6312450512654474e-09,2.6967936921651992e-11,8.551239927144589e-11
1.522,1352.0465712234636,5.123533513793072,0.17115076350104938,10.383891286166357,0.49389838330240543,0.07334806220725185,6.973814524942168e-06,5.178350434932506e-07,1.369543578460032e-12,1.6140954253075227e-12,2.51798790969444e-13,5.935222259356615e-13,1.1794122857678893e-07,1.4775897558036382e-07,0.19839127918059413,0.2632796890885668,1.9021243473660793e-15,4.62479314079144e-15,2.8709688938612687e-13,7.193606982037441e-13,1.3317666885752247e-12,1.3761109701400256e-12,3.4347044664883994e-06,3.804112216424286e-06,0.011981362649754248,0.014159643178421947,0.25625969362795653,0.5287543139925072,0.033119621976508334,0.10737109540361081,9.248647490621399e-08,1.9769979338216016e-07,2.7621265866442044e-06,6.109442345192858e-06,9.682257796556106e-07,2.2853713056449298e-06,1.7079854522928333e-05,3.529713632129161e-05,4.311065090033372e-09,9.229338841903683e-09,1.540741603459712e-06,3.4129014669297626e-06,2.8729617050318184e-11,8.683229535465424e-11,1.4422907091922584e-18,1.4881902225261547e-18,6.155291564115966e-12,7.2652903383186465e-12,3.930038037093195e-12,8.402037272890751e-12,1.2254556872051088e-15,2.3487242582916965e-15,1.3138956889106368e-08,2.615791790169506e-08,2.3922226505085085e-19,7.23095036853585e-19,0.006316671346837344,0.013035386662844223,3.3979947540187383e-31,1.0000000000000901e-30,5.017275017520874e-10,1.6298118234802861e-09,2.6948605595661597e-11,8.54514669772731e-11
1.5230000000000001,1351.9953726152498,5.123673054727027,0.17114610228689092,10.389734247160723,0.4939039553443452,0.07334920280003374,6.970203169937763e-06,5.17569094494048e-07,1.3678924672050085e-12,1.6121563658531757e-12,2.514888534922096e-13,5.927941937234434e-13,1.1785904288035409e-07,1.4765664208948806e-07,0.19838700847112703,0.263275145359572,1.8997586415130397e-15,4.619060920255554e-15,2.868418672802262e-13,7.187247732237744e-13,1.3299332314168924e-12,1.374222329736846e-12,3.432268759479058e-06,3.8014307721297633e-06,0.011979202701632203,0.014157150970408386,0.25625946198953264,0.528756093083799,0.03312076167684892,0.10737524855951196,9.24546827592529e-08,1.9763267785956983e-07,2.7621798815491185e-06,6.109586305480293e-06,9.67749883157391e-07,2.2842577642791973e-06,1.706479114621337e-05,3.526615696404227e-05,4.306660354154729e-09,9.219948324243134e-09,1.5399105952413234e-06,3.4110752585514384e-06,2.8698728810449803e-11,8.673930909973813e-11,1.4416852620754947e-18,1.4875718574728291e-18,6.1523355326344775e-12,7.261832236242107e-12,3.927781393613406e-12,8.397248634069813e-12,1.224569017816594e-15,2.3470348747766046e-15,1.3138903734919173e-08,2.6157923736233114e-08,2.390472230834348e-19,7.22569023389246e-19,0.006316644383556373,0.013035386662848767,3.3979802493706733e-31,1.0000000000000871e-30,5.012848973321458e-10,1.6283810179918372e-09,2.692929804202119e-11,8.539060905733269e-11
1.524,1351.9441901976365,5.123812582462012,0.17114144176747897,10.395577367270453,0.4939095218110475,0.07335034215861697,6.966594562927546e-06,5.173033443426787e-07,1.3662437906627426e-12,1.6102201502037446e-12,2.5117938662483205e-13,5.920672612358989e-13,1.1777693719162479e-07,1.4755440712420967e-07,0.19838274161302222,0.2632706052098978,1.897396547759694e-15,4.6133374070940705e-15,2.8658714580815694e-13,7.180895920283637e-13,1.3281029814707254e-12,1.37233697945961e-12,3.4298359551362256e-06,3.7987524982810826e-06,0.011977045618502184,0.01415466204674205,0.2562592288348537,0.5287578660631711,0.03312190168629317,0.1073794021440334,9.242290851093304e-08,1.97565598904229e-07,2.7622331282957038e-06,6.109730125828856e-06,9.672745151369907e-07,2.283145447873444e-06,1.7049750584117353e-05,3.523522429147273e-05,4.3022626521497345e-09,9.210572732770524e-09,1.539080749345632e-06,3.4092515899354883e-06,2.8667886340196568e-11,8.66464598947226e-11,1.441079983960258e-18,1.4869536530893855e-18,6.149381832262307e-12,7.258376814989088e-12,3.92552661316393e-12,8.392463889785316e-12,1.2236832227019153e-15,2.3453471391975575e-15,1.3138850652943495e-08,2.6157929566247804e-08,2.388723463355906e-19,7.220435007515997e-19,0.006316617456096072,0.013035386662853353,3.3979657639920114e-31,1.0000000000000896e-30,5.008430428256527e-10,1.626952627101971e-09,2.69100142088536e-11,8.532982534994623e-11
1.5250000000000001,1351.8930239402175,5.123952097038619,0.1711367819413651,10.401420646480545,0.49391508270864126,0.0733514802845903,6.962988700827912e-06,5.17037792822264e-07,1.364597544376644e-12,1.60828677319174e-12,2.508703894129496e-13,5.913414262556307e-13,1.1769491139728655e-07,1.4745227054699836e-07,0.19837847860311447,0.26326606863802826,1.8950380589383945e-15,4.60762258413303e-15,2.8633272452322823e-13,7.174551535255514e-13,1.326275931645755e-12,1.3704549120686307e-12,3.427406048318791e-06,3.7960773893071727e-06,0.011974891395435604,0.014152176401820272,0.2562589941699627,0.528759632948129,0.033123042000868075,0.10738355614527448,9.239115215126491e-08,1.9749855649831424e-07,2.7622863269918294e-06,6.1098738065323515e-06,9.667996749867522e-07,2.282034355050147e-06,1.7034732803553563e-05,3.52043382366711e-05,4.297871972347336e-09,9.201212042939495e-09,1.5382520644898465e-06,3.4074304583370195e-06,2.8637089546595298e-11,8.655374746280697e-11,1.4404748745478761e-18,1.486335609094677e-18,6.146430464540787e-12,7.2549240765425584e-12,3.9232736934529945e-12,8.387683035350442e-12,1.222798300607258e-15,2.3436610492240402e-15,1.3138797643049774e-08,2.615793539173555e-08,2.3869763513193103e-19,7.215184699441008e-19,0.006316590564394938,0.013035386662857893,3.39795129784966e-31,1.000000000000088e-30,5.004019370473273e-10,1.6255266470313688e-09,2.6890754053675478e-11,8.526911572321417e-11
1.526,1351.8418738178834,5.124091598480948,0.1711321228076518,10.407264084776019,0.4939206380498606,0.07335261718052093,6.959385579134689e-06,5.167724396104012e-07,1.3629537232942228e-12,1.606356228947039e-12,2.505618608928628e-13,5.906166865431061e-13,1.1761296535764338e-07,1.4735023218725712e-07,0.19837421943159048,0.2632615356336151,1.892683167560088e-15,4.601916433416025e-15,2.86078602835618e-13,7.168214562646422e-13,1.324452074300231e-12,1.3685761197547338e-12,3.4249790331663538e-06,3.7934054388398573e-06,0.011972740027573713,0.014149694030122128,0.256258757994246,0.5287613937424247,0.0331241826232629,0.10738771057292958,9.235941364731027e-08,1.974315505749348e-07,2.7623394776993783e-06,6.11001734778267e-06,9.663253614624977e-07,2.2809244829291487e-06,1.7019737742194175e-05,3.5173498672289765e-05,4.293488295762943e-09,9.191866214544629e-09,1.5374245375538192e-06,3.4056118569408138e-06,2.860633833034125e-11,8.646117150800746e-11,1.4398699340534481e-18,1.4857177257376002e-18,6.143481421104128e-12,7.25147401119114e-12,3.921022631410643e-12,8.38290606441395e-12,1.2219142500395842e-15,2.3419766020667837e-15,1.3138744705119006e-08,2.6157941212712856e-08,2.385230888467108e-19,7.209939290974708e-19,0.006316563708391751,0.01303538666286242,3.3979368509106883e-31,1.0000000000000854e-30,4.999615777979353e-10,1.6241030707066691e-09,2.6871517526304098e-11,8.520848002081244e-11
1.5270000000000001,1351.7907398028656,5.124231086821567,0.1711274643651592,10.413107682141934,0.4939261878439455,0.07335375284845622,6.9557851939466325e-06,5.165072844294287e-07,1.361312322634189e-12,1.604428511918858e-12,2.5025380010452595e-13,5.898930398672936e-13,1.1753109894468395e-07,1.4724829188901573e-07,0.19836996409214339,0.2632570061909591,1.890331866267868e-15,4.596218937307069e-15,2.8582478021978504e-13,7.161884989559237e-13,1.322631402055071e-12,1.3667005949798297e-12,3.4225549041428296e-06,3.7907366408697897e-06,0.011970591510043233,0.014147214926109007,0.256258520310567,0.5287631484569776,0.03312532355267888,0.10739186542538363,9.232769297616635e-08,1.9736458108864442e-07,2.7623925805032187e-06,6.110160749822467e-06,9.658515736044926e-07,2.2798158293015267e-06,1.7004765350731693e-05,3.514270549788402e-05,4.2891116066767765e-09,9.182535214368438e-09,1.5365981662330642e-06,3.4037957807381446e-06,2.8575632595217318e-11,8.636873174365802e-11,1.4392651624566764e-18,1.4851000030241117e-18,6.1405346988090515e-12,7.248026615387394e-12,3.918773424297203e-12,8.37813297133019e-12,1.2210310696092015e-15,2.340293795134397e-15,1.3138691839027134e-08,2.6157947029185782e-08,2.3834870731603734e-19,7.204698777384196e-19,0.006316536888025385,0.013035386662866973,3.3979224231422106e-31,1.0000000000000838e-30,4.995219633312354e-10,1.6226818925257647e-09,2.6852304580081474e-11,8.514791809758503e-11
1.528,1351.739621865238,5.124370562099958,0.1711228066124765,10.418951438563395,0.49393173209725744,0.07335488729001483,6.952187541701203e-06,5.162423270268048e-07,1.3596733377778397e-12,1.6025036167477445e-12,2.499462060859593e-13,5.891704839924896e-13,1.1744931203737176e-07,1.4714644950502984e-07,0.19836571258134333,0.2632524803081743,1.88798414774893e-15,4.590530078276514e-15,2.8557125619009967e-13,7.155562804096059e-13,1.3208139076892875e-12,1.3648283303688545e-12,3.420133655904444e-06,3.7880709896002443e-06,0.011968445837968389,0.014144739084238807,0.25625828112464005,0.5287648971085804,0.03312646478545772,0.1073960206917493,9.229599012108597e-08,1.9729764800714726e-07,2.7624456355064233e-06,6.11030401293457e-06,9.653783106334773e-07,2.2787083923841966e-06,1.698981558800711e-05,3.5111958629844074e-05,4.284741891405219e-09,9.173219013551067e-09,1.5357729487355737e-06,3.4019822258552047e-06,2.8544972246923242e-11,8.627642788887171e-11,1.438660559577657e-18,1.4844824407954234e-18,6.137590299222179e-12,7.244581891142854e-12,3.9165260695562e-12,8.373363750844626e-12,1.2201487579841264e-15,2.3386126259458926e-15,1.313863904464555e-08,2.6157952841150902e-08,2.381744906331347e-19,7.199463161708031e-19,0.006316510103234789,0.013035386662871514,3.3979080145113983e-31,1.0000000000000845e-30,4.990830921856789e-10,1.621263107811106e-09,2.683311517055159e-11,8.508742981534959e-11
1.5290000000000001,1351.688519979744,5.12451002434115,0.17111814954867607,10.424795354025534,0.49393727082196803,0.07335602050767462,6.948592617779019e-06,5.159775670714624e-07,1.3580367636601332e-12,1.6005815375478465e-12,2.496390778739743e-13,5.884490166800073e-13,1.1736760449476301e-07,1.4704470486309676e-07,0.19836146488991596,0.2632479579756042,1.8856400044941706e-15,4.584849838316366e-15,2.8531803015111324e-13,7.149247991606171e-13,1.318999583575573e-12,1.3629593181265042e-12,3.4177152825700427e-06,3.7854084786387944e-06,0.011966303006530222,0.014142266499035524,0.256258040436322,0.5287666397019131,0.03312760632380589,0.10740017638014716,9.226430504767537e-08,1.9723075126041027e-07,2.762498642772362e-06,6.110447137313685e-06,9.649055712752648e-07,2.277602169225595e-06,1.697488839026589e-05,3.508125793785698e-05,4.280379130629147e-09,9.163917571165715e-09,1.5349488818450137e-06,3.4001711852626645e-06,2.851435718643572e-11,8.618425964846874e-11,1.438056125647816e-18,1.4838650393170694e-18,6.13464821508425e-12,7.241139830050705e-12,3.914280564055606e-12,8.36859839647136e-12,1.2192673136561548e-15,2.336933091682238e-15,1.3138586321855172e-08,2.6157958648622337e-08,2.380004381428985e-19,7.1942324243637575e-19,0.0063164833539592615,0.013035386662876052,3.397893624985581e-31,1.0000000000000828e-30,4.986449621153446e-10,1.6198467093368135e-09,2.6813949247376554e-11,8.502701501726064e-11
1.53,1351.6374341202072,5.124649473573017,0.17111349317273541,10.430639428513514,0.4939428040291419,0.07335715250375024,6.945000418478977e-06,5.157130043005079e-07,1.356402595591666e-12,1.598662268875796e-12,2.493324145327054e-13,5.877286357554717e-13,1.1728597619196813e-07,1.4694305781111945e-07,0.19835722100971073,0.2632434391850872,1.8832994293596644e-15,4.579178200305805e-15,2.85065101587992e-13,7.142940539458204e-13,1.3171884224611697e-12,1.3610935508442162e-12,3.4152997787181387e-06,3.782749102101878e-06,0.011964163010884574,0.014139797164993289,0.25625779824657413,0.5287683762439422,0.03312874816881171,0.10740433249507463,9.22326377343602e-08,1.9716389080580214e-07,2.7625516023752695e-06,6.110590123178651e-06,9.644333545929875e-07,2.276497157670284e-06,1.6959983709696594e-05,3.5050603324554376e-05,4.2760233090642564e-09,9.154630854922392e-09,1.5341259633363508e-06,3.39836265412688e-06,2.8483787318900234e-11,8.609222673985764e-11,1.4374518606679751e-18,1.483247798616631e-18,6.131708440059468e-12,7.2377004247939064e-12,3.912036905178227e-12,8.3638369028249e-12,1.2183867352780996e-15,2.335255189832888e-15,1.3138533670535882e-08,2.615796445161257e-08,2.3782654963414883e-19,7.189006559187239e-19,0.00631645664013801,0.01303538666288059,3.3978792545320638e-31,1.0000000000000814e-30,4.982075714235526e-10,1.6184326916609883e-09,2.6794806764676762e-11,8.49666735606039e-11
1.5310000000000001,1351.5863642574882,5.124788909832991,0.1711088374833131,10.436483662012543,0.4939483317257792,0.07335828327994996,6.9414109399373336e-06,5.154486384389291e-07,1.3547708288588191e-12,1.5967458052593616e-12,2.4902621510092003e-13,5.870093389845889e-13,1.1720442700308617e-07,1.4684150819571832e-07,0.19835298093663295,0.2632389239338335,1.880962414981411e-15,4.5735151465879276e-15,2.8481246998924796e-13,7.136640435103646e-13,1.3153804170627311e-12,1.359231021081459e-12,3.412887138885409e-06,3.780092854059137e-06,0.01196202584620133,0.014137331076621977,0.25625755456038324,0.5287701067499202,0.03312989031753337,0.10740848902795928,9.220098815975028e-08,1.9709706660107306e-07,2.7626045144118584e-06,6.110732970797805e-06,9.639616596863355e-07,2.275393355648909e-06,1.69451014995652e-05,3.5019994694788814e-05,4.271674411655337e-09,9.145358833019825e-09,1.53330419106079e-06,3.3965566277827183e-06,2.8453262549392537e-11,8.600032888021997e-11,1.4368477645520365e-18,1.4826307186319128e-18,6.128770974631645e-12,7.234263676104496e-12,3.909795090204201e-12,8.359079264299514e-12,1.217507021471584e-15,2.333578917827263e-15,1.3138481090561177e-08,2.6157970250120328e-08,2.376528250610583e-19,7.183785565011887e-19,0.0063164299617104935,0.013035386662885144,3.3978649031182844e-31,1.0000000000000833e-30,4.977709184575874e-10,1.617021049484263e-09,2.6775687676744604e-11,8.490640530319987e-11
1.532,1351.5353103652424,5.124928333149826,0.17110418247935774,10.442328054507863,0.49395385392244745,0.0733594128385103,6.937824178096048e-06,5.151844691972523e-07,1.3531414586548005e-12,1.5948321411161996e-12,2.4872047863280307e-13,5.862911241692919e-13,1.171229567977059e-07,1.4674005585784976e-07,0.19834874466300453,0.26323441221429156,1.87862895407593e-15,4.567860659700702e-15,2.8456013481365955e-13,7.130347665248075e-13,1.313575560029037e-12,1.3573717213272267e-12,3.4104773575018265e-06,3.7774397284616357e-06,0.011959891507672847,0.014134868228457406,0.2562573093791403,0.5287718312276686,0.03313103277062397,0.10741264598188113,9.216935629764975e-08,1.9703027859369107e-07,2.762657378956639e-06,6.110875680390247e-06,9.634904855062247e-07,2.274290760740769e-06,1.6930241706682954e-05,3.498943194006785e-05,4.267332421770692e-09,9.136101470279982e-09,1.5324835624550496e-06,3.39475310064657e-06,2.8422782782072593e-11,8.590856578395442e-11,1.4362438373678906e-18,1.4820137994595518e-18,6.125835813704631e-12,7.230829578127654e-12,3.9075551163167006e-12,8.354325475081565e-12,1.216628170830037e-15,2.3319042730405266e-15,1.3138428581810397e-08,2.615797604415539e-08,2.374792640588265e-19,7.178569431028579e-19,0.006316403318616272,0.013035386662889647,3.3978505707117274e-31,1.000000000000082e-30,4.973350013379357e-10,1.6156117767702475e-09,2.675659193635238e-11,8.484621009803965e-11
1.5330000000000001,1351.4842724163063,5.125067743554964,0.17109952815972845,10.448172605984746,0.4939593706285341,0.07336054118149117,6.9342401290374454e-06,5.149204962963957e-07,1.3515144802454175e-12,1.5929212709492394e-12,2.484152041832848e-13,5.855739891131581e-13,1.1704156544839721e-07,1.4663870064219253e-07,0.19834451218232885,0.2632299040204718,1.8762990393885937e-15,4.562214722251365e-15,2.843080955368007e-13,7.124062217017058e-13,1.3117738440849281e-12,1.3555156441487786e-12,3.4080704290825635e-06,3.7747897193544222e-06,0.011957759990496598,0.014132408615040856,0.2562570627053912,0.5287735496873815,0.03313217552757418,0.10741680335614953,9.213774212435785e-08,1.9696352673644937e-07,2.7627101960914715e-06,6.111018252191225e-06,9.630198310769633e-07,2.273189370698235e-06,1.6915404281190064e-05,3.495891495877373e-05,4.262997323616893e-09,9.126858733317903e-09,1.5316640751634972e-06,3.3929520675944937e-06,2.8392347922029238e-11,8.581693716825271e-11,1.4356400791200307e-18,1.4813970411307095e-18,6.12290295390107e-12,7.227398127036939e-12,3.905316980775796e-12,8.349575529521252e-12,1.2157501819719768e-15,2.3302312528957228e-15,1.313837614416147e-08,2.615798183372419e-08,2.3730586640844313e-19,7.173358150834494e-19,0.006316376710795101,0.013035386662894164,3.397836257279976e-31,1.0000000000000808e-30,4.968998183015932e-10,1.6142048678607683e-09,2.6737519497225936e-11,8.478608780112923e-11
1.534,1351.4332503821588,5.125207141084248,0.17109487452313768,10.45401731642851,0.49396488185159626,0.0733616683106794,6.930658789132718e-06,5.14656719478697e-07,1.3498898890310975e-12,1.5910131894197892e-12,2.4811039080942726e-13,5.848579316246785e-13,1.1696025283344745e-07,1.4653744240057607e-07,0.19834028348993726,0.26322539934880557,1.873972663730168e-15,4.556577317005279e-15,2.840563516657331e-13,7.117784078324351e-13,1.3099752620897636e-12,1.353662782252048e-12,3.4056663483038754e-06,3.7721428209605842e-06,0.011955631289869564,0.014129952230912474,0.25625681454348626,0.5287752621429676,0.03313331858606302,0.10742096114419854,9.210614562103474e-08,1.968968109925243e-07,2.762762965909927e-06,6.111160686461794e-06,9.625496955622603e-07,2.2720891836025704e-06,1.690058917958792e-05,3.492844366243031e-05,4.258669102996117e-09,9.117630592163164e-09,1.5308457272294242e-06,3.391153524385949e-06,2.8361957875951393e-11,8.57254427551285e-11,1.4350364896966002e-18,1.4807804435564327e-18,6.1199723947121405e-12,7.223969322391483e-12,3.903080680999806e-12,8.34482942230654e-12,1.2148730535660382e-15,2.3285598549117487e-15,1.3138323777489777e-08,2.615798761882761e-08,2.371326320877749e-19,7.1681517239775025e-19,0.00631635013818683,0.013035386662898722,3.397821962790675e-31,1.0000000000000819e-30,4.964653678070843e-10,1.6128003178170464e-09,2.671847031484642e-11,8.4726038274032e-11
1.5350000000000001,1351.3822442401492,5.125346525755198,0.17109022156890974,10.459862185824493,0.4939703876065751,0.07336279422895596,6.927080153546156e-06,5.143931383968319e-07,1.3482676798980431e-12,1.5891078905827633e-12,2.478060375704311e-13,5.84142949517264e-13,1.1687901880812255e-07,1.4643628095597177e-07,0.19833605857373798,0.26322089818586275,1.871649819715044e-15,4.550948426249356e-15,2.8380490257948617e-13,7.111513233874557e-13,1.3081798064358556e-12,1.351813127859994e-12,3.403265109222191e-06,3.7694990268162447e-06,0.01195350540105039,0.014127499070684488,0.25625656489034737,0.528776968592988,0.03313446195120515,0.10742511936356539,9.207456674825568e-08,1.9683013128107594e-07,2.7628156884559987e-06,6.111302983353137e-06,9.620800775439463e-07,2.270990196161316e-06,1.688579633194054e-05,3.4898017907917625e-05,4.254347739130005e-09,9.108417002754975e-09,1.5300285150248125e-06,3.389357463077727e-06,2.8331612545042577e-11,8.563408224999974e-11,1.4344330694772657e-18,1.4801640071548791e-18,6.1170441241540635e-12,7.220543150204926e-12,3.900846213751839e-12,8.34008714672385e-12,1.213996784080277e-15,2.3268900762228044e-15,1.3138271481682536e-08,2.6157993399489156e-08,2.3695956019433413e-19,7.162950123392981e-19,0.0063163236007314815,0.013035386662903228,3.397807687211565e-31,1.00000000000008e-30,4.96031647394615e-10,1.6113981187167978e-09,2.669944433782999e-11,8.466606135653182e-11
1.536,1351.3312539588328,5.125485897613068,0.1710855692954434,10.465707214158082,0.49397588789714564,0.07336391893752903,6.923504219518076e-06,5.141297528576185e-07,1.3466478486306876e-12,1.587205369551502e-12,2.4750214353619293e-13,5.834290406294418e-13,1.1679786326714046e-07,1.4633521618077074e-07,0.19833183743295554,0.2632164005332322,1.869330500399981e-15,4.54532803334537e-15,2.835537478729805e-13,7.10524967378134e-13,1.3063874703632421e-12,1.3499666740712774e-12,3.40086670697708e-06,3.7668583316569346e-06,0.011951382319222156,0.014125049128879567,0.25625631375417124,0.528778669059272,0.033135605616817866,0.10742927799516085,9.204300550093604e-08,1.9676348759466988e-07,2.7628683638496655e-06,6.111445143184552e-06,9.61610976568698e-07,2.269892407359417e-06,1.6871025712395393e-05,3.486763764321885e-05,4.2500332222549054e-09,9.099217944613216e-09,1.529212437698243e-06,3.3875638818771608e-06,2.8301311840423715e-11,8.554285538824797e-11,1.4338298180479515e-18,1.479547731525138e-18,6.114118147309837e-12,7.2171196166361474e-12,3.8986135769301485e-12,8.335348698486189e-12,1.2131213723342645e-15,2.3252219146366937e-15,1.3138219256609899e-08,2.615799917569847e-08,2.3678665128143136e-19,7.157753366022414e-19,0.006316297098369115,0.013035386662907725,3.397793430510407e-31,1.0000000000000793e-30,4.955986561349753e-10,1.6099982676097239e-09,2.668044152652507e-11,8.46061569256096e-11
1.537,1351.2802795148718,5.125625256677797,0.17108091770198278,10.471552401414687,0.4939813827371426,0.07336504243911224,6.91993098222217e-06,5.138665625143654e-07,1.345030390145326e-12,1.5853056204158011e-12,2.4719870776494056e-13,5.827162027721047e-13,1.1671678606665774e-07,1.462342478990343e-07,0.1983276200565917,0.26321190637892267,1.8670146983915752e-15,4.539716120559506e-15,2.833028869315129e-13,7.098993382904633e-13,1.3045982463080343e-12,1.3481234131534544e-12,3.3984711356566413e-06,3.7642207290530776e-06,0.011949262039664982,0.014122602400134117,0.25625606113292976,0.528780363542525,0.033136749586955165,0.10743343705307908,9.201146184027159e-08,1.9669687985377474e-07,2.762920992140725e-06,6.111587166119822e-06,9.611423912447734e-07,2.2687958139664516e-06,1.6856277252155993e-05,3.4837302727558514e-05,4.245725531888217e-09,9.09003337430705e-09,1.528397491689949e-06,3.385772772991592e-06,2.8271055663894925e-11,8.545176187706524e-11,1.4332267357573787e-18,1.4789316170533161e-18,6.111194454093788e-12,7.213698709938352e-12,3.896382767302785e-12,8.330614070889363e-12,1.2122468168000235e-15,2.323555367294795e-15,1.313816710215779e-08,2.6158004947475328e-08,2.366139044780552e-19,7.15256142575129e-19,0.006316270631040096,0.01303538666291225,3.397779192655105e-31,1.0000000000000786e-30,4.951663916101228e-10,1.6086007567086383e-09,2.6661461829976918e-11,8.454632482239188e-11
1.538,1351.2293208780984,5.125764602990894,0.17107626678705215,10.477397747579769,0.49398687213165055,0.07336616473511974,6.916360438566272e-06,5.136035671491344e-07,1.3434153001041521e-12,1.583408638144341e-12,2.4689572932787293e-13,5.820044337866222e-13,1.1663578709553704e-07,1.4613337597579129e-07,0.19832340644243898,0.2632074157226089,1.864702406695615e-15,4.53411267112781e-15,2.83052319317988e-13,7.092744350554136e-13,1.302812127414176e-12,1.3462833381052235e-12,3.396078390250654e-06,3.7615862135735133e-06,0.011947144557598446,0.014120158879012672,0.2562558070333471,0.5287820520615127,0.03313789385690005,0.1074375965229777,9.197993575574483e-08,1.9663030803932386e-07,2.762973573438541e-06,6.111729052454493e-06,9.606743209710282e-07,2.267700414618091e-06,1.6841550918619172e-05,3.480701309495809e-05,4.2414246565964745e-09,9.080863267778211e-09,1.5275836757191496e-06,3.383984133676608e-06,2.824084392550869e-11,8.536080144857437e-11,1.4326238223121894e-18,1.4783156634629368e-18,6.1082730475416284e-12,7.2102804338529705e-12,3.894153782587874e-12,8.325883259260055e-12,1.2113731162441853e-15,2.321890431903009e-15,1.3138115018199092e-08,2.615801071481351e-08,2.3644132011483036e-19,7.147374312788491e-19,0.006316244198684752,0.013035386662916764,3.3977649736135726e-31,1.0000000000000787e-30,4.947348526577574e-10,1.6072055823055205e-09,2.6642505206904205e-11,8.448656491867331e-11
1.539,1351.1783780255241,5.125903936571424,0.17107161654992517,10.483243252638804,0.4939923560947842,0.07336728582830408,6.9127925839074315e-06,5.133407664287867e-07,1.341802573510818e-12,1.5815144169293033e-12,2.4659320729567877e-13,5.812937315130407e-13,1.1655486621322305e-07,1.460326002391975e-07,0.1983191965792115,0.2632029285519066,1.862393618042017e-15,4.528517667614579e-15,2.8280204443272404e-13,7.086502561964502e-13,1.3010291062231643e-12,1.3444464413023887e-12,3.393688464953211e-06,3.758954778905309e-06,0.011945029868318635,0.014117718560169365,0.2562555514530658,0.528783734616241,0.033139038431025225,0.10744175641998023,9.194842721066633e-08,1.965637720762896e-07,2.7630261077915324e-06,6.111870802349081e-06,9.602067644094001e-07,2.2666062062102902e-06,1.6826846645659577e-05,3.477676861015219e-05,4.23713057659912e-09,9.07170758309571e-09,1.526770986385568e-06,3.3821979564922305e-06,2.821067652825761e-11,8.52699738135432e-11,1.4320210780356466e-18,1.4776998711137248e-18,6.105353916907389e-12,7.206864775852865e-12,3.89192661966015e-12,8.321156257121032e-12,1.2105002691747008e-15,2.320227105671166e-15,1.3138063004620902e-08,2.6158016477734106e-08,2.3626889737452356e-19,7.14219200264375e-19,0.006316217801243705,0.013035386662921316,3.3977507733538574e-31,1.0000000000000803e-30,4.943040369518327e-10,1.60581273691151e-09,2.662357160728295e-11,8.442687705851442e-11
1.54,1351.1274509279974,5.126043257457963,0.17106696698922458,10.48908891657732,0.49399783463272345,0.07336840572023882,6.909227414909827e-06,5.130781601172243e-07,1.3401922059424328e-12,1.5796229516385022e-12,2.46291140742053e-13,5.805840937983888e-13,1.1647402330434421e-07,1.4593192054895068e-07,0.19831499046358353,0.26319844486499316,1.860088325410404e-15,4.522931093190466e-15,2.8255206181524437e-13,7.080268005857841e-13,1.2992491758178907e-12,1.3426127156799024e-12,3.3913013546489434e-06,3.756326419500061e-06,0.011942917967076703,0.014115281438204804,0.2562552943976582,0.5287854112230742,0.03314018330576069,0.10744591673345813,9.191693619045662e-08,1.964972719369036e-07,2.7630785953007173e-06,6.112012416080409e-06,9.59739720848478e-07,2.2655131871180936e-06,1.6812164395668683e-05,3.4746569196807454e-05,4.232843279231341e-09,9.062566293561845e-09,1.5259594220880364e-06,3.380414237983692e-06,2.818055338152099e-11,8.517927870203082e-11,1.431418502725992e-18,1.4770842398235978e-18,6.102437063448222e-12,7.2034517375791615e-12,3.889701276106755e-12,8.316433059517738e-12,1.2096282743203397e-15,2.3185653862321697e-15,1.3138011061298406e-08,2.615802223623424e-08,2.3609663643422923e-19,7.137014500883709e-19,0.006316191438657547,0.01303538666292579,3.397736591844014e-31,1.0000000000000779e-30,4.938739431573709e-10,1.6044222162571092e-09,2.6604660988666856e-11,8.436726110999763e-11
1.541,1351.0765395595267,5.126182565679275,0.17106231810390082,10.49493473938087,0.49400330775553264,0.07336952441307242,6.905664927450738e-06,5.128157479198787e-07,1.338584192651724e-12,1.5777342367571238e-12,2.4598952873781656e-13,5.798755184828063e-13,1.163932582389532e-07,1.4583133674647288e-07,0.198310788088322,0.26319396465485234,1.857786521620375e-15,4.517352930636114e-15,2.823023709256375e-13,7.074040668964882e-13,1.297472328987005e-12,1.3407821538683242e-12,3.3889170538282735e-06,3.7537011293723217e-06,0.011940808849168559,0.014112847507771802,0.2562550358687671,0.5287870818902533,0.03314132848146304,0.10745007746551041,9.188546266762675e-08,1.9643080756579017e-07,2.763131036040062e-06,6.1121538938653e-06,9.59273189218254e-07,2.264421354869883e-06,1.679750411465624e-05,3.471641474472848e-05,4.228562747748651e-09,9.053439363742713e-09,1.5251489801894699e-06,3.3786329724010755e-06,2.815047439127563e-11,8.508871583379693e-11,1.4308160964743509e-18,1.4764687697126278e-18,6.099522482745511e-12,7.200041313972755e-12,3.8874777490855e-12,8.31171366057706e-12,1.2087571302787957e-15,2.3169052709674583e-15,1.3137959188112996e-08,2.615802799032265e-08,2.359245368970265e-19,7.131841795722444e-19,0.006316165110867168,0.013035386662930297,3.397722429052238e-31,1.0000000000000782e-30,4.934445693718036e-10,1.6030340142286648e-09,2.6585773304355508e-11,8.430771692770561e-11
1.542,1351.0256438945794,5.1263218612628005,0.1710576698929487,10.500780721035044,0.49400877547381106,0.07337064190903124,6.902105117624488e-06,5.125535295582667e-07,1.3369785289804472e-12,1.5758482668749987e-12,2.456883703663531e-13,5.791680034359361e-13,1.1631257089069695e-07,1.457308486776765e-07,0.19830658944565302,0.26318948791374364,1.855488199622247e-15,4.511783163049137e-15,2.8205297124015786e-13,7.067820538420597e-13,1.295698558617747e-12,1.3389547485997676e-12,3.3865355570921972e-06,3.751078902658733e-06,0.011938702509893163,0.014110416763526165,0.2562547758674846,0.5287887466248716,0.03314247395903939,0.10745423862001871,9.185400661719179e-08,1.9636437891291746e-07,2.7631834300812104e-06,6.112295235915313e-06,9.588071685092112e-07,2.2633307071366596e-06,1.6782865751633594e-05,3.468630514991825e-05,4.2242889661830705e-09,9.044326759865334e-09,1.5243396582355123e-06,3.3768541543989374e-06,2.8120439464576156e-11,8.499828493184486e-11,1.4302138593442178e-18,1.4758534608723144e-18,6.0966101692209405e-12,7.196633498605135e-12,3.885256035879343e-12,8.306998054692861e-12,1.207886835688022e-15,2.3152467573354275e-15,1.3137907384947326e-08,2.615803374000997e-08,2.357525984387511e-19,7.126673877572712e-19,0.006316138817813514,0.01303538666293477,3.397708284946759e-31,1.0000000000000756e-30,4.930159137949797e-10,1.601648125044977e-09,2.6566908508597144e-11,8.424824436922048e-11
1.543,1350.9747639061143,5.126461144240814,0.17105302235520203,10.506626861525467,0.4940142377961217,0.07337175821003865,6.898547981683254e-06,5.122915047656016e-07,1.3353752103549225e-12,1.5739650366813646e-12,2.453876647075561e-13,5.784615465190917e-13,1.1623196113679868e-07,1.4563045619294392e-07,0.19830239452984047,0.26318501463662836,1.8531933523667297e-15,4.506221773527301e-15,2.818038622565738e-13,7.061607601898319e-13,1.2939278576814846e-12,1.3371304926929775e-12,3.3841568591404224e-06,3.7484597336049473e-06,0.011936598944552457,0.014107989200126812,0.25625451439690883,0.5287904054381573,0.03314361973737872,0.1074584001943207,9.182256801740832e-08,1.9629798593517715e-07,2.76323577750816e-06,6.112436442469291e-06,9.58341657811453e-07,2.2622412418244474e-06,1.6768249260036496e-05,3.465624031751935e-05,4.220021919668041e-09,9.035228450513441e-09,1.523531454051414e-06,3.3750777792509835e-06,2.8090448509534498e-11,8.490798572236058e-11,1.4296117913044775e-18,1.4752383132964875e-18,6.0937001204712575e-12,7.193228288795368e-12,3.8830361338550534e-12,8.302286236437734e-12,1.2070173892128708e-15,2.3135898428458554e-15,1.3137855651681186e-08,2.615803948530093e-08,2.355808209140293e-19,7.121510742251456e-19,0.006316112559437649,0.013035386662939276,3.397694159495877e-31,1.000000000000076e-30,4.925879747821413e-10,1.6002645434294292e-09,2.6548066556839845e-11,8.418884329592149e-11
1.544,1350.923899568235,5.126600414642162,0.17104837548960916,10.512473160837796,0.4940196947323994,0.07337287331821925,6.894993515706467e-06,5.120296732622296e-07,1.3337742321334807e-12,1.5720845407850174e-12,2.45087410845305e-13,5.777561456028647e-13,1.161514288511991e-07,1.4553015913853025e-07,0.1982982033337637,0.2631805448166203,1.8509019728033e-15,4.5006687451644444e-15,2.815550434535712e-13,7.055401846592267e-13,1.2921602190971173e-12,1.3353093789121383e-12,3.3817809545901635e-06,3.7458436163648082e-06,0.011934498148467088,0.01410556481225398,0.25625425145874237,0.5287920583384398,0.033144765816768514,0.10746256219028445,9.179114684333155e-08,1.9623162858260552e-07,2.7632880783956593e-06,6.11257751374541e-06,9.578766561236554e-07,2.261152956623253e-06,1.6753654589215538e-05,3.462622014422577e-05,4.215761592333299e-09,9.02614440212014e-09,1.522724365200597e-06,3.3733038416505376e-06,2.8060501433642696e-11,8.481781792964106e-11,1.4290098924062232e-18,1.4746233270637283e-18,6.090792331993045e-12,7.189825679382877e-12,3.88081804028771e-12,8.297578200187537e-12,1.2061487894913669e-15,2.3119345249568557e-15,1.3137803988196758e-08,2.615804522620404e-08,2.354092040145142e-19,7.1163523806483135e-19,0.0063160863356807985,0.013035386662943732,3.3976800526679787e-31,1.0000000000000742e-30,4.921607505466327e-10,1.5988832636441498e-09,2.652924740355441e-11,8.412951356607886e-11
1.545,1350.8730508546378,5.126739672497063,0.17104372929507294,10.518319618957724,0.4940251462919406,0.07337398723560191,6.89144171577266e-06,5.117680347684021e-07,1.3321755896874878e-12,1.5702067738098452e-12,2.447876078623135e-13,5.770517985549946e-13,1.1607097390821242e-07,1.45429957361147e-07,0.19829401585093367,0.26317607844766766,1.8486140538712993e-15,4.495124061028934e-15,2.8130651431277994e-13,7.049203259769655e-13,1.2903956358029416e-12,1.3334914000411702e-12,3.3794078380719386e-06,3.7432305451065535e-06,0.011932400116968112,0.014103143594599729,0.25625398705529423,0.5287937053352936,0.03314591219688084,0.10746672460778155,9.175974307030803e-08,1.9616530680585448e-07,2.76334033282184e-06,6.1127184499692635e-06,9.574121624577442e-07,2.2600658492542105e-06,1.6739081689072502e-05,3.4596244527865945e-05,4.211507968449909e-09,9.017074581419629e-09,1.521918389279954e-06,3.371532336364794e-06,2.8030598144665606e-11,8.472778127879446e-11,1.4284081626837217e-18,1.4740085022352067e-18,6.0878868002954675e-12,7.186425666401991e-12,3.878601752451512e-12,8.292873940315742e-12,1.2052810351623878e-15,2.310280801127991e-15,1.313775239437556e-08,2.6158050962726145e-08,2.352377474738862e-19,7.111198784922802e-19,0.00631606014648435,0.013035386662948218,3.397665964431522e-31,1.0000000000000731e-30,4.917342393221435e-10,1.5975042800171182e-09,2.6510451003414614e-11,8.407025503859843e-11
1.546,1350.8222177349562,5.126878917848633,0.17103908377006616,10.524166235870993,0.49403059247879444,0.07337509996343562,6.8878925790649674e-06,5.115065890863752e-07,1.3305792788608754e-12,1.568331730936479e-12,2.4448825485222734e-13,5.763485032688908e-13,1.1599059620287552e-07,1.4532985073345944e-07,0.19828983208012974,0.26317161553070795,1.8463295887828928e-15,4.489587704851741e-15,2.810582744273456e-13,7.043011831491421e-13,1.2886341011895555e-12,1.3316765493310997e-12,3.377037504791099e-06,3.7406205146348126e-06,0.011930304845353252,0.014100725541816309,0.2562537211941127,0.5287953464490999,0.03314705887213664,0.10747088742965716,9.172835669148475e-08,1.960990205936239e-07,2.7633925409007413e-06,6.112859251445827e-06,9.569481763211063e-07,2.2589799186079055e-06,1.6724530532194827e-05,3.456631341315049e-05,4.207261037958079e-09,9.008018967282677e-09,1.521113525317739e-06,3.3697632613316138e-06,2.800073855564754e-11,8.463787551087418e-11,1.4278066017738772e-18,1.473393838462003e-18,6.084983529899961e-12,7.183028255344792e-12,3.876387268227022e-12,8.288173452491827e-12,1.2044141250531302e-15,2.308628669179616e-15,1.313770087009114e-08,2.6158056694858002e-08,2.3506645171933354e-19,7.106049968198607e-19,0.006316033991789689,0.013035386662952685,3.3976518947549914e-31,1.0000000000000735e-30,4.913084401286522e-10,1.596127589430518e-09,2.6491677317194448e-11,8.401106759172349e-11
1.547,1350.7714001872728,5.127018150713594,0.1710344389139425,10.530013011563362,0.49403603330759266,0.07337621150453728,6.884346100515764e-06,5.112453358512117e-07,1.328985294561632e-12,1.5664594062420423e-12,2.441893508929934e-13,5.75646257600827e-13,1.1591029558849076e-07,1.4522983907582473e-07,0.19828565200948736,0.2631671560525377,1.8440485702402846e-15,4.48405965912281e-15,2.8081032316505695e-13,7.03682754617028e-13,1.2868756077792455e-12,1.3298648191352817e-12,3.3746699488119475e-06,3.7380135184898296e-06,0.011928212329024244,0.014098310648677871,0.2562534538720961,0.5287969816782356,0.03314820584761757,0.10747505067331548,9.169698766355298e-08,1.9603276985666326e-07,2.7634447026727507e-06,6.112999918316845e-06,9.56484696210386e-07,2.2578951611887292e-06,1.6710001044953204e-05,3.4536426649263366e-05,4.2030207792773e-09,8.99897751391171e-09,1.5203097694190262e-06,3.367996608012676e-06,2.797092256955695e-11,8.454810033646073e-11,1.4272052101283652e-18,1.4727793362358738e-18,6.082082509456162e-12,7.179633432966888e-12,3.874174584262828e-12,8.283476729750337e-12,1.2035480576122405e-15,2.306978126206202e-15,1.31376494152336e-08,2.6158062422621896e-08,2.3489531570756566e-19,7.100905899146212e-19,0.006316007871538578,0.013035386662957173,3.39763784360705e-31,1.0000000000000752e-30,4.908833503854997e-10,1.5947531835662097e-09,2.6472926293494854e-11,8.395195106508271e-11
1.548,1350.7205981857555,5.12715737112105,0.17102979472564261,10.535859946020626,0.4940414687879735,0.07337732186098213,6.8808022764229875e-06,5.109842747993615e-07,1.3273936322694108e-12,1.5645897944772145e-12,2.438908950835169e-13,5.749450594563879e-13,1.1583007194337179e-07,1.4512992223992805e-07,0.19828147563215856,0.2631627000066104,1.841770991338874e-15,4.47853990728742e-15,2.805626600256226e-13,7.030650391523998e-13,1.2851201486446874e-12,1.328056202375551e-12,3.3723051648970693e-06,3.735409550985004e-06,0.011926122563337527,0.014095898909904713,0.25625318509113776,0.5287986110313838,0.033149353123400414,0.10747921433993352,9.166563596434375e-08,1.959665545509097e-07,2.763496818214112e-06,6.113140450803372e-06,9.560217212009644e-07,2.2568115748671127e-06,1.669549318041504e-05,3.450658414056073e-05,4.1987871775138015e-09,8.989950189824443e-09,1.519507119369393e-06,3.3662323715922584e-06,2.794115009569833e-11,8.445845548527416e-11,1.4266039877527104e-18,1.4721649955881516e-18,6.079183734577441e-12,7.176241194243864e-12,3.871963697961525e-12,8.278783766737564e-12,1.202682831522509e-15,2.3053291697508676e-15,1.313759802968608e-08,2.6158068146026204e-08,2.347243392548672e-19,7.095766572420345e-19,0.006315981785672764,0.013035386662961647,3.397623810956352e-31,1.000000000000074e-30,4.90458968435444e-10,1.5933810571057448e-09,2.6454197888140055e-11,8.389290532120422e-11
1.549,1350.6698117046244,5.12729657910001,0.17102515120411066,10.54170703922861,0.4940468989296208,0.07337843103485146,6.877261103388485e-06,5.107234056898179e-07,1.3258042875888154e-12,1.5627228905396942e-12,2.435928865352511e-13,5.742449067706374e-13,1.1574992515105737e-07,1.4503010008399056e-07,0.19827730294125404,0.26315824738632143,1.8394968453198963e-15,4.473028433144676e-15,2.8031528453387655e-13,7.024480355899225e-13,1.2833677169899407e-12,1.3262506921092163e-12,3.3699431479633793e-06,3.7328086066043565e-06,0.011924035543648044,0.01409349032021494,0.2562529148530709,0.5288002345170987,0.03315050069961508,0.10748337843085976,9.163430157565597e-08,1.959003746407768e-07,2.763548887602003e-06,6.113280849128478e-06,9.55559250469966e-07,2.25572915775353e-06,1.6681006896512663e-05,3.447678580144919e-05,4.1945602190119995e-09,8.980936966188246e-09,1.518705573256278e-06,3.3644705479231085e-06,2.7911421044838967e-11,8.436894069144323e-11,1.4260029345902128e-18,1.4715508164859152e-18,6.0762872005714135e-12,7.172851533789997e-12,3.8697546068979124e-12,8.274094558467511e-12,1.201818445521298e-15,2.3036817974611577e-15,1.3137546713332235e-08,2.6158073865080045e-08,2.345535222535977e-19,7.090631984975007e-19,0.006315955734134069,0.013035386662966096,3.397609796771616e-31,1.000000000000073e-30,4.900352927882139e-10,1.5920112052728925e-09,2.6435492058381778e-11,8.383393022713549e-11
1.55,1350.6190407133618,5.127435774694601,0.17102050834778676,10.547554291173192,0.4940523237358807,0.07337953902728338,6.8737225779579045e-06,5.104627282773667e-07,1.3242172561568937e-12,1.5608586893651375e-12,2.4329532432596555e-13,5.735457973991237e-13,1.1566985509669721e-07,1.4493037246823885e-07,0.19827313393621682,0.2631537981934631,1.837226125161231e-15,4.467525219852427e-15,2.800681962354534e-13,7.018317428163022e-13,1.281618306035279e-12,1.3244482814100224e-12,3.3675838929518615e-06,3.730210679858179e-06,0.011921951265319433,0.01409108487433626,0.2562526431660238,0.5288018521569106,0.033151648570084846,0.10748754292699175,9.16029844822341e-08,1.958342300969658e-07,2.763600910949981e-06,6.1134211135955536e-06,9.550972833192846e-07,2.2546479082528187e-06,1.666654215605734e-05,3.444703155641443e-05,4.190339891272917e-09,8.971937816645383e-09,1.5179051294890552e-06,3.362711133570874e-06,2.788173532830248e-11,8.427955569076409e-11,1.425402050404481e-18,1.470936798710742e-18,6.073392913366324e-12,7.169464458756417e-12,3.867547308597413e-12,8.269409099848011e-12,1.2009548983306824e-15,2.3020360069550992e-15,1.3137495466045536e-08,2.6158079579771553e-08,2.343828649300641e-19,7.085502143858993e-19,0.006315929716864516,0.013035386662970565,3.3975958010216487e-31,1.0000000000000737e-30,4.896123221312937e-10,1.590643623868665e-09,2.6416808762570944e-11,8.377502565340085e-11
1.551,1350.5682851911083,5.12757495791866,0.17101586615612163,10.553401701840265,0.4940577432224508,0.0733806458412478,6.870186695489121e-06,5.102022422285466e-07,1.32263253307352e-12,1.55899718525573e-12,2.4299820756269327e-13,5.728477292662641e-13,1.1558986164093991e-07,1.4483073922218576e-07,0.19826896860409718,0.26314935241336923,1.834958823853072e-15,4.462030250597547e-15,2.7982139453089663e-13,7.012161593545638e-13,1.2798719085307799e-12,1.3226489628654725e-12,3.3652273941625427e-06,3.7276157645463575e-06,0.011919869723781784,0.014088682567074119,0.2562523700257364,0.5288034639467653,0.03315279674103397,0.10749170784943075,9.157168464550033e-08,1.9576812084030642e-07,2.7636528882929985e-06,6.113561244333892e-06,9.546358183618748e-07,2.253567823143278e-06,1.665209889126585e-05,3.4417321266702964e-05,4.186126174250676e-09,8.962952698677822e-09,1.517105784522814e-06,3.3609541207714066e-06,2.7852092851601755e-11,8.419030020145335e-11,1.4248013355980092e-18,1.47032294270342e-18,6.070500859546853e-12,7.166079953459279e-12,3.8653417999563545e-12,8.264727384441096e-12,1.2000921884816941e-15,2.3003917954842797e-15,1.3137444287719173e-08,2.615808529012711e-08,2.3421236630889123e-19,7.080377019793041e-19,0.00631590373380635,0.01303538666297506,3.397581823675377e-31,1.0000000000000752e-30,4.891900540843325e-10,1.5892783052246417e-09,2.639814795132036e-11,8.371619144597504e-11
1.552,1350.5175451102173,5.127714128807452,0.1710112246278514,10.559249271215762,0.49406315739630513,0.07338175147841934,6.866653452799932e-06,5.099419473182955e-07,1.3210501140710383e-12,1.5571383732589137e-12,2.4270153535632074e-13,5.721507003054688e-13,1.1550994467239812e-07,1.4473120021037332e-07,0.19826480694070084,0.2631449100429947,1.832694934666263e-15,4.4565435092486335e-15,2.795748789747094e-13,7.006012841134799e-13,1.278128517821637e-12,1.3208527296777941e-12,3.362873646661696e-06,3.7250238553172597e-06,0.01191779091441228,0.01408628339317119,0.25625209543667254,0.5288050699006137,0.03315394520994574,0.10749587319093767,9.154040205152486e-08,1.9570204684431855e-07,2.7637048197242302e-06,6.113701241601606e-06,9.541748549073145e-07,2.25248890084758e-06,1.6637677065983106e-05,3.438765485892736e-05,4.181919055774959e-09,8.953981586628574e-09,1.5163075368156961e-06,3.359199506197824e-06,2.7822493527284933e-11,8.410117396298181e-11,1.4242007899919337e-18,1.4697092483047863e-18,6.067611038608906e-12,7.162698017455747e-12,3.863138078666814e-12,8.26004940750987e-12,1.1992303147512352e-15,2.2987491607714356e-15,1.3137393178233315e-08,2.6158090996147275e-08,2.3404202654856292e-19,7.0752566177744555e-19,0.006315877784901765,0.013035386662979518,3.3975678647017075e-31,1.0000000000000744e-30,4.887684873650969e-10,1.5879152452397313e-09,2.637950958362261e-11,8.365742747740092e-11
1.553,1350.4668204445293,5.127853287391731,0.171006583761863,10.56509699928565,0.494068566266121,0.07338285594072318,6.863122845964546e-06,5.09681843266293e-07,1.3194699945924413e-12,1.5552822480807757e-12,2.4240530680445773e-13,5.714547084187356e-13,1.1543010406671061e-07,1.4463175528107375e-07,0.19826064894010684,0.2631404710769932,1.830434450642451e-15,4.4510649791160554e-15,2.7932864905452565e-13,6.999871158341641e-13,1.276388126984612e-12,1.3190595747714855e-12,3.3605226451572023e-06,3.7224349464218564e-06,0.011915714832628497,0.01408388734741714,0.25625181940154884,0.5288066700287835,0.03315509397604967,0.10750003894993168,9.150913667534088e-08,1.956360080589155e-07,2.7637567053226243e-06,6.113841105625146e-06,9.537143919713258e-07,2.251411139094517e-06,1.662327663042226e-05,3.43580322315203e-05,4.1777185202688e-09,8.945024447545072e-09,1.5155103839646994e-06,3.3574472846151605e-06,2.779293726488733e-11,8.401217670569848e-11,1.4236004136234318e-18,1.4690957155785435e-18,6.064723447946903e-12,7.159318647821753e-12,3.860936142009219e-12,8.255375163436607e-12,1.1983692757905056e-15,2.297108100298122e-15,1.3137342137470834e-08,2.615809669783708e-08,2.338718453682053e-19,7.070140929517893e-19,0.006315851870093217,0.013035386662983976,3.3975539240696843e-31,1.0000000000000737e-30,4.883476202218821e-10,1.5865544382873687e-09,2.63608936148658e-11,8.359873360878103e-11
1.554,1350.4161111682797,5.127992433701099,0.17100194355708195,10.570944886035933,0.4940739698410371,0.07338395923015198,6.8595948712609235e-06,5.094219298073218e-07,1.3178921701639742e-12,1.55342880452527e-12,2.4210952101622364e-13,5.707597515350943e-13,1.1535033970289241e-07,1.4453240428677817e-07,0.19825649459593134,0.2631360355093997,1.8281773649435804e-15,4.44559464380191e-15,2.790827042732352e-13,6.993736532958844e-13,1.274650729188613e-12,1.3172694911659716e-12,3.3581743844610457e-06,3.7198490322260883e-06,0.011913641473852122,0.014081494424605994,0.2562515419226001,0.5288082643406,0.03315624303905126,0.1075042051263737,9.147788849435103e-08,1.9557000443906886e-07,2.7638085451652266e-06,6.113980836626671e-06,9.532544286275634e-07,2.2503345357494936e-06,1.6608897537649753e-05,3.4328453288807166e-05,4.173524552890851e-09,8.936081250048352e-09,1.5147143237416253e-06,3.3556974511754325e-06,2.7763423974958382e-11,8.392330816300472e-11,1.4230002065021984e-18,1.468482344559984e-18,6.06183808410173e-12,7.155941840625274e-12,3.858735987381425e-12,8.250704646854152e-12,1.1975090702883245e-15,2.2954686116178177e-15,1.3137291165315684e-08,2.6158102395203317e-08,2.337018225364521e-19,7.065029948234082e-19,0.006315825989323247,0.013035386662988448,3.3975400017484044e-31,1.0000000000000756e-30,4.879274510003945e-10,1.585195879057221e-09,2.6342300001336103e-11,8.354010970405798e-11
1.555,1350.3654172543816,5.12813156776946,0.17099730401229057,10.57679293145265,0.4940793681284005,0.073385061348431,6.85606952516825e-06,5.091622066910785e-07,1.3163166364101615e-12,1.5515780375119249e-12,2.4181417710004834e-13,5.70065827581844e-13,1.1527065146415659e-07,1.4443314708522592e-07,0.1982523439035789,0.2631316033366173,1.825923670760353e-15,4.440132486977396e-15,2.788370441576236e-13,6.987608953377118e-13,1.2729163177007065e-12,1.3154824719818118e-12,3.3558288595026843e-06,3.717266107225669e-06,0.011911570833506791,0.014079104619533541,0.25625126300382733,0.5288098528490237,0.033157392396883804,0.10750837171447652,9.144665748964549e-08,1.955040359476257e-07,2.763860339340159e-06,6.114120434852737e-06,9.527949640584155e-07,2.249259088934445e-06,1.659453974561447e-05,3.429891794520002e-05,4.169337140016828e-09,8.927151965363885e-09,1.5139193542272957e-06,3.353950001714977e-06,2.7733953569250493e-11,8.383456807192476e-11,1.4224001685416558e-18,1.4678691351849937e-18,6.0589549463970894e-12,7.15256759521898e-12,3.856537612290061e-12,8.246037852627382e-12,1.1966496969681254e-15,2.2938306923501554e-15,1.3137240261649115e-08,2.6158108088246877e-08,2.3353195800139186e-19,7.059923672558281e-19,0.006315800142534523,0.013035386662992947,3.397526097707015e-31,1.0000000000000777e-30,4.875079782168203e-10,1.5838395627925804e-09,2.6323728700655317e-11,8.348155563140183e-11
1.556,1350.3147386792498,5.128270689619816,0.17099266512663497,10.582641135521868,0.49408476113993516,0.0733861622979333,6.852546803584253e-06,5.089026736240417e-07,1.3147433887098704e-12,1.5497299416704175e-12,2.415192741708119e-13,5.693729345013803e-13,1.1519103922244709e-07,1.443339835200226e-07,0.19824819685405495,0.2631271745492015,1.8236733612299202e-15,4.434678492182623e-15,2.785916681704255e-13,6.981488406381197e-13,1.2711848855725266e-12,1.3136985101166104e-12,3.3534860649135255e-06,3.7146861655857553e-06,0.011909502907052191,0.014076717927037442,0.2562509826448211,0.5288114355578967,0.03315854205189458,0.10751253872276131,9.141544363184936e-08,1.9543810252504923e-07,2.7639120879067427e-06,6.114259900486003e-06,9.523359971464407e-07,2.2481847960633177e-06,1.6580203198813584e-05,3.426942608730276e-05,4.1651562646987734e-09,8.918236557599126e-09,1.5131254726434385e-06,3.35220493016656e-06,2.7704525956936894e-11,8.374595616167217e-11,1.4218002999183815e-18,1.4672560876609519e-18,6.056074027324544e-12,7.149195902889753e-12,3.854341013929687e-12,8.241374774953279e-12,1.1957911544589505e-15,2.2921943399336097e-15,1.3137189426359794e-08,2.615811377698257e-08,2.333622512309804e-19,7.054822086610169e-19,0.006315774329669884,0.013035386662997424,3.3975122119147747e-31,1.000000000000079e-30,4.870891999198844e-10,1.582485483217769e-09,2.6305179667037137e-11,8.342307124816507e-11
1.557,1350.2640754171607,5.128409799281993,0.17098802689903392,10.588489498229688,0.4940901488845441,0.07338726208061244,6.8490267028050325e-06,5.086433303422506e-07,1.31317242262318e-12,1.5478845118437714e-12,2.4122481134365276e-13,5.686810702366097e-13,1.1511150285759194e-07,1.442349134446421e-07,0.19824405344119342,0.2631227491414591,1.82142642955936e-15,4.4292326431269735e-15,2.7834657581836356e-13,6.975374879857429e-13,1.2694564260311169e-12,1.3119175986489571e-12,3.351145995543302e-06,3.712109201713029e-06,0.011907437689940494,0.014074334341946085,0.2562507008479765,0.528813012476844,0.03315969200361554,0.10751670615062023,9.138424689852305e-08,1.9537220412662352e-07,2.7639637909424833e-06,6.114399233749309e-06,9.518775269737056e-07,2.2471116550209015e-06,1.6565887850759934e-05,3.423997762034912e-05,4.160981912234785e-09,8.909334995669254e-09,1.5123326767826587e-06,3.3504622317274165e-06,2.7675141049295752e-11,8.365747216781082e-11,1.42120060063843e-18,1.4666432020192241e-18,6.053195323571987e-12,7.145826759877849e-12,3.852146189711367e-12,8.236715408491293e-12,1.1949334414575026e-15,2.2905595519361814e-15,1.3137138659332248e-08,2.615811946141674e-08,2.3319270203256334e-19,7.049725184768968e-19,0.006315748550672256,0.013035386663001889,3.397498344340988e-31,1.0000000000000822e-30,4.866711144720363e-10,1.5811336350761238e-09,2.6286652857119258e-11,8.336465641938024e-11
1.558,1350.2134274423174,5.12854889678618,0.17098338932839433,10.594338019562244,0.4940955313709639,0.07338836069839581,6.845509219253834e-06,5.083841765911558e-07,1.3116037337683584e-12,1.5460417429433306e-12,2.409307877392791e-13,5.679902327434664e-13,1.1503204225176273e-07,1.4413593671548272e-07,0.19823991365898821,0.26311832710790345,1.8191828690183012e-15,4.42379492367112e-15,2.7810176661965793e-13,6.969268361979501e-13,1.2677309323682513e-12,1.3101397307240336e-12,3.348808646312896e-06,3.709535210092627e-06,0.011905375177629565,0.014071953859094025,0.2562504176158302,0.5288145836157725,0.03316084225143435,0.10752087399697534,9.135306726895513e-08,1.9530634071131903e-07,2.7640154485261322e-06,6.114538434868143e-06,9.514195526684414e-07,2.246039663800809e-06,1.655159365715365e-05,3.421057245408895e-05,4.1568140684816186e-09,8.900447249684172e-09,1.5115409645728103e-06,3.3487219018941288e-06,2.7645798758353987e-11,8.356911582815449e-11,1.4206010706777367e-18,1.4660304782600376e-18,6.0503188320610045e-12,7.142460162698989e-12,3.849953137118506e-12,8.232059748055e-12,1.1940765566840974e-15,2.2889263259709345e-15,1.313708796045097e-08,2.6158125141555106e-08,2.3302331024328626e-19,7.044632962314224e-19,0.0063157228054847,0.013035386663006358,3.3974844949550077e-31,1.0000000000000831e-30,4.862537203112472e-10,1.5797840133561033e-09,2.6268148228215955e-11,8.330631101221713e-11
1.559,1350.162794728954,5.128687982162553,0.1709787524136237,10.600186699505707,0.49410090860786465,0.07338945815319951,6.841994349282045e-06,5.081252121108421e-07,1.310037317744808e-12,1.5442016298579352e-12,2.406372024778518e-13,5.673004199764911e-13,1.1495265728608507e-07,1.4403705318762035e-07,0.19823577750149335,0.2631139084431219,1.8169426728588743e-15,4.418365317632372e-15,2.7785724008739163e-13,6.963168840791577e-13,1.266008397865617e-12,1.3083648994762974e-12,3.3464740121182926e-06,3.7069641851817536e-06,0.011903315365590396,0.014069576473330767,0.2562501329509585,0.5288161489846603,0.0331619927946929,0.10752504226059836,9.132190472143396e-08,1.9524051223595966e-07,2.7640670607361393e-06,6.114677504067207e-06,9.509620733348716e-07,2.2449688203398233e-06,1.653732057257239e-05,3.4181210495947546e-05,4.1526527190219365e-09,8.89157328916546e-09,1.5107503338691148e-06,3.3469839360020846e-06,2.761649899605718e-11,8.348088688025795e-11,1.4200017100281509e-18,1.4654179163999837e-18,6.047444549882377e-12,7.139096108068223e-12,3.847761853595141e-12,8.227407788373272e-12,1.193220498848125e-15,2.287294659629798e-15,1.313703732960071e-08,2.6158130817403368e-08,2.3285407567308336e-19,7.0395454137022825e-19,0.006315697094050377,0.013035386663010788,3.3974706637262665e-31,1.000000000000081e-30,4.858370158375272e-10,1.578436612922601e-09,2.6249665737406533e-11,8.324803489309229e-11
1.56,1350.1121772510555,5.128827055442265,0.17097411615359734,10.606035538046283,0.49410628060345435,0.07339055444686925,6.838482089099767e-06,5.078664366308683e-07,1.308473170109606e-12,1.5423641674262589e-12,2.4034405467464455e-13,5.666116298785972e-13,1.1487334783963181e-07,1.4393826271354606e-07,0.1982316449632157,0.2631094931422956,1.8147058342712537e-15,4.412943808676541e-15,2.776129957254162e-13,6.957076304105662e-13,1.26428881577011e-12,1.3065930980039435e-12,3.3441420877999106e-06,3.7043961213756852e-06,0.011901258249309949,0.01406720217952406,0.2562498468563691,0.5288177085943624,0.033163143632299136,0.10752921093885112,9.129075923255497e-08,1.9517471865374054e-07,2.764118627652708e-06,6.114816441574938e-06,9.505050880382572e-07,2.243899122482581e-06,1.65230685496991e-05,3.4151891649429034e-05,4.148497848964647e-09,8.882713082618813e-09,1.5099607824066188e-06,3.3452483291201275e-06,2.7587241674018163e-11,8.339278506065628e-11,1.4194025187008e-18,1.464805516475484e-18,6.044572475011552e-12,7.135734593744525e-12,3.845572336505947e-12,8.222759524004693e-12,1.1923652666355648e-15,2.2856645504596157e-15,1.3136986766665565e-08,2.6158136488965242e-08,2.3268499810009137e-19,7.034462532427594e-19,0.00631567141631266,0.013035386663015229,3.397456850624308e-31,1.0000000000000819e-30,4.854209993870314e-10,1.5770914284328043e-09,2.6231205341302373e-11,8.31898279269295e-11
1.561,1350.0615749840413,5.128966116651999,0.1709694805473397,10.611884535170207,0.49411164736773966,0.07339164958151687,6.834972434958022e-06,5.076078498838048e-07,1.3069112864308746e-12,1.5405293504997372e-12,2.4005134345806824e-13,5.659238604235699e-13,1.1479411379161865e-07,1.438395651459189e-07,0.19822751603685626,0.2631050811982047,1.812472346549864e-15,4.4075303807221674e-15,2.773690330343535e-13,6.950990739652081e-13,1.2625721793548858e-12,1.3048243194320124e-12,3.341812868215336e-06,3.7018310130883824e-06,0.011899203824285942,0.014064830972553892,0.2562495593332469,0.5288192624519646,0.033164294764978425,0.10753338003498703,9.125963077831738e-08,1.9510895991657524e-07,2.7641701493451924e-06,6.114955247595697e-06,9.500485958159356e-07,2.242830568007654e-06,1.650883754022177e-05,3.4122615815976584e-05,4.144349443201568e-09,8.873866598083698e-09,1.5091723078500576e-06,3.343515076161063e-06,2.755802670406843e-11,8.330481010653289e-11,1.4188034967551978e-18,1.4641932785728462e-18,6.041702602442158e-12,7.132375613966417e-12,3.843384583245253e-12,8.218114949570755e-12,1.1915108587432086e-15,2.284035996027776e-15,1.3136936271532846e-08,2.6158142156250458e-08,2.325160772061254e-19,7.0293843090720885e-19,0.006315645772214987,0.013035386663019682,3.3974430556186978e-31,1.000000000000083e-30,4.850056692593933e-10,1.5757484544250174e-09,2.6212766996415226e-11,8.313168997832896e-11
1.562,1350.0109879017587,5.12910516582352,0.17096484559370612,10.61773369086375,0.4941170089086234,0.07339274355894043,6.831465383408982e-06,5.073494516245583e-07,1.3053516624148437e-12,1.538697174092338e-12,2.397590679574811e-13,5.652371095873267e-13,1.1471495502724663e-07,1.4374096034488596e-07,0.19822339071722145,0.2631006726064182,1.8102422030471066e-15,4.40212501782798e-15,2.771253515480046e-13,6.944912135991865e-13,1.2608584820285802e-12,1.3030585570252624e-12,3.3394863483888936e-06,3.6992688549181585e-06,0.011897152086013147,0.01406246284729623,0.2562492703848627,0.5288208105688476,0.033165446191365515,0.1075375495454787,9.122851933992918e-08,1.9504323598750514e-07,2.7642216258967035e-06,6.115093922364168e-06,9.495925958548877e-07,2.241763155046731e-06,1.649462750258907e-05,3.4093382911002575e-05,4.140207488309384e-09,8.865033807205768e-09,1.508384908292565e-06,3.3417841729865152e-06,2.7528853999671388e-11,8.321696175999109e-11,1.4182046441239893e-18,1.463581202647396e-18,6.038834930314204e-12,7.1290191666863814e-12,3.841198591371589e-12,8.213474060043532e-12,1.1906572739194205e-15,2.2824089940003355e-15,1.3136885844087012e-08,2.615814781926256e-08,2.323473129171177e-19,7.024310741597209e-19,0.0063156201617009106,0.01303538666302412,3.3974292786790726e-31,1.0000000000000835e-30,4.845910239894059e-10,1.574407686201324e-09,2.6194350661095256e-11,8.307362091771304e-11
1.563,1349.9604159809628,5.129244202979574,0.17096021129185268,10.62358300511321,0.4941223652376101,0.07339383638147091,6.8279609303373275e-06,5.070912415584284e-07,1.3037942934957689e-12,1.5368676328971593e-12,2.3946722730149743e-13,5.645513753439245e-13,1.1463587141930099e-07,1.43642448155024e-07,0.19821926899549525,0.26309626735768904,1.8080153969938367e-15,4.396727703756294e-15,2.7688195073234044e-13,6.938840479985357e-13,1.2591477169557407e-12,1.3012958037958867e-12,3.3371625230109696e-06,3.696709641093029e-06,0.011895103030024301,0.014060097798671236,0.2562489800108487,0.5288223529488679,0.033166597913733796,0.10754171947859387,9.119742488744651e-08,1.9497754680571977e-07,2.7642730573653803e-06,6.115232466059629e-06,9.491370870310773e-07,2.2406968809970913e-06,1.6480438381160835e-05,3.406419282079371e-05,4.1360719673737115e-09,8.856214674154092e-09,1.5075985809286125e-06,3.3400556134668374e-06,2.749972347142955e-11,8.312923975447228e-11,1.4176059609967875e-18,1.4629692889195787e-18,6.035969451287248e-12,7.125665243386598e-12,3.8390143580803585e-12,8.208836849618021e-12,1.1898045108023054e-15,2.2807835418317793e-15,1.3136835484218288e-08,2.6158153478015812e-08,2.3217870469130526e-19,7.01924181382444e-19,0.006315594584714172,0.013035386663028533,3.397415519775175e-31,1.000000000000084e-30,4.841770616240604e-10,1.5730691174787215e-09,2.6175956290061615e-11,8.301562060397984e-11
1.564,1349.9098591938773,5.129383228157293,0.17095557764045632,10.629432477904926,0.4941277163603161,0.07339492805056402,6.824459072525168e-06,5.068332194573389e-07,1.3022391755001331e-12,1.5350407220693925e-12,2.3917582061929066e-13,5.638666556686428e-13,1.1455686285797153e-07,1.4354402844270765e-07,0.19821515086876187,0.2630918654505983,1.805791921778687e-15,4.391338422652348e-15,2.7663883014964653e-13,6.932775760905885e-13,1.2574398776707352e-12,1.2995360531379921e-12,3.3348413872485747e-06,3.6941533663686674e-06,0.011893056651824344,0.014057735821565782,0.25624868821671204,0.5288238896080006,0.03316774992847138,0.10754588982351654,9.116634740636306e-08,1.9491189234340709e-07,2.7643244438481237e-06,6.115370878947047e-06,9.486820686599473e-07,2.239631744293386e-06,1.6466270140136475e-05,3.4035045472639606e-05,4.131942868408482e-09,8.84740917364892e-09,1.506813324214572e-06,3.3383293942678373e-06,2.7470635034365982e-11,8.304164383676835e-11,1.4170074471915932e-18,1.4623575372262954e-18,6.0331061670287195e-12,7.122313846182968e-12,3.836831881054986e-12,8.204203313532283e-12,1.1889525681809055e-15,2.279159637265755e-15,1.3136785191808174e-08,2.615815913250679e-08,2.3201025267117547e-19,7.014177530260977e-19,0.0063155690411986105,0.013035386663032958,3.397401778876778e-31,1.0000000000000828e-30,4.837637808993822e-10,1.5717327442126213e-09,2.615758384329118e-11,8.295768891269457e-11
1.565,1349.8593175171854,5.1295222413798385,0.17095094463865973,10.635282109225265,0.4941330622879883,0.07339601856851027,6.820959805989014e-06,5.065753850363248e-07,1.3006863039307835e-12,1.5332164363824755e-12,2.388848470467968e-13,5.631829485526023e-13,1.1447792921863098e-07,1.4344570105573368e-07,0.19821103632845463,0.26308746687622053,1.803571770708104e-15,4.385957158460718e-15,2.763959892785866e-13,6.926717965930385e-13,1.2557349574209638e-12,1.2977792981488178e-12,3.332522935874975e-06,3.6916000250642296e-06,0.011891012946962253,0.014055376910918255,0.256248395002295,0.5288254205505194,0.033168902237630166,0.10755006058779305,9.113528686850753e-08,1.9484627254353138e-07,2.7643757854046483e-06,6.11550916120901e-06,9.482275396663513e-07,2.23856774244802e-06,1.6452122726202594e-05,3.4005940757627226e-05,4.127820175101583e-09,8.8386172711461e-09,1.5060291354867561e-06,3.3366055095735717e-06,2.7441588600061806e-11,8.295417374325348e-11,1.4164091028663622e-18,1.4617459477552223e-18,6.03024507061938e-12,7.118964967054143e-12,3.834651157566873e-12,8.199573446142816e-12,1.1881014447191719e-15,2.277537277805927e-15,1.313673496674692e-08,2.615816478274897e-08,2.318419563499802e-19,7.009117875785725e-19,0.006315543531098181,0.0130353866630374,3.3973880559537483e-31,1.0000000000000852e-30,4.833511799431861e-10,1.5703985603821523e-09,2.6139233276292978e-11,8.289982570524483e-11
1.566,1349.8087909226865,5.1296612426859065,0.1709463122850882,10.641131899060639,0.49413840302555095,0.07339710793666003,6.817463127761451e-06,5.063177380858549e-07,1.2991356747299934e-12,1.5313947711275755e-12,2.3859430572209373e-13,5.62500251991876e-13,1.1439907039618155e-07,1.4334746586635884e-07,0.19820692537234363,0.2630830716340367,1.8013549372780235e-15,4.380583895586015e-15,2.7615342770530015e-13,6.920667084928483e-13,1.2540329498682706e-12,1.2960255323536348e-12,3.3302071641995246e-06,3.6890496120923865e-06,0.011888971910954317,0.01405302106162789,0.25624810037375134,0.5288269457937148,0.033170054836941736,0.10755423175847471,9.1104243262997e-08,1.9478068738601208e-07,2.764427082136543e-06,6.115647313120658e-06,9.477734994652462e-07,2.2375048741302837e-06,1.6437996108195337e-05,3.3976878612621326e-05,4.123703876642261e-09,8.829838943879766e-09,1.5052460134911111e-06,3.3348839566908687e-06,2.74125840850336e-11,8.286682922520878e-11,1.4158109277682557e-18,1.461134520270043e-18,6.0273861646992515e-12,7.115618609263501e-12,3.832472185440447e-12,8.19494724298815e-12,1.1872511392519842e-15,2.275916461283438e-15,1.3136684808915397e-08,2.6158170428736708e-08,2.316738159918596e-19,7.004062858582735e-19,0.006315518054356922,0.013035386663041824,3.3973743509759723e-31,1.0000000000000856e-30,4.829392576519483e-10,1.5690665624635803e-09,2.6120904550442774e-11,8.284203086161668e-11
1.567,1349.7582793907045,5.12980023208748,0.1709416805792574,10.646981847397472,0.49414373858863275,0.07339819615795055,6.813969032871565e-06,5.060602782475617e-07,1.2975872830109023e-12,1.529575720618201e-12,2.3830419577620466e-13,5.618185639657915e-13,1.143202862480979e-07,1.4324932269992666e-07,0.19820281798744044,0.2630786797092361,1.7991414145867272e-15,4.375218617464932e-15,2.7591114481226357e-13,6.914623102664906e-13,1.2523338479117512e-12,1.2942747484891025e-12,3.3278940665123497e-06,3.6865021212363317e-06,0.011886933539410413,0.014050668268703694,0.2562478043264725,0.5288284653326448,0.03317120773290991,0.10755840335753723,9.10732165456692e-08,1.94715136779605e-07,2.764478334072195e-06,6.115785334794937e-06,9.473199465417056e-07,2.2364431358139976e-06,1.6423890212798705e-05,3.394785888735415e-05,4.119593951763133e-09,8.821074146692321e-09,1.5044639542864912e-06,3.333164726972939e-06,2.73836213968348e-11,8.277961000680544e-11,1.4152129224086952e-18,1.4605232553230778e-18,6.0245294357429295e-12,7.112274756989825e-12,3.8302949614083484e-12,8.190324697271541e-12,1.1864016502802754e-15,2.274297184889025e-15,1.3136634718211347e-08,2.615817607049684e-08,2.3150583047053317e-19,6.999012444799596e-19,0.006315492610919175,0.013035386663046267,3.3973606639135094e-31,1.000000000000086e-30,4.825280114624639e-10,1.5677367421904174e-09,2.6102597616110847e-11,8.278430422688247e-11
1.568,1349.707782892187,5.1299392096260865,0.17093704951969874,10.652831954222235,0.49414906898099203,0.07339928323355768,6.8104775189828e-06,5.058030053587173e-07,1.2960411249796951e-12,1.527759280456124e-12,2.380145163660054e-13,5.611378825145501e-13,1.1424157668055022e-07,1.4315127144279287e-07,0.1981987141726881,0.2630742911028502,1.7969311963771255e-15,4.3698613091011854e-15,2.756691402422625e-13,6.908586010427495e-13,1.2506376454833912e-12,1.2925269403591233e-12,3.325583638449722e-06,3.683957547770264e-06,0.011884897827841858,0.014048318527038209,0.25624750686774495,0.5288299791869272,0.03317236092011908,0.10756257536831011,9.104220671465079e-08,1.9464962072347957e-07,2.7645295413225928e-06,6.115923226527675e-06,9.468668805511521e-07,2.235382526735886e-06,1.640980502007385e-05,3.3918881541883845e-05,4.115490392480443e-09,8.812322862868549e-09,1.503682957324211e-06,3.3314478192888716e-06,2.7354700455074077e-11,8.269251584864764e-11,1.414615086366832e-18,1.459912152504538e-18,6.0216748876739455e-12,7.108933415011074e-12,3.828119483648112e-12,8.185705805285662e-12,1.1855529767502111e-15,2.2726794466668274e-15,1.3136584694514693e-08,2.615818170802129e-08,2.313380003726706e-19,6.993966652370242e-19,0.006315467200729117,0.013035386663050697,3.3973469947363374e-31,1.0000000000000873e-30,4.82117440657997e-10,1.5664090972951739e-09,2.6084312437865724e-11,8.272664569113974e-11
1.569,1349.6573014032238,5.130078175327296,0.17093241910547555,10.658682219521427,0.4941543942126526,0.07340036916558369,6.806988581804683e-06,5.055459191114319e-07,1.2944971960640048e-12,1.5259454453250585e-12,2.377252666194987e-13,5.604582056101622e-13,1.1416294156477906e-07,1.430533119375276e-07,0.19819461392070742,0.26306990580750317,1.7947242758398676e-15,4.364511954154539e-15,2.754274134556665e-13,6.902555794931544e-13,1.2489443357853473e-12,1.2907821010129906e-12,3.323275874681125e-06,3.681415885896933e-06,0.011882864771848895,0.014045971831628016,0.256247207998523,0.5288314873630816,0.033173514399496014,0.10756674779468174,9.101121373808046e-08,1.9458413915267564e-07,2.764580703951763e-06,6.116060988510462e-06,9.46414300336881e-07,2.2343230442151617e-06,1.639574047276506e-05,3.3889946459129765e-05,4.111393181514301e-09,8.803585055786234e-09,1.5029030196852773e-06,3.3297332272559132e-06,2.732582117099636e-11,8.260554648604042e-11,1.4140174198399279e-18,1.4593012120424222e-18,6.018822515689072e-12,7.1055945778021915e-12,3.825945749260271e-12,8.181090561019405e-12,1.1847051172776593e-15,2.2710632440275357e-15,1.313653473771478e-08,2.615818734131921e-08,2.311703251275923e-19,6.988925464238262e-19,0.0063154418237313,0.013035386663055102,3.39733334341462e-31,1.0000000000000861e-30,4.817075432347425e-10,1.5650836213283873e-09,2.6066048970373325e-11,8.266905511306877e-11
1.57,1349.6068348990862,5.1302171292192975,0.17092778933556413,10.664532643281586,0.494159714292622,0.07340145395597984,6.803502217875588e-06,5.052890192593526e-07,1.2929554920215286e-12,1.5241342102975627e-12,2.374364456886995e-13,5.597795312811595e-13,1.1408438078642393e-07,1.4295544404473477e-07,0.1981905172251514,0.2630655238171883,1.7925206464863264e-15,4.359170537063999e-15,2.7518596398450557e-13,6.896532444687602e-13,1.2472539123470538e-12,1.2890402238379696e-12,3.320970770288459e-06,3.678877130275668e-06,0.011880834367010677,0.014043628177444464,0.2562469077207716,0.528832989869712,0.0331746681709473,0.10757092063723264,9.098023759573488e-08,1.9451869202711044e-07,2.7646318220335973e-06,6.116198620956713e-06,9.459622050478264e-07,2.233264686292481e-06,1.638169652791644e-05,3.3861053551564726e-05,4.107302305177773e-09,8.794860696515314e-09,1.5021241393516434e-06,3.328020946487152e-06,2.729698345953896e-11,8.251870166543936e-11,1.413419922816813e-18,1.458690433949595e-18,6.015972316042416e-12,7.102258241086072e-12,3.823773755809016e-12,8.176478959452714e-12,1.1838580706227852e-15,2.269448574658307e-15,1.3136484847700126e-08,2.6158192970398042e-08,2.310028045569104e-19,6.983888875206753e-19,0.006315416479870328,0.013035386663059551,3.3973197099185578e-31,1.000000000000087e-30,4.81298317680354e-10,1.563760309437144e-09,2.6047807172277534e-11,8.261153236395949e-11
1.571,1349.5563833545843,5.130356071331854,0.17092316020888854,10.670383225489275,0.4941650292292003,0.07340253760659111,6.800018423733376e-06,5.050323055560599e-07,1.2914160086225795e-12,1.522325570460814e-12,2.3714805272399723e-13,5.591018575521446e-13,1.1400589423151033e-07,1.4285766762549064e-07,0.1981864240803717,0.2630611451268211,1.7903203018145136e-15,4.353837042235313e-15,2.749447913639187e-13,6.890515948283391e-13,1.2455663687156581e-12,1.2873013022393499e-12,3.3186683203664416e-06,3.6763412755796676e-06,0.011878806608915498,0.014041287559469217,0.25624660603713834,0.5288344867168225,0.03317582223369278,0.10757509389431456,9.094927826773443e-08,1.9445327930742855e-07,2.7646828956457863e-06,6.116336124088148e-06,9.45510593847641e-07,2.2322074510431043e-06,1.6367673143174696e-05,3.383220273290275e-05,4.103217749935408e-09,8.78614975644874e-09,1.501346314342992e-06,3.326310972679004e-06,2.7268187235899216e-11,8.243198113407361e-11,1.4128225952675147e-18,1.4580798182194635e-18,6.013124286065101e-12,7.0989244018567114e-12,3.821603500857218e-12,8.17187099556221e-12,1.183011835546485e-15,2.2678354362475155e-15,1.313643502435823e-08,2.615819859526275e-08,2.3083543852060415e-19,6.978856881238238e-19,0.006315391169090827,0.013035386663063921,3.3973060942183806e-31,1.0000000000000861e-30,4.808897625045071e-10,1.5624391568398617e-09,2.6029587002427808e-11,8.255407731574611e-11
1.572,1349.505946743946,5.130495001696726,0.17091853172430665,10.676233966131097,0.4941703390297974,0.07340362011912817,6.7965371956700865e-06,5.04775777736844e-07,1.2898787415584757e-12,1.5205195208086017e-12,2.3686008686513773e-13,5.584251824225229e-13,1.1392748178241725e-07,1.4275998253628957e-07,0.19818233448160025,0.2630567697324775,1.7881232351999863e-15,4.348511453775617e-15,2.7470389511303306e-13,6.88450629390454e-13,1.2438816983659236e-12,1.2855653295473122e-12,3.3163685199065967e-06,3.6738083163674365e-06,0.011876781493170811,0.014038949972705893,0.25624630295112694,0.5288359779161688,0.03317697658609213,0.10757926756148713,9.091833573135417e-08,1.9438790094818145e-07,2.7647339248695765e-06,6.116473498134188e-06,9.450594658351859e-07,2.231151336389159e-06,1.6353670273007108e-05,3.380339391028123e-05,4.099139501450448e-09,8.777452205262194e-09,1.5005695424788266e-06,3.3246033010840764e-06,2.723943241454418e-11,8.234538463695128e-11,1.4122254371903776e-18,1.4574693648745898e-18,6.0102784247511055e-12,7.095593059070785e-12,3.8194349818285234e-12,8.167266664026206e-12,1.1821664107675736e-15,2.266223826402658e-15,1.31363852675754e-08,2.6158204215915138e-08,2.3066822682815115e-19,6.973829476767826e-19,0.006315365891337728,0.013035386663068334,3.397292496284446e-31,1.0000000000000871e-30,4.804818761098585e-10,1.5611201584070075e-09,2.60113884188235e-11,8.249668983765805e-11
1.573,1349.455525046108,5.130633920330865,0.17091390388116973,10.682084865193675,0.49417564370787315,0.07340470149619932,6.793058529758326e-06,5.045194355206708e-07,1.2883436864029768e-12,1.5187160561958879e-12,2.365725472786082e-13,5.577495039546505e-13,1.1384914331571907e-07,1.4266238862634139e-07,0.1981782484180062,0.26305239762218147,1.7859294401796417e-15,4.343193756183658e-15,2.744632747103022e-13,6.878503468716613e-13,1.2421998946884128e-12,1.283832299004736e-12,3.3140713637655854e-06,3.67127824704776e-06,0.011874759015407051,0.014036615412184815,0.2562459984601711,0.5288374634669716,0.03317813123257535,0.10758344165399196,9.088740995727358e-08,1.9432255688981167e-07,2.764784909749592e-06,6.1166107432431464e-06,9.446088198959812e-07,2.2300963397489635e-06,1.633968786283948e-05,3.3774626972144224e-05,4.095067543201348e-09,8.768768007951723e-09,1.4997938209881216e-06,3.3228979256463594e-06,2.7210718908711204e-11,8.225891191535068e-11,1.4116284488179518e-18,1.4568590741791968e-18,6.007434721304072e-12,7.092264200126354e-12,3.817268196042438e-12,8.16266595929984e-12,1.1813217949751595e-15,2.264613742674106e-15,1.3136335577247794e-08,2.615820983237622e-08,2.305011688512063e-19,6.968806642993285e-19,0.0063153406465559486,0.013035386663072676,3.397278916087135e-31,1.0000000000000854e-30,4.800746565803831e-10,1.559803307973405e-09,2.5993211377362278e-11,8.243936979225164e-11
1.574,1349.4051182327153,5.130772827274362,0.17090927667805852,10.687935922663678,0.494180943267414,0.07340578173900507,6.789582423070596e-06,5.042632787007443e-07,1.2868108391827652e-12,1.5169151720113054e-12,2.3628543311588816e-13,5.570748201754093e-13,1.1377087872839759e-07,1.4256488577041804e-07,0.1981741658882512,0.263048028796554,1.7837389103484283e-15,4.337883934098628e-15,2.7422292975217745e-13,6.872507462841705e-13,1.2405209514888516e-12,1.282102204283305e-12,3.3117768473472977e-06,3.668751062635331e-06,0.011872739171218522,0.01403428387289319,0.2562456925711672,0.5288389433879753,0.03317928616809764,0.10758761615634684,9.085650093512951e-08,1.9425724711328763e-07,2.7648358503904763e-06,6.116747859696074e-06,9.441586554717249e-07,2.2290424598537666e-06,1.632572588280767e-05,3.374590185800796e-05,4.0910018647633845e-09,8.760097142567184e-09,1.4990191486836987e-06,3.3211948438187197e-06,2.7182046636756936e-11,8.21725627260142e-11,1.4110316298796328e-18,1.4562489458781925e-18,6.00459317953383e-12,7.0889378296648784e-12,3.815103141352944e-12,8.15806887698071e-12,1.1804779870227093e-15,2.263005182927142e-15,1.313628595325737e-08,2.6158215444638485e-08,2.3033426491834365e-19,6.963788390042624e-19,0.006315315434690558,0.013035386663077029,3.397265353596886e-31,1.0000000000000833e-30,4.796681028609875e-10,1.5584886021709018e-09,2.597505584033983e-11,8.238211706236787e-11
1.575,1349.3547262805168,5.13091172255134,0.1709046501140859,10.693787138527801,0.4941862377187851,0.07340686084969121,6.786108871532578e-06,5.040073069850599e-07,1.2852801954537108e-12,1.5151168630882194e-12,2.359987435266151e-13,5.56401129107235e-13,1.1369268789600073e-07,1.4246747381642033e-07,0.1981700868845867,0.26304366324769873,1.7815516390902655e-15,4.332581971645709e-15,2.7398285971808815e-13,6.866518263468331e-13,1.2388448621448247e-12,1.2803750386119171e-12,3.3094849654753005e-06,3.666226757501595e-06,0.011870721956258982,0.014031955349887819,0.2562453852845853,0.5288404176846461,0.03318044139404061,0.10759179107390454,9.082560863530855e-08,1.9419197155840964e-07,2.76488674685348e-06,6.116884847677844e-06,9.437089714656741e-07,2.2279896941634606e-06,1.6311784278717165e-05,3.3717218457092344e-05,4.0869424496897646e-09,8.751439574261927e-09,1.498245522822435e-06,3.319494049606416e-06,2.7153415511987988e-11,8.208633681040436e-11,1.4104349805506162e-18,1.4556389801764967e-18,6.001753793886144e-12,7.085613941272344e-12,3.812939814990397e-12,8.153475411332268e-12,1.1796349855736063e-15,2.261398144662446e-15,1.313623639549566e-08,2.615822105271265e-08,2.3016751449175314e-19,6.958774701849633e-19,0.006315290255686775,0.013035386663081365,3.3972518087842393e-31,1.0000000000000815e-30,4.792622130542164e-10,1.5571760348942028e-09,2.5956921763749266e-11,8.232493151084997e-11
1.576,1349.304349164188,5.131050606192542,0.17090002418814446,10.699638512772776,0.49419152706970243,0.07340793883000912,6.782637871869911e-06,5.037515201410002e-07,1.283751751100533e-12,1.5133211246474053e-12,2.3571247767472656e-13,5.557284288061844e-13,1.136145707085685e-07,1.4237015263039825e-07,0.1981660114019225,0.2630393009712441,1.7793676200318546e-15,4.327287853539762e-15,2.7374306416285765e-13,6.860535859673803e-13,1.2371716203533814e-12,1.2786507955493675e-12,3.3071957133811774e-06,3.663705326469674e-06,0.011868707366160318,0.014029629838199194,0.2562450766035373,0.5288418863678949,0.03318159690913863,0.10759596640343257,9.0794733040444e-08,1.9412673019115546e-07,2.7649375992190805e-06,6.117021707415789e-06,9.432597671142102e-07,2.226938040924264e-06,1.629786301167858e-05,3.368857669024927e-05,4.082889285353838e-09,8.742795276368084e-09,1.4974729416324463e-06,3.317795539166309e-06,2.7124825451409594e-11,8.200023392115269e-11,1.409838500753809e-18,1.4550291770186109e-18,5.9989165624784154e-12,7.082292532869066e-12,3.810778214627771e-12,8.148885557563976e-12,1.1787927894284411e-15,2.259792625643554e-15,1.313618690385078e-08,2.6158226656602286e-08,2.300009175191265e-19,6.953765577025913e-19,0.0063152651094899315,0.013035386663085716,3.3972382816197776e-31,1.0000000000000794e-30,4.788569857908724e-10,1.5558656017541568e-09,2.5938809107743406e-11,8.226781301372673e-11
1.577,1349.2539868613135,5.131189478219681,0.17089539889942768,10.705490045385357,0.49419681133144244,0.07340901568223726,6.779169420053145e-06,5.034959178798351e-07,1.2822255017058182e-12,1.5115279515532167e-12,2.3542663472029253e-13,5.55056717319096e-13,1.1353652704233325e-07,1.422729220610875e-07,0.19816193943158658,0.263034941958057,1.7771868466409322e-15,4.322001564108275e-15,2.7350354256698927e-13,6.854560238672053e-13,1.235501219537622e-12,1.27692946837103e-12,3.304909085921582e-06,3.661186763946992e-06,0.011866695396595038,0.014027307332905215,0.25624476652753686,0.5288433494411936,0.033182752715724205,0.1076001421533631,9.076387412084277e-08,1.9406152295113898e-07,2.7649884075428174e-06,6.117158439081928e-06,9.428110413131468e-07,2.2258874975781927e-06,1.628396202735616e-05,3.365997644639762e-05,4.078842355304926e-09,8.734164214027893e-09,1.4967014023534423e-06,3.3160993064650644e-06,2.7096276368832078e-11,8.191425380121943e-11,1.4092421906873194e-18,1.454419536632995e-18,5.996081478046266e-12,7.078973596021218e-12,3.808618337525783e-12,8.144299310003173e-12,1.177951397262712e-15,2.2581886233939983e-15,1.3136137478216594e-08,2.6158232256321722e-08,2.2983447345444774e-19,6.9487609992559165e-19,0.006315239996045528,0.013035386663090119,3.397224772074191e-31,1.0000000000000828e-30,4.784524191679082e-10,1.5545572966268396e-09,2.5920717828478265e-11,8.221076143434243e-11
1.578,1349.203639346898,5.131328338662672,0.17089077424685625,10.711341736352335,0.4942020905119945,0.0734100914081652,6.775703512910074e-06,5.032404999764791e-07,1.2807014432066124e-12,1.5097373390876188e-12,2.3514121383612286e-13,5.543859927227541e-13,1.1345855678920516e-07,1.421757819768597e-07,0.1981578709682047,0.26303058620337855,1.7750093126262337e-15,4.316723088264113e-15,2.732642944934335e-13,6.84859138974263e-13,1.2338336534623542e-12,1.2752110507051767e-12,3.302625078391906e-06,3.6586710648267074e-06,0.011864686043210133,0.014024987829053223,0.256244455059379,0.5288448069147813,0.033183908812841556,0.10760431832146485,9.073303186020194e-08,1.9399634980659743e-07,2.7650391719033984e-06,6.1172950428994875e-06,9.423627933256279e-07,2.2248380624343632e-06,1.6270081288220064e-05,3.363141764919088e-05,4.074801647279765e-09,8.725546361348938e-09,1.4959309032937262e-06,3.314405347836681e-06,2.7067768182041134e-11,8.182839620557109e-11,1.4086460502648532e-18,1.4538100589545518e-18,5.993248538008652e-12,7.075657127823746e-12,3.806460181417702e-12,8.139716663987264e-12,1.177110807898085e-15,2.2565861357173583e-15,1.3136088118482263e-08,2.6158237851875674e-08,2.296681822725415e-19,6.9437609679704815e-19,0.006315214915299071,0.013035386663094502,3.397211280118158e-31,1.0000000000000835e-30,4.780485118628335e-10,1.5532511152744187e-09,2.5902647886644183e-11,8.215377665041552e-11
1.579,1349.153306593943,5.131467187557906,0.17088615022913525,10.717193585660539,0.4942073646165882,0.0734111660091711,6.7722401471454205e-06,5.02985266196677e-07,1.2791795715201507e-12,1.507949282508974e-12,2.3485621417871383e-13,5.537162530553851e-13,1.1338065984019749e-07,1.4207873224495125e-07,0.19815380600915986,0.26302623370610395,1.7728350115520672e-15,4.311452410568144e-15,2.730253195061322e-13,6.842629302189191e-13,1.2321689158709653e-12,1.2734955361576606e-12,3.3003436860551607e-06,3.6561582239657717e-06,0.011862679301665466,0.014022671321705227,0.25624414220458513,0.528846258804513,0.033185065196799424,0.10760849489663395,9.070220624212506e-08,1.9393121072556012e-07,2.765089892394952e-06,6.117431519125689e-06,9.419150224340475e-07,2.2237897338471953e-06,1.625622075721311e-05,3.360290022325538e-05,4.070767149106734e-09,8.716941692633731e-09,1.4951614427975378e-06,3.3127136596945197e-06,2.7039300808759977e-11,8.174266088897277e-11,1.4080500793456486e-18,1.4532007438619115e-18,5.990417744483011e-12,7.072343130918278e-12,3.804303743960944e-12,8.135137614690921e-12,1.1762710201334596e-15,2.2549851603733817e-15,1.313603882453264e-08,2.615824344325971e-08,2.295020440340267e-19,6.938765485193879e-19,0.0063151898671962485,0.01303538666309888,3.3971978057224603e-31,1.0000000000000822e-30,4.776452625739445e-10,1.5519470535263895e-09,2.5884599242993444e-11,8.20968585398532e-11
1.58,1349.102988579697,5.131606024928481,0.17088152684541286,10.723045593296828,0.4942126336558179,0.07341223948742806,6.768779318869689e-06,5.02730216262008e-07,1.277659882310239e-12,1.5061637767766332e-12,2.3457163491533666e-13,5.530474963805189e-13,1.1330283607453017e-07,1.4198177271780807e-07,0.19814974454644396,0.2630218844579648,1.770663936961457e-15,4.306189515528686e-15,2.727866171009321e-13,6.836673963607998e-13,1.2305070002869528e-12,1.2717829181067846e-12,3.298064903864986e-06,3.653648235878051e-06,0.01186067516765857,0.014020357805967118,0.256243827963279,0.5288477051150894,0.03318622186930765,0.10761267188527766,9.06713972389886e-08,1.9386610565204234e-07,2.7651405690766197e-06,6.117567867940194e-06,9.414677275947005e-07,2.222742509401053e-06,1.6242380382817466e-05,3.357442406332162e-05,4.06673884506201e-09,8.708350174576892e-09,1.4943930182772495e-06,3.3110242363869903e-06,2.7010874164015947e-11,8.165704759802682e-11,1.4074542780834305e-18,1.4525915915375669e-18,5.987589091360092e-12,7.069031598233554e-12,3.802149022496511e-12,8.130562156611634e-12,1.1754320326723975e-15,2.25338569493885e-15,1.3135989596261128e-08,2.6158249030485707e-08,2.2933605824383914e-19,6.933774536149318e-19,0.006315164851682905,0.013035386663103237,3.3971843488579747e-31,1.0000000000000808e-30,4.772426694967091e-10,1.5506451055782491e-09,2.586657185464915e-11,8.204000696904386e-11
1.581,1349.0526852808803,5.13174485079925,0.17087690409477885,10.728897759248087,0.49421789763954277,0.07341331184499925,6.7653210244496045e-06,5.024753499130563e-07,1.2761423713501189e-12,1.5043808169787179e-12,2.3428747521978706e-13,5.523797207769777e-13,1.1322508537610419e-07,1.4188490325373168e-07,0.19814568657278672,0.2630175384516686,1.7684960824886356e-15,4.300934387875156e-15,2.72548186797594e-13,6.830725362193968e-13,1.2288479003459238e-12,1.2700731900464526e-12,3.2957887269103942e-06,3.6511410952270783e-06,0.011858673636885917,0.01401804727694313,0.25624351233630177,0.5288491458526859,0.033187378831352,0.10761684929145424,9.064060482697475e-08,1.9380103453819017e-07,2.7651912020129688e-06,6.11770408953461e-06,9.410209078672008e-07,2.221696386924095e-06,1.6228560118293467e-05,3.354598907399271e-05,4.062716720621486e-09,8.699771776440738e-09,1.4936256274465582e-06,3.3093370729298736e-06,2.6982488164139393e-11,8.157155608326301e-11,1.4068586465564007e-18,1.4519826020860253e-18,5.984762573331441e-12,7.065722523643365e-12,3.799996014508313e-12,8.125990284552031e-12,1.1745938442636314e-15,2.2517877370769697e-15,1.3135940433560566e-08,2.6158254613564108e-08,2.29170224586497e-19,6.928788111488916e-19,0.006315139868704989,0.013035386663107617,3.3971709094956255e-31,1.0000000000000822e-30,4.768407309915314e-10,1.5493452661611845e-09,2.584856568008705e-11,8.198322180865897e-11
1.582,1349.0023966724975,5.131883665200606,0.1708722819761388,10.734750083501236,0.4942231565753561,0.07341438308360981,6.761865260572289e-06,5.022206669141739e-07,1.274627034557194e-12,1.502600398373047e-12,2.3400373426647894e-13,5.517129243249463e-13,1.1314740763514846e-07,1.417881237189422e-07,0.19814163208318664,0.2630131956829286,1.7663314418263094e-15,4.295687012478427e-15,2.7231002815093713e-13,6.824783487019932e-13,1.22719160982358e-12,1.2683663456150882e-12,3.293515150456347e-06,3.6486367968709715e-06,0.01185667470503954,0.014015739729731703,0.2562431953267445,0.5288505810281113,0.03318853608166408,0.10762102711191031,9.060982898784672e-08,1.9373599734807445e-07,2.7652417912832206e-06,6.117840184132848e-06,9.405745624715578e-07,2.2206513646230164e-06,1.6214759924109304e-05,3.35175951747667e-05,4.058700763049848e-09,8.691206471316706e-09,1.492859268479321e-06,3.3076521653582273e-06,2.695414272715443e-11,8.148618610031932e-11,1.4062631847061468e-18,1.4513737754707435e-18,5.9819381885223415e-12,7.062415905075022e-12,3.7978447176543185e-12,8.12142199368644e-12,1.1737564537102509e-15,2.250191284554975e-15,1.3135891336320536e-08,2.6158260192498347e-08,2.290045429860877e-19,6.923806209107414e-19,0.006315114918208532,0.013035386663111966,3.397157487606375e-31,1.0000000000000815e-30,4.764394456692812e-10,1.5480475308199699e-09,2.5830580679723298e-11,8.192650293551664e-11
1.583,1348.952122730414,5.132022468160323,0.1708676604884857,10.74060256604323,0.49422841047184407,0.07341545320513114,6.758412023707748e-06,5.019661670135598e-07,1.2731138677678418e-12,1.5008225161216787e-12,2.3372041122999576e-13,5.510471051049155e-13,1.1306980273802203e-07,1.4169143397479937e-07,0.19813758107163418,0.2630088561461146,1.7641700086305414e-15,4.290447374119518e-15,2.720721406948615e-13,6.818848326633715e-13,1.225538122427925e-12,1.2666623783808717e-12,3.2912441696661067e-06,3.64613533555486e-06,0.011854678367830357,0.014013435159453093,0.256242876936673,0.5288520106500483,0.033189693619996935,0.10762520534670275,9.057906969978645e-08,1.936709940381014e-07,2.7652923369592425e-06,6.117976151942447e-06,9.401286905297512e-07,2.2196074404729283e-06,1.6200979756304052e-05,3.3489242275982016e-05,4.054690958522129e-09,8.682654229961573e-09,1.4920939392640505e-06,3.305969509074632e-06,2.6925837770307252e-11,8.140093740246982e-11,1.4056678925541316e-18,1.4507651117375623e-18,5.979115933638997e-12,7.059111738780074e-12,3.795695129475068e-12,8.116857278937573e-12,1.1729198597804268e-15,2.2485963350729737e-15,1.31358423044323e-08,2.6158265767294685e-08,2.288390132076738e-19,6.918828822091042e-19,0.006315090000139718,0.013035386663116297,3.3971440831612723e-31,1.0000000000000786e-30,4.760388119880681e-10,1.5467518946028203e-09,2.5812616812879323e-11,8.186985022295533e-11
1.584,1348.9018634311687,5.132161259704144,0.17086303963088045,10.746455206861047,0.49423365933837193,0.0734165222115493,6.754961310260829e-06,5.017118499545475e-07,1.2716028667962531e-12,1.4990471653602774e-12,2.3343750528886534e-13,5.503822612065843e-13,1.1299227056983716e-07,1.4159483388109013e-07,0.19813353353134022,0.26300451983455747,1.7620117765749137e-15,4.2852154576213326e-15,2.71834523955466e-13,6.812919869386937e-13,1.2238874318559446e-12,1.2649612819003296e-12,3.2889757796751934e-06,3.6436367059928304e-06,0.011852684620982119,0.014011133561242268,0.2562425571673547,0.5288534347255243,0.033190851446896624,0.1076293839984586,9.054832693957463e-08,1.9360602456167414e-07,2.7653428391078176e-06,6.118111993159616e-06,9.396832911227824e-07,2.218564612352059e-06,1.618721956914135e-05,3.34609302843029e-05,4.050687292786985e-09,8.674115022217797e-09,1.491329637572092e-06,3.3042890992218174e-06,2.6897573210701963e-11,8.131580974254737e-11,1.4050727701619922e-18,1.4501566109737392e-18,5.976295804135141e-12,7.05581001953101e-12,3.79354724747783e-12,8.112296135156532e-12,1.1720840612335652e-15,2.2470028863141045e-15,1.3135793337788699e-08,2.615827133796215e-08,2.286736349523607e-19,6.913855941591793e-19,0.00631506511444485,0.013035386663120681,3.3971306961314354e-31,1.0000000000000801e-30,4.756388283443485e-10,1.5454583523574154e-09,2.5794674038502374e-11,8.181326354311953e-11
1.585,1348.8516187487903,5.132300039865878,0.17085841940211557,10.752308005941709,0.4942389031809789,0.07341759010435471,6.751513116960855e-06,5.014577155045398e-07,1.2700940276091746e-12,1.4972743414041015e-12,2.3315501561694755e-13,5.497183907085501e-13,1.1291481102249103e-07,1.4149832330609226e-07,0.1981294894588388,0.2630001867459927,1.759856739352222e-15,4.279991247852744e-15,2.7159717749817255e-13,6.806998104616005e-13,1.222239531948997e-12,1.2632630498789277e-12,3.286709975803785e-06,3.6411409031031957e-06,0.011850693460213675,0.014008834930227816,0.2562422360233586,0.5288548532683688,0.0331920095596027,0.10763356305908023,9.051760069023891e-08,1.9354108888554439e-07,2.7653932978164436e-06,6.118247708026262e-06,9.392383635170857e-07,2.2175228785762837e-06,1.6173479325091475e-05,3.3432659123353276e-05,4.046689753617857e-09,8.665588822262333e-09,1.4905663617017736e-06,3.3026109321098506e-06,2.686934896724448e-11,8.123080287881945e-11,1.4044778174222874e-18,1.4495482730919676e-18,5.973477800659828e-12,7.05251074823367e-12,3.791401069343346e-12,8.107738557564841e-12,1.1712490568828659e-15,2.24541093606444e-15,1.3135744436277518e-08,2.615827690449909e-08,2.285084082311496e-19,6.908887568130656e-19,0.006315040261070323,0.013035386663125056,3.397117326488027e-31,1.0000000000000815e-30,4.752394934208064e-10,1.54416689986123e-09,2.5776752317700657e-11,8.175674277499978e-11
1.586,1348.8013886620556,5.132438808664442,0.1708537998014795,10.758160963272257,0.49424414201173694,0.07341865688593235,6.748067439896504e-06,5.012037633833282e-07,1.2685873458987228e-12,1.4955040392444104e-12,2.328729414006127e-13,5.490554917188124e-13,1.1283742397506757e-07,1.4140190210201556e-07,0.1981254488446078,0.2629958568701105,1.7577048906391685e-15,4.2747747296427405e-15,2.713601008141372e-13,6.80108301979529e-13,1.220594416310369e-12,1.2615676757757976e-12,3.2844467530361792e-06,3.6386479214318393e-06,0.011848704881282712,0.014006539261583694,0.2562419135031913,0.5288562662798881,0.033193167961419925,0.10763774254013579,9.048689092257496e-08,1.9347618695030182e-07,2.7654437131338294e-06,6.118383296698353e-06,9.387939066222685e-07,2.2164822366188696e-06,1.615975897084904e-05,3.340442868414248e-05,4.042698324918372e-09,8.657075595983995e-09,1.4898041089324433e-06,3.3009350017908084e-06,2.684116495590215e-11,8.114591656065764e-11,1.4038830345517355e-18,1.4489400983394478e-18,5.970661914504442e-12,7.0492139147455125e-12,3.789256592412062e-12,8.103184540655796e-12,1.1704148454390979e-15,2.2438204819135014e-15,1.313569559979627e-08,2.6158282466922626e-08,2.2834333244745377e-19,6.903923683857854e-19,0.006315015439962685,0.013035386663129405,3.397103974202299e-31,1.0000000000000828e-30,4.748408053514413e-10,1.5428775311087176e-09,2.5758851607623878e-11,8.170028778502365e-11
1.587,1348.7511731432196,5.132577566139446,0.1708491808275722,10.764014078839777,0.49424937583425416,0.07341972255740939,6.7446242762307014e-06,5.009499933904691e-07,1.2670828178261959e-12,1.4937362544253413e-12,2.3259128181920715e-13,5.483935623287222e-13,1.1276010932785727e-07,1.4130557014763513e-07,0.198121411687616,0.2629915302078695,1.755556224241358e-15,4.2695658881331145e-15,2.7112329351385184e-13,6.79517460538941e-13,1.2189520789776205e-12,1.2598751534986627e-12,3.2821861069313647e-06,3.6361577561610185e-06,0.011846718879909356,0.014004246550439076,0.25624158961381366,0.5288576737788321,0.03319432664718321,0.10764192242572683,9.045619762673724e-08,1.934113187379225e-07,2.7654940851632983e-06,6.11851875945264e-06,9.38349919906284e-07,2.2154426852712095e-06,1.614605847801152e-05,3.337623890915341e-05,4.038712996736831e-09,8.648575322428617e-09,1.4890428781432387e-06,3.299261305861159e-06,2.6813021097932948e-11,8.106115055341676e-11,1.4032884212797025e-18,1.4483320864603474e-18,5.967848149892854e-12,7.0459195241922776e-12,3.787113814603207e-12,8.098634080159984e-12,1.1695814257908292e-15,2.24223152179151e-15,1.313564682822954e-08,2.6158288025223924e-08,2.2817840792396324e-19,6.898964298717247e-19,0.006314990651068539,0.013035386663133693,3.3970906392455168e-31,1.0000000000000784e-30,4.744427631354574e-10,1.5415902429053934e-09,2.5740971871914816e-11,8.164389846020634e-11
1.588,1348.7009721710283,5.132716312310116,0.17084456247967225,10.76986735263138,0.4942546046603642,0.07342078712113298,6.741183622037289e-06,5.006964052445974e-07,1.2655804390950284e-12,1.4919709819510175e-12,2.323100360614606e-13,5.477326006516581e-13,1.1268286696004577e-07,1.412093272952667e-07,0.19811737797856652,0.26298720674924875,1.7534107338486055e-15,4.264364708183296e-15,2.708867550890412e-13,6.78927284888557e-13,1.2173125135796303e-12,1.2581854765325701e-12,3.2799280324851082e-06,3.6336704018486852e-06,0.01184473545187187,0.014001956791991241,0.2562412643539193,0.5288590757668746,0.03319548562000036,0.10764610272677914,9.042552077331655e-08,1.9334648418854329e-07,2.7655444139542263e-06,6.118654096446368e-06,9.379064022768835e-07,2.2144042220019065e-06,1.613237779319872e-05,3.334808968923233e-05,4.034733752973131e-09,8.640087967474423e-09,1.4882826666045738e-06,3.297589838352667e-06,2.6784917309649047e-11,8.097650460748708e-11,1.4026939778238551e-18,1.4477242377027423e-18,5.9650364985596174e-12,7.042627566953884e-12,3.784972733250544e-12,8.094087170555432e-12,1.1687487966490825e-15,2.24064405328812e-15,1.3135598121475002e-08,2.615829357941949e-08,2.2801363404596613e-19,6.894009394309945e-19,0.0063149658943347335,0.01303538666313805,3.397077321589093e-31,1.0000000000000794e-30,4.740453649053146e-10,1.5403050292402807e-09,2.5723113067839496e-11,8.158757466732958e-11
1.589,1348.6507857211118,5.132855047205649,0.17083994475672662,10.775720784634206,0.4942598284978159,0.07342185057884203,6.737745473847168e-06,5.004429986982667e-07,1.2640802056160425e-12,1.4902082170698016e-12,2.32029203311696e-13,5.470726047905148e-13,1.1260569676009481e-07,1.4111317340883927e-07,0.1981133477122594,0.26298288648965973,1.7512684131947782e-15,4.259171174759109e-15,2.706504850843512e-13,6.78337773909661e-13,1.2156757139400256e-12,1.2564986385635812e-12,3.277672524945029e-06,3.6311858533314723e-06,0.011842754592936683,0.013999669981422937,0.25624093772627365,0.5288604722540823,0.033196644878900713,0.10765028344099094,9.039486034138822e-08,1.9328168326043403e-07,2.765594699581898e-06,6.118789307893982e-06,9.374633528898865e-07,2.2133668448651026e-06,1.611871687405493e-05,3.331998093801028e-05,4.03076058024852e-09,8.631613502825836e-09,1.4875234722947363e-06,3.2959205948652522e-06,2.675685350975872e-11,8.089197848049065e-11,1.4020997041808364e-18,1.4471165520865366e-18,5.962226958339913e-12,7.039338040612503e-12,3.7828333459333275e-12,8.089543806844627e-12,1.1679169568008426e-15,2.239058074138429e-15,1.3135549479424391e-08,2.615829912951346e-08,2.2784901066302444e-19,6.889058966273728e-19,0.006314941169708164,0.013035386663142414,3.3970640212044575e-31,1.000000000000081e-30,4.736486091771595e-10,1.5390218853488795e-09,2.5705275155558023e-11,8.153131628234679e-11
1.59,1348.6006137722734,5.1329937708452835,0.17083532765801393,10.781574374835419,0.49426504735837107,0.07342291293287082,6.734309827849916e-06,5.00189773478655e-07,1.2625821131521583e-12,1.4884479548554682e-12,2.3174878276592323e-13,5.464135728756549e-13,1.1252859860940745e-07,1.410171083434262e-07,0.1981093208794607,0.26297856941915565,1.7491292560422856e-15,4.253985272895105e-15,2.7041448300208483e-13,6.777489263773456e-13,1.2140416737605265e-12,1.2548146331515e-12,3.2754195793788456e-06,3.6287041052464163e-06,0.011840776298895508,0.013997386113946398,0.2562406097296015,0.5288618632421758,0.033197804426953935,0.10765446457916122,9.036421630300697e-08,1.9321691589684726e-07,2.7656449420960955e-06,6.118924393953448e-06,9.370207706924398e-07,2.2123305514221332e-06,1.6105075669102487e-05,3.329191255025773e-05,4.026793462958344e-09,8.623151895419416e-09,1.4867652925992671e-06,3.2942535696852433e-06,2.6728829615427326e-11,8.080757192537362e-11,1.401505600545299e-18,1.4465090298359594e-18,5.959419520780732e-12,7.036050935325788e-12,3.7806956500525055e-12,8.085003983648316e-12,1.167085904980069e-15,2.2374735819757185e-15,1.3135500901975786e-08,2.6158304675522274e-08,2.2768453723623125e-19,6.884112998500448e-19,0.006314916477135822,0.013035386663146777,3.397050738063098e-31,1.000000000000083e-30,4.732524941493087e-10,1.5377408054337637e-09,2.5687458092999186e-11,8.147512317412732e-11
1.591,1348.550456296177,5.133132483270897,0.17083071118205953,10.78742812322223,0.49427026124461404,0.07342397418418982,6.730876681674249e-06,4.999367294198105e-07,1.2610861580752094e-12,1.486690191099415e-12,2.31468773621223e-13,5.457555030398809e-13,1.1245157241690957e-07,1.409211319885826e-07,0.19810529748014993,0.2629742555400178,1.7469932564041608e-15,4.2488069882346944e-15,2.701787484956911e-13,6.771607414454632e-13,1.2124103873104984e-12,1.2531334544425883e-12,3.273169191606704e-06,3.626225153063861e-06,0.011838800565488299,0.013995105184712319,0.25624028037180474,0.5288632487518138,0.03319896425803627,0.1076586461222758,9.033358865493201e-08,1.9315218209385322e-07,2.765695141607436e-06,6.119059354917287e-06,9.365786553317026e-07,2.2112953408869654e-06,1.6091454158278346e-05,3.326388448568068e-05,4.022832393260271e-09,8.614703128813097e-09,1.486008126921228e-06,3.292588761569007e-06,2.6700845550632513e-11,8.072328471566654e-11,1.4009116665231437e-18,1.4459016705675479e-18,5.956614191350513e-12,7.032766257687565e-12,3.778559643790087e-12,8.080467697257146e-12,1.1662556401605554e-15,2.2358905748929153e-15,1.3135452389013511e-08,2.615831021743481e-08,2.275202143004326e-19,6.87917150734673e-19,0.006314891816564732,0.0130353866631511,3.3970374721365233e-31,1.0000000000000842e-30,4.728570191088104e-10,1.5364617872349327e-09,2.5669661846333933e-11,8.141899523767641e-11
1.592,1348.5003132708607,5.133271184504444,0.17082609532805199,10.79328202978188,0.4942754701670259,0.07342503433493933,6.7274460310306515e-06,4.996838662132642e-07,1.2595923359927667e-12,1.4849349206917795e-12,2.3118917505554336e-13,5.45098393370778e-13,1.1237461805674872e-07,1.4082524419026592e-07,0.19810127750635445,0.2629699448439589,1.7448604078251435e-15,4.243636305281538e-15,2.6994328103465373e-13,6.765732178067e-13,1.2107818481506032e-12,1.2514550958503059e-12,3.2709213564924762e-06,3.6237489911943183e-06,0.011836827388543816,0.013992827188975498,0.25623994965282726,0.5288646287872055,0.03320012437399111,0.1076628280771516,9.030297736337784e-08,1.9308748178219878e-07,2.765745298170056e-06,6.1191941909527944e-06,9.361370056172794e-07,2.21026121049588e-06,1.6077852283479524e-05,3.32358966253452e-05,4.018877353891436e-09,8.606267166389794e-09,1.4852519722249858e-06,3.29092616386911e-06,2.6672901231084615e-11,8.063911659989186e-11,1.4003179023791078e-18,1.4452944745777393e-18,5.953810964178106e-12,7.029484000902945e-12,3.776425324276813e-12,8.075934941712919e-12,1.1654261609951541e-15,2.2343090503674187e-15,1.313540394043385e-08,2.6158315755262542e-08,2.2735604116861074e-19,6.874234472225116e-19,0.006314867187942237,0.013035386663155398,3.3970242233964e-31,1.0000000000000836e-30,4.724621820300187e-10,1.5351848242267993e-09,2.5651886371745762e-11,8.136293233631181e-11
1.593,1348.4501846729745,5.133409874572263,0.17082148009503434,10.79913609450163,0.4942806741344122,0.0734260933870111,6.724017872832299e-06,4.994311836398614e-07,1.2581006429809852e-12,1.4831821390749078e-12,2.30909986278942e-13,5.444422420315622e-13,1.1229773542386558e-07,1.4072944482048356e-07,0.1980972609517998,0.2629656373249468,1.7427307042921988e-15,4.238473209614196e-15,2.697080801920021e-13,6.759863544132076e-13,1.2091560502997916e-12,1.2497795512615594e-12,3.2686760694925078e-06,3.621275614704446e-06,0.011834856763854231,0.013990552121947289,0.25623961757429153,0.528866003356028,0.03320128477497229,0.10766701044512718,9.027238241167252e-08,1.9302281492921993e-07,2.765795411853882e-06,6.119328902262233e-06,9.356958208084681e-07,2.2092281585468083e-06,1.606427000747974e-05,3.320794889346967e-05,4.014928332805988e-09,8.597843982703286e-09,1.4844968268022752e-06,3.289265772879016e-06,2.664499657769998e-11,8.055506734230135e-11,1.39972430806771e-18,1.4446874418427717e-18,5.951009835187438e-12,7.026204160296187e-12,3.774292689314195e-12,8.071405712491576e-12,1.1645974663440057e-15,2.2327290062739083e-15,1.3135355556131233e-08,2.6158321289013374e-08,2.2719201773502584e-19,6.869301890122878e-19,0.006314842591215662,0.013035386663159702,3.397010991814383e-31,1.0000000000000815e-30,4.720679816040327e-10,1.5339099122125242e-09,2.5634131631151955e-11,8.130693435153212e-11
1.594,1348.4000704797072,5.133548553499175,0.17081686548210018,10.804990317368778,0.49428587315605715,0.07342715134236563,6.720592203281472e-06,4.991786814276101e-07,1.2566110748548028e-12,1.4814318413829392e-12,2.306312064829997e-13,5.437870471417854e-13,1.1222092440130786e-07,1.4063373373632606e-07,0.19809324780971033,0.26296133297627455,1.740604139533413e-15,4.233317686180842e-15,2.6947314548224985e-13,6.754001500703965e-13,1.2075329875314794e-12,1.2481068143091904e-12,3.2664333257290004e-06,3.6188050182903427e-06,0.011832888687247193,0.013988279978880273,0.25623928413730357,0.5288673724648735,0.03320244546165186,0.10767119322921805,9.024180377322028e-08,1.9295818148102304e-07,2.7658454827219887e-06,6.119463489032507e-06,9.352550999086399e-07,2.208196182733251e-06,1.605070728113838e-05,3.318004118963865e-05,4.010985314989633e-09,8.589433545949138e-09,1.4837426881843543e-06,3.2876075832068676e-06,2.661713150865808e-11,8.047113669885948e-11,1.3991308837150012e-18,1.4440805725158515e-18,5.948210799846777e-12,7.022926730653057e-12,3.772161736307779e-12,8.066880004221671e-12,1.1637695549465904e-15,2.2311504402555273e-15,1.3135307236001018e-08,2.6158326818696148e-08,2.270281436084597e-19,6.86437374939505e-19,0.006314818026332526,0.013035386663164,3.3969977773622572e-31,1.0000000000000812e-30,4.716744161141569e-10,1.5326370456699778e-09,2.5616397583285015e-11,8.125100115472591e-11
1.595,1348.3499706660623,5.133687221316941,0.17081225148811247,10.810844698370657,0.49429106723844346,0.0734282082025471,6.717169019337065e-06,4.98926359360698e-07,1.255123627738024e-12,1.4796840231139275e-12,2.3035283487118694e-13,5.43132806848952e-13,1.1214418488588397e-07,1.4053811081212038e-07,0.19808923807612602,0.26295703179497204,1.7384807074924919e-15,4.228169720453413e-15,2.692384764917474e-13,6.74814603763668e-13,1.2059126539173828e-12,1.2464368789341234e-12,3.2641931207106133e-06,3.6163371970760006e-06,0.011830923154529703,0.013986010755002356,0.25623894934576424,0.5288687361261026,0.033203606431896134,0.10767537642334106,9.02112414331966e-08,1.9289358140887971e-07,2.765895510857523e-06,6.119597951494932e-06,9.348148422432103e-07,2.2071652815089727e-06,1.6037164070004045e-05,3.315217344379865e-05,4.007048289078956e-09,8.581035832140039e-09,1.4829895548414646e-06,3.2859515915411573e-06,2.6589305945627075e-11,8.038732443606776e-11,1.3985376291997287e-18,1.4434738664949097e-18,5.945413857744973e-12,7.019651711624154e-12,3.77003246307999e-12,8.062357812422912e-12,1.162942425671321e-15,2.2295733502024685e-15,1.3135258979934381e-08,2.615833234431133e-08,2.2686441882172777e-19,6.859450051217203e-19,0.006314793493240378,0.013035386663168311,3.396984580011795e-31,1.0000000000000812e-30,4.712814843505082e-10,1.5313662207236556e-09,2.559868419084418e-11,8.119513262985762e-11
1.596,1348.299885208297,5.133825878053513,0.17080763811206104,10.816699237494626,0.4942962563895475,0.07342926396931972,6.713748317587565e-06,4.986742171957691e-07,1.2536382976132512e-12,1.4779386795992172e-12,2.3007487064469045e-13,5.424795192950879e-13,1.120675167678011e-07,1.4044257591390914e-07,0.19808523174557777,0.26295273377605827,1.7363604020328744e-15,4.223029297707885e-15,2.6900407277183316e-13,6.742297143905958e-13,1.204295043404507e-12,1.2447697389481111e-12,3.2619554497682914e-06,3.6138721459881816e-06,0.011828960161533753,0.013983744445570356,0.2562386132020455,0.5288700943489061,0.03320476768509876,0.10767956002636302,9.018069537084074e-08,1.9282901467135957e-07,2.7659454963326467e-06,6.1197322898563585e-06,9.343750469759445e-07,2.2061354529459154e-06,1.602364033229889e-05,3.312434557074665e-05,4.003117241903388e-09,8.5726508134174e-09,1.4822374247720947e-06,3.2842977935248174e-06,2.656151980883008e-11,8.030363031604662e-11,1.3979445445283985e-18,1.4428673238096747e-18,5.942619006337405e-12,7.016379100340727e-12,3.767904867251225e-12,8.057839132182407e-12,1.1621160773257562e-15,2.227997733888064e-15,1.3135210787825088e-08,2.6158337865863813e-08,2.2670084316567833e-19,6.854530789448321e-19,0.006314768991886918,0.013035386663172607,3.396971399734869e-31,1.0000000000000807e-30,4.708891848507461e-10,1.5300974326775167e-09,2.558099141466067e-11,8.113932865495868e-11
1.597,1348.2498140855892,5.133964523727711,0.17080302535323993,10.822553934728074,0.494301440620973,0.07343031864498493,6.710330094103538e-06,4.984222546509687e-07,1.252155080253039e-12,1.4761958059222827e-12,2.2979731300863576e-13,5.418271826314142e-13,1.1199091992743625e-07,1.4034712889540477e-07,0.19808122880895015,0.2629484389097055,1.7342432169589857e-15,4.2178964030759825e-15,2.687699338189838e-13,6.736454807111763e-13,1.2026801497556957e-12,1.2431053879722908e-12,3.259720307971426e-06,3.6114098596635505e-06,0.011826999704122666,0.01398148104587757,0.2562382757048638,0.5288714471349178,0.03320592922430968,0.10768374404900548,9.015016555621453e-08,1.927644812074003e-07,2.765995439195381e-06,6.119866504270098e-06,9.33935713009808e-07,2.2051066945001037e-06,1.6010136014626195e-05,3.309655746125661e-05,3.999192157440063e-09,8.564278455813141e-09,1.4814862952228832e-06,3.2826461831345843e-06,2.653377301627372e-11,8.022005409420353e-11,1.3973516299325719e-18,1.4422609447221057e-18,5.939826237440739e-12,7.013108887276055e-12,3.765778946163551e-12,8.053323957991533e-12,1.1612905086337526e-15,2.2264235889249914e-15,1.3135162659572876e-08,2.6158343383369784e-08,2.2653741604586455e-19,6.849615946297e-19,0.006314744522220038,0.013035386663176956,3.3969582365034423e-31,1.0000000000000833e-30,4.704975157500218e-10,1.528830675527401e-09,2.5563319212633035e-11,8.108358909875103e-11
1.598,1348.1997572717742,5.134103158375301,0.1707984132103794,10.828408790058424,0.4943066199375079,0.0734313722308318,6.706914346344981e-06,4.981704715476274e-07,1.2506739720009152e-12,1.4744553978395288e-12,2.29520161179729e-13,5.411757950363781e-13,1.1191439427093219e-07,1.402517696426013e-07,0.19807722926397162,0.26294414719517084,1.7321291463952671e-15,4.212771022467127e-15,2.6853605926736437e-13,6.730619018304517e-13,1.2010679672726262e-12,1.2414438201845093e-12,3.2574876911018253e-06,3.608950333527806e-06,0.011825041778111244,0.013979220551159719,0.2562379368597537,0.5288727944998446,0.033207091045748365,0.10768792847983956,9.011965198203823e-08,1.9269998100438526e-07,2.7660453395403826e-06,6.120000594992656e-06,9.334968398775878e-07,2.2040790051145267e-06,1.599665109205158e-05,3.306880906493697e-05,3.995273026710409e-09,8.555918740443424e-09,1.4807361652677925e-06,3.280996758395941e-06,2.6506065492340716e-11,8.013659554521286e-11,1.39675888513735e-18,1.4416547289714024e-18,5.937035552921016e-12,7.009841074768358e-12,3.7636546979188135e-12,8.048812285966152e-12,1.1604657185525973e-15,2.2248509133733283e-15,1.3135114595067266e-08,2.61583488968251e-08,2.2637413778458097e-19,6.844705531690094e-19,0.006314720084187533,0.01303538666318123,3.396945090289436e-31,1.0000000000000812e-30,4.701064761671995e-10,1.5275659464654348e-09,2.554566755019986e-11,8.102791385386688e-11
1.599,1348.1497147448881,5.1342417820189485,0.17079380168264585,10.834263803473126,0.49431179434908057,0.07343242472891015,6.703501070309706e-06,4.979188675984317e-07,1.249194968628535e-12,1.4727174504329024e-12,2.2924341435602173e-13,5.405253546443427e-13,1.1183793967831925e-07,1.4015649800875528e-07,0.19807323310319017,0.26293985862482355,1.7300181840794384e-15,4.207653140849393e-15,2.683024486148302e-13,6.724789765117347e-13,1.1994584897259145e-12,1.2397850292134196e-12,3.2552575942208805e-06,3.6064935622081163e-06,0.011823086379382758,0.013976962956732649,0.25623759666706036,0.5288741364486613,0.033208253150828454,0.10769211332427636,9.008915461824573e-08,1.926355140009633e-07,2.7660951974245464e-06,6.120134562196754e-06,9.33058426493191e-07,2.2030523822707625e-06,1.5983185511470927e-05,3.304110027315831e-05,3.991359833761099e-09,8.547571633486553e-09,1.479987032172187e-06,3.279349513326604e-06,2.6478397155252693e-11,8.00532544251089e-11,1.3961663103436964e-18,1.4410486767878364e-18,5.934246947378608e-12,7.006575656576841e-12,3.761532119815498e-12,8.044304110503451e-12,1.1596417057946722e-15,2.2232797048234002e-15,1.3135066594205682e-08,2.6158354406240296e-08,2.262110078295919e-19,6.839799529111413e-19,0.006314695677737547,0.013035386663185497,3.3969319610649507e-31,1.0000000000000779e-30,4.697160642506273e-10,1.526303239529925e-09,2.5528036385392102e-11,8.097230278943347e-11
1.6,1348.0996864822746,5.134380394683592,0.17078919076913032,10.840118974959662,0.49431696386472784,0.07343347614113663,6.7000902625147394e-06,4.976674425546107e-07,1.2477180661142774e-12,1.4709819590278423e-12,2.289670717495963e-13,5.398758596226689e-13,1.1176155603872375e-07,1.4006131385851291e-07,0.19806924032005035,0.2629355731922198,1.7279103239409227e-15,4.202542743656438e-15,2.6806910140468533e-13,6.718967036321861e-13,1.1978517110916278e-12,1.2381290088997823e-12,3.2530300126508326e-06,3.604039540620363e-06,0.011821133503809832,0.013974708257899243,0.25623725512800477,0.5288754729881453,0.03320941554008162,0.10769629858486589,9.00586734422189e-08,1.9257108015170284e-07,2.7661450129122713e-06,6.120268406071659e-06,9.32620471967944e-07,2.2020268239163874e-06,1.5969739228921822e-05,3.301343099618526e-05,3.9874525649241745e-09,8.53923710601374e-09,1.4792388937828443e-06,3.2777044432323404e-06,2.6450767925586448e-11,7.997003049703554e-11,1.3955739056147811e-18,1.4404427882594194e-18,5.931460416448078e-12,7.003312627681434e-12,3.759411209441842e-12,8.03979942661985e-12,1.1588184691623812e-15,2.22170996103797e-15,1.3135018656884775e-08,2.6158359911624084e-08,2.2604802589555465e-19,6.834897930114059e-19,0.0063146713028182835,0.0130353866631898,3.396918848802132e-31,1.000000000000079e-30,4.69326278462835e-10,1.525042549779879e-09,2.551042567877827e-11,8.091675578262029e-11
1.601,1348.0496724584805,5.134518996403064,0.17078458046862807,10.84597430450555,0.4943221284898385,0.0734345264688856,6.696681920082877e-06,4.97416196212368e-07,1.246243260693589e-12,1.469248919252643e-12,2.286911325752348e-13,5.392273081450015e-13,1.1168524325281595e-07,1.3996621707097878e-07,0.19806525091165633,0.26293129089577183,1.725805560030099e-15,4.197439816615457e-15,2.6783601724295126e-13,6.713150822261048e-13,1.1962476255902428e-12,1.2364757533367478e-12,3.250804942033109e-06,3.601588264033789e-06,0.01181918314724892,0.01397245644994294,0.25623691224744616,0.52887680413258,0.03321057821039112,0.10770048425232588,9.002820844158009e-08,1.9250667943306456e-07,2.766194786092143e-06,6.1204021268601266e-06,9.321829757023586e-07,2.2010023286816707e-06,1.595631221342575e-05,3.29858011711198e-05,3.983551209741033e-09,8.530915135967993e-09,1.4784917487814265e-06,3.2760615452686518e-06,2.642317772685566e-11,7.98869235330055e-11,1.3949816707740693e-18,1.4398370632267178e-18,5.928675961287172e-12,7.000051989583045e-12,3.757291964715893e-12,8.035298230036701e-12,1.1579960075598897e-15,2.220141679974755e-15,1.313497078299555e-08,2.6158365412973755e-08,2.258851921184531e-19,6.830000738990144e-19,0.006314646959377931,0.013035386663194076,3.396905753473099e-31,1.0000000000000775e-30,4.689371177159854e-10,1.523783873735171e-09,2.5492835394377753e-11,8.086127272153661e-11
1.602,1347.9996726525023,5.134657587197294,0.1707799707803972,10.85182979209833,0.4943272882353854,0.07343557571435864,6.693276039243276e-06,4.971651283014962e-07,1.2447705482392601e-12,1.4675183263078005e-12,2.2841559604951685e-13,5.385796983891288e-13,1.1160900120447253e-07,1.39871207504199e-07,0.19806126486950004,0.2629270117264327,1.7237038862596889e-15,4.192344345118088e-15,2.6760319564342275e-13,6.707341110965519e-13,1.1946462271165573e-12,1.2348252562805645e-12,3.24858237755674e-06,3.599139727216068e-06,0.01181723530560404,0.013970207528202713,0.25623656802462036,0.528878129884625,0.033211741164267734,0.10770467033562045,8.999775958856478e-08,1.9244231178859748e-07,2.7662445170152503e-06,6.120535724721756e-06,9.31745936663439e-07,2.1999788941731526e-06,1.594290441461481e-05,3.295821069497676e-05,3.9796557529831005e-09,8.522605691075947e-09,1.477745594596928e-06,3.2744208138150803e-06,2.6395626478675422e-11,7.98039332932322e-11,1.3943896060101972e-18,1.439231501907138e-18,5.925893574625806e-12,6.9967937338313315e-12,3.7551743830724e-12,8.03080051544121e-12,1.157174319745075e-15,2.218574859310802e-15,1.313492297243801e-08,2.615837091030367e-08,2.2572250596098937e-19,6.825107939673499e-19,0.006314622647364949,0.013035386663198378,3.3968926750501347e-31,1.0000000000000798e-30,4.685485802512398e-10,1.5225272057350827e-09,2.5475265491240008e-11,8.080585347851923e-11
1.603,1347.9496870395024,5.1347961670984,0.17077536170329044,10.85768543772558,0.4943324431073941,0.07343662387902193,6.689872617077038e-06,4.969142386150479e-07,1.2432999249809582e-12,1.4657901758143366e-12,2.28140461392951e-13,5.379330285420216e-13,1.1153282979366937e-07,1.3977628503638686e-07,0.1980572821900322,0.2629227356817362,1.7216052967141305e-15,4.187256314972973e-15,2.673706362071341e-13,6.701537892651896e-13,1.1930475099021242e-12,1.2331775118353222e-12,3.2463623148549792e-06,3.5966939254267688e-06,0.011815289974752086,0.013967961487985146,0.25623622246370226,0.5288794502571311,0.033212904399274296,0.10770885682766702,8.996732686972638e-08,1.9237797719246134e-07,2.7662942057655765e-06,6.120669199888895e-06,9.313093542211782e-07,2.198956518948771e-06,1.592951580022759e-05,3.2930659502198144e-05,3.975766183894991e-09,8.5143087486426e-09,1.4770004298234562e-06,3.2727822458326322e-06,2.6368114104691263e-11,7.972105955010427e-11,1.3937977111792227e-18,1.4386261041747785e-18,5.923113256506702e-12,6.993537860609965e-12,3.753058462410188e-12,8.026306278512658e-12,1.1563534046184733e-15,2.2170094969965263e-15,1.3134875225104824e-08,2.615837640361339e-08,2.2555996751714977e-19,6.820219535185403e-19,0.0063145983667278055,0.013035386663202697,3.396879613505503e-31,1.0000000000000814e-30,4.681606649364801e-10,1.5212725421552034e-09,2.5457715933201206e-11,8.075049794108195e-11
1.604,1347.899715597095,5.134934736130877,0.17077075323641439,10.863541241374907,0.4943375931148852,0.07343767096478476,6.686471649936856e-06,4.96663526891941e-07,1.2418313868651243e-12,1.464064463059128e-12,2.278657278198986e-13,5.372872967760651e-13,1.1145672890729669e-07,1.3968144952934515e-07,0.19805330286669107,0.2629184627552096,1.7195097853088503e-15,4.182175711576969e-15,2.6713833846597314e-13,6.695741155802951e-13,1.1914514679208112e-12,1.2315325138384973e-12,3.2441447492036517e-06,3.594250853529126e-06,0.011813347150609032,0.013965718324642417,0.2562358755658367,0.5288807652566808,0.03321406791600232,0.10771304373120233,8.993691025998003e-08,1.923136755939213e-07,2.7663438524056775e-06,6.120802552546334e-06,9.3087322742713e-07,2.1979352008144336e-06,1.5916146323591096e-05,3.2903147497429214e-05,3.971882488164903e-09,8.506024278355452e-09,1.4762562521262374e-06,3.2711458362238138e-06,2.6340640525541933e-11,7.963830206690777e-11,1.3932059863881434e-18,1.4380208701626868e-18,5.920335002684217e-12,6.990284365038883e-12,3.750944200229711e-12,8.02181551407784e-12,1.1555332609599552e-15,2.2154455907508107e-15,1.3134827540893389e-08,2.615838189291121e-08,2.2539757640608646e-19,6.815335514189178e-19,0.006314574117415103,0.013035386663206954,3.396866568811574e-31,1.0000000000000807e-30,4.677733701427344e-10,1.52001987775641e-09,2.544018668036232e-11,8.069520598488306e-11
1.605,1347.8497583022158,5.135073294321465,0.17076614537880114,10.869397203033946,0.4943427382659536,0.07343871697341785,6.683073134499363e-06,4.964129928951293e-07,1.2403649299717975e-12,1.462341183486333e-12,2.2759139455230965e-13,5.366425012814523e-13,1.1138069843809154e-07,1.3958670085219388e-07,0.19804932689384028,0.26291419294160434,1.717417346069294e-15,4.177102520593843e-15,2.669063019816456e-13,6.689950889648177e-13,1.189858095280379e-12,1.2298902562657155e-12,3.2419296760464385e-06,3.5918105065720524e-06,0.011811406829087512,0.013963478033522308,0.25623552733307686,0.528882074891724,0.033215231714130336,0.10771723104600063,8.990650973907874e-08,1.9224940695258022e-07,2.7663934570047974e-06,6.1209357828935746e-06,9.304375554637965e-07,2.1969149378851058e-06,1.590279594404074e-05,3.2875674597732296e-05,3.9680046529798075e-09,8.497752253110491e-09,1.4755130595536128e-06,3.2695115807398073e-06,2.6313205663428006e-11,7.95556606116398e-11,1.3926144316480601e-18,1.4374157999048823e-18,5.91755881014986e-12,6.987033243698401e-12,3.74883159421164e-12,8.017328217348508e-12,1.1547138876056534e-15,2.213883138400243e-15,1.3134779919700096e-08,2.6158387378203003e-08,2.2523533243307627e-19,6.810455870975433e-19,0.006314549899375638,0.013035386663211261,3.3968535409407805e-31,1.0000000000000801e-30,4.673866944480928e-10,1.5187692079722216e-09,2.5422677694498088e-11,8.063997749088311e-11
1.606,1347.7998151315337,5.135211841697841,0.17076153812945186,10.875253322690364,0.49434787856825996,0.07343976190662631,6.679677067447767e-06,4.961626363880307e-07,1.2389005503935805e-12,1.4606203325547006e-12,2.2731746081201433e-13,5.359986402480089e-13,1.1130473827918527e-07,1.3949203887453756e-07,0.19804535426627107,0.26290992623623505,1.71532797302048e-15,4.1720367276856545e-15,2.666745263184182e-13,6.684167083480603e-13,1.1882673861063823e-12,1.228250733110747e-12,3.239717090840617e-06,3.589372879619231e-06,0.011809469006108785,0.013961240609982347,0.2562351777678897,0.5288833791715563,0.033216395792919844,0.10772141877048227,8.987612528705473e-08,1.9218517122863167e-07,2.7664430196345956e-06,6.121068891135376e-06,9.30002337524751e-07,2.1958957283017663e-06,1.588946462138316e-05,3.284824072114004e-05,3.964132665647689e-09,8.489492646061674e-09,1.4747708501830031e-06,3.2678794751959965e-06,2.6285809440793884e-11,7.947313495302371e-11,1.3920230469576284e-18,1.4368108934224925e-18,5.914784676584122e-12,6.9837844939820035e-12,3.7467206420399485e-12,8.012844383543035e-12,1.1538952833937612e-15,2.212322137775201e-15,1.3134732361420735e-08,2.6158392859493028e-08,2.250732354225914e-19,6.805580600414715e-19,0.006314525712558201,0.01303538666321552,3.396840529865595e-31,1.0000000000000782e-30,4.670006364476727e-10,1.5175205282912924e-09,2.5405188937559655e-11,8.058481234059549e-11
1.607,1347.7498860643173,5.135350378279561,0.1707569314876379,10.88110960033185,0.49435301403275916,0.07344080576660336,6.676283445242578e-06,4.959124571174944e-07,1.2374382441255332e-12,1.4589019056077553e-12,2.2704392583231493e-13,5.353557118925245e-13,1.1122884831891533e-07,1.3939746345996234e-07,0.19804138497547075,0.2629056626300249,1.713241660234744e-15,4.1669783186288635e-15,2.664430110108198e-13,6.678389725847211e-13,1.186679334448371e-12,1.2266139382885521e-12,3.237506988924839e-06,3.586937967602612e-06,0.011807533677613873,0.013959006049402938,0.2562348268694214,0.5288846780986095,0.03321756015495069,0.10772560691382708,8.984575687894015e-08,1.921209683715697e-07,2.766492540345895e-06,6.121201877430291e-06,9.295675726522704e-07,2.1948775698480216e-06,1.587615230889952e-05,3.2820845772191006e-05,3.960266511895812e-09,8.4812454269765e-09,1.4740296216638597e-06,3.2662495144592003e-06,2.6258451779083174e-11,7.939072485674581e-11,1.3914318324651564e-18,1.4362061508910615e-18,5.912012594432781e-12,6.9805381071019984e-12,3.744611341284621e-12,8.008364007635532e-12,1.1530774471291694e-15,2.2107625866420408e-15,1.3134684865956631e-08,2.6158398336796102e-08,2.2491128492456844e-19,6.800709689075853e-19,0.006314501556911785,0.013035386663219795,3.396827535558576e-31,1.000000000000079e-30,4.666151945088524e-10,1.5162738334620386e-09,2.5387720369943812e-11,8.052971041059614e-11
1.608,1347.6999710757182,5.135488904099283,0.17075232545219532,10.886966035946134,0.49435814466502875,0.07344184855474263,6.6728922648559395e-06,4.956624548683513e-07,1.235978007395363e-12,1.457185898263092e-12,2.267707888373743e-13,5.347137144101565e-13,1.1115302845621234e-07,1.3930297448532108e-07,0.19803741901831215,0.2629014021210433,1.711158401801348e-15,4.161927279240454e-15,2.662117556548726e-13,6.672618806835689e-13,1.1850939345700025e-12,1.224979865935162e-12,3.235299365922073e-06,3.584505765768873e-06,0.011805600839528743,0.013956774347146293,0.25623447464218296,0.5288859716863832,0.03321872479742938,0.10772979546778802,8.981540449975938e-08,1.9205679835224952e-07,2.7665420192233937e-06,6.1213347420117655e-06,9.291332601843835e-07,2.193860461005681e-06,1.5862858972868964e-05,3.279348968229082e-05,3.9564061806395164e-09,8.473010572448838e-09,1.4732893724879248e-06,3.2646216952624177e-06,2.6231132602428764e-11,7.930843009661276e-11,1.3908407880476005e-18,1.4356015722060113e-18,5.909242564392322e-12,6.9772940840122685e-12,3.74250368978769e-12,8.003887085181518e-12,1.1522603777003737e-15,2.2092044829272625e-15,1.313463743320112e-08,2.61584038101108e-08,2.247494810081158e-19,6.795843139225525e-19,0.006314477432385414,0.013035386663224074,3.3968145579923003e-31,1.0000000000000815e-30,4.662303674516604e-10,1.5150291197035783e-09,2.537027195540296e-11,8.047467158809855e-11
1.609,1347.6500701420382,5.135627419186193,0.17074772002207558,10.892822629520975,0.4943632704720085,0.07344289027263812,6.6695035230050776e-06,4.954126294064659e-07,1.234519836334318e-12,1.4554723060243447e-12,2.2649804905209883e-13,5.340726459977245e-13,1.1107727858539363e-07,1.3920857182167346e-07,0.19803345639029235,0.2628971447055254,1.7090781917716012e-15,4.156883595244381e-15,2.659807598214971e-13,6.666854315903826e-13,1.1835111806531126e-12,1.2233485101017744e-12,3.2330942173336646e-06,3.582076269229607e-06,0.01180367048780019,0.013954545498598621,0.2562341210892932,0.5288872599454882,0.03321988971895485,0.10773398442863061,8.978506813023363e-08,1.9199266113231552e-07,2.766591456342266e-06,6.121467485092011e-06,9.286993993398063e-07,2.192844399974682e-06,1.5849584574226584e-05,3.2766172371793154e-05,3.952551659484391e-09,8.464788056266364e-09,1.4725501008002546e-06,3.2629960135701694e-06,2.6203851834000152e-11,7.922625044350666e-11,1.3902499136808462e-18,1.4349971573648095e-18,5.906474585314014e-12,6.974052423487603e-12,3.740397685253617e-12,7.99941361144174e-12,1.1514440739548694e-15,2.2076478244785676e-15,1.313459006304953e-08,2.615840927943892e-08,2.2458782351887747e-19,6.79098094637295e-19,0.006314453338928271,0.0130353866632283,3.396801597139429e-31,1.0000000000000798e-30,4.658461539117068e-10,1.5137863826355558e-09,2.535284365636394e-11,8.041969575610384e-11
1.61,1347.6001832415154,5.1357659235633815,0.17074311519643318,10.89867938104416,0.494368391463076,0.07344393092224534,6.666117216365913e-06,4.951629804946129e-07,1.2330637270488776e-12,1.4537611243657394e-12,2.2622570571427639e-13,5.334325048823415e-13,1.1100159859931373e-07,1.391142553382371e-07,0.1980294970844642,0.2628928903764589,1.7070010242846966e-15,4.1518472525777185e-15,2.657500230695291e-13,6.661096242205909e-13,1.1819310668712584e-12,1.2217198648307953e-12,3.2308915386338444e-06,3.579649473066098e-06,0.011801742618388128,0.013952319499161295,0.25623376621141447,0.5288885428814607,0.03322105492057747,0.10773817380056969,8.975474774902448e-08,1.9192855666900237e-07,2.766640851762785e-06,6.121600106850218e-06,9.282659892673262e-07,2.1918293847897365e-06,1.5836329071049336e-05,3.2738893755139475e-05,3.948702935360833e-09,8.456577850769643e-09,1.471811804554187e-06,3.2613724649219453e-06,2.6176609396772743e-11,7.914418566771247e-11,1.3896592094254192e-18,1.4343929064522512e-18,5.903708652115981e-12,6.970813119658464e-12,3.738293325371763e-12,7.994943581644268e-12,1.1506285347371928e-15,2.206092609137837e-15,1.3134542755401406e-08,2.6158414744790447e-08,2.2442631215548844e-19,6.786123101581724e-19,0.006314429276489654,0.013035386663232524,3.396788652972686e-31,1.0000000000000782e-30,4.6546255242345437e-10,1.5125456175487506e-09,2.5335435434665952e-11,8.036478279574298e-11
1.611,1347.5503103507672,5.13590441725924,0.17073851097424664,10.904536290503508,0.4943735076453867,0.07344497050518799,6.662733341459159e-06,4.94913507884009e-07,1.2316096756105254e-12,1.4520523487200079e-12,2.2595375804737995e-13,5.327932892572779e-13,1.1092598838918445e-07,1.3902002490215967e-07,0.198025541096096,0.26288863912976546,1.704926893346924e-15,4.146818236853587e-15,2.6551954495421266e-13,6.655344574805486e-13,1.1803535873629259e-12,1.2200939241281243e-12,3.228691325244576e-06,3.577225372301398e-06,0.01179981722726485,0.013950096344249723,0.2562334100113983,0.5288898205043424,0.033222220401153656,0.10774236358070229,8.972444333394018e-08,1.918644849177115e-07,2.7666902055572893e-06,6.121732607492131e-06,9.278330291113829e-07,2.19081541347514e-06,1.582309242088068e-05,3.2711653745664156e-05,3.944859995047256e-09,8.448379927972486e-09,1.471074481673037e-06,3.2597510447904384e-06,2.6149405213460714e-11,7.906223553871383e-11,1.3890686753107468e-18,1.4337888195209724e-18,5.900944763265615e-12,6.967576170845693e-12,3.736190607739267e-12,7.990476990819412e-12,1.1498137588641726e-15,2.2045388346936494e-15,1.3134495510153153e-08,2.6158420206168408e-08,2.2426494671083007e-19,6.781269598764644e-19,0.006314405245019031,0.013035386663236819,3.396775725464879e-31,1.0000000000000796e-30,4.650795615068879e-10,1.5113068196866879e-09,2.531804725195066e-11,8.030993258751284e-11
1.612,1347.50045144856,5.136042900295395,0.17073390735471944,10.910393357886862,0.4943786190288671,0.07344600902350076,6.659351895089611e-06,4.946642113469508e-07,1.2301576781837713e-12,1.4503459746293519e-12,2.2568220529975316e-13,5.321549973743685e-13,1.1085044785004315e-07,1.389258803853745e-07,0.19802158841768136,0.2628843909576805,1.7028557931962971e-15,4.141796534248089e-15,2.652893250434645e-13,6.649599303083145e-13,1.1787787363741026e-12,1.2184706821105475e-12,3.226493572713392e-06,3.5748039620974167e-06,0.011797894310403833,0.013947876029280371,0.2562330524893188,0.5288910928184373,0.03322338616231689,0.10774655377513083,8.969415486493675e-08,1.9180044583843168e-07,2.766739517782913e-06,6.121864987189806e-06,9.274005180509825e-07,2.1898024841366924e-06,1.5809874583346385e-05,3.26844522610028e-05,3.941022825884483e-09,8.44019426109205e-09,1.4703381302029287e-06,3.2581317489202638e-06,2.6122239207861472e-11,7.898039982925919e-11,1.3884783113899239e-18,1.4331848966480015e-18,5.898182912631456e-12,6.964341569939727e-12,3.734089530121658e-12,7.98601383435722e-12,1.1489997452059605e-15,2.2029864990366697e-15,1.3134448327205677e-08,2.6158425663584558e-08,2.241037268936444e-19,6.77642042928988e-19,0.006314381244465815,0.013035386663241028,3.3967628145888152e-31,1.000000000000077e-30,4.6469717974909695e-10,1.5100699845107704e-09,2.5300679070646834e-11,8.025514501440082e-11
1.613,1347.4506065106698,5.136181372703079,0.17072930433673603,10.916250583182103,0.49438372561945715,0.0734470464786247,6.655972873984152e-06,4.944150906499211e-07,1.2287077309382983e-12,1.4486419976418492e-12,2.2541104669894962e-13,5.315176274363399e-13,1.1077497687720404e-07,1.388318216601514e-07,0.19801763904569844,0.2628801458577234,1.7007877179024275e-15,4.13678213052705e-15,2.6505936291435213e-13,6.643860416648182e-13,1.1772065081483337e-12,1.216850132892081e-12,3.224298276583005e-06,3.57238523761042e-06,0.01179597386378639,0.013945658549678452,0.25623269364920565,0.5288923598362035,0.033224552201736826,0.10775074437710058,8.966388232318964e-08,1.917364393937515e-07,2.766788788519644e-06,6.121997246165746e-06,9.269684553270367e-07,2.1887905950262318e-06,1.5796675520351278e-05,3.265728922349867e-05,3.937191415740866e-09,8.432020824474055e-09,1.4696027483448588e-06,3.256514573398973e-06,2.6095111303964e-11,7.889867831266524e-11,1.387888117614853e-18,1.4325811378058639e-18,5.895423100422134e-12,6.961109317316735e-12,3.731990090230182e-12,7.98155410753117e-12,1.1481864926162648e-15,2.2014356000258677e-15,1.3134401206453995e-08,2.6158431117038404e-08,2.239426526422562e-19,6.771575591467165e-19,0.006314357274779689,0.013035386663245272,3.396749920317415e-31,1.0000000000000773e-30,4.6431540582142996e-10,1.5088351077560109e-09,2.5283330853661878e-11,8.020041996090565e-11
1.614,1347.4007755166149,5.136319834501763,0.17072470191957195,10.922107966377132,0.49438882742784607,0.07344808287270506,6.652596274677896e-06,4.941661455451308e-07,1.227259829948225e-12,1.446940413192685e-12,2.2514028149228188e-13,5.308811776924256e-13,1.1069957536118585e-07,1.3873784859274e-07,0.1980136929718633,0.262875903821086,1.698722661648948e-15,4.13177501173296e-15,2.648296581112396e-13,6.638127904289491e-13,1.1756368968602749e-12,1.2152322705152866e-12,3.222105432283354e-06,3.569969193871423e-06,0.01179405588341453,0.013943443900893146,0.2562323334903204,0.528893621560247,0.03322571852185299,0.107754935395324,8.963362568443708e-08,1.9167246553462548e-07,2.766838017818211e-06,6.122129384577611e-06,9.265368400067103e-07,2.187779743985204e-06,1.5783495186462972e-05,3.2630164540322554e-05,3.933365750721497e-09,8.423859588686778e-09,1.468868333814931e-06,3.254899513239395e-06,2.606802142477035e-11,7.881707075925365e-11,1.3872980941247167e-18,1.4319775431603429e-18,5.892665319433423e-12,6.957879404599702e-12,3.729892285683718e-12,7.977097805416716e-12,1.1473739999225619e-15,2.1998861354697507e-15,1.3134354147800728e-08,2.6158436566544053e-08,2.2378172350901115e-19,6.766735071934515e-19,0.00631433333591039,0.013035386663249533,3.39673704262364e-31,1.0000000000000786e-30,4.6393423813761514e-10,1.5076021843200658e-09,2.5266002562212082e-11,8.014575730615467e-11
1.615,1347.3509584410044,5.136458285726536,0.17072010010198385,10.92796550745989,0.49439392445837665,0.07344911820694382,6.649222094464408e-06,4.939173758411101e-07,1.2258139716162007e-12,1.445241217104182e-12,2.2486990892091766e-13,5.302456463772915e-13,1.1062424320752562e-07,1.3864396106820367e-07,0.19800975019425024,0.26287166484739904,1.696660618699905e-15,4.1267751641032825e-15,2.6460021026309564e-13,6.632401756916064e-13,1.1740698969881074e-12,1.2136170893362462e-12,3.2199150356513784e-06,3.56755582636213e-06,0.011792140365265113,0.013941232078343585,0.2562319720182591,0.528894878006246,0.03322688511876001,0.10775912681793567,8.960338493831539e-08,1.9160852424172266e-07,2.7668872057702903e-06,6.122261402673626e-06,9.261056715597619e-07,2.1867699298055695e-06,1.5770333554062344e-05,3.2603078155468194e-05,3.929545821304333e-09,8.415710533662516e-09,1.4681348854844804e-06,3.2532865660140603e-06,2.6040969497019725e-11,7.873557695063552e-11,1.3867082407042622e-18,1.4313741125113399e-18,5.889909572071639e-12,6.954651834759149e-12,3.727796114508419e-12,7.97264492395998e-12,1.146562266077013e-15,2.198338103415748e-15,1.3134307151138983e-08,2.6158442012096498e-08,2.236209397236636e-19,6.761898877813048e-19,0.006314309427807699,0.013035386663253788,3.396724181480477e-31,1.0000000000000796e-30,4.6355367572974587e-10,1.5063712111098574e-09,2.524869416213094e-11,8.009115694391552e-11
1.616,1347.3011552646572,5.136596726392996,0.17071549888337642,10.933823206418337,0.4943990167231797,0.07345015248369742,6.645850329283204e-06,4.936687812457737e-07,1.2243701518017303e-12,1.4435444045580498e-12,2.245999282241891e-13,5.296110317211827e-13,1.1054898029656987e-07,1.3855015894002244e-07,0.19800581070311007,0.2628674289258973,1.6946015830788078e-15,4.1217825732896936e-15,2.643710188622903e-13,6.626681962012184e-13,1.1725055025167045e-12,1.2120045832008573e-12,3.2177270818402567e-06,3.565145129806305e-06,0.011790227305381148,0.013939023077526376,0.25623160923078353,0.5288961291736886,0.03322805199639182,0.10776331865849025,8.957316005154225e-08,1.9154461544669253e-07,2.7669363524146034e-06,6.122393300584637e-06,9.256749488143159e-07,2.1857611497640643e-06,1.575719056683375e-05,3.257602995359885e-05,3.92573161091438e-09,8.407573624227337e-09,1.4674024003647059e-06,3.2516757251732823e-06,2.601395544155012e-11,7.865419665056735e-11,1.3861185576698204e-18,1.4307708462073852e-18,5.887155849160645e-12,6.951426597088912e-12,3.7257015739960005e-12,7.968195457535752e-12,1.1457512898090971e-15,2.196791501484132e-15,1.3134260216373892e-08,2.6158447453713733e-08,2.234603005281855e-19,6.757066986354573e-19,0.006314285550421623,0.013035386663258021,3.396711336861036e-31,1.0000000000000794e-30,4.63173716638188e-10,1.5051421818093652e-09,2.523140561185513e-11,8.003661874448432e-11
1.617,1347.2513659623405,5.136735156535913,0.1707108982625174,10.939681063240473,0.49440410422665587,0.07345118570417423,6.642480976521504e-06,4.934203615745596e-07,1.2229283669550692e-12,1.4418499714323102e-12,2.2433033865017413e-13,5.289773319748953e-13,1.1047378653561445e-07,1.3845644209544475e-07,0.19800187449645348,0.2628631960561179,1.69254554911504e-15,4.11679722568728e-15,2.6414208354577604e-13,6.620968510685703e-13,1.1709437079845525e-12,1.210394746527064e-12,3.215541566746288e-06,3.56273709975085e-06,0.01178831669975395,0.013936816893876842,0.25623124513339085,0.5288973750780318,0.033229219150932604,0.10776751090540947,8.954295101485855e-08,1.9148073913255277e-07,2.7669854578423137e-06,6.1225250785575585e-06,9.252446712692747e-07,2.1847534027212163e-06,1.5744066198568058e-05,3.254901988161587e-05,3.921923110397907e-09,8.399448841100064e-09,1.466670877412957e-06,3.250066988479744e-06,2.5986979185815397e-11,7.857292964279989e-11,1.3855290447916371e-18,1.4301677440333158e-18,5.884404152922318e-12,6.948203694341091e-12,3.723608662227405e-12,7.96374940220645e-12,1.1449410700898988e-15,2.195246327758297e-15,1.3134213343399206e-08,2.6158452891391176e-08,2.232998061835449e-19,6.752239405623155e-19,0.006314261703702166,0.013035386663262238,3.3966985087384154e-31,1.000000000000078e-30,4.627943599436228e-10,1.5039150934830321e-09,2.52141368777409e-11,7.998214260327374e-11
1.618,1347.2015905127978,5.136873576177637,0.17070629823858738,10.94553907791432,0.4944091869781627,0.07345221787031676,6.639114032680837e-06,4.931721165770827e-07,1.2214886131748034e-12,1.4401579131901295e-12,2.2406113944569054e-13,5.283445453861634e-13,1.1039866181558199e-07,1.3836281040118673e-07,0.197997941567306,0.2628589662309711,1.690492510980208e-15,4.111819107306655e-15,2.6391340386189133e-13,6.61526139182255e-13,1.1693845076127966e-12,1.208787573404524e-12,3.213358485822044e-06,3.5603317312506913e-06,0.011786408544421464,0.013934613522884772,0.2562308797265825,0.5288986157244047,0.033230386583566425,0.10777170356332696,8.951275780407218e-08,1.9141689525037875e-07,2.767034522110731e-06,6.122656736764212e-06,9.248148380066054e-07,2.183746686552903e-06,1.5730960404404388e-05,3.2522047847856304e-05,3.918120306018925e-09,8.39133615518464e-09,1.4659403143768423e-06,3.248460351015145e-06,2.596004065348063e-11,7.849177569961656e-11,1.3849397021841974e-18,1.4295648061292285e-18,5.881654478283188e-12,6.944983120653192e-12,3.721517376803216e-12,7.959306753006581e-12,1.1441316057451925e-15,2.1937025800428368e-15,1.3134166532116404e-08,2.615845832513881e-08,2.231394562865795e-19,6.747416123600148e-19,0.006314237887599558,0.013035386663266514,3.3966856970858434e-31,1.0000000000000801e-30,4.6241560408241894e-10,1.5026899411013232e-09,2.5196887921355736e-11,7.992772840049826e-11
1.619,1347.1518288946068,5.137011985341117,0.17070169881074732,10.951397250427933,0.4944142649867779,0.07345324898402511,6.6357494943271114e-06,4.929240460077168e-07,1.2200508865920442e-12,1.4384682253328118e-12,2.2379232985994154e-13,5.277126702082667e-13,1.1032360602867194e-07,1.382692637255556e-07,0.19799401190896887,0.2628547394437295,1.688442462873712e-15,4.106848204225405e-15,2.6368497936553407e-13,6.60956059447246e-13,1.1678278956598927e-12,1.2071830579612302e-12,3.21117783455966e-06,3.557929019404315e-06,0.011784502835427181,0.0139324129600461,0.2562305130111229,0.528899851118472,0.03323155429521069,0.1077758966360104,8.948258039596451e-08,1.9135308375332124e-07,2.7670835452789077e-06,6.122788275380207e-06,9.243854481358242e-07,2.182740999199932e-06,1.5717873140751296e-05,3.249511376327792e-05,3.914323184363557e-09,8.38323553807371e-09,1.4652107090834115e-06,3.246855808036993e-06,2.5933139768662183e-11,7.841073459465495e-11,1.384350529941433e-18,1.4289620326139634e-18,5.878906820446612e-12,6.941764870489236e-12,3.719427715360217e-12,7.95486750504766e-12,1.143322895612944e-15,2.192160256165569e-15,1.3134119782426757e-08,2.6158463754965846e-08,2.229792505102024e-19,6.74259713056677e-19,0.006314214102064034,0.013035386663270747,3.396672901876557e-31,1.0000000000000814e-30,4.620374475350174e-10,1.5014667197777317e-09,2.5179658704664966e-11,7.987337601762789e-11
1.62,1347.1020810814907,5.137150384064757,0.17069709997764487,10.957255580769402,0.4944193382552877,0.07345427904626405,6.632387358976678e-06,4.926761496914172e-07,1.218615183735123e-12,1.4367809038297913e-12,2.235239091425341e-13,5.270817046953588e-13,1.1024861908525883e-07,1.3817580195962888e-07,0.1979900855210538,0.2628505156960405,1.6863953991552181e-15,4.10188450291032e-15,2.6345680971100446e-13,6.603866110176215e-13,1.1662738667548663e-12,1.2055811947080067e-12,3.2089996089491813e-06,3.5555289598616254e-06,0.011782599568783534,0.013930215200819697,0.25623014499405805,0.5289010812788606,0.03323272228048902,0.10778009010681452,8.945241878377005e-08,1.9128930462970981e-07,2.7671325274472797e-06,6.122919694672673e-06,9.239565012333953e-07,2.1817363397056e-06,1.570480438481074e-05,3.246821758182326e-05,3.910531737130315e-09,8.375146972307973e-09,1.46448206070775e-06,3.245253357789796e-06,2.5906276459974007e-11,7.832980611514153e-11,1.3837615277639072e-18,1.4283594232002786e-18,5.876161184183519e-12,6.938548949610289e-12,3.717339676050277e-12,7.95043165454245e-12,1.1425149386887124e-15,2.1906193542563308e-15,1.3134073094222172e-08,2.615846918086262e-08,2.2281918922019253e-19,6.737782437755186e-19,0.00631419034704596,0.013035386663274995,3.3966601230838375e-31,1.0000000000000798e-30,4.616598895016883e-10,1.5002454269647807e-09,2.5162449195077237e-11,7.981908535339372e-11
1.621,1347.052347056022,5.13728877235909,0.1706925017388539,10.963114068926837,0.49442440679771327,0.07345530805966488,6.629027622522292e-06,4.924284273324985e-07,1.217181500469181e-12,1.4350959438683443e-12,2.232558765497901e-13,5.264516471173363e-13,1.101737008648227e-07,1.3808242495575143e-07,0.197986162391891,0.26284629497456463,1.6843513139636689e-15,4.096927989290601e-15,2.6322889438207625e-13,6.598177926199404e-13,1.1647224149289443e-12,1.2039819775374757e-12,3.2068238041479914e-06,3.553131547349599e-06,0.011780698740581996,0.013928020240757158,0.256229775671151,0.5289023062008879,0.03323389054531772,0.10778428399571463,8.942227293215044e-08,1.9122555780676204e-07,2.767181468641862e-06,6.123050994743857e-06,9.235279960645794e-07,2.1807327051975494e-06,1.5691754077765914e-05,3.244135918296537e-05,3.906745947188024e-09,8.367070421516414e-09,1.463754366083147e-06,3.243652993328427e-06,2.5879450648772196e-11,7.824899002634613e-11,1.3831726960447299e-18,1.427756978315722e-18,5.873417557296333e-12,6.935335343740656e-12,3.71525325614989e-12,7.945999195830917e-12,1.1417077337030854e-15,2.1890798719367144e-15,1.3134026467411925e-08,2.615847460285309e-08,2.226592715048855e-19,6.732972017768713e-19,0.006314166622495864,0.013035386663279169,3.396647360681106e-31,1.000000000000079e-30,4.612829279359772e-10,1.499026056063339e-09,2.5145259350774868e-11,7.976485627725149e-11
1.622,1347.0026267937278,5.1374271502570235,0.17068790409320506,10.96897271488838,0.494429470618979,0.0734563360255075,6.625670281967722e-06,4.921808787177883e-07,1.2157498331340156e-12,1.4334133411951906e-12,2.2298823132935315e-13,5.258224957235589e-13,1.1009885126867459e-07,1.3798913259362174e-07,0.19798224251893104,0.26284207727806974,1.6823102015575205e-15,4.0919786495855626e-15,2.6300123298512816e-13,6.592496032880314e-13,1.1631735346490295e-12,1.2023854007924021e-12,3.204650415904252e-06,3.550736777249556e-06,0.011778800346872462,0.013925828075360691,0.25622940504726144,0.5289035258986485,0.03323505908650383,0.10778847829314304,8.93921428260393e-08,1.911618432550423e-07,2.7672303689474063e-06,6.1231821758259794e-06,9.230999319799407e-07,2.1797300941854013e-06,1.567872218667315e-05,3.241453849966418e-05,3.902965803749363e-09,8.35900586291355e-09,1.4630276237242025e-06,3.242054711433311e-06,2.5852662261777453e-11,7.816828610974957e-11,1.3825840346639038e-18,1.4271546978581748e-18,5.870675941224504e-12,6.932124054706923e-12,3.713168453532306e-12,7.941570124529019e-12,1.1409012795687223e-15,2.1875418071772834e-15,1.313397990189177e-08,2.6158480020934273e-08,2.2249949746370325e-19,6.728165873784242e-19,0.006314142928364376,0.013035386663283383,3.3966346146417676e-31,1.0000000000000772e-30,4.609065616890382e-10,1.4978086033910412e-09,2.5128089136621667e-11,7.971068867984624e-11
1.623,1346.952920272668,5.13756551778347,0.17068330703979484,10.974831518642205,0.494434529727263,0.07345736294555452,6.622315334547402e-06,4.919335036512285e-07,1.2143201781387992e-12,1.4317330916386463e-12,2.227209727542323e-13,5.251942488231229e-13,1.1002407020090582e-07,1.3789592475641426e-07,0.1979783258963708,0.2628378626010015,1.6802720564214286e-15,4.0870364705641145e-15,2.6277382513313886e-13,6.58682042072211e-13,1.1616272204674361e-12,1.2007914589036182e-12,3.2024794400628645e-06,3.5483446450497476e-06,0.011776904383708977,0.013923638700137051,0.25622903312397777,0.5289047403794797,0.03323622790411988,0.10779267300012163,8.93620284515316e-08,1.9109816094759316e-07,2.7672792284305695e-06,6.123313238111168e-06,9.226723083356357e-07,2.1787285051918775e-06,1.566570867937721e-05,3.238775546650642e-05,3.8991912962707626e-09,8.350953274234907e-09,1.4623018321851835e-06,3.2404585089725827e-06,2.582591122653061e-11,7.808769414930269e-11,1.3819955435511605e-18,1.426552581776811e-18,5.867936332254e-12,6.92891507825019e-12,3.711085266210278e-12,7.937144436550693e-12,1.1400955752428289e-15,2.186005158033876e-15,1.3133933397562672e-08,2.6158485435113295e-08,2.2233986700756315e-19,6.723364003278152e-19,0.0063141192646021084,0.013035386663287586,3.3966218849392764e-31,1.000000000000076e-30,4.6053078963413756e-10,1.4965930653372157e-09,2.5110938517937835e-11,7.965658245326486e-11
1.624,1346.9032274705087,5.137703874964818,0.17067871057767092,10.980690480176513,0.49443958413001377,0.07345838882145758,6.618962776662045e-06,4.91686301874794e-07,1.212892531599189e-12,1.4300551906807236e-12,2.2245410006927857e-13,5.245669046586347e-13,1.0994935755214525e-07,1.3780280131041836e-07,0.1979744125191123,0.26283365093873157,1.6782368726913915e-15,4.082101438146391e-15,2.625466703759119e-13,6.58115107864362e-13,1.160083466655661e-12,1.1992001460114175e-12,3.2003108720851646e-06,3.5459551458130867e-06,0.011775010847183654,0.013921452110637273,0.25622865990357935,0.5289059496521257,0.03323739699755023,0.10779686811543653,8.933192978380112e-08,1.9103451083409212e-07,2.767328047157582e-06,6.1234441817903975e-06,9.222451242161297e-07,2.177727936097984e-06,1.5652713510972895e-05,3.236100999171496e-05,3.895422411031408e-09,8.342912626410007e-09,1.4615769892026693e-06,3.2388643810021005e-06,2.579919746747003e-11,7.800721391956364e-11,1.3814072227979297e-18,1.4259506301876402e-18,5.86519872821906e-12,6.925708411939288e-12,3.709003691728916e-12,7.93272212680911e-12,1.1392906195400512e-15,2.184469922288785e-15,1.3133886954324624e-08,2.6158490845394397e-08,2.2218037982649697e-19,6.718566397046851e-19,0.006314095631159927,0.013035386663291766,3.3966091715471983e-31,1.0000000000000744e-30,4.6015561021066277e-10,1.4953794368810014e-09,2.509380745657069e-11,7.960253747856961e-11
1.625,1346.8535483655583,5.137842221825459,0.17067411470594748,10.986549599479536,0.494444633835501,0.0734594136549897,6.615612605080435e-06,4.914392731577812e-07,1.211466889766853e-12,1.4283796339635985e-12,2.2218761253682672e-13,5.239404615138529e-13,1.0987471321894714e-07,1.3770976212934134e-07,0.19797050238123748,0.26282944228554017,1.6762046446938514e-15,4.077173538715149e-15,2.623197682898659e-13,6.575487996230243e-13,1.1585422676268918e-12,1.1976114564023384e-12,3.198144707609391e-06,3.5435682747982364e-06,0.011773119733385367,0.013919268302408222,0.25622828538751025,0.5289071537236019,0.0332385663670088,0.1078010636405635,8.930184680246383e-08,1.9097089287371075e-07,2.7673768251916565e-06,6.123575007047913e-06,9.218183788133729e-07,2.1767283850384225e-06,1.563973664171423e-05,3.233430199417548e-05,3.891659135614061e-09,8.334883893159164e-09,1.4608530928395174e-06,3.2372723233005442e-06,2.5772520910605476e-11,7.792684519983225e-11,1.3808190724420995e-18,1.4253488431513682e-18,5.862463125496932e-12,6.922504051622339e-12,3.706923727842758e-12,7.928303190664973e-12,1.138486411340546e-15,2.182936097849775e-15,1.3133840572079097e-08,2.615849625178451e-08,2.2202103567210925e-19,6.713773047748192e-19,0.006314072027988782,0.013035386663295965,3.39659647443914e-31,1.0000000000000737e-30,4.597810220331231e-10,1.494167713570455e-09,2.5076695915892435e-11,7.9548553641654e-11
1.6260000000000001,1346.8038829363404,5.137980558389161,0.17066951942375969,10.992408876539532,0.4944496788522817,0.07346043744796617,6.612264817032897e-06,4.911924173037523e-07,1.2100432490668159e-12,1.426706417333649e-12,2.2192150943686696e-13,5.233149177140942e-13,1.0980013710552465e-07,1.3761680709648152e-07,0.19796659547654583,0.2628252366353304,1.6741753669624832e-15,4.0722527591566266e-15,2.6209311848738104e-13,6.569831163968263e-13,1.1570036179700829e-12,1.196025384544394e-12,3.1959809424981436e-06,3.54118402751221e-06,0.011771231038394244,0.013917087270986117,0.2562279095769231,0.5289083526003188,0.03323973601299835,0.10780525957791451,8.927177949315314e-08,1.9090730703848418e-07,2.7674255625962813e-06,6.1237057140685424e-06,9.213920714711878e-07,2.1757298505064146e-06,1.5626778038993772e-05,3.2307631407528924e-05,3.887901459390206e-09,8.326867052032635e-09,1.460130141613977e-06,3.235682332655562e-06,2.5745881483926222e-11,7.784658777538398e-11,1.3802310924314043e-18,1.4247472206356077e-18,5.859729519625991e-12,6.919301992156633e-12,3.704845372566608e-12,7.923887624035278e-12,1.1376829496051724e-15,2.1814036827792126e-15,1.313379425072854e-08,2.615850165429234e-08,2.218618344551682e-19,6.708983952852633e-19,0.006314048455039629,0.013035386663300154,3.396583793588723e-31,1.0000000000000719e-30,4.5940702395955713e-10,1.4929578917448741e-09,2.5059603861310155e-11,7.949463083486093e-11
1.627,1346.754231159351,5.138118884686304,0.17066492473002312,10.998268311344791,0.49445471918599576,0.07346146020176633,6.608919408722185e-06,4.909457340399033e-07,1.2086216055749746e-12,1.4250355362253775e-12,2.2165579000441914e-13,5.226902714785415e-13,1.0972562910023166e-07,1.3752393607524817e-07,0.19796269180173018,0.26282103398583706,1.6721490335252414e-15,4.067339085126248e-15,2.618667205104499e-13,6.564180570578831e-13,1.1554675119317735e-12,1.1944419245513844e-12,3.1938195721520726e-06,3.5388023989498305e-06,0.011769344758334067,0.013914909011958057,0.2562275324758321,0.5289095462945752,0.03324090593315374,0.10780945592059633,8.924172782922894e-08,1.9084375327419032e-07,2.767474259446622e-06,6.123836303062739e-06,9.209662012432812e-07,2.174732330309954e-06,1.5613837656259e-05,3.228099813658125e-05,3.884149368231631e-09,8.318862073083979e-09,1.459408133155059e-06,3.234094403883945e-06,2.5719279111735506e-11,7.776644142033743e-11,1.3796432828526005e-18,1.4241457627514019e-18,5.8569979113874564e-12,6.916102234589856e-12,3.702768623332678e-12,7.919475421590402e-12,1.1368802331168267e-15,2.179872674798042e-15,1.3133747990170576e-08,2.6158507052916035e-08,2.2170277589525337e-19,6.704199104048611e-19,0.006314024912263668,0.01303538666330433,3.3965711289696967e-31,1.0000000000000701e-30,4.5903361437662226e-10,1.491749966211478e-09,2.504253125432089e-11,7.944076893812191e-11
1.6280000000000001,1346.704593013606,5.138257200739283,0.170660330623919,11.004127903883631,0.49445975484569943,0.07346248191827746,6.605576377473711e-06,4.90699223176812e-07,1.2072019557610069e-12,1.4233669865373986e-12,2.2139045352846374e-13,5.220665211535534e-13,1.0965118910890044e-07,1.3743114895095014e-07,0.19795879135008249,0.2628168343302803,1.6701256389970162e-15,4.062432503706552e-15,2.616405739779211e-13,6.558536206709148e-13,1.1539339441592997e-12,1.1928610709512181e-12,3.1916605924906824e-06,3.5364233846806107e-06,0.011767460889300576,0.013912733520877848,0.2562271540848454,0.5289107348116415,0.033242076128512134,0.10781365267275088,8.921169179719595e-08,1.9078023155471445e-07,2.7675229158031033e-06,6.1239667742083745e-06,9.205407674934265e-07,2.1737358229891326e-06,1.560091546194849e-05,3.225440211712887e-05,3.880402851791695e-09,8.310868934464954e-09,1.4586870660428186e-06,3.232508533909865e-06,2.5692713722693677e-11,7.768640592197681e-11,1.3790556436515229e-18,1.4235444694643108e-18,5.854268295619221e-12,6.91290477295151e-12,3.7006934782125325e-12,7.915066579367885e-12,1.1360782608559778e-15,2.178343072005924e-15,1.3133701790308828e-08,2.6158512447665813e-08,2.2154385986503273e-19,6.699418497653544e-19,0.006314001399612091,0.01303538666330853,3.3965584805558086e-31,1.0000000000000717e-30,4.586607921778153e-10,1.4905439334244372e-09,2.5025478060773965e-11,7.938696784516995e-11
1.629,1346.6549684776855,5.138395506572057,0.17065573710457657,11.0099876541444,0.4944647858396356,0.07346350259926346,6.602235719760656e-06,4.90452884461715e-07,1.205784295795788e-12,1.4217007638157872e-12,2.2112549926897675e-13,5.214436650170041e-13,1.0957681702365469e-07,1.3733844559170276e-07,0.19795489411568493,0.2628126376629197,1.6681051776347565e-15,4.057533001108716e-15,2.614146784444012e-13,6.552898061395327e-13,1.152402909013641e-12,1.1912828179755382e-12,3.1895039990413584e-06,3.5340469798392417e-06,0.011765579427427286,0.013910560793343223,0.2562267744053468,0.5289119181583697,0.03324324659933732,0.10781784983600805,8.918167137243253e-08,1.907167418301378e-07,2.7675715317264935e-06,6.124097127683869e-06,9.20115769308435e-07,2.1727403264298675e-06,1.5588011411506523e-05,3.2227843258098767e-05,3.876661896487674e-09,8.302887607395185e-09,1.457966938022616e-06,3.2309247178074977e-06,2.5666185242299346e-11,7.760648105801464e-11,1.3784681749381686e-18,1.4229433409092775e-18,5.851540668708171e-12,6.909709603099693e-12,3.69861993479949e-12,7.910661092381812e-12,1.1352770316574523e-15,2.1768148722230647e-15,1.3133655651045714e-08,2.61585178385485e-08,2.2138508603123687e-19,6.694642123756772e-19,0.006313977917036281,0.01303538666331271,3.3965458483208944e-31,1.0000000000000696e-30,4.582885558144697e-10,1.4893397884007861e-09,2.5008444242981316e-11,7.933322743850874e-11
1.6300000000000001,1346.605357528481,5.1385338022139555,0.17065114417094707,11.015847562115473,0.49446981217391894,0.07346452224617227,6.598897432796622e-06,4.90206717696837e-07,1.2043686221406501e-12,1.4200368639489077e-12,2.2086092650028706e-13,5.208217013805446e-13,1.0950251274975855e-07,1.3724582588208421e-07,0.1979510000947609,0.26280844398085823,1.6660876439244154e-15,4.052640564100414e-15,2.611890335314782e-13,6.547266125352024e-13,1.1508744011367774e-12,1.1897071601462656e-12,3.187349787702949e-06,3.5316731799718015e-06,0.011763700368827621,0.013908390824928007,0.2562263934408369,0.5289130963459842,0.03324441734376332,0.10782204740509066,8.915166654152457e-08,1.906532840745062e-07,2.7676201072934395e-06,6.1242273637028036e-06,9.196912060775635e-07,2.1717458392321843e-06,1.5575125474134283e-05,3.2201321496856974e-05,3.872926492141501e-09,8.294918070385306e-09,1.45724774772795e-06,3.2293429526190143e-06,2.5639693599334742e-11,7.752666661608348e-11,1.3778808765985516e-18,1.4223423769900176e-18,5.848815030082943e-12,6.906516724484128e-12,3.69654799109607e-12,7.906258956521194e-12,1.1344765444819366e-15,2.1752880735108872e-15,1.3133609572280675e-08,2.615852322556513e-08,2.2122645442265403e-19,6.689869983395844e-19,0.0063139544644876325,0.01303538666331689,3.396533232238819e-31,1.0000000000000696e-30,4.579169042110724e-10,1.4881375276950533e-09,2.4991429766970947e-11,7.92795476124255e-11
1.631,1346.5557601447172,5.13867208768865,0.17064655182216978,11.021707627785256,0.4944748338568573,0.07346554086077553,6.595561513232285e-06,4.899607226425536e-07,1.202954931043999e-12,1.4183752825738458e-12,2.2059673449174619e-13,5.202006285440031e-13,1.0942827618247557e-07,1.3715328969412704e-07,0.19794710928132053,0.2628042532782518,1.6640730322206777e-15,4.0477551791293376e-15,2.60963638808351e-13,6.541640387979944e-13,1.1493484149782374e-12,1.1881340917861327e-12,3.1851979541012547e-06,3.5293019803214945e-06,0.011761823709646534,0.013906223611242649,0.2562260111925968,0.5289142693811107,0.033245588362148464,0.10782624538193242,8.912167728209179e-08,1.9058985824268167e-07,2.7676686425646734e-06,6.1243574824433674e-06,9.192670769456836e-07,2.1707523594188693e-06,1.5562257608029205e-05,3.2174836748015555e-05,3.869196625872024e-09,8.286960296155373e-09,1.4565294930768116e-06,3.227763233800721e-06,2.5613238720328563e-11,7.744696237699058e-11,1.3772937487097288e-18,1.4217415778073859e-18,5.846091376020864e-12,6.903326132832936e-12,3.6944776447971895e-12,7.901860167016594e-12,1.1336767981974064e-15,2.1737626737528614e-15,1.3133563553916653e-08,2.6158528608722853e-08,2.2106796472629536e-19,6.685102067272489e-19,0.006313931041917732,0.013035386663321083,3.396520632283527e-31,1.0000000000000687e-30,4.57545835913367e-10,1.4869371466307337e-09,2.4974434595940595e-11,7.922592825222154e-11
1.6320000000000001,1346.5061763067465,5.138810363014739,0.17064196005755264,11.027567851142177,0.49447985089880653,0.07346655844514807,6.592227957598386e-06,4.897148990503081e-07,1.2015432187040658e-12,1.4167160152683223e-12,2.203329225207551e-13,5.195804448261115e-13,1.0935410721446243e-07,1.370608368965872e-07,0.1979432216673189,0.2628000655465235,1.6620613369180693e-15,4.042876832739475e-15,2.6073849382765854e-13,6.536020838264077e-13,1.1478249449525137e-12,1.1865636071814294e-12,3.183048493799936e-06,3.5269333760623997e-06,0.011759949446043175,0.013904059147913955,0.2562256276598371,0.5289154372660937,0.033246759656917826,0.1078304437751686,8.90917035688765e-08,1.9052646428336636e-07,2.767717137587917e-06,6.124487484054872e-06,9.188433809700194e-07,2.1697598848056157e-06,1.554940776766281e-05,3.214838891847959e-05,3.865472283904819e-09,8.279014255511137e-09,1.4558121717392549e-06,3.2261855562592546e-06,2.5586820531328172e-11,7.73673681200778e-11,1.376706791437679e-18,1.4211409435539852e-18,5.843369699507168e-12,6.9001378199864434e-12,3.692408893537673e-12,7.897464718969618e-12,1.1328777916549274e-15,2.1722386707998823e-15,1.3133517595860181e-08,2.6158533988035577e-08,2.2090961648312644e-19,6.680338361671491e-19,0.006313907649278259,0.013035386663325281,3.396508048429037e-31,1.0000000000000701e-30,4.5717534933711316e-10,1.4857386401087147e-09,2.495745869223511e-11,7.917236924048625e-11
1.633,1346.4566059913136,5.138948628222309,0.17063736887602224,11.033428232174696,0.4944848633054518,0.07346757500067053,6.588896763154386e-06,4.894692467256591e-07,1.200133481621241e-12,1.415059057966141e-12,2.200694898661658e-13,5.189611485489518e-13,1.0928000575222766e-07,1.3696846737557432e-07,0.19793933724939403,0.26279588078331234,1.6600525525413306e-15,4.038005511790988e-15,2.6051359821729883e-13,6.530407467075412e-13,1.1463039857572966e-12,1.1849957009109902e-12,3.1809014027434575e-06,3.524567362790308e-06,0.011758077574153607,0.01390189743054116,0.25622524284642667,0.528916600012891,0.03324793122582788,0.10783464257829227,8.906174538915637e-08,1.9046310217206548e-07,2.767765592441794e-06,6.1246173687549885e-06,9.184201175623579e-07,2.1687684140452835e-06,1.5536575923276498e-05,3.212197794775513e-05,3.861753456338228e-09,8.271079927551966e-09,1.4550957824108095e-06,3.224609917173589e-06,2.5560438961821083e-11,7.728788363507979e-11,1.376120004651885e-18,1.4205404741163248e-18,5.84065000046785e-12,6.89695178598068e-12,3.690341735347432e-12,7.89307260832657e-12,1.1320795238265297e-15,2.17071606273466e-15,1.3133471698010724e-08,2.6158539363503003e-08,2.2075140977799854e-19,6.675578869324375e-19,0.006313884286520913,0.013035386663329466,3.396495480649356e-31,1.0000000000000693e-30,4.568054434436189e-10,1.4845420048026536e-09,2.4940502022334855e-11,7.911887047292272e-11
1.6340000000000001,1346.4070491746666,5.139086883343147,0.17063277827644902,11.03928877087131,0.4944898710817001,0.07346859052860637,6.585567926926571e-06,4.892237654568177e-07,1.1987257162224818e-12,1.4134044065143146e-12,2.1980643579745082e-13,5.183427380124075e-13,1.092059716988071e-07,1.3687618101283563e-07,0.19793545602495333,0.26279169898727267,1.6580466735060603e-15,4.033141202877925e-15,2.602889515898698e-13,6.524800264900788e-13,1.1447855320229036e-12,1.1834303674837746e-12,3.1787566767778197e-06,3.522203935991621e-06,0.011756208090131354,0.013899738454743637,0.25622485675699197,0.5289177576350126,0.033249103065876154,0.10783884178233277,8.903180272743306e-08,1.9039977187834005e-07,2.7678140072081296e-06,6.124747136768351e-06,9.179972860703295e-07,2.1677779456391077e-06,1.5523762042022024e-05,3.2095603768956865e-05,3.858040132499531e-09,8.263157289724703e-09,1.454380323588962e-06,3.2230363132836017e-06,2.553409394059415e-11,7.72085087096023e-11,1.3755333882517036e-18,1.4199401694116968e-18,5.837932280379345e-12,6.893768032682212e-12,3.6882761681250555e-12,7.888683830752406e-12,1.1312819936448227e-15,2.169194847564155e-15,1.3133425860266743e-08,2.615854473512227e-08,2.205933446133232e-19,6.670823590469287e-19,0.006313860953597568,0.013035386663333688,3.3964829289186043e-31,1.0000000000000726e-30,4.5643611709010616e-10,1.4833472370477713e-09,2.4923564551899236e-11,7.9065431842623e-11
1.635,1346.3575058381257,5.139225128393098,0.1706281882582329,11.045149467220536,0.4944948742389026,0.07346960503117446,6.582241445313669e-06,4.88978454985345e-07,1.1973199186714547e-12,1.4117520564491903e-12,2.1954375959802197e-13,5.177252115491486e-13,1.0913200494465831e-07,1.3678397767434192e-07,0.1979315779849362,0.26278752014846346,1.6560436942276006e-15,4.028283892593042e-15,2.6006455348506147e-13,6.519199220398731e-13,1.1432695781531418e-12,1.1818676011743484e-12,3.1766143114199455e-06,3.5198430907877855e-06,0.011754340990167679,0.01389758221618474,0.2562244693896782,0.5289189101325746,0.03325027518054367,0.10784304139934442,8.90018755558951e-08,1.9033647334540975e-07,2.7678623819272796e-06,6.124876788227656e-06,9.175748854807289e-07,2.166788477236087e-06,1.551096607531729e-05,3.206926628266561e-05,3.854332297891208e-09,8.255246311283037e-09,1.4536657927379541e-06,3.2214647390391466e-06,2.550778539358061e-11,7.71292431226115e-11,1.3749469424676969e-18,1.4193400296992246e-18,5.835216530816476e-12,6.890586550264827e-12,3.686212189437326e-12,7.884298381201869e-12,1.1304851999433156e-15,2.1676750231051256e-15,1.3133380082536725e-08,2.6158550102909694e-08,2.2043542038432427e-19,6.666072506982267e-19,0.006313837650460231,0.01303538666333788,3.3964703932109595e-31,1.0000000000000744e-30,4.560673685873733e-10,1.4821543314033017e-09,2.49066462426823e-11,7.901205323028289e-11
1.6360000000000001,1346.3079759578245,5.139363363404466,0.17062359882022748,11.051010321210924,0.494499872781727,0.07347061850960107,6.5789173156465505e-06,4.887333151220354e-07,1.1959160855202486e-12,1.4101020037649309e-12,2.192814605490857e-13,5.171085674865789e-13,1.0905810539816034e-07,1.3669185724852008e-07,0.1979277031269851,0.2627833442658441,1.6540436092578291e-15,4.023433567860692e-15,2.598404035412207e-13,6.513604324700387e-13,1.1417561189115918e-12,1.180307396628998e-12,3.174474302675632e-06,3.517484822841751e-06,0.01175247627042137,0.013895428710489311,0.2562240807493151,0.5289200575194947,0.03325144756661549,0.1078472414196649,8.897196386319822e-08,1.90273206551708e-07,2.767910716683499e-06,6.1250063233627825e-06,9.171529152499988e-07,2.165800007594185e-06,1.54981879953736e-05,3.204296543245e-05,3.850629943110503e-09,8.247346972391734e-09,1.4529521886776286e-06,3.2198951918940627e-06,2.5481513251116973e-11,7.705008666637959e-11,1.3743606671292997e-18,1.4187400548239412e-18,5.8325027532827095e-12,6.8874073406264435e-12,3.684149797354443e-12,7.879916255706184e-12,1.1296891417090973e-15,2.1661565874687093e-15,1.3133334364719329e-08,2.615855546686216e-08,2.2027763725793694e-19,6.661325624075865e-19,0.006313814377060903,0.013035386663342044,3.396457873500607e-31,1.000000000000075e-30,4.556991969661733e-10,1.4809632847680775e-09,2.488974706183886e-11,7.895873453372645e-11
1.637,1346.2584595151775,5.139501588392996,0.1706190099618364,11.056871332831046,0.494504866721471,0.07347163096609477,6.57559553418235e-06,4.884883455978835e-07,1.1945142128948119e-12,1.4084542439530057e-12,2.1901953793275089e-13,5.164928041541416e-13,1.0898427294766672e-07,1.3659981959868521e-07,0.19792383144207976,0.26277917132951767,1.652046412977649e-15,4.018590215188642e-15,2.5961650128782056e-13,6.508015566206953e-13,1.1402451486782085e-12,1.1787497480971868e-12,3.1723366460094146e-06,3.5151291272163724e-06,0.011750613927105304,0.013893277933345383,0.2562236908340623,0.528921199795901,0.03325262022755345,0.10785144185528314,8.894206761951813e-08,1.9020997143613645e-07,2.767959011516205e-06,6.125135742304161e-06,9.167313743154956e-07,2.1648125342454083e-06,1.5485427751354108e-05,3.201670111422187e-05,3.846933053115357e-09,8.239459241135976e-09,1.452239508722437e-06,3.218327665965804e-06,2.545527743890398e-11,7.69710391191497e-11,1.3737745625002118e-18,1.418140245079088e-18,5.8297909394170404e-12,6.884230394015918e-12,3.682088989366108e-12,7.87553744905437e-12,1.12889381775406e-15,2.1646395384299093e-15,1.3133288706723599e-08,2.615856082699621e-08,2.201199945819158e-19,6.656582922189591e-19,0.006313791133351847,0.0130353866633462,3.396445369761856e-31,1.0000000000000742e-30,4.5533160046097164e-10,1.479774091452897e-09,2.4872866970628365e-11,7.890547563206779e-11
1.6380000000000001,1346.208956486451,5.139639803390746,0.17061442168192184,11.062732502069506,0.4945098560628508,0.07347264240188697,6.572276098434912e-06,4.882435462372302e-07,1.1931142974260254e-12,1.406808773100085e-12,2.1875799103958823e-13,5.15877919901171e-13,1.0891050750478721e-07,1.3650786461729549e-07,0.1979199629278083,0.2627750013383628,1.650052100037284e-15,4.013753821739272e-15,2.5939284637821614e-13,6.50243293642462e-13,1.1387366623057034e-12,1.1771946503169051e-12,3.170201337527395e-06,3.51277599968521e-06,0.011748753956388178,0.013891129880388663,0.2562232996486618,0.5289223369755145,0.033253793160222124,0.1078556426967915,8.891218681584273e-08,1.9014676798210348e-07,2.7680072665098307e-06,6.125265045281899e-06,9.1631026219396e-07,2.1638260560898787e-06,1.5472685318314488e-05,3.199047327742389e-05,3.843241619225229e-09,8.23158309922528e-09,1.4515277518715158e-06,3.216762159105125e-06,2.5429077888317952e-11,7.689210027631859e-11,1.3731886283754013e-18,1.4175406002740285e-18,5.82708109048595e-12,6.88105571205071e-12,3.680029763646939e-12,7.87116195750016e-12,1.128099227099226e-15,2.1631238741646334e-15,1.313324310844876e-08,2.6158566183309064e-08,2.19962492576859e-19,6.651844408157955e-19,0.006313767919285284,0.013035386663350395,3.396432881969011e-31,1.0000000000000766e-30,4.549645781999153e-10,1.4785867486727696e-09,2.485600593711067e-11,7.885227642598987e-11
1.639,1346.1594668506054,5.139778008421423,0.17060983397962343,11.068593828914942,0.49451484081387115,0.073473652818695,6.568959005030811e-06,4.879989167984701e-07,1.191716335408286e-12,1.405165586895861e-12,2.1849681915042197e-13,5.152639130539299e-13,1.0883680896538614e-07,1.3641599217706204e-07,0.19791609757844345,0.2627708342868462,1.6480606648677292e-15,4.008924374141001e-15,2.5916943838395176e-13,6.496856424808044e-13,1.1372306543385255e-12,1.1756420977072294e-12,3.1680683729031153e-06,3.5104254355421836e-06,0.011746896354483016,0.01388898454730654,0.25622290719452845,0.528923469065168,0.033254966364817146,0.10785984394558241,8.888232142915355e-08,1.9008359614305326e-07,2.768055481724465e-06,6.125394232472011e-06,9.158895780218764e-07,2.162840571129599e-06,1.5459960654190486e-05,3.196428183609861e-05,3.839555628553271e-09,8.22371851935879e-09,1.4508169160096448e-06,3.215198666692966e-06,2.5402914527111707e-11,7.681326992231499e-11,1.372602864843451e-18,1.4169411205211462e-18,5.824373203148493e-12,6.877883290907077e-12,3.677972117885879e-12,7.866789776257909e-12,1.1273053686187728e-15,2.1616095925670225e-15,1.3133197569799107e-08,2.615857153580703e-08,2.198051309061702e-19,6.647110071964984e-19,0.006313744734813595,0.013035386663354518,3.396420410096462e-31,1.0000000000000758e-30,4.5459812872229847e-10,1.477401251728804e-09,2.4839163924896783e-11,7.879913680205457e-11
1.6400000000000001,1346.10999058469,5.139916203514768,0.17060524685388073,11.074455313356019,0.49451982098010433,0.07347466221787556,6.565644251464806e-06,4.877544571044821e-07,1.1903203234722276e-12,1.4035246814263255e-12,2.182360215628324e-13,5.14650781978133e-13,1.0876317724066092e-07,1.363242021699089e-07,0.19791223539070754,0.26276667017268923,1.6460721021664213e-15,4.004101859669876e-15,2.589462769543652e-13,6.491286022761574e-13,1.135727119644813e-12,1.1740920850216692e-12,3.1659377482426095e-06,3.508077430560264e-06,0.011745041117577612,0.013886841929756508,0.25622251347550856,0.5289245960767195,0.0332561398390905,0.10786404559512361,8.885247144956259e-08,1.900204559005092e-07,2.768103657238874e-06,6.125523304091908e-06,9.154693212885747e-07,2.1618560781997424e-06,1.5447253732927667e-05,3.1938126737387076e-05,3.835875072167078e-09,8.215865482704576e-09,1.4501070000589074e-06,3.2136371864089323e-06,2.5376787286833095e-11,7.673454785303512e-11,1.3720172717331422e-18,1.4163418056646233e-18,5.821667277427378e-12,6.874713130733206e-12,3.675916050251407e-12,7.862420901567435e-12,1.1265122413339457e-15,2.160096691813125e-15,1.3133152090675572e-08,2.6158576884489988e-08,2.1964790969677657e-19,6.64237991761179e-19,0.006313721579889193,0.013035386663358644,3.396407954118597e-31,1.0000000000000738e-30,4.542322511174944e-10,1.4762175977096777e-09,2.4822340901912873e-11,7.874605666050891e-11
1.641,1346.0605276703536,5.140054388686229,0.17060066030410795,11.080316955381422,0.4945247965727576,0.07347567060161826,6.562331833530673e-06,4.875101668517377e-07,1.1889262576033779e-12,1.4018860520165574e-12,2.1797559755089267e-13,5.140385249839616e-13,1.0868961221179111e-07,1.3623249445012055e-07,0.19790837635563932,0.2627625089860512,1.644086406175983e-15,3.99928626449483e-15,2.587233615842834e-13,6.485721717815408e-13,1.1342260524935045e-12,1.172544606394027e-12,3.1638094588201196e-06,3.505731979590323e-06,0.011743188241935433,0.013884702023484487,0.2562221184897569,0.528925718010246,0.03325731358649831,0.10786824765737744,8.882263684076284e-08,1.899573471794802e-07,2.7681517930894725e-06,6.125652260264932e-06,9.150494907697125e-07,2.160872574449954e-06,1.543456449626724e-05,3.191200786184117e-05,3.832199933212834e-09,8.208023953462851e-09,1.4493980008460214e-06,3.2120777112886644e-06,2.5350696092000662e-11,7.665593384310698e-11,1.3714318494145522e-18,1.4157426561073164e-18,5.8189633053015815e-12,6.871545222177972e-12,3.673861557978002e-12,7.858055327670055e-12,1.1257198439826137e-15,2.158585169535372e-15,1.3133106670987893e-08,2.6158582229373788e-08,2.194908281378251e-19,6.637653920739338e-19,0.00631369845446485,0.013035386663362814,3.396395514010006e-31,1.0000000000000724e-30,4.5386694336790564e-10,1.4750357801062724e-09,2.4805536827635153e-11,7.869303587478386e-11
1.6420000000000001,1346.0110780862628,5.140192563960605,0.17059607432940893,11.086178754979864,0.49452976759937867,0.0734766779715712,6.559021748715271e-06,4.87266045862483e-07,1.1875341344296567e-12,1.4002496947489543e-12,2.1771554642490677e-13,5.134271404669851e-13,1.0861611378935559e-07,1.361408689088277e-07,0.19790452046797394,0.26275835072200604,1.6421035716861207e-15,3.994477576115167e-15,2.5850069191600644e-13,6.480163501196296e-13,1.1327274477693283e-12,1.17099965659453e-12,3.161683500739766e-06,3.5033890784026818e-06,0.011741337723762348,0.013882564824168494,0.25622172223910733,0.5289268348734348,0.033258487606800925,0.10787245013232259,8.879281759149807e-08,1.898942699585508e-07,2.7681998893429153e-06,6.125781101181521e-06,9.146300859064739e-07,2.159890058601474e-06,1.5421892916274964e-05,3.1885925152708386e-05,3.828530202330662e-09,8.200193911883986e-09,1.448689917161943e-06,3.2105202387207445e-06,2.5324640874285853e-11,7.657742768878109e-11,1.370846597780472e-18,1.4151436717593975e-18,5.8162612834970885e-12,6.868379561495853e-12,3.671808639237295e-12,7.853693050811503e-12,1.1249281755894588e-15,2.1570750239161063e-15,1.313306131064065e-08,2.6158587570464752e-08,2.193338862601595e-19,6.632932082442133e-19,0.006313675358493107,0.013035386663366958,3.3963830897451863e-31,1.0000000000000747e-30,4.5350220449630407e-10,1.4738557957904698e-09,2.4788751669699866e-11,7.864007434419444e-11
1.643,1345.9616418099145,5.140330729366571,0.17059148892875928,11.092040712140092,0.4945347340658409,0.07347768432913124,6.555713994090713e-06,4.87022093928122e-07,1.1861439504460494e-12,1.3986156055489485e-12,2.1745586747579617e-13,5.128166267769807e-13,1.0854268187777925e-07,1.3604932542943632e-07,0.19790066772410528,0.262754195377821,1.6401235932734218e-15,3.989675781511114e-15,2.5827826756554284e-13,6.474611363471221e-13,1.131231300228749e-12,1.1694572302605742e-12,3.159559869926601e-06,3.501048722568917e-06,0.011739489559285419,0.013880430327510924,0.25622132472703646,0.5289279466773469,0.033259661898116466,0.10787665301460754,8.876301368579756e-08,1.8983122420621347e-07,2.7682479460731312e-06,6.125909827048012e-06,9.142111060331405e-07,2.1589085291229444e-06,1.5409238959813604e-05,3.18598785424749e-05,3.824865868855281e-09,8.192375335421213e-09,1.4479827474650039e-06,3.208964765356353e-06,2.5298621564009027e-11,7.649902918221157e-11,1.370261516766364e-18,1.414544852575016e-18,5.813561211611141e-12,6.8652161483315394e-12,3.66975729196539e-12,7.849334066733181e-12,1.1241372351076222e-15,2.155566253000306e-15,1.3133016009535876e-08,2.6158592907763223e-08,2.1917708402718286e-19,6.628214401774719e-19,0.006313652291926755,0.013035386663371078,3.3963706812987106e-31,1.0000000000000712e-30,4.531380333506967e-10,1.4726776410659903e-09,2.477198539429196e-11,7.85871719634442e-11
1.6440000000000001,1345.9122188211813,5.140468884925379,0.17058690410138103,11.097902826850877,0.49453969598095276,0.07347868967613011,6.55240856627968e-06,4.867783108066463e-07,1.1847557019727614e-12,1.3969837801356879e-12,2.1719655999659872e-13,5.1220698226864e-13,1.0846931637312679e-07,1.3595786388486423e-07,0.19789681811747972,0.26275004294684495,1.6381464654557976e-15,3.98488086751957e-15,2.58056088103086e-13,6.469065294058058e-13,1.1297376044752887e-12,1.167917321871229e-12,3.157438562082327e-06,3.4987109074128476e-06,0.011737643744759909,0.013878298529247067,0.2562209259540567,0.5289290534269144,0.03326083646152459,0.10788085630848473,8.873322509981918e-08,1.8976820987412e-07,2.768295963334232e-06,6.126038438026791e-06,9.137925502624574e-07,2.15792798395973e-06,1.5396602583952303e-05,3.1833867943374356e-05,3.8212069197335025e-09,8.184568196412127e-09,1.4472764895709127e-06,3.207411286422301e-06,2.5272638089637247e-11,7.642073810993876e-11,1.3696766064954507e-18,1.4139461987021023e-18,5.810863084933264e-12,6.862054977242452e-12,3.667707513856428e-12,7.844978370658532e-12,1.1233470214179798e-15,2.1540588546942272e-15,1.313297076758039e-08,2.615859824127863e-08,2.190204210465783e-19,6.623500867033748e-19,0.006313629254718726,0.013035386663375241,3.3963582886452768e-31,1.0000000000000723e-30,4.527744284407402e-10,1.4715013111367612e-09,2.4755237965136762e-11,7.853432861942748e-11
1.645,1345.8628090962607,5.140607030669995,0.1705823198461076,11.103765099101027,0.49454465334878117,0.07347969401369443,6.549105462659467e-06,4.865346963120881e-07,1.1833693856390592e-12,1.3953542145925564e-12,2.1693762328226358e-13,5.115982053010912e-13,1.0839601718572125e-07,1.3586648416589303e-07,0.19789297164629466,0.2627458934287318,1.6361721828884743e-15,3.98009282131089e-15,2.5783415317598056e-13,6.463525284308206e-13,1.1282463554016795e-12,1.1663799262043393e-12,3.155319573301027e-06,3.4963756286928414e-06,0.011735800276417442,0.013876169425083936,0.2562205259254127,0.5289301551368345,0.03326201129336472,0.10788506000283071,8.870345182265969e-08,1.8970522694158855e-07,2.7683439412118877e-06,6.126166934350029e-06,9.133744180724017e-07,2.1569484219195875e-06,1.5383983761969044e-05,3.1807893301150386e-05,3.817553345885038e-09,8.176772475702793e-09,1.4465711423536697e-06,3.2058597994905588e-06,2.524669038315668e-11,7.634255426913497e-11,1.369091866786846e-18,1.4133477099746132e-18,5.808166905836214e-12,6.858896051150329e-12,3.665659303013837e-12,7.840625958686072e-12,1.1225575335264558e-15,2.152552827143777e-15,1.3132925584673889e-08,2.615860357100596e-08,2.1886389748532133e-19,6.618791483429272e-19,0.00631360624682194,0.013035386663379361,3.3963459117595545e-31,1.0000000000000698e-30,4.5241138883643045e-10,1.4703268030276292e-09,2.473850935020302e-11,7.848154421249502e-11
1.6460000000000001,1345.8134126149257,5.140745166622155,0.17057773616214547,11.109627528879374,0.49454960617791366,0.07348069734362123,6.5458046802046805e-06,4.8629125022854e-07,1.1819849979060079e-12,1.3937269048044122e-12,2.1667905663897558e-13,5.109902942598834e-13,1.0832278421773554e-07,1.3577518615307947e-07,0.19788912830421504,0.26274174681711265,1.6342007402434487e-15,3.975311630095636e-15,2.5761246238370066e-13,6.457991324372428e-13,1.1267575477594952e-12,1.1648450378916084e-12,3.15320289946625e-06,3.4940428819337093e-06,0.011733959150517817,0.013874043010761391,0.25622012464180544,0.5289312518124142,0.033263186394520014,0.10788926410125763,8.867369383526794e-08,1.8964227537050525e-07,2.7683918797628327e-06,6.126295316185764e-06,9.12956708700646e-07,2.1559698412426766e-06,1.537138245672252e-05,3.178195454000048e-05,3.813905135705252e-09,8.168988148731408e-09,1.4458667039998972e-06,3.2043103006095453e-06,2.5220778374755412e-11,7.62644774515258e-11,1.3685072976840157e-18,1.412749386458061e-18,5.805472669830149e-12,6.855739364872569e-12,3.663612657329942e-12,7.836276826462356e-12,1.1217687703763536e-15,2.1510481683746334e-15,1.3132880460723258e-08,2.615860889695403e-08,2.1870751306566853e-19,6.61408624272199e-19,0.006313583268189508,0.013035386663383502,3.3963335506163235e-31,1.0000000000000703e-30,4.5204891324574253e-10,1.4691541125867215e-09,2.472179951491002e-11,7.842881863490346e-11
1.647,1345.7640293586755,5.140883292798272,0.1705731530488778,11.11549011617477,0.49455455447895197,0.07348169966800457,6.542506214863588e-06,4.860479722638164e-07,1.1806025348586086e-12,1.3921018462124625e-12,2.16420859352613e-13,5.103832474825953e-13,1.0824961735378065e-07,1.3568396970495652e-07,0.19788528808285882,0.2627376031028922,1.6322321318732268e-15,3.9705372803065345e-15,2.57391015237922e-13,6.45246340219982e-13,1.1252711759493992e-12,1.1633126512017346e-12,3.1510885359710155e-06,3.491712662116391e-06,0.011732120363367328,0.013871919282073632,0.25621972210187877,0.5289323434546985,0.033264361767933175,0.1078934686140546,8.864395110342377e-08,1.895793550903054e-07,2.768439779026318e-06,6.126423583663157e-06,9.125394209844771e-07,2.154992239223481e-06,1.535879861286979e-05,3.175605154648433e-05,3.810262273106889e-09,8.161215181333662e-09,1.445163171511498e-06,3.202762783201846e-06,2.519490199056567e-11,7.618650743656156e-11,1.3679228995163154e-18,1.4121512285130234e-18,5.802780369618304e-12,6.8525849099113785e-12,3.661567574130059e-12,7.831930968420595e-12,1.1209807307391889e-15,2.1495448760828837e-15,1.3132835395638541e-08,2.615861421913713e-08,2.1855126707584744e-19,6.60938512354619e-19,0.006313560318774711,0.013035386663387669,3.3963212051904454e-31,1.000000000000072e-30,4.516869997530174e-10,1.4679832336351604e-09,2.470510841986766e-11,7.837615176364446e-11
1.6480000000000001,1345.714659302775,5.141021409234488,0.17056857050503332,11.121352860976108,0.494559498254668,0.07348270098777651,6.539210064937494e-06,4.858048623005342e-07,1.1792219934857453e-12,1.3904790353235777e-12,2.1616303074538208e-13,5.097770633924206e-13,1.0817651652021985e-07,1.355928347323867e-07,0.19788145098172755,0.26273346228744676,1.6302663527846806e-15,3.96576975996766e-15,2.571698114645399e-13,6.446941511109316e-13,1.123787235226133e-12,1.1617827612861941e-12,3.148976479374612e-06,3.4893849655140236e-06,0.011730283911187613,0.013869798234714814,0.2562193183121341,0.5289334300809622,0.03326553740867217,0.10789767352597106,8.861422362935059e-08,1.8951646610836493e-07,2.7684876390996513e-06,6.126551737039969e-06,9.121225547474599e-07,2.1540156154855663e-06,1.5346232219543523e-05,3.173018429911747e-05,3.806624752947981e-09,8.153453562788188e-09,1.4444605447856808e-06,3.2012172471064965e-06,2.516906116678796e-11,7.61086440341309e-11,1.3673386718683812e-18,1.4115532357312873e-18,5.80009000900522e-12,6.849432690878547e-12,3.659524052033522e-12,7.827588381761702e-12,1.120193413781099e-15,2.1480429487212485e-15,1.3132790389318457e-08,2.615861953754746e-08,2.1839516008486027e-19,6.6046881432688e-19,0.0063135373985306895,0.013035386663391818,3.396308875456723e-31,1.0000000000000744e-30,4.5132564797161995e-10,1.4668141649632685e-09,2.4688436037491156e-11,7.832354351315825e-11
1.649,1345.6653024298507,5.141159515943831,0.17056398853010787,11.127215763272295,0.4945644375169969,0.073483701305227,6.535916226500513e-06,4.855619200558107e-07,1.1778433699219106e-12,1.3888584676369347e-12,2.159055701168295e-13,5.091717403590242e-13,1.0810348160348867e-07,1.3550178109617195e-07,0.19787761699109857,0.2627293243598918,1.6283033974513662e-15,3.9610090558050336e-15,2.569488505810586e-13,6.441425639194953e-13,1.122305720054994e-12,1.1602553624800803e-12,3.146866725135147e-06,3.4870597871791457e-06,0.011728449790298029,0.013867679864493727,0.25621891326984747,0.5289345116894091,0.03326671332104317,0.10790187885171512,8.858451137964682e-08,1.8945360835585686e-07,2.7685354600144048e-06,6.126679776428182e-06,9.117061088389647e-07,2.153039967351715e-06,1.533368322220817e-05,3.170435268612209e-05,3.802992559373143e-09,8.14570325942523e-09,1.4437588208684323e-06,3.199673685843354e-06,2.51432558302561e-11,7.603088702578656e-11,1.3667546150857087e-18,1.4109554084900036e-18,5.797401578545294e-12,6.846282696738031e-12,3.657482088441751e-12,7.82324906108085e-12,1.1194068182990997e-15,2.146542384034418e-15,1.3132745441675655e-08,2.6158624852203626e-08,2.1823919129921927e-19,6.599995278051944e-19,0.006313514507410932,0.013035386663395949,3.396296561390121e-31,1.0000000000000733e-30,4.5096485601187296e-10,1.4656469004762656e-09,2.467178232880438e-11,7.827099376173777e-11
1.6500000000000001,1345.6159587177463,5.141297612954487,0.17055940712309456,11.133078823052271,0.4945693722717519,0.07348470062173688,6.532624696683302e-06,4.85319145325243e-07,1.1764666607275057e-12,1.3872401391537604e-12,2.1564847677098147e-13,5.085672767625731e-13,1.08030512509749e-07,1.3541080868183435e-07,0.19787378610739478,0.26272518931750394,1.6263432605522534e-15,3.956255155043879e-15,2.567281322108503e-13,6.435915777204322e-13,1.1208266252985896e-12,1.1587304495290443e-12,3.144759269253727e-06,3.4847371227658135e-06,0.011726617996981095,0.013865564167175501,0.2562185069784173,0.5289355882908857,0.03326788950321583,0.10790608458609213,8.855481433875898e-08,1.8939078180212353e-07,2.768583241843481e-06,6.1268077020313e-06,9.112900826088358e-07,2.1520652933265302e-06,1.532115158857472e-05,3.1678556641714985e-05,3.7993656819784134e-09,8.137964249250603e-09,1.443057998259461e-06,3.1981320961538706e-06,2.5117485912613534e-11,7.595323620761735e-11,1.3661707291024623e-18,1.4103577467416817e-18,5.794715077767567e-12,6.8431349270519194e-12,3.65544168133042e-12,7.81891300220128e-12,1.1186209432652304e-15,2.145043180102604e-15,1.3132700552613701e-08,2.615863016310634e-08,2.1808336071347815e-19,6.595306527889258e-19,0.006313491645368898,0.013035386663400097,3.396284262965604e-31,1.0000000000000715e-30,4.5060462275236933e-10,1.4644814365761163e-09,2.4655147260644293e-11,7.821850240611355e-11
1.651,1345.5666281428662,5.1414357002993185,0.17055482628283153,11.138942040305013,0.4945743025228426,0.07348569893840318,6.529335473002812e-06,4.850765379331047e-07,1.1750918626197658e-12,1.3856240460600237e-12,2.1539175001624587e-13,5.079636709934948e-13,1.07957609152309e-07,1.353199173838447e-07,0.1978699583289481,0.26272105716009003,1.624385936861198e-15,3.951508045139659e-15,2.565076560148423e-13,6.430411916825915e-13,1.1193499459709493e-12,1.1572080173350726e-12,3.142654107932378e-06,3.4824169681504682e-06,0.011724788527512707,0.013863451138517021,0.2562180994431302,0.5289366599001287,0.03326906595146591,0.10791029071776256,8.852513249742114e-08,1.8932798642994804e-07,2.7686309846725825e-06,6.12693551408106e-06,9.108744755817752e-07,2.151091592327442e-06,1.5308637294161155e-05,3.165279611625183e-05,3.795744112278547e-09,8.130236514378905e-09,1.4423580759676214e-06,3.1965924759076843e-06,2.509175134733171e-11,7.587569138123043e-11,1.3655870137140343e-18,1.4097602502955247e-18,5.7920305091647704e-12,6.839989384881948e-12,3.653402828886508e-12,7.814580201397815e-12,1.1178357877165609e-15,2.1435453351305758e-15,1.3132655722033456e-08,2.6158635470250486e-08,2.1792766851153848e-19,6.590621898500323e-19,0.0063134688123581,0.013035386663404197,3.3962719801581825e-31,1.0000000000000698e-30,4.5024494734095716e-10,1.4633177705397172e-09,2.4638530801943522e-11,7.816606934965878e-11
1.6520000000000001,1345.5173106873954,5.141573777993031,0.17055024600875954,11.144805415019515,0.49457922828143563,0.07348669625739834,6.52604855170652e-06,4.84834097609324e-07,1.1737189718198817e-12,1.3840101839565584e-12,2.1513538915871427e-13,5.073609214366697e-13,1.0788477142106951e-07,1.352291070673221e-07,0.1978661336467925,0.2627169278777569,1.6224314209270796e-15,3.9467677129998965e-15,2.5628742152818215e-13,6.424914046594339e-13,1.1178756766369834e-12,1.1556880603356096e-12,3.1405512367366774e-06,3.4800993185039624e-06,0.011722961378230416,0.01386134077434734,0.25621769066197125,0.5289377265167817,0.0332702426693788,0.10791449725909219,8.849546582485302e-08,1.892652221760907e-07,2.7686786885379274e-06,6.127063212699471e-06,9.104592866816577e-07,2.1501188618528263e-06,1.529614028783158e-05,3.162707100497372e-05,3.792127835276022e-09,8.122520022974703e-09,1.4416590512540602e-06,3.1950548191008476e-06,2.5066052062457716e-11,7.5798252331819e-11,1.3650034692106078e-18,1.409162919471455e-18,5.789347864457264e-12,6.836846060568002e-12,3.651365528609209e-12,7.810250653473539e-12,1.117051350482791e-15,2.1420488469252624e-15,1.3132610949847015e-08,2.6158640773652353e-08,2.17772113995793e-19,6.585941368945397e-19,0.006313446008332356,0.013035386663408324,3.396259712943e-31,1.000000000000069e-30,4.498858280058531e-10,1.4621558966549287e-09,2.46219329147964e-11,7.811369447404439e-11
1.653,1345.4680063326432,5.141711846053081,0.1705456663002281,11.150668947184792,0.49458414955759916,0.07348769258073225,6.5227639297260245e-06,4.845918241346419e-07,1.1723479848081602e-12,1.3823985487495754e-12,2.148793935217662e-13,5.067590265176884e-13,1.0781199921771677e-07,1.3513837761215219e-07,0.19786231205307608,0.26271280146209197,1.6204797075382719e-15,3.942034146114228e-15,2.560674283442348e-13,6.419422156503216e-13,1.1164038121143444e-12,1.1541705732292069e-12,3.1384506515683328e-06,3.4777841693694347e-06,0.01172113654545232,0.01385923307047241,0.2562172806340256,0.5289387881427623,0.03327141965943113,0.10791870421885134,8.84658143001546e-08,1.892024889984403e-07,2.7687263534855744e-06,6.127190798030362e-06,9.100445150924301e-07,2.1491471000151658e-06,1.528366053033936e-05,3.160138122770162e-05,3.788516838915647e-09,8.114814749503946e-09,1.440960922150063e-06,3.1935191214360634e-06,2.5040387988970667e-11,7.572091885343483e-11,1.3644200957021033e-18,1.408565754403291e-18,5.786667136483023e-12,6.833704945769555e-12,3.649329778378064e-12,7.805924354044855e-12,1.1162676305103746e-15,2.1405537135173815e-15,1.3132566235965332e-08,2.6158646073326106e-08,2.176166968332658e-19,6.581264929311577e-19,0.0063134232332453955,0.013035386663412444,3.3962474612951694e-31,1.0000000000000686e-30,4.4952726338262395e-10,1.460995810533371e-09,2.4605353564544036e-11,7.80613776712376e-11
1.6540000000000001,1345.4187150526368,5.141849904520122,0.17054108715581762,11.156532636789905,0.494589066352005,0.07348868790901808,6.51948160502717e-06,4.843497173666178e-07,1.1709788985016672e-12,1.3807891368601234e-12,2.146237624168025e-13,5.06157984633823e-13,1.0773929246442165e-07,1.350477289238898e-07,0.1978584935493638,0.2627086779171836,1.6185307915620905e-15,3.937307332163788e-15,2.5584767617197103e-13,6.413936239443812e-13,1.1149343476172298e-12,1.1526555511241777e-12,3.1363523488805662e-06,3.4754715169009453e-06,0.011719314025457814,0.01385712802265211,0.25621686936776844,0.5289398447993697,0.033272596914697826,0.10792291157531442,8.843617792186978e-08,1.89139786896466e-07,2.768773979621871e-06,6.127318270350948e-06,9.096301605633701e-07,2.148176306261923e-06,1.5271198007139547e-05,3.157572675532821e-05,3.784911117156376e-09,8.107120681313657e-09,1.4402636883119027e-06,3.1919853822172286e-06,2.501475906281841e-11,7.564369075514618e-11,1.3638368927952706e-18,1.4079687547053679e-18,5.783988332380609e-12,6.830566049033948e-12,3.647295576624559e-12,7.801601299908438e-12,1.115484626913188e-15,2.139059933258573e-15,1.3132521580285049e-08,2.615865136925721e-08,2.1746141758894405e-19,6.576592596842231e-19,0.006313400487051019,0.013035386663416575,3.3962352251898394e-31,1.0000000000000696e-30,4.4916925296344483e-10,1.4598375105705566e-09,2.4588792722837177e-11,7.800911885321782e-11
1.655,1345.3694368280999,5.141987953413754,0.17053650857480693,11.162396483823933,0.4945939786737099,0.07348968224411181,6.516201574031942e-06,4.841077770480782e-07,1.1696117092164802e-12,1.3791819440003581e-12,2.1436849514994428e-13,5.055577941698083e-13,1.0766665105502784e-07,1.349571608725703e-07,0.19785467812879276,0.2627045572359184,1.6165846675741704e-15,3.932587258119482e-15,2.5562816456900024e-13,6.40845628451214e-13,1.1134672778132216e-12,1.1511429885634933e-12,3.1342563243544403e-06,3.473161356396557e-06,0.011717493814600407,0.013855025626733158,0.2562164568632392,0.528940896490465,0.033273774436697136,0.10792711933413776,8.840655666263553e-08,1.8907711581421808e-07,2.7688215669956328e-06,6.127445629810864e-06,9.092162221228148e-07,2.1472064783378323e-06,1.52587526716634e-05,3.155010749252792e-05,3.781310656130048e-09,8.099437788984385e-09,1.4395673472961132e-06,3.190453596094427e-06,2.4989165213362546e-11,7.556656782609348e-11,1.3632538606852567e-18,1.407371920599371e-18,5.78131144716158e-12,6.827429364586828e-12,3.645262920942503e-12,7.797281486068565e-12,1.1147023385521595e-15,2.1375675040152253e-15,1.3132476982715616e-08,2.6158656661455495e-08,2.173062757105759e-19,6.571924354992135e-19,0.0063133777697033005,0.013035386663420728,3.3962230046022985e-31,1.0000000000000715e-30,4.488117951361014e-10,1.4586809915724553e-09,2.4572250353087216e-11,7.795691790581693e-11
1.6560000000000001,1345.320171643215,5.142125992742625,0.1705319305568383,11.16826048827597,0.4945988865362372,0.07349067558853287,6.512923833120574e-06,4.838660029187309e-07,1.1682464132320126e-12,1.377576965839027e-12,2.1411359104907326e-13,5.049584535616327e-13,1.0759407488122634e-07,1.348666733255236e-07,0.19785086578002517,0.2627004394052401,1.6146413303048538e-15,3.927873911328043e-15,2.554088930740211e-13,6.402982280329632e-13,1.1120025973554e-12,1.1496328800749369e-12,3.1321625736310047e-06,3.4708536831097788e-06,0.01171567590924592,0.013852925878576587,0.25621604311599777,0.5289419432106607,0.033274952231425715,0.10793132751550373,8.83769504918861e-08,1.8901447568889314e-07,2.76886911562895e-06,6.127572876500591e-06,9.088026986851901e-07,2.1462376137185167e-06,1.524632447280213e-05,3.152452333458462e-05,3.777715440906432e-09,8.091766040820771e-09,1.4388718963494094e-06,3.1889237570309135e-06,2.496360636959621e-11,7.548954985429448e-11,1.3626709997099861e-18,1.4067752524543605e-18,5.778636468550369e-12,6.82429487804784e-12,3.643231808915943e-12,7.792964907508312e-12,1.1139207642872348e-15,2.136076423651722e-15,1.3132432443173715e-08,2.6158661949945105e-08,2.171512704429935e-19,6.567260181078812e-19,0.006313355081156286,0.013035386663424811,3.3962107995078384e-31,1.000000000000071e-30,4.48454888127231e-10,1.4575262478211263e-09,2.4555726417754552e-11,7.790477471184465e-11
1.657,1345.2709194697404,5.142264022554844,0.17052735310024547,11.174124650135166,0.4946037899371335,0.07349166794242715,6.509648380652752e-06,4.836243948653306e-07,1.1668830076436892e-12,1.3759741990069449e-12,2.1385904942748844e-13,5.04359961210832e-13,1.0752156387308035e-07,1.3477626619817212e-07,0.1978470565077493,0.2626963244333722,1.6127007746974255e-15,3.923167279653736e-15,2.5518986143911554e-13,6.397514220866691e-13,1.1105403016376159e-12,1.148125220951948e-12,3.1300710933877937e-06,3.4685484934424963e-06,0.01171386030568061,0.013850828773949211,0.25621562813759113,0.5289429849875751,0.03327613028887212,0.10793553608767124,8.83473594151558e-08,1.8895186653489342e-07,2.768916625647835e-06,6.1277000107406274e-06,9.083895902026033e-07,2.1452697123301263e-06,1.523391340494227e-05,3.149897427084921e-05,3.7741254676384154e-09,8.084105428866332e-09,1.4381773357114053e-06,3.1873958656228592e-06,2.493808246970805e-11,7.541263665556628e-11,1.3620883093034072e-18,1.4061787497061482e-18,5.775963408313621e-12,6.821162603429102e-12,3.641202239190476e-12,7.788651561481191e-12,1.1131399032996647e-15,2.134586690648488e-15,1.3132387961552054e-08,2.6158667234702542e-08,2.169964026900421e-19,6.562600102592597e-19,0.006313332421364097,0.013035386663428941,3.396198609881769e-31,1.0000000000000737e-30,4.4809853173874575e-10,1.456373278718301e-09,2.4539220890939205e-11,7.785268919103389e-11
1.6580000000000001,1345.2216802924936,5.14240204285733,0.1705227762047284,11.179988969390674,0.4946086888904736,0.07349265930839245,6.506375212397538e-06,4.833829525821253e-07,1.165521488521172e-12,1.3743736389251232e-12,2.136048696002577e-13,5.037623155230222e-13,1.0744911791222539e-07,1.3468593934522142e-07,0.19784325030004918,0.26269221230647666,1.6107629952862451e-15,3.918467349965327e-15,2.5497106915371925e-13,6.392052093508497e-13,1.1090803851240899e-12,1.1466200055266296e-12,3.127981878987983e-06,3.466245782339724e-06,0.011712047000310519,0.013848734308758532,0.2562152119229724,0.5289440218145415,0.03327730861563892,0.10793974507278276,8.831778339312135e-08,1.888892882706693e-07,2.7689640970674206e-06,6.127827032605763e-06,9.079768953637704e-07,2.1443027711149783e-06,1.5221519406670879e-05,3.1473460175292696e-05,3.770540718865603e-09,8.076455916004e-09,1.4374836619549108e-06,3.185869914339496e-06,2.491259344055534e-11,7.533582801144795e-11,1.3615057899575175e-18,1.4055824128827406e-18,5.773292253880222e-12,6.818032526000471e-12,3.639174209012353e-12,7.784341442246778e-12,1.1123597543483011e-15,2.1330983026757217e-15,1.3132343537768225e-08,2.6158672515752437e-08,2.168416713475433e-19,6.557944086294945e-19,0.006313309790281083,0.013035386663432994,3.3961864356995343e-31,1.0000000000000705e-30,4.47742723845536e-10,1.4552220774024668e-09,2.452273373244285e-11,7.780066121774619e-11
1.659,1345.172454089652,5.142540053677967,0.17051819986929187,11.18585344603168,0.4946135834019423,0.07349364968778183,6.5031043260977945e-06,4.8314167591e-07,1.164161852699359e-12,1.3727752819167983e-12,2.1335105090408049e-13,5.031655149547843e-13,1.0737673691589216e-07,1.345956926659918e-07,0.19783944715344792,0.26268810302192697,1.6088279870867934e-15,3.913774110301595e-15,2.547525158928288e-13,6.386595890291864e-13,1.1076228429960813e-12,1.1451172288722317e-12,3.1258949267825776e-06,3.463945545841011e-06,0.011710235989468222,0.013846642478825322,0.25621479447550616,0.5289450537022707,0.03327848720989622,0.10794395446563186,8.828822241811636e-08,1.8882674088237835e-07,2.7690115299621916e-06,6.127953942302293e-06,9.075646137257499e-07,2.1433367890660527e-06,1.520914245541183e-05,3.144798100218635e-05,3.766961186651262e-09,8.0688174855155e-09,1.4367908741933127e-06,3.184345901280585e-06,2.4887139217556172e-11,7.525912372936023e-11,1.3609234414856753e-18,1.404986241811552e-18,5.7706230044918145e-12,6.814904644982059e-12,3.63714771670762e-12,7.78003454637427e-12,1.111580316520603e-15,2.1316112580337126e-15,1.3132299171727924e-08,2.615867779309635e-08,2.166870766244118e-19,6.553292138658772e-19,0.006313287187861577,0.013035386663437119,3.3961742769365657e-31,1.0000000000000724e-30,4.473874636594216e-10,1.4540726413571773e-09,2.4506264912278398e-11,7.774869069873638e-11
1.6600000000000001,1345.123240840575,5.142678055041112,0.17051362409305793,11.191718080047401,0.4946184734785312,0.07349463908213959,6.499835718556201e-06,4.829005646199565e-07,1.162804096674827e-12,1.3711791239060449e-12,2.1309759265474698e-13,5.025695579133038e-13,1.0730442078545411e-07,1.3450552603991481e-07,0.19783564706313359,0.26268399657531305,1.606895744805782e-15,3.909087547949524e-15,2.545342012532803e-13,6.381145601293434e-13,1.1061676701181624e-12,1.1436168857343678e-12,3.123810232677658e-06,3.461647779492534e-06,0.011708427269529642,0.01384455328002086,0.2562143757972117,0.5289460806586755,0.03327966607116516,0.10794816426539014,8.825867646886319e-08,1.8876422432705636e-07,2.769058924393866e-06,6.128080740008025e-06,9.071527444901616e-07,2.142371764336755e-06,1.5196782512394557e-05,3.142253667231241e-05,3.763386859071532e-09,8.061190112141027e-09,1.4360989704837468e-06,3.1828238222046665e-06,2.486171973248292e-11,7.518252360568823e-11,1.360341263947586e-18,1.4043902365742406e-18,5.767955657905182e-12,6.811778957839968e-12,3.6351227600817087e-12,7.775730869318673e-12,1.1108015887463465e-15,2.130125554720179e-15,1.3132254863338695e-08,2.6158683066738488e-08,2.1653261826376237e-19,6.548644252069286e-19,0.006313264614060039,0.01303538666344121,3.3961621335683697e-31,1.000000000000072e-30,4.4703274983830517e-10,1.4529249662654948e-09,2.448981439616835e-11,7.769677752713981e-11
1.661,1345.0740405229362,5.14281604697649,0.17050904887497081,11.197582871427086,0.4946233591250696,0.07349562749268877,6.496569387217779e-06,4.826596185307043e-07,1.1614482171929697e-12,1.3695851611101765e-12,2.1284449417892993e-13,5.019744428313687e-13,1.0723216943372863e-07,1.344154393607604e-07,0.19783185002646644,0.2626798929651086,1.6049662633343557e-15,3.9044076506442725e-15,2.543161248903794e-13,6.375701218055219e-13,1.1047148615939973e-12,1.1421189711056559e-12,3.121727792901947e-06,3.4593524791978076e-06,0.011706620836853827,0.013842466708196274,0.25621395589225954,0.5289471026961098,0.03328084519680546,0.10795237446421814,8.82291455340201e-08,1.8870173858298633e-07,2.7691062804398763e-06,6.128207425935541e-06,9.067412871281522e-07,2.1414076957169367e-06,1.5184439550973036e-05,3.1397127131520403e-05,3.759817727184597e-09,8.05357377700746e-09,1.43540794967488e-06,3.181303674624398e-06,2.4836334919946526e-11,7.510602744539301e-11,1.359759257200164e-18,1.4037943970430843e-18,5.76529021502054e-12,6.808655465752424e-12,3.6330993372937226e-12,7.771430407291232e-12,1.1100235700636208e-15,2.1286411909404358e-15,1.313221061250493e-08,2.6158688336676736e-08,2.163782963512453e-19,6.544000429270748e-19,0.006313242068831001,0.013035386663445293,3.396150005570485e-31,1.0000000000000714e-30,4.4667858145689707e-10,1.4517790491650317e-09,2.4473382153086686e-11,7.764492160640305e-11
1.6620000000000001,1345.0248531194038,5.142954029498137,0.17050447421449505,11.203447820159997,0.4946282403526103,0.07349661492157493,6.493305328257913e-06,4.824188373665955e-07,1.1600942105132993e-12,1.3679933891733495e-12,2.1259175479590664e-13,5.013801681242474e-13,1.0715998275054283e-07,1.3432543249346952e-07,0.19782805603454764,0.2626757921814678,1.6030395373022444e-15,3.899734405484432e-15,2.540982863379331e-13,6.370262729072606e-13,1.1032644120845237e-12,1.1406234795207763e-12,3.1196476030550416e-06,3.457059640162874e-06,0.011704816687860164,0.013840382759273406,0.2562135347585562,0.5289481198139789,0.03328202459044684,0.10795658507461106,8.819962958130706e-08,1.8863928358366006e-07,2.7691535981342362e-06,6.12833400020116e-06,9.063302405326097e-07,2.1404445806306607e-06,1.5172113518794487e-05,3.137175227250193e-05,3.756253775769141e-09,8.04596844778982e-09,1.4347178089262579e-06,3.1797854523085794e-06,2.4810984709242024e-11,7.502963503734988e-11,1.3591774215641498e-18,1.4031987235691416e-18,5.762626667607029e-12,6.805534159113699e-12,3.6310774458121595e-12,7.76713315502543e-12,1.1092462593023258e-15,2.1271581645003903e-15,1.3132166419140688e-08,2.615869360292743e-08,2.1622411015519882e-19,6.539360648288687e-19,0.006313219552129192,0.0130353866634494,3.39613789291856e-31,1.0000000000000728e-30,4.4632495670444806e-10,1.4506348842153304e-09,2.4456968145382857e-11,7.759312281894844e-11
1.663,1344.9756786076568,5.143092002635911,0.17049990011057084,11.209312926235436,0.49463311716595093,0.07349760137001458,6.490043539717392e-06,4.821782209905605e-07,1.158742073605787e-12,1.3664038045773421e-12,2.1233937385351762e-13,5.00786732274512e-13,1.0708786065874666e-07,1.3423550534437166e-07,0.1978242650847729,0.26267169422290415,1.6011155618532738e-15,3.895067800818773e-15,2.538806852987697e-13,6.364830127077937e-13,1.1018163169217967e-12,1.1391304062080762e-12,3.117569659659836e-06,3.4547692586167548e-06,0.011703014818901266,0.013838301429095028,0.2562131124002823,0.5289491320246442,0.03328320424943259,0.10796079608867355,8.817012860740628e-08,1.885768593245107e-07,2.7692008775572327e-06,6.12846046302364e-06,9.059196043802374e-07,2.1394824183530234e-06,1.5159804398726629e-05,3.134641206077209e-05,3.752694998250672e-09,8.038374110683927e-09,1.434028547701028e-06,3.1782691541313683e-06,2.4785669037612277e-11,7.495334619446122e-11,1.3585957567687074e-18,1.4026032158927233e-18,5.759965016133896e-12,6.8024150385924935e-12,3.6290570841308867e-12,7.762839109447847e-12,1.1084696556044121e-15,2.12567647380426e-15,1.31321222831512e-08,2.615869886548945e-08,2.1607006000284588e-19,6.534724919172533e-19,0.006313197063909275,0.013035386663453481,3.3961257955882043e-31,1.0000000000000724e-30,4.459718749804675e-10,1.449492469509346e-09,2.444057234473795e-11,7.75413810768001e-11
1.6640000000000001,1344.9265169678383,5.143229966412032,0.17049532656239175,11.215178189642723,0.49463798957272753,0.07349858683964378,6.486784017903572e-06,4.81937769136714e-07,1.157391802810687e-12,1.3648164030611597e-12,2.1208735066185583e-13,5.001941336756324e-13,1.0701580305173924e-07,1.341456577828688e-07,0.19782047717165713,0.2626675990840969,1.599194331569167e-15,3.8904078236280096e-15,2.5366332133000526e-13,6.359403401149871e-13,1.100370570844941e-12,1.1376397457826746e-12,3.1154939584114056e-06,3.452481329870814e-06,0.011701215226403508,0.013836222713590487,0.2562126888187223,0.5289501393344707,0.03328438417400391,0.1079650075079068,8.814064258368888e-08,1.885144657468274e-07,2.7692481187631796e-06,6.128586814564071e-06,9.055093776833121e-07,2.138521206589825e-06,1.5147512143443225e-05,3.132110639940959e-05,3.749141380625654e-09,8.030790735971356e-09,1.4333401634905725e-06,3.176754774596622e-06,2.4760387835433307e-11,7.487716070885348e-11,1.3580142630084013e-18,1.4020078742345468e-18,5.75730525759347e-12,6.799298100750947e-12,3.6270382497842655e-12,7.758548265432094e-12,1.1076937578209563e-15,2.1241961166982905e-15,1.3132078204445603e-08,2.6158704124368598e-08,2.1591614541034367e-19,6.530093227441814e-19,0.006313174604126164,0.01303538666345759,3.396113713555171e-31,1.0000000000000756e-30,4.456193346510761e-10,1.4483517997811593e-09,2.442419471480853e-11,7.74896962665162e-11
1.665,1344.8773681805496,5.1433679208473055,0.17049075356919846,11.22104361037121,0.4946428575812845,0.0734995713322032,6.483526760169861e-06,4.816974816168693e-07,1.156043394842523e-12,1.3632311808049788e-12,2.1183568456787782e-13,4.996023708079523e-13,1.0694380984000991e-07,1.3405588969977806e-07,0.19781669228902107,0.2626635067588014,1.597275841474406e-15,3.8857544619694485e-15,2.5344619406856063e-13,6.353982542367291e-13,1.0989271689626872e-12,1.1361514932416244e-12,3.1134204955005038e-06,3.4501958497854834e-06,0.011699417906764074,0.013834146608654322,0.256212264014459,0.5289511417483709,0.03328556436510143,0.10796921933607997,8.811117149531628e-08,1.8845210282138916e-07,2.7692953218073844e-06,6.128713054985703e-06,9.050995598003493e-07,2.137560943864471e-06,1.5135236721714137e-05,3.1295835224772487e-05,3.7455929128880184e-09,8.023218302495425e-09,1.4326526548283786e-06,3.1752423105176583e-06,2.473514103727019e-11,7.480107838531262e-11,1.3574329402713687e-18,1.401412698602184e-18,5.75464738731256e-12,6.79618334018399e-12,3.6250209408941034e-12,7.754260619108037e-12,1.106918564983174e-15,2.122717091374049e-15,1.3132034182934727e-08,2.6158709379573843e-08,2.1576236621880094e-19,6.5254655684433135e-19,0.006313152172734767,0.013035386663461657,3.3961016467951944e-31,1.0000000000000749e-30,4.452673346303041e-10,1.4472128715455065e-09,2.4407835223734126e-11,7.743806828887266e-11
1.666,1344.828232224631,5.143505865968203,0.17048618113004393,11.226909188410271,0.4946477211975816,0.07350055484907853,6.480271763730094e-06,4.814573582324504e-07,1.154696846386829e-12,1.3616481339546163e-12,2.1158437490439207e-13,4.990114421183816e-13,1.0687188093267561e-07,1.3396620098418874e-07,0.1978129104330671,0.26265941724393205,1.595360086465249e-15,3.8811077035879335e-15,2.532293031492852e-13,6.348567541756632e-13,1.0974861063534672e-12,1.1346656435504608e-12,3.111349267072504e-06,3.4479128141706773e-06,0.011697622856389958,0.013832073110192323,0.25621183799043556,0.528952139276125,0.0332867448212977,0.10797343156927974,8.808171532686696e-08,1.883897705177229e-07,2.7693424867582805e-06,6.1288391844807746e-06,9.046901500933512e-07,2.1366016287085045e-06,1.5122978102121859e-05,3.127059847282852e-05,3.742049584963397e-09,8.015656788952254e-09,1.4319660202407816e-06,3.1737317586917667e-06,2.470992857747156e-11,7.472509902796157e-11,1.3568517885074795e-18,1.4008176889636625e-18,5.751991404335056e-12,6.793070755876104e-12,3.623005155498228e-12,7.749976166425553e-12,1.1061440760970098e-15,2.1212393959745164e-15,1.3131990218525994e-08,2.615871463110708e-08,2.1560872238063194e-19,6.520841940889748e-19,0.006313129769690138,0.013035386663465771,3.3960895952840978e-31,1.0000000000000777e-30,4.449158738295174e-10,1.446075681308319e-09,2.4391493839532014e-11,7.738649704425225e-11
1.667,1344.7791090798196,5.143643801798469,0.1704816092440718,11.232774923749314,0.4946525804286191,0.07350153739180854,6.477019025515498e-06,4.812173987638605e-07,1.153352154028129e-12,1.3600672585365882e-12,2.1133342100216388e-13,4.984213460489391e-13,1.068000162339436e-07,1.338765915190263e-07,0.19780913159894345,0.26265533053499773,1.593447061376321e-15,3.8764675360778034e-15,2.5301264818152634e-13,6.343158389704408e-13,1.0960473780074545e-12,1.1331821915832681e-12,3.1092802691400102e-06,3.4456322186889146e-06,0.011695830071707596,0.013830002214132782,0.25621141074853154,0.528953131925306,0.033287925542229695,0.10797764420704338,8.805227405841375e-08,1.8832746879571177e-07,2.7693896136764088e-06,6.128965203223933e-06,9.042811478024561e-07,2.1356432593655407e-06,1.5110736247808333e-05,3.124539606829244e-05,3.738511385451564e-09,8.008106171196901e-09,1.4312802578954583e-06,3.1722231151211143e-06,2.4684750389347482e-11,7.464922243777307e-11,1.3562708077612634e-18,1.400222845384686e-18,5.749337306299841e-12,6.789960345152149e-12,3.6209908914807796e-12,7.745694903005333e-12,1.1053702901227617e-15,2.1197630285549845e-15,1.3131946311128388e-08,2.6158719878972752e-08,2.1545521365789097e-19,6.516222337736189e-19,0.006313107394947377,0.01303538666346984,3.39607755899773e-31,1.0000000000000775e-30,4.445649509732619e-10,1.4449402249681592e-09,2.4375170528851945e-11,7.733498242869292e-11
1.668,1344.7299987261663,5.143781728360947,0.1704770379104557,11.238640816377771,0.4946574352817644,0.07350251896198538,6.473768542583934e-06,4.809776030008882e-07,1.1520093143995608e-12,1.3584885506345537e-12,2.1108282219910824e-13,4.978320810584361e-13,1.0672821565007632e-07,1.3378706118978397e-07,0.19780535578142902,0.26265124662701206,1.5915367611153628e-15,3.8718339472107185e-15,2.5279622878357207e-13,6.337755076820718e-13,1.0946109789687072e-12,1.1317011322696418e-12,3.1072134977795962e-06,3.4433540590733525e-06,0.011694039549147283,0.013827933916408143,0.2562109822902398,0.5289541197026797,0.03328910652791719,0.10798185725014794,8.802284767148407e-08,1.882651976183437e-07,2.7694367026206e-06,6.129091111385947e-06,9.038725522028678e-07,2.1346858341618965e-06,1.5098511123607196e-05,3.122022793937376e-05,3.7349783033820195e-09,8.000566426003957e-09,1.430595366067179e-06,3.170716376045022e-06,2.465960640681886e-11,7.45734484175582e-11,1.3556899980619609e-18,1.3996281679151287e-18,5.7466850901868385e-12,6.786852104558452e-12,3.6189781467984263e-12,7.741416824622807e-12,1.104597206043835e-15,2.118287987214917e-15,1.3131902460651768e-08,2.6158725123176588e-08,2.153018398395047e-19,6.51160675274999e-19,0.006313085048461754,0.013035386663473893,3.396065537912031e-31,1.000000000000077e-30,4.4421456484345243e-10,1.4438064986098915e-09,2.4358865258878998e-11,7.728352433992528e-11
1.669,1344.6809011429323,5.1439196456810174,0.17047246712828537,11.2445068662851,0.4946622857633049,0.07350349956104053,6.470520312171715e-06,4.807379707465652e-07,1.150668324210278e-12,1.3569120064216507e-12,2.108325778349615e-13,4.972436456099173e-13,1.0665647909075353e-07,1.3369760988623193e-07,0.19780158297638573,0.26264716551642575,1.5896291806318158e-15,3.8672069248592914e-15,2.525800445918699e-13,6.332357594170476e-13,1.093176904356706e-12,1.1302224606169746e-12,3.1051489491647917e-06,3.4410783311643916e-06,0.011692251285139402,0.01382586821295071,0.2562105526181207,0.5289551026172148,0.03329028777730497,0.10798607069588337,8.799343615060542e-08,1.8820295695501952e-07,2.7694837536566625e-06,6.129216909153018e-06,9.034643626545908e-07,2.1337293516240814e-06,1.5086302698109865e-05,3.119509402204951e-05,3.7314503287071965e-09,7.993037532124128e-09,1.429911343276502e-06,3.16921153824741e-06,2.4634496564734193e-11,7.449777677292519e-11,1.355109359369809e-18,1.3990336565335992e-18,5.744034754553187e-12,6.783746032503828e-12,3.616966919505423e-12,7.73714192726187e-12,1.1038248228739995e-15,2.1168142701118985e-15,1.3131858667004554e-08,2.6158730363721383e-08,2.1514860084269157e-19,6.506995183578237e-19,0.006313062730188548,0.01303538666347794,3.396053532002941e-31,1.0000000000000768e-30,4.43864714351852e-10,1.4426744987402804e-09,2.4342577997824304e-11,7.723212267893061e-11
1.67,1344.631816311719,5.144057553776766,0.17046789689689246,11.250373073460782,0.49466713188245753,0.07350447919083901,6.467274331159704e-06,4.804985017774879e-07,1.1493291800308156e-12,1.3553376219073597e-12,2.105826872541106e-13,4.966560381773221e-13,1.0658480645887939e-07,1.3360823748963724e-07,0.19779781317672845,0.26264308719576934,1.587724314851644e-15,3.862586456838444e-15,2.523640952049721e-13,6.326965931867929e-13,1.0917451491725699e-12,1.12874617151008e-12,3.103086619290622e-06,3.43880503060434e-06,0.011690465276137565,0.013823805099719727,0.25621012173178026,0.5289560806717667,0.033291469292295886,0.10799028455113216,8.796403947372086e-08,1.881407467610492e-07,2.7695307668311773e-06,6.129342596668646e-06,9.030565783290041e-07,2.1327738098329937e-06,1.5074110931688758e-05,3.116999423529828e-05,3.727927449390082e-09,7.985519464045563e-09,1.4292281874986975e-06,3.1677085973034135e-06,2.4609420796468706e-11,7.442220730501733e-11,1.3545288918109685e-18,1.3984393113899521e-18,5.741386293505287e-12,6.780642122140373e-12,3.6149572074668307e-12,7.73287020650124e-12,1.1030531395709793e-15,2.115341875295874e-15,1.3131814930099907e-08,2.6158735600618696e-08,2.1499549628097238e-19,6.502387618682456e-19,0.006313040440083187,0.013035386663481967,3.3960415412464766e-31,1.000000000000073e-30,4.435153981259798e-10,1.441544220942058e-09,2.4326308711867725e-11,7.718077734023921e-11
1.671,1344.5827442104178,5.144195452678133,0.17046332721521595,11.256239437894333,0.49467197364362214,0.07350545785252935,6.4640305969732865e-06,4.802591959106901e-07,1.147991878660803e-12,1.3537653933711484e-12,2.103331497961283e-13,4.960692572231705e-13,1.0651319766809827e-07,1.3351894389472267e-07,0.1977940463802001,0.2626390116639812,1.5858221587523977e-15,3.857972531088079e-15,2.521483802814946e-13,6.321580081532664e-13,1.0903157086280856e-12,1.1272722600513913e-12,3.101026504443437e-06,3.436534153358125e-06,0.011688681518578475,0.013821744572654112,0.2562096896356297,0.5289570538791067,0.03329265106997844,0.10799449880715921,8.79346576289138e-08,1.880785670134262e-07,2.7695777422215424e-06,6.1294681741444796e-06,9.026491986917602e-07,2.131819207564428e-06,1.5061935797547542e-05,3.1144928524627905e-05,3.7244096565137287e-09,7.978012202938917e-09,1.4285458975563942e-06,3.1662075506660545e-06,2.458437903804112e-11,7.43467398229639e-11,1.3539485952520013e-18,1.397845132365993e-18,5.738739708366521e-12,6.7775403751432444e-12,3.612949008838897e-12,7.728601658542184e-12,1.1022821551809977e-15,2.113870800986381e-15,1.3131771249843875e-08,2.6158740833865657e-08,2.1484252625929668e-19,6.497784061386675e-19,0.006313018178101185,0.013035386663486,3.396029565618714e-31,1.00000000000007e-30,4.4316661523798596e-10,1.440415662242976e-09,2.431005737048877e-11,7.712948822884506e-11
1.672,1344.5336848209258,5.144333342402443,0.17045875808261313,11.262105959575287,0.49467681105621497,0.07350643554800396,6.460789106257511e-06,4.80020052905204e-07,1.1466564165979134e-12,1.3521953167362176e-12,2.1008396480225677e-13,4.954833012138484e-13,1.064416526175747e-07,1.334297289780507e-07,0.19779028257950465,0.26263493891330275,1.5839227071976592e-15,3.853365135270276e-15,2.519328994015852e-13,6.31620003281643e-13,1.0888885776660352e-12,1.1258007210650183e-12,3.0989686005190477e-06,3.4342656949576133e-06,0.011686900008940173,0.013819686627741174,0.25620925632903274,0.528958022241574,0.033293833112490144,0.10799871347160495,8.79052905906785e-08,1.8801641766007174e-07,2.7696246798713817e-06,6.129593641717293e-06,9.022422228263872e-07,2.130865542691583e-06,1.5049777252082309e-05,3.111989680078846e-05,3.7208969370756136e-09,7.970515721222217e-09,1.427864471161265e-06,3.1647083933258373e-06,2.4559371222181736e-11,7.427137412594016e-11,1.3533684698801628e-18,1.3972511196745647e-18,5.736094993090651e-12,6.774440784483656e-12,3.6109423213575454e-12,7.724336278686392e-12,1.1015118686243318e-15,2.112401045161277e-15,1.3131727626150219e-08,2.6158746063474172e-08,2.14689690274563e-19,6.493184496624385e-19,0.006312995944198199,0.013035386663490073,3.3960176050957937e-31,1.0000000000000694e-30,4.428183641799905e-10,1.4392888177853676e-09,2.4293823938909152e-11,7.707825523622721e-11
1.673,1344.4846381220823,5.144471222976743,0.17045418949811916,11.267972638493209,0.494681644125783,0.07350741227858058,6.457549856696668e-06,4.797810725972625e-07,1.1453227907376772e-12,1.3506273883947883e-12,2.0983513162837302e-13,4.948981686501996e-13,1.0637017122500026e-07,1.3334059263940247e-07,0.197786521771232,0.2626308689411359,1.582025955326452e-15,3.848764257716748e-15,2.517176522406286e-13,6.310825777758231e-13,1.0874637516057618e-12,1.1243315497642249e-12,3.0969129039315057e-06,3.4319996515088123e-06,0.011685120743666365,0.013817631260927483,0.2562088218152255,0.5289589857695037,0.03329501541808828,0.10800292853952373,8.787593834986724e-08,1.8795429868389187e-07,2.769671579852351e-06,6.129718999585928e-06,9.018356502615545e-07,2.1299128141388937e-06,1.5037635271605537e-05,3.10948990157105e-05,3.717389282953346e-09,7.96303000176637e-09,1.4271839073319406e-06,3.1632111231698596e-06,2.4534397286113903e-11,7.419611002670176e-11,1.352788515542544e-18,1.3966572731773026e-18,5.7334521470448334e-12,6.77134334952595e-12,3.608937143328671e-12,7.720074063454577e-12,1.1007422789947812e-15,2.1109326061310917e-15,1.3131684058927223e-08,2.6158751289445336e-08,2.1453698844813915e-19,6.488588928215479e-19,0.006312973738329817,0.013035386663494124,3.396005659653834e-31,1.0000000000000682e-30,4.424706441287679e-10,1.4381636849367588e-09,2.427760838762528e-11,7.702707827059585e-11
1.674,1344.4356040939215,5.1446090944244744,0.170449621460889,11.273839474637692,0.4946864728591734,0.07350838804576762,6.454312844961616e-06,4.795422547477718e-07,1.1439909976147183e-12,1.3490616043132788e-12,2.095866496073804e-13,4.943138579788067e-13,1.0629875339105838e-07,1.3325153475722775e-07,0.19778276395064875,0.26262680174311587,1.580131897943505e-15,3.84416988594532e-15,2.515026383906172e-13,6.305457306305694e-13,1.0860412254283644e-12,1.1228647410123493e-12,3.094859410616556e-06,3.4297360185873567e-06,0.011683343719246623,0.01381557846821317,0.25620838609610375,0.528959944470446,0.033296197986371345,0.10800714401031657,8.784660088269412e-08,1.8789221003647403e-07,2.7697184422228642e-06,6.1298442479197095e-06,9.014294801446048e-07,2.128961019930052e-06,1.502550981509724e-05,3.1069935085480845e-05,3.713886681766372e-09,7.9555550183198e-09,1.4265042039516965e-06,3.1617157355685706e-06,2.4509457163155e-11,7.412094732618182e-11,1.3522087323486504e-18,1.3960635930066928e-18,5.730811168134188e-12,6.768248067907368e-12,3.6069334724970886e-12,7.715815008166675e-12,1.099973385216592e-15,2.109465481881019e-15,1.3131640548085062e-08,2.615875651178305e-08,2.143844204461296e-19,6.483997346210131e-19,0.006312951560451906,0.01303538666349819,3.3959937292690913e-31,1.0000000000000696e-30,4.4212345366869117e-10,1.4370402591390187e-09,2.4261410682542342e-11,7.697595722558729e-11
1.675,1344.3865827184563,5.14474695676282,0.17044505397028503,11.279706467998345,0.494691297265835,0.07350936285145972,6.451078068166616e-06,4.79303599150565e-07,1.1426610339102564e-12,1.3474979606308173e-12,2.0933851809939602e-13,4.937303677103741e-13,1.0622739902291613e-07,1.331625552180968e-07,0.19777900911041857,0.2626227373114196,1.5782405301264553e-15,3.83958200813726e-15,2.512878574692828e-13,6.300094609051272e-13,1.0846209942705049e-12,1.1214002898333858e-12,3.092808116709712e-06,3.4274747919900607e-06,0.011681568932164642,0.013813528245591145,0.25620794917095063,0.5289608983465536,0.033297380819547806,0.10801135989185044,8.781727816987626e-08,1.8783015167903267e-07,2.7697652670279987e-06,6.129969386858421e-06,9.010237117189203e-07,2.12801015831548e-06,1.5013400846374516e-05,3.104500493618561e-05,3.710389122366583e-09,7.948090747270067e-09,1.4258253592098282e-06,3.1602222265705125e-06,2.44845507882891e-11,7.404588583034587e-11,1.351629120388802e-18,1.3954700792753867e-18,5.728172049936137e-12,6.7651549321537796e-12,3.604931306863512e-12,7.71155910868972e-12,1.0992051862933182e-15,2.1079996705482287e-15,1.3131597093538332e-08,2.615876173049989e-08,2.142319859340402e-19,6.479409740639986e-19,0.00631292941052031,0.013035386663502195,3.3959818139178115e-31,1.0000000000000665e-30,4.4177679154535957e-10,1.4359185363579056e-09,2.4245230791069707e-11,7.692489199960537e-11
1.676,1344.3375739737508,5.144884810021564,0.1704404870252524,11.285573618564817,0.4946961173500725,0.07351033669678686,6.447845523896294e-06,4.790651056344067e-07,1.141332896509291e-12,1.3459364537266815e-12,2.0909073645593743e-13,4.931476963352623e-13,1.0615610803735186e-07,1.330736539206216e-07,0.19777525724836267,0.26261867564507113,1.5763518469640425e-15,3.83500061250036e-15,2.510733091496088e-13,6.294737677972193e-13,1.0832030534539013e-12,1.1199381914424823e-12,3.090759018604259e-06,3.4252159677991996e-06,0.011679796378889076,0.013811480589036298,0.25620751104418815,0.5289618474105869,0.033298563914678246,0.108015576175293,8.77879702014548e-08,1.8776812359272132e-07,2.769812054345493e-06,6.130094416614107e-06,9.006183445034816e-07,2.1270602281964156e-06,1.5001308341160766e-05,3.102010851852829e-05,3.70689659649087e-09,7.940637171183903e-09,1.4251473720851129e-06,3.158730593973891e-06,2.4459678098871752e-11,7.397092535232342e-11,1.3510496795007658e-18,1.3948767318352641e-18,5.7255347937372315e-12,6.762063943895544e-12,3.602930644677475e-12,7.70730636142272e-12,1.0984376813040078e-15,2.1065351704145584e-15,1.3131553695194135e-08,2.615876694559339e-08,2.1407968507160664e-19,6.474826116484242e-19,0.006312907288490995,0.013035386663506251,3.3959699135763033e-31,1.000000000000067e-30,4.414306569178685e-10,1.4347985139030391e-09,2.4229068683645982e-11,7.68738825006605e-11
1.677,1344.2885778422897,5.145022654216622,0.17043592062519583,11.291440926326771,0.49470093312167596,0.07351130958369145,6.444615208542487e-06,4.788267739394072e-07,1.14000658184737e-12,1.3443770794499228e-12,2.0884330401990084e-13,4.925658423234205e-13,1.0608488032974265e-07,1.3298483073657505e-07,0.19777150835677945,0.2626146167357511,1.574465843288805e-15,3.830425686618508e-15,2.5085899299245965e-13,6.289386502234054e-13,1.0817873978904908e-12,1.118478440630894e-12,3.0887121121061646e-06,3.4229595414458665e-06,0.011678026055944903,0.013809435494589422,0.2562070717147082,0.5289627916638696,0.033299747274359845,0.10801979286976786,8.775867694797893e-08,1.8770612571699261e-07,2.769858804214239e-06,6.1302193373126275e-06,9.00213377481508e-07,2.126111227208599e-06,1.498923225140063e-05,3.099524573403843e-05,3.7034090900786206e-09,7.933194260207982e-09,1.4244702399871748e-06,3.1572408320987534e-06,2.443483902733277e-11,7.38960656903373e-11,1.3504704099470021e-18,1.3942835509766024e-18,5.722899392942974e-12,6.758975095454806e-12,3.6009314835391686e-12,7.703056761375083e-12,1.09767086913225e-15,2.1050719793868233e-15,1.3131510352967732e-08,2.6158772157076354e-08,2.139275172360622e-19,6.470246455054878e-19,0.006312885194320089,0.01303538666351032,3.3959580282209666e-31,1.000000000000068e-30,4.4108504812710644e-10,1.4336801864244142e-09,2.4212924324581062e-11,7.68229286173107e-11
1.678,1344.2395943002675,5.145160489383861,0.1704313547688593,11.297308391273912,0.49470574458249805,0.07351228151293761,6.441387120413541e-06,4.785886039480642e-07,1.1386820870913677e-12,1.3428198345118892e-12,2.0859622015612513e-13,4.919848041964987e-13,1.0601371582980343e-07,1.328960855807708e-07,0.19776776243594907,0.26261056058574206,1.5725825144035282e-15,3.8258572192192146e-15,2.506449087365577e-13,6.284041075461249e-13,1.0803740231767147e-12,1.1170210328974409e-12,3.0866673939762984e-06,3.420705509419253e-06,0.011676257959787788,0.013807392958209362,0.25620663118935894,0.5289637311241594,0.033300930893216625,0.10802400995853646,8.772939841067046e-08,1.87644158056904e-07,2.7699055167296385e-06,6.130344149204993e-06,8.998088104757486e-07,2.1251631549705125e-06,1.4977172566434933e-05,3.09704165615724e-05,3.6999265982108764e-09,7.925762004070891e-09,1.423793962787603e-06,3.1557529407218164e-06,2.4410033514312586e-11,7.382130666743463e-11,1.3498913113378915e-18,1.3936905363164434e-18,5.72026585235776e-12,6.755888392616158e-12,3.5989338220970033e-12,7.698810305798392e-12,1.0969047489796369e-15,2.1036100959816213e-15,1.3131467066762755e-08,2.6158777364938783e-08,2.1377548296413168e-19,6.4656707727324545e-19,0.006312863127963617,0.013035386663514337,3.3959461578281493e-31,1.000000000000066e-30,4.4073996480016445e-10,1.4325635527525164e-09,2.4196797688000105e-11,7.677203026925275e-11
1.679,1344.1906233305845,5.145298315538045,0.17042678945568607,11.30317601339596,0.49471055174272294,0.07351325248652435,6.438161255817257e-06,4.783505953942034e-07,1.1373594086562143e-12,1.341264714736973e-12,2.083494842098197e-13,4.914045804297702e-13,1.0594261443158303e-07,1.3280741832330076e-07,0.19776401947776634,0.2626065071861808,1.5707018551432332e-15,3.821295197891366e-15,2.504310559354829e-13,6.278701386635705e-13,1.0789629242170464e-12,1.1155659630252867e-12,3.084624859991519e-06,3.418453867117727e-06,0.011674492086962123,0.013805352975959116,0.25620618946659873,0.5289646657918702,0.03330211477427212,0.10802822745210255,8.770013455859688e-08,1.8758222054872753e-07,2.7699521919273584e-06,6.130468852409768e-06,8.994046424300856e-07,2.1242160090247815e-06,1.4965129236496987e-05,3.0945620899115e-05,3.6964491064231316e-09,7.918340372052275e-09,1.423118537779433e-06,3.15426691390434e-06,2.4385261492168093e-11,7.374664808160075e-11,1.3493123839691612e-18,1.3930976881793304e-18,5.717634164861406e-12,6.752803827080335e-12,3.5969376579072562e-12,7.694566989607378e-12,1.096139319718262e-15,2.102149518083459e-15,1.3131423836495574e-08,2.615878256919495e-08,2.1362358155842225e-19,6.461099048571058e-19,0.006312841089377944,0.013035386663518384,3.3959343023743823e-31,1.0000000000000679e-30,4.4039540521945764e-10,1.4314486073469824e-09,2.4180688737879797e-11,7.672118734397678e-11
1.68,1344.1416649145426,5.145436132699048,0.17042222468495022,11.309043792682662,0.4947153546104963,0.07351422250614768,6.4349376117317985e-06,4.781127480614417e-07,1.1360385432121679e-12,1.3397117162505091e-12,2.0810309553830744e-13,4.908251695270181e-13,1.0587157604096537e-07,1.327188288490864e-07,0.1977602794761743,0.2626024565309225,1.5688238605402104e-15,3.816739610703298e-15,2.502174342027126e-13,6.273367426240601e-13,1.0775540961607944e-12,1.114113226050558e-12,3.082584506262265e-06,3.416204610309137e-06,0.011672728433992743,0.013803315543878335,0.2562057465469215,0.528965595671617,0.033303298918508105,0.10803244535434653,8.76708853710908e-08,1.8752031315068734e-07,2.7699988298582956e-06,6.130593447079207e-06,8.990008725651822e-07,2.1232697875676436e-06,1.4953102224254822e-05,3.0920858670361115e-05,3.692976603302984e-09,7.910929339968912e-09,1.4224439630709198e-06,3.1527827475142984e-06,2.436052289616125e-11,7.367208973959891e-11,1.3487336279313932e-18,1.392505006677982e-18,5.715004326019267e-12,6.749721393719556e-12,3.5949429888955386e-12,7.690326808506549e-12,1.095374580333032e-15,2.100690243793083e-15,1.3131380662079712e-08,2.6158787769853374e-08,2.1347181273246372e-19,6.456531274052734e-19,0.006312819078519393,0.01303538666352241,3.3959224618361583e-31,1.0000000000000672e-30,4.400513680943178e-10,1.4303353460549329e-09,2.4164597441527645e-11,7.667039973953635e-11
1.681,1344.0927190319576,5.145573940891517,0.17041766045576798,11.31491172912379,0.4947201531920773,0.07351519157322274,6.431716185812098e-06,4.778750617836626e-07,1.1347194876850047e-12,1.3381608354789985e-12,2.0785705351187786e-13,4.902465700225466e-13,1.0580060057568544e-07,1.3263031705789838e-07,0.1977565424270166,0.2625984086163441,1.566948525830893e-15,3.812190446219508e-15,2.5000404321138295e-13,6.268039186254389e-13,1.0761475344027894e-12,1.1126628172630565e-12,3.0805463292344975e-06,3.413957735132958e-06,0.011670966997385387,0.013801280657983795,0.25620530243270423,0.5289665207718993,0.03330448332501651,0.10803666366301773,8.764165083776716e-08,1.8745843584299628e-07,2.7700454305878455e-06,6.130717933397616e-06,8.985975003776167e-07,2.1223244894469062e-06,1.4941091504777229e-05,3.0896129824645836e-05,3.689509080481108e-09,7.903528890155473e-09,1.421770237584331e-06,3.1513004392237232e-06,2.4335817664466456e-11,7.359763145699228e-11,1.348155043112968e-18,1.3919124917163235e-18,5.712376333962353e-12,6.7466410904359575e-12,3.5929498133607467e-12,7.686089758998639e-12,1.0946105299227792e-15,2.099232271429609e-15,1.313133754342634e-08,2.615879296691769e-08,2.1332017652916087e-19,6.451967450621226e-19,0.006312797095344366,0.013035386663526436,3.3959106361900327e-31,1.000000000000067e-30,4.3970785255959663e-10,1.4292237661064528e-09,2.4148523769578827e-11,7.66196673645384e-11
1.682,1344.0437856624426,5.145711740140867,0.1704130967672303,11.320779822709143,0.49472494749328677,0.07351615968909808,6.428496975100583e-06,4.77637536349217e-07,1.133402238793128e-12,1.336612068604213e-12,2.0761135748180725e-13,4.89668780405747e-13,1.0572968794367252e-07,1.325418828372064e-07,0.19775280832655703,0.2625943634393745,1.565075846011772e-15,3.8076476924202086e-15,2.497908825888213e-13,6.262716657506468e-13,1.0747432341419547e-12,1.1112147317498362e-12,3.0785103250746964e-06,3.411713237418684e-06,0.011669207773674856,0.01379924831432618,0.25620485712672986,0.5289674411020432,0.03330566799248204,0.10804088237454215,8.76124309400676e-08,1.8739658858837818e-07,2.7700919941804887e-06,6.1308423115471525e-06,8.981945251599102e-07,2.1213801130283187e-06,1.4929097043712539e-05,3.0871434291821055e-05,3.6860465272658783e-09,7.896138999970964e-09,1.421097359625768e-06,3.1498199853387415e-06,2.4311145733051003e-11,7.352327304266042e-11,1.3475766295254725e-18,1.3913201433254336e-18,5.709750187852019e-12,6.743562916348267e-12,3.5909581292594858e-12,7.681855836853733e-12,1.0938471674831148e-15,2.0977755991140527e-15,1.3131294480445816e-08,2.6158798160389353e-08,2.13168672790459e-19,6.447407573641796e-19,0.006312775139809392,0.013035386663530463,3.3958988254126183e-31,1.0000000000000675e-30,4.393648574299486e-10,1.4281138636907124e-09,2.4132467690139003e-11,7.65689901195583e-11
1.683,1343.9948647868946,5.1458495304685155,0.17040853361856065,11.326648073428549,0.4947297375215639,0.07351712685536176,6.4252799767375035e-06,4.774001715537037e-07,1.1320867932850607e-12,1.3350654118432724e-12,2.0736600681141198e-13,4.890917991943435e-13,1.056588380539976e-07,1.3245352607590334e-07,0.19774907716943543,0.2625903209947822,1.5632058161838759e-15,3.803111337539423e-15,2.4957795196457946e-13,6.257399830881493e-13,1.0733411906170076e-12,1.1097689646389116e-12,3.0764764899922274e-06,3.4094711130431054e-06,0.011667450759402016,0.013797218508962969,0.2562044106301462,0.5289683566679918,0.03330685292122259,0.10804510149064234,8.758322565978367e-08,1.8733477135029984e-07,2.770138520691447e-06,6.1309665816894095e-06,8.977919462022348e-07,2.120436656671977e-06,1.4917118806863217e-05,3.084677200205441e-05,3.6825889330293366e-09,7.888759646909869e-09,1.4204253275050454e-06,3.1483413821735265e-06,2.4286507038277977e-11,7.344901430667145e-11,1.3469983872082664e-18,1.3907279615650264e-18,5.7071258843274766e-12,6.740486867596145e-12,3.5889679346087035e-12,7.677625037970634e-12,1.093084492029115e-15,2.0963202250046295e-15,1.3131251473051228e-08,2.615880335027489e-08,2.1301730128045774e-19,6.442851636124831e-19,0.006312753211871086,0.013035386663534487,3.3958870294805765e-31,1.0000000000000679e-30,4.3902238152310276e-10,1.4270056350067272e-09,2.4116429171494904e-11,7.65183679057406e-11
1.684,1343.9459563844616,5.145987311901488,0.17040397100879706,11.332516481271863,0.4947345232820684,0.07351809307326261,6.4220651882241014e-06,4.771629672195264e-07,1.13077314805577e-12,1.3335208615858395e-12,2.0712100086560233e-13,4.885156249097581e-13,1.0558805082253894e-07,1.3236524667140887e-07,0.19774534895257906,0.2625862812803711,1.5613384315172944e-15,3.7985813699787134e-15,2.493652510046342e-13,6.2520886981769e-13,1.0719413992057376e-12,1.1083255112019127e-12,3.074444820385642e-06,3.40723135809247e-06,0.011665695951099892,0.013795191237942083,0.25620396294637193,0.5289692674803731,0.033308038109278376,0.10804932100565152,8.755403498490346e-08,1.8727298410547755e-07,2.7701850101910676e-06,6.131090744019414e-06,8.973897629696249e-07,2.119494119150888e-06,1.4905156767727267e-05,3.082214290142429e-05,3.679136289020477e-09,7.881390812486606e-09,1.41975414004018e-06,3.1468646271685096e-06,2.4261901518221905e-11,7.337485506426152e-11,1.3464203160561877e-18,1.3901359463455714e-18,5.704503423361944e-12,6.737412944256701e-12,3.5869792276209037e-12,7.673397358666173e-12,1.0923225026357526e-15,2.0948661473743104e-15,1.31312085211524e-08,2.615880853657413e-08,2.128660620366249e-19,6.438299639348572e-19,0.0063127313114861305,0.013035386663538547,3.3958752483705966e-31,1.000000000000069e-30,4.386804239225031e-10,1.4258990771170626e-09,2.410040818395994e-11,7.64678006306555e-11
1.685,1343.8970604388023,5.1461250844526445,0.17039940893744668,11.338385046228959,0.49473930478557937,0.073519058344882,6.418852605956657e-06,4.769259230869587e-07,1.1294612995832462e-12,1.3319784137296388e-12,2.0687633900390892e-13,4.879402560606495e-13,1.0551732614519785e-07,1.3227704449608868e-07,0.19774162366726084,0.2625822442864269,1.5594736869648101e-15,3.794057777610362e-15,2.4915277926960036e-13,6.246783248547848e-13,1.0705438549079027e-12,1.106884366319401e-12,3.0724153121073077e-06,3.4049939680474204e-06,0.011663943345354163,0.013793166497373048,0.25620351407316444,0.5289701735381082,0.03330922356035736,0.10805354093228495,8.7524858885028e-08,1.8721122679128912e-07,2.770231462710535e-06,6.131214798645311e-06,8.969879744186895e-07,2.1185524980370897e-06,1.4893210877345838e-05,3.079754688956735e-05,3.6756885810256866e-09,7.874032466512616e-09,1.41908379456188e-06,3.1453897144672765e-06,2.4237329106381118e-11,7.330079511681726e-11,1.3458424163731998e-18,1.3895440979998768e-18,5.701882796694559e-12,6.734341136681615e-12,3.584992005909026e-12,7.669172793974049e-12,1.0915611981978543e-15,2.093413364150405e-15,1.3131165624667866e-08,2.615881371930333e-08,2.127149543699961e-19,6.433751562619241e-19,0.006312709438611384,0.013035386663542578,3.395863482059485e-31,1.0000000000000698e-30,4.3833898293849193e-10,1.4247941845711978e-09,2.4084404692091535e-11,7.641728818360324e-11
1.686,1343.848176927686,5.1462628481535155,0.17039484740339875,11.344253768289741,0.4947440820354005,0.07352002267119179,6.415642227920755e-06,4.7668903901435586e-07,1.1281512449552344e-12,1.3304380648913525e-12,2.066320206000515e-13,4.873656911890945e-13,1.0544666394664074e-07,1.3218891945836496e-07,0.19773790131226673,0.26257821001321663,1.5576115778382417e-15,3.789540549179766e-15,2.4894053647033266e-13,6.241483474916004e-13,1.0691485532915473e-12,1.105445525459365e-12,3.0703879618064454e-06,3.4027589392715872e-06,0.011662192938692787,0.0137911442832972,0.2562030640157716,0.5289710748555926,0.0333104092706605,0.1080577612589077,8.749569735572249e-08,1.871494994006488e-07,2.770277878333194e-06,6.131338745790804e-06,8.965865802219659e-07,2.1176117925934976e-06,1.488128111848847e-05,3.077298393172895e-05,3.6722458025704335e-09,7.866684595377249e-09,1.4184142904965663e-06,3.1439166428584485e-06,2.4212789743125098e-11,7.322683428649964e-11,1.3452646878969832e-18,1.3889524162760869e-18,5.6992640068376975e-12,6.73127144794644e-12,3.583006267952607e-12,7.664951340781695e-12,1.0908005778728513e-15,2.0919618737637905e-15,1.313112278350524e-08,2.6158818898457457e-08,2.125639786147114e-19,6.429207416187465e-19,0.006312687593203637,0.013035386663546615,3.3958517305239947e-31,1.000000000000072e-30,4.3799805797343617e-10,1.4236909554680609e-09,2.406841866873443e-11,7.636683048017594e-11
1.687,1343.7993058330771,5.146400603022503,0.1703902864059773,11.35012264744414,0.4947488550400204,0.07352098605393123,6.412434050825432e-06,4.7645231476519e-07,1.1268429807849074e-12,1.3288998111277936e-12,2.0638804501514114e-13,4.867919288073522e-13,1.0537606412887951e-07,1.3210087143824837e-07,0.1977341818811597,0.26257417845405956,1.5557520991511002e-15,3.7850296727059514e-15,2.487285222004675e-13,6.236189367263444e-13,1.0677554894899707e-12,1.1040089836400779e-12,3.0683627655080432e-06,3.400526267436468e-06,0.011660444727702796,0.01378912459182495,0.25620261277421086,0.5289719714364002,0.03331159524162744,0.10806198199087415,8.746655037207122e-08,1.870878018826519e-07,2.7703242571048624e-06,6.1314625855962805e-06,8.961855794934888e-07,2.1166720007637633e-06,1.486936744910933e-05,3.0748453941835236e-05,3.668807941131868e-09,7.859347172512093e-09,1.4177456256299515e-06,3.1424454074937586e-06,2.4188283363615346e-11,7.315297237970873e-11,1.3446871307989947e-18,1.3883609013701258e-18,5.696647048955249e-12,6.7282038724471746e-12,3.5810220115344035e-12,7.660732994485381e-12,1.0900406406084123e-15,2.0905116742428645e-15,1.3131079997579864e-08,2.6158824074045707e-08,2.1241313430359228e-19,6.424667186066747e-19,0.00631266577521992,0.013035386663550606,3.395839993741001e-31,1.0000000000000693e-30,4.3765764757691573e-10,1.422589385134465e-09,2.4052450080313576e-11,7.631642741558892e-11
1.688,1343.7504471345642,5.1465383490855565,0.17038572594425663,11.355991683682111,0.494753623804921,0.07352194849439335,6.409228072318086e-06,4.7621575017264517e-07,1.1255365040387338e-12,1.32736364891228e-12,2.061444116258317e-13,4.862189674642882e-13,1.0530552661046161e-07,1.3201290033647371e-07,0.1977304653705304,0.2625701496062975,1.5538952461817301e-15,3.780525136851841e-15,2.4851673613749966e-13,6.230900917674385e-13,1.066364658972082e-12,1.102574736226658e-12,3.0663397197016346e-06,3.398295948728244e-06,0.011658698708941657,0.01378710741903168,0.25620216035150895,0.5289728632903222,0.03331278147167711,0.10806620312374057,8.743741792365916e-08,1.870261342174087e-07,2.770370599093827e-06,6.131586318251914e-06,8.957849717388251e-07,2.11573312141623e-06,1.485746984467654e-05,3.0723956870027214e-05,3.66537498847376e-09,7.85202018053082e-09,1.4170777989013787e-06,3.1409760060818514e-06,2.4163809907013505e-11,7.30792092149357e-11,1.3441097449584243e-18,1.3877695531761508e-18,5.69403192236974e-12,6.725138409491362e-12,3.579039234953014e-12,7.656517751584698e-12,1.0892813855091767e-15,2.089062763916987e-15,1.3131037266802998e-08,2.6158829246069376e-08,2.1226242150053949e-19,6.420130874333349e-19,0.00631264398461725,0.013035386663554582,3.3958282716874006e-31,1.0000000000000687e-30,4.3731775089972833e-10,1.4214894708513392e-09,2.403649889790981e-11,7.626607889982663e-11
1.689,1343.701600813352,5.146676086363611,0.17038116601747727,11.361860876993639,0.49475838833753105,0.07352290999415868,6.406024289421204e-06,4.75979345023448e-07,1.1242318114575503e-12,1.3258295744518585e-12,2.0590111980055727e-13,4.856468056893118e-13,1.0523505129910414e-07,1.3192500604018958e-07,0.1977267517749999,0.2625661234646497,1.5520410140470512e-15,3.776026929887079e-15,2.4830517790385805e-13,6.225618116851849e-13,1.064976057001277e-12,1.1011427783715408e-12,3.064318820577907e-06,3.396067979001632e-06,0.01165695487899852,0.013785092761029714,0.256201706748715,0.5289737504230536,0.033313967961208425,0.1080704246594836,8.740829999036225e-08,1.8696449636425448e-07,2.7704169043533636e-06,6.131709943914503e-06,8.95384756202915e-07,2.1147951528035495e-06,1.4845588269020982e-05,3.0699492642377994e-05,3.661946933522061e-09,7.84470359596695e-09,1.416410808480796e-06,3.139508434625789e-06,2.4139369310048052e-11,7.300554460330404e-11,1.3435325304499721e-18,1.3871783717901219e-18,5.6914186236779804e-12,6.722075055166908e-12,3.57705793616493e-12,7.652305607846931e-12,1.0885228115770825e-15,2.0876151409184016e-15,1.3130994591088924e-08,2.615883441453509e-08,2.1211183992215317e-19,6.415598472558612e-19,0.006312622221352803,0.013035386663558555,3.39581656434014e-31,1.0000000000000675e-30,4.369783666935827e-10,1.4203912086022326e-09,2.4020565089595394e-11,7.621578483332157e-11
1.69,1343.6527668510385,5.146813814876462,0.1703766066249176,11.367730227368726,0.4947631486456818,0.07352387055486627,6.402822699014909e-06,4.7574309909372463e-07,1.122928899735756e-12,1.3242975838986385e-12,2.0565816890685241e-13,4.850754420096444e-13,1.0516463810015307e-07,1.318371884335635e-07,0.19772304108878186,0.26256210002328917,1.550189397834164e-15,3.771535040008241e-15,2.4809384710984216e-13,6.220340955194203e-13,1.0635896788027972e-12,1.0997131051875248e-12,3.0623000642644836e-06,3.3938423540412142e-06,0.011655213234475454,0.013783080613946208,0.2562012519664566,0.5289746328394087,0.03331515471104011,0.10807464660143973,8.73791965498201e-08,1.8690288827773446e-07,2.770463172933408e-06,6.131833462733348e-06,8.94984932071252e-07,2.1138580930378536e-06,1.4833722683332057e-05,3.0675061179495186e-05,3.6585237645640696e-09,7.83739739398492e-09,1.415744652361627e-06,3.1380426887371572e-06,2.4114961509006775e-11,7.293197835459582e-11,1.3429554873934637e-18,1.3865873573545463e-18,5.688807148888479e-12,6.719013804866561e-12,3.5750781130491985e-12,7.648096558873296e-12,1.0877649177915522e-15,2.086168803336033e-15,1.3130951970352765e-08,2.6158839579450654e-08,2.1196138922249398e-19,6.41106997042182e-19,0.006312600485383884,0.013035386663562572,3.3958048716762585e-31,1.00000000000007e-30,4.366394936198e-10,1.4192945940767352e-09,2.4004648622803127e-11,7.616554511447152e-11
1.691,1343.6039452279329,5.1469515346479975,0.1703720477657208,11.373599734797404,0.49476790473562143,0.07352483017792028,6.399623298844346e-06,4.755070122238631e-07,1.1216277658854625e-12,1.3227676737792732e-12,2.054155583321322e-13,4.845048749993447e-13,1.0509428693376007e-07,1.3174944741931856e-07,0.1977193333076861,0.2625580792785096,1.5483403929149528e-15,3.767049456104339e-15,2.4788274343874413e-13,6.215069424929547e-13,1.062205519907805e-12,1.098285712103561e-12,3.0602834473101525e-06,3.3916190700981756e-06,0.01165347377194857,0.013781070973877525,0.2562007960069432,0.5289755105474713,0.03331634172040059,0.10807886894778723,8.735010759236629e-08,1.8684130993954401e-07,2.770509404897571e-06,6.131956874888054e-06,8.945854988644547e-07,2.1129219410227424e-06,1.482187306392903e-05,3.065066243327149e-05,3.655105473600809e-09,7.83010155770407e-09,1.4150793295320147e-06,3.136578766232246e-06,2.4090586443771458e-11,7.28585102894559e-11,1.3423786156738775e-18,1.3859965097694406e-18,5.686197496005823e-12,6.715954656340462e-12,3.5730997639638517e-12,7.643890601289477e-12,1.0870077032779465e-15,2.0847237495386053e-15,1.3130909404507535e-08,2.615884474081981e-08,2.1181106944485522e-19,6.406545369374851e-19,0.006312578776667713,0.01303538666356655,3.395793193672737e-31,1.0000000000000691e-30,4.363011308575653e-10,1.4181996246476308e-09,2.3988749469041432e-11,7.61153596546024e-11
1.692,1343.5551359238357,5.147089245703882,0.17036748943897123,11.379469399269734,0.4947726566127353,0.07352578886459442,6.3964260859250345e-06,4.7527108420001027e-07,1.1203284066744194e-12,1.3212398403320473e-12,2.0517328743946562e-13,4.83935103174976e-13,1.0502399770852735e-07,1.316617828856892e-07,0.19771562842836823,0.2625540612277191,1.5464939943640468e-15,3.762570166340614e-15,2.476718665206143e-13,6.209803516950461e-13,1.0608235756147222e-12,1.096860594307758e-12,3.058268965932303e-06,3.389398123056137e-06,0.011651736488026924,0.013779063836958363,0.25620033887321286,0.5289763835570187,0.03331752898768913,0.1080830916940111,8.732103309878565e-08,1.8677976131094507e-07,2.7705556003103703e-06,6.132080180560042e-06,8.941864558672612e-07,2.111986695104555e-06,1.4810039376212806e-05,3.062629633301794e-05,3.651692049941022e-09,7.822816064475274e-09,1.4144148382648727e-06,3.135116663341787e-06,2.406624405160788e-11,7.278514022060795e-11,1.34180191531285e-18,1.3854058290758551e-18,5.683589664752581e-12,6.712897609367478e-12,3.5711228868583153e-12,7.63968773084654e-12,1.086251167038235e-15,2.0832799776580343e-15,1.3130866893464983e-08,2.6158849898642917e-08,2.1166088042417557e-19,6.402024664567151e-19,0.006312557095161772,0.013035386663570538,3.3957815303067066e-31,1.0000000000000687e-30,4.3596327721557357e-10,1.4171062964832664e-09,2.3972867596864336e-11,7.606522835565935e-11
1.693,1343.5063389219263,5.147226948059109,0.17036293164410682,11.385339220775794,0.4947774042867227,0.07352674661680277,6.393231057121203e-06,4.750353147970536e-07,1.1190308187968092e-12,1.3197140797083241e-12,2.049313556088689e-13,4.833661250930133e-13,1.0495377032917674e-07,1.3157419471603795e-07,0.19771192644315727,0.26255004586257746,1.5446501973570571e-15,3.758097159127509e-15,2.474612159590099e-13,6.204543221484797e-13,1.0594438411703995e-12,1.0954377469347253e-12,3.0562566162582557e-06,3.387179508698688e-06,0.011650001379336852,0.013777059199343548,0.25619988056397086,0.5289772518688776,0.033318716515637954,0.10808731484965166,8.729197304527652e-08,1.867182423433842e-07,2.7706017592100264e-06,6.132203379872479e-06,8.93787802216518e-07,2.111052353280231e-06,1.4798221579480092e-05,3.06019627954196e-05,3.6482834814482964e-09,7.815540888552657e-09,1.4137511764185732e-06,3.133656375377488e-06,2.4041934269003808e-11,7.27118679584149e-11,1.3412253864931198e-18,1.3848153154811434e-18,5.6809836482541844e-12,6.709842655934355e-12,3.5691474796107303e-12,7.635487943142726e-12,1.0854953080545588e-15,2.0818374857880874e-15,1.3130824437143648e-08,2.6158855052933613e-08,2.115108216706531e-19,6.397507841325472e-19,0.006312535440823586,0.013035386663574544,3.3957698815553223e-31,1.0000000000000707e-30,4.356259312885362e-10,1.4160146050562891e-09,2.39570029734455e-11,7.601515111520284e-11
1.694,1343.4575542005437,5.147364641744082,0.1703583743800555,11.391209199305697,0.494782147761102,0.07352770343554091,6.390038210410661e-06,4.747997038726093e-07,1.1177349993787997e-12,1.3181903885687776e-12,2.0468976222630548e-13,4.827979393239032e-13,1.0488360472089716e-07,1.3148668281937987e-07,0.19770822735058946,0.26254603318298686,1.5428089972905e-15,3.753630423412485e-15,2.4725079146572007e-13,6.19928853147367e-13,1.058066312222504e-12,1.0940171655333444e-12,3.0542463949797616e-06,3.384963223434787e-06,0.011648268442465066,0.013775057057140872,0.25619942108411037,0.5289781154966504,0.03331990430078113,0.10809153840414217,8.726292742676464e-08,1.8665675302836282e-07,2.7706478816767515e-06,6.132326473041475e-06,8.933895375713164e-07,2.110118914780135e-06,1.4786419656022515e-05,3.0577661784711384e-05,3.6448797615800193e-09,7.808276016172901e-09,1.4130883433760748e-06,3.132197901030245e-06,2.40176570373482e-11,7.263869332805557e-11,1.340649028973735e-18,1.38422496875518e-18,5.678379448587801e-12,6.706789798600573e-12,3.5671735407037958e-12,7.631291235069354e-12,1.0847401254920018e-15,2.0803962723732947e-15,1.3130782035453024e-08,2.6158860203687506e-08,2.11360893477754e-19,6.392994908667516e-19,0.006312513813610682,0.013035386663578563,3.3957582473957267e-31,1.0000000000000726e-30,4.352890924635388e-10,1.4149245484148555e-09,2.3941155571931453e-11,7.596512784974102e-11
1.695,1343.4087817424293,5.147502326775369,0.17035381764620333,11.397079334849574,0.49478688704484997,0.07352865932261313,6.386847542540103e-06,4.745642511927885e-07,1.1164409450888964e-12,1.3166687630341537e-12,2.0444850666776286e-13,4.822305444144901e-13,1.0481350078692532e-07,1.3139924707719948e-07,0.19770453114370298,0.2625420231815391,1.5409703892904875e-15,3.749169947484544e-15,2.470405926383822e-13,6.194039436995473e-13,1.0566909840012328e-12,1.092598845220645e-12,3.052238298185038e-06,3.3827492630042173e-06,0.011646537674055607,0.013773057406525265,0.2561989604330192,0.528978974442555,0.033321092345163915,0.10809576236479086,8.723389621814659e-08,1.865952933145307e-07,2.77069396775183e-06,6.132449460196779e-06,8.929916610418669e-07,2.10918637753808e-06,1.4774633563844711e-05,3.055339321490053e-05,3.641480877886281e-09,7.801021420916757e-09,1.412426336909366e-06,3.130741235419916e-06,2.3993412292998218e-11,7.256561613948132e-11,1.340072842945313e-18,1.3836347891133652e-18,5.675777060015663e-12,6.703739030694945e-12,3.56520106794982e-12,7.627097602083062e-12,1.0839856183142846e-15,2.0789563354718308e-15,1.3130739688310825e-08,2.615886535091566e-08,2.1121109534706588e-19,6.388485851658771e-19,0.0063124922134807655,0.013035386663582513,3.3957466278051733e-31,1.0000000000000694e-30,4.349527592926828e-10,1.4138361218928161e-09,2.3925325359212782e-11,7.591515845592538e-11
1.696,1343.36002152744,5.147640003178725,0.1703492614416325,11.402949627397584,0.49479162214322897,0.07352961427927207,6.383659050922438e-06,4.743289565731932e-07,1.1151486528562245e-12,1.3151491995324178e-12,2.0420758831329337e-13,4.81663938921153e-13,1.0474345844278173e-07,1.3131188738637553e-07,0.1977008378192705,0.262538015855786,1.5391343686186594e-15,3.744715719962004e-15,2.468306191395265e-13,6.188795929755264e-13,1.0553178519807096e-12,1.0911827813657144e-12,3.0502323223024625e-06,3.380537623523595e-06,0.011644809070731881,0.013771060243647151,0.2561984986137993,0.52897982871648,0.03332228064710614,0.10809998672682097,8.720487940551187e-08,1.865338631744772e-07,2.770740017501818e-06,6.132572341524106e-06,8.925941720507974e-07,2.108254740225723e-06,1.4762863274707773e-05,3.052915702843971e-05,3.638086821265706e-09,7.793777083537668e-09,1.4117651557019948e-06,3.129286375686759e-06,2.3969199975295875e-11,7.249263621166404e-11,1.3394968283453517e-18,1.3830447765097408e-18,5.673176482191678e-12,6.7006903519142934e-12,3.5632300595230586e-12,7.622907040414597e-12,1.0832317855949576e-15,2.077517673352421e-15,1.3130697395629541e-08,2.615887049461886e-08,2.110614272623744e-19,6.38398066994938e-19,0.006312470640391625,0.013035386663586543,3.3957350227609545e-31,1.000000000000072e-30,4.3461693080216416e-10,1.4127493223649673e-09,2.3909512305773925e-11,7.586524284180688e-11
1.697,1343.3112735365644,5.147777670976433,0.17034470576554026,11.408820076939916,0.4947963530628969,0.07353056830697599,6.380472732829617e-06,4.740938198189265e-07,1.1138581195575979e-12,1.3136316944296671e-12,2.0396700654661978e-13,4.810981214088605e-13,1.0467347760128774e-07,1.3122460364039397e-07,0.197697147372656,0.26253401120140185,1.53730093054102e-15,3.740267729473271e-15,2.466208706162291e-13,6.183558001070064e-13,1.053946911594356e-12,1.0897689692953674e-12,3.0482284636921694e-06,3.3783283010336462e-06,0.011643082629131225,0.013769065564672908,0.25619803562813415,0.5289806783253721,0.033323469206347565,0.10810421149005939,8.717587697217074e-08,1.864724625748392e-07,2.7707860309839657e-06,6.132695117188426e-06,8.921970699405296e-07,2.107324001325159e-06,1.4751108756928644e-05,3.0504953160656107e-05,3.634697581791978e-09,7.7865429830209e-09,1.4111047982059052e-06,3.12783331845746e-06,2.3945020023065863e-11,7.241975336200231e-11,1.3389209851844698e-18,1.3824549309737898e-18,5.670577712712645e-12,6.697643759525435e-12,3.5612605135239345e-12,7.618719546136307e-12,1.082478626386342e-15,2.076080284242929e-15,1.3130655157323896e-08,2.615887563480165e-08,2.1091188904500958e-19,6.379479358275291e-19,0.0063124490943010925,0.013035386663590552,3.395723432240396e-31,1.0000000000000761e-30,4.3428160589905613e-10,1.4116641463187364e-09,2.3893716381287792e-11,7.581538091285569e-11
1.698,1343.2625377514264,5.14791533018885,0.17034015061718777,11.414690683466779,0.494801079811235,0.07353152140728945,6.37728858539723e-06,4.738588407249384e-07,1.1125693420233988e-12,1.312116244037073e-12,2.037267607521805e-13,4.805330904442062e-13,1.0460355817287766e-07,1.311373957297402e-07,0.19769345979848915,0.2625300092130811,1.5354700703066755e-15,3.73582596460514e-15,2.4641134670278394e-13,6.178325641935902e-13,1.052578158238471e-12,1.0883574042978565e-12,3.0462267186518997e-06,3.3761212915057147e-06,0.011641358345903782,0.01376707336578364,0.2561975714769657,0.5289815232746382,0.0333246580233701,0.10810843665673896,8.7146888899101e-08,1.864110914772585e-07,2.7708320082504523e-06,6.13281778734339e-06,8.918003539891572e-07,2.1063941591664373e-06,1.4739369976007142e-05,3.048078154104828e-05,3.631313148860906e-09,7.779319096898647e-09,1.410445262684069e-06,3.1263820599396455e-06,2.392087237468682e-11,7.234696740653751e-11,1.3383453135262972e-18,1.381865252589688e-18,5.667980748070345e-12,6.69459924948973e-12,3.559292427979903e-12,7.614535115164073e-12,1.0817261397196124e-15,2.0746441663305296e-15,1.3130612973309839e-08,2.6158880771470588e-08,2.1076248043825594e-19,6.374981909011381e-19,0.006312427575167114,0.013035386663594453,3.3957118562208646e-31,1.0000000000000714e-30,4.3394678339359543e-10,1.4105805899266353e-09,2.3877937554755173e-11,7.576557257240392e-11
1.699,1343.2138141530513,5.14805298083823,0.17033559599577355,11.420561446968406,0.49480580239483946,0.07353247358166078,6.374106606016845e-06,4.736240191051885e-07,1.111282317183315e-12,1.3106028447827878e-12,2.0348685031974966e-13,4.799688446063171e-13,1.0453370007254255e-07,1.3105026355060718e-07,0.1976897750921959,0.26252600988657676,1.5336417832443613e-15,3.73139041413773e-15,2.462020470563728e-13,6.1730988439223e-13,1.0512115874073447e-12,1.0869480817626024e-12,3.044227083609961e-06,3.3739165910556972e-06,0.011639636217696514,0.013765083643156616,0.2561971061620074,0.5289823635712811,0.03332584709787166,0.10811266222654979,8.711791517118676e-08,1.863497498517305e-07,2.770877949359063e-06,6.1329403521551e-06,8.914040235806204e-07,2.105465212329553e-06,1.472764690218149e-05,3.045664210891148e-05,3.6279335130305933e-09,7.77210540519235e-09,1.4097865477112907e-06,3.1249325970320288e-06,2.3896756969712014e-11,7.227427816485699e-11,1.3377698133566514e-18,1.3812757413612559e-18,5.665385585816993e-12,6.691556819020902e-12,3.557325801059524e-12,7.610353743715433e-12,1.0809743246693926e-15,2.073209317885645e-15,1.3130570843502562e-08,2.6158885904630866e-08,2.1061320132372984e-19,6.370488318716414e-19,0.006312406082947736,0.013035386663598441,3.3957002946797877e-31,1.0000000000000719e-30,4.3361246225871925e-10,1.4094986498899326e-09,2.386217579647041e-11,7.571581772788459e-11
1.7,1343.165102723321,5.148190622944289,0.17033104190058035,11.426432367435057,0.49481052082129123,0.07353342483168199,6.37092679174055e-06,4.733893547483808e-07,1.109997041848375e-12,1.3090914929548301e-12,2.0324727463498097e-13,4.794053824645283e-13,1.0446390320946841e-07,1.3096320699189965e-07,0.19768609324819666,0.26252201321629626,1.5318160645980849e-15,3.7269610666444436e-15,2.4599297130480805e-13,6.167877597861767e-13,1.0498471944894193e-12,1.085540996969381e-12,3.0422295548354935e-06,3.3717141956227854e-06,0.011637916241176627,0.01376309639299234,0.2561966396839664,0.5289831992202063,0.03332703643056435,0.10811688820246816,8.708895576804379e-08,1.8628843765697173e-07,2.7709238543598682e-06,6.133062811772355e-06,8.910080779580928e-07,2.1045371590618704e-06,1.4715939499421563e-05,3.0432534790574573e-05,3.6245586633360703e-09,7.764901884659559e-09,1.409128651445672e-06,3.123484925709415e-06,2.387267374644548e-11,7.220168545276035e-11,1.3371944847664466e-18,1.3806863974007568e-18,5.662792222114608e-12,6.688516463690237e-12,3.555360630746049e-12,7.606175427610965e-12,1.0802231802551816e-15,2.0717757370727998e-15,1.3130528767818744e-08,2.615889103428964e-08,2.1046405140272943e-19,6.3659985784944835e-19,0.006312384617601088,0.013035386663602384,3.395688747594652e-31,1.0000000000000705e-30,4.3327864125260774e-10,1.408418322211638e-09,2.3846431075132455e-11,7.566611628166168e-11
1.701,1343.1164034418948,5.148328256533799,0.17032648833065753,11.432303444857018,0.49481523509531805,0.07353437515852176,6.367749140259652e-06,4.7315484749070755e-07,1.1087135130743633e-12,1.3075821851297453e-12,2.0300803309074557e-13,4.78842702605149e-13,1.0439416750436843e-07,1.308762259569691e-07,0.19768241426378022,0.2625180192004584,1.529992909766047e-15,3.722537911073448e-15,2.45784119135554e-13,6.16266189608214e-13,1.0484849751044576e-12,1.0841361454370052e-12,3.040234128919713e-06,3.3695141015029892e-06,0.01163619841299241,0.013761111611468908,0.2561961720463956,0.5289840302321999,0.033328226019301604,0.10812111457819758,8.706001067962703e-08,1.8622715487381345e-07,2.7709697233228667e-06,6.133185166388127e-06,8.906125166491348e-07,2.103609998282414e-06,1.4704247744280642e-05,3.04084595383868e-05,3.621188591878714e-09,7.757708518626184e-09,1.4084715728792972e-06,3.1220390437951147e-06,2.3848622645997113e-11,7.212918909452708e-11,1.3366193276245358e-18,1.3800972205911646e-18,5.660200657243345e-12,6.685478183932974e-12,3.5533969153716375e-12,7.602000163417504e-12,1.0794727056024879e-15,2.07034342225976e-15,1.3130486746171025e-08,2.615889616044625e-08,2.1031503076308599e-19,6.361512691141076e-19,0.006312363179085339,0.013035386663606357,3.3956772149429503e-31,1.0000000000000717e-30,4.3294531956628876e-10,1.4073396043016728e-09,2.38307033627556e-11,7.561646814661561e-11
1.702,1343.0677162913735,5.148465881624342,0.17032193528535872,11.438174679224597,0.49481994522526784,0.07353532456388434,6.364573648344146e-06,4.7292049709987406e-07,1.1074317275804849e-12,1.3060749174869422e-12,2.0276912507063054e-13,4.782808035925195e-13,1.0432449286173655e-07,1.3078932032882326e-07,0.19767873813258804,0.2625140278324293,1.5281723139311908e-15,3.71812093584862e-15,2.4557549015259745e-13,6.157451728817581e-13,1.0471249245652805e-12,1.0827335223667153e-12,3.0382408020069033e-06,3.3673163044966952e-06,0.011634482729836415,0.013759129294816123,0.2561957032491949,0.5289848566104873,0.033329415865596075,0.10812534135930892,8.70310798811472e-08,1.8616590145153904e-07,2.7710155562916583e-06,6.133307416136757e-06,8.902173387804859e-07,2.1026837279633434e-06,1.469257159555799e-05,3.038441626797873e-05,3.6178232864443126e-09,7.750525281171838e-09,1.4078153098243264e-06,3.1205949464967716e-06,2.3824603605790913e-11,7.205678890327958e-11,1.3360443421091562e-18,1.3795082111348324e-18,5.6576108863494215e-12,6.6824419741200905e-12,3.5514346527660376e-12,7.597827946626546e-12,1.078722899686063e-15,2.0689123715249875e-15,1.3130444778477507e-08,2.6158901283110047e-08,2.1016613894347096e-19,6.357030642840494e-19,0.006312341767358825,0.01303538666361032,3.3956656967022704e-31,1.0000000000000726e-30,4.326124957811269e-10,1.4062624915880157e-09,2.3814992626778906e-11,7.556687322110276e-11
1.703,1343.0190412505162,5.1486034982456905,0.17031738276363445,11.444046070528136,0.4948246512146244,0.07353627304875195,6.3614003140419974e-06,4.7268630343853735e-07,1.1061516825642341e-12,1.3045696867697835e-12,2.0253054997514286e-13,4.777196840308403e-13,1.0425487920872611e-07,1.3070249001887317e-07,0.19767506485315253,0.2625100391120724,1.5263542726036954e-15,3.7137101301896305e-15,2.453670840758537e-13,6.15224708920866e-13,1.0457670386339596e-12,1.0813331234241345e-12,3.0362495708742437e-06,3.365120801105597e-06,0.011632769188357308,0.01375714943921186,0.2561952332971341,0.5289856783683556,0.03333060596607643,0.10812956853552992,8.700216336805774e-08,1.8610467738273147e-07,2.7710613533449672e-06,6.133429561230399e-06,8.898225440296635e-07,2.1017583473776985e-06,1.4680911036496392e-05,3.036040494552833e-05,3.6144627407756983e-09,7.743352159137334e-09,1.407159861713656e-06,3.119152632614486e-06,2.3800616568659198e-11,7.198448470849145e-11,1.3354695279778851e-18,1.3789193687997652e-18,5.655022911465586e-12,6.679407836756417e-12,3.5494738414585774e-12,7.593658774226088e-12,1.0779737616925426e-15,2.0674825833532495e-15,1.3130402864649408e-08,2.6158906402276903e-08,2.100173762236528e-19,6.352552442193214e-19,0.006312320382379832,0.01303538666361428,3.395654192850166e-31,1.0000000000000714e-30,4.322801693180336e-10,1.4051869822275928e-09,2.3799298841068222e-11,7.551733142386908e-11
1.704,1342.970378305035,5.148741106405702,0.1703128307651603,11.449917618757986,0.4948293530755998,0.07353722061540083,6.358229133807829e-06,4.7245226625092783e-07,1.1048733746230315e-12,1.303066489013724e-12,2.0229230719903388e-13,4.771593425106615e-13,1.0418532644353941e-07,1.3061573490222323e-07,0.19767139441523238,0.26250605302758834,1.5245387809983839e-15,3.70930548259695e-15,2.451589004722117e-13,6.147047966558368e-13,1.0444113125286082e-12,1.0799349437122256e-12,3.0342604315073978e-06,3.3629275869538323e-06,0.011631057785276774,0.013755172040919595,0.2561947621862073,0.5289864955009487,0.03333179632615885,0.10813379612509173,8.69732611089377e-08,1.860434826024767e-07,2.771107114501535e-06,6.13355160174819e-06,8.894281313274885e-07,2.100833854034672e-06,1.466926601756076e-05,3.0336425469424838e-05,3.6111069406686465e-09,7.736189122337292e-09,1.4065052257961769e-06,3.1177120961069752e-06,2.377666147078446e-11,7.19122763195142e-11,1.3348948855942016e-18,1.3783306939795018e-18,5.652436721847289e-12,6.676375759254497e-12,3.547514479115772e-12,7.589492641357678e-12,1.0772252905497814e-15,2.0660540557328066e-15,1.3130361004611314e-08,2.6158911517968232e-08,2.098687417987867e-19,6.34807806499212e-19,0.006312299024106918,0.013035386663618233,3.395642703364351e-31,1.0000000000000705e-30,4.319483384693594e-10,1.4041130707086186e-09,2.3783621971107077e-11,7.546784264705551e-11
1.705,1342.9217274323578,5.148878706138562,0.17030827928874118,11.455789323904538,0.49483405080980847,0.07353816726453347,6.355060105558245e-06,4.722183853899029e-07,1.1035968009304175e-12,1.3015653209335603e-12,2.0205439613305872e-13,4.76599777613061e-13,1.0411583449199726e-07,1.3052905488859897e-07,0.197667726819222,0.2625020695813058,1.5227258345314667e-15,3.704906982060667e-15,2.449509390585384e-13,6.141854353929882e-13,1.0430577419922914e-12,1.0785389788766189e-12,3.0322733806440925e-06,3.3607366584989393e-06,0.011629348517259401,0.013753197096135317,0.2561942899230197,0.5289873080253287,0.033332986940630756,0.10813802411174604,8.694437309841018e-08,1.859823171015708e-07,2.77115283985001e-06,6.133673537924095e-06,8.890341003451438e-07,2.099910247192152e-06,1.4657636521457122e-05,3.0312477804730843e-05,3.6077558797241835e-09,7.729036157307094e-09,1.4058514014714701e-06,3.1162733357001567e-06,2.3752738254890897e-11,7.184016356547891e-11,1.3343204146929907e-18,1.3777421864185388e-18,5.6498523223446015e-12,6.6733457474463186e-12,3.5455565641900775e-12,7.585329544844159e-12,1.0764774854223026e-15,2.0646267871057723e-15,1.3130319198271844e-08,2.615891663017401e-08,2.0972023604911145e-19,6.343607522876003e-19,0.006312277692498552,0.013035386663622195,3.395631228222484e-31,1.0000000000000708e-30,4.3161700264073846e-10,1.4030407551380942e-09,2.376796199061818e-11,7.54184068089439e-11
1.706,1342.8730886152289,5.149016297461699,0.17030372833373641,11.4616611859582,0.49483874442554465,0.07353911299784245,6.351893226270442e-06,4.7198466063848765e-07,1.1023219582993624e-12,1.3000661788186548e-12,2.018168161722463e-13,4.760409879291268e-13,1.0404640326236722e-07,1.304424498657095e-07,0.19766406205880171,0.26249808876662717,1.520915428501507e-15,3.70051461728407e-15,2.4474319945627713e-13,6.136666241993155e-13,1.0417063224479304e-12,1.0771452242317174e-12,3.0302884145491994e-06,3.358548011674094e-06,0.011627641381018608,0.013751224601112102,0.25619381650745776,0.5289881159446661,0.03333417781100558,0.10814225250106084,8.691549931434775e-08,1.859211808349697e-07,2.7711985294344884e-06,6.133795369893255e-06,8.886404502794722e-07,2.098987524987493e-06,1.4646022510246325e-05,3.0288561873810867e-05,3.6044095465551938e-09,7.721893239894885e-09,1.405198386759223e-06,3.1148363470609894e-06,2.372884685972409e-11,7.176814626347404e-11,1.3337461154121575e-18,1.377153846277435e-18,5.647269708106711e-12,6.670317795705297e-12,3.543600094630068e-12,7.581169480429874e-12,1.0757303453242494e-15,2.063200775625672e-15,1.3130277445549875e-08,2.615892173890371e-08,2.0957185854582677e-19,6.339140803011509e-19,0.006312256387513411,0.013035386663626136,3.3956197674023314e-31,1.0000000000000687e-30,4.3128616052538705e-10,1.4019700313070368e-09,2.37523188681296e-11,7.536902381132633e-11
1.707,1342.8244618358149,5.149153880394413,0.17029917789944363,11.467533204909403,0.4948434339303778,0.0735400578169127,6.348728493247594e-06,4.717510918039157e-07,1.101048843665524e-12,1.2985690591029248e-12,2.0157956671921317e-13,4.754829720677908e-13,1.039770326685858e-07,1.3035591972836528e-07,0.1976604001283829,0.2624941105779256,1.5191075583145626e-15,3.696128377231569e-15,2.445356813149377e-13,6.131483622121468e-13,1.040357049438872e-12,1.0757536752162912e-12,3.028305529650274e-06,3.3563616425926102e-06,0.011625936373261685,0.013749254552095613,0.25619334194012605,0.5289889192636138,0.03333536893807278,0.10814648129625555,8.688663973946773e-08,1.8586007376798963e-07,2.771244183304845e-06,6.133917097803607e-06,8.882471804565658e-07,2.0980656858632666e-06,1.4634423951800555e-05,3.0264677611045064e-05,3.601067931199599e-09,7.714760349000978e-09,1.4045461800621488e-06,3.1134011267053283e-06,2.370498722546077e-11,7.169622423490981e-11,1.33317198779764e-18,1.376565673621772e-18,5.644688875116124e-12,6.667291899388927e-12,3.541645068564642e-12,7.577012444244702e-12,1.0749838693249836e-15,2.0617760195518446e-15,1.3130235746363495e-08,2.6158926844165224e-08,2.0942360907188323e-19,6.33467789896997e-19,0.006312235109110195,0.013035386663630072,3.395608320881682e-31,1.0000000000000673e-30,4.309558110156109e-10,1.4009008956535167e-09,2.3736692573752325e-11,7.531969356101382e-11
1.708,1342.775847073272,5.149291454965649,0.17029462798484152,11.473405380748614,0.4948481193279309,0.07354100172274186,6.345565904282107e-06,4.715176787297558e-07,1.0997774541626088e-12,1.2970739584537127e-12,2.013426471744332e-13,4.749257286328726e-13,1.0390772263402461e-07,1.302694643831985e-07,0.19765674102633288,0.2624901350148243,1.517302219437382e-15,3.6917482510147784e-15,2.443283843356429e-13,6.126306486981788e-13,1.0390099186912168e-12,1.0743643274579173e-12,3.0263247226323506e-06,3.3541775476529675e-06,0.011624233490681377,0.013747286945313986,0.2561928662255643,0.5289897179949447,0.033336560318679084,0.10815071048775746,8.685779436538838e-08,1.8579899588498216e-07,2.7712898015365905e-06,6.134038721859768e-06,8.878542904579126e-07,2.0971447288652097e-06,1.4622840825065501e-05,3.024082497371153e-05,3.597731026375094e-09,7.70763746926591e-09,1.403894780522344e-06,3.111967672787831e-06,2.3681159294581033e-11,7.162439730815549e-11,1.332598031675589e-18,1.3759776682901542e-18,5.6421098252094326e-12,6.664268060769075e-12,3.5396914843854112e-12,7.572858432980252e-12,1.0742380565734957e-15,2.0603525172962372e-15,1.313019410062511e-08,2.615893194595483e-08,2.0927548780132482e-19,6.330218816152233e-19,0.006312213857247699,0.013035386663634067,3.3955968886383645e-31,1.0000000000000693e-30,4.3062595338655104e-10,1.3998333458599515e-09,2.372108308044868e-11,7.527041597386024e-11
1.709,1342.7272443101501,5.1494290211937015,0.17029007858926135,11.479277713466319,0.49485280062605075,0.07354194471695329,6.342405456233884e-06,4.712844211902603e-07,1.0985077865816715e-12,1.2955808731340658e-12,2.0110605693148839e-13,4.743692562118687e-13,1.0383847306545597e-07,1.3018308371602165e-07,0.19765308474676588,0.26248616207129105,1.515499407138085e-15,3.687374227261507e-15,2.441213081333235e-13,6.121134827079349e-13,1.0376649256202906e-12,1.0729771762626398e-12,3.0243459897251693e-06,3.3519957227487684e-06,0.011622532730015686,0.01374532177704833,0.2561923893640541,0.5289905121426244,0.03333775195393412,0.10815494007982059,8.682896316847815e-08,1.8573794713766973e-07,2.771335384175153e-06,6.134160242199607e-06,8.874617794471271e-07,2.096224652051902e-06,1.461127309057328e-05,3.0217003881005132e-05,3.5943988203330196e-09,7.70052457576078e-09,1.403244186054491e-06,3.110535980742181e-06,2.3657363005799546e-11,7.15526653001831e-11,1.3320242472009877e-18,1.3753898304606636e-18,5.63953255421674e-12,6.6612462750226424e-12,3.5377393399766642e-12,7.568707442242307e-12,1.0734929060668573e-15,2.058930266979272e-15,1.3130152508253361e-08,2.615893704428048e-08,2.0912749430503126e-19,6.325763541714105e-19,0.006312192631884837,0.013035386663638055,3.395585470650281e-31,1.0000000000000717e-30,4.302965862805085e-10,1.3987673775514437e-09,2.3705490356460285e-11,7.522119095073413e-11
1.71,1342.6786535303204,5.149566579092709,0.1702855297121718,11.485150203053017,0.49485747783427486,0.07354288680142096,6.3392471461796726e-06,4.710513189757765e-07,1.0972398377842506e-12,1.2940897994900077e-12,2.0086979539940694e-13,4.738135534286531e-13,1.037692838727271e-07,1.3009677761649534e-07,0.1976494312821052,0.2624821917390448,1.5136991168330123e-15,3.683006294959747e-15,2.439144523341715e-13,6.115968633201287e-13,1.0363220657193463e-12,1.0715922170169188e-12,3.0223693272560655e-06,3.3498161638815817e-06,0.01162083408800297,0.01374335904357987,0.256191911354177,0.5289913017071036,0.03333894384664537,0.10815917008220632,8.680014612707341e-08,1.8567692748197967e-07,2.771380931256972e-06,6.1342816589410435e-06,8.870696466258652e-07,2.095305453571689e-06,1.4599720710863615e-05,3.0193214256269797e-05,3.591071301844472e-09,7.693421644669356e-09,1.40259439469868e-06,3.109106046279879e-06,2.3633598298665043e-11,7.148102803047988e-11,1.33145063453199e-18,1.374802160314626e-18,5.636957055139744e-12,6.658226533985421e-12,3.535788633349374e-12,7.564559467907372e-12,1.0727484168416195e-15,2.0575092667969793e-15,1.3130110969169982e-08,2.615894213915604e-08,2.0897962816248144e-19,6.321312063071052e-19,0.0063121714329805925,0.013035386663641993,3.39557406689537e-31,1.0000000000000715e-30,4.2996770840591817e-10,1.3977029865679382e-09,2.3689914370710378e-11,7.517201839466222e-11
1.711,1342.6300747112573,5.149704128697145,0.17028098135236946,11.49102284949925,0.4948621509539541,0.0735438279768031,6.336090972316437e-06,4.7081837195988516e-07,1.0959736050724911e-12,1.2926007343870928e-12,2.0063386198419489e-13,4.732586188999239e-13,1.0370015498683907e-07,1.3001054600079696e-07,0.19764578063298927,0.2624782240207176,1.5119013440921985e-15,3.6786444434710765e-15,2.437078166792029e-13,6.110807899013554e-13,1.0349813348837667e-12,1.0702094455228892e-12,3.020394732129355e-06,3.347638867692342e-06,0.011619137561339511,0.013741398741140083,0.2561914322027046,0.5289920867057498,0.0333401359914144,0.10816340047805549,8.677134323949795e-08,1.8561593691659446e-07,2.7714264428724637e-06,6.134402972321548e-06,8.866778917646128e-07,2.0943871329164788e-06,1.4588183673202585e-05,3.0169456073983303e-05,3.58774846565983e-09,7.686328664984645e-09,1.4019454061480542e-06,3.107677868776627e-06,2.3609865117748937e-11,7.140948533371862e-11,1.330877193343649e-18,1.3742146575345329e-18,5.6343833330505575e-12,6.655208843750357e-12,3.5338393631164845e-12,7.560414507139675e-12,1.0720045881155987e-15,2.0560895152929837e-15,1.3130069483284425e-08,2.6158947230571208e-08,2.088318898300706e-19,6.316864394163698e-19,0.006312150260493939,0.01303538666364597,3.3955626773515573e-31,1.0000000000000745e-30,4.2963931932494416e-10,1.3966401715245141e-09,2.3674355098440627e-11,7.512289822871766e-11
1.712,1342.5815078383835,5.149841670016427,0.17027643350947944,11.49689565279557,0.49486681999638915,0.07354476824523301,6.332936931076623e-06,4.705855798850141e-07,1.094709085085555e-12,1.2911136739087495e-12,2.0039825608669904e-13,4.727044512301334e-13,1.0363108630669954e-07,1.2992438874485594e-07,0.19764213279005427,0.26247425890564435,1.5101060841689062e-15,3.674288661385726e-15,2.435014007395116e-13,6.105652613920733e-13,1.033642728408607e-12,1.0688288569617222e-12,3.018422200371998e-06,3.345463829849239e-06,0.011617443146802704,0.013739440866055502,0.25619095190640506,0.5289928671352492,0.03334132839286031,0.1081676312830027,8.67425544741324e-08,1.8555497537613206e-07,2.771471919043746e-06,6.134524182427119e-06,8.862865137999266e-07,2.0934696876082232e-06,1.4576661928341204e-05,3.0145729233104044e-05,3.5844302976902308e-09,7.679245606761587e-09,1.4012972176561742e-06,3.106251442200066e-06,2.3586163400259746e-11,7.133803702229247e-11,1.3303039239906003e-18,1.3736273225044977e-18,5.631811378605273e-12,6.652193193382065e-12,3.5318915269365262e-12,7.55627255506093e-12,1.0712614188208063e-15,2.0546710104625467e-15,1.3130028050521196e-08,2.6158952318544356e-08,2.086842785075501e-19,6.312420510920516e-19,0.006312129114384091,0.013035386663649909,3.3955513019969006e-31,1.0000000000000738e-30,4.293114173424313e-10,1.3955789269488776e-09,2.365881250557803e-11,7.507383034640906e-11
1.713,1342.5329528911616,5.149979203078885,0.17027188618250166,11.502768612932561,0.4948714849653621,0.07354570760772776,6.329785020486057e-06,4.703529426119862e-07,1.0934462750621286e-12,1.2896286148453735e-12,2.001629771216445e-13,4.721510490564258e-13,1.0356207775986509e-07,1.2983830576051586e-07,0.19763848775149254,0.262470296393199,1.5083133326696379e-15,3.669938938153052e-15,2.432952042351167e-13,6.100502771061318e-13,1.0323062421457328e-12,1.0674504470902176e-12,3.0164517288054378e-06,3.343291046900912e-06,0.011615750841111033,0.013737485414583053,0.2561904704695842,0.5289936430078603,0.03334252104804921,0.10817186248818084,8.671377982547163e-08,1.8549404285107242e-07,2.7715173598456138e-06,6.134645289460455e-06,8.858955123881274e-07,2.0925531168689667e-06,1.4565155458729288e-05,3.0122033698144034e-05,3.5811167915436784e-09,7.672172456544147e-09,1.4006498285886052e-06,3.104826765199412e-06,2.356249309018326e-11,7.126668292908738e-11,1.3297308262593938e-18,1.3730401550220529e-18,5.629241193162492e-12,6.649179584586641e-12,3.529945123335548e-12,7.552133608648727e-12,1.070518908150849e-15,2.053253750802607e-15,1.3129986670793951e-08,2.6158957403072638e-08,2.0853679445625784e-19,6.307980421381238e-19,0.006312107994610225,0.013035386663653857,3.395539940809437e-31,1.000000000000073e-30,4.289840018533831e-10,1.3945192509124495e-09,2.3643286566285248e-11,7.502481466737553e-11
1.714,1342.4844098506392,5.150116727907967,0.1702673393705978,11.508641729900834,0.49487614586649215,0.07354664606557558,6.326635237711266e-06,4.701204599377463e-07,1.0921851719387096e-12,1.2881455536307869e-12,1.9992802448826142e-13,4.715984109793301e-13,1.0349312925932855e-07,1.297522969413525e-07,0.19763484551363356,0.262466336480274,1.5065230849505086e-15,3.665595262612674e-15,2.4308922681382193e-13,6.095358361762507e-13,1.030971871667532e-12,1.0660742113760047e-12,3.0144833138439697e-06,3.3411205149444855e-06,0.011614060641023346,0.013735532383026858,0.25618998789467223,0.5289944143319544,0.033343713955925156,0.10817609409081219,8.66850192751093e-08,1.8543313930429033e-07,2.771562765337077e-06,6.13476629358915e-06,8.855048868444496e-07,2.0916374191149643e-06,1.4553664231563454e-05,3.0098369402067538e-05,3.577807937113004e-09,7.665109192916073e-09,1.4000032372970853e-06,3.1034038341763382e-06,2.3538854128208136e-11,7.119542287700837e-11,1.3291579001809113e-18,1.3724531551369614e-18,5.6266727757541725e-12,6.646168016321688e-12,3.528000150366863e-12,7.547997663868835e-12,1.0697770551575246e-15,2.051837734537968e-15,1.3129945344019083e-08,2.6158962484157962e-08,2.083894374760792e-19,6.303544119626897e-19,0.00631208690113165,0.013035386663657786,3.3955285937672915e-31,1.0000000000000735e-30,4.286570717309997e-10,1.3934611397902625e-09,2.362777725074426e-11,7.4975851098619e-11
1.715,1342.4358787017572,5.150254244514783,0.17026279307333747,11.514515003691011,0.4948808027103773,0.07354758362080345,6.3234875796954094e-06,4.6988813164262175e-07,1.090925772550755e-12,1.2866644865794844e-12,1.9969339760312263e-13,4.71046535640225e-13,1.0342424071284323e-07,1.296663621743651e-07,0.197631206067818,0.26246237915713216,1.504735336460382e-15,3.661257623829413e-15,2.428834680894933e-13,6.090219376500036e-13,1.0296396124698925e-12,1.0647001452074413e-12,3.012516951774645e-06,3.3389522299358337e-06,0.011612372543318162,0.013733581767713924,0.25618950417910513,0.5289951811055824,0.03334490712042682,0.10818032610432148,8.665627279869837e-08,1.8537226468594671e-07,2.771608135546646e-06,6.1348871949132085e-06,8.851146362972812e-07,2.090722592321024e-06,1.4542188206286894e-05,3.0074736261801177e-05,3.574503722453501e-09,7.658055790523514e-09,1.3993574416051983e-06,3.101982644361567e-06,2.3515246453927606e-11,7.112425668563964e-11,1.3285851459809949e-18,1.371866323100258e-18,5.6241061178026814e-12,6.643158478556158e-12,3.526056605974124e-12,7.543864716452054e-12,1.069035858861334e-15,2.0504229598332827e-15,1.3129904070120686e-08,2.615896756181716e-08,2.082422070074709e-19,6.299111588865798e-19,0.006312065833907796,0.013035386663661705,3.3955172608486287e-31,1.000000000000073e-30,4.283306255776214e-10,1.3924045890767085e-09,2.3612284527344785e-11,7.49269395414491e-11
1.716,1342.3873594234028,5.150391752929734,0.17025824728965272,11.520388434293752,0.49488545549984003,0.07354852027428323,6.3203420444027344e-06,4.6965595758280423e-07,1.0896680741364142e-12,1.285185410480777e-12,1.9945909587881072e-13,4.704954216710269e-13,1.0335541204754733e-07,1.2958050137085148e-07,0.19762756941318388,0.2624584244243921,1.502950082778758e-15,3.6569260111855546e-15,2.4267792778153895e-13,6.085085808395718e-13,1.0283094604155434e-12,1.063328244352072e-12,3.0105526394120488e-06,3.3367861884153776e-06,0.011610686544735403,0.013731633564925506,0.2561890193280962,0.5289959433428567,0.03334610053770456,0.10818455851686645,8.662754039028361e-08,1.8531141898554355e-07,2.771653470553662e-06,6.135007993645171e-06,8.847247603998886e-07,2.089808635701705e-06,1.4530727365106667e-05,3.005113424134736e-05,3.571204141119417e-09,7.65101223579294e-09,1.3987124408609131e-06,3.1005631943648363e-06,2.349167001153491e-11,7.105318418847228e-11,1.3280125634368984e-18,1.3712796586997624e-18,5.621541222113711e-12,6.640150974704721e-12,3.5241144886488535e-12,7.539734763301125e-12,1.0682953184476484e-15,2.0490094251693442e-15,1.3129862849011437e-08,2.6158972636044406e-08,2.0809510334074072e-19,6.294682838013039e-19,0.006312044792898066,0.013035386663665625,3.39550594203161e-31,1.000000000000072e-30,4.2800466278175985e-10,1.3913495968217306e-09,2.3596808370282985e-11,7.487807991559711e-11
1.717,1342.3388519964278,5.150529253177118,0.17025370201867748,11.526262021699742,0.4948901042400871,0.07354945602723903,6.317198629108756e-06,4.694239375632816e-07,1.0884120736875889e-12,1.2837083218333755e-12,1.992251187198942e-13,4.699450676846836e-13,1.0328664317861323e-07,1.2949471442709834e-07,0.19762393554646457,0.2624544722794716,1.501167319316987e-15,3.652600413653743e-15,2.424726055484867e-13,6.079957649044262e-13,1.0269814111432745e-12,1.0619585043456996e-12,3.0085903732407543e-06,3.3346223865575106e-06,0.011609002642050146,0.013729687770983892,0.25618853334444,0.5289967010528804,0.03334729420632858,0.1081887913244526,8.65988220330433e-08,1.8525060216932965e-07,2.7716987704195973e-06,6.1351286899578665e-06,8.843352585125096e-07,2.088895547779285e-06,1.451928167725367e-05,3.0027563277869567e-05,3.5679091835159304e-09,7.643978508403353e-09,1.3980682335465777e-06,3.099145480876845e-06,2.3468124742541302e-11,7.098220521087699e-11,1.327440152547985e-18,1.3706931619525812e-18,5.618978088305823e-12,6.63714550441714e-12,3.5221737965062212e-12,7.535607800513154e-12,1.0675554329893034e-15,2.047597128810953e-15,1.3129821680607654e-08,2.6158977706840407e-08,2.0794812631745813e-19,6.290257862409489e-19,0.006312023778062038,0.01303538666366954,3.395494637294493e-31,1.0000000000000715e-30,4.2767918228696123e-10,1.3902961596286496e-09,2.35813487504173e-11,7.482927213019718e-11
1.718,1342.2903564046424,5.150666745271882,0.17024915725985507,11.532135765899683,0.4948947489400692,0.07355039088145036,6.314057330867259e-06,4.691920713725457e-07,1.0871577681030461e-12,1.2822332170259915e-12,1.9899146554270058e-13,4.693954723218222e-13,1.0321793401642101e-07,1.2940900123337695e-07,0.197620304460637,0.26245052271479546,1.4993870415381869e-15,3.648280820332118e-15,2.4226750101926737e-13,6.074834889297779e-13,1.0256554602190936e-12,1.0605909206487012e-12,3.0066301496258736e-06,3.3324608204040098e-06,0.011607320832056312,0.013727744382233283,0.25618804622716884,0.5289974542369806,0.03334848812863157,0.10819302453529038,8.657011770493661e-08,1.8518981419238383e-07,2.7717440351824994e-06,6.135249283972186e-06,8.839461298357321e-07,2.0879833266988374e-06,1.4507851105263659e-05,3.0004023294682243e-05,3.5646188384564275e-09,7.636954584622638e-09,1.3974248176895002e-06,3.0977294995794188e-06,2.3444610587460272e-11,7.091131957519907e-11,1.3268679134725373e-18,1.370106833039879e-18,5.61641671030195e-12,6.634142060615232e-12,3.5202345275496114e-12,7.53148382394574e-12,1.0668162015268592e-15,2.0461860689608846e-15,1.3129780564831444e-08,2.6158982774217003e-08,2.0780127549926935e-19,6.285836648928181e-19,0.006312002789359391,0.013035386663673466,3.3954833466155804e-31,1.0000000000000701e-30,4.273541828036729e-10,1.3892442733428964e-09,2.3565905637038535e-11,7.478051608940403e-11
1.719,1342.2418726289357,5.1508042292383145,0.1702446130123201,11.538009666884307,0.49489938960496627,0.07355132483813621,6.310918147359384e-06,4.6896035884569306e-07,1.0859051545246093e-12,1.280760092733868e-12,1.9875813576621905e-13,4.688466342292963e-13,1.0314928448295536e-07,1.2932336169450178e-07,0.19761667615246264,0.26244657572781355,1.4976092450232036e-15,3.643967220604861e-15,2.4206261388428173e-13,6.069717521549323e-13,1.0243316034350196e-12,1.0592254889550118e-12,3.0046719652527466e-06,3.3303014863514083e-06,0.011605641111527506,0.013725803394993668,0.25618755797908277,0.5289982029042627,0.033349682303171084,0.10819725814534242,8.654142739463045e-08,1.8512905503268738e-07,2.7717892649056848e-06,6.1353697758649425e-06,8.835573738703072e-07,2.0870719713143788e-06,1.4496435624787412e-05,2.9980514242220923e-05,3.5613330979318685e-09,7.629940447525677e-09,1.396782192193256e-06,3.0963152480967e-06,2.342112748960142e-11,7.084052711223436e-11,1.3262958461235493e-18,1.3695206718895167e-18,5.613857087418111e-12,6.631140642590942e-12,3.518296680121804e-12,7.52736283018236e-12,1.0660776232036442e-15,2.0447762440189323e-15,1.3129739501599667e-08,2.6158987838175516e-08,2.0765455091896806e-19,6.281419198693661e-19,0.006311981826749824,0.013035386663677423,3.395472069973206e-31,1.0000000000000733e-30,4.2702966349428864e-10,1.3881939352789714e-09,2.355047900284102e-11,7.473181170816871e-11
1.72,1342.193400652624,5.150941705093084,0.1702400692754592,11.543883724644363,0.4949040262429659,0.07355225789896101,6.307781075577017e-06,4.687287997665796e-07,1.084654229844691e-12,1.2792889453379237e-12,1.9852512880410605e-13,4.682985520413189e-13,1.0308069448802023e-07,1.2923779570000773e-07,0.19761305061567358,0.26244263131194656,1.4958339252048934e-15,3.639659603495585e-15,2.418579437709882e-13,6.064605536613174e-13,1.0230098363580455e-12,1.057862204725707e-12,3.00271581647273e-06,3.328144380425832e-06,0.011603963477271873,0.013723864805625425,0.2561870685999437,0.5289989470575477,0.033350876731544375,0.10820149216043093,8.651275107956824e-08,1.8506832464420573e-07,2.7718344596309778e-06,6.135490165765256e-06,8.831689898103821e-07,2.086161479755584e-06,1.4485035197993155e-05,2.995703604303472e-05,3.558051950669513e-09,7.622936073194242e-09,1.3961403550591517e-06,3.094902722052545e-06,2.3397675389545785e-11,7.076982764451787e-11,1.3257239506535842e-18,1.3689346786766848e-18,5.611299214681439e-12,6.628141244569847e-12,3.5163602521909364e-12,7.52324481500456e-12,1.065339697051015e-15,2.043367652169988e-15,1.3129698490833602e-08,2.6158992898725505e-08,2.0750795216779548e-19,6.277005499473424e-19,0.006311960890193135,0.013035386663681347,3.3954608073457308e-31,1.0000000000000726e-30,4.2670562305816934e-10,1.3871451412460047e-09,2.353506881707273e-11,7.468315889050075e-11
1.721,1342.1449404565533,5.1510791728607614,0.170235526048398,11.549757939170629,0.4949086588591274,0.07355319006512406,6.304646113426339e-06,4.6849739398698837e-07,1.083404991292969e-12,1.2778197716167244e-12,1.9829244408394446e-13,4.677512244249016e-13,1.0301216395747815e-07,1.2915230315955722e-07,0.19760942784714858,0.26243868946479315,1.4940610777620863e-15,3.63535795862599e-15,2.4165349038806726e-13,6.059498927339856e-13,1.021690154873555e-12,1.0565010637509481e-12,3.000761700088276e-06,3.325989499153214e-06,0.011602287926067935,0.013721928610453682,0.256186578092645,0.5289996867061209,0.0333520714122101,0.10820572657619514,8.648408875148957e-08,1.850076230114832e-07,2.77187961942318e-06,6.135610453853085e-06,8.82780977237004e-07,2.0852518510659636e-06,1.44736498041922e-05,2.9933588655124583e-05,3.5547753895668567e-09,7.615941446643869e-09,1.3954993054305421e-06,3.0934919196023104e-06,2.3374254231713396e-11,7.069922100618949e-11,1.3251522269250752e-18,1.3683488532769623e-18,5.608743091463401e-12,6.625143865908892e-12,3.5144252422265044e-12,7.519129775266273e-12,1.0646024222520754e-15,2.0419602918899057e-15,1.3129657532450445e-08,2.6158997955868272e-08,2.0736147934779399e-19,6.272595554486085e-19,0.006311939979649192,0.013035386663685278,3.3954495587115745e-31,1.0000000000000735e-30,4.2638206078281975e-10,1.3860978889649598e-09,2.3519675053504536e-11,7.463455755475801e-11
1.722,1342.096492025098,5.151216632554807,0.17023098333062944,11.555632310453896,0.4949132874628398,0.07355412133846641,6.301513257564234e-06,4.6826614126584354e-07,1.0821574356502576e-12,1.2763525678192629e-12,1.980600810176017e-13,4.672046500099229e-13,1.0294369279543994e-07,1.2906688395553286e-07,0.1976058078394004,0.26243475017814677,1.4922906980612295e-15,3.6310622748571995e-15,2.4144925333379466e-13,6.054397683810962e-13,1.0203725544546823e-12,1.05514206139443e-12,2.998809612298125e-06,3.3238368383901072e-06,0.011600614454749913,0.013719994805868956,0.2561860864557116,0.5290004218502342,0.03335326634800056,0.10820996140246122,8.645544038245505e-08,1.849469500769595e-07,2.771924744314826e-06,6.135730640236824e-06,8.823933351995604e-07,2.0843430830330586e-06,1.4462279399186694e-05,2.9910171987868327e-05,3.5515034018183025e-09,7.608956540670641e-09,1.3948590408799891e-06,3.092082835419088e-06,2.335086395556494e-11,7.062870701638071e-11,1.3245806752021482e-18,1.3677631959806635e-18,5.6061887110547875e-12,6.622148498782107e-12,3.5124916480150915e-12,7.515017706359938e-12,1.0638657977851563e-15,2.0405541612616363e-15,1.312961662637357e-08,2.6159003009616822e-08,2.0721513186529232e-19,6.268189345904835e-19,0.006311919095077993,0.01303538666368919,3.395438324049213e-31,1.0000000000000726e-30,4.260589751494949e-10,1.3850521735356769e-09,2.3504297679821784e-11,7.45860075999818e-11
1.723,1342.0480553356688,5.15135408421084,0.17022644112091442,11.561506838485002,0.4949179120546479,0.07355505171951543,6.298382506469947e-06,4.680350414974816e-07,1.0809115603788882e-12,1.2748873309982276e-12,1.9782803903171386e-13,4.666588274610535e-13,1.0287528093880105e-07,1.2898153801141732e-07,0.19760219059383188,0.2624308134556099,1.490522781862656e-15,3.626772542008378e-15,2.412452323767725e-13,6.049301800378739e-13,1.0190570312052095e-12,1.0537851936718487e-12,2.99685955020874e-06,3.321686394999042e-06,0.011598943060084417,0.013718063388181772,0.25618559369652577,0.5290011525084348,0.033354461532871985,0.10821419662025959,8.642680597454499e-08,1.8488630584729206e-07,2.7719698344000066e-06,6.1358507251611945e-06,8.820060635757357e-07,2.0834351754009236e-06,1.4450923975127931e-05,2.9886786025817278e-05,3.548235983425954e-09,7.60198134694015e-09,1.3942195614110882e-06,3.090675469564912e-06,2.3327504508276526e-11,7.055828551755397e-11,1.32400929509395e-18,1.3671777064017661e-18,5.603636079507785e-12,6.6191551504374354e-12,3.5105594683342923e-12,7.510908605798109e-12,1.0631298229270507e-15,2.0391492589405284e-15,1.3129575772513607e-08,2.615900805995899e-08,2.0706891028036478e-19,6.263786890803026e-19,0.006311898236439479,0.013035386663693084,3.3954271033370983e-31,1.00000000000007e-30,4.257363658894052e-10,1.3840079941213068e-09,2.3488936673132855e-11,7.453750895511242e-11
1.724,1341.999630372915,5.151491527841648,0.1702218994187684,11.567381523254792,0.49492253264413383,0.07355598121013833,6.295253856598157e-06,4.6780409442575954e-07,1.079667362199626e-12,1.2734240573314768e-12,1.9759631753578364e-13,4.66113755402476e-13,1.0280692828848991e-07,1.2889626520558784e-07,0.19759857610275114,0.2624268792886944,1.4887573244828944e-15,3.622488748818258e-15,2.410414270997204e-13,6.044211266733743e-13,1.0177435805509192e-12,1.0524304558976056e-12,2.9949115099349876e-06,3.3195381647431665e-06,0.011597273738927839,0.013716134353808059,0.25618509981337956,0.5290018786804751,0.03335565696988521,0.10821843224015419,8.639818549682694e-08,1.8482569025850564e-07,2.772014889708534e-06,6.135970708728354e-06,8.816191613386388e-07,2.0825281257767155e-06,1.4439583484411566e-05,2.9863430671298623e-05,3.5449731207643875e-09,7.595015836490379e-09,1.3935808643666602e-06,3.0892698162032303e-06,2.3304175828777956e-11,7.048795632721972e-11,1.3234380869176322e-18,1.366592384885252e-18,5.6010851900405895e-12,6.616163812962601e-12,3.5086287008604203e-12,7.506802468736567e-12,1.0623944966244017e-15,2.0377455829485034e-15,1.3129534970794633e-08,2.6159013106908227e-08,2.0692281386936774e-19,6.259388167421441e-19,0.006311877403693912,0.013035386663697015,3.3954158965538566e-31,1.0000000000000707e-30,4.2541423136794266e-10,1.3829653454447666e-09,2.3473592000312684e-11,7.448906151660945e-11
1.725,1341.9512171197998,5.151628963465327,0.17021735822353165,11.573256364754133,0.4949271492388614,0.07355690981190352,6.292127305900335e-06,4.6757329990575637e-07,1.0784248383626081e-12,1.2719627436211272e-12,1.9736491597515505e-13,4.655694325428766e-13,1.0273863477061092e-07,1.2881106544798315e-07,0.19759496436051463,0.26242294767163615,1.4869943217371515e-15,3.618210885238622e-15,2.408378372073786e-13,6.039126075625949e-13,1.0164321984232116e-12,1.0510778439088205e-12,2.992965488307553e-06,3.317392144178925e-06,0.011595606488086444,0.013714207699104513,0.2561846048065978,0.5290026003703134,0.033356852660056495,0.10822266826607743,8.63695789400561e-08,1.8476510329301988e-07,2.7720599102898735e-06,6.136090591084068e-06,8.812326280277028e-07,2.0816219331053e-06,1.4428257904877467e-05,2.9840105879260365e-05,3.5417148064220153e-09,7.588059993671659e-09,1.3929429487797635e-06,3.087865873244291e-06,2.328087786196103e-11,7.041771928091632e-11,1.3228670506046032e-18,1.3660072313777872e-18,5.598536038106865e-12,6.613174481085818e-12,3.506699344098223e-12,7.502699292103428e-12,1.061659818074665e-15,2.0363431317884977e-15,1.3129494221138207e-08,2.6159018150473344e-08,2.067768426014823e-19,6.254993174958394e-19,0.006311856596801405,0.013035386663700925,3.3954047036780284e-31,1.0000000000000696e-30,4.250925708195123e-10,1.3819242250539152e-09,2.3458263635057674e-11,7.444066520257638e-11
1.726,1341.9028155543515,5.151766391115838,0.17021281753402034,11.579131362973936,0.49493176183986126,0.07355783752540666,6.289002851913742e-06,4.6734265776174775e-07,1.0771839860191544e-12,1.2705033865525846e-12,1.9713383375506625e-13,4.650258574962741e-13,1.0267040030677722e-07,1.2872593864290248e-07,0.19759135536800612,0.26241901860733297,1.4852337690787915e-15,3.613938940340327e-15,2.4063446239521414e-13,6.034046219572293e-13,1.0151228806433281e-12,1.0497273534285323e-12,2.991021482006082e-06,3.3152483296951133e-06,0.011593941304381215,0.013712283420444728,0.25618410868301006,0.5290033175953263,0.03335804859789241,0.10822690468083915,8.634098629293788e-08,1.8470454492886223e-07,2.772104896229669e-06,6.136210372454037e-06,8.80846463178668e-07,2.0807165963227127e-06,1.4416947213253615e-05,2.9816811602348225e-05,3.538461032645675e-09,7.581113802101692e-09,1.3923058136264779e-06,3.0864636384718478e-06,2.3257610551739258e-11,7.034757421121512e-11,1.3222961859894597e-18,1.3654222457260142e-18,5.595988629381215e-12,6.610187161608276e-12,3.5047713963045506e-12,7.498599072296018e-12,1.0609257863995683e-15,2.0349419038180595e-15,1.3129453523456009e-08,2.6159023190642817e-08,2.0663099668616143e-19,6.250601919880074e-19,0.006311835815722266,0.013035386663704834,3.3953935246882626e-31,1.000000000000069e-30,4.2477138345008035e-10,1.3808846304040308e-09,2.3442951550472034e-11,7.439231992923215e-11
1.727,1341.854425663687,5.151903810798317,0.17020827735000324,11.585006517905112,0.4949363704597585,0.07355876435296484,6.28588049122172e-06,4.6711216774709823e-07,1.0759448019320353e-12,1.2690459823528113e-12,1.9690307030629913e-13,4.644830289368809e-13,1.0260222479926452e-07,1.2864088467039177e-07,0.19758774911447655,0.26241509208322655,1.4834756620007394e-15,3.609672903290003e-15,2.4043130224646604e-13,6.02897168827502e-13,1.0138156227007375e-12,1.0483789798365265e-12,2.9890794872048017e-06,3.3131067171200777e-06,0.011592278184687093,0.013710361514265629,0.2561836114378208,0.5290040303488727,0.03335924478953537,0.10823114150499782,8.631240752443773e-08,1.8464401510182418e-07,2.7721498475398202e-06,6.136330052900582e-06,8.80460665741352e-07,2.0798121129808166e-06,1.4405651361382588e-05,2.9793547741737635e-05,3.53521178572936e-09,7.574177232643416e-09,1.3916694561983634e-06,3.0850631059352156e-06,2.3234373837677655e-11,7.027752093752643e-11,1.3217254934536368e-18,1.3648374283411954e-18,5.593442952314979e-12,6.6072018409861545e-12,3.502844855238254e-12,7.494501804645752e-12,1.0601924005738055e-15,2.033541897112576e-15,1.3129412877677332e-08,2.6159028227439578e-08,2.0648527525130834e-19,6.2462143759353285e-19,0.006311815060416957,0.013035386663708756,3.395382359563285e-31,1.0000000000000679e-30,4.2445066760241576e-10,1.3798465561440903e-09,2.3427655713585738e-11,7.434402559351453e-11
1.728,1341.8060474277781,5.152041222540576,0.17020373767050007,11.590881829538608,0.4949409751020978,0.07355969029554695,6.2827602220660865e-06,4.668818297384126e-07,1.07470728348859e-12,1.2675905279853222e-12,1.9667262506842482e-13,4.639409455596021e-13,1.0253410818050471e-07,1.2855590344830322e-07,0.19758414559830131,0.26241116809888126,1.4817199963194191e-15,3.6054127640411094e-15,2.4022835650262036e-13,6.023902475404241e-13,1.0125104206597558e-12,1.0470327191069094e-12,2.98713950090872e-06,3.3109673032029104e-06,0.011590617125815177,0.013708441976928722,0.2561831130753318,0.5290047386431065,0.03336044123201141,0.10823537872953684,8.628384263144222e-08,1.845835138074282e-07,2.7721947642944426e-06,6.1364496326238515e-06,8.80075235441885e-07,2.078908482465241e-06,1.4394370335029649e-05,2.977031426876053e-05,3.531967060172024e-09,7.567250273738266e-09,1.391033876060963e-06,3.083664274724608e-06,2.3211167666423674e-11,7.020755930067804e-11,1.3211549727527953e-18,1.364252778988417e-18,5.5908990082869795e-12,6.604218520945963e-12,3.50091971955705e-12,7.490407486407128e-12,1.0594596598423759e-15,2.032143110265852e-15,1.312937228371828e-08,2.615903326086072e-08,2.063396786291472e-19,6.241830553303605e-19,0.006311794330845809,0.01303538666371267,3.3953712082817654e-31,1.0000000000000677e-30,4.2413042278676386e-10,1.378810000718325e-09,2.3412376100170433e-11,7.429578212009931e-11
1.729,1341.757680829105,5.152178626362636,0.17019919849478804,11.596757297865391,0.4949455757734389,0.07356061535456751,6.279642041499014e-06,4.6665164352386313e-07,1.0734714276572225e-12,1.266137019919338e-12,1.96442497461217e-13,4.633996060125764e-13,1.024660503626148e-07,1.2847099486900884e-07,0.1975805448148083,0.26240724664980464,1.4799667675187566e-15,3.601158511737537e-15,2.4002562480408753e-13,6.018838572094968e-13,1.011207270197341e-12,1.0456885668130449e-12,2.985201519555968e-06,3.308830084064101e-06,0.011588958124629319,0.013706524804857272,0.2561826135967896,0.5290054424838547,0.03336163792540791,0.10823961635536816,8.625529159270999e-08,1.845230410024074e-07,2.772239646543339e-06,6.136569111769982e-06,8.796901715242651e-07,2.0780057030225953e-06,1.4383104098535882e-05,2.974711111043665e-05,3.5287268452697175e-09,7.560332902679579e-09,1.390399071348268e-06,3.0822671407565477e-06,2.318799198000723e-11,7.01376891275222e-11,1.3205846239926159e-18,1.3636682977941352e-18,5.588356794699652e-12,6.601237198516784e-12,3.498995987265385e-12,7.48631611343645e-12,1.0587275632544003e-15,2.0307455414958224e-15,1.3129331741499373e-08,2.6159038290911247e-08,2.0619420649801477e-19,6.237450442383732e-19,0.00631177362696939,0.013035386663716586,3.395360070822487e-31,1.0000000000000675e-30,4.2381064778015247e-10,1.3777749601871997e-09,2.3397112680413092e-11,7.424758941593397e-11
1.73,1341.7093258494174,5.152316022286887,0.17019465982206633,11.602632922876454,0.4949501724794379,0.07356153953130627,6.27652594727028e-06,4.6642160894344724e-07,1.0722372316544882e-12,1.264685454916631e-12,1.962126869219615e-13,4.628590089852001e-13,1.0239805126946265e-07,1.2838615883960774e-07,0.19757694676023763,0.2624033277327137,1.4782159713205324e-15,3.596910136101526e-15,2.3982310684802175e-13,6.013779970904696e-13,1.0099061672298936e-12,1.0443465187757548e-12,2.983265539920563e-06,3.3066950561962612e-06,0.011587301177974232,0.013704609994451663,0.25618211300434074,0.529006141878799,0.03336283486890763,0.108243854380468,8.622675439706422e-08,1.8446259666502173e-07,2.7722844943451075e-06,6.136688490504534e-06,8.793054734953322e-07,2.077103773520297e-06,1.4371852628047379e-05,2.9723938218198427e-05,3.525491133202052e-09,7.553425102938013e-09,1.3897650409789628e-06,3.0808717016869367e-06,2.3164846723289177e-11,7.006791025346739e-11,1.3200144471009467e-18,1.3630839847011438e-18,5.585816310029918e-12,6.598257871996724e-12,3.4970736567546045e-12,7.48222768241754e-12,1.0579961099763473e-15,2.0293491892454063e-15,1.3129291250940118e-08,2.615904331759396e-08,2.0604885883231457e-19,6.233074042530326e-19,0.006311752948748306,0.013035386663720502,3.3953489471642573e-31,1.000000000000067e-30,4.2349134176276487e-10,1.3767414319216877e-09,2.338186542769042e-11,7.419944739808408e-11
1.731,1341.6609824710254,5.152453410334016,0.1701901216515905,11.608508704562816,0.49495476522633647,0.073562462827129,6.273411936590469e-06,4.66191725797075e-07,1.071004692514578e-12,1.2632358295237322e-12,1.959831928761717e-13,4.623191531390429e-13,1.0233011081602575e-07,1.2830139525604507e-07,0.19757335143022875,0.26239941134352357,1.4764676032749775e-15,3.59266762643745e-15,2.396208022886273e-13,6.008726663313471e-13,1.008607107505651e-12,1.0430065706418067e-12,2.981331558527196e-06,3.3045622158154415e-06,0.01158564628272115,0.013702697542143285,0.2561816112995196,0.5290068368343491,0.03336403206230342,0.10824809280479056,8.619823102552803e-08,1.8440218075683924e-07,2.7723293077518716e-06,6.136807768978653e-06,8.789211406598787e-07,2.0762026923483937e-06,1.4360615890648817e-05,2.970079552473497e-05,3.5222599139447445e-09,7.546526853261592e-09,1.3891317832667507e-06,3.079477953830377e-06,2.3141731839163407e-11,6.99982225079653e-11,1.3194444421424989e-18,1.3624998397935262e-18,5.583277552086779e-12,6.595280538894664e-12,3.495152726118046e-12,7.478142189396284e-12,1.0572652990856362e-15,2.027954051786599e-15,1.3129250811960924e-08,2.615904834091305e-08,2.0590363539147698e-19,6.228701346594642e-19,0.006311732296143267,0.01303538666372443,3.3953378372859397e-31,1.0000000000000675e-30,4.231725036057169e-10,1.3757094122878836e-09,2.3366634313009488e-11,7.415135597609078e-11
1.732,1341.612650677182,5.152590790521784,0.17018558398271297,11.614384642915512,0.49495935402155333,0.07356338524357531,6.270300006764052e-06,4.659619938916143e-07,1.069773807301929e-12,1.2617881403226995e-12,1.9575401475861297e-13,4.617800371574439e-13,1.022622289185015e-07,1.2821670401578854e-07,0.19756975881924338,0.26239549747658114,1.4747216590150215e-15,3.58843097225047e-15,2.3941871078359106e-13,6.003678640888205e-13,1.0073100868099005e-12,1.0416687180961257e-12,2.979399571942716e-06,3.302431559184216e-06,0.011583993435745697,0.01370078744436836,0.2561811084826712,0.5290075273544517,0.03336522950657597,0.1082523316321423,8.616972145970035e-08,1.8434179324065444e-07,2.7723740868090327e-06,6.136926947328523e-06,8.785371723292753e-07,2.0753024579123762e-06,1.4349393853909802e-05,2.9677682963735683e-05,3.519033177611507e-09,7.539638132693202e-09,1.3884992965523975e-06,3.0780858935612976e-06,2.3118647270913058e-11,6.992862572163775e-11,1.3188746091969398e-18,1.361915863170772e-18,5.5807405168197026e-12,6.592305194522637e-12,3.493233193505599e-12,7.474059630539221e-12,1.0565351296778254e-15,2.0265601274260738e-15,1.312921042448431e-08,2.6159053360876524e-08,2.0575853589477046e-19,6.224332346212623e-19,0.00631171166911504,0.01303538666372832,3.395326741166442e-31,1.0000000000000677e-30,4.2285413219512056e-10,1.3746788977005025e-09,2.3351419307616806e-11,7.410331506025033e-11
1.733,1341.5643304485175,5.152728162876305,0.17018104681451038,11.62026073792561,0.4949639388691887,0.07356430678169223,6.267190156003641e-06,4.657324131014114e-07,1.0685445734140811e-12,1.2603423842883653e-12,1.9552515201681194e-13,4.612416597538007e-13,1.0219440550906105e-07,1.2813208503632944e-07,0.19756616892507897,0.2623915861306651,1.472978134408712e-15,3.584200163617499e-15,2.392168320715686e-13,5.998635897225874e-13,1.0060151012412752e-12,1.0403329571475368e-12,2.9774695771821192e-06,3.300303083061766e-06,0.011582342633893798,0.013698879697527939,0.25618060455746017,0.5290082134499114,0.033366427199376415,0.10825657085552802,8.614122569552459e-08,1.8428143410994754e-07,2.7724188315862376e-06,6.137046025744048e-06,8.781535682041995e-07,2.0744030695373204e-06,1.4338186502572004e-05,2.965460050440371e-05,3.515810918482368e-09,7.532758929201601e-09,1.3878675803260365e-06,3.0766955198020005e-06,2.309559296562205e-11,6.985911973659744e-11,1.318304948049605e-18,1.3613320546284259e-18,5.578205204801334e-12,6.589331839653736e-12,3.491315057564064e-12,7.469980003075912e-12,1.055805600998419e-15,2.025167414758045e-15,1.312917008842802e-08,2.6159058377483083e-08,2.0561356057158605e-19,6.219967048451547e-19,0.006311691067624403,0.013035386663732223,3.3953156587846497e-31,1.0000000000000679e-30,4.2253622700631526e-10,1.3736498864897177e-09,2.333622038727007e-11,7.405532457517172e-11
1.734,1341.5160217709831,5.15286552740699,0.17017651014661117,11.626136989584188,0.4949685197798473,0.0735652274434896,6.2640823803078845e-06,4.655029831362496e-07,1.0673169874626684e-12,1.2588985574683968e-12,1.952966040644112e-13,4.60704019561505e-13,1.0212664048175673e-07,1.280475381873534e-07,0.19756258173897037,0.2623876772958239,1.4712370247290485e-15,3.579975189166947e-15,2.390151657002877e-13,5.993598421135047e-13,1.0047221461703927e-12,1.0389992830518222e-12,2.9755415701956226e-06,3.2981767830267127e-06,0.011580693874103808,0.013696974298131494,0.2561800995209878,0.5290088951179523,0.03336762514493266,0.1082608104892849,8.611274369471717e-08,1.842211032849647e-07,2.7724635421028254e-06,6.137165004303445e-06,8.777703270682961e-07,2.0735045243818874e-06,1.4326993780793515e-05,2.9631548032002626e-05,3.512593120995835e-09,7.525889209668674e-09,1.3872366313594465e-06,3.0753068254483253e-06,2.307256886163189e-11,6.978970436850334e-11,1.317735459162254e-18,1.3607484146604397e-18,5.575671607646139e-12,6.586360464478572e-12,3.4893983157269817e-12,7.465903301639418e-12,1.0550767119290059e-15,2.0237759116784995e-15,1.312912980371948e-08,2.615906339074928e-08,2.0546870850669408e-19,6.215605425752487e-19,0.006311670491632432,0.013035386663736106,3.3953045901196384e-31,1.0000000000000694e-30,4.2221878612447825e-10,1.3726223724661633e-09,2.332103751715321e-11,7.400738441190158e-11
1.735,1341.4677246221413,5.153002884149812,0.1701719739777667,11.632013397882364,0.4949730967536663,0.0735661472294247,6.260976678737919e-06,4.652737039335023e-07,1.0660910471661517e-12,1.2574566572158853e-12,1.9506837035834944e-13,4.601671153160553e-13,1.0205893378405154e-07,1.2796306340551314e-07,0.19755899726269355,0.2623837709761167,1.4694983260447021e-15,3.5757560394630976e-15,2.388137114871775e-13,5.988566208187262e-13,1.0034312180000283e-12,1.0376676921320352e-12,2.9736155484268003e-06,3.2960526563129404e-06,0.011579047153200168,0.013695071242554199,0.2561795933808683,0.5290095723775292,0.03336882333693448,0.108265050513564,8.608427546705979e-08,1.8416080078878293e-07,2.772508218455887e-06,6.13728388325731e-06,8.773874490039563e-07,2.0726068226727058e-06,1.4315815690055474e-05,2.960852555035222e-05,3.5093797834896574e-09,7.519028970755647e-09,1.3866064502642369e-06,3.073919811908463e-06,2.3049574909759827e-11,6.972037947074767e-11,1.3171661420218975e-18,1.3601649427542421e-18,5.573139731602954e-12,6.583391076474951e-12,3.4874829671037796e-12,7.461829524448608e-12,1.0543484618553255e-15,2.022385617050447e-15,1.312908957027092e-08,2.61590684006625e-08,2.0532398045564262e-19,6.211247501098854e-19,0.0063116499410999765,0.013035386663740016,3.3952935351503376e-31,1.0000000000000733e-30,4.219018096004514e-10,1.3715963558307339e-09,2.330587067742976e-11,7.395949450902259e-11
1.736,1341.4194389870654,5.153140233117084,0.17016743830750988,11.637889962811272,0.4949776698000786,0.07356706614133221,6.257873047979943e-06,4.650445752540164e-07,1.0648667493866507e-12,1.2560166798736735e-12,1.9484045032952632e-13,4.596309456914496e-13,1.019912853217487e-07,1.2787866057521548e-07,0.19755541548866162,0.26237986716315254,1.4677620338621053e-15,3.571542703701556e-15,2.38612469037037e-13,5.983539248621402e-13,1.002142312346091e-12,1.036338179897323e-12,2.9716915081641024e-06,3.2939306988736235e-06,0.011577402468108953,0.013693170527290499,0.2561790861353535,0.5290102452282343,0.033370021778449575,0.10826929093893688,8.605582098430558e-08,1.8410052656311202e-07,2.7725528606748553e-06,6.137402662706126e-06,8.77004933059386e-07,2.071709962193237e-06,1.4304652186357929e-05,2.9585532969203275e-05,3.5061708932956167e-09,7.51217818554193e-09,1.3859770345996723e-06,3.0725344738237114e-06,2.302661105127676e-11,6.965114486783697e-11,1.3165969969084949e-18,1.3595816392159965e-18,5.570609569826515e-12,6.580423667652545e-12,3.485569009509158e-12,7.457758666951512e-12,1.053620849775255e-15,2.020996528992728e-15,1.3129049388008305e-08,2.6159073407236017e-08,2.0517937576222258e-19,6.206893254766658e-19,0.006311629415988184,0.013035386663743877,3.3952824938558417e-31,1.000000000000072e-30,4.215852959243713e-10,1.3705718317103417e-09,2.3290719836517303e-11,7.391165476783485e-11
1.737,1341.3711648491762,5.153277574326389,0.17016290313519977,11.643766684362065,0.49498223892642934,0.0735679841807367,6.254771485266938e-06,4.648155968992604e-07,1.0636440911892411e-12,1.2545786220238648e-12,1.946128434165234e-13,4.590955093797597e-13,1.0192369501032753e-07,1.277943295929942e-07,0.19755183641138988,0.2623759658513323,1.466028143829404e-15,3.567335171422383e-15,2.384114380038566e-13,5.978517533909536e-13,1.0008554250168799e-12,1.0350107420556482e-12,2.969769445968028e-06,3.29181090696333e-06,0.011575759815740437,0.013691272148816021,0.2561785777847835,0.5290109136739722,0.033371220470450165,0.10827353176917649,8.602738022687949e-08,1.840402805682106e-07,2.772597468804172e-06,6.137521342783619e-06,8.76622778519153e-07,2.0708139412852225e-06,1.4293503236126066e-05,2.956257021986596e-05,3.5029664402763137e-09,7.505336832528649e-09,1.3853483826222044e-06,3.0711508073808073e-06,2.3003677229789014e-11,6.958200039133591e-11,1.316028023922177e-18,1.358998504166152e-18,5.568081118302668e-12,6.577458233365137e-12,3.483656441056771e-12,7.453690725235593e-12,1.0528938747771866e-15,2.0196086457977205e-15,1.312900925685503e-08,2.6159078410477997e-08,2.0503489414468758e-19,6.202542678359392e-19,0.006311608916258283,0.013035386663747792,3.3952714662152955e-31,1.0000000000000738e-30,4.21269243944226e-10,1.3695487963951528e-09,2.3275584965581858e-11,7.386386509835699e-11
1.738,1341.3229021902816,5.153414907800479,0.1701583684600248,11.64964356252592,0.49498680413800267,0.07356890134885631,6.251671988514103e-06,4.64586768721388e-07,1.0624230698872732e-12,1.2531424805412771e-12,1.9438554906975896e-13,4.58560805100932e-13,1.0185616277713673e-07,1.277100703702598e-07,0.19754826002746292,0.26237206703780463,1.4642966517875424e-15,3.5631334326343925e-15,2.382106181009204e-13,5.973501057010232e-13,9.995705520564109e-13,1.0336853745585937e-12,2.9678493587340026e-06,3.2896932772077163e-06,0.011574119192984312,0.013689376103581867,0.256178068331556,0.5290115777228963,0.03337241941184489,0.10827777300136045,8.599895318572651e-08,1.8398006278684014e-07,2.772642042903996e-06,6.137639923658292e-06,8.76240984950564e-07,2.0699187589582407e-06,1.4282368818296592e-05,2.953963725952526e-05,3.4997664173336126e-09,7.498504896728076e-09,1.3847204934253213e-06,3.069768810621972e-06,2.29807733917515e-11,6.951294588141944e-11,1.3154592229553765e-18,1.3584155375106578e-18,5.565554375844153e-12,6.574494772305675e-12,3.48174526023505e-12,7.449625696189954e-12,1.0521675360628908e-15,2.0182219659751874e-15,1.312896917673139e-08,2.6159083410390384e-08,2.048905356535339e-19,6.198195773530986e-19,0.006311588441871429,0.013035386663751683,3.3952604522078046e-31,1.0000000000000731e-30,4.209536529367943e-10,1.3685272475692268e-09,2.3260466039107487e-11,7.38161254211335e-11
1.739,1341.2746509914546,5.15355223356457,0.17015383428109224,11.655520597294046,0.4949913654390194,0.07356981764674972,6.2485745552584364e-06,4.643580905444269e-07,1.0612036826764801e-12,1.2517082521618488e-12,1.9415856672525266e-13,4.580268315408891e-13,1.0178868854380162e-07,1.2762588281123914e-07,0.19754468633452146,0.2623681707211152,1.462567553411948e-15,3.558937476943196e-15,2.380100090165082e-13,5.968489810254578e-13,9.98287689397461e-13,1.0323620732425514e-12,2.9659312431923364e-06,3.287577806049203e-06,0.011572480596749491,0.013687482388061447,0.25617755777910667,0.5290122373852923,0.033373618600501156,0.10828201462918591,8.597053984713403e-08,1.839198731917919e-07,2.7726865830383696e-06,6.137758405507137e-06,8.758595518109251e-07,2.0690244139619215e-06,1.4271248906683683e-05,2.9516734034768982e-05,3.4965708161108627e-09,7.491682360455276e-09,1.3840933657632203e-06,3.068388480837095e-06,2.2957899482378284e-11,6.944398117450181e-11,1.3148905939541942e-18,1.3578327392108374e-18,5.563029343099997e-12,6.571533285336022e-12,3.479835465319934e-12,7.445563576248684e-12,1.0514418327704235e-15,2.016836487912555e-15,1.312892914755632e-08,2.615908840697187e-08,2.0474630025715915e-19,6.193852539451479e-19,0.006311567992788941,0.013035386663755545,3.395249451812572e-31,1.0000000000000731e-30,4.206385220061932e-10,1.3675071823551762e-09,2.3245363030184828e-11,7.376843565228206e-11
1.74,1341.2264112358462,5.153689551637318,0.17014930059772615,11.661397788657673,0.49499592283629695,0.0735707330758606,6.245479182858479e-06,4.6412956217912514e-07,1.0599859266819372e-12,1.2502759335380362e-12,1.9393189582665055e-13,4.574935874034912e-13,1.0172127222826806e-07,1.2754176681553882e-07,0.19754111532759633,0.26236427689633957,1.460840844406232e-15,3.554747294022563e-15,2.378096104167741e-13,5.963483785418391e-13,9.97006832917519e-13,1.031040833886587e-12,2.964015095980763e-06,3.285464489827401e-06,0.011570844023960922,0.013685590998746808,0.25617704612825654,0.5290128926660402,0.03337481803690211,0.10828625665483542,8.594214019341448e-08,1.8385971174734833e-07,2.772731089254941e-06,6.137876788470776e-06,8.754784784378392e-07,2.068130904763036e-06,1.4260143470075825e-05,2.949386048178807e-05,3.493379627059002e-09,7.484869203469747e-09,1.3834669980465647e-06,3.067009814554333e-06,2.293505544614109e-11,6.93751061047449e-11,1.3143221369807075e-18,1.3572501093477418e-18,5.560506016879497e-12,6.568573768782004e-12,3.4779270544957975e-12,7.44150436164964e-12,1.0507167640117153e-15,2.015452209947026e-15,1.3128889169252639e-08,2.6159093400228556e-08,2.0460218769083596e-19,6.189512968238253e-19,0.006311547568972256,0.013035386663759451,3.3952384650088374e-31,1.0000000000000745e-30,4.203238500819754e-10,1.3664885973079821e-09,2.3230275910732847e-11,7.372079570419759e-11
1.741,1341.1781829072188,5.153826862035515,0.17014476740931228,11.667275136608048,0.4950004763373973,0.07357164763774215,6.24238586862312e-06,4.6390118343252183e-07,1.0587697990125974e-12,1.2488455213031349e-12,1.9370553582065378e-13,4.569610713997504e-13,1.0165391374751456e-07,1.2745772228154555e-07,0.19753754700097154,0.26236038555755736,1.4591165204887247e-15,3.5505628735816464e-15,2.3760942196194893e-13,5.958482974128506e-13,9.95727978485334e-13,1.029721652260576e-12,2.9621009137149752e-06,3.2833533248572836e-06,0.011569209471552173,0.013683701932139825,0.2561765333790661,0.5290135435684411,0.03337601772228842,0.10829049908294786,8.591375420573072e-08,1.8379957841532698e-07,2.7727755615965116e-06,6.1379950726790115e-06,8.750977641350094e-07,2.067238229748179e-06,1.4249052475852584e-05,2.9471016533856864e-05,3.49019284029913e-09,7.478065404823502e-09,1.3828413885883407e-06,3.0656328080851348e-06,2.2912241227384906e-11,6.930632050592013e-11,1.3137538521303992e-18,1.3566676480368788e-18,5.557984392793703e-12,6.565616217553693e-12,3.4760200259224457e-12,7.437448048577777e-12,1.0499923288921098e-15,2.0140691304030517e-15,1.3128849241744644e-08,2.6159098390169052e-08,2.044581976572544e-19,6.185177051022617e-19,0.006311527170382837,0.01303538666376331,3.3952274917758818e-31,1.0000000000000738e-30,4.200096360448769e-10,1.3654714888237941e-09,2.321520465237229e-11,7.367320548832397e-11
1.742,1341.1299659877236,5.153964164781136,0.17014023471506542,11.673152641136443,0.49500502594779083,0.07357256133363656,6.239294610296598e-06,4.6367295414399533e-07,1.0575552969415254e-12,1.2474170122838858e-12,1.93479486158496e-13,4.564292822513227e-13,1.015866130263694e-07,1.2737374911748273e-07,0.1975339813510252,0.2623564967016279,1.4573945774781355e-15,3.5463842055734714e-15,2.37409443352717e-13,5.953487369025821e-13,9.944511221246706e-13,1.028404524294561e-12,2.9601886932302604e-06,3.281244307697076e-06,0.011567576936445091,0.013681815184728309,0.25617601953368035,0.5290141901000985,0.03337721765581285,0.10829474191138742,8.588538187238084e-08,1.837394731728069e-07,2.7728200001202847e-06,6.13811325829351e-06,8.747174084030798e-07,2.0663463877691083e-06,1.4237975900011715e-05,2.944820214207232e-05,3.487010448039024e-09,7.471270948038782e-09,1.3822165362801434e-06,3.064257459023542e-06,2.2889456772363554e-11,6.923762421756664e-11,1.313185739344359e-18,1.3560853552342981e-18,5.555464469400983e-12,6.562660630042615e-12,3.4741143779967814e-12,7.433394633725104e-12,1.0492685265887294e-15,2.0126872477426758e-15,1.312880936495372e-08,2.615910337679608e-08,2.0431433013346055e-19,6.180844787235276e-19,0.006311506796982222,0.01303538666376714,3.395216532093014e-31,1.0000000000000723e-30,4.1969587907196364e-10,1.364455854262035e-09,2.3200149228986606e-11,7.362566492328193e-11
1.743,1341.0817604614995,5.154101459889897,0.17013570251440704,11.67903030223415,0.49500957167538595,0.07357347416514703,6.236205404982023e-06,4.634448741052594e-07,1.0563424175157022e-12,1.2459904030402123e-12,1.9325374628489678e-13,4.55898218664442e-13,1.0151936997851162e-07,1.272898472175872e-07,0.1975304183716838,0.2623526103221497,1.4556750110454783e-15,3.542211279591233e-15,2.3720967423304723e-13,5.948496961328541e-13,9.931762596547977e-13,1.0270894457069547e-12,2.9582784310546107e-06,3.279137434564169e-06,0.011565946415593087,0.013679930753037015,0.25617550459178035,0.5290148322635189,0.033378417839090235,0.10829898514600483,8.585702317140548e-08,1.8367939597491694e-07,2.7728644048655565e-06,6.138231345436197e-06,8.743374104647017e-07,2.0654553770207834e-06,1.4226913706351781e-05,2.9425417232297493e-05,3.4838324395410703e-09,7.464485810326275e-09,1.3815924391917221e-06,3.0628837631414714e-06,2.2866702024850567e-11,6.916901707171392e-11,1.312617798776116e-18,1.355503231115387e-18,5.552946241832546e-12,6.5597070005915254e-12,3.4722101087666034e-12,7.429344113036326e-12,1.0485453561747426e-15,2.0113065602284208e-15,1.3128769538804994e-08,2.6159108360119337e-08,2.0417058472224221e-19,6.176516164984654e-19,0.006311486448732096,0.01303538666377103,3.3952055859396113e-31,1.0000000000000735e-30,4.1938257792190214e-10,1.3634416896217635e-09,2.3185109611338834e-11,7.357817391778489e-11
1.744,1341.033566308222,5.154238747391796,0.17013117080628742,11.684908119892494,0.49501411352239466,0.07357438613303009,6.233118250894275e-06,4.6321694319063616e-07,1.0551311581952144e-12,1.2445656906191852e-12,1.9302831565269962e-13,4.55367879364459e-13,1.0145218453765781e-07,1.272060165012144e-07,0.19752685806259157,0.26234872642031437,1.453957817093249e-15,3.5380440857910297e-15,2.370101143509517e-13,5.94351174486359e-13,9.919033872772566e-13,1.0257764126113572e-12,2.9563701242712037e-06,3.2770327022912014e-06,0.011564317905910284,0.013678048633544049,0.25617498855874776,0.5290154700729797,0.03337961826802704,0.10830322877412937,8.582867809934694e-08,1.836193468163648e-07,2.7729087759108975e-06,6.13834933431593e-06,8.739577700546249e-07,2.0645651969078335e-06,1.4215865881004731e-05,2.940266177658527e-05,3.4806588094604182e-09,7.45770998045058e-09,1.3809690968968138e-06,3.0615117195449366e-06,2.284397693333691e-11,6.910049891465499e-11,1.3120500301722218e-18,1.3549212754352368e-18,5.550429713418027e-12,6.556755333227823e-12,3.4703072168830346e-12,7.425296483746823e-12,1.04782281690463e-15,2.009927066470512e-15,1.3128729763215251e-08,2.6159113340131863e-08,2.0402696174201058e-19,6.172191194027742e-19,0.006311466125594075,0.013035386663774899,3.395194653295033e-31,1.0000000000000728e-30,4.1906973212137925e-10,1.362428993398819e-09,2.3170085775967935e-11,7.353073239887257e-11
1.745,1340.9853835112335,5.154376027305251,0.17012663959003924,11.690786094102823,0.49501865149557467,0.073575297238716,6.230033145250482e-06,4.6298916120027725e-07,1.0539215160816152e-12,1.2431428716448197e-12,1.928031937073513e-13,4.548382630592166e-13,1.0138505661988859e-07,1.2712225686559898e-07,0.19752330041881772,0.2623448449912306,1.4522429913146144e-15,3.533882613819125e-15,2.3681076336347893e-13,5.938531711176319e-13,9.906325008688882e-13,1.0244654207854233e-12,2.9544637694781412e-06,3.2749301071728932e-06,0.011562691404358392,0.013676168822783318,0.25617447143538247,0.5290161035332837,0.033380818943114406,0.10830747279796307,8.580034663636766e-08,1.835593256568087e-07,2.7729531133025187e-06,6.1384672250697885e-06,8.735784864587837e-07,2.063675845774539e-06,1.4204832390486394e-05,2.937993570641406e-05,3.477489547720942e-09,7.450943437038253e-09,1.3803465076467384e-06,3.0601413244080786e-06,2.2821281442340983e-11,6.903206958065878e-11,1.3114824336311699e-18,1.3543394883123279e-18,5.54791488108016e-12,6.553805624410145e-12,3.468405700455725e-12,7.421251741933012e-12,1.047100907871449e-15,2.0085487647694034e-15,1.3128690038108052e-08,2.6159118316839507e-08,2.0388346086162286e-19,6.16786986447104e-19,0.0063114458275299705,0.013035386663778738,3.395183734138735e-31,1.0000000000000698e-30,4.187573405234016e-10,1.3614177618987331e-09,2.315507769440525e-11,7.348334027768773e-11
1.746,1340.9372120560206,5.154513299641927,0.1701221088652181,11.696664224856493,0.49502318560441416,0.07357620748403995,6.226950085196748e-06,4.627615279290372e-07,1.052713488241801e-12,1.2417219427001117e-12,1.9257837990542488e-13,4.5430936848275296e-13,1.013179861393097e-07,1.2703856820549236e-07,0.19751974543269424,0.2623409660263675,1.450530529473721e-15,3.529726853494083e-15,2.3661162091343577e-13,5.933556851454492e-13,9.893635962858876e-13,1.0231564659853056e-12,2.9525593632300385e-06,3.2728296454555645e-06,0.0115610669079104,0.01367429131730172,0.2561739532197396,0.529016732643558,0.03338201986758871,0.10831171722861363,8.577202876006976e-08,1.8349933245042394e-07,2.772997417069974e-06,6.138585017797892e-06,8.731995588786676e-07,2.0627873217656005e-06,1.4193813197912926e-05,2.9357238946228103e-05,3.474324643453901e-09,7.444186157016794e-09,1.3797246694563643e-06,3.05877257338067e-06,2.2798615496030054e-11,6.896372890292517e-11,1.3109150093467238e-18,1.353757869963487e-18,5.545401737506326e-12,6.5508578655935826e-12,3.466505557562977e-12,7.41720988360391e-12,1.0463796281601676e-15,2.007171653409917e-15,1.3128650363411537e-08,2.61591232902569e-08,2.037400816042604e-19,6.163552162013652e-19,0.006311425554501714,0.0130353866637826,3.3951728284502424e-31,1.0000000000000693e-30,4.1844540186166403e-10,1.3604079910390158e-09,2.3140085337449873e-11,7.343599746304478e-11
1.747,1340.889051922039,5.154650564432713,0.17011757863074545,11.702542512144902,0.4950277158506373,0.07357711686968366,6.223869068801339e-06,4.62534043240294e-07,1.0515070721028348e-12,1.2403029007927762e-12,1.9235387369707893e-13,4.5378119435393024e-13,1.0125097302765095e-07,1.2695495043774003e-07,0.19751619310434015,0.26233708952753804,1.448820427429242e-15,3.5255767948641493e-15,2.3641268674007157e-13,5.928587159304078e-13,9.880966697098024e-13,1.0218495443034972e-12,2.9506569025597902e-06,3.270731313915569e-06,0.011559444413504009,0.013672416113604363,0.25617343391763775,0.5290173574189656,0.03338322103690898,0.10831596205195526,8.57437244651096e-08,1.8343936718787012e-07,2.773041687293317e-06,6.138702712712204e-06,8.728209870059858e-07,2.0618996241837346e-06,1.4182808287434824e-05,2.933457146397538e-05,3.4711640908406575e-09,7.437438128133607e-09,1.3791035817646425e-06,3.0574054652694983e-06,2.2775979042715697e-11,6.889547672718482e-11,1.3103477570881753e-18,1.35317642016719e-18,5.542890286751816e-12,6.5479120616621594e-12,3.4646067867753998e-12,7.413170905821747e-12,1.0456589770030836e-15,2.005795730959416e-15,1.3128610739042322e-08,2.615912826037586e-08,2.0359682428306222e-19,6.159238096252254e-19,0.00631140530647117,0.01303538666378648,3.3951619362090336e-31,1.0000000000000698e-30,4.1813391559644194e-10,1.3593996790992689e-09,2.3125108681216388e-11,7.338870388062413e-11
1.748,1340.8409030964149,5.154787821684215,0.1701130488863442,11.70842095595945,0.4950322422456963,0.07357802539777196,6.2207900928732874e-06,4.62306706903815e-07,1.0503022646164096e-12,1.2388857423696389e-12,1.9212967454024477e-13,4.532537394098834e-13,1.0118401719306529e-07,1.2687140344961547e-07,0.1975126434241059,0.26233321548357075,1.4471126809026498e-15,3.521432427643199e-15,2.362139604546037e-13,5.923622625119784e-13,9.868317169012858e-13,1.0205446513970471e-12,2.9487563838642814e-06,3.2686351086239882e-06,0.011557823918138862,0.013670543208268953,0.25617291352513305,0.5290179778544891,0.03338442245630979,0.10832020728557594,8.5715433723237e-08,1.8337942981079133e-07,2.77308592398834e-06,6.1388203098821995e-06,8.724427698802494e-07,2.061012750790808e-06,1.417181761516892e-05,2.9311933169618314e-05,3.4680078773391105e-09,7.4306993237292895e-09,1.378483242110043e-06,3.0560399946678593e-06,2.2753372025385236e-11,6.882731288305444e-11,1.3097806771826431e-18,1.3525951392778998e-18,5.540380518685063e-12,6.544968200740353e-12,3.4627093859908933e-12,7.409134804208874e-12,1.0449389534327278e-15,2.0044209956019097e-15,1.3128571164931648e-08,2.6159133227216352e-08,2.0345368814698253e-19,6.154927644589247e-19,0.00631138508340042,0.013035386663790338,3.395151057394723e-31,1.00000000000007e-30,4.1782288022085993e-10,1.358392821214635e-09,2.3110147694809832e-11,7.334145943385483e-11
1.749,1340.792765556328,5.154925071434691,0.1701085196306928,11.714299556291586,0.49503676478836744,0.07357893306854749,6.217713156121122e-06,4.62079518830531e-07,1.0490990634509923e-12,1.2374704647229054e-12,1.919057818928676e-13,4.5272700238774536e-13,1.0111711857880048e-07,1.2678792717239448e-07,0.19750909639506892,0.2623293439002038,1.445407285907966e-15,3.5172937422567245e-15,2.360154418553099e-13,5.918663243987093e-13,9.855687342723329e-13,1.0192417835964893e-12,2.9468578045009746e-06,3.266541026716613e-06,0.011556205418739073,0.013668672597784039,0.25617239205097486,0.5290185939713364,0.0333856241183097,0.10832445290580749,8.568715653952951e-08,1.8331952033213465e-07,2.773130127255512e-06,6.138937809564959e-06,8.72064907480392e-07,2.060126701567917e-06,1.4160841177827912e-05,2.9289324057083376e-05,3.4648560001708657e-09,7.423969738064092e-09,1.3778636507767335e-06,3.0546761622560965e-06,2.2730794395189982e-11,6.875923722484211e-11,1.3092137691761697e-18,1.3520140268434886e-18,5.537872441541358e-12,6.542026292649755e-12,3.460813354129445e-12,7.405101576574558e-12,1.0442195567873483e-15,2.003047446107804e-15,1.3128531640992093e-08,2.615913819076177e-08,2.0331067390472493e-19,6.150620828587524e-19,0.006311364885251453,0.01303538666379423,3.3951401919868504e-31,1.0000000000000723e-30,4.175122956269501e-10,1.3573874170682017e-09,2.3095202357664007e-11,7.329426405894327e-11
1.75,1340.7446392888992,5.155062313690924,0.1701039908635086,11.720178313132761,0.49504128348990556,0.07357983988410374,6.21463825501243e-06,4.6185247876479855e-07,1.0478974654540162e-12,1.2360570641761452e-12,1.9168219520469372e-13,4.5220098200523695e-13,1.0105027708769903e-07,1.267045214866785e-07,0.1975055520077601,0.2623254747664974,1.443704238052905e-15,3.513160728140954e-15,2.358171305286978e-13,5.913709005680199e-13,9.843077174920513e-13,1.0179409364639067e-12,2.944961160719352e-06,3.264449064100746e-06,0.01155458891232928,0.013666804278756205,0.2561718694913756,0.5290192057647981,0.03338682602798229,0.10832869892971275,8.56588928810336e-08,1.8325963868347152e-07,2.773174297109553e-06,6.139055211827424e-06,8.716873987287027e-07,2.059241473999832e-06,1.4149878926239782e-05,2.926674402538907e-05,3.4617084455135746e-09,7.417249341734028e-09,1.3772448049467546e-06,3.053313961837e-06,2.270824609407705e-11,6.869124957900443e-11,1.308647033468558e-18,1.351433083293407e-18,5.53536604568807e-12,6.539086326103735e-12,3.458918688899989e-12,7.401071218136185e-12,1.043500786044054e-15,2.0016750805545754e-15,1.312849216715479e-08,2.615914315103112e-08,2.0316778067344585e-19,6.146317621661576e-19,0.00631134471198652,0.013035386663798082,3.3951293399651167e-31,1.0000000000000728e-30,4.172021601284098e-10,1.356383461211532e-09,2.3080272637542188e-11,7.324711765505146e-11
1.7510000000000001,1340.6965242775418,5.155199548471487,0.1700994625841201,11.72605722647445,0.4950457983568975,0.07358074584584125,6.21156538717626e-06,4.6162558653728323e-07,1.0466974678953178e-12,1.2346455375510661e-12,1.9145891393937096e-13,4.5167567701283323e-13,1.0098349264306853e-07,1.2662118629872575e-07,0.19750201025740857,0.26232160807775423,1.4420035332263673e-15,3.5090333754160333e-15,2.356190261654329e-13,5.908759902585016e-13,9.830486626234054e-13,1.016642105968573e-12,2.9430664493403886e-06,3.262359217317062e-06,0.011552974395892843,0.013664938247743213,0.2561713458472273,0.529019813239834,0.033388028185709656,0.10833294535913347,8.563064273342929e-08,1.8319978483623718e-07,2.7732184335987496e-06,6.139172516810908e-06,8.713102430552576e-07,2.058357066770851e-06,1.4138930833499116e-05,2.9244193019606666e-05,3.458565204928477e-09,7.410538116869648e-09,1.3766267033011986e-06,3.0519533905366062e-06,2.2685727068804473e-11,6.862334978654562e-11,1.3080804700708138e-18,1.3508523086555967e-18,5.532861327902237e-12,6.536148297387421e-12,3.457025388645253e-12,7.397043725467126e-12,1.0427826403704762e-15,2.000303897385102e-15,1.3128452743344356e-08,2.615914810803067e-08,2.0302500833751227e-19,6.142018020435485e-19,0.006311324563567863,0.013035386663801931,3.3951185013092086e-31,1.0000000000000735e-30,4.168924728031319e-10,1.3553809506805906e-09,2.3065358508007613e-11,7.320002013974532e-11
1.752,1340.6484205024963,5.155336775805122,0.17009493479152027,11.731936296308163,0.4950503093918612,0.07358165095455577,6.208494550905114e-06,4.6139884202794523e-07,1.0454990682954008e-12,1.2332358819649356e-12,1.9123593756289956e-13,4.511510861665132e-13,1.0091676518041272e-07,1.265379215300821e-07,0.19749847114332506,0.26231774383469786,1.4403051674366215e-15,3.5049116744922225e-15,2.3542112852046783e-13,5.903815928699292e-13,9.817915659609276e-13,1.0153452883191126e-12,2.9411736675218957e-06,3.2602714832794725e-06,0.011551361866391288,0.013663074501276849,0.25617082112348644,0.5290204164097975,0.033389230587800994,0.10833719218269637,8.560240609380867e-08,1.831399587862796e-07,2.7732625367986803e-06,6.1392897247171525e-06,8.70933440210446e-07,2.0574734793219164e-06,1.4127996886570324e-05,2.922167101349321e-05,3.455426273316347e-09,7.403836052756405e-09,1.37600934545892e-06,3.0505944475598514e-06,2.2663237269023275e-11,6.855553769721533e-11,1.3075140787321801e-18,1.3502717026876595e-18,5.53035829089036e-12,6.5332122097904534e-12,3.45513345206646e-12,7.39301909590762e-12,1.0420651190419551e-15,1.998933895248792e-15,1.3128413369479497e-08,2.6159153061754918e-08,2.0288235720283412e-19,6.137722034285871e-19,0.006311304439957703,0.013035386663805769,3.3951076759988e-31,1.0000000000000726e-30,4.1658323320668423e-10,1.3543798840642435e-09,2.3050459946192225e-11,7.315297144191299e-11
1.7530000000000001,1340.6003279469364,5.155473995711372,0.17009040748500584,11.737815522625427,0.49505481660086564,0.07358255521156828,6.2054257433787396e-06,4.611722450340208e-07,1.0443022637848795e-12,1.2318280940749603e-12,1.9101326552630118e-13,4.506272081868578e-13,1.0085009461606995e-07,1.2645472707825305e-07,0.19749493466123755,0.2623138820332836,1.4386091364091216e-15,3.5007956150910866e-15,2.352234372525255e-13,5.89887707560702e-13,9.805364234416674e-13,1.0140504793542856e-12,2.9392828118888785e-06,3.258185858311019e-06,0.011549751320836585,0.013661213035947929,0.25617029532151814,0.5290210152806065,0.033390433234162124,0.10834143940069406,8.557418294183901e-08,1.8308016049215885e-07,2.7733066067578537e-06,6.139406835687753e-06,8.705569894761606e-07,2.056590709987077e-06,1.4117077051808063e-05,2.919917793817474e-05,3.452291640599765e-09,7.397143128012319e-09,1.3753927296491523e-06,3.0492371290306968e-06,2.2640776640065434e-11,6.848781314769012e-11,1.306947859551029e-18,1.3496912655076739e-18,5.527856932526197e-12,6.5302780608930635e-12,3.4532428772565955e-12,7.388997325495985e-12,1.0413482211522694e-15,1.997565072446624e-15,1.3128374045484194e-08,2.6159158012207916e-08,2.0273982695493737e-19,6.133429653820771e-19,0.006311284341118501,0.013035386663809602,3.3950968640136946e-31,1.0000000000000707e-30,4.16274440188581e-10,1.3533802576557313e-09,2.3035576923909896e-11,7.310597147355939e-11
1.754,1340.5522465986123,5.155611208195237,0.1700858806643535,11.74369490541778,0.49505931999582076,0.07358345861906712,6.2023589613183e-06,4.6094579531864797e-07,1.0431070513125487e-12,1.2304221703237422e-12,1.907908972940789e-13,4.5010404182620184e-13,1.0078348085712265e-07,1.2637160282913162e-07,0.1974914008010152,0.26231002266168185,1.4369154358986787e-15,3.4966851870052246e-15,2.350259519665428e-13,5.893943333542937e-13,9.792832308505036e-13,1.012757674755336e-12,2.937393878825396e-06,3.256102338467469e-06,0.011548142756268996,0.013659353848380431,0.2561697684368296,0.5290216098460756,0.03339163613056014,0.10834568703243605,8.554597324752644e-08,1.830203898917608e-07,2.773350643487732e-06,6.139523849782235e-06,8.701808898470194e-07,2.055708756421642e-06,1.4106171283479792e-05,2.9176713699774152e-05,3.4491612938278675e-09,7.3904593150978e-09,1.3747768532738664e-06,3.047881429238909e-06,2.2618345125236566e-11,6.842017596851027e-11,1.3063818128949622e-18,1.349110997511722e-18,5.525357241925059e-12,6.5273458379285156e-12,3.451353662070431e-12,7.384978409760516e-12,1.0406319457255441e-15,1.996197427145858e-15,1.3128334771291355e-08,2.6159162959411205e-08,2.025974168121101e-19,6.129140855512584e-19,0.0063112642670127865,0.013035386663813441,3.39508606533375e-31,1.0000000000000717e-30,4.159660921792356e-10,1.352382066385599e-09,2.3020709410061073e-11,7.3059020137439e-11
1.7550000000000001,1340.504176435023,5.15574841329438,0.1700813543282625,11.749574444676798,0.4950638195756251,0.0735843611773082,6.199294203792957e-06,4.6071949281946083e-07,1.0419134286931848e-12,1.2290181081752777e-12,1.9056883234218345e-13,4.495815858638505e-13,1.0071692385308068e-07,1.2628854872180794e-07,0.19748786956559458,0.26230616572542403,1.4352240621046755e-15,3.492580381108799e-15,2.348286724891073e-13,5.889014698300081e-13,9.780319847649293e-13,1.0114668710231066e-12,2.935506865885381e-06,3.2540209211013137e-06,0.011546536169636551,0.013657496935089367,0.2561692404779657,0.5290222001269544,0.033392839269704315,0.10834993505486554,8.551777702059873e-08,1.829606470079543e-07,2.7733946470887726e-06,6.1396407672572556e-06,8.69805141421993e-07,2.054827618889814e-06,1.4095279583772733e-05,2.9154278303528368e-05,3.446035231584616e-09,7.383784611188225e-09,1.3741617169772773e-06,3.046527349662249e-06,2.259594267768846e-11,6.835262601999624e-11,1.3058159382429566e-18,1.3485308981782074e-18,5.5228592268499185e-12,6.524415550159294e-12,3.449465805633332e-12,7.380962346948181e-12,1.0399162921660608e-15,1.9948309582429476e-15,1.3128295546814997e-08,2.6159167903349196e-08,2.0245512758955952e-19,6.124855664144784e-19,0.006311244217602939,0.01303538666381723,3.3950752799387203e-31,1.00000000000007e-30,4.15658189257416e-10,1.351385310543416e-09,2.3005857385822534e-11,7.301211737526486e-11
1.756,1340.4561174400283,5.155885611026385,0.1700768284760946,11.75545414039408,0.4950683153470291,0.07358526288771104,6.196231467629908e-06,4.6049333730744326e-07,1.0407213929494025e-12,1.2276159041589771e-12,1.9034707011808963e-13,4.490598390118641e-13,1.0065042351459167e-07,1.2620556464663233e-07,0.19748434095000533,0.26230231121952713,1.433535010671609e-15,3.488481186925158e-15,2.3463159845085383e-13,5.884091160756811e-13,9.76782681033507e-13,1.0101780639044171e-12,2.9336217695410574e-06,3.251941602365676e-06,0.011544931557983197,0.01365564229270242,0.2561687114455589,0.529022786127628,0.03339404265222615,0.10835418347062571,8.548959423533719e-08,1.829009317877619e-07,2.7734386176030826e-06,6.139757588240025e-06,8.694297433425974e-07,2.053947295393763e-06,1.4084401912857998e-05,2.91318716677666e-05,3.4429134423106596e-09,7.3771189917241774e-09,1.3735473185678362e-06,3.045174885491355e-06,2.257356924171357e-11,6.828516313566027e-11,1.305250235794312e-18,1.347950967729333e-18,5.520362884303383e-12,6.521487194135809e-12,3.4475793058463172e-12,7.376949132685621e-12,1.0392012595121905e-15,1.9934656639322657e-15,1.3128256371980439e-08,2.6159172844027593e-08,2.0231295878153722e-19,6.120574064537818e-19,0.006311224192851683,0.013035386663821018,3.395064507808548e-31,1.0000000000000675e-30,4.1535073006176176e-10,1.3503899857364841e-09,2.2991020821510186e-11,7.296526309427503e-11
1.7570000000000001,1340.4080695998382,5.156022801401337,0.17007230310745908,11.761333992561239,0.4950728073198555,0.07358616375215199,6.193170750094489e-06,4.602673285861296e-07,1.0395309412383122e-12,1.2262155549627798e-12,1.901256100962395e-13,4.4853880004587817e-13,1.0058397975848309e-07,1.2612265050169925e-07,0.19748081494620684,0.26229845913493016,1.431848277509925e-15,3.4843875946244737e-15,2.344347295057665e-13,5.879172712376697e-13,9.755353156465484e-13,1.0088912492925534e-12,2.9317385864564028e-06,3.249864378626099e-06,0.011543328918346264,0.013653789917839316,0.2561681813371688,0.5290233678461356,0.03339524628182852,0.10835843229232592,8.546142487030649e-08,1.8284124418736755e-07,2.773482555056641e-06,6.13987431282206e-06,8.690546948375366e-07,2.053067784141569e-06,1.4073538235297271e-05,2.9109493719897236e-05,3.439795915556704e-09,7.370462434524086e-09,1.3729336561375125e-06,3.043824032545302e-06,2.2551224763143703e-11,6.821778715366549e-11,1.3046847057410566e-18,1.3473712063797799e-18,5.5178682063456066e-12,6.518560760569529e-12,3.4456941608633186e-12,7.37293876314044e-12,1.0384868468797593e-15,1.9921015425566843e-15,1.3128217246718117e-08,2.6159177781462323e-08,2.021709099020487e-19,6.116296042109373e-19,0.006311204192721735,0.013035386663824849,3.3950537489231832e-31,1.0000000000000691e-30,4.150437133761946e-10,1.349396088044336e-09,2.297619968882164e-11,7.291845720608926e-11
1.758,1340.360032895604,5.1561599844455195,0.17006777822143115,11.767214001169913,0.49507729549741336,0.07358706377153881,6.190112049184911e-06,4.6004146651350595e-07,1.0383420710037854e-12,1.2248170576127582e-12,1.8990445174479924e-13,4.4801846772667476e-13,1.0051759251567632e-07,1.260398062027698e-07,0.19747729155268717,0.26229460947124156,1.4301638585959767e-15,3.480299594536928e-15,2.342380653852845e-13,5.874259346565358e-13,9.742898848529855e-13,1.0076064233481287e-12,2.9298573136771763e-06,3.247789246671164e-06,0.011541728247735361,0.013651939807086759,0.25616765015686377,0.5290239452939548,0.033396450155696776,0.10836268151142722,8.543326891781937e-08,1.8278158419236486e-07,2.7735264595177097e-06,6.139990941188445e-06,8.686799955325332e-07,2.052189084279164e-06,1.4062688532617147e-05,2.9087144422416386e-05,3.4366826449378166e-09,7.363814926114427e-09,1.3723207289311793e-06,3.0424747891990413e-06,2.2528909191124984e-11,6.815049792219478e-11,1.3041193479285899e-18,1.3467916139862317e-18,5.51537519448067e-12,6.515636251328302e-12,3.4438103692285184e-12,7.368931235315022e-12,1.037773053501246e-15,1.9907385926827518e-15,1.3128178170948921e-08,2.6159182715650085e-08,2.0202898113325396e-19,6.112021602490532e-19,0.006311184217175814,0.013035386663828679,3.395043003262563e-31,1.0000000000000693e-30,4.1473713857083465e-10,1.3484036154522516e-09,2.2961393963729856e-11,7.287169963589192e-11
1.7590000000000001,1340.3120073115615,5.156297160175477,0.17006325381740728,11.773094166211761,0.495081779886868,0.07358796294735102,6.187055362285919e-06,4.5981575090194735e-07,1.0371547794671124e-12,1.2234204088722933e-12,1.8968359453239778e-13,4.474988408160751e-13,1.004512617059674e-07,1.259570316516479e-07,0.19747377076406095,0.26229076222291986,1.428481749814945e-15,3.4762171767704197e-15,2.3404160576183475e-13,5.869351055248057e-13,9.730463847048445e-13,1.0063235820279732e-12,2.9279779479475655e-06,3.245716202954961e-06,0.011540129543192527,0.013650091957069415,0.2561671179048313,0.5290245184745394,0.03339765427489921,0.10836693113198781,8.54051263595009e-08,1.8272195176547587e-07,2.7735703310282414e-06,6.140107473465912e-06,8.683056447541667e-07,2.0513111942456835e-06,1.4051852773434822e-05,2.9064823711116217e-05,3.433573620973553e-09,7.3571764463881946e-09,1.3717085353166786e-06,3.0411271518829695e-06,2.2506622472344144e-11,6.808329528198443e-11,1.3035541624491795e-18,1.3462121906602767e-18,5.5128838447141225e-12,6.5127136617840155e-12,3.4419279291563205e-12,7.364926545505763e-12,1.0370598785115792e-15,1.9893768126897737e-15,1.3128139144599509e-08,2.6159187646598617e-08,2.0188717216201736e-19,6.107750736327828e-19,0.006311164266176756,0.013035386663832468,3.3950322708067114e-31,1.0000000000000694e-30,4.144310045714905e-10,1.3474125645008411e-09,2.2946603618975216e-11,7.282499029860375e-11
1.76,1340.263992828016,5.15643432862032,0.1700587298943697,11.778974487678475,0.4950862604903376,0.073588861280318,6.184000687496528e-06,4.595901816169009e-07,1.0359690641212531e-12,1.2220256058251073e-12,1.8946303792723913e-13,4.4697991807485263e-13,1.0038498726245301e-07,1.258743267668104e-07,0.1974702525800047,0.2622869173911466,1.4268019471580322e-15,3.472140331690495e-15,2.338453503789158e-13,5.864447832132073e-13,9.718048115026824e-13,1.0050427215458176e-12,2.9261004863765816e-06,3.2436452443358426e-06,0.01153853280173527,0.013648246364382777,0.2561665845863038,0.52902508740176,0.03339885863545006,0.10837118114166673,8.537699718964334e-08,1.8266234689652107e-07,2.7736141696636567e-06,6.140223909855287e-06,8.67931642187931e-07,2.050434113328115e-06,1.4041030941814401e-05,2.9042531553737276e-05,3.4304688378930955e-09,7.350546983186455e-09,1.3710970747100932e-06,3.0397811193513585e-06,2.2484364556624612e-11,6.80161790832537e-11,1.3029891490946821e-18,1.3456329362032411e-18,5.510394160390663e-12,6.5097929959785916e-12,3.4400468392450557e-12,7.360924690830364e-12,1.036347321160656e-15,1.9880162011775167e-15,1.3128100167589292e-08,2.615919257430117e-08,2.0174548323492725e-19,6.103483451201032e-19,0.006311144339687467,0.013035386663836296,3.395021551535656e-31,1.0000000000000708e-30,4.1412531083650003e-10,1.3464229334619976e-09,2.293182863123851e-11,7.277832912164765e-11
1.7610000000000001,1340.2159894325569,5.156571489786072,0.1700542064520622,11.784854965561754,0.4950907373191094,0.0735897587725295,6.180948021538825e-06,4.5936475842145507e-07,1.0347849219518943e-12,1.2206326449563893e-12,1.8924278139936247e-13,4.464616982680509e-13,1.0031876909299732e-07,1.257916914350856e-07,0.19746673699098402,0.2622830749648598,1.4251244464185117e-15,3.4680690491805725e-15,2.3364929884564963e-13,5.859549667554224e-13,9.705651610942035e-13,1.0037638376468928e-12,2.9242249253873003e-06,3.241576366911542e-06,0.011536938020446242,0.01364640302569879,0.25616605019730215,0.5290256520704474,0.033400063242584856,0.10837543155804026,8.534888137829038e-08,1.8260276952343292e-07,2.773657975437599e-06,6.140340250420428e-06,8.675579868371206e-07,2.0495578392016695e-06,1.4030222992441259e-05,2.9020267857250245e-05,3.4273682828818854e-09,7.343926509256668e-09,1.3704863445302787e-06,3.0384366859303395e-06,2.2462135388102617e-11,6.794914915900996e-11,1.3024243082243967e-18,1.3450538510024008e-18,5.507906131561089e-12,6.506874242248659e-12,3.4381670973537305e-12,7.35692566682408e-12,1.0356353804788404e-15,1.986656756324471e-15,1.3128061239851373e-08,2.6159197498777372e-08,2.016039135612903e-19,6.099219723308233e-19,0.006311124437670982,0.013035386663840071,3.395010845429524e-31,1.0000000000000694e-30,4.1382005581228946e-10,1.3454347173175053e-09,2.2917068969814575e-11,7.27317160090002e-11
1.762,1340.167997105258,5.156708643702678,0.17004968348943977,11.790735599853333,0.4950952103749227,0.07359065542465743,6.177897362712588e-06,4.591394811959484e-07,1.0336023505302516e-12,1.2192415234419211e-12,1.8902282442333728e-13,4.459441801713652e-13,1.0025260713423223e-07,1.2570912557937173e-07,0.1974632239970539,0.26227923494573885,1.4234492436645267e-15,3.4640033197926784e-15,2.334534509225239e-13,5.85465655564709e-13,9.69327429861736e-13,1.0024869266292297e-12,2.9223512621940546e-06,3.239509567656832e-06,0.011535345196347054,0.0136445619376173,0.2561655147434162,0.5290262124952027,0.03340126809195347,0.10837968236758348,8.532077892264364e-08,1.8254321964224857e-07,2.773701748428519e-06,6.1404564953687754e-06,8.6718467846475e-07,2.048682371336327e-06,1.4019428912837853e-05,2.8998032596544742e-05,3.4242719510166302e-09,7.33731501425462e-09,1.3698763444236081e-06,3.037093850884489e-06,2.2439934917597415e-11,6.788220536247263e-11,1.3018596395777748e-18,1.3444749348049045e-18,5.505419761955971e-12,6.503957405091619e-12,3.4362887021927396e-12,7.352929470843874e-12,1.0349240557510795e-15,1.9852984767974504e-15,1.3128022361304966e-08,2.6159202420019648e-08,2.0146246351344925e-19,6.094959564033148e-19,0.006311104560090306,0.01303538666384386,3.395000152468402e-31,1.0000000000000675e-30,4.1351523907559633e-10,1.3444479147239967e-09,2.2902324612381214e-11,7.268515089124084e-11
1.7630000000000001,1340.1200158321521,5.1568457903812455,0.1700451610060788,11.796616390544955,0.4950996796670437,0.0735915512384901,6.174848708277326e-06,4.58914349743381e-07,1.0324213470420493e-12,1.2178522380026055e-12,1.888031664779209e-13,4.4542736257031206e-13,1.0018650130354558e-07,1.2562662909842747e-07,0.19745971359070627,0.2622753973254085,1.4217763348355482e-15,3.459943133765255e-15,2.3325780626663247e-13,5.849768487949792e-13,9.68091613846059e-13,1.001211984437469e-12,2.920479493490489e-06,3.2374448429690425e-06,0.011533754326510767,0.01364272309679841,0.2561649782226695,0.5290267686749835,0.033402473186781474,0.10838393358134932,8.529268980123585e-08,1.8248369720905495e-07,2.7737454886644394e-06,6.140572644795944e-06,8.66811716305585e-07,2.047807707953986e-06,1.4008648667847018e-05,2.897582569959686e-05,3.4211798319435066e-09,7.330712476199127e-09,1.3692670724926826e-06,3.035752610055565e-06,2.2417763091611274e-11,6.781534753379425e-11,1.3012951433399164e-18,1.3438961878180741e-18,5.5029350444146616e-12,6.50104247613796e-12,3.434411651915579e-12,7.348936099054622e-12,1.0342133460972261e-15,1.9839413609464203e-15,1.3127983531880654e-08,2.6159207338042203e-08,2.01321132592954e-19,6.090702958414567e-19,0.006311084706908616,0.013035386663847657,3.39498947263249e-31,1.0000000000000666e-30,4.1321085942143335e-10,1.3434625217963806e-09,2.2887595530943084e-11,7.263863368093854e-11
1.764,1340.0720455960645,5.1569829298431324,0.1700406390012178,11.802497337628392,0.49510414520054336,0.07359244621519202,6.171802055755934e-06,4.586893638863152e-07,1.03124190878927e-12,1.2164647854963626e-12,1.8858380703240685e-13,4.4491124422803555e-13,1.0012045152404896e-07,1.255442018981835e-07,0.19745620576863634,0.2622715621010756,1.4201057158410674e-15,3.4558884812634263e-15,2.330623645691657e-13,5.844885456856179e-13,9.668577091906195e-13,9.999390071223025e-13,2.918609616120901e-06,3.2353821894123526e-06,0.011532165408001888,0.013640886499891924,0.25616444063727206,0.5290273206173924,0.03340367852609903,0.1083881851967773,8.526461399855563e-08,1.8242420219267825e-07,2.7737891961995574e-06,6.140688698855462e-06,8.664390997761856e-07,2.0469338477059604e-06,1.3997882229908116e-05,2.8953647110093377e-05,3.4180919171165783e-09,7.324118876982185e-09,1.3686585273595034e-06,3.0344129604367375e-06,2.23956198580388e-11,6.774857551733352e-11,1.300730819519809e-18,1.343317610067332e-18,5.5004519779178146e-12,6.498129454273151e-12,3.4325359448113884e-12,7.344945547911211e-12,1.0335032506777752e-15,1.9825854071992276e-15,1.3127944751502863e-08,2.615921225284687e-08,2.011799207025638e-19,6.086449903628984e-19,0.006311064878089112,0.013035386663851452,3.394978805901995e-31,1.0000000000000672e-30,4.129069159090809e-10,1.3424785355086686e-09,2.2872881699379854e-11,7.259216429660955e-11
1.7650000000000001,1340.0240863784952,5.157120062113978,0.17003611747395425,11.808378441095442,0.4951086069788431,0.07359334035568235,6.168757403352324e-06,4.584645234979143e-07,1.0300640333143353e-12,1.2150791630646207e-12,1.8836474556933322e-13,4.4439582393888133e-13,1.0005445773048395e-07,1.2546184389914866e-07,0.19745270052920205,0.2622677292721542,1.4184373827919995e-15,3.451839352942135e-15,2.3286712557847905e-13,5.840007456193381e-13,9.656257122674923e-13,9.986679909707441e-13,2.916741627259953e-06,3.2333216039170183e-06,0.011530578437865322,0.013639052143524276,0.25616390199108513,0.5290278683334395,0.03340488410728064,0.10839243720593432,8.523655150940519e-08,1.8236473458400785e-07,2.7738328711011513e-06,6.140804657729819e-06,8.660668285679444e-07,2.046060789892785e-06,1.3987129583588934e-05,2.8931496796805972e-05,3.415008200925976e-09,7.3175342047864584e-09,1.368050708464249e-06,3.033074900835027e-06,2.2373505167537723e-11,6.768188916580206e-11,1.300166667929913e-18,1.3427392013751183e-18,5.49797056373814e-12,6.4952183410903085e-12,3.4306615795440916e-12,7.340957814670272e-12,1.0327937687659834e-15,1.9812306141999463e-15,1.3127906020093789e-08,2.615921716443096e-08,2.0103882801795914e-19,6.082200405109577e-19,0.006311045073595023,0.013035386663855255,3.3949681522571276e-31,1.0000000000000666e-30,4.1260340801283004e-10,1.3414959541840958e-09,2.285818309478679e-11,7.254574266697203e-11
1.766,1339.9761381638127,5.157257187210417,0.17003159642368265,11.814259700937926,0.4951130650088147,0.07359423366139084,6.165714748011743e-06,4.582398283577725e-07,1.02888771772549e-12,1.2136953673364969e-12,1.881459815517512e-13,4.4388110045116387e-13,9.998851983617516e-08,1.2537955499496778e-07,0.19744919786727425,0.26226389883341844,1.416771331462995e-15,3.4477957386375577e-15,2.3267208893667e-13,5.835134477123222e-13,9.643956190487872e-13,9.973989318560037e-13,2.91487552348334e-06,3.231263082749075e-06,0.011528993413200966,0.013637220024386389,0.2561633622844752,0.529028411826902,0.0334060899311998,0.10839668961223757,8.520850230917228e-08,1.823052943323877e-07,2.7738765134092605e-06,6.1409205215410086e-06,8.656949018540857e-07,2.045188532590722e-06,1.3976390690671687e-05,2.8909374681373222e-05,3.411928672264109e-09,7.310958436013558e-09,1.3674436137053298e-06,3.031738426639043e-06,2.2351418965934315e-11,6.76152883172884e-11,1.299602688760704e-18,1.3421609619542048e-18,5.495490798473774e-12,6.492309132659775e-12,3.4287885540881794e-12,7.336972895112756e-12,1.0320848994296272e-15,1.9798769801983345e-15,1.3127867337580745e-08,2.615922207280117e-08,2.0089785408600788e-19,6.077954449265152e-19,0.006311025293389771,0.013035386663859066,3.3949575116782204e-31,1.000000000000069e-30,4.1230033442721243e-10,1.3405147736105428e-09,2.2843499688356983e-11,7.249936870200687e-11
1.7670000000000001,1339.928200935983,5.157394305150338,0.17002707584975646,11.820141117147681,0.49511751929693354,0.07359512613368878,6.162674087751423e-06,4.580152783251457e-07,1.0277129594946781e-12,1.212313395370025e-12,1.879275144723717e-13,4.433670725831306e-13,9.992263777200439e-08,1.2529733510129713e-07,0.19744569777814192,0.262260070780199,1.4151075580106364e-15,3.4437576291149945e-15,2.3247725436841383e-13,5.830266512878172e-13,9.631674258564605e-13,9.961318260129884e-13,2.913011301871867e-06,3.229206622734372e-06,0.011527410331076036,0.013635390139130453,0.2561628215182162,0.5290289511024009,0.033407295998315586,0.10840094241776013,8.518046638827707e-08,1.8224588141932212e-07,2.7739201231717928e-06,6.141036290428484e-06,8.653233191933568e-07,2.0443170747867724e-06,1.396566553021842e-05,2.888728072117413e-05,3.4088533242261065e-09,7.304391556069938e-09,1.3668372421419815e-06,3.030403535810943e-06,2.232936120318983e-11,6.754877282238458e-11,1.2990388819558699e-18,1.3415828917624853e-18,5.493012678825818e-12,6.489401825173396e-12,3.4269168670136313e-12,7.33299078629368e-12,1.0313766419158933e-15,1.9785245037882497e-15,1.3127828703890773e-08,2.6159226977963775e-08,2.0075699884937686e-19,6.073712034478716e-19,0.006311005537436743,0.013035386663862876,3.3949468841455648e-31,1.000000000000069e-30,4.1199769443524993e-10,1.3395349914891566e-09,2.2828831455948914e-11,7.245304232649879e-11
1.768,1339.8802746780498,5.157531415954697,0.17002255575142794,11.82602268971657,0.49512196984836154,0.07359601777375108,6.159635420240433e-06,4.5779087323339645e-07,1.0265397559895682e-12,1.2109332441001028e-12,1.8770934380957439e-13,4.4285373911916825e-13,9.985681146371876e-08,1.2521518412734786e-07,0.19744220025839734,0.2622562451095531,1.4134460584323435e-15,3.4397250147520217e-15,2.3228262157667113e-13,5.825403556145711e-13,9.619411289130838e-13,9.948666695736823e-13,2.9111489593563097e-06,3.227152220532258e-06,0.01152582918857411,0.013633562484427668,0.256162279694371,0.5290294861672115,0.033408502307795886,0.10840519562038375,8.51524437330087e-08,1.8218649581747204e-07,2.773963700442348e-06,6.141151964544208e-06,8.649520800492661e-07,2.043446415242854e-06,1.3954954076838459e-05,2.8865214864375314e-05,3.4057821488148442e-09,7.297833548020942e-09,1.3662315925363565e-06,3.029070225654078e-06,2.2307331828162788e-11,6.748234252834035e-11,1.2984752474999792e-18,1.3410049908000348e-18,5.490536203557506e-12,6.486496417258961e-12,3.4250465166938516e-12,7.329011484847108e-12,1.0306689954133373e-15,1.977173183450967e-15,1.3127790118949154e-08,2.615923187992114e-08,2.0061626222600024e-19,6.069473158384715e-19,0.006310985805699412,0.013035386663866652,3.3949362696395255e-31,1.0000000000000684e-30,4.1169548717038367e-10,1.3385566050346434e-09,2.281417837219971e-11,7.240676346135193e-11
1.7690000000000001,1339.8323593760392,5.157668519635037,0.1700180361282599,11.83190441863647,0.49512641667196094,0.07359690858330063,6.156598742293375e-06,4.5756661285235833e-07,1.0253681042777866e-12,1.2095549101075413e-12,1.8749146903463854e-13,4.423410988268558e-13,9.979104082211474e-08,1.2513310196357558e-07,0.19743870530090785,0.2622524218135827,1.411786828542814e-15,3.4356978854811075e-15,2.3208819018802295e-13,5.820545597697304e-13,9.60716724170032e-13,9.936034583894383e-13,2.9092884924552485e-06,3.2250998723449095e-06,0.011524249982819122,0.01363173705699644,0.2561617368112756,0.5290300170208965,0.03340970886254097,0.10840944923009826,8.512443431570318e-08,1.821271374696373e-07,2.77400724524794e-06,6.141267543981119e-06,8.645811835045562e-07,2.04257655182121e-06,1.3944256288585549e-05,2.8843177024896144e-05,3.402715134055836e-09,7.291284386408512e-09,1.3656266625252255e-06,3.027738490976524e-06,2.2285330786374788e-11,6.741599727230344e-11,1.2979117856725267e-18,1.340427259371459e-18,5.488061366213626e-12,6.483592901378867e-12,3.423177501038586e-12,7.32503498641455e-12,1.02996195897277e-15,1.9758230174033867e-15,1.3127751582686735e-08,2.6159236778685953e-08,2.0047564361470865e-19,6.065237802912128e-19,0.006310966098141443,0.013035386663870384,3.394925668140556e-31,1.000000000000066e-30,4.113937111980141e-10,1.33757960961469e-09,2.2799540407528644e-11,7.236053201407878e-11
1.77,1339.7844550086816,5.1578056162260975,0.17001351697905068,11.837786303899293,0.4951308597674179,0.07359779856269884,6.15356405303632e-06,4.5734249712366045e-07,1.0241980022503748e-12,1.2081783909444046e-12,1.872738896457653e-13,4.418291505372596e-13,9.972532579844398e-08,1.25051088551164e-07,0.19743521290776908,0.2622486008966557,1.4101298647067987e-15,3.4316762325730892e-15,2.318939600339026e-13,5.815692633441786e-13,9.594942083409652e-13,9.923421890998972e-13,2.907429898815757e-06,3.2230495756254667e-06,0.011522672710848841,0.013629913853453565,0.256161192876469,0.529030543682043,0.03341091565622735,0.10841370322696725,8.509643814581659e-08,1.8206780639804127e-07,2.774050757681974e-06,6.141383028979339e-06,8.642106296521332e-07,2.041707484770608e-06,1.3933572167573998e-05,2.8821167207792612e-05,3.3996522785863282e-09,7.284744068512871e-09,1.3650224527333113e-06,3.0264083332109463e-06,2.226335803270841e-11,6.734973691973653e-11,1.2973484959831398e-18,1.3398496969863054e-18,5.485588173232602e-12,6.4806912852281035e-12,3.4213098192172122e-12,7.321061289332948e-12,1.0292555320219364e-15,1.9744740045854847e-15,1.3127713095021095e-08,2.6159241674245333e-08,2.0033514373432775e-19,6.0610059899252955e-19,0.006310946414726346,0.013035386663874153,3.3949150796290142e-31,1.000000000000065e-30,4.110923665948824e-10,1.3366040055108066e-09,2.278491754376614e-11,7.231434792840726e-11
1.7710000000000001,1339.7365615631538,5.157942705735913,0.17000899830347896,11.843668345496967,0.49513529914490506,0.07359868771386147,6.150531348919846e-06,4.57118525790048e-07,1.0230294468556914e-12,1.2068036830505553e-12,1.8705660511191024e-13,4.4131789301237893e-13,9.965966629734488e-08,1.2496914377283408e-07,0.1974317230705234,0.2622447823491066,1.408475162665714e-15,3.4276600457813294e-15,2.316999307096522e-13,5.810844653366382e-13,9.582735772754222e-13,9.910828574508175e-13,2.9055731747898757e-06,3.221001326391129e-06,0.011521097369813936,0.013628092870548432,0.2561606478869365,0.5290310661474106,0.033412122693101266,0.10841795762534526,8.506845518982011e-08,1.820085025329262e-07,2.774094237761332e-06,6.14149841960922e-06,8.638404174168931e-07,2.0408392115802125e-06,1.3922901664982539e-05,2.879918531275892e-05,3.396593568786363e-09,7.278212565348717e-09,1.3644189603281636e-06,3.0250797461248184e-06,2.2241413511452255e-11,6.728356130404478e-11,1.2967853788319574e-18,1.339272304073707e-18,5.483116616391953e-12,6.4777915591807674e-12,3.4194434689423312e-12,7.317090388821356e-12,1.028549713554138e-15,1.973126143103631e-15,1.3127674655885175e-08,2.615924656661544e-08,2.0019476173981089e-19,6.05677769397423e-19,0.006310926755417922,0.013035386663877886,3.394904504085439e-31,1.0000000000000624e-30,4.1079145169097703e-10,1.3356297873250569e-09,2.2770309749639584e-11,7.226821110647189e-11
1.772,1339.6886790218286,5.15807978818781,0.1700044801007196,11.849550543421442,0.4951397348085553,0.0735995760378077,6.1475006279386386e-06,4.568946987090227e-07,1.021862435592866e-12,1.2054307835154697e-12,1.8683961492071586e-13,4.408073250582644e-13,9.959406225046953e-08,1.2488726754517803e-07,0.1974282357867857,0.2622409661693397,1.4068227185334935e-15,3.4236493157654543e-15,2.315061019472191e-13,5.806001650884023e-13,9.570548273343915e-13,9.898254597168105e-13,2.9037183174843962e-06,3.2189551214956893e-06,0.011519523956809292,0.01362627410496452,0.2561601018457213,0.5290315844262778,0.03341332997133884,0.10842221241989183,8.504048543891864e-08,1.8194922585745344e-07,2.7741376855467543e-06,6.141613716038311e-06,8.63470546396585e-07,2.039971731328783e-06,1.3912244761352447e-05,2.8777231300223186e-05,3.393538998109578e-09,7.271689863087477e-09,1.3638161844680838e-06,3.023752727899261e-06,2.2219497173172965e-11,6.721747027762089e-11,1.296222434107459e-18,1.3386950805343788e-18,5.48064669585167e-12,6.474893723513959e-12,3.4175784487683866e-12,7.313122281900144e-12,1.0278445028148142e-15,1.9717794315478366e-15,1.3127636265203418e-08,2.61592514557959e-08,2.000544977245521e-19,6.052552918000616e-19,0.006310907120179944,0.013035386663881625,3.3948939414903398e-31,1.0000000000000617e-30,4.10490965823385e-10,1.33465695293385e-09,2.2755717001495653e-11,7.222212147458699e-11
1.7730000000000001,1339.6408073690727,5.1582168635988275,0.1699999623701548,11.85543289766469,0.49514416676499556,0.07360046353592636,6.144471887802015e-06,4.566710157168591e-07,1.0206969658567716e-12,1.2040596893055087e-12,1.866229185635838e-13,4.402974454897861e-13,9.952851358412245e-08,1.2480545977807569e-07,0.19742475105166363,0.26223715235242434,1.4051725284080918e-15,3.4196440331458145e-15,2.313124734491151e-13,5.801163618669e-13,9.558379547906819e-13,9.885699920811505e-13,2.9018653238646345e-06,3.216910957635921e-06,0.011517952468948416,0.01362445755340698,0.256159554753352,0.529032098522722,0.03341453749163149,0.10842646761342663,8.501252887892643e-08,1.818899763432456e-07,2.7741811010824163e-06,6.141728918397393e-06,8.631010160344357e-07,2.039105042729932e-06,1.3901601430652411e-05,2.875530511701613e-05,3.3904885584452923e-09,7.265175944547891e-09,1.3632141238609885e-06,3.022427275716694e-06,2.219760896730417e-11,6.715146368942361e-11,1.295659661833396e-18,1.3381180264087016e-18,5.47817840813835e-12,6.471997774212028e-12,3.4157147570987963e-12,7.309156965266195e-12,1.0271398990053318e-15,1.9704338684234576e-15,1.3127597922904048e-08,2.6159256341793436e-08,1.9991435149689098e-19,6.048331656321684e-19,0.006310887508976267,0.013035386663885385,3.3948833918242643e-31,1.0000000000000609e-30,4.1019090810237114e-10,1.3336854994760084e-09,2.274113927408444e-11,7.217607895399544e-11
1.774,1339.5929465894023,5.158353931985628,0.16999544511117926,11.8613154082187,0.49514859502093095,0.07360135020961668,6.141445125882056e-06,4.564474766247503e-07,1.0195330349344615e-12,1.202690397259716e-12,1.8640651552388267e-13,4.3978825310281263e-13,9.946302021920143e-08,1.247237203746206e-07,0.19742126886017952,0.26223334089331246,1.4035245882764712e-15,3.415644188272264e-15,2.3111904489241683e-13,5.796330548757315e-13,9.546229558185045e-13,9.87316450625002e-13,2.9000141907436367e-06,3.2148688313396103e-06,0.011516382903362363,0.013622643212601374,0.25615900661025914,0.5290326084406096,0.033415745254766996,0.1084307232090805,8.498458549089493e-08,1.8183075395172983e-07,2.7742244844101583e-06,6.141844026811991e-06,8.62731825652307e-07,2.0382391442104563e-06,1.3890971641434732e-05,2.8733406698762416e-05,3.3874422403732976e-09,7.258670789741947e-09,1.3626127768479995e-06,3.0211033859461545e-06,2.2175748842125025e-11,6.708554138491286e-11,1.2950970621116184e-18,1.3375411418176767e-18,5.4757117497495255e-12,6.469103707224726e-12,3.4138523921506564e-12,7.305194435217376e-12,1.0264359012717676e-15,1.9690894521296774e-15,1.312755962891555e-08,2.6159261224614903e-08,1.997743227728012e-19,6.04411390045982e-19,0.006310867921770834,0.013035386663889158,3.394872855067822e-31,1.0000000000000609e-30,4.098912774539389e-10,1.3327154234911393e-09,2.2726576540747954e-11,7.213008346146683e-11
1.7750000000000001,1339.5450966652566,5.158490993371537,0.16999092832296833,11.867198075075486,0.4951530195804412,0.07360223605988753,6.138420340275669e-06,4.5622408129774767e-07,1.0183706403719365e-12,1.2013229045224854e-12,1.8619040529522788e-13,4.3927974671734407e-13,9.93975820892507e-08,1.246420492537596e-07,0.19741778920999192,0.26222953179045627,1.401878894311074e-15,3.411649771945695e-15,2.30925816017697e-13,5.791502434777062e-13,9.534098268351397e-13,9.860648316808003e-13,2.8981649152898013e-06,3.212828739528329e-06,0.011514815257159446,0.01362083107924618,0.2561584574195001,0.52903311418923,0.033416953258902087,0.10843497920144632,8.4956655267355e-08,1.8177155866889105e-07,2.7742678355910064e-06,6.1419590414500834e-06,8.623629748832854e-07,2.0373740349323705e-06,1.3880355375848589e-05,2.8711536009209863e-05,3.384400037751604e-09,7.2521743857056535e-09,1.36201214269223e-06,3.0197810570007455e-06,2.2153916748895103e-11,6.701970321855922e-11,1.294534634810441e-18,1.3369644266410949e-18,5.473246720851083e-12,6.466211522835488e-12,3.411991352537236e-12,7.301234688899093e-12,1.0257325088792118e-15,1.9677461812939074e-15,1.3127521383162776e-08,2.61592661042598e-08,1.996344116521672e-19,6.039899653552246e-19,0.006310848358527624,0.013035386663892954,3.394862331201631e-31,1.0000000000000612e-30,4.095920732702844e-10,1.3317467230345259e-09,2.271202877838538e-11,7.208413492505718e-11
1.776,1339.4972575809452,5.158628047774017,0.1699864120048906,11.873080898227087,0.4951574404498409,0.07360312108807822,6.1353975282766216e-06,4.560008295411903e-07,1.017209779441281e-12,1.1999572079149486e-12,1.8597458735938554e-13,4.38771925125372e-13,9.933219911418486e-08,1.2456044631734068e-07,0.1974143120965014,0.2622257250393025,1.4002354424745974e-15,3.4076607744561468e-15,2.3073278649795436e-13,5.786679268661175e-13,9.521985640073e-13,9.848151313216867e-13,2.896317494291477e-06,3.2107906787021286e-06,0.01151324952748504,0.013619021150083257,0.25615790718186215,0.5290336157731725,0.03341816150446382,0.10843923559248168,8.492873818840262e-08,1.8171239045410245e-07,2.7743111546681894e-06,6.1420739624401135e-06,8.619944630286133e-07,2.0365097132735936e-06,1.3869752601492927e-05,2.8689692982006735e-05,3.3813619409347823e-09,7.245686711967064e-09,1.3614122196686285e-06,3.0184602851025014e-06,2.213211263583925e-11,6.695394903564587e-11,1.2939723800405849e-18,1.3363878810090488e-18,5.470783318590995e-12,6.463321217762059e-12,3.4101316364324793e-12,7.29727772251628e-12,1.0250297209621218e-15,1.966404054292835e-15,1.312748318557387e-08,2.615927098073358e-08,1.994946178192429e-19,6.035688906161049e-19,0.006310828819210719,0.013035386663896692,3.3948518202063816e-31,1.0000000000000593e-30,4.0929329444574033e-10,1.330779394542585e-09,2.269749596014772e-11,7.203823326092173e-11
1.7770000000000001,1339.449429319508,5.15876509521458,0.1699818961561815,11.878963877665564,0.49516185763388,0.07360400529529602,6.132376687912246e-06,4.5577772121492997e-07,1.0160504496701457e-12,1.1985933045596141e-12,1.8575906121307468e-13,4.3826478715412726e-13,9.926687122634749e-08,1.2447891148279388e-07,0.1974108375166909,0.26222192063740113,1.3985942289510368e-15,3.4036771866319077e-15,2.305399560668067e-13,5.781861043862606e-13,9.50989163744619e-13,9.835673458719324e-13,2.8944719248905097e-06,3.2087546457528223e-06,0.011511685711462646,0.013617213421828547,0.2561573558997016,0.5290341132002702,0.03341936999030176,0.10844349237902591,8.490083424514773e-08,1.8165324929030106e-07,2.7743544416980296e-06,6.142188789939553e-06,8.61626289681394e-07,2.0356461783015387e-06,1.3859163298838518e-05,2.866787757742508e-05,3.378327943389998e-09,7.239207754723455e-09,1.3608130069229492e-06,3.0171410684040785e-06,2.2110336454117938e-11,6.688827869033192e-11,1.293410297707163e-18,1.3358115048392761e-18,5.4683215421711995e-12,6.460432791148681e-12,3.408273242414098e-12,7.293323533137735e-12,1.0243275367764115e-15,1.9650630697360837e-15,1.3127445036074963e-08,2.615927585403783e-08,1.9935494130049988e-19,6.031481659201854e-19,0.006310809303784235,0.013035386663900436,3.3948413220627615e-31,1.000000000000058e-30,4.0899494031475156e-10,1.3298134358826332e-09,2.2682978062599794e-11,7.19923783960479e-11
1.778,1339.4016118646568,5.15890213571272,0.16997738077614305,11.884847013382998,0.49516627113806116,0.07360488868275854,6.1293578168783685e-06,4.5555475615416e-07,1.0148926484766052e-12,1.1972311914495946e-12,1.855438263480549e-13,4.3775833161908865e-13,9.92015983525613e-08,1.2439744466061894e-07,0.19740736546677481,0.2622181185812753,1.3969552498370854e-15,3.3996989990884004e-15,2.3034732443068355e-13,5.777047753152004e-13,9.497816223583213e-13,9.823214715538887e-13,2.8926282040754608e-06,3.2067206374020954e-06,0.01151012380623412,0.01361540789121927,0.25615680357460086,0.5290346064767459,0.033420578716043044,0.10844774956043925,8.487294342363518e-08,1.8159413514958072e-07,2.7743976967304547e-06,6.1423035240915915e-06,8.612584543008887e-07,2.0347834287673144e-06,1.3848587442475013e-05,2.8646089743569513e-05,3.375298037169838e-09,7.232737497140213e-09,1.3602145032011052e-06,3.0158234041714646e-06,2.2088588153710712e-11,6.682269203319725e-11,1.2928483878114309e-18,1.3352352981487613e-18,5.465861389773606e-12,6.457546240934246e-12,3.4064161688785353e-12,7.289372117444015e-12,1.023625955524417e-15,1.9637232261303774e-15,1.3127406934593368e-08,2.6159280724175946e-08,1.9921538196203905e-19,6.027277908737958e-19,0.0063107898122124,0.013035386663904205,3.3948308367515256e-31,1.0000000000000577e-30,4.0869701001074204e-10,1.328848844268274e-09,2.2668475060808987e-11,7.194657025266586e-11
1.7790000000000001,1339.353805201231,5.159039169284377,0.16997286586419444,11.890730305371491,0.4951706809692216,0.07360577125188078,6.126340912434289e-06,4.5533193416161247e-07,1.013736373131648e-12,1.195870865404364e-12,1.853288822506621e-13,4.3725255732289096e-13,9.913638041224052e-08,1.2431604575201916e-07,0.19740389594162505,0.2622143188656612,1.3953185011230573e-15,3.3957262021817817e-15,2.3015489125910177e-13,5.772239388373862e-13,9.485759360273754e-13,9.810775044529865e-13,2.890786328629951e-06,3.204688650144261e-06,0.01150856380896419,0.013613604555019383,0.2561562502067835,0.5290350956060098,0.03342178768266812,0.10845200714047198,8.484506570306494e-08,1.8153504798938488e-07,2.774440919804897e-06,6.142418165016101e-06,8.608909561630469e-07,2.033921462988859e-06,1.3838024998983346e-05,2.8624329411976184e-05,3.3722722124035123e-09,7.226275918260561e-09,1.3596167067032496e-06,3.0145072884604614e-06,2.2066867682990684e-11,6.67571889099558e-11,1.2922866504904343e-18,1.3346592610946969e-18,5.463402857737995e-12,6.454661562881062e-12,3.4045604139842226e-12,7.285423471606059e-12,1.0229249763381445e-15,1.962384521847417e-15,1.3127368881058498e-08,2.615928559115511e-08,1.9907593945168756e-19,6.023077644228444e-19,0.006310770344459499,0.01303538666390795,3.394820364253471e-31,1.0000000000000572e-30,4.083995023930858e-10,1.3278856160219474e-09,2.2653986927804628e-11,7.19008087465333e-11
1.78,1339.3060093137692,5.159176195946517,0.1699683514197213,11.896613753623164,0.4951750871338418,0.07360665300402434,6.123325972292988e-06,4.5510925507372575e-07,1.012581621062372e-12,1.1945123234274372e-12,1.8511422841947536e-13,4.367474630970108e-13,9.907121733231488e-08,1.2423471466761702e-07,0.19740042893646997,0.2622105214857667,1.3936839789579105e-15,3.3917587866539443e-15,2.299626562571163e-13,5.767435942263613e-13,9.473721010822639e-13,9.798354408112383e-13,2.8889462955542834e-06,3.2026586807136908e-06,0.011507005716806532,0.013611803409979563,0.25615569579682695,0.5290355805921994,0.03342299689080468,0.10845626512172923,8.481720106908971e-08,1.8147598778096007e-07,2.7744841109652153e-06,6.142532712842729e-06,8.605237947109729e-07,2.03306027967896e-06,1.3827475942396332e-05,2.8602596529593647e-05,3.3692504610300732e-09,7.219823001005309e-09,1.3590196161317558e-06,3.0131927184402533e-06,2.2045174992140137e-11,6.669176917178897e-11,1.291725085771921e-18,1.3340833937213702e-18,5.460945942715684e-12,6.451778753119307e-12,3.4027059761411383e-12,7.281477592332848e-12,1.022224598425594e-15,1.961046955404602e-15,1.3127330875399566e-08,2.6159290454981993e-08,1.989366135944468e-19,6.018880860492507e-19,0.006310750900489888,0.013035386663911692,3.39480990454942e-31,1.0000000000000579e-30,4.081024165751954e-10,1.3269237482919822e-09,2.2639513638636678e-11,7.185509379981748e-11
1.7810000000000001,1339.2582241855243,5.159313215720265,0.16996383744197233,11.90249735813016,0.4951794896367245,0.07360753394030065,6.120312994427233e-06,4.5488671874623086e-07,1.0114283897950649e-12,1.1931555626392178e-12,1.8489986435428834e-13,4.362430477757436e-13,9.900610904452846e-08,1.241534513240661e-07,0.1973969644482235,0.26220672643903525,1.392051679538599e-15,3.38779674336322e-15,2.29770619155084e-13,5.762637408190879e-13,9.461701139468904e-13,9.785952769671496e-13,2.887108101983262e-06,3.2006307259936915e-06,0.011505449526909345,0.013610004452843712,0.25615514034697795,0.5290360614428935,0.03342420633940527,0.10846052350137901,8.47893495118678e-08,1.8141695450518835e-07,2.774527270266366e-06,6.142647167725618e-06,8.601569695148599e-07,2.032199877850586e-06,1.3816940252211888e-05,2.858089105467309e-05,3.366232776300363e-09,7.213378731105622e-09,1.3584232305613323e-06,3.011879692105425e-06,2.202351003252275e-11,6.662643267344618e-11,1.2911636935797123e-18,1.3335076959657015e-18,5.458490643753374e-12,6.448897810608928e-12,3.4008528538997075e-12,7.277534476633632e-12,1.0215248210371365e-15,1.9597105254005212e-15,1.3127292917543386e-08,2.6159295315658145e-08,1.9879740439997468e-19,6.014687557935885e-19,0.006310731480268003,0.013035386663915464,3.3947994576202345e-31,1.0000000000000596e-30,4.0780575185875145e-10,1.3259632388387484e-09,2.262505516977602e-11,7.180942533919168e-11
1.782,1339.2104497986415,5.159450228630346,0.1699593239300777,11.908381118884654,0.4951838884811602,0.073608414061596,6.117301976737829e-06,4.54664325029498e-07,1.0102766768445743e-12,1.191800580146503e-12,1.8468578954759615e-13,4.3573931017612233e-13,9.89410554800163e-08,1.2407225563725145e-07,0.19739350247530554,0.2622029337249096,1.3904215989969611e-15,3.3838400630091338e-15,2.295787796830526e-13,5.757843779517208e-13,9.449699710337786e-13,9.773570092473357e-13,2.8852717450309045e-06,3.1986047828443863e-06,0.011503895236427666,0.013608207680363632,0.2561545838609778,0.529036538168756,0.033425416025924054,0.10846478227172685,8.476151102135706e-08,1.8135794814252023e-07,2.7745703977716925e-06,6.142761529837468e-06,8.597904801509414e-07,2.0313402565309176e-06,1.380641790799351e-05,2.8559212945599626e-05,3.3632191514694483e-09,7.2069430943011645e-09,1.3578275490741355e-06,3.0105682074669748e-06,2.2001872755439635e-11,6.656117926948213e-11,1.290602473812245e-18,1.3329321677383716e-18,5.456036962242143e-12,6.446018737079492e-12,3.3990010457668735e-12,7.273594121424392e-12,1.0208256434104593e-15,1.958375230409347e-15,1.3127255007414578e-08,2.6159300173180647e-08,1.9865831192266336e-19,6.010497738317576e-19,0.0063107120837582725,0.013035386663919225,3.39478902344678e-31,1.0000000000000602e-30,4.0750950754978614e-10,1.3250040854366792e-09,2.2610611497675368e-11,7.176380329126818e-11
1.7830000000000001,1339.162686140482,5.159587234684929,0.16995481088371334,11.914265035878826,0.49518828367701556,0.07360929336977215,6.1142929161960485e-06,4.544420737047871e-07,1.0091264793878037e-12,1.1904473726572807e-12,1.8447200349486958e-13,4.352362491221461e-13,9.887605655286913e-08,1.2399112750167628e-07,0.1973900430095348,0.26219914333405586,1.3887937333459389e-15,3.379888736001426e-15,2.2938713748012324e-13,5.753055047322716e-13,9.437716684564865e-13,9.76120633669054e-13,2.8834372213492952e-06,3.1965808476135704e-06,0.011502342842562789,0.013606413089345312,0.25615402633596046,0.529037010766789,0.033426625954426505,0.1084690414465286,8.473368557089975e-08,1.8129896863784702e-07,2.7746134935004662e-06,6.1428757992532206e-06,8.594243257263238e-07,2.0304814136386646e-06,1.3795908869248316e-05,2.8537562119268197e-05,3.3602095750052007e-09,7.2005160660725005e-09,1.3572325693779285e-06,3.009258259488413e-06,2.198026310839904e-11,6.649600880297006e-11,1.29004142676091e-18,1.332356809355846e-18,5.4535848900682664e-12,6.443141523030825e-12,3.397150549752186e-12,7.269656522556319e-12,1.020127064636333e-15,1.957041068723273e-15,1.3127217144947749e-08,2.615930502756568e-08,1.9851933550866036e-19,6.006311381967916e-19,0.006310692710925346,0.013035386663923006,3.394778602010043e-31,1.000000000000062e-30,4.072136822634553e-10,1.3240462836137202e-09,2.2596182593785032e-11,7.171822756677702e-11
1.784,1339.1149331933852,5.15972423390827,0.1699502983020251,11.920149109104887,0.4951926752277633,0.07361017186574066,6.111285810957561e-06,4.542199646413783e-07,1.0079777950311491e-12,1.1890959373860996e-12,1.8425850569867575e-13,4.347338634545179e-13,9.881111219842677e-08,1.2391006683848615e-07,0.19738658604914502,0.26219535526566207,1.387168078829454e-15,3.3759427533116595e-15,2.291956922954121e-13,5.748271205446422e-13,9.42575202722864e-13,9.748861466572534e-13,2.881604528178811e-06,3.1945589173011005e-06,0.011500792342471979,0.013604620676542566,0.25615346777546405,0.5290374792472226,0.03342783612256842,0.10847330101874132,8.470587315380876e-08,1.8124001597878832e-07,2.7746565575160164e-06,6.14298997614539e-06,8.59058505901963e-07,2.0296233484010134e-06,1.3785413119383584e-05,2.8515938542010657e-05,3.3572040411070267e-09,7.194097634181594e-09,1.3566382908110769e-06,3.0079498467485207e-06,2.195868104383866e-11,6.643092113189097e-11,1.2894805522756673e-18,1.3317816206786703e-18,5.451134428143774e-12,6.440266169626069e-12,3.395301364506048e-12,7.265721677251806e-12,1.0194290839967908e-15,1.955708039001347e-15,1.3127179330068255e-08,2.6159309878811114e-08,1.9838047532750185e-19,6.002128494129004e-19,0.006310673361733804,0.013035386663926734,3.3947681932909774e-31,1.0000000000000617e-30,4.0691827543646955e-10,1.3230898315689899e-09,2.2581768435680673e-11,7.167269809588664e-11
1.7850000000000001,1339.0671909397684,5.159861226324389,0.16994578618416706,11.926033338555074,0.49519706313692263,0.07361104955041978,6.108280659042274e-06,4.5399799769845e-07,1.0068306213399096e-12,1.187746271498916e-12,1.8404529565903167e-13,4.3423215200788116e-13,9.874622234989336e-08,1.2382907356614366e-07,0.19738313159232362,0.2621915695188535,1.3855446316517513e-15,3.372002105814498e-15,2.290044438679227e-13,5.743492247473392e-13,9.413805703056326e-13,9.73653544600433e-13,2.879773662701198e-06,3.192538988841691e-06,0.011499243733323639,0.013602830438722211,0.2561529081829628,0.5290379436201537,0.03342904652806106,0.10847756098150159,8.46780737614487e-08,1.8118109014879203e-07,2.7746995898803717e-06,6.1431040606835924e-06,8.586930202896058e-07,2.028766059928832e-06,1.3774930639614538e-05,2.8494342175622775e-05,3.354202543446826e-09,7.1876877852595035e-09,1.3560447125630175e-06,3.006642967495778e-06,2.1937126513786748e-11,6.636591611298197e-11,1.2889198502386766e-18,1.3312066016006225e-18,5.448685577452597e-12,6.437392678113197e-12,3.3934534886042407e-12,7.2617895825733515e-12,1.0187317007521994e-15,1.95437613986097e-15,1.3127141562701585e-08,2.6159314726914944e-08,1.9824173144149373e-19,5.997949076798469e-19,0.006310654036148337,0.01303538666393051,3.3947577972705746e-31,1.0000000000000638e-30,4.066232864310678e-10,1.3221347272593825e-09,2.2567369000389527e-11,7.162721480702161e-11
1.786,1339.0194593665406,5.15999821194312,0.1699412745297604,11.931917724221634,0.4952014474136121,0.07361192642555754,6.105277457409902e-06,4.537761726563554e-07,1.0056849555044553e-12,1.1863983717192405e-12,1.838323728711774e-13,4.337311136055529e-13,9.868138692163411e-08,1.237481475794784e-07,0.19737967963162353,0.2621877860852616,1.3839233878215979e-15,3.3680667839084343e-15,2.2881339183914014e-13,5.738718164542402e-13,9.401877673404925e-13,9.724228235383664e-13,2.8779446215811688e-06,3.190521058596631e-06,0.011497697012335651,0.013601042372708974,0.2561523475562961,0.5290384038840223,0.03343025717425982,0.10848182134625764,8.465028736728866e-08,1.8112219109300745e-07,2.7747425906166197e-06,6.1432180529510195e-06,8.583278680062467e-07,2.027909546163956e-06,1.3764461389833568e-05,2.847277293778999e-05,3.3512050705944093e-09,7.181286495003281e-09,1.3554518323644488e-06,3.005337616744127e-06,2.1915599466068182e-11,6.630099359025626e-11,1.288359320926396e-18,1.3306317524226515e-18,5.446238330976006e-12,6.434521040285032e-12,3.391606920050014e-12,7.2578602343578224e-12,1.0180349139932466e-15,1.9530453695938846e-15,1.3127103842781641e-08,2.6159319571891025e-08,1.9810310323595275e-19,5.993773111490724e-19,0.006310634734133775,0.013035386663934272,3.3947474139299235e-31,1.0000000000000652e-30,4.063287138768498e-10,1.3211809662594876e-09,2.255298425955082e-11,7.158177761149987e-11
1.7870000000000001,1338.9717384565424,5.1601351907872575,0.16993676333799979,11.937802266096844,0.49520582806183366,0.07361280249214254,6.102276204357615e-06,4.5355448939485067e-07,1.0045407951869924e-12,1.1850522353271128e-12,1.83619736847036e-13,4.3323074711017747e-13,9.861660585131843e-08,1.2366728880254112e-07,0.19737623016474595,0.26218400496336003,1.3823043436720884e-15,3.364136778781004e-15,2.2862253596779866e-13,5.733948950732643e-13,9.389967904012872e-13,9.711939799638902e-13,2.876117402135127e-06,3.1885051236495943e-06,0.011496152176678019,0.013599256475271031,0.25615178589843474,0.5290388600478748,0.0334314680593765,0.10848608210776824,8.46225139661977e-08,1.8106331880237269e-07,2.7747855597851694e-06,6.143331953113589e-06,8.579630487498379e-07,2.027053806420778e-06,1.3754005355202624e-05,2.8451230798468088e-05,3.3482116171935877e-09,7.1748937521254495e-09,1.354859649667598e-06,3.004033793324454e-06,2.1894099853905215e-11,6.623615342405152e-11,1.2877989641761148e-18,1.3300570729921336e-18,5.44379268876216e-12,6.431651256283562e-12,3.389761657575646e-12,7.253933630002081e-12,1.0173387230286057e-15,1.9517157269099787e-15,1.3127066170234983e-08,2.615932441373896e-08,1.9796459088031277e-19,5.98960060344405e-19,0.006310615455654876,0.013035386663937993,3.3947370432500667e-31,1.000000000000064e-30,4.060345572698127e-10,1.3202285469609143e-09,2.2538614191355735e-11,7.15363864414328e-11
1.788,1338.9240281938505,5.160272162875771,0.16993225260820594,11.943686964172997,0.49521020508702107,0.0736136777513745,6.099276897461505e-06,4.5333294774007677e-07,1.0033981378091263e-12,1.1837078593186062e-12,1.8340738708560466e-13,4.3273105135385153e-13,9.855187906459175e-08,1.2358649714429694e-07,0.1973727831879381,0.2621802261496847,1.3806874953320355e-15,3.360212081122185e-15,2.284318759541274e-13,5.729184598655548e-13,9.378076358407903e-13,9.699670101410548e-13,2.874292001342539e-06,3.1864911807105176e-06,0.011494609223553711,0.013597472743215086,0.2561512232108891,0.5290393121177289,0.03343267918308604,0.10849034326553757,8.459475354217674e-08,1.8100447324456514e-07,2.7748284974338084e-06,6.143445761309132e-06,8.575985619324412e-07,2.026198839338143e-06,1.3743562508315191e-05,2.8429715701611804e-05,3.3452221748623923e-09,7.168509538853916e-09,1.3542681630693226e-06,3.002731494170938e-06,2.187262762785642e-11,6.617139546664037e-11,1.287238780026312e-18,1.3294825633641854e-18,5.441348649025373e-12,6.428783324083891e-12,3.3879176995179438e-12,7.250009766056339e-12,1.0166431270494501e-15,1.9503872102936048e-15,1.3127028544990484e-08,2.615932925246234e-08,1.978261941853523e-19,5.985431547045003e-19,0.006310596200676577,0.0130353866639417,3.394726685212139e-31,1.0000000000000623e-30,4.057408156766799e-10,1.3192774663593746e-09,2.2524258770740957e-11,7.149104121859759e-11
1.7890000000000001,1338.8763285640975,5.160409128222713,0.16992774233986152,11.949571818442408,0.49521457849656947,0.0736145522047439,6.096279534176767e-06,4.531115475091737e-07,1.0022569807462814e-12,1.1823652406351933e-12,1.8319532309180156e-13,4.3223202518259646e-13,9.848720648458729e-08,1.2350577251055487e-07,0.19736933869548262,0.2621764496381586,1.3790728389553936e-15,3.3562926816827818e-15,2.282414114831873e-13,5.724425100541747e-13,9.366202999771955e-13,9.687419102980188e-13,2.8724684161203916e-06,3.184479226419907e-06,0.011493068150177713,0.013595691173361785,0.2561506594931924,0.5290397600955122,0.0334338905470377,0.10849460482547542,8.456700607642269e-08,1.8094565438125826e-07,2.7748714035980366e-06,6.1435594776482125e-06,8.57234406880991e-07,2.025344643353691e-06,1.3733132818249646e-05,2.840822758390245e-05,3.3422367343938444e-09,7.162133835648025e-09,1.3536773709215976e-06,3.0014307156746604e-06,2.1851182737997587e-11,6.610671956882902e-11,1.2866787685987394e-18,1.3289082236799e-18,5.43890620707811e-12,6.425917238232465e-12,3.3860750441524902e-12,7.24608863893952e-12,1.0159481252296558e-15,1.949059818195836e-15,1.312699096697998e-08,2.6159334088070363e-08,1.9768791281029673e-19,5.981265932094419e-19,0.006310576969163906,0.01303538666394547,3.3947163397973283e-31,1.0000000000000647e-30,4.0544748804210864e-10,1.3183277210535739e-09,2.2509917971839718e-11,7.144574186221748e-11
1.79,1338.8286395500645,5.160546086851297,0.16992323253214786,11.955456828897413,0.49521894829421,0.07361542585319615,6.093284112537358e-06,4.5289028856228484e-07,1.0011173215879793e-12,1.1810243764708051e-12,1.8298354437230745e-13,4.317336674465491e-13,9.842258804502776e-08,1.2342511482039815e-07,0.19736589668533308,0.2621726754275791,1.3774603707959386e-15,3.3523785714562e-15,2.28051142295567e-13,5.7196704500142e-13,9.3543477932567e-13,9.675186768665483e-13,2.870646643678219e-06,3.182469257742441e-06,0.01149152895374576,0.013593911762508782,0.256150094748539,0.5290402039907116,0.033435102149215794,0.1084988667815981,8.453927156017243e-08,1.8088686219560415e-07,2.7749142783378186e-06,6.143673102295521e-06,8.568705832044142e-07,2.024491217571246e-06,1.3722716266183226e-05,2.8386766407046952e-05,3.339255289477137e-09,7.1557666291727765e-09,1.3530872724040872e-06,3.0001314560617674e-06,2.182976513689442e-11,6.604212558895095e-11,1.2861189297848773e-18,1.3283340538425153e-18,5.436465363460216e-12,6.423052999451533e-12,3.3842336900668038e-12,7.2421702457378386e-12,1.0152537168364398e-15,1.94773354924673e-15,1.3126953436130102e-08,2.6159338920561662e-08,1.9754974683699172e-19,5.977103761179689e-19,0.006310557761081835,0.013035386663949166,3.394706006986795e-31,1.0000000000000628e-30,4.0515457372725705e-10,1.3173793089963897e-09,2.2495591771880875e-11,7.140048830133765e-11
1.7910000000000001,1338.7809611360685,5.160683038779888,0.1699187231844059,11.961341995530372,0.495223314485567,0.07361629869795756,6.090290630299812e-06,4.526691707389212e-07,9.999791578264722e-13,1.1796852639045122e-12,1.827720504351134e-13,4.3123597699889516e-13,9.835802367462486e-08,1.2334452398662092e-07,0.19736245715354114,0.2621689035142151,1.3758500870750689e-15,3.3484697413567092e-15,2.278610681051528e-13,5.714920640025817e-13,9.342510703179895e-13,9.662973061920395e-13,2.868826681091453e-06,3.180461271493982e-06,0.011489991631471587,0.013592134507474792,0.2561495289782096,0.529040643808857,0.03343631398951525,0.10850312913412113,8.451154997971276e-08,1.8082809666016002e-07,2.774957121700325e-06,6.14378663538739e-06,8.56507090372663e-07,2.02363856076622e-06,1.371231282735778e-05,2.836533212047257e-05,3.3362778323886226e-09,7.149407903065013e-09,1.3524978662882714e-06,2.998833712653251e-06,2.1808374776057583e-11,6.597761338214235e-11,1.285559263592351e-18,1.327760053875201e-18,5.434026116024936e-12,6.4201906052890484e-12,3.3823936357003803e-12,7.238254583220513e-12,1.0145599010936975e-15,1.946408401993149e-15,1.3126915952370453e-08,2.6159343749940627e-08,1.9741169610918477e-19,5.972945029684052e-19,0.006310538576395496,0.013035386663952894,3.394695686761776e-31,1.000000000000063e-30,4.0486207188897566e-10,1.3164322274762963e-09,2.248128014663972e-11,7.135528046038627e-11
1.792,1338.733293304938,5.160819984031706,0.16991421429581707,11.967227318333672,0.49522767707429566,0.07361717073996035,6.0872990853510885e-06,4.5244819388826854e-07,9.988424870114303e-13,1.1783479000829926e-12,1.8256084078465508e-13,4.307389526843828e-13,9.829351330488878e-08,1.2326399992551987e-07,0.19735902009812828,0.2621651338969467,1.3742419840070423e-15,3.3445661822808155e-15,2.2767118864217553e-13,5.710175663939028e-13,9.330691694387182e-13,9.650777946743542e-13,2.86700852551088e-06,3.1784552645737383e-06,0.011488456180567928,0.013590359405076961,0.2561489621854446,0.5290410795595155,0.0334375260658705,0.108507391876896,8.448384132419515e-08,1.8076935775360658e-07,2.7749999337448174e-06,6.143900077086798e-06,8.561439279429294e-07,2.0227866719200527e-06,1.3701922480645665e-05,2.834392468111435e-05,3.3333043562673347e-09,7.143057642809569e-09,1.3519091515956892e-06,2.997537483324395e-06,2.1787011607712215e-11,6.591318280569459e-11,1.2849997699457506e-18,1.3271862237153217e-18,5.431588465514005e-12,6.417330056705396e-12,3.3805548795602824e-12,7.234341648301013e-12,1.0138666772458277e-15,1.9450843750211782e-15,1.3126878515627778e-08,2.6159348576205407e-08,1.9727376064274103e-19,5.96878973819806e-19,0.006310519415070071,0.013035386663956603,3.394685379103543e-31,1.0000000000000607e-30,4.045699818103228e-10,1.3154864741920307e-09,2.246698307280537e-11,7.131011826668766e-11
1.793,1338.6856360439879,5.16095692261568,0.1699097058660333,11.973112797299708,0.4952320360697065,0.07361804198097668,6.084309474732733e-06,4.5222735779666134e-07,9.97707306389437e-13,1.1770122817952535e-12,1.8234991492665408e-13,4.302425933507503e-13,9.822905685196947e-08,1.2318354253412384e-07,0.19735558551143764,0.2621613665671082,1.3726360576885033e-15,3.3406678848384376e-15,2.2748150355560594e-13,5.705435513077839e-13,9.31889072903902e-13,9.638601384355027e-13,2.8651921736699044e-06,3.17645123341804e-06,0.011486922598289267,0.01358858645218155,0.25614839436779896,0.5290415112405071,0.033438738381900944,0.10851165502222145,8.445614556783128e-08,1.8071064542265413e-07,2.7750427144925055e-06,6.1440134274724255e-06,8.557810950526349e-07,2.0219355490223313e-06,1.3691545186986491e-05,2.8322544008809538e-05,3.3303348499767987e-09,7.136715824728539e-09,1.3513211261155218e-06,2.996242763217897e-06,2.1765675580678377e-11,6.584883370659187e-11,1.2844404491171666e-18,1.3266125636591223e-18,5.42915240453045e-12,6.414471345045033e-12,3.378717419700565e-12,7.2304314369231275e-12,1.0131740444034341e-15,1.9437614666601278e-15,1.3126841125837233e-08,2.615935339937067e-08,1.9713593982743812e-19,5.964637868368845e-19,0.006310500277070849,0.013035386663960324,3.394675083993432e-31,1.0000000000000617e-30,4.042783021570312e-10,1.314542044834957e-09,2.2452700522588792e-11,7.126500163334881e-11
1.794,1338.6379893358371,5.161093854555803,0.1699051978942107,11.978998432420903,0.49523639147515136,0.07361891242189265,6.081321796716752e-06,4.520066623418778e-07,9.96573613646174e-13,1.175678406348203e-12,1.8213927237702548e-13,4.297468978697451e-13,9.81646542538256e-08,1.231031517368057e-07,0.19735215339179313,0.2621576015239773,1.371032304475724e-15,3.3367748402710336e-15,2.2729201260600063e-13,5.700700181564593e-13,9.307107773339846e-13,9.626443340156492e-13,2.8633776229080912e-06,3.1744491751350804e-06,0.011485390881845154,0.013586815645601479,0.2561478255287961,0.529041938861976,0.033439950935252594,0.10851591856301154,8.442846270522129e-08,1.8065195965763464e-07,2.7750854640062034e-06,6.1441266867150404e-06,8.554185914004999e-07,2.0210851913887477e-06,1.368118093155369e-05,2.8301190073523817e-05,3.3273693081881096e-09,7.130382437588693e-09,1.3507337892944042e-06,2.9949495511513493e-06,2.174436664881809e-11,6.578456594706671e-11,1.2838813009397665e-18,1.326039073549492e-18,5.4267179340223325e-12,6.411614471511753e-12,3.376881254842548e-12,7.226523946458357e-12,1.0124820018762838e-15,1.94243967562132e-15,1.3126803782925703e-08,2.6159358219434464e-08,1.9699823385403806e-19,5.960489426078159e-19,0.006310481162363119,0.013035386663964033,3.39466480141276e-31,1.0000000000000612e-30,4.0398703242706974e-10,1.3135989378024186e-09,2.2438432474428634e-11,7.12199304932401e-11
1.795,1338.5903531664376,5.161230779865455,0.16990069037985508,11.984884223689699,0.4952407432981668,0.07361978206421571,6.078336049017473e-06,4.51786107360231e-07,9.95441406266252e-13,1.1743462708114262e-12,1.8192891265477513e-13,4.29251865120363e-13,9.810030543816479e-08,1.2302282744507747e-07,0.19734872373331983,0.26215383876125076,1.3694307206635002e-15,3.3328870396700977e-15,2.2710271549893595e-13,5.695969662142325e-13,9.295342791736588e-13,9.614303777730544e-13,2.8615648702886274e-06,3.1724490865264914e-06,0.01148386102847471,0.01358504698218437,0.2561472556677525,0.5290423624253717,0.033441163727777126,0.10852018250582707,8.440079272084244e-08,1.8059330042721617e-07,2.775128182320821e-06,6.144239854923567e-06,8.55056416398333e-07,2.020235597657041e-06,1.3670829687307262e-05,2.827986281995607e-05,3.3244077226653123e-09,7.124057463926578e-09,1.3501471397383948e-06,2.9936578440784397e-06,2.1723084763750772e-11,6.572037938256133e-11,1.2833223254894339e-18,1.3254657534799741e-18,5.424285048921265e-12,6.408759430200789e-12,3.3750463834100287e-12,7.222619173641242e-12,1.0117905488866241e-15,1.941119000448077e-15,1.3126766486826067e-08,2.6159363036406478e-08,1.9686064243543584e-19,5.956344402748928e-19,0.006310462070912232,0.013035386663967682,3.3946545313428926e-31,1.0000000000000563e-30,4.0369617169750367e-10,1.3126571501230655e-09,2.2424178903744418e-11,7.11749047696455e-11
1.796,1338.5427275163815,5.161367698575255,0.16989618332190465,11.990770171098566,0.49524509153933327,0.0736206509084184,6.0753522296647715e-06,4.5156569271147274e-07,9.943106818789265e-13,1.1730158724250342e-12,1.8171883525966032e-13,4.2875749393614e-13,9.803601034006116e-08,1.2294256957968345e-07,0.1973452965371056,0.26215007828187165,1.3678313024519414e-15,3.329004473896331e-15,2.269136119861819e-13,5.691243948712296e-13,9.283595749892077e-13,9.602182661916212e-13,2.859753913062751e-06,3.1704509646022256e-06,0.011482333035404278,0.013583280458762457,0.25614668479093106,0.5290427819464855,0.03344237675437456,0.10852444683466875,8.437313560738022e-08,1.8053466771762575e-07,2.775170869513944e-06,6.144352932301352e-06,8.546945697168969e-07,2.0193867670767078e-06,1.3660491437803542e-05,2.8258562214723083e-05,3.321450087666666e-09,7.117740891623137e-09,1.3495611767899045e-06,2.9923676405854305e-06,2.170182987882645e-11,6.565627387374801e-11,1.282763522577225e-18,1.3248926032705572e-18,5.421853754433531e-12,6.405906227346628e-12,3.3732128039838985e-12,7.218717115542241e-12,1.011099684702747e-15,1.9397994397719657e-15,1.3126729237461371e-08,2.6159367850276545e-08,1.9672316582993092e-19,5.952202806305909e-19,0.006310443002683697,0.01303538666397141,3.394644273765269e-31,1.0000000000000561e-30,4.034057194152214e-10,1.3117166800279672e-09,2.2409939788479188e-11,7.1129924393855e-11
1.797,1338.4951123745277,5.1615046106894455,0.1698916767201662,11.996656274639983,0.4952494362097513,0.07362151895653585,6.072370335712258e-06,4.5134541818277343e-07,9.931814377421206e-13,1.1716872079909424e-12,1.8150903970940893e-13,4.282637831929652e-13,9.797176887558514e-08,1.228623780375297e-07,0.19734187179368717,0.2621463200747618,1.366234046026875e-15,3.3251271337753015e-15,2.267247017129428e-13,5.686523032502584e-13,9.271866610273306e-13,9.590079954245714e-13,2.8579447479777394e-06,3.168454805813338e-06,0.011480806899912125,0.013581516072229015,0.25614611289404066,0.5290431974193,0.033443590020502754,0.1085287115677968,8.434549133805646e-08,1.8047606147343812e-07,2.7752135255954417e-06,6.14446591890171e-06,8.543330504571555e-07,2.018538697550894e-06,1.3650166142662412e-05,2.8237288174923737e-05,3.318496391776891e-09,7.111432696400486e-09,1.348975898137177e-06,2.9910789355906708e-06,2.1680601943187524e-11,6.559224926856319e-11,1.2822048925280511e-18,1.3243196232719185e-18,5.419424040485221e-12,6.403054851130045e-12,3.3713805146323913e-12,7.214817768134401e-12,1.0104094084426678e-15,1.9384809919361397e-15,1.312669203476998e-08,2.6159372661064494e-08,1.9658580328427003e-19,5.948064614067289e-19,0.006310423957643025,0.013035386663975114,3.394634028661346e-31,1.000000000000055e-30,4.0311567419907903e-10,1.3107775230556536e-09,2.2395715100742543e-11,7.108498927863886e-11
1.798,1338.4475077228026,5.161641516234463,0.16988717057371605,12.00254253430646,0.49525377731169085,0.07362238620929087,6.069390365513893e-06,4.5112528365794743e-07,9.920536715898763e-13,1.1703602748726613e-12,1.8129952552183098e-13,4.2777073176688496e-13,9.790758098463593e-08,1.227822527454013e-07,0.19733844950246304,0.2621425641406163,1.3646389477693745e-15,3.3212550106074737e-15,2.2653598445028254e-13,5.6818069078977e-13,9.260155339659589e-13,9.57799562071052e-13,2.8561373724343154e-06,3.1664606073352125e-06,0.011479282619225501,0.013579753819416918,0.25614553998163797,0.5290436088560754,0.03344480352276289,0.10853297669473107,8.431785990905566e-08,1.8041748168836043e-07,2.7752561506343094e-06,6.144578814908897e-06,8.539718583674709e-07,2.017691388512313e-06,1.3639853789156083e-05,2.82160406748579e-05,3.3155466301805622e-09,7.105132868123493e-09,1.3483913033677368e-06,2.9897917282236847e-06,2.1659400911456163e-11,6.552830543151712e-11,1.2816464351313243e-18,1.3237468132816418e-18,5.4169959095509926e-12,6.4002053045577934e-12,3.3695495141219623e-12,7.210921128884824e-12,1.0097197194318922e-15,1.9371636556817626e-15,1.3126654878677654e-08,2.6159377468765226e-08,1.9644855509299243e-19,5.94392983505383e-19,0.00631040493575576,0.013035386663978821,3.3946237960125827e-31,1.0000000000000546e-30,4.028260356202383e-10,1.3098396778411007e-09,2.238150481963482e-11,7.104009935895361e-11
1.799,1338.3999135478662,5.161778415221713,0.1698826648821254,12.008428950090519,0.49525811485334725,0.0736232526682852,6.066412316398741e-06,4.5090528894460904e-07,9.909273807940969e-13,1.1690350700063397e-12,1.8109029221218948e-13,4.2727833852788533e-13,9.784344658879182e-08,1.227021936071002e-07,0.19733502965687685,0.2621388104722123,1.3630460038878405e-15,3.3173880952726627e-15,2.263474598738813e-13,5.677095566889366e-13,9.248461901591214e-13,9.565929623950557e-13,2.8543317833315928e-06,3.1644683657869134e-06,0.011477760190620231,0.013577993697216004,0.2561449660523195,0.5290440162567475,0.033446017263720776,0.10853724222434448,8.42902412989664e-08,1.8035892831844213e-07,2.775298744658829e-06,6.144691620416867e-06,8.536109927068364e-07,2.016844838237338e-06,1.362955434357662e-05,2.819481964542268e-05,3.3126007930557883e-09,7.098841385927618e-09,1.3478073906273024e-06,2.988506014416909e-06,2.1638226734180935e-11,6.546444221478917e-11,1.2810881505714217e-18,1.3231741735051952e-18,5.4145693557104156e-12,6.3973575807175176e-12,3.3677198006672238e-12,7.2070271940792745e-12,1.0090306168327917e-15,1.9358474294368994e-15,1.3126617769118947e-08,2.6159382273390388e-08,1.963114207880211e-19,5.939798455211581e-19,0.0063103859369876055,0.013035386663982537,3.3946135758005304e-31,1.0000000000000547e-30,4.0253680252856246e-10,1.3089031406737819e-09,2.2367308918981427e-11,7.099525455300815e-11
1.8,1338.3523298316404,5.1619153076777815,0.1698781596444659,12.01431552198471,0.4952624488368704,0.07362411833422225,6.063436186619828e-06,4.5068543391904104e-07,9.898025630642793e-13,1.1677115907263033e-12,1.808813392970915e-13,4.2678660234908707e-13,9.777936562649147e-08,1.226222005475686e-07,0.19733161225643614,0.2621350590703834,1.3614552107386664e-15,3.3135263790105817e-15,2.2615912774807137e-13,5.672389003692553e-13,9.23678626268419e-13,9.553881929785983e-13,2.8525279780329304e-06,3.1624780783020855e-06,0.011476239611338066,0.01357623570247575,0.2561443911107296,0.5290444196337459,0.033447231239885536,0.1085415081458559,8.426263550255553e-08,1.8030040135434873e-07,2.7753413077377423e-06,6.1448043356091905e-06,8.532504531893007e-07,2.0159990460774683e-06,1.3619267791666982e-05,2.8173625057750712e-05,3.309658875224506e-09,7.0925582388994546e-09,1.3472241593978057e-06,2.9872217930654982e-06,2.161707936581064e-11,6.540065948235388e-11,1.2805300386590452e-18,1.3226017037620878e-18,5.4121443816745285e-12,6.394511682894892e-12,3.3658913729796205e-12,7.2031359610666095e-12,1.0083420999556265e-15,1.9345323119132826e-15,1.3126580706019695e-08,2.6159387074934428e-08,1.9617440060331757e-19,5.935670481727943e-19,0.006310366961304199,0.013035386663986194,3.3946033680067145e-31,1.0000000000000532e-30,4.022479744435505e-10,1.3079679100205014e-09,2.2353127377543893e-11,7.095045479467636e-11
1.801,1338.3047565602747,5.162052193615834,0.1698736548602512,12.020202249981601,0.4952667792696884,0.07362498320858821,6.060461973541288e-06,4.5046571839143474e-07,9.886792157961293e-13,1.1663898339965536e-12,1.8067266629167907e-13,4.2629552210010425e-13,9.771533802026907e-08,1.2254227347179613e-07,0.19732819729534645,0.26213130992891304,1.3598665645340691e-15,3.3096698527096493e-15,2.2597098775410284e-13,5.667687210437983e-13,9.225128386756772e-13,9.541852501141823e-13,2.8507259534666915e-06,3.160489741531904e-06,0.011474720878664038,0.013574479832096352,0.2561438151562033,0.5290448189885205,0.033448445453078395,0.10854577446571985,8.423504249924144e-08,1.80241900753897e-07,2.775383839903713e-06,6.144916960589403e-06,8.528902391011943e-07,2.0151540103735233e-06,1.3608994100856365e-05,2.815245684508745e-05,3.306720867141642e-09,7.08628340676648e-09,1.3466416079012757e-06,2.985939060270838e-06,2.1595958757271063e-11,6.533695708752067e-11,1.2799720995518364e-18,1.3220294042301144e-18,5.409720982674099e-12,6.391667605537304e-12,3.3640642292924895e-12,7.199247426172143e-12,1.007654167969564e-15,1.933218301551832e-15,1.3126543689313643e-08,2.615939187340684e-08,1.9603749411717844e-19,5.931545901951493e-19,0.006310348008671421,0.01303538666398988,3.3945931726127677e-31,1.0000000000000532e-30,4.019595502549734e-10,1.3070339823003034e-09,2.2338960169493532e-11,7.09057000032578e-11
1.802,1338.2571937161256,5.1621890730611915,0.16986915052859475,12.026089134073787,0.4952711061544218,0.07362584729215493,6.057489675461214e-06,4.502461422413937e-07,9.875573367191178e-13,1.1650697971747544e-12,1.804642727178243e-13,4.2580509666639365e-13,9.765136370928166e-08,1.224624123056149e-07,0.19732478477263882,0.26212756304799567,1.3582800616752757e-15,3.3058185077180124e-15,2.2578303965862617e-13,5.662990181398067e-13,9.21348824069927e-13,9.52984130411957e-13,2.8489257070233067e-06,3.15850335263971e-06,0.011473203989850132,0.013572726082938845,0.2561432381928896,0.5290452143324667,0.03344965990029993,0.10855004117474762,8.420746228408096e-08,1.8018342650836464e-07,2.775426341222581e-06,6.145029495534527e-06,8.525303501613655e-07,2.014309730488204e-06,1.3598733257182123e-05,2.813131497917079e-05,3.3037867637138137e-09,7.0800168787956104e-09,1.346059735636364e-06,2.9846578149649137e-06,2.157486486333642e-11,6.527333489523753e-11,1.2794143330662239e-18,1.3214572747346365e-18,5.407299160707867e-12,6.388825351088488e-12,3.3622383683449288e-12,7.195361586803389e-12,1.0069668201944679e-15,1.9319053970825225e-15,1.3126506718927544e-08,2.6159396668803312e-08,1.9590070153679492e-19,5.927424722259173e-19,0.006310329079055059,0.01303538666399355,3.394582989600281e-31,1.0000000000000497e-30,4.016715294918809e-10,1.3061013560108664e-09,2.232480727377209e-11,7.086099011319117e-11
1.803,1338.2096412874166,5.162325946020527,0.16986464664922415,12.031976174253872,0.49527542950101344,0.07362671058678072,6.054519289291754e-06,4.5002670524548314e-07,9.86436923076747e-13,1.163751477045114e-12,1.8025615809072287e-13,4.2531532491760857e-13,9.758744260812807e-08,1.2238261694405144e-07,0.19732137467998906,0.2621238184180473,1.3566956983067871e-15,3.3019723347585915e-15,2.2559528310161984e-13,5.658297907667647e-13,9.201865787026834e-13,9.517848300293989e-13,2.847127235417303e-06,3.1565189080392826e-06,0.011471688942211074,0.013570974451937976,0.256142660217575,0.5290456056617578,0.033450874585917396,0.10855430828765364,8.417989482871897e-08,1.801249785589263e-07,2.7754688117093583e-06,6.145141940508878e-06,8.521707854412548e-07,2.0134662042544484e-06,1.3588485218882468e-05,2.8110199374229e-05,3.300856553211602e-09,7.07375863003205e-09,1.345478540190067e-06,2.983378051840772e-06,2.1553797633296457e-11,6.520979275385282e-11,1.2788567395331026e-18,1.3208853156323334e-18,5.404878907386818e-12,6.385984909718559e-12,3.360413788127665e-12,7.1914784387659255e-12,1.0062800557288162e-15,1.930593596810467e-15,1.3126469794799087e-08,2.615940146114057e-08,1.957640221528941e-19,5.923306921297856e-19,0.0063103101724211325,0.013035386663997261,3.394572818950984e-31,1.0000000000000498e-30,4.013839107283407e-10,1.305170026544473e-09,2.231066866229837e-11,7.081632503661887e-11
1.804,1338.1620992566468,5.162462812518781,0.16986014322126575,12.037863370514488,0.49527974931223817,0.07362757309325953,6.051550813643117e-06,4.498074073064803e-07,9.853179727070032e-13,1.1624348710931015e-12,1.8004832194344828e-13,4.2482620576555327e-13,9.752357466107374e-08,1.2230288731933422e-07,0.1973179670162733,0.262120076039053,1.3551134709583287e-15,3.2981313254916276e-15,2.2540771787299495e-13,5.653610384101901e-13,9.190260993736144e-13,9.505873456908638e-13,2.8453305361910376e-06,3.154536405062111e-06,0.011470175732998186,0.013569224935953578,0.2561420812342345,0.5290459929874233,0.03345208950709884,0.10855857579579141,8.415234013240452e-08,1.8006655690582317e-07,2.7755112514303416e-06,6.145254295690419e-06,8.518115447661105e-07,2.012623431286228e-06,1.357824997677291e-05,2.8089110011880836e-05,3.297930231706947e-09,7.067508652238904e-09,1.3448980213832582e-06,2.98209977054465e-06,2.153275702324866e-11,6.51463305323075e-11,1.2782993187062212e-18,1.3203135266837767e-18,5.402460224273316e-12,6.38314628335532e-12,3.35859048755449e-12,7.187597979840662e-12,1.0055938739459514e-15,1.929282899568077e-15,1.3126432916855704e-08,2.61594062504153e-08,1.956274562868664e-19,5.919192508899357e-19,0.006310291288735522,0.013035386664000984,3.39456266064652e-31,1.0000000000000505e-30,4.0109669365587157e-10,1.3042399929269207e-09,2.2296544315372242e-11,7.077170471228382e-11
1.805,1338.1145676088404,5.162599672572984,0.16985564024410646,12.043750722848287,0.4952840655938711,0.07362843481282888,6.048584245937305e-06,4.4958824823881987e-07,9.842004830495866e-13,1.161119976334169e-12,1.798407637899813e-13,4.243377380769305e-13,9.745975979238893e-08,1.2222322333860794e-07,0.1973145617773397,0.26211633590696626,1.3535333758411686e-15,3.2942954708018794e-15,2.2522034366463086e-13,5.648927603096745e-13,9.178673825160695e-13,9.493916737416723e-13,2.84353560632581e-06,3.1525558404174335e-06,0.011468664359514071,0.01356747753190557,0.2561415012438068,0.5290463763142034,0.03345330466405377,0.10856284370038095,8.412479817611677e-08,1.8000816151019543e-07,2.7755536604275752e-06,6.14536656120322e-06,8.514526274752337e-07,2.011781410049233e-06,1.3568027500465629e-05,2.8068046829879767e-05,3.295007790184533e-09,7.0612669262765455e-09,1.3443181775848747e-06,2.980822967503172e-06,2.1511742984827165e-11,6.508294808603197e-11,1.2777420706887363e-18,1.3197419080103683e-18,5.400043108964548e-12,6.380309469241318e-12,3.356768464889025e-12,7.183720206416691e-12,1.0049082740263205e-15,1.9279733038175518e-15,1.3126396085029252e-08,2.615941103663214e-08,1.9549100364180608e-19,5.915081476187116e-19,0.006310272427964309,0.013035386664004677,3.3945525146686506e-31,1.0000000000000514e-30,4.0080987724106626e-10,1.3033112518266662e-09,2.2282434207820882e-11,7.072712906155295e-11
1.806,1338.0670463281658,5.162736526202902,0.16985113771704324,12.049638231247942,0.49528837835063827,0.0736292957465706,6.045619584200848e-06,4.493692279018621e-07,9.8308445175012e-13,1.1598067900266099e-12,1.7963348315753108e-13,4.238499207496184e-13,9.739599793646356e-08,1.2214362492170433e-07,0.19731115896009493,0.2621125980191475,1.351955409353897e-15,3.290464762029723e-15,2.2503316021707005e-13,5.644249558268375e-13,9.167104247595617e-13,9.481978107299396e-13,2.8417424430922056e-06,3.1505772111350962e-06,0.011467154819044074,0.013565732236693372,0.25614092024827706,0.5290467556490015,0.033454520055938027,0.10856711199922334,8.40972689498063e-08,1.7994979235237813e-07,2.7755960387522974e-06,6.145478737191726e-06,8.510940331441119e-07,2.010940139567157e-06,1.3557817769946541e-05,2.8047009787437663e-05,3.2920892221289604e-09,7.055033438362208e-09,1.3437390078714587e-06,2.9795476407118825e-06,2.149075547204575e-11,6.501964527765152e-11,1.277184995421356e-18,1.3191704595657112e-18,5.3976275603926254e-12,6.3774744661962295e-12,3.35494771872802e-12,7.179845115595863e-12,1.0042232552501677e-15,1.926664808212493e-15,1.3126359299250224e-08,2.6159415819793072e-08,1.9535466418831246e-19,5.910973822378393e-19,0.0063102535900735925,0.013035386664008358,3.3945423809991305e-31,1.0000000000000507e-30,4.0052346080476204e-10,1.30238380106398e-09,2.2268338317226797e-11,7.068259801453627e-11
1.807,1338.019535398928,5.162873373427972,0.16984663563938407,12.055525895706149,0.49529268758734,0.07363015589557617,6.0426568261045786e-06,4.4915034612851015e-07,9.819698763422916e-13,1.1584953092965406e-12,1.794264795648957e-13,4.2336275266160306e-13,9.733228902201406e-08,1.220640919813336e-07,0.19730775856135996,0.2621088623728377,1.3503795677799397e-15,3.2866391902348816e-15,2.2484616724434542e-13,5.639576242567685e-13,9.155552226311735e-13,9.470057530977072e-13,2.839951043600583e-06,3.148600514067124e-06,0.01146564710889207,0.013563989047237941,0.2561403382495342,0.5290471309985122,0.03345573568200401,0.10857138069043089,8.406975243838385e-08,1.7989144940191668e-07,2.7756383864533785e-06,6.1455908237950306e-06,8.507357612199885e-07,2.0100996185605975e-06,1.3547620759519169e-05,2.8025998832009165e-05,3.28917451965731e-09,7.048808171781865e-09,1.3431605109312261e-06,2.978273787305121e-06,2.146979443770662e-11,6.495642196611982e-11,1.2766280929267084e-18,1.3185991813879787e-18,5.3952135775063775e-12,6.3746412730592545e-12,3.3531282474717443e-12,7.175972704059222e-12,1.0035388168397697e-15,1.925357411295181e-15,1.3126322559449363e-08,2.6159420599900075e-08,1.9521843777492677e-19,5.906869542996959e-19,0.006310234775029596,0.01303538666401206,3.3945322596197857e-31,1.0000000000000498e-30,4.0023744347457886e-10,1.301457637830745e-09,2.225425661969624e-11,7.063811149665381e-11
1.808,1337.9720348084893,5.163010214257889,0.1698421340107576,12.061413716215615,0.4952969933126668,0.07363101526151482,6.039695969181431e-06,4.4893160274140357e-07,9.80856754298514e-13,1.157185531197677e-12,1.7921975254413054e-13,4.2287623272211003e-13,9.726863297438006e-08,1.2198462442596588e-07,0.1973043605740582,0.26210512896009824,1.3488058474793883e-15,3.2828187466633434e-15,2.2465936443807161e-13,5.634907648382941e-13,9.14401772614065e-13,9.458154972414697e-13,2.8381614048806974e-06,3.1466257459760303e-06,0.011464141226376087,0.013562247960476745,0.2561397552455659,0.5290475023613681,0.033456951545405456,0.10857564978477588,8.40422486226465e-08,1.7983313261955039e-07,2.7756807035556074e-06,6.145702821098859e-06,8.503778110180076e-07,2.0092598454379634e-06,1.3537436438162573e-05,2.8005013900032283e-05,3.2862636736473878e-09,7.042591107165111e-09,1.3425826850776859e-06,2.9770014035862465e-06,2.144885983393935e-11,6.489327800835022e-11,1.2760713633685764e-18,1.3180280736611139e-18,5.392801153485968e-12,6.371809881853511e-12,3.3513100494551665e-12,7.172102968347825e-12,1.0028549579993624e-15,1.9240511115731996e-15,1.3126285865563343e-08,2.6159425376966725e-08,1.9508232397294833e-19,5.902768625177586e-19,0.006310215982798566,0.013035386664015746,3.3945221505124738e-31,1.0000000000000504e-30,3.9995182419196584e-10,1.3005327587133765e-09,2.2240189090147347e-11,7.059366942955094e-11
1.809,1337.9245445402307,5.163147048715122,0.16983763283037215,12.067301692769073,0.49530129553018426,0.0736318738452937,6.036737011456998e-06,4.487129975997901e-07,9.797450832821466e-13,1.1558774530089053e-12,1.7901330162064513e-13,4.223903598246448e-13,9.720502972850911e-08,1.21905222176116e-07,0.1973009649962474,0.2621013977798096,1.3472342448366642e-15,3.279003422620003e-15,2.2447275154315652e-13,5.630243769438799e-13,9.132500713619848e-13,9.44627039734061e-13,2.8363735242218305e-06,3.1446529039119263e-06,0.011462637168795867,0.01356050897332545,0.2561391712394794,0.5290478697467736,0.0334581676441698,0.10857991927639421,8.401475749305906e-08,1.797748419867026e-07,2.775722990116642e-06,6.145814729261695e-06,8.500201821361927e-07,2.0084208192759883e-06,1.3527264786740454e-05,2.798405495252907e-05,3.2833566777972096e-09,7.036382231184811e-09,1.3420055294463053e-06,2.975730487681094e-06,2.14279516151156e-11,6.483021326803449e-11,1.2755148066586634e-18,1.317457136308672e-18,5.390390288883131e-12,6.368980293311735e-12,3.3494931232732494e-12,7.1682359055589314e-12,1.0021716780103449e-15,1.922745907702099e-15,1.3126249217521407e-08,2.615943015099169e-08,1.9494632285729855e-19,5.898671071293262e-19,0.0063101972133468125,0.013035386664019464,3.394512053659054e-31,1.000000000000051e-30,3.9966660230945454e-10,1.2996091616349274e-09,2.2226135706451895e-11,7.054927174424524e-11
1.81,1337.8770645776576,5.163283876821788,0.16983313209744808,12.07318982535928,0.4953055942435837,0.07363273164783825,6.033779951164045e-06,4.4849453057830474e-07,9.786348610265959e-13,1.1545710720916463e-12,1.7880712632706158e-13,4.219051328796911e-13,9.714147922271084e-08,1.2182588515651038e-07,0.19729757182586274,0.262097668830688,1.3456647563195509e-15,3.275193209612334e-15,2.2428632831970172e-13,5.625584599840698e-13,9.121001155989453e-13,9.434403772208815e-13,2.8345873990122067e-06,3.1426819850344833e-06,0.01146113493344982,0.013558772082697942,0.2561385862342479,0.5290482331636542,0.033459383976454656,0.10858418915984376,8.398727904286564e-08,1.7971657749074068e-07,2.77576524619437e-06,6.145926548442504e-06,8.496628742425605e-07,2.007582539316728e-06,1.351710578924626e-05,2.7963121956994518e-05,3.2804535265656338e-09,7.030181532143838e-09,1.341429043384735e-06,2.974461038185892e-06,2.1407069736449347e-11,6.476722761140773e-11,1.2749584226679909e-18,1.3168863692121645e-18,5.387980984058247e-12,6.366152507940434e-12,3.347677467636809e-12,7.164371513037524e-12,1.0014889761893053e-15,1.9214417984048633e-15,1.3126212615253068e-08,2.615943492197403e-08,1.9481043450370606e-19,5.894576883741239e-19,0.006310178466640643,0.013035386664023181,3.3945019690414143e-31,1.0000000000000528e-30,3.9938177728588086e-10,1.2986868448640439e-09,2.2212096447363927e-11,7.05049183745516e-11
1.811,1337.8295949081885,5.1634206985876725,0.16982863181161129,12.079078113979007,0.4953098894614031,0.0736335886707916,6.0308247852432835e-06,4.4827620145551656e-07,9.775260848254968e-13,1.153266385288348e-12,1.786012261816165e-13,4.214205507637357e-13,9.707798137305952e-08,1.2174661326398114e-07,0.19729418105595567,0.26209394210495146,1.344097378097771e-15,3.2713880984219418e-15,2.241000944164959e-13,5.620930130901612e-13,9.109519016485923e-13,9.42255505933067e-13,2.832803026022031e-06,3.1407129858179406e-06,0.011459634517692652,0.01355703728557407,0.25613800022795774,0.5290485926108207,0.03346060054531323,0.10858845944556555,8.395981324457071e-08,1.7965833907464424e-07,2.775807471810804e-06,6.146038278720582e-06,8.493058864438115e-07,2.006745003475837e-06,1.350695940541896e-05,2.7942214830745246e-05,3.277554208612848e-09,7.023988985917464e-09,1.3408532245724711e-06,2.9731930499977293e-06,2.1386214148197677e-11,6.470432088970075e-11,1.274402211690194e-18,1.3163157726895476e-18,5.385573232624454e-12,6.363326518273575e-12,3.3458630805540366e-12,7.160509786624439e-12,1.0008068516447893e-15,1.920138782005188e-15,1.3126176058695133e-08,2.6159439689926322e-08,1.946746582921013e-19,5.890486043864873e-19,0.006310159742646581,0.013035386664026805,3.394491896641553e-31,1.0000000000000509e-30,3.990973477490035e-10,1.2977658039667976e-09,2.2198071285437362e-11,7.046060923459923e-11
1.812,1337.7821355135507,5.163557514040646,0.16982413197189306,12.084966558621053,0.4953141811850258,0.07363444491473552,6.027871512431526e-06,4.480580101435034e-07,9.764187525952326e-13,1.1519633901760973e-12,1.7839560072318579e-13,4.2093661240193985e-13,9.701453612682095e-08,1.2166740643447741e-07,0.19729079268677585,0.26209021760438794,1.342532106759545e-15,3.267588080848808e-15,2.239140496389476e-13,5.616280357862761e-13,9.098054264092418e-13,9.410724226960915e-13,2.8310204028931587e-06,3.138745903702898e-06,0.011458135918813053,0.013555304578855855,0.25613741322587374,0.5290489481019266,0.03346181734660208,0.10859273012064896,8.393236009965297e-08,1.7960012674339524e-07,2.7758496670398788e-06,6.146149920290381e-06,8.489492186347172e-07,2.0059082115310337e-06,1.3496825629027777e-05,2.7921333561496213e-05,3.274658720741479e-09,7.017804585830337e-09,1.340278073027708e-06,2.9719265231994827e-06,2.1365384807757004e-11,6.464149297574167e-11,1.2738461734219814e-18,1.3157453464422429e-18,5.383167038139729e-12,6.360502328595482e-12,3.344049961010192e-12,7.156650724251576e-12,1.0001253037760296e-15,1.918836857384464e-15,1.3126139547774176e-08,2.6159444454841508e-08,1.9453899463349177e-19,5.8863985642058385e-19,0.0063101410413310775,0.013035386664030474,3.3944818364414117e-31,1.0000000000000521e-30,3.9881331349334467e-10,1.2968460383032355e-09,2.2184060201994994e-11,7.041634426635047e-11
1.813,1337.734686379787,5.163694323194981,0.169819632577772,12.090855159278236,0.4953184694211549,0.07363530038103969,6.0249201301570396e-06,4.4783995645705106e-07,9.75312861804815e-13,1.1506620838040395e-12,1.7819024947783794e-13,4.204533166891914e-13,9.69511434086319e-08,1.2158826457556015e-07,0.19728740671321476,0.26208649532365674,1.3409689386039998e-15,3.2637931479888724e-15,2.2372819367843188e-13,5.611635273104655e-13,9.08660686372851e-13,9.398911239149652e-13,2.8292395266391744e-06,3.136780735433155e-06,0.011456639134157594,0.01355357395951314,0.2561368252279009,0.5290492996395342,0.033463034381548,0.10859700118960697,8.390491958834864e-08,1.7954194045651153e-07,2.7758918319167337e-06,6.146261473260208e-06,8.485928701322285e-07,2.0050721618946343e-06,1.3486704428918233e-05,2.79004780853995e-05,3.2717670537997568e-09,7.011628312445754e-09,1.3397035870531643e-06,2.9706614540699555e-06,2.1344581667479952e-11,6.457874372709132e-11,1.273290308000573e-18,1.3151750906266032e-18,5.380762396776331e-12,6.357679934463535e-12,3.342238107280293e-12,7.152794322330379e-12,9.994443317720748e-16,1.917536023020681e-15,1.3126103082424565e-08,2.6159449216727048e-08,1.9440344314833213e-19,5.882314433384799e-19,0.006310122362660761,0.013035386664034181,3.3944717884230316e-31,1.000000000000054e-30,3.9852967345893007e-10,1.2959275444546702e-09,2.2170063172010832e-11,7.037212339161004e-11
1.814,1337.6872474945226,5.163831126059885,0.16981513362889342,12.096743915943383,0.49532275417851734,0.07363615507137436,6.021970635769342e-06,4.476220402050796e-07,9.742084098912253e-13,1.1493624631834272e-12,1.7798517197868808e-13,4.199706625369656e-13,9.68878031412844e-08,1.2150918759247196e-07,0.19728402312813573,0.26208277525472146,1.3394078699704e-15,3.2600032910354516e-15,2.235425262143328e-13,5.606994868706725e-13,9.075176780100648e-13,9.387116059725432e-13,2.827460394230629e-06,3.1348174777046613e-06,0.01145514416108252,0.013551845424527028,0.25613623623190823,0.529049647221998,0.03346425165341025,0.108601272663548,8.3877491688647e-08,1.7948378016869973e-07,2.77593396646405e-06,6.146372937710768e-06,8.482368401822063e-07,2.00423685281092e-06,1.3476595771078251e-05,2.7879648332693628e-05,3.26887919797347e-09,7.005460144906769e-09,1.3391297647491856e-06,2.969397838439086e-06,2.1323804679387686e-11,6.451607300030269e-11,1.2727346156378483e-18,1.3146050054760756e-18,5.378359301655062e-12,6.354859327829437e-12,3.3404275176015022e-12,7.148940577191062e-12,9.987639348117316e-16,1.9162362773721016e-15,1.3126066662583776e-08,2.6159453975596434e-08,1.942680033570743e-19,5.8782336369961685e-19,0.00631010370660226,0.013035386664037843,3.394461752568464e-31,1.0000000000000518e-30,3.98246426486042e-10,1.2950103186779776e-09,2.2156080169831023e-11,7.032794653018653e-11
1.815,1337.6398188390049,5.163967922665001,0.1698106351242308,12.102632828609357,0.4953270354577103,0.07363700898620178,6.019023027976931e-06,4.4740426129751793e-07,9.731053947770138e-13,1.1480645258982917e-12,1.7778036776362828e-13,4.194886488679757e-13,9.682451527203584e-08,1.214301754211349e-07,0.19728064193256342,0.2620790574003893,1.3378488974343617e-15,3.2562185017568557e-15,2.2335704705304155e-13,5.602359139933806e-13,9.063763982331452e-13,9.375338657083783e-13,2.82568300331289e-06,3.132856127961442e-06,0.011453650996892162,0.013550118970817187,0.2561356462439073,0.5290499908644946,0.03346546915729481,0.10860554452712169,8.385007640194747e-08,1.794256458847594e-07,2.775976070759664e-06,6.146484313844931e-06,8.478811286841056e-07,2.0034022840684657e-06,1.3466499649398922e-05,2.785884429134024e-05,3.2659951500982147e-09,6.999300076607035e-09,1.3385566061415004e-06,2.968135676406105e-06,2.130305380109972e-11,6.445348066886256e-11,1.2721790960186286e-18,1.3140350906797053e-18,5.375957757439825e-12,6.352040514283676e-12,3.3386181909431614e-12,7.145089486730668e-12,9.980841122911655e-16,1.91493761931396e-15,1.3126030288177739e-08,2.6159458731440356e-08,1.941326757136256e-19,5.874156188879005e-19,0.006310085073122218,0.013035386664041512,3.3944517288597782e-31,1.0000000000000523e-30,3.979635723746106e-10,1.2940943603505254e-09,2.214211117688326e-11,7.028381362436452e-11
1.816,1337.5924003997038,5.164104713023395,0.1698061370633028,12.108521897269032,0.49533131326587176,0.07363786212695411,6.016077304143326e-06,4.4718661954429627e-07,9.720038139198558e-13,1.1467682689840763e-12,1.7757583636163545e-13,4.19007274583848e-13,9.676127972454139e-08,1.2135122796786274e-07,0.19727726312094457,0.2620753417547199,1.3362920173063166e-15,3.2524387712755568e-15,2.2317175588051376e-13,5.597728079029454e-13,9.052368435349306e-13,9.363578995280493e-13,2.8239073508799228e-06,3.1308966829250866e-06,0.011452159638951544,0.013548394595374507,0.2561350552633299,0.5290503305685926,0.033466686894894994,0.10860981678635184,8.382267370723699e-08,1.7936753756152298e-07,2.776018144835426e-06,6.146595601763552e-06,8.475257349213286e-07,2.0025684540001074e-06,1.3456416031337011e-05,2.783806589461268e-05,3.263114900706232e-09,6.993148087430927e-09,1.3379841094324889e-06,2.96687496402695e-06,2.128232898498012e-11,6.439096659035043e-11,1.271623749309293e-18,1.3134653464238763e-18,5.373557759659911e-12,6.349223488623317e-12,3.336810125547333e-12,7.141241047289358e-12,9.97404863391493e-16,1.913640047308764e-15,1.3125993959141855e-08,2.615946348426749e-08,1.9399745977824493e-19,5.870082075831667e-19,0.006310066462187452,0.01303538666404515,3.3944417172791115e-31,1.00000000000005e-30,3.9768111001717713e-10,1.293179665898937e-09,2.2128156167900666e-11,7.023972459517363e-11
1.817,1337.5449921629147,5.164241497148707,0.16980163944560936,12.114411121915301,0.495335587609872,0.07363871449502397,6.0131334619021225e-06,4.469691147754115e-07,9.70903664870176e-13,1.1454736895855546e-12,1.773715773089907e-13,4.1852653860340805e-13,9.669809642695985e-08,1.2127234514461357e-07,0.19727388668799675,0.26207162831213343,1.3347372259900445e-15,3.2486640909409472e-15,2.2298665240386358e-13,5.593101678767663e-13,9.040990104988423e-13,9.35183703930729e-13,2.8221334340560473e-06,3.128939139461599e-06,0.01145067008462068,0.013546672295183873,0.25613446328986694,0.5290506663363971,0.03346790486763895,0.10861408944640216,8.379528358736974e-08,1.7930945516409653e-07,2.7760601887258856e-06,6.146706801573478e-06,8.471706582776809e-07,2.0017353611758712e-06,1.344634488878302e-05,2.781731308495494e-05,3.2602384414020103e-09,6.9870041595602264e-09,1.3374122731261154e-06,2.965615698026206e-06,2.12616301844924e-11,6.432853062566766e-11,1.2710685756109021e-18,1.3128957728274952e-18,5.371159304070269e-12,6.346408245911919e-12,3.3350033198057982e-12,7.137395255527548e-12,9.967261873391393e-16,1.9123435599058885e-15,1.312595767541136e-08,2.615946823408626e-08,1.9386235526881203e-19,5.866011289421603e-19,0.006310047873764799,0.013035386664048802,3.394431717808633e-31,1.0000000000000504e-30,3.97399038457429e-10,1.2922662322412474e-09,2.211421511882853e-11,7.019567936748854e-11
1.818,1337.497594112504,5.164378275062399,0.1697971422703933,12.120300502541081,0.4953398584935104,0.07363956609134689,6.01019149947539e-06,4.467517468645902e-07,9.698049453879295e-13,1.144180785094599e-12,1.7716759014633007e-13,4.180464398557172e-13,9.663496531791739e-08,1.2119352687646802e-07,0.19727051263152076,0.26206791707114335,1.3331845200084241e-15,3.244894452391982e-15,2.228017363838715e-13,5.588479933268196e-13,9.02962895902037e-13,9.340112756158755e-13,2.8203612502574277e-06,3.1269834947604106e-06,0.011449182331240405,0.013544952067207254,0.25613387032628127,0.5290509981763543,0.03346912307387928,0.1086183625024543,8.376790603508327e-08,1.7925139867873135e-07,2.7761022024869077e-06,6.146817913428711e-06,8.468158984107818e-07,2.0009030048127002e-06,1.3436286205363321e-05,2.7796585829087948e-05,3.257365766591542e-09,6.980868281180057e-09,1.3368410965353475e-06,2.9643578769222465e-06,2.124095735553879e-11,6.426617264308905e-11,1.270513574808603e-18,1.312326369786424e-18,5.368762390741895e-12,6.343594786312564e-12,3.333197772428749e-12,7.1335521087868675e-12,9.960480834554078e-16,1.911048155836661e-15,1.3125921436917166e-08,2.6159472980896235e-08,1.9372736227350433e-19,5.861943832420697e-19,0.0063100293078211375,0.013035386664052483,3.394421730430509e-31,1.0000000000000498e-30,3.971173571423131e-10,1.2913540576067278e-09,2.2100288008622568e-11,7.015167787573643e-11
1.819,1337.4502062309894,5.164515046790305,0.16979264553675397,12.126190039139317,0.4953441259187855,0.07364041691659014,6.007251415178177e-06,4.465345156924575e-07,9.687076532758877e-13,1.1428895529534937e-12,1.7696387441050017e-13,4.175669772608557e-13,9.657188633816178e-08,1.211147730911625e-07,0.19726714095111728,0.26206420803265223,1.3316338958697328e-15,3.2411298472317663e-15,2.2261700759404925e-13,5.583862836969845e-13,9.018284965607276e-13,9.328406113232379e-13,2.818590796956813e-06,3.12502974607355e-06,0.011447696376151936,0.013543233908406843,0.2561332763771235,0.5290513261005988,0.033470341510176055,0.10862263594387189,8.374054104536665e-08,1.7919336809649325e-07,2.7761441861853117e-06,6.146928937507463e-06,8.464614550485843e-07,2.0000713842936656e-06,1.3426239967577667e-05,2.77758840996754e-05,3.254496871358141e-09,6.974740441926619e-09,1.33627057917376e-06,2.9631014996781846e-06,2.1220310454569613e-11,6.420389251254265e-11,1.2699587467181373e-18,1.3117571371248073e-18,5.366367022432556e-12,6.340783113162819e-12,3.3313934821737024e-12,7.129711604510002e-12,9.953705510758851e-16,1.909753833859732e-15,1.3125885243587711e-08,2.6159477724691862e-08,1.9359248098291571e-19,5.857879710699665e-19,0.00631001076432336,0.01303538666405614,3.3944117551269424e-31,1.000000000000048e-30,3.9683606561890315e-10,1.2904431405501655e-09,2.2086374816953215e-11,7.010772005660999e-11
1.82,1337.4028285079357,5.164651812335841,0.16978814924452776,12.132079731702959,0.4953483898965397,0.07364126697273342,6.004313205752443e-06,4.463174210226833e-07,9.676117857883696e-13,1.1415999899573225e-12,1.7676042963266664e-13,4.170881497254488e-13,9.650885940049512e-08,1.2103608368137782e-07,0.19726377163750022,0.2620605011857481,1.3300853498075688e-15,3.2373702663944583e-15,2.2243246566354306e-13,5.579250380689853e-13,9.006958087987093e-13,9.31671707283082e-13,2.816822070858597e-06,3.123077889800937e-06,0.011446212216767332,0.013541517815828095,0.25613268143805734,0.5290516501028926,0.03347156018198541,0.10862690978888577,8.371318858632004e-08,1.7913536335090184e-07,2.7761861398269146e-06,6.147039873852684e-06,8.461073271725943e-07,1.999240497237979e-06,1.3416206130061167e-05,2.775520780345781e-05,3.2516317432024667e-09,6.968620615184966e-09,1.3357007183508453e-06,2.961846560369528e-06,2.119968943181197e-11,6.414169008512095e-11,1.269404091752177e-18,1.3111880752833093e-18,5.363973189359134e-12,6.337973214981908e-12,3.329590446950773e-12,7.125873738325663e-12,9.946935892860654e-16,1.90846059225379e-15,1.3125849095364411e-08,2.615948246549261e-08,1.934577105453108e-19,5.8538188985891985e-19,0.00630999224323862,0.013035386664059834,3.3944017918802696e-31,1.0000000000000514e-30,3.965551623392159e-10,1.289533476065296e-09,2.2072475515470868e-11,7.006380582133934e-11
1.821,1337.355460926718,5.164788571722208,0.1697836533929008,12.137969580224983,0.49535265042981647,0.07364211626059823,6.001376869633675e-06,4.4610046274481983e-07,9.66517340769223e-13,1.1403120935966238e-12,1.7655725535912195e-13,4.166099561917866e-13,9.644588444740457e-08,1.2095745857702188e-07,0.19726040468922124,0.26205679652993535,1.328538878416985e-15,3.233615701693747e-15,2.222481103719956e-13,5.574642559020148e-13,8.995648294807959e-13,9.305045602852089e-13,2.815055069493747e-06,3.121127923258863e-06,0.01144472985043453,0.013539803786440704,0.2561320855125677,0.529051970193161,0.033472779086929756,0.10863118403030554,8.368584865396252e-08,1.7907738443521993e-07,2.7762280634726732e-06,6.147150722629517e-06,8.45753514530358e-07,1.9984103430748804e-06,1.340618468035149e-05,2.773455691524248e-05,3.248770377478235e-09,6.962508791169707e-09,1.3351315136455098e-06,2.96059305810403e-06,2.117909424426691e-11,6.40795652324081e-11,1.2688496097311425e-18,1.3106191840908569e-18,5.361580892576386e-12,6.335165093094798e-12,3.3277886655883716e-12,7.1220385078277985e-12,9.940171974441493e-16,1.9071684298207093e-15,1.3125812992177524e-08,2.6159487203296135e-08,1.933230511899218e-19,5.849761403128626e-19,0.0063099737445339,0.013035386664063488,3.39439184067272e-31,1.0000000000000518e-30,3.96274646884424e-10,1.2886250628176142e-09,2.2058590084247602e-11,7.001993510788556e-11
1.822,1337.3081034715578,5.164925324969958,0.16977915798114643,12.143859584698388,0.49535690752265243,0.07364296478115262,5.998442404906587e-06,4.4588364072232856e-07,9.654243159478994e-13,1.139025861226857e-12,1.7635435113166665e-13,4.161323955915163e-13,9.63829614155028e-08,1.2087889770062931e-07,0.19725704010382838,0.2620530940633806,1.3269944782078481e-15,3.229866144735641e-15,2.2206394147010855e-13,5.57003936582638e-13,8.984355553693506e-13,9.293391670133303e-13,2.813289790230302e-06,3.119179843582815e-06,0.011443249274520612,0.013538091817236681,0.2561314886031252,0.5290522863792255,0.033473998223644275,0.10863545866422591,8.365852123883112e-08,1.790194313309747e-07,2.776269957175582e-06,6.147261483985385e-06,8.454000167232813e-07,1.997580920888226e-06,1.339617559964776e-05,2.7713931396721878e-05,3.245912768025735e-09,6.956404956851454e-09,1.3345629641997727e-06,2.9593409910205477e-06,2.1158524847682768e-11,6.401751782219254e-11,1.2682953005820723e-18,1.3100504634864661e-18,5.359190131851942e-12,6.33235874730542e-12,3.3259881367235535e-12,7.118205910200538e-12,9.933413748520709e-16,1.9058773452543144e-15,1.3125776933958945e-08,2.6159491938102916e-08,1.9318850290679686e-19,5.84570722411961e-19,0.006309955268176368,0.013035386664067193,3.394381901486627e-31,1.0000000000000542e-30,3.959945186189324e-10,1.2877178987676348e-09,2.2044718501751108e-11,6.997610784911326e-11
1.823,1337.2607561275167,5.165062072097089,0.16977466300862207,12.149749745116196,0.49536116118002543,0.07364381253550294,5.995509809098194e-06,4.45666954777197e-07,9.64332708873577e-13,1.1377412899906742e-12,1.7615171648183254e-13,4.156554668320099e-13,9.632009023222505e-08,1.2080040096321822e-07,0.19725367787791084,0.2620493937829708,1.325452145531869e-15,3.2261215867408517e-15,2.218799586644621e-13,5.565440793867108e-13,8.973079830619103e-13,9.281755239805411e-13,2.8115262301782506e-06,3.117233647621984e-06,0.011441770486418843,0.013536381905238605,0.25613089071123557,0.5290525986669041,0.03347521759173185,0.1086397336898798,8.363120632311052e-08,1.7896150400181436e-07,2.7763118209799435e-06,6.147372158048331e-06,8.450468331337971e-07,1.996752229244375e-06,1.3386178859591609e-05,2.769333118981386e-05,3.2430589063969597e-09,6.950309094296098e-09,1.3339950684976056e-06,2.9580903557985936e-06,2.113798119580794e-11,6.39555477162057e-11,1.2677411643832817e-18,1.3094819135653657e-18,5.356800905775863e-12,6.329554176026057e-12,3.324188858687917e-12,7.114375941973957e-12,9.926661207215243e-16,1.904587337075183e-15,1.3125740920641837e-08,2.61594966699154e-08,1.9305406545383308e-19,5.8416563543388385e-19,0.006309936814133236,0.013035386664070845,3.394371974304367e-31,1.0000000000000547e-30,3.957147765810219e-10,1.2868119808152632e-09,2.2030860743985897e-11,6.993232397006398e-11
1.824,1337.2134188813716,5.165198813116076,0.16977016847486687,12.15564006147144,0.49536541140918966,0.07364465952509433,5.9925790802642145e-06,4.4545040477070537e-07,9.632425172570984e-13,1.1364583772213728e-12,1.759493509656088e-13,4.15179168878316e-13,9.625727083284501e-08,1.207219682856339e-07,0.19725031800578946,0.26204569568258035,1.3239118769983063e-15,3.222382019556684e-15,2.2169616169392454e-13,5.560846836710525e-13,8.961821093187194e-13,9.27013627868143e-13,2.8097643866833747e-06,3.115289332486893e-06,0.01144029348351142,0.013534674047455897,0.256130291836126,0.5290529070573097,0.03347643719306795,0.108644009113876,8.360390389508185e-08,1.7890360242443136e-07,2.776353654919207e-06,6.147482744922401e-06,8.44693963283962e-07,1.9959242670395614e-06,1.3376194438325843e-05,2.7672756249884464e-05,3.2402087857384276e-09,6.944221188986337e-09,1.3334278254607762e-06,2.9568411500884016e-06,2.11174632442523e-11,6.389365478180694e-11,1.2671872011603313e-18,1.3089135343682842e-18,5.354413209345159e-12,6.3267513734233754e-12,3.322390830112298e-12,7.110548600318409e-12,9.919914343545076e-16,1.9032984039770974e-15,1.3125704952163063e-08,2.615950139874351e-08,1.9291973862587094e-19,5.837608787680655e-19,0.0063099183823717726,0.01303538666407451,3.3943620591083217e-31,1.0000000000000561e-30,3.954354200271197e-10,1.285907306569713e-09,2.2017016788838557e-11,6.98885834017512e-11
1.825,1337.166091718922,5.165335548042662,0.16976567437931256,12.161530533757173,0.4953696582159965,0.07364550575116172,5.989650215930157e-06,4.452339905247017e-07,9.621537386504497e-13,1.1351771200647056e-12,1.7574725411991684e-13,4.147035006504444e-13,9.619450314463299e-08,1.206435995786773e-07,0.19724696048317442,0.26204199975792297,1.3223736689978752e-15,3.218647434498154e-15,2.215125502627333e-13,5.556257487055766e-13,8.950579307489764e-13,9.258534752010727e-13,2.808004256858439e-06,3.1133468950295207e-06,0.011438818263202127,0.013532968240923081,0.25612969197840624,0.529053211554399,0.03347765702814823,0.10864828493834293,8.357661393635491e-08,1.78845726561236e-07,2.77639545903216e-06,6.147593244723321e-06,8.443414065361483e-07,1.995097032792609e-06,1.3366222306750911e-05,2.765220651731448e-05,3.2373623974424357e-09,6.938141222644696e-09,1.3328612335171027e-06,2.955593370444728e-06,2.1096970946880735e-11,6.383183888106985e-11,1.2666334110183177e-18,1.3083453260180587e-18,5.352027039748736e-12,6.3239503362536675e-12,3.320594049330917e-12,7.106723881769094e-12,9.913173149649103e-16,1.9020105444846772e-15,1.3125669028457604e-08,2.6159506124592805e-08,1.9278552217128698e-19,5.833564516633076e-19,0.006309899972859345,0.013035386664078153,3.3943521558809406e-31,1.0000000000000561e-30,3.951564479692972e-10,1.2850038728454778e-09,2.2003186612230495e-11,6.984488606894599e-11
1.826,1337.1187746225405,5.16547227690354,0.16976118072103122,12.167421161966477,0.49537390160196076,0.07364635121429598,5.986723214578212e-06,4.4501771193214277e-07,9.610663709386288e-13,1.1338975160592397e-12,1.755454254909507e-13,4.1422846109025317e-13,9.613178711162702e-08,1.2056529477417594e-07,0.19724360531013233,0.26203830601050204,1.3208375181302851e-15,3.2149178233887143e-15,2.213291241598458e-13,5.5516727397268e-13,8.939354442689534e-13,9.24695062821814e-13,2.8062458382843104e-06,3.1114063326207617e-06,0.011437344822861746,0.013531264482635657,0.2561290911430258,0.5290535121710976,0.033478877093117636,0.10865256115129021,8.354933644426344e-08,1.7878787640828584e-07,2.7764372333882465e-06,6.147703657634756e-06,8.439891626840031e-07,1.9942705260413726e-06,1.3356262454271683e-05,2.7631681970765602e-05,3.2345197373160187e-09,6.932069186454703e-09,1.332295292372725e-06,2.9543470162569196e-06,2.1076504261410365e-11,6.377009988771966e-11,1.2660797937303464e-18,1.3077772882946003e-18,5.349642400298785e-12,6.321151068508437e-12,3.318798515196907e-12,7.102901783971679e-12,9.906437619208816e-16,1.9007237574184676e-15,1.312563314945412e-08,2.6159510847456464e-08,1.9265141636549702e-19,5.829523549631839e-19,0.006309881585563316,0.013035386664081846,3.3943422646046587e-31,1.000000000000058e-30,3.9487786005465215e-10,1.284101678522019e-09,2.1989370194835968e-11,6.980123191150436e-11
1.827,1337.0714675795034,5.165608999709831,0.16975668749960685,12.173311946092447,0.49537814157474774,0.07364719591600032,5.9837980736816e-06,4.448015688109629e-07,9.599804116548554e-13,1.1326195623283786e-12,1.753438646234858e-13,4.1375404913620563e-13,9.606912265982142e-08,1.2048705378132026e-07,0.19724025248055085,0.2620346144336047,1.3193034208356436e-15,3.2111931776629773e-15,2.2114588308035518e-13,5.547092587192748e-13,8.928146464817607e-13,9.235383872487877e-13,2.804489128048217e-06,3.1094676420839903e-06,0.011435873159908964,0.013529562769645289,0.256128489328752,0.5290538089075466,0.033480097390309396,0.10865683776080788,8.352207139860746e-08,1.7873005192411063e-07,2.7764789780148724e-06,6.147813983747121e-06,8.436372310319147e-07,1.993444745167534e-06,1.3346314849486478e-05,2.7611182545852404e-05,3.2316807962248908e-09,6.92600506100926e-09,1.3317300002905262e-06,2.9531020837137648e-06,2.1056063141576132e-11,6.370843766342667e-11,1.2655263494659094e-18,1.3072094213872057e-18,5.347259285602884e-12,6.318353563893539e-12,3.3170042260215157e-12,7.099082303411717e-12,9.89970774431038e-16,1.899438041292805e-15,1.31255973150904e-08,2.6159515567345145e-08,1.9251742076202777e-19,5.825485873268439e-19,0.006309863220451144,0.013035386664085482,3.3943323852619847e-31,1.0000000000000579e-30,3.9459965521478574e-10,1.2832007201519775e-09,2.1975567512126382e-11,6.975762085276233e-11
1.828,1337.0241705756125,5.165745716477405,0.16975219471446742,12.179202886128198,0.4953823781401006,0.073648039857492,5.98087479097825e-06,4.4458556099876236e-07,9.588958584313136e-13,1.1313432561121902e-12,1.7514257106264148e-13,4.1328026372753985e-13,9.600650972013476e-08,1.2040887651547212e-07,0.1972369019902427,0.26203092502307423,1.3177713735956178e-15,3.2074734888564173e-15,2.2096282674530375e-13,5.54251702257333e-13,8.916955340822261e-13,9.223834450951848e-13,2.802734123373782e-06,3.1075308203936826e-06,0.011434403271755664,0.013527863098995431,0.2561278865362691,0.5290541017678446,0.03348131792013641,0.10866111476875341,8.349481878390964e-08,1.7867225307734363e-07,2.7765206929520986e-06,6.147924223178832e-06,8.432856110183042e-07,1.9926196888694264e-06,1.3336379466679783e-05,2.7590708189951396e-05,3.2288455663888905e-09,6.919948829802841e-09,1.3311653559264443e-06,2.951858569875538e-06,2.103564754229245e-11,6.364685207342511e-11,1.2649730782834344e-18,1.3066417253704314e-18,5.344877692939697e-12,6.315557819270813e-12,3.315211180258206e-12,7.095265436878938e-12,9.892983517466195e-16,1.8981533947037315e-15,1.3125561525301612e-08,2.6159520284264148e-08,1.9238353517040028e-19,5.821451481880334e-19,0.006309844877490392,0.013035386664089125,3.3943225178354633e-31,1.0000000000000591e-30,3.9432183257723663e-10,1.282300994925076e-09,2.1961778541030165e-11,6.971405282067803e-11
1.829,1336.9768835956957,5.165882427225271,0.16974770236493797,12.185093982066865,0.49538661130254424,0.07364888303980723,5.977953364733399e-06,4.4436968837232983e-07,9.57812709078744e-13,1.1300685948613176e-12,1.7494154436374148e-13,4.1280710382753784e-13,9.59439482323714e-08,1.2033076290313388e-07,0.19723355383625094,0.2620272377763885,1.3162413730440003e-15,3.203758748874509e-15,2.207799549187455e-13,5.53794604006688e-13,8.905781039343817e-13,9.21230233149125e-13,2.8009808217378747e-06,3.105595864804988e-06,0.011432935155798726,0.013526165467711687,0.25612728276747815,0.529054390758604,0.03348253868178801,0.10866539217301353,8.346757859270738e-08,1.7861447985376694e-07,2.7765623782499144e-06,6.148034376070304e-06,8.429343022944745e-07,1.991795356348361e-06,1.332645628939283e-05,2.757025886958823e-05,3.2260140422471626e-09,6.913900481085792e-09,1.330601358573403e-06,2.95061647321495e-06,2.1015257420554664e-11,6.358534298924106e-11,1.2644199800914527e-18,1.3060742001639867e-18,5.342497621197374e-12,6.312763833403766e-12,3.31341937664973e-12,7.0914511817820384e-12,9.886264932053098e-16,1.8968698164130858e-15,1.3125525780021314e-08,2.615952499821561e-08,1.9224975962029936e-19,5.817420376466849e-19,0.006309826556648597,0.013035386664092796,3.3943126623076286e-31,1.0000000000000616e-30,3.9404439158598935e-10,1.281402501060019e-09,2.1948003260916272e-11,6.9670527750954e-11
1.83,1336.9296066230427,5.166019131977482,0.16974321045017782,12.19098523390161,0.4953908410645244,0.07364972546367163,5.97503379300523e-06,4.4415395079304487e-07,9.56730961356006e-13,1.1287955759650787e-12,1.7474078406915047e-13,4.1233456836885905e-13,9.5881438133731e-08,1.2025271286753482e-07,0.197230208017687,0.2620235526937678,1.3147134156887103e-15,3.200048949316007e-15,2.2059726735613168e-13,5.533379633655577e-13,8.894623528507547e-13,9.200787481453334e-13,2.7992292205369837e-06,3.1036627724837626e-06,0.011431468809445391,0.01352446987283153,0.25612667802633726,0.5290546758906761,0.03348375967239626,0.10866966996479602,8.344035081574126e-08,1.7855673223531196e-07,2.7766040339693017e-06,6.1481444425861685e-06,8.425833044811796e-07,1.990971746733383e-06,1.3316545299541974e-05,2.7549834547925032e-05,3.223186217829863e-09,6.9078600022313525e-09,1.3300380074175715e-06,2.949375791967844e-06,2.0994892732829972e-11,6.352391028079688e-11,1.2638670547877141e-18,1.3055068456764012e-18,5.340119072424736e-12,6.3099716087903645e-12,3.311628813819425e-12,7.087639535273842e-12,9.879551981093036e-16,1.8955873051145112e-15,1.312549007918008e-08,2.615952970919518e-08,1.9211609418618785e-19,5.813392559382031e-19,0.006309808257893401,0.013035386664096463,3.3943028186610672e-31,1.0000000000000617e-30,3.9376733163257595e-10,1.2805052366048478e-09,2.193424165065238e-11,6.962704557769767e-11
1.831,1336.8823396465746,5.16615583074013,0.16973871896993667,12.196876641625602,0.4953950674355863,0.07365056713086482,5.972116072862312e-06,4.4393834804870543e-07,9.556506126729254e-13,1.1275241964008691e-12,1.7454028972412352e-13,4.1186265629093907e-13,9.581897934341495e-08,1.201747263093247e-07,0.19722686452653732,0.26201986976596087,1.3131874979131655e-15,3.196344081476278e-15,2.2041476371778714e-13,5.528817794935095e-13,8.883482773357953e-13,9.18928986499736e-13,2.7974793166784004e-06,3.1017315400532758e-06,0.011430004230151117,0.013522776311449068,0.25612607230967827,0.5290549571601803,0.03348498089622426,0.10867394815844969,8.341313542596521e-08,1.7849901016584214e-07,2.776645660123695e-06,6.148254422785648e-06,8.422326166967399e-07,1.9901488579662286e-06,1.3306646457809283e-05,2.7529435144191442e-05,3.2203620821368805e-09,6.901827369831395e-09,1.3294753001674357e-06,2.9481365210931355e-06,2.0974553431623772e-11,6.346255380602204e-11,1.2633143026881767e-18,1.304939662248146e-18,5.337742038558226e-12,6.307181135979387e-12,3.309839489861864e-12,7.083830493375163e-12,9.872844656055968e-16,1.8943058592037666e-15,1.3125454422718998e-08,2.6159534417218884e-08,1.9198253818243173e-19,5.809368009979235e-19,0.006309789981192593,0.013035386664100116,3.394292986878464e-31,1.0000000000000621e-30,3.934906513773069e-10,1.2796091972296177e-09,2.1920493683840537e-11,6.958360621829733e-11
1.832,1336.8350826497444,5.166292523536784,0.16973422792339007,12.202768205232038,0.49539929041841024,0.07365140804214715,5.9692002030069045e-06,4.43722880048549e-07,9.545716610002943e-13,1.1262544538078677e-12,1.7434006089113273e-13,4.1139136657381363e-13,9.575657180899325e-08,1.2009680316473101e-07,0.1972235233616887,0.2620161889928885,1.3116636164671626e-15,3.192644137542252e-15,2.2023244380648896e-13,5.524260519074167e-13,8.872358744099452e-13,9.177809451619295e-13,2.7957311078619916e-06,3.0998021650155203e-06,0.011428541415310496,0.013521084780586548,0.2561254656212171,0.5290552345774662,0.03348620235063825,0.10867822674594217,8.338593242293818e-08,1.7844131364615503e-07,2.7766872567758512e-06,6.148364316837297e-06,8.418822387853445e-07,1.989326689703808e-06,1.3296759756037979e-05,2.750906064208364e-05,3.2175416315978384e-09,6.895802576400694e-09,1.3289132366874005e-06,2.9468986603304876e-06,2.095423947589804e-11,6.340127344237834e-11,1.2627617235562603e-18,1.3043726496489622e-18,5.3353665210001295e-12,6.3043924167045895e-12,3.3080514037588463e-12,7.080024054005656e-12,9.866142951043394e-16,1.8930254775814932e-15,1.3125418810569384e-08,2.6159539122283783e-08,1.918490919145634e-19,5.8053467376042e-19,0.00630977172651386,0.01303538666410378,3.394283166942432e-31,1.0000000000000638e-30,3.932143505491137e-10,1.2787143820794197e-09,2.1906759342074935e-11,6.954020961550987e-11
1.833,1336.787835619481,5.166429210380002,0.1697297373100755,12.20865992471413,0.4954035100199279,0.07365224819890895,5.9662861809455134e-06,4.4350754661290475e-07,9.534941039089058e-13,1.1249863453531913e-12,1.74140097118567e-13,4.10920698164239e-13,9.569421545763063e-08,1.2001894334438193e-07,0.19722018451774664,0.26201251036877565,1.3101417678210594e-15,3.1889491090203243e-15,2.200503073235854e-13,5.519707798696894e-13,8.861251407294605e-13,9.166346207046653e-13,2.793984591218382e-06,3.0978746442411307e-06,0.011427080362369996,0.013519395277327076,0.25612485796038365,0.5290555081440146,0.03348742403729545,0.1086825057331641,8.335874178710503e-08,1.7838364263613806e-07,2.776728823956765e-06,6.148474124839167e-06,8.415321700749863e-07,1.9885052403831867e-06,1.3286885163846425e-05,2.7488710979315733e-05,3.2147248573445806e-09,6.889785603099259e-09,1.3283518153034378e-06,2.945662206007891e-06,2.093395082009257e-11,6.334006905363866e-11,1.2622093175404451e-18,1.303805808046283e-18,5.332992515327532e-12,6.301605445816252e-12,3.3062645538418318e-12,7.076220213692718e-12,9.859446858236814e-16,1.8917461587798238e-15,1.3125383242668798e-08,2.615954382439859e-08,1.9171575500355143e-19,5.801328730887509e-19,0.006309753493825036,0.013035386664107397,3.3942733588356745e-31,1.0000000000000638e-30,3.92938428115714e-10,1.2778207878238134e-09,2.18930386012791e-11,6.949685569408686e-11
1.834,1336.740598538629,5.166565891295492,0.16972524712909853,12.214551800065117,0.49540772624185364,0.0736530876017646,5.963374004869547e-06,4.4329234761300313e-07,9.52417939218631e-13,1.123719868497736e-12,1.7394039795320977e-13,4.1045065000514686e-13,9.56319102291381e-08,1.1994114677476203e-07,0.19721684799454442,0.26200883389479124,1.3086219485338249e-15,3.1852589876322874e-15,2.1986835403752497e-13,5.515159628110212e-13,8.850160731757579e-13,9.15490009933504e-13,2.7922397642252447e-06,3.0959489749854126e-06,0.011425621068751429,0.013517707798724417,0.2561242493318226,0.5290557778720755,0.03348864595263365,0.10868678510906621,8.33315635113292e-08,1.7832599712225078e-07,2.7767703617318413e-06,6.148583846965479e-06,8.411824102470554e-07,1.9876845092764373e-06,1.3277022665771736e-05,2.7468386124464954e-05,3.2119117540469022e-09,6.88377643866912e-09,1.3277910353788702e-06,2.944427156753595e-06,2.091368742155491e-11,6.327894051236917e-11,1.2616570844928541e-18,1.3032391373013994e-18,5.3306200245691e-12,6.298820226969487e-12,3.3044789388082894e-12,7.0724189697468975e-12,9.852756370900845e-16,1.8904679015386362e-15,1.3125347718947316e-08,2.6159548523556993e-08,1.9158252761934107e-19,5.797313995071548e-19,0.006309735283094037,0.013035386664111024,3.3942635625409194e-31,1.0000000000000624e-30,3.926628835590412e-10,1.2769284128044854e-09,2.187933144112315e-11,6.945354439066999e-11
1.835,1336.6933713952758,5.166702566292182,0.16972075738011608,12.220443831278248,0.4954119390925672,0.07365392625231869,5.960463672493849e-06,4.430772828846356e-07,9.513431645667054e-13,1.1224550204868113e-12,1.7374096295671172e-13,4.0998122107451205e-13,9.556965605369821e-08,1.198634133702748e-07,0.19721351378523874,0.2620051595632313,1.3071041552032795e-15,3.1815737651941918e-15,2.196865836609859e-13,5.510616000221808e-13,8.839086684784878e-13,9.143471094969087e-13,2.790496624109598e-06,3.0940251542256063e-06,0.011424163531906178,0.013516022341867067,0.25612363973349617,0.5290560437600904,0.03348986809977189,0.10869106488428193,8.330439757810504e-08,1.7826837706875976e-07,2.776811870124255e-06,6.148693483296883e-06,8.408329586722557e-07,1.9868644949214267e-06,1.326717223353426e-05,2.7448086019590677e-05,3.209102313366315e-09,6.87777506540443e-09,1.3272308953776078e-06,2.943193509201256e-06,2.0893449235561915e-11,6.321788768486581e-11,1.2611050245580728e-18,1.302672637577672e-18,5.32824904212723e-12,6.296036752444567e-12,3.302694557110231e-12,7.0686203189531615e-12,9.846071481590102e-16,1.889190704461496e-15,1.312531223934497e-08,2.6159553219772234e-08,1.91449409336766e-19,5.793302517390347e-19,0.0063097170942887975,0.013035386664114607,3.394253778040927e-31,1.0000000000000593e-30,3.923877159165723e-10,1.2760372539176835e-09,2.1865637838234944e-11,6.941027563224045e-11
1.836,1336.6461541719123,5.166839235397,0.16971626806219395,12.226336018346805,0.495416148573248,0.07365476415110514,5.957555182084947e-06,4.428623523045933e-07,9.502697778067886e-13,1.121191798820985e-12,1.7354179167759229e-13,4.095124103192885e-13,9.550745287261385e-08,1.1978574305926685e-07,0.1972101818901958,0.262001487375969,1.305588384411621e-15,3.177893433483782e-15,2.1950499597003104e-13,5.506076909529027e-13,8.828029235560226e-13,9.13205916238464e-13,2.7887551683943246e-06,3.0921031792668846e-06,0.0114227077492628,0.013514338903816378,0.2561230291705611,0.5290563058213609,0.033491090474628775,0.10869534504607575,8.327724398156925e-08,1.7821078246484304e-07,2.7768533492026875e-06,6.148803034014789e-06,8.404838150689125e-07,1.9860451966773928e-06,1.325733385324562e-05,2.742781063652444e-05,3.2062965303534e-09,6.871781472862347e-09,1.3266713947705784e-06,2.941961262217547e-06,2.087323621993934e-11,6.31569104451322e-11,1.2605531375588657e-18,1.3021063087060184e-18,5.3258795717522495e-12,6.293255026749065e-12,3.3009114074863896e-12,7.064824258709949e-12,9.839392183702584e-16,1.887914566313723e-15,1.312527680379131e-08,2.6159557913036628e-08,1.913164003996503e-19,5.789294305321475e-19,0.006309698927377312,0.0130353866641182,3.3942440053184786e-31,1.000000000000057e-30,3.9211292472462134e-10,1.2751473096817852e-09,2.1851957772746564e-11,6.936704935690041e-11
1.837,1336.5989468572566,5.1669758986170375,0.16971177917504968,12.23222836126408,0.4954203546929184,0.07365560129982181,5.954648530931231e-06,4.426475556769344e-07,9.491977764446602e-13,1.1199302005902487e-12,1.7334288367054933e-13,4.09044216700962e-13,9.54453006091763e-08,1.1970813574748706e-07,0.19720685230191046,0.2619978173244123,1.3040746326426847e-15,3.174217984039014e-15,2.193235906443527e-13,5.50154234811143e-13,8.816988350217535e-13,9.120664266861466e-13,2.7870153941148114e-06,3.090183046873688e-06,0.011421253718298734,0.013512657481691006,0.2561224176403009,0.5290565640529091,0.0334923130810027,0.10869962560728264,8.325010269781457e-08,1.781532132610581e-07,2.7768947989839177e-06,6.148912499185496e-06,8.401349786408464e-07,1.985226612687706e-06,1.3247507489373081e-05,2.7407559902316006e-05,3.203494394942146e-09,6.8657956396334254e-09,1.326112531518371e-06,2.9407304113197193e-06,2.0853048328557076e-11,6.309600865519644e-11,1.26000142375471e-18,1.3015401509684072e-18,5.32351160602861e-12,6.2904750411962695e-12,3.299129488155665e-12,7.0610307853027445e-12,9.832718469113238e-16,1.886639485568284e-15,1.31252414122275e-08,2.6159562603364825e-08,1.9118350020312911e-19,5.785289340660605e-19,0.006309680782327754,0.013035386664121814,3.394234244356447e-31,1.0000000000000558e-30,3.9183850877334977e-10,1.2742585761885815e-09,2.1838291219460104e-11,6.932386548582791e-11
1.838,1336.5517494369856,5.167112555969107,0.16970729071808152,12.238120860023377,0.49542455745680203,0.07365643769960249,5.95174371723534e-06,4.42432892873674e-07,9.48127158300171e-13,1.1186702232550767e-12,1.7314423850037817e-13,4.085766392048161e-13,9.538319920253709e-08,1.1963059136057363e-07,0.19720352501669525,0.26199414940504323,1.3025628965884023e-15,3.1705474089041265e-15,2.1914236744316158e-13,5.497012310043008e-13,8.805963997792967e-13,9.109286376680655e-13,2.7852772987510047e-06,3.0882647543032962e-06,0.011419801436458876,0.01351097807257114,0.2561218051438078,0.5290568184596303,0.03349353591887606,0.10870390656835391,8.32229737177913e-08,1.7809566943975645e-07,2.7769362195119165e-06,6.14902187893558e-06,8.397864489975838e-07,1.9844087420543835e-06,1.3237693123791773e-05,2.7387333780028614e-05,3.2006959012155806e-09,6.859817553200094e-09,1.3255543047873905e-06,2.9395009546989223e-06,2.0832885518918108e-11,6.303518218807565e-11,1.259449883096887e-18,1.3009741643284528e-18,5.321145142719819e-12,6.287696793219145e-12,3.2973487978333934e-12,7.0572398960794384e-12,9.826050331170256e-16,1.885365460980776e-15,1.3125206064589413e-08,2.6159567290761187e-08,1.91050708733931e-19,5.781287623105011e-19,0.006309662659108197,0.0130353866641254,3.394224495137671e-31,1.0000000000000547e-30,3.915644674499129e-10,1.273371051471217e-09,2.18246381576496e-11,6.928072395439485e-11
1.839,1336.5045618942913,5.167249207478041,0.16970280269042454,12.244013514618034,0.49542875686682325,0.0736572733510901,5.948840739208149e-06,4.4221836376742857e-07,9.470579212162531e-13,1.1174118643030817e-12,1.7294585571990586e-13,4.0810967678785576e-13,9.532114859307299e-08,1.1955310982569712e-07,0.19720020003416502,0.2619904836187295,1.3010531728535496e-15,3.166881699910927e-15,2.1896132613672296e-13,5.492486789674762e-13,8.794956147484537e-13,9.09792546028972e-13,2.7835408798078618e-06,3.086348298840592e-06,0.01141835090118938,0.013509300673538265,0.2561211916854573,0.5290570690531986,0.033494758984940566,0.10870818791906038,8.319585703434329e-08,1.7803815098733917e-07,2.776977610850287e-06,6.14913117343506e-06,8.394382258200067e-07,1.9835915840480017e-06,1.3227890741085143e-05,2.7367132238327233e-05,3.1979010438770906e-09,6.853847202373891e-09,1.3249967139381632e-06,2.9382728909766913e-06,2.0812747748858938e-11,6.29744309177915e-11,1.2588985154449602e-18,1.3004083486550026e-18,5.318780184476755e-12,6.284920286025638e-12,3.295569335231405e-12,7.053451588380215e-12,9.81938776321047e-16,1.8840924913045438e-15,1.3125170760808083e-08,2.6159571975220286e-08,1.9091802614255786e-19,5.777289157307653e-19,0.006309644557686816,0.013035386664129034,3.394214757645014e-31,1.0000000000000549e-30,3.912908002378799e-10,1.2724847338763029e-09,2.181099856718509e-11,6.923762469986218e-11
1.84,1336.4573842178515,5.167385853151211,0.16969831509178734,12.249906325041398,0.49543295293187595,0.07365810825596157,5.945939594336813e-06,4.4200396817699305e-07,9.459900627737856e-13,1.1161551209125641e-12,1.727477348913173e-13,4.076433284291216e-13,9.525914870748267e-08,1.1947569105286539e-07,0.19719687734693528,0.26198681995703194,1.2995454580055735e-15,3.1632208487999947e-15,2.187804664205238e-13,5.487965779481517e-13,8.783964766228984e-13,9.086581483795786e-13,2.781806134424695e-06,3.0844336773648363e-06,0.011416902109974838,0.01350762528171882,0.25612057726263276,0.5290573158308294,0.0334959822828906,0.10871246967189704,8.316875262630984e-08,1.7798065786023034e-07,2.7770189730170465e-06,6.1492403827528315e-06,8.390903083841285e-07,1.982775136982333e-06,1.32181003089278e-05,2.734695521089199e-05,3.1951098136438864e-09,6.8478845674224014e-09,1.324439757147898e-06,2.937046216150307e-06,2.0792634973233753e-11,6.291375470933573e-11,1.2583473210133008e-18,1.2998427041833586e-18,5.316416723965353e-12,6.282145511024742e-12,3.293791098679941e-12,7.049665858728175e-12,9.812730757457283e-16,1.8828205750791752e-15,1.3125135500824934e-08,2.6159576656756615e-08,1.9078545189747348e-19,5.773293927282303e-19,0.0063096264780319,0.013035386664132636,3.3942050318614326e-31,1.0000000000000549e-30,3.910175060369033e-10,1.2715996198514375e-09,2.17973724238169e-11,6.919456764640854e-11
1.841,1336.4102163895327,5.1675224930178105,0.16969382792116203,12.255799291286843,0.4954371456521414,0.07365894241459953,5.94304028120351e-06,4.4178970600256067e-07,9.449235809495224e-13,1.1148999907288341e-12,1.72549875572258e-13,4.071775930969143e-13,9.519719949273861e-08,1.193983349775119e-07,0.19719355695636628,0.26198315842313236,1.2980397487384319e-15,3.1595648476196283e-15,2.1859978809799277e-13,5.483449274645549e-13,8.772989824507769e-13,9.075254416971974e-13,2.780073060294198e-06,3.0825208873688017e-06,0.01141545506025627,0.013505951894187785,0.2561199618814354,0.529057558807753,0.033497205807686614,0.1087167518110141,8.31416604926202e-08,1.7792319005784674e-07,2.7770603060878033e-06,6.149349507085406e-06,8.387426965388022e-07,1.9819594005247496e-06,1.3208321819092084e-05,2.7326802681257706e-05,3.192322206936174e-09,6.841929640835726e-09,1.3238834342746148e-06,2.9358209299443273e-06,2.077254715150115e-11,6.285315344162852e-11,1.2577962995327959e-18,1.2992772306493967e-18,5.3140547662420995e-12,6.279372474266683e-12,3.292014087092956e-12,7.045882704895664e-12,9.80607930785526e-16,1.8815497111744664e-15,1.3125100284568794e-08,2.615958133535991e-08,1.9065298639542395e-19,5.769301945132993e-19,0.006309608420111716,0.01303538666413625,3.394195317769843e-31,1.0000000000000544e-30,3.9074458457743534e-10,1.2707157085459435e-09,2.1783759709309582e-11,6.915155273730274e-11
1.842,1336.3630583976287,5.167659127086572,0.16968934117821277,12.261692413347761,0.49544133503588506,0.07365977582858595,5.940142797082711e-06,4.4157557704708885e-07,9.43858473267574e-13,1.1136464708630082e-12,1.7235227731859813e-13,4.0671246975529667e-13,9.513530087246842e-08,1.1932104150578257e-07,0.19719023885569364,0.26197949900940937,1.2965360415416942e-15,3.1559136879202398e-15,2.1841929085138057e-13,5.478937267309019e-13,8.762031288767241e-13,9.063944225416018e-13,2.7783416544691566e-06,3.0806099256355226e-06,0.011414009749535508,0.013504280508091476,0.25611934553984395,0.5290577979824033,0.03349842956242172,0.10872103434695284,8.311458060940172e-08,1.7786574753080097e-07,2.7771016100827972e-06,6.149458546506476e-06,8.38395389496187e-07,1.981144372838002e-06,1.3198555236377234e-05,2.7306674577152085e-05,3.189538213783149e-09,6.835982401405808e-09,1.3233277432963752e-06,2.9345970279141753e-06,2.0752484237963363e-11,6.279262697798162e-11,1.2572454512497691e-18,1.2987119283213674e-18,5.3116943049835326e-12,6.276601168354248e-12,3.290238298682589e-12,7.042102123152527e-12,9.799433406287244e-16,1.880279898064493e-15,1.31250651119804e-08,2.6159586011042713e-08,1.905206290565916e-19,5.765313193411912e-19,0.00630959038389472,0.013035386664139859,3.394185615353287e-31,1.0000000000000547e-30,3.9047203466232757e-10,1.2698329960924462e-09,2.1770160398687925e-11,6.910857989441364e-11
1.843,1336.3159102282839,5.16779575537309,0.1696848548623785,12.267585691217558,0.4954455210886859,0.0736606084991042,5.937247140136608e-06,4.4136158117952164e-07,9.427947375509459e-13,1.1123945587787883e-12,1.7215493970005908e-13,4.06247957400988e-13,9.507345278538198e-08,1.192438105627373e-07,0.19718692304086066,0.26197584171184135,1.2950343331361355e-15,3.1522673618147918e-15,2.1823897443686648e-13,5.474429751468338e-13,8.751089128241234e-13,9.052650877608324e-13,2.776611914428423e-06,3.0787007894203724e-06,0.011412566175284177,0.013502611120540532,0.25611872823853327,0.5290580333587888,0.03349965354748424,0.10872531728147736,8.30875129666686e-08,1.7780833025942346e-07,2.7771428850430607e-06,6.149567501135849e-06,8.380483868409475e-07,1.980330052965049e-06,1.3188800541653448e-05,2.7286570859550964e-05,3.186757828050437e-09,6.8300428361466035e-09,1.3227726833037693e-06,2.9333745080823392e-06,2.073244619038298e-11,6.273217519217348e-11,1.25669477614005e-18,1.2981467971881066e-18,5.3093353374251945e-12,6.27383159009565e-12,3.288463732145684e-12,7.038324110805931e-12,9.792793046075797e-16,1.8790111344995343e-15,1.312502998299674e-08,2.6159590683810395e-08,1.90388379815196e-19,5.761327670226203e-19,0.0063095723693493205,0.013035386664143483,3.3941759245947636e-31,1.000000000000056e-30,3.9019985564445547e-10,1.2689514804122069e-09,2.1756574471153043e-11,6.906564905286587e-11
1.844,1336.2687718651455,5.16793237790103,0.1696803689728333,12.273479124889665,0.4954497038128528,0.0736614404268508,5.93435330864722e-06,4.4114771827769746e-07,9.417323716808292e-13,1.1111442520084285e-12,1.719578622774905e-13,4.057840550097342e-13,9.501165517317873e-08,1.1916664207718058e-07,0.19718360951108033,0.2619721865307478,1.2935346201945768e-15,3.14862586129922e-15,2.180588386297851e-13,5.46992672160011e-13,8.740163312657907e-13,9.041374342539619e-13,2.7748838377269898e-06,3.07679347606301e-06,0.011411124334971061,0.013500943728641957,0.2561181099814396,0.5290582649476495,0.033500877759998805,0.10872960060575808,8.306045755786918e-08,1.7775093823138968e-07,2.777184131029383e-06,6.149676371137018e-06,8.377016882685569e-07,1.9795164402106298e-06,1.3179057720240033e-05,2.726649149863334e-05,3.1839810446421182e-09,6.824110934297252e-09,1.3222182537018052e-06,2.932153369168453e-06,2.0712432967251164e-11,6.267179796018213e-11,1.2561442740634384e-18,1.2975818371185628e-18,5.306977865573355e-12,6.271063741936302e-12,3.2866903862374673e-12,7.034548665287758e-12,9.786158220715768e-16,1.877743419262845e-15,1.3124994897550184e-08,2.6159595353658808e-08,1.9025623881768888e-19,5.757345380105132e-19,0.0063095543764439665,0.013035386664147079,3.3941662454772977e-31,1.0000000000000539e-30,3.8992804703229167e-10,1.2680711599324174e-09,2.1743001906961124e-11,6.90227601511301e-11
1.845,1336.221643295325,5.168068994683062,0.16967588350911234,12.27937271435753,0.4954538832150142,0.07366227161316295,5.9314613001274654e-06,4.4093398816226444e-07,9.406713732764156e-13,1.1098955477749431e-12,1.717610446093494e-13,4.053207615515941e-13,9.49499079639985e-08,1.1908953596090403e-07,0.19718029826122532,0.2619685334606764,1.2920368992597903e-15,3.1449891780525833e-15,2.1787888313572142e-13,5.465428170430935e-13,8.729253809413682e-13,9.030114586787434e-13,2.7731574215475005e-06,3.0748879824900672e-06,0.011409684226102158,0.01349927832954643,0.25611749076814677,0.5290584927507249,0.03350210220144328,0.10873388432509207,8.303341436326497e-08,1.7769357140614987e-07,2.7772253480726673e-06,6.149785156607185e-06,8.373552931087386e-07,1.9787035330151257e-06,1.316932674193494e-05,2.724643643246388e-05,3.1812078547845443e-09,6.8181866772139975e-09,1.3216644528128713e-06,2.9309336074912023e-06,2.0692444524093914e-11,6.261149514900828e-11,1.2555939451712718e-18,1.2970170482827996e-18,5.304621885384886e-12,6.268297619173058e-12,3.284918259299456e-12,7.0307757831441336e-12,9.779528922488497e-16,1.8764767509047385e-15,1.3124959855579442e-08,2.6159600020595956e-08,1.901242056717142e-19,5.753366311272857e-19,0.00630953640514726,0.013035386664150678,3.3941565779840164e-31,1.0000000000000554e-30,3.8965660780100344e-10,1.2671920313458373e-09,2.172944268249082e-11,6.897991311536407e-11
1.846,1336.17452450369,5.16820560573906,0.16967139847051443,12.285266459614624,0.4954580592989928,0.07366310205896068,5.928571112913894e-06,4.407203907150876e-07,9.396117402353466e-13,1.1086484436297973e-12,1.7156448626574706e-13,4.048580760240932e-13,9.48882111000599e-08,1.190124921433533e-07,0.19717698928898783,0.26196488249992017,1.2905411670800707e-15,3.141357304253933e-15,2.1769910772972477e-13,5.460934092429641e-13,8.718360588495583e-13,9.018871579608218e-13,2.771432663469795e-06,3.0729843060684687e-06,0.011408245846156176,0.013497614920372186,0.256116870601052,0.5290587167755645,0.03350332687047832,0.10873816843563283,8.300638337616958e-08,1.7763622977108358e-07,2.7772665362247105e-06,6.149893857689805e-06,8.370092010437339e-07,1.97789133065188e-06,1.315960759169416e-05,2.7226405630466576e-05,3.17843825331781e-09,6.812270053997821e-09,1.3211112800108613e-06,2.9297152217010012e-06,2.067248081966771e-11,6.255126663542305e-11,1.25504378935507e-18,1.2964524305824745e-18,5.302267396616473e-12,6.2655332215927345e-12,3.283147350122211e-12,7.027005461882094e-12,9.772905145007787e-16,1.875211128231129e-15,1.3124924857019415e-08,2.615960468462217e-08,1.8999228044694626e-19,5.749390465934813e-19,0.006309518455427822,0.013035386664154304,3.394146922098017e-31,1.0000000000000565e-30,3.893855374449104e-10,1.2663140930334702e-09,2.1715896778044517e-11,6.89371078841787e-11
1.847,1336.1274154769744,5.168342211082973,0.16966691385653307,12.291160360654432,0.495462232070874,0.07366393176549972,5.925682744784616e-06,4.4050692577650616e-07,9.38553470270735e-13,1.1074029369066344e-12,1.713681868118459e-13,4.043959974130421e-13,9.482656451403497e-08,1.1893551054199552e-07,0.19717368258978443,0.261961233643746,1.2890474202856167e-15,3.137730231794569e-15,2.1751951213900568e-13,5.456444480864723e-13,8.707483618236368e-13,9.00764528854613e-13,2.7697095608089464e-06,3.071082443871432e-06,0.011406809192638702,0.013495953498269037,0.2561162494802667,0.5290589370249913,0.03350455176804846,0.10874245294094527,8.297936458078602e-08,1.775789132940698e-07,2.7773076955207594e-06,6.1500024744916356e-06,8.366634115081024e-07,1.9770798318088943e-06,1.3149900243879984e-05,2.720639904014615e-05,3.175672232567053e-09,6.806361048358987e-09,1.3205587339317602e-06,2.9284982088117683e-06,2.0652541810659248e-11,6.249111228993e-11,1.2544938066945157e-18,1.295887984113588e-18,5.299914395887548e-12,6.262770545274792e-12,3.2813776571938227e-12,7.023237698361068e-12,9.766286881000225e-16,1.8739465498776164e-15,1.3124889901808238e-08,2.6159609345743975e-08,1.8986046288550698e-19,5.745417836384122e-19,0.006309500527254302,0.013035386664157924,3.3941372778024413e-31,1.0000000000000563e-30,3.891148350952114e-10,1.265437342195344e-09,2.1702364171256703e-11,6.889434438771254e-11
1.848,1336.0803162016346,5.168478810729748,0.1696624296666291,12.297054417470457,0.4954664015363342,0.07366476073397354,5.922796193316658e-06,4.402935931718929e-07,9.374965610379205e-13,1.1061590248708193e-12,1.7117214580670865e-13,4.039345246898155e-13,9.47649681355639e-08,1.1885859107048901e-07,0.1971703781594319,0.2619575868879469,1.2875556554326125e-15,3.134107952385302e-15,2.17340096077525e-13,5.451959328671941e-13,8.696622866442863e-13,8.996435680600139e-13,2.7679881107936096e-06,3.0691823928761788e-06,0.011405374263066823,0.013494294060400012,0.2561156274062966,0.5290591535026319,0.033505776894706,0.10874673784331927,8.295235795868946e-08,1.7752162193735818e-07,2.777348825997192e-06,6.150111007121813e-06,8.363179238728819e-07,1.9762690350239774e-06,1.3140204670022856e-05,2.7186416603146336e-05,3.172909784178336e-09,6.800459642551701e-09,1.320006813015671e-06,2.927282565402881e-06,2.0632627453140017e-11,6.243103198116574e-11,1.2539439973030577e-18,1.295323709006981e-18,5.297562880461335e-12,6.260009587059175e-12,3.2796091788905793e-12,7.019472489200876e-12,9.759674122865037e-16,1.8726830144168852e-15,1.312485498988378e-08,2.6159614003966847e-08,1.8972875270754183e-19,5.741448414248509e-19,0.0063094826205954985,0.013035386664161543,3.39412764508051e-31,1.0000000000000567e-30,3.8884449978748527e-10,1.2645617757204218e-09,2.168884483902058e-11,6.885162255374698e-11
1.849,1336.033226665907,5.1686154046886035,0.16965794590045136,12.302948630056214,0.4954705677033565,0.07366558896591884,5.919911456515035e-06,4.400803927584296e-07,9.364410103195357e-13,1.1049167049378272e-12,1.7097636283079575e-13,4.0347365687625124e-13,9.470342190048772e-08,1.1878173365026612e-07,0.19716707599144415,0.2619539422252572,1.2860658692962086e-15,3.130490458269688e-15,2.1716085928380891e-13,5.447478629403035e-13,8.685778302216629e-13,8.985242724107687e-13,2.7662683108409133e-06,3.0672841502688162e-06,0.011403941054949452,0.013492636603918412,0.2561150043773384,0.5290593662073452,0.03350700225330837,0.1087510231525267,8.292536349615911e-08,1.7746435567326374e-07,2.7773899276789345e-06,6.150219455664145e-06,8.359727376127727e-07,1.975458939079859e-06,1.3130520846531711e-05,2.71664582712028e-05,3.1701509009967983e-09,6.794565821399694e-09,1.319455516031708e-06,2.9260682887832636e-06,2.0612737704660062e-11,6.237102558223677e-11,1.2533943612645649e-18,1.2947596053629291e-18,5.295212844042703e-12,6.2572503395808916e-12,3.2778419138323396e-12,7.015709831542529e-12,9.753066863736199e-16,1.871420520562548e-15,1.3124820121187304e-08,2.61596186593031e-08,1.895971496242569e-19,5.737482190884963e-19,0.006309464735420173,0.01303538666416513,3.394118023915418e-31,1.000000000000055e-30,3.8857453072019054e-10,1.2636873910272962e-09,2.1675338759677324e-11,6.880894231465781e-11
1.85,1335.9861468498493,5.168751992995005,0.16965346255678745,12.308842998405256,0.4954747305694871,0.07366641646132126,5.917028533526009e-06,4.398673244781327e-07,9.353868163143583e-13,1.1036759750140715e-12,1.7078083745446075e-13,4.0301339297030736e-13,9.464192576613014e-08,1.1870493822970115e-07,0.197163776089804,0.2619502996623219,1.284578058743173e-15,3.126877741914063e-15,2.1698180161253858e-13,5.443002379523292e-13,8.674949898347389e-13,8.974066391220701e-13,2.764550158950239e-06,3.0653877138809847e-06,0.011402509565748252,0.013490981125921642,0.2561143804020361,0.5290595751595755,0.033508227836252846,0.10875530884439073,8.289838120117617e-08,1.7740711452054448e-07,2.777431000658904e-06,6.150327820353054e-06,8.356278528286932e-07,1.974649544239041e-06,1.3120848775970996e-05,2.714652405016469e-05,3.1673955820371343e-09,6.78867958294952e-09,1.318904843582191e-06,2.9248553803271708e-06,2.05928725276203e-11,6.231109298092402e-11,1.2528448981213705e-18,1.294195672722296e-18,5.29286429525369e-12,6.254492813102204e-12,3.2760758612432254e-12,7.011949723820269e-12,9.74646509852326e-16,1.8701590673688694e-15,1.3124785295645097e-08,2.6159623311735424e-08,1.8946565434912486e-19,5.733519187980396e-19,0.006309446871697053,0.013035386664168699,3.394108414290348e-31,1.000000000000054e-30,3.883049279947965e-10,1.2628141884711996e-09,2.1661845918030145e-11,6.876630362333289e-11
1.851,1335.9390767420482,5.168888575657274,0.16964897963531603,12.314737522511146,0.4954788901429054,0.07366724322174366,5.914147421242206e-06,4.3965438810545463e-07,9.343339764598605e-13,1.1024368321075515e-12,1.705855692312472e-13,4.0255373193021996e-13,9.458047965062425e-08,1.1862820470800402e-07,0.19716047844779916,0.2619466591915635,1.2830922201889802e-15,3.123269794685825e-15,2.1680292272034705e-13,5.438530570529446e-13,8.664137620742128e-13,8.962906646969697e-13,2.762833652034544e-06,3.063493080339418e-06,0.011401079793022326,0.013489327623621605,0.2561137554783393,0.5290597803576496,0.03350945364664438,0.10875959492948215,8.287141104422528e-08,1.773498984177032e-07,2.7774720449543744e-06,6.150436101255152e-06,8.352832685929242e-07,1.9738408483331444e-06,1.3111188417094103e-05,2.71266138552354e-05,3.1646438159190796e-09,6.782800902967512e-09,1.3183547932145428e-06,2.923643834633993e-06,2.0573031875725705e-11,6.225123403868851e-11,1.252295608211494e-18,1.293631911447811e-18,5.290517227987974e-12,6.251737000480768e-12,3.2743110191293972e-12,7.008192161860968e-12,9.739868818549075e-16,1.8688986532017445e-15,1.3124750513198919e-08,2.615962796127602e-08,1.8933426614984326e-19,5.729559383470047e-19,0.006309429029395209,0.013035386664172309,3.3940988161886514e-31,1.0000000000000553e-30,3.880356902093648e-10,1.2619421635179871e-09,2.1648366287805417e-11,6.872370639749043e-11
1.852,1335.892016329777,5.169025152687882,0.16964449713557964,12.320632202367463,0.4954830464302493,0.073668069248521,5.9112681177460996e-06,4.394415835032983e-07,9.33282488580262e-13,1.1011992736825252e-12,1.7039055774097928e-13,4.0209467277621654e-13,9.451908349163735e-08,1.1855153300888362e-07,0.19715718306028385,0.26194302080748966,1.281608350414753e-15,3.1196666088422104e-15,2.166242223562307e-13,5.434063196234988e-13,8.653341438952408e-13,8.951763460154651e-13,2.761118787564825e-06,3.061600246889556e-06,0.011399651734291326,0.013487676094183635,0.25611312960575583,0.529059981803121,0.033510679686021845,0.10876388141329069,8.284445301330838e-08,1.7729270734073117e-07,2.777513060598227e-06,6.150544298471715e-06,8.349389844346667e-07,1.9730328502735115e-06,1.3101539748555347e-05,2.7106727642791335e-05,3.1618955960243382e-09,6.77692976742596e-09,1.3178053638532387e-06,2.9224336493568793e-06,2.055321570713843e-11,6.219144863047496e-11,1.2517464915670217e-18,1.2930683215861812e-18,5.288171637906674e-12,6.248982896662743e-12,3.2725473861516188e-12,7.00443714289253e-12,9.733278017082185e-16,1.867639276800376e-15,1.3124715773788399e-08,2.6159632607933283e-08,1.8920298484998304e-19,5.725602772110529e-19,0.006309411208483556,0.013035386664175913,3.394089229593618e-31,1.0000000000000582e-30,3.8776681664072993e-10,1.2610713138409047e-09,2.1634899847973666e-11,6.8681150571495e-11
1.853,1335.8449655971135,5.169161724109652,0.16964001505678122,12.326527037967809,0.4954871994339727,0.07366889454236498,5.908390621334629e-06,4.3922891055049477e-07,9.3223235059204e-13,1.0999632973120049e-12,1.7019580255363834e-13,4.016362145052585e-13,9.445773723161237e-08,1.1847492306203326e-07,0.19715388992630078,0.26193938451016857,1.2801264461601586e-15,3.1160681765392417e-15,2.1644570029797762e-13,5.429600251175333e-13,8.642561323321186e-13,8.940636800393178e-13,2.7594055631362585e-06,3.0597092109143795e-06,0.01139822538706729,0.013486026534763754,0.256112502787968,0.529060179506159,0.03351190595174631,0.1087681682877448,8.281750710168654e-08,1.7723554127687018e-07,2.777554047649086e-06,6.150652412160937e-06,8.345950000465018e-07,1.9722255493574913e-06,1.3091902755640008e-05,2.708686538292647e-05,3.1591509172855826e-09,6.771066165620837e-09,1.317256554890977e-06,2.921224823187214e-06,2.0533423981143686e-11,6.213173663462122e-11,1.2511975480584437e-18,1.2925049030171483e-18,5.285827526695085e-12,6.246230503712772e-12,3.270784961079019e-12,7.000684664374528e-12,9.726692687709512e-16,1.866380936964967e-15,1.3124681077347369e-08,2.6159637251703617e-08,1.8907181059098276e-19,5.721649358277399e-19,0.006309393408931117,0.013035386664179477,3.3940796544885714e-31,1.0000000000000572e-30,3.8749830679661996e-10,1.2602016378640117e-09,2.162144657909567e-11,6.863863608475602e-11
1.854,1335.7979245295992,5.169298289940721,0.16963553339827764,12.33242202930581,0.49549134915836596,0.07366971910426036,5.905514930000498e-06,4.3901636910324943e-07,9.311835603097692e-13,1.0987289004486797e-12,1.7000130323920096e-13,4.0117835611426273e-13,9.439644080762044e-08,1.1839837479040476e-07,0.1971505990430454,0.2619357502972137,1.2786465041204976e-15,3.112474489824682e-15,2.1626735629559342e-13,5.425141729188708e-13,8.631797243308371e-13,8.929526636388475e-13,2.7576939761984264e-06,3.057819969635321e-06,0.01139680074888035,0.013484378942539255,0.25611187502680394,0.5290603734731019,0.03351313244302979,0.10877245555078037,8.279057329731466e-08,1.771784002020042e-07,2.7775950061529383e-06,6.150760442453019e-06,8.342513149736873e-07,1.971418944534253e-06,1.3082277417409631e-05,2.706702703285668e-05,3.156409773165556e-09,6.765210083697178e-09,1.3167083652846803e-06,2.9200173538499037e-06,2.0513656655895095e-11,6.207209792603696e-11,1.250648777674969e-18,1.2919416557430748e-18,5.283484893504051e-12,6.2434798207004726e-12,3.2690237425177066e-12,6.99693472341745e-12,9.720112823543052e-16,1.8651236324045304e-15,1.3124646423812343e-08,2.615964189258874e-08,1.8894074325739419e-19,5.71769913857224e-19,0.006309375630706973,0.01303538666418307,3.3940700908568755e-31,1.0000000000000561e-30,3.8723015997088175e-10,1.2593331333157313e-09,2.1608006460200667e-11,6.859616287181848e-11
1.855,1335.7508931160196,5.169434850188942,0.1696310521597633,12.3383171763751,0.4954954956117991,0.07367054293579652,5.902641041342212e-06,4.3880395898844276e-07,9.301361154071766e-13,1.0974960803789345e-12,1.6980705937418327e-13,4.007210966155357e-13,9.433519414926462e-08,1.183218881075764e-07,0.1971473104036204,0.26193211816079387,1.2771685209816722e-15,3.1088855407230797e-15,2.1608919005790254e-13,5.42068762307991e-13,8.621049167179999e-13,8.918432935607545e-13,2.7559840240026165e-06,3.055932520053755e-06,0.011395377817283744,0.013482733314714317,0.2561112463199932,0.5290605637018075,0.03351435916318716,0.10877674321364701,8.276365158034232e-08,1.771212840753067e-07,2.7776359361292308e-06,6.150868389419242e-06,8.339079285343638e-07,1.970613034216171e-06,1.3072663703503612e-05,2.7047212530301464e-05,3.1536721549150313e-09,6.7593615030584405e-09,1.3161607933272926e-06,2.9188112375972204e-06,2.049391368795818e-11,6.20125323748207e-11,1.2501001806073764e-18,1.2913785799745008e-18,5.281143731598812e-12,6.24073083974018e-12,3.2672637288671535e-12,6.99318731668916e-12,9.713538417096809e-16,1.863867361713225e-15,1.3124611813126035e-08,2.6159646530602072e-08,1.8880978238790593e-19,5.713752099129814e-19,0.006309357873780328,0.013035386664186676,3.3940605386819817e-31,1.0000000000000591e-30,3.8696237513178063e-10,1.2584657968655426e-09,2.1594579468053558e-11,6.855373086003484e-11
1.856,1335.7038713416996,5.169571404873282,0.16962657134056808,12.34421247916933,0.4954996387981954,0.07367136603790202,5.899768953375179e-06,4.38591680063941e-07,9.290900137151088e-13,1.0962648345744627e-12,1.6961307052948512e-13,4.0026443500809946e-13,9.427399719421823e-08,1.1824546293724536e-07,0.19714402400558165,0.2619284880989951,1.275692493448725e-15,3.1053013213053312e-15,2.1591120133817837e-13,5.41623792676852e-13,8.610317064599651e-13,8.907355666962269e-13,2.7542757040181096e-06,3.054046859412677e-06,0.011393956589815112,0.013481089648474618,0.25611061666971063,0.5290607501993185,0.033515586111083136,0.10878103127315111,8.273674193917566e-08,1.770641928736193e-07,2.7776768376259436e-06,6.150976253194092e-06,8.335648402883131e-07,1.9698078173866045e-06,1.30630615936004e-05,2.7027421833749606e-05,3.1509380561499634e-09,6.753520410177009e-09,1.3156138380164468e-06,2.9176064722441234e-06,2.0474195035756946e-11,6.195303985669075e-11,1.249551756831815e-18,1.290815675700241e-18,5.278804040561152e-12,6.237983560410356e-12,3.2655049187461957e-12,6.989442441326915e-12,9.70696946153087e-16,1.8626121236091267e-15,1.312457724522463e-08,2.615965116574408e-08,1.886789279590206e-19,5.709808239333745e-19,0.006309340138120355,0.013035386664190265,3.3940509979472964e-31,1.0000000000000602e-30,3.866949515947286e-10,1.2575996263118321e-09,2.1581165581895626e-11,6.851133998461681e-11
1.857,1335.6568591928403,5.169707954009931,0.1696220909401131,12.350107937682179,0.49550377872258566,0.07367218841166948,5.896898664267378e-06,4.3837953219893996e-07,9.280452531102053e-13,1.0950351605608962e-12,1.6941933628527744e-13,3.9980837031281863e-13,9.421284988231276e-08,1.1816909920581118e-07,0.19714073984537966,0.26192486010843247,1.2742184183164883e-15,3.1017218238606177e-15,2.157333898976816e-13,5.411792634374192e-13,8.599600905723015e-13,8.896294799872628e-13,2.7525690137823923e-06,3.0521629850305818e-06,0.011392537064012897,0.013479447941006546,0.25610998607701374,0.5290609329703653,0.033516813286695375,0.10878531972971041,8.270984436372068e-08,1.7700712657699037e-07,2.7777177106851427e-06,6.151084033898914e-06,8.332220498261924e-07,1.9690032931018156e-06,1.3053471068885341e-05,2.7007654904806073e-05,3.1482074708622836e-09,6.7476867923306325e-09,1.315067498450085e-06,2.9164030558279238e-06,2.0454500658275838e-11,6.18936202490566e-11,1.2490035063223339e-18,1.2902529429069154e-18,5.276465818334625e-12,6.235237980353405e-12,3.2637473108617266e-12,6.985700094656223e-12,9.700405950275259e-16,1.861357916862033e-15,1.3124542720046279e-08,2.615965579801893e-08,1.8854817987889626e-19,5.705867556499212e-19,0.006309322423696316,0.013035386664193863,3.3940414686362857e-31,1.0000000000000626e-30,3.86427888725021e-10,1.2567346196151407e-09,2.15677647814582e-11,6.846899018232881e-11
1.858,1335.6098566543442,5.169844497619287,0.16961761095768146,12.35600355190734,0.4955079153883295,0.07367301005794295,5.894030172455553e-06,4.3816751528260703e-07,9.270018315650811e-13,1.0938070559770262e-12,1.692258562231017e-13,3.9935290155375964e-13,9.415175215823164e-08,1.180927968457553e-07,0.19713745792114185,0.26192123418794827,1.2727462924285822e-15,3.098147040796621e-15,2.1555575552265486e-13,5.407351740643014e-13,8.588900661597441e-13,8.885250304680126e-13,2.75086395096843e-06,3.050280894376078e-06,0.011391119237408907,0.013477808189488523,0.25610935454462624,0.5290611120231187,0.033518040688331356,0.10878960857832154,8.268295884854512e-08,1.7695008517544238e-07,2.7777585553601597e-06,6.151191731679991e-06,8.328795568693743e-07,1.9681994607269197e-06,1.3043892116064273e-05,2.6987911716496432e-05,3.145480394353016e-09,6.741860639602487e-09,1.31452177411208e-06,2.9152009872417287e-06,2.0434830515644843e-11,6.183427343278996e-11,1.2484554289479834e-18,1.2896903814726594e-18,5.274129065208238e-12,6.232494099983255e-12,3.26199090406517e-12,6.981960274311777e-12,9.693847877189427e-16,1.8601047403240798e-15,1.312450823752664e-08,2.6159660427425764e-08,1.8841753825006813e-19,5.701930053823488e-19,0.006309304730477456,0.013035386664197448,3.394031950732405e-31,1.0000000000000642e-30,3.861611860778977e-10,1.2558707753536788e-09,2.1554377047885478e-11,6.842668139441809e-11
1.859,1335.5628637121636,5.169981035718515,0.16961313139266262,12.361899321838532,0.4955120487999548,0.07367383097773826,5.891163475578234e-06,4.379556291447493e-07,9.259597467994462e-13,1.092580518163119e-12,1.6903262990898722e-13,3.9889802771833937e-13,9.40907039536356e-08,1.1801655577321832e-07,0.19713417822980106,0.2619176103347905,1.2712761123989534e-15,3.094576963961615e-15,2.153782979374995e-13,5.402915238769366e-13,8.578216300943196e-13,8.874222149317765e-13,2.7491605128807163e-06,3.048400584509017e-06,0.011389703107569434,0.0134761703911393,0.25610872207407354,0.5290612873632605,0.03351926831550172,0.1087938978178835,8.265608537631797e-08,1.7689306863352683e-07,2.777799371692825e-06,6.1512993466579776e-06,8.325373608283554e-07,1.9673963188923e-06,1.3034324708366834e-05,2.6968192213961924e-05,3.142756818710639e-09,6.736041935189565e-09,1.3139766635488284e-06,2.91400026329947e-06,2.0415184565145767e-11,6.17749992801385e-11,1.2479075247888226e-18,1.289127991493537e-18,5.271793780040664e-12,6.229751918023338e-12,3.2602356967703866e-12,6.97822297699138e-12,9.687295234843984e-16,1.8588525925999816e-15,1.3124473797603351e-08,2.6159665053966977e-08,1.8828700283942392e-19,5.697995724346124e-19,0.0063092870584332125,0.013035386664201041,3.3940224442192153e-31,1.000000000000067e-30,3.8589484274890574e-10,1.2550080906105533e-09,2.154100235883902e-11,6.838441355107166e-11
1.86,1335.515880353937,5.1701175683194,0.16960865224462254,12.367795247469482,0.49551617896415734,0.07367465117239286,5.888298571320133e-06,4.377438736185946e-07,9.249189965402754e-13,1.0913555444679182e-12,1.6883965691949706e-13,3.984437478187972e-13,9.402970520031967e-08,1.179403759045045e-07,0.19713090076612264,0.26191398854332487,1.2698078749254256e-15,3.0910115854077632e-15,2.1520101686361945e-13,5.398483121872129e-13,8.56754779263644e-13,8.863210301878839e-13,2.747458696837501e-06,3.046522052504365e-06,0.011388288672066494,0.013474534543184178,0.25610808866470336,0.5290614589919691,0.03352049616989164,0.10879818745435212,8.262922392914213e-08,1.7683607691458003e-07,2.777840159712299e-06,6.15140687892542e-06,8.321954610844966e-07,1.9665938661594276e-06,1.3024768818044014e-05,2.694849634031722e-05,3.1400367358164395e-09,6.730230661844258e-09,1.3134321652316763e-06,2.9128008806485233e-06,2.0395562764170778e-11,6.171579766367924e-11,1.247359793974973e-18,1.2885657731173034e-18,5.2694599585015434e-12,6.227011429428389e-12,3.2584816874229864e-12,6.974488199460554e-12,9.680748015913355e-16,1.8576014723143007e-15,1.3124439400217089e-08,2.615966967765077e-08,1.8815657330002327e-19,5.694064557661699e-19,0.00630926940753305,0.013035386664204594,3.394012949080285e-31,1.000000000000066e-30,3.856288577976332e-10,1.2541465623518406e-09,2.1527640691860324e-11,6.834218658209234e-11
1.861,1335.468906564075,5.170254095444081,0.1696041735127876,12.373691328793948,0.495520305883527,0.07367547064263452,5.885435458206319e-06,4.375322485998396e-07,9.23879578801979e-13,1.0901321325792513e-12,1.686469368381524e-13,3.97990060883765e-13,9.39687558447905e-08,1.178642571743683e-07,0.19712762552899646,0.26191036881339924,1.2683415768781766e-15,3.087450897606558e-15,2.1502391209667974e-13,5.394055384932893e-13,8.556895108188764e-13,8.852214733182209e-13,2.74575850056753e-06,3.044645295892194e-06,0.011386875928442439,0.013472900642813371,0.2561074543199742,0.5290616269189196,0.03352172424906724,0.10880247748031512,8.260237450313895e-08,1.7677911001193917e-07,2.777880919476361e-06,6.151514328638299e-06,8.318538574050823e-07,1.9657921020017375e-06,1.3015224433739032e-05,2.692882407259167e-05,3.1373201414390046e-09,6.724426810650476e-09,1.312888278777531e-06,2.9116028384767247e-06,2.0375965073460035e-11,6.16566684661166e-11,1.246812236338072e-18,1.2880037261833674e-18,5.267127601949561e-12,6.224272635875918e-12,3.25672887492309e-12,6.970755939457574e-12,9.674206214416927e-16,1.8563513783496324e-15,1.3124405045302924e-08,2.6159674298474415e-08,1.8802624981539795e-19,5.690136559417977e-19,0.006309251777746419,0.013035386664208153,3.3940034652991764e-31,1.0000000000000635e-30,3.85363230846365e-10,1.2532861893735686e-09,2.151429202867103e-11,6.83000004305516e-11
1.862,1335.4219423296108,5.17039061710637,0.16959969519665757,12.379587565805698,0.4955244295639324,0.07367628938967705,5.8825741341667755e-06,4.373207539399249e-07,9.22841491399276e-13,1.0889102799492181e-12,1.6845446924644446e-13,3.9753696593704475e-13,9.390785582312446e-08,1.1778819950447577e-07,0.19712435251401317,0.26190675114047274,1.266877215026193e-15,3.0838948927828603e-15,2.148469833789677e-13,5.389632021593878e-13,8.546258217341695e-13,8.841235412214539e-13,2.744059921513015e-06,3.0427703118846906e-06,0.011385464874269087,0.013471268687251611,0.25610681904004345,0.5290617911469575,0.03352295255389892,0.1088067678990829,8.257553708424654e-08,1.767221678971428e-07,2.777921651020175e-06,6.151621695902403e-06,8.31512549275559e-07,1.9649910252265663e-06,1.3005691532174936e-05,2.6909175363149792e-05,3.1346070285295272e-09,6.718630366652911e-09,1.3123450029677198e-06,2.910406134118718e-06,2.0356391451493876e-11,6.159761156331173e-11,1.2462648519329378e-18,1.287441850761652e-18,5.2647967071572865e-12,6.2215355336237254e-12,3.2549772578508285e-12,6.967026194035521e-12,9.667669823437001e-16,1.8551023094086652e-15,1.3124370732800767e-08,2.6159678916444317e-08,1.8789603215370412e-19,5.6862117226922105e-19,0.0063092341690428756,0.013035386664211732,3.3939939928595214e-31,1.0000000000000631e-30,3.850979611079357e-10,1.252426969140061e-09,2.1500956348022293e-11,6.825785503008705e-11
1.863,1335.3749876372776,5.170527133321103,0.1695952172956987,12.38548395849852,0.49552855001077944,0.07367710741466472,5.879714597080325e-06,4.3710938948647424e-07,9.21804732136797e-13,1.0876899840179178e-12,1.6826225372361915e-13,3.970844619971037e-13,9.384700507078679e-08,1.1771220281572147e-07,0.19712108171722573,0.26190313552061567,1.2654147861143076e-15,3.0803435631024484e-15,2.14670230450653e-13,5.385213025443876e-13,8.535637089759423e-13,8.830272307881501e-13,2.742362957099057e-06,3.0408970976749327e-06,0.01138405550712406,0.013469638673730222,0.2561061828255199,0.5290619516798556,0.03352418108480367,0.1088110587124931,8.254871165789519e-08,1.7666525054063872e-07,2.7779623543810606e-06,6.1517289808282275e-06,8.311715361718406e-07,1.964190634618658e-06,1.2996170089608578e-05,2.688955016338985e-05,3.131897389927522e-09,6.712841314656382e-09,1.311802336550925e-06,2.9092107648366357e-06,2.03368418566854e-11,6.153862683091764e-11,1.2457176408145006e-18,1.2868801469221664e-18,5.262467271556754e-12,6.218800119708718e-12,3.2532268347575474e-12,6.963298960185622e-12,9.661138835975764e-16,1.8538542641786352e-15,1.3124336462650053e-08,2.615968353156564e-08,1.8776592012340235e-19,5.682290041781087e-19,0.006309216581392061,0.013035386664215366,3.3939845317449903e-31,1.000000000000068e-30,3.848330477799854e-10,1.2515688990661434e-09,2.1487633628555864e-11,6.821575031398583e-11
1.864,1335.3280424746677,5.170663644100436,0.16959073980946526,12.391380506866216,0.49553266723052525,0.07367792471889709,5.876856844609547e-06,4.3689815507102094e-07,9.2076929874989e-13,1.0864712421436011e-12,1.6807028984817992e-13,3.966325480806198e-13,9.378620351954002e-08,1.1763626702435043e-07,0.19711781313362486,0.2618995219484832,1.2639542868507718e-15,3.0767969006417604e-15,2.1449365303316563e-13,5.38079838960126e-13,8.52503169450803e-13,8.819325388469008e-13,2.740667604649545e-06,3.03902565034362e-06,0.01138264782459816,0.013468010599495848,0.2561055456759441,0.529062108519172,0.03352540984326714,0.10881534992585051,8.252189820586686e-08,1.766083579050626e-07,2.7780030295888046e-06,6.151836183509504e-06,8.308308174700495e-07,1.9633909287268625e-06,1.2986660078076977e-05,2.6869948415977304e-05,3.129191217477719e-09,6.707059637332976e-09,1.3112602779788792e-06,2.908016727233935e-06,2.031731624668547e-11,6.147971414227604e-11,1.2451706031153385e-18,1.286318614815104e-18,5.260139291099493e-12,6.2160663894180405e-12,3.251477604078286e-12,6.959574234649911e-12,9.654613244698556e-16,1.8526072412820552e-15,1.3124302234791628e-08,2.6159688143845998e-08,1.8763591339880882e-19,5.678371506921441e-19,0.006309199014763617,0.013035386664218915,3.393975081939252e-31,1.0000000000000677e-30,3.8456848991534e-10,1.2507119760955839e-09,2.147432384787527e-11,6.817368621223577e-11
1.865,1335.2811068253623,5.170800149469336,0.16958626273709143,12.397277210902617,0.4955367812246005,0.07367874130292766,5.87400087570919e-06,4.366870506211603e-07,9.19735189406086e-13,1.0852540521944146e-12,1.6787857721379894e-13,3.961812232400437e-13,9.372545112331594e-08,1.1756039207441325e-07,0.19711454676325674,0.2618959104254518,1.2624957142410423e-15,3.073254898200517e-15,2.1431725095783995e-13,5.376388109941317e-13,8.514442004632314e-13,8.808394626378312e-13,2.738973862110731e-06,3.03715596766152e-06,0.011381241824235708,0.013466384461740264,0.25610490759589943,0.5290622616768916,0.03352663882572098,0.10881964152805788,8.249509673083219e-08,1.765514899977558e-07,2.778043676709971e-06,6.1519433041215245e-06,8.304903931137518e-07,1.962591907440987e-06,1.2977161493819524e-05,2.6850370113652493e-05,3.1264885087688556e-09,6.701285329666102e-09,1.31071882739504e-06,2.906824021665832e-06,2.029781458415813e-11,6.142087338589552e-11,1.2446237385434721e-18,1.2857572541520777e-18,5.257812768651883e-12,6.213334346210316e-12,3.249729564949754e-12,6.955852015672262e-12,9.648093044343543e-16,1.851361239739163e-15,1.3124268049159436e-08,2.6159692753279696e-08,1.8750601235616864e-19,5.674456129592295e-19,0.0063091814691271985,0.013035386664222489,3.3939656434259797e-31,1.0000000000000693e-30,3.8430428739638144e-10,1.2498561998700279e-09,2.146102698978786e-11,6.813166267451854e-11
1.866,1335.234180676564,5.170936649441359,0.16958178607808586,12.403174070601567,0.4955408919988206,0.07367955716795886,5.871146687766938e-06,4.3647607594796243e-07,9.187024017647625e-13,1.084038411438775e-12,1.6768711539102142e-13,3.9573048647320017e-13,9.366474780980797e-08,1.1748457787704119e-07,0.197111282601745,0.2618923009470107,1.2610390648949157e-15,3.069717547614919e-15,2.1414102392835957e-13,5.371982179136617e-13,8.503867988523933e-13,8.797479989195663e-13,2.7372817266911374e-06,3.035288046581131e-06,0.011379837503646163,0.013464760257731653,0.2561042685855382,0.5290624111558239,0.03352786803303592,0.1088239335224215,8.246830721098619e-08,1.7649464677366918e-07,2.7780842957763845e-06,6.15205034276239e-06,8.301502623928012e-07,1.9617935691058853e-06,1.2967674305026065e-05,2.6830815191117665e-05,3.1237892547263506e-09,6.695518372356437e-09,1.3101779829836335e-06,2.9056326441423104e-06,2.0278336825974863e-11,6.136210443275001e-11,1.244077047277072e-18,1.2851960651303192e-18,5.255487701218379e-12,6.210603986616606e-12,3.247982715654516e-12,6.952132299667871e-12,9.641578227133757e-16,1.8501162580874364e-15,1.3124233905693728e-08,2.6159697359872512e-08,1.8737621658459924e-19,5.670543897451663e-19,0.006309163944452651,0.013035386664226045,3.3939562161889547e-31,1.0000000000000703e-30,3.8404043914608615e-10,1.249001566910783e-09,2.1447743030912043e-11,6.808967962768822e-11
1.867,1335.1872640161828,5.171073144027739,0.1695773098320333,12.409071085956926,0.49554499955997783,0.07368037231533893,5.868294278814532e-06,4.362652309103722e-07,9.176709336851852e-13,1.082824317380886e-12,1.6749590397189343e-13,3.9528033682862616e-13,9.360409351674119e-08,1.1740882435594545e-07,0.19710802064374525,0.2618886935073648,1.2595843356723965e-15,3.0661848413300195e-15,2.1396497169272542e-13,5.367580590971282e-13,8.493309616515194e-13,8.786581446514133e-13,2.735591195893372e-06,3.033421884380971e-06,0.011378434860421907,0.013463137984717984,0.25610362864403985,0.5290625569567722,0.03352909746704964,0.10882822591538725,8.244152963302077e-08,1.7643782820593766e-07,2.778124886817338e-06,6.152157299524651e-06,8.298104248069379e-07,1.9609959125623794e-06,1.295819848921954e-05,2.681128360238443e-05,3.121093448523127e-09,6.689758750921535e-09,1.3096377435726772e-06,2.9044425921010464e-06,2.0258882931326016e-11,6.13034071608268e-11,1.2435305293790395e-18,1.2846350478279776e-18,5.253164084140675e-12,6.207875305202943e-12,3.2462370548343957e-12,6.948415083820794e-12,9.6350687863639e-16,1.848872295069948e-15,1.3124199804336393e-08,2.6159701963633678e-08,1.872465258418984e-19,5.6666348032621e-19,0.006309146440709808,0.013035386664229608,3.3939468002119344e-31,1.0000000000000686e-30,3.8377694440361527e-10,1.248148074767408e-09,2.1434471950422362e-11,6.804773700671187e-11
1.868,1335.1403568281762,5.171209633252485,0.16957283399809986,12.41496825696258,0.4955491039097527,0.07368118674565548,5.865443647146563e-06,4.360545153868647e-07,9.166407831372861e-13,1.0816117676554432e-12,1.6730494253635803e-13,3.9483077332626197e-13,9.354348818762456e-08,1.1733313144208777e-07,0.19710476088903045,0.261885088107516,1.258131523382493e-15,3.062656771666459e-15,2.137890940338507e-13,5.363183340104962e-13,8.482766859879922e-13,8.775698968899899e-13,2.7339022673703606e-06,3.031557478506116e-06,0.011377033892144768,0.013461517639934532,0.25610298777569,0.5290626990910843,0.03353032712449118,0.1088325186968185,8.241476399007757e-08,1.7638103428149617e-07,2.7781654498939288e-06,6.1522641745712375e-06,8.294708800562259e-07,1.9601989371246372e-06,1.2948734032031703e-05,2.679177531824049e-05,3.1184010852234844e-09,6.684006454932483e-09,1.3090981085657037e-06,2.903253864255964e-06,2.0239452860738667e-11,6.12447814521537e-11,1.242984184714188e-18,1.2840742021185424e-18,5.250841920100642e-12,6.205148305209367e-12,3.244492581263385e-12,6.944700365597782e-12,9.628564715714457e-16,1.8476293495037258e-15,1.312416574502208e-08,2.6159706564557782e-08,1.8711694029226188e-19,5.662728852084735e-19,0.0063091289578685395,0.013035386664233177,3.3939373954787306e-31,1.0000000000000696e-30,3.835138026904853e-10,1.2472957219076849e-09,2.1421213729422645e-11,6.800583475267857e-11
1.869,1335.0934591009154,5.171346117125497,0.16956835857591435,12.420865583612423,0.4955532050554174,0.07368200046032641,5.86259479057418e-06,4.3584392921995866e-07,9.156119479158678e-13,1.0804007596903964e-12,1.6711423067423756e-13,3.943817950093253e-13,9.34829317566416e-08,1.1725749905472738e-07,0.1971015033317675,0.2618814847410131,1.256680624836783e-15,3.0591333309508415e-15,2.1361339068259384e-13,5.358790419891128e-13,8.47223968841284e-13,8.764832525387947e-13,2.732214938528359e-06,3.0296948261279685e-06,0.011375634596424994,0.013459899220649885,0.25610234597916015,0.5290628375585016,0.03353155700770358,0.1088368118747988,8.23880102654151e-08,1.7632426496612365e-07,2.7782059850311563e-06,6.152370967985052e-06,8.29131627550348e-07,1.9594026414205302e-06,1.2939280907122896e-05,2.6772290284702275e-05,3.1157121570891947e-09,6.678261467952901e-09,1.30855907651895e-06,2.9020664574417822e-06,2.0220046572745465e-11,6.118622718271857e-11,1.2424380134094827e-18,1.2835135281462856e-18,5.248521203819949e-12,6.2024229804688285e-12,3.2427492934637627e-12,6.940988141926546e-12,9.622066008138166e-16,1.8463874200660624e-15,1.312413172769357e-08,2.615971116265522e-08,1.8698745955872463e-19,5.658826032603305e-19,0.006309111495898822,0.013035386664236752,3.3939280019731847e-31,1.0000000000000717e-30,3.832510131140336e-10,1.246444505452288e-09,2.1407968346151945e-11,6.796397279757923e-11
1.87,1335.0465708199308,5.171482595665813,0.16956388356480598,12.426763065900376,0.4955573030006011,0.0736828134602279,5.859747707326965e-06,4.3563347228327216e-07,9.145844259675938e-13,1.0791912910928048e-12,1.6692376797300052e-13,3.9393340091544747e-13,9.342242416579289e-08,1.1718192712292498e-07,0.19709824796977296,0.26187788340625373,1.2552316368896342e-15,3.055614511613687e-15,2.1343786141161123e-13,5.354401824731566e-13,8.461728073275547e-13,8.753982086426483e-13,2.7305292069876233e-06,3.0278339246551265e-06,0.011374236970858062,0.013458282724115034,0.25610170325676485,0.5290629723662912,0.03353278711538325,0.10884110544557564,8.236126845013767e-08,1.762675202423882e-07,2.778246492277788e-06,6.152477679901625e-06,8.287926669244662e-07,1.9586070246107377e-06,1.2929839097556696e-05,2.6752828467240737e-05,3.1130266585976554e-09,6.672523778294985e-09,1.3080206466503504e-06,2.900880369960619e-06,2.020066402767578e-11,6.112774423394218e-11,1.241892015399635e-18,1.2829530258568549e-18,5.246201935139911e-12,6.199699330864256e-12,3.241007190179872e-12,6.937278410209948e-12,9.615572657242415e-16,1.845146505559813e-15,1.3124097752288499e-08,2.615971575792606e-08,1.8685808366908093e-19,5.6549263457505985e-19,0.006309094054770614,0.01303538666424029,3.3939186196791374e-31,1.0000000000000714e-30,3.829885751060766e-10,1.2455944235771232e-09,2.1394735781191787e-11,6.792215108083901e-11
1.871,1334.9996919727905,5.17161906888602,0.16955940896431576,12.432660703820371,0.49556139775145785,0.07368362574661062,5.856902395254172e-06,4.354231444221345e-07,9.135582151114419e-13,1.077983359318967e-12,1.6673355402081953e-13,3.9348559008388565e-13,9.336196535032333e-08,1.1710641556726253e-07,0.19709499479832657,0.2618742840982614,1.2537845563456695e-15,3.052100305964138e-15,2.1326250595835984e-13,5.350017548144727e-13,8.451231984519993e-13,8.743147621314762e-13,2.7288450701847703e-06,3.025974771292414e-06,0.011372841013060336,0.013456668147605415,0.2561010596082723,0.529063103516453,0.03353401744877294,0.1088453994136598,8.233453852857898e-08,1.7621080007836347e-07,2.7782869716654164e-06,6.1525843104183845e-06,8.28453997624091e-07,1.957812085407688e-06,1.2920408578437271e-05,2.6733389814856626e-05,3.110344582352717e-09,6.6667933702546536e-09,1.3074828176167687e-06,2.8996955988701653e-06,2.0181305184425022e-11,6.106933248290143e-11,1.2413461907744006e-18,1.2823926953560366e-18,5.2438841103550565e-12,6.196977352086988e-12,3.2392662699531627e-12,6.933571167416332e-12,9.609084656044303e-16,1.8439066046744788e-15,1.3124063818748359e-08,2.6159720350377754e-08,1.86728812346697e-19,5.651029783246207e-19,0.006309076634453994,0.013035386664243828,3.393909248580492e-31,1.0000000000000712e-30,3.8272648782459565e-10,1.2447454735674244e-09,2.1381516013173466e-11,6.788036953568849e-11
1.872,1334.9528225445179,5.171755536806888,0.16955493477371641,12.438558497366365,0.49556548931087313,0.07368443732023885,5.854058852624901e-06,4.3521294551307716e-07,9.125333133167054e-13,1.0767769620024632e-12,1.6654358840503613e-13,3.930383615519026e-13,9.330155525320736e-08,1.1703096431801313e-07,0.19709174381598543,0.2618706868164123,1.252339380063533e-15,3.04859070644258e-15,2.1308732410102517e-13,5.345637584670531e-13,8.440751393559353e-13,8.732329100759371e-13,2.7271625257690973e-06,3.0241173634803744e-06,0.011371446720634278,0.013455055488379827,0.25610041503671666,0.5290632310177307,0.03353524800584399,0.10884969377294329,8.230782049273395e-08,1.7615410445851665e-07,2.778327423247227e-06,6.152690859680535e-06,8.281156193128708e-07,1.9570178230392634e-06,1.2910989333992037e-05,2.6713974295425913e-05,3.107665923110206e-09,6.661070232739967e-09,1.3069455887169049e-06,2.8985121426514565e-06,2.0161970003668502e-11,6.101099181205506e-11,1.2408005394415066e-18,1.2818325365615493e-18,5.2415677303721565e-12,6.194257045278736e-12,3.2375265315490493e-12,6.929866410993231e-12,9.602601998223396e-16,1.8426677162266133e-15,1.3124029927009975e-08,2.6159724940008275e-08,1.8659964565864935e-19,5.647136347211291e-19,0.006309059234919073,0.013035386664247375,3.393899888661162e-31,1.00000000000007e-30,3.824647507420547e-10,1.2438976537311473e-09,2.13683090230155e-11,6.78386281026168e-11
1.873,1334.9059625232385,5.171891999439324,0.16955046099260415,12.444456446532328,0.4955695776856397,0.07368524818245677,5.851217077304804e-06,4.3500287540262315e-07,9.115097184110705e-13,1.075572096609683e-12,1.663538707183932e-13,3.9259171436947183e-13,9.324119380987347e-08,1.169555732959796e-07,0.1970884950173832,0.26186709155486576,1.250896104883264e-15,3.0450857054438233e-15,2.129123155767378e-13,5.341261927818659e-13,8.430286270601424e-13,8.721526494218908e-13,2.72548157118869e-06,3.022261698436288e-06,0.011370054091205771,0.013453444743724483,0.2560997695412064,0.5290633548707503,0.03353647878849696,0.10885398853007001,8.228111432675572e-08,1.7609743335052765e-07,2.7783678470507295e-06,6.152797327776338e-06,8.277775314278324e-07,1.956224236197722e-06,1.2901581339057304e-05,2.6694581857391928e-05,3.104990673424543e-09,6.6553543499399396e-09,1.3064089585849224e-06,2.8973299983116276e-06,2.0142658444478042e-11,6.095272209900485e-11,1.2402550615065747e-18,1.2812725495955172e-18,5.239252790546562e-12,6.191538405020605e-12,3.2357879735207857e-12,6.926164137933805e-12,9.596124676844073e-16,1.841429838914638e-15,1.3123996077015947e-08,2.615972952682672e-08,1.8647058328327606e-19,5.643246028002253e-19,0.006309041856136024,0.01303538666425089,3.393890539905119e-31,1.0000000000000691e-30,3.822033630066369e-10,1.2430509613215049e-09,2.1355114789374237e-11,6.779692671492805e-11
1.874,1334.8591118923991,5.172028456809251,0.16954598762008305,12.450354551312259,0.4955736628765807,0.07368605833372142,5.84837706785945e-06,4.3479293398932473e-07,9.104874284725137e-13,1.0743687609022832e-12,1.6616440054965709e-13,3.9214564757715397e-13,9.318088096874648e-08,1.168802424382638e-07,0.197085248403144,0.2618634983157418,1.2494547277161861e-15,3.0415852955359843e-15,2.1273748019189718e-13,5.336890572836312e-13,8.419836588088748e-13,8.710739773463121e-13,2.723802204246349e-06,3.0204077737706946e-06,0.011368663122373673,0.013451835910893611,0.25609912312682365,0.529063475088482,0.0335377097926483,0.10885828367226133,8.225442002787096e-08,1.7604078675005543e-07,2.778408243142647e-06,6.152903714880939e-06,8.274397337811345e-07,1.955431324461813e-06,1.289218458409571e-05,2.6675212481529202e-05,3.102318829527486e-09,6.649645713925365e-09,1.305872926957036e-06,2.8961491653018652e-06,2.012337046886389e-11,6.089452323024093e-11,1.2397097567564884e-18,1.280712734250778e-18,5.236939294681088e-12,6.188821435876495e-12,3.2340505947932392e-12,6.92246434602654e-12,9.589652686062803e-16,1.8401929716464914e-15,1.3123962268700416e-08,2.6159734110825485e-08,1.863416255046302e-19,5.63935883430636e-19,0.006309024498075026,0.01303538666425442,3.3938812022963113e-31,1.000000000000069e-30,3.819423243056026e-10,1.2422053953449093e-09,2.1341933294779277e-11,6.775526531822102e-11
1.875,1334.8122706416084,5.172164908922923,0.16954151465590214,12.456252811700162,0.49557774489225964,0.07368686777563858,5.845538821791376e-06,4.34583121092683e-07,9.094664412139749e-13,1.0731669522110685e-12,1.659751774906214e-13,3.917001602226119e-13,9.31206166590662e-08,1.1680497165789617e-07,0.19708200396611705,0.26185990709082213,1.2480152453428044e-15,3.0380894689683925e-15,2.1256281765226273e-13,5.33252351244558e-13,8.40940231524912e-13,8.699968906934846e-13,2.7221244222219883e-06,3.0185555865141175e-06,0.011367273811787973,0.013450228987201426,0.25609847579087636,0.5290635916678198,0.03353894102199693,0.10886257921199576,8.222773757408824e-08,1.7598416461162143e-07,2.7784486115378e-06,6.153010021054362e-06,8.271022256414712e-07,1.9546390861258598e-06,1.2882799036836884e-05,2.665586610157343e-05,3.0996503823012936e-09,6.6439443053001145e-09,1.3053374919657147e-06,2.8949696395164338e-06,2.0104106034655755e-11,6.083639507959729e-11,1.2391646254283057e-18,1.280153090785181e-18,5.234627235676836e-12,6.186106129526807e-12,3.232314393724937e-12,6.918767031847315e-12,9.583186018382863e-16,1.8389571130127647e-15,1.3123928502008784e-08,2.6159738692018622e-08,1.8621277176054446e-19,5.635474749200979e-19,0.0063090071607064336,0.013035386664257971,3.393871875818787e-31,1.0000000000000698e-30,3.816816335433285e-10,1.241360952261478e-09,2.1328764516157438e-11,6.771364384030283e-11
1.8760000000000001,1334.7654387565217,5.172301355799324,0.1695370420993932,12.462151227690066,0.49558182373618487,0.07368767650906267,5.84270233714972e-06,4.3437343657282876e-07,9.084467545464554e-13,1.0719666681004772e-12,1.657862011286471e-13,3.912552513430185e-13,9.306040082034822e-08,1.1672976088079341e-07,0.19707876170421917,0.2618563178786224,1.2465776545897364e-15,3.034598218102401e-15,2.1238832771890997e-13,5.328160740756022e-13,8.39898342307647e-13,8.689213864903245e-13,2.7204482226750095e-06,3.0167051340069135e-06,0.011365886157077837,0.013448623969937457,0.25609782753572713,0.5290637046161016,0.033540172475180256,0.10886687514532364,8.220106695382891e-08,1.7592756691203116e-07,2.7784889522838106e-06,6.153116246429294e-06,8.267650065784623e-07,1.953847520195305e-06,1.287342467751745e-05,2.6636542677137216e-05,3.096985325569811e-09,6.6382501109727815e-09,1.3048026526258215e-06,2.8937914188064903e-06,2.0084865102014954e-11,6.077833752795982e-11,1.2386196674995353e-18,1.2795936191884324e-18,5.232316613549833e-12,6.1833924860599866e-12,3.230579368963459e-12,6.915072192590601e-12,9.57672466715649e-16,1.837722261766905e-15,1.3123894776879258e-08,2.6159743270405926e-08,1.8608402203324143e-19,5.631593772238433e-19,0.006308989844000565,0.01303538666426153,3.3938625604565865e-31,1.000000000000072e-30,3.814212900560024e-10,1.2405176299356581e-09,2.1315608433526695e-11,6.767206221879213e-11
1.877,1334.718616223588,5.172437797454909,0.16953256994997107,12.468049799276017,0.4955858994129072,0.07368848453500257,5.8398676123630125e-06,4.341638803180873e-07,9.074283664967423e-13,1.0707679062714878e-12,1.6559747106580875e-13,3.9081092001023733e-13,9.300023339788074e-08,1.1665461004010866e-07,0.19707552161432987,0.2618527306762777,1.2451419524452568e-15,3.031111535692628e-15,2.1221401017753862e-13,5.323802252494679e-13,8.388579883711529e-13,8.678474618823007e-13,2.718773603337077e-06,3.014856413780341e-06,0.011364500155864996,0.013447020856382223,0.2560971783626931,0.5290638139385017,0.03354140415187856,0.10887117147167938,8.217440816026455e-08,1.758709936382534e-07,2.778529265424069e-06,6.1532223911290084e-06,8.264280762758454e-07,1.9530566259452258e-06,1.2864061491495692e-05,2.6617242178429006e-05,3.0943236543939438e-09,6.6325631205031e-09,1.3042684083054893e-06,2.892614501806581e-06,2.0065647632466587e-11,6.072035046033711e-11,1.2380748828929618e-18,1.27903431939368e-18,5.230007426702708e-12,6.180680503657681e-12,3.2288455193694237e-12,6.911379825906669e-12,9.570268626374338e-16,1.8364884167848004e-15,1.3123861093251794e-08,2.6159747845990474e-08,1.8595537630557292e-19,5.627715902989897e-19,0.006308972547927782,0.013035386664265063,3.393853256193767e-31,1.0000000000000737e-30,3.81161293352739e-10,1.2396754267942472e-09,2.1302465028346192e-11,6.763052039588017e-11
1.8780000000000001,1334.6718030282768,5.172574233909343,0.16952809820694542,12.473948526452082,0.4955899719256233,0.07368929185426525,5.837034645619403e-06,4.3395445219890175e-07,9.064112750268227e-13,1.0695706643485282e-12,1.6540898689356516e-13,3.903671652710457e-13,9.294011433359699e-08,1.165795190647826e-07,0.1970722836946773,0.26184914548271304,1.2437081357852313e-15,3.0276294142197905e-15,2.1203986480063937e-13,5.319448042056946e-13,8.378191668676985e-13,8.667751139508525e-13,2.717100561840028e-06,3.013009423254838e-06,0.011363115805782628,0.013445419643829599,0.25609652827443097,0.5290639196429575,0.03354263605043039,0.10887546818614156,8.214776118388281e-08,1.758144447715097e-07,2.7785695510085963e-06,6.153328455291419e-06,8.26091434358567e-07,1.9522664025117094e-06,1.2854709461391798e-05,2.6597964569990442e-05,3.091665363170498e-09,6.6268833220269185e-09,1.3037347581847718e-06,2.8914388867340415e-06,2.0046453586840367e-11,6.066243375962921e-11,1.2375302715488806e-18,1.2784751913521375e-18,5.2276996755724294e-12,6.17797018290552e-12,3.227112843667596e-12,6.9076899291548026e-12,9.563817889626894e-16,1.8352555768654764e-15,1.312382745106437e-08,2.61597524187712e-08,1.858268345822379e-19,5.623841141687553e-19,0.006308955272458532,0.013035386664268619,3.393843963014417e-31,1.0000000000000737e-30,3.80901642851302e-10,1.2388343409668702e-09,2.1289334281314476e-11,6.758901831134078e-11
1.879,1334.6249991597224,5.1727106651706265,0.16952362687000846,12.47984740921234,0.4955940412821268,0.07369009846833953,5.834203434336537e-06,4.337451520284138e-07,9.053954778408921e-13,1.0683749396517266e-12,1.6522074820180705e-13,3.8992398616848125e-13,9.288004355585844e-08,1.16504487866726e-07,0.1970690479388682,0.2618455622907066,1.242276201363862e-15,3.0241518458681246e-15,2.1186589129104817e-13,5.315098102090435e-13,8.367818747211826e-13,8.657043395410525e-13,2.715429095443058e-06,3.011164159437451e-06,0.011361733104500676,0.013443820329616541,0.2560958772689722,0.5290640217278393,0.03354386817380351,0.1088797652988122,8.21211260017774e-08,1.757579202643497e-07,2.778609809055633e-06,6.153434438983921e-06,8.257550800789058e-07,1.9514768481500487e-06,1.284536855417209e-05,2.6578709783971495e-05,3.0890104426089394e-09,6.621210695775837e-09,1.3032017003392059e-06,2.8902645693564575e-06,2.002728292302305e-11,6.060458729982532e-11,1.236985833705369e-18,1.2779162353226093e-18,5.225393354158043e-12,6.175261516780705e-12,3.225381340169676e-12,6.9040024988098e-12,9.557372449298453e-16,1.8340237405763977e-15,1.3123793850261738e-08,2.6159756988759915e-08,1.856983963391e-19,5.619969472558662e-19,0.006308938017563357,0.013035386664272125,3.393834680902711e-31,1.0000000000000733e-30,3.80642337431345e-10,1.2379943688329263e-09,2.127621616924228e-11,6.754755589260098e-11
1.8800000000000001,1334.5782046031873,5.172847091259172,0.16951915593844566,12.485746447550893,0.49559810748531163,0.07369090437798642,5.831373977048156e-06,4.335359797027372e-07,9.043809730160848e-13,1.0671807299412118e-12,1.6503275459147354e-13,3.894813817716291e-13,9.282002101229342e-08,1.1642951638201461e-07,0.19706581434543463,0.2618419810995829,1.2408461461754465e-15,3.0206788234061324e-15,2.1169208944767402e-13,5.310752427652759e-13,8.357461091972615e-13,8.646351358514664e-13,2.7137592019446953e-06,3.009320619933224e-06,0.011360352049648682,0.013442222911032217,0.2560952253492599,0.5290641202016688,0.03354510052004505,0.10888406280382242,8.209450260940257e-08,1.7570142010861838e-07,2.7786500396186257e-06,6.1535403423519325e-06,8.254190131910047e-07,1.9506879623015462e-06,1.2836038758077138e-05,2.655947779654008e-05,3.0863588884529116e-09,6.615545232771702e-09,1.3026692343389343e-06,2.8890915487561157e-06,2.000813560324405e-11,6.05468109680527e-11,1.236441569219726e-18,1.2773574511705207e-18,5.2230884631861944e-12,6.172554506210892e-12,3.2236510077916824e-12,6.9003175326399225e-12,9.55093229955517e-16,1.832792906826918e-15,1.312376029078185e-08,2.6159761555955118e-08,1.8557006172709015e-19,5.616100900260498e-19,0.006308920783212795,0.013035386664275622,3.393825409842782e-31,1.0000000000000705e-30,3.803833767022348e-10,1.2371555091450596e-09,2.1263110674364647e-11,6.750613308430709e-11
1.881,1334.5314193465288,5.1729835121871055,0.16951468541181414,12.491645641461854,0.4956021705413438,0.07369170958445284,5.828546271786064e-06,4.333269350806578e-07,9.033677584613821e-13,1.0659880327786032e-12,1.6484500566374826e-13,3.890393511501189e-13,9.276004664163057e-08,1.1635460453555658e-07,0.1970625829096232,0.2618384019042989,1.2394179671444076e-15,3.017210339431961e-15,2.115184590233557e-13,5.306411012645489e-13,8.347118674141777e-13,8.635674999280617e-13,2.712090878900573e-06,3.007478802077732e-06,0.011358972638881887,0.01344062738539601,0.25609457251494633,0.5290642150661647,0.03354633309049264,0.10888836070598323,8.206789099333719e-08,1.7564494427716206e-07,2.7786902427285603e-06,6.153646165491089e-06,8.250832332007456e-07,1.9498997438207455e-06,1.28267200509463e-05,2.6540268562341267e-05,3.083710693999388e-09,6.609886918791568e-09,1.3021373590195481e-06,2.8879198223861145e-06,1.998901158782342e-11,6.048910464565645e-11,1.2358974781505468e-18,1.2767988389692294e-18,5.220784998802613e-12,6.169849146709956e-12,3.221921845181392e-12,6.896635027839058e-12,9.544497433782093e-16,1.831563074376432e-15,1.312372677256744e-08,2.615976612036462e-08,1.854418305084516e-19,5.61223541768691e-19,0.0063089035693774526,0.013035386664279187,3.3938161498188282e-31,1.0000000000000737e-30,3.80124759915607e-10,1.2363177594923686e-09,2.1250017776351897e-11,6.746474982296027e-11
1.8820000000000001,1334.4846433752832,5.173119927974115,0.16951021528942337,12.497544990939362,0.49560623045335384,0.07369251408853299,5.8257203168033595e-06,4.331180180373974e-07,9.023558321722191e-13,1.06479684582744e-12,1.6465750101481717e-13,3.8859789336174834e-13,9.270012038708044e-08,1.1627975225787638e-07,0.19705935362971566,0.26183482470383923,1.2379916611897264e-15,3.013746386530214e-15,2.1134499979627022e-13,5.302073851605539e-13,8.336791465667221e-13,8.625014288959016e-13,2.710424123986501e-06,3.005638703339661e-06,0.011357594869848673,0.013439033750018826,0.256093918768712,0.5290643063292925,0.03354756588345633,0.10889265900027646,8.204129114488799e-08,1.7558849275294083e-07,2.7787304184356432e-06,6.153751908539474e-06,8.247477397556472e-07,1.9491121918968406e-06,1.2817412416412703e-05,2.6521082048006477e-05,3.081065853901295e-09,6.6042357425184275e-09,1.301606073627491e-06,2.8867493886106238e-06,1.996991083813e-11,6.043146821715057e-11,1.235353560425788e-18,1.2762403986570934e-18,5.2184829614619605e-12,6.167145438883765e-12,3.2201938511014306e-12,6.892954981846646e-12,9.538067845702165e-16,1.8303342420490807e-15,1.3123693295556929e-08,2.6159770681987132e-08,1.8531370272136675e-19,5.608373026082514e-19,0.006308886376027963,0.013035386664282696,3.3938069008150433e-31,1.0000000000000707e-30,3.798664865239731e-10,1.2354811181171953e-09,2.1236937456291756e-11,6.742340604955814e-11
1.883,1334.4378766753734,5.173256338638681,0.16950574557062253,12.503444495977575,0.4956102872248734,0.07369331789108054,5.822896109973694e-06,4.3290922841995834e-07,9.013451920280139e-13,1.0636071666142773e-12,1.6447024023341918e-13,3.881570074467089e-13,9.264024218576117e-08,1.1620495947185266e-07,0.19705612650358453,0.26183124949664355,1.2365672251215712e-15,3.0102869570203607e-15,2.1117171151603388e-13,5.297740938353064e-13,8.326479437442485e-13,8.614369197708819e-13,2.708758934706148e-06,3.003800320996701e-06,0.011356218740216181,0.013437442002233624,0.2560932641128148,0.5290643939981419,0.033548798897664336,0.10889695768304074,8.201470304975497e-08,1.7553206550691257e-07,2.7787705667854347e-06,6.153857571624869e-06,8.244125323580393e-07,1.9483253053758584e-06,1.2808115831837825e-05,2.6501918207188884e-05,3.0784243613226947e-09,6.598591689443511e-09,1.3010753769694806e-06,2.8855802448184975e-06,1.995083331424209e-11,6.037390156313982e-11,1.2348098160696783e-18,1.2756821302719108e-18,5.2161823511933145e-12,6.1644433828351435e-12,3.2184670241065113e-12,6.88927739165692e-12,9.531643528430138e-16,1.829106408552237e-15,1.3123659859689364e-08,2.6159775240822523e-08,1.8518567822578018e-19,5.604513721297544e-19,0.006308869203135087,0.01303538666428625,3.393797662815703e-31,1.000000000000071e-30,3.7960855576610467e-10,1.2346455825666494e-09,2.122386969366388e-11,6.738210169999055e-11
1.8840000000000001,1334.3911192360374,5.173392744188672,0.1695012762551086,12.509344156570661,0.49561434086372314,0.07369412099358588,5.820073649333303e-06,4.3270056608741623e-07,9.003358359408341e-13,1.0624189927041045e-12,1.6428322292962511e-13,3.877166924955011e-13,9.258041197614523e-08,1.1613022610205786e-07,0.19705290152481075,0.26182767627544573,1.235144655929407e-15,3.006832043658071e-15,2.1099859393141805e-13,5.293412266686721e-13,8.316182560804513e-13,8.603739696146777e-13,2.7070953086192313e-06,3.0019636523885557e-06,0.01135484424765514,0.013435852139377329,0.25609260854521904,0.5290644780709262,0.03355003213613991,0.10890125676455481,8.198812669357957e-08,1.7547566250990568e-07,2.778810687798711e-06,6.1539631548200836e-06,8.240776104793045e-07,1.9475390830306223e-06,1.279883027379919e-05,2.6482776991917873e-05,3.075786209287764e-09,6.592954744757713e-09,1.3005452677850755e-06,2.8844123882495223e-06,1.9931778976621887e-11,6.031640456538608e-11,1.2342662451881102e-18,1.275124033935816e-18,5.213883161734366e-12,6.1617429712316116e-12,3.216741362852751e-12,6.885602254480925e-12,9.52522447539512e-16,1.8278795726535132e-15,1.3123626464910294e-08,2.6159779796883266e-08,1.8505775667716946e-19,5.600657492993915e-19,0.006308852050669597,0.013035386664289788,3.3937884358050907e-31,1.0000000000000717e-30,3.7935096684880135e-10,1.2338111502837739e-09,2.1210814467981366e-11,6.734083671025039e-11
1.885,1334.3443710417123,5.17352914464742,0.16949680734207206,12.515243972712813,0.49561839137153507,0.07369492339661954,5.817252933409751e-06,4.3249203093536936e-07,8.993277620076895e-13,1.061232321880074e-12,1.640964487034559e-13,3.8727694757487987e-13,9.252062970641779e-08,1.1605555208524495e-07,0.1970496786931738,0.2618241050412165,1.2337239505989051e-15,3.0033816391895626e-15,2.108256468455934e-13,5.289087831769699e-13,8.305900808703062e-13,8.59312575655744e-13,2.705433243545159e-06,3.000128695142825e-06,0.01135347138981597,0.013434264158762798,0.25609195207007635,0.5290645585586427,0.0335512655957129,0.10890555623499444,8.196156207225951e-08,1.7541928375469832e-07,2.778850781535589e-06,6.154068658285088e-06,8.237429738952576e-07,1.946753524353387e-06,1.2789555731350731e-05,2.6463658380037324e-05,3.0731513937384917e-09,6.587324899905901e-09,1.3000157457002664e-06,2.8832458181094017e-06,1.991274778792985e-11,6.025897711230006e-11,1.233722847609904e-18,1.27456610948469e-18,5.211585395589134e-12,6.159044207100592e-12,3.2150168662520177e-12,6.8819295680770335e-12,9.51881068077347e-16,1.8266537332638725e-15,1.312359311115635e-08,2.6159784350164153e-08,1.849299383037997e-19,5.596804348168425e-19,0.0063088349186022595,0.013035386664293292,3.39377921976748e-31,1.000000000000071e-30,3.790937194109884e-10,1.2329778201170115e-09,2.1197771761784897e-11,6.729961102594066e-11
1.8860000000000001,1334.2976320802354,5.173665540027441,0.16949233883105777,12.52114394439824,0.49562243875414586,0.07369572510137525,5.814433959784627e-06,4.3228362278906626e-07,8.983209680165416e-13,1.0600471515605478e-12,1.6390991714734217e-13,3.868377717336461e-13,9.246089530854252e-08,1.1598093733781252e-07,0.19704645800422638,0.2618205357893029,1.232305105925083e-15,2.9999357358966074e-15,2.1065286998067785e-13,5.284767626731407e-13,8.295634151311125e-13,8.582527348351524e-13,2.7037727368526243e-06,2.9982954463871177e-06,0.011352100164392049,0.013432678057753241,0.25609129468730235,0.5290646354635232,0.03355249927745165,0.10890985609829043,8.193500916602258e-08,1.7536292920052458e-07,2.7788908480259535e-06,6.154174082112725e-06,8.234086219536656e-07,1.945968627824711e-06,1.2780292175445867e-05,2.6444562311936353e-05,3.0705199063453523e-09,6.581702137176376e-09,1.299486809064512e-06,2.882080530772529e-06,1.9893739707295415e-11,6.020161908160174e-11,1.2331796234901971e-18,1.2740083570914857e-18,5.209289049506491e-12,6.156347086667841e-12,3.2132935327054588e-12,6.878259329110065e-12,9.512402137246616e-16,1.825428889007296e-15,1.312355979837032e-08,2.615978890067153e-08,1.8480222272461628e-19,5.592954275376879e-19,0.006308817806904049,0.013035386664296808,3.3937700146872462e-31,1.0000000000000696e-30,3.7883681247076436e-10,1.2321455888955184e-09,2.1184741553066233e-11,6.725842457821823e-11
1.887,1334.250902337969,5.173801930345957,0.16948787072145668,12.52704407162117,0.4956264830156193,0.0736965261087841,5.81161672704088e-06,4.32075341548201e-07,8.973154520759387e-13,1.0588634795421253e-12,1.6372362787357668e-13,3.8639916406745255e-13,9.240120873096737e-08,1.1590638179683483e-07,0.1970432394553113,0.2618169685174341,1.2308881189910375e-15,2.996494326762089e-15,2.1048026313696835e-13,5.280451646662416e-13,8.285382561802901e-13,8.571944444044041e-13,2.7021137863808796e-06,2.9964639037708064e-06,0.011350730569043867,0.013431093833673047,0.2560906363985971,0.5290647087914933,0.033553733180633726,0.10891415635256223,8.190846797017251e-08,1.7530659883888533e-07,2.7789308873155203e-06,6.15427942643099e-06,8.2307455439903e-07,1.9451843928627443e-06,1.2771039594100012e-05,2.642548876330722e-05,3.0678917428339536e-09,6.576086447549351e-09,1.2989584574231634e-06,2.880916525265584e-06,1.987475469757324e-11,6.014433036228129e-11,1.2326365727134556e-18,1.273450776649526e-18,5.206994122466916e-12,6.153651608796399e-12,3.2115713611629694e-12,6.874591535419404e-12,9.505998839118624e-16,1.8242050388191153e-15,1.3123526526492636e-08,2.615979344840739e-08,1.8467461000283023e-19,5.58910727662043e-19,0.0063088007155458386,0.01303538666430035,3.3937608205487278e-31,1.0000000000000705e-30,3.7858024562881785e-10,1.2313144553432413e-09,2.1171723824271107e-11,6.721727731237936e-11
1.8880000000000001,1334.2041818036082,5.1739383156128325,0.16948340301290077,12.532944354375841,0.4956305241628064,0.0736973264201894,5.808801232616776e-06,4.3186718702734257e-07,8.963112119314244e-13,1.0576813031929387e-12,1.6353758047635643e-13,3.859611236292033e-13,9.234156990319023e-08,1.1583188537560863e-07,0.19704002304095627,0.26181340321958996,1.2294729865841409e-15,2.9930574040486494e-15,2.1030782602358713e-13,5.276139884365552e-13,8.275146010032572e-13,8.561377012714078e-13,2.7004563894348704e-06,2.9946340643505602e-06,0.011349362601479512,0.013429511483902389,0.2560899772028371,0.5290647785426281,0.03355496730736435,0.10891845700510437,8.188193846229701e-08,1.7525029262335723e-07,2.77897089942693e-06,6.154384691316578e-06,8.227407705054483e-07,1.944400817773824e-06,1.2761797955215394e-05,2.64064376682225e-05,3.065266894165771e-09,6.570477811792449e-09,1.2984306889069462e-06,2.879753797477636e-06,1.9855792717475193e-11,6.008711083078657e-11,1.2320936954961692e-18,1.2728933683950977e-18,5.204700609743923e-12,6.150957767968097e-12,3.2098503499500823e-12,6.8709261835075884e-12,9.499600778860523e-16,1.8229821812827915e-15,1.3123493295467817e-08,2.6159797993381032e-08,1.8454709968522698e-19,5.585263338270483e-19,0.006308783644498687,0.013035386664303894,3.393751637336358e-31,1.0000000000000724e-30,3.783240177983124e-10,1.2304844159478898e-09,2.1158718552695335e-11,6.717616915736568e-11
1.889,1334.1574704622462,5.174074695849466,0.16947893570464428,12.538844792656517,0.4956345621980792,0.07369812603626956,5.805987475331132e-06,4.316591591436987e-07,8.953082457786179e-13,1.0565006204121655e-12,1.6335177456922532e-13,3.855236495174395e-13,9.228197877801716e-08,1.1575744801666642e-07,0.19703680876019714,0.26180983989574463,1.2280597058296043e-15,2.9896249608411905e-15,2.101355584633438e-13,5.271832335495646e-13,8.264924470005634e-13,8.550825027734947e-13,2.6988005439769698e-06,2.992805925912047e-06,0.01134799625935775,0.013427931005763208,0.2560893171033993,0.529064844726309,0.03355620165524042,0.10892275804857939,8.185542064188064e-08,1.7519401055438302e-07,2.779010884417094e-06,6.154489876922189e-06,8.22407270136265e-07,1.9436179022568575e-06,1.2752567251778157e-05,2.6387409012656934e-05,3.0626453572415495e-09,6.564876223403964e-09,1.2979035034111915e-06,2.87859234721139e-06,1.983685373094214e-11,6.002996037938656e-11,1.231550991626225e-18,1.2723361321216992e-18,5.20240851266198e-12,6.148265565815801e-12,3.208130498143574e-12,6.867263271485205e-12,9.493207951157684e-16,1.821760315406691e-15,1.3123460105234123e-08,2.6159802535589693e-08,1.8441969201712554e-19,5.581422467839216e-19,0.0063087665937335575,0.01303538666430743,3.393742465034507e-31,1.0000000000000717e-30,3.78068128751217e-10,1.2296554699903567e-09,2.114572572207777e-11,6.713510006257354e-11
1.8900000000000001,1334.1107683018608,5.174211071068089,0.16947446879624198,12.544745386457476,0.49563859712735703,0.07369892495822893,5.803175453061222e-06,4.314512577444594e-07,8.94306551509183e-13,1.0553214287402058e-12,1.6316620975573104e-13,3.850867408070734e-13,9.222243529230609e-08,1.1568306964252995e-07,0.19703359660849878,0.2618062785411215,1.2266482736454637e-15,2.986196989719968e-15,2.0996346020038413e-13,5.267528993733697e-13,8.254717912982526e-13,8.54028845963897e-13,2.6971462475244575e-06,2.990979485747194e-06,0.011346631540378911,0.013426352396626238,0.25608865610008075,0.5290649073445101,0.033557436225440086,0.10892705948727206,8.18289144931588e-08,1.751377525997625e-07,2.779050842316271e-06,6.154594983341362e-06,8.220740527420212e-07,1.942835645035086e-06,1.2743347459268556e-05,2.636840274636075e-05,3.0600271248275934e-09,6.5592816670194055e-09,1.2973768995968368e-06,2.8774321715316983e-06,1.9817937698443735e-11,5.99728788898408e-11,1.231008461198658e-18,1.2717790679401061e-18,5.200117827707781e-12,6.145574998254833e-12,3.206411804310107e-12,6.863602796370615e-12,9.486820349201183e-16,1.820539439912331e-15,1.3123426955734958e-08,2.6159807075040302e-08,1.8429238671317444e-19,5.577584656777966e-19,0.00630874956322156,0.013035386664310956,3.3937333036276495e-31,1.0000000000000726e-30,3.778125776597123e-10,1.2288276148006646e-09,2.1132745311730934e-11,6.709406996334257e-11
1.891,1334.0640753074676,5.174347441290503,0.16947000228693515,12.550646135773022,0.49564262895272165,0.07369972318670069,5.8003651639812635e-06,4.3124348269888e-07,8.933061271279646e-13,1.0541437258509337e-12,1.6298088563336813e-13,3.84650396558699e-13,9.216293938883092e-08,1.1560875018313766e-07,0.1970303865851685,0.26180271915604725,1.225238686947388e-15,2.9827734832592225e-15,2.0979153101202014e-13,5.263229853592515e-13,8.244526311219711e-13,8.529767279988082e-13,2.69549349775326e-06,2.989154741323741e-06,0.011345268442233013,0.013424775653849802,0.2560879941965097,0.5290649664071165,0.03355867101530631,0.10893136131301741,8.180242000659689e-08,1.7508151874062653e-07,2.7790907731792323e-06,6.154700010721881e-06,8.217411179589469e-07,1.9420540452705415e-06,1.273413856076338e-05,2.6349418834801352e-05,3.057412191466441e-09,6.553694131081262e-09,1.2968508766649777e-06,2.8762732687013245e-06,1.979904458181019e-11,5.991586624802208e-11,1.2304661041390112e-18,1.2712221757859668e-18,5.197828556821577e-12,6.14288606764545e-12,3.2046942671708225e-12,6.8599447555126546e-12,9.480437966635465e-16,1.8193195536081613e-15,1.3123393846908358e-08,2.6159811611728865e-08,1.8416518382941268e-19,5.573749906869977e-19,0.006308732552933857,0.013035386664314485,3.3937241531002604e-31,1.0000000000000735e-30,3.7755736395922495e-10,1.2280008485649673e-09,2.1119777302822044e-11,6.705307880089823e-11
1.8920000000000001,1334.0173914692882,5.174483806521865,0.16946553617651045,12.55654704059746,0.49564665768284316,0.07370052072329639,5.79755660549849e-06,4.310358338191773e-07,8.923069703755757e-13,1.052967509106322e-12,1.6279580180562259e-13,3.842146158470152e-13,9.210349099628426e-08,1.1553448955075911e-07,0.1970271786829026,0.2617991617320595,1.2238309425859522e-15,2.9793544338744467e-15,2.0961977060059712e-13,5.258934907703823e-13,8.234349634679558e-13,8.51926145796979e-13,2.6938422919588427e-06,2.9873316896873688e-06,0.01134390696264926,0.013423200774838277,0.256087331389702,0.5290650219103432,0.03355990602879923,0.10893566353912797,8.177593715823403e-08,1.7502530892722412e-07,2.7791306770171393e-06,6.154804959114844e-06,8.214084650102368e-07,1.9412731011490385e-06,1.27249405222317e-05,2.633045720804523e-05,3.0548005476940947e-09,6.5481135954433415e-09,1.2963254326007754e-06,2.8751156342860993e-06,1.978017433983379e-11,5.985892233060508e-11,1.2299239207236719e-18,1.2706654559573566e-18,5.195540692661406e-12,6.140198765377836e-12,3.2029778850411727e-12,6.8562891453914775e-12,9.474060795926498e-16,1.8181006550763905e-15,1.3123360778701885e-08,2.6159816145669922e-08,1.840380827566496e-19,5.569918199765078e-19,0.0063087155628417275,0.01303538666431804,3.3937150134368935e-31,1.0000000000000758e-30,3.7730248649510733e-10,1.2271751675501244e-09,2.1106821672347542e-11,6.701212650322075e-11
1.893,1333.9707167722254,5.174620166784342,0.16946107046419745,12.562448100925126,0.49565068331975537,0.07370131756864237,5.7947497769257265e-06,4.308283110592457e-07,8.913090796130637e-13,1.0517927766004332e-12,1.626109579006242e-13,3.8377939780486194e-13,9.204409007562843e-08,1.1546028769814198e-07,0.197023972901075,0.2617956062695742,1.2224250378622553e-15,2.9759398350777454e-15,2.0944817882638498e-13,5.254644152661247e-13,8.224187859022982e-13,8.508770968666706e-13,2.692192628344409e-06,2.9855103288903615e-06,0.011342547099285963,0.013421627756912318,0.2560866676833403,0.5290650738641896,0.03356114126319994,0.10893996615723839,8.174946595459587e-08,1.749691231750569e-07,2.7791705538909484e-06,6.1549098286817605e-06,8.210760939421422e-07,1.9404928128015605e-06,1.2715753344590426e-05,2.631151786847218e-05,3.0521921923102414e-09,6.54254005767279e-09,1.2958005678526126e-06,2.8739592693150055e-06,1.976132693851307e-11,5.980204703606972e-11,1.2293819106253754e-18,1.2701089081287195e-18,5.193254236837788e-12,6.137513093422381e-12,3.2012626572717415e-12,6.852635964703038e-12,9.467688832587006e-16,1.8168827434838945e-15,1.3123327751053772e-08,2.6159820676859968e-08,1.8391108392779055e-19,5.566089548652043e-19,0.006308698592916265,0.013035386664321521,3.393705884622004e-31,1.0000000000000745e-30,3.770479453096808e-10,1.2263505719160945e-09,2.1093878406246307e-11,6.697121302668102e-11
1.8940000000000001,1333.9240512036963,5.174756522092217,0.16945660514948413,12.568349316750368,0.495654705868427,0.07370211372379866,5.79194467568047e-06,4.3062091423204235e-07,8.903124526084372e-13,1.0506195257274005e-12,1.6242635350970382e-13,3.8334474147818724e-13,9.198473655693279e-08,1.1538614453927448e-07,0.19702076923608167,0.26179205276504014,1.221020969539103e-15,2.97252967907044e-15,2.092767554038946e-13,5.250357581401191e-13,8.214040954430485e-13,8.498295781490293e-13,2.6905445042354747e-06,2.9836906560114886e-06,0.011341188849875816,0.01342005659748002,0.25608600307811974,0.5290651222724629,0.03356237671878367,0.10894426916869836,8.172300637380098e-08,1.749129614388183e-07,2.779210403833593e-06,6.155014619521854e-06,8.207440040572029e-07,1.9397131786013337e-06,1.270657699680349e-05,2.629260075234278e-05,3.0495871165349255e-09,6.5369734990888265e-09,1.2952762806225932e-06,2.872804169834843e-06,1.9742502337050765e-11,5.974524024232463e-11,1.2288400740192e-18,1.2695525324934194e-18,5.190969187314169e-12,6.134829049438979e-12,3.1995485821750442e-12,6.848985209920806e-12,9.461322069076379e-16,1.8156658174114817e-15,1.3123294763906542e-08,2.6159825205303053e-08,1.8378418697465945e-19,5.562263942474571e-19,0.006308681643128889,0.013035386664325023,3.3936967666402066e-31,1.0000000000000737e-30,3.7679373935491825e-10,1.225527058276382e-09,2.1080947482184366e-11,6.693033830137974e-11
1.895,1333.8773947483419,5.174892872468642,0.1694521402315681,12.574250688067563,0.4956587253303885,0.07370290918931495,5.7891413004989935e-06,4.304136432485703e-07,8.893170875540252e-13,1.0494477543820148e-12,1.6224198824589538e-13,3.8291064596413647e-13,9.19254303922662e-08,1.1531206001573897e-07,0.19701756768778458,0.26178850121951464,1.2196187347248231e-15,2.969123958894817e-15,2.091055001534804e-13,5.246075189515317e-13,8.203908895016533e-13,8.487835869921414e-13,2.6888979175811376e-06,2.9818726688209818e-06,0.011339832212106207,0.01341848729389592,0.2560853375781887,0.5290651671461115,0.03356361239236173,0.10894857256361483,8.169655841443355e-08,1.7485682371700485e-07,2.779250226905592e-06,6.155119331795514e-06,8.204121952035873e-07,1.938934198211084e-06,1.2697411471118541e-05,2.6273705844095524e-05,3.0469853171036232e-09,6.531413912833e-09,1.2947525707520375e-06,2.8716503355279987e-06,1.9723700499585574e-11,5.968850184221285e-11,1.2282984106943086e-18,1.2689963288461227e-18,5.188685546645189e-12,6.132146636513501e-12,3.1978356587831576e-12,6.845336879058483e-12,9.454960499975407e-16,1.8144498758470332e-15,1.3123261817197939e-08,2.615982973099401e-08,1.8365739212897401e-19,5.558441388332125e-19,0.006308664713450876,0.013035386664328494,3.3936876594760633e-31,1.0000000000000728e-30,3.7653986837908336e-10,1.2247046258343872e-09,2.1068028883844152e-11,6.68895022765179e-11
1.8960000000000001,1333.8307473965697,5.175029217918402,0.16944767571024855,12.580152214871093,0.49566274171435953,0.07370370396680741,5.78633964865445e-06,4.302064979110299e-07,8.883229821622121e-13,1.0482774598925944e-12,1.6205786171259739e-13,3.824771103370726e-13,9.18661715084123e-08,1.1523803403739283e-07,0.1970143682488141,0.26178495162443693,1.2182183302498009e-15,2.965722666916198e-15,2.0893441276848738e-13,5.241796969408451e-13,8.193791650586219e-13,8.477391202981355e-13,2.6872528656289826e-06,2.9800563643109345e-06,0.011338477183728582,0.013416919843589814,0.25608467118047046,0.5290652084811391,0.033564848287982924,0.10895287635558423,8.167012205047826e-08,1.7480070995545476e-07,2.7792900231165324e-06,6.155223965550132e-06,8.200806665529248e-07,1.9381558696945275e-06,1.2688256731312675e-05,2.625483306925518e-05,3.044386784047013e-09,6.525861277674122e-09,1.2942294360669839e-06,2.8704977616069784e-06,1.970492138473533e-11,5.963183171186439e-11,1.2277569209620943e-18,1.2684402975209714e-18,5.186403307430564e-12,6.129465845966503e-12,3.196123885339789e-12,6.8416909684418046e-12,9.448604117559196e-16,1.8132349173358424e-15,1.3123228910876111e-08,2.6159834253947536e-08,1.8353069873493052e-19,5.554621866462777e-19,0.00630864780385376,0.013035386664331976,3.393678563114254e-31,1.0000000000000733e-30,3.762863311530949e-10,1.2238832706145793e-09,2.105512258776995e-11,6.68487048786289e-11
1.897,1333.7841091338737,5.175165558462005,0.1694432115848099,12.586053897155365,0.4956667550229135,0.07370449805697972,5.783539718942158e-06,4.2999947813479214e-07,8.87330134644529e-13,1.0471086401764247e-12,1.6187397352983135e-13,3.8204413371056997e-13,9.180695985817052e-08,1.1516406654672664e-07,0.19701117091798498,0.26178140397946836,1.2168197532815262e-15,2.9623257963204046e-15,2.0876349307080733e-13,5.237522916710305e-13,8.183689195513166e-13,8.466961754417406e-13,2.6856093463562963e-06,2.978241740282608e-06,0.011337123762437711,0.013415354243924578,0.2560840038880504,0.5290652462862893,0.03356608440351895,0.10895718053815405,8.164369728073242e-08,1.747446201531144e-07,2.7793297925207362e-06,6.155328520932286e-06,8.197494179521215e-07,1.9373781927113014e-06,1.267911276972819e-05,2.6235982412453344e-05,3.041791514140363e-09,6.520315586838203e-09,1.2937068764107178e-06,2.869346447758351e-06,1.9686164956927062e-11,5.957522974498682e-11,1.2272156046286703e-18,1.2678844383300962e-18,5.1841224706309565e-12,6.126786678999748e-12,3.1944132609133163e-12,6.838047476161792e-12,9.442252916528e-16,1.8120209408885805e-15,1.3123196044880523e-08,2.6159838774161477e-08,1.8340410702836675e-19,5.55080538409028e-19,0.006308630914308943,0.013035386664335463,3.393669477539392e-31,1.0000000000000738e-30,3.7603312742721815e-10,1.2230629918267357e-09,2.1042228577778187e-11,6.680794605733386e-11
1.8980000000000001,1333.7374799489903,5.1753018941096505,0.1694387478548743,12.591955734914793,0.49567076526260256,0.07370529146112541,5.7807415091085135e-06,4.2979258375722404e-07,8.863385428753213e-13,1.0459412927527914e-12,1.616903233065103e-13,3.816117151719477e-13,9.17477953765886e-08,1.1509015746395708e-07,0.19700797569010423,0.26177785827893857,1.215423000757454e-15,2.958933339732949e-15,2.0859274079487587e-13,5.233253024856123e-13,8.173601501124478e-13,8.45654749482391e-13,2.6839673572445284e-06,2.9764287939872365e-06,0.01133577194597397,0.013413790492316639,0.2560833357000083,0.5290652805620176,0.033567320740853196,0.10896148511789122,8.161728408697702e-08,1.7468855427250403e-07,2.779369535143007e-06,6.155432998023035e-06,8.194184487871305e-07,1.936601165831557e-06,1.2669979559199746e-05,2.6217153817954162e-05,3.039199499557582e-09,6.514776823687397e-09,1.2931848902472358e-06,2.868196390609395e-06,1.96674311767249e-11,5.951869582359263e-11,1.2266744618429593e-18,1.2673287514397528e-18,5.181843031791386e-12,6.1241091304143625e-12,3.1927037840040085e-12,6.8344063990930535e-12,9.435906889919725e-16,1.810807945196807e-15,1.312316321915651e-08,2.6159843291644753e-08,1.8327761664195478e-19,5.546991930183082e-19,0.006308614044787989,0.013035386664338977,3.3936604027361763e-31,1.0000000000000749e-30,3.7578025628326626e-10,1.2222437865063872e-09,2.102934683275904e-11,6.676722574660956e-11
1.899,1333.6908598300893,5.175438224873392,0.1694342845200032,12.597857728143808,0.4956747724392645,0.07370608418043151,5.777945017147671e-06,4.295858146341039e-07,8.853482048113973e-13,1.0447754152382125e-12,1.6150691065594483e-13,3.811798538188744e-13,9.168867800290382e-08,1.150163067145525e-07,0.19700478256069565,0.2617743145181282,1.2140280696823187e-15,2.9555452899429004e-15,2.0842215569539516e-13,5.228987287789357e-13,8.163528539531393e-13,8.446148395605661e-13,2.6823268958949915e-06,2.9746175228088717e-06,0.01133442173207212,0.013412228586175634,0.25608266661613166,0.5290653113102398,0.03356855730115878,0.10896579009905688,8.159088245485699e-08,1.7463251228441127e-07,2.779409251013659e-06,6.1555373969156235e-06,8.190877585475832e-07,1.9358247878704292e-06,1.2660857076989315e-05,2.6198347239181513e-05,3.0366107335235918e-09,6.509244973836362e-09,1.292663476351403e-06,2.8670475874767857e-06,1.9648720005680384e-11,5.946222983267867e-11,1.226133492679862e-18,1.2667732369397048e-18,5.179564987384913e-12,6.121433196108114e-12,3.190995453247604e-12,6.8307677344000145e-12,9.429566031174928e-16,1.8095959290292917e-15,1.3123130433648461e-08,2.615984780640428e-08,1.8315122735582887e-19,5.54318149817239e-19,0.006308597195262452,0.01303538666434246,3.393651338689323e-31,1.0000000000000779e-30,3.755277169545824e-10,1.2214256521818525e-09,2.1016477332764567e-11,6.672654388411932e-11
1.9000000000000001,1333.6442487600834,5.175574550782197,0.16942982157920441,12.603759876836873,0.4956787765520342,0.07370687621508873,5.775150242064517e-06,4.293791706963514e-07,8.843591187537322e-13,1.0436110056552796e-12,1.6132373519296174e-13,3.807485487525704e-13,9.162960769441594e-08,1.149425142466366e-07,0.19700159153200925,0.26177077270125676,1.2126349572144409e-15,2.952161640113024e-15,2.0825173762006909e-13,5.224725701786537e-13,8.153470285941936e-13,8.435764431370723e-13,2.6806879604079852e-06,2.97280792468485e-06,0.011333073118428337,0.01341066852286551,0.25608199664291914,0.5290653385467394,0.033569794078888396,0.10897009546409767,8.156449238789444e-08,1.7457649419788617e-07,2.77944894020821e-06,6.155641717803439e-06,8.187573472255478e-07,1.935049058830479e-06,1.2651745321313386e-05,2.6179562672918154e-05,3.0340252141869584e-09,6.5037200334536944e-09,1.2921426349854476e-06,2.8659000389760245e-06,1.963003140938323e-11,5.940583166945912e-11,1.2255926968084646e-18,1.2662178945004422e-18,5.1772883432656935e-12,6.118758883065685e-12,3.1892882678208274e-12,6.827131480405052e-12,9.423230335320075e-16,1.8083848914591062e-15,1.3123097688291244e-08,2.6159852318428136e-08,1.8302493964276622e-19,5.539374102452553e-19,0.006308580365703893,0.013035386664345932,3.3936422853835137e-31,1.0000000000000779e-30,3.7527550939569615e-10,1.2206085887271007e-09,2.1003620063084294e-11,6.668590042415338e-11
1.901,1333.5976467268993,5.1757108718490334,0.16942535903200973,12.609662180988467,0.49568277760630575,0.07370766756621656,5.772357181591852e-06,4.2917265178028893e-07,8.833712825873076e-13,1.0424480615355803e-12,1.6114079652412895e-13,3.8031779905472596e-13,9.157058438645862e-08,1.1486877998077204e-07,0.196998402600004,0.2617672328241771,1.2112436602717642e-15,2.9487823828205893e-15,2.0808148630635584e-13,5.220468260357949e-13,8.143426711833965e-13,8.425395572866853e-13,2.6790505482745705e-06,2.97099999687671e-06,0.011331726102795725,0.013409110299817126,0.25608132578057463,0.5290653622742808,0.033571031074794776,0.10897440121590772,8.153811386820962e-08,1.7452049997616523e-07,2.7794886027578545e-06,6.155745960781545e-06,8.184272142246167e-07,1.9342739773233843e-06,1.2642644265648452e-05,2.61608000647521e-05,3.0314429338738287e-09,6.498201986226608e-09,1.2916223646581366e-06,2.8647537418334104e-06,1.9611365348637742e-11,5.934950121666118e-11,1.2250520743518308e-18,1.2656627242614324e-18,5.175013096689947e-12,6.1160861881101235e-12,3.187582226214941e-12,6.823497633962891e-12,9.416899795378903e-16,1.8071748311748845e-15,1.3123064983028772e-08,2.61598568277217e-08,1.8289875314731722e-19,5.535569732350882e-19,0.006308563556084041,0.013035386664349405,3.393633242803542e-31,1.0000000000000765e-30,3.750236327118736e-10,1.2197925932537389e-09,2.0990775002810367e-11,6.664529530132172e-11
1.9020000000000001,1333.551053719867,5.175847188082372,0.1694208968780983,12.615564640593078,0.4956867756092637,0.07370845823520046,5.769565833545629e-06,4.2896625772841163e-07,8.823846942175035e-13,1.0412865804346955e-12,1.6095809426562237e-13,3.798876038296781e-13,9.151160801521875e-08,1.147951038385881e-07,0.1969952157588458,0.2617636948803583,1.2098541758542791e-15,2.9454075108423748e-15,2.0791140149267992e-13,5.216214957037879e-13,8.133397788947655e-13,8.4150417911124e-13,2.6774146570182393e-06,2.969193736681852e-06,0.011330380682930496,0.013407553914464881,0.2560806540275011,0.5290653824919053,0.033572268291429355,0.10897870736321953,8.151174687810164e-08,1.744645295828652e-07,2.7795282386834234e-06,6.155850125922034e-06,8.180973589407872e-07,1.933499541942823e-06,1.2633553883388018e-05,2.61420593600982e-05,3.028863884913004e-09,6.492690815847574e-09,1.2911026638661346e-06,2.863608692748309e-06,1.959272178450672e-11,5.929323835779054e-11,1.2245116254639294e-18,1.265107726394054e-18,5.172739242256883e-12,6.113415104924148e-12,3.185877326972461e-12,6.819866192037803e-12,9.410574404535205e-16,1.8059657468959136e-15,1.312303231780769e-08,2.6159861334295707e-08,1.827726674922328e-19,5.53176837653465e-19,0.006308546766374639,0.01303538666435287,3.3936242109342184e-31,1.0000000000000761e-30,3.747720860033458e-10,1.2189776628569263e-09,2.0977942131129972e-11,6.660472845053366e-11
1.903,1333.5044697283533,5.175983499490613,0.16941643511715157,12.621467255645204,0.49569077056810434,0.07370924822342698,5.766776195788005e-06,4.287599883866378e-07,8.813993515670299e-13,1.0401265599285717e-12,1.6077562803558707e-13,3.7945796218637967e-13,9.145267851766507e-08,1.1472148574269044e-07,0.19699203100268667,0.2617601588632483,1.2084665009827453e-15,2.9420370170054707e-15,2.077414829209924e-13,5.211965785448813e-13,8.123383489211432e-13,8.40470305731961e-13,2.6757802841865526e-06,2.9673891414242424e-06,0.011329036856590723,0.013405999364245138,0.2560799813820846,0.5290653991986147,0.03357350573136078,0.10898301391482056,8.148539140048334e-08,1.7440858298291284e-07,2.779567848005828e-06,6.155954213297119e-06,8.177677807857746e-07,1.9327257513195615e-06,1.262447414862561e-05,2.6123340505818237e-05,3.0262880598044027e-09,6.487186506375407e-09,1.2905835311534543e-06,2.862464888524992e-06,1.9574100678287303e-11,5.923704297705796e-11,1.2239713502898045e-18,1.264552901060443e-18,5.1704667744836305e-12,6.110745627093257e-12,3.184173568661809e-12,6.8162371516493065e-12,9.404254156054638e-16,1.8047576373571205e-15,1.3122999692574788e-08,2.6159865838160913e-08,1.8264668234540138e-19,5.527970025036955e-19,0.0063085299965474784,0.01303538666435629,3.393615189760374e-31,1.0000000000000761e-30,3.745208683941776e-10,1.2181637947092662e-09,2.096512142744637e-11,6.656419980738172e-11
1.9040000000000001,1333.457894732684,5.176119806111188,0.1694119737479009,12.627370026139385,0.49569476247859756,0.07371003753058526,5.763988268152188e-06,4.285538437474363e-07,8.804152532168503e-13,1.0389679983699029e-12,1.6059339746047017e-13,3.7902887325335937e-13,9.139379586540679e-08,1.1464792565913848e-07,0.19698884833715233,0.26175662478154715,1.2070806330163783e-15,2.9386708949607995e-15,2.0757173050928968e-13,5.207720743629898e-13,8.113383790486472e-13,8.394379348838379e-13,2.6741474282877054e-06,2.965586209493157e-06,0.011327694621456948,0.013404446646502758,0.25607930785416433,0.5290654124170853,0.03357474338568814,0.10898732084226953,8.14590474523028e-08,1.7435266021408518e-07,2.779607430824682e-06,6.1560582231534646e-06,8.174384801182998e-07,1.931952606322545e-06,1.261540507506067e-05,2.6104643530728522e-05,3.0237154603571328e-09,6.481689061824014e-09,1.2900649678767126e-06,2.861322332205988e-06,1.955550199896215e-11,5.918091498193078e-11,1.2234312482264488e-18,1.2639982476498962e-18,5.168195703776917e-12,6.1080777669822166e-12,3.1824709509099577e-12,6.812610512082937e-12,9.397939046302304e-16,1.8035505018882326e-15,1.3122967107260745e-08,2.6159870339296582e-08,1.8252079863882076e-19,5.524174706150331e-19,0.006308513246574269,0.01303538666435976,3.39360617926677e-31,1.0000000000000773e-30,3.74269980369964e-10,1.21735099041184e-09,2.0952312881086363e-11,6.652370933896514e-11
1.905,1333.4113287257373,5.176256107941419,0.16940751277039065,12.633272952070158,0.4956987513521754,0.07371082615868876,5.761202047034129e-06,4.283478235476807e-07,8.794323966286009e-13,1.0378108927903418e-12,1.6041140213846014e-13,3.7860033609239837e-13,9.133495997105373e-08,1.1457442347997018e-07,0.19698566775211854,0.2617530926230094,1.2056965686229166e-15,2.935309136675457e-15,2.074021438816393e-13,5.203479822245439e-13,8.103398660524171e-13,8.384070632557404e-13,2.6725160861855603e-06,2.963784937454053e-06,0.011326353975352914,0.013402895758751084,0.2560786334378353,0.5290654221374317,0.03357598126127509,0.10899162816829158,8.143271499336609e-08,1.7429676119184158e-07,2.779646987127336e-06,6.156162155488713e-06,8.171094557325999e-07,1.931180104123031e-06,1.260634661056452e-05,2.6085968327426904e-05,3.0211460728838657e-09,6.476198452988182e-09,1.2895469707240313e-06,2.8601810164790296e-06,1.9536925702567957e-11,5.912485424069074e-11,1.222891319862073e-18,1.2634437667823301e-18,5.165926019056248e-12,6.105411511560517e-12,3.1807694714885e-12,6.808986268651918e-12,9.391629066213988e-16,1.802344338776875e-15,1.3122934561818478e-08,2.61598748377246e-08,1.8239501522613104e-19,5.520382385263385e-19,0.0063084965164270776,0.013035386664363274,3.393597179438387e-31,1.0000000000000815e-30,3.740194201576501e-10,1.2165392442191259e-09,2.093951646479861e-11,6.648325695974127e-11
1.9060000000000001,1333.3647716927503,5.176392405003059,0.16940305218386553,12.639176033432085,0.49570273719078217,0.07371161410834275,5.758417531568913e-06,4.281419277279072e-07,8.784507801469103e-13,1.0366552412635127e-12,1.6022964170278916e-13,3.78172349847973e-13,9.12761707934374e-08,1.1450097915520663e-07,0.1969824892470144,0.26174956238809327,1.2043143051123561e-15,2.9319517356800197e-15,2.0723272288781975e-13,5.199243017622513e-13,8.093428075167057e-13,8.373776883736265e-13,2.6708862560449353e-06,2.9619853233151416e-06,0.011325014915999125,0.013401346698381694,0.25607795813673045,0.5290654283694928,0.033577219355429885,0.108995935884598,8.140639402735306e-08,1.7424088592555199e-07,2.7796865169725057e-06,6.15626601045878e-06,8.167807076069978e-07,1.9304082446908003e-06,1.259729875314465e-05,2.606731489225595e-05,3.0185798955292936e-09,6.4707146760258505e-09,1.2890295399314573e-06,2.8590409419010544e-06,1.9518371755401043e-11,5.906886065266694e-11,1.2223515649182652e-18,1.262889458182337e-18,5.163657722019457e-12,6.1027468628999085e-12,3.1790691296560535e-12,6.8053644198527924e-12,9.385324211092426e-16,1.801139147148742e-15,1.3122902056187725e-08,2.6159879333441546e-08,1.8226933248707572e-19,5.516593073953723e-19,0.0063084798060777155,0.013035386664366762,3.393588190260064e-31,1.0000000000000842e-30,3.7376918770146484e-10,1.2157285559712198e-09,2.092673216412732e-11,6.64428426247936e-11
1.907,1333.3182236234788,5.1765286973035085,0.16939859198804025,12.645079270219735,0.49570672000187704,0.07371240138096993,5.755634719083865e-06,4.27936156094222e-07,8.774704015428631e-13,1.0355010411860973e-12,1.600481157620558e-13,3.7774491360637913e-13,9.121742826120508e-08,1.1442759259699738e-07,0.1969793128157043,0.26174603406985325,1.202933839359745e-15,2.9285986844458486e-15,2.0706346723125097e-13,5.195010322415833e-13,8.083472005029136e-13,8.36349807222387e-13,2.6692579351813785e-06,2.9601873641426102e-06,0.011323677441189894,0.013399799462872938,0.25607728194891843,0.5290654311115933,0.03357845767103452,0.10900024400098925,8.138008452933494e-08,1.741850343633451e-07,2.779726020376151e-06,6.1563697881246825e-06,8.164522349527183e-07,1.9296370261825474e-06,1.2588261468275474e-05,2.6048683154236386e-05,3.0160169187617756e-09,6.465237710639212e-09,1.2885126734315497e-06,2.8579021039197587e-06,1.949984011715488e-11,5.901293409720066e-11,1.2218119836698663e-18,1.2623353221460492e-18,5.161390806961298e-12,6.100083814322408e-12,3.1773699236888292e-12,6.80174496207872e-12,9.379024473362572e-16,1.7999349255771377e-15,1.3122869590315986e-08,2.6159883826458507e-08,1.8214374986372187e-19,5.512806755418813e-19,0.0063084631154982414,0.013035386664370208,3.3935792117167734e-31,1.0000000000000845e-30,3.7351928183214826e-10,1.2149189218863737e-09,2.0913959956332864e-11,6.640246626289997e-11
1.9080000000000001,1333.271684501839,5.17666498486884,0.1693941321820184,12.65098266242771,0.495710699785652,0.07371318797691441,5.75285360895293e-06,4.277305086049021e-07,8.764912592476244e-13,1.0343482907336899e-12,1.598668239505425e-13,3.7731802651451375e-13,9.115873233758598e-08,1.1435426376087292e-07,0.19697613845937068,0.2617425076710745,1.201555168715804e-15,2.9252499766022076e-15,2.068943767843632e-13,5.190781733520325e-13,8.073530426773682e-13,8.353234174127399e-13,2.667631121883844e-06,2.9583910580821295e-06,0.011322341548643762,0.013398254049613749,0.25607660487976824,0.529065430377154,0.033579696203654794,0.10900455250351937,8.135378650725788e-08,1.7412920652371758e-07,2.779765497408395e-06,6.156473488667548e-06,8.16124037869642e-07,1.9288664488552624e-06,1.2579234759009337e-05,2.603007312014768e-05,3.013457141913278e-09,6.459767555530565e-09,1.2879963718187641e-06,2.8567645038868854e-06,1.9481330755207568e-11,5.895707447688745e-11,1.2212725757397309e-18,1.2617813582960109e-18,5.1591252780259694e-12,6.097422370790815e-12,3.1756718529737355e-12,6.79812789410054e-12,9.372729848710029e-16,1.7987316732611124e-15,1.312283716414074e-08,2.615988831676729e-08,1.820182678752608e-19,5.5090234454565535e-19,0.0063084464446606005,0.013035386664373684,3.3935702437934096e-31,1.000000000000085e-30,3.7326970266781495e-10,1.2141103423701573e-09,2.0901199828261606e-11,6.636212783327357e-11
1.909,1333.2251543190705,5.176801267701801,0.16938967276566708,12.656886210050613,0.49571467655135476,0.07371397389786322,5.7500741980673146e-06,4.275249850336032e-07,8.755133508975542e-13,1.0331969871438145e-12,1.596857658739333e-13,3.768916876517305e-13,9.110008294390519e-08,1.1428099254978852e-07,0.1969729661700776,0.2617389831824129,1.200178289972762e-15,2.9219056044183293e-15,2.067254512143316e-13,5.18655724268081e-13,8.063603309843949e-13,8.342985158082742e-13,2.6660058132664497e-06,2.956596401976255e-06,0.01132100723618073,0.013396710456112397,0.2560759269255305,0.5290654261607315,0.033580934957988376,0.1090088614078805,8.132749992899335e-08,1.740734023393804e-07,2.7798049480718604e-06,6.1565771121187215e-06,8.157961153736842e-07,1.9280965104039166e-06,1.2570218582612422e-05,2.6011484702022343e-05,3.0109005535270735e-09,6.454304186274523e-09,1.2874806324406441e-06,2.855628135952366e-06,1.946284362775898e-11,5.890128166654019e-11,1.2207333415497543e-18,1.2612275670802337e-18,5.15686112706973e-12,6.094762522744807e-12,3.173974915552045e-12,6.794513211808047e-12,9.366440328881642e-16,1.7975293886436873e-15,1.3122804777612267e-08,2.6159892804383944e-08,1.8189288570259452e-19,5.505243119359413e-19,0.006308429793536976,0.013035386664377133,3.393561286475025e-31,1.0000000000000852e-30,3.730204487578872e-10,1.2133028127256534e-09,2.08884517551531e-11,6.632182725827038e-11
1.9100000000000001,1333.1786330582445,5.176937545831314,0.16938521373799695,12.66278991308308,0.4957186502980177,0.07371475914398658,5.747296485903549e-06,4.2731958534620695e-07,8.745366749660939e-13,1.0320471286417945e-12,1.5950494116634284e-13,3.764658961644685e-13,9.104148004545963e-08,1.142077789218601e-07,0.19696979595016062,0.2617354606081805,1.1988032004940862e-15,2.9185655615540252e-15,2.0655669040469487e-13,5.182336847070399e-13,8.05369063132279e-13,8.332751000629539e-13,2.6643820076771723e-06,2.954803394035879e-06,0.011319674501522813,0.013395168679761482,0.25607524809271404,0.5290654184780912,0.03358217392845997,0.1090131706964204,8.130122480450366e-08,1.7401762183313893e-07,2.7798443724439355e-06,6.1566806586753095e-06,8.15468467624708e-07,1.9273272112271623e-06,1.2561212944593996e-05,2.599291791172136e-05,3.0083471535131074e-09,6.448847602811581e-09,1.2869654560665041e-06,2.8544930018556065e-06,1.9444378702754247e-11,5.884555557046255e-11,1.2201942806705418e-18,1.2606739480672254e-18,5.154598359852029e-12,6.092104277055927e-12,3.1722791108652106e-12,6.790900914088443e-12,9.36015590973055e-16,1.7963280709559268e-15,1.3122772430666571e-08,2.6159897289296808e-08,1.8176760397505722e-19,5.501465796258581e-19,0.006308413162099402,0.013035386664380557,3.3935523397465665e-31,1.000000000000083e-30,3.7277152030560627e-10,1.2124963336351946e-09,2.087571572450342e-11,6.628156449916115e-11
1.911,1333.1321207080018,5.177073819268538,0.1693807550986001,12.66869377151976,0.4957226210315154,0.07371554371646945,5.744520469866227e-06,4.2711430935452117e-07,8.735612292678354e-13,1.0308987126753335e-12,1.5932434943551237e-13,3.760406511368791e-13,9.098292357280105e-08,1.1413462279161017e-07,0.19696662779506702,0.2617319399435264,1.1974298971589003e-15,2.915229840489624e-15,2.0638809406988413e-13,5.178120539619053e-13,8.043792362296713e-13,8.322531672102292e-13,2.6627597024878544e-06,2.953012031389168e-06,0.011318343342477164,0.01339362871805378,0.2560745683809318,0.5290654073307319,0.03358341311639605,0.10901748037388699,8.12749611106787e-08,1.739618649570023e-07,2.7798837705497422e-06,6.156784128418441e-06,8.151410938924927e-07,1.9265585496198746e-06,1.2552217812801786e-05,2.5974372683170947e-05,3.005796932903527e-09,6.443397786050821e-09,1.2864508407950885e-06,2.8533590974125358e-06,1.9425935940539266e-11,5.878989606995468e-11,1.2196553933203232e-18,1.260120501494541e-18,5.152336972941702e-12,6.089447629733276e-12,3.17058443723007e-12,6.787290997421088e-12,9.353876583817757e-16,1.7951277187969797e-15,1.312274012324945e-08,2.6159901771512766e-08,1.8164242220910407e-19,5.497691461602103e-19,0.006308396550320161,0.013035386664383987,3.3935434035931275e-31,1.0000000000000815e-30,3.7252291622460345e-10,1.2116909015863772e-09,2.0862991714238267e-11,6.624133948682583e-11
1.9120000000000001,1333.0856172570552,5.1772100880244105,0.1693762968470759,12.674597785355314,0.49572658875790904,0.07371632761652493,5.741746148145845e-06,4.2690915692878127e-07,8.725870118583795e-13,1.029751736976483e-12,1.5914399031052975e-13,3.756159517034711e-13,9.092441346891568e-08,1.14061524089157e-07,0.19696346170006596,0.261728421183364,1.196058377112854e-15,2.9118984343541258e-15,2.0621966198058542e-13,5.173908314667925e-13,8.033908476145902e-13,8.312327145207925e-13,2.6611388954311008e-06,2.951222311564298e-06,0.011317013756827601,0.013392090568454426,0.2560738877896172,0.5290653927197846,0.03358465252330108,0.10902179044560664,8.124870883541995e-08,1.7390613168654794e-07,2.779923142417597e-06,6.156887521436356e-06,8.148139937264387e-07,1.925790524537772e-06,1.2543233167225333e-05,2.5955848975421168e-05,3.003249885621141e-09,6.437954723097533e-09,1.2859367855784403e-06,2.852226420331637e-06,1.9407515304272366e-11,5.873430305482504e-11,1.2191166795480041e-18,1.2595672274247883e-18,5.1500769623726256e-12,6.086792576153609e-12,3.168890893397892e-12,6.783683459215224e-12,9.34760234498901e-16,1.7939283310125076e-15,1.3122707855307038e-08,2.6159906251039513e-08,1.815173401950249e-19,5.493920109125828e-19,0.006308379958171488,0.013035386664387421,3.3935344779997704e-31,1.0000000000000803e-30,3.7227463584136854e-10,1.2108865144096255e-09,2.0850279705524424e-11,6.620115216243314e-11
1.913,1333.0391226929269,5.177346352113733,0.16937183898289743,12.68050195458442,0.4957305534816716,0.07371711084512923,5.7389735188877645e-06,4.267041279358549e-07,8.716140207901471e-13,1.0286061992734622e-12,1.5896386341420242e-13,3.751917969838992e-13,9.08659496765973e-08,1.1398848274437323e-07,0.19696029766201809,0.2617249043247188,1.1946886374491513e-15,2.908571336148606e-15,2.0605139390909392e-13,5.169700166598282e-13,8.024038946207194e-13,8.302137392607692e-13,2.659519584230152e-06,2.9494342320789394e-06,0.011315685742361557,0.013390554228432596,0.2560732063197814,0.5290653746496338,0.03358589214909722,0.10902610091176823,8.122246796680962e-08,1.7385042199773666e-07,2.7799624880847676e-06,6.156990837837053e-06,8.144871666918591e-07,1.925023134974127e-06,1.253425898835106e-05,2.593734674854889e-05,3.0007060056947093e-09,6.432518401283709e-09,1.2854232894065094e-06,2.8510949684053765e-06,1.9389116757118835e-11,5.867877641489914e-11,1.2185781393705178e-18,1.2590141258875173e-18,5.147818326445092e-12,6.084139114372143e-12,3.167198478091453e-12,6.7800782968188885e-12,9.341333187007284e-16,1.7927299064322186e-15,1.3122675626783429e-08,2.6159910727880397e-08,1.813923578246408e-19,5.4901517356383825e-19,0.00630836338562567,0.013035386664390834,3.3935255629515906e-31,1.0000000000000787e-30,3.7202667850131924e-10,1.2100831699968611e-09,2.0837579679609456e-11,6.616100246740569e-11
1.9140000000000001,1332.9926370013409,5.177482611557109,0.16936738150534802,12.686406279201782,0.4957345152050231,0.07371789340292391,5.736202580957958e-06,4.264992222961835e-07,8.706422543473365e-13,1.0274620975679474e-12,1.58783968379975e-13,3.7476818612289967e-13,9.080753215074018e-08,1.1391549870230876e-07,0.19695713568004794,0.2617213893676256,1.1933206754395861e-15,2.9052485393087365e-15,2.0588328968624493e-13,5.165496091259941e-13,8.014183747963764e-13,8.291962389182879e-13,2.6579017669509858e-06,2.9476477908307927e-06,0.011314359296842859,0.013389019695429528,0.25607252397469166,0.5290653531293288,0.03358713199144547,0.10903041176522113,8.119623850433042e-08,1.737947358909303e-07,2.7800018076058542e-06,6.157094077766962e-06,8.141606126605285e-07,1.9242563806465014e-06,1.2525295269636188e-05,2.5918865989470717e-05,2.9981652902139007e-09,6.4270888145026066e-09,1.284910352188897e-06,2.849964741465979e-06,1.9370740264967228e-11,5.862331604824108e-11,1.2180397725843208e-18,1.258461196684477e-18,5.145561066489363e-12,6.0814872460251134e-12,3.1655071904255968e-12,6.77647550841933e-12,9.335069104789634e-16,1.7915324441072616e-15,1.3122643437619628e-08,2.615991520203275e-08,1.8126747531393086e-19,5.486386347759486e-19,0.00630834683265501,0.01303538666439429,3.3935166584336905e-31,1.0000000000000817e-30,3.7177904399394124e-10,1.2092808676843698e-09,2.082489162107965e-11,6.612089035376503e-11
1.915,1332.9461601727085,5.177618866360212,0.16936292441419964,12.692310759202105,0.4957384739359574,0.07371867529140652,5.733433331575876e-06,4.2629443980776354e-07,8.696717102913539e-13,1.0263194292445524e-12,1.5860430482175586e-13,3.743451182190577e-13,9.074916081857297e-08,1.1384257187330049e-07,0.19695397574746398,0.26171787630438126,1.1919544879822415e-15,2.9019300363600386e-15,2.0571534900784436e-13,5.161296081114524e-13,8.00434285215522e-13,8.281802104905745e-13,2.6562854408834935e-06,2.9458629848566697e-06,0.011313034418103628,0.013387486966966686,0.2560718407517999,0.5290653281558844,0.033588372053832,0.10903472301772038,8.117002042098286e-08,1.7373907330979978e-07,2.7800411009918257e-06,6.157197241275653e-06,8.138343307895016e-07,1.923490259583125e-06,1.2516341974374979e-05,2.5900406622684403e-05,2.995627729167005e-09,6.421665941423883e-09,1.2843979716920288e-06,2.848835734591888e-06,1.9352385787674137e-11,5.856792183465444e-11,1.2175015795094516e-18,1.2579084401583157e-18,5.143305176020748e-12,6.078836963512037e-12,3.1638170286226093e-12,6.772875090292693e-12,9.328810090643361e-16,1.790335942587821e-15,1.3122611287764772e-08,2.615991967350915e-08,1.8114269202685428e-19,5.482623926320624e-19,0.006308330299231974,0.01303538666439772,3.3935077644312498e-31,1.0000000000000819e-30,3.715317310755116e-10,1.2084796034476402e-09,2.0812215506879606e-11,6.608081574926537e-11
1.9160000000000001,1332.89969219135,5.177755116548231,0.1693584677085858,12.698215394580128,0.49574242967486576,0.07371945651094589,5.730665769998091e-06,4.2608978042005933e-07,8.687023870389723e-13,1.0251781924612569e-12,1.5842487237758473e-13,3.7392259242789747e-13,9.06908356418032e-08,1.1376970221093788e-07,0.1969508178652263,0.2617143651374564,1.1905900724368013e-15,2.8986158209517068e-15,2.0554757173849322e-13,5.157100132858539e-13,7.994516235515241e-13,8.271656515949862e-13,2.654670604287213e-06,2.9440798122687233e-06,0.011311711103900054,0.013385956040475938,0.2560711566561932,0.5290652997421034,0.03358961233209268,0.10903903465618946,8.114381372271363e-08,1.7368343426853742e-07,2.7800803683100765e-06,6.157300328537825e-06,8.135083211285782e-07,1.9227247719222296e-06,1.2507399103501853e-05,2.5881968650576848e-05,2.993093321407061e-09,6.416249779720146e-09,1.283886148356091e-06,2.8477079487920265e-06,1.933405329273963e-11,5.8512593677073e-11,1.216963559807665e-18,1.2573558559715696e-18,5.141050658862643e-12,6.0761882714155194e-12,3.162127992008943e-12,6.769277041078879e-12,9.322556140113493e-16,1.789140401045441e-15,1.3122579177157511e-08,2.6159924142301915e-08,1.8101800842929772e-19,5.478864485505089e-19,0.006308313785328918,0.01303538666440115,3.3934988809293996e-31,1.0000000000000812e-30,3.712847397922607e-10,1.2076793774579504e-09,2.0799551323533416e-11,6.604077861207623e-11
1.917,1332.8532330478265,5.177891362126435,0.1693540113882919,12.704120185330595,0.49574638242986085,0.07372023706305647,5.727899893404242e-06,4.258852439280876e-07,8.677342823452783e-13,1.024038384595063e-12,1.5824567066229148e-13,3.735006078501218e-13,9.06325565471005e-08,1.1369688962484915e-07,0.19694766202652023,0.2617108558589809,1.1892274257023576e-15,2.895305885611264e-15,2.0537995757120414e-13,5.152908238883049e-13,7.98470386877718e-13,8.261525592279452e-13,2.653057254439694e-06,2.9422982700898715e-06,0.011310389352074159,0.013384426913490148,0.2560704716851794,0.5290652678846974,0.03359085282985075,0.10904334669282732,8.111761838183191e-08,1.7362781870932892e-07,2.7801196095703786e-06,6.157403339600339e-06,8.131825828169667e-07,1.92195991564977e-06,1.2498466619578302e-05,2.586355199612677e-05,2.9905620567576813e-09,6.410840307707227e-09,1.2833748798926907e-06,2.8465813790230764e-06,1.9315742740014835e-11,5.845733145527648e-11,1.216425713812692e-18,1.2568034444809958e-18,5.138797508367554e-12,6.073541161942379e-12,3.160440078786228e-12,6.765681357009467e-12,9.316307245456577e-16,1.7879458180204432e-15,1.3122547105747496e-08,2.6159928608424366e-08,1.8089342384799777e-19,5.475108005017307e-19,0.006308297290918411,0.013035386664404578,3.3934900079133836e-31,1.0000000000000801e-30,3.7103806887547223e-10,1.2068801856093622e-09,2.0786899047855672e-11,6.600077886953421e-11
1.9180000000000001,1332.806782727589,5.178027603116505,0.16934955545256647,12.710025131448273,0.4957503322026552,0.07372101694830191,5.72513570072151e-06,4.256808302567974e-07,8.667673945269673e-13,1.0229000036856842e-12,1.5806669931198714e-13,3.7307916363664066e-13,9.057432349068776e-08,1.136241340617347e-07,0.19694450823097076,0.2617073484696451,1.1878665450779883e-15,2.8920002238398665e-15,2.0521250634339096e-13,5.148720395201923e-13,7.974905727816106e-13,8.251409309178063e-13,2.651445389450051e-06,2.940518356265202e-06,0.011309069160403489,0.013382899583465961,0.2560697858424983,0.5290652325936736,0.0335920935442897,0.10904765911892964,8.109143439884131e-08,1.7357222663470888e-07,2.7801588248301454e-06,6.1575062746156545e-06,8.128571157570093e-07,1.92119569055535e-06,1.2489544517342542e-05,2.5845156648896366e-05,2.988033932620316e-09,6.405437519945179e-09,1.2828641662997881e-06,2.845456025312903e-06,1.929745409590747e-11,5.840213506888476e-11,1.2158880412974199e-18,1.2562512054638955e-18,5.1365457265414655e-12,6.070895637526919e-12,3.158753288103744e-12,6.7620880363446524e-12,9.310063401708777e-16,1.786752192586571e-15,1.3122515073475433e-08,2.615993307187232e-08,1.8076893856997646e-19,5.471354493626509e-19,0.006308280815972927,0.013035386664407967,3.3934811453684048e-31,1.0000000000000787e-30,3.707917181590362e-10,1.2060820273823454e-09,2.0774258664859884e-11,6.596081647500713e-11
1.919,1332.7603412195176,5.178163839529178,0.16934509990101626,12.71593023292794,0.49575427899922586,0.07372179616787862,5.722373189851426e-06,4.2547653925486233e-07,8.658017215734861e-13,1.0217630473865487e-12,1.57887957953311e-13,3.726582589159745e-13,9.051613641137236e-08,1.1355143544644224e-07,0.196941356473909,0.2617038429644279,1.1865074276498525e-15,2.8886988286200314e-15,2.0504521780652946e-13,5.14453659567258e-13,7.965121785563843e-13,8.241307638883071e-13,2.649835006941845e-06,2.9387400682011695e-06,0.0113077505267104,0.013381374047912698,0.25606909912759107,0.5290651938701472,0.03359333447689436,0.10905197193975294,8.10652617573796e-08,1.7351665801110636e-07,2.7801980141156025e-06,6.1576091336670335e-06,8.125319193920502e-07,1.9204320953436615e-06,1.2480632772247142e-05,2.582678255853778e-05,2.985508941864563e-09,6.400041401278707e-09,1.282354006202021e-06,2.844331884643168e-06,1.9279187323056283e-11,5.834700440610685e-11,1.2153505423787512e-18,1.2556991390529666e-18,5.134295309574784e-12,6.068251693729807e-12,3.15706761855671e-12,6.758497076158265e-12,9.303824602289664e-16,1.785559523507232e-15,1.3122483080288124e-08,2.6159937532653195e-08,1.8064455227333882e-19,5.467603941671579e-19,0.006308264360465122,0.013035386664411397,3.393472293279737e-31,1.0000000000000775e-30,3.7054568681551264e-10,1.2052849001061795e-09,2.076163015471112e-11,6.592089136646515e-11
1.92,1332.713908509705,5.178300071384186,0.16934064473295377,12.721835489764402,0.4957582228219773,0.07372257472245165,5.719612359203373e-06,4.2527237080870864e-07,8.648372616474051e-13,1.020627513555324e-12,1.5770944621333293e-13,3.7223789281763314e-13,9.04579952570847e-08,1.134787937152611e-07,0.1969382067542519,0.261700339343073,1.1851500705781058e-15,2.8854016931142174e-15,2.0487809175916091e-13,5.140356835333085e-13,7.955352016514993e-13,8.231220555248084e-13,2.6482261047910154e-06,2.9369634035840325e-06,0.011306433448799646,0.01337985030431875,0.2560684115434718,0.529065151722615,0.03359457562557087,0.1090562851489366,8.1039100450173e-08,1.734611128244022e-07,2.7802371774769246e-06,6.1577119168907805e-06,8.122069934221e-07,1.9196691293259914e-06,1.2471731370389121e-05,2.580842969672901e-05,2.9829870798541714e-09,6.39465194189887e-09,1.2818443989838746e-06,2.843208955680846e-06,1.926094238615427e-11,5.829193936136547e-11,1.2148132169650972e-18,1.2551472451654798e-18,5.132046258619462e-12,6.06560933197568e-12,3.1553830690115876e-12,6.754908474104654e-12,9.297590841413716e-16,1.7843678096983383e-15,1.312245112612751e-08,2.6159941990764732e-08,1.8052026503174323e-19,5.463856351463497e-19,0.006308247924367605,0.013035386664414835,3.393463451632656e-31,1.0000000000000782e-30,3.7029997438406487e-10,1.2044888023025483e-09,2.0749013500232727e-11,6.588100349031679e-11
1.921,1332.6674845872003,5.17843629869181,0.1693361899480008,12.72774090195247,0.4957621636770247,0.07372335261323673,5.716853206773444e-06,4.250683247740189e-07,8.638740127722698e-13,1.019493399885522e-12,1.5753116372308443e-13,3.7181806448044463e-13,9.039989996820384e-08,1.1340620879500251e-07,0.19693505906719122,0.2616968376003695,1.1837944709941087e-15,2.882108810414522e-15,2.0471112795955152e-13,5.136181108210722e-13,7.945596393973398e-13,8.221148030893793e-13,2.646618680669891e-06,2.9351883598741042e-06,0.011305117924498802,0.013378328350199205,0.25606772308942727,0.5290651061518646,0.03359581699195535,0.10906059875222658,8.101295046206471e-08,1.7340559104359923e-07,2.7802763149397912e-06,6.157814624368853e-06,8.118823373206568e-07,1.918906791278194e-06,1.246284028855836e-05,2.5790098015886818e-05,2.980468339784814e-09,6.389269127348563e-09,1.281335343361731e-06,2.84208723561091e-06,1.92427192483019e-11,5.823693982425933e-11,1.2142760651580901e-18,1.2545955239183098e-18,5.129798569635456e-12,6.0629685475525324e-12,3.153699638117098e-12,6.751322227371802e-12,9.291362112668337e-16,1.783177049955375e-15,1.312241921094083e-08,2.615994644621477e-08,1.8039607653913004e-19,5.460111713819994e-19,0.0063082315076531045,0.013035386664418279,3.393454620412487e-31,1.0000000000000787e-30,3.7005458008265293e-10,1.2036937314482728e-09,2.0736408682008578e-11,6.584115278585686e-11
1.922,1332.6210694395959,5.178572521467041,0.16933173554562522,12.733646469486978,0.49576610156863676,0.07372412984117532,5.714095730899209e-06,4.2486440103186065e-07,8.629119730860869e-13,1.018360704205671e-12,1.573531101161173e-13,3.7139877304916113e-13,9.0341850491081e-08,1.133336806199673e-07,0.19693191340977176,0.2616933377335696,1.1824406260949835e-15,2.8788201737729557e-15,2.045443261960151e-13,5.132009409086479e-13,7.935854892297403e-13,8.21109003953128e-13,2.645012732418618e-06,2.933414934717742e-06,0.011303803951625184,0.013376808183056987,0.25606703376658596,0.5290650571624906,0.033597058575836204,0.10906491274937126,8.098681178370541e-08,1.7335009265013028e-07,2.7803154265426073e-06,6.15791725621142e-06,8.115579507225494e-07,1.918145080357406e-06,1.2453959510287416e-05,2.577178748237993e-05,2.9779527164369168e-09,6.3838929465676125e-09,1.2808268385321116e-06,2.840966722683259e-06,1.922451787396638e-11,5.818200568852049e-11,1.2137390869339424e-18,1.2540439752987385e-18,5.127552241099776e-12,6.060329338723202e-12,3.1520173247058725e-12,6.747738333541287e-12,9.285138410181939e-16,1.7819872431776143e-15,1.312238733467282e-08,2.6159950899006288e-08,1.802719867411677e-19,5.456370027177779e-19,0.006308215110294314,0.013035386664421719,3.3934457996045425e-31,1.0000000000000784e-30,3.6980950336097957e-10,1.202899685773923e-09,2.0723815682332843e-11,6.580133919780888e-11
1.923,1332.5746630532208,5.178708739729006,0.16932728152515972,12.739552192362776,0.49577003649943097,0.07372490640696226,5.711339930167426e-06,4.246605994818155e-07,8.619511408124414e-13,1.01722942444521e-12,1.5717528502694898e-13,3.709800176707821e-13,9.028384677653511e-08,1.1326120913005625e-07,0.19692876978069124,0.2616898397421182,1.1810885331195308e-15,2.8755357765427498e-15,2.0437768627966973e-13,5.127841733313231e-13,7.926127486632906e-13,8.201046555685655e-13,2.64340825800216e-06,2.9316431258995973e-06,0.011302491527989698,0.01337528980038714,0.2560663435777234,0.5290650047624826,0.0335983003753555,0.10906922713477298,8.09606844101391e-08,1.7329461763482756e-07,2.7803545123348637e-06,6.158019812553115e-06,8.112338333861297e-07,1.9173839960126513e-06,1.244508902423418e-05,2.575349807318184e-05,2.9754402057930617e-09,6.378523391072507e-09,1.2803188840574885e-06,2.8398474159593953e-06,1.9206338228649045e-11,5.812713685100658e-11,1.2132022821700665e-18,1.2534925991919366e-18,5.125307273780565e-12,6.057691706458275e-12,3.150336127744232e-12,6.744156790480657e-12,9.278919728477043e-16,1.7807983883398875e-15,1.3122355497266043e-08,2.6159955349137524e-08,1.801479957357637e-19,5.452631294581233e-19,0.0063081987322640325,0.01303538666442515,3.393436989194193e-31,1.0000000000000787e-30,3.6956474384518504e-10,1.202106664083909e-09,2.071123448479918e-11,6.576156267501953e-11
1.924,1332.5282654182215,5.1788449534846075,0.16932282788633687,12.745458070574728,0.49577396847674693,0.07372568231199354,5.708585801922876e-06,4.244569199311064e-07,8.609915137820248e-13,1.0160995580698224e-12,1.5699768807690753e-13,3.7056179746114477e-13,9.022588875446276e-08,1.1318879423891842e-07,0.19692562817389617,0.26168634361914234,1.1797381890370295e-15,2.872255611420699e-15,2.0421120791916342e-13,5.123678073672593e-13,7.916414148576731e-13,8.191017550209012e-13,2.641805254799571e-06,2.929872930554399e-06,0.011301180651456076,0.013373773199746941,0.2560656525208583,0.5290649489499948,0.03359954239341309,0.10907354191827753,8.093456831621234e-08,1.7323916594528712e-07,2.7803935723309443e-06,6.158122293450731e-06,8.109099845225111e-07,1.916623536399473e-06,1.2436228796054908e-05,2.5735229717665673e-05,2.9729307984320794e-09,6.3731604407951524e-09,1.2798114778600781e-06,2.838729310862503e-06,1.91881802733139e-11,5.8072333194839106e-11,1.2126656511484617e-18,1.2529413959010649e-18,5.123063662045769e-12,6.055055644163653e-12,3.148656045526487e-12,6.7405775946186075e-12,9.272706060115891e-16,1.7796104840407373e-15,1.3122323698669808e-08,2.6159959796619787e-08,1.8002410295375527e-19,5.448895498883963e-19,0.006308182373535138,0.013035386664428546,3.3934281891668564e-31,1.0000000000000794e-30,3.693203003730639e-10,1.20131466261827e-09,2.069866506720106e-11,6.572182314791604e-11
1.925,1332.4818765183927,5.178981162761173,0.16931837462822152,12.751364104117725,0.4957778974999762,0.07372645755648417,5.70583334547648e-06,4.2425336233314443e-07,8.600330904571165e-13,1.0149711032905036e-12,1.568203189083286e-13,3.701441115856493e-13,9.016797638815253e-08,1.131164359020916e-07,0.19692248859132538,0.261682849368393,1.178389591243991e-15,2.8689796721435883e-15,2.0404489098719974e-13,5.119518427062209e-13,7.906714855485359e-13,8.181002999912275e-13,2.640203721127775e-06,2.9281043468569604e-06,0.011299871319814471,0.01337225837860668,0.2560649606019874,0.5290648897396717,0.03360078462491994,0.10907785708379811,8.090846350892613e-08,1.731837375979314e-07,2.7804326066033183e-06,6.158224699089788e-06,8.105864042178817e-07,1.91586370174168e-06,1.2427378828154484e-05,2.5716982421250385e-05,2.970424493570443e-09,6.367804094183935e-09,1.279304620481494e-06,2.837612408625773e-06,1.9170043976308355e-11,5.801759462548263e-11,1.2121291934997592e-18,1.2523903650562885e-18,5.120821411065511e-12,6.052421158012528e-12,3.1469770774107528e-12,6.73700074466115e-12,9.266497400774624e-16,1.7784235294762934e-15,1.3122291938822293e-08,2.6159964241442515e-08,1.7990030891613506e-19,5.445162655935813e-19,0.006308166034080467,0.013035386664431966,3.3934193995078984e-31,1.0000000000000786e-30,3.690761730425676e-10,1.2005236817160017e-09,2.0686107416648707e-11,6.568212057650673e-11
1.926,1332.4354963468368,5.179117367556212,0.16931392175085344,12.757270292986655,0.49578182358014566,0.07372723214237681,5.7030825578941075e-06,4.240499264743895e-07,8.590758685735139e-13,1.0138440574607854e-12,1.5664317715051184e-13,3.6972695917888766e-13,9.01101096021299e-08,1.1304413402647805e-07,0.19691935102322167,0.26167935697806893,1.177042736728796e-15,2.86570795145424e-15,2.0387873516214022e-13,5.115362785503269e-13,7.89702957820318e-13,8.171002874867375e-13,2.638603654226865e-06,2.9263373717876563e-06,0.01129856353095087,0.013370745334549487,0.2560642678154164,0.5290648271219827,0.03360202707649103,0.10908217265323848,8.08823699571276e-08,1.7312833252750719e-07,2.7804716151425874e-06,6.158327029474265e-06,8.102630915053193e-07,1.9151044897738995e-06,1.241853907899538e-05,2.5698756098419508e-05,2.9679212801256286e-09,6.362454327608399e-09,1.2787983093226182e-06,2.8364967035158192e-06,1.9151929297546562e-11,5.796292102287335e-11,1.2115929096693673e-18,1.251839507129552e-18,5.118580510000105e-12,6.049788235255432e-12,3.1452992215480173e-12,6.733426236729732e-12,9.260293742612567e-16,1.777237523167627e-15,1.3122260217678299e-08,2.6159968683627342e-08,1.797766127233614e-19,5.441432738590097e-19,0.006308149713873054,0.013035386664435386,3.3934106202028304e-31,1.0000000000000798e-30,3.68832360442225e-10,1.1997337168061944e-09,2.0673561509279925e-11,6.564245488595624e-11
1.927,1332.3891248863633,5.179253567900299,0.16930946925319157,12.763176637176445,0.4957857467153333,0.07372800606969043,5.700333438694301e-06,4.2384661232367254e-07,8.581198466673537e-13,1.0127184188786818e-12,1.5646626244762918e-13,3.6931033941053863e-13,9.005228836343898e-08,1.1297188857231988e-07,0.1969162154728374,0.2616758664536638,1.175697622929822e-15,2.8624404431909356e-15,2.0371274033565497e-13,5.111211146368847e-13,7.887358294795359e-13,8.161017152617016e-13,2.6370050525207428e-06,2.9245720036397463e-06,0.01129725728265419,0.013369234065043875,0.25606357416844067,0.5290647611142504,0.03360326974173401,0.10908648860627981,8.085628767141347e-08,1.730729507581287e-07,2.780510598029911e-06,6.158429284808879e-06,8.099400465723161e-07,1.914345900959296e-06,1.2409709555192664e-05,2.5680550763302242e-05,2.9654211583044676e-09,6.357111141639312e-09,1.2782925452253576e-06,2.8353821974317726e-06,1.9133836206306833e-11,5.790831229528619e-11,1.2110567992080834e-18,1.2512888216684943e-18,5.116340965794343e-12,6.047156884162859e-12,3.14362247740845e-12,6.7298540697699256e-12,9.254095081641009e-16,1.7760524643750747e-15,1.3122228535174385e-08,2.6159973123160207e-08,1.7965301507800637e-19,5.437705768192374e-19,0.0063081334128857565,0.013035386664438769,3.3934018512370456e-31,1.0000000000000782e-30,3.685888628149399e-10,1.1989447686992371e-09,2.066102733330345e-11,6.560282603975641e-11
1.928,1332.342762125445,5.179389763805927,0.16930501713478616,12.769083136682031,0.4957896669105845,0.07372877933947761,5.69758598540639e-06,4.236434197018958e-07,8.571650226474625e-13,1.0115941851017812e-12,1.5628957442021174e-13,3.688942513944431e-13,8.999451260576197e-08,1.1289969945799952e-07,0.19691308193640908,0.26167237779133873,1.174354246835809e-15,2.8591771400969374e-15,2.0354690623700448e-13,5.107063502956752e-13,7.877700977634557e-13,8.151045804812929e-13,2.635407913496451e-06,2.9228082396672876e-06,0.011295952572795705,0.013367724567655283,0.25606287966133634,0.529064691719276,0.03360451262128354,0.10909080494541118,8.083021663035578e-08,1.7301759224535408e-07,2.7805495552938452e-06,6.158531465181628e-06,8.096172687418828e-07,1.913587933717683e-06,1.240089022697577e-05,2.5662366354730043e-05,2.9629241197621187e-09,6.35177451851435e-09,1.2777873264367408e-06,2.8342688865169257e-06,1.9115764664604443e-11,5.7853768329009386e-11,1.2105208622985803e-18,1.2507383088735624e-18,5.114102776040908e-12,6.044527101951538e-12,3.1419468433841967e-12,6.726284240419124e-12,9.247901410723664e-16,1.7748683517547794e-15,1.3122196891256929e-08,2.6159977560045724e-08,1.7952951555367882e-19,5.433981731916767e-19,0.00630811713109169,0.013035386664442159,3.3933930925960796e-31,1.0000000000000763e-30,3.683456791570878e-10,1.1981568341507386e-09,2.0648504867718534e-11,6.556323397215305e-11
1.929,1332.2964080554339,5.179525955276346,0.16930056539548954,12.774989791498358,0.49579358417468516,0.07372955195334674,5.694840195892572e-06,4.2344034845470214e-07,8.562113945086009e-13,1.0104713537890117e-12,1.5611311271147499e-13,3.6847869429795603e-13,8.993678226700144e-08,1.128275666071902e-07,0.1969099504064317,0.26166889098228113,1.1730126056473316e-15,2.8559180354310344e-15,2.03381232608675e-13,5.10291984889639e-13,7.868057600013096e-13,8.141088804057643e-13,2.63381223477723e-06,2.921046077275281e-06,0.011294649399243272,0.013366216839944928,0.2560621842906362,0.5290646189321234,0.033605755719518585,0.10909512168527631,8.080415681522544e-08,1.729622569505155e-07,2.780588486942367e-06,6.158633570634892e-06,8.092947573802737e-07,1.912830586571032e-06,1.2392081066923225e-05,2.5644202816394078e-05,2.9604301567513497e-09,6.346444441751884e-09,1.277282651358693e-06,2.8331567672580514e-06,1.9097714635461824e-11,5.779928901337572e-11,1.2099850991507188e-18,1.2501879689732763e-18,5.111865932856697e-12,6.04189887936603e-12,3.1402723180609253e-12,6.7227167457288335e-12,9.241712723306858e-16,1.7736851840746373e-15,1.3122165285878058e-08,2.6159981994299814e-08,1.7940611365401828e-19,5.430260614819289e-19,0.006308100868463985,0.013035386664445545,3.3933843442654784e-31,1.0000000000000742e-30,3.6810280854037364e-10,1.1973699101612681e-09,2.0635994092353666e-11,6.552367862002255e-11
1.93,1332.2500626625679,5.179662142331244,0.16929611403461692,12.780896601620388,0.49579749850992055,0.07373032391194022,5.692096068951927e-06,4.232373984973924e-07,8.552589605595801e-13,1.0093499229698745e-12,1.5593687696507246e-13,3.680636672894444e-13,8.987909730177693e-08,1.1275548996453486e-07,0.19690682088192613,0.26166540602635274,1.1716726966983182e-15,2.8526631227765134e-15,2.032157192791529e-13,5.098780179974783e-13,7.858428138035899e-13,8.131146125863245e-13,2.632218014447645e-06,2.919285514380303e-06,0.011293347759827623,0.013364710879430135,0.2560614880593861,0.529064542761318,0.033606999034295745,0.10909943881934638,8.077810822406014e-08,1.7290694487083442e-07,2.7806273930272116e-06,6.158735601308035e-06,8.089725123264153e-07,1.912073859158491e-06,1.2383282067170542e-05,2.562606013245586e-05,2.9579392660978566e-09,6.341120904673236e-09,1.2767785197946108e-06,2.8320458392504995e-06,1.9079686085603697e-11,5.7744874248920245e-11,1.2094495095914934e-18,1.2496378018005684e-18,5.109630437344934e-12,6.039272217772068e-12,3.1385989005244492e-12,6.719151583821199e-12,9.235529014295022e-16,1.7725029603823541e-15,1.3122133718980547e-08,2.6159986425919962e-08,1.7928280960618936e-19,5.426542423855422e-19,0.006308084624975731,0.013035386664448947,3.3933756062307727e-31,1.0000000000000744e-30,3.6786025070997386e-10,1.1965839959220247e-09,2.0623494991892884e-11,6.548415993565732e-11
1.931,1332.2037259331378,5.179798324990224,0.16929166305148638,12.786803567043108,0.495801409918567,0.07373109521589835,5.689353603084227e-06,4.2303456972300197e-07,8.54307719022043e-13,1.008229890570921e-12,1.5576086681785112e-13,3.6764916952118e-13,8.982145766003024e-08,1.1268346946880413e-07,0.19690369336191135,0.26166192292340984,1.1703345172311911e-15,2.8494123954936446e-15,2.0305036605567427e-13,5.094644491445537e-13,7.84881256701447e-13,8.121217744920109e-13,2.6306252504592216e-06,2.9175265487512706e-06,0.01129204765239423,0.013363206683645447,0.25606079097062334,0.5290644632153623,0.03360824256347963,0.10910375634111742,8.075207085062233e-08,1.728516559943779e-07,2.7806662735984113e-06,6.158837557336581e-06,8.086505333106093e-07,1.911317750862417e-06,1.2374493215172714e-05,2.5607938277389843e-05,2.9554514435210055e-09,6.335803898227666e-09,1.2762749312158377e-06,2.830936101353011e-06,1.9061678980781166e-11,5.769052393322761e-11,1.2089140935151505e-18,1.2490878072578304e-18,5.107396290729865e-12,6.036647118678313e-12,3.1369265896959744e-12,6.71558875246578e-12,9.229350278114374e-16,1.771321679633788e-15,1.3122102190507367e-08,2.6159990854903797e-08,1.7915960347668625e-19,5.422827161117357e-19,0.006308068400600065,0.013035386664452347,3.3933668784775094e-31,1.0000000000000754e-30,3.676180052518907e-10,1.1957990901063889e-09,2.0611007549814736e-11,6.544467786751954e-11
1.932,1332.1573978563752,5.179934503263509,0.16928721244572265,12.792710687761518,0.4958053184065447,0.07373186586640165,5.68661279599504e-06,4.228318619654957e-07,8.533576678657179e-13,1.0071112542213113e-12,1.5558508190080286e-13,3.6723520013158085e-13,8.976386327817932e-08,1.1261150504179707e-07,0.19690056784174287,0.2616584416684342,1.1689980643352697e-15,2.846165846569671e-15,2.028851726783849e-13,5.090512776878607e-13,7.839210860009183e-13,8.111303633588463e-13,2.629033940387163e-06,2.9157691777395855e-06,0.011290749074824828,0.013361704250167927,0.25606009302371524,0.5290643802951639,0.0336094863086081,0.10910807425600758,8.072604467540015e-08,1.7279639028079356e-07,2.7807051286798306e-06,6.158939438797965e-06,8.08328819699798e-07,1.9105622602062566e-06,1.2365714483206424e-05,2.5589837194258673e-05,2.9529666811846815e-09,6.330493405741837e-09,1.2757718840069692e-06,2.8298275500136607e-06,1.9043693283839985e-11,5.7636237955084856e-11,1.2083788510917554e-18,1.2485379855323974e-18,5.105163489260377e-12,6.034023577712612e-12,3.135255384069044e-12,6.712028248516307e-12,9.223176507947302e-16,1.7701413405459891e-15,1.3122070700406585e-08,2.6159995281258467e-08,1.7903649486946052e-19,5.419114814696726e-19,0.0063080521953102825,0.01303538666445575,3.393358160991315e-31,1.0000000000000756e-30,3.6737607123120845e-10,1.1950151896932057e-09,2.059853174581e-11,6.540523235204094e-11
1.933,1332.1110784186094,5.180070677170662,0.1692827622166454,12.798617963770639,0.4958092239761116,0.07373263586408665,5.6838736463253295e-06,4.2262927512838667e-07,8.52408805360372e-13,1.0059940119042433e-12,1.5540952185571983e-13,3.6682175828453493e-13,8.970631410850324e-08,1.1253959662520887e-07,0.19689744432045603,0.2616549622612998,1.1676633353082655e-15,2.84292346949903e-15,2.0272013896499257e-13,5.086385031789866e-13,7.829622992829866e-13,8.101403767072783e-13,2.6274440822534815e-06,2.914013399192128e-06,0.011289452024968293,0.013360203576535782,0.2560593942217006,0.5290642940092203,0.03361073026754081,0.10911239255749522,8.070002969411081e-08,1.7274114772232675e-07,2.780743958322053e-06,6.15904124582885e-06,8.080073712746696e-07,1.9098073866913633e-06,1.2356945860908045e-05,2.5571756862048484e-05,2.950484975331167e-09,6.32518941928527e-09,1.2752693777921787e-06,2.8287201844300205e-06,1.9025728961156433e-11,5.7582016213961514e-11,1.2078437821856388e-18,1.247988336495707e-18,5.102932034135828e-12,6.031401596353959e-12,3.1335852826436972e-12,6.708470069910747e-12,9.217007698460712e-16,1.768961942120886e-15,1.3122039248621327e-08,2.6159999704981515e-08,1.7891348391519995e-19,5.41540538862837e-19,0.006308036009079602,0.01303538666445912,3.393349453757793e-31,1.0000000000000744e-30,3.6713444830825603e-10,1.194232293597507e-09,2.0586067563987627e-11,6.536582333968058e-11
1.934,1332.0647676110189,5.180206846715731,0.16927831236408136,12.804525395065495,0.4958131266356305,0.07373340521049587,5.68113615178057e-06,4.224268090456112e-07,8.514611294705008e-13,1.0048781612425481e-12,1.5523418632387718e-13,3.66408843142675e-13,8.964881008681505e-08,1.1246774414007176e-07,0.19689432279095395,0.26165148469372446,1.1663303273143796e-15,2.8396852574508286e-15,2.0255526464898394e-13,5.082261249581698e-13,7.820048938593617e-13,8.091518117790439e-13,2.625855673627563e-06,2.912259210453627e-06,0.011288156500717085,0.01335870466033836,0.25605869456148395,0.5290642043533413,0.033611974444277846,0.10911671125898995,8.067402588587454e-08,1.7268592827569058e-07,2.780782762534072e-06,6.159142978473628e-06,8.076861873510441e-07,1.9090531287202464e-06,1.2348187318680459e-05,2.5553697219941494e-05,2.948006317712114e-09,6.319891921300081e-09,1.2747674108142115e-06,2.8276140007353383e-06,1.900778597556758e-11,5.752785859861093e-11,1.2073088870340627e-18,1.247438860404479e-18,5.100701918090799e-12,6.028781166076168e-12,3.131916283920525e-12,6.7049142135175335e-12,9.210843842872636e-16,1.7677834830822396e-15,1.3122007835103556e-08,2.6160004126087407e-08,1.7879057007863775e-19,5.411698866789555e-19,0.006308019841881443,0.013035386664462476,3.3933407567626452e-31,1.0000000000000738e-30,3.668931354814055e-10,1.1934503985810006e-09,2.0573614983719453e-11,6.532645076585242e-11
1.935,1332.0184654176414,5.180343011925712,0.16927386288710752,12.810432981641144,0.4958170263844023,0.07373417390582576,5.6784003114439305e-06,4.222244636535473e-07,8.505146386172198e-13,1.003763700397905e-12,1.550590749487612e-13,3.6599645387383567e-13,8.959135117331555e-08,1.1239594753801273e-07,0.19689120325523818,0.2616480089695223,1.164999037724747e-15,2.836451204097859e-15,2.0239054958851796e-13,5.078141426784507e-13,7.810488674504989e-13,8.081646662387633e-13,2.6242687127529467e-06,2.9105066096164723e-06,0.011286862499908734,0.013357207499100205,0.2560579940490515,0.5290641113421121,0.0336132188337233,0.10912103034437488,8.064803325422631e-08,1.7263073194986072e-07,2.780821541386352e-06,6.159244636912972e-06,8.07365267929855e-07,1.908299486314757e-06,1.2339438855278044e-05,2.5535658265790725e-05,2.9455307067054173e-09,6.314600908433415e-09,1.2742659833504071e-06,2.82650899957587e-06,1.898986429528516e-11,5.7473765014051135e-11,1.2067741653249911e-18,1.2468895569478905e-18,5.098473146386748e-12,6.026162293159222e-12,3.1302483871365545e-12,6.701360677781702e-12,9.204684936547932e-16,1.766605962565827e-15,1.3121976459792367e-08,2.61600085445655e-08,1.7866775382800283e-19,5.407995263431637e-19,0.006308003693689088,0.013035386664465845,3.3933320699914884e-31,1.0000000000000728e-30,3.6665213272496935e-10,1.1926695045799568e-09,2.0561173991421304e-11,6.528711458833635e-11
1.936,1331.9721718285527,5.180479172808282,0.16926941378543217,12.81634072349265,0.4958209232293084,0.07373494195139775,5.675666123157822e-06,4.220222387962945e-07,8.495693308184312e-13,1.002650627056031e-12,1.5488418737109916e-13,3.6558458963930214e-13,8.953393730650264e-08,1.1232420674342506e-07,0.1968880857076944,0.26164453508237795,1.1636694637182035e-15,2.8332213026444303e-15,2.0222599353145473e-13,5.074025557160867e-13,7.800942174193802e-13,8.071789373810786e-13,2.622683197274655e-06,2.90875559410908e-06,0.011285570020437277,0.013355712090412215,0.2560572926827741,0.529064014974366,0.033614463438405524,0.10912534982228073,8.062205178096752e-08,1.7257555870728432e-07,2.7808602948972756e-06,6.159346221212007e-06,8.070446124060506e-07,1.9075464580643433e-06,1.2330700444335863e-05,2.5517639945464743e-05,2.9430581348199865e-09,6.309316364750056e-09,1.2737650938747467e-06,2.825405177597622e-06,1.8971963883839905e-11,5.741973535112789e-11,1.2062396172271127e-18,1.24634042631177e-18,5.096245713840034e-12,6.023544971537235e-12,3.128581590865165e-12,6.697809459727175e-12,9.198530972924284e-16,1.765429379337448e-15,1.3121945122637787e-08,2.616001296042608e-08,1.785450347219021e-19,5.4042945652729095e-19,0.006307987564476028,0.013035386664469243,3.393323393430067e-31,1.0000000000000742e-30,3.664114391492135e-10,1.1918896087199413e-09,2.0548744567297852e-11,6.524781474518623e-11
1.937,1331.9258868321203,5.1806153293766695,0.16926496505858246,12.822248620615092,0.4958248171750029,0.07373570934820173,5.672933584829272e-06,4.2182013432274794e-07,8.486252041248555e-13,1.0015389389413022e-12,1.5470952322589323e-13,3.651732495868197e-13,8.94765684265982e-08,1.1225252168286146e-07,0.19688497014493558,0.26164106302893486,1.1623416024408577e-15,2.829995546214956e-15,2.0206159623695654e-13,5.069913634756702e-13,7.791409411567194e-13,8.061946225292539e-13,2.6210991248811036e-06,2.9070061614078973e-06,0.011284279060195484,0.013354218431863645,0.25605659046324075,0.529063915253517,0.03361570825863171,0.10912966969412709,8.059608144997975e-08,1.7252040851485856e-07,2.780899023098594e-06,6.1594477314654415e-06,8.067242202430535e-07,1.9067940427202534e-06,1.2321972062177653e-05,2.5499642210394846e-05,2.94058859518382e-09,6.3040382756415985e-09,1.273264741056165e-06,2.8243025318789515e-06,1.8954084705184955e-11,5.736576950196201e-11,1.2057052428357087e-18,1.24579146860608e-18,5.094019618391002e-12,6.020929198836588e-12,3.126915893709974e-12,6.694260556442459e-12,9.192381945528114e-16,1.7642537321798774e-15,1.3121913823586732e-08,2.6160017373673147e-08,1.7842241254349117e-19,5.400596765828171e-19,0.006307971454215751,0.013035386664472638,3.3933147270641214e-31,1.0000000000000756e-30,3.6617105395867296e-10,1.1911107084331004e-09,2.0536326692180106e-11,6.520855117644252e-11
1.938,1331.8796104154112,5.180751481648263,0.16926051670594952,12.828156673003573,0.4958287082245525,0.0737364760969921,5.670202695326463e-06,4.216181501532674e-07,8.476822568840868e-13,1.0004286341284042e-12,1.5453508216701718e-13,3.6476243290865555e-13,8.941924448946447e-08,1.1218089230249404e-07,0.19688185656518178,0.26163759280797366,1.1610154513091972e-15,2.826773928591978e-15,2.0189735753742212e-13,5.065805655455349e-13,7.781890363300156e-13,8.052117192928854e-13,2.6195164937084826e-06,2.9052583094859235e-06,0.011282989617044758,0.013352726521006652,0.25605588739263846,0.5290638121862852,0.033616953293104324,0.10913398995612489,8.057012225964079e-08,1.7246528137051033e-07,2.7809377260368127e-06,6.159549167800716e-06,8.064040912852205e-07,1.9060422399341016e-06,1.231325370130288e-05,2.5481665045486206e-05,2.938122084739693e-09,6.298766634677472e-09,1.2727649247160452e-06,2.823201062054486e-06,1.8936226726759187e-11,5.731186736922137e-11,1.2051710419903638e-18,1.2452426836765843e-18,5.091794859979997e-12,6.018314975047538e-12,3.1252512948004677e-12,6.690713966141782e-12,9.186237849430526e-16,1.7630790201723172e-15,1.312188256258401e-08,2.6160021784306658e-08,1.7829988742778142e-19,5.396901869262278e-19,0.006307955362881706,0.013035386664476005,3.393306070879369e-31,1.0000000000000752e-30,3.659309769102917e-10,1.1903328029484562e-09,2.0523920351103178e-11,6.516932383549341e-11
1.939,1331.8333425666979,5.1808876296366595,0.16925606872704865,12.834064880653205,0.495832596382452,0.07373724219873425,5.6674734527433e-06,4.2141628615062496e-07,8.467404872088394e-13,9.993197104147353e-13,1.543608638349187e-13,3.643521387653543e-13,8.936196543840833e-08,1.1210931853273868e-07,0.19687874496520535,0.26163412441634615,1.1596910075346716e-15,2.823556443058572e-15,2.0173327720611852e-13,5.061701613656192e-13,7.772385003924006e-13,8.042302250596768e-13,2.6179353015369253e-06,2.9035120359211297e-06,0.011281701688879086,0.01335123635543161,0.25605518347170175,0.5290637057763792,0.03361819854198052,0.10913831060920552,8.054417419652009e-08,1.7241017724688536e-07,2.7809764037454324e-06,6.159650530316347e-06,8.060842250663447e-07,1.9052910486233778e-06,1.2304545341049536e-05,2.5463708408405602e-05,2.9356585973332923e-09,6.293501428787138e-09,1.2722656437361524e-06,2.822100765674525e-06,1.8918389913301457e-11,5.725802884739787e-11,1.204637014741918e-18,1.2446940715872885e-18,5.089571436718537e-12,6.015702297998541e-12,3.1235877928438977e-12,6.687169686135178e-12,9.18009867847042e-16,1.7619052421573988e-15,1.3121851339576576e-08,2.616002619233036e-08,1.7817745919080334e-19,5.39320987008477e-19,0.0063079392904474806,0.01303538666447935,3.393297424861609e-31,1.0000000000000768e-30,3.6569120731145194e-10,1.1895558900325922e-09,2.0511525525735173e-11,6.513013266503288e-11
1.94,1331.7870832752997,5.181023773352149,0.16925162112150313,12.839973243559118,0.49583648165446986,0.07373800765458223,5.664745855001227e-06,4.2121454216475745e-07,8.457998931575908e-13,9.982121655336074e-13,1.5418686787109582e-13,3.63942366319911e-13,8.930473121370372e-08,1.1203780030020211e-07,0.19687563534049687,0.2616306578491977,1.1583682683123173e-15,2.8203430828576256e-15,2.015693550005606e-13,5.057601503363119e-13,7.762893307515026e-13,8.0325013717017e-13,2.616355546064929e-06,2.90176733820083e-06,0.011280415273603708,0.013349747932741985,0.256054478699877,0.5290635960248407,0.03361944400670579,0.10914263165848169,8.051823724402365e-08,1.7235509610985415e-07,2.7810150562494352e-06,6.159751819091926e-06,8.05764621030703e-07,1.9045404674939327e-06,1.2295846957080868e-05,2.5445772249213684e-05,2.933198125957666e-09,6.288242643071753e-09,1.2717668967323142e-06,2.8210016396993742e-06,1.8900574228946542e-11,5.720425382915139e-11,1.2041031612149716e-18,1.2441456324783855e-18,5.087349344940513e-12,6.0130911634167924e-12,3.121925386456196e-12,6.683627713536977e-12,9.173964426226433e-16,1.7607323969277332e-15,1.3121820154513211e-08,2.6160030597751373e-08,1.7805512752643309e-19,5.3895207591074775e-19,0.0063079232368867455,0.013035386664482718,3.3932887889966543e-31,1.0000000000000761e-30,3.6545174434292973e-10,1.1887799670401862e-09,2.0499142196869825e-11,6.509097760497587e-11
1.941,1331.7408325275587,5.181159912814596,0.16924717388862373,12.845881761716461,0.495840364042662,0.07373877246513857,5.662019901058075e-06,4.210129181226614e-07,8.448604731173381e-13,9.971059976059928e-13,1.5401309393004985e-13,3.635331147659921e-13,8.92475417730618e-08,1.1196633755336505e-07,0.19687252769028404,0.261627193106642,1.1570472310751502e-15,2.817133841811277e-15,2.0140559076292575e-13,5.053505320704142e-13,7.753415251162409e-13,8.022714532766006e-13,2.6147772254832283e-06,2.9000242143582167e-06,0.011279130369087249,0.013348261250497939,0.2560537730803373,0.5290634829404152,0.03362068968499136,0.10914695309694411,8.049231140226461e-08,1.7230003796104994e-07,2.7810536836013453e-06,6.1598530342680976e-06,8.054452790748637e-07,1.9037904963206538e-06,1.2287158544028439e-05,2.5427856557224426e-05,2.9307406680583226e-09,6.282990272177454e-09,1.2712686836780232e-06,2.819903684100839e-06,1.8882779641692694e-11,5.7150542218832286e-11,1.2035694812041303e-18,1.243597366149098e-18,5.085128585976188e-12,6.010481572934999e-12,3.1202640748150345e-12,6.680088046664048e-12,9.167835087921619e-16,1.7595604835915053e-15,1.3121789007337642e-08,2.6160035000566922e-08,1.7793289266608316e-19,5.385834543412713e-19,0.0063079072021730844,0.013035386664486079,3.393280163270317e-31,1.0000000000000766e-30,3.6521258783563093e-10,1.1880050334406841e-09,2.048677035013034e-11,6.505185861057101e-11
1.942,1331.6945903136311,5.181296048031684,0.1692427270281191,12.851790435120392,0.49584424355376994,0.07373953663170081,5.659295588535981e-06,4.2081141385199705e-07,8.439222250586e-13,9.960012042612467e-13,1.5383954165072298e-13,3.631243832605043e-13,8.919039705186279e-08,1.1189493021268711e-07,0.19686942200907348,0.26162373018251206,1.1557278929581443e-15,2.813928713015737e-15,2.0124198422698558e-13,5.049413059086932e-13,7.743950808187477e-13,8.012941706412436e-13,2.613200337355425e-06,2.8982826617307776e-06,0.011277846973254206,0.013346776306325333,0.2560530666115302,0.529063366522072,0.03362193557927882,0.1091512749329375,8.046639664980844e-08,1.7224500275597566e-07,2.78109228581841e-06,6.159954175907216e-06,8.051261985136245e-07,1.9030411335032484e-06,1.2278480072132551e-05,2.540996127127336e-05,2.9282862153621486e-09,6.2777442984902155e-09,1.27077100279872e-06,2.818806894973109e-06,1.8865006114712148e-11,5.709689390618003e-11,1.2030359749282026e-18,1.2430492728369155e-18,5.082909154846404e-12,6.007873520728073e-12,3.11860385637488e-12,6.676550682284679e-12,9.161710656672458e-16,1.7583895008525007e-15,1.3121757898000328e-08,2.6160039400786996e-08,1.7781075414042629e-19,5.382151208871923e-19,0.006307891186280262,0.013035386664489435,3.3932715476684724e-31,1.0000000000000765e-30,3.649737367846564e-10,1.1872310859846576e-09,2.047440996498446e-11,6.501277561751794e-11
1.943,1331.6483566172815,5.181432179031695,0.16923828053902518,12.857699263766104,0.495848120186428,0.07374030015436145,5.656572916374482e-06,4.2061002927837977e-07,8.429851473838432e-13,9.948977836384536e-13,1.5366621067631012e-13,3.627161709703707e-13,8.913329700861024e-08,1.1182357822763553e-07,0.19686631829950918,0.2616202690814568,1.1544102513088347e-15,2.8107276900845823e-15,2.0107853524369237e-13,5.045324714859213e-13,7.734499955789993e-13,8.003182869276281e-13,2.6116248798866904e-06,2.896542678367507e-06,0.011276565083977973,0.013345293097789578,0.2560523593000294,0.5290632467855743,0.03362318168387506,0.10915559714839884,8.044049298827242e-08,1.721899904994783e-07,2.7811308629732462e-06,6.1600552441943385e-06,8.048073793057278e-07,1.9022923789634683e-06,1.2269811538281006e-05,2.5392086385341304e-05,2.9258347658209785e-09,6.272504717740938e-09,1.2702738542357966e-06,2.8177112726602655e-06,1.8847253616268574e-11,5.704330879634118e-11,1.2025026420964555e-18,1.2425013522528368e-18,5.080691057746691e-12,6.0052670141790924e-12,3.1169447302956795e-12,6.673015618677426e-12,9.15559112765083e-16,1.7572194478089594e-15,1.3121726826440273e-08,2.616004379839897e-08,1.776887123781421e-19,5.378470768538173e-19,0.00630787518918199,0.013035386664492792,3.3932629421769902e-31,1.0000000000000787e-30,3.647351911019355e-10,1.1864581244050033e-09,2.0462061027538184e-11,6.497372858259356e-11
1.944,1331.6021314305394,5.18156830581638,0.16923383442124468,12.863608247648788,0.4958519939497375,0.0737410630347676,5.6538518822994625e-06,4.2040876423716235e-07,8.42049238089531e-13,9.937957333974395e-13,1.5349310065821722e-13,3.623084770818617e-13,8.907624157974233e-08,1.1175228151998925e-07,0.19686321655373407,0.26161680979416274,1.1530943033671743e-15,2.80753076636918e-15,2.0091524354782035e-13,5.041240281453323e-13,7.725062667636218e-13,7.993437994335703e-13,2.6100508506823443e-06,2.8948042616519442e-06,0.011275284699190662,0.013343811622525136,0.2560516511419077,0.5290631237249738,0.033624428003595684,0.10915991975937792,8.041460039638171e-08,1.7213500114739615e-07,2.7811694150692698e-06,6.16015623916107e-06,8.044888207544503e-07,1.9015442310736842e-06,1.2261152912524214e-05,2.5374231837868183e-05,2.923386311146512e-09,6.2672715122822595e-09,1.2697772361928517e-06,2.8166168132078676e-06,1.8829522109887435e-11,5.698978678011703e-11,1.2019694829694026e-18,1.2419536046773953e-18,5.078474286325839e-12,6.002662043476991e-12,3.115286695095989e-12,6.669482852747399e-12,9.149476494176018e-16,1.7560503232034598e-15,1.3121695792611532e-08,2.61600481934195e-08,1.7756676675039655e-19,5.374793203454368e-19,0.006307859210852149,0.013035386664496143,3.393254346781802e-31,1.0000000000000782e-30,3.644969497733047e-10,1.1856861454220285e-09,2.044972351738015e-11,6.493471744187641e-11
1.945,1331.5559147423037,5.181704428397549,0.16922938867435175,12.86951738676365,0.4958558648488127,0.07374182527397431,5.65113248455495e-06,4.202076186022238e-07,8.41114495347316e-13,9.926950514047356e-13,1.5332021124698406e-13,3.619013007791828e-13,8.901923071104584e-08,1.1168104002325412e-07,0.19686011676788975,0.26161335231663324,1.1517800464382955e-15,2.804337935379437e-15,2.0075210892264647e-13,5.037159753518464e-13,7.715638918961779e-13,7.983707056192166e-13,2.6084782476054753e-06,2.893067409253474e-06,0.011274005816804584,0.013342331878143099,0.25605094213722507,0.5290629973425672,0.033625674539260596,0.10916424276895423,8.038871886234445e-08,1.7208003467586692e-07,2.781207942136474e-06,6.1602571608979665e-06,8.041705224324983e-07,1.9007966888430944e-06,1.2252504176004877e-05,2.5356397590248274e-05,2.920940845637753e-09,6.2620446700132845e-09,1.269281147671858e-06,2.8155235144323844e-06,1.8811811561178165e-11,5.6936327754613794e-11,1.2014364975857312e-18,1.2414060301619245e-18,5.076258837708319e-12,6.000058605282775e-12,3.1136297495700424e-12,6.665952381989855e-12,9.14336675037068e-16,1.7548821259327442e-15,1.312166479646249e-08,2.6160052585854243e-08,1.7744491713518156e-19,5.371118510004398e-19,0.006307843251264546,0.01303538666449949,3.393245761468836e-31,1.0000000000000794e-30,3.642590121670086e-10,1.184915146999945e-09,2.0437397416841807e-11,6.489574214015322e-11
1.946,1331.5097065376958,5.181840546799249,0.1692249432975211,12.875426681105926,0.4958597328839384,0.07374258687231773,5.648414722101906e-06,4.200065923007419e-07,8.401809175663917e-13,9.915957358071495e-13,1.5314754209433339e-13,3.6149464124930403e-13,8.89622643610285e-08,1.116098536868913e-07,0.1968570189429631,0.2616098966513079,1.1504674779343492e-15,2.801149190885606e-15,2.0058913121638545e-13,5.033083127332977e-13,7.706228687135784e-13,7.973990031653997e-13,2.6069070688715005e-06,2.8913321192321377e-06,0.011272728434705477,0.013340853862222904,0.2560502322908794,0.5290628676506419,0.03362692128684979,0.1091685661644936,8.036284838712353e-08,1.720250910883279e-07,2.7812464442374416e-06,6.160358009567706e-06,8.038524842713607e-07,1.9000497521288912e-06,1.2243865324654075e-05,2.5338583634478986e-05,2.9184983670445947e-09,6.256824186230929e-09,1.2687855887398634e-06,2.814431376512756e-06,1.8794121938570484e-11,5.6882931625470036e-11,1.2009036856966887e-18,1.2408586284607292e-18,5.074044715698741e-12,5.997456704153126e-12,3.1119738928951037e-12,6.6624242047198835e-12,9.137261891474315e-16,1.753714855107846e-15,1.3121633837934856e-08,2.6160056975695282e-08,1.7732316386314726e-19,5.367446698273592e-19,0.006307827310393044,0.013035386664502805,3.3932371862240193e-31,1.0000000000000775e-30,3.6402137816050836e-10,1.1841451287593589e-09,2.0425082711936884e-11,6.485680263390077e-11
1.947,1331.463506807113,5.181976661028604,0.16922049829048008,12.881336130670856,0.49586359806200386,0.07374334783111486,5.645698592554931e-06,4.198056851597671e-07,8.392485027288815e-13,9.904977842473724e-13,1.5297509284299037e-13,3.610884976579265e-13,8.890534246516007e-08,1.1153872243145439e-07,0.1968539230733008,0.2616064427917972,1.1491565950165364e-15,2.7979645260466873e-15,2.00426310162809e-13,5.029010396303385e-13,7.696831945706573e-13,7.964286893575197e-13,2.6053373120548387e-06,2.889598388936915e-06,0.011271452550837866,0.01333937757241324,0.25604952160112293,0.5290627346477444,0.03362816824899179,0.10917288995494413,8.033698894895144e-08,1.7197017033955516e-07,2.7812849213877765e-06,6.160458785228802e-06,8.035347055777883e-07,1.8993034193115226e-06,1.2235236328435734e-05,2.5320789908817566e-05,2.9160588670479993e-09,6.251610043220829e-09,1.26829055759618e-06,2.813340395484793e-06,1.8776453205525986e-11,5.682959828328359e-11,1.2003710475303349e-18,1.240311399820755e-18,5.071831915090939e-12,5.994856333993942e-12,3.110319123524214e-12,6.6588983177018445e-12,9.131161910622505e-16,1.7525485094359143e-15,1.3121602916979825e-08,2.6160061362953135e-08,1.7720150642345082e-19,5.363777752875711e-19,0.006307811388211649,0.013035386664506128,3.39322862103338e-31,1.0000000000000784e-30,3.637840467395101e-10,1.1833760874199751e-09,2.0412779382199573e-11,6.481789885901807e-11
1.948,1331.4173155364192,5.182112771107323,0.16921605365248,12.887245735453709,0.4958674603842263,0.07374410815084012,5.642984095094436e-06,4.1960489712277986e-07,8.383172493099863e-13,9.894011949499829e-13,1.5280286315477076e-13,3.606828692157939e-13,8.884846498522002e-08,1.1146764621050307e-07,0.19685082915895974,0.2616029907393031,1.1478473952004988e-15,2.794783934884518e-15,2.0026364562335528e-13,5.024941557039427e-13,7.687448672728216e-13,7.954597619471499e-13,2.603768975471797e-06,2.8878662165395716e-06,0.01127017816308873,0.01333790300629477,0.2560488100719065,0.5290625983442027,0.033629415422607195,0.10917721413072475,8.031114055137365e-08,1.7191527243851028e-07,2.7813233736455004e-06,6.160559488033807e-06,8.032171863433951e-07,1.8985576903902272e-06,1.222661718597918e-05,2.530301641084343e-05,2.913622344049181e-09,6.246402237675614e-09,1.267796054496714e-06,2.8122505719462426e-06,1.8758805331300673e-11,5.677632763618753e-11,1.1998385828152342e-18,1.239764343972837e-18,5.069620438299807e-12,5.992257497719105e-12,3.108665440758676e-12,6.655374719516107e-12,9.125066803428535e-16,1.751383088099621e-15,1.3121572033540707e-08,2.616006574762293e-08,1.77079945159614e-19,5.360111684285458e-19,0.006307795484694287,0.013035386664509496,3.3932200658828747e-31,1.0000000000000798e-30,3.6354701787227124e-10,1.1826080228976614e-09,2.040048741444721e-11,6.477903077452965e-11
1.949,1331.3711327145893,5.182248877047243,0.16921160938309457,12.893155495449761,0.4958713198555254,0.073744867832516,5.640271227111913e-06,4.1940422800021726e-07,8.373871552404012e-13,9.883059654968246e-13,1.5263085266132222e-13,3.602777550624024e-13,8.879163185384312e-08,1.1139662494102589e-07,0.19684773719624515,0.2615995404900325,1.146539875535667e-15,2.7916074102855113e-15,2.001011373219189e-13,5.020876602699295e-13,7.67807884126725e-13,7.944922181696844e-13,2.6022020566111204e-06,2.8861355992938364e-06,0.011268905269416013,0.013336430161531593,0.2560480977034274,0.5290624587425699,0.03363066280837844,0.10918153869446315,8.028530317042245e-08,1.718603973352524e-07,2.781361801036426e-06,6.160660118063708e-06,8.028999258324951e-07,1.8978125636450353e-06,1.221800786520901e-05,2.528526307459073e-05,2.911188789236103e-09,6.241200750823204e-09,1.2673020774978503e-06,2.811161901615685e-06,1.87411782788337e-11,5.672311957319108e-11,1.1993062917789601e-18,1.239217461163367e-18,5.067410282957193e-12,5.989660192588697e-12,3.1070128429248336e-12,6.651853406655376e-12,9.118976562662084e-16,1.7502185897357528e-15,1.3121541187566004e-08,2.6160070129709196e-08,1.7695847962599984e-19,5.356448479089881e-19,0.0063077795998150565,0.013035386664512828,3.3932115207585886e-31,1.0000000000000812e-30,3.63310290477521e-10,1.1818409316941183e-09,2.0388206787641426e-11,6.474019831451127e-11
1.95,1331.3249583316624,5.182384978856736,0.16920716548201076,12.899065410654305,0.49587517648235035,0.07374562687739322,5.6375599871700315e-06,4.192036776896014e-07,8.364582187939434e-13,9.872120938746468e-13,1.5245906102924566e-13,3.598731544197338e-13,8.873484302168937e-08,1.1132565856262392e-07,0.19684464717995903,0.2615960920381971,1.1452340334873745e-15,2.7884349461485643e-15,1.999387850614666e-13,5.016815528425087e-13,7.668722427659828e-13,7.935260555987837e-13,2.6006365534888647e-06,2.884406535038234e-06,0.011267633867742259,0.013334959035745974,0.2560473844943734,0.5290623158422861,0.033631910408491644,0.10918586365367011,8.025947679799781e-08,1.7180554501380742e-07,2.7814002035837338e-06,6.160760675393739e-06,8.025829237042386e-07,1.8970680382892324e-06,1.2209408351163653e-05,2.5267529869509862e-05,2.908758197856498e-09,6.2360055725948285e-09,1.2668086258712263e-06,2.8100743829073587e-06,1.87235720150752e-11,5.6669973995440795e-11,1.1987741744289362e-18,1.2386707514112624e-18,5.0652014442059075e-12,5.9870644129207335e-12,3.105361328997997e-12,6.648334377001685e-12,9.112891183001503e-16,1.7490550133474015e-15,1.3121510379006551e-08,2.616007450922141e-08,1.768371096451735e-19,5.35278813199421e-19,0.0063077637335480575,0.013035386664516192,3.393202985646566e-31,1.0000000000000814e-30,3.6307386405462915e-10,1.181074812199811e-09,2.0375937485335738e-11,6.470140142761838e-11
1.951,1331.2787923751766,5.182521076552279,0.16920272194865096,12.90497548106265,0.4958790302678823,0.07374638528623595,5.6348503737521054e-06,4.1900324608254384e-07,8.355304382382791e-13,9.861195780628703e-13,1.5228748791219872e-13,3.594690664791912e-13,8.867809843915059e-08,1.1125474701455808e-07,0.1968415591081675,0.2615926453823445,1.1439298664154948e-15,2.7852665361155884e-15,1.9977658864877808e-13,5.012758329454349e-13,7.659379408130246e-13,7.925612717964624e-13,2.5990724641036966e-06,2.882679021591903e-06,0.011266363955992254,0.013333489626562653,0.2560466704466874,0.529062169649513,0.0336331582218756,0.10919018900528063,8.023366142657785e-08,1.7175071545943584e-07,2.7814385813294876e-06,6.160861160140913e-06,8.022661796550958e-07,1.8963241136242727e-06,1.2200818630088446e-05,2.52498167675478e-05,2.9063305654146737e-09,6.230816693471436e-09,1.2663156989821417e-06,2.808988014443191e-06,1.87059865069506e-11,5.661689080400508e-11,1.1982422307039248e-18,1.2381242146644729e-18,5.062993921814092e-12,5.984470158500199e-12,3.103710897901998e-12,6.6448176283266835e-12,9.10681065897167e-16,1.7478923579081433e-15,1.3121479607808735e-08,2.616007888615998e-08,1.7671583525451904e-19,5.349130644205966e-19,0.006307747885867373,0.013035386664519519,3.393194460532889e-31,1.0000000000000812e-30,3.6283773814808165e-10,1.1803096629519112e-09,2.0363679491267192e-11,6.466264006308697e-11
1.952,1331.2326348346132,5.182657170144145,0.1691982787826403,12.910885706670113,0.49588288121768465,0.0737471430601618,5.632142384825415e-06,4.188029330322725e-07,8.346038116804573e-13,9.85028415851275e-13,1.5211613296031287e-13,3.5906549042382585e-13,8.86213980478842e-08,1.111838902251271e-07,0.1968384729765424,0.2615892005178369,1.1426273715832855e-15,2.782102173593031e-15,1.9961454784743093e-13,5.008704999940364e-13,7.650049757477252e-13,7.915978641771508e-13,2.597509786211389e-06,2.88095305650447e-06,0.011265095532115351,0.013332021931635199,0.256045955559911,0.5290620201654448,0.03363440624985932,0.1091945147540209,8.020785703998191e-08,1.7169590863885963e-07,2.781476934298562e-06,6.160961572384094e-06,8.019496931445057e-07,1.8955807883912827e-06,1.2192238678376177e-05,2.5232123720260197e-05,2.9039058851151906e-09,6.225634099003216e-09,1.265823295485551e-06,2.807902793269306e-06,1.868842171953709e-11,5.656386989435468e-11,1.197710460722369e-18,1.2375778510565834e-18,5.060787712318884e-12,5.981877425292875e-12,3.1020615482831332e-12,6.641303157807631e-12,9.100734984294495e-16,1.7467306222373708e-15,1.3121448873922408e-08,2.6160083260531877e-08,1.7659465615397106e-19,5.345476006717998e-19,0.006307732056747214,0.013035386664522843,3.393185945403671e-31,1.0000000000000803e-30,3.6260191196413814e-10,1.1795454813872812e-09,2.035143278672942e-11,6.462391416239165e-11
1.953,1331.186485695071,5.182793259656752,0.16919383598314203,12.916796087472045,0.4958867293318053,0.07374790019946853,5.629436019424998e-06,4.18602738471409e-07,8.336783375706479e-13,9.83938605434547e-13,1.5194499583101513e-13,3.586624254538885e-13,8.856474180793784e-08,1.1111308814569982e-07,0.19683538878629211,0.2615857574473959,1.1413265464535206e-15,2.778941852472956e-15,1.9945266251257078e-13,5.00465553633387e-13,7.640733453605195e-13,7.906358304765736e-13,2.5959485180820856e-06,2.8792286378959977e-06,0.011263828594021235,0.013330555948570235,0.25604523983911304,0.5290618674026987,0.03363565448823909,0.10919884088665556,8.01820636401716e-08,1.7164112455763596e-07,2.7815152625545153e-06,6.161061912287875e-06,8.016334641330779e-07,1.8948380625159918e-06,1.2183668493204606e-05,2.5214450722216822e-05,2.901484155018642e-09,6.220457785150846e-09,1.2653314155337497e-06,2.8068187197532492e-06,1.8670877621963117e-11,5.651091117421944e-11,1.1971788642178358e-18,1.2370316603234856e-18,5.058582819791413e-12,5.979286218169707e-12,3.1004132793618785e-12,6.637790963850989e-12,9.094664154364689e-16,1.745569805475507e-15,1.3121418177289649e-08,2.6160087632328758e-08,1.7647357269704743e-19,5.341824230306833e-19,0.0063077162461617564,0.013035386664526203,3.3931774402450284e-31,1.000000000000083e-30,3.623663854232761e-10,1.1787822672660933e-09,2.0339197358227608e-11,6.458522368355428e-11
1.954,1331.1403449473942,5.182929345096085,0.16918939354992155,12.9227066234638,0.4958905746174474,0.07374865670551616,5.626731275154878e-06,4.1840266222614764e-07,8.327540139066237e-13,9.828501444733485e-13,1.5177407617269916e-13,3.5825987074827323e-13,8.850812965488705e-08,1.1104234069693676e-07,0.19683230653143555,0.26158231616418115,1.1400273882266996e-15,2.775785566008571e-15,1.9929093237767607e-13,5.000609932032426e-13,7.631430470373028e-13,7.896751680117679e-13,2.5943886573045726e-06,2.877505763130686e-06,0.011262563139681802,0.013329091675047568,0.25604452328217037,0.5290617113590178,0.033636902940008685,0.10920316741331329,8.015628120485498e-08,1.7158636316939789e-07,2.7815535661101834e-06,6.161162179904335e-06,8.013174919135686e-07,1.894095934345432e-06,1.2175108044046496e-05,2.5196797710649622e-05,2.8990653667185313e-09,6.215287734009844e-09,1.2648400572814012e-06,2.805735789831202e-06,1.8653354178087723e-11,5.6458014535376026e-11,1.1966474414350983e-18,1.2364856427292488e-18,5.056379238546135e-12,5.97669653046896e-12,3.09876608958966e-12,6.634281043216429e-12,9.088598162346113e-16,1.7444099063347078e-15,1.3121387517862707e-08,2.616009200156182e-08,1.7635258434244584e-19,5.338175298662739e-19,0.006307700454085276,0.013035386664529488,3.3931689450431216e-31,1.0000000000000814e-30,3.621311574942772e-10,1.178020017252571e-09,2.0326973185371427e-11,6.45465685626973e-11
1.955,1331.0942125795823,5.183065426477334,0.16918495148244359,12.92861731464075,0.49589441707824633,0.07374941257913413,5.624028150557798e-06,4.182027041924794e-07,8.318308389823538e-13,9.81763030977862e-13,1.5160337364481505e-13,3.578578255119498e-13,8.845156154011993e-08,1.1097164781933421e-07,0.19682922620957372,0.26157887666611335,1.1387298943125476e-15,2.772633307962329e-15,1.9912935725310978e-13,4.996568182362588e-13,7.622140784350999e-13,7.887158743802618e-13,2.5928302019139136e-06,2.8757844300676382e-06,0.011261299167035737,0.013327629108707653,0.2560438058905363,0.5290615520395361,0.033638151604581945,0.10920749433250053,8.013050972700681e-08,1.7153162446045782e-07,2.7815918450047685e-06,6.161262375343966e-06,8.010017761929625e-07,1.893354403205724e-06,1.2166557317678821e-05,2.517916465860107e-05,2.8966495158613017e-09,6.210123936364462e-09,1.2643492201269867e-06,2.804654002198382e-06,1.8635851355266366e-11,5.640517988018069e-11,1.1961161923150645e-18,1.2359397982239528e-18,5.05417696767578e-12,5.974108361176761e-12,3.097119977926093e-12,6.630773393751509e-12,9.082537002886496e-16,1.7432509238118878e-15,1.3121356895589081e-08,2.6160096368232855e-08,1.762316911012956e-19,5.334529212197804e-19,0.006307684680492139,0.013035386664532805,3.393160459784157e-31,1.0000000000000812e-30,3.618962277393044e-10,1.1772587299411619e-09,2.031476025216429e-11,6.450794874989326e-11
1.956,1331.0480885782854,5.1832015038200385,0.1691805097800312,12.934528160998289,0.49589825671609944,0.07375016782089357,5.6213266443587815e-06,4.180028642799435e-07,8.309088111558679e-13,9.806772630338167e-13,1.5143288790578058e-13,3.574562889474274e-13,8.839503741842683e-08,1.1090100945765423e-07,0.19682614782005417,0.2615754389534341,1.137434062138067e-15,2.769485072138568e-15,1.9896793696723702e-13,4.99253028310245e-13,7.612864372690149e-13,7.877579472396185e-13,2.591273150039072e-06,2.874064636670026e-06,0.011260036674017098,0.013326168247185386,0.25604308766739436,0.5290613894529624,0.03363940047963502,0.10921182163708242,8.010474920309587e-08,1.7147690842460608e-07,2.781630099288709e-06,6.161362498742156e-06,8.006863167798577e-07,1.892613468663148e-06,1.2158016305011152e-05,2.516155154766531e-05,2.894236599054294e-09,6.204966385058736e-09,1.263858903768313e-06,2.8035733562139402e-06,1.8618369121639515e-11,5.635240711336279e-11,1.1955851167123661e-18,1.2353941266685167e-18,5.0519760086898076e-12,5.971521712135776e-12,3.0954749434268706e-12,6.627268013509374e-12,9.076480670915669e-16,1.7420928569580647e-15,1.3121326310413797e-08,2.6160100732338717e-08,1.7611089311175051e-19,5.330885975169057e-19,0.006307668925356654,0.013035386664536127,3.393151984454313e-31,1.0000000000000815e-30,3.616615958633412e-10,1.1764984043908727e-09,2.0302558543633274e-11,6.446936419846359e-11
1.957,1331.0019729347641,5.183337577128989,0.16917606844248892,12.940439162531819,0.49590209353863623,0.0737509224322162,5.618626754164992e-06,4.178031423149379e-07,8.29987928432546e-13,9.795928383106411e-13,1.5126261860760018e-13,3.570552602420445e-13,8.833855722546274e-08,1.1083042553264605e-07,0.1968230713564601,0.2615720030187177,1.1361398889303466e-15,2.766340851854612e-15,1.9880667125312566e-13,4.988496227638581e-13,7.603601209396735e-13,7.868013839219041e-13,2.589717499276871e-06,2.872346380310662e-06,0.011258775658609412,0.013324709088173799,0.25604236861016655,0.529061223596088,0.03364064956861316,0.109216149338651,8.007899961056274e-08,1.7142221501489454e-07,2.781668328971928e-06,6.1614625501444e-06,8.003711129578671e-07,1.8918731290429788e-06,1.2149484975211373e-05,2.5143958314439566e-05,2.8918266078340995e-09,6.199815062065051e-09,1.2633691063332412e-06,2.8024938477543473e-06,1.860090744124314e-11,5.629969612722422e-11,1.1950542148848268e-18,1.2348486283404318e-18,5.049776355267933e-12,5.9689365759335556e-12,3.0938309845477905e-12,6.62376489925853e-12,9.070429159624453e-16,1.740935704490389e-15,1.3121295762290114e-08,2.6160105093892025e-08,1.7599018982546454e-19,5.327245571052884e-19,0.006307653188653294,0.013035386664539456,3.3931435190398607e-31,1.0000000000000824e-30,3.6142726082433584e-10,1.1757390372305009e-09,2.0290368039408288e-11,6.443081484458797e-11
1.958,1330.955865635986,5.183473646422783,0.16917162746917064,12.946350319236759,0.49590592754811963,0.07375167641372662,5.6159284787906545e-06,4.176035382136166e-07,8.290681892004195e-13,9.78509754929338e-13,1.5109256541346313e-13,3.5665473860952224e-13,8.828212091740464e-08,1.1075989599080457e-07,0.19681999681777057,0.26156856886171254,1.1348473721631258e-15,2.763200641028191e-15,1.9864555994475473e-13,4.984466011889511e-13,7.594351271954763e-13,7.858461821189983e-13,2.5881632478006226e-06,2.870629659001717e-06,0.011257516118751249,0.013323251629312811,0.2560416487216606,0.5290610544768387,0.03364189886956707,0.10922047743128618,8.005326094691027e-08,1.7136754422732198e-07,2.7817065341030053e-06,6.161562529681899e-06,8.000561645598282e-07,1.8911333839687048e-06,1.2140963320288206e-05,2.5126384942790452e-05,2.8894195390769592e-09,6.19466996080326e-09,1.2628798275954015e-06,2.8014154763468035e-06,1.858346628262591e-11,5.624704682772325e-11,1.1945234866782095e-18,1.2343033030914144e-18,5.047578008358209e-12,5.966352953748926e-12,3.0921881003955374e-12,6.620264049160965e-12,9.064382464100876e-16,1.7397794654901273e-15,1.3121265251163694e-08,2.6160109452890573e-08,1.7586958141883918e-19,5.323608005263722e-19,0.0063076374703564435,0.013035386664542768,3.393135063527019e-31,1.0000000000000819e-30,3.6119322236433644e-10,1.1749806276395153e-09,2.0278188724872243e-11,6.439230064271341e-11
1.959,1330.909766669221,5.183609711719126,0.16916718685945953,12.95226163110855,0.4959097587470983,0.07375242976609077,5.613231816739219e-06,4.174040518690113e-07,8.281495917571534e-13,9.774280109041788e-13,1.5092272798069014e-13,3.5625472324970013e-13,8.822572844552091e-08,1.1068942077246192e-07,0.19681692420266464,0.2615651364817641,1.13355650922468e-15,2.7600644333687162e-15,1.9848460285340166e-13,4.980439631203875e-13,7.585114537031061e-13,7.848923394381461e-13,2.586610393644153e-06,2.8689144706005327e-06,0.011256258052396467,0.01332179586826015,0.2560409280043758,0.5290608821024956,0.033643148380856275,0.10922480591006874,8.00275332050119e-08,1.7131289604797329e-07,2.7817447147268866e-06,6.161662437477711e-06,7.997414712988409e-07,1.8903942327807289e-06,1.2132451327162617e-05,2.5108831406053982e-05,2.88701538846433e-09,6.1895310721313295e-09,1.262391066963325e-06,2.800338240708527e-06,1.8566045613315258e-11,5.61944591177234e-11,1.193992932016578e-18,1.2337581508540558e-18,5.045380968581507e-12,5.963770846373823e-12,3.0905462899070438e-12,6.616765461015012e-12,9.058340578941256e-16,1.7386241389440983e-15,1.3121234776980926e-08,2.6160113809333202e-08,1.7574906790931483e-19,5.319973278404072e-19,0.006307621770440607,0.013035386664546083,3.393126617902081e-31,1.0000000000000838e-30,3.609594800518484e-10,1.1742231742327839e-09,2.0266020584115342e-11,6.435382154317924e-11
1.96,1330.8636760252516,5.18374577302447,0.16916274661310615,12.958173098142643,0.49591358714250433,0.07375318249062529,5.610536765724606e-06,4.1720468311543015e-07,8.272321341511558e-13,9.763476039551706e-13,1.5075310596342394e-13,3.5585521335488674e-13,8.816937974748709e-08,1.1061899980089176e-07,0.19681385350542077,0.2615617058723651,1.1322672973720681e-15,2.756932222265873e-15,1.983237997222423e-13,4.97641707922122e-13,7.575890979084414e-13,7.839398532580315e-13,2.5850589344648004e-06,2.8672008125467477e-06,0.011255001457535255,0.013320341802716233,0.2560402064564076,0.5290607064712306,0.03364439810524702,0.10922913478438431,8.000181636412268e-08,1.7125827043377622e-07,2.781782870857918e-06,6.1617622735870166e-06,7.994270325102684e-07,1.8896556739265125e-06,1.2123948967161076e-05,2.5091297645291034e-05,2.8846141480459344e-09,6.184398379120675e-09,1.26190282271733e-06,2.7992621370539427e-06,1.8548645397942004e-11,5.614193289131704e-11,1.1934625511175323e-18,1.233213171864227e-18,5.0431852305629234e-12,5.9611902475128425e-12,3.088905551596425e-12,6.613269131713532e-12,9.052303497519141e-16,1.7374697236043529e-15,1.3121204339694298e-08,2.6160118163230457e-08,1.7562864882140842e-19,5.316341376155272e-19,0.006307606088880383,0.013035386664549392,3.393118182151365e-31,1.0000000000000826e-30,3.6072603291923236e-10,1.173466673880996e-09,2.0253863597377532e-11,6.431537748409566e-11
1.961,1330.8175936916568,5.183881830355579,0.16915830672952462,12.964084720334505,0.4959174127372768,0.07375393458805363,5.6078433245499556e-06,4.170054318681734e-07,8.26315814771872e-13,9.752685322047772e-13,1.5058369902897757e-13,3.554562081484587e-13,8.811307477925227e-08,1.1054863302229222e-07,0.19681078472433156,0.26155827703234485,1.1309797341070865e-15,2.7538040017050905e-15,1.9816315038300536e-13,4.972398351802942e-13,7.566680575692597e-13,7.829887212800283e-13,2.583508868435937e-06,2.8654886828522995e-06,0.011253746332118647,0.013318889430335165,0.2560394840798567,0.5290605275894962,0.033645648041493365,0.10923346405059373,7.99761104211424e-08,1.7120366737943025e-07,2.781821002540154e-06,6.1618620381308505e-06,7.991128480077261e-07,1.8889177069839729e-06,1.2115456231566218e-05,2.507378364286213e-05,2.8822158145415737e-09,6.179271874854725e-09,1.2614150945751655e-06,2.798187164786061e-06,1.853126560516064e-11,5.6089468054772656e-11,1.192932343849855e-18,1.232668365997363e-18,5.0409907942725275e-12,5.958611157188428e-12,3.0872658845672942e-12,6.609775059411424e-12,9.046271214927408e-16,1.7363162185529099e-15,1.3121173939250884e-08,2.6160122514582312e-08,1.755083242773315e-19,5.31271230229093e-19,0.006307590425650335,0.01303538666455272,3.393109756261197e-31,1.0000000000000828e-30,3.604928806830856e-10,1.172711125680665e-09,2.024171774996058e-11,6.427696841964516e-11
1.962,1330.7715196552463,5.184017883731766,0.16915386720804595,12.969996497679626,0.49592123553328354,0.07375468605893915,5.605151491729525e-06,4.1680629802104935e-07,8.254006319310626e-13,9.741907936837058e-13,1.5041450683449258e-13,3.550577068297565e-13,8.805681349258497e-08,1.1047832037761276e-07,0.19680771785875556,0.2615548499619466,1.1296938168178167e-15,2.750679765394705e-15,1.9800265465014622e-13,4.968383444376785e-13,7.557483303703439e-13,7.820389411299067e-13,2.5819601936079896e-06,2.8637780793926614e-06,0.011252492674110435,0.01331743874878596,0.25603876087787975,0.5290603454659216,0.03364689818729125,0.10923779370162151,7.9950415369385e-08,1.7114908687195545e-07,2.781859109822383e-06,6.1619617312406775e-06,7.9879891752094e-07,1.8881803313326854e-06,1.2106973107945346e-05,2.505628937343761e-05,2.879820383787424e-09,6.174151550522154e-09,1.2609278819908588e-06,2.7971133227228115e-06,1.8513906202755845e-11,5.6037064511722626e-11,1.1924023101192267e-18,1.232123733167001e-18,5.038797661273465e-12,5.956033577305966e-12,3.0856272877621727e-12,6.606283241918499e-12,9.040243725790112e-16,1.7351636227817451e-15,1.3121143575596291e-08,2.6160126863385545e-08,1.7538809434391003e-19,5.309086058907977e-19,0.00630757478072507,0.013035386664556054,3.393101340217918e-31,1.0000000000000838e-30,3.6026002293486974e-10,1.1719565283211772e-09,2.0229583026166317e-11,6.423859430083264e-11
1.963,1330.725453906865,5.184153933159386,0.16914942804842412,12.9759084301735,0.49592505553745786,0.07375543690459754,5.602461265163431e-06,4.166072814221853e-07,8.244865837400912e-13,9.73114386186066e-13,1.5024552904064944e-13,3.546597086064457e-13,8.800059582822541e-08,1.1040806179396199e-07,0.19680465290296337,0.26155142465464776,1.1284095428341516e-15,2.74755950690115e-15,1.9784231228052965e-13,4.964372350925144e-13,7.548299138229883e-13,7.810905102538387e-13,2.580412907731281e-06,2.8620689997103256e-06,0.011251240481505498,0.013315989755774122,0.2560380368485459,0.5290601600986161,0.033648148545428136,0.10924212374692056,7.992473119067623e-08,1.7109452887377528e-07,2.7818971927195587e-06,6.1620613529729345e-06,7.984852404517141e-07,1.8874435455770344e-06,1.2098499570489016e-05,2.5038814784002305e-05,2.8774278485185458e-09,6.169037390662656e-09,1.260441183446425e-06,2.796040607525812e-06,1.849656715618282e-11,5.598472215874484e-11,1.1918724501040674e-18,1.231579273568472e-18,5.03660582612268e-12,5.953457501489111e-12,3.0839897597989042e-12,6.602793676349231e-12,9.03422102379729e-16,1.7340119351034895e-15,1.3121113248683346e-08,2.6160131209650957e-08,1.7526795858788668e-19,5.30546263296537e-19,0.00630755915407928,0.013035386664559357,3.39309293400792e-31,1.0000000000000843e-30,3.6002745880452e-10,1.1712028789904724e-09,2.0217459407062018e-11,6.420025506838906e-11
1.964,1330.6793964347994,5.184289978653081,0.16914498925014282,12.981820517811647,0.49592887275348824,0.07375618712586167,5.599772643237695e-06,4.16408381955833e-07,8.23573668470382e-13,9.720393076948171e-13,1.5007676530918968e-13,3.5426221268867227e-13,8.794442173550998e-08,1.1033785720923043e-07,0.1968015898544864,0.2615480011082583,1.1271269095599756e-15,2.744443219970826e-15,1.9768212307477132e-13,4.960365066528036e-13,7.539128055827399e-13,7.801434262472009e-13,2.5788670087948936e-06,2.8603614416125166e-06,0.011249989752281366,0.013314542448984525,0.2560373119931723,0.5290599714923983,0.03364939911543831,0.10924645418538192,7.989905787547941e-08,1.7103999336580137e-07,2.781935251268643e-06,6.162160903432781e-06,7.981718164448835e-07,1.886707348895834e-06,1.2090035603382609e-05,2.502135984222494e-05,2.8750382037979637e-09,6.163929384806591e-09,1.2599549981468237e-06,2.7949690174603163e-06,1.847924843280646e-11,5.5932440898194243e-11,1.1913427637885517e-18,1.2310349871963764e-18,5.034415287819982e-12,5.9508829286130145e-12,3.082353299554919e-12,6.599306360373714e-12,9.028203103395043e-16,1.7328611544758381e-15,1.3121082958460454e-08,2.6160135553380406e-08,1.751479169660473e-19,5.3018420232286685e-19,0.006307543545687705,0.013035386664562653,3.393084537617608e-31,1.0000000000000843e-30,3.5979518776619427e-10,1.1704501759962202e-09,2.0205346876201684e-11,6.416195067093991e-11
1.965,1330.633347227922,5.184426020225635,0.1691405508127464,12.98773276058959,0.4959326871857866,0.07375693672367163,5.5970856243684e-06,4.1620959950847104e-07,8.22661884401457e-13,9.7096555620241e-13,1.4990821530577727e-13,3.538652182958164e-13,8.788829116408031e-08,1.1026770656168823e-07,0.1967985287101247,0.2615445793196147,1.1258459144317388e-15,2.7413308984292314e-15,1.9752208683369543e-13,4.956361586270499e-13,7.529970033165613e-13,7.791976867171161e-13,2.577322494800723e-06,2.8586554029205813e-06,0.011248740484419073,0.013313096826106022,0.25603658631234194,0.529059779650567,0.03365064989758956,0.10925078501827733,7.98733954142761e-08,1.7098548032898213e-07,2.7819732855023072e-06,6.162260382715844e-06,7.978586451410942e-07,1.8859717404579564e-06,1.208158119072359e-05,2.500392451559121e-05,2.8726514446778385e-09,6.1588275224606986e-09,1.2594693252880829e-06,2.7938985507716967e-06,1.8461950000112246e-11,5.5880220632787627e-11,1.190813251170205e-18,1.2304908740590919e-18,5.0322260443302456e-12,5.948309856329374e-12,3.080717905926391e-12,6.5958212917020206e-12,9.0221899590902e-16,1.7317112798680909e-15,1.3121052704877159e-08,2.616013989457791e-08,1.7502796936818854e-19,5.298224226435476e-19,0.006307527955525127,0.013035386664565973,3.393076151033414e-31,1.0000000000000857e-30,3.5956320929022514e-10,1.1696984176335947e-09,2.0193245417175927e-11,6.412368105722485e-11
1.966,1330.5873062730652,5.1845620578964535,0.16913611273556328,12.993645158502883,0.4959364988361372,0.07375768569857648,5.5944002072604395e-06,4.160109339880467e-07,8.217512299118387e-13,9.6989312981808e-13,1.4973987869455884e-13,3.534687246436527e-13,8.783220406890379e-08,1.1019760979628443e-07,0.1967954694693135,0.2615411592890545,1.1245665549140442e-15,2.738222536170227e-15,1.973622033860882e-13,4.952361905939022e-13,7.520825047800715e-13,7.782532893623839e-13,2.5757793638972266e-06,2.85695088161834e-06,0.011247492675890222,0.013311652884816193,0.25603585980926397,0.5290595845818459,0.03365190088952084,0.10925511623834346,7.984774380304426e-08,1.7093098975602995e-07,2.7820112954703957e-06,6.162359790955779e-06,7.97545726339491e-07,1.8852367198068957e-06,1.2073136323056526e-05,2.49865087849287e-05,2.870267567706778e-09,6.1537317963397305e-09,1.2589841645344493e-06,2.7928292067439194e-06,1.84446718267858e-11,5.5828061268871285e-11,1.1902839121131645e-18,1.2299469340271462e-18,5.0300380972512105e-12,5.945738286583996e-12,3.0790835779623417e-12,6.592338468371331e-12,9.016181585834594e-16,1.7305623103349082e-15,1.3121022487879347e-08,2.6160144233240084e-08,1.7490811592833362e-19,5.294609246716171e-19,0.006307512383566306,0.013035386664569257,3.3930677742417587e-31,1.0000000000000833e-30,3.593315230696506e-10,1.1689476029222068e-09,2.0181155015164366e-11,6.408544618102752e-11
1.967,1330.5412735594055,5.1846980916774195,0.1691316750181675,12.999557711547087,0.4959403077092493,0.07375843405155956,5.5917163901407105e-06,4.158123852669521e-07,8.208417032293275e-13,9.688220264730999e-13,1.4957175513893916e-13,3.5307273094617777e-13,8.777616039666285e-08,1.1012756684756967e-07,0.1967924121285524,0.2615377410130109,1.1232888284007083e-15,2.7351181269151063e-15,1.9720247251887367e-13,4.948366020269429e-13,7.511693075968148e-13,7.773102317450636e-13,2.574237614004665e-06,2.8552478754364044e-06,0.011246246324690429,0.01331021062282082,0.2560351324842027,0.5290593862888681,0.033653152091813354,0.10925944784786824,7.982210302934817e-08,1.7087652162164294e-07,2.782049281202493e-06,6.162459128241297e-06,7.972330596047619e-07,1.8845022859318905e-06,1.206470098128261e-05,2.4969112611105968e-05,2.867886567192367e-09,6.148642194353438e-09,1.2584995148505357e-06,2.791760983108862e-06,1.842741387976898e-11,5.57759627075101e-11,1.1897547466666609e-18,1.2294031671623043e-18,5.027851444178328e-12,5.943168216591674e-12,3.0774503144564338e-12,6.588857887871916e-12,9.010177977844546e-16,1.7294142447897181e-15,1.3120992307417151e-08,2.6160148569371754e-08,1.7478835643781523e-19,5.29099707782747e-19,0.00630749682978612,0.01303538666457256,3.3930594072291386e-31,1.0000000000000845e-30,3.591001284656939e-10,1.1681977298021835e-09,2.0169075652984685e-11,6.404724598862885e-11
1.968,1330.4952490748283,5.184834121584656,0.16912723765999482,13.005470419717787,0.4959441138081189,0.07375918178334867,5.589034171217486e-06,4.1561395321618324e-07,8.199333025866936e-13,9.677522441045372e-13,1.4940384429655439e-13,3.52677236403745e-13,8.772016009428557e-08,1.1005757765039893e-07,0.19678935668604652,0.26153432449018105,1.1220127322411189e-15,2.7320176642767733e-15,1.9704289402267043e-13,4.944373924090021e-13,7.502574093932699e-13,7.763685114301805e-13,2.5726972430462283e-06,2.8535463821085284e-06,0.011245001428817637,0.01330877003782823,0.25603440433912666,0.5290591847777829,0.033654403503346024,0.10926377984361184,7.979647308136617e-08,1.7082207590183037e-07,2.782087242738212e-06,6.162558394683264e-06,7.969206445290444e-07,1.8837684378870131e-06,1.2056275147279387e-05,2.4951735957010976e-05,2.865508437659481e-09,6.143558704877068e-09,1.258015375274199e-06,2.790693877760795e-06,1.8410176126100026e-11,5.572392485005726e-11,1.1892257548395258e-18,1.2288595734845602e-18,5.02566608511342e-12,5.940599646411497e-12,3.075818114188493e-12,6.585379547664231e-12,9.004179129296187e-16,1.7282670821381693e-15,1.3120962163438356e-08,2.6160152902972766e-08,1.7466869081143764e-19,5.2873877172634635e-19,0.006307481294159484,0.013035386664575871,3.393051049982052e-31,1.0000000000000861e-30,3.5886902487489087e-10,1.1674487963284662e-09,2.015700731365467e-11,6.400908042694278e-11
1.969,1330.4492328101765,5.184970147624771,0.16912280066079144,13.01138328301057,0.49594791713954084,0.07375992889523593,5.586353548724224e-06,4.154156377085991e-07,8.190260262099037e-13,9.666837806413605e-13,1.492361458395722e-13,3.5228224025098423e-13,8.7664203108066e-08,1.09987642138828e-07,0.1967863031362033,0.26153090971421233,1.1207382638937195e-15,2.7289211421334707e-15,1.9688346767937168e-13,4.940385612009924e-13,7.493468078002544e-13,7.75428125987181e-13,2.571158248940662e-06,2.851846399363434e-06,0.011243757986277006,0.013307331127555087,0.25603367537219834,0.5290589800468702,0.033655655126802735,0.10926811223468677,7.977085394559984e-08,1.7076765256900899e-07,2.7821251800944974e-06,6.162657590342283e-06,7.966084806360615e-07,1.883035174564568e-06,1.2047858800471933e-05,2.493437878045484e-05,2.8631331730944935e-09,6.138481315130978e-09,1.2575317446565509e-06,2.7896278881796416e-06,1.8392958532747036e-11,5.5671947597650245e-11,1.188696936736282e-18,1.2283161531127671e-18,5.0234820146885776e-12,5.938032569755121e-12,3.0741869759619987e-12,6.581903445259198e-12,8.998185034447782e-16,1.7271208213016152e-15,1.3120932055896166e-08,2.6160157234053555e-08,1.745491187265269e-19,5.283781155329359e-19,0.006307465776661359,0.013035386664579157,3.39304270248703e-31,1.000000000000086e-30,3.5863821160574234e-10,1.1667008002695488e-09,2.0144949979756896e-11,6.39709494414989e-11
1.97,1330.4032247542414,5.185106169811016,0.169118364020087,13.017296301421045,0.495951717707641,0.07376067538811656,5.583674520983563e-06,4.1521743862368365e-07,8.181198723655882e-13,9.656166340604727e-13,1.49068659433622e-13,3.5188774170706865e-13,8.760828938649894e-08,1.0991776024967115e-07,0.19678325147609851,0.2615274966822982,1.1194654207814642e-15,2.725828554276847e-15,1.9672419328485812e-13,4.93640107898907e-13,7.484375004826016e-13,7.744890730206483e-13,2.569620629662946e-06,2.8501479249921426e-06,0.011242515995070576,0.013305893889714288,0.25603294558424083,0.5290587720999075,0.03365690696220263,0.10927244502155425,7.974524561121377e-08,1.7071325160129473e-07,2.7821630933046516e-06,6.162756715315188e-06,7.962965675359156e-07,1.8823024950610114e-06,1.2039451923659332e-05,2.4917041046230517e-05,2.8607607682563768e-09,6.133410013991643e-09,1.257048622096475e-06,2.7885630123949058e-06,1.8375761067194328e-11,5.562003085298623e-11,1.1881682923714796e-18,1.227772906072795e-18,5.02129923125643e-12,5.935466984731958e-12,3.072556898623221e-12,6.5784295782592334e-12,8.99219568768088e-16,1.7259754612250283e-15,1.3120901984740272e-08,2.616016156261752e-08,1.744296400964568e-19,5.280177389475584e-19,0.006307450277266745,0.013035386664582458,3.393034364730621e-31,1.0000000000000861e-30,3.5840768808484667e-10,1.1659537397780633e-09,2.013290363465295e-11,6.393285298029885e-11
1.971,1330.3572248936794,5.185242188163556,0.16911392773718573,13.023209474944837,0.4959555155138495,0.07376142126248476,5.580997086921274e-06,4.1501935588576476e-07,8.172148395109818e-13,9.64550802563685e-13,1.489013847501943e-13,3.5149374000498414e-13,8.755241888832748e-08,1.0984793193259793e-07,0.19678020170551516,0.2615240853952296,1.118194200451716e-15,2.7227398948012995e-15,1.96565070685215e-13,4.932420321246998e-13,7.475294852792552e-13,7.735513503152756e-13,2.5680843834768116e-06,2.84845095710587e-06,0.011241275453180015,0.01330445832199453,0.256032214978778,0.5290585609462525,0.03365815900686091,0.10927677819589661,7.971964807739983e-08,1.7065887299826772e-07,2.7822009824212813e-06,6.162855769741577e-06,7.959849051135277e-07,1.8815703991223916e-06,1.203105451102257e-05,2.4899722742686215e-05,2.858391220560284e-09,6.1283447960300495e-09,1.2565660075164817e-06,2.7874992502631236e-06,1.8358583699196583e-11,5.556817452563144e-11,1.1876398215544e-18,1.2272298321783902e-18,5.019117736821434e-12,5.932902893768015e-12,3.0709278813438623e-12,6.574957944963389e-12,8.98621108432565e-16,1.724831001035415e-15,1.312087194991661e-08,2.616016588866057e-08,1.7431025513192803e-19,5.276576426152864e-19,0.006307434795950613,0.013035386664585744,3.3930260366993654e-31,1.0000000000000856e-30,3.58177454129662e-10,1.165207614278123e-09,2.0120868264580147e-11,6.38947910004745e-11
1.972,1330.3112332173077,5.185378202695671,0.16910949181161658,13.02912280357759,0.4959593105622252,0.07376216651922442,5.578321244603323e-06,4.148213893552189e-07,8.163109258429857e-13,9.63486284045463e-13,1.4873432144975592e-13,3.511002343516656e-13,8.749659155813643e-08,1.0977815711950951e-07,0.19677715382158775,0.2615206758502727,1.1169246002547488e-15,2.7196551573210988e-15,1.9640609965871645e-13,4.928443333301391e-13,7.466227597939803e-13,7.726149554123157e-13,2.5665495082467855e-06,2.846755493372923e-06,0.01124003635862399,0.013303024422127984,0.2560314835566764,0.5290583465897625,0.03365941126075089,0.10928111175802417,7.969406132963183e-08,1.706045167301368e-07,2.7822388474763758e-06,6.162954753715264e-06,7.95673492885827e-07,1.880838885624826e-06,1.2022666541387935e-05,2.4882423826390487e-05,2.8560245238349583e-09,6.123285648127607e-09,1.2560838997289338e-06,2.7864365991780434e-06,1.834142639548395e-11,5.551637851599362e-11,1.1871115243566228e-18,1.226686931514305e-18,5.0169375299014955e-12,5.930340295167819e-12,3.0692999228297966e-12,6.571488542673132e-12,8.980231218361187e-16,1.7236874396003791e-15,1.3120841951374811e-08,2.6160170212185478e-08,1.7419096360957623e-19,5.272978258672093e-19,0.0063074193326880775,0.013035386664589038,3.39301771837988e-31,1.0000000000000875e-30,3.5794750903167204e-10,1.1644624214827036e-09,2.0108843851905965e-11,6.385676344686601e-11
1.973,1330.2652497153667,5.185514213416106,0.16910505624305633,13.035036287314957,0.4959631028586032,0.0737629111594827,5.575646992053689e-06,4.146235388892893e-07,8.154081295412519e-13,9.624230763798425e-13,1.4856746919863413e-13,3.5070722396785544e-13,8.744080733939645e-08,1.097084357409053e-07,0.19677410781966742,0.26151726804232056,1.1156566175776291e-15,2.7165743355398927e-15,1.9624727997585084e-13,4.924470109474332e-13,7.45717321620572e-13,7.716798858426339e-13,2.5650160018125353e-06,2.845061531433926e-06,0.011238798709428304,0.01330159218785503,0.2560307513170179,0.5290581290306008,0.03366066372563271,0.10928544571404729,7.966848535180908e-08,1.7055018276373676e-07,2.7822766884909447e-06,6.163053667305677e-06,7.953623303174133e-07,1.8801079533206805e-06,1.201428799158192e-05,2.4865144249771714e-05,2.8536606714591306e-09,6.118232556200518e-09,1.2556022973964835e-06,2.7853750562012086e-06,1.8324289122605708e-11,5.546464272392956e-11,1.186583400907333e-18,1.2261442042247936e-18,5.0147586065103124e-12,5.927779184275608e-12,3.0676730217687196e-12,6.568021368650812e-12,8.974256083723191e-16,1.7225447757791306e-15,1.3120811989067245e-08,2.616017453320019e-08,1.7407176520738816e-19,5.269382877357705e-19,0.006307403887454315,0.013035386664592344,3.393009409758803e-31,1.0000000000000894e-30,3.577178520121309e-10,1.1637181588762494e-09,2.0096830378588352e-11,6.38187702630106e-11
1.974,1330.2192743754676,5.18565022034206,0.1691006210309063,13.040949926152614,0.49596689240555075,0.0737636551839215,5.572974328174054e-06,4.144258044104848e-07,8.145064490584462e-13,9.613611777630455e-13,1.484008276736087e-13,3.503147080989506e-13,8.738506619028856e-08,1.0963876774573937e-07,0.19677106369839203,0.26151386197063614,1.1143902500026254e-15,2.7134974236364848e-15,1.9608861147828304e-13,4.920500645873804e-13,7.448131686025309e-13,7.707461393954403e-13,2.5634838624296547e-06,2.8433690693907872e-06,0.01123756250358777,0.013300161616879417,0.2560300182621605,0.5290579082757049,0.03366191639998272,0.10928978005941595,7.96429201421045e-08,1.7049587109645837e-07,2.782314505510403e-06,6.163152510636356e-06,7.950514172601944e-07,1.8793776018778373e-06,1.200591885453105e-05,2.4847883998578617e-05,2.8512996605714987e-09,6.1131855142260816e-09,1.2551212003465092e-06,2.784314620977906e-06,1.830717185034526e-11,5.541296705908289e-11,1.1860554510533665e-18,1.225601650162346e-18,5.012580967032165e-12,5.925219561601887e-12,3.066047177323204e-12,6.564556421175445e-12,8.96828567572935e-16,1.7214030086961121e-15,1.3120782062941695e-08,2.6160178851703713e-08,1.7395266007503055e-19,5.265790286812389e-19,0.006307388460224428,0.013035386664595618,3.3930011108227447e-31,1.0000000000000889e-30,3.574884828445109e-10,1.162974825739627e-09,2.0084827830662737e-11,6.378081140539264e-11
1.975,1330.1733071876151,5.185786223483098,0.1690961861748169,13.04686372008624,0.4959706792085601,0.07376439859363645,5.5703032510542295e-06,4.142281857809282e-07,8.136058826001033e-13,9.603005860995313e-13,1.4823439654262627e-13,3.499226859694691e-13,8.732936805550208e-08,1.0956915306603409e-07,0.19676802145345682,0.2615104576305674,1.1131254949373714e-15,2.7104244153642312e-15,1.9593009394246165e-13,4.916534936971059e-13,7.439102983611663e-13,7.698137136299448e-13,2.5619530879746744e-06,2.8416781049248495e-06,0.011236327739132424,0.013298732706946294,0.25602928439151645,0.5290576843259168,0.033663169285225926,0.10929411479915174,7.9617365685492e-08,1.7044158169743266e-07,2.7823522985579523e-06,6.163251283781546e-06,7.94740753209172e-07,1.8786478301204523e-06,1.1997559108327767e-05,2.483064302785757e-05,2.8489414848514154e-09,6.1081445087644035e-09,1.254640607331689e-06,2.7832552907692587e-06,1.829007454561225e-11,5.536135142239515e-11,1.1855276749012747e-18,1.225059269447796e-18,5.010404607936537e-12,5.922661423029433e-12,3.0644223882170312e-12,6.561093697586364e-12,8.962319988427606e-16,1.720262137231978e-15,1.3120752172950184e-08,2.6160183167703096e-08,1.7383364792825171e-19,5.262200478503335e-19,0.006307373050973659,0.013035386664598898,3.392992821558382e-31,1.0000000000000878e-30,3.572594007936462e-10,1.162232419698953e-09,2.007283619044878e-11,6.374288681869409e-11
1.976,1330.1273481373214,5.1859222228632795,0.16909175167396584,13.05277766911155,0.49597446326740724,0.07376514138887352,5.567633759595754e-06,4.140306829231011e-07,8.127064286359694e-13,9.592412996055554e-13,1.4806817547406905e-13,3.4953115680493635e-13,8.727371289409246e-08,1.0949959165183424e-07,0.1967649810862887,0.2615070550250811,1.11186234990257e-15,2.7073553047516468e-15,1.9577172721809137e-13,4.912572979075432e-13,7.430087087537809e-13,7.688826063495121e-13,2.560423676721973e-06,2.8399886361586812e-06,0.011235094414061148,0.013297305455763917,0.2560285497102147,0.5290574571938943,0.03366442237706177,0.10929844991968768,7.959182198156067e-08,1.703873145670775e-07,2.7823900676953174e-06,6.1633499869008515e-06,7.944303380718239e-07,1.8779186378476909e-06,1.198920874793369e-05,2.4813421327567224e-05,2.8465861418950786e-09,6.103109534773062e-09,1.2541605183316809e-06,2.7821970655582384e-06,1.8272997178464657e-11,5.53097957243349e-11,1.1850000722260322e-18,1.2245170618593386e-18,5.00822953352594e-12,5.920104773700175e-12,3.062798653606669e-12,6.557633196149213e-12,8.956359017119962e-16,1.7191221605080548e-15,1.3120722319036812e-08,2.6160187481189707e-08,1.7371472907228936e-19,5.258613461742338e-19,0.00630735765967721,0.0130353866646022,3.392984541952384e-31,1.0000000000000896e-30,3.570306057057138e-10,1.161490940271523e-09,2.006085544443111e-11,6.370499646082175e-11
1.977,1330.0813972200413,5.1860582184747654,0.16908731752857112,13.058691773224242,0.495978244594375,0.07376588357173536,5.564965850703945e-06,4.1383329561101286e-07,8.118080850022697e-13,9.581833157495229e-13,1.4790216413213276e-13,3.4914011982095714e-13,8.721810063039196e-08,1.0943008340961098e-07,0.19676194258575513,0.26150365414043975,1.1106008121181799e-15,2.7042900850946412e-15,1.9561351097966694e-13,4.90861476409925e-13,7.421083970763282e-13,7.679528147765134e-13,2.5588956259848984e-06,2.8383006601486838e-06,0.011233862526460492,0.01329587986114363,0.2560278142108327,0.5290572268663342,0.033665675683757876,0.109302785448257,7.956628899468082e-08,1.7033306963040642e-07,2.7824278128984126e-06,6.1634486199635224e-06,7.941201707710482e-07,1.8771900225311994e-06,1.1980867727943256e-05,2.4796218804118417e-05,2.8442336199267228e-09,6.098080567115486e-09,1.2536809303887265e-06,2.7811399388113523e-06,1.825593971151617e-11,5.525829985283261e-11,1.184472643579623e-18,1.2239750279780212e-18,5.006055730995496e-12,5.91754959853348e-12,3.061175971582683e-12,6.554174912847067e-12,8.95040275403032e-16,1.7179830770547245e-15,1.3120692501163322e-08,2.6160191792188906e-08,1.7359590244098949e-19,5.255029204326676e-19,0.006307342286310545,0.013035386664605476,3.392976271991546e-31,1.0000000000000892e-30,3.5680209603724765e-10,1.1607503824537519e-09,2.0048885569156165e-11,6.36671402581182e-11
1.978,1330.0354544165098,5.186194210356952,0.16908288373731076,13.064606032420066,0.4959820231833224,0.07376662514158971,5.562299525224405e-06,4.13636023911711e-07,8.109108507653572e-13,9.571266334517745e-13,1.4773636221280902e-13,3.4874957430819646e-13,8.716253125562785e-08,1.0936062832977168e-07,0.1967589059592436,0.261500254987538,1.1093408795686793e-15,2.7012287515507283e-15,1.9545544523049187e-13,4.904660292205942e-13,7.412093617338401e-13,7.670243372810158e-13,2.5573689349511655e-06,2.836614176030412e-06,0.011232632074261431,0.013294455920713495,0.2560270779044437,0.5290569933681902,0.033666929195054034,0.10930712135194616,7.954076675536612e-08,1.7027884695404106e-07,2.7824655342749166e-06,6.163547183231115e-06,7.938102520452244e-07,1.876461985934266e-06,1.1972536077949086e-05,2.4779035519142682e-05,2.8418839246345927e-09,6.093057618098307e-09,1.2532018459888559e-06,2.780083916071618e-06,1.8238902121886866e-11,5.52068637397287e-11,1.1839453881475452e-18,1.22343316697291e-18,5.003883212472119e-12,5.9149959119203195e-12,3.059554342355995e-12,6.5507188482031544e-12,8.944451197532481e-16,1.7168448865828843e-15,1.3120662719265672e-08,2.616019610067644e-08,1.7347716931696712e-19,5.251447745154804e-19,0.006307326930848719,0.013035386664608753,3.3929680116624508e-31,1.0000000000000896e-30,3.5657387282095727e-10,1.1600107496229085e-09,2.0036926559930553e-11,6.362931819650347e-11
1.979,1329.9895197226024,5.186330198500833,0.16907845030044083,13.07052044669476,0.49598579904677526,0.07376736610057272,5.559634778649449e-06,4.1343886749410036e-07,8.10014723354973e-13,9.560712497007857e-13,1.4757076934836997e-13,3.483595194068425e-13,8.710700467205392e-08,1.0929122629107686e-07,0.19675587119534443,0.2614968575522601,1.1080825490504294e-15,2.6981712963839176e-15,1.9529752954535617e-13,4.90070955280536e-13,7.403115996475429e-13,7.66097170697464e-13,2.5558436002992313e-06,2.834929180155799e-06,0.011231403055607327,0.013293033632351457,0.2560263407833346,0.5290567566855398,0.03366818291951138,0.10931145765893747,7.9515255207552e-08,1.7022464641923908e-07,2.7825032317911436e-06,6.16364567665139e-06,7.935005802937449e-07,1.8757345242909048e-06,1.1964213730344772e-05,2.476187133309982e-05,2.8395370390339e-09,6.08804065141587e-09,1.2527232605722614e-06,2.7790289872513594e-06,1.822188436749317e-11,5.515548725872799e-11,1.1834183068058524e-18,1.2228914797598645e-18,5.001711965154307e-12,5.912443698783621e-12,3.057933763242216e-12,6.547264996540838e-12,8.9385043375981e-16,1.715707587190457e-15,1.3120632973306123e-08,2.6160200406677735e-08,1.7335852816957333e-19,5.247869037962415e-19,0.006307311593267423,0.013035386664611978,3.3929597609520335e-31,1.0000000000000892e-30,3.5634593375699885e-10,1.1592720343146105e-09,2.002497838755781e-11,6.359153018407722e-11
1.98,1329.9435931208163,5.1864661829402126,0.169074017216822,13.076435016044098,0.49598957218086126,0.07376810644838847,5.556971612239412e-06,4.13241826456052e-07,8.091197019523584e-13,9.550171635523752e-13,1.4740538525391877e-13,3.479699544526269e-13,8.705152087682596e-08,1.0922187729136568e-07,0.196752838299175,0.2614934618424795,1.1068258187425252e-15,2.6951177152252308e-15,1.9513976395059096e-13,4.896762546638377e-13,7.394151093389037e-13,7.651713135162878e-13,2.554319621398916e-06,2.833245671862206e-06,0.01123017546842502,0.013291612993680342,0.2560256028562998,0.5290565168386201,0.03366943684914847,0.1093157943437143,7.948975438645468e-08,1.7017046810268416e-07,2.782540905543361e-06,6.1637441004605465e-06,7.931911563603403e-07,1.8750076396133663e-06,1.1955900719461029e-05,2.474472631742581e-05,2.8371929699506947e-09,6.083029681813731e-09,1.2522451769606732e-06,2.777975158638192e-06,1.8204886426849416e-11,5.5104170345884945e-11,1.1828913987087685e-18,1.2223499654755883e-18,4.999541997862445e-12,5.909892969605603e-12,3.056314234686672e-12,6.543813358884912e-12,8.93256217329767e-16,1.7145711787219591e-15,1.31206032632241e-08,2.616020471017508e-08,1.732399802351262e-19,5.244293120246316e-19,0.006307296273541838,0.013035386664615237,3.39295151984692e-31,1.0000000000000885e-30,3.561182800368651e-10,1.1585342404225987e-09,2.001304104874e-11,6.355377621118674e-11
1.981,1329.8976746048556,5.186602163673058,0.16906958448648318,13.082349740463853,0.49599334259539113,0.07376884618677006,5.554310022389851e-06,4.1304490053363027e-07,8.082257842674709e-13,9.539643723256508e-13,1.4724020957533513e-13,3.475808786178194e-13,8.69960797871933e-08,1.0915258122820882e-07,0.19674980726206096,0.2614900678477181,1.1055706856626974e-15,2.6920680008773825e-15,1.949821480925093e-13,4.892819264909293e-13,7.385198879886957e-13,7.64246762840404e-13,2.5527969953556977e-06,2.8315636479750934e-06,0.011228949310830044,0.013290194002545138,0.2560248641183428,0.5290562738191265,0.033670690989797705,0.10932013142560071,7.946426425032573e-08,1.7011631191628017e-07,2.7825785555187967e-06,6.16384245465273e-06,7.928819790292383e-07,1.8742813290453147e-06,1.1947596993751208e-05,2.4727600365816732e-05,2.8348517041577267e-09,6.078024681041894e-09,1.2517675917545565e-06,2.7769224227182677e-06,1.8187908261215435e-11,5.5052912885019395e-11,1.1823646644599627e-18,1.2218086247544635e-18,4.997373301377691e-12,5.907343713544033e-12,3.054695754495408e-12,6.540363930608617e-12,8.926624696036865e-16,1.7134356595504933e-15,1.3120573588978184e-08,2.6160209011186772e-08,1.731215244415307e-19,5.240719959623059e-19,0.006307280971647609,0.013035386664618499,3.392943288334017e-31,1.0000000000000873e-30,3.558909099109238e-10,1.1577973622723535e-09,2.00011145183987e-11,6.351605619900616e-11
1.982,1329.8517641624653,5.186738140716483,0.16906515210882928,13.088264619949816,0.4959971102928393,0.07376958531636166,5.551650007992647e-06,4.128480896485437e-07,8.073329687703785e-13,9.529128742368593e-13,1.4707524199387647e-13,3.4719229115819214e-13,8.694068136156073e-08,1.0908333805081457e-07,0.19674677808271476,0.2614866755673228,1.1043171474232838e-15,2.689022147590861e-15,1.9482468181353426e-13,4.888879703743475e-13,7.376259334728613e-13,7.633235164920753e-13,2.5512757204427243e-06,2.829883106615104e-06,0.011227724580846046,0.013288776656682391,0.25602412457184515,0.5290560276340168,0.03367194533990096,0.10932446889992907,7.943878479704306e-08,1.7006217785676587e-07,2.782616181762449e-06,6.163940739350251e-06,7.925730481472207e-07,1.8735555922421834e-06,1.1939302545955923e-05,2.4710493463628113e-05,2.8325132387707816e-09,6.073025643025994e-09,1.2512905047622003e-06,2.7758707790939702e-06,1.817094984081043e-11,5.500171478706908e-11,1.1818381039120565e-18,1.2212674574547982e-18,4.995205876162824e-12,5.904795931201266e-12,3.0530783218288125e-12,6.5369167099850245e-12,8.920691901158985e-16,1.712301028804982e-15,1.3120543950516862e-08,2.6160213309711793e-08,1.7300316095254118e-19,5.23714956112055e-19,0.006307265687560212,0.013035386664621769,3.392935066400139e-31,1.0000000000000885e-30,3.556638231466758e-10,1.157061399124913e-09,1.998919878271045e-11,6.347837010445115e-11
1.983,1329.8058617815173,5.186874114087221,0.16906072008327766,13.094179654497802,0.496000875275807,0.07377032383782593,5.548991567960164e-06,4.126513937240155e-07,8.064412539386577e-13,9.5186266751105e-13,1.4691048219234012e-13,3.468041913331292e-13,8.688532555866075e-08,1.0901414770879926e-07,0.19674375075972325,0.261483285000472,1.103065201650428e-15,2.685980149649588e-15,1.9466736495726646e-13,4.884943859295655e-13,7.367332436765621e-13,7.624015723030436e-13,2.54975579494408e-06,2.8282040459149286e-06,0.011226501276499644,0.013287360953832034,0.2560233842190553,0.5290557782899709,0.033673199898031095,0.10932880676245653,7.941331602468247e-08,1.7000806592130145e-07,2.7826537843185125e-06,6.164038954673607e-06,7.922643635656342e-07,1.8728304288701626e-06,1.1931017369014816e-05,2.4693405596626532e-05,2.830177570955511e-09,6.068032561798307e-09,1.2508139158058237e-06,2.7748202273985297e-06,1.815401113597027e-11,5.495057596332189e-11,1.181311716917416e-18,1.2207264634346174e-18,4.993039722498265e-12,5.902249622964001e-12,3.0514619358589786e-12,6.533471695312125e-12,8.914763784046778e-16,1.7111672856218676e-15,1.3120514347788905e-08,2.6160217605749534e-08,1.7288488988197733e-19,5.233581928254992e-19,0.006307250421255142,0.013035386664625028,3.392926854032097e-31,1.0000000000000882e-30,3.5543701951827547e-10,1.1563263502629193e-09,1.997729382793365e-11,6.344071788469543e-11
1.984,1329.7599674509652,5.187010083798602,0.16905628840935683,13.100094844103637,0.49600463754813506,0.07377106175200841,5.546334700395671e-06,4.124548126230867e-07,8.055506380123249e-13,9.508137500927971e-13,1.4674592983899015e-13,3.4641657836767784e-13,8.683001232426893e-08,1.0894501013551759e-07,0.1967407252904127,0.26147989614466344,1.1018148457551743e-15,2.682942000813489e-15,1.9451019730718247e-13,4.881011726211555e-13,7.358418162680942e-13,7.614809278805553e-13,2.5482372167748644e-06,2.82652646359785e-06,0.011225279395850614,0.013285946891772893,0.25602264306095507,0.5290555257910403,0.03367445466402894,0.10933314501305476,7.938785791904236e-08,1.699539760807589e-07,2.7826913632190243e-06,6.16413710071624e-06,7.919559248138156e-07,1.8721058378341792e-06,1.1922741442350906e-05,2.467633672260215e-05,2.827844694716467e-09,6.063045424613188e-09,1.250337823729147e-06,2.773770765094367e-06,1.8137092114272155e-11,5.489949631671166e-11,1.1807855035427104e-18,1.220185642773362e-18,4.990874839114529e-12,5.899704787386609e-12,3.0498465953171605e-12,6.5300288839437865e-12,8.90884033880374e-16,1.710034428891968e-15,1.312048478074487e-08,2.616022189930241e-08,1.7276671103475484e-19,5.230017055191223e-19,0.006307235172708044,0.013035386664628284,3.3929186512167915e-31,1.0000000000000877e-30,3.552104983380542e-10,1.1555922134665275e-09,1.99653996368772e-11,6.34030994859555e-11
1.985,1329.714081161187,5.187146049859419,0.1690518570867431,13.106010188763157,0.4960083971154779,0.07377179906002383,5.5436794034013775e-06,4.122583462087093e-07,8.046611192258244e-13,9.49766119920034e-13,1.4658158460892808e-13,3.4602945150300184e-13,8.677474160368154e-08,1.0887592526371937e-07,0.19673770167029264,0.26147650899497776,1.1005660771982932e-15,2.679907694963383e-15,1.9435317864184775e-13,4.877083299013444e-13,7.349516489166376e-13,7.605615808327063e-13,2.5467199838434626e-06,2.8248503573796055e-06,0.011224058936964555,0.013284534468290504,0.256021901096704,0.5290552701375069,0.033675709639558946,0.10933748365751542,7.936241046491971e-08,1.698999083038634e-07,2.7827289184852103e-06,6.164235177547601e-06,7.916477313835125e-07,1.8713818179502568e-06,1.1914474744020071e-05,2.4659286796514386e-05,2.8255146037575063e-09,6.058064218079937e-09,1.2498622272713711e-06,2.772722389411949e-06,1.812019274324568e-11,5.484847575002496e-11,1.1802594639031838e-18,1.2196449956006483e-18,4.988711222187313e-12,5.897161420003285e-12,3.048232298938779e-12,6.526588273242627e-12,8.902921559553316e-16,1.7089024575098728e-15,1.312045524933801e-08,2.616022619037799e-08,1.7264862411042552e-19,5.226454932904287e-19,0.0063072199418946,0.013035386664631532,3.392910457941142e-31,1.0000000000000868e-30,3.549842588696504e-10,1.154858986357423e-09,1.995351619210151e-11,6.336551485365646e-11
1.986,1329.6682028990622,5.187282012289699,0.1690474261147469,13.111925688472223,0.49601215397907966,0.07377253576233209,5.541025675977596e-06,4.1206199441062334e-07,8.03772696095386e-13,9.487197752632497e-13,1.4641744618423965e-13,3.4564280999673587e-13,8.671951335751171e-08,1.0880689304537148e-07,0.19673467989930207,0.26147312355238667,1.099318893612074e-15,2.67687722639761e-15,1.941963088152306e-13,4.873158574115647e-13,7.340627395464863e-13,7.596435290315488e-13,2.5452040944883463e-06,2.823175725452961e-06,0.011222839897873984,0.01328312368113138,0.25602115832988354,0.529055011338798,0.03367696482185383,0.10934182268724313,7.933697366229691e-08,1.6984586259185043e-07,2.782766450169538e-06,6.164333185306438e-06,7.913397831846441e-07,1.8706583690229351e-06,1.1906217269302638e-05,2.4642255808971386e-05,2.8231872957890456e-09,6.053088937397945e-09,1.2493871264249579e-06,2.7716751003619926e-06,1.8103312993771702e-11,5.479751417619051e-11,1.1797335977978682e-18,1.2191045217193368e-18,4.986548873860995e-12,5.894619523403806e-12,3.046619045942245e-12,6.523149861605385e-12,8.897007441821752e-16,1.7077713706394184e-15,1.3120425753515392e-08,2.6160230478971904e-08,1.7253062934934885e-19,5.222895568740599e-19,0.006307204728790416,0.013035386664634793,3.392902274192033e-31,1.0000000000000894e-30,3.547583009686508e-10,1.1541266684830309e-09,1.994164348048318e-11,6.33279639469295e-11
1.987,1329.6223326575114,5.187417971090148,0.16904299549330834,13.117841343226694,0.4960159081476949,0.073773271860507,5.538373515577843e-06,4.1186575704351723e-07,8.028853666594997e-13,9.476747138289459e-13,1.4625351423638316e-13,3.4525665308139083e-13,8.666432752014838e-08,1.087379133995302e-07,0.19673165996982994,0.26146973980781607,1.0980732923432655e-15,2.673850588718927e-15,1.940395875521307e-13,4.869237544690757e-13,7.331750856548898e-13,7.587267699071188e-13,2.5436895463152037e-06,2.8215025651976775e-06,0.011221622276677551,0.01328171452811967,0.256020414756523,0.5290547493887126,0.03367822021570996,0.1093461621181954,7.931154748497906e-08,1.6979183888990603e-07,2.7828039582707808e-06,6.1644311240123e-06,7.910320794072624e-07,1.869935489154945e-06,1.1897968983841068e-05,2.4625243689238045e-05,2.820862761635722e-09,6.048119563002552e-09,1.2489125190230042e-06,2.7706288931646563e-06,1.8086452831124467e-11,5.474661149116117e-11,1.179207905570411e-18,1.2185642214950132e-18,4.9843877861065475e-12,5.892079088151607e-12,3.0450068347152253e-12,6.519713645649692e-12,8.891097978734787e-16,1.7066411669835553e-15,1.312039629323478e-08,2.616023476510001e-08,1.7241272606586144e-19,5.219338942013428e-19,0.006307189533371337,0.013035386664638032,3.392894099956459e-31,1.0000000000000892e-30,3.5453262347218813e-10,1.1533952560773759e-09,1.992978148153748e-11,6.32904467015244e-11
1.988,1329.5764704219914,5.187553926285459,0.1690385652215859,13.12375715302246,0.49601965962075545,0.07377400735473824,5.535722921654514e-06,4.1166963407073427e-07,8.019991295778271e-13,9.46630934056788e-13,1.46089788453252e-13,3.448709800282653e-13,8.660918405985588e-08,1.086689862877563e-07,0.19672864188363495,0.2614663577646533,1.0968292711271032e-15,2.6708277764759908e-15,1.9388301474354058e-13,4.865320208081805e-13,7.322886852998741e-13,7.578113014697381e-13,2.542176337880648e-06,2.819830875048319e-06,0.011220406071396648,0.013280307006988444,0.25601967038200907,0.5290544843004034,0.033679475816550654,0.10935050193590114,7.928613194033906e-08,1.6973783721508308e-07,2.7828414428545305e-06,6.164528993832955e-06,7.907246201631162e-07,1.8692131786278604e-06,1.1889729891271804e-05,2.460825044521518e-05,2.818541000958012e-09,6.043156094273612e-09,1.2484384056644942e-06,2.76958376917606e-06,1.806961222792944e-11,5.469576761314059e-11,1.1786823868721903e-18,1.2180240945779214e-18,4.982227963482621e-12,5.8895401196901754e-12,3.0433956647208277e-12,6.516279624295923e-12,8.885193166535312e-16,1.7055118458435793e-15,1.312036686844099e-08,2.61602390487532e-08,1.7229491476531433e-19,5.215785068090814e-19,0.006307174355613047,0.013035386664641305,3.392885935221334e-31,1.0000000000000896e-30,3.5430722652273005e-10,1.1526647496210924e-09,1.991793018428216e-11,6.325296308336811e-11
1.989,1329.5306161821914,5.187689877886797,0.16903413529917907,13.129673117855422,0.4960234084028871,0.07377474224598582,5.533073892329654e-06,4.1147362535666756e-07,8.011139831051266e-13,9.45588433908436e-13,1.4592626850937302e-13,3.444857900770723e-13,8.65540829227139e-08,1.0860011164376971e-07,0.19672562563724755,0.2614629774193292,1.0955868274224282e-15,2.6678087835441778e-15,1.9372659017290664e-13,4.86140655893274e-13,7.314035361752348e-13,7.568971213527246e-13,2.540664467117541e-06,2.8181606527474193e-06,0.011219191280108818,0.013278901115536767,0.256018925206496,0.5290542160761948,0.033680731625038214,0.10935484214289583,7.926072701389649e-08,1.696838575376438e-07,2.7828789039477497e-06,6.164626794850419e-06,7.904174049701958e-07,1.8684914363195777e-06,1.1881499970663817e-05,2.4591276033954807e-05,2.8162220076998995e-09,6.038198518334009e-09,1.247964785160685e-06,2.7685397257862463e-06,1.8052791152070545e-11,5.464498244597579e-11,1.1781570417901547e-18,1.2174841410683632e-18,4.9800694035828624e-12,5.887002615229395e-12,3.0417855347045334e-12,6.512847794927628e-12,8.879292999390452e-16,1.7043834061222533e-15,1.3120337479086137e-08,2.616024332993611e-08,1.721771951770775e-19,5.212233938849794e-19,0.0063071591954913615,0.01303538666464455,3.392877779973659e-31,1.0000000000000884e-30,3.5408210941970847e-10,1.1519351468521114e-09,1.9906089571590786e-11,6.321551303887212e-11
1.99,1329.4847699261677,5.187825825910609,0.16902970572551526,13.135589237721499,0.49602715449664014,0.0737754765349011,5.530426426068744e-06,4.1127773079124364e-07,8.002299256069169e-13,9.445472114762293e-13,1.4576295408098526e-13,3.4410108247154567e-13,8.649902406078239e-08,1.0853128940879132e-07,0.19672261122928264,0.2614595987710448,1.0943459587465366e-15,2.664793603941038e-15,1.9357031365363135e-13,4.857496592639071e-13,7.305196360755365e-13,7.5598422729362e-13,2.5391539321267906e-06,2.81649189622384e-06,0.011217977900880928,0.013277496851550998,0.256018179232214,0.5290539447227015,0.03368198763975395,0.10935918273495851,7.923533269716666e-08,1.696298998406851e-07,2.782916341591623e-06,6.164724527178223e-06,7.901104335141221e-07,1.8677702615042312e-06,1.1873279207958314e-05,2.457432042673153e-05,2.8139057774021434e-09,6.033246825729952e-09,1.2474916568235506e-06,2.7674967614960146e-06,1.8035989572768754e-11,5.4594255897558325e-11,1.1776318702803758e-18,1.2169443609313847e-18,4.9779121068246926e-12,5.884466575317088e-12,3.0401764435958676e-12,6.509418155322307e-12,8.873397472003411e-16,1.7032558468251995e-15,1.3120308125119599e-08,2.6160247608647968e-08,1.7205956728965398e-19,5.208685554011859e-19,0.006307144052982156,0.01303538666464784,3.3928696342004582e-31,1.0000000000000917e-30,3.53857271699167e-10,1.1512064462780863e-09,1.9894259628056715e-11,6.31780965199079e-11
1.991,1329.4389316468055,5.187961770357842,0.16902527650052715,13.141505512616614,0.49603089791064225,0.07377621022303767,5.527780520508585e-06,4.1108195020274785e-07,7.993469551858283e-13,9.43507264542129e-13,1.4559984484591984e-13,3.4371685645914803e-13,8.644400741153173e-08,1.0846251950573121e-07,0.19671959865224867,0.261456221810879,1.0931066625171427e-15,2.6617822314414055e-15,1.9341418492446923e-13,4.853590302722785e-13,7.296369825656336e-13,7.550726167921725e-13,2.5376447306083e-06,2.814824602961505e-06,0.011216765931819117,0.013276094212863595,0.25601743245528835,0.5290536702339101,0.033683243865391635,0.10936352372771176,7.920994896654805e-08,1.695759640749356e-07,2.782953755786329e-06,6.1648221908389125e-06,7.898037050530775e-07,1.8670496524454425e-06,1.1865067571716925e-05,2.455738355884764e-05,2.811592301587096e-09,6.028300998391423e-09,1.2470190186922553e-06,2.76645487198238e-06,1.8019207456158152e-11,5.454358786643189e-11,1.1771068726444829e-18,1.216404754489086e-18,4.9757560652934616e-12,5.8819319906513846e-12,3.038568389884637e-12,6.505990702315697e-12,8.867506577813359e-16,1.702129166715324e-15,1.3120278806499245e-08,2.6160251884904285e-08,1.719420304806032e-19,5.205139894803394e-19,0.006307128928061396,0.013035386664651115,3.392861497888795e-31,1.0000000000000926e-30,3.5363271229787644e-10,1.1504786444569793e-09,1.988244033404625e-11,6.314071346491994e-11
1.992,1329.393101329078,5.1880977112549065,0.16902084762331765,13.147421942536718,0.49603463864360714,0.07377694331047674,5.525136175474094e-06,4.108862835821939e-07,7.984650706211779e-13,9.424685916867934e-13,1.4543694050098734e-13,3.433331113321364e-13,8.638903294941378e-08,1.0839380190390137e-07,0.19671658790862348,0.2614528465431684,1.091868936583532e-15,2.658774660870925e-15,1.9325820390495786e-13,4.849687687242464e-13,7.287555738213452e-13,7.541622879803585e-13,2.536136861300624e-06,2.813158771596448e-06,0.011215555370944942,0.013274693197207239,0.2560166848817974,0.5290533926243909,0.033684500296675565,0.10936786510441235,7.91845758350411e-08,1.695220502694867e-07,2.782991146603345e-06,6.164919786013166e-06,7.894972198483329e-07,1.8663296097781022e-06,1.185686507182533e-05,2.4540465451134445e-05,2.8092815813834447e-09,6.023361038845113e-09,1.2465468718178733e-06,2.7654140596041663e-06,1.8002444776385695e-11,5.449297827539383e-11,1.1765820484351992e-18,1.2158653212896857e-18,4.973601284434227e-12,5.879398867723233e-12,3.036961373238293e-12,6.502565435265117e-12,8.861620313672691e-16,1.7010033652107154e-15,1.31202495231693e-08,2.616025615869417e-08,1.7182458540150479e-19,5.201596981018709e-19,0.006307113820704869,0.013035386664654343,3.392853371025661e-31,1.0000000000000936e-30,3.534084315721866e-10,1.1497517425650767e-09,1.9870631680270238e-11,6.310336384520416e-11
1.993,1329.347278965161,5.18823364860515,0.1690164190937413,13.153338527477768,0.4960383767031113,0.07377767579861415,5.522493388060397e-06,4.106907307175641e-07,7.97584269869054e-13,9.414311905190827e-13,1.4527424070869147e-13,3.42949846301741e-13,8.633410060382161e-08,1.0832513651606995e-07,0.1967135789919545,0.2614494729603675,1.0906327781791501e-15,2.655770885555338e-15,1.9310237029917356e-13,4.84578873884944e-13,7.278754072724897e-13,7.532532382180534e-13,2.534630321669154e-06,2.8114943993522685e-06,0.011214346216388858,0.013273293802442762,0.25601593650889204,0.5290531118902391,0.0336857569372718,0.10937220687734406,7.915921327176919e-08,1.6946815835948603e-07,2.7830285140458607e-06,6.165017312730085e-06,7.89190976979664e-07,1.8656101313439923e-06,1.1848671669180673e-05,2.4523566023028556e-05,2.806973606512143e-09,6.018426925157962e-09,1.246075213685771e-06,2.7643743188096504e-06,1.7985701497924647e-11,5.4442427017954246e-11,1.1760573980489944e-18,1.2153260617532448e-18,4.9714477579293425e-12,5.87686719911831e-12,3.0353553918473704e-12,6.499142350365167e-12,8.855738672154709e-16,1.6998784409079584e-15,1.3120220275086392e-08,2.6160260430030138e-08,1.7170723131067774e-19,5.198056790274064e-19,0.0063070987308887294,0.013035386664657601,3.3928452535982065e-31,1.0000000000000947e-30,3.531844281990518e-10,1.1490257363149651e-09,1.985883364508968e-11,6.306604759283233e-11
1.994,1329.3014645423345,5.188369582427647,0.16901199091114036,13.159255267435737,0.49604211209066645,0.07377840768794568,5.519852157435421e-06,4.1049529155099313e-07,7.967045515118638e-13,9.403950593871015e-13,1.451117451609583e-13,3.4256706064863806e-13,8.627921033825256e-08,1.0825652329779675e-07,0.19671057190189972,0.26144610106305893,1.0893981850292828e-15,2.6527709000179534e-15,1.9294668397318114e-13,4.841893454259993e-13,7.269964809214301e-13,7.523454654576e-13,2.533125110147425e-06,2.809831484526462e-06,0.011213138466205757,0.013271896026341849,0.256015187339821,0.5290528280401658,0.0336870137847355,0.10937654903895258,7.913386127877052e-08,1.6941428835054993e-07,2.783065858164699e-06,6.1651147711244604e-06,7.888849764095961e-07,1.8648912170716894e-06,1.1840487361354175e-05,2.450668526987156e-05,2.8046683752438974e-09,6.013498653728246e-09,1.2456040444481144e-06,2.7633356499633114e-06,1.7968977592655688e-11,5.4391934010044045e-11,1.175532921260774e-18,1.2147869756575307e-18,4.969295487451409e-12,5.874336986867806e-12,3.0337504450262926e-12,6.495721446216919e-12,8.849861649097569e-16,1.6987543930303362e-15,1.3120191062198776e-08,2.6160264698908728e-08,1.715899684764111e-19,5.194519330760227e-19,0.006307083658588887,0.013035386664660809,3.3928371455934884e-31,1.0000000000000936e-30,3.529607021120128e-10,1.1483006255072936e-09,1.9847046216181048e-11,6.302876466945947e-11
1.995,1329.255658049748,5.188505512735518,0.16900756307505113,13.165172162406622,0.4960458448101119,0.07377913897931193,5.517212482161473e-06,4.102999659795639e-07,7.958259139496305e-13,9.393601964236055e-13,1.4494945354374435e-13,3.4218475363938404e-13,8.622436210613422e-08,1.0818796219200233e-07,0.19670756663577416,0.2614427308487063,1.0881651547344946e-15,2.6497746984781607e-15,1.9279114474437587e-13,4.838001828968826e-13,7.261187926075485e-13,7.514389674826082e-13,2.53162122488676e-06,2.808170025103365e-06,0.011211932118477718,0.013270499866708049,0.2560144373754845,0.5290525410780191,0.03368827083897261,0.10938089158931423,7.9108519848157e-08,1.693604402270396e-07,2.783103178993449e-06,6.165212161292793e-06,7.885792178314649e-07,1.8641728662533576e-06,1.183231213479188e-05,2.4489823163977745e-05,2.802365883263541e-09,6.008576215409523e-09,1.245133363446168e-06,2.7622980516305826e-06,1.7952273030333434e-11,5.4341499161155026e-11,1.175008618041976e-18,1.2142480629833699e-18,4.967144471552677e-12,5.871808229314096e-12,3.0321465317629513e-12,6.492302720722062e-12,8.843989239396257e-16,1.6976312206200156e-15,1.31201618844581e-08,2.6160268965332745e-08,1.714727968174338e-19,5.190984600085634e-19,0.006307068603781432,0.013035386664664014,3.392829046998633e-31,1.000000000000091e-30,3.5273725286292604e-10,1.1475764087009122e-09,1.9835269378445327e-11,6.299151502792379e-11
1.996,1329.2098594770919,5.188641439540218,0.16900313558506427,13.171089212386423,0.49604957486579804,0.07377986967362844,5.514574360019993e-06,4.1010475384227647e-07,7.94948355358094e-13,9.383265994965458e-13,1.447873655268131e-13,3.41802924502282e-13,8.61695558486194e-08,1.0811945312620163e-07,0.19670456319036372,0.2614393623140659,1.0869336846729269e-15,2.646782274613526e-15,1.926357523743012e-13,4.834113857068823e-13,7.252423399642483e-13,7.505337418634587e-13,2.530118663686011e-06,2.806510018676229e-06,0.011210727171318054,0.0132691053213816,0.2560136866162476,0.5290522510065327,0.03368952810042505,0.10938523453024379,7.908318896051194e-08,1.6930661394863105e-07,2.783140476557941e-06,6.165309483314301e-06,7.882737006403729e-07,1.8634550774760923e-06,1.182414596339443e-05,2.4472979651694377e-05,2.8000661233224788e-09,6.0036595947653995e-09,1.244663169110341e-06,2.7612615203560904e-06,1.793558777810569e-11,5.4291122372884705e-11,1.1744844885535212e-18,1.2137093239073708e-18,4.964994708249524e-12,5.869280924165916e-12,3.0305436506181384e-12,6.488886170867585e-12,8.838121436708904e-16,1.6965089224816783e-15,1.3120132741816751e-08,2.616027322930606e-08,1.7135571601672911e-19,5.187452588721794e-19,0.006307053566442543,0.013035386664667244,3.3928209578008277e-31,1.0000000000000898e-30,3.525140795755797e-10,1.146853083061956e-09,1.982350311355999e-11,6.295429861082385e-11
1.997,1329.1640688147722,5.188777362850827,0.1689987084408479,13.177006417371159,0.4960533022631752,0.07378059977197526,5.5119377899526345e-06,4.0990965506441184e-07,7.940718742445051e-13,9.372942668651322e-13,1.4462548081182988e-13,3.414215725409301e-13,8.611479152469552e-08,1.0805099605028609e-07,0.19670156156137317,0.26143599545446033,1.0857037726100674e-15,2.6437936230447053e-15,1.9248050670277313e-13,4.830229534616977e-13,7.243671209382838e-13,7.496297864947628e-13,2.528617424865326e-06,2.8048514634165092e-06,0.011209523622804309,0.013267712388160512,0.2560129350613904,0.529051957826205,0.0336907855706145,0.10938957786706362,7.905786861249534e-08,1.6925280950941904e-07,2.7831777508840083e-06,6.165406737268298e-06,7.879684246355989e-07,1.8627378502824409e-06,1.1815988838295391e-05,2.4456154715035845e-05,2.7977690922253795e-09,5.998748785049917e-09,1.244193461115258e-06,2.7602260554447055e-06,1.7918921807032075e-11,5.424080355866973e-11,1.1739605327256912e-18,1.213170758367804e-18,4.962846193740044e-12,5.866755066982531e-12,3.028941800792928e-12,6.485471795011398e-12,8.832258236562576e-16,1.6953874977787335e-15,1.3120103634228816e-08,2.6160277490836283e-08,1.7123872601625955e-19,5.1839232949801865e-19,0.006307038546548315,0.013035386664670528,3.3928128779872207e-31,1.0000000000000934e-30,3.5229118195966394e-10,1.1461306476626716e-09,1.9811747407773386e-11,6.291711537527333e-11
1.998,1329.1182860479194,5.18891328269359,0.16899428164151112,13.182923777356873,0.49605702700081467,0.0737813292744082,5.509302770785251e-06,4.097146695626272e-07,7.931964691144395e-13,9.362631967865286e-13,1.444637990749731e-13,3.410406969987327e-13,8.606006909349529e-08,1.0798259091432524e-07,0.19669856175138903,0.26143263027435437,1.0844754161102163e-15,2.640808737902241e-15,1.9232540758051032e-13,4.826348857943646e-13,7.234931334617056e-13,7.487270992558481e-13,2.5271175067278432e-06,2.8031943574766854e-06,0.011208321471013418,0.013266321064841784,0.2560121827170633,0.529051661551724,0.03369204324419052,0.10939392158278123,7.903255880268449e-08,1.6919902690759918e-07,2.783215002037723e-06,6.165503923323135e-06,7.876633897118922e-07,1.862021184440587e-06,1.1807840753860113e-05,2.4439348342704383e-05,2.795474787472861e-09,5.99384378100899e-09,1.243724239386595e-06,2.759191656758169e-06,1.7902275088216214e-11,5.4190542632076525e-11,1.1734367503356677e-18,1.2126323661446964e-18,4.96069893385772e-12,5.864230664713371e-12,3.0273409814081533e-12,6.482059591339392e-12,8.826399634240348e-16,1.6942669456276899e-15,1.3120074561638832e-08,2.6160281749911545e-08,1.7112182716541405e-19,5.180396729506179e-19,0.006307023544074888,0.013035386664673765,3.3928048075449706e-31,1.0000000000000936e-30,3.5206855984310876e-10,1.145409101959932e-09,1.98000022478755e-11,6.28799652801035e-11
1.999,1329.07251116912,5.189049199070729,0.16898985518694562,13.188841292339614,0.496060749086702,0.07378205818238172,5.506669300164603e-06,4.095197971658785e-07,7.923221380969297e-13,9.352333870733666e-13,1.4430231999695837e-13,3.4066029712977714e-13,8.600538849319404e-08,1.0791423764208801e-07,0.19669556375354752,0.2614292667656468,1.0832486126130837e-15,2.6378276130130674e-15,1.921704547501508e-13,4.822471820666673e-13,7.226203751381859e-13,7.478256776861393e-13,2.525618907002019e-06,2.8015386983716444e-06,0.011207120714078282,0.013264931349288309,0.2560114295799667,0.529051362178238,0.03369330112525877,0.10939826569110477,7.900725950774457e-08,1.691452660944509e-07,2.7832522300221976e-06,6.165601041507567e-06,7.873585951404411e-07,1.861305078244564e-06,1.1799701679195367e-05,2.442256047112185e-05,2.7931832007356947e-09,5.988944564888237e-09,1.2432555019952451e-06,2.7581583200433017e-06,1.7885647588318265e-11,5.414033949321736e-11,1.172913141671605e-18,1.2120941475460777e-18,4.958552921551775e-12,5.861707709076734e-12,3.0257411909609167e-12,6.478649556701697e-12,8.82054562323457e-16,1.6931472648012412e-15,1.3120045524004587e-08,2.616028600654585e-08,1.7100501882500216e-19,5.176872873017545e-19,0.006307008558998588,0.013035386664676976,3.392796746461343e-31,1.0000000000000917e-30,3.518462121821451e-10,1.1446884425745889e-09,1.978826761453475e-11,6.28428482647021e-11
2.0,1329.0267441698174,5.189185111988133,0.16898542907692363,13.194758962315436,0.4960644685274278,0.07378278649714337,5.5040373763877024e-06,4.0932503775147643e-07,7.91448879516438e-13,9.342048357689064e-13,1.441410432697742e-13,3.4028037221474515e-13,8.595074967253747e-08,1.0784593617060456e-07,0.1966925675623946,0.2614259049221119,1.0820233597271503e-15,2.634850242614944e-15,1.920156480038157e-13,4.818598417645524e-13,7.217488437524484e-13,7.469255195123756e-13,2.524121623719294e-06,2.7998844839523045e-06,0.011205921350110145,0.013263543239337382,0.25601067564820335,0.5290510597037966,0.03369455921651729,0.10940261020117288,7.898197071440132e-08,1.690915270427918e-07,2.7832894348524913e-06,6.165698091876864e-06,7.870540404590936e-07,1.860589530618761e-06,1.1791571594541263e-05,2.4405791059752497e-05,2.7908943262844744e-09,5.984051124507357e-09,1.2427872478207787e-06,2.757126042840919e-06,1.7869039276327235e-11,5.409019404925171e-11,1.1723897068400436e-18,1.211556102692296e-18,4.95640815156041e-12,5.8591861939056515e-12,3.0241424283023658e-12,6.475241688706451e-12,8.814696198068685e-16,1.6920284542699738e-15,1.3120016521281964e-08,2.6160290260749604e-08,1.7088830073048483e-19,5.173351717573749e-19,0.006306993591295709,0.013035386664680201,3.392788694723586e-31,1.0000000000000903e-30,3.5162413831399364e-10,1.1439686673669503e-09,1.977654349128141e-11,6.280576427754428e-11
2.001,1328.9809850350257,5.189321021472471,0.16898100331054078,13.200676787280425,0.49606818532141755,0.07378351421872688,5.501406998807092e-06,4.091303912752269e-07,7.905766920375118e-13,9.331775413177892e-13,1.4397996858338015e-13,3.3990092152951065e-13,8.589615259904019e-08,1.0777768646045356e-07,0.1966895731806694,0.26142254474841525,1.0807996551872322e-15,2.631876621253135e-15,1.918609872298549e-13,4.81472864615439e-13,7.208785373900346e-13,7.460266227725583e-13,2.5226256554287264e-06,2.798231712643709e-06,0.011204723377177473,0.013262156732775693,0.25600992092805663,0.5290507541433596,0.03369581751247386,0.10940695509553225,7.895669242880501e-08,1.6903780976702518e-07,2.783326616598211e-06,6.16579507460718e-06,7.867497257582025e-07,1.8598745417936733e-06,1.1783450502528344e-05,2.438904011440291e-05,2.7886081635630313e-09,5.979163458777945e-09,1.2423194773863414e-06,2.7560948263380875e-06,1.785245012529276e-11,5.40401062196286e-11,1.171866445498318e-18,1.2110182312394867e-18,4.9542646297792325e-12,5.856666126222763e-12,3.0225446928433396e-12,6.471835986160131e-12,8.808851354880848e-16,1.6909105133144005e-15,1.3119987553415691e-08,2.6160294512511147e-08,1.707716733945558e-19,5.169833278763571e-19,0.006306978640942478,0.013035386664683448,3.392780652318926e-31,1.000000000000095e-30,3.5140233834846864e-10,1.1432497767108383e-09,1.9764829867120615e-11,6.276871328449105e-11
2.0020000000000002,1328.9352337537748,5.189456927537537,0.1689765778873122,13.206594767230682,0.4960718994721068,0.0737842413479095,5.498778165966939e-06,4.0893585763280345e-07,7.897055740732929e-13,9.321515018678302e-13,1.4381909562616308e-13,3.3952194434620705e-13,8.584159722625309e-08,1.0770948845468803e-07,0.19668658060607144,0.2614191862425186,1.0795774966082236e-15,2.6289067431806593e-15,1.9170647224648185e-13,4.810862501707134e-13,7.200094539152345e-13,7.451289852756477e-13,2.5211310002932162e-06,2.7965803824424255e-06,0.011203526793386613,0.013260771827434395,0.2560091654207705,0.5290504455014605,0.033697076012682445,0.10941130037311146,7.893142464283444e-08,1.6898411425099576e-07,2.783363775294348e-06,6.165891989797853e-06,7.864456507293708e-07,1.859160111057091e-06,1.1775338389512593e-05,2.43723076071939e-05,2.786324708250185e-09,5.9742815585385535e-09,1.241852190022233e-06,2.7550646690754467e-06,1.7835880105317608e-11,5.3990075914873006e-11,1.1713433576169664e-18,1.2104805331674111e-18,4.952122355283668e-12,5.85414750498811e-12,3.020947983563633e-12,6.4684324469460245e-12,8.803011088568993e-16,1.6897934409768886e-15,1.3119958620357399e-08,2.616029876183201e-08,1.7065513670548828e-19,5.166317553272376e-19,0.006306963707915258,0.013035386664686701,3.3927726192346204e-31,1.0000000000000968e-30,3.511808118349831e-10,1.1425317691568172e-09,1.9753126727075875e-11,6.27316952387557e-11
2.003,1328.8894903162713,5.189592830193412,0.16897215280687392,13.212512902162317,0.4960756109842868,0.07378496788566892,5.49615087552885e-06,4.0874143665423264e-07,7.888355237810566e-13,9.311267152647563e-13,1.436584240707836e-13,3.391434398998155e-13,8.578708349365403e-08,1.0764134207869872e-07,0.19668358983492928,0.2614158294005568,1.0783568813731382e-15,2.625940602085674e-15,1.915521028068444e-13,4.806999978184562e-13,7.191415909587776e-13,7.44232604588828e-13,2.5196376560736383e-06,2.7949304908989556e-06,0.011202331596879517,0.013259388521186513,0.25600840912620887,0.5290501337797726,0.033698334718077386,0.10941564603731946,7.890616733493651e-08,1.6893044044978786e-07,2.7834009109627453e-06,6.1659888375189965e-06,7.861418147116392e-07,1.8584462368632857e-06,1.176723522713904e-05,2.435559347979665e-05,2.7840439525947674e-09,5.969405407272981e-09,1.2413853839866478e-06,2.754035567215057e-06,1.7819329183514287e-11,5.3940103036454856e-11,1.1708204433999906e-18,1.2099430086970648e-18,4.949981325457563e-12,5.851630327161865e-12,3.0193522989624455e-12,6.46503106791816e-12,8.79717539264098e-16,1.6886772360329052e-15,1.3119929722060718e-08,2.61603030087173e-08,1.7053869027019948e-19,5.162804529267673e-19,0.006306948792190501,0.013035386664689928,3.392764595458019e-31,1.0000000000000978e-30,3.5095955782005054e-10,1.141814641619256e-09,1.974143405241982e-11,6.269471008163701e-11
2.004,1328.843754715846,5.1897287294400485,0.16896772806919183,13.218431192071444,0.49607931986683435,0.07378569383359049,5.493525125673684e-06,4.0854712820815025e-07,7.879665394520629e-13,9.301031795123895e-13,1.4349795361655968e-13,3.3876540748822814e-13,8.573261134771982e-08,1.0757324726665566e-07,0.19668060085948966,0.2614124742132394,1.077137807128002e-15,2.622978192296637e-15,1.9139787868934148e-13,4.803141070100974e-13,7.182749462870644e-13,7.433374784196302e-13,2.5181456207483794e-06,2.793282035805006e-06,0.011201137785788153,0.01325800681189316,0.2560076520401529,0.5290498189715315,0.03369959363367495,0.10941999210481868,7.888092048886744e-08,1.6887678832985057e-07,2.7834380236036985e-06,6.166085617792987e-06,7.858382171524089e-07,1.8577329179226578e-06,1.1759140992120167e-05,2.4338897684369736e-05,2.7817658900742615e-09,5.964534991099111e-09,1.2409190578935916e-06,2.7530075177082845e-06,1.7802797328576358e-11,5.3890187490627264e-11,1.1702977030424743e-18,1.2094056580402165e-18,4.947841531858409e-12,5.849114582816451e-12,3.0177576378343503e-12,6.4616318465628905e-12,8.791344261477063e-16,1.687561897425334e-15,1.3119900858485134e-08,2.616030725318373e-08,1.70422333611549e-19,5.159294192372038e-19,0.006306933893744692,0.013035386664693144,3.3927565809764622e-31,1.0000000000000968e-30,3.5073857551805513e-10,1.1410983915586223e-09,1.9729751825964338e-11,6.265775775932039e-11
2.005,1328.79802693889,5.1898646252998475,0.168963303673501,13.2243496369542,0.4960830261198016,0.0737864191919477,5.490900915529169e-06,4.083529322336076e-07,7.870986196884997e-13,9.290808929815216e-13,1.4333768395599069e-13,3.3838784639322304e-13,8.567818075216637e-08,1.075052039743582e-07,0.19667761368084663,0.2614091206830371,1.0759202715954543e-15,2.6200195083284377e-15,1.9124379976269075e-13,4.799285774237109e-13,7.174095179387083e-13,7.424436047572485e-13,2.516654892767172e-06,2.7916350154750874e-06,0.01119994535820397,0.013256626697367555,0.25600689416721933,0.5290495010882363,0.033700852755647555,0.1094243385635575,7.88556841065965e-08,1.6882315789662587e-07,2.783475113275394e-06,6.166182330770507e-06,7.855348580249081e-07,1.8570201541886605e-06,1.1751055682346876e-05,2.4322220216905843e-05,2.779490519046556e-09,5.959670306598953e-09,1.2404532119159658e-06,2.7519805209649125e-06,1.7786284512919732e-11,5.384032919490917e-11,1.1697751362974513e-18,1.2088684809518152e-18,4.945702978126988e-12,5.846600276308539e-12,3.0161639994723527e-12,6.458234781433773e-12,8.785517690890726e-16,1.6864474243721526e-15,1.3119872029578033e-08,2.6160311495224153e-08,1.7030606710820004e-19,5.15578655411616e-19,0.006306919012554253,0.013035386664696356,3.3927485757772717e-31,1.0000000000000954e-30,3.505178648755159e-10,1.1403830188172884e-09,1.9718080035644884e-11,6.262083823426172e-11
2.0060000000000002,1328.7523069732083,5.190000517790684,0.16895887961918396,13.230268236806744,0.49608672974495055,0.07378714396126765,5.488278243790057e-06,4.081588486374464e-07,7.862317629634338e-13,9.280598538904704e-13,1.4317761477772395e-13,3.3801075588746065e-13,8.562379166352854e-08,1.0743721214859188e-07,0.19667462829837773,0.26140576881013666,1.0747042724121821e-15,2.6170645444864744e-15,1.9108986586081283e-13,4.795434086500268e-13,7.165453038377311e-13,7.415509814722258e-13,2.515165470378938e-06,2.7899894280008637e-06,0.01119875431223928,0.013255248175447407,0.2560061355102985,0.5290491801378141,0.03370211208189191,0.10942868540708185,7.883045818294572e-08,1.6876954914025105e-07,2.7835121800232416e-06,6.166278976573875e-06,7.852317371082984e-07,1.8563079451559276e-06,1.17429792877026e-05,2.4305561056823002e-05,2.777217836012179e-09,5.954811346371768e-09,1.2399878456408783e-06,2.750954576095065e-06,1.776979070746426e-11,5.379052806228774e-11,1.1692527430606273e-18,1.2083314773342235e-18,4.943565665620667e-12,5.844087409295363e-12,3.0145713829363595e-12,6.4548398705850785e-12,8.779695676025403e-16,1.6853338159626632e-15,1.311984323528908e-08,2.6160315734835716e-08,1.7018989080787222e-19,5.152281616011793e-19,0.006306904148595677,0.01303538666469959,3.3927405798478084e-31,1.000000000000097e-30,3.502974255640924e-10,1.139668522343353e-09,1.9706418667415155e-11,6.258395146262104e-11
2.007,1328.7065948096192,5.190136406920789,0.16895445590593733,13.236186991625242,0.4960904307478058,0.07378786814263551,5.4856571085330206e-06,4.07964877280528e-07,7.853659675597406e-13,9.270400602329812e-13,1.4301774576906825e-13,3.3763413524041445e-13,8.556944402772265e-08,1.0736927172281384e-07,0.19667164470767315,0.2614024185896852,1.0734898071227585e-15,2.6141132948516192e-15,1.9093607676446339e-13,4.79158600146331e-13,7.156823017410665e-13,7.406596062621158e-13,2.5136773515385277e-06,2.7883452711476726e-06,0.011197564646035739,0.013253871244004806,0.2560053760684976,0.529048856120362,0.033703371614095035,0.10943303264124216,7.880524270185359e-08,1.6871596202755804e-07,2.783549223866696e-06,6.166375555267781e-06,7.849288538779299e-07,1.8555962896008096e-06,1.1734911785703108e-05,2.428892015793939e-05,2.774947834613995e-09,5.94995809688914e-09,1.2395229577466253e-06,2.7499296801925334e-06,1.7753315880900065e-11,5.3740783998996953e-11,1.1687305234649333e-18,1.2077946473349227e-18,4.941429590580455e-12,5.8415759773856135e-12,3.0129797869569642e-12,6.45144711136571e-12,8.773878211078694e-16,1.6842210711045305e-15,1.3119814475573328e-08,2.6160319972025715e-08,1.7007380436939512e-19,5.148779367797326e-19,0.006306889301845552,0.013035386664702777,3.392732593175471e-31,1.0000000000000954e-30,3.5007725682956167e-10,1.1389548996992725e-09,1.969476770420555e-11,6.254709739095418e-11
2.008,1328.6608904363889,5.190272292706638,0.1689500325331895,13.242105901405882,0.49609412913067963,0.0737885917366591,5.4830375084810994e-06,4.077710180717797e-07,7.845012319609055e-13,9.26021510239548e-13,1.4285807662235511e-13,3.372579837333967e-13,8.551513780164657e-08,1.0730138264425846e-07,0.19666866290755305,0.26139907002112406,1.0722768733942205e-15,2.611165753802815e-15,1.907824323083154e-13,4.787741515052022e-13,7.148205095874328e-13,7.397694770125503e-13,2.5121905345099185e-06,2.7867025430236982e-06,0.011196376357712257,0.013252495900884917,0.256004615844139,0.5290485290426246,0.03370463135072061,0.10943738026142354,7.878003765820894e-08,1.6866239654882167e-07,2.783586244847765e-06,6.166472066966916e-06,7.846262081114364e-07,1.8548851870142456e-06,1.1726853166251206e-05,2.4272297499711085e-05,2.772680511367235e-09,5.945110550781245e-09,1.239058547818757e-06,2.7489058323638456e-06,1.7736860004318014e-11,5.369109691853577e-11,1.1682084774152489e-18,1.2072579908657143e-18,4.939294753570307e-12,5.839065981298351e-12,3.0113892106117e-12,6.448056501867365e-12,8.768065291254249e-16,1.6831091888985072e-15,1.311978575038153e-08,2.616032420679303e-08,1.6995780786548332e-19,5.145279811740874e-19,0.006306874472280486,0.01303538666470597,3.392724615747678e-31,1.0000000000000945e-30,3.498573583436396e-10,1.1382421498332307e-09,1.968312713204459e-11,6.251027597565476e-11
2.009,1328.615193846886,5.190408175148276,0.16894560950090365,13.248024966144849,0.49609782490226306,0.07378931474489367,5.480419441339602e-06,4.075772708444276e-07,7.836375543354729e-13,9.250042017688411e-13,1.4269860702793685e-13,3.3688230064302114e-13,8.546087292465198e-08,1.072335448381396e-07,0.1966656828904319,0.26139572309537584,1.0710654687438448e-15,2.6082219153541122e-15,1.906289322390011e-13,4.783900620982534e-13,7.139599250378501e-13,7.388805913217028e-13,2.510705017070531e-06,2.7850612411972864e-06,0.011195189445433533,0.013251122143986804,0.2560038548331411,0.5290481988981025,0.03370589129664178,0.10944172828382047,7.875484302889632e-08,1.6860885265576684e-07,2.783623242964682e-06,6.166568511688888e-06,7.843237990826075e-07,1.8541746356960071e-06,1.1718803398753691e-05,2.4255693019170137e-05,2.7704158580529676e-09,5.940268690527026e-09,1.238594613935607e-06,2.747883028371604e-06,1.772042304509793e-11,5.3641466723166025e-11,1.1676866052117604e-18,1.2067215082468894e-18,4.937161146499192e-12,5.836557411520819e-12,3.0097996524357922e-12,6.4446680390203195e-12,8.762256910197525e-16,1.6819981681461677e-15,1.3119757059673299e-08,2.6160328439153737e-08,1.6984190067891265e-19,5.141782929223229e-19,0.006306859659877186,0.013035386664709186,3.392716647551898e-31,1.0000000000000954e-30,3.496377290720121e-10,1.1375302693963201e-09,1.96714969319459e-11,6.247348715718729e-11
2.0100000000000002,1328.5695050250179,5.190544054276317,0.1689411868080481,13.253944185838364,0.4961015180593237,0.07379003716712233,5.4778029067593435e-06,4.0738363557638585e-07,7.827749334598121e-13,9.239881333969684e-13,1.425393366825773e-13,3.365070852610239e-13,8.540664936970114e-08,1.07165758271844e-07,0.19666270466069116,0.26139237781927344,1.0698555909940714e-15,2.6052817742625694e-15,1.9047557647117728e-13,4.780063317187537e-13,7.131005462954591e-13,7.379929473487488e-13,2.5092207979339114e-06,2.7834213642751856e-06,0.011194003907286039,0.013249749971117103,0.2560030930433743,0.5290478657050058,0.033707151444767144,0.109446076685781,7.872965882501357e-08,1.685553303733682e-07,2.783660218297602e-06,6.166664889632899e-06,7.840216270215771e-07,1.8534646362067075e-06,1.1710762491556163e-05,2.4239106733944013e-05,2.768153875456032e-09,5.935432517910944e-09,1.238131157036275e-06,2.746861270325156e-06,1.770400497785739e-11,5.359189333705733e-11,1.167164906408439e-18,1.2061851990275901e-18,4.935028777428077e-12,5.834050277634652e-12,3.0082111120031742e-12,6.441281721978964e-12,8.756453064550069e-16,1.680888008224203e-15,1.3119728403391802e-08,2.6160332669091578e-08,1.6972608350660351e-19,5.138288741409422e-19,0.006306844864612212,0.013035386664712373,3.392708688575525e-31,1.0000000000000948e-30,3.49418369321528e-10,1.136819259403019e-09,1.9659877094526504e-11,6.243673090651468e-11
2.011,1328.5238239646046,5.190679930089461,0.16893676445463002,13.259863560482648,0.49610520861104185,0.07379075900497165,5.475187902176888e-06,4.0719011208087393e-07,7.819133674285707e-13,9.229733028952464e-13,1.4238026527308728e-13,3.3613233685561094e-13,8.535246707190461e-08,1.0709802286525677e-07,0.19665972821024452,0.2613890341830681,1.0686472376006064e-15,2.6023453243919297e-15,1.903223647317365e-13,4.776229596887364e-13,7.122423709573705e-13,7.371065426255975e-13,2.507737874759074e-06,2.7817829096942027e-06,0.01119281974145135,0.013248379380194443,0.25600233047024507,0.5290475294557662,0.03370841180048178,0.10945042548515967,7.870448501926705e-08,1.6850182964439908e-07,2.7836971708400735e-06,6.166761200806057e-06,7.837196910926452e-07,1.8527551865871852e-06,1.1702730409517688e-05,2.4222538571649574e-05,2.765894554303913e-09,5.930602013152212e-09,1.237668174865051e-06,2.7458405532458505e-06,1.768760576915511e-11,5.3542376659979815e-11,1.16664338137952e-18,1.2056490636045851e-18,4.932897637633708e-12,5.831544569379411e-12,3.006623587703645e-12,6.437897547361832e-12,8.75065374754305e-16,1.679778707854546e-15,1.3119699781497584e-08,2.6160336896623932e-08,1.696103555647829e-19,5.13479722463776e-19,0.006306830086462424,0.013035386664715586,3.3927007388061023e-31,1.0000000000000948e-30,3.491992779023464e-10,1.1361091159983125e-09,1.9648267599682757e-11,6.24000071605488e-11
2.012,1328.4781506507225,5.190815802614602,0.168932342439739,13.26578309007395,0.4961088965556075,0.07379148025843549,5.47257442715168e-06,4.0699670032899514e-07,7.810528549902952e-13,9.219597088068275e-13,1.4222139250003083e-13,3.357580547274465e-13,8.529832600248954e-08,1.0703033858358153e-07,0.19665675354204684,0.26138569219169333,1.0674404064009146e-15,2.5994125605355e-15,1.9016929692534143e-13,4.772399457763541e-13,7.113853972075305e-13,7.362213752914455e-13,2.5062562462164414e-06,2.780145876013088e-06,0.011191636946027601,0.013247010369038976,0.25600156712018235,0.5290471901656089,0.03370967235813139,0.10945477466396956,7.867932162065066e-08,1.684483504893255e-07,2.783734100663066e-06,6.166857445387147e-06,7.834179914628037e-07,1.8520462872487144e-06,1.1694707158486841e-05,2.4205988544744207e-05,2.7636378948143186e-09,5.925777176818736e-09,1.2372056681752886e-06,2.7448208788308386e-06,1.767122539332858e-11,5.34929166152497e-11,1.1661220297382661e-18,1.2051131015882529e-18,4.930767733203205e-12,5.829040294003142e-12,3.0050370790653247e-12,6.434515514224939e-12,8.74485895569515e-16,1.6786702663902047e-15,1.3119671193935979e-08,2.6160341121738557e-08,1.6949471743527779e-19,5.131308396588754e-19,0.006306815325404458,0.013035386664718776,3.392692798231063e-31,1.0000000000000922e-30,3.489804550345864e-10,1.135399839914428e-09,1.963666843749364e-11,6.236331588854016e-11
2.013,1328.4324850762828,5.190951671853457,0.16892792076328422,13.271702774608524,0.49611258190097285,0.07379220092895689,5.469962479117775e-06,4.068034001337655e-07,7.80193394249218e-13,9.209473489142242e-13,1.4206271804720347e-13,3.35384238137574e-13,8.524422609695388e-08,1.0696270534718335e-07,0.19665378064923733,0.26138235183702585,1.0662350948285532e-15,2.5964834765027395e-15,1.9001637278239773e-13,4.768572893124182e-13,7.105296226531258e-13,7.353374428885127e-13,2.504775909974923e-06,2.778510260679457e-06,0.011190455519201828,0.013245642935575497,0.2560008029898047,0.5290468478294642,0.033710933121885216,0.10945912423611615,7.865416860242659e-08,1.6839489285210577e-07,2.7837710077672068e-06,6.16695362339889e-06,7.831165273192395e-07,1.8513379362861575e-06,1.1686692704168976e-05,2.4189456582594312e-05,2.7613838879080846e-09,5.920957989543682e-09,1.2367436347734142e-06,2.7438022422391803e-06,1.765486381710597e-11,5.344351310314438e-11,1.1656008518286012e-18,1.2045773133440025e-18,4.9286390571136294e-12,5.826537443255222e-12,3.003451584474379e-12,6.431135619178743e-12,8.739068682233162e-16,1.6775626825521712e-15,1.3119642640665989e-08,2.6160345344449427e-08,1.6937916842287147e-19,5.127822236281277e-19,0.006306800581415253,0.013035386664722006,3.3926848668380124e-31,1.0000000000000945e-30,3.487618995587154e-10,1.1346914273948554e-09,1.962507958806328e-11,6.232665702805658e-11
2.0140000000000002,1328.386827230589,5.191087537819375,0.16892349942479631,13.277622614082636,0.49611626465060343,0.07379292101731255,5.467352056853394e-06,4.066102114081669e-07,7.793349837137372e-13,9.199362214769886e-13,1.4190424161558976e-13,3.3501088638760213e-13,8.519016731299812e-08,1.0689512310428559e-07,0.19665080952946914,0.26137901311694556,1.065031300620233e-15,2.5935580668412213e-15,1.8986359213918192e-13,4.764749898934188e-13,7.096750452695742e-13,7.34454743340062e-13,2.5032968643326543e-06,2.7768760618388853e-06,0.011189275459111981,0.013244277077670818,0.25600003808023425,0.529046502451577,0.03371219409140063,0.10946347420085677,7.862902595952993e-08,1.6834145672309982e-07,2.7838078921873397e-06,6.1670497349398955e-06,7.828152984340622e-07,1.8506301331771653e-06,1.1678687036403076e-05,2.4172942664518037e-05,2.7591325301121476e-09,5.916144443980584e-09,1.236282074232636e-06,2.7427846425496352e-06,1.763852101202078e-11,5.339416603848578e-11,1.1650798475774698e-18,1.2040416988063301e-18,4.926511608272892e-12,5.824036015896321e-12,3.001867103043919e-12,6.427757860390254e-12,8.733282922489028e-16,1.6764559554655257e-15,1.3119614121640407e-08,2.6160349564758525e-08,1.692637085633729e-19,5.1243387448652675e-19,0.006306785854471593,0.013035386664725203,3.3926769446144557e-31,1.0000000000000948e-30,3.4854361114302094e-10,1.1339838773763464e-09,1.961350103759327e-11,6.229003053602995e-11
2.015,1328.341177103573,5.191223400523695,0.1689190784238714,13.283542608492567,0.49611994480872784,0.07379364052439223,5.464743158896572e-06,4.0641713404730974e-07,7.784776218229418e-13,9.189263246728013e-13,1.417459629036063e-13,3.3463799877305496e-13,8.513614960440916e-08,1.0682759179819764e-07,0.19664784017962816,0.26137567602831047,1.0638290214620302e-15,2.5906363259750405e-15,1.8971095481334495e-13,4.760930470690854e-13,7.088216629713671e-13,7.335732745062439e-13,2.5018191074785604e-06,2.7752432775157184e-06,0.011188096763908367,0.013242912793206215,0.2559992723918215,0.5290461540345935,0.03371345526710497,0.10946782455994791,7.860389368302373e-08,1.682880420843752e-07,2.783844753952404e-06,6.167145780095645e-06,7.825143044755272e-07,1.8499228771538298e-06,1.167069014074315e-05,2.4156446760963406e-05,2.7568838169608228e-09,5.911336530654308e-09,1.2358209858116351e-06,2.741768078143099e-06,1.7622196948813015e-11,5.334487533369098e-11,1.164559016985762e-18,1.2035062579861295e-18,4.924385384585506e-12,5.821536009500789e-12,3.0002836337576224e-12,6.424382235749176e-12,8.727501671424197e-16,1.6753500841841775e-15,1.3119585636813226e-08,2.616035378266999e-08,1.6914833775071782e-19,5.120857919195422e-19,0.006306771144550376,0.013035386664728423,3.3926690315479565e-31,1.0000000000000947e-30,3.483255893089125e-10,1.133277188317743e-09,1.9601932771225443e-11,6.225343636602455e-11
2.016,1328.2955346827239,5.191359259985721,0.1689146577598466,13.28946275783462,0.4961236223764427,0.07379435945061942,5.462135784272862e-06,4.062241679825541e-07,7.776213071698528e-13,9.179176568609903e-13,1.4158788161128345e-13,3.3426557459324506e-13,8.508217293346436e-08,1.0676011138287997e-07,0.19664487259973742,0.2613723405721471,1.062628255116155e-15,2.587718248513526e-15,1.8955846066499778e-13,4.757114604956862e-13,7.079694738112891e-13,7.326930343902761e-13,2.5003426378384347e-06,2.7736119059969767e-06,0.011186919431724096,0.013241550080042477,0.25599850592804646,0.5290458025876248,0.033714716646295,0.10947217530498064,7.857877177260066e-08,1.6823464893647295e-07,2.7838815931125497e-06,6.167241758998589e-06,7.822135453539474e-07,1.8492161680204523e-06,1.1662702012569293e-05,2.4139968862716e-05,2.754637746259242e-09,5.906534244958566e-09,1.2353603694923648e-06,2.7407525490050477e-06,1.760589160007891e-11,5.329564090679343e-11,1.1640383598648774e-18,1.2029709906984492e-18,4.922260388183756e-12,5.81903742664089e-12,2.9987011758592787e-12,6.4210087437020524e-12,8.721724924752256e-16,1.674245067906371e-15,1.3119557186134218e-08,2.6160357998179457e-08,1.6903305619924913e-19,5.117379765826432e-19,0.0063067564516284735,0.013035386664731615,3.3926611276260894e-31,1.0000000000000945e-30,3.481078339163992e-10,1.1325713597794786e-09,1.9590374776537345e-11,6.221687447933837e-11
2.017,1328.2498999598456,5.191495116210864,0.16891023743251105,13.295383062105103,0.49612729736017297,0.07379507779720881,5.459529930595786e-06,4.0603131304023273e-07,7.767660379262679e-13,9.16910215903596e-13,1.4142999742383482e-13,3.3389361311247945e-13,8.502823723905031e-08,1.0669268178293805e-07,0.19664190678446297,0.2613690067423564,1.0614289990501834e-15,2.5848038283483097e-15,1.8940610944187882e-13,4.753302295474572e-13,7.071184754634514e-13,7.318140206034116e-13,2.4988674531790085e-06,2.771981944838474e-06,0.011185743460750823,0.01324018893610937,0.25599773868702785,0.5290454481086924,0.03371597823163063,0.10947652644495816,7.855366020479696e-08,1.6818127723035258e-07,2.7839184096781336e-06,6.167337671692902e-06,7.819130203512733e-07,1.8485100040957736e-06,1.1654722621445385e-05,2.412350890712463e-05,2.752394309829656e-09,5.901737569458134e-09,1.2349002233609664e-06,2.7397380509148434e-06,1.7589604933447968e-11,5.3246462660788066e-11,1.1635178764815585e-18,1.2024358972288768e-18,4.920136614113984e-12,5.816540261511801e-12,2.997119727831441e-12,6.417637381065187e-12,8.715952675992536e-16,1.6731409054090645e-15,1.3119528769560524e-08,2.6160362211296723e-08,1.68917863379068e-19,5.113904268781311e-19,0.006306741775682917,0.013035386664734794,3.392653232836486e-31,1.0000000000000927e-30,3.4789034393923414e-10,1.13186638843849e-09,1.9578827034656208e-11,6.218034481678131e-11
2.0180000000000002,1328.2042729218865,5.191630969220222,0.16890581744114366,13.30130352130035,0.4961309697603277,0.07379579556448124,5.456925597219241e-06,4.0583856917611116e-07,7.75911812785839e-13,9.159040002786246e-13,1.4127231004782104e-13,3.335221136454463e-13,8.497434248881792e-08,1.0662530295906963e-07,0.19663894273452168,0.2613656745408853,1.060231251117102e-15,2.5818930603094552e-15,1.8925390102906964e-13,4.749493539432986e-13,7.06268666076433e-13,7.309362312478983e-13,2.497393552082124e-06,2.7703533925001883e-06,0.011184568849116226,0.013238829359261045,0.25599697067292404,0.5290450906083063,0.03371724001972378,0.1094808779692473,7.852855898435521e-08,1.681279269773633e-07,2.7839552037051183e-06,6.167433518323878e-06,7.816127295122183e-07,1.847804385501766e-06,1.164675196833559e-05,2.4107066896531322e-05,2.7501535067807146e-09,5.8969465023412215e-09,1.2344405478069757e-06,2.7387245847621128e-06,1.7573336922756366e-11,5.319734051745663e-11,1.1629975665568168e-18,1.2019009772990206e-18,4.918014065380061e-12,5.814044517716002e-12,2.9955392890971048e-12,6.414268146668603e-12,8.710184921384385e-16,1.6720375959913413e-15,1.3119500387041169e-08,2.6160366422015758e-08,1.688027596448302e-19,5.110431438862405e-19,0.006306727116690654,0.013035386664737992,3.3926453471667506e-31,1.0000000000000917e-30,3.476731194286731e-10,1.1311622744773519e-09,1.9567289534623075e-11,6.214384734429595e-11
2.019,1328.1586535605957,5.191766819019488,0.16890139778552465,13.307224135416698,0.4961346395832147,0.07379651275363264,5.454322781840278e-06,4.0564593622271525e-07,7.750586299494819e-13,9.148990078823671e-13,1.4111481917119007e-13,3.3315107546286275e-13,8.49204886230713e-08,1.0655797483765217e-07,0.1966359804446909,0.26136234396177765,1.0590350088153286e-15,2.578985938363345e-15,1.8910183518073695e-13,4.745688330735383e-13,7.054200433549102e-13,7.300596639665022e-13,2.495920932357782e-06,2.768726246585748e-06,0.011183395595015641,0.013237471347431248,0.25599620188395406,0.5290447300846854,0.033718502013133894,0.10948522988652307,7.850346808902645e-08,1.6807459813105966e-07,2.783991975204744e-06,6.167529298937541e-06,7.813126721510646e-07,1.847099310633515e-06,1.1638790024167975e-05,2.409064277110635e-05,2.747915329258722e-09,5.892161026866806e-09,1.2339813410140075e-06,2.737712146542316e-06,1.7557087536028192e-11,5.314827438098264e-11,1.1624774303369228e-18,1.201366231173269e-18,4.915892737153425e-12,5.811550189596291e-12,2.993959858185208e-12,6.410901037427599e-12,8.704421654589547e-16,1.6709351384573882e-15,1.3119472038533388e-08,2.6160370630346077e-08,1.686877444928504e-19,5.106961260885943e-19,0.0063067124746287884,0.013035386664741126,3.3926374706045713e-31,1.0000000000000885e-30,3.47456159405127e-10,1.130459014724697e-09,1.955576225796022e-11,6.210738200394261e-11
2.02,1328.1130418656976,5.1919026656208365,0.16889697846522342,13.313144904450501,0.49613830683268406,0.07379722936549485,5.4517214833477154e-06,4.0545341410120627e-07,7.742064879689863e-13,9.138952370252588e-13,1.4095752450217545e-13,3.327804978833237e-13,8.486667560136978e-08,1.0649069736922424e-07,0.19663301991223162,0.2613590150023835,1.057840269948293e-15,2.576082457219023e-15,1.8894991174066637e-13,4.741886665534043e-13,7.045726053264275e-13,7.291843167360959e-13,2.4944495923669017e-06,2.767100505309899e-06,0.011182223696603245,0.013236114898505203,0.25599543232081273,0.5290443665411761,0.03371976421193532,0.10948958219739369,7.847838751500251e-08,1.6802129068447932e-07,2.7840287242096105e-06,6.167625013627358e-06,7.810128480709038e-07,1.8463947790417035e-06,1.1630836780152809e-05,2.4074236513000767e-05,2.7456797741295122e-09,5.887381136413448e-09,1.2335226026501685e-06,2.736700735544399e-06,1.7540856745460527e-11,5.309926416818054e-11,1.1619574677379735e-18,1.2008316587748054e-18,4.9137726277577215e-12,5.809057275222003e-12,2.9923814342729308e-12,6.407536051645556e-12,8.698662871148822e-16,1.6698335319720948e-15,1.3119443723991167e-08,2.616037483629121e-08,1.6857281794591991e-19,5.10349373560694e-19,0.006306697849474405,0.013035386664744351,3.392629603137616e-31,1.000000000000092e-30,3.4723946358334073e-10,1.1297566082681684e-09,1.9544245191376092e-11,6.207094875425207e-11
2.021,1328.067437825703,5.192038509040479,0.16889255947967816,13.319065828398132,0.49614197151095674,0.07379794540065585,5.449121700379802e-06,4.052610027140961e-07,7.733553853339239e-13,9.128926859442226e-13,1.4080042573829612e-13,3.324103802001025e-13,8.481290337984703e-08,1.0642347050002135e-07,0.19663006113602532,0.26135568766220135,1.0566470322081302e-15,2.5731826113143046e-15,1.887981305396764e-13,4.738088539655573e-13,7.03726349959086e-13,7.283101874719661e-13,2.4929795303674617e-06,2.765476166773076e-06,0.011181053152043116,0.01323476001037951,0.2559946619858103,0.5290439999844514,0.033721026614590074,0.10949393489722967,7.845331725569204e-08,1.6796800462469646e-07,2.784065450760515e-06,6.167720662504834e-06,7.807132570146555e-07,1.8456907901346992e-06,1.162289222478362e-05,2.4057848098741124e-05,2.7434468376113556e-09,5.882606822970823e-09,1.2330643321889552e-06,2.73569035062545e-06,1.7524644522551603e-11,5.30503097937457e-11,1.161437678690503e-18,1.2002972600416971e-18,4.911653737820203e-12,5.806565775385602e-12,2.9908040163961956e-12,6.404173187323148e-12,8.692908566193394e-16,1.6687327756216483e-15,1.3119415443366095e-08,2.616037903984938e-08,1.6845798004328266e-19,5.100028864278321e-19,0.006306683241204578,0.013035386664747513,3.3926217447535533e-31,1.0000000000000913e-30,3.470230315873659e-10,1.1290550539002773e-09,1.953273832081572e-11,6.203454755132783e-11
2.0220000000000002,1328.0218414306237,5.192174349289811,0.16888814082848375,13.324986907255976,0.4961456336220913,0.07379866085997638,5.446523431160685e-06,4.050687019330904e-07,7.725053204113591e-13,9.118913527315114e-13,1.4064352257407617e-13,3.3204072169937985e-13,8.475917190775676e-08,1.0635629416764283e-07,0.19662710411310588,0.2613523619382714,1.0554552932107655e-15,2.5702863949012414e-15,1.8864649137513586e-13,4.734293948086934e-13,7.028812751126396e-13,7.274372739772082e-13,2.4915107444248486e-06,2.7638532288619836e-06,0.011179883959519377,0.013233406680974322,0.25599389087940205,0.529043630417347,0.033722289221413744,0.10949828798741935,7.842825729754555e-08,1.6791473992388537e-07,2.7841021548848353e-06,6.167816245651689e-06,7.804138985350173e-07,1.844987342871124e-06,1.1614956338776898e-05,2.404147748875555e-05,2.7412165141259493e-09,5.8778380746760395e-09,1.2326065285307161e-06,2.7346809893708956e-06,1.7508450837368954e-11,5.300141116803968e-11,1.1609180632663045e-18,1.199763035057976e-18,4.909536065503416e-12,5.804075687965665e-12,2.98922760336877e-12,6.400812441985195e-12,8.687158734217883e-16,1.667632868369983e-15,1.3119387196612648e-08,2.6160383241024327e-08,1.6834323056877549e-19,5.096566640420475e-19,0.006306668649796536,0.013035386664750669,3.392613895440131e-31,1.0000000000000901e-30,3.468068627739742e-10,1.128354349543882e-09,1.9521241630309895e-11,6.199817834519196e-11
2.023,1327.9762526681689,5.192310186387617,0.1688837225109949,13.330908141020437,0.496149293167294,0.07379937574389425,5.4439266748298395e-06,4.0487651169797125e-07,7.716562918413733e-13,9.10891235801622e-13,1.4048681471650229e-13,3.3167152169674587e-13,8.470548114937828e-08,1.062891683285418e-07,0.1966241488433819,0.2613490378314596,1.0542650507830785e-15,2.5673938027455024e-15,1.8849499411563354e-13,4.730502887602362e-13,7.020373788966121e-13,7.265655743133759e-13,2.4900432330323117e-06,2.7622316899379404e-06,0.011178716117184297,0.013232054908172258,0.2559931190049069,0.5290432578486258,0.033723552029848024,0.10950264146002145,7.840320764167927e-08,1.6786149658562124e-07,2.7841388366320323e-06,6.167911763198687e-06,7.801147725797288e-07,1.8442844371435304e-06,1.1607029119118742e-05,2.4025124677147825e-05,2.7389888018703074e-09,5.87307488776126e-09,1.2321491917704282e-06,2.7336726520165867e-06,1.749227566324207e-11,5.295256821129714e-11,1.1603986212586198e-18,1.1992289836198133e-18,4.907419612724771e-12,5.801587015279827e-12,2.987652194499906e-12,6.397453814217508e-12,8.681413371151245e-16,1.66653380945637e-15,1.311935898368123e-08,2.6160387439812152e-08,1.6822856974399018e-19,5.093107070806728e-19,0.00630665407522739,0.013035386664753875,3.3926060551850335e-31,1.0000000000000917e-30,3.4659095705800903e-10,1.1276544949375371e-09,1.9509755108009173e-11,6.196184109895022e-11
2.024,1327.9306715304165,5.192446020338759,0.16887930452701927,13.336829529687927,0.49615295015313565,0.07380009005364163,5.441331429010483e-06,4.0468443183572816e-07,7.708082978153083e-13,9.098923330392478e-13,1.4033030185553973e-13,3.3130277946756967e-13,8.46518310440232e-08,1.0622209290783424e-07,0.1966211953213534,0.26134571533543005,1.0530763024284716e-15,2.564504828824734e-15,1.8834363851041332e-13,4.726715351980612e-13,7.01194659016336e-13,7.256950861236225e-13,2.48857699397787e-06,2.76061154757975e-06,0.011177549623252478,0.013230704689929007,0.2559923463602411,0.52904288227586,0.033724815042752765,0.10950699532468232,7.837816826451635e-08,1.6780827456060188e-07,2.784175496010836e-06,6.168007215186054e-06,7.798158784282261e-07,1.8435820712644078e-06,1.1599110535352391e-05,2.4008789601216477e-05,2.7367636926856305e-09,5.868317244829687e-09,1.2316923199841455e-06,2.7326653343189764e-06,1.7476118968202792e-11,5.290378082771074e-11,1.1598793529403597e-18,1.1986951060190299e-18,4.905304374275977e-12,5.7990997512213185e-12,2.9860777882807604e-12,6.3940973008537e-12,8.675672470565787e-16,1.6654355976675626e-15,1.3119330804530013e-08,2.616039163622317e-08,1.6811399703040587e-19,5.089650139197717e-19,0.006306639517474509,0.013035386664757065,3.392598223976088e-31,1.000000000000092e-30,3.4637531341238663e-10,1.126955486755093e-09,1.9498278735200188e-11,6.192553575390451e-11
2.025,1327.8850980078482,5.192581851153132,0.1688748868762008,13.34275107325487,0.49615660458430516,0.07380080379017309,5.438737692609047e-06,4.0449246226879307e-07,7.699613368974245e-13,9.088946427692664e-13,1.4017398370536486e-13,3.309344943443711e-13,8.45982215514842e-08,1.0615506785633696e-07,0.19661824354343396,0.26134239444639834,1.0518890459951478e-15,2.561619467956188e-15,1.8819242440285124e-13,4.722931337362788e-13,7.003531135217461e-13,7.248258074077143e-13,2.4871120256383234e-06,2.7589928000193758e-06,0.011176384475894585,0.013229356024148613,0.2559915729452188,0.5290425037005605,0.03372607826107471,0.10951134958483999,7.835313916195688e-08,1.6775507384122914e-07,2.7842121330484293e-06,6.168102601695094e-06,7.795172158714996e-07,1.8428802447556502e-06,1.1591200578297296e-05,2.3992472242299048e-05,2.73454118336608e-09,5.863565139104824e-09,1.2312359128059374e-06,2.7316590354911933e-06,1.7459980724717732e-11,5.2855048934897316e-11,1.1593602582485684e-18,1.1981614022003694e-18,4.9031903472867075e-12,5.796613892447414e-12,2.9845043839019515e-12,6.39074290022523e-12,8.66993602806151e-16,1.6643382321795774e-15,1.3119302659114481e-08,2.6160395830263138e-08,1.679995124054537e-19,5.086195844974481e-19,0.0063066249765151095,0.013035386664760288,3.3925904018010437e-31,1.0000000000000954e-30,3.4615993153766317e-10,1.126257324037812e-09,1.948681249863608e-11,6.188926226871848e-11
2.0260000000000002,1327.8395320901345,5.1927176788434055,0.16887046955809337,13.348672771717704,0.49616025646428635,0.0738015169542618,5.436145463790555e-06,4.0430060286443974e-07,7.691154074499447e-13,9.078981630779847e-13,1.4001785995948602e-13,3.305666656108464e-13,8.45446526204176e-08,1.0608809311088717e-07,0.19661529350722134,0.26133907516214605,1.0507032790836386e-15,2.558737714353744e-15,1.8804135158836974e-13,4.719150838686244e-13,6.995127402740545e-13,7.239577359700277e-13,2.485648326064683e-06,2.7573754451272348e-06,0.01117522067330854,0.013228008908766905,0.2559907987608403,0.5290421221266735,0.0337273416845822,0.1095157042401028,7.832812031979586e-08,1.6770189439826358e-07,2.7842487477748724e-06,6.168197922813303e-06,7.792187844498994e-07,1.8421789565465252e-06,1.1583299228122314e-05,2.3976172559686076e-05,2.7323212682118626e-09,5.858818558462074e-09,1.2307799690934805e-06,2.7306537530237146e-06,1.7443860902898443e-11,5.280637244334044e-11,1.1588413372561925e-18,1.1976278722489797e-18,4.901077530710673e-12,5.794129437771524e-12,2.982931980145145e-12,6.387390609787576e-12,8.664204038053694e-16,1.6632417119409152e-15,1.3119274547388454e-08,2.6160400021933715e-08,1.6788511571219873e-19,5.082744183449855e-19,0.006306610452326542,0.013035386664763457,3.3925825886477057e-31,1.000000000000093e-30,3.4594481077261706e-10,1.1255600046498153e-09,1.9475356382266183e-11,6.185302059314772e-11
2.027,1327.7939737624074,5.192853503436851,0.168866052571776,13.354594625072895,0.4961639057909373,0.07380222954584609,5.433554742251075e-06,4.0410885360381554e-07,7.682705082925806e-13,9.069028925917239e-13,1.3986193032902628e-13,3.3019929259226793e-13,8.449112422481439e-08,1.0602116864011314e-07,0.19661234521597729,0.26133575748799026,1.0495189996236754e-15,2.5558595630328907e-15,1.8789041998358563e-13,4.715373853929846e-13,6.98673537549794e-13,7.230908700447418e-13,2.484185894025945e-06,2.7557594815702283e-06,0.011174058213636257,0.01322666334165371,0.2559900238137532,0.5290417375698306,0.03372860530738122,0.10952005927169595,7.830311174883563e-08,1.6764873625601006e-07,2.7842853402623608e-06,6.16829317872169e-06,7.789205843827487e-07,1.8414782071715095e-06,1.1575406492833724e-05,2.395989057028845e-05,2.730103947970344e-09,5.8540775046011795e-09,1.2303244897538404e-06,2.7296494889538955e-06,1.7427759478312953e-11,5.2757751280040744e-11,1.1583225895475836e-18,1.1970945157450812e-18,4.898965930954725e-12,5.791646394818389e-12,2.9813605766179294e-12,6.384040428764843e-12,8.658476497343547e-16,1.6621460363581044e-15,1.3119246469298261e-08,2.6160404211222333e-08,1.6777080751234246e-19,5.079295171693538e-19,0.0063065959448860495,0.013035386664766625,3.3925747845038472e-31,1.0000000000000924e-30,3.457299514118695e-10,1.1248635295651331e-09,1.9463910377034896e-11,6.181681069916408e-11
2.028,1327.748423018454,5.192989324932927,0.16886163591723247,13.360516633316912,0.4961675525728688,0.07380294156646008,5.430965525300759e-06,4.0391721429059507e-07,7.67426637529477e-13,9.059088290920232e-13,1.3970619450563135e-13,3.2983237456788883e-13,8.44376362987345e-08,1.0595429436252935e-07,0.1966093986621495,0.26133244141486106,1.0483362050895677e-15,2.5529850078997657e-15,1.8773962931125452e-13,4.711600376206867e-13,6.978355029847431e-13,7.222252072028033e-13,2.4827247271692867e-06,2.754144906770602e-06,0.01117289709511853,0.013225319320795195,0.25598924809979473,0.5290413500232962,0.03372986913440355,0.10952441469599153,7.827811341982186e-08,1.6759559935300182e-07,2.784321910505276e-06,6.168388369428577e-06,7.78622614791141e-07,1.8407779945685984e-06,1.1567522335598088e-05,2.394362619820172e-05,2.727889213025555e-09,5.849341956999619e-09,1.2298694723870895e-06,2.7286462379818945e-06,1.741167641804903e-11,5.27091853463222e-11,1.1578040155211893e-18,1.1965613331101686e-18,4.896855540032856e-12,5.7891647541969346e-12,2.979790171646423e-12,6.3806923536366936e-12,8.65275339904447e-16,1.661051204129614e-15,1.3119218424805137e-08,2.616040839814484e-08,1.6765658701885962e-19,5.075848785941974e-19,0.006306581454171177,0.013035386664769817,3.39256698935738e-31,1.0000000000000938e-30,3.4551535220854626e-10,1.1241678947423182e-09,1.945247446275373e-11,6.178063252337729e-11
2.029,1327.7028798492897,5.1931251433400005,0.16885721959415662,13.366438796446232,0.4961711968152843,0.07380365301713221,5.42837781155447e-06,4.0372568482548823e-07,7.665837936495426e-13,9.049159708145769e-13,1.3955065220061175e-13,3.2946591086337486e-13,8.438418879746888e-08,1.0588747022329056e-07,0.19660645384161937,0.26132912693825633,1.047154893270018e-15,2.550114043626026e-15,1.8758897939375796e-13,4.707830401130743e-13,6.969986345669082e-13,7.213607453796545e-13,2.4812648237475026e-06,2.7525317188224016e-06,0.011171737315949505,0.013223976844122425,0.25598847161822746,0.5290409594874214,0.03373113316714711,0.10952877051821329,7.825312532407819e-08,1.6754248367183107e-07,2.7843584585256088e-06,6.1684834950035426e-06,7.783248753461629e-07,1.8400783179760452e-06,1.1559646742288922e-05,2.392737941452183e-05,2.7256770590325827e-09,5.844611906437226e-09,1.2294149162611074e-06,2.7276439985081144e-06,1.739561169378085e-11,5.266067455739129e-11,1.1572856151954875e-18,1.1960283243730578e-18,4.894746354401713e-12,5.786684511768235e-12,2.9782207642642537e-12,6.377346382397773e-12,8.647034738317532e-16,1.6599572143469852e-15,1.3119190413865601e-08,2.616041258270807e-08,1.67542454114496e-19,5.072405022708921e-19,0.006306566980159339,0.01303538666477299,3.3925592031961585e-31,1.0000000000000941e-30,3.4530101269400694e-10,1.1234730986719466e-09,1.9441048625001373e-11,6.174448602071286e-11
2.0300000000000002,1327.6573442403987,5.193260958684333,0.16885280360166083,13.372361114457362,0.49617483851638955,0.07380436389785097,5.4257916006073555e-06,4.035342651821119e-07,7.657419754487279e-13,9.039243163574908e-13,1.3939530312554204e-13,3.2909990080500064e-13,8.433078169346136e-08,1.0582069618907464e-07,0.1966035107572919,0.2613258140630129,1.0459750620842715e-15,2.5472466652011248e-15,1.8743847014013327e-13,4.704063926489582e-13,6.961629305566431e-13,7.204974827925645e-13,2.4798061824892493e-06,2.750919916347533e-06,0.011170578874284274,0.013222635909520351,0.25598769437532937,0.5290405659770624,0.033732397400086836,0.10953312672078216,7.822814747070797e-08,1.6748938923315795e-07,2.7843949843926912e-06,6.168578555621127e-06,7.780273662216061e-07,1.8393791778205743e-06,1.1551779719048049e-05,2.3911150232297856e-05,2.723467486312674e-09,5.839887353699249e-09,1.228960822144719e-06,2.7266427722630317e-06,1.7379565280869035e-11,5.2612218839612595e-11,1.156767388188697e-18,1.1954954891489109e-18,4.892638379993558e-12,5.784205674595671e-12,2.9766523540257543e-12,6.3740025141577196e-12,8.641320511819846e-16,1.6588640663889371e-15,1.3119162436426644e-08,2.6160416764900197e-08,1.6742840934832282e-19,5.068963898681353e-19,0.006306552522827906,0.013035386664776162,3.3925514260080017e-31,1.0000000000000936e-30,3.450869330989594e-10,1.1227791421199783e-09,1.9429632854316714e-11,6.170837116184919e-11
2.031,1327.611816185255,5.19339677096652,0.16884838793969198,13.378283587346811,0.49617847768427387,0.07380507421007136,5.423206889511866e-06,4.0334295514494823e-07,7.649011809683678e-13,9.029338634279863e-13,1.3924014696603054e-13,3.287343436577015e-13,8.427741491704599e-08,1.0575397217371129e-07,0.19660056940212464,0.26132250278073244,1.0447967089292777e-15,2.5443828663422965e-15,1.8728810125727325e-13,4.700300944997978e-13,6.953283885355769e-13,7.196354169562661e-13,2.4783488009355996e-06,2.7493094966502822e-06,0.011169421768381276,0.013221296514995528,0.25598691636743076,0.5290401694864908,0.03373366183765829,0.10953748331845674,7.820317982692416e-08,1.6743631596794406e-07,2.784431488102225e-06,6.168673551292445e-06,7.777300864522963e-07,1.8386805718361018e-06,1.1543921225405766e-05,2.3894938568095343e-05,2.721260484407395e-09,5.8351682764557346e-09,1.2285071873687519e-06,2.7256425533492155e-06,1.7363537145730704e-11,5.2563818092271523e-11,1.156249334945114e-18,1.1949628279065505e-18,4.890531609587237e-12,5.781728234191982e-12,2.975084939115576e-12,6.370660745092806e-12,8.635610712266125e-16,1.6577717588772496e-15,1.3119134492448992e-08,2.6160420944735457e-08,1.6731445189688425e-19,5.065525388992136e-19,0.006306538082154545,0.01303538666477932,3.3925436577808994e-31,1.0000000000000915e-30,3.448731120531181e-10,1.1220860206432773e-09,1.941822712960661e-11,6.167228788051696e-11
2.032,1327.5662956734245,5.193532580199658,0.16884397260779047,13.384206215111101,0.49618211432231557,0.07380578395455031,5.420623677715764e-06,4.0315175467663614e-07,7.640614089459326e-13,9.019446105550249e-13,1.3908518344833722e-13,3.2836923878238103e-13,8.422408843705496e-08,1.0568729813934043e-07,0.19659762977384046,0.2613191930893598,1.0436198318111665e-15,2.5415226422502536e-15,1.8713787263044686e-13,4.696541453847174e-13,6.944950067241014e-13,7.187745460465596e-13,2.4768926777295884e-06,2.7477004582574084e-06,0.011168265996413174,0.013219958658453403,0.2559861375956137,0.5290397700198176,0.033734926479529574,0.10954184031051932,7.81782223969654e-08,1.6738326388642923e-07,2.784467969691499e-06,6.168768482120971e-06,7.774330360531074e-07,1.8379825000735719e-06,1.1536071261443845e-05,2.3878744422417766e-05,2.7190560522762214e-09,5.830454672571358e-09,1.2280540122440789e-06,2.7246433424809796e-06,1.7347527263060577e-11,5.25154722397114e-11,1.1557314552512648e-18,1.1944303404350433e-18,4.888426041975854e-12,5.779252189180237e-12,2.973518519020699e-12,6.367321074168154e-12,8.629905336137679e-16,1.6566802911567952e-15,1.3119106581887042e-08,2.616042512221644e-08,1.6720058196529583e-19,5.062089499914568e-19,0.006306523658116727,0.013035386664782522,3.392535898502741e-31,1.000000000000095e-30,3.4465954957456885e-10,1.121393734315928e-09,1.940683144012082e-11,6.163623614329664e-11
2.033,1327.5207826922692,5.19366838640412,0.16883955760526045,13.39012899774678,0.4961857484309009,0.07380649313159807,5.41804196384899e-06,4.0296066367897613e-07,7.632226579030304e-13,9.009565560126831e-13,1.389304122704806e-13,3.2800458547324123e-13,8.417080221046953e-08,1.0562067403322647e-07,0.19659469187313464,0.26131588499078506,1.0424444284237806e-15,2.5386659873649926e-15,1.8698778409647361e-13,4.692785449012248e-13,6.936627831374821e-13,7.179148680268822e-13,2.4754378111624797e-06,2.7460927993053203e-06,0.011167111556580431,0.01321862233783196,0.25598535806393163,0.5290393675872829,0.033736191322402215,0.10954619768661678,7.815327517478916e-08,1.673302329768359e-07,2.784504429211033e-06,6.168863348239356e-06,7.771362147957811e-07,1.837284962009061e-06,1.1528229816712515e-05,2.386256777396805e-05,2.7168541863972583e-09,5.825746534589686e-09,1.2276012963174562e-06,2.7236451386772284e-06,1.7331535605040203e-11,5.246718119866406e-11,1.1552137490001803e-18,1.1938980266334875e-18,4.886321680255682e-12,5.7767775432706524e-12,2.971953092772672e-12,6.363983499373416e-12,8.624204378592343e-16,1.6555896623183068e-15,1.3119078704690893e-08,2.6160429297336555e-08,1.6708679969312713e-19,5.058656235737354e-19,0.006306509250692003,0.013035386664785688,3.39252814816144e-31,1.0000000000000955e-30,3.4444624532573024e-10,1.1207022820547552e-09,1.9395445772251167e-11,6.160021590768911e-11
2.0340000000000003,1327.4752772339584,5.193804189584781,0.16883514293190985,13.396051935250398,0.4961893800164595,0.07380720174242233,5.415461745661419e-06,4.027696819883007e-07,7.62384926091437e-13,8.999696977564429e-13,1.3877583313046015e-13,3.2764038302441346e-13,8.41175561790298e-08,1.055540997835042e-07,0.19659175569463447,0.26131257847882705,1.0412704963455348e-15,2.5358128958452088e-15,1.8683783541542297e-13,4.689032924541855e-13,6.928317155546351e-13,7.170563806159933e-13,2.4739841991039452e-06,2.7444865174626183e-06,0.011165958447124934,0.013217287551117885,0.2559845777703645,0.5290389621865639,0.03373745636905414,0.10955055545612478,7.812833813846936e-08,1.6727722319337446e-07,2.7845408666700585e-06,6.168958149688654e-06,7.768396220050611e-07,1.836587956061802e-06,1.1520396862734376e-05,2.3846408564131994e-05,2.7146548791035035e-09,5.821043846165574e-09,1.2271490377984312e-06,2.7226479379899356e-06,1.731556214065204e-11,5.2418944876173424e-11,1.1546962164388145e-18,1.1933658867667208e-18,4.884218519337172e-12,5.774304290495726e-12,2.9703886589357598e-12,6.360648017697393e-12,8.618507833452597e-16,1.6544998711960965e-15,1.311905086081935e-08,2.616043347010604e-08,1.6697310455648676e-19,5.055225580662305e-19,0.006306494859858097,0.013035386664788836,3.3925204067450235e-31,1.0000000000000966e-30,3.442331983472067e-10,1.1200116607533675e-09,1.938407010800878e-11,6.156422711727941e-11
2.035,1327.4297792869752,5.193939989758393,0.16883072858716053,13.401975027618525,0.496193009080868,0.07380790978755504,5.412883022493361e-06,4.025788095592323e-07,7.615482122306995e-13,8.989840342939414e-13,1.386214457487395e-13,3.2727663078305353e-13,8.406435031041239e-08,1.0548757535085442e-07,0.1965888212375564,0.2613092735534098,1.0400980335259927e-15,2.5329633627533614e-15,1.8668802646946799e-13,4.685283877548997e-13,6.920018021814244e-13,7.161990819744926e-13,2.4725318401626675e-06,2.742881611217707e-06,0.011164806666230915,0.013215954296229829,0.255983796717474,0.5290385538248178,0.03373872161767225,0.1095549136135135,7.810341129140823e-08,1.6722423454448632e-07,2.7845772821140224e-06,6.169052886590282e-06,7.765432576850789e-07,1.83589148225723e-06,1.1512572398972053e-05,2.3830266792128873e-05,2.7124581292023982e-09,5.816346604836899e-09,1.2266972369550216e-06,2.721651741038155e-06,1.729960684446262e-11,5.2370763196186636e-11,1.1541788573409404e-18,1.1928339206105683e-18,4.882116560093644e-12,5.7718324319374946e-12,2.968825216935354e-12,6.357314627972889e-12,8.612815697028003e-16,1.6534109171019181e-15,1.3119023050224875e-08,2.6160437640523017e-08,1.66859496805734e-19,5.051797542332126e-19,0.006306480485592619,0.013035386664792007,3.3925126742414354e-31,1.0000000000000982e-30,3.4402040863780004e-10,1.1193218704229822e-09,1.937270443647561e-11,6.152826973810944e-11
2.036,1327.38428884022,5.194075786940456,0.16882631457047534,13.407898274847751,0.49619663562638894,0.07380861726758399,5.410305792864021e-06,4.023880462853101e-07,7.607125148102514e-13,8.979995638611079e-13,1.3846724982859375e-13,3.2691332805571087e-13,8.401118455949819e-08,1.0542110067989686e-07,0.19658588850070924,0.2613059702139097,1.0389270376824293e-15,2.5301173825860173e-15,1.8653835708319927e-13,4.6815383037013e-13,6.911730410122564e-13,7.153429700440634e-13,2.471080732578392e-06,2.7412780786495974e-06,0.011163656212114667,0.01321462257112403,0.2559830149074099,0.5290381425083387,0.03373998706685885,0.10955927215459958,7.807849462491605e-08,1.671712670127189e-07,2.7846136755812155e-06,6.1691475590496685e-06,7.762471215278658e-07,1.8351955398828582e-06,1.1504756411862117e-05,2.3814142430213768e-05,2.7102639324705747e-09,5.811654801642231e-09,1.2262458930990103e-06,2.7206565463192736e-06,1.7283669688334885e-11,5.232263607446291e-11,1.1536616716750192e-18,1.1923021281420273e-18,4.880015803024224e-12,5.76936196823544e-12,2.967262765748e-12,6.353983328071333e-12,8.607127964332828e-16,1.6523227990987947e-15,1.3118995272860603e-08,2.6160441808586366e-08,1.6674597641104747e-19,5.048372119906692e-19,0.006306466127873256,0.013035386664795116,3.3925049506386792e-31,1.0000000000000962e-30,3.4380787575160507e-10,1.1186329096278471e-09,1.9361348743385864e-11,6.149234372558589e-11
2.037,1327.3388058864543,5.194211581133995,0.16882190088172253,13.413821676934667,0.49620025966015213,0.0738093241838204,5.407730054667638e-06,4.0219739201358377e-07,7.598778321265096e-13,8.97016284465965e-13,1.383132450752741e-13,3.2655047415357924e-13,8.395805887019455e-08,1.0535467570147816e-07,0.19658295747802154,0.26130266845321426,1.0377575064645696e-15,2.5272749496750706e-15,1.863888270252368e-13,4.677796197261517e-13,6.903454298743243e-13,7.144880425932744e-13,2.4696308742896277e-06,2.73967591750304e-06,0.01116250708302322,0.013213292373792969,0.2559822323374334,0.5290377282333142,0.033741252720103365,0.10956363109106834,7.805358811871886e-08,1.671183205558143e-07,2.784650047077264e-06,6.1692421670998376e-06,7.759512128963181e-07,1.8345001274480223e-06,1.1496948874632087e-05,2.3798035423298875e-05,2.708072281653529e-09,5.806968421120143e-09,1.2257950045599193e-06,2.7196623501512763e-06,1.7267750641848828e-11,5.2274563419847606e-11,1.1531446596755444e-18,1.1917705096130174e-18,4.877916242037131e-12,5.7668928922368796e-12,2.9657013040201023e-12,6.35065411515706e-12,8.601444629439686e-16,1.6512355160689302e-15,1.311896752868641e-08,2.6160445974308234e-08,1.6663254287079067e-19,5.044949298261117e-19,0.006306451786677849,0.013035386664798303,3.392497235924832e-31,1.0000000000001001e-30,3.435955987865814e-10,1.1179447754480536e-09,1.935000301129161e-11,6.1456449025007e-11
2.0380000000000003,1327.2933304152107,5.194347372352544,0.16881748752042897,13.419745233875881,0.4962038811851989,0.07381003053696704,5.405155806540029e-06,4.020068466462496e-07,7.590441627031578e-13,8.960341943847628e-13,1.3815943119838357e-13,3.2618806839810684e-13,8.39049731990607e-08,1.0528830036231826e-07,0.19658002816751952,0.2612993682696561,1.0365894376509014e-15,2.524436058665837e-15,1.8623943612647417e-13,4.674057554055095e-13,6.895189667989925e-13,7.13634297601951e-13,2.468182263589702e-06,2.738075125916326e-06,0.011161359277175747,0.013211963702196006,0.25598144900890263,0.5290373110043959,0.03374251857679844,0.10956799042130151,7.802869176536367e-08,1.6706539515896301e-07,2.7846863966362657e-06,6.169336710836858e-06,7.756555315091124e-07,1.833805244303152e-06,1.1489149774949624e-05,2.3781945746185577e-05,2.705883172827877e-09,5.802287454951885e-09,1.225344570735586e-06,2.7186691512223414e-06,1.7251849677316078e-11,5.222654514945295e-11,1.1526278213060764e-18,1.1912390649954363e-18,4.875817876526533e-12,5.764425203274733e-12,2.9641408307948396e-12,6.3473269872439024e-12,8.595765687564996e-16,1.6501490671140594e-15,1.3118939817656712e-08,2.6160450137689734e-08,1.6651919618530063e-19,5.041529077467995e-19,0.006306437461984161,0.013035386664801476,3.3924895300879236e-31,1.0000000000001008e-30,3.4338357733792267e-10,1.1172574665814753e-09,1.9338667226326103e-11,6.142058559304316e-11
2.039,1327.2478624155551,5.194483160611102,0.16881307448607388,13.425668945668018,0.49620750020401155,0.07381073632764414,5.402583047572948e-06,4.018164101194124e-07,7.582115051958632e-13,8.950532920495153e-13,1.3800580791674537e-13,3.258261101324948e-13,8.385192750990871e-08,1.0522197461823707e-07,0.19657710056780173,0.2612960696623308,1.0354228291461062e-15,2.521600704510831e-15,1.8609018425082713e-13,4.67032237073614e-13,6.886936499407419e-13,7.12781733177298e-13,2.466734898981707e-06,2.7364757022604107e-06,0.01116021279277817,0.013210636554276883,0.255980664923737,0.5290368908273999,0.03374378463576805,0.10957235014183539,7.800380556425724e-08,1.67012490822043e-07,2.78472272429823e-06,6.169431190369955e-06,7.753600772649598e-07,1.8331108902243079e-06,1.148135910793934e-05,2.3765873389110292e-05,2.703696603804164e-09,5.79761189853664e-09,1.2248945915722782e-06,2.7176769494374323e-06,1.723596676863958e-11,5.2178581185206724e-11,1.1521111564142189e-18,1.1907077941413396e-18,4.873720706560605e-12,5.761958901478747e-12,2.9625813453641237e-12,6.344001942878283e-12,8.590091134647188e-16,1.6490634514745011e-15,1.3118912139725096e-08,2.616045429873056e-08,1.6640593647311163e-19,5.03811146117842e-19,0.00630642315376994,0.013035386664804631,3.392481833116001e-31,1.0000000000001026e-30,3.4317181125586424e-10,1.116570982555784e-09,1.9327341376554153e-11,6.138475339249871e-11
2.04,1327.2024018777588,5.194618945920899,0.16880866177825923,13.431592812307715,0.49621111672047646,0.07381144155667906,5.400011775968897e-06,4.0162608230302387e-07,7.573798580075917e-13,8.940735755938579e-13,1.3785237493376383e-13,3.254645986635148e-13,8.379892175242287e-08,1.0515569840732144e-07,0.19657417467603885,0.26129277262842965,1.0342576786268026e-15,2.5187688816069553e-15,1.859410711972799e-13,4.666590642328909e-13,6.878694772240705e-13,7.119303471884283e-13,2.465288778564713e-06,2.734877644457922e-06,0.01115906762807195,0.013209310928021011,0.2559798800824261,0.529036467705175,0.03374505089727118,0.10957671025386334,7.79789295011943e-08,1.6695960751578254e-07,2.784759030089575e-06,6.169525605778088e-06,7.750648497045737e-07,1.8324170641411037e-06,1.1473576853923056e-05,2.3749818311667108e-05,2.7015125689598487e-09,5.792941739911579e-09,1.2244450659253619e-06,2.7166857422810243e-06,1.7220101886744854e-11,5.2130671440019585e-11,1.1515946650834896e-18,1.1901766971465607e-18,4.871624730444451e-12,5.759493984894081e-12,2.961022846536594e-12,6.340678979571506e-12,8.58442096523218e-16,1.647978668123174e-15,1.3118884494847313e-08,2.6160458457434063e-08,1.6629276352066787e-19,5.034696442988912e-19,0.006306408862013091,0.013035386664807762,3.392474144997165e-31,1.0000000000001013e-30,3.429602998841064e-10,1.1158853212504917e-09,1.9316025446279913e-11,6.1348952374231e-11
2.041,1327.1569487900238,5.194754728299816,0.16880424939637081,13.437516833791628,0.49621473073588596,0.0738121462245142,5.397441990786646e-06,4.014358631307205e-07,7.565492197937882e-13,8.930950434494365e-13,1.376991319647256e-13,3.251035333259782e-13,8.374595589029969e-08,1.0508947168524076e-07,0.19657125049201474,0.26128947716862044,1.0330939839675287e-15,2.515940584833e-15,1.8579209683086075e-13,4.662862365515088e-13,6.870464468041916e-13,7.110801377431998e-13,2.4638439008372036e-06,2.7332809508745487e-06,0.011157923781269185,0.013207986821379162,0.2559790944880632,0.5290360416459573,0.03374631735895506,0.10958107075009918,7.79540635756769e-08,1.6690674524025936e-07,2.7847953140570305e-06,6.169619957185311e-06,7.747698487372996e-07,1.8317237658546741e-06,1.1465803008340269e-05,2.3733780504742585e-05,2.6993310661723347e-09,5.788276974618753e-09,1.2239959937662548e-06,2.7156955297137717e-06,1.720425500558678e-11,5.20828158359714e-11,1.1510783471397903e-18,1.1896457738406904e-18,4.8695299498768286e-12,5.757030455578058e-12,2.959465333583982e-12,6.3373580958265144e-12,8.578755175204406e-16,1.6468947162899394e-15,1.3118856882975547e-08,2.616046261379684e-08,1.6617967750249718e-19,5.031284028245597e-19,0.006306394586691462,0.013035386664810916,3.3924664657195057e-31,1.0000000000001026e-30,3.427490430850369e-10,1.1152004822327328e-09,1.9304719423637336e-11,6.131318250126049e-11
2.0420000000000003,1327.1115031439408,5.194890507754921,0.1687998373401459,13.443441010116425,0.49621834225569916,0.07381285033220926,5.394873689837859e-06,4.012457524433659e-07,7.557195888462117e-13,8.921176936184924e-13,1.3754607871026756e-13,3.2474291342007905e-13,8.369302986682777e-08,1.0502329438204944e-07,0.1965683280113143,0.2612861832779806,1.0319317427736252e-15,2.513115808411938e-15,1.8564326091975242e-13,4.659137534545507e-13,6.862245565090127e-13,7.102311026106423e-13,2.462400263719984e-06,2.731685619234978e-06,0.011156781250633279,0.013206664232362315,0.2559783081395415,0.5290356126492844,0.03374758402267589,0.10958543163692051,7.792920776697925e-08,1.6685390395223456e-07,2.784831576215128e-06,6.169714244644118e-06,7.744750737265021e-07,1.8310309938752523e-06,1.1458037544291638e-05,2.371775991298121e-05,2.697152088157337e-09,5.7836175871313895e-09,1.2235473734139554e-06,2.7147063080299537e-06,1.718842609481314e-11,5.2035014282099026e-11,1.1505622027963027e-18,1.1891150244535247e-18,4.867436361054759e-12,5.7545683090832905e-12,2.9579088051052735e-12,6.3340392887053265e-12,8.573093758514597e-16,1.6458115948333467e-15,1.3118829304067934e-08,2.616046676782643e-08,1.660666779842979e-19,5.027874203861314e-19,0.006306380327783082,0.013035386664814056,3.392458795271196e-31,1.0000000000001017e-30,3.425380399542093e-10,1.114516462574527e-09,1.9293423291173696e-11,6.127744371886043e-11
2.043,1327.0660649288602,5.195026284300463,0.16879542560908858,13.449365341278787,0.4962219512825977,0.07381355388041216,5.392306871809215e-06,4.0105575014690496e-07,7.548909637150674e-13,8.911415244083264e-13,1.373932148826778e-13,3.243827382735074e-13,8.36401436396425e-08,1.0495716644580483e-07,0.19656540723232105,0.26128289095531226,1.0307709528493392e-15,2.510294547051048e-15,1.85494563299961e-13,4.65541614537311e-13,6.85403804402292e-13,7.093832398038503e-13,2.460957865542448e-06,2.7300916477171504e-06,0.011155640034397103,0.013205343158945495,0.25597752103854143,0.5290351807204648,0.033748850887491876,0.1095897929116212,7.79043620684562e-08,1.668010836386189e-07,2.7848678165999606e-06,6.169808468254901e-06,7.741805244151406e-07,1.8303387476105192e-06,1.1450280450438724e-05,2.3701756513237558e-05,2.6949756312317033e-09,5.778963569644618e-09,1.2230992043367118e-06,2.7137180760737028e-06,1.7172615127170367e-11,5.198726669681858e-11,1.1500462319989736e-18,1.1885844489386817e-18,4.865343963826573e-12,5.752107545279201e-12,2.9563532601725273e-12,6.330722556283008e-12,8.567436710479335e-16,1.644729302874144e-15,1.3118801758078594e-08,2.6160470919522856e-08,1.6595376496933204e-19,5.024466969996608e-19,0.006306366085265885,0.0130353866648172,3.392451133640376e-31,1.0000000000001017e-30,3.423272901212304e-10,1.1138332610855198e-09,1.9282137035366863e-11,6.124173598478764e-11
2.044,1327.020634134769,5.1951620579486395,0.1687910142027696,13.45528982727541,0.4962255578201511,0.07381425686990274,5.389741536069365e-06,4.008658561979982e-07,7.540633431392396e-13,8.901665343489235e-13,1.3724054021332827e-13,3.240230072589912e-13,8.358729717673547e-08,1.0489108783755742e-07,0.1965624881525381,0.2612796001982463,1.0296116122258863e-15,2.50747679601021e-15,1.85346003852184e-13,4.651698195072318e-13,6.84584188726595e-13,7.085365475209313e-13,2.4595167049384493e-06,2.7284990348366995e-06,0.011154500130774157,0.013204023599080687,0.25597673318586245,0.5290347458629838,0.033750117953342,0.10959415457435492,7.787952648285482e-08,1.667482843064312e-07,2.7849040352461598e-06,6.169902628114786e-06,7.738862007813438e-07,1.8296470270241242e-06,1.144253172535523e-05,2.36857703028833e-05,2.6928016940292277e-09,5.7743149193216715e-09,1.2226514867292028e-06,2.7127308343008556e-06,1.7156822077664255e-11,5.1939573005383604e-11,1.1495304345644777e-18,1.1880540471161624e-18,4.863252756669971e-12,5.749648162414687e-12,2.95479869823387e-12,6.327407897439819e-12,8.561784027508442e-16,1.6436478397429136e-15,1.3118774244963267e-08,2.6160475068889275e-08,1.658409385772412e-19,5.021062330335467e-19,0.006306351859117825,0.013035386664820346,3.3924434808151846e-31,1.0000000000001038e-30,3.4211679355288045e-10,1.1131508776723864e-09,1.9270860645331327e-11,6.12060592651715e-11
2.045,1326.9752107537875,5.195297828704923,0.16878660312097837,13.461214468102995,0.49622916187432925,0.07381495930181527,5.3871776798561156e-06,4.006760703948041e-07,7.532367252553101e-13,8.891927212591768e-13,1.3708805439293031e-13,3.2366371965322966e-13,8.353449041249532e-08,1.0482505847618472e-07,0.1965595707670235,0.2612763110011544,1.0284537183620125e-15,2.504662549154905e-15,1.851975823042459e-13,4.647983676880539e-13,6.837657071718103e-13,7.076910233879067e-13,2.458076779575715e-06,2.7269077780373153e-06,0.011153361538057092,0.013202705550813057,0.25597594457985384,0.5290343080752445,0.033751385222623505,0.10959851663325423,7.785470098080143e-08,1.6669550589390934e-07,2.78494023216158e-06,6.1699967242613755e-06,7.735921019638331e-07,1.8289558300950748e-06,1.1434791332855987e-05,2.3669801207338586e-05,2.690630267117984e-09,5.769671616029633e-09,1.2222042182226851e-06,2.711744577479579e-06,1.7141046914166168e-11,5.189193311144527e-11,1.1490148108496005e-18,1.1875238193641263e-18,4.861162735195957e-12,5.747190155349183e-12,2.9532451175762852e-12,6.324095308569236e-12,8.556135702662663e-16,1.6425672041272066e-15,1.311874676468086e-08,2.6160479215934263e-08,1.6572819822617252e-19,5.017660267322894e-19,0.006306337649317069,0.013035386664823507,3.392435836783874e-31,1.0000000000001062e-30,3.419065490272984e-10,1.11246930837423e-09,1.9259594101289873e-11,6.117041349789709e-11
2.0460000000000003,1326.9297947739824,5.195433596587791,0.1687821923630818,13.467139263758266,0.4962327634461976,0.07381566117655654,5.384615302697121e-06,4.004863927057956e-07,7.524111088609962e-13,8.882200837384215e-13,1.3693575714945006e-13,3.2330487482087136e-13,8.348172331812521e-08,1.047590783267621e-07,0.196556655075787,0.26127302336499714,1.0272972692847898e-15,2.5018518017346206e-15,1.850492985546825e-13,4.644272588319567e-13,6.829483580332328e-13,7.068466656573565e-13,2.456638088175506e-06,2.725317875931454e-06,0.011152224254456822,0.013201389012091305,0.2559751552238074,0.52903386736588,0.03375265269277795,0.1096028790803623,7.782988556859725e-08,1.6664274841567825e-07,2.78497640739653e-06,6.170090756826488e-06,7.732982280487715e-07,1.828265157042375e-06,1.1427059275757699e-05,2.3653849232756354e-05,2.6884613501016287e-09,5.765033659010963e-09,1.2217573993286692e-06,2.7107593067685667e-06,1.7125289612437324e-11,5.1844346942539156e-11,1.1484993605722421e-18,1.1869937654004599e-18,4.859073901291272e-12,5.744733526361776e-12,2.9516925177296937e-12,6.32078478872643e-12,8.550491732589538e-16,1.6414873954031565e-15,1.3118719317183664e-08,2.61604833606539e-08,1.6561554424148407e-19,5.014260790870967e-19,0.0063063234558415945,0.013035386664826626,3.392428201534594e-31,1.0000000000001048e-30,3.416965566589257e-10,1.111788553578095e-09,1.9248337393381467e-11,6.11347986523444e-11
2.047,1326.8843861866308,5.195569361605445,0.16877778192878076,13.473064214237956,0.49623636254076314,0.07381636249511798,5.3820544029623405e-06,4.002968230133269e-07,7.515864924170932e-13,8.872486199881912e-13,1.3678364819752302e-13,3.229464720950656e-13,8.34289958458805e-08,1.046931473305835e-07,0.1965537410748701,0.26126973728545416,1.026142262773787e-15,2.499044548395884e-15,1.849011524120746e-13,4.640564924653313e-13,6.821321393031684e-13,7.060034722682074e-13,2.455200628923231e-06,2.723729326536995e-06,0.011151088278231995,0.013200073980920273,0.2559743651170452,0.5290334237353059,0.03375392036522283,0.10960724192063082,7.780508023371911e-08,1.6659001184605272e-07,2.78501256097103e-06,6.170184725874704e-06,7.730045786139144e-07,1.8275750068829686e-06,1.1419335536097954e-05,2.3637914342276e-05,2.6862949377856713e-09,5.760401037218853e-09,1.2213110290196985e-06,2.709775019911858e-06,1.7109550144246852e-11,5.179681441411204e-11,1.1479840838115865e-18,1.186463885316403e-18,4.856986251648787e-12,5.742278271590831e-12,2.950140897599714e-12,6.3174763356294536e-12,8.544852112143623e-16,1.6404084126026143e-15,1.3118691902429566e-08,2.6160487503054823e-08,1.6550297637540656e-19,5.010863893539307e-19,0.006306309278669559,0.013035386664829738,3.392420575055601e-31,1.0000000000001038e-30,3.4148681584877225e-10,1.1111086113496615e-09,1.9237090506555613e-11,6.109921468140846e-11
2.048,1326.8389849793944,5.195705123777792,0.16877337181739596,13.47898931953882,0.4962399591583874,0.07381706325780023,5.379494979462553e-06,4.001073612325343e-07,7.507628745282637e-13,8.862783283798095e-13,1.3663172724747056e-13,3.225885107987596e-13,8.337630795612855e-08,1.046272654391204e-07,0.1965508287649682,0.26126645276439225,1.0249886966345227e-15,2.4962407838482887e-15,1.847531437276999e-13,4.636860682217138e-13,6.813170490994998e-13,7.051614412893104e-13,2.453764400225856e-06,2.7221421281175526e-06,0.011149953607623605,0.01319876045528389,0.25597357426353207,0.5290329771935355,0.03375518823672606,0.10961160514391328,7.778028497240213e-08,1.665372961780993e-07,2.785048692935184e-06,6.170278631537273e-06,7.727111534923441e-07,1.8268853792374352e-06,1.1411620106055775e-05,2.3621996520028872e-05,2.684131027296005e-09,5.755773744582026e-09,1.220865107025465e-06,2.7087917163333725e-06,1.709382848311578e-11,5.174933544691215e-11,1.1474689804298127e-18,1.1859341789789109e-18,4.8548997892554515e-12,5.739824394615958e-12,2.9485902563226816e-12,6.314169947490334e-12,8.539216836839764e-16,1.6393302548841598e-15,1.3118664520370076e-08,2.6160491643131032e-08,1.6539049480163194e-19,5.007469580647837e-19,0.006306295117779105,0.013035386664832872,3.3924129573351313e-31,1.000000000000104e-30,3.4127732634916695e-10,1.1104294808976763e-09,1.922585342819882e-11,6.106366154572328e-11
2.049,1326.7935911457616,5.1958408831059755,0.16876896202885766,13.484914579657616,0.49624355330678704,0.07381776346599611,5.376937029945231e-06,3.9991800719945404e-07,7.49940253475508e-13,8.853092069024464e-13,1.3647999400946798e-13,3.2223099025452906e-13,8.332365959084612e-08,1.0456143258076159e-07,0.19654791813939557,0.2612631697938596,1.0238365685333761e-15,2.493440502462361e-15,1.8460527226051386e-13,4.633159855029081e-13,6.805030852566223e-13,7.043205704960426e-13,2.4523293999812617e-06,2.7205562783718465e-06,0.01114882024092139,0.013197448433223383,0.255972782659849,0.5290325277353078,0.033756456311445644,0.10961596876405806,7.775549976165926e-08,1.6648460136372217e-07,2.7850848032890477e-06,6.1703724738344094e-06,7.724179519758552e-07,1.8261962724465433e-06,1.1403912956061558e-05,2.360609570512546e-05,2.6819696107682607e-09,5.751151764327858e-09,1.2204196314550049e-06,2.7078093918610924e-06,1.7078124598711276e-11,5.170190995001723e-11,1.1469540507163644e-18,1.1854046466964846e-18,4.8528145071806595e-12,5.737371887291303e-12,2.947040592470408e-12,6.310865621311964e-12,8.533585900580997e-16,1.638252921096866e-15,1.3118637170966867e-08,2.616049578089612e-08,1.6527809891463374e-19,5.004077833924132e-19,0.006306280973148498,0.013035386664835988,3.392405348361496e-31,1.0000000000001027e-30,3.4106808716198526e-10,1.1097511589890387e-09,1.9214626140415847e-11,6.102813918914448e-11
2.05,1326.7482046730092,5.195976639611193,0.1687645525624448,13.490839994591122,0.4962471449858777,0.07381846311993971,5.3743805538435455e-06,3.99728760875502e-07,7.491186280427957e-13,8.843412541390007e-13,1.3632844820770058e-13,3.21873909818017e-13,8.327105072022347e-08,1.0449564871930042e-07,0.19654500919930265,0.2612598883763266,1.0226858764571395e-15,2.490643699388875e-15,1.84457537906026e-13,4.629462440534317e-13,6.796902460612697e-13,7.034808581319183e-13,2.4508956268826063e-06,2.718971775880857e-06,0.01114768817635038,0.013196137912703606,0.2559719903104071,0.5290320753715565,0.03375772458569949,0.10962033276945715,7.773072460692887e-08,1.6643192741569007e-07,2.7851208920887773e-06,6.1704662529107565e-06,7.721249741369817e-07,1.8255076866969422e-06,1.1396214088243277e-05,2.359021190228984e-05,2.679810687642956e-09,5.746535095348014e-09,1.2199746027705213e-06,2.7068280475440987e-06,1.7062438466731202e-11,5.165453785076095e-11,1.1464392943834148e-18,1.18487528818102e-18,4.850730408892727e-12,5.734920753765443e-12,2.9454919055197093e-12,6.3075633560352715e-12,8.527959299872373e-16,1.6371764105893305e-15,1.311860985417105e-08,2.616049991634319e-08,1.6516578911007206e-19,5.000688665408336e-19,0.0063062668447559,0.013035386664839109,3.392397748122947e-31,1.0000000000001019e-30,3.4085909837957817e-10,1.1090736459387666e-09,1.92034086331936e-11,6.099264758056232e-11
2.051,1326.7028255530454,5.1961123932997255,0.16876014341792103,13.496765564336128,0.4962507342013203,0.07381916222071809,5.371825549282097e-06,3.995396221247526e-07,7.482979966288379e-13,8.833744682175055e-13,1.3617708955541335e-13,3.2151726881901144e-13,8.321848129270323e-08,1.0442991379123507e-07,0.19654210194006522,0.2612566085065814,1.0215366181432284e-15,2.4878503691710775e-15,1.8430994045479804e-13,4.625768433543832e-13,6.78878529456152e-13,7.026423020843239e-13,2.4494630790111055e-06,2.7173886185465688e-06,0.01114655741219081,0.013194828891754405,0.2559711972138396,0.5290316201012614,0.033758993061588145,0.10962469716727777,7.770595949170358e-08,1.663792742997783e-07,2.7851569593486784e-06,6.170559968818095e-06,7.71832219447553e-07,1.824819620754996e-06,1.1388523480318973e-05,2.357434506571634e-05,2.677654251737574e-09,5.741923724475916e-09,1.2195300196210578e-06,2.705847680408423e-06,1.7046770058296576e-11,5.160721906261785e-11,1.145924711584654e-18,1.1843461036006946e-18,4.8486474902117595e-12,5.732470989144459e-12,2.943944194244978e-12,6.304263149096755e-12,8.522337029204834e-16,1.6361007223234162e-15,1.3118582569941677e-08,2.616050404948057e-08,1.6505356501403211e-19,4.997302063840199e-19,0.0063062527325796185,0.013035386664842257,3.3923901566078145e-31,1.000000000000103e-30,3.406503592548255e-10,1.1083969393303907e-09,1.9192200890475204e-11,6.095718666966849e-11
2.052,1326.6574537748193,5.196248144187482,0.16875573459473722,13.502691288889439,0.49625432095504923,0.07381986076886374,5.369272015097359e-06,3.993505908642211e-07,7.474783578475023e-13,8.824088475199379e-13,1.360259177706774e-13,3.211610665986758e-13,8.316595126877672e-08,1.0436422774818098e-07,0.19653919636079753,0.26125333018438085,1.0203887914565e-15,2.48506050666244e-15,1.8416247975626223e-13,4.622077830345974e-13,6.780679335775514e-13,7.018049004409448e-13,2.448031754786975e-06,2.715806804646978e-06,0.011145427946696842,0.013193521368374669,0.25597040337250954,0.52903116193111,0.033760261737479196,0.10962906195256505,7.768120441168777e-08,1.6632664200790732e-07,2.7851930051092803e-06,6.1706536216662976e-06,7.715396877175676e-07,1.8241320741865608e-06,1.1380841123701584e-05,2.3558495177946956e-05,2.675500300023298e-09,5.7373176453074746e-09,1.2190858816732997e-06,2.7048682897379417e-06,1.703111934712159e-11,5.155995350691063e-11,1.1454103022190117e-18,1.18381709286037e-18,4.846565751930626e-12,5.730022594413547e-12,2.9423974578016725e-12,6.300964998748833e-12,8.516719084166014e-16,1.6350258554714858e-15,1.3118555318232732e-08,2.616050818030643e-08,1.649414267161853e-19,4.993918031995225e-19,0.006306238636597952,0.013035386664845414,3.39238257380442e-31,1.0000000000001034e-30,3.4044186951219523e-10,1.1077210382818353e-09,1.9181002899601234e-11,6.092175641694392e-11
2.053,1326.6120893292618,5.196383892283994,0.16875132609255156,13.508617168247872,0.4962579052514423,0.0738205587652721,5.3667199496381775e-06,3.9916166697464597e-07,7.466597101694639e-13,8.814443902591815e-13,1.3587493256880486e-13,3.208053024916401e-13,8.311346060077621e-08,1.0429859053151199e-07,0.19653629245815746,0.2612500534062144,1.019242394178419e-15,2.4822741065131828e-15,1.8401515562006588e-13,4.618390626230396e-13,6.772584564356557e-13,7.009686511589049e-13,2.446601652402686e-06,2.714226332207347e-06,0.011144299778145482,0.013192215340590162,0.2559696087863194,0.5290307008627,0.03376153061420065,0.10963342712835294,7.765645935424063e-08,1.66274030514127e-07,2.78522902939355e-06,6.1707472115262754e-06,7.712473785268393e-07,1.8234450460132346e-06,1.1373167000484638e-05,2.3542662202231515e-05,2.6733488273288936e-09,5.732716846844157e-09,1.2186421879000643e-06,2.7038898732769426e-06,1.7015486305233e-11,5.1512741099850876e-11,1.144896066358227e-18,1.1832882560434925e-18,4.844485191573416e-12,5.727575566693167e-12,2.9408516950846255e-12,6.297668902685656e-12,8.5111054595993835e-16,1.6339518090629915e-15,1.3118528099001717e-08,2.616051230882575e-08,1.6482937399261373e-19,4.990536563154284e-19,0.006306224556789238,0.013035386664848528,3.39237499970113e-31,1.0000000000001048e-30,3.402336285553472e-10,1.1070459408671478e-09,1.916981464563063e-11,6.08863567756209e-11
2.054,1326.5667322057238,5.196519637603914,0.16874691791085594,13.51454320240826,0.4962614870928863,0.07382125621054239,5.36416935171652e-06,3.9897285037120567e-07,7.458420522041225e-13,8.804810948118392e-13,1.357241336698051e-13,3.204499758436063e-13,8.30610092487694e-08,1.0423300209230672e-07,0.19653339023080438,0.2612467781712316,1.0180974241844632e-15,2.479491163602343e-15,1.838679678930067e-13,4.614706817419003e-13,6.764500961668102e-13,7.001335523258542e-13,2.445172770269788e-06,2.7126471994959152e-06,0.011143172904798474,0.013190910806408504,0.25596881345716804,0.5290302369017548,0.03376279969058132,0.10963779269118333,7.763172431443476e-08,1.6622143980900122e-07,2.785265032238993e-06,6.170840738501146e-06,7.709552916665007e-07,1.822758535756206e-06,1.1365501101349536e-05,2.352684611959609e-05,2.671199830464152e-09,5.728121322335297e-09,1.2181989379116947e-06,2.702912430184187e-06,1.6999870906336048e-11,5.146558176272928e-11,1.144382003919702e-18,1.1827595930739847e-18,4.842405809307242e-12,5.725129906228517e-12,2.939306905237806e-12,6.294374859134791e-12,8.505496151067014e-16,1.6328785822653017e-15,1.3118500912203354e-08,2.6160516435037905e-08,1.6471740688522322e-19,4.987157658646451e-19,0.0063062104931318665,0.01303538666485164,3.3923674342862953e-31,1.000000000000103e-30,3.400256360832994e-10,1.106371646121368e-09,1.9158636115777074e-11,6.085098770577412e-11
2.055,1326.5213823955432,5.196655380155501,0.16874251004935004,13.520469391367447,0.49626506648424895,0.07382195310564221,5.361620219678365e-06,3.9878414093441124e-07,7.450253824236849e-13,8.795189593925009e-13,1.3557352079149812e-13,3.2009508599508706e-13,8.300859716498712e-08,1.0416746237180633e-07,0.1965304896749055,0.261243504475267,1.0169538792739525e-15,2.476711672623324e-15,1.8372091638355446e-13,4.611026399171567e-13,6.756428507868741e-13,6.992996019046863e-13,2.4437451065816295e-06,2.7110694045387716e-06,0.011142047324939557,0.013189607763863187,0.25596801738445457,0.5290297700488267,0.03376406896794861,0.1096421586457109,7.760699927928982e-08,1.6616886986584876e-07,2.7853010136655176e-06,6.1709342026549935e-06,7.7066342670499e-07,1.8220725424101107e-06,1.1357843407984984e-05,2.351104689245079e-05,2.6690533041730962e-09,5.7235310606001275e-09,1.2177561306482512e-06,2.701935958131167e-06,1.698427312251686e-11,5.141847541193229e-11,1.143868114989169e-18,1.182231104049725e-18,4.8403276019791464e-12,5.722685609339394e-12,2.9377630871562204e-12,6.29108286579051e-12,8.499891153421022e-16,1.6318061741094416e-15,1.3118473757796014e-08,2.6160520558949347e-08,1.6460552514498128e-19,4.983781310991909e-19,0.00630619644560428,0.013035386664854789,3.3923598775483324e-31,1.0000000000001055e-30,3.3981789148536236e-10,1.1056981520717713e-09,1.914746729505547e-11,6.081564916049269e-11
2.056,1326.4760398894891,5.196791119948911,0.1687381025076719,13.526395735122287,0.4962686434296314,0.07382264945142468,5.359072552008305e-06,3.985955385550752e-07,7.442096993441975e-13,8.785579822674573e-13,1.354230936529675e-13,3.197406322895586e-13,8.29562243040554e-08,1.041019713142549e-07,0.19652759078739082,0.26124023231516713,1.0158117572731415e-15,2.4739356283349688e-15,1.8357400091182383e-13,4.607349367039949e-13,6.748367183523777e-13,6.984667979003373e-13,2.4423186595994727e-06,2.70949294543727e-06,0.011140923036849468,0.013188306210983994,0.25596722056834126,0.5290293003060416,0.03376533844686886,0.10964652499411821,7.758228423820387e-08,1.6611632066307843e-07,2.7853369736982974e-06,6.1710276040635246e-06,7.703717832766786e-07,1.821387065125433e-06,1.1350193904752128e-05,2.349526448873679e-05,2.666909243817105e-09,5.718946051781467e-09,1.2173137652476994e-06,2.7009604552284154e-06,1.6968692926409375e-11,5.137142196550222e-11,1.1433543996027264e-18,1.1817027890172744e-18,4.838250567459449e-12,5.720242673555291e-12,2.93622023980952e-12,6.287792920506797e-12,8.49429046173085e-16,1.6307345836681095e-15,1.311844663573696e-08,2.6160524680564138e-08,1.6449372863086223e-19,4.980407515980797e-19,0.006306182414184896,0.013035386664857875,3.3923523294756314e-31,1.000000000000104e-30,3.3961039424288927e-10,1.1050254570450744e-09,1.9136308169161685e-11,6.078034109502682e-11
2.057,1326.4307046763874,5.196926857000588,0.16873369528525564,13.532322233669655,0.496272217930708,0.07382334524838215,5.356526347792203e-06,3.984070431687274e-07,7.43395001660046e-13,8.775981619134896e-13,1.3527285197972504e-13,3.193866140856584e-13,8.290389063057378e-08,1.0403652887641035e-07,0.1965246935676341,0.2612369616910275,1.0146710561326384e-15,2.4711630257988486e-15,1.8342722134566516e-13,4.603675717773954e-13,6.740316970819461e-13,6.9763513848547e-13,2.4408934278677478e-06,2.707917820606858e-06,0.01113980003878849,0.01318700614577647,0.25596642301142125,0.5290288276805513,0.03376660812547006,0.1096508917306701,7.755757919052595e-08,1.6606379220040507e-07,2.785372912380315e-06,6.171120942841922e-06,7.700803612877755e-07,1.82070210369534e-06,1.1342552587053424e-05,2.3479498899250478e-05,2.6647676473032123e-09,5.714366291480851e-09,1.2168718416687414e-06,2.699985921407472e-06,1.6953130292800076e-11,5.132442134799597e-11,1.1428408575998967e-18,1.181174647820019e-18,4.836174706826275e-12,5.717801100198213e-12,2.934678362490962e-12,6.2845050218305454e-12,8.488694071998666e-16,1.6296638101930383e-15,1.3118419545980309e-08,2.6160528799880106e-08,1.64382017500571e-19,4.977036278447887e-19,0.006306168398852212,0.013035386664860989,3.3923447900566193e-31,1.0000000000001043e-30,3.394031442168934e-10,1.1043535606033035e-09,1.912515872655881e-11,6.074506347341472e-11
2.058,1326.3853767460282,5.197062591323922,0.16872928838163445,13.538248887006437,0.49627578999029703,0.07382404049717627,5.353981605587052e-06,3.9821865467155177e-07,7.425812879163915e-13,8.766394966311607e-13,1.3512279548939519e-13,3.1903303072338013e-13,8.285159610069492e-08,1.0397113500442741e-07,0.1965217980138503,0.2612336926014002,1.0135317736773968e-15,2.4683938597703436e-15,1.8328057751376135e-13,4.600005447140173e-13,6.732277850597887e-13,6.968046216935708e-13,2.4394694096904437e-06,2.7063440281961507e-06,0.011138678329039583,0.0131857075662728,0.2559656247151253,0.5290283521770985,0.03376787800304439,0.10965525885341072,7.753288412732525e-08,1.660112844598119e-07,2.7854088297446366e-06,6.171214219083331e-06,7.697891604247921e-07,1.82001765739353e-06,1.133491944127668e-05,2.346375009612672e-05,2.6626285104562746e-09,5.709791770834512e-09,1.2164303592012095e-06,2.6990123551157296e-06,1.69375851947201e-11,5.127747347865358e-11,1.1423274889684816e-18,1.1806466804545734e-18,4.8341000196772715e-12,5.715360888839695e-12,2.9331374542072663e-12,6.281219167694876e-12,8.48310197940446e-16,1.6285938527780664e-15,1.3118392488481753e-08,2.616053291689796e-08,1.6427039167477513e-19,4.973667596050996e-19,0.006306154399584758,0.01303538666486415,3.392337259279749e-31,1.000000000000108e-30,3.391961409594313e-10,1.103682461303157e-09,1.9114018953445195e-11,6.070981625249943e-11
2.059,1326.3400560896612,5.197198322927629,0.16872488179649353,13.544175695129534,0.49627935961300523,0.07382473519873367,5.351438323614245e-06,3.980303729347602e-07,7.417685565607146e-13,8.75681984605659e-13,1.3497292389822749e-13,3.186798815394493e-13,8.279934066495345e-08,1.0390578963740702e-07,0.1965189041224547,0.2612304250424412,1.0123939076789887e-15,2.465628124874654e-15,1.8313406921728265e-13,4.59633855021447e-13,6.724249802847387e-13,6.959752454697031e-13,2.4380466032151116e-06,2.704771566180111e-06,0.011137557905902458,0.013184410470524741,0.25596482567908324,0.5290278737966969,0.03376914808068736,0.10965962636623852,7.750819903385567e-08,1.659587974108269e-07,2.785444725811638e-06,6.17130743285269e-06,7.69498180213102e-07,1.8193337251126678e-06,1.132729444731625e-05,2.3448018038057576e-05,2.660491827611792e-09,5.705222477784562e-09,1.21598931664973e-06,2.6980397537239226e-06,1.69220576040519e-11,5.1230578273234544e-11,1.1418142938182833e-18,1.1801188870436169e-18,4.832026503215851e-12,5.712922036220411e-12,2.9315975137862092e-12,6.27793535564952e-12,8.47751417861994e-16,1.6275247104193914e-15,1.3118365463199518e-08,2.6160537031623032e-08,1.6415885088066077e-19,4.970301460589647e-19,0.006306140416361086,0.013035386664867218,3.3923297371334837e-31,1.000000000000105e-30,3.389893837988725e-10,1.1030121569734452e-09,1.9102888834442215e-11,6.067459938411289e-11
2.06,1326.2947426972773,5.197334051824489,0.16872047552938604,13.550102658035858,0.4962829268018748,0.07382542935374886,5.3488965005860004e-06,3.9784219786606863e-07,7.409568061846192e-13,8.747256241922759e-13,1.3482323692913744e-13,3.1832716588631536e-13,8.274712428192084e-08,1.038404927245342e-07,0.19651601189143716,0.2612271590124011,1.0112574560207212e-15,2.4628658160089863e-15,1.829876962952598e-13,4.592675023022832e-13,6.716232808877536e-13,6.951470078956403e-13,2.4366250068187886e-06,2.7032004327882574e-06,0.011136438767661072,0.01318311485656544,0.25596402590449,0.5290273925435984,0.033770418357923354,0.10966399426795097,7.748352390327483e-08,1.6590633103990143e-07,2.7854806006136883e-06,6.1714005842415606e-06,7.69207420391556e-07,1.818650306250134e-06,1.131967759378042e-05,2.3432302701772714e-05,2.658357595117683e-09,5.700658404588392e-09,1.215548713465772e-06,2.6970681160379754e-06,1.6906547494420903e-11,5.118373565277337e-11,1.1413012721093459e-18,1.1795912675550476e-18,4.829954156694736e-12,5.710484541503909e-12,2.9300585403208443e-12,6.2746535838122444e-12,8.471930665082064e-16,1.6264563822601017e-15,1.3118338470089939e-08,2.6160541144057118e-08,1.6404739509075213e-19,4.966937871291458e-19,0.0063061264491598296,0.013035386664870327,3.3923222236063334e-31,1.000000000000107e-30,3.387828723628096e-10,1.1023426464165667e-09,1.9091768356374535e-11,6.063941282708433e-11
2.061,1326.24943655965,5.197469778024835,0.16871606957994484,13.556029775722333,0.49628649156086996,0.07382612296305235,5.346356134945934e-06,3.976541293532039e-07,7.401460353039765e-13,8.737704136568387e-13,1.346737343024219e-13,3.179748831102227e-13,8.269494690581154e-08,1.0377524420952266e-07,0.19651312131785845,0.2612238945082917,1.0101224165320835e-15,2.460106927939304e-15,1.8284145856604169e-13,4.589014861071961e-13,6.708226849330305e-13,6.943199069840018e-13,2.435204618756213e-06,2.7016306261143283e-06,0.011135320912612694,0.01318182072244355,0.255963225391607,0.5290269084201173,0.033771688835212,0.10966836256038096,7.745885872434563e-08,1.6585388532407304e-07,2.785516454176091e-06,6.17149367332576e-06,7.68916880580153e-07,1.8179673999222541e-06,1.1312068864441149e-05,2.341660405398932e-05,2.6562258082095665e-09,5.696099541117851e-09,1.2151085487401947e-06,2.696097440063604e-06,1.6891054838571478e-11,5.1136945535634244e-11,1.1407884238864969e-18,1.179063822044363e-18,4.827882978149563e-12,5.7080484024146185e-12,2.928520532759825e-12,6.271373849991397e-12,8.466351433817036e-16,1.625388867364369e-15,1.3118311509110465e-08,2.6160545254203805e-08,1.6393602413855408e-19,4.963576823174716e-19,0.006306112497959653,0.013035386664873472,3.392314718686814e-31,1.0000000000001108e-30,3.385766061126888e-10,1.1016739278942586e-09,1.9080657504879928e-11,6.060425653647083e-11
2.062,1326.204137667297,5.197605501539781,0.1687116639477774,13.5619570481859,0.4962900538936893,0.07382681602743559,5.3438172256516e-06,3.9746616732211577e-07,7.393362425796552e-13,8.728163514363088e-13,1.3452441574966798e-13,3.176230325840577e-13,8.264280849888799e-08,1.0371004404618412e-07,0.19651023239905385,0.26122063152749075,1.0089887871906717e-15,2.4573514557921525e-15,1.8269535588399998e-13,4.585358060772552e-13,6.700231906202526e-13,6.934939408875953e-13,2.4337854375157523e-06,2.70006214451121e-06,0.011134204339039156,0.01318052806618945,0.2559624241409657,0.5290264214291293,0.0337729595127389,0.10967273124447206,7.743420349340659e-08,1.6580146025659991e-07,2.7855522865285227e-06,6.171586700190822e-06,7.686265605953783e-07,1.8172850057098963e-06,1.1304468251210988e-05,2.3400922078275434e-05,2.6540964640127132e-09,5.691545881296819e-09,1.2146688221658236e-06,2.6951277251421486e-06,1.6875579610996043e-11,5.109020784547161e-11,1.1402757490728048e-18,1.178536550441213e-18,4.825812965881579e-12,5.705613616990956e-12,2.9269834903327484e-12,6.268096152596897e-12,8.460776480664006e-16,1.6243221649524091e-15,1.311828458021832e-08,2.6160549362066378e-08,1.6382473802021322e-19,4.960218316182005e-19,0.006306098562739164,0.013035386664876596,3.3923072223634166e-31,1.0000000000001125e-30,3.3837058478816454e-10,1.101006000573474e-09,1.9069556267710133e-11,6.056913047404295e-11
2.063,1326.1588460097482,5.1977412223837725,0.16870725863238317,13.567884475423508,0.49629361380266673,0.07382750854748564,5.341279771169512e-06,3.9727831166221865e-07,7.385274265443707e-13,8.718634358162971e-13,1.343752809874863e-13,3.172716136453232e-13,8.259070901621902e-08,1.0364489217929889e-07,0.1965073451337097,0.2612173700691671,1.007856565802246e-15,2.4545993942754035e-15,1.8254938807356864e-13,4.581704617783697e-13,6.692247960291045e-13,6.92669107634969e-13,2.4323674613739598e-06,2.698494986096693e-06,0.011133089045240751,0.013179236885855082,0.2559616221544417,0.529025931576278,0.03377423038934746,0.10967710031680741,7.740955820035017e-08,1.657490558169338e-07,2.7855880977059346e-06,6.171679664933864e-06,7.683364600975224e-07,1.8166031228245783e-06,1.129687573936867e-05,2.3385256744465634e-05,2.651969558102711e-09,5.686997415725675e-09,1.214229532947631e-06,2.6941589695324065e-06,1.6860121784688754e-11,5.1043522501400934e-11,1.1397632476671399e-18,1.178009452753561e-18,4.823744120146362e-12,5.703180185581795e-12,2.9254474119974647e-12,6.2648204894565195e-12,8.455205800678842e-16,1.6232562740939977e-15,1.3118257683369012e-08,2.616055346764422e-08,1.6371353668423367e-19,4.956862348813232e-19,0.006306084643477099,0.013035386664879672,3.3922997346247075e-31,1.0000000000001111e-30,3.3816480790402315e-10,1.1003388628894292e-09,1.9058464630852996e-11,6.053403459596625e-11
2.064,1326.1135615801463,5.197876940559517,0.16870285363364268,13.573812057432118,0.4962971712947007,0.07382820052446859,5.338743769613756e-06,3.970905622367088e-07,7.377195856178556e-13,8.709116649489874e-13,1.342263297395169e-13,3.1692062564810145e-13,8.253864840627292e-08,1.0357978854536202e-07,0.19650445951594056,0.26121411012641227,1.0067257501779973e-15,2.4518507381100163e-15,1.8240355492336244e-13,4.578054526865337e-13,6.684274991453493e-13,6.918454051574137e-13,2.4309506884309313e-06,2.6969291487927447e-06,0.011131975029538176,0.013177947179516477,0.2559608194293372,0.5290254388577551,0.033775501468453165,0.10968146978881732,7.738492282757977e-08,1.656966719684895e-07,2.7856238877138836e-06,6.1717725675868745e-06,7.680465785245908e-07,1.8159217499522368e-06,1.128929130546949e-05,2.336960800433565e-05,2.6498450840739484e-09,5.6824541307559955e-09,1.2137906796325696e-06,2.6931911700330985e-06,1.6844681331299003e-11,5.09968894184643e-11,1.1392509198646572e-18,1.1774825291922315e-18,4.821676435018978e-12,5.70074810122864e-12,2.9239122965303993e-12,6.26154685800942e-12,8.449639388407448e-16,1.6221911937609705e-15,1.311823081852432e-08,2.6160557570949208e-08,1.636024196859632e-19,4.953508907664325e-19,0.006306070740152242,0.013035386664882766,3.3922922554592732e-31,1.0000000000001115e-30,3.379592746720222e-10,1.0996725122912913e-09,1.9047382578271154e-11,6.049896885197249e-11
2.065,1326.0682843632903,5.19801265609678,0.1686984489505583,13.57973979420872,0.4963007263661654,0.07382889195808594,5.336209220713151e-06,3.969029190288842e-07,7.369127187086837e-13,8.69961037563628e-13,1.3407756173306993e-13,3.165700679551276e-13,8.248662664525936e-08,1.0351473311568104e-07,0.19650157555042028,0.26121085170635727,1.005596338363666e-15,2.449105482588085e-15,1.8225785635992434e-13,4.574407786239124e-13,6.676312983882488e-13,6.910228318348685e-13,2.4295351175607913e-06,2.695364631380026e-06,0.011130862290186993,0.013176658945172667,0.2559600159735005,0.5290249432915552,0.03377677274291563,0.1096858396376547,7.736029738633888e-08,1.6564430873643525e-07,2.78565965663005e-06,6.171865408341718e-06,7.677569161247264e-07,1.8152408876942451e-06,1.12817149585587e-05,2.3353975876917183e-05,2.647723042969006e-09,5.677916028711459e-09,1.2133522631980544e-06,2.69222432883571e-06,1.6829258228369054e-11,5.0950308529542804e-11,1.1387387652301316e-18,1.17695577931652e-18,4.819609918661309e-12,5.698317373628059e-12,2.9223781435667252e-12,6.2582752575337445e-12,8.444077240852336e-16,1.6211269233967772e-15,1.3118203985631644e-08,2.6160561671964873e-08,1.6349138769065588e-19,4.950158012936583e-19,0.00630605685274325,0.01303538666488584,3.392284784855635e-31,1.0000000000001118e-30,3.3775398542510266e-10,1.0990069498763816e-09,1.903631010187065e-11,6.046393321702295e-11
2.066,1326.023014354043,5.198148368992831,0.16869404458318724,13.585667685750302,0.496304279026038,0.07382958284991084,5.333676122129663e-06,3.967153818682911e-07,7.36106824107823e-13,8.690115516602748e-13,1.3392897668919483e-13,3.1621993991432443e-13,8.24346436741904e-08,1.0344972581738679e-07,0.19649869322916755,0.26120759479929967,1.004468328093285e-15,2.4463636222423134e-15,1.8211229213578733e-13,4.570764389758993e-13,6.668361916316423e-13,6.902013854826683e-13,2.4281207466558e-06,2.693801431549736e-06,0.011129750825532348,0.013175372180928123,0.25595921178212644,0.5290244448694992,0.03377804421826009,0.10969020988159783,7.733568185134967e-08,1.6559196606773164e-07,2.7856954044446954e-06,6.171958187196321e-06,7.674674721254447e-07,1.8145605342387694e-06,1.1274146666679794e-05,2.3338360296363856e-05,2.6456034264305864e-09,5.673383091757751e-09,1.2129142815542203e-06,2.6912584413258124e-06,1.6813852446051803e-11,5.090377974514214e-11,1.138226784114706e-18,1.1764292034984197e-18,4.817544562351238e-12,5.6958879925140946e-12,2.92084495164109e-12,6.255005684950514e-12,8.438519351874124e-16,1.6200634618415722e-15,1.311817718465594e-08,2.6160565770708647e-08,1.6338043994569221e-19,4.946809641901017e-19,0.006306042981229076,0.013035386664888928,3.392277322802467e-31,1.0000000000001127e-30,3.375489390820915e-10,1.0983421721406128e-09,1.9025247183548354e-11,6.042892763428362e-11
2.067,1325.9777515398814,5.198284079268814,0.16868964053081187,13.591595732053877,0.49630782927401706,0.0738302732001383,5.331144473073285e-06,3.9652795069962226e-07,7.353019005716137e-13,8.68063205788357e-13,1.337805743349978e-13,3.1587024088790715e-13,8.238269946046021e-08,1.0338476661071849e-07,0.19649581255351672,0.2612043394079274,1.0033417173441958e-15,2.4436251521979127e-15,1.8196686213360636e-13,4.56712433454474e-13,6.660421771634707e-13,6.893810643447312e-13,2.4267075743465175e-06,2.692239547812171e-06,0.01112864063385749,0.013174086884814347,0.2559584068597156,0.5290239436026549,0.03377931589069343,0.10969458050866802,7.731107622456811e-08,1.655396439676558e-07,2.7857311312124386e-06,6.172050904291369e-06,7.671782465148491e-07,1.8138806895722924e-06,1.1266586428456824e-05,2.3322761260133152e-05,2.6434862331165125e-09,5.668855317104074e-09,1.212476734897839e-06,2.6902935079626688e-06,1.6798463960103345e-11,5.085730299273094e-11,1.1377149762854797e-18,1.1759028015063034e-18,4.8154803697947174e-12,5.693459962314813e-12,2.9193127201133857e-12,6.251738138948088e-12,8.432965717695242e-16,1.6190008083889513e-15,1.3118150415549203e-08,2.6160569867172863e-08,1.6326957679649995e-19,4.943463805075084e-19,0.006306029125588473,0.013035386664892,3.3922698692883364e-31,1.0000000000001122e-30,3.3734413561641185e-10,1.0976781790114086e-09,1.9014193812703444e-11,6.039395207074994e-11
2.068,1325.9324959132082,5.1984197869300095,0.16868523679322955,13.597523933116461,0.49631137711593953,0.07383096300987452,5.3286142717167355e-06,3.963406253904035e-07,7.344979465485332e-13,8.671159981337882e-13,1.3363235439412258e-13,3.1552097022989044e-13,8.233079395386722e-08,1.0331985543382916e-07,0.19649293351863703,0.2612010855267263,1.0022165039349358e-15,2.440890067193131e-15,1.8182156614929162e-13,4.563487615538734e-13,6.652492530004205e-13,6.885618663841543e-13,2.425295598772884e-06,2.6906789781331973e-06,0.011127531713491944,0.013172803054917233,0.25595760120460154,0.529023439489331,0.03378058776259593,0.109698951526931,7.728648048970706e-08,1.6548734240241694e-07,2.7857668369451414e-06,6.172143559672661e-06,7.668892387722259e-07,1.813201352478207e-06,1.1259034222062357e-05,2.330717872334513e-05,2.6413714569972345e-09,5.664332691907411e-09,1.212039621894787e-06,2.689329525808625e-06,1.6783092742610016e-11,5.081087818866419e-11,1.1372033418999785e-18,1.1753765735120325e-18,4.813417336474889e-12,5.69103327773607e-12,2.9177814477909808e-12,6.248472617031341e-12,8.427416332962657e-16,1.6179389620299693e-15,1.31181236782722e-08,2.6160573961366637e-08,1.631587978531303e-19,4.940120490710394e-19,0.006306015285800384,0.013035386664895092,3.3922624243019165e-31,1.000000000000112e-30,3.37139574296259e-10,1.0970149681214084e-09,1.9003149973748992e-11,6.035900647757743e-11
2.069,1325.8872474649538,5.198555491986513,0.1686808333700814,13.603452288935086,0.4963149225557834,0.0738316522799487,5.326085516557939e-06,3.9615340583234145e-07,7.336949605861541e-13,8.661699269994188e-13,1.334843165921596e-13,3.1517212729886677e-13,8.227892710976154e-08,1.0325499223183599e-07,0.19649005612155945,0.2611978331526549,1.0010926857401485e-15,2.438158362102713e-15,1.8167640400598937e-13,4.55985422836676e-13,6.644574172487535e-13,6.877437896566984e-13,2.423884818231207e-06,2.689119720652085e-06,0.011126424062754561,0.013171520689309876,0.2559567948169746,0.52902293253167,0.033781859834489884,0.1097033229384183,7.726189463613324e-08,1.6543506135032823e-07,2.7858025216675e-06,6.172236153414388e-06,7.666004485345173e-07,1.8125225221126208e-06,1.125149003202828e-05,2.329161265428319e-05,2.6392590935046924e-09,5.65981520645857e-09,1.2116029416855588e-06,2.6883664929790654e-06,1.6767738766865372e-11,5.076450525294926e-11,1.1366918809955345e-18,1.1748505195632244e-18,4.811355460362438e-12,5.688607936424672e-12,2.9162511336550424e-12,6.2452091170772016e-12,8.421871192823534e-16,1.616877921851665e-15,1.3118096972783175e-08,2.6160578053293883e-08,1.6304810298403214e-19,4.936779694882122e-19,0.006306001461843759,0.013035386664898152,3.3922549878318894e-31,1.0000000000001108e-30,3.3693525460905364e-10,1.0963525378165403e-09,1.8992115652675246e-11,6.032409081092933e-11
2.07,1325.84200618475,5.198691194452595,0.16867643026087317,13.609380799506797,0.49631846559588394,0.07383234101094643,5.323558206493171e-06,3.9596629194677077e-07,7.328929413500459e-13,8.652249908273658e-13,1.3333646065899693e-13,3.1482371146356197e-13,8.222709889010503e-08,1.0319017695815256e-07,0.1964871803609691,0.2611945822848733,9.999702607166025e-16,2.4354300320013127e-15,1.815313755584149e-13,4.55622416944686e-13,6.63666668122338e-13,6.869268323294642e-13,2.4224752312058897e-06,2.687561773716749e-06,0.011125317679951239,0.013170239786050121,0.25595598769867167,0.5290224227352228,0.03378313210524493,0.1097076947397957,7.723731865982569e-08,1.653828008038616e-07,2.7858381854162858e-06,6.172328685617565e-06,7.663118756195434e-07,1.8118441980592984e-06,1.1243953850204206e-05,2.3276063036378633e-05,2.637149139755294e-09,5.655302854660499e-09,1.2111666939565665e-06,2.687404408800667e-06,1.6752402007599177e-11,5.071818410994011e-11,1.136180593478954e-18,1.1743246395725908e-18,4.8092947415979355e-12,5.686183938592942e-12,2.9147217769012174e-12,6.241947637421882e-12,8.416330293042745e-16,1.6158176870596503e-15,1.3118070299038076e-08,2.61605821429542e-08,1.6293749224547797e-19,4.933441419352315e-19,0.006305987653697527,0.013035386664901222,3.392247559866911e-31,1.0000000000001085e-30,3.3673117629396183e-10,1.0956908872618628e-09,1.8981090837309977e-11,6.028920503280474e-11
2.071,1325.79677206295,5.198826894340218,0.16867202746518556,13.615309464828652,0.49632200623949263,0.07383302920358928,5.321032340536922e-06,3.957792836638127e-07,7.320918875364732e-13,8.642811880959358e-13,1.3318878633056373e-13,3.144757221069476e-13,8.217530925848076e-08,1.0312540956822438e-07,0.19648430623463342,0.26119133292132046,9.988492268799474e-16,2.432705072106845e-15,1.8138648066709786e-13,4.552597435342857e-13,6.628770038668498e-13,6.861109926024283e-13,2.4210668362320963e-06,2.6860051357313552e-06,0.011124212563387815,0.01316896034319563,0.255955179850608,0.5290219101036332,0.03378440457465115,0.10971206693071771,7.721275255799651e-08,1.6533056075812745e-07,2.7858738282233903e-06,6.172421156372363e-06,7.660235198708544e-07,1.8111663799628118e-06,1.1236425669602848e-05,2.32605298554698e-05,2.6350415931448587e-09,5.65079563101512e-09,1.2107308784780045e-06,2.6864432727859632e-06,1.6737082439926704e-11,5.06719146851555e-11,1.1356694792545089e-18,1.173798933450208e-18,4.807235179036852e-12,5.683761282933703e-12,2.9131933767922386e-12,6.23868817654514e-12,8.41079362958415e-16,1.6147582568977001e-15,1.3118043656994314e-08,2.616058623034999e-08,1.6282696565320188e-19,4.930105664655506e-19,0.006305973861340628,0.013035386664904301,3.392240140395668e-31,1.0000000000001104e-30,3.3652733912885765e-10,1.0950300157483543e-09,1.897007551584467e-11,6.025434910635638e-11
2.072,1325.7515450909627,5.198962591658079,0.16866762498270532,13.621238284897723,0.4963255444910158,0.07383371685876823,5.318507916423658e-06,3.955923808183621e-07,7.312917974878611e-13,8.633385168656338e-13,1.3304129331808903e-13,3.141281585536485e-13,8.21235581584562e-08,1.0306068999237329e-07,0.19648143373913574,0.26118808505835267,9.977295819026256e-16,2.429983476801133e-15,1.8124171910235885e-13,4.548974020354146e-13,6.620884224040507e-13,6.852962683402329e-13,2.419659631268592e-06,2.684449804460451e-06,0.011123108711418547,0.013167682358860896,0.25595437127250875,0.5290213946380682,0.03378567724369531,0.10971643951472133,7.718819630862938e-08,1.6527834116705724e-07,2.7859094501062815e-06,6.172513565736806e-06,7.657353806308616e-07,1.810489066282771e-06,1.1228905462610192e-05,2.3245013054694196e-05,2.6329364463007626e-09,5.64629351979813e-09,1.210295493485947e-06,2.6854830810433646e-06,1.6721780034756263e-11,5.062569689137382e-11,1.1351585385434653e-18,1.1732734014337421e-18,4.8051767701907486e-12,5.681339966550577e-12,2.911665931893769e-12,6.235430731433652e-12,8.405261196408067e-16,1.6136996302248495e-15,1.3118017046610848e-08,2.6160590315485882e-08,1.627165228232457e-19,4.926772419224004e-19,0.006305960084752201,0.01303538666490739,3.392232729406924e-31,1.0000000000001113e-30,3.363237421859332e-10,1.0943699202706995e-09,1.89590696712031e-11,6.021952297800213e-11
2.073,1325.7063252560101,5.199098286428348,0.1686632228126822,13.627167259711104,0.4963290803497124,0.07383440397661055,5.315984933809307e-06,3.954055833882383e-07,7.304926700961878e-13,8.623969758457266e-13,1.3289398136038068e-13,3.137810201933983e-13,8.207184556462647e-08,1.0299601819985968e-07,0.1964785628762483,0.26118483869923087,9.96611323903276e-16,2.4272652415526496e-15,1.8109709077905847e-13,4.545353922407907e-13,6.613009221560696e-13,6.844826579253999e-13,2.418253615160501e-06,2.682895778651953e-06,0.0111220061223286,0.013166405831078913,0.2559535619692813,0.5290208763504197,0.03378695010816978,0.10972081247847817,7.716364992026382e-08,1.652261420500128e-07,2.7859450511242e-06,6.17260591386163e-06,7.654474580608916e-07,1.8098122574150346e-06,1.1221393234977695e-05,2.3229512646259164e-05,2.630833699540644e-09,5.641796521776792e-09,1.209860539704525e-06,2.684523835201966e-06,1.6706494769599457e-11,5.0579530661364376e-11,1.1346477710057099e-18,1.172748043180653e-18,4.803119519224158e-12,5.678919994413334e-12,2.910139441810607e-12,6.232175301299504e-12,8.399732990461864e-16,1.612641806473617e-15,1.3117990467839826e-08,2.6160594398353634e-08,1.626061641799897e-19,4.923441695965199e-19,0.00630594632391121,0.013035386664910458,3.392225326889368e-31,1.000000000000111e-30,3.3612038568263926e-10,1.0937106015501515e-09,1.8948073294726894e-11,6.01847266208976e-11
2.074,1325.6611125521677,5.199233978651082,0.16865882095508336,13.633096389265889,0.4963326138233722,0.07383509055851042,5.313463390548154e-06,3.952188912172373e-07,7.296945037276873e-13,8.614565631247369e-13,1.3274685018303937e-13,3.1343430638472105e-13,8.2020171421595e-08,1.0293139412230105e-07,0.19647569363916864,0.26118159383580974,9.954944506736958e-16,2.424550361033638e-15,1.8095259546720644e-13,4.54173713579545e-13,6.605145010766083e-13,6.836701592555411e-13,2.4168487859090825e-06,2.6813430561174356e-06,0.011120904794478156,0.01316513075797105,0.25595275193725514,0.5290203552348354,0.03378822317245271,0.10972518583653842,7.713911337084667e-08,1.6517396336084394e-07,2.785980631274894e-06,6.172698200761159e-06,7.651597514803137e-07,1.8091359517646823e-06,1.121388895851018e-05,2.321402857209766e-05,2.628733345392077e-09,5.637304621012327e-09,1.2094260153164916e-06,2.6835655312517725e-06,1.6691226615678087e-11,5.0533415908850364e-11,1.1341371769232483e-18,1.1722228589913637e-18,4.801063418983699e-12,5.6765013581099185e-12,2.908613905182742e-12,6.2289218832883444e-12,8.39420900593477e-16,1.6115847845469136e-15,1.3117963920644993e-08,2.6160598478967356e-08,1.6249588912699497e-19,4.920113476877609e-19,0.006305932578796809,0.013035386664913506,3.392217932831786e-31,1.0000000000001092e-30,3.359172686674853e-10,1.0930520565042619e-09,1.8937086369388656e-11,6.014995998161299e-11
2.075,1325.6159069690098,5.199369668340932,0.1686544194094027,13.63902567355919,0.4963361449141044,0.07383577660501753,5.310943285381946e-06,3.9503230421516284e-07,7.28897297016457e-13,8.605172771073797e-13,1.3259989951423948e-13,3.130880164922035e-13,8.196853568918245e-08,1.0286681771041041e-07,0.19647282602679705,0.26117835046752647,9.943789601381498e-16,2.421838830238857e-15,1.808082330122105e-13,4.5381236567003935e-13,6.597291573576668e-13,6.828587704748799e-13,2.415445141941215e-06,2.6797916351406286e-06,0.011119804726192664,0.013163857137617587,0.2559519411784548,0.5290198312972373,0.0337894964352204,0.1097295595849367,7.711458665411972e-08,1.651218050872211e-07,2.7860161905951416e-06,6.17279042653623e-06,7.648722606517606e-07,1.8084601487848237e-06,1.1206392622777129e-05,2.3198560810916762e-05,2.6266353804522995e-09,5.6328178102931085e-09,1.2089919198362885e-06,2.6826081681376017e-06,1.6675975547454138e-11,5.048735255736302e-11,1.1336267562346768e-18,1.1716978488113573e-18,4.7990084699288094e-12,5.674084058229171e-12,2.9070893211223937e-12,6.2256704755570665e-12,8.388689238367724e-16,1.6105285636071389e-15,1.3117937404982476e-08,2.6160602557326157e-08,1.6238569772629302e-19,4.916787763897012e-19,0.006305918849388131,0.013035386664916562,3.3922105472229556e-31,1.0000000000001096e-30,3.3571439080207825e-10,1.0923942840455247e-09,1.8926108882511553e-11,6.01152230205363e-11
2.076,1325.5707084974915,5.1995053555081165,0.1686500181752779,13.644955112588132,0.4963396736257632,0.07383646211694037,5.308424617004588e-06,3.948458222882507e-07,7.281010485785907e-13,8.595791161770626e-13,1.3245312908705495e-13,3.1274214989198105e-13,8.191693832604693e-08,1.028022889134386e-07,0.19646996003628012,0.2611751085914842,9.93264850250265e-16,2.4191306442344194e-15,1.8066400325180314e-13,4.534513481113532e-13,6.589448891795561e-13,6.820484897154898e-13,2.4140426816563737e-06,2.678241513974778e-06,0.011118705915804253,0.01316258496810652,0.25595112969315015,0.5290193045399147,0.0337907698969065,0.1097339337254134,7.709006976221457e-08,1.6506966721336402e-07,2.786051729110862e-06,6.172882591263563e-06,7.645849852853876e-07,1.8077848478044514e-06,1.1198904215355963e-05,2.3183109337298867e-05,2.62453980087426e-09,5.628336081454471e-09,1.2085582526255573e-06,2.681651744465161e-06,1.6660741539189684e-11,5.0441340529825765e-11,1.1331165089342908e-18,1.1711730126436631e-18,4.7969546701225186e-12,5.671668092526431e-12,2.9055656887201775e-12,6.2224210762161436e-12,8.383173683246074e-16,1.6094731428059685e-15,1.3117910920810875e-08,2.6160606633433795e-08,1.6227558986446173e-19,4.913464553646594e-19,0.006305905135664339,0.013035386664919595,3.392203170051671e-31,1.0000000000001097e-30,3.3551175167803224e-10,1.0917372828586393e-09,1.8915140821003393e-11,6.008051569673426e-11
2.077,1325.5255171261497,5.199641040170701,0.16864561725209218,13.650884706349855,0.4963431999591276,0.07383714709463045,5.305907384627277e-06,3.946594453812116e-07,7.273057571856306e-13,8.586420789006753e-13,1.3230653863703194e-13,3.123967059660121e-13,8.186537929965934e-08,1.0273780769169497e-07,0.1964670956678535,0.26117186820889393,9.921521190474907e-16,2.41642579829048e-15,1.8051990606700196e-13,4.5309066061119837e-13,6.581616948619925e-13,6.812393152536991e-13,2.4126414037018065e-06,2.6766926911479805e-06,0.011117608361626497,0.01316131424750391,0.25595031748469016,0.5290187749715255,0.03379204355485872,0.10973830824968826,7.70655626963453e-08,1.650175497429403e-07,2.7860872468692705e-06,6.172974695067104e-06,7.642979253449857e-07,1.807110048752244e-06,1.1191423733988427e-05,2.316767414686729e-05,2.6224466051402516e-09,5.6238594313268835e-09,1.2081250138084647e-06,2.6806962605320964e-06,1.6645524567039354e-11,5.03953797548901e-11,1.1326064348229711e-18,1.1706483502913976e-18,4.794902021725314e-12,5.669253463601638e-12,2.9040430073425736e-12,6.219173683966779e-12,8.377662336846209e-16,1.6084185214469262e-15,1.3117884468084576e-08,2.6160610707285795e-08,1.6216556576616334e-19,4.910143852986179e-19,0.006305891437604591,0.013035386664922636,3.392195801306708e-31,1.0000000000001092e-30,3.353093512376061e-10,1.0910810527692622e-09,1.890418217427946e-11,6.004583797723736e-11
2.078,1325.4803328491957,5.199776722328482,0.1686412166398215,13.656814454841504,0.49634672392201906,0.07383783153948428,5.303391585738388e-06,3.944731733105911e-07,7.265114211123985e-13,8.57706163258615e-13,1.3216012788359552e-13,3.120516840581631e-13,8.181385854913255e-08,1.026733739698948e-07,0.19646423291466675,0.2611686293115374,9.910407642303387e-16,2.4137242868563515e-15,1.8037594120347782e-13,4.5273030253754713e-13,6.573795722802606e-13,6.804312449057523e-13,2.4112413059234642e-06,2.675145164299186e-06,0.011116512062043563,0.013160044973958847,0.2559495045493386,0.5290182425860633,0.03379331741352011,0.10974268317251881,7.704106542902714e-08,1.6496545261815882e-07,2.7861227438654745e-06,6.173066737955122e-06,7.640110800109249e-07,1.806435749704469e-06,1.1183951144777051e-05,2.3152255169746682e-05,2.620355784469193e-09,5.619387841164036e-09,1.2076922011391468e-06,2.6797417113770836e-06,1.6630324601212254e-11,5.0349470143203237e-11,1.1320965342674532e-18,1.1701238621424857e-18,4.7928505176009765e-12,5.666840163062507e-12,2.9025212754309627e-12,6.2159282955287075e-12,8.372155192799744e-16,1.607364698325678e-15,1.31178580467678e-08,2.6160614778896338e-08,1.6205562474660808e-19,4.906825641238409e-19,0.006305877755188247,0.013035386664925663,3.3921884409769695e-31,1.0000000000001075e-30,3.351071883344818e-10,1.0904255900608025e-09,1.8893232923914723e-11,6.001118980416925e-11
2.079,1325.4351556542424,5.199912402002541,0.16863681633775146,13.662744358060248,0.4963502455140235,0.07383851545167584,5.3008772198627285e-06,3.942870060444163e-07,7.257180392248836e-13,8.567713679291856e-13,1.3201389656656067e-13,3.117070835604385e-13,8.176237604715476e-08,1.0260898771489068e-07,0.1964613717781554,0.2611653919022201,9.899307839071748e-16,2.4110261053746458e-15,1.8023210856692864e-13,4.523702736600296e-13,6.56598519842128e-13,6.796242770390285e-13,2.409842387118535e-06,2.673598932122729e-06,0.011115417015362304,0.013158777145529307,0.2559486908916325,0.5290177073946404,0.03379459146904487,0.10974705848174884,7.70165779666055e-08,1.6491337585367218e-07,2.7861582201554366e-06,6.1731587200709405e-06,7.637244493869559e-07,1.80576195092068e-06,1.1176486451139469e-05,2.313685241330879e-05,2.6182673386517746e-09,5.614921310601845e-09,1.2072598151652706e-06,2.6787880982373855e-06,1.6615141619038092e-11,5.030361162697017e-11,1.1315868069690422e-18,1.169599547897103e-18,4.79080016148071e-12,5.6644281953659824e-12,2.9010004925211084e-12,6.212684909965474e-12,8.366652247874574e-16,1.6063116728400414e-15,1.3117831656813472e-08,2.6160618848257988e-08,1.6194576721583333e-19,4.903509930875797e-19,0.006305864088394468,0.013035386664928698,3.3921810890512457e-31,1.0000000000001066e-30,3.349052631061308e-10,1.0897708951940638e-09,1.8882293060774087e-11,5.997657114916225e-11
2.08,1325.389985532755,5.2000480792016,0.1686324163455686,13.668674416003263,0.4963537647395261,0.07383919883209068,5.298364285527883e-06,3.941009434765217e-07,7.249256100995249e-13,8.558376912487837e-13,1.3186784441887593e-13,3.1136290384860427e-13,8.17109317498238e-08,1.0254464887270975e-07,0.1964585122549246,0.26116215597731807,9.888221760091432e-16,2.408331248856141e-15,1.8008840798290055e-13,4.5201057354707395e-13,6.558185356984018e-13,6.788184097548712e-13,2.408444645618158e-06,2.672053992795747e-06,0.011114323219932776,0.013157510760323926,0.2559478765112804,0.5290171693983722,0.03379586572242458,0.10975143418092778,7.699210029843922e-08,1.64861319427754e-07,2.7861936757606662e-06,6.173250641481349e-06,7.634380331093083e-07,1.8050886515549414e-06,1.1169029637665183e-05,2.312146584594737e-05,2.6161812631625755e-09,5.610459830019904e-09,1.2068278550224298e-06,2.6778354192169097e-06,1.6599975594388118e-11,5.025780412792156e-11,1.1310772529750722e-18,1.1690754076130293e-18,4.788750950706941e-12,5.6620175574149936e-12,2.8994806576154477e-12,6.209443525198185e-12,8.361153497316143e-16,1.6052594440954575e-15,1.3117805298181225e-08,2.6160622915375857e-08,1.6183599295963952e-19,4.900196715469594e-19,0.006305850437202612,0.013035386664931746,3.3921737455184287e-31,1.0000000000001059e-30,3.3470357504157363e-10,1.089116966519757e-09,1.8871362571094002e-11,5.994198196914404e-11
2.081,1325.3448224754352,5.200183753936871,0.16862801666287885,13.67460462866774,0.4963572816018676,0.07383988168145904,5.29585278111919e-06,3.939149854901569e-07,7.241341322801368e-13,8.549051315152463e-13,1.3172197116755688e-13,3.11019144284401e-13,8.165952561136046e-08,1.024803573870214e-07,0.1964556543426237,0.2611589215345949,9.877149384062532e-16,2.4056397121625886e-15,1.7994483927008937e-13,4.5165120174990087e-13,6.55039617969056e-13,6.78013641122666e-13,2.4070480796964563e-06,2.6705103444320655e-06,0.011113230674111418,0.013156245816458844,0.2559470614090222,0.5290166286005055,0.03379714017361437,0.10975581027023935,7.696763241232207e-08,1.6480928331532532e-07,2.7862291107078816e-06,6.173342502264682e-06,7.631518307807356e-07,1.8044158506821418e-06,1.1161580687465234e-05,2.3106095432994808e-05,2.614097553127602e-09,5.60600338905007e-09,1.206396319737651e-06,2.6768836721786183e-06,1.6584826500766848e-11,5.021204756667568e-11,1.1305678723392236e-18,1.1685514413545945e-18,4.786702884076983e-12,5.659608247832587e-12,2.8979617696361406e-12,6.206204138975938e-12,8.355658936140689e-16,1.6042080111533283e-15,1.311777897082936e-08,2.6160626980252382e-08,1.6172630182986955e-19,4.896885990590603e-19,0.00630583680159202,0.01303538666493478,3.3921664103674093e-31,1.0000000000001047e-30,3.345021235804531e-10,1.0884638022278827e-09,1.8860441440699564e-11,5.990742221973442e-11
2.082,1325.2996664722114,5.200319426222083,0.16862361728920652,13.680534996050886,0.4963607961034848,0.07384056400037674,5.293342705726122e-06,3.937291320209414e-07,7.233436045081336e-13,8.539736872596532e-13,1.315762765530086e-13,3.106758042611688e-13,8.16081575970958e-08,1.0241611321543623e-07,0.19645279803981686,0.2611556885730311,9.866090691552501e-16,2.402951490610422e-15,1.7980140229753717e-13,4.5129215794608474e-13,6.542617649567672e-13,6.77209969400867e-13,2.405652687949087e-06,2.6689679855021855e-06,0.011112139376232233,0.013154982312023607,0.25594624558651446,0.5290160850061835,0.03379841482165157,0.10976018674688688,7.694317430674701e-08,1.647572675142164e-07,2.7862645250332396e-06,6.173434302520198e-06,7.628658422853008e-07,1.8037435480422854e-06,1.1154139595177665e-05,2.309074116364542e-05,2.6120162063349713e-09,5.601551983032962e-09,1.205965209197576e-06,2.6759328568928454e-06,1.65696943140676e-11,5.0166341871081176e-11,1.1300586649343932e-18,1.1680276489992635e-18,4.784655961483222e-12,5.657200266536534e-12,2.896443827888792e-12,6.202966749868926e-12,8.35016856046909e-16,1.6031573732871036e-15,1.3117752674714964e-08,2.6160631042887637e-08,1.616166939049101e-19,4.893577758669012e-19,0.006305823181542036,0.013035386664937799,3.3921590835870747e-31,1.000000000000102e-30,3.343009085572409e-10,1.0878114017931777e-09,1.8849529658372363e-11,5.987289186594291e-11
2.083,1325.2545175151326,5.200455096064188,0.1686192182242958,13.686465518149914,0.49636430824932454,0.07384124578981131,5.2908340571320385e-06,3.9354338290732957e-07,7.225540251610879e-13,8.530433565834723e-13,1.314307602947616e-13,3.1033288312293537e-13,8.155682765163493e-08,1.0235191628954997e-07,0.19644994334252988,0.2611524570882261,9.855045659952375e-16,2.4002665787422533e-15,1.7965809683917292e-13,4.509334415744472e-13,6.534849746338294e-13,6.764073925058982e-13,2.404258468377662e-06,2.6674269138174234e-06,0.011111049324680123,0.013153720245167639,0.25594542904286616,0.5290155386152698,0.033799689668124355,0.10976456361635496,7.691872595987777e-08,1.6470527197872155e-07,2.786299918750234e-06,6.173526042296792e-06,7.625800669681277e-07,1.8030717421010275e-06,1.1146706333456294e-05,2.3075402981581696e-05,2.609937215509826e-09,5.597105596451165e-09,1.2055345216449359e-06,2.6749829694821275e-06,1.65545790058405e-11,5.012068695583406e-11,1.1295496309910227e-18,1.1675040307940218e-18,4.78261017963238e-12,5.654793609677795e-12,2.894926830971066e-12,6.199731354930993e-12,8.344682364393712e-16,1.602107529380708e-15,1.311772640979866e-08,2.6160635103288095e-08,1.6150716876560258e-19,4.890272007069675e-19,0.0063058095770321615,0.013035386664940809,3.392151765166403e-31,1.0000000000001003e-30,3.3409992905255225e-10,1.087159762237282e-09,1.883862720734623e-11,5.983839085515466e-11
2.084,1325.2093755923283,5.200590763482753,0.16861481946748197,13.692396194962061,0.4963678180395606,0.0738419270500224,5.288326835208476e-06,3.9335773814310545e-07,7.217653932061639e-13,8.521141382842222e-13,1.3128542214462894e-13,3.0999038028994673e-13,8.150553575301136e-08,1.022877665829111e-07,0.19644709025160526,0.26114922708219007,9.844014271650312e-16,2.397584972317721e-15,1.7951492282322623e-13,4.505750524610973e-13,6.527092455103919e-13,6.756059089108825e-13,2.402865419942199e-06,2.6658871282524294e-06,0.011109960517765154,0.013152459613952117,0.2559446117819961,0.5290149894375863,0.03380096470979889,0.10976894086847201,7.689428738271545e-08,1.6465329673345321e-07,2.7863352919129128e-06,6.17361772173341e-06,7.622945050498598e-07,1.8024004333941624e-06,1.1139280910601671e-05,2.3060080904280267e-05,2.6078605815859842e-09,5.592664231390998e-09,1.2051042579883625e-06,2.674034011984451e-06,1.653948055473154e-11,5.007508275711324e-11,1.1290407701504593e-18,1.1669805863769917e-18,4.780565541343102e-12,5.652388280633956e-12,2.8934107786114164e-12,6.196497953637754e-12,8.339200345253354e-16,1.6010584789413661e-15,1.3117700176034641e-08,2.6160639161448205e-08,1.613977268398616e-19,4.886968748805963e-19,0.006305795988041725,0.013035386664943848,3.392144455094267e-31,1.0000000000001003e-30,3.3389918537015675e-10,1.0865088845619693e-09,1.8827734079868177e-11,5.980391916338449e-11
2.085,1325.1642406974356,5.20072642847967,0.16861042101867335,13.698327026484565,0.49637132548110025,0.07384260778226777,5.28582103752123e-06,3.931721975505226e-07,7.209777069581916e-13,8.511860303891947e-13,1.3114026182435448e-13,3.096482951114185e-13,8.145428184204094e-08,1.0222366402235386e-07,0.1964442387610981,0.26114599854789744,9.832996503919273e-16,2.3949066658503797e-15,1.7937188000408843e-13,4.5021698999578284e-13,6.51934575507603e-13,6.748055164792049e-13,2.401473540542446e-06,2.6643486265053446e-06,0.011108872953887695,0.013151200416544407,0.2559437938010379,0.5290144374689036,0.03380223995024068,0.10977331851514197,7.686985854920854e-08,1.646013417236742e-07,2.786370644521618e-06,6.173709340849687e-06,7.62009155754845e-07,1.8017296201016951e-06,1.1131863294502056e-05,2.3044774865556303e-05,2.6057862962081172e-09,5.588227870017391e-09,1.2046744161089333e-06,2.673085979719736e-06,1.6524398931573385e-11,5.002952918743752e-11,1.1285320827427621e-18,1.1664573160980823e-18,4.7785220406841386e-12,5.649984272436683e-12,2.8918956692939403e-12,6.19326654279954e-12,8.333722496824917e-16,1.600010220792337e-15,1.3117673973386446e-08,2.6160643217379727e-08,1.6128836751895702e-19,4.883667965502361e-19,0.006305782414550338,0.01303538666494689,3.392137153359703e-31,1.0000000000001012e-30,3.3369867642566154e-10,1.0858587652518558e-09,1.8816850258069217e-11,5.976947673451092e-11
2.086,1325.1191128210348,5.200862091066651,0.16860602287746007,13.704258012714675,0.49637483057710113,0.07384328798724935,5.283316663135606e-06,3.9298676106337774e-07,7.201909651570028e-13,8.502590314274176e-13,1.309952790779759e-13,3.093066269891987e-13,8.140306588363548e-08,1.0215960856495314e-07,0.1964413888688454,0.26114277148335713,9.82199233755595e-16,2.3922316547119493e-15,1.792289682477854e-13,4.4985925384844834e-13,6.51160962934025e-13,6.740062134752306e-13,2.4000828287680603e-06,2.662811407039752e-06,0.011107786631394483,0.013149942651048688,0.25594297510089625,0.5290138827128021,0.03380351538923174,0.10977769655598492,7.684543945704326e-08,1.6454940694547995e-07,2.7864059766076714e-06,6.173800899734078e-06,7.617240189420673e-07,1.8010593019042158e-06,1.1124453478862245e-05,2.302948485266916e-05,2.603714356963468e-09,5.5837965072392864e-09,1.2042449958192718e-06,2.67213887229388e-06,1.6509334112320215e-11,4.998402617483095e-11,1.128023568667069e-18,1.1659342198618235e-18,4.7764796765696225e-12,5.6475815838467356e-12,2.8903815023140783e-12,6.190037120964317e-12,8.328248815214081e-16,1.5989627542039955e-15,1.3117647801812294e-08,2.6160647271084562e-08,1.6117909086442741e-19,4.880369659078431e-19,0.006305768856537449,0.013035386664949933,3.3921298599516494e-31,1.000000000000101e-30,3.3349840202083563e-10,1.085209403675121e-09,1.880597573059894e-11,5.973506353311825e-11
2.087,1325.073991949439,5.200997751269344,0.16860162504298049,13.710189153649676,0.49637833332522935,0.07384396766485156,5.280813711263063e-06,3.92801428626331e-07,7.194051666051396e-13,8.493331400019066e-13,1.3085047363621324e-13,3.0896537529367174e-13,8.135188784642442e-08,1.0209560017244669e-07,0.19643854057818086,0.261139545893883,9.811001752578379e-16,2.3895599340843626e-15,1.7908618744443319e-13,4.495018437494886e-13,6.50388406146889e-13,6.732079982136537e-13,2.3986932833008274e-06,2.661275468421377e-06,0.011106701548623817,0.013148686315559004,0.255942155687965,0.529013325184203,0.03380479102106355,0.10978207497278945,7.682103010882657e-08,1.6449749240550056e-07,2.786441288236009e-06,6.1738923985494695e-06,7.614390946335633e-07,1.8003894788678112e-06,1.1117051463512009e-05,2.301421086555722e-05,2.6016447628095746e-09,5.579370140904081e-09,1.2038159974021915e-06,2.6711926903560515e-06,1.6494286073720884e-11,4.9938573649721246e-11,1.127515227651167e-18,1.1654112973956172e-18,4.77443845532993e-12,5.645180222393557e-12,2.888868277034233e-12,6.186809686823331e-12,8.322779296710764e-16,1.5979160784820467e-15,1.3117621661263214e-08,2.616065132255004e-08,1.6106989727385481e-19,4.877073841628776e-19,0.0063057553139825445,0.013035386664952948,3.3921225748590815e-31,1.0000000000001005e-30,3.332983621729508e-10,1.084560799901164e-09,1.8795110487453286e-11,5.970067952806566e-11
2.088,1325.028878079505,5.201133409079252,0.16859722751547995,13.716120449286837,0.4963818337364504,0.07384464681693487,5.278312179387686e-06,3.9261620005553737e-07,7.186203095860824e-13,8.484083541028004e-13,1.3070584523304263e-13,3.086245394028833e-13,8.130074766901856e-08,1.0203163876889385e-07,0.19643569387908993,0.26113632176703505,9.800024727042155e-16,2.386891498671371e-15,1.7894353733295363e-13,4.491447590497761e-13,6.4961690305089e-13,6.724108685406898e-13,2.3973049019921663e-06,2.6597408082945328e-06,0.011105617703992416,0.013147431408261714,0.25594133555529386,0.5290127648704279,0.03380606685338213,0.10978645379070967,7.679663047517465e-08,1.6444559804185707e-07,2.786476579381947e-06,6.173983837259966e-06,7.611543819419249e-07,1.7997201489081435e-06,1.110965721219045e-05,2.2998952829443573e-05,2.5995775044756227e-09,5.5749487512126365e-09,1.203387418415761e-06,2.6702474285092556e-06,1.647925478627514e-11,4.989317152361244e-11,1.1270070601477267e-18,1.1648885491760613e-18,4.77239836549621e-12,5.6427801745609844e-12,2.8873559919047606e-12,6.1835842371142824e-12,8.317313935013585e-16,1.5968701924345944e-15,1.3117595551708523e-08,2.6160655371799065e-08,1.6096078582511616e-19,4.8737804852881e-19,0.006305741786865371,0.01303538666495599,3.392115298071093e-31,1.0000000000001003e-30,3.3309855565124673e-10,1.0839129499381907e-09,1.8784254509936716e-11,5.966632466060152e-11
2.089,1324.9837711978794,5.201269064520927,0.1685928302941326,13.722051899623459,0.4963853318089113,0.07384532544345551,5.275812067378835e-06,3.924310753445855e-07,7.178363930830993e-13,8.474846725464001e-13,1.3056139361626856e-13,3.0828411872752716e-13,8.124964533011175e-08,1.0196772432865954e-07,0.1964328487744373,0.2611330991075046,9.789061243036893e-16,2.384226344159217e-15,1.7880101784712604e-13,4.487879995892754e-13,6.488464521743433e-13,6.716148229480389e-13,2.3959176838200254e-06,2.6582074255534322e-06,0.011104535095821537,0.01314617792723062,0.255940514708797,0.5290122017854094,0.033807342880952024,0.1097908329930709,7.67722405680008e-08,1.6439372388110576e-07,2.7865118501112e-06,6.174075216030207e-06,7.608698811252765e-07,1.7990513126494844e-06,1.1102270734540128e-05,2.2983710764579578e-05,2.5975125831961853e-09,5.5705323408952045e-09,1.2029592598723718e-06,2.6693030890214868e-06,1.6464240228934577e-11,4.984781973359752e-11,1.126499065750018e-18,1.1643659747915031e-18,4.7703594126510925e-12,5.640381446994249e-12,2.8858446466494746e-12,6.18036077130226e-12,8.311852727458967e-16,1.595825095568206e-15,1.3117569473099859e-08,2.6160659418820277e-08,1.6085175714004937e-19,4.870489608941142e-19,0.006305728275165372,0.013035386664958988,3.3921080295766295e-31,1.000000000000097e-30,3.328989828077486e-10,1.0832658549448398e-09,1.8773407790638196e-11,5.963199890781925e-11
2.09,1324.9386712963606,5.201404717602377,0.16858843337864893,13.727983504656848,0.49638882754705976,0.07384600354530409,5.273313373134551e-06,3.922460543404107e-07,7.170534155215247e-13,8.465620934902301e-13,1.3041711850986142e-13,3.0794411262199066e-13,8.119858077646086e-08,1.0190385678602198e-07,0.19643000526073767,0.2611298779115303,9.778111278420333e-16,2.381564465203206e-15,1.786586287709219e-13,4.4843156483190493e-13,6.480770515432885e-13,6.708198594074318e-13,2.394531626854318e-06,2.6566753180846833e-06,0.01110345372251135,0.013144925870632347,0.25593969314803705,0.5290116359299293,0.03380861910489991,0.1097952125838552,7.674786036723259e-08,1.6434186988130335e-07,2.7865471004402548e-06,6.174166534915504e-06,7.605855915786942e-07,1.7983829686753653e-06,1.109489200526706e-05,2.296848461889027e-05,2.595449992185217e-09,5.566120895480928e-09,1.2025315201620466e-06,2.668359668341711e-06,1.6449242373964666e-11,4.980251819652235e-11,1.1259912446542988e-18,1.1638435744534883e-18,4.7683215941131266e-12,5.637984036567047e-12,2.8843342399302212e-12,6.177139286577695e-12,8.306395668346221e-16,1.594780786806244e-15,1.3117543425397767e-08,2.6160663463619014e-08,1.6074281081452637e-19,4.86720120040685e-19,0.006305714778862323,0.013035386664962016,3.392100769364815e-31,1.000000000000096e-30,3.326996427936712e-10,1.0826195121722038e-09,1.876257031343352e-11,5.959770221913212e-11
2.091,1324.8935783674083,5.201540368329405,0.1685840367688109,13.73391526438432,0.4963923209562879,0.07384668112351231,5.270816095285273e-06,3.920611369444245e-07,7.162713755240578e-13,8.456406153247906e-13,1.3027301965745637e-13,3.0760452048708126e-13,8.114755396588043e-08,1.0184003608913554e-07,0.1964271633335732,0.2611266581741134,9.767174813404455e-16,2.378905857031936e-15,1.7851636993576505e-13,4.4807545436067874e-13,6.47308699369684e-13,6.700259760830052e-13,2.3931467294904473e-06,2.6551444841359854e-06,0.01110237358244046,0.013143675236608044,0.2559388708716437,0.5290110673028456,0.03380989552728183,0.1097995925700638,7.672348986298197e-08,1.642900360223149e-07,2.7865823303841004e-06,6.1742577939679046e-06,7.603015129526921e-07,1.797715116173283e-06,1.108752100973253e-05,2.2953274362358406e-05,2.5933897271309395e-09,5.561714405804996e-09,1.2021041984664162e-06,2.6674171646754064e-06,1.6434261196009696e-11,4.9757266836433393e-11,1.1254835969165046e-18,1.163321348228525e-18,4.7662849057983165e-12,5.63558793849469e-12,2.882824770811524e-12,6.173919780993358e-12,8.30094275313856e-16,1.5937372652955136e-15,1.3117517408564126e-08,2.6160667506203464e-08,1.6063394662591972e-19,4.863915252999782e-19,0.006305701297935873,0.013035386664964992,3.3920935174247075e-31,1.0000000000000941e-30,3.32500535123274e-10,1.0819739200527082e-09,1.8751742065012555e-11,5.956343455289129e-11
2.092,1324.84849239889,5.2016760167227565,0.1685796404639163,13.739847178803215,0.4963958120361437,0.0738473581782428,5.268320233067289e-06,3.918763231031006e-07,7.154902719019885e-13,8.447202366631954e-13,1.3012909679855e-13,3.0726534171381934e-13,8.109656486705188e-08,1.0177626219979097e-07,0.19642432299438742,0.2611234398980479,9.75625182866929e-16,2.37625051498789e-15,1.7837424122916486e-13,4.4771966789937383e-13,6.465413940299664e-13,6.692331713091076e-13,2.3917629904229353e-06,2.6536149222868617e-06,0.011101294673962347,0.013142426023269115,0.25593804788409374,0.5290104959151042,0.03381117214429976,0.109803972939687,7.669912905715297e-08,1.642382223092556e-07,2.786617539996167e-06,6.174348993324655e-06,7.600176452397502e-07,1.7970477551392904e-06,1.1080157746767714e-05,2.2938079992851464e-05,2.5913317867857485e-09,5.557312869273766e-09,1.2016772949867543e-06,2.6664755784905667e-06,1.6419296672019786e-11,4.97120655843566e-11,1.1249761223093292e-18,1.1627992958903512e-18,4.764249351456214e-12,5.633193157254719e-12,2.8813162386756364e-12,6.170702253282415e-12,8.295493978202037e-16,1.5926945303561342e-15,1.3117491422552832e-08,2.616067154656601e-08,1.6052516488819763e-19,4.860631776282255e-19,0.006305687832365727,0.013035386664968006,3.39208627374538e-31,1.0000000000000943e-30,3.323016597776605e-10,1.0813290785378872e-09,1.8740923035291113e-11,5.952919587769384e-11
2.093,1324.8034133843657,5.201811662784773,0.1685752444638595,13.745779247910873,0.496399300793305,0.07384803471071702,5.265825784567518e-06,3.916916126774039e-07,7.147101031296221e-13,8.43800955720648e-13,1.29985349669614e-13,3.0692657568606016e-13,8.104561342917073e-08,1.0171253505531975e-07,0.1964214842374621,0.2611202230766007,9.745342303218776e-16,2.3735984340051403e-15,1.7823224244268688e-13,4.473642049309252e-13,6.457751336041927e-13,6.684414431132481e-13,2.3903804078023695e-06,2.652086630513232e-06,0.011100216995481513,0.013141178228786984,0.25593722418270587,0.5290099217628426,0.03381244895932098,0.10980835370398216,7.667477793123239e-08,1.6418642870351558e-07,2.786652729280415e-06,6.174440133013241e-06,7.597339878607357e-07,1.7963808842178086e-06,1.1072802192408288e-05,2.2922901461044668e-05,2.589276164698316e-09,5.552916272133495e-09,1.2012508082037662e-06,2.6655349064372167e-06,1.6404348774894525e-11,4.9666914359051126e-11,1.1244688210443402e-18,1.1622774176662967e-18,4.7622149253349805e-12,5.630799686090164e-12,2.8798086422938607e-12,6.167486700869363e-12,8.290049338165853e-16,1.5916525809746874e-15,1.311746546732762e-08,2.6160675584718014e-08,1.6041646511889851e-19,4.857350755700875e-19,0.0063056743821316985,0.013035386664971041,3.392079038315969e-31,1.0000000000000948e-30,3.321030159509546e-10,1.0806849850183458e-09,1.8730113208646613e-11,5.949498614454196e-11
2.094,1324.7583413126517,5.201947306533174,0.16857084876803652,13.751711471704656,0.4964027872285072,0.07384871072127365,5.263332749111346e-06,3.91507005620423e-07,7.139308680414349e-13,8.428827711375477e-13,1.2984177801672787e-13,3.0658822181033415e-13,8.099469962204311e-08,1.0164885461891946e-07,0.19641864706304848,0.2611170077109784,9.734446218319818e-16,2.370949609568844e-15,1.7809037346705453e-13,4.4700906518714867e-13,6.450099164954978e-13,6.676507898573223e-13,2.388998980361774e-06,2.6505596074372085e-06,0.011099140545355171,0.013139931851277258,0.255936399770758,0.5290093448545238,0.033813725969745564,0.10981273485482962,7.665043648777871e-08,1.6413465521160794e-07,2.786687898283463e-06,6.174531213155776e-06,7.594505408175226e-07,1.7957145034270471e-06,1.1065454346004579e-05,2.2907738765878854e-05,2.5872228597548357e-09,5.548524612077061e-09,1.2008247383537654e-06,2.6645951490610134e-06,1.6389417481897938e-11,4.9621813092489066e-11,1.1239616929053513e-18,1.1617557133415637e-18,4.760181629545708e-12,5.62840752754112e-12,2.878301981100498e-12,6.164273122598614e-12,8.28460882955467e-16,1.5906114165016679e-15,1.3117439542844156e-08,2.6160679620655155e-08,1.603078475887262e-19,4.854072199507741e-19,0.006305660947213461,0.01303538666497401,3.392071811125554e-31,1.0000000000000927e-30,3.3190460364072734e-10,1.0800416394991399e-09,1.8719312575219706e-11,5.946080532274403e-11
2.095,1324.7132761750422,5.202082947977727,0.16856645337610118,13.757643850181937,0.49640627134545573,0.07384938621069116,5.260841124771271e-06,3.913225017920364e-07,7.131525651232949e-13,8.419656811426563e-13,1.296983815678275e-13,3.0625027945030666e-13,8.094382339548775e-08,1.0158522082869868e-07,0.19641581146840137,0.26111379379839705,9.723563552340556e-16,2.3683040364579415e-15,1.779486341006895e-13,4.466542481681573e-13,6.442457407917724e-13,6.66861209576858e-13,2.3876187062626633e-06,2.649033851046699e-06,0.011098065321990425,0.01313868688891419,0.25593557464852834,0.5290087651923968,0.033815003175977076,0.10981711639386069,7.662610470954306e-08,1.6408290179762595e-07,2.786723047026842e-06,6.174622233818607e-06,7.591673035831254e-07,1.795048611534663e-06,1.1058114185441133e-05,2.2892591861855147e-05,2.585171865910563e-09,5.544137876222196e-09,1.2003990840610205e-06,2.663656303330431e-06,1.6374502766120898e-11,4.9576761704004226e-11,1.1234547380332549e-18,1.1612341830703995e-18,4.75814946236934e-12,5.626016679618742e-12,2.8767962538526626e-12,6.161061515864035e-12,8.279172446956615e-16,1.589571035915689e-15,1.3117413649062349e-08,2.6160683654380865e-08,1.6019931200395358e-19,4.85079609886398e-19,0.0063056475275909615,0.013035386664977024,3.3920645921633283e-31,1.0000000000000908e-30,3.317064221075926e-10,1.07939903958716e-09,1.8708521119765473e-11,5.942665336449879e-11
2.096,1324.6682179634226,5.202218587126287,0.16856205828776938,13.763576383340098,0.49640975314869334,0.07385006117987321,5.258350910285517e-06,3.911381011016399e-07,7.123751930400774e-13,8.410496841760394e-13,1.295551600686603e-13,3.059127480116868e-13,8.089298470937047e-08,1.0152163363537397e-07,0.19641297744994748,0.2611105813349736,9.712694285779295e-16,2.3656617099700954e-15,1.7780702418512208e-13,4.4629975348225775e-13,6.434826047496192e-13,6.66072700481979e-13,2.38623958396267e-06,2.6475093596581148e-06,0.01109699132377503,0.013137443339849177,0.2559347488154616,0.5290081827769914,0.033816280579249854,0.1098214983254057,7.660178258853226e-08,1.6403116844548252e-07,2.78675817553078e-06,6.174713195065254e-06,7.588842758635495e-07,1.7943832078592091e-06,1.1050781698294947e-05,2.287746072353948e-05,2.5831231793694255e-09,5.539756056508924e-09,1.1999738446711749e-06,2.662718367814627e-06,1.6359604602817607e-11,4.953176011947872e-11,1.1229479564410185e-18,1.160712826874824e-18,4.756118420826311e-12,5.623627138843739e-12,2.8752914596734968e-12,6.157851878843351e-12,8.273740186017566e-16,1.5885314383984265e-15,1.3117387785943244e-08,2.6160687685901034e-08,1.6009085821074028e-19,4.847522449166345e-19,0.006305634123244017,0.013035386664980032,3.3920573814184497e-31,1.0000000000000894e-30,3.315084709425049e-10,1.0787571839642209e-09,1.8697738829598643e-11,5.939253023013466e-11
2.097,1324.6231666661147,5.20235422399825,0.16855766350238313,13.769509071176541,0.4964132326382463,0.07385073562905188,5.255862105047088e-06,3.909538035073317e-07,7.115987506526385e-13,8.401347789091067e-13,1.294121132660224e-13,3.0557562690264647e-13,8.08421835348184e-08,1.0145809300379349e-07,0.19641014500864548,0.2611073703228509,9.701838400038717e-16,2.3630226256231352e-15,1.7766554361775532e-13,4.459455808779879e-13,6.42720506799417e-13,6.652852609626496e-13,2.3848616122339788e-06,2.64598613193682e-06,0.01109591854907153,0.013136201202203764,0.2559339222755266,0.5290075976181909,0.03381755817626733,0.10982588063908089,7.65774701285986e-08,1.6397945516445568e-07,2.7867932838462817e-06,6.174804097027453e-06,7.586014576990386e-07,1.7937182925095324e-06,1.1043456885418024e-05,2.286234535297937e-05,2.5810767993635484e-09,5.535379151371378e-09,1.199549020533507e-06,2.66178134330979e-06,1.634472296963237e-11,4.94868082720294e-11,1.1224413478812575e-18,1.1601916445077458e-18,4.754088507956439e-12,5.6212389088540905e-12,2.873787598033573e-12,6.154644210458304e-12,8.268312043373488e-16,1.5874926233216259e-15,1.3117361953441796e-08,2.616069171520952e-08,1.5998248652133565e-19,4.844251259924638e-19,0.0063056207341524485,0.013035386664983042,3.392050178880064e-31,1.0000000000000896e-30,3.313107501951681e-10,1.0781160728049265e-09,1.86869656952693e-11,5.935843589025617e-11
2.098,1324.5781222782825,5.202489858590946,0.16855326901999942,13.775441913688669,0.49641670982261776,0.07385140955971775,5.2533747064160845e-06,3.907696088159758e-07,7.108232362422408e-13,8.392209633289124e-13,1.292692408882734e-13,3.052389154877975e-13,8.079141980957582e-08,1.0139459885690406e-07,0.1964073141369288,0.26110416075282905,9.690995872615626e-16,2.3603867779833484e-15,1.7752419213706052e-13,4.455917297049348e-13,6.419594448536219e-13,6.644988888726631e-13,2.3834847889045643e-06,2.6444641655004412e-06,0.011094846996325338,0.013134960474197106,0.2559330950241676,0.5290070097082404,0.03381883597226842,0.10983026335221847,7.655316729957989e-08,1.6392776189097944e-07,2.7868283719617426e-06,6.174894939698003e-06,7.583188481995001e-07,1.7930538633946115e-06,1.1036139710291668e-05,2.2847245674855534e-05,2.5790327165717827e-09,5.531007140899957e-09,1.1991246091799196e-06,2.6608452243602623e-06,1.6329857837239214e-11,4.944190607366569e-11,1.1219349127775647e-18,1.1596706364155657e-18,4.752059715648301e-12,5.618851980102293e-12,2.8722846673130843e-12,6.151438507295124e-12,8.262888012551172e-16,1.5864545894599929e-15,1.3117336151524551e-08,2.616069574232238e-08,1.598741961614318e-19,4.840982507747599e-19,0.0063056073602962975,0.013035386664986062,3.3920429845374266e-31,1.0000000000000896e-30,3.311132586285232e-10,1.0774757020965697e-09,1.867620169809304e-11,5.932437028613158e-11
2.099,1324.5330847876617,5.202625490925746,0.1685488748398965,13.781374910873906,0.4964201847011166,0.0738520829719957,5.250888714296642e-06,3.905855170236788e-07,7.100486488142338e-13,8.383082362773723e-13,1.2912654269222308e-13,3.049026131989237e-13,8.074069351286898e-08,1.0133115116971388e-07,0.19640448483647993,0.26110095262801125,9.680166686281473e-16,2.357754162901689e-15,1.7738296967707645e-13,4.452381998035656e-13,6.411994174776985e-13,6.637135827417259e-13,2.382109112982299e-06,2.642943459275715e-06,0.01109377666388578,0.013133721153934902,0.2559322670660695,0.5290064190584997,0.03382011396323878,0.10983464645210311,7.652887411311703e-08,1.6387608865100669e-07,2.7868634399352476e-06,6.174985723224293e-06,7.580364476106224e-07,1.7923899211090163e-06,1.102883018215566e-05,2.283216170857863e-05,2.5769909321605846e-09,5.526640027676741e-09,1.1987006115879743e-06,2.6599100131562928e-06,1.6315009185059256e-11,4.93970534628799e-11,1.1214286507504912e-18,1.1591498022146602e-18,4.75003204782698e-12,5.61646635727291e-12,2.870782667260879e-12,6.148234768871309e-12,8.257468090990301e-16,1.5854173363395112e-15,1.3117310380145648e-08,2.6160699767231662e-08,1.597659876475674e-19,4.837716208330676e-19,0.006305594001655412,0.01303538666498907,3.3920357983796998e-31,1.0000000000000885e-30,3.309159965798217e-10,1.0768360729493948e-09,1.8665446830786063e-11,5.929033339524323e-11
2.1,1324.48805418423,5.202761121016816,0.168544480961586,13.787308062729693,0.49642365727570575,0.07385275586640407,5.248404127245982e-06,3.904015280263456e-07,7.092749870018898e-13,8.373965961570603e-13,1.2898401841353428e-13,3.045667194178538e-13,8.069000460258785e-08,1.0126774989044996e-07,0.19640165710629817,0.26109774594792834,9.669350820575295e-16,2.355124775441641e-15,1.7724187607409282e-13,4.448849907689734e-13,6.404404228997145e-13,6.629293407502489e-13,2.3807345828632327e-06,2.6414240115104612e-06,0.011092707550154814,0.013132483239584871,0.25593143840322885,0.5290058256747618,0.033821392147855,0.10983902993475618,7.650459055981513e-08,1.638244354254409e-07,2.7868984878010933e-06,6.1750764477008835e-06,7.57754255619987e-07,1.7917264649276137e-06,1.1021528287558781e-05,2.2817093426583024e-05,2.574951442082277e-09,5.522277803101291e-09,1.1982770270305224e-06,2.6589757081053186e-06,1.6300176988057606e-11,4.9352250364670104e-11,1.1209225617908481e-18,1.1586291419040837e-18,4.74800550502046e-12,5.614082041033623e-12,2.869281596896349e-12,6.1450329931419124e-12,8.252052274045039e-16,1.584380863085687e-15,1.3117284639262985e-08,2.616070378993641e-08,1.5965786090487087e-19,4.834452359461333e-19,0.006305580658209789,0.013035386664992087,3.3920286203961283e-31,1.0000000000000898e-30,3.3071896360778225e-10,1.0761971839401823e-09,1.865470108035078e-11,5.92563251769215e-11
2.101,1324.4430304618481,5.202896748865824,0.16854008738498463,13.793241369253474,0.4964271275531922,0.07385342824417995,5.245920943014001e-06,3.9021764165981477e-07,7.085022492044728e-13,8.364860410942097e-13,1.2884166778539693e-13,3.042312335205545e-13,8.063935302301045e-08,1.0120439495025161e-07,0.19639883094051397,0.2610945407056321,9.658548253837146e-16,2.3524986103744755e-15,1.7710091109768508e-13,4.4453210202877185e-13,6.39682459142266e-13,6.621461608658986e-13,2.3793611965632065e-06,2.6399058200305417e-06,0.01109163965357078,0.013131246729357414,0.2559306090327711,0.5290052295527385,0.033822670529671084,0.10984341381203659,7.648031661599636e-08,1.6377280216459538e-07,2.786933515559802e-06,6.175167113147356e-06,7.574722715158552e-07,1.7910634931810034e-06,1.101423399716993e-05,2.28020407684268e-05,2.5729142386688594e-09,5.5179204508086224e-09,1.1978538535780316e-06,2.6580423049465787e-06,1.6285361218388807e-11,4.930749669552164e-11,1.120416646193504e-18,1.158108655797141e-18,4.745980081319679e-12,5.6116990244407046e-12,2.8677814548097533e-12,6.141833177142692e-12,8.246640555851792e-16,1.58334516859015e-15,1.3117258928841079e-08,2.616070781044821e-08,1.5954981536458992e-19,4.83119094397204e-19,0.006305567329939557,0.013035386664995104,3.392021450576014e-31,1.0000000000000898e-30,3.305221587228371e-10,1.0755590318614643e-09,1.8643964429934727e-11,5.922234557824914e-11
2.102,1324.3980136110872,5.20303237448502,0.1685356941096664,13.799174830442706,0.49643059553635105,0.07385410010596248,5.243439160846536e-06,3.900338578712033e-07,7.077304342419066e-13,8.355765697116782e-13,1.2869949056208952e-13,3.038961549327806e-13,8.058873874245832e-08,1.0114108631043367e-07,0.1963960063373264,0.2610913368995892,9.647758967820784e-16,2.3498756633028646e-15,1.7696007462891718e-13,4.441795332904134e-13,6.389255246103619e-13,6.613640414521577e-13,2.3779889527862957e-06,2.638388883425423e-06,0.0110905729725181,0.01313001162139937,0.2559297789558827,0.5290046306965478,0.033823949108168765,0.10984779808258054,7.64560522818657e-08,1.6372118886992807e-07,2.786968523244644e-06,6.175257719655992e-06,7.571904952274176e-07,1.7904010057152937e-06,1.1006947307587152e-05,2.278700372734718e-05,2.5708793202041085e-09,5.5135679671979355e-09,1.1974310912518184e-06,2.6571098037482677e-06,1.6270561853293606e-11,4.92627923873186e-11,1.1199109038161269e-18,1.1575883437552477e-18,4.7439557760544165e-12,5.6093173067449186e-12,2.8662822403993766e-12,6.13863531963998e-12,8.241232932860318e-16,1.5823102521886924e-15,1.3117233248838986e-08,2.616071182876838e-08,1.5944185114828875e-19,4.827931965598086e-19,0.0063055540168247175,0.013035386664998134,3.392014288908603e-31,1.0000000000000912e-30,3.303255818262846e-10,1.0749216164047451e-09,1.8633236869207364e-11,5.91883945670259e-11
2.103,1324.3530036224192,5.203167997887039,0.16853130113519274,13.80510844629486,0.4964340612277951,0.07385477145236592,5.240958779800283e-06,3.8985017659355216e-07,7.069595408854139e-13,8.346681805747795e-13,1.2855748649365262e-13,3.035614830702618e-13,8.053816172642412e-08,1.01077823928758e-07,0.19639318329508926,0.2610881345284693,9.636982943733867e-16,2.347255929696325e-15,1.768193665365717e-13,4.4382728423050783e-13,6.381696176650726e-13,6.605829808269817e-13,2.3766178501547864e-06,2.636873200193752e-06,0.011089507505390025,0.013128777913867842,0.25592894817389955,0.5290040291106116,0.033825227882681164,0.10985218274454077,7.643179755493436e-08,1.6366959553712595e-07,2.787003510888641e-06,6.1753482673184775e-06,7.569089266161667e-07,1.7897390022164862e-06,1.099966821259835e-05,2.2771982290763004e-05,2.568846684323165e-09,5.50922034727714e-09,1.1970087398630994e-06,2.6561782041123113e-06,1.6255778869449028e-11,4.921813737023604e-11,1.1194053345550115e-18,1.1570682056797244e-18,4.741932588798394e-12,5.606936887485372e-12,2.8647839529600518e-12,6.135439419178417e-12,8.235829401226261e-16,1.5812761131605943e-15,1.3117207599215592e-08,2.6160715844897663e-08,1.5933396831268346e-19,4.824675426111051e-19,0.006305540718845302,0.013035386665001147,3.3920071353831542e-31,1.0000000000000915e-30,3.301292327235965e-10,1.074284936949664e-09,1.8622518387120658e-11,5.91544721087707e-11
2.104,1324.3080004840067,5.203303619092105,0.1685269084608796,13.811042216807431,0.4964375246270606,0.07385544228354596,5.238479798561756e-06,3.896665977323564e-07,7.061895678200098e-13,8.337608721469961e-13,1.2841565531307792e-13,3.032272173084518e-13,8.04876219355439e-08,1.0101460775688817e-07,0.19639036181522393,0.2610849335950172,9.62622016108401e-16,2.3446394046101535e-15,1.7667878667229053e-13,4.434753544826233e-13,6.374147365833163e-13,6.59802977221171e-13,2.3752478871412935e-06,2.6353587686680313e-06,0.011088443250591976,0.013127545604934145,0.2559281166912199,0.5290034248056757,0.033826506849478966,0.1098565677861229,7.640755242884423e-08,1.636180221535874e-07,2.787038478541016e-06,6.175438756262315e-06,7.566275654641318e-07,1.7890774821826483e-06,1.0992396702405015e-05,2.2756976438667566e-05,2.5668163278092994e-09,5.504877584226962e-09,1.1965867989613954e-06,2.6552475050598707e-06,1.6241012242529468e-11,4.9173531571410764e-11,1.118899938313276e-18,1.1565482414789209e-18,4.739910523321249e-12,5.604557771162373e-12,2.8632865915774896e-12,6.1322454738546065e-12,8.230429956501209e-16,1.580242750669106e-15,1.3117181979925782e-08,2.6160719858828485e-08,1.592261669834364e-19,4.821421329370109e-19,0.006305527435981439,0.01303538666500415,3.3919999899889786e-31,1.0000000000000915e-30,3.2993311110103904e-10,1.0736489924879125e-09,1.8611808971580218e-11,5.912057816567689e-11
2.105,1324.2630041908865,5.20343923809813,0.1685225160867654,13.816976141977912,0.49644098574240697,0.07385611260095494,5.2360022151119824e-06,3.8948312114062267e-07,7.054205135098184e-13,8.328546426309636e-13,1.282739967649098e-13,3.028933570500636e-13,8.04371193174101e-08,1.009514377301141e-07,0.19638754189040833,0.26108173409034974,9.61547059932424e-16,2.342026083086193e-15,1.765383348181759e-13,4.4312374350575985e-13,6.366608794561407e-13,6.590240286730765e-13,2.373879061866454e-06,2.6338455867901497e-06,0.011087380206566931,0.013126314692813798,0.2559272845034988,0.5290028177744055,0.03382778601358028,0.1098609532239395,7.638331688247279e-08,1.635664686750909e-07,2.78707342619461e-06,6.175529186489994e-06,7.563464111165708e-07,1.788416444079033e-06,1.098513275019543e-05,2.2741986115831598e-05,2.5647882435988666e-09,5.500539662977626e-09,1.1961652667982967e-06,2.6543177027318947e-06,1.6226261945539025e-11,4.9128974909892035e-11,1.1183947153724013e-18,1.156028451452254e-18,4.737889571688015e-12,5.60217994843637e-12,2.861790154972958e-12,6.12905348098446e-12,8.225034593214273e-16,1.5792101636811067e-15,1.3117156390936279e-08,2.6160723870576502e-08,1.591184465340995e-19,4.818169656460116e-19,0.006305514168213363,0.013035386665007167,3.391992852715436e-31,1.0000000000000912e-30,3.29737216053528e-10,1.0730137800867964e-09,1.8601108606524302e-11,5.908671268733336e-11
2.106,1324.218014732287,5.203574854921897,0.16851812401227775,13.822910221803815,0.49644444457478104,0.0738567824049581,5.233526028581296e-06,3.892997467568487e-07,7.046523767578308e-13,8.31949490629368e-13,1.2813251059711398e-13,3.0255990170587737e-13,8.038665383917946e-08,1.0088831380827875e-07,0.19638472352066,0.26107853601534387,9.604734239604152e-16,2.339415960579424e-15,1.7639801085255636e-13,4.427724510004439e-13,6.359080446749797e-13,6.582461335319528e-13,2.3725113729987098e-06,2.6323336531097663e-06,0.0110863183717119,0.013125085175667982,0.2559264516137208,0.529002208024622,0.03382906537266605,0.1098653390507758,7.635909091519424e-08,1.6351493510130683e-07,2.7871083538926034e-06,6.175619558115605e-06,7.560654634939663e-07,1.7877558877310348e-06,1.0977876352031135e-05,2.272701131437871e-05,2.56276242984339e-09,5.496206579643831e-09,1.1957441433575667e-06,2.653388797113044e-06,1.621152795560045e-11,4.90844673171979e-11,1.117889665571911e-18,1.1555088354423167e-18,4.735869735703599e-12,5.59980342148439e-12,2.8602946424785727e-12,6.125863439192103e-12,8.219643307632878e-16,1.5781783514972176e-15,1.311713083220403e-08,2.616072788013813e-08,1.5901080718318648e-19,4.814920414051578e-19,0.006305500915521218,0.013035386665010171,3.391985723551849e-31,1.000000000000089e-30,3.295415474661012e-10,1.0723792993847695e-09,1.859041728146805e-11,5.90528756410435e-11
2.107,1324.1730320988554,5.203710469575609,0.16851373223699248,13.828844456282662,0.4964479011268674,0.07385745169617877,5.2310512378691335e-06,3.8911647450235e-07,7.038851563000154e-13,8.31045414665721e-13,1.2799119655835737e-13,3.022268506883119e-13,8.033622546403965e-08,1.0082523594624128e-07,0.19638190670425182,0.2610753393685554,9.594011062830572e-16,2.336809032485561e-15,1.7625781463383075e-13,4.4242147661716227e-13,6.351562305741264e-13,6.574692900878635e-13,2.371144819097597e-06,2.6308229660556407e-06,0.01108525774443684,0.013123857051673073,0.2559256180231194,0.5290015955605236,0.03383034492616673,0.10986972526509818,7.633487452209768e-08,1.634634214227276e-07,2.7871432616663554e-06,6.175709871227012e-06,7.557847223956003e-07,1.7870958126774316e-06,1.0970627499160517e-05,2.2712052016467396e-05,2.5607388836010695e-09,5.491878327995288e-09,1.1953234282575076e-06,2.6524607873769663e-06,1.619681024904682e-11,4.904000872245333e-11,1.1173847888480393e-18,1.1549893933916486e-18,4.7338510148301515e-12,5.597428189713263e-12,2.8588000533047036e-12,6.122675346840805e-12,8.214256095683342e-16,1.5771473133525256e-15,1.3117105303688363e-08,2.6160731887514368e-08,1.5890324890900537e-19,4.811673601541391e-19,0.006305487677885196,0.013035386665013155,3.3919786024875744e-31,1.0000000000000889e-30,3.29346105057334e-10,1.0717455494785604e-09,1.857973498478699e-11,5.901906699048915e-11
2.108,1324.1280562826014,5.203846082067094,0.16850934076062718,13.83477884541199,0.4964513554030241,0.07385812047548836,5.228577841284142e-06,3.889333042544863e-07,7.031188507093218e-13,8.301424130710154e-13,1.278500543898475e-13,3.018942033921534e-13,8.028583414572543e-08,1.0076220408699403e-07,0.19637909143776588,0.26107214414628926,9.583301048628902e-16,2.334205293888058e-15,1.76117745976503e-13,4.420708198962045e-13,6.344054353418537e-13,6.566934964796744e-13,2.3697793984534394e-06,2.629313523757755e-06,0.011084198323176581,0.013122630319034696,0.2559247837312378,0.5290009803828082,0.03383162467520646,0.10987411187087223,7.631066768877345e-08,1.634119276095018e-07,2.7871781495336392e-06,6.175800125881906e-06,7.555041873654635e-07,1.786436217853311e-06,1.0963386172548933e-05,2.2697108182966715e-05,2.558717599575598e-09,5.487554896751875e-09,1.1949031203398653e-06,2.6515336709740382e-06,1.6182108800261094e-11,4.8995599048876317e-11,1.116880085311763e-18,1.1544701254233896e-18,4.731833406366911e-12,5.595054249972211e-12,2.8573063863434715e-12,6.119489201612083e-12,8.208872952384663e-16,1.576117048307863e-15,1.3117079805350942e-08,2.616073589271057e-08,1.5879577145003133e-19,4.808429211064037e-19,0.006305474455285588,0.013035386665016158,3.391971489511996e-31,1.000000000000089e-30,3.291508881923582e-10,1.0711125283146951e-09,1.8569061702296804e-11,5.898528669121891e-11
2.109,1324.083087275455,5.203981692404499,0.16850494958288922,13.840713389189341,0.4964548074075055,0.07385878874374213,5.226105837488203e-06,3.8875023591688483e-07,7.023534586559126e-13,8.292404842909715e-13,1.2770908384071634e-13,3.015619592308827e-13,8.023547984345196e-08,1.0069921818040456e-07,0.1963762777178959,0.261068950344996,9.572604177640793e-16,2.3316047401177566e-15,1.7597780471927448e-13,4.4172048043858114e-13,6.336556572574641e-13,6.55918750940433e-13,2.3684151095166737e-06,2.6278053245236628e-06,0.011083140106356377,0.013121404975946948,0.25592394873772384,0.5290003624923856,0.03383290462080399,0.1098784988717204,7.628647040600357e-08,1.6336045364289296e-07,2.7872130175148638e-06,6.175890322143756e-06,7.552238580817415e-07,1.7857771025110311e-06,1.0956152358665326e-05,2.2682179786138692e-05,2.5566985737413893e-09,5.4832362773584555e-09,1.1944832188586037e-06,2.650607446269296e-06,1.6167423584815907e-11,4.8951238223284605e-11,1.1163755549930798e-18,1.1539510315769573e-18,4.729816907699504e-12,5.592681599212473e-12,2.8558136406798642e-12,6.116305001600372e-12,8.20349387331315e-16,1.5750875555310181e-15,1.3117054337153421e-08,2.6160739895731827e-08,1.586883746580723e-19,4.805187238185598e-19,0.00630546124770271,0.013035386665019147,3.3919643846145254e-31,1.0000000000000871e-30,3.2895589642455234e-10,1.0704802344522405e-09,1.855839742124812e-11,5.895153470333775e-11
2.11,1324.0381250643486,5.204117300612124,0.16850055870296302,13.846648087612287,0.4964582571382801,0.07385945650086205,5.223635226124546e-06,3.885672694661762e-07,7.015889790984747e-13,8.283396271119388e-13,1.2756828466294478e-13,3.012301176247e-13,8.018516253312287e-08,1.006362781972858e-07,0.19637346554764337,0.26106575796951825,9.56192043194655e-16,2.32900736685585e-15,1.7583799078290816e-13,4.413704580512834e-13,6.329068948560769e-13,6.551450519679683e-13,2.367051951205511e-06,2.6262983671799368e-06,0.0110820830923628,0.013120181020558402,0.25592311304852483,0.5289997419031988,0.03383418475766734,0.10988288625077243,7.626228268209464e-08,1.6330899954169466e-07,2.7872478656736987e-06,6.1759804601720405e-06,7.549437347154204e-07,1.7851184670682338e-06,1.0948926063519391e-05,2.2667266838699948e-05,2.5546818065243084e-09,5.478922470806679e-09,1.194063724550553e-06,2.649682114918349e-06,1.615275458179862e-11,4.8906926183137004e-11,1.1158711975438407e-18,1.1534321115009115e-18,4.727801524528585e-12,5.590310244217312e-12,2.854321815920285e-12,6.113122746016891e-12,8.198118855528447e-16,1.5740588344745918e-15,1.3117028899048886e-08,2.616074389656674e-08,1.5858105901487906e-19,4.801947697547281e-19,0.006305448055116752,0.013035386665022136,3.391957287784507e-31,1.000000000000085e-30,3.287611299825396e-10,1.069848668647629e-09,1.854774213365323e-11,5.891781100207657e-11
2.111,1323.9931696453405,5.204252906684794,0.16849616812098742,13.852582940678394,0.4964617046046839,0.07386012374845762,5.221166004555765e-06,3.8838440470931987e-07,7.00825410343432e-13,8.274398395500861e-13,1.2742765659349347e-13,3.00898677958308e-13,8.013488215279615e-08,1.0057338406094593e-07,0.1963706549185882,0.2610625670095015,9.551249789676204e-16,2.326413168821129e-15,1.7569830390602195e-13,4.4102075208406767e-13,6.32159146093539e-13,6.543723974604124e-13,2.365689921371815e-06,2.6247926493698334e-06,0.011081027279677478,0.01311895845112948,0.25592227665816486,0.5289991186055534,0.03383546509194053,0.10988727402829328,7.623810448621132e-08,1.6325756524087256e-07,2.787282693992403e-06,6.176070539945552e-06,7.546638163554964e-07,1.784460309384014e-06,1.0941707249957219e-05,2.265236926400505e-05,2.5526672885021047e-09,5.4746134569669124e-09,1.1936446348815216e-06,2.648757671318102e-06,1.613810176242274e-11,4.8862662842047864e-11,1.1153670134144067e-18,1.1529133656691343e-18,4.725787247556017e-12,5.5879401740346255e-12,2.8528309104527908e-12,6.109942431463138e-12,8.192747892625937e-16,1.57303088392593e-15,1.3117003491006077e-08,2.616074789523386e-08,1.5847382366535753e-19,4.798710563309402e-19,0.0063054348775082114,0.013035386665025142,3.391950199011457e-31,1.000000000000086e-30,3.285665876062646e-10,1.0692178268127867e-09,1.8537095820942906e-11,5.888411552904953e-11
2.112,1323.9482210068468,5.2043885106421035,0.16849177783629943,13.858517948385249,0.4964651498065287,0.0738607904867235,5.218698172363579e-06,3.882016416183542e-07,7.000627513296789e-13,8.265411203683e-13,1.2728719938951133e-13,3.005676396640748e-13,8.008463867702393e-08,1.0051053574049598e-07,0.19636784583188172,0.26105937746732316,9.5405922332038e-16,2.3238221417660533e-15,1.755587440008121e-13,4.4067136232238897e-13,6.314124094929619e-13,6.536007859030728e-13,2.36432901890206e-06,2.6232881698845583e-06,0.01107997266669654,0.013117737265819693,0.2559214395707348,0.5289984926095446,0.03383674562019085,0.10989166219344904,7.621393582478319e-08,1.6320615075519539e-07,2.7873175025230235e-06,6.176160561597896e-06,7.543841031125797e-07,1.7838026297331736e-06,1.0934495921727438e-05,2.2637487070087937e-05,2.5506550195991624e-09,5.47030923575482e-09,1.193225950412793e-06,2.6478341167344974e-06,1.6123465105568824e-11,4.881844813684514e-11,1.1148630023179704e-18,1.1523947937935506e-18,4.723774080012472e-12,5.585571392526868e-12,2.851340923855292e-12,6.1067640570890195e-12,8.18738098159318e-16,1.5720037033237004e-15,1.3116978112980623e-08,2.616075189172636e-08,1.5836666901035322e-19,4.795475847663027e-19,0.0063054217148573715,0.01303538666502811,3.3919431182847644e-31,1.0000000000000838e-30,3.283722694449885e-10,1.0685877094458091e-09,1.8526458474668195e-11,5.88504482580189e-11
2.113,1323.9032791390173,5.204524112498084,0.16848738784841616,13.864453110730455,0.4964685927456982,0.07386145671616147,5.216231728222106e-06,3.880189800977935e-07,6.993010007468774e-13,8.256434680351551e-13,1.2714691279499983e-13,3.00237002143303e-13,8.003443206594745e-08,1.0044773318695714e-07,0.19636503828658203,0.2610561893425735,9.529947742815418e-16,2.3212342809343605e-15,1.7541931091322631e-13,4.403222883853932e-13,6.306666833526743e-13,6.528302155485273e-13,2.362969242270426e-06,2.6217849270577745e-06,0.011078919251852786,0.01311651746283171,0.2559206017882278,0.5289978639209229,0.033838026341085244,0.10989605074222272,7.618977668990131e-08,1.631547560687235e-07,2.787352291299897e-06,6.176250525223334e-06,7.541045947150333e-07,1.783145427486617e-06,1.0927292067108954e-05,2.2622620232955108e-05,2.548644996194662e-09,5.4660097994825544e-09,1.1928076705379387e-06,2.646911449842195e-06,1.6108844587129844e-11,4.877428199530845e-11,1.1143591642241821e-18,1.1518763958511466e-18,4.721762022440475e-12,5.583203900377813e-12,2.8498518552151297e-12,6.103587620993601e-12,8.18201811802026e-16,1.5709772918381929e-15,1.3116952764931391e-08,2.6160755886043413e-08,1.5825959500351273e-19,4.792243549257587e-19,0.006305408567144671,0.013035386665031087,3.3919360455939074e-31,1.0000000000000835e-30,3.28178175116669e-10,1.0679583153157923e-09,1.8515830082505606e-11,5.881680915043715e-11
2.114,1323.8583440355796,5.204659712255151,0.1684829981572309,13.87038842771162,0.4964720334285899,0.07386212243794406,5.213766670438898e-06,3.878364200248761e-07,6.985401571715871e-13,8.247468808856422e-13,1.2700679656005853e-13,2.999067648116771e-13,7.998426227296846e-08,1.003849763428893e-07,0.19636223227722427,0.26105300262882714,9.519316298775348e-16,2.318649581564338e-15,1.7528000445333257e-13,4.399735298021472e-13,6.299219658765259e-13,6.520606845515082e-13,2.3616105897693953e-06,2.6202829190214686e-06,0.011077867033599663,0.01311529904039246,0.2559197633081071,0.5289972325360704,0.03383930725781953,0.10990043968530502,7.616562706597493e-08,1.6310338114906457e-07,2.7873870603280934e-06,6.17634043085122e-06,7.538252906639923e-07,1.7824887014779088e-06,1.0920095665558526e-05,2.26077687103478e-05,2.5466372126764334e-09,5.46171513619122e-09,1.1923897939751278e-06,2.645989667817033e-06,1.6094240181638307e-11,4.873016434109584e-11,1.1138554992989664e-18,1.1513581720217704e-18,4.719751069352958e-12,5.580837691141486e-12,2.8483637034305437e-12,6.1004131208708045e-12,8.176659296967464e-16,1.5699516485379308e-15,1.3116927446823167e-08,2.616075987819574e-08,1.5815260124220278e-19,4.789013655953878e-19,0.006305395434350577,0.013035386665034057,3.391928980928377e-31,1.0000000000000824e-30,3.2798430393250547e-10,1.0673296421935365e-09,1.8505210630085567e-11,5.878319816125551e-11
2.115,1323.8134156877668,5.2047953099239015,0.16847860876237217,13.87632389932636,0.4964754718584314,0.07386278765277174,5.211302997607804e-06,3.876539612981296e-07,6.977802192709409e-13,8.238513573616436e-13,1.268668504318936e-13,2.995769270780327e-13,7.993412925672392e-08,1.0032226515742032e-07,0.19635942780151525,0.26104981732387317,9.508697881500792e-16,2.316068038931389e-15,1.751408244585987e-13,4.3962508617047933e-13,6.291782553472659e-13,6.512921911483761e-13,2.360253059835196e-06,2.6187821440670476e-06,0.011076816010379449,0.013114081996715512,0.2559189241310068,0.5289965984579197,0.03384058837042041,0.10990482902309345,7.614148694319515e-08,1.630520259762053e-07,2.7874218096332825e-06,6.176430278556515e-06,7.535461906301023e-07,1.7818324509413998e-06,1.0912906703168313e-05,2.2592932473743595e-05,2.5446316649364204e-09,5.4574252371475096e-09,1.191972319948158e-06,2.645068768956808e-06,1.6079651864744445e-11,4.8686095101247414e-11,1.1133520075645684e-18,1.1508401223367381e-18,4.71774121951962e-12,5.5784727634051676e-12,2.8468764675488912e-12,6.0972405547337926e-12,8.171304513919203e-16,1.5689267725728277e-15,1.311690215861669e-08,2.6160763868185817e-08,1.5804568764658268e-19,4.785786165386981e-19,0.0063053823164556325,0.013035386665037058,3.3919219242777026e-31,1.000000000000083e-30,3.2779065543414547e-10,1.0667016885997269e-09,1.8494600104617514e-11,5.874961525043947e-11
2.116,1323.7684940833174,5.204930905526202,0.16847421966310372,13.882259525572321,0.4964789080341008,0.0738634523606997,5.208840709544187e-06,3.87471603906952e-07,6.970211860562612e-13,8.229568963114002e-13,1.26727074171697e-13,2.992474883842235e-13,7.988403299570144e-08,1.0025959960459242e-07,0.19635662486154268,0.26104663343133144,9.498092473945812e-16,2.3134896489287704e-15,1.750017708596072e-13,4.392769573219463e-13,6.284355503586532e-13,6.50524733897411e-13,2.3588966514701776e-06,2.6172826011140685e-06,0.011075766180589735,0.0131128663299618,0.25591808426193086,0.528995961698449,0.03384186967453242,0.1099092187417563,7.611735633182002e-08,1.6300069057310758e-07,2.7874565392741477e-06,6.176520068487487e-06,7.532672948296881e-07,1.7811766764017787e-06,1.0905725187893901e-05,2.2578111539883815e-05,2.5426283538655195e-09,5.453140104339243e-09,1.1915552493364852e-06,2.644148755233371e-06,1.6065079616285957e-11,4.8642074215481514e-11,1.1128486886604962e-18,1.1503222464317601e-18,4.7157324773509826e-12,5.576109122426197e-12,2.845390147274515e-12,6.09406992200288e-12,8.165953766235038e-16,1.5679026634528432e-15,1.311687690026662e-08,2.6160767856004638e-08,1.5793885467174293e-19,4.782561091390301e-19,0.006305369213440157,0.013035386665040002,3.3919148756313065e-31,1.0000000000000808e-30,3.275972299158822e-10,1.0660744555043208e-09,1.84839984987612e-11,5.871606039526822e-11
2.117,1323.7235792163124,5.205066499063512,0.16846983085934994,13.888195306447146,0.4964823419622484,0.0738641165629356,5.2063798037252655e-06,3.872893476667881e-07,6.962630558872559e-13,8.220634958137241e-13,1.265874675135761e-13,2.989184481081163e-13,7.98339734306276e-08,1.0019697961104831e-07,0.19635382345156355,0.2610434509443971,9.48750005418123e-16,2.3109144062600707e-15,1.7486284341035948e-13,4.3892914264482914e-13,6.27693848918873e-13,6.497583107506639e-13,2.3575413626011768e-06,2.6157842878885764e-06,0.011074717542720955,0.013111652038401426,0.2559172436980521,0.5289953222534212,0.03384315117364552,0.10991360885293566,7.609323520391173e-08,1.6294937488092956e-07,2.7874912492491153e-06,6.176609800658556e-06,7.529886024447235e-07,1.7805213759377947e-06,1.0898551086172704e-05,2.2563305839553113e-05,2.5406272708631603e-09,5.448859719397584e-09,1.1911385798751805e-06,2.6432296216407895e-06,1.6050523408236015e-11,4.8598101599699754e-11,1.1123455429472784e-18,1.1498045446877746e-18,4.713724837129548e-12,5.573746761485731e-12,2.8439047410539507e-12,6.090901219404097e-12,8.160607047691599e-16,1.5668793199998833e-15,1.3116851671738617e-08,2.616077184166374e-08,1.5783210166195048e-19,4.779338414160007e-19,0.0063053561252849125,0.01303538666504301,3.3919078349788346e-31,1.0000000000000836e-30,3.274040262432946e-10,1.0654479392278447e-09,1.847340579485914e-11,5.868253354024317e-11
2.118,1323.6786710786791,5.205202090544178,0.1684654423508124,13.894131241948491,0.4964857736470121,0.07386478026031536,5.203920279220001e-06,3.8710719251149446e-07,6.955058275599648e-13,8.211711544625793e-13,1.2644803021912942e-13,2.9858980569248843e-13,7.978395052727932e-08,1.0013440513487143e-07,0.1963510235683826,0.26104026985966,9.476920604257684e-16,2.30834230659821e-15,1.7472404197836252e-13,4.385816418123224e-13,6.269531494355272e-13,6.489929200736211e-13,2.3561871918780363e-06,2.614287202918845e-06,0.01107367009520786,0.0131104391202389,0.2559164024390875,0.5289946801238735,0.0338444328686953,0.10991799935998108,7.606912355610388e-08,1.6289807889345107e-07,2.787525939580943e-06,6.176699475138236e-06,7.5271011330651e-07,1.7798665491636264e-06,1.0891384390776312e-05,2.254851535805566e-05,2.5386284133730073e-09,5.4445840769166224e-09,1.1907223112866487e-06,2.642311367583198e-06,1.6035983217850304e-11,4.85541771857978e-11,1.1118425703643114e-18,1.1492870170504322e-18,4.7117182963012836e-12,5.57138567760563e-12,2.8424202481969543e-12,6.087734445512344e-12,8.155264354535635e-16,1.565856741510144e-15,1.3116826472994583e-08,2.616077582516791e-08,1.5772542859007296e-19,4.776118132926966e-19,0.006305343051970368,0.013035386665045973,3.391900802309771e-31,1.000000000000081e-30,3.2721104418551134e-10,1.0648221390311714e-09,1.8462821981932712e-11,5.864903465108216e-11
2.119,1323.633769656018,5.205337679997159,0.1684610541365257,13.900067332074045,0.49648920308441746,0.07386544345246826,5.201462135831639e-06,3.8692513842954627e-07,6.947495000980174e-13,8.202798711206057e-13,1.2630876204208622e-13,2.982615605615213e-13,7.973396426477761e-08,1.0007187615089156e-07,0.19634822521693404,0.2610370901845182,9.46635410657047e-16,2.3057733456999513e-15,1.7458536650072857e-13,4.3823445467232973e-13,6.262134505123715e-13,6.48228560434783e-13,2.354834138315877e-06,2.6127913451383955e-06,0.011072623836453294,0.013109227573640941,0.25591556049287045,0.5289940353276215,0.033845714752494475,0.10992239023986143,7.604502139985997e-08,1.628468026362089e-07,2.7875606103450413e-06,6.176789092111734e-06,7.524318276813128e-07,1.7792121967219588e-06,1.0884225111404834e-05,2.253374011574248e-05,2.536631782667671e-09,5.440313179702234e-09,1.1903064445882588e-06,2.6413939953383504e-06,1.602145902518601e-11,4.8510300914152096e-11,1.1113397704847712e-18,1.148769663086823e-18,4.7097128630998596e-12,5.569025880563677e-12,2.8409366683955076e-12,6.084569599721098e-12,8.149925684093905e-16,1.5648349274871638e-15,1.3116801303985826e-08,2.616077980650089e-08,1.5761883609394935e-19,4.772900267058157e-19,0.0063053299934770594,0.013035386665048963,3.391893777613661e-31,1.000000000000082e-30,3.270182840997172e-10,1.0641970560888308e-09,1.8452247053014025e-11,5.861556370624266e-11
2.12,1323.588874944564,5.205473267417012,0.1684566662166378,13.906003576821487,0.49649263028378954,0.07386610614099864,5.199005370691265e-06,3.8674318521062003e-07,6.939940717649856e-13,8.193896437529779e-13,1.2616966271837204e-13,2.979337120973264e-13,7.968401457797428e-08,1.0000939257837082e-07,0.19634542838878838,0.2610339119085907,9.455800538892362e-16,2.3032075181959006e-15,1.7444681670199616e-13,4.3788758053913165e-13,6.254747500780272e-13,6.474652297037119e-13,2.3534821996812782e-06,2.611296712095268e-06,0.011071578764970759,0.013108017396904594,0.25591471785387465,0.5289933878548398,0.03384699683123022,0.1099267815129771,7.602092870075979e-08,1.6279554603647342e-07,2.787595261521562e-06,6.176878651552881e-06,7.521537445674142e-07,1.7785583162570857e-06,1.0877073207286097e-05,2.2518980028469693e-05,2.534637368518112e-09,5.436047005892306e-09,1.1898909769619413e-06,2.6404774986726753e-06,1.6006950801098585e-11,4.8466472697273675e-11,1.1108371438148245e-18,1.1482524833283844e-18,4.707708528225675e-12,5.566667359405067e-12,2.8394539999144957e-12,6.08140667836698e-12,8.144591029638137e-16,1.5638138766557869e-15,1.3116776164681624e-08,2.6160783785680986e-08,1.5751232322733753e-19,4.769684787952314e-19,0.006305316949785778,0.01303538666505194,3.391886760880162e-31,1.0000000000000817e-30,3.268257446018421e-10,1.0635726859088144e-09,1.8441680988762814e-11,5.858212064487608e-11
2.121,1323.5439869363904,5.205608852811703,0.1684522785908628,13.911939976188508,0.4964960552493549,0.07386676832675436,5.196549982932784e-06,3.8656133279338284e-07,6.932395413792881e-13,8.185004709799521e-13,1.2603073201263557e-13,2.9760625974983474e-13,7.963410143371563e-08,9.994695437672749e-08,0.1963426330806555,0.261030735028336,9.445259883571565e-16,2.3006448198310727e-15,1.7430839245412034e-13,4.375410190970446e-13,6.247370465649822e-13,6.467029262715289e-13,2.3521313746583517e-06,2.60980330235556e-06,0.01107053487920091,0.013106808588240964,0.2559138745217086,0.5289927377063317,0.03384827910594467,0.10993117318302172,7.599684545627744e-08,1.6274430908981818e-07,2.7876298931328767e-06,6.176968153529224e-06,7.518758638172549e-07,1.7779049074330772e-06,1.0869928672082609e-05,2.2504235083383773e-05,2.5326451685800176e-09,5.431785550535005e-09,1.18947590819506e-06,2.6395618771343053e-06,1.5992458523172064e-11,4.8422692468046045e-11,1.1103346902837637e-18,1.147735477710275e-18,4.705705288993685e-12,5.564310110996451e-12,2.83797224210028e-12,6.078245680102935e-12,8.139260387529747e-16,1.5627935883341053e-15,1.3116751055044422e-08,2.6160787762713584e-08,1.5740589000288726e-19,4.766471696044583e-19,0.0063053039208771635,0.013035386665054906,3.3918797520988627e-31,1.000000000000081e-30,3.266334254913727e-10,1.0629490278506842e-09,1.84311237784901e-11,5.854870543361591e-11
2.122,1323.4991056209456,5.205744436197777,0.16844789125863716,13.917876530172817,0.4964994779819752,0.07386743001008263,5.194095971808777e-06,3.8637958112532574e-07,6.924859078050359e-13,8.176123514756953e-13,1.258919696824064e-13,2.97279202952152e-13,7.958422480155375e-08,9.988456150877417e-08,0.19633983929261542,0.261027559544693,9.434732122590463e-16,2.2980852462612666e-15,1.7417009364552312e-13,4.371947700717081e-13,6.240003384428565e-13,6.459416485677552e-13,2.3507816620008786e-06,2.608311114562625e-06,0.01106949217757861,0.013105601145854245,0.2559130304993408,0.5289920848898452,0.03384956157431571,0.10993556524276273,7.59727716673145e-08,1.6269309179915555e-07,2.7876645052219373e-06,6.177057598153922e-06,7.515981853942385e-07,1.7772519701763723e-06,1.086279150362663e-05,2.2489505276263417e-05,2.5306551814409317e-09,5.427528810676907e-09,1.1890612383975733e-06,2.638647130987217e-06,1.5977982169573303e-11,4.837896016111563e-11,1.1098324097102298e-18,1.1472186460532646e-18,4.703703147231261e-12,5.561954137540177e-12,2.8364913943564736e-12,6.075086603704454e-12,8.133933754288302e-16,1.5617740618705495e-15,1.3116725975032003e-08,2.6160791737594766e-08,1.5729953663945344e-19,4.763260998014234e-19,0.0063052909067318405,0.01303538666505783,3.3918727512593375e-31,1.0000000000000761e-30,3.264413267142235e-10,1.0623260817504954e-09,1.8420575412439936e-11,5.851531804205847e-11
2.123,1323.454230988395,5.2058800175895,0.16844350421947135,13.92381323877214,0.4965028984833233,0.07386809119145052,5.19164333602242e-06,3.861979301130622e-07,6.917331697587347e-13,8.167252837400518e-13,1.2575337547616184e-13,2.9695254111599053e-13,7.953438464245242e-08,9.982221392654148e-08,0.19633704702392574,0.261024385457504,9.424217236590303e-16,2.295528792815472e-15,1.7403192012578149e-13,4.368488330912387e-13,6.232646240479137e-13,6.451813948838226e-13,2.3494330602158316e-06,2.606820147085893e-06,0.011068450658561598,0.013104395067975522,0.2559121857889135,0.5289914294114151,0.03385084423484818,0.10993995768765202,7.594870732629481e-08,1.6264189414924045e-07,2.787699097823704e-06,6.177146985522354e-06,7.513207090382053e-07,1.77659950388473e-06,1.0855661690690166e-05,2.247479058412894e-05,2.528667403612655e-09,5.4232767789125e-09,1.1886469669940629e-06,2.6377332589744105e-06,1.596352171670528e-11,4.8335275705785794e-11,1.1093303020574712e-18,1.1467019883275788e-18,4.701702103720306e-12,5.559599440002268e-12,2.835011455788995e-12,6.071929447309288e-12,8.12861112558645e-16,1.5607552964508886e-15,1.3116700924603617e-08,2.6160795710323248e-08,1.5719326310969814e-19,4.76005269308537e-19,0.006305277907330574,0.013035386665060822,3.3918657583512404e-31,1.0000000000000766e-30,3.2624944790545344e-10,1.0617038464326624e-09,1.8410035878580538e-11,5.848195843256887e-11
2.124,1323.4093630304474,5.206015596996227,0.16843911747303472,13.929750101984215,0.4965063167569622,0.07386875187160473,5.1891920739587995e-06,3.860163796395299e-07,6.909813258672398e-13,8.158392661669603e-13,1.2561494914162749e-13,2.9662627365126655e-13,7.948458091206847e-08,9.975991157539535e-08,0.19633425627193846,0.26102121276407214,9.41371520576134e-16,2.2929754547126634e-15,1.738938717185502e-13,4.3650320771866205e-13,6.225299016386142e-13,6.444221634305712e-13,2.3480855676620764e-06,2.605330398130353e-06,0.01106741032062367,0.013103190352854541,0.2559113403906602,0.5289907712731183,0.03385212708796012,0.10994435051935277,7.592465241999425e-08,1.6259071611272818e-07,2.7877336709597853e-06,6.1772363157001765e-06,7.510434343311802e-07,1.7759475075826726e-06,1.0848539215805892e-05,2.2460090971082072e-05,2.5266818301900777e-09,5.419029444797092e-09,1.1882330929328974e-06,2.6368202587820243e-06,1.5949077139900567e-11,4.8291639028115945e-11,1.1088283674083309e-18,1.1461855046270327e-18,4.6997021567158744e-12,5.557246016360667e-12,2.833532425335079e-12,6.06877420869369e-12,8.12329249662135e-16,1.5597372911695278e-15,1.3116675903721094e-08,2.6160799680902295e-08,1.5708706918646142e-19,4.75684677443098e-19,0.006305264922654169,0.013035386665063776,3.391858773364246e-31,1.0000000000000745e-30,3.2605778848451406e-10,1.0610823200199036e-09,1.839950516337976e-11,5.844862656274366e-11
2.125,1323.3645017414638,5.206151174418639,0.1684347310192774,13.935687119806778,0.4965097328098718,0.07386941205180081,5.186742184022355e-06,3.8583492958910527e-07,6.902303747518588e-13,8.149542971437762e-13,1.2547669043755647e-13,2.9630039999392427e-13,7.943481356551389e-08,9.969765440001688e-08,0.19633146703058918,0.26101804145716045,9.403226011115241e-16,2.290425227371795e-15,1.7375594824044855e-13,4.3615789349933477e-13,6.217961694760596e-13,6.436639524215414e-13,2.3467391826939707e-06,2.603841865895962e-06,0.011066371162244262,0.013101986998747787,0.25591049430139773,0.5289901104699736,0.033853410137484184,0.10994874375061896,7.590060693373222e-08,1.6253955765915498e-07,2.787768224631406e-06,6.1773255887079326e-06,7.507663607955668e-07,1.775295980153729e-06,1.0841424059441086e-05,2.2445406396947954e-05,2.524698455824794e-09,5.414786796935077e-09,1.1878196149971165e-06,2.6359081277292903e-06,1.5934648414427376e-11,4.8248050053969244e-11,1.108326605926546e-18,1.1456691951290612e-18,4.697703299911016e-12,5.5548938591988645e-12,2.8320543019505968e-12,6.065620885673793e-12,8.11797786265431e-16,1.5587200451331725e-15,1.3116650912350729e-08,2.6160803649344284e-08,1.5698095447329352e-19,4.753643230097581e-19,0.00630525195268345,0.01303538666506674,3.3918517962880436e-31,1.0000000000000742e-30,3.2586634779643614e-10,1.0604615003927254e-09,1.838898325294571e-11,5.841532238903593e-11
2.126,1323.3196471088631,5.206286749879978,0.16843034485741953,13.941624292237591,0.49651314664028584,0.07387007173199402,5.184293665940151e-06,3.856535799445521e-07,6.894803154192724e-13,8.140703755128354e-13,1.2533859912565058e-13,2.959749195868603e-13,7.938508258038807e-08,9.963544237331002e-08,0.19632867930259137,0.2610148715412045,9.392749635523936e-16,2.2878781066648558e-15,1.736181496186451e-13,4.3581289025610445e-13,6.2106342616175e-13,6.429067604226136e-13,2.3453939042956403e-06,2.602354549281421e-06,0.011065333181849218,0.01310078500384838,0.2559096475267083,0.5289894470151242,0.033854693378477824,0.10995313736570578,7.587657087662219e-08,1.6248841880901247e-07,2.7878027588997636e-06,6.17741480469912e-06,7.504894886240517e-07,1.77464492206641e-06,1.0834316228528548e-05,2.2430736876343943e-05,2.5227172811816304e-09,5.410548836827469e-09,1.1874065339883868e-06,2.634996867614999e-06,1.5920235520258582e-11,4.820450872345262e-11,1.10782501726059e-18,1.145153059478479e-18,4.695705538567119e-12,5.552542974779542e-12,2.830577085293103e-12,6.062469477568556e-12,8.112667220937312e-16,1.5577035578307404e-15,1.311662595044717e-08,2.6160807615638644e-08,1.568749194825723e-19,4.750442075652435e-19,0.006305238997399129,0.01303538666506966,3.3918448271122523e-31,1.0000000000000701e-30,3.256751261014749e-10,1.0598413884100175e-09,1.8378470139810918e-11,5.838204588830642e-11
2.1270000000000002,1323.2747991259193,5.206422323384574,0.1684259589872933,13.947561619274426,0.496516558253657,0.0738707309132114,5.181846517637277e-06,3.8547233055457275e-07,6.887311463727995e-13,8.131874995220952e-13,1.2520067495059615e-13,2.956498318327682e-13,7.933538790492868e-08,9.957327543132262e-08,0.19632589308339715,0.26101170301097876,9.382286058385553e-16,2.285334087617514e-15,1.734804756416429e-13,4.354681974637203e-13,6.203316698477417e-13,6.421505855343624e-13,2.3440497306183058e-06,2.600868446261152e-06,0.011064296377938047,0.013099584366436231,0.2559088000649092,0.528988780906681,0.03385597681327038,0.10995753137248301,7.585254422768702e-08,1.6243729951834815e-07,2.787837273772279e-06,6.177503963707906e-06,7.502128171871913e-07,1.7739943318451103e-06,1.0827215697175524e-05,2.2416082355926207e-05,2.5207382994411576e-09,5.406315549923266e-09,1.1869938482119498e-06,2.634086474697979e-06,1.590583843128062e-11,4.8161014958240985e-11,1.107323601645139e-18,1.144637097926013e-18,4.693708868472587e-12,5.5501933581636625e-12,2.829100774054213e-12,6.059319981627871e-12,8.1073605659777895e-16,1.5566878282241002e-15,1.3116601017975084e-08,2.616081157979404e-08,1.5676896373369214e-19,4.747243296593417e-19,0.0063052260567821785,0.013035386665072646,3.39183786582664e-31,1.0000000000000728e-30,3.254841225286978e-10,1.0592219812494072e-09,1.83679658084126e-11,5.834879701169713e-11
2.128,1323.229957784249,5.206557894942128,0.16842157340855718,13.95349910091506,0.4965199676534303,0.07387138959618174,5.179400738091775e-06,3.8529118134619425e-07,6.879828664045069e-13,8.123056677604018e-13,1.2506291767433875e-13,2.953251361750843e-13,7.92857295040172e-08,9.951115353099058e-08,0.19632310837048303,0.2610085358639497,9.371835261654406e-16,2.282793165877966e-15,1.7334292617363554e-13,4.351238147869175e-13,6.196008989499732e-13,6.413954261304894e-13,2.3427066602930425e-06,2.599383555341966e-06,0.011063260748973895,0.013098385084748209,0.2559079519163433,0.5289881121469439,0.03385726044216438,0.1099619257722381,7.58285269823817e-08,1.6238619977839817e-07,2.7878717692744065e-06,6.177593065808439e-06,7.499363462918372e-07,1.7733442090458941e-06,1.0820122457109096e-05,2.2401442818829427e-05,2.5187615078201967e-09,5.402086930327962e-09,1.1865815573074796e-06,2.6331769481982924e-06,1.5891457124892938e-11,4.811756869064455e-11,1.106822359028662e-18,1.1441213104265348e-18,4.691713287965595e-12,5.547845007427171e-12,2.8276253674954494e-12,6.056172396322178e-12,8.102057893912837e-16,1.5556728555880037e-15,1.311657611489621e-08,2.6160815541813385e-08,1.5666308719891618e-19,4.744046892131929e-19,0.006305213130813451,0.013035386665075617,3.391830912420903e-31,1.0000000000000737e-30,3.2529333681227966e-10,1.0586032780576893e-09,1.8357470247647117e-11,5.831557572451431e-11
2.129,1323.1851230713773,5.206693464575657,0.168417188120439,13.959436737157299,0.49652337483784237,0.07387204778085935,5.1769563266493625e-06,3.851101322737936e-07,6.872354744247602e-13,8.114248789562476e-13,1.2492532705166246e-13,2.9500083204032203e-13,7.923610734950991e-08,9.944907663800281e-08,0.19632032516654785,0.2610053701045288,9.361397227225208e-16,2.2802553370797988e-15,1.7320550111646878e-13,4.347797419849381e-13,6.188711119850852e-13,6.406412806889095e-13,2.341364692139518e-06,2.5978998752399e-06,0.011062226293403822,0.013097187157002178,0.25590710308656467,0.5289874407489891,0.03385854426024316,0.10996632054930844,7.580451914416961e-08,1.6233511959754872e-07,2.7879062454649132e-06,6.177682111148734e-06,7.496600759857198e-07,1.772694553794418e-06,1.0813036509337406e-05,2.2386818267402985e-05,2.5167869056260356e-09,5.397862976630439e-09,1.1861696616286328e-06,2.632268288920413e-06,1.5877091579961946e-11,4.807416985741398e-11,1.1063212891473344e-18,1.1436056967154675e-18,4.689718802311713e-12,5.5454979288374946e-12,2.826150865067248e-12,6.053026720526499e-12,8.096759201410631e-16,1.554658639299159e-15,1.3116551241165434e-08,2.6160819501686127e-08,1.5655729024612788e-19,4.740852873459461e-19,0.00630520021947379,0.013035386665078561,3.391823966884737e-31,1.0000000000000726e-30,3.251027690098121e-10,1.0579852790341395e-09,1.8346983448574033e-11,5.828238199893538e-11
2.13,1323.1402949834974,5.2068290322801145,0.16841280312307433,13.965374527998945,0.4965267798159918,0.07387270546881183,5.174513280926073e-06,3.8492918316305844e-07,6.864889688473888e-13,8.105451312517915e-13,1.2478790283273513e-13,2.9467691884406847e-13,7.918652138409896e-08,9.938704468143883e-08,0.19631754346338226,0.2610022057226151,9.35097193451014e-16,2.277720596251704e-15,1.7306820022934275e-13,4.3443597845892703e-13,6.181423070333636e-13,6.398881472357715e-13,2.3400238241609812e-06,2.596417403764972e-06,0.01106119300975019,0.013095990581504612,0.25590625357021635,0.5289867667033178,0.03385982827351153,0.10997071572349809,7.578052068563801e-08,1.6228405891805785e-07,2.787940702327213e-06,6.1777710997095975e-06,7.493840054502616e-07,1.7720453641677254e-06,1.0805957820656797e-05,2.237220863316435e-05,2.5148144843974026e-09,5.3936436707576375e-09,1.1857581589160824e-06,2.631360491870127e-06,1.5862741769330547e-11,4.803081837705777e-11,1.1058203923973882e-18,1.1430902572104826e-18,4.687725402421458e-12,5.543152111687255e-12,2.8246772653019625e-12,6.049882951149205e-12,8.091464482540707e-16,1.5536451782352211e-15,1.3116526396752554e-08,2.616082345943044e-08,1.5645157208849845e-19,4.737661216800388e-19,0.006305187322744309,0.013035386665081522,3.391817029207979e-31,1.000000000000072e-30,3.2491241799608124e-10,1.0573679805287538e-09,1.8336505393967314e-11,5.824921578081375e-11
2.1310000000000002,1323.0954735111973,5.206964598068609,0.16840841841601173,13.971312473437811,0.4965301825899573,0.07387336266056418,5.172071600060659e-06,3.8474833395295525e-07,6.857433485174276e-13,8.09666423298303e-13,1.2465064478018883e-13,2.9435339603133706e-13,7.913697157556587e-08,9.932505762186836e-08,0.1963147632598307,0.2609990427174918,9.340559365711342e-16,2.2751889391018945e-15,1.7293102339094798e-13,4.3409252390997256e-13,6.174144825609893e-13,6.391360241966718e-13,2.338684055071703e-06,2.5949361395161423e-06,0.011060160896476498,0.013094795356492547,0.2559054033689953,0.5289860900150256,0.03386111248091234,0.10997511129167803,7.575653160523151e-08,1.622330177375598e-07,2.7879751398957348e-06,6.177860031585026e-06,7.491081345785536e-07,1.7713966399257362e-06,1.079888638619479e-05,2.2357613906286412e-05,2.512844242127038e-09,5.38942900847863e-09,1.1853470490679073e-06,2.630453556840811e-06,1.584840767109703e-11,4.798751418399656e-11,1.1053196686585957e-18,1.1425749917954058e-18,4.685733088466955e-12,5.540807556220785e-12,2.8232045675467644e-12,6.046741086843898e-12,8.086173733690445e-16,1.552632471718901e-15,1.311650158161765e-08,2.616082741504575e-08,1.5634593286751292e-19,4.73447192649016e-19,0.006305174440605916,0.01303538666508444,3.3918100993803556e-31,1.0000000000000666e-30,3.247222836231447e-10,1.0567513820718646e-09,1.8326036073586213e-11,5.821607703819315e-11
2.132,1323.0506586439988,5.207100161957725,0.16840403399868722,13.977250573471732,0.4965335831605066,0.07387401935644647,5.1696312835622915e-06,3.8456758461000267e-07,6.849986123841583e-13,8.087887538701017e-13,1.245135526611364e-13,2.9403026305770887e-13,7.908745789771117e-08,9.926311542741408e-08,0.19631198455605822,0.2609958810901983,9.330159503814261e-16,2.2726603615292823e-15,1.7279397050810359e-13,4.3374937810976117e-13,6.166876371291056e-13,6.383849100954752e-13,2.3373453837584587e-06,2.593456081283734e-06,0.011059129952034745,0.013093601480189395,0.255904552485906,0.5289854106919117,0.03386239688007447,0.10997950724645171,7.57325519074846e-08,1.6218199606672955e-07,2.7880095582146945e-06,6.177948906890725e-06,7.488324634301511e-07,1.7707483812219924e-06,1.079182220769782e-05,2.234303409064521e-05,2.510876178318124e-09,5.385218988801873e-09,1.1849363324863229e-06,2.6295474847445744e-06,1.5834089264643348e-11,4.79442572165362e-11,1.1048191176947933e-18,1.1420599002342119e-18,4.683741862290029e-12,5.538464264656783e-12,2.8217327713477556e-12,6.04360112669019e-12,8.080886951815746e-16,1.5516205191820468e-15,1.3116476795719327e-08,2.616083136852859e-08,1.5624037283318944e-19,4.731285010150802e-19,0.006305161573039562,0.013035386665087363,3.391803177391637e-31,1.0000000000000649e-30,3.245323659711378e-10,1.0561354839360241e-09,1.8315575478844393e-11,5.818296574437187e-11
2.133,1323.0058503737205,5.207235723956734,0.16839964987077363,13.983188828098552,0.49653698153109027,0.07387467555718545,5.167192329466815e-06,3.843869349911019e-07,6.842547589990806e-13,8.079121212717775e-13,1.243766262193381e-13,2.937075193235958e-13,7.903798030117572e-08,9.920121803712586e-08,0.19630920734951038,0.2609927208381494,9.31977232828981e-16,2.2701348585765135e-15,1.7265704138248017e-13,4.334065405660093e-13,6.159617689383706e-13,6.37634803082821e-13,2.3360078084418498e-06,2.591977227118769e-06,0.011058100174933442,0.013092408950884987,0.25590370092123604,0.5289847287361417,0.033863681471354094,0.10998390358927698,7.570858157392918e-08,1.6213099386697564e-07,2.788043957303658e-06,6.178037725687568e-06,7.485569914538627e-07,1.7701005867657409e-06,1.078476526231339e-05,2.2328469139186758e-05,2.5089102868476217e-09,5.38101359866862e-09,1.1845260077054476e-06,2.628642272347832e-06,1.5819786524550707e-11,4.790104739844295e-11,1.1043187396689985e-18,1.1415449827034641e-18,4.681751722330928e-12,5.536122235191407e-12,2.8202618754543065e-12,6.040463068060967e-12,8.075604131603484e-16,1.5506093196207475e-15,1.3116452039019838e-08,2.61608353198819e-08,1.5613489167632304e-19,4.728100458469701e-19,0.00630514872002639,0.013035386665090302,3.3917962632316634e-31,1.0000000000000628e-30,3.2434266427523207e-10,1.0555202836439391e-09,1.8305123594972666e-11,5.814988185300424e-11
2.134,1322.961048690754,5.2073712840794775,0.16839526603179597,13.989127237316131,0.49654037770346027,0.0738753312632564,5.1647547367741265e-06,3.8420638502487115e-07,6.835117871766946e-13,8.070365241184237e-13,1.2423986521473463e-13,2.9338516426760935e-13,7.89885387517936e-08,9.91393654091224e-08,0.19630643163935282,0.2609895619610511,9.30939782097277e-16,2.267612425861958e-15,1.7252023588458426e-13,4.3306401095922083e-13,6.152368764300766e-13,6.368857015584227e-13,2.3346713277811682e-06,2.590499575559022e-06,0.01105707156364863,0.013091217766830863,0.25590284867698315,0.5289840441534244,0.033864966253387564,0.10998830031602748,7.568462060108694e-08,1.62080011131809e-07,2.7880783371978573e-06,6.178126488071244e-06,7.482817184963369e-07,1.769453256206999e-06,1.0777715543226935e-05,2.2313919038061224e-05,2.506946565264303e-09,5.376812832895165e-09,1.184116074476297e-06,2.6277379191174782e-06,1.5805499428603555e-11,4.785788466318122e-11,1.1038185344853812e-18,1.1410302391121635e-18,4.6797626691410294e-12,5.533781468517231e-12,2.8187918791378073e-12,6.0373269094471966e-12,8.070325269232153e-16,1.5495988723174958e-15,1.3116427311479203e-08,2.616083926910455e-08,1.5602948944128032e-19,4.724918272841093e-19,0.006305135881547443,0.01303538666509326,3.391789356890239e-31,1.0000000000000621e-30,3.2415317832144655e-10,1.0549057805109417e-09,1.829468041126376e-11,5.811682533064781e-11
2.1350000000000002,1322.916253588985,5.2075068423285105,0.16839088248164424,13.995065801122333,0.49654377168373853,0.0738759864757834,5.162318503902651e-06,3.840259345966622e-07,6.827696955636159e-13,8.06161960826858e-13,1.2410326940812165e-13,2.9306319733036085e-13,7.893913320544309e-08,9.907755748902328e-08,0.19630365742036304,0.26098640445277044,9.299035963038154e-16,2.2650930588431258e-15,1.723835538353628e-13,4.3272178884547537e-13,6.145129579001908e-13,6.361376037715064e-13,2.333335940159637e-06,2.589023124835853e-06,0.01105604411668412,0.013090027926311166,0.2559019957507556,0.5289833569403857,0.0338662512292054,0.10999269743684668,7.566066897471912e-08,1.6202904783169258e-07,2.7881126979028535e-06,6.178215194071584e-06,7.48006644098475e-07,1.768806388472736e-06,1.0770673031625184e-05,2.2299383748575967e-05,2.504985008400145e-09,5.3726166804706435e-09,1.1837065316302457e-06,2.6268344224794983e-06,1.5791227952558118e-11,4.781476893807154e-11,1.1033185022881979e-18,1.140515669617461e-18,4.677774697510755e-12,5.531441958514394e-12,2.8173227813630662e-12,6.034192648683019e-12,8.065050360016586e-16,1.548589176388893e-15,1.3116402613063381e-08,2.6160843216206822e-08,1.5592416576568477e-19,4.72173844234197e-19,0.0063051230575838745,0.013035386665096241,3.3917824583572265e-31,1.0000000000000626e-30,3.239639074802724e-10,1.0542919725000494e-09,1.8284245914143682e-11,5.808379613475132e-11
2.136,1322.8714650607435,5.207642398711446,0.1683864992200451,14.00100451951503,0.49654716347608,0.07387664119559806,5.159883629559503e-06,3.8384558361329823e-07,6.820284828918382e-13,8.052884299146702e-13,1.2396683856107554e-13,2.9274161795429193e-13,7.888976362294453e-08,9.90157942286493e-08,0.19630088468929482,0.2609832483098022,9.288686736075699e-16,2.2625767530784405e-15,1.7224699508007467e-13,4.3237987384186985e-13,6.137900117209118e-13,6.353905080501769e-13,2.3320016440991637e-06,2.58754787333446e-06,0.011055017832533418,0.01308883942759781,0.2559011421421327,0.5289826670977269,0.033867536399863715,0.10999709495546572,7.56367266857987e-08,1.6197810394824997e-07,2.7881470394376506e-06,6.178303843748222e-06,7.477317679482449e-07,1.7681599828376704e-06,1.0763637714502738e-05,2.2284863244062237e-05,2.5030256124068477e-09,5.368425133214507e-09,1.183297378442073e-06,2.6259317808438297e-06,1.5776972073225417e-11,4.77717001536266e-11,1.10281864310818e-18,1.14000127425915e-18,4.675787804874324e-12,5.5291037021892325e-12,2.815854581247993e-12,6.031060283930417e-12,8.059779399708107e-16,1.5475802310353268e-15,1.3116377943735647e-08,2.6160847161193665e-08,1.55818920532129e-19,4.718560963467403e-19,0.006305110248116802,0.013035386665099196,3.391775567622476e-31,1.0000000000000628e-30,3.2377485132313495e-10,1.0536788582281594e-09,1.827382009145581e-11,5.8050794227265084e-11
2.137,1322.8266830935927,5.20777795325143,0.16838211624622282,14.00694339249212,0.4965505530786,0.07387729542263378,5.157450113244521e-06,3.836653320405721e-07,6.812881481261322e-13,8.044159301742639e-13,1.23830572434814e-13,2.924204255809853e-13,7.884042997877246e-08,9.895407559695773e-08,0.19629811344895337,0.26098009353668805,9.278350122629607e-16,2.260063504358726e-15,1.7211055953190015e-13,4.320382657359909e-13,6.130680364692273e-13,6.346444129345022e-13,2.3306684385030394e-06,2.5860738198631847e-06,0.011053992709658352,0.01308765226892523,0.25590028785674157,0.5289819746386537,0.03386882176036714,0.11000149285596199,7.561279373996536e-08,1.619271794945135e-07,2.788181361861959e-06,6.1783924372510305e-06,7.474570901514628e-07,1.7675140395645977e-06,1.0756609595231654e-05,2.22703575317585e-05,2.5010683771466307e-09,5.364238190904299e-09,1.1828886154417065e-06,2.625029995405774e-06,1.5762731770277148e-11,4.7728678249019614e-11,1.1023189566482915e-18,1.1394870527382026e-18,4.673801996600613e-12,5.5267667059307675e-12,2.8143872783290766e-12,6.027929814247855e-12,8.054512385242743e-16,1.5465720356846416e-15,1.3116353303451299e-08,2.6160851104054266e-08,1.5571375415727366e-19,4.715385848885257e-19,0.006305097453127327,0.013035386665102112,3.391768684675815e-31,1.0000000000000602e-30,3.2358600998874437e-10,1.0530664381582977e-09,1.8263402934994965e-11,5.8017819582691277e-11
2.138,1322.7819076791366,5.2079135059585,0.1683777335598258,14.012882420051513,0.4965539404944831,0.07387794915757724,5.1550179537289015e-06,3.8348517979006245e-07,6.80548690022066e-13,8.03544460150985e-13,1.2369447079027792e-13,2.92099619651352e-13,7.879113223502614e-08,9.889240154737029e-08,0.19629534369706342,0.2609769401312115,9.268026104320941e-16,2.257553308249802e-15,1.7197424704292572e-13,4.316969641620489e-13,6.123470305399446e-13,6.338993167759148e-13,2.3293363219297163e-06,2.584600962847662e-06,0.011052968746554722,0.013086466448567853,0.2558994328951173,0.528981279565839,0.03387010731081074,0.11000589113894434,7.55888701295896e-08,1.618762744550964e-07,2.7882156652007775e-06,6.1784809746528795e-06,7.471826104394367e-07,1.7668685580306734e-06,1.0749588662441022e-05,2.225586658837887e-05,2.4991132991411564e-09,5.3600558461526044e-09,1.1824802420298672e-06,2.6241290648546782e-06,1.5748507020852036e-11,4.7685703155751725e-11,1.1018194429017432e-18,1.1389730050555984e-18,4.671817271320782e-12,5.524430968160588e-12,2.8129208717575245e-12,6.0248012378684325e-12,8.049249312470331e-16,1.5455645895560705e-15,1.3116328692172648e-08,2.6160855044791445e-08,1.5560866649458914e-19,4.712213094208573e-19,0.00630508467259668,0.013035386665105059,3.3917618095071456e-31,1.0000000000000596e-30,3.233973831056483e-10,1.0524547110932047e-09,1.8252994433013972e-11,5.798487216427835e-11
2.1390000000000002,1322.7371388127135,5.208049056830641,0.16837335116089214,14.018821602191117,0.4965573257315005,0.07387860240179571,5.152587148580813e-06,3.8330512668384094e-07,6.798101070036257e-13,8.02674017998614e-13,1.2355853337654352e-13,2.917791995782643e-13,7.874187033432333e-08,9.883077200885299e-08,0.19629257542672768,0.26097378808500443,9.257714660428118e-16,2.2550461597466926e-15,1.7183805737377648e-13,4.3135596852464184e-13,6.116269920319175e-13,6.331552176194249e-13,2.328005292383899e-06,2.583129300098982e-06,0.01105194594176753,0.013085281964857995,0.25589857725318055,0.5289805818724034,0.033871393055914044,0.11001028982003881,7.556495582703217e-08,1.6182538877175487e-07,2.788249949444482e-06,6.17856945594977e-06,7.469083279969408e-07,1.7662235363205966e-06,1.0742574883038575e-05,2.224139034566451e-05,2.497160369968296e-09,5.35587808096832e-09,1.1820722559479943e-06,2.623228984197549e-06,1.573429779807166e-11,4.764277479315751e-11,1.1013201022469965e-18,1.1384591316105225e-18,4.669833621740978e-12,5.5220964802937435e-12,2.8114553600395654e-12,6.021674551643588e-12,8.043990175411286e-16,1.5445578915175067e-15,1.3116304109868174e-08,2.6160858983419674e-08,1.5550365687605945e-19,4.709042679258253e-19,0.0063050719065061885,0.013035386665107996,3.3917549421064247e-31,1.0000000000000586e-30,3.2320896955357623e-10,1.0518436733986326e-09,1.8242594568411344e-11,5.7951951918263e-11
2.14,1322.6923764826602,5.208184605888524,0.16836896904872645,14.024760938908862,0.49656070878877373,0.07387925515537182,5.150157697796015e-06,3.8312517272457647e-07,6.79072398167431e-13,8.018046026651189e-13,1.2342275996970873e-13,2.9145916483840064e-13,7.869264425854502e-08,9.876918695965318e-08,0.19628980863975376,0.26097063740128007,9.247415775180452e-16,2.2525420550503484e-15,1.7170199046856889e-13,4.3101527868897735e-13,6.109079196493109e-13,6.324121141366427e-13,2.326675348990562e-06,2.5816588306713072e-06,0.011050924293750286,0.013084098816020006,0.2558977209355423,0.5289798815694491,0.033872678991690636,0.1100146888865989,7.554105084466158e-08,1.617745224719275e-07,2.788284214649445e-06,6.178657881284139e-06,7.466342430972849e-07,1.7655789750931698e-06,1.0735568267318708e-05,2.2226928825184158e-05,2.495209591091991e-09,5.351704898563813e-09,1.1816646582474429e-06,2.622329755786722e-06,1.572010408325377e-11,4.759989310538889e-11,1.100820934301841e-18,1.1379454320158652e-18,4.667851051802998e-12,5.519763247031564e-12,2.8099907429853524e-12,6.018549755217652e-12,8.038734971794118e-16,1.5435519411488657e-15,1.311627955649473e-08,2.616086291993106e-08,1.553987258129562e-19,4.705874619566981e-19,0.00630505915483701,0.013035386665110933,3.3917480824635146e-31,1.0000000000000572e-30,3.230207697072173e-10,1.0512333263054913e-09,1.8232203334854667e-11,5.7919058825093136e-11
2.141,1322.6476206818074,5.208320153138327,0.16836458722310213,14.030700430202687,0.4965640896708728,0.07387990741919652,5.147729599375038e-06,3.8294531776649497e-07,6.783355620666626e-13,8.0093621245675e-13,1.2328715031953995e-13,2.9113951484623554e-13,7.864345395777853e-08,9.870764633810846e-08,0.19628704333245728,0.26096748807594156,9.237129428440118e-16,2.2500409892977686e-15,1.7156604612491176e-13,4.306748941524683e-13,6.101898116067685e-13,6.316700044923705e-13,2.325346489964539e-06,2.580189552608788e-06,0.011049903801034261,0.01308291700036983,0.25589686394132183,0.5289791786567082,0.03387396511965455,0.1100190883438396,7.55171551627651e-08,1.6172367551434327e-07,2.788318460827605e-06,6.178746250699764e-06,7.463603551510855e-07,1.7649348729670998e-06,1.0728568791044991e-05,2.221248197701282e-05,2.493260956100336e-09,5.347536285259111e-09,1.1812574473471608e-06,2.621431376132638e-06,1.5705925851131317e-11,4.7557058016656034e-11,1.100321939268942e-18,1.13743190648907e-18,4.665869558424789e-12,5.517431264769431e-12,2.8085270193299918e-12,6.015426845932115e-12,8.033483696292271e-16,1.5425467374433706e-15,1.3116255032016583e-08,2.616086685433163e-08,1.5529387290917565e-19,4.702708903189623e-19,0.0063050464175705275,0.013035386665113917,3.391741230568399e-31,1.000000000000059e-30,3.2283278275299464e-10,1.0506236671775692e-09,1.8221820717405225e-11,5.788619283787377e-11
2.142,1322.602871402269,5.2084556985885575,0.1683602056837172,14.036640076070539,0.49656746838155785,0.07388055919404059,5.145302852110525e-06,3.827655617227457e-07,6.775995974677865e-13,8.000688459315577e-13,1.2315170419080817e-13,2.90820249051664e-13,7.859429939443376e-08,9.864615009802139e-08,0.19628427950197622,0.2609643401059863,9.226855602132644e-16,2.247542958128458e-15,1.7143022419542888e-13,4.303348145506189e-13,6.094726663152578e-13,6.309288870546121e-13,2.3240187138785863e-06,2.578721464352687e-06,0.01104888446212491,0.01308173651619287,0.25589600627045384,0.5289784731356013,0.03387525144050012,0.11002348819431398,7.549326877365986e-08,1.616728478834934e-07,2.7883526880003017e-06,6.178834564261286e-06,7.460866638847241e-07,1.7642912293077743e-06,1.0721576442754252e-05,2.2198049777670694e-05,2.4913144615075674e-09,5.343372233650024e-09,1.1808506226358935e-06,2.620533843897866e-06,1.5691763079039062e-11,4.7514269459045886e-11,1.0998231171526865e-18,1.1369185550426128e-18,4.66388913948685e-12,5.515100531040908e-12,2.8070641882389998e-12,6.012305822050282e-12,8.028236344809051e-16,1.5415422796303737e-15,1.3116230536396952e-08,2.616087078662547e-08,1.551890980510571e-19,4.6995455267340395e-19,0.006305033694688016,0.013035386665116841,3.3917343864110136e-31,1.000000000000058e-30,3.226450083155773e-10,1.0500146948048477e-09,1.8211446704383514e-11,5.7853353920062775e-11
2.1430000000000002,1322.5581286345741,5.208591242252874,0.1683558244301033,14.04257987651038,0.4965708449225816,0.07388121048037637,5.1428774552956005e-06,3.825859045437061e-07,6.768645032777329e-13,7.992025018134103e-13,1.230164213535452e-13,2.905013669169915e-13,7.85451805390968e-08,9.858469820345536e-08,0.19628151714746656,0.26096119349109537,9.21659427917776e-16,2.2450479574239957e-15,1.712945245711361e-13,4.299950396152978e-13,6.087564823127443e-13,6.301887603228059e-13,2.3226920195387436e-06,2.577254564603076e-06,0.011047866275510621,0.013080557361754301,0.2558951479248889,0.5289777650117173,0.0338765379529034,0.11002788843402046,7.546939167800909e-08,1.6162203958174207e-07,2.788386896203776e-06,6.178922822066386e-06,7.458131692530057e-07,1.7636480440207285e-06,1.0714591220053838e-05,2.2183632222457208e-05,2.489370105893352e-09,5.339212740762157e-09,1.1804441841953922e-06,2.6196371592828663e-06,1.5677615746042247e-11,4.747152736988358e-11,1.0993244677960959e-18,1.136405377522155e-18,4.661909795492201e-12,5.512771046480669e-12,2.8056022491463183e-12,6.0091866824103244e-12,8.0229929140127105e-16,1.5405385670860837e-15,1.3116206069596442e-08,2.6160874716811493e-08,1.5508440137954133e-19,4.696384494518041e-19,0.006305020986170814,0.01303538666511976,3.391727549981312e-31,1.0000000000000563e-30,3.2245744633241274e-10,1.0494064089951912e-09,1.8201081286367608e-11,5.782054204228893e-11
2.144,1322.5133923690023,5.20872678414579,0.16835144346176456,14.048519831520194,0.4965742192953119,0.07388186127861848,5.14045340780686e-06,3.8240634614876146e-07,6.76130278296881e-13,7.983371787003274e-13,1.2288130156811674e-13,2.901828678816823e-13,7.84960973561172e-08,9.852329061064382e-08,0.19627875626846172,0.2609580482314501,9.206345441284293e-16,2.242555982770883e-15,1.711589471162977e-13,4.2965556901120694e-13,6.08041258039571e-13,6.29449622695293e-13,2.3213664055690206e-06,2.575788851857989e-06,0.011046849239696115,0.013079379535338512,0.25589428890694604,0.5289770542914043,0.0338778246551691,0.11003228905775053,7.544552387053458e-08,1.6157125059872785e-07,2.788421085474065e-06,6.179011024212254e-06,7.45539871060282e-07,1.7630053166556873e-06,1.0707613114396644e-05,2.216922929392896e-05,2.48742788642385e-09,5.335057800589239e-09,1.1800381316410492e-06,2.618741321453117e-06,1.5663483829931755e-11,4.742883168263363e-11,1.0988259911264942e-18,1.1358923738604886e-18,4.6599315274994595e-12,5.510442812380323e-12,2.8041412012582303e-12,6.0060694253626926e-12,8.017753399923195e-16,1.5395355990621885e-15,1.311618163157525e-08,2.6160878644887663e-08,1.549797829298158e-19,4.693225807656869e-19,0.006305008292000282,0.013035386665122694,3.3917207212692715e-31,1.0000000000000567e-30,3.222700965306556e-10,1.0487988088720609e-09,1.8190724452350347e-11,5.778775717014371e-11
2.145,1322.4686625991403,5.208862324271161,0.16834706277854955,14.054459941097962,0.4965775915051899,0.0738825115897858,5.138030707645616e-06,3.822268863921693e-07,6.753969210830324e-13,7.974728749038507e-13,1.2274634458858756e-13,2.898647513702999e-13,7.844704979551388e-08,9.846192725782912e-08,0.19627599686039626,0.26095490432177554,9.196109068627933e-16,2.240067029382001e-15,1.7102349162698064e-13,4.293164022318325e-13,6.073269917212818e-13,6.287114723480006e-13,2.3200418701881636e-06,2.5743243241656667e-06,0.011045833353223762,0.013078203035274096,0.2558934292148465,0.5289763409725252,0.03387911154970747,0.11003669007362755,7.542166533101316e-08,1.615204808920785e-07,2.788455255817517e-06,6.179099170730145e-06,7.452667686986877e-07,1.7623630457875292e-06,1.0700642100922333e-05,2.215484094086621e-05,2.48548779656111e-09,5.330907399180084e-09,1.179632463338313e-06,2.617846326800121e-06,1.5649367305559964e-11,4.738618232185992e-11,1.0983276873700337e-18,1.135379544299277e-18,4.657954331227514e-12,5.50811582371698e-12,2.8026810433136593e-12,6.002954048256593e-12,8.012517797238951e-16,1.5385333745565588e-15,1.3116157222299132e-08,2.616088257086236e-08,1.5487524225623673e-19,4.6900694527046235e-19,0.006304995612157937,0.013035386665125659,3.3917139002649407e-31,1.0000000000000575e-30,3.2208295807431784e-10,1.048191891726167e-09,1.818037618734093e-11,5.7754999256560986e-11
2.146,1322.4239393165008,5.208997862639522,0.16834268238009112,14.060400205241681,0.49658096155517306,0.07388316141452894,5.135609354035699e-06,3.820475252191347e-07,6.746644305255277e-13,7.966095891269619e-13,1.226115501882488e-13,2.8954701685280266e-13,7.839803782659731e-08,9.840060810746712e-08,0.19627323892121554,0.26095176176013946,9.185885144277164e-16,2.2375810931748182e-15,1.708881579869486e-13,4.2897753899079943e-13,6.066136818856428e-13,6.279743077696955e-13,2.3187184121715197e-06,2.572860980191955e-06,0.011044818614593239,0.013077027859839278,0.255892568849315,0.5289756250581283,0.03388039863641641,0.11004109148161693,7.539781605843474e-08,1.6146973046056972e-07,2.788489407262539e-06,6.179187261700298e-06,7.449938620725734e-07,1.761721231202398e-06,1.0693678175325404e-05,2.214046715460609e-05,2.483549834461497e-09,5.326761532651825e-09,1.1792271792192402e-06,2.6169521751920075e-06,1.5635266151825174e-11,4.734357922437643e-11,1.0978295564162072e-18,1.13486688873218e-18,4.655978205563867e-12,5.505790079214707e-12,2.8012217747124027e-12,5.999840549856753e-12,8.007286102541792e-16,1.5375318929287013e-15,1.3116132841730538e-08,2.616088649473782e-08,1.5477077941525766e-19,4.686915431420302e-19,0.006304982946625151,0.013035386665128601,3.391707086958308e-31,1.0000000000000582e-30,3.218960308340604e-10,1.047585657147935e-09,1.8170036481527023e-11,5.7722268270925386e-11
2.1470000000000002,1322.3792225115963,5.209133399264745,0.16833830226591434,14.066340623949364,0.49658432944684583,0.07388381075329328,5.13318934583603e-06,3.8186826254770735e-07,6.739328054245806e-13,7.957473199673613e-13,1.224769181290056e-13,2.8922966377224354e-13,7.834906141348937e-08,9.833933311549836e-08,0.19627048245022868,0.2609486205464192,9.175673650029605e-16,2.2350981697570966e-15,1.7075294605908535e-13,4.286389789493019e-13,6.059013269769766e-13,6.272381273627186e-13,2.3173960301396197e-06,2.5713988184308317e-06,0.01104380502231746,0.01307585400732774,0.2558917078124365,0.5289749065540663,0.03388168591383537,0.11004549327727045,7.537397604709046e-08,1.6141899929291124e-07,2.788523539843506e-06,6.1792752972161034e-06,7.447211509740322e-07,1.7610798724209373e-06,1.0686721328601644e-05,2.2126107916756645e-05,2.4816139971942754e-09,5.322620194789744e-09,1.1788222788618757e-06,2.616058865711219e-06,1.5621180346567192e-11,4.730102232378978e-11,1.097331598203447e-18,1.1343544071034228e-18,4.654003151279739e-12,5.503465579824989e-12,2.7997633946525416e-12,5.996728928495701e-12,8.002058311837344e-16,1.5365311534274369e-15,1.311610848983007e-08,2.616089041651227e-08,1.5466639444141264e-19,4.683763744898994e-19,0.006304970295383392,0.013035386665131493,3.3917002813394115e-31,1.0000000000000577e-30,3.217093145211253e-10,1.0469801042089384e-09,1.8159705323844812e-11,5.7689564178644055e-11
2.148,1322.3345121759835,5.2092689341573095,0.168333922435654,14.072281197219034,0.4965876951831062,0.07388445960671959,5.130770681825752e-06,3.816890982899976e-07,6.732020445564549e-13,7.948860659944347e-13,1.223424481753118e-13,2.889126915776808e-13,7.830012051880037e-08,9.827810223596432e-08,0.19626772744542956,0.26094548067874324,9.165474567767965e-16,2.2326182547572197e-15,1.7061785569787967e-13,4.2830072174744916e-13,6.051899254212237e-13,6.265029295103468e-13,2.3160747226737407e-06,2.569937837332676e-06,0.011042792574916426,0.013074681476041492,0.25589084610497326,0.5289741854634575,0.03388297338182318,0.11004989546042515,7.535014528942345e-08,1.6136828737385427e-07,2.7885576535863584e-06,6.179363277352256e-06,7.444486351392643e-07,1.7604389688315998e-06,1.0679771549609316e-05,2.2111763204499787e-05,2.4796802813514864e-09,5.318483378355401e-09,1.1784177616781123e-06,2.61516639707144e-06,1.5607109867347614e-11,4.725851155286245e-11,1.0968338127209748e-18,1.1338420994097246e-18,4.652029167374361e-12,5.501142324403844e-12,2.7983059022919814e-12,5.993619182419832e-12,7.996834421022465e-16,1.5355311552806717e-15,1.3116084166560283e-08,2.6160894336187788e-08,1.5456208724071094e-19,4.6806143903436e-19,0.0063049576584141825,0.013035386665134402,3.391693483398294e-31,1.0000000000000568e-30,3.2152280877210947e-10,1.0463752317377988e-09,1.8149382702756627e-11,5.765688694361774e-11
2.149,1322.289808302015,5.209404467325153,0.16832954288902707,14.078221925048725,0.49659105876780824,0.07388510797559003,5.128353360575476e-06,3.8151003234259395e-07,6.724721466410923e-13,7.940258257110192e-13,1.2220814009039795e-13,2.8859609971526703e-13,7.825121510174849e-08,9.8216915418646e-08,0.19626497390384695,0.2609423421539536,9.155287879029874e-16,2.230141343719382e-15,1.7048288674168724e-13,4.279627669848353e-13,6.044794755954298e-13,6.257687125451972e-13,2.3147544882599145e-06,2.5684780352421016e-06,0.011041781270920727,0.013073510264294883,0.25588998372672145,0.5289734617874167,0.0338842610412075,0.11005429803406346,7.532632377430588e-08,1.613175946804994e-07,2.7885917485100112e-06,6.179451202167805e-06,7.441763142059757e-07,1.759798519589881e-06,1.067282882331933e-05,2.2097432986968083e-05,2.477748682644495e-09,5.31435107422122e-09,1.1780136267810792e-06,2.6142747673232677e-06,1.5593054691058653e-11,4.721604684232776e-11,1.0963362000293796e-18,1.1333299657215581e-18,4.650056251603171e-12,5.498820310336352e-12,2.796849296677521e-12,5.990511309637415e-12,7.991614425682255e-16,1.534531897656402e-15,1.3116059871885033e-08,2.616089825376874e-08,1.5445785762503276e-19,4.677467362106349e-19,0.0063049450356990906,0.013035386665137337,3.3916866931250455e-31,1.0000000000000575e-30,3.21336513089423e-10,1.0457710381263957e-09,1.8139068605788872e-11,5.7624236526772195e-11
2.15,1322.2451108818682,5.209539998776822,0.1683251636257309,14.08416280743648,0.4965944202045754,0.07388575586065213,5.125937380691262e-06,3.813310646047164e-07,6.717431104104173e-13,7.931665976340631e-13,1.2207399363798015e-13,2.882798876322868e-13,7.820234512219027e-08,9.815577261412361e-08,0.19626222182274203,0.2609392049692002,9.14511356543247e-16,2.2276674322070287e-15,1.7034803903195051e-13,4.276251142687901e-13,6.037699758884819e-13,6.250354748121076e-13,2.3134353254028293e-06,2.567019410524368e-06,0.011040771108861957,0.013072340370403356,0.255889120677702,0.5289727355275207,0.033885548892588685,0.11005870100042912,7.530251149123067e-08,1.6126692119127496e-07,2.7886258246349024e-06,6.179539071725162e-06,7.439041878295702e-07,1.7591585238931025e-06,1.0665893135408898e-05,2.208311723475575e-05,2.4758191969469276e-09,5.310223273607443e-09,1.177609873337233e-06,2.613383974635596e-06,1.5579014794753497e-11,4.7173628123404643e-11,1.0958387601757444e-18,1.1328180060954209e-18,4.6480844020334586e-12,5.49649953537628e-12,2.7953935768749385e-12,5.987405308197272e-12,7.986398321458478e-16,1.533533379733471e-15,1.3116035605767935e-08,2.6160902169258908e-08,1.5435370544059225e-19,4.674322655579082e-19,0.006304932427219672,0.013035386665140232,3.3916799105097463e-31,1.0000000000000553e-30,3.211504269998719e-10,1.0451675218459711e-09,1.812876302065305e-11,5.7591612889619874e-11
2.1510000000000002,1322.200419906157,5.209675528525911,0.16832078464529987,14.090103844380357,0.4965977794951248,0.07388640326237059,5.123522741595686e-06,3.811521950363268e-07,6.710149348183351e-13,7.923083805425917e-13,1.219400085939914e-13,2.8796405480486517e-13,7.81535105529215e-08,9.809467378921722e-08,0.19625947120129675,0.26093606912418926,9.134951610475902e-16,2.225196516242209e-15,1.7021331246916312e-13,4.272877633548733e-13,6.030614248915059e-13,6.243032148652496e-13,2.3121172329802383e-06,2.565561961958674e-06,0.011039762087243762,0.013071171792649338,0.2558882569598568,0.5289720066893236,0.03388683693464258,0.11006310435551643,7.527870844264505e-08,1.6121626691235286e-07,2.7886598819975856e-06,6.179626886122505e-06,7.436322560126651e-07,1.7585189817596612e-06,1.0658964485431808e-05,2.206881594718736e-05,2.473891823297214e-09,5.3060999745221854e-09,1.1772065015732405e-06,2.612494019530162e-06,1.55649901582062e-11,4.713125533554967e-11,1.0953414929767153e-18,1.1323062203496019e-18,4.646113619158807e-12,5.494180000146557e-12,2.793938742391027e-12,5.984301177092807e-12,7.981186105248506e-16,1.5325356009318073e-15,1.3116011368170059e-08,2.6160906082657255e-08,1.5424963085232013e-19,4.671180275805353e-19,0.0063049198329574825,0.013035386665143145,3.391673135542473e-31,1.0000000000000544e-30,3.20964550507727e-10,1.0445646829216358e-09,1.8118465938551387e-11,5.755901600476221e-11
2.152,1322.1557353672156,5.209811056580537,0.1683164059474453,14.096045035878422,0.496601136643165,0.0738870501815045,5.121109441405452e-06,3.8097342350022693e-07,6.702876184719319e-13,7.914511728060668e-13,1.218061847127976e-13,2.876486006581753e-13,7.810471134637678e-08,9.803361888518652e-08,0.1962567220366731,0.26093293461593464,9.124801994501844e-16,2.2227285910774365e-15,1.700787068622233e-13,4.269507137686905e-13,6.023538208810376e-13,6.235719309330734e-13,2.310800209282298e-06,2.564105687672101e-06,0.01103875420461948,0.013070004529373727,0.25588739257309967,0.528971275274173,0.03388812516807662,0.11006750810191533,7.525491461076191e-08,1.6116563180656607e-07,2.788693920615009e-06,6.179714645414418e-06,7.433605182223561e-07,1.75787989194151e-06,1.0652042851448634e-05,2.205452907908588e-05,2.471966555828814e-09,5.301981164452905e-09,1.1768035100743345e-06,2.611604898885889e-06,1.5550980756986613e-11,4.708892840548614e-11,1.0948443985926112e-18,1.1317946086576216e-18,4.644143900990477e-12,5.491861702334501e-12,2.792484792025713e-12,5.9811989138031756e-12,7.975977771941833e-16,1.5315385602857257e-15,1.3115987159055258e-08,2.6160909993967636e-08,1.5414563356164947e-19,4.668040213792328e-19,0.006304907252894208,0.013035386665146077,3.39166636821337e-31,1.0000000000000535e-30,3.2077888287877297e-10,1.0439625189750844e-09,1.810817734527683e-11,5.752644582761383e-11
2.153,1322.1110572560215,5.209946582953192,0.16831202753173735,14.101986381928759,0.4966044916508178,0.07388769661857775,5.1186974794950845e-06,3.807947499527903e-07,6.695611603143522e-13,7.905949731907273e-13,1.2167252177132565e-13,2.8733352467065864e-13,7.805594747458418e-08,9.797260786788326e-08,0.19625397432764516,0.26092980144359634,9.114664701021705e-16,2.2202636527372614e-15,1.6994422210763715e-13,4.266139652557639e-13,6.016471624414517e-13,6.228416215626841e-13,2.309484253167159e-06,2.5626505864219687e-06,0.011037747459499798,0.01306883857886701,0.25588652751895147,0.5289705412867444,0.03388941359198567,0.11007191223697942,7.523112999708115e-08,1.6111501587805346e-07,2.788727940520811e-06,6.179802349692537e-06,7.430889744344634e-07,1.757241254393617e-06,1.0645128231970141e-05,2.204025662761503e-05,2.4700433933479927e-09,5.297866840909365e-09,1.1764008989859624e-06,2.6107166130441726e-06,1.5536986570771807e-11,4.704664727237298e-11,1.0943474768620771e-18,1.1312831708604758e-18,4.642175247459786e-12,5.4895446418979686e-12,2.791031725261034e-12,5.978098517268522e-12,7.970773318372006e-16,1.5305422572028227e-15,1.311596297838535e-08,2.6160913903190114e-08,1.5404171368345967e-19,4.664902473067628e-19,0.0063048946870114435,0.013035386665148974,3.3916596085125404e-31,1.00000000000005e-30,3.2059342408111316e-10,1.0433610299136604e-09,1.8097897231815178e-11,5.7493902330085703e-11
2.154,1322.0663855642601,5.210082107654121,0.16830764939781878,14.107927882529461,0.4966078445209787,0.07388834257422852,5.116286854429029e-06,3.8061617429011886e-07,6.688355590760306e-13,7.897397802116096e-13,1.215390195319192e-13,2.8701882628630185e-13,7.80072188970642e-08,9.791164068745769e-08,0.19625122807219575,0.2609266696052795,9.104539711501457e-16,2.21780169674786e-15,1.69809858046275e-13,4.262775174219372e-13,6.009414479638881e-13,6.221122851011042e-13,2.308169363131167e-06,2.561196656564061e-06,0.011036741850426699,0.013067673939456551,0.25588566179813754,0.5289698047300636,0.033890702206260774,0.11007631676064723,7.520735459077726e-08,1.610644191045551e-07,2.78876194173926e-06,6.179889999027673e-06,7.428176243014613e-07,1.7566030683062754e-06,1.0638220612492425e-05,2.2025998562991548e-05,2.468122331688499e-09,5.293756995025539e-09,1.1759986674601165e-06,2.609829160141642e-06,1.5523007576667406e-11,4.70044118675806e-11,1.0938507278255492e-18,1.1307719070077412e-18,4.640207657589654e-12,5.487228817720498e-12,2.789579541139649e-12,5.974999985487759e-12,7.965572740124324e-16,1.5295466908509646e-15,1.3115938826123267e-08,2.6160917810326717e-08,1.5393787108456447e-19,4.661767049646513e-19,0.006304882135290888,0.01303538666515187,3.3916528564301466e-31,1.0000000000000484e-30,3.204081736361535e-10,1.0427602141909144e-09,1.808762558586326e-11,5.746138547363874e-11
2.1550000000000002,1322.021720283723,5.210217630693258,0.16830327154534255,14.113869537678633,0.4966111952566867,0.07388898804911577,5.113877564930088e-06,3.804376964200877e-07,6.681108135299643e-13,7.888855924339653e-13,1.2140567776111408e-13,2.86704504958976e-13,7.795852557574492e-08,9.785071729707938e-08,0.1962484832681638,0.2609235390988957,9.094427007903765e-16,2.215342718756274e-15,1.6967561452930897e-13,4.259413698989004e-13,6.002366758801543e-13,6.213839199374164e-13,2.3068555377421744e-06,2.559743896533439e-06,0.011035737375939296,0.013066510609466158,0.2558847954112386,0.528969065606853,0.033891991010938594,0.11008072167332936,7.518358838326133e-08,1.6101384146859866e-07,2.7887959242945645e-06,6.179977593490453e-06,7.425464675329463e-07,1.7559653330048248e-06,1.0631319980845997e-05,2.2011754860264726e-05,2.4662033672219345e-09,5.2896516190887936e-09,1.1755968148254579e-06,2.6089425387069414e-06,1.5509043752311432e-11,4.696222212408946e-11,1.0933541514917772e-18,1.1302608171162209e-18,4.6382411301736444e-12,5.484914228414299e-12,2.7881282387912123e-12,5.9719033166460024e-12,7.960376033035063e-16,1.528551860446169e-15,1.3115914702232144e-08,2.6160921715379658e-08,1.5383410565639882e-19,4.658633940289714e-19,0.00630486959771428,0.01303538666515477,3.391646111956357e-31,1.0000000000000465e-30,3.202231311450869e-10,1.0421600705200257e-09,1.80773623957383e-11,5.74288952217032e-11
2.156,1321.9770614038184,5.210353152088279,0.16829889397371145,14.119811347374402,0.4966145438579607,0.07388963304345003,5.111469610300617e-06,3.802593162936873e-07,6.673869226126933e-13,7.880324086161268e-13,1.212724962294181e-13,2.8639056015192245e-13,7.790986748216293e-08,9.778983766197768e-08,0.19624573991642275,0.2609204099263942,9.084326573186756e-16,2.2128867146519587e-15,1.6954149145381365e-13,4.256055224335683e-13,5.995328447683941e-13,6.206565246121693e-13,2.3055427758404643e-06,2.558292305067447e-06,0.011034734034555837,0.01306534858719505,0.25588392836185775,0.528968323926089,0.0338932800030252,0.11008512696559436,7.515983137597485e-08,1.6096328297419395e-07,2.7888298882324134e-06,6.180065133199182e-06,7.422755041171261e-07,1.755328048473466e-06,1.0624426335833346e-05,2.199752551720067e-05,2.4642864988084204e-09,5.285550710723917e-09,1.175195341253866e-06,2.608056749140028e-06,1.5495095077360093e-11,4.6920077980990147e-11,1.0928577476654074e-18,1.1297499009917292e-18,4.6362756679319776e-12,5.4826008772350475e-12,2.7866778176543877e-12,5.968808509590237e-12,7.955183193817675e-16,1.5275577653728805e-15,1.311589060667116e-08,2.6160925618343555e-08,1.537304176177329e-19,4.655503151670802e-19,0.006304857074263299,0.013035386665157703,3.39163937508132e-31,1.0000000000000483e-30,3.200382965883242e-10,1.041560598848319e-09,1.806710765245369e-11,5.73964315462743e-11
2.157,1321.9324089211573,5.2104886718335495,0.1682945166830815,14.125753311614883,0.4966178903338322,0.07389027755877964,5.109062988261315e-06,3.800810337442234e-07,6.666638848181177e-13,7.871802269937019e-13,1.2113947470031858e-13,2.8607699131177853e-13,7.786124456156193e-08,9.772900171437429e-08,0.19624299800879041,0.2609172820776731,9.074238387865508e-16,2.2104336797290606e-15,1.6940748859011348e-13,4.252699744546421e-13,5.988299528167474e-13,6.19930097262106e-13,2.3042310755261752e-06,2.556841880081993e-06,0.011033731824861935,0.013064187871021612,0.2558830606445489,0.5289675796780192,0.0338945691885903,0.11008953265744484,7.51360835425281e-08,1.6091274356573947e-07,2.788863833534965e-06,6.1801526181311245e-06,7.420047332654032e-07,1.754691212859325e-06,1.0617539645729587e-05,2.1983310468358145e-05,2.462371718397107e-09,5.281454252732248e-09,1.1747942445671369e-06,2.6071717866252875e-06,1.548116152606966e-11,4.687797936101832e-11,1.0923615167295812e-18,1.1292391590380495e-18,4.6343112618007704e-12,5.480288753502913e-12,2.785228276327297e-12,5.965715561366758e-12,7.949994216813016e-16,1.5265644045598646e-15,1.3115866539411714e-08,2.616092951923632e-08,1.536268062281912e-19,4.65237466141674e-19,0.006304844564919838,0.013035386665160601,3.3916326457952907e-31,1.0000000000000467e-30,3.1985366889052027e-10,1.0409617956871074e-09,1.8056861339616343e-11,5.736399439581465e-11
2.158,1321.8877628241662,5.210624189949986,0.16829013967275108,14.13169543039822,0.49662123468310165,0.07389092159513343,5.10665769850489e-06,3.7990284875171576e-07,6.659416991920954e-13,7.863290464540293e-13,1.2100661294982277e-13,2.8576379791474503e-13,7.781265679177898e-08,9.76682094274028e-08,0.19624025754736502,0.2609141555563083,9.064162435772976e-16,2.207983610089918e-15,1.6927360586437526e-13,4.2493472578204367e-13,5.981279987041897e-13,6.192046365320872e-13,2.302920435821775e-06,2.555392620516472e-06,0.01103273074536541,0.013063028459232543,0.25588219226413417,0.5289668328741373,0.03389585856341866,0.11009393873548211,7.511234489069474e-08,1.608622232608032e-07,2.788897760257415e-06,6.180240048425617e-06,7.417341551374131e-07,1.7540548265519458e-06,1.0610659916181225e-05,2.196910972567237e-05,2.4604590264079872e-09,5.277362246083926e-09,1.1743935254607847e-06,2.6062876527246774e-06,1.5467243079461045e-11,4.683592620739343e-11,1.0918654583714676e-18,1.1287285909395302e-18,4.6323479161261374e-12,5.477977862396115e-12,2.783779614458888e-12,5.962624471272773e-12,7.944809099336235e-16,1.5255717775070395e-15,1.3115842500411358e-08,2.6160933418049177e-08,1.5352327194648655e-19,4.649248483467211e-19,0.006304832069665599,0.013035386665163467,3.3916259240884334e-31,1.0000000000000446e-30,3.196692482679058e-10,1.0403636617511323e-09,1.8046623449967174e-11,5.733158374780514e-11
2.1590000000000003,1321.843123106145,5.2107597064427145,0.16828576294252862,14.137637703722563,0.4966245769105868,0.07389156515343372,5.104253739410027e-06,3.797247611984158e-07,6.652203644185236e-13,7.854788654570001e-13,1.2087391074397448e-13,2.8545097941347377e-13,7.776410412918735e-08,9.76074607472521e-08,0.19623751852819324,0.2609110303578234,9.0540986984137e-16,2.2055365012695267e-15,1.6913984310106435e-13,4.24599775980369e-13,5.974269807885637e-13,6.18480140734477e-13,2.3016108551414357e-06,2.5539445246351917e-06,0.01103173079462898,0.013061870350179187,0.25588132321938134,0.5289660835134079,0.03389714812935532,0.11009834520598843,7.508861540584646e-08,1.6081172202897183e-07,2.78893166841093e-06,6.180327424124284e-06,7.414637692760039e-07,1.7534188884822361e-06,1.0603787128454858e-05,2.195492325059966e-05,2.458548417733245e-09,5.273274679892403e-09,1.1739931827558138e-06,2.605404344840044e-06,1.5453339714148887e-11,4.679391844998972e-11,1.0913695727233732e-18,1.1282181968406481e-18,4.630385627362526e-12,5.475668199760438e-12,2.782331830996711e-12,5.959535237102941e-12,7.939627836720002e-16,1.5245798833335825e-15,1.3115818489635935e-08,2.616093731478924e-08,1.534198144398372e-19,4.646124607792421e-19,0.006304819588482463,0.013035386665166357,3.391619209950992e-31,1.0000000000000428e-30,3.194850340948068e-10,1.039766195015115e-09,1.8036393970287167e-11,5.729919956079053e-11
2.16,1321.7984897579836,5.210895221324749,0.1682813864919679,14.143580131586074,0.49662791701808723,0.07389220823415359,5.101851109884897e-06,3.7954677100596064e-07,6.644998793315509e-13,7.846296826398822e-13,1.2074136785167106e-13,2.851385352673419e-13,7.771558653899666e-08,9.754675563120041e-08,0.19623478095035213,0.2609079064817702,9.044047158147077e-16,2.203092349011012e-15,1.6900620016721156e-13,4.242651247210562e-13,5.967268975617809e-13,6.177566083203973e-13,2.300302332149439e-06,2.552497590979937e-06,0.011030731971195943,0.01306071354218981,0.2558804535120859,0.5289653316010539,0.03389843788521642,0.11010275206540807,7.50648950826606e-08,1.6076123985975984e-07,2.788965558027878e-06,6.180414745315713e-06,7.411935754835723e-07,1.7527833981948613e-06,1.0596921274039894e-05,2.194075102576179e-05,2.456639889581395e-09,5.26919154823918e-09,1.1735932160597095e-06,2.6045218621185987e-06,1.543945140860197e-11,4.6751956024294125e-11,1.0908738597241122e-18,1.127707976685845e-18,4.628424395923057e-12,5.473359766122914e-12,2.780884925169947e-12,5.9564478572550575e-12,7.934450425095758e-16,1.5235887213120195e-15,1.3115794507047298e-08,2.6160941209455624e-08,1.53316433738326e-19,4.643003035351331e-19,0.006304807121352281,0.013035386665169225,3.391612503373211e-31,1.000000000000041e-30,3.1930102609911545e-10,1.0391693946044277e-09,1.8026172889855104e-11,5.72668418012495e-11
2.161,1321.7538627719991,5.211030734604461,0.1682770103207727,14.149522713986924,0.49663125500920835,0.07389285083803468,5.099449808841382e-06,3.7936887809625867e-07,6.637802427614375e-13,7.83781496635317e-13,1.2060898404751026e-13,2.848264649491748e-13,7.766710398605384e-08,9.74860940360688e-08,0.19623204481110884,0.2609047839252937,9.034007797746444e-16,2.2006511491582288e-15,1.6887267692581462e-13,4.2393077166540754e-13,5.960277475166546e-13,6.170340377418683e-13,2.2989948655057166e-06,2.5510518180876196e-06,0.011029734273614046,0.013059558033597877,0.25587958314222725,0.5289645771385425,0.033899727831632004,0.11010715931607669,7.504118391494236e-08,1.607107767408128e-07,2.788999429129736e-06,6.180502012064353e-06,7.409235735288891e-07,1.7521483551549483e-06,1.0590062343234828e-05,2.1926593031314227e-05,2.4547334389048653e-09,5.265112844656314e-09,1.1731936248842963e-06,2.6036402034952235e-06,1.5425578141252452e-11,4.671003886568103e-11,1.0903783193566903e-18,1.1271979304652358e-18,4.626464219796703e-12,5.471052559143843e-12,2.7794388962141832e-12,5.953362330140558e-12,7.929276860619756e-16,1.5225982907196118e-15,1.311577055260972e-08,2.616094510205219e-08,1.5321312973850678e-19,4.639883763059063e-19,0.006304794668256941,0.01303538666517209,3.3916058043453385e-31,1.0000000000000374e-30,3.191172239659652e-10,1.0385732595052588e-09,1.801596019774261e-11,5.723451043500158e-11
2.162,1321.7092421396405,5.211166246293092,0.1682726344285542,14.1554654509233,0.49663459088638207,0.07389349296564363,5.0970498350040625e-06,3.791910823772779e-07,6.630614534956706e-13,7.829343060254012e-13,1.2047675909915524e-13,2.8451476791540697e-13,7.76186564326791e-08,9.742547591550466e-08,0.1962293101089021,0.2609016626870949,9.023980599256863e-16,2.1982128973775117e-15,1.6873927323039953e-13,4.2359671645093485e-13,5.953295291056785e-13,6.16312427409133e-13,2.2976884537936533e-06,2.5496072044101503e-06,0.011028737700438438,0.0130584038227455,0.2558787121109514,0.5289638201297495,0.03390101796806431,0.11011156695653619,7.501748189430437e-08,1.6066033265507847e-07,2.7890332817437646e-06,6.18058922444743e-06,7.406537631314378e-07,1.7515137587110384e-06,1.0583210324242923e-05,2.1912449243073625e-05,2.4528290621693093e-09,5.261038561631598e-09,1.1727944085835372e-06,2.6027593675544173e-06,1.5411719890032754e-11,4.6668166908009684e-11,1.0898829516180437e-18,1.1266880581833209e-18,4.624505098575543e-12,5.46874657837919e-12,2.777993743260732e-12,5.950278653947416e-12,7.924107139151388e-16,1.5216085907765803e-15,1.3115746626286023e-08,2.616094899257977e-08,1.5310990238191837e-19,4.636766789192941e-19,0.006304782229178371,0.01303538666517496,3.391599112857658e-31,1.0000000000000344e-30,3.1893362730993673e-10,1.0379777884741513e-09,1.8005755882447777e-11,5.7202205426042845e-11
2.1630000000000003,1321.6646278524931,5.211301756401448,0.16826825881493776,14.1614083423934,0.4966379246522355,0.073894134617576,5.094651187317492e-06,3.790133837733466e-07,6.623435103797675e-13,7.820881094607183e-13,1.2034469277986512e-13,2.8420344363567496e-13,7.757024384451952e-08,9.736490122732953e-08,0.19622657684197636,0.26089854276561625,9.013965545394538e-16,2.1957775894985807e-15,1.686059889487106e-13,4.23262958750832e-13,5.946322408363101e-13,6.155917757893005e-13,2.2963830956951916e-06,2.5481637485087574e-06,0.011027742250219337,0.013057250907968896,0.25587784041920797,0.5289630605781444,0.03390230829417127,0.11011597498596419,7.499378901549111e-08,1.6060990759221096e-07,2.7890671158974263e-06,6.18067638254262e-06,7.403841440906722e-07,1.7508796084007704e-06,1.0576365208514167e-05,2.189831964357842e-05,2.450926756586195e-09,5.256968693252344e-09,1.1723955667584204e-06,2.6018793534288604e-06,1.5397876633596505e-11,4.662634008732156e-11,1.0893877564607465e-18,1.1261783597987307e-18,4.622547031539202e-12,5.466441823015378e-12,2.77654946556132e-12,5.9471968271214494e-12,7.918941256896328e-16,1.5206196207696116e-15,1.3115722728039352e-08,2.6160952881039804e-08,1.5300675163356194e-19,4.633652112740736e-19,0.0063047698040985,0.013035386665177846,3.391592428900456e-31,1.0000000000000351e-30,3.187502358566858e-10,1.0373829806291184e-09,1.7995559933324255e-11,5.716992674108638e-11
2.164,1321.6200199027503,5.2114372649384,0.1682638834796112,14.167351388395433,0.4966412563101204,0.07389477579453456,5.092253864481169e-06,3.788357821905543e-07,6.616264121947053e-13,7.812429055156012e-13,1.2021278486020837e-13,2.8389249157324563e-13,7.752186618334253e-08,9.730436992449263e-08,0.19622384500784598,0.26089542415832656,9.003962618382949e-16,2.193345221231008e-15,1.6847282393060739e-13,4.2292949819338075e-13,5.939358811591005e-13,6.148720812905294e-13,2.2950787897821065e-06,2.5467214488223534e-06,0.011026747921518676,0.013056099287617967,0.25587696806721044,0.5289622984856693,0.03390359881034636,0.11012038340592614,7.497010526924994e-08,1.6055950153330139e-07,2.7891009316122047e-06,6.180763486414283e-06,7.401147160982844e-07,1.7502459035069098e-06,1.0569526983224997e-05,2.188420420651794e-05,2.4490265183975886e-09,5.252903231526399e-09,1.1719970986810679e-06,2.6010001595213327e-06,1.5384048349825412e-11,4.658455833731863e-11,1.0888927339107307e-18,1.1256688353459122e-18,4.620590017039775e-12,5.464138291141861e-12,2.775106062236192e-12,5.944116847826714e-12,7.913779209689794e-16,1.5196313799142131e-15,1.3115698857833841e-08,2.6160956767435442e-08,1.5290367736008812e-19,4.630539729711651e-19,0.006304757392999323,0.013035386665180755,3.3915857524640336e-31,1.000000000000036e-30,3.185670491845965e-10,1.03678883460884e-09,1.7985372338678586e-11,5.713767434351712e-11
2.165,1321.5754182811093,5.211572771917746,0.16825950842210335,14.173294588927622,0.49664458586147303,0.07389541649693653,5.089857865401781e-06,3.7865827755039865e-07,6.609101577837067e-13,7.803986928378438e-13,1.2008103511003055e-13,2.8358191118966436e-13,7.747352341457338e-08,9.724388196453223e-08,0.19622111460594152,0.26089230686524106,8.99397180064664e-16,2.1909157883332297e-15,1.6833977804440148e-13,4.225963344531715e-13,5.932404485796317e-13,6.141533423779109e-13,2.2937755347281006e-06,2.545280303902896e-06,0.011025754712891396,0.013054948960034233,0.2558760950570852,0.5289615338582183,0.03390488951507058,0.1101247922117752,7.49464306503254e-08,1.6050911446799946e-07,2.789134728922193e-06,6.18085053615469e-06,7.398454789615787e-07,1.7496126435855958e-06,1.05626956400365e-05,2.1870102914866322e-05,2.447128344857039e-09,5.248842170630934e-09,1.1715990039703275e-06,2.600121785004051e-06,1.537023501738186e-11,4.654282159406494e-11,1.0883978839007717e-18,1.1251594847629944e-18,4.618634055932103e-12,5.461835983807663e-12,2.7736635325143386e-12,5.941038714460084e-12,7.908620993675647e-16,1.5186438674851243e-15,1.3115675015631133e-08,2.6160960651764724e-08,1.5280067959663697e-19,4.627429641217309e-19,0.006304744995862827,0.013035386665183604,3.3915790835387067e-31,1.0000000000000325e-30,3.183840670278357e-10,1.0361953495589644e-09,1.7975193087895914e-11,5.710544820014529e-11
2.166,1321.53082298066,5.2117082773454815,0.16825513364219513,14.179237943988197,0.496647913310709,0.07389605672564234,5.087463188542018e-06,3.7848086974134067e-07,6.601947458660359e-13,7.795554699288346e-13,1.199494432987832e-13,2.8327170194553217e-13,7.742521549617878e-08,9.718343729562285e-08,0.19621838563270688,0.26088919088240303,8.983993074039158e-16,2.1884892864244827e-15,1.682068511219307e-13,4.222634671132198e-13,5.925459414959977e-13,6.134355574052249e-13,2.292473328998654e-06,2.5438403120712382e-06,0.011024762622913756,0.013053799923584363,0.25587522138796437,0.5289607666954937,0.03390618040981545,0.11012920140857756,7.492276514540157e-08,1.6045874636869092e-07,2.789168507840982e-06,6.180937531810666e-06,7.395764322606317e-07,1.7489798276555909e-06,1.0555871161731923e-05,2.1856015733215514e-05,2.4452322312152314e-09,5.244785500447009e-09,1.1712012815583516e-06,2.5992442275252147e-06,1.5356436613424583e-11,4.650112978906965e-11,1.0879032065373906e-18,1.1246503081677091e-18,4.616679145163136e-12,5.459534897440414e-12,2.7722218753901012e-12,5.9379624249157415e-12,7.903466604338815e-16,1.517657082630522e-15,1.311565120139705e-08,2.616096453403393e-08,1.526977580682231e-19,4.624321838977381e-19,0.006304732612671085,0.013035386665186452,3.391572422114835e-31,1.0000000000000302e-30,3.182012888130204e-10,1.0356025236241788e-09,1.7965022168237912e-11,5.7073248271033906e-11
2.1670000000000003,1321.486233993829,5.211843781229781,0.16825075913959703,14.185181453575398,0.4966512386614853,0.07389669648139949,5.085069833080877e-06,3.7830355870512685e-07,6.594801753508602e-13,7.787132355141645e-13,1.198180092091939e-13,2.8296186333279034e-13,7.737694239723401e-08,9.712303587988074e-08,0.19621565808535335,0.26088607620687587,8.974026422244214e-16,2.186065711569727e-15,1.6807404304441269e-13,4.219308958804927e-13,5.91852358480769e-13,6.127187249068449e-13,2.2911721713822826e-06,2.5424014720066452e-06,0.011023771650138674,0.01305265217660735,0.2558743470597506,0.5289599969987906,0.03390747149528391,0.11013361099890306,7.489910875209593e-08,1.604083972311759e-07,2.7892022683908588e-06,6.181024473448305e-06,7.393075758631006e-07,1.7483474554157184e-06,1.0549053542634826e-05,2.1841942650051183e-05,2.4433381753563016e-09,5.240733216504004e-09,1.1708039312610598e-06,2.5983674866943294e-06,1.534265311744477e-11,4.6459482860903214e-11,1.0874087017474298e-18,1.1241413054920322e-18,4.614725282617723e-12,5.4572350295768055e-12,2.7707810902464083e-12,5.934887977920122e-12,7.898316038271468e-16,1.516671024711172e-15,1.311562741509629e-08,2.6160968414247116e-08,1.5259491276029554e-19,4.621216322598454e-19,0.0063047202434061405,0.01303538666518929,3.3915657681827548e-31,1.0000000000000274e-30,3.180187143632041e-10,1.035010356239365e-09,1.7954859569903522e-11,5.7041074525576374e-11
2.168,1321.4416513089113,5.211979283592322,0.1682463849135838,14.19112511768749,0.4966545619121213,0.0738973357641613,5.082677798150301e-06,3.7812634437999913e-07,6.587664451554799e-13,7.77871988328995e-13,1.1968673260810165e-13,2.8265239480584474e-13,7.732870408744015e-08,9.706267768020596e-08,0.19621293196643524,0.26088296284282697,8.964071827741836e-16,2.1836450595406104e-15,1.6794135370284164e-13,4.2159862048649e-13,5.911596981056485e-13,6.120028434162134e-13,2.2898720606710857e-06,2.5409637823923143e-06,0.011022781793116712,0.013051505717439339,0.2558734720776741,0.5289592247804176,0.03390876276684379,0.11013802096799279,7.487546146998031e-08,1.6035806705543928e-07,2.7892360106257345e-06,6.181111361203783e-06,7.390389097215222e-07,1.747715526765513e-06,1.0542242779966e-05,2.182788365985733e-05,2.4414461757838104e-09,5.236685315659771e-09,1.170406953128768e-06,2.5974915626410746e-06,1.5328884509066658e-11,4.6417880748537434e-11,1.0869143693378964e-18,1.1236324765440475e-18,4.61277247326274e-12,5.454936386128469e-12,2.7693411764286474e-12,5.931815372119181e-12,7.893169291949353e-16,1.515685693065459e-15,1.3115603656686518e-08,2.6160972292394284e-08,1.5249214396161204e-19,4.618113100872527e-19,0.006304707888050064,0.013035386665192165,3.391559121732817e-31,1.000000000000026e-30,3.1783634360648683e-10,1.0344188471812655e-09,1.7944705283606676e-11,5.700892693480122e-11
2.169,1321.3970749213781,5.212114784431458,0.16824201096418318,14.197068936322735,0.496657883069968,0.07389797457522308,5.080287081808833e-06,3.7794922662433074e-07,6.580535538893354e-13,7.770317267449134e-13,1.1955561326605575e-13,2.823432958278441e-13,7.728050051799125e-08,9.700236263626473e-08,0.1962102072694425,0.26087985078236525,8.954129271974304e-16,2.1812273258558287e-15,1.6780878289561888e-13,4.2126664043024633e-13,5.904679586764742e-13,6.112879111914868e-13,2.2885729951436576e-06,2.539527241341525e-06,0.011021793050448717,0.01305036054447566,0.25587259643790655,0.5289584500339437,0.03391005422893062,0.11014243133053761,7.485182327825467e-08,1.6030775579783134e-07,2.789269734538943e-06,6.18119819507888e-06,7.387704332042281e-07,1.7470840402228934e-06,1.0535438848263357e-05,2.181383871015166e-05,2.4395562258945675e-09,5.232641783818354e-09,1.1700103454533682e-06,2.596616451592556e-06,1.5315130764148072e-11,4.6376323379536194e-11,1.0864202095797038e-18,1.1231238216113795e-18,4.610820710159459e-12,5.452638958927644e-12,2.7679021327186186e-12,5.928744604951474e-12,7.888026360267999e-16,1.5147010867282613e-15,1.31155799261377e-08,2.6160976168489323e-08,1.5238945108031852e-19,4.6150121559227535e-19,0.006304695546585031,0.013035386665195017,3.3915524827554394e-31,1.0000000000000234e-30,3.1765417568364143e-10,1.0338279936641678e-09,1.7934559294677543e-11,5.69768054526308e-11
2.17,1321.3525048265915,5.212250283745918,0.16823763729141075,14.203012909479394,0.49666120214224624,0.07389861291586078,5.077897682280434e-06,3.777722053087963e-07,6.573415002072006e-13,7.761924491870023e-13,1.194246509570791e-13,2.8203456587012755e-13,7.723233164266377e-08,9.694209069096292e-08,0.19620748398799834,0.26087674001777655,8.9441987368367e-16,2.178812506144281e-15,1.6767633043259066e-13,4.2093495523951617e-13,5.897771385416612e-13,6.10573926534865e-13,2.287274973154358e-06,2.5380918470515827e-06,0.011020805420731488,0.013049216656106795,0.25587172013674864,0.5289576727532045,0.03391134588584932,0.11014684210080425,7.482819415860622e-08,1.602574634200279e-07,2.7893034401255124e-06,6.181284975079132e-06,7.385021457439737e-07,1.7464529944581043e-06,1.0528641724705555e-05,2.1799807753918832e-05,2.437668319690968e-09,5.228602608182511e-09,1.1696141067272253e-06,2.5957421502207412e-06,1.5301391859110724e-11,4.6334810683169244e-11,1.0859262227035178e-18,1.1226153409400392e-18,4.60886998662465e-12,5.4503427401086045e-12,2.7664639579883414e-12,5.925675674048719e-12,7.882887238382326e-16,1.5137172047842373e-15,1.3115556223419431e-08,2.616098004254538e-08,1.5228683368638715e-19,4.611913474772884e-19,0.006304683218993262,0.01303538666519787,3.3915458512410597e-31,1.0000000000000222e-30,3.1747220982599223e-10,1.0332377931970286e-09,1.7924421589130402e-11,5.6944710035159736e-11
2.1710000000000003,1321.3079410068458,5.212385781576895,0.1682332638939116,14.208957037155777,0.496664519119852,0.07389925078492471,5.0755096010253e-06,3.775952805448447e-07,6.566302836586156e-13,7.7535415513689e-13,1.1929384547685382e-13,2.817262044551852e-13,7.718419746844016e-08,9.688186185399333e-08,0.19620476213212804,0.2608736305631665,8.934280209713504e-16,2.1764005973720857e-15,1.675439963767458e-13,4.206035650775519e-13,5.890872368447204e-13,6.098608885716753e-13,2.285977994565495e-06,2.5366575993931713e-06,0.011019818902433727,0.013048074050572098,0.25587084318688796,0.5289568929659353,0.03391263772549741,0.11015125323977179,7.480457414863427e-08,1.602071900034566e-07,2.789337127497466e-06,6.1813717014696226e-06,7.382340483250203e-07,1.7458223918105454e-06,1.0521851447362028e-05,2.178579087021985e-05,2.4357824649513214e-09,5.224567805503317e-09,1.169218240145987e-06,2.594868665635751e-06,1.52876677813668e-11,4.62933426219876e-11,1.0854324078114202e-18,1.1221070336093656e-18,4.606920317171414e-12,5.448047746872109e-12,2.7650266528345865e-12,5.922608580737191e-12,7.877751926318797e-16,1.5127340472535505e-15,1.311553254847965e-08,2.616098391453356e-08,1.5218429312315065e-19,4.608817098151955e-19,0.006304670905256701,0.013035386665200759,3.391539227179958e-31,1.0000000000000227e-30,3.1729044737023726e-10,1.0326482501409305e-09,1.791429216785081e-11,5.69126406857293e-11
2.172,1321.2633834596804,5.212521277916189,0.16822889077192518,14.214901319350181,0.4966678340125041,0.07389988818405992,5.073122834588839e-06,3.7741845207825324e-07,6.559199024591344e-13,7.745168425009333e-13,1.191631965721179e-13,2.814182109898852e-13,7.713609792304002e-08,9.682167603554872e-08,0.19620204169291858,0.2608705224074396,8.92437366849542e-16,2.1739915941924003e-15,1.6741178042117185e-13,4.202724691789621e-13,5.883982515369666e-13,6.091487951929293e-13,2.28468205697914e-06,2.5352244957286414e-06,0.011018833494218203,0.013046932726339621,0.25586996558207775,0.5289561106606873,0.03391392975473135,0.11015566476999082,7.478096320395862e-08,1.6015693545395817e-07,2.7893707966247286e-06,6.181458374200046e-06,7.379661396913909e-07,1.7451922293216158e-06,1.0515067965852313e-05,2.1771787954975894e-05,2.433898649406906e-09,5.220537349532025e-09,1.168822742084452e-06,2.593995989809866e-06,1.5273958502006995e-11,4.625191910911325e-11,1.0849387655744148e-18,1.1215989003205288e-18,4.604971691873524e-12,5.445753967517074e-12,2.7635902152217284e-12,5.919543320704119e-12,7.872620416661588e-16,1.5117516127271058e-15,1.3115508901291666e-08,2.6160987784473513e-08,1.5208182821751573e-19,4.60572299058017e-19,0.0063046586053577495,0.013035386665203633,3.391532610562665e-31,1.000000000000021e-30,3.1710888660013845e-10,1.0320593589208381e-09,1.790417100994091e-11,5.6880597338470846e-11
2.173,1321.2188321750332,5.21265677278022,0.16822451792489637,14.220845756060925,0.49667114682059704,0.0739005251135273,5.070737382604805e-06,3.7724171988457043e-07,6.552103556562331e-13,7.736805101678266e-13,1.190327040281655e-13,2.811105849721498e-13,7.708803298341911e-08,9.676153320762566e-08,0.19619932267084708,0.2608674155519965,8.914479097599915e-16,2.171585492848301e-15,1.672796824855261e-13,4.1994166734714357e-13,5.877101813193658e-13,6.084376450657174e-13,2.2833871594094995e-06,2.5337925349873952e-06,0.01101784919463274,0.013045792681741834,0.25586908732545677,0.5289553258454363,0.033915221971007194,0.11016007668348334,7.475736133043813e-08,1.6010669978497485e-07,2.7894044475513766e-06,6.1815449933846886e-06,7.376984199452059e-07,1.7445625072444794e-06,1.0508291283656666e-05,2.1757799015628487e-05,2.432016873016233e-09,5.216511240246382e-09,1.1684276130651303e-06,2.5931241239205255e-06,1.5260264002317122e-11,4.621054008854087e-11,1.0844452957399006e-18,1.1210909408199285e-18,4.603024112832286e-12,5.443461404566084e-12,2.7621546447744555e-12,5.916479893193247e-12,7.867492706699137e-16,1.5107699006991863e-15,1.3115485281816244e-08,2.616099165236097e-08,1.5197943928062324e-19,4.602631161526973e-19,0.006304646319278564,0.013035386665206488,3.39152600137959e-31,1.0000000000000187e-30,3.169275276562163e-10,1.0314711200047e-09,1.7894058107888782e-11,5.6848579970043386e-11
2.174,1321.1742871496476,5.212792266163359,0.16822014535298158,14.22679034728632,0.4966744575529707,0.0739011615748416,5.068353242856158e-06,3.7706508380163524e-07,6.545016417920918e-13,7.72845156429544e-13,1.1890236761596144e-13,2.8080332586603813e-13,7.704000259638292e-08,9.67014333043707e-08,0.1961966050579026,0.2608643099869423,8.904596478166917e-16,2.1691822887842705e-15,1.671477023471322e-13,4.1961115902815134e-13,5.870230244443324e-13,6.077274363927047e-13,2.282093300015225e-06,2.532361715149321e-06,0.011016866002300984,0.013044653915200455,0.2558682084116727,0.528954538510585,0.03391651438028146,0.11016448899987762,7.47337685023659e-08,1.6005648294233817e-07,2.7894380802598193e-06,6.181631559000946e-06,7.37430888318642e-07,1.7439332237749143e-06,1.050152137003271e-05,2.1743823988758706e-05,2.4301371279949654e-09,5.212489461015926e-09,1.1680328509661747e-06,2.5922530632763524e-06,1.5246584257402846e-11,4.616920548554741e-11,1.0839519986793073e-18,1.1205831554990326e-18,4.601077571217523e-12,5.441170047614075e-12,2.7607199401295897e-12,5.913418295332042e-12,7.862368790932151e-16,1.509788910128674e-15,1.311546169002564e-08,2.6160995518213613e-08,1.5187712561284079e-19,4.599541589850756e-19,0.006304634047001557,0.013035386665209361,3.3915193996212723e-31,1.0000000000000187e-30,3.1674636949639195e-10,1.0308835300115248e-09,1.788395344581759e-11,5.6816588530527975e-11
2.1750000000000003,1321.129748371607,5.212927758088072,0.16821577305543076,14.232735093024703,0.4966777662077026,0.07390179756791931,5.06597041564812e-06,3.7688854385494476e-07,6.53793760098276e-13,7.720107803920941e-13,1.1877218712898378e-13,2.8049643318877673e-13,7.699200674970066e-08,9.664137631135094e-08,0.19619388885689307,0.2608612057167779,8.894725796015487e-16,2.1667819785846346e-15,1.670158399756963e-13,4.1928094415100796e-13,5.863367797803009e-13,6.07018168014295e-13,2.280800478121729e-06,2.5309320354890836e-06,0.011015883915748996,0.013043516425022158,0.25586732884618496,0.5289537486689098,0.03391780697768293,0.11016890170363697,7.471018473664234e-08,1.600062849631368e-07,2.7894716948117826e-06,6.18171807120225e-06,7.37163545214993e-07,1.743304379878298e-06,1.049475824035103e-05,2.172986290642666e-05,2.428259416999757e-09,5.208472017605485e-09,1.167638457226961e-06,2.5913828110895745e-06,1.523291925083838e-11,4.6127915251054316e-11,1.0834588739327818e-18,1.120075543889973e-18,4.59913207218155e-12,5.438879902791621e-12,2.7592861012725372e-12,5.91035852713679e-12,7.857248667674168e-16,1.508808640706654e-15,1.3115438125877455e-08,2.6160999382020986e-08,1.517748878572614e-19,4.596454295073891e-19,0.0063046217885088405,0.013035386665212218,3.391512805278084e-31,1.0000000000000164e-30,3.1656541267146095e-10,1.030296590744505e-09,1.7873857019183067e-11,5.6784623006010084e-11
2.176,1321.085215833768,5.213063248561448,0.16821140103199006,14.238679993274417,0.49668107278862916,0.0739024330935308,5.06358889894954e-06,3.767120998961597e-07,6.530867091857572e-13,7.711773804286149e-13,1.1864216232860652e-13,2.801899063817501e-13,7.694404539429231e-08,9.658136216787433e-08,0.19619117406481748,0.26085810273826954,8.884867031821171e-16,2.1643845575805583e-15,1.6688409517301733e-13,4.189510222231912e-13,5.856514456363693e-13,6.063098381917723e-13,2.2795086919946363e-06,2.5295034941051924e-06,0.011014902933592585,0.013042380209619307,0.25586644862864016,0.5289529563211479,0.033919099764163206,0.11017331479813344,7.468661001276679e-08,1.5995610580435076e-07,2.7895052912207135e-06,6.1818045300347885e-06,7.368963900335373e-07,1.7426759741455498e-06,1.0488001870109111e-05,2.1715915718132274e-05,2.4263837336338846e-09,5.204458896360618e-09,1.1672444302147244e-06,2.5905133637541904e-06,1.5219268958616656e-11,4.6086669313022304e-11,1.0829659217082763e-18,1.1195681062152011e-18,4.5971876134805325e-12,5.436590967482467e-12,2.7578531269303308e-12,5.907300585928044e-12,7.852132331676903e-16,1.5078290914401562e-15,1.3115414589337281e-08,2.616100324378749e-08,1.5167272562921124e-19,4.593369265592991e-19,0.006304609543782822,0.01303538666521509,3.391506218340567e-31,1.0000000000000172e-30,3.1638465635866587e-10,1.0297102995364038e-09,1.7863768813509667e-11,5.675268335102069e-11
2.177,1321.040689527987,5.213198737593792,0.16820702928230197,14.244625048033821,0.4966843772984431,0.07390306815227689,5.061208691827047e-06,3.7653575185861083e-07,6.523804879538959e-13,7.703449552527526e-13,1.1851229299631863e-13,2.798837449338371e-13,7.689611849804556e-08,9.652139083454617e-08,0.19618846067983672,0.26085500104973064,8.875020169037515e-16,2.1619900217798554e-15,1.6675246781618148e-13,4.1862139294117476e-13,5.849670205860069e-13,6.056024454600882e-13,2.278217940393444e-06,2.5280760896441677e-06,0.011013923054410929,0.013041245267360956,0.25586556775984215,0.5289521614704337,0.03392039273951169,0.11017772828296499,7.46630443270074e-08,1.5990594545887381e-07,2.7895388695132126e-06,6.181890935573951e-06,7.366294226147079e-07,1.7420480062108598e-06,1.0481252252464424e-05,2.1701982409940843e-05,2.4245100755242104e-09,5.20045009225711e-09,1.166850769653342e-06,2.5896447206750274e-06,1.520563336027271e-11,4.6045467610136936e-11,1.0824731419389337e-18,1.1190608424130723e-18,4.595244194220985e-12,5.434303240667247e-12,2.756421016425318e-12,5.904244470301497e-12,7.847019779384508e-16,1.5068502616611923e-15,1.3115391080369294e-08,2.616100710351492e-08,1.5157063891130815e-19,4.590286500927909e-19,0.006304597312805839,0.013035386665217984,3.3914996387992135e-31,1.0000000000000185e-30,3.16204100342101e-10,1.0291246556950296e-09,1.78536888188065e-11,5.6720769534337825e-11
2.178,1320.9961694458652,5.213334225196297,0.16820265780598037,14.250570257301284,0.4966876797394559,0.07390370274470108,5.058829793125974e-06,3.7635949965915813e-07,6.516750952480212e-13,7.695135035143132e-13,1.1838257890827703e-13,2.7957794832130963e-13,7.684822602561782e-08,9.646146226791467e-08,0.19618574870048686,0.2608519006499712,8.865185190466344e-16,2.159598367031467e-15,1.66620957768698e-13,4.1829205596733486e-13,5.842835031533962e-13,6.048959883031331e-13,2.276928221982641e-06,2.5266498206470412e-06,0.01101294427679259,0.013040111596627126,0.25586468624096825,0.5289513641206692,0.033921685903145586,0.11018214215651982,7.463948767253661e-08,1.5985580391296758e-07,2.789572429716794e-06,6.181977287897108e-06,7.363626427214023e-07,1.7414204755250275e-06,1.0474509377418277e-05,2.1688062961382056e-05,2.4226384395759383e-09,5.196445598722642e-09,1.1664574750249305e-06,2.588776880720318e-06,1.5192012434697932e-11,4.600431007913284e-11,1.0819805345988528e-18,1.1185537524642659e-18,4.593301814052022e-12,5.4320167219681805e-12,2.754989768958749e-12,5.901190178593327e-12,7.841911006898574e-16,1.5058721506359532e-15,1.3115367598937146e-08,2.6161010961203815e-08,1.5146862766265595e-19,4.587205999886276e-19,0.0063045850955602495,0.013035386665220835,3.3914930666445414e-31,1.0000000000000183e-30,3.160237442980191e-10,1.0285396581771785e-09,1.7843617024272362e-11,5.668888152216377e-11
2.179,1320.951655579462,5.213469711378687,0.16819828660268665,14.256515621075186,0.496690980114533,0.07390433687142904,5.05645220173983e-06,3.7618334321824077e-07,6.509705299254762e-13,7.686830238772538e-13,1.1825301984363006e-13,2.7927251602749104e-13,7.680036794228661e-08,9.640157642530452e-08,0.1961830381247529,0.2608488015370675,8.855362079181942e-16,2.1572095892505978e-15,1.6648956489600082e-13,4.1796301096886803e-13,5.836008918759359e-13,6.041904652184448e-13,2.275639535447314e-06,2.5252246856776476e-06,0.011011966599327619,0.013038979195799504,0.2558638040726366,0.5289505642745989,0.033922979255038614,0.11018655641899334,7.461594004293978e-08,1.5980568115377648e-07,2.7896059718558862e-06,6.182063587074767e-06,7.360960501237458e-07,1.7407933815559206e-06,1.0467773235316616e-05,2.1674157352698575e-05,2.4207688227792e-09,5.192445409366879e-09,1.1660645458361723e-06,2.587909842812774e-06,1.5178406160944923e-11,4.596319665723113e-11,1.0814880996657209e-18,1.1180468363531565e-18,4.591360471874604e-12,5.4297314101226536e-12,2.75355938375973e-12,5.8981377091992925e-12,7.83680601040409e-16,1.5048947576466134e-15,1.3115344145005363e-08,2.6161014816856372e-08,1.513666918120913e-19,4.58412776035899e-19,0.006304572892028491,0.013035386665223693,3.3914865018670952e-31,1.0000000000000181e-30,3.15843587913885e-10,1.0279553059761096e-09,1.7833553419236364e-11,5.665701928111366e-11
2.18,1320.9071479199092,5.213605196153707,0.16819391567198483,14.262461139353922,0.49669427842538544,0.07390497053291485,5.054075916705022e-06,3.7600728246692546e-07,6.502667908858637e-13,7.67853515055402e-13,1.1812361558157016e-13,2.789674475357972e-13,7.675254421580892e-08,9.634173326715133e-08,0.1961803289517737,0.2608457037106304,8.845550818435265e-16,2.1548236843954027e-15,1.663582890758273e-13,4.1763425764384845e-13,5.829191853289505e-13,6.034858747427953e-13,2.2743518795426053e-06,2.523800683377525e-06,0.011010990020602024,0.013037848063254982,0.25586292125661597,0.5289497619373464,0.03392427279401126,0.11019097106683544,7.45924014344823e-08,1.5975557717418424e-07,2.7896394959626027e-06,6.182149833194482e-06,7.358296446689817e-07,1.7401667239537703e-06,1.0461043819497275e-05,2.1660265570327552e-05,2.4189012227986614e-09,5.188449519246205e-09,1.165671981826032e-06,2.587043606390603e-06,1.5164814518601954e-11,4.592212728327359e-11,1.080995837056527e-18,1.1175400940013655e-18,4.589420168095805e-12,5.42744730564915e-12,2.752129860132606e-12,5.895087060676252e-12,7.831704786299479e-16,1.503918082016311e-15,1.3115320718536917e-08,2.6161018670471716e-08,1.51264831399007e-19,4.58105178358507e-19,0.006304560702192953,0.013035386665226542,3.391479944457407e-31,1.0000000000000178e-30,3.156636309810703e-10,1.0273715984232418e-09,1.7823497993753093e-11,5.6625182780106585e-11
2.181,1320.8626464621552,5.213740679521755,0.16818954501383726,14.268406812135888,0.4966975746784373,0.07390560373031196,5.051700936083916e-06,3.7583131726380027e-07,6.495638767639764e-13,7.670249754498381e-13,1.1799436589473773e-13,2.7866274231415094e-13,7.670475479804114e-08,9.628193273392782e-08,0.19617762117595008,0.26084260716396435,8.835751389828466e-16,2.152440648022226e-15,1.6622713011059877e-13,4.173057955012526e-13,5.822383818537997e-13,6.027822151706894e-13,2.273065252573196e-06,2.5223778118882393e-06,0.011010014539243093,0.013036718197418947,0.255862037789939,0.5289489571042313,0.033925566523627715,0.1101953861119014,7.456887182665722e-08,1.5970549193114795e-07,2.789673002034943e-06,6.182236026268048e-06,7.355634257399343e-07,1.7395405012704387e-06,1.0454321105103282e-05,2.1646387563031532e-05,2.417035633189488e-09,5.184457914601994e-09,1.1652797813231603e-06,2.586178167761922e-06,1.5151237484018157e-11,4.588110188629054e-11,1.0805037470237257e-18,1.1170335256772822e-18,4.587480897018694e-12,5.425164401847362e-12,2.7507011968628156e-12,5.89203823046934e-12,7.826607329522505e-16,1.5029421227876285e-15,1.3115297319501166e-08,2.6161022522061047e-08,1.5116304593220283e-19,4.577978054734338e-19,0.0063045485260362095,0.013035386665229402,3.3914733944060914e-31,1.0000000000000164e-30,3.154838726617068e-10,1.0267885328019935e-09,1.7813450733450977e-11,5.659337197399736e-11
2.182,1320.818151194419,5.213876161505084,0.16818517462750127,14.274352639419504,0.4967008688717507,0.07390623646353199,5.049327259857494e-06,3.7565544761020044e-07,6.488617867176788e-13,7.66197404079293e-13,1.178652705724587e-13,2.7835839986987735e-13,7.665699967201395e-08,9.622217480523905e-08,0.19617491480009044,0.2608395119015607,8.825963778482068e-16,2.1500604765444796e-15,1.6609608794915166e-13,4.1697762441762794e-13,5.815584802590157e-13,6.020794852802752e-13,2.2717796537318303e-06,2.520956070336857e-06,0.011009040153804618,0.013035589596630141,0.25586115367803125,0.5289481497879407,0.03392686043904422,0.1101998015387398,7.454535123147683e-08,1.5965542545127585e-07,2.789706490132377e-06,6.1823221664436905e-06,7.352973936148878e-07,1.7389147141755059e-06,1.0447605102449269e-05,2.163252335239837e-05,2.4151720554620228e-09,5.180470598739191e-09,1.164887945378934e-06,2.5853135292776107e-06,1.513767503998264e-11,4.5840120414813795e-11,1.0800118291834742e-18,1.1165271309915153e-18,4.585542663772464e-12,5.422882704820082e-12,2.7492733937609987e-12,5.8889912182198e-12,7.82151363790666e-16,1.5019668795592364e-15,1.3115273947856347e-08,2.6161026371614232e-08,1.510613359346419e-19,4.574906589690609e-19,0.006304536363540596,0.013035386665232228,3.3914668517036647e-31,1.0000000000000153e-30,3.1530431333343525e-10,1.0262061103518402e-09,1.78034116325928e-11,5.656158684507303e-11
2.183,1320.773662111033,5.214011642106148,0.1681808045128731,14.280298621203196,0.4967041610108827,0.07390686873359897,5.046954885911043e-06,3.7547967335152937e-07,6.481605193427148e-13,7.653707992986672e-13,1.1773632938201114e-13,2.7805441965820926e-13,7.660927878717628e-08,9.616245941853204e-08,0.19617220981945926,0.2608364179178703,8.816187965398791e-16,2.1476831653722777e-15,1.6596516238454339e-13,4.1664974387842e-13,5.808794788508292e-13,6.013776833296213e-13,2.2704950812517013e-06,2.519535456785514e-06,0.011008066862923644,0.013034462259325336,0.25586026891877783,0.5289473399855528,0.033928154542968304,0.11020421735642279,7.452183962620936e-08,1.5960537768675724e-07,2.789739960256908e-06,6.1824082537420395e-06,7.35031547625088e-07,1.738289361098808e-06,1.0440895784520101e-05,2.1618672882720804e-05,2.413310482676372e-09,5.176487556836933e-09,1.1644964721565873e-06,2.584449686878588e-06,1.5124127162401532e-11,4.579918279652883e-11,1.0795200838079805e-18,1.1160209102328537e-18,4.5836054637951325e-12,5.420602209209057e-12,2.7478464495148402e-12,5.885946021163199e-12,7.816423706115819e-16,1.500992351321062e-15,1.3115250603570812e-08,2.6161030219140293e-08,1.5095970088689098e-19,4.571837372768454e-19,0.006304524214688748,0.01303538666523508,3.3914603163407757e-31,1.0000000000000164e-30,3.151249520852162e-10,1.0256243281179975e-09,1.7793380676248114e-11,5.652982734641052e-11
2.184,1320.729179206578,5.214147121326595,0.16817643466987495,14.286244757485386,0.4967074511018089,0.07390750054159921,5.044583812860779e-06,3.753039943875656e-07,6.474600734227406e-13,7.64545159684721e-13,1.1760754210744257e-13,2.7775080117397125e-13,7.656159210398776e-08,9.610278652507325e-08,0.1961695062289126,0.2608333252068011,8.80642393367161e-16,2.1453087104248367e-15,1.6583435325713748e-13,4.163221534878236e-13,5.802013761100004e-13,6.006768077574523e-13,2.2692115336900888e-06,2.5181159696559346e-06,0.011007094665214821,0.013033336183914756,0.2558593835096517,0.5289465276932943,0.033929448838518735,0.11020863357535839,7.449833699871068e-08,1.595553486124561e-07,2.7897734124122434e-06,6.182494288187513e-06,7.347658873728506e-07,1.7376644411112186e-06,1.0434193135264784e-05,2.160483612099294e-05,2.411450910399192e-09,5.172508779450637e-09,1.1641053606598892e-06,2.5835866383711844e-06,1.511059382949009e-11,4.5758288966112136e-11,1.0790285110150712e-18,1.1155148635304784e-18,4.581669291921745e-12,5.418322908942868e-12,2.746420363211037e-12,5.8829026373897174e-12,7.81133752995067e-16,1.5000185372813066e-15,1.3115227286613452e-08,2.6161034064649336e-08,1.5085814049065276e-19,4.56877039497941e-19,0.0063045120794632545,0.013035386665237942,3.3914537883080526e-31,1.0000000000000167e-30,3.149457883816977e-10,1.025043184368381e-09,1.778335785232381e-11,5.6498093440100104e-11
2.185,1320.684702468012,5.214282599192833,0.16817206509763039,14.292191048264533,0.49671073914098296,0.07390813188720469,5.042214041152721e-06,3.7512841075422895e-07,6.467604482443775e-13,7.637204844081278e-13,1.1747890854431306e-13,2.7744754393917404e-13,7.6513939612995e-08,9.604315611389689e-08,0.1961668040328739,0.26083023377499037,8.796671669427126e-16,2.1429371083603646e-15,1.6570366055040508e-13,4.159948532093047e-13,5.795241709638936e-13,5.999768574648468e-13,2.2679290104573393e-06,2.5166976083165245e-06,0.011006123559220657,0.013032211368723587,0.2558584974576822,0.5289457129271651,0.0339307433192426,0.11021305017486786,7.44748433686291e-08,1.5950533827133176e-07,2.789806846670014e-06,6.182580269955254e-06,7.345004133450737e-07,1.7370399553756191e-06,1.0427497173204395e-05,2.1591013105793422e-05,2.409593342001536e-09,5.1685342738760144e-09,1.1637146125753203e-06,2.582724387515735e-06,1.5097075025666787e-11,4.57174388770249e-11,1.0785371102782948e-18,1.1150089903475362e-18,4.579734155356742e-12,5.416044812578378e-12,2.7449951349102204e-12,5.879861067075854e-12,7.806255107958319e-16,1.4990454371755952e-15,1.3115203996940516e-08,2.6161037908127125e-08,1.5075665548655622e-19,4.565705678799191e-19,0.006304499957846509,0.013035386665240808,3.3914472675960302e-31,1.000000000000018e-30,3.1476682288386e-10,1.0244626812645813e-09,1.7773343157151238e-11,5.6466385114997615e-11
2.186,1320.6402318888768,5.214418075710056,0.16816769579594748,14.298137493539096,0.4967140251328241,0.07390876277126829,5.039845568259868e-06,3.749529222662284e-07,6.46061642306941e-13,7.628967717098054e-13,1.1735042844930712e-13,2.771446473839887e-13,7.646632125776566e-08,9.598356811506052e-08,0.19616410322773267,0.2608271436183781,8.786931152410549e-16,2.1405683542822946e-15,1.6557308403333867e-13,4.156678424678534e-13,5.788478616315431e-13,5.992778306194893e-13,2.266647509613772e-06,2.5152803706373906e-06,0.011005153543598002,0.0130310878122116,0.25585761076186675,0.52894489568653,0.03393203798673631,0.11021746716041164,7.44513587076389e-08,1.5945534660358576e-07,2.789840263036443e-06,6.182666199075102e-06,7.342351247357709e-07,1.7364159019972036e-06,1.0420807865729288e-05,2.1577203769828875e-05,2.407737769266013e-09,5.16456402255137e-09,1.1633242256355414e-06,2.581862929297387e-06,1.508357072570505e-11,4.5676632453516814e-11,1.0780458819363368e-18,1.1145032910414901e-18,4.577800051059383e-12,5.413767916556062e-12,2.743570763074107e-12,5.8768213069727815e-12,7.801176434166754e-16,1.498073049871627e-15,1.3115180734519137e-08,2.616104174957959e-08,1.5065524530138903e-19,4.562643206913241e-19,0.0063044878498212656,0.01303538666524367,3.391440754195429e-31,1.0000000000000181e-30,3.145880544898628e-10,1.0238828152307164e-09,1.776333657436407e-11,5.643470231961389e-11
2.187,1320.5957674636452,5.2145535508802885,0.16816332676473641,14.30408409330754,0.49671730908313205,0.07390939319484985,5.0374783929559e-06,3.74777528835044e-07,6.453636544398016e-13,7.620740202203949e-13,1.1722210161036104e-13,2.768421110123864e-13,7.641873700127717e-08,9.592402248298586e-08,0.19616140380852087,0.26082405473110437,8.777202366184748e-16,2.138202444224019e-15,1.654426235574107e-13,4.1534112089552063e-13,5.781724466387701e-13,5.985797257066586e-13,2.2653670297920924e-06,2.51386425512382e-06,0.011004184616962922,0.013029965512790509,0.2558567234198386,0.5289440759679442,0.03393333284395122,0.1102218845418535,7.442788300596099e-08,1.594053735891438e-07,2.789873661516963e-06,6.182752075575267e-06,7.339700212102942e-07,1.7357922801958602e-06,1.0414125199305193e-05,2.156340808530289e-05,2.40588418833695e-09,5.160598017270731e-09,1.1629341990364571e-06,2.5810022619487883e-06,1.5070080908425992e-11,4.563586963209428e-11,1.0775548260684769e-18,1.1139977657016424e-18,4.575866974019343e-12,5.411492214987184e-12,2.7421472468754702e-12,5.8737833553548154e-12,7.796101504628727e-16,1.4971013746259247e-15,1.3115157499318086e-08,2.616104558901646e-08,1.5055390965367048e-19,4.559582970842107e-19,0.006304475755370147,0.013035386665246503,3.391434248096906e-31,1.000000000000017e-30,3.1440948275083505e-10,1.023303584816093e-09,1.775333809254931e-11,5.640304501819678e-11
2.188,1320.551309180837,5.214689024724964,0.16815895800328157,14.310030847568354,0.4967205909902405,0.07391002315789967,5.035112515342952e-06,3.7460223047099317e-07,6.446664838390924e-13,7.612522290036104e-13,1.1709392782233e-13,2.76539934344672e-13,7.637118682848183e-08,9.586451919967861e-08,0.19615870577776995,0.2608209671172857,8.767485296407253e-16,2.1358393747291534e-15,1.6531227907918776e-13,4.150146883881929e-13,5.774979248364222e-13,5.978825415481128e-13,2.2640875702469754e-06,2.512449260971301e-06,0.011003216777879039,0.013028844468810113,0.2558558354367249,0.528943253783465,0.033934627886337165,0.11022630230469313,7.440441627717591e-08,1.5935541925796415e-07,2.7899070421697485e-06,6.1828378996009596e-06,7.337051030867417e-07,1.7351690907351952e-06,1.0407449185853606e-05,2.1549626077127502e-05,2.4040326010995497e-09,5.156636262142203e-09,1.1625445339521645e-06,2.5801423880929887e-06,1.505660555718357e-11,4.55951503629896e-11,1.077063942273276e-18,1.113492413920331e-18,4.573934928974844e-12,5.40921771351182e-12,2.74072458619294e-12,5.87074721200829e-12,7.791030317385928e-16,1.4961304110769514e-15,1.3115134291296368e-08,2.6161049426428478e-08,1.5045264908454987e-19,4.556524987020005e-19,0.006304463674475694,0.013035386665249352,3.391427749291063e-31,1.000000000000017e-30,3.1423110809941967e-10,1.0227249914390654e-09,1.7743347706480064e-11,5.637141319464774e-11
2.189,1320.5068570342196,5.214824497248585,0.1681545895114134,14.31597775632003,0.49672387085885145,0.07391065266131207,5.032747933208766e-06,3.7442702701218575e-07,6.439701290889742e-13,7.604313964004536e-13,1.1696590685037802e-13,2.762381168310038e-13,7.632367068773957e-08,9.580505820120615e-08,0.19615600913158746,0.26081788077248436,8.757779923815399e-16,2.133479141142516e-15,1.65182050388101e-13,4.1468854442213594e-13,5.768242945253237e-13,5.971862763961125e-13,2.2628091291820407e-06,2.5110353862088106e-06,0.011002250024999527,0.013027724678725596,0.2558549468112285,0.5289424291318433,0.03393592311578092,0.11023072045533315,7.43809584974183e-08,1.5930548355979676e-07,2.789940405000862e-06,6.1829236711816095e-06,7.334403696731039e-07,1.7345463319898767e-06,1.040077979739756e-05,2.1535857687599805e-05,2.402183000401751e-09,5.152678741888653e-09,1.1621552284680629e-06,2.579283303497865e-06,1.5043144647830258e-11,4.5554474573715126e-11,1.0765732308265112e-18,1.1129872359899513e-18,4.572003912484229e-12,5.406944408096106e-12,2.7393027796609728e-12,5.867712874054119e-12,7.785962866965958e-16,1.4951601581882573e-15,1.3115111110421658e-08,2.616105326182242e-08,1.5035146310507556e-19,4.553469240683873e-19,0.006304451607120721,0.01303538666525221,3.391421257768659e-31,1.0000000000000178e-30,3.1405292959230753e-10,1.0221470320396283e-09,1.7733365401032034e-11,5.633980680142013e-11
2.19,1320.462411019089,5.214959968450579,0.16815022128912605,14.321924819561064,0.49672714869575496,0.0739112817062932,5.030384645268603e-06,3.742519183657385e-07,6.432745890052078e-13,7.596115210253886e-13,1.1683803848509755e-13,2.7593665798158656e-13,7.627618854098829e-08,9.574563944067926e-08,0.19615331386400983,0.26081479568951277,8.748086232091712e-16,2.1311217395263362e-15,1.6505193732976836e-13,4.143626886146672e-13,5.761515542238603e-13,5.964909287281373e-13,2.261531705204758e-06,2.5096226293134694e-06,0.011001284356950195,0.013026606140959884,0.2558540575399766,0.5289416020075467,0.033937218536238704,0.11023513900689998,7.43575096555047e-08,1.5925556647155454e-07,2.7899737500092803e-06,6.183009390331034e-06,7.331758205924196e-07,1.7339240030796463e-06,1.0394117018816677e-05,2.152210288563736e-05,2.4003353820400186e-09,5.1487254475574106e-09,1.1617662816535116e-06,2.578425006115085e-06,1.5029698159062863e-11,4.551384220039563e-11,1.0760826918458427e-18,1.1124822320394443e-18,4.570073918271466e-12,5.404672291354184e-12,2.7378818264235737e-12,5.864680339704703e-12,7.78089914934965e-16,1.4941906152024547e-15,1.3115087956664205e-08,2.6161057095210576e-08,1.502503513766647e-19,4.550415721624542e-19,0.006304439553287937,0.013035386665255036,3.391414773520391e-31,1.0000000000000158e-30,3.138749467251384e-10,1.0215697049864022e-09,1.7723391164475156e-11,5.630822580175082e-11
2.191,1320.4179711232314,5.215095438354888,0.16814585333562318,14.327872037289971,0.4967304244982138,0.07391191029263257,5.028022651184433e-06,3.740769045092029e-07,6.425798626794993e-13,7.587926018187085e-13,1.1671032251034635e-13,2.756355572907114e-13,7.622874036684957e-08,9.568626289215065e-08,0.19615061997862623,0.26081171187388824,8.738404205572122e-16,2.128767166101955e-15,1.6492193983459245e-13,4.140371207959516e-13,5.75479702688321e-13,5.957964972679447e-13,2.2602552973839424e-06,2.5082109892743475e-06,0.011000319772315165,0.013025488853886668,0.25585316762914173,0.5289407724247832,0.033938514142113865,0.11023955794149183,7.433406975898044e-08,1.592056680102639e-07,2.790007077256736e-06,6.183095057202212e-06,7.329114560134119e-07,1.7333021044147677e-06,1.0387460855954084e-05,2.150836168356465e-05,2.3984897465100906e-09,5.144776380275678e-09,1.1613776942161325e-06,2.5775674975322825e-06,1.5016266073004676e-11,4.5473253189531386e-11,1.0755923250044954e-18,1.1119774017382898e-18,4.568144952549911e-12,5.402401370670436e-12,2.7364617261183248e-12,5.861649608229716e-12,7.775839161899941e-16,1.4932217816275598e-15,1.311506482998175e-08,2.616106092658063e-08,1.501493144058942e-19,4.54736444522895e-19,0.006304427512960005,0.013035386665257867,3.3914082965369335e-31,1.0000000000000148e-30,3.1369715972309346e-10,1.0209930110224388e-09,1.7713424990023684e-11,5.627667017458485e-11
2.192,1320.373537341919,5.215230906961146,0.16814148565089249,14.333819409505274,0.4967336982728258,0.07391253842150605,5.0256619489157e-06,3.7390198529344835e-07,6.418859487386189e-13,7.579746371716278e-13,1.1658275870129706e-13,2.753348142321362e-13,7.618132611591937e-08,9.562692849448898e-08,0.19614792746964665,0.2608086293186479,8.728733825922054e-16,2.126415416439981e-15,1.647920576992215e-13,4.137118404603392e-13,5.74808738265351e-13,5.951029803151356e-13,2.2589799039962598e-06,2.5068004642013354e-06,0.010999356269750635,0.013024372815964488,0.25585227707551705,0.5289399403783517,0.033939809937198945,0.11024397727170111,7.431063878552661e-08,1.5915578812898297e-07,2.7900403867387234e-06,6.1831806718011104e-06,7.326472752725989e-07,1.7326806344373036e-06,1.0380811282175503e-05,2.1494634026457042e-05,2.3966460869885445e-09,5.140831525470706e-09,1.1609894643368858e-06,2.5767107737292948e-06,1.5002848366067225e-11,4.54327074703228e-11,1.0751021305868324e-18,1.1114727453877297e-18,4.566217009333355e-12,5.400131639001528e-12,2.7350424774782883e-12,5.858620676961031e-12,7.770782899436866e-16,1.49225365648319e-15,1.311504173034465e-08,2.6161064755944505e-08,1.5004835161036097e-19,4.5443153939034305e-19,0.006304415486119794,0.013035386665260705,3.391401826809076e-31,1.0000000000000158e-30,3.1351956768683426e-10,1.0204169472307537e-09,1.770346686302743e-11,5.624513987387854e-11
2.193,1320.3291096653124,5.215366374285572,0.16813711823438685,14.339766936205512,0.496736970019885,0.07391316609315368,5.023302538208463e-06,3.737271607022722e-07,6.411928462881006e-13,7.571576260407006e-13,1.1645534685275855e-13,2.750344283259899e-13,7.613394576740636e-08,9.556763622248017e-08,0.19614523633762768,0.2608055480252747,8.719075078364742e-16,2.1240664869777114e-15,1.646622908525897e-13,4.133868474342862e-13,5.741386597314241e-13,5.944103766143003e-13,2.2577055241380724e-06,2.505391053113972e-06,0.010998393847846004,0.013023258025573104,0.2558513858822336,0.5289391058761682,0.033941105918936426,0.11024839698949693,7.428721674240304e-08,1.591059268441238e-07,2.790073678499153e-06,6.1832662342411645e-06,7.323832785125782e-07,1.732059593495689e-06,1.0374168302560052e-05,2.1480919925056034e-05,2.3948044038240496e-09,5.136890883953925e-09,1.1606015926569005e-06,2.575854836146113e-06,1.498944502056457e-11,4.539220498984454e-11,1.07461210832151e-18,1.1109682627145244e-18,4.564290090782776e-12,5.3978630989392874e-12,2.7336240801941604e-12,5.855593545281917e-12,7.765730359485051e-16,1.4912862393083497e-15,1.311501865771472e-08,2.616106858329781e-08,1.4994746331286028e-19,4.541268577468846e-19,0.006304403472749999,0.013035386665263552,3.3913953643274956e-31,1.000000000000015e-30,3.13342170812169e-10,1.0198415142587516e-09,1.7693516776669074e-11,5.62136348784744e-11
2.194,1320.284688085419,5.2155018403384785,0.16813275108574965,14.345714617389234,0.49674023974185494,0.07391379330813634,5.020944417686577e-06,3.735524306359679e-07,6.405005541414243e-13,7.563415670375568e-13,1.1632808674281707e-13,2.747343990528884e-13,7.608659928302625e-08,9.550838602894807e-08,0.19614254658092728,0.2608024679923213,8.70942794557284e-16,2.121720373530945e-15,1.6453263914491213e-13,4.130621413466034e-13,5.73469465599665e-13,5.937186846373362e-13,2.2564321564010695e-06,2.5039827544716512e-06,0.010997432505234175,0.013022144481143407,0.255850494050222,0.5289382689215861,0.033942402086975736,0.11025281709401413,7.426380361914703e-08,1.5905608413413604e-07,2.790106952562125e-06,6.183351744591749e-06,7.321194654034093e-07,1.7314389808207656e-06,1.0367531903454842e-05,2.146721935131544e-05,2.392964693119159e-09,5.1329544474285386e-09,1.1602140783669586e-06,2.5749996830037267e-06,1.497605601523994e-11,4.5351745684355145e-11,1.0741222582435518e-18,1.1104639537621287e-18,4.5623641962995005e-12,5.395595749811725e-12,2.732206533351449e-12,5.852568211279071e-12,7.760681537860491e-16,1.4903195293138654e-15,1.3114995612056836e-08,2.616107240864156e-08,1.4984664938185363e-19,4.538223991986092e-19,0.0063043914728334585,0.013035386665266359,3.3913889090829814e-31,1.000000000000015e-30,3.131649686496673e-10,1.0192667106537241e-09,1.768357471945882e-11,5.618215515236774e-11
2.195,1320.2402725951652,5.215637305127203,0.16812838420472034,14.351662453054997,0.49674350744234075,0.0739144200671845,5.018587585905335e-06,3.733777949897228e-07,6.398090710924105e-13,7.555264587505771e-13,1.1620097815172306e-13,2.7443472589854597e-13,7.603928662321366e-08,9.544917786510656e-08,0.19613985819675805,0.26079938921681645,8.69979241029286e-16,2.1193770719333725e-15,1.6440310241933422e-13,4.127377218083417e-13,5.728011543682353e-13,5.930279028406163e-13,2.255159799343317e-06,2.5025755666964056e-06,0.010996472240554183,0.013021032181113463,0.25584960157926406,0.5289374295155821,0.03394369844211397,0.11025723758811522,7.424039940369672e-08,1.5900625997404273e-07,2.7901402089444035e-06,6.183437202905962e-06,7.318558355661711e-07,1.7308187955275134e-06,1.0360902069373018e-05,2.145353227339102e-05,2.391126950570565e-09,5.129022206726986e-09,1.1598269205125764e-06,2.5741453122006758e-06,1.4962681328605663e-11,4.531132948941232e-11,1.0736325804317787e-18,1.109959818619264e-18,4.5604393237765844e-12,5.393329589163056e-12,2.730789836001374e-12,5.849544672965657e-12,7.755636430287223e-16,1.4893535256928739e-15,1.3114972593337477e-08,2.6161076231979894e-08,1.4974590960485545e-19,4.535181631064409e-19,0.006304379486353081,0.013035386665269183,3.391382461066319e-31,1.000000000000014e-30,3.129879606856785e-10,1.018692534753915e-09,1.7673640679505473e-11,5.615070065827747e-11
2.196,1320.1958631888788,5.215772768654497,0.1681240175911862,14.357610443201365,0.4967467731267574,0.07391504637129796,5.01623204150235e-06,3.7320325366484487e-07,6.391183959513513e-13,7.547122997875602e-13,1.1607402086680782e-13,2.741354083653882e-13,7.599200774923755e-08,9.539001168321516e-08,0.1961371711805252,0.2607963116933854,8.690168455879682e-16,2.117036578166797e-15,1.6427368052029732e-13,4.124135884337952e-13,5.721337245546146e-13,5.923380297004832e-13,2.253888451553406e-06,2.5011694882441015e-06,0.010995513052446285,0.013019921123922733,0.2558487084673315,0.5289365876553895,0.03394499498695739,0.1102616584805392,7.421700408429758e-08,1.5895645433952415e-07,2.7901734476523555e-06,6.183522609213853e-06,7.315923886186888e-07,1.7301990367231976e-06,1.0354278784881325e-05,2.1439858659548926e-05,2.3892911719038465e-09,5.125094152743513e-09,1.159440118138056e-06,2.573291721632771e-06,1.4949320939383238e-11,4.5270956341205694e-11,1.0731430749903944e-18,1.109455857400887e-18,4.558515468749916e-12,5.391064611749765e-12,2.729373987244231e-12,5.8465229284598845e-12,7.750595032634746e-16,1.4883882276664175e-15,1.3114949601525562e-08,2.616108005332179e-08,1.4964524370381145e-19,4.532141486327112e-19,0.006304367513291749,0.013035386665272012,3.391376020268308e-31,1.0000000000000134e-30,3.1281114640646596e-10,1.0181189848972602e-09,1.766371464502557e-11,5.611927135926383e-11
2.197,1320.151459856157,5.215908230938563,0.16811965124453648,14.363558587826917,0.49675003679458085,0.07391567222059317,5.013877784144165e-06,3.7302880663919166e-07,6.38428527811942e-13,7.538990890909397e-13,1.1594721468042132e-13,2.738364459676834e-13,7.594476263940268e-08,9.533088745691687e-08,0.1961344855335927,0.26079323542457783,8.680556067282023e-16,2.1146988886012207e-15,1.6414437337375473e-13,4.120897410418882e-13,5.714671749272934e-13,5.916490639531267e-13,2.25261811210211e-06,2.499764518105659e-06,0.010994554939510496,0.01301881130796306,0.25584781471834894,0.5289357433505527,0.03394629171815424,0.11026607976067267,7.419361766737433e-08,1.5890666724519647e-07,2.7902066687340083e-06,6.183607963637838e-06,7.313291246877679e-07,1.729579704718803e-06,1.0347662054345715e-05,2.1426198519051747e-05,2.387457357303823e-09,5.121170285937423e-09,1.1590536718305652e-06,2.572438912620082e-06,1.493597482980579e-11,4.523062618655789e-11,1.0726537416479667e-18,1.108952069833605e-18,4.5565926344682736e-12,5.388800821449843e-12,2.7279589867265767e-12,5.843502977050059e-12,7.745557342310748e-16,1.4874236347509102e-15,1.31149266365821e-08,2.6161083872660586e-08,1.4954465203149636e-19,4.529103568502685e-19,0.006304355553632289,0.013035386665274791,3.3913695866797124e-31,1.0000000000000102e-30,3.1263452598428184e-10,1.0175460616543934e-09,1.765379660903969e-11,5.608786723364927e-11
2.198,1320.1070625860098,5.216043691999566,0.1681152851640974,14.36950688693026,0.49675329844440835,0.07391629761505568,5.011524812929701e-06,3.728544538483856e-07,6.377394656278584e-13,7.530868254377724e-13,1.1582055937118376e-13,2.735378381872613e-13,7.589755126366407e-08,9.527180514937189e-08,0.19613180125819413,0.2607901604140991,8.670955227779282e-16,2.1123639991998816e-15,1.6401518087055267e-13,4.117661793633976e-13,5.708015041258308e-13,5.909610042012216e-13,2.2513487798141545e-06,2.4983606549989105e-06,0.010993597900368036,0.013017702731651322,0.25584692033710205,0.5289348966123936,0.033947588631489015,0.11027050141509621,7.417024015135505e-08,1.5885689868854758e-07,2.7902398722392607e-06,6.183693266304464e-06,7.310660436990312e-07,1.728960799349505e-06,1.034105187397168e-05,2.141255184426441e-05,2.385625505092318e-09,5.117250602771727e-09,1.1586675815494542e-06,2.571586885089264e-06,1.492264298040915e-11,4.5190338967150134e-11,1.072164580240592e-18,1.1084484557551804e-18,4.554670825314841e-12,5.386538223482848e-12,2.7265448337846357e-12,5.840484817359653e-12,7.740523355843625e-16,1.4864597462938825e-15,1.3114903698467168e-08,2.6161087689987692e-08,1.4944413477906097e-19,4.526067883424666e-19,0.006304343607357613,0.013035386665277609,3.39136316029134e-31,1.0000000000000104e-30,3.1245809931221265e-10,1.0169737646873214e-09,1.764388656246202e-11,5.6056488253063074e-11
2.199,1320.0626713780907,5.216179151823062,0.16811091935031064,14.375455340509983,0.49675655808819597,0.07391692255665526,5.009173124922356e-06,3.72680195076586e-07,6.370512077919927e-13,7.522755069428363e-13,1.1569405471332587e-13,2.732395844955603e-13,7.58503735579808e-08,9.52127646810603e-08,0.19612911834315078,0.260787086647808,8.661365917902024e-16,2.1100319052561717e-15,1.6388610273694096e-13,4.1144290271584597e-13,5.701367102990553e-13,5.902738485393221e-13,2.2500804525583252e-06,2.4969578965807086e-06,0.010992641933727962,0.013016595393507744,0.2558460253149691,0.5289340474244915,0.033948885736168714,0.11027492347398496,7.414687149785148e-08,1.5880714858820414e-07,2.79027305812553e-06,6.183778517135029e-06,7.308031445389247e-07,1.7283423179927395e-06,1.0334448199714025e-05,2.139891854420578e-05,2.3837956045439763e-09,5.113335080302518e-09,1.1582818441101945e-06,2.5707356319891816e-06,1.4909325364812772e-11,4.515009460371507e-11,1.0716755913871965e-18,1.1079450158126382e-18,4.55275002832346e-12,5.384276802550011e-12,2.7251315266784922e-12,5.837468445706608e-12,7.735493066744093e-16,1.4854965610632638e-15,1.311488078715856e-08,2.6161091505328618e-08,1.4934369082806852e-19,4.523034397264099e-19,0.006304331674450862,0.013035386665280401,3.3913567410941175e-31,1.0000000000000085e-30,3.1228186488719564e-10,1.0164020891138556e-09,1.7633984486539394e-11,5.602513435841668e-11
2.2,1320.01828621905,5.216314610436831,0.168106553802257,14.381403948564708,0.4967598157217804,0.07391754704496818,5.006822721186561e-06,3.725060304056481e-07,6.36363753769424e-13,7.514651329870421e-13,1.155677005189327e-13,2.7294168445342763e-13,7.580322952275255e-08,9.515376605335736e-08,0.19612643679349495,0.26078401413313623,8.651788125686015e-16,2.1077026038919055e-15,1.637571389991951e-13,4.111199111699989e-13,5.694727925533476e-13,5.89587596053363e-13,2.24881313004423e-06,2.4955562425508223e-06,0.010991687038144715,0.013015489291870302,0.25584512965952744,0.5289331958039508,0.03395018302517618,0.11027934591482119,7.412351173577195e-08,1.5875741700693762e-07,2.790306226470837e-06,6.183863716318528e-06,7.305404279403872e-07,1.7277242623929736e-06,1.0327851059831627e-05,2.1385298677611112e-05,2.3819676612531436e-09,5.109423730592426e-09,1.1578964619549688e-06,2.5698851587569666e-06,1.4896021969867974e-11,4.510989305705714e-11,1.07118677441449e-18,1.1074417493171217e-18,4.550830251383639e-12,5.382016568017617e-12,2.723719065807181e-12,5.834453862991e-12,7.730466474550925e-16,1.4845340789846657e-15,1.3114857902612593e-08,2.616109531866777e-08,1.492433211460005e-19,4.520003139366409e-19,0.0063043197548948,0.013035386665283206,3.391350329078776e-31,1.0000000000000076e-30,3.1210582370574703e-10,1.0158310381873678e-09,1.7624090380273806e-11,5.599380554703447e-11
2.201,1319.97390710533,5.216450067837018,0.16810218852003708,14.38735271109305,0.4967630713529264,0.0739181710813398,5.004473598704942e-06,3.723319596137094e-07,6.356771019505144e-13,7.506557016821089e-13,1.154414965496964e-13,2.7264413750266274e-13,7.57561190938042e-08,9.509480918657054e-08,0.1961237566022354,0.26078094286150755,8.642221830666048e-16,2.105376090157682e-15,1.6362828938841555e-13,4.107972040555316e-13,5.688097490301405e-13,5.889022448301738e-13,2.247546810125892e-06,2.494155690549612e-06,0.010990733212329431,0.013014384425261458,0.2558442333663353,0.5289323417429863,0.033951480503538,0.11028376875419993,7.410016082756974e-08,1.587077038651734e-07,2.7903393772571857e-06,6.183948863830683e-06,7.302778928382577e-07,1.727106630042035e-06,1.0321260411833127e-05,2.1371692156715328e-05,2.380141664819671e-09,5.105516531394728e-09,1.1575114320268364e-06,2.5690354586245563e-06,1.4882732769203654e-11,4.506973424793417e-11,1.0706981298590729e-18,1.1069386568305183e-18,4.5489114870977724e-12,5.379757511172298e-12,2.7223074493779792e-12,5.831441065417448e-12,7.725443572622595e-16,1.4835722987967147e-15,1.3114835044801749e-08,2.616109913001978e-08,1.4914302485366878e-19,4.516974083148242e-19,0.006304307848672664,0.013035386665286006,3.391343924236296e-31,1.000000000000007e-30,3.1192997432246775e-10,1.0152606072132847e-09,1.761420422515263e-11,5.5962501760589616e-11
2.202,1319.929534025217,5.216585524046117,0.16809782350290217,14.393301628093647,0.4967663249794542,0.07391879466564065,5.002125758051e-06,3.7215798274608944e-07,6.349912516714526e-13,7.498472122566765e-13,1.1531544261382477e-13,2.7234694319492985e-13,7.570904226367641e-08,9.503589407220594e-08,0.19612107777241033,0.2607778728376988,8.632667020009347e-16,2.1030523609635255e-15,1.6349955389416723e-13,4.1047478135102393e-13,5.681475787230402e-13,5.882177938388672e-13,2.246281492290116e-06,2.4927562400294943e-06,0.0109897804548603,0.01301328079204708,0.2558433364409661,0.5289314852545531,0.0339527781662397,0.11028819197610742,7.407681879385964e-08,1.5865800920791652e-07,2.790372510547627e-06,6.184033959827247e-06,7.300155397387082e-07,1.726489422148044e-06,1.0314676275074211e-05,2.1358099021817443e-05,2.37831761883012e-09,5.101613490464992e-09,1.1571267560753846e-06,2.568186535491844e-06,1.4869457748114107e-11,4.502961813243209e-11,1.0702096572074014e-18,1.1064357378290932e-18,4.546993740734747e-12,5.37749963828096e-12,2.720896677528104e-12,5.828430053324997e-12,7.720424359764308e-16,1.4826112202840848e-15,1.3114812213685037e-08,2.6161102939374118e-08,1.4904280261114433e-19,4.5139472486446645e-19,0.006304295955767287,0.013035386665288837,3.3913375265574426e-31,1.0000000000000078e-30,3.1175431742615876e-10,1.0146907984433966e-09,1.7604326018020862e-11,5.593122298955107e-11
2.203,1319.8851669722972,5.216720979069595,0.16809345875065254,14.399250699565151,0.49676957660558024,0.07391941779868867,4.999779197185993e-06,3.7198409965373084e-07,6.343062015860645e-13,7.490396631335249e-13,1.151895384840105e-13,2.720501009979878e-13,7.566199898390112e-08,9.497702065028542e-08,0.1961184003005966,0.2607748040578801,8.623123675211829e-16,2.100731411837627e-15,1.6337093232016714e-13,4.101526425684416e-13,5.67486280011404e-13,5.875342414125452e-13,2.245017174842324e-06,2.4913578891316908e-06,0.010988828764415138,0.013012178390710191,0.25584243888253333,0.5289306263382205,0.03395407601474387,0.11029261558556282,7.405348561333226e-08,1.586083329903687e-07,2.790405626351108e-06,6.184119004343701e-06,7.297533680204882e-07,1.7258726372526526e-06,1.0308098624472902e-05,2.1344519221200134e-05,2.3764955168192524e-09,5.097714593996781e-09,1.1567424323969862e-06,2.567338385594326e-06,1.4856196883504622e-11,4.498954464122817e-11,1.0697213566901343e-18,1.1059329925584312e-18,4.5450770094115654e-12,5.375242945969359e-12,2.7194867489892813e-12,5.825420824041589e-12,7.715408830817499e-16,1.4816508424701465e-15,1.311478940923038e-08,2.6161106746736513e-08,1.4894265399688565e-19,4.510922623132522e-19,0.006304284076161849,0.01303538666529166,3.391331136033168e-31,1.0000000000000085e-30,3.115788521729457e-10,1.014121609140911e-09,1.7594455744680168e-11,5.589996918929762e-11
2.204,1319.8408059405187,5.216856432911651,0.1680890942631292,14.405199925506214,0.49677282623607194,0.07392004048138473,4.997433914832697e-06,3.7181031024423417e-07,6.336219505409397e-13,7.482330529630426e-13,1.1506378395045334e-13,2.717536104209348e-13,7.561498921741837e-08,9.491818887515068e-08,0.1961157241828358,0.2607717365175128,8.613591779935953e-16,2.0984132388359173e-15,1.6324242451877945e-13,4.098307873418765e-13,5.668258514535059e-13,5.868515860695236e-13,2.24375385642407e-06,2.48996063637043e-06,0.010987878139648462,0.013011077219706348,0.2558415406896155,0.5289297649924576,0.03395537405104379,0.11029703958931035,7.403016127567898e-08,1.5855867519129405e-07,2.7904387246778164e-06,6.184203997418355e-06,7.294913773438493e-07,1.7252562745632661e-06,1.030152744626909e-05,2.1330952726589343e-05,2.3746753549027715e-09,5.093819833719792e-09,1.1563584601614372e-06,2.5664910071060104e-06,1.4842950154659963e-11,4.494951371220453e-11,1.0692332283801034e-18,1.1054304211009536e-18,4.54316128945812e-12,5.3729874299323744e-12,2.7180776629088893e-12,5.8224133757855295e-12,7.710396981804426e-16,1.480691164605027e-15,1.311476663140622e-08,2.6161110552114025e-08,1.4884257877945964e-19,4.50790019964625e-19,0.006304272209839455,0.013035386665294451,3.39132475265439e-31,1.0000000000000085e-30,3.1140357810709437e-10,1.013553037832328e-09,1.7584593393862314e-11,5.586874032451706e-11
2.205,1319.7964509214594,5.216991885584234,0.16808473003992372,14.411149305915501,0.4967760738727108,0.0739206627141859,4.995089910123522e-06,3.7163661445567594e-07,6.32938497498049e-13,7.474273805318445e-13,1.149381788038325e-13,2.7145747097399174e-13,7.556801293410947e-08,9.485939870985602e-08,0.1961130494181673,0.26076867021604605,8.604071318368875e-16,2.0960978381420766e-15,1.6311403037628849e-13,4.095092153905728e-13,5.661662917094162e-13,5.861698264334855e-13,2.242491535872412e-06,2.4885644804768724e-06,0.01098692857919915,0.013009977277472648,0.2558406418637754,0.5289289012219073,0.033956672274141106,0.11030146398437751,7.400684577813428e-08,1.5850903580561288e-07,2.7904718055581485e-06,6.184288939134353e-06,7.292295675838351e-07,1.7246403337952715e-06,1.0294962734999957e-05,2.131739952689155e-05,2.3728571310603755e-09,5.0899292053619925e-09,1.1559748391874797e-06,2.5656443996412025e-06,1.4829717542305772e-11,4.490952528760573e-11,1.0687452721856312e-18,1.1049280233690038e-18,4.541246581113192e-12,5.37073309048772e-12,2.7166694186502696e-12,5.8194077072377225e-12,7.705388809355323e-16,1.479732186055592e-15,1.3114743880177164e-08,2.6161114355506268e-08,1.487425770321145e-19,4.504879980447909e-19,0.006304260356783191,0.01303538666529724,3.391318376412002e-31,1.0000000000000078e-30,3.112284950609675e-10,1.012985083981826e-09,1.7574738956294325e-11,5.5837536366235907e-11
2.206,1319.7521019075884,5.217127337096439,0.16808036608071947,14.417098840791692,0.4967793195183327,0.07392128449770524,4.992747181880455e-06,3.714630122030285e-07,6.322558413386699e-13,7.466226445312159e-13,1.1481272283177291e-13,2.711616821601515e-13,7.552107009893557e-08,9.480065011127668e-08,0.19611037600456463,0.26076560515150843,8.594562274106354e-16,2.093785205795594e-15,1.629857497562633e-13,4.0918792637673157e-13,5.655075993680647e-13,5.854889610544233e-13,2.24123021188402e-06,2.487169420026314e-06,0.010985980081720303,0.013008878562462812,0.25583974240551494,0.5289280350290122,0.033957970684103604,0.11030588877125354,7.398353911278455e-08,1.5845941481721622e-07,2.7905048690143763e-06,6.184373829556752e-06,7.289679384753875e-07,1.7240248143326755e-06,1.0288404479699973e-05,2.130385959961826e-05,2.371040842031108e-09,5.086042701989868e-09,1.1555915688647375e-06,2.5647985618617385e-06,1.4816499026189836e-11,4.4869579306712986e-11,1.0682574881115076e-18,1.104425799374637e-18,4.539332883239111e-12,5.368479926325134e-12,2.7152620154109962e-12,5.81640381672383e-12,7.700384309634909e-16,1.4787739060992677e-15,1.3114721155509327e-08,2.6161118156915517e-08,1.4864264865452136e-19,4.501861962542421e-19,0.006304248516976223,0.013035386665300045,3.391312007296952e-31,1.000000000000009e-30,3.110536026768162e-10,1.0124177464347765e-09,1.7564892421365095e-11,5.580635728122765e-11
2.207,1319.7077588894545,5.217262787463626,0.16807600238499817,14.423048530133478,0.4967825631733977,0.07392190583220255,4.990405729487331e-06,3.7128950344306375e-07,6.315739810955769e-13,7.458188438313166e-13,1.1468741582717403e-13,2.7086624349485385e-13,7.54741606859448e-08,9.474194304769369e-08,0.19610770394238958,0.2607625413251051,8.58506463179355e-16,2.0914753380915316e-15,1.6285758256465996e-13,4.0886692006896184e-13,5.64849773154368e-13,5.848089886230942e-13,2.239969883415805e-06,2.4857754538828207e-06,0.01098503264584509,0.013007781073106973,0.2558388423177127,0.528927166421131,0.03395926927861524,0.11031031394268469,7.39602412812191e-08,1.584098122303486e-07,2.7905379150861714e-06,6.184458668789198e-06,7.28706490015538e-07,1.723409716179324e-06,1.0281852679634252e-05,2.12903329434649e-05,2.3692264868610758e-09,5.0821603216185955e-09,1.155208649380948e-06,2.5639534942008277e-06,1.4803294587942917e-11,4.4829675714508643e-11,1.0677698759782473e-18,1.1039237489393893e-18,4.5374201977298925e-12,5.366227939719782e-12,2.713855452688563e-12,5.8134017032119395e-12,7.695383479655205e-16,1.4778163241761779e-15,1.3114698457365627e-08,2.6161121956337765e-08,1.485427938261545e-19,4.4988461514089085e-19,0.006304236690401668,0.013035386665302844,3.3913056453001484e-31,1.0000000000000078e-30,3.1087890095084704e-10,1.01185102518859e-09,1.7555053780977263e-11,5.577520304425167e-11
2.208,1319.6634218621894,5.217398236686274,0.16807163895272098,14.428998373939555,0.49678580484402135,0.0739225267187776,4.9880655511034285e-06,3.7111608804143436e-07,6.308929154745943e-13,7.450159769161684e-13,1.145622575738564e-13,2.705711544720789e-13,7.542728464935407e-08,9.468327746249064e-08,0.1961050332263187,0.26075947873047584,8.575578373963906e-16,2.0891682308103644e-15,1.6272952861429413e-13,4.0854619600201844e-13,5.641928115039583e-13,5.841299075307072e-13,2.2387105488606685e-06,2.4843825802844652e-06,0.010984086270257615,0.013006684807895264,0.2558379415975652,0.5289262953938632,0.033960568061050043,0.11031473950989792,7.393695226403303e-08,1.5836022800428422e-07,2.7905709437719902e-06,6.1845434568438616e-06,7.284452216206565e-07,1.7227950379657306e-06,1.0275307311448569e-05,2.127681951028879e-05,2.367414059504053e-09,5.07828205133969e-09,1.15482607915672e-06,2.5631091931695056e-06,1.4790104205171436e-11,4.4789814443785504e-11,1.0672824360200812e-18,1.1034218723124905e-18,4.5355085191928664e-12,5.3639771243289965e-12,2.712449729328227e-12,5.810401364272775e-12,7.690386314596379e-16,1.4768594393746007e-15,1.311467578571668e-08,2.6161125753783797e-08,1.4844301207440448e-19,4.495832532776985e-19,0.00630422487704278,0.013035386665305605,3.3912992904125997e-31,1.0000000000000062e-30,3.1070438909629265e-10,1.0112849176922065e-09,1.7545223021532486e-11,5.574407361258773e-11
2.209,1319.6190908153126,5.217533684783181,0.16806727578325903,14.43494837220864,0.4967890445292966,0.07392314715748605,4.985726646112829e-06,3.709427659549195e-07,6.302126435160822e-13,7.442140426648209e-13,1.1443724786170754e-13,2.702764146001276e-13,7.538044196359374e-08,9.462465332442443e-08,0.19610236385807925,0.2607564173706386,8.566103485045118e-16,2.086863880193977e-15,1.6260158781450164e-13,4.082257539529726e-13,5.635367131484804e-13,5.83451716474921e-13,2.2374522071843573e-06,2.4829907981050148e-06,0.010983140953593904,0.013005589765260983,0.25583704024930753,0.5289254219573665,0.03396186702773414,0.11031916546122778,7.391367206345932e-08,1.5831066214464277e-07,2.7906039551196172e-06,6.184628193842311e-06,7.281841333128035e-07,1.7221807797548862e-06,1.0268768375302738e-05,2.126331930063685e-05,2.3656035592017073e-09,5.074407889587492e-09,1.1544438584513413e-06,2.5622656593597057e-06,1.4776927859633034e-11,4.474999543990685e-11,1.0667951680255512e-18,1.1029201692823946e-18,4.533597851327861e-12,5.361727484563469e-12,2.7110448448251445e-12,5.807402798869222e-12,7.685392811465634e-16,1.4759032511336706e-15,1.3114653140523805e-08,2.6161129549246153e-08,1.483433036914785e-19,4.492821115539881e-19,0.006304213076882789,0.013035386665308396,3.391292942625266e-31,1.0000000000000046e-30,3.10530067141493e-10,1.0107194240475717e-09,1.7535400135130007e-11,5.571296896161751e-11
2.21,1319.574765744033,5.21766913175459,0.16806291287658115,14.440898524939447,0.49679228223544153,0.0739237671494427,4.983389012880631e-06,3.707695370644765e-07,6.295331639807938e-13,7.434130396260982e-13,1.1431238647974038e-13,2.6998202338522e-13,7.533363258602847e-08,9.456607058082676e-08,0.1960996958322473,0.26075335723909865,8.556639948191103e-16,2.0845622821738183e-15,1.6247375999157195e-13,4.079055934903856e-13,5.628814765762227e-13,5.827744139014008e-13,2.236194856873534e-06,2.4816001056865036e-06,0.010982196694535512,0.013004495943691125,0.2558361382700279,0.5289245461070148,0.033963166182146384,0.11032359180824161,7.38904006630642e-08,1.5826111461705983e-07,2.790636949127924e-06,6.184712879797621e-06,7.279232245854003e-07,1.7215669403594932e-06,1.0262235850927678e-05,2.1249832272753644e-05,2.3637949806138222e-09,5.070537824967637e-09,1.154061985922574e-06,2.56142288980875e-06,1.476376552963601e-11,4.4710218637788056e-11,1.06630807218549e-18,1.1024186400534457e-18,4.531688188563298e-12,5.359479013868813e-12,2.7096407981371854e-12,5.804406004813083e-12,7.680402965767079e-16,1.4749477586038223e-15,1.3114630521757868e-08,2.6161133342736044e-08,1.4824366823108086e-19,4.489811886223951e-19,0.006304201289904974,0.01303538666531121,3.3912866019291666e-31,1.0000000000000057e-30,3.103559344055194e-10,1.0101545420480583e-09,1.7525585108990992e-11,5.5681889051222513e-11
2.211,1319.5304466372413,5.217804577621356,0.1680585502319924,14.446848832130717,0.4967955179607837,0.07392438669458958,4.9810526514290916e-06,3.7059640137435957e-07,6.288544760751928e-13,7.426129668751445e-13,1.1418767322947423e-13,2.6968798036310727e-13,7.528685650095225e-08,9.45075292128337e-08,0.1960970291513258,0.2607502983399061,8.547187749421116e-16,2.0822634333793375e-15,1.6234604509838205e-13,4.07585714500626e-13,5.622271006720347e-13,5.820979986663689e-13,2.2349384971824214e-06,2.4802105022227656e-06,0.010981253491699877,0.013003403341596945,0.25583523566473054,0.528923667854558,0.03396446551983944,0.11032801853676179,7.386713807490856e-08,1.5821158544820377e-07,2.7906699258529815e-06,6.184797514849746e-06,7.27662495720819e-07,1.7209535204581668e-06,1.0255709748769614e-05,2.1236358448485237e-05,2.361988325314261e-09,5.066671860916979e-09,1.1536804626292709e-06,2.5605808868831564e-06,1.4750617199016464e-11,4.4670483989084125e-11,1.065821148127166e-18,1.1019172842473502e-18,4.529779535529207e-12,5.3572317177557844e-12,2.70823758910508e-12,5.8014109818073965e-12,7.675416775488679e-16,1.4739929614124927e-15,1.3114607929379114e-08,2.616113713424393e-08,1.4814410618981657e-19,4.486804859912874e-19,0.006304189516092482,0.013035386665313975,3.3912802683152322e-31,1.0000000000000036e-30,3.1018199127093094e-10,1.0095902729485006e-09,1.7515777937832896e-11,5.565083386510139e-11
2.212,1319.4861334899538,5.217940022384478,0.1680541878494374,14.452799293781194,0.49679875171115323,0.07392500579398208,4.978717559373083e-06,3.704233587096919e-07,6.281765783754151e-13,7.418138227426918e-13,1.1406310788427437e-13,2.6939428500302444e-13,7.52401136545525e-08,9.444902915374102e-08,0.19609436381026124,0.2607472406670524,8.537746869874282e-16,2.0799673292509165e-15,1.622184429134036e-13,4.0726611643217497e-13,5.615735837562478e-13,5.814224690415257e-13,2.233683126270611e-06,2.4788219856927335e-06,0.010980311343798232,0.01300231195750019,0.2558343324308635,0.5289227871961013,0.03396576504393365,0.11033244565718853,7.384388427157313e-08,1.581620745801755e-07,2.790702885291375e-06,6.184882099006551e-06,7.274019459298092e-07,1.7203405181950036e-06,1.0249190037285909e-05,2.1222897762730748e-05,2.360183585403577e-09,5.062809980550978e-09,1.1532992863538262e-06,2.5597396456772604e-06,1.4737482843836963e-11,4.463079142190564e-11,1.0653343962018893e-18,1.1014161022343236e-18,4.527871887239894e-12,5.3549855903626724e-12,2.7068352162786037e-12,5.798417726789498e-12,7.670434234984817e-16,1.4730388584892385e-15,1.3114585363358111e-08,2.6161140923779813e-08,1.4804461696135617e-19,4.483800018285824e-19,0.006304177755428767,0.01303538666531673,3.3912739417745603e-31,1.0000000000000011e-30,3.10008236669839e-10,1.009026613282714e-09,1.7505978606011323e-11,5.561980335402815e-11
2.213,1319.4418262941253,5.218075466054865,0.1680498257285416,14.45874990988963,0.496801983488674,0.07392562444812599,4.976383736085702e-06,3.70250409026417e-07,6.274994699145808e-13,7.410156060991134e-13,1.1393869024354975e-13,2.691009368357119e-13,7.519340402047084e-08,9.439057037130861e-08,0.19609169980774216,0.26074418421951145,8.528317294647765e-16,2.0776739661931566e-15,1.6209095333853176e-13,4.0694679904338175e-13,5.609209245631883e-13,5.807478237271835e-13,2.2324287430924064e-06,2.4774345549572916e-06,0.01097937024947932,0.013001221789848912,0.2558334285696126,0.5289219041354919,0.033967064753801915,0.11033687316775205,7.382063925356765e-08,1.5811258201489846e-07,2.7907358274723884e-06,6.184966632348534e-06,7.271415751711737e-07,1.719727933483307e-06,1.0242676714399198e-05,2.1209450211402616e-05,2.3583807596454364e-09,5.058952181278022e-09,1.1529184571732019e-06,2.5588991663781938e-06,1.47243624458153e-11,4.459114088148909e-11,1.0648478162757538e-18,1.1009150938829533e-18,4.525965243394785e-12,5.352740631368794e-12,2.7054336791549337e-12,5.795426238726275e-12,7.665455341284142e-16,1.4720854492771992e-15,1.3114562823660391e-08,2.61611447113443e-08,1.4794520063889483e-19,4.480797364208307e-19,0.006304166007897117,0.013035386665319507,3.391267622298163e-31,1.0000000000000003e-30,3.0983467055054523e-10,1.0084635628920418e-09,1.7496187105247618e-11,5.5588797492179646e-11
2.214,1319.3975250430126,5.21821090863924,0.16804546386906544,14.464700680454785,0.49680521329705524,0.07392624265776189,4.974051180436355e-06,3.700775522429935e-07,6.2682314959502e-13,7.402183156602914e-13,1.138144201011324e-13,2.688079353787235e-13,7.514672756439275e-08,9.43321528233061e-08,0.19608903714085937,0.2607411289941286,8.518899007840276e-16,2.075383340367298e-15,1.6196357623920404e-13,4.06627762001049e-13,5.602691217109164e-13,5.800740613032424e-13,2.2311753463741294e-06,2.476048208624246e-06,0.010978430207412937,0.013000132837115848,0.2558325240805617,0.5289210186732564,0.03396836465042186,0.11034130107189359,7.37974030131219e-08,1.580631077365586e-07,2.7907687524126463e-06,6.1850511149280396e-06,7.268813831792399e-07,1.7191157657054434e-06,1.0236169769232089e-05,2.1196015772190427e-05,2.3565798448194436e-09,5.055098456250299e-09,1.152537974477106e-06,2.558059447647673e-06,1.4711255985066092e-11,4.4551532308213884e-11,1.0643614083669613e-18,1.1004142592190624e-18,4.524059601687521e-12,5.350496838081146e-12,2.7040329769611926e-12,5.792436516005957e-12,7.660480090657943e-16,1.4711327330740215e-15,1.3114540310253633e-08,2.616114849694188e-08,1.4784585708991573e-19,4.477796893709602e-19,0.006304154273480902,0.013035386665322298,3.3912613098770928e-31,1.000000000000001e-30,3.0966129255733505e-10,1.0079011206282696e-09,1.7486403425102186e-11,5.5557816246865274e-11
2.215,1319.3532297269408,5.218346350153893,0.16804110227046126,14.47065160547544,0.4968084411363022,0.07392686042307972,4.971719891801937e-06,3.699047883156368e-07,6.261476164605765e-13,7.394219503091979e-13,1.1369029725138953e-13,2.685152801508678e-13,7.510008426057311e-08,9.427377647825957e-08,0.1960863758104199,0.26073807499269236,8.509491994189857e-16,2.0730954480902637e-15,1.6183631152264214e-13,4.063090050768771e-13,5.596181739420309e-13,5.794011804785183e-13,2.22992293508353e-06,2.474662945569307e-06,0.010977491216249281,0.012999045097750577,0.2558316189670043,0.5289201308175951,0.03396966473105545,0.11034572936098536,7.377417555182109e-08,1.5801365174937987e-07,2.790801660154061e-06,6.1851355468534995e-06,7.266213699545974e-07,1.7185040148734996e-06,1.0229669201163986e-05,2.118259444402219e-05,2.3547808400053387e-09,5.051248803553915e-09,1.152157838460479e-06,2.557220489934619e-06,1.4698163443473558e-11,4.451196564781737e-11,1.0638751722903703e-18,1.0999135980582418e-18,4.522154964601959e-12,5.34825421347199e-12,2.7026331091923482e-12,5.789448557590516e-12,7.655508480128633e-16,1.4701807093215875e-15,1.3114517823100654e-08,2.616115228056754e-08,1.4774658653082876e-19,4.474798613386864e-19,0.006304142552163453,0.013035386665325104,3.3912550045023786e-31,1.000000000000002e-30,3.094881026908343e-10,1.0073392865030041e-09,1.7476627557598705e-11,5.552685959322028e-11
2.216,1319.3089403424087,5.218481790595071,0.16803674093282692,14.476602684950374,0.49681166701408724,0.07392747774540787,4.969389868010646e-06,3.697321170853213e-07,6.254728691416588e-13,7.386265084405232e-13,1.135663214785227e-13,2.6822297064692395e-13,7.505347405809732e-08,9.421544127309513e-08,0.1960837158095232,0.2607350222067336,8.500096235869849e-16,2.0708102850540036e-15,1.6170915897746572e-13,4.0599052774477957e-13,5.589680796339788e-13,5.787291795837192e-13,2.228671507473145e-06,2.473278763874353e-06,0.010976553274702903,0.012997958570278419,0.2558307132245303,0.5289192405607634,0.03397096500067964,0.11035015805145704,7.375095684443177e-08,1.5796421400013865e-07,2.7908345506830954e-06,6.185219928110258e-06,7.263615347533068e-07,1.7178926792386351e-06,1.0223174980669059e-05,2.116918616597067e-05,2.3529837377859055e-09,5.047403207338037e-09,1.1517780470532701e-06,2.556382288660685e-06,1.468508479781698e-11,4.447244083057432e-11,1.0633891083953244e-18,1.0994131107686288e-18,4.520251324728492e-12,5.346012748812585e-12,2.7012340745193137e-12,5.78646236067642e-12,7.650540504408399e-16,1.4692293770180456e-15,1.3114495362174559e-08,2.6161156062235903e-08,1.476473883097769e-19,4.471802503539856e-19,0.006304130843928294,0.0130353866653279,3.3912487061651604e-31,1.0000000000000017e-30,3.093150999503137e-10,1.006778057268533e-09,1.746685948774896e-11,5.549592748409896e-11
2.217,1319.2646568750815,5.218617229994268,0.16803237985512529,14.482553918878395,0.49681489092457887,0.0739280946240689,4.967061109677141e-06,3.6955953860035324e-07,6.247989070153255e-13,7.378319893306889e-13,1.1344249258681823e-13,2.6793100640910986e-13,7.500689695133879e-08,9.415714720159252e-08,0.19608105714484272,0.2607319706458456,8.490711719796713e-16,2.0685278481060094e-15,1.6158211860520052e-13,4.056723300132066e-13,5.583188378270794e-13,5.780580576358592e-13,2.2274210630851856e-06,2.471895663052569e-06,0.010975616381378912,0.01299687325309569,0.25582980686228485,0.5289183479230677,0.033972265450694004,0.1103545871156394,7.372774691378416e-08,1.579147945385635e-07,2.7908674240839632e-06,6.185304258900598e-06,7.261018781645741e-07,1.7172817602050512e-06,1.0216687130002401e-05,2.1155790984332164e-05,2.3511885423876276e-09,5.0435616767289e-09,1.1513986022417202e-06,2.555544848250589e-06,1.4672020034134625e-11,4.443295781480018e-11,1.0629032160779337e-18,1.098912796732883e-18,4.518348692045448e-12,5.343772455938757e-12,2.699835873096821e-12,5.783477925638919e-12,7.645576162376714e-16,1.468278735961887e-15,1.3114472927430556e-08,2.616115984192716e-08,1.4754826331521374e-19,4.46880859111989e-19,0.006304119148758663,0.013035386665330698,3.391242414856424e-31,1.0000000000000024e-30,3.0914228512864134e-10,1.0062174355150778e-09,1.7457099213174738e-11,5.546501991242209e-11
2.218,1319.2203793221897,5.218752668345445,0.168028019037528,14.48850530725831,0.496818112876247,0.07392871106050833,4.96473361394255e-06,3.693870526505719e-07,6.241257285400301e-13,7.370383911712458e-13,1.133188103494306e-13,2.6763938690608564e-13,7.496035287888475e-08,9.409889418749429e-08,0.1960783998086629,0.2607289203004695,8.481338426537487e-16,2.06624813254668e-15,1.614551901481043e-13,4.053544112396466e-13,5.576704467445821e-13,5.773878128059275e-13,2.2261715998683498e-06,2.470513640848516e-06,0.01097468053502109,0.01299578914476195,0.25582889987503377,0.5289174528950482,0.03397356608690049,0.11035901657263972,7.370454572400139e-08,1.5786539328862874e-07,2.7909002803341215e-06,6.1853885391897686e-06,7.25842399163707e-07,1.7166712553598355e-06,1.021020560854183e-05,2.1142408815200695e-05,2.3493952438864143e-09,5.039724190497747e-09,1.15101950108951e-06,2.554708162203176e-06,1.46589691271101e-11,4.4393516524419346e-11,1.0624174958624567e-18,1.0984126564999436e-18,4.516447058083179e-12,5.341533324867868e-12,2.698438503224968e-12,5.7804952488798706e-12,7.640615447704614e-16,1.4673287849512335e-15,1.3114450518843122e-08,2.6161163619658107e-08,1.474492106183296e-19,4.465816848038374e-19,0.006304107466638236,0.013035386665333493,3.3912361305673885e-31,1.0000000000000036e-30,3.089696568428696e-10,1.005657416750789e-09,1.744734671612405e-11,5.5434136822259856e-11
2.219,1319.1761076780585,5.218888105651888,0.1680236584799064,14.494456850088925,0.4968213328741552,0.07392932705566775,4.962407380190187e-06,3.692146591926511e-07,6.234533327501288e-13,7.362457128338349e-13,1.1319527457604571e-13,2.67348111692792e-13,7.49138418139844e-08,9.40406821980571e-08,0.1960757437967237,0.26072587116565227,8.471976341937735e-16,2.063971134962379e-15,1.613283735024705e-13,4.0503677116832054e-13,5.570229051329621e-13,5.767184438066313e-13,2.2249231167781498e-06,2.469132696124135e-06,0.010973745734293898,0.012994706243743345,0.25582799226099334,0.5289165554744005,0.03397486691163741,0.11036344643031866,7.368135327420892e-08,1.5781601024928436e-07,2.7909331194448403e-06,6.185472769018212e-06,7.255830976556923e-07,1.7160611644888823e-06,1.0203730412364882e-05,2.1129039650664957e-05,2.3476038406593467e-09,5.035890745222779e-09,1.1506407435206294e-06,2.553872230365845e-06,1.4645932058550726e-11,4.4354116904930225e-11,1.061931947685659e-18,1.0979126900113936e-18,4.514546418714158e-12,5.339295350752746e-12,2.697041964414498e-12,5.777514329394702e-12,7.635658357480104e-16,1.466379523440448e-15,1.3114428136381868e-08,2.6161167395436897e-08,1.473502301693108e-19,4.4628272728289675e-19,0.006304095797550431,0.013035386665336287,3.391229853289128e-31,1.0000000000000038e-30,3.08797214974803e-10,1.005098000600427e-09,1.743760198805939e-11,5.540327818696027e-11
2.22,1319.1318419305576,5.219023541938054,0.16801929818145023,14.50040854736908,0.49682455091508293,0.07392994260925574,4.960082407978904e-06,3.690423581963196e-07,6.227817187528867e-13,7.354539532761639e-13,1.130718850577073e-13,2.6705718028012807e-13,7.48673637345347e-08,9.398251120636994e-08,0.19607308911305776,0.260722823247466,8.462625450711492e-16,2.061696851663708e-15,1.6120166859524345e-13,4.0471940962039166e-13,5.563762117926003e-13,5.760499494064595e-13,2.2236756128835113e-06,2.4677528278671783e-06,0.010972811977848074,0.012993624548489636,0.2558270840266608,0.5289156556759381,0.033976167918957315,0.11036787666962097,7.365816957020489e-08,1.5776664543377068e-07,2.7909659414780667e-06,6.185556948538651e-06,7.25323973771236e-07,1.7154514879119062e-06,1.0197261545741413e-05,2.111568349977719e-05,2.3458143328767582e-09,5.0320613413288084e-09,1.1502623301162953e-06,2.553037054044697e-06,1.4632908811201897e-11,4.431475890467045e-11,1.0614465712460973e-18,1.097412896962521e-18,4.512646780641514e-12,5.3370585415554265e-12,2.695646256253061e-12,5.774535166343487e-12,7.630704888992715e-16,1.4654309509225624e-15,1.3114405780005631e-08,2.616117116925004e-08,1.4725132245054132e-19,4.459839880144045e-19,0.006304084141478689,0.013035386665339046,3.391223583012749e-31,1.000000000000005e-30,3.086249596965252e-10,1.0045391876335575e-09,1.7427865022175704e-11,5.537244398537452e-11
2.221,1319.0875820747751,5.2191589772048745,0.16801493814210683,14.50636039909761,0.49682776700490133,0.07393055772233212,4.957758695826354e-06,3.6887014955382763e-07,6.221108853655381e-13,7.34663111113395e-13,1.1294864158944813e-13,2.667665921883976e-13,7.482091860058745e-08,9.392438116311735e-08,0.1960704357525754,0.2607197765398473,8.453285736626908e-16,2.0594252787306992e-15,1.6107507526465073e-13,4.044023261942707e-13,5.557303652743964e-13,5.753823281155579e-13,2.222429086756963e-06,2.4663740345144284e-06,0.01097187926438321,0.012992544057508151,0.25582617516941314,0.5289147534956071,0.03397746911204087,0.11037230730114081,7.363499459781309e-08,1.5771729881254145e-07,2.790998746434917e-06,6.185641077768866e-06,7.250650270662036e-07,1.7148422245890302e-06,1.0190798990896049e-05,2.1102340325939334e-05,2.344026715782773e-09,5.0282359686731e-09,1.1498842597205673e-06,2.552202630690094e-06,1.4619899364220852e-11,4.427544246110901e-11,1.0609613666960953e-18,1.096913277517725e-18,4.510748138667032e-12,5.334822891162226e-12,2.694251377783545e-12,5.771557757719149e-12,7.625755038014442e-16,1.4644830665991231e-15,1.311438344968553e-08,2.6161174941108007e-08,1.4715248703662482e-19,4.456854657141706e-19,0.00630407249840661,0.013035386665341805,3.3912173197294145e-31,1.0000000000000045e-30,3.0845289041292454e-10,1.0039809759225769e-09,1.7418135806469243e-11,5.534163417983447e-11
2.222,1319.0433281035698,5.219294411460584,0.16801057836158834,14.512312405273363,0.49683098114661295,0.07393117239552982,4.955436242354519e-06,3.686980331651828e-07,6.214408314427722e-13,7.338731850048894e-13,1.1282554396096275e-13,2.6647634692528515e-13,7.477450637448359e-08,9.386629202185556e-08,0.1960677837130597,0.260716731040552,8.443957183193315e-16,2.057156412180242e-15,1.6094859336249275e-13,4.0408552052243387e-13,5.550853641596539e-13,5.747155784755219e-13,2.221183537030575e-06,2.4649963145686993e-06,0.01097094759259391,0.01299146476930022,0.2558252656894962,0.5289138489352845,0.03397877049119663,0.1103767383261423,7.361182834580177e-08,1.576679703623558e-07,2.7910315343342416e-06,6.185725156765924e-06,7.248062571896777e-07,1.71423337370082e-06,1.0184342733560929e-05,2.1089010099815838e-05,2.3422409853964297e-09,5.024414618775041e-09,1.1495065314560119e-06,2.5513689583705156e-06,1.4606903697244895e-11,4.423616751316715e-11,1.0604763340959524e-18,1.0964138317462537e-18,4.5088504914223136e-12,5.3325883979888774e-12,2.692857328099279e-12,5.768582101622583e-12,7.620808800456765e-16,1.463535869698436e-15,1.311436114538873e-08,2.6161178711013305e-08,1.4705372380050624e-19,4.453871600015861e-19,0.006304060868317815,0.013035386665344598,3.3912110634303095e-31,1.0000000000000046e-30,3.0828100665235973e-10,1.0034233639417358e-09,1.740841432971643e-11,5.5310848735149634e-11
2.223,1318.9990800060827,5.21942984472555,0.16800621883921651,14.518264565895208,0.49683419333858514,0.07393178662879307,4.95311504722054e-06,3.685260090074139e-07,6.207715561151426e-13,7.330841739357659e-13,1.1270259197066349e-13,2.661864440190582e-13,7.472812703529728e-08,9.380824375714658e-08,0.19606513299695164,0.2607136867535337,8.434639775768241e-16,2.0548902484794336e-15,1.6082222281864184e-13,4.0376899243336634e-13,5.54441207275854e-13,5.74049699282811e-13,2.2199389628146257e-06,2.4636196670635058e-06,0.010970016961135996,0.012990386682321428,0.2558243555918056,0.5289129420064679,0.03398007205207696,0.11038116973076627,7.358867082060571e-08,1.5761866009781413e-07,2.7910643052289393e-06,6.185809185662454e-06,7.245476642798014e-07,1.7136249355845263e-06,1.017789277842567e-05,2.107569283132681e-05,2.3404571419993903e-09,5.020597292297848e-09,1.1491291459323007e-06,2.550536038455132e-06,1.45939217933471e-11,4.419693401017056e-11,1.0599914731615779e-18,1.095914559361303e-18,4.506953843426854e-12,5.330355067414723e-12,2.6914641068456254e-12,5.7656081973372615e-12,7.615866173782461e-16,1.4625893597467235e-15,1.3114338867076425e-08,2.6161182478956957e-08,1.469550331009731e-19,4.450890719675328e-19,0.006304049251195786,0.01303538666534738,3.3912048141065656e-31,1.0000000000000071e-30,3.0810930859973264e-10,1.0028663523022607e-09,1.73987005853303e-11,5.528008763086127e-11
2.224,1318.9548377802303,5.219565276991559,0.16800185957523311,14.524216880962008,0.4968374035901399,0.07393240042369331,4.950795108126913e-06,3.6835407691210006e-07,6.201030579893121e-13,7.322960762724102e-13,1.1257978540749623e-13,2.658968829756049e-13,7.468178053006e-08,9.375023630332316e-08,0.19606248359569015,0.26071064366810565,8.425333496722213e-16,2.0526267833675006e-15,1.6069596341075146e-13,4.034527413733588e-13,5.537978929896258e-13,5.733846888566831e-13,2.2186953623116018e-06,2.462244090024786e-06,0.010969087368747443,0.012989309795124075,0.25582344487023656,0.5289120326978911,0.033981373801344986,0.11038560153691637,7.35655219941676e-08,1.5756936795963145e-07,2.7910970590942048e-06,6.185893164418625e-06,7.242892475098583e-07,1.7130169082953312e-06,1.017144909289077e-05,2.1062388453175353e-05,2.338675177508966e-09,5.0167839719617505e-09,1.1487521008277037e-06,2.5497038658066336e-06,1.4580953629111188e-11,4.415774188178911e-11,1.0595067843131504e-18,1.0954154608041533e-18,4.505058185082191e-12,5.32812288812162e-12,2.69007171263128e-12,5.762636041925634e-12,7.610927152552612e-16,1.461643535712871e-15,1.3114316614724358e-08,2.6161186244957933e-08,1.468564141372307e-19,4.447911991907935e-19,0.006304037647024257,0.013035386665350108,3.391198571749424e-31,1.000000000000005e-30,3.079377951466029e-10,1.002309937405616e-09,1.7388994557726795e-11,5.5249350817921485e-11
2.225,1318.9106014127929,5.219700708286667,0.16799750056871252,14.530169350472654,0.496840611896728,0.07393301377974164,4.948476425699606e-06,3.6818223692835067e-07,6.194353364502977e-13,7.315088913003937e-13,1.124571240822221e-13,2.656076633523401e-13,7.463546685318132e-08,9.36922696541965e-08,0.19605983551465248,0.26070760179212843,8.416038333440812e-16,2.0503660138054794e-15,1.605698151385086e-13,4.031367673461636e-13,5.531554203587873e-13,5.727205462320324e-13,2.2174527350747656e-06,2.4608695829776166e-06,0.010968158814051537,0.012988234106125278,0.2558225335326112,0.5289111210271084,0.033982675731718204,0.11039003372120096,7.354238188875033e-08,1.5752009399631032e-07,2.7911297960061024e-06,6.185977093218472e-06,7.240310074474428e-07,1.71240929318617e-06,1.0165011698440727e-05,2.1049097010058757e-05,2.3368950959924573e-09,5.0129746665504854e-09,1.1483753980672032e-06,2.548872444713559e-06,1.4567999190788497e-11,4.411859108697146e-11,1.0590222669787796e-18,1.094916535490444e-18,4.503163524674342e-12,5.325891869943547e-12,2.6886801456216723e-12,5.759665635785188e-12,7.605991735697173e-16,1.4606983974048351e-15,1.311429438828989e-08,2.6161190008999873e-08,1.4675786774217657e-19,4.444935441982025e-19,0.00630402605578673,0.013035386665352906,3.39119233635e-31,1.000000000000006e-30,3.077664670583478e-10,1.001754121752397e-09,1.7379296244492552e-11,5.5218638289131044e-11
2.226,1318.8663709001203,5.219836138607892,0.1679931418197283,14.536121974426036,0.49684381826557533,0.0739336266981965,4.9461589973820224e-06,3.68010488868455e-07,6.187683900501973e-13,7.307226173215964e-13,1.1233460777357978e-13,2.6531878463101844e-13,7.458918594834947e-08,9.363434373989824e-08,0.19605718874736403,0.2607045611176858,8.406754267257425e-16,2.0481079352797203e-15,1.604437777678054e-13,4.028210697685183e-13,5.525137876984783e-13,5.720572696747417e-13,2.216211079204085e-06,2.4594961438340526e-06,0.01096723129579698,0.012987159613889769,0.25582162157490684,0.5289102069871503,0.03398397784777931,0.11039446629876419,7.351925047343314e-08,1.5747083814242847e-07,2.791162515950789e-06,6.18606097204637e-06,7.237729432049119e-07,1.7118020881680687e-06,1.0158580559874243e-05,2.10358184292912e-05,2.335116888765253e-09,5.0091693574927085e-09,1.1479990351294015e-06,2.5480417695953297e-06,1.455505845432256e-11,4.407948155344536e-11,1.0585379215876668e-18,1.094417783870754e-18,4.50126985534861e-12,5.323662004807213e-12,2.6872894042806403e-12,5.756696975667844e-12,7.601059917368678e-16,1.459753943712972e-15,1.3114272187746212e-08,2.6161193771096282e-08,1.466593931552477e-19,4.4419610469036835e-19,0.006304014477467018,0.013035386665355699,3.3911861078995976e-31,1.0000000000000073e-30,3.07595323139164e-10,1.0011989014596482e-09,1.7369605629316243e-11,5.5187949993128783e-11
2.227,1318.8221462353263,5.219971567962715,0.16798878332801714,14.542074752821053,0.49684702270000686,0.07393423917973799,4.943842822398186e-06,3.6783883267719267e-07,6.181022178004967e-13,7.299372531803927e-13,1.1221223628603979e-13,2.6503024635416624e-13,7.454293778703296e-08,9.357645852543468e-08,0.1960545432912903,0.26070152164210814,8.39748128345296e-16,2.045852544238264e-15,1.6031785118931082e-13,4.0250564837043514e-13,5.518729937392686e-13,5.713948578808059e-13,2.214970393603611e-06,2.4581237713985287e-06,0.010966304812668566,0.012986086316906946,0.25582070899703147,0.5289092905791891,0.0339852801501687,0.11039889927194714,7.349612774570732e-08,1.5742160039342285e-07,2.79119521894844e-06,6.1861448009622665e-06,7.235150546566744e-07,1.711195292954414e-06,1.015215567190777e-05,2.1022552700138745e-05,2.333340553893865e-09,5.0053680406991744e-09,1.1476230118330977e-06,2.5472118400655757e-06,1.454213140135256e-11,4.404041322618745e-11,1.0580537480740855e-18,1.0939192058839858e-18,4.499377175226679e-12,5.3214332905249726e-12,2.6858994880304738e-12,5.753730060378807e-12,7.596131694420624e-16,1.458810174046364e-15,1.3114250013061115e-08,2.6161197531250626e-08,1.4656099037213376e-19,4.438988806584015e-19,0.006304002912048759,0.013035386665358414,3.3911798863894164e-31,1.0000000000000043e-30,3.0742436322588687e-10,1.0006442760055657e-09,1.7359922703345244e-11,5.515728590225252e-11
2.228,1318.7779274097534,5.220106996364436,0.1679844250931287,14.548027685656615,0.4968502252010558,0.07393485122470522,4.941527899901266e-06,3.6766726829406866e-07,6.174368187038652e-13,7.291527977107184e-13,1.1209000941675535e-13,2.647420480470168e-13,7.449672234019945e-08,9.351861397518207e-08,0.19605189914619128,0.2606984833657768,8.388219366698987e-16,2.0435998369806175e-15,1.601920352944383e-13,4.0219050288378664e-13,5.512330372008763e-13,5.707333095349569e-13,2.213730677157186e-06,2.4567524644530176e-06,0.01096537936335295,0.01298501421366837,0.2558197958011785,0.5289083718091222,0.033986582637236765,0.11040333263565218,7.347301370311965e-08,1.5737238074484844e-07,2.7912279050325332e-06,6.186228580055593e-06,7.232573416937435e-07,1.7105889072978522e-06,1.0145737029689221e-05,2.1009299812760523e-05,2.3315660895256245e-09,5.001570712253888e-09,1.1472473280361323e-06,2.546382655824559e-06,1.4529218013431217e-11,4.4001386049911234e-11,1.057569746333437e-18,1.0934208014288436e-18,4.497485485438846e-12,5.319205728467429e-12,2.6845103962500765e-12,5.75076488863028e-12,7.59120706358083e-16,1.4578670877899347e-15,1.3114227864199677e-08,2.6161201289460983e-08,1.4646265949395985e-19,4.436018724127468e-19,0.006303991359515706,0.013035386665361226,3.3911736718107047e-31,1.0000000000000062e-30,3.0725358717259944e-10,1.000090244924469e-09,1.73502474577466e-11,5.512664598890174e-11
2.229,1318.7337144151716,5.2202424238249865,0.16798006711465654,14.553980772931652,0.4968534257703079,0.07393546283351894,4.9392142292148795e-06,3.6749579567126336e-07,6.167721918048847e-13,7.283692497959716e-13,1.11967926968157e-13,2.644541892472551e-13,7.445053958127626e-08,9.346081005660227e-08,0.19604925631127187,0.2606954462883331,8.3789685022451e-16,2.041349809947013e-15,1.6006632998444996e-13,4.0187563306516067e-13,5.505939168433214e-13,5.700726233636232e-13,2.2124919288230034e-06,2.455382221861949e-06,0.010964454946533695,0.012983943302661815,0.25581888198898906,0.5289074506817016,0.03398788530788884,0.11040776638658344,7.34499083454733e-08,1.5732317919709133e-07,2.791260574234209e-06,6.186312309410559e-06,7.229998042627396e-07,1.7099829310825198e-06,1.0139324630599021e-05,2.0996059761938125e-05,2.3297934943187407e-09,4.997777369336614e-09,1.1468719837691998e-06,2.545554216956166e-06,1.4516318272642975e-11,4.396239997093887e-11,1.0570859162365152e-18,1.0929225703785744e-18,4.495594786320058e-12,5.316979319064453e-12,2.683122128412286e-12,5.74780145933558e-12,7.58628602184566e-16,1.4569246843801474e-15,1.3114205741127589e-08,2.6161205045726446e-08,1.463644005902093e-19,4.433050801680061e-19,0.006303979819851504,0.013035386665363979,3.3911674641546775e-31,1.0000000000000053e-30,3.0708299490963123e-10,9.995368079988316e-10,1.7340579884294564e-11,5.509603022740397e-11
2.23,1318.6895072451512,5.220377850350523,0.16797570939238032,14.559934014645096,0.4968566244114195,0.0739360740069064,4.9369018083287495e-06,3.6732441466169886e-07,6.161083358104457e-13,7.275866079207132e-13,1.118459887217892e-13,2.6416666944321923e-13,7.44043894631462e-08,9.34030467113633e-08,0.19604661478363627,0.2606924104066188,8.369728672273897e-16,2.0391024588303456e-15,1.5994073506942708e-13,4.015610384422012e-13,5.499556311216227e-13,5.694127977774014e-13,2.211254146963162e-06,2.454013041828126e-06,0.010963531560944817,0.01298287358243445,0.2558179675599984,0.528906527197313,0.03398918816314039,0.11041220052829723,7.342681165166113e-08,1.5727399570574514e-07,2.7912932265640423e-06,6.186395989065648e-06,7.227424417529651e-07,1.7093773628743749e-06,1.0132918450161003e-05,2.0982832497192605e-05,2.3280227619997868e-09,4.993987998547733e-09,1.1464969773513102e-06,2.5447265197450075e-06,1.450343215690254e-11,4.3923454922962226e-11,1.0566022580053933e-18,1.09242451296958e-18,4.493705075634881e-12,5.314754059705743e-12,2.6817346832708586e-12,5.74483976986742e-12,7.581368564189392e-16,1.4559829628650733e-15,1.311418364381349e-08,2.6161208800051383e-08,1.462662132943913e-19,4.430085028182965e-19,0.006303968293040045,0.01303538666536674,3.39116126341267e-31,1.0000000000000067e-30,3.069125856134216e-10,9.989839625572176e-10,1.7330919969306673e-11,5.506543857474708e-11
2.231,1318.645305891674,5.2205132759523085,0.1679713519259154,14.565887410795893,0.49685982112626365,0.07393668474533098,4.934590636959367e-06,3.671531252467791e-07,6.154452498649231e-13,7.26804871086133e-13,1.1172419448944885e-13,2.638794881946946e-13,7.435827196513479e-08,9.334532391432822e-08,0.19604397456220946,0.2606893757199022,8.360499863168726e-16,2.0368577803468883e-15,1.5981525047563552e-13,4.012467188342535e-13,5.493181788897197e-13,5.68753831599906e-13,2.2100173307111257e-06,2.4526449234104125e-06,0.010962609205261105,0.012981805051463551,0.25581705251555864,0.5289056013601093,0.03399049120218193,0.11041663505842388,7.340372362716359e-08,1.5722483028335415e-07,2.791325862053606e-06,6.186479619106019e-06,7.224852542571153e-07,1.7087722029030062e-06,1.0126518491576684e-05,2.09696180253587e-05,2.3262538925507757e-09,4.990202599906503e-09,1.1461223092658854e-06,2.543899565279768e-06,1.4490559649554526e-11,4.3884550856117113e-11,1.0561187714299363e-18,1.0919266289914174e-18,4.491816353283842e-12,5.3125299503072796e-12,2.680348060513049e-12,5.741879819598305e-12,7.576454688219098e-16,1.4550419227984102e-15,1.3114161572223663e-08,2.6161212552436003e-08,1.4616809776361688e-19,4.427121408436091e-19,0.00630395677906507,0.013035386665369518,3.391155069575924e-31,1.0000000000000078e-30,3.0674235941418163e-10,9.984317090326596e-10,1.732126770607921e-11,5.5034871010092725e-11
2.232,1318.6011103480578,5.220648700637319,0.16796699471501503,14.571840961383,0.4968630159182275,0.07393729504948007,4.932280713629768e-06,3.6698192731910073e-07,6.147829328118952e-13,7.26024037938157e-13,1.116025440633486e-13,2.635926450151958e-13,7.431218704826931e-08,9.328764161738667e-08,0.19604133564437515,0.26068634222539755,8.351282058505314e-16,2.0346157705287805e-15,1.5968987604857222e-13,4.009326738578622e-13,5.486815587293988e-13,5.680957233729328e-13,2.208781478668538e-06,2.451277865077387e-06,0.010961687878201962,0.012980737708278959,0.25581613685547605,0.5289046731710384,0.03399179442575254,0.11042106997962238,7.338064425892259e-08,1.5717568290275105e-07,2.791358480718207e-06,6.186563199580667e-06,7.222282413758905e-07,1.7081674502343265e-06,1.0120124738722716e-05,2.095641631325324e-05,2.3244868815911827e-09,4.9864211640736205e-09,1.1457479784833029e-06,2.543073351290762e-06,1.4477700730230865e-11,4.384568770929347e-11,1.0556354566060158e-18,1.091428918549998e-18,4.4899286173522795e-12,5.31030698863806e-12,2.6789622591819837e-12,5.738921606520724e-12,7.571544389730029e-16,1.454101563385854e-15,1.3114139526326384e-08,2.6161216302884044e-08,1.4607005379289276e-19,4.424159936271861e-19,0.006303945277910404,0.013035386665372281,3.39114888263575e-31,1.0000000000000092e-30,3.065723157758738e-10,9.978800456895528e-10,1.7311623083069797e-11,5.500432749722694e-11
2.233,1318.5569206076862,5.220784124412324,0.16796263775943926,14.577794666405376,0.4968662087908386,0.07393790492006184,4.929972037268169e-06,3.66810820801403e-07,6.141213835968573e-13,7.252441072430394e-13,1.1148103724454469e-13,2.633061394391139e-13,7.42661346796682e-08,9.322999978007307e-08,0.19603869802738239,0.26068330992013933,8.342075242970571e-16,2.0323764256787903e-15,1.5956461165980274e-13,4.0061890319501186e-13,5.480457693170279e-13,5.674384717361767e-13,2.2075465896168453e-06,2.449911865497127e-06,0.010960767578475222,0.01297967155139675,0.2558152205794207,0.528903742630765,0.03399309783472738,0.11042550529499338,7.335757353983392e-08,1.5712655354952016e-07,2.7913910825746463e-06,6.18664673054189e-06,7.219714028643053e-07,1.7075631042992035e-06,1.011373718160001e-05,2.0943227340374427e-05,2.322721726130091e-09,4.982643684690565e-09,1.145373984451212e-06,2.5422478765676087e-06,1.4464855379835187e-11,4.3806865425231104e-11,1.0551523135415393e-18,1.0909313816602771e-18,4.4880418656963565e-12,5.308085172195968e-12,2.6775772785412568e-12,5.735965129099377e-12,7.566637665141575e-16,1.4531618839529364e-15,1.3114117506090172e-08,2.6161220051399656e-08,1.4597208126339776e-19,4.421200608132564e-19,0.006303933789559908,0.01303538666537503,3.391142702583456e-31,1.0000000000000081e-30,3.064024543729646e-10,9.973289714774472e-10,1.730198609031306e-11,5.497380800494536e-11
2.234,1318.51273666103,5.220919547293638,0.1679582810586412,14.583748525862005,0.4968693997439145,0.07393851435723266,4.9276646072574085e-06,3.6663980565024876e-07,6.134606012918377e-13,7.24465077916438e-13,1.1135967383362165e-13,2.630199709997163e-13,7.422011483419474e-08,9.317239837164329e-08,0.1960360617122024,0.26068027880611233,8.332879401749948e-16,2.0301397422210686e-15,1.5943945721889256e-13,4.0030540662308613e-13,5.474108094397409e-13,5.667820754439934e-13,2.2063126625548815e-06,2.448546923578937e-06,0.010959848304770732,0.0129786065793117,0.25581430369077657,0.5289028097476348,0.033994401426262186,0.11042994099555575,7.333451147136971e-08,1.5707744222761534e-07,2.791423667664653e-06,6.1867302120972575e-06,7.217147387236252e-07,1.706959165110913e-06,1.0107355819617545e-05,2.0930051105702072e-05,2.3209584252783282e-09,4.9788701599073195e-09,1.1450003273609204e-06,2.541423141550518e-06,1.445202358086455e-11,4.37680839514944e-11,1.054669342053969e-18,1.0904340181403037e-18,4.486156100955079e-12,5.3058645041356134e-12,2.6761931180931525e-12,5.733010386310246e-12,7.561734511541724e-16,1.452222883953576e-15,1.3114095511478813e-08,2.6161223797977646e-08,1.4587418039046747e-19,4.418243430581377e-19,0.0063039223139974366,0.013035386665377804,3.3911365294103563e-31,1.000000000000008e-30,3.0623277520733447e-10,9.967784864115981e-10,1.729235672008909e-11,5.494331250917757e-11
2.235,1318.4685585014536,5.221054969288168,0.1679539246123765,14.589702539751872,0.4968725887808549,0.07393912336168079,4.9253584221669346e-06,3.664688817616725e-07,6.128005847563515e-13,7.236869486230049e-13,1.1123845362478253e-13,2.627341392151834e-13,7.417412747365142e-08,9.311483734495462e-08,0.19603342669620147,0.26067724888050375,8.323694518617259e-16,2.0279057162357374e-15,1.5931441257462008e-13,3.999921837668358e-13,5.46776677696932e-13,5.661265330563198e-13,2.2050796961092557e-06,2.447183037818958e-06,0.010958930055812709,0.012977542790559064,0.25581338618932475,0.5289018745225362,0.03399570520112082,0.11043437708404744,7.331145804110926e-08,1.5702834891122985e-07,2.7914562360035405e-06,6.1868136442957015e-06,7.214582485718255e-07,1.706355631776155e-06,1.0100980637333184e-05,2.0916887577462e-05,2.3191969748149976e-09,4.97510058072653e-09,1.1446270062340887e-06,2.540599144083515e-06,1.4439205313187305e-11,4.37293432276847e-11,1.054186542230082e-18,1.089936828086549e-18,4.4842713211274665e-12,5.3036449821236934e-12,2.6748097769068103e-12,5.730057376201275e-12,7.556834924805889e-16,1.4512845626087734e-15,1.311407354246079e-08,2.6161227542621775e-08,1.4577635093756397e-19,4.415288396495012e-19,0.006303910851206872,0.013035386665380502,3.3911303631077955e-31,1.0000000000000045e-30,3.060632777663391e-10,9.962285888324673e-10,1.7282734961069645e-11,5.491284097438667e-11
2.236,1318.4243861217556,5.221190390404652,0.16794956842034206,14.59565670807398,0.49687577590438625,0.07393973193399477,4.923053481025305e-06,3.6629804906586656e-07,6.12141332967628e-13,7.229097181663827e-13,1.1111737641997548e-13,2.6244864362197975e-13,7.412817256693202e-08,9.305731666176546e-08,0.19603079297743173,0.2606742201414141,8.314520578440295e-16,2.0256743440693718e-15,1.5918947760714518e-13,3.996792343297944e-13,5.461433727956527e-13,5.654718432445357e-13,2.203847689113285e-06,2.4458202069427076e-06,0.010958012830310964,0.012976480183657064,0.2558124680755217,0.5289009369577566,0.03399700915938553,0.11043881356099278,7.328841324378718e-08,1.5697927358988307e-07,2.7914887876132675e-06,6.186897027200914e-06,7.212019322170921e-07,1.7057525038515002e-06,1.0094611626786581e-05,2.090373673937279e-05,2.3174373722088343e-09,4.9713349417752956e-09,1.1442540206782014e-06,2.5397758833108946e-06,1.4426400558143348e-11,4.369064319785887e-11,1.0537039140373979e-18,1.0894398114721821e-18,4.4823875250654745e-12,5.3014266048356745e-12,2.6734272542991968e-12,5.7271060973512756e-12,7.551938901510031e-16,1.4503469192740525e-15,1.31140515990038e-08,2.6161231285334403e-08,1.456785928510587e-19,4.41233550429008e-19,0.006303899401172173,0.013035386665383245,3.391124203667131e-31,1.0000000000000036e-30,3.058939617953627e-10,9.956792779203754e-10,1.727312080381378e-11,5.488239337103178e-11
2.237,1318.3802195151898,5.221325810650407,0.16794521248228061,14.601611030827334,0.4968789611177362,0.07394034007483669,4.920749782478956e-06,3.661273074645837e-07,6.114828448078977e-13,7.221333852379871e-13,1.1099644201517767e-13,2.6216348374245327e-13,7.408225007709323e-08,9.299983627650402e-08,0.19602816055343214,0.260671192586258,8.305357565210715e-16,2.023445621854985e-15,1.5906465217082898e-13,3.9936655795070815e-13,5.455108933577355e-13,5.648180045917515e-13,2.2026166402311224e-06,2.4444584294878994e-06,0.010957096626990983,0.012975418757142277,0.25581154934931083,0.5288999970545157,0.03399831330165495,0.11044325042859239,7.326537706817909e-08,1.569302162403278e-07,2.7915213225105296e-06,6.186980360864845e-06,7.209457893093228e-07,1.7051497805191043e-06,1.0088248773812762e-05,2.0890598562303883e-05,2.3156796135305662e-09,4.967573234681533e-09,1.1438813698135142e-06,2.538953357295445e-06,1.4413609295907436e-11,4.365198380254325e-11,1.0532214575421452e-18,1.0889429683724072e-18,4.480504711020194e-12,5.299209370236244e-12,2.6720455493813565e-12,5.7241565478977885e-12,7.547046437652749e-16,1.449409953194014e-15,1.3114029681076318e-08,2.6161235026119075e-08,1.455809059598791e-19,4.409384748825903e-19,0.006303887963877307,0.013035386665386004,3.3911180510797494e-31,1.0000000000000062e-30,3.0572482682578923e-10,9.951305521590428e-10,1.7263514237338564e-11,5.485196966467102e-11
2.238,1318.3360586754388,5.221461230031333,0.16794085679798038,14.607565508010946,0.49688214442473827,0.07394094778495906,4.918447325685408e-06,3.6595665689760084e-07,6.108251192856542e-13,7.213579486783186e-13,1.1087565021855041e-13,2.618786591277197e-13,7.403635997476106e-08,9.294239615309952e-08,0.19602552942114332,0.2606681662116549,8.296205464393367e-16,2.0212195460844288e-15,1.5893993615185107e-13,3.9905415434820234e-13,5.448792381226202e-13,5.641650158028222e-13,2.2013865483514515e-06,2.443097704241399e-06,0.01095618144456328,0.012974358509533546,0.25581063001003546,0.5288990548127943,0.033999617629126115,0.11044768769099086,7.324234951037126e-08,1.5688117685497527e-07,2.7915538407112234e-06,6.187063645337689e-06,7.206898196852486e-07,1.7045474614030022e-06,1.0081892071680968e-05,2.0877473032518964e-05,2.3139236965390885e-09,4.963815454694471e-09,1.1435090533398708e-06,2.5381315653863795e-06,1.440083150822961e-11,4.361336498703376e-11,1.0527391727100184e-18,1.08844629875848e-18,4.4786228764151875e-12,5.296993275311313e-12,2.670664661543255e-12,5.7212087265758175e-12,7.542157530023128e-16,1.4484736637650514e-15,1.3114007788647454e-08,2.6161238764980672e-08,1.4548329018129213e-19,4.406436127637368e-19,0.006303876539306213,0.013035386665388718,3.391111905336996e-31,1.0000000000000036e-30,3.055558726441171e-10,9.945824108625644e-10,1.725391525259173e-11,5.4821569826996254e-11
2.239,1318.2919035931332,5.221596648563337,0.1679365013669079,14.613520139623851,0.49688532582530237,0.0739415550645307,4.916146109772158e-06,3.6578609730245924e-07,6.10168155416016e-13,7.205834073356769e-13,1.107550008274738e-13,2.615941693034212e-13,7.399050223105645e-08,9.288499625610144e-08,0.19602289958143376,0.2606651410194481,8.287064260643877e-16,2.0189961130523267e-15,1.5881532944345403e-13,3.987420232586282e-13,5.44248405830299e-13,5.635128755831491e-13,2.2001574123671373e-06,2.4417380299946827e-06,0.010955267281736887,0.01297329943934796,0.25580971006095876,0.5288981102406783,0.034000922139071306,0.11045212533958369,7.321933056791104e-08,1.5683215542936592e-07,2.7915863422547963e-06,6.187146880721857e-06,7.204340232439581e-07,1.7039455462747044e-06,1.0075541515786467e-05,2.086436014068394e-05,2.3121696194446895e-09,4.960061598031555e-09,1.1431370711326005e-06,2.537310507322406e-06,1.4388067176966597e-11,4.357478669694822e-11,1.0522570594200494e-18,1.0879498025120492e-18,4.476742023796876e-12,5.294778323105703e-12,2.669284590150011e-12,5.718262632067097e-12,7.537272175333082e-16,1.4475380503687195e-15,1.3113985921681351e-08,2.616124250191424e-08,1.4538574567219324e-19,4.403489645517242e-19,0.006303865127442886,0.013035386665391483,3.3911057664302658e-31,1.000000000000004e-30,3.053870991140838e-10,9.940348535964337e-10,1.724432384090015e-11,5.479119383090328e-11
2.24,1318.2477542616662,5.221732066253372,0.16793214618881774,14.619474925665088,0.496888505322782,0.07394216191423125,4.913846133439142e-06,3.656156285848754e-07,6.095119520983889e-13,7.198097599216653e-13,1.1063449364035596e-13,2.6131001379761165e-13,7.394467680988824e-08,9.282763654100204e-08,0.19602027103171163,0.26066211700687364,8.277933938192002e-16,2.016775318949421e-15,1.586908319034699e-13,3.98430164329413e-13,5.436183951214704e-13,5.628615825352871e-13,2.1989292309698423e-06,2.4403794053158413e-06,0.01095435413724186,0.012972241545127173,0.2558087895018837,0.5288971633390885,0.03400222683222924,0.11045656337702463,7.319632023026167e-08,1.5678315194172022e-07,2.7916188271571317e-06,6.187230067067397e-06,7.201783996533138e-07,1.703344034358782e-06,1.00691970926756e-05,2.0851259859139585e-05,2.3104173784849044e-09,4.956311656678057e-09,1.1427654223655864e-06,2.536490181285224e-06,1.437531628254502e-11,4.353624887357113e-11,1.0517751177306197e-18,1.0874534797001658e-18,4.47486215118919e-12,5.292564511315215e-12,2.667905334342793e-12,5.715318262573414e-12,7.532390369673922e-16,1.4466031122673313e-15,1.3113964080146784e-08,2.6161246236923467e-08,1.4528827222426384e-19,4.4005452961964375e-19,0.00630385372827137,0.013035386665394198,3.3910996343509806e-31,1.0000000000000017e-30,3.0521850579136324e-10,9.934878789233573e-10,1.723473999150746e-11,5.4760841642666695e-11
2.241,1318.2036106743772,5.221867483108507,0.16792779126346077,14.625429866133704,0.49689168292050784,0.073942768334738,4.911547395731646e-06,3.654452506762635e-07,6.088565083191537e-13,7.190370052505841e-13,1.1051412846273944e-13,2.6102619215518924e-13,7.389888368038798e-08,9.277031696984986e-08,0.19601764376941916,0.2606590941712163,8.26881448218232e-16,2.01455716018928e-15,1.5856644341222795e-13,3.981185772644656e-13,5.429892047173519e-13,5.622111353451404e-13,2.1977020030048746e-06,2.4390218289434823e-06,0.01095344200979821,0.012971184825401095,0.2558078683326396,0.5288962141090071,0.034003531709304584,0.11046100180585842,7.317331849203791e-08,1.5673416638129413e-07,2.7916512954364468e-06,6.187313204429615e-06,7.199229487151642e-07,1.7027429251967143e-06,1.0062858794205754e-05,2.083817217122459e-05,2.308666971099824e-09,4.952565625198902e-09,1.1423941066280424e-06,2.535670586378406e-06,1.4362578806480981e-11,4.34977514614858e-11,1.0512933476217962e-18,1.0869573303089176e-18,4.4729832566550655e-12,5.2903518376817966e-12,2.66652689345014e-12,5.712375616697965e-12,7.52751210966713e-16,1.4456688488250162e-15,1.3113942264012434e-08,2.6161249970012233e-08,1.451908697532446e-19,4.397603077163385e-19,0.006303842341775694,0.013035386665396918,3.3910935090905447e-31,9.999999999999992e-31,3.0505009241441115e-10,9.929414860009896e-10,1.722516369501864e-11,5.4730513232886556e-11
2.242,1318.1594728244195,5.222002899136531,0.16792343659056475,14.631384961028756,0.49689485862146693,0.07394337432667557,4.909249895085276e-06,3.6527496346266336e-07,6.082018229165258e-13,7.182651419617134e-13,1.1039390508742624e-13,2.607427038909444e-13,7.385312280263198e-08,9.27130374933226e-08,0.196015017792325,0.26065607251018963,8.259705876134877e-16,2.0123416327895604e-15,1.5844216381154312e-13,3.978072616709783e-13,5.423608332038941e-13,5.615615325585202e-13,2.1964757270517103e-06,2.4376652993211026e-06,0.010952530898148446,0.012970129278725975,0.255806946553381,0.5288952625520777,0.0340048367706821,0.11046544062758831,7.315032533890723e-08,1.5668519871817502e-07,2.7916837471092443e-06,6.187396292859895e-06,7.196676700004023e-07,1.7021422177836788e-06,1.0056526603109028e-05,2.0825097041380118e-05,2.3069183926654714e-09,4.9488234937309315e-09,1.1420231227941932e-06,2.5348517201184515e-06,1.434985472846611e-11,4.3459294399747856e-11,1.050811749203309e-18,1.0864613544584242e-18,4.471105338779233e-12,5.2881403005643814e-12,2.6651492664695014e-12,5.709434692334493e-12,7.522637391002524e-16,1.4447352592269251e-15,1.3113920473246726e-08,2.6161253701183356e-08,1.4509353805993735e-19,4.394662982425027e-19,0.006303830967940012,0.013035386665399683,3.391087390640434e-31,1.0000000000000003e-30,3.048818584079541e-10,9.923956729657518e-10,1.7215594939715923e-11,5.470020856478073e-11
2.243,1318.1153407049524,5.222138314345138,0.16791908216986062,14.63734021034931,0.4968980324288059,0.07394397989069351,4.9069536311991966e-06,3.6510476692413294e-07,6.075478950419529e-13,7.174941690642334e-13,1.1027382333318167e-13,2.604595485809847e-13,7.380739415566842e-08,9.265579808591467e-08,0.1960123930980613,0.2606530520213296,8.250608106905778e-16,2.010128733580645e-15,1.5831799302456925e-13,3.974962173603618e-13,5.417332794550917e-13,5.609127730194613e-13,2.1952504022477743e-06,2.4363098155114165e-06,0.010951620800993968,0.012969074903609545,0.25580602416412646,0.5288943086696718,0.03400614201687767,0.11046987984414543,7.312734077530385e-08,1.5663624896264945e-07,2.7917161821985025e-06,6.1874793324240734e-06,7.194125635682369e-07,1.7015419122698193e-06,1.0050200521369746e-05,2.0812034473914785e-05,2.3051716429129873e-09,4.945085261753566e-09,1.1416524712462971e-06,2.5340335833691236e-06,1.4337144032092155e-11,4.342087763922404e-11,1.0503303223042482e-18,1.0859655519786557e-18,4.4692283958048814e-12,5.285929897917987e-12,2.663772453084352e-12,5.7064954888464075e-12,7.517766211306137e-16,1.4438023430300618e-15,1.3113898707818142e-08,2.6161257430440205e-08,1.449962772209706e-19,4.391725014342667e-19,0.0063038196067483,0.013035386665402377,3.3910812789920373e-31,9.999999999999976e-31,3.0471380385911426e-10,9.918504401101682e-10,1.7206033718798868e-11,5.466992761719125e-11
2.244,1318.071214306513,5.222273728750671,0.16791472800080118,14.643295614094448,0.4969012043421844,0.07394458502692182,4.904658603013135e-06,3.649346609842169e-07,6.068947236717783e-13,7.167240853604987e-13,1.1015388299467921e-13,2.6017672574450217e-13,7.376169770798258e-08,9.259859870885804e-08,0.19600976968773917,0.26065003270679604,8.241521158736702e-16,2.007918458755856e-15,1.5819393093341866e-13,3.971854440409702e-13,5.41106542179792e-13,5.602648554009735e-13,2.1940260274113033e-06,2.4349553762228458e-06,0.01095071171706005,0.012968021698587658,0.2558051011683578,0.5288933524703157,0.03400744744493958,0.11047431944619515,7.310436479601541e-08,1.5658731710433914e-07,2.79174860074362e-06,6.1875623232243185e-06,7.19157629247988e-07,1.700942008261523e-06,1.0043880541618703e-05,2.0798984453767362e-05,2.303426719432834e-09,4.9413509241538695e-09,1.1412821516416003e-06,2.5332161753848978e-06,1.4324446698800015e-11,4.338250112426544e-11,1.049849066842314e-18,1.0854699227911789e-18,4.467352430603245e-12,5.283720633171305e-12,2.6623964525586183e-12,5.703558004698229e-12,7.51289856701631e-16,1.4428700995632968e-15,1.3113876967690863e-08,2.616126115777729e-08,1.4489908736086603e-19,4.38878917672814e-19,0.0063038082581847255,0.013035386665405152,3.391075174136828e-31,1.0000000000000004e-30,3.045459285367138e-10,9.913057866906673e-10,1.7196480022946035e-11,5.4639670360948766e-11
2.245,1318.0270936228271,5.222409142359137,0.1679103740831717,14.649251172263265,0.49690437436524776,0.0739451897360819,4.9023648088606e-06,3.6476464552134233e-07,6.062423076211573e-13,7.159548894624617e-13,1.1003408386545169e-13,2.5989423489797816e-13,7.371603341803848e-08,9.254143931080069e-08,0.19600714755845977,0.2606470145634102,8.232445015081712e-16,2.0057108043164984e-15,1.5806997737210195e-13,3.968749413003684e-13,5.404806199468081e-13,5.596177782310349e-13,2.1928026010781943e-06,2.4336019798503745e-06,0.010949803645099834,0.012966969662228827,0.25580417756555635,0.5288923939542527,0.03400875305592632,0.11047875943742765,7.308139738481464e-08,1.565384031092679e-07,2.791781002756351e-06,6.187645265301393e-06,7.189028665579405e-07,1.700342504629466e-06,1.0037566644558688e-05,2.0785946941175058e-05,2.3016836171528913e-09,4.937620470106843e-09,1.1409121626917244e-06,2.532399493321235e-06,1.4311762708032172e-11,4.334416479316859e-11,1.0493679829672427e-18,1.084974467057439e-18,4.465477440819797e-12,5.281512503572165e-12,2.661021263836497e-12,5.7006222376693326e-12,7.508034453681583e-16,1.4419385279845554e-15,1.3113855252834298e-08,2.6161264883198968e-08,1.448019681553044e-19,4.385855459798372e-19,0.006303796922233474,0.013035386665407897,3.3910690760662985e-31,1.0000000000000006e-30,3.0437823179489974e-10,9.907617106138555e-10,1.7186933839993493e-11,5.460943675785013e-11
2.246,1317.9829786465625,5.222544555179918,0.16790602041664904,14.65520688485486,0.4969075425004191,0.0739457940187147,4.900072248130278e-06,3.645947204924508e-07,6.055906459711523e-13,7.1518658029609e-13,1.0991442575712648e-13,2.596120756006273e-13,7.367040126046558e-08,9.24843198606847e-08,0.19600452670857454,0.26064399758966106,8.223379661922377e-16,2.0035057668796225e-15,1.579461322456195e-13,3.9656470890435773e-13,5.398555115673263e-13,5.58971540288563e-13,2.1915801222562177e-06,2.432249625312689e-06,0.010948896583830766,0.01296591879305951,0.25580325335644205,0.5288914331242972,0.03401005884964766,0.11048319981747878,7.305843854181032e-08,1.5648950697845297e-07,2.7918133882619796e-06,6.187728158726164e-06,7.18648275449407e-07,1.6997434012685346e-06,1.0031258827868795e-05,2.0772921931529762e-05,2.2999423348293832e-09,4.933893897000081e-09,1.1405425044421533e-06,2.5315835372942892e-06,1.4299092042547446e-11,4.3305868594273277e-11,1.0488870705619875e-18,1.084479184663059e-18,4.463603425619551e-12,5.279305508165668e-12,2.6596468864321806e-12,5.697688186760227e-12,7.503173868456219e-16,1.4410076277601527e-15,1.3113833563216245e-08,2.6161268606706868e-08,1.4470491964609433e-19,4.382923864859786e-19,0.006303785598878685,0.013035386665410653,3.3910629847719176e-31,1.0000000000000015e-30,3.042107135733925e-10,9.902182116923952e-10,1.7177395162051892e-11,5.4579226783274434e-11
2.247,1317.9388693702344,5.2226799672229625,0.16790166700089185,14.661162751868346,0.49691070874985255,0.07394639787532041,4.89778091989059e-06,3.6442488583064753e-07,6.049397377258857e-13,7.144191566964528e-13,1.0979490847458057e-13,2.593302473957071e-13,7.36248012051671e-08,9.242724032151676e-08,0.19600190713669177,0.2606409817843761,8.214325084381749e-16,2.0013033428530135e-15,1.5782239543898126e-13,3.962547465685362e-13,5.392312157825951e-13,5.583261402800293e-13,2.190358589814331e-06,2.4308983113743574e-06,0.010947990531982942,0.012964869089620976,0.2558023285419881,0.5288904699837815,0.034011364825661104,0.11048764058516372,7.303548826244495e-08,1.5644062870291407e-07,2.7918457572854878e-06,6.187811003568767e-06,7.183938557538699e-07,1.6991446977901623e-06,1.0024957084480644e-05,2.0759909410391653e-05,2.298202870144854e-09,4.930171199917733e-09,1.1401731765663493e-06,2.530768306594418e-06,1.4286434684163656e-11,4.326761247306768e-11,1.048406329575927e-18,1.083984075562322e-18,4.46173038457278e-12,5.277099646476138e-12,2.6582733196856695e-12,5.694755850598137e-12,7.498316808005136e-16,1.4400773982623854e-15,1.3113811898804175e-08,2.616127232830171e-08,1.4460794182436791e-19,4.379994391683779e-19,0.00630377428810453,0.013035386665413401,3.39105690024517e-31,1.0000000000000006e-30,3.040433736487635e-10,9.89675289207867e-10,1.7167863980026928e-11,5.454904040877078e-11
2.248,1317.894765787797,5.222815378493554,0.16789731383570883,14.667118773302844,0.49691387311745433,0.073947001306659,4.8954908226029425e-06,3.642551414238642e-07,6.042895817356894e-13,7.136526173169608e-13,1.0967553181557012e-13,2.59048749809643e-13,7.357923321254874e-08,9.2370200644378e-08,0.19599928883965487,0.2606379671440329,8.205281266367025e-16,1.9991035283481267e-15,1.5769876679418634e-13,3.9594505390049815e-13,5.386077311968454e-13,5.576815767700028e-13,2.1891380023481178e-06,2.42954803649649e-06,0.010947085488311293,0.012963820550483706,0.2558014031214034,0.5288895045323836,0.03401267098529167,0.11049208174503825,7.301254653222667e-08,1.5639176825238908e-07,2.791878109837557e-06,6.1878937998675664e-06,7.181396070330919e-07,1.698546393167806e-06,1.0018661396869179e-05,2.0746909341666302e-05,2.2964652184350986e-09,4.9264523689094415e-09,1.13980417791204e-06,2.529953798679095e-06,1.4273790612794712e-11,4.322939636927208e-11,1.0479257601371964e-18,1.0834891398943144e-18,4.4598583150356626e-12,5.274894915409074e-12,2.656900562611919e-12,5.691825227113815e-12,7.493463268084313e-16,1.4391478386889468e-15,1.3113790259568122e-08,2.6161276047988986e-08,1.4451103442444332e-19,4.377067032263055e-19,0.006303762989895289,0.013035386665416171,3.39105082247761e-31,1.000000000000004e-30,3.038762114358092e-10,9.89132941264226e-10,1.7158340282255183e-11,5.451887759772375e-11
2.249,1317.8506678917875,5.222950789001632,0.16789296092075903,14.673074949157483,0.496917035605393,0.073947604313232,4.8932019554386915e-06,3.640854872128542e-07,6.036401770328678e-13,7.128869610259036e-13,1.0955629558770394e-13,2.5876758239212204e-13,7.353369725410861e-08,9.231320079427351e-08,0.19599667181605848,0.2606349536674379,8.196248193317791e-16,1.996906319849686e-15,1.5757524620305568e-13,3.9563563063292066e-13,5.379850565790305e-13,5.570378484935826e-13,2.187918358774717e-06,2.42819879949703e-06,0.01094618145154639,0.012962773174189314,0.25580047709564324,0.5288885367733931,0.03401397732811522,0.11049652329597606,7.298961334809958e-08,1.5634292562111087e-07,2.7919104459435655e-06,6.187976547693512e-06,7.178855291577119e-07,1.6979484871054638e-06,1.001237175952535e-05,2.0733921714141893e-05,2.2947293777383887e-09,4.922737399822163e-09,1.1394355082737696e-06,2.5291400131073553e-06,1.4261159810632825e-11,4.319122022950553e-11,1.047445362172882e-18,1.0829943775902446e-18,4.45798721655032e-12,5.2726913144553546e-12,2.655528614607298e-12,5.6888963150550575e-12,7.488613245522258e-16,1.4382189484434916e-15,1.3113768645475705e-08,2.616127976576942e-08,1.4441419746169715e-19,4.3741417871031495e-19,0.0063037517042351865,0.013035386665418905,3.391044751460739e-31,1.0000000000000038e-30,3.0370922676473456e-10,9.885911673175811e-10,1.7148824060064366e-11,5.448873832302111e-11
2.25,1317.8065756757564,5.223086198753775,0.16788860825580967,14.6790312794314,0.4969201962170972,0.0739482068957288,4.890914317469525e-06,3.6391592313095317e-07,6.029915226224242e-13,7.121221866593058e-13,1.0943719960025588e-13,2.5848674469675514e-13,7.34881932995782e-08,9.225624073398972e-08,0.1959940560632344,0.26063194135171935,8.187225850676433e-16,1.9947117138430267e-15,1.5745183354820294e-13,3.953264764753568e-13,5.373631906760584e-13,5.563949541630191e-13,2.186699657963486e-06,2.4268505991408693e-06,0.010945278420425577,0.012961726959287464,0.255799550464393,0.5288875667074765,0.03401528385497284,0.11050096524096159,7.29666887048872e-08,1.5629410079876996e-07,2.7919427656206125e-06,6.188059247099232e-06,7.176316219355926e-07,1.6973509791586488e-06,1.0006088164570026e-05,2.0720946511698295e-05,2.292995345568846e-09,4.919026287378326e-09,1.1390671672566464e-06,2.528326949017746e-06,1.4248542259540512e-11,4.315308399938756e-11,1.0469651356630388e-18,1.0824997886360863e-18,4.456117087043054e-12,5.270488841194725e-12,2.6541574750172293e-12,5.6859691130604804e-12,7.483766737009079e-16,1.4372907269030788e-15,1.3113747056496141e-08,2.616128348164703e-08,1.4431743084660173e-19,4.37121865353213e-19,0.006303740431108476,0.013035386665421658,3.391038687186092e-31,1.0000000000000057e-30,3.0354241938284917e-10,9.880499665542e-10,1.7139315304249224e-11,5.445862255585671e-11
2.251,1317.762489130982,5.223221607764106,0.16788425584038544,14.684987764123752,0.49692335495305845,0.07394880905440078,4.8886279076536526e-06,3.6374644910304563e-07,6.023436174922366e-13,7.113582930329313e-13,1.0931824365281277e-13,2.5820623625425975e-13,7.34427213176943e-08,9.219932042506185e-08,0.195991441581448,0.26062893019790323,8.178214223059834e-16,1.9925197066122585e-15,1.5732852871166324e-13,3.950175911358939e-13,5.367421322153285e-13,5.5575289247033e-13,2.1854818987472494e-06,2.425503434152288e-06,0.010944376393688634,0.012960681904330496,0.2557986232302721,0.5288865943413595,0.03401659056377526,0.11050540757345839,7.294377259713941e-08,1.5624529377446794e-07,2.7919750689027494e-06,6.188141898174851e-06,7.173778851855127e-07,1.6967538689086573e-06,9.999810604314199e-06,2.0707983718608416e-05,2.2912631194620034e-09,4.915319026346109e-09,1.1386991544872264e-06,2.527514605596365e-06,1.4235937941187339e-11,4.31149876239515e-11,1.0464850805436866e-18,1.0820053729722608e-18,4.454247928253902e-12,5.2682874977175245e-12,2.6527871431192e-12,5.683043619623036e-12,7.478923739039027e-16,1.4363631734071133e-15,1.3113725492595006e-08,2.616128719561823e-08,1.4422073464597298e-19,4.368297633613422e-19,0.006303729170499438,0.013035386665424375,3.3910326296452115e-31,1.000000000000005e-30,3.0337578904701975e-10,9.875093381914285e-10,1.7129814005533398e-11,5.442853026719694e-11
2.2520000000000002,1317.7184082508106,5.22335701603999,0.1678799036742284,14.690944403233699,0.49692651181637426,0.07394941078988672,4.886342724804528e-06,3.635770650432399e-07,6.016964605876165e-13,7.105952789122433e-13,1.0919942754931486e-13,2.5792605660562434e-13,7.33972812744408e-08,9.214243982556736e-08,0.19598882836835563,0.2606259202035445,8.16921329522829e-16,1.9903302944763404e-15,1.572053315603496e-13,3.9470897428464014e-13,5.361218798904663e-13,5.55111662072534e-13,2.1842650798857276e-06,2.4241573031743857e-06,0.01094347537008561,0.012959638007882817,0.25579769539328395,0.5288856196763569,0.03401789745504721,0.11050985029542124,7.292086501595427e-08,1.5619650452991102e-07,2.792007355807388e-06,6.18822450097358e-06,7.17124318620717e-07,1.6961571556871524e-06,9.993539067123976e-06,2.0695033310975456e-05,2.2895326960847367e-09,4.911615609630062e-09,1.1383314692753e-06,2.526702981326162e-06,1.422334683672035e-11,4.307693104664669e-11,1.046005196845993e-18,1.0815111306375542e-18,4.452379738492049e-12,5.266087282056179e-12,2.651417618118348e-12,5.6801198330805914e-12,7.474084247911484e-16,1.435436287257544e-15,1.3113703953741508e-08,2.6161290907686566e-08,1.441241086931267e-19,4.365378722337898e-19,0.006303717922392448,0.013035386665427135,3.391026578829689e-31,1.0000000000000064e-30,3.032093353756154e-10,9.869692809957692e-10,1.7120320153768648e-11,5.439846142523681e-11
2.253,1317.6743330286422,5.223492423588599,0.1678755517570868,14.696901196760411,0.496929666810211,0.07395001210283583,4.884058767863711e-06,3.634077708751734e-07,6.010500508865071e-13,7.09833143101217e-13,1.0908075109673518e-13,2.576462052989912e-13,7.335187313773021e-08,9.208559889600363e-08,0.19598621642154254,0.2606229113661041,8.160223052308724e-16,1.9881434738434808e-15,1.5708224196935783e-13,3.944006256122412e-13,5.355024324260163e-13,5.544712616586397e-13,2.1830492001962485e-06,2.4228122049141664e-06,0.010942575348364136,0.012958595268505945,0.2557967669533607,0.5288846427136362,0.03401920452938358,0.11051429340903307,7.289796595429456e-08,1.561477330507991e-07,2.792039626352265e-06,6.188307055549368e-06,7.168709220023814e-07,1.6955608389391515e-06,9.987273543278533e-06,2.0682095268863863e-05,2.2878040725379308e-09,4.907916031065665e-09,1.1379641110802495e-06,2.5258920750221092e-06,1.4210768927703296e-11,4.303891421218334e-11,1.0455254845741578e-18,1.0810170616428654e-18,4.450512515997125e-12,5.2638881921608104e-12,2.650048899289518e-12,5.677197751920288e-12,7.469248260124302e-16,1.4345100677944172e-15,1.3113682439904724e-08,2.616129461785534e-08,1.4402755288109963e-19,4.362461916505235e-19,0.006303706686771798,0.013035386665429853,3.3910205347310805e-31,1.000000000000006e-30,3.03043058052766e-10,9.864297939477622e-10,1.7110833739307936e-11,5.4368415999763134e-11
2.254,1317.630263456998,5.223627830420023,0.1678712000886152,14.702858144703072,0.4969328199366484,0.07395061299373538,4.881776036050144e-06,3.632385665431188e-07,6.004043874398128e-13,7.090718844899657e-13,1.0896221410498072e-13,2.57366681889422e-13,7.330649687991434e-08,9.202879760243964e-08,0.1959836057396889,0.26061990368449806,8.151243479960126e-16,1.9859592412514365e-15,1.5695925983420004e-13,3.9409254486059427e-13,5.34883788612411e-13,5.538316899858499e-13,2.1818342586242057e-06,2.421468138220722e-06,0.010941676327262962,0.012957553684750827,0.2557958379115241,0.5288836634566171,0.034020511786288336,0.1105187369129326,7.287507540979003e-08,1.5609897933282747e-07,2.7920718805632345e-06,6.188389561974135e-06,7.166176952203665e-07,1.6949649184140228e-06,9.981014028021784e-06,2.066916958261882e-05,2.286077247035894e-09,4.904220286876839e-09,1.137597079754147e-06,2.525081886370783e-06,1.4198204196622703e-11,4.300093706806502e-11,1.0450459436440946e-18,1.0805231659077986e-18,4.4486462604103026e-12,5.2616902276391614e-12,2.648680986055946e-12,5.6742773749471005e-12,7.464415772592114e-16,1.4335845144377988e-15,1.3113660951052436e-08,2.6161298326125205e-08,1.4393106724029293e-19,4.359547217075677e-19,0.006303695463621841,0.013035386665432545,3.391014497340968e-31,1.0000000000000041e-30,3.028769569346992e-10,9.858908765881184e-10,1.7101354753728277e-11,5.4338393964451144e-11
2.255,1317.5861995283885,5.2237632365444275,0.1678668486684658,14.708815247060876,0.4969359711976376,0.07395121346305278,4.879494528122528e-06,3.63069451957096e-07,5.99759469187225e-13,7.083115018372276e-13,1.0884381637487223e-13,2.570874859105045e-13,7.326115246649844e-08,9.197203590234689e-08,0.1959809963215913,0.26061689715779457,8.142274562656282e-16,1.983777592949105e-15,1.568363850211165e-13,3.937847316980887e-13,5.342659471390327e-13,5.531929457067072e-13,2.1806202539140028e-06,2.420125101720022e-06,0.01094077830553855,0.012956513255189199,0.2557949082689077,0.5288826819089444,0.034021819225153814,0.11052318080539475,7.285219337322958e-08,1.5605024335703596e-07,2.7921041184640854e-06,6.188472020315161e-06,7.163646379868244e-07,1.6943693934407812e-06,9.974760509603827e-06,2.0656256228101812e-05,2.284352216215283e-09,4.900528369902874e-09,1.1372303745985895e-06,2.5242724138368473e-06,1.4185652624594924e-11,4.296299955764391e-11,1.0445665740734497e-18,1.0800294434571269e-18,4.446780971562345e-12,5.2594933883231265e-12,2.6473138775911826e-12,5.6713587004309755e-12,7.459586781529736e-16,1.4326596264733145e-15,1.3113639487152388e-08,2.616130203249647e-08,1.4383465168697585e-19,4.35663462155241e-19,0.006303684252926995,0.01303538666543522,3.391008466650975e-31,1.0000000000000032e-30,3.027110316368759e-10,9.853525276738052e-10,1.7091883186839893e-11,5.430839528736084e-11
2.2560000000000002,1317.542141235389,5.22389864197178,0.16786249749629725,14.714772503833027,0.49693912059525963,0.07395181351127476,4.8772142432177524e-06,3.6290042705526214e-07,5.991152951621608e-13,7.075519940124036e-13,1.0872555771537592e-13,2.5680861691505557e-13,7.32158398686536e-08,9.191531376030852e-08,0.19597838816592345,0.2606138917848982,8.133316285892775e-16,1.981598525434254e-15,1.5671361742048616e-13,3.9347718585371257e-13,5.336489067821865e-13,5.525550275637307e-13,2.1794071849776857e-06,2.4187830942240516e-06,0.010939881281936667,0.012955473978380108,0.25579397802651666,0.5288816980739978,0.03402312684549793,0.11052762508510243,7.282931984098089e-08,1.5600152511641332e-07,2.7921363400800307e-06,6.1885544306428866e-06,7.161117501590177e-07,1.6937742636916472e-06,9.968512981983045e-06,2.0643355192994888e-05,2.282628978003144e-09,4.896840275751145e-09,1.136863995363657e-06,2.5234636568804183e-06,1.417311419391529e-11,4.2925101627841604e-11,1.044087375797819e-18,1.0795358942307802e-18,4.444916649046885e-12,5.257297673764092e-12,2.645947573274436e-12,5.668441727082385e-12,7.454761283733076e-16,1.43173540329817e-15,1.311361804817259e-08,2.6161305736969972e-08,1.4373830620511125e-19,4.353724129488932e-19,0.006303673054671693,0.013035386665437918,3.391002442652715e-31,1.0000000000000029e-30,3.0254528197123294e-10,9.848147466013174e-10,1.7082419029921644e-11,5.427841994121793e-11
2.257,1317.4980885726304,5.22403404670534,0.1678581465719838,14.720729915018733,0.4969422681341615,0.0739524131392695,4.874935180049184e-06,3.6273149174425543e-07,5.984718642873307e-13,7.067933597541205e-13,1.0860743793411848e-13,2.5653007445271724e-13,7.31705590506248e-08,9.185863113221075e-08,0.19597578126878087,0.2606108875612837,8.124368634579234e-16,1.979422035061802e-15,1.5659095688977065e-13,3.9316990697379483e-13,5.330326662219429e-13,5.519179341997663e-13,2.178195050531507e-06,2.4174421143274558e-06,0.010938985255222371,0.012954435852905332,0.25579304718278023,0.528880711949828,0.03402443464941785,0.11053206975911704,7.280645480181444e-08,1.5595282458767346e-07,2.7921685454182427e-06,6.188636792987732e-06,7.158590313802664e-07,1.6931795283327931e-06,9.962271430943154e-06,2.0630466448051053e-05,2.2809075285037627e-09,4.893155996118587e-09,1.136497941149256e-06,2.5226556135184064e-06,1.4160588885505442e-11,4.2887243221417843e-11,1.0436083489093863e-18,1.0790425183305783e-18,4.4430532892052555e-12,5.2551030796666584e-12,2.6445820722611186e-12,5.665526453132269e-12,7.449939275376316e-16,1.430811844190135e-15,1.3113596634084346e-08,2.6161309439552972e-08,1.436420305405879e-19,4.350815733227572e-19,0.006303661868840382,0.013035386665440634,3.390996425337824e-31,1.0000000000000036e-30,3.0237970746551467e-10,9.842775318420516e-10,1.7072962272300345e-11,5.4248467892544574e-11
2.258,1317.4540415314564,5.224169450759157,0.16785379589505298,14.72668748061722,0.4969454138148017,0.07395301234728166,4.872657337702914e-06,3.625626459584434e-07,5.978291755916281e-13,7.060355979263783e-13,1.0848945683544107e-13,2.562518580653604e-13,7.312530998324887e-08,9.180198798221362e-08,0.19597317563045813,0.2606078844880088,8.11543159382132e-16,1.9772481182343446e-15,1.5646840331991183e-13,3.928628947887167e-13,5.324172242296094e-13,5.512816643521034e-13,2.1769838494744264e-06,2.4161021608276086e-06,0.010938090224144955,0.012953398877327911,0.255792115740319,0.5288797235431503,0.03402574263481504,0.11053651482086932,7.278359825209943e-08,1.559041417638055e-07,2.792200734513248e-06,6.1887191074407296e-06,7.15606481517442e-07,1.6925851870591246e-06,9.956035850712336e-06,2.0617589981510108e-05,2.2791878656956334e-09,4.8894755267226605e-09,1.1361322117294013e-06,2.5218482832639897e-06,1.4148076681631253e-11,4.284942428520218e-11,1.043129493317544e-18,1.0785493156693355e-18,4.4411908937882885e-12,5.2529096081335465e-12,2.6432173738997426e-12,5.662612877225168e-12,7.445120753169849e-16,1.429888948529936e-15,1.3113575244853526e-08,2.61613131402418e-08,1.435458248005405e-19,4.347909436052436e-19,0.006303650695417507,0.013035386665443323,3.39099041469794e-31,1.0000000000000034e-30,3.0221430794255894e-10,9.83740882827941e-10,1.7063512905275848e-11,5.421853911413114e-11
2.259,1317.410000107588,5.224304854132956,0.1678494454654927,14.732645200627715,0.49694855764319684,0.07395361113638271,4.870380714936237e-06,3.623938896077234e-07,5.971872280069463e-13,7.052787072785906e-13,1.0837161423205667e-13,2.559739673146191e-13,7.30800926311604e-08,9.174538426668918e-08,0.19597057124567738,0.2606048825587196,8.106505148944415e-16,1.9750767714079226e-15,1.5634595656831974e-13,3.9255614894465763e-13,5.318025794977187e-13,5.506462166764372e-13,2.1757735805392227e-06,2.414763232337404e-06,0.010937196187473578,0.012952363050234313,0.2557911836961811,0.5288787328491552,0.03402705080516561,0.11054096028189955,7.276075018056594e-08,1.558554766214337e-07,2.792232907364163e-06,6.1888013740144e-06,7.15354100204967e-07,1.691991239015725e-06,9.94980622683818e-06,2.060472576363501e-05,2.2774699856437544e-09,4.885798859175713e-09,1.1357668061807406e-06,2.521041664082375e-06,1.4135577563349778e-11,4.2811644762361645e-11,1.042650809137615e-18,1.078056286372775e-18,4.439329457348737e-12,5.250717252753732e-12,2.641853477373077e-12,5.659700997650467e-12,7.440305713372068e-16,1.4289667156114617e-15,1.3113553880453306e-08,2.6161316839047266e-08,1.4344968863978215e-19,4.345005227547027e-19,0.0063036395343875696,0.013035386665445995,3.3909844107247204e-31,1.0000000000000011e-30,3.0204908292052467e-10,9.83204797999132e-10,1.7054070918201346e-11,5.418863357258158e-11
2.2600000000000002,1317.365964289102,5.224440256851489,0.1678450952824869,14.738603075049467,0.4969516996156755,0.07395420950620334,4.868105311448024e-06,3.622252226720549e-07,5.965460207279284e-13,7.045226868704612e-13,1.0825390993021336e-13,2.5569640174685087e-13,7.30349069753887e-08,9.168881996259134e-08,0.19596796811887915,0.2606018817799892,8.097589285899978e-16,1.972907991191066e-15,1.562236165747466e-13,3.922496692945396e-13,5.311887309443765e-13,5.500115900620104e-13,2.1745642429143657e-06,2.413425327975479e-06,0.010936303143935651,0.012951328370161698,0.25579025105712083,0.5288777398831095,0.03402835915422947,0.11054540612218512,7.273791059473704e-08,1.5580682917743906e-07,2.792265064033952e-06,6.188883592862856e-06,7.151018876262677e-07,1.6913976846462166e-06,9.94358256562431e-06,2.0591873807671602e-05,2.2757538890204394e-09,4.882125994973996e-09,1.1354017252380349e-06,2.5202357576192684e-06,1.4123091515027216e-11,4.277390460608486e-11,1.0421722960436428e-18,1.0775634301103638e-18,4.43746898692465e-12,5.248526021883478e-12,2.6404903823531465e-12,5.656790813745701e-12,7.435494153598908e-16,1.4280451449893227e-15,1.3113532540844295e-08,2.6161320535955404e-08,1.4335362256694276e-19,4.342103123156425e-19,0.0063036283857350215,0.013035386665448713,3.390978413409804e-31,1.0000000000000032e-30,3.0188403264244285e-10,9.82669278155308e-10,1.7044636305284632e-11,5.4158751249925016e-11
2.261,1317.321934070948,5.224575658917112,0.167840745345939,14.744561103881733,0.4969548397371684,0.07395480745765211,4.865831125651389e-06,3.620566450357128e-07,5.959055526084053e-13,7.037675353591475e-13,1.0813634373366277e-13,2.55419160902499e-13,7.298975297571233e-08,9.16322950201916e-08,0.1959653662458627,0.26059888214689136,8.088683988972906e-16,1.9707417737861216e-15,1.5610138317708571e-13,3.9194345543551545e-13,5.305756771907898e-13,5.493777830906058e-13,2.173355835188196e-06,2.412088446194313e-06,0.010935411092315031,0.012950294835713643,0.2557893178212562,0.5288767446424069,0.03402966768441374,0.11054985234979166,7.271507947868743e-08,1.557581993984696e-07,2.7922972045259888e-06,6.1889657640079505e-06,7.148498433017577e-07,1.6908045228259677e-06,9.937364848031119e-06,2.0579034074382253e-05,2.2740395708509493e-09,4.878456923499013e-09,1.1350369676180714e-06,2.5194305610410135e-06,1.4110618516776635e-11,4.273620375667666e-11,1.041693954203905e-18,1.077070747062545e-18,4.435609478398825e-12,5.2463359106847325e-12,2.6391280878342674e-12,5.653882323396307e-12,7.430686069580886e-16,1.4271242358559565e-15,1.3113511225998554e-08,2.6161324230974323e-08,1.432576261636693e-19,4.339203110247779e-19,0.006303617249444448,0.013035386665451426,3.390972422744896e-31,1.0000000000000045e-30,3.0171915646955804e-10,9.821343212257882e-10,1.7035209054692888e-11,5.41288921089944e-11
2.262,1317.2779094509847,5.224711060322654,0.16783639565605865,14.750519287123758,0.4969579780162427,0.0739554049921782,4.8635581554712885e-06,3.6188815654664293e-07,5.952658223731795e-13,7.030132512493908e-13,1.0801891544637264e-13,2.551422443225055e-13,7.294463058378948e-08,9.157580937956497e-08,0.19596276561877862,0.2605958836496457,8.079789241900874e-16,1.9685781152620186e-15,1.5597925617392817e-13,3.9163750686604484e-13,5.299634167468387e-13,5.487447942287032e-13,2.1721483557209255e-06,2.4107525851931444e-06,0.010934520031418262,0.012949262445520455,0.2557883839830548,0.5288757471168892,0.03403097640177725,0.110554298984647,7.269225680739715e-08,1.5570958723169034e-07,2.792329328818791e-06,6.189047887416394e-06,7.145979664903285e-07,1.6902117518117457e-06,9.931153045165036e-06,2.0566206504122266e-05,2.2723270239701374e-09,4.874791629433027e-09,1.1346725312500506e-06,2.518626069765698e-06,1.4098158547100792e-11,4.269854214956323e-11,1.0412157839832907e-18,1.076578237613037e-18,4.433750923134823e-12,5.244146908974081e-12,2.637766592554405e-12,5.650975523938427e-12,7.425881456339836e-16,1.4262039872676592e-15,1.3113489935892856e-08,2.6161327924121323e-08,1.431616987848575e-19,4.336305169319857e-19,0.006303606125500533,0.013035386665454191,3.3909664387217564e-31,1.0000000000000088e-30,3.0155445341976543e-10,9.815999240222107e-10,1.7025789152266933e-11,5.4099056105229436e-11
2.263,1317.2338904153166,5.224846461099316,0.16783204621182266,14.756477624774828,0.49696111444691804,0.07395600210906943,4.861286402381743e-06,3.61719757316884e-07,5.94626829661339e-13,7.022598341257176e-13,1.0790162490442384e-13,2.548656516236666e-13,7.289953980783641e-08,9.15193630517933e-08,0.19596016624440585,0.2605928862979372,8.070905034821214e-16,1.96641701324693e-15,1.5585723562432232e-13,3.9133182373856164e-13,5.293519489361159e-13,5.481126227853336e-13,2.170941804495936e-06,2.4094177449727624e-06,0.010933629959914913,0.012948231198050816,0.2557874495516004,0.5288747473266444,0.03403228529774308,0.11055874599913817,7.266944261604998e-08,1.556609927532315e-07,2.792361436999721e-06,6.189129963296441e-06,7.143462581123423e-07,1.6896193737901964e-06,9.924947192009636e-06,2.055339116952926e-05,2.2706162555001747e-09,4.87113012810878e-09,1.134308419136193e-06,2.517822290472053e-06,1.4085711595950374e-11,4.2660919754843466e-11,1.0407377846015209e-18,1.0760859009615424e-18,4.4318933310248115e-12,5.241959028483533e-12,2.6364058971433226e-12,5.648070416761272e-12,7.421080314183664e-16,1.4252843992960073e-15,1.3113468670484621e-08,2.6161331615376323e-08,1.4306584151852033e-19,4.333409333366908e-19,0.006303595013887594,0.013035386665456915,3.3909604613319497e-31,1.0000000000000099e-30,3.0138992472663295e-10,9.81066090568548e-10,1.7016376599426246e-11,5.406924324357247e-11
2.2640000000000002,1317.1898769596992,5.2249818612469605,0.1678276970132149,14.762436116834223,0.4969642490348911,0.07395659880934627,4.859015863361199e-06,3.6155144712393946e-07,5.939885729783982e-13,7.015072822338219e-13,1.0778447188631436e-13,2.545893822867396e-13,7.285448058604606e-08,9.146295596004264e-08,0.19595756811774875,0.2605898900857749,8.062031348555763e-16,1.964258463099169e-15,1.5573532127270584e-13,3.910264054155309e-13,5.287412720652007e-13,5.474812670164107e-13,2.169736179470886e-06,2.4080839232855116e-06,0.010932740876644581,0.012947201091973838,0.25578651452420215,0.5288737452673786,0.03403359437552823,0.11056319340395868,7.264663686681922e-08,1.5561241588282073e-07,2.7923935290587535e-06,6.1892119916400706e-06,7.140947171116888e-07,1.6890273862729624e-06,9.918747247025654e-06,2.0540587984769645e-05,2.26890725540669e-09,4.867472398052885e-09,1.133944628213803e-06,2.5170192163763618e-06,1.4073277639127607e-11,4.2623336499761236e-11,1.0402599565699682e-18,1.075593737643201e-18,4.4300366971345014e-12,5.239772263408307e-12,2.6350459998201656e-12,5.64516699808926e-12,7.416282636673921e-16,1.4243654707167637e-15,1.311344742974719e-08,2.6161335304749235e-08,1.4297005357186974e-19,4.330515578414215e-19,0.0063035839145904405,0.013035386665459635,3.3909544905673074e-31,1.0000000000000113e-30,3.012255689752752e-10,9.805328162676228e-10,1.7006971378700278e-11,5.403945346893872e-11
2.265,1317.1458690763106,5.225117260776995,0.16782334805984828,14.768394763301242,0.4969673817816853,0.07395719509341121,4.85674653829918e-06,3.61383225961933e-07,5.93351051555079e-13,7.007555946758771e-13,1.0766745621719954e-13,2.543134359026882e-13,7.280945290120612e-08,9.140658808346645e-08,0.19595497123804137,0.26058689501280324,8.053168170627434e-16,1.9621024618097207e-15,1.556135130597582e-13,3.9072125175215583e-13,5.281313850980826e-13,5.46850725858554e-13,2.168531479903682e-06,2.406751119326884e-06,0.010931852780344246,0.012946172125837612,0.2557855789023973,0.528872740943562,0.034034903634109354,0.11056764119603145,7.262383956748422e-08,1.5556385663788125e-07,2.7924256050283923e-06,6.189293972533784e-06,7.13843343647728e-07,1.6884357896466515e-06,9.912553215992416e-06,2.0527796962001362e-05,2.2672000242893325e-09,4.8638184406050685e-09,1.1335811591631642e-06,2.5162168490032617e-06,1.406085666149885e-11,4.258579233901318e-11,1.0397822996445525e-18,1.0751017474120802e-18,4.428181021659515e-12,5.237586614011342e-12,2.6336869003728437e-12,5.642265267507808e-12,7.411488421773772e-16,1.4234472011510975e-15,1.3113426213648197e-08,2.6161338992239663e-08,1.4287433514225825e-19,4.3276239104781073e-19,0.006303572827593589,0.013035386665462324,3.390948526419505e-31,1.0000000000000122e-30,3.0106138638543727e-10,9.800001018432233e-10,1.6997573484455394e-11,5.400968676385648e-11
2.266,1317.1018667606677,5.225252659690027,0.16781899935168262,14.774353564175179,0.4969705126928358,0.07395779096226121,4.854478425306458e-06,3.612150936926178e-07,5.927142641769513e-13,7.000047700282767e-13,1.0755057769804195e-13,2.5403781200531383e-13,7.276445670856272e-08,9.135025936663753e-08,0.19595237560046938,0.2605839010732739,8.044315484776099e-16,1.9599490054477145e-15,1.5549181080320996e-13,3.9041636229491276e-13,5.275222865989713e-13,5.462209978343906e-13,2.1673277042541964e-06,2.4054193314065498e-06,0.01093096566981835,0.012945144298269633,0.2557846426836711,0.5288717343512684,0.034036213076522194,0.11057208938546197,7.260105069721933e-08,1.555153149745569e-07,2.7924576649062716e-06,6.189375905986577e-06,7.135921371084896e-07,1.6878445824733897e-06,9.906365074823831e-06,2.051501805153338e-05,2.2654945560505727e-09,4.860168242737343e-09,1.1332180102967626e-06,2.5154151846214707e-06,1.4048448642378798e-11,4.2548287210479064e-11,1.0393048140776228e-18,1.0746099305354946e-18,4.426326299844899e-12,5.235402074699888e-12,2.63232859763438e-12,5.639365222556377e-12,7.406697664774487e-16,1.4225295897069442e-15,1.3113405022160706e-08,2.616134267785711e-08,1.4277868579068443e-19,4.32473431629973e-19,0.006303561752881807,0.013035386665465012,3.3909425688803426e-31,1.0000000000000132e-30,3.008973761436148e-10,9.794679446557071e-10,1.6988182903667456e-11,5.397994308736811e-11
2.267,1317.0578700040296,5.225388058000538,0.1678146508882323,14.780312519455347,0.4969736417686338,0.07395838641611457,4.8522115240990476e-06,3.6104705029719635e-07,5.920782100388085e-13,6.992548073507032e-13,1.0743383614797517e-13,2.537625101713347e-13,7.271949198863533e-08,9.12939697858582e-08,0.19594978120549614,0.26058090826846303,8.035473277893678e-16,1.957798090850226e-15,1.5537021443552458e-13,3.901117368783554e-13,5.269139754987408e-13,5.455920818461968e-13,2.16612485171147e-06,2.404088558643476e-06,0.010930079543812034,0.012944117607827446,0.25578370587078064,0.528870725497484,0.03403752270052164,0.11057653796520282,7.257827026178201e-08,1.554667909059367e-07,2.7924897087311697e-06,6.18945779209879e-06,7.13341097608145e-07,1.6872537650328566e-06,9.900182827433638e-06,2.0502251261659287e-05,2.263790850862413e-09,4.856521804871726e-09,1.1328551821499668e-06,2.5146142244338896e-06,1.4036053566212138e-11,4.2510821067575557e-11,1.0388274996357383e-18,1.0741182867784856e-18,4.4244725335743905e-12,5.233218647733417e-12,2.6309710912964087e-12,5.6364668626139465e-12,7.401910363369756e-16,1.4216126359536596e-15,1.3113383855250706e-08,2.6161346361597597e-08,1.4268310577945226e-19,4.321846803862608e-19,0.006303550690439707,0.013035386665467719,3.3909366179415363e-31,1.0000000000000143e-30,3.0073353840651793e-10,9.789363452236313e-10,1.697879963019799e-11,5.395022242039563e-11
2.2680000000000002,1317.0138787993355,5.225523455717591,0.16781030266918578,14.78627162914107,0.49697676901135457,0.07395898145548377,4.8499458334651546e-06,3.608790956878257e-07,5.914428881043695e-13,6.985057054299019e-13,1.073172313734311e-13,2.5348752994745383e-13,7.267455870761947e-08,9.12377192994456e-08,0.19594718805158134,0.2605779165969782,8.026641534892131e-16,1.955649714371822e-15,1.5524872382531663e-13,3.898073751767089e-13,5.26306450521099e-13,5.44963976581706e-13,2.164922921049524e-06,2.4027587996959475e-06,0.010929194401106464,0.01294309205311102,0.25578276846447556,0.5288697143850367,0.0340388325058726,0.11058098693473478,7.255549825204557e-08,1.5541828441322393e-07,2.792521736524269e-06,6.189539630931672e-06,7.130902248607027e-07,1.686663336658196e-06,9.894006462211099e-06,2.0489496568522493e-05,2.2620889054161512e-09,4.852879119962899e-09,1.1324926740270174e-06,2.5138139669106147e-06,1.402367141457019e-11,4.247339385501497e-11,1.0383503563424544e-18,1.0736268161717973e-18,4.422619722208072e-12,5.231036332386338e-12,2.6296143805523596e-12,5.633570185992029e-12,7.397126513861127e-16,1.4206963391931827e-15,1.311336271288706e-08,2.6161350043462476e-08,1.425875949937189e-19,4.3189613697264693e-19,0.006303539640251983,0.013035386665470435,3.390930673594858e-31,1.0000000000000157e-30,3.0056987279384074e-10,9.784053023174514e-10,1.6969423654071566e-11,5.3920524731667565e-11
2.269,1316.9698931374946,5.225658852856887,0.16780595469401835,14.792230893231688,0.4969798944207886,0.07395957608051161,4.847681352943472e-06,3.607112298325029e-07,5.908082975290198e-13,6.977574632789545e-13,1.0720076318938759e-13,2.5321287090055103e-13,7.26296568435318e-08,9.118150788055629e-08,0.19594459613968093,0.26057492606074706,8.017820242159946e-16,1.953503872726745e-15,1.5512733889488798e-13,3.8950327699899214e-13,5.256997105619376e-13,5.443366809069166e-13,2.16372191138399e-06,2.4014300536013575e-06,0.010928310240456405,0.012942067632689057,0.2557818304679994,0.5288687010219116,0.03404014248984367,0.11058543628542912,7.253273467132642e-08,1.5536979550427534e-07,2.7925537483262158e-06,6.1896214225896205e-06,7.128395189206171e-07,1.6860732974877932e-06,9.887835980662072e-06,2.0476753975429246e-05,2.2603887193391133e-09,4.8492401872641215e-09,1.1321304862744655e-06,2.5130144128353605e-06,1.401130217143397e-11,4.243600552480674e-11,1.0378733839932406e-18,1.0731355185103337e-18,4.420767868202819e-12,5.228855131595908e-12,2.628258464997084e-12,5.6306751918620716e-12,7.392346113673356e-16,1.419780698943158e-15,1.3113341595035419e-08,2.616135372344674e-08,1.424921536403757e-19,4.3160780201962823e-19,0.006303528602303317,0.013035386665473148,3.390924735832067e-31,1.0000000000000169e-30,3.0040637937990566e-10,9.778748161874996e-10,1.696005496854033e-11,5.389085000016747e-11
2.27,1316.925913016788,5.225794249410087,0.16780160696297733,14.798190311726534,0.49698301800584876,0.07396017029269619,4.845418080110114e-06,3.6054345255317715e-07,5.901744369635175e-13,6.970100793149206e-13,1.0708443139638663e-13,2.529385325633904e-13,7.258478634294838e-08,9.112533546287123e-08,0.19594200546158544,0.2605719366495004,8.009009382793807e-16,1.9513605618270682e-15,1.5500605942065332e-13,3.8919944178790106e-13,5.250937540711771e-13,5.437101932260039e-13,2.16252182093128e-06,2.400102318398984e-06,0.01092742706069631,0.012941044345224181,0.2557808918754303,0.5288676853971264,0.03404145265887781,0.1105898860384582,7.250997948908014e-08,1.5532132411440985e-07,2.7925857441107827e-06,6.18970316702862e-06,7.1258897890174e-07,1.6854836454351677e-06,9.881671348276356e-06,2.046402341109896e-05,2.2586902842203683e-09,4.84560498878381e-09,1.1317686163690802e-06,2.512215556621622e-06,1.3998945814471849e-11,4.239865600983868e-11,1.0373965830424778e-18,1.072644394270257e-18,4.4189169624423564e-12,5.226675034610527e-12,2.626903343182336e-12,5.6277818771606e-12,7.387569157325241e-16,1.4188657141630418e-15,1.3113320501673447e-08,2.616135740156851e-08,1.4239678092104564e-19,4.313196731127304e-19,0.006303517576578607,0.013035386665475875,3.3909188046450344e-31,1.000000000000018e-30,3.00243056988311e-10,9.773448830127354e-10,1.6950693558137775e-11,5.386119817717278e-11
2.271,1316.8819384247154,5.225929645404049,0.16779725947517998,14.80414988462497,0.496986139762094,0.07396076409155164,4.843156015744438e-06,3.603757639101612e-07,5.895413058807756e-13,6.96263552925849e-13,1.0696823582334595e-13,2.526645145357629e-13,7.253994720347586e-08,9.106920204413967e-08,0.19593941602250903,0.2605689483708321,8.00020894560675e-16,1.949219778977643e-15,1.548848854139419e-13,3.888958695759795e-13,5.24488580229932e-13,5.430845127002597e-13,2.1613226493727896e-06,2.398775593754108e-06,0.010926544860537193,0.012940022189233392,0.25577995269425935,0.5288666675274563,0.03404276300598752,0.11059433617136818,7.248723272924365e-08,1.552728702956553e-07,2.792617723951377e-06,6.189784864425776e-06,7.123386054224771e-07,1.6848943819726136e-06,9.875512588299051e-06,2.0451304923857314e-05,2.2569936045520597e-09,4.841973534211622e-09,1.1314070663857158e-06,2.5114174028894596e-06,1.3986602331663713e-11,4.236134527422982e-11,1.036919952906659e-18,1.0721534428546184e-18,4.417067012817613e-12,5.224496050794803e-12,2.625549015366289e-12,5.624890242480103e-12,7.382795644099085e-16,1.4179513847272202e-15,1.3113299432761233e-08,2.6161361077812057e-08,1.4230147765446296e-19,4.3103175273571315e-19,0.006303506563062431,0.013035386665478578,3.3909128800254807e-31,1.0000000000000199e-30,3.000799064469754e-10,9.768155054965585e-10,1.6941339421467766e-11,5.383156925867143e-11
2.2720000000000002,1316.8379693573352,5.22606504083777,0.1677929122306382,14.810109611926356,0.49698925969556956,0.0739613574781488,4.840895157491085e-06,3.602081637304941e-07,5.889089029601407e-13,6.955178825625065e-13,1.0685217626535272e-13,2.523908163375275e-13,7.249513937342761e-08,9.101310756022038e-08,0.19593682781711155,0.2605659612182868,7.991418913385334e-16,1.9470815200148178e-15,1.5476381666214118e-13,3.885925598334555e-13,5.238841875115186e-13,5.424596377580313e-13,2.1601243949694216e-06,2.3974498777553e-06,0.010925663638811629,0.012939001163376932,0.2557790129214245,0.5288656474078283,0.03404407353475271,0.11059878669602964,7.246449436366227e-08,1.5522443398844697e-07,2.7926496878393983e-06,6.189866514776098e-06,7.12088397677501e-07,1.6843055052047728e-06,9.869359669124018e-06,2.0438598448436758e-05,2.2552986725591036e-09,4.838345806919776e-09,1.1310458340358755e-06,2.5106199465733417e-06,1.3974271701065982e-11,4.232407325204055e-11,1.0364434939577034e-18,1.0716626646542967e-18,4.415218013865273e-12,5.222318173717709e-12,2.6241954801321293e-12,5.622000284824287e-12,7.378025568600238e-16,1.4170377096117204e-15,1.3113278388272836e-08,2.616136475218812e-08,1.4220624319195865e-19,4.307440389275477e-19,0.00630349556173974,0.013035386665481286,3.39090696196529e-31,1.0000000000000197e-30,2.9991692668244487e-10,9.76286680152993e-10,1.6931992543699328e-11,5.380196319795833e-11
2.273,1316.7940058089112,5.226200435716046,0.16778856522917768,14.816069493630058,0.4969923778102206,0.07396195045324758,4.838635504470389e-06,3.6004065195102463e-07,5.882772272475655e-13,6.947730671086194e-13,1.0673625254121116e-13,2.5211743754455984e-13,7.245036282370236e-08,9.095705197532726e-08,0.19593424084217848,0.2605629751882413,7.982639272310697e-16,1.9449457816019834e-15,1.54642853051887e-13,3.882895122797561e-13,5.232805747218764e-13,5.418355671720692e-13,2.15892705664132e-06,2.3961251692228154e-06,0.010924783394301195,0.0129379812662549,0.2557780725559873,0.5288646250375714,0.03404538424662329,0.11060323761739586,7.244176438730089e-08,1.5517601518274631e-07,2.79268163578764e-06,6.189948118122154e-06,7.118383554773185e-07,1.6837170146929388e-06,9.863212583111347e-06,2.0425903969201565e-05,2.2536054858475504e-09,4.834721801824696e-09,1.1306849189307174e-06,2.509823186824475e-06,1.396195390532807e-11,4.22868398912418e-11,1.0359672061851567e-18,1.0711720596648196e-18,4.413369962765542e-12,5.220141400075012e-12,2.6228427368580454e-12,5.619112002900103e-12,7.373258927663412e-16,1.4161246882207544e-15,1.311325736817952e-08,2.6161368424702442e-08,1.4211107743145008e-19,4.304565313828137e-19,0.006303484572595326,0.013035386665483999,3.3909010504562953e-31,1.0000000000000213e-30,2.9975411744946445e-10,9.757584061920003e-10,1.6922652915998282e-11,5.377237996738374e-11
2.274,1316.7500477712201,5.226335830051853,0.16778421847036157,14.82202952973546,0.49699549410686017,0.07396254301714175,4.836377056258505e-06,3.598732285425156e-07,5.876462779106517e-13,6.940291055915607e-13,1.0662046447081697e-13,2.518443777353043e-13,7.240561753276304e-08,9.090103526316936e-08,0.19593165509764043,0.2605599902812549,7.973870009165438e-16,1.942812560549002e-15,1.545219945060266e-13,3.879867267252233e-13,5.22677740773961e-13,5.412122998259107e-13,2.1577306335230434e-06,2.3948014672148506e-06,0.01092390412576978,0.012936962496446413,0.2557771316001482,0.5288636004225056,0.034046695139906984,0.11060768893021226,7.241904280347664e-08,1.5512761388640517e-07,2.79271356783045e-06,6.190029674554286e-06,7.115884788702429e-07,1.6831289105608782e-06,9.857071331632247e-06,2.0413221489176954e-05,2.251914044028595e-09,4.831101518144389e-09,1.1303243214020074e-06,2.509027124393606e-06,1.3949648928640203e-11,4.224964514447003e-11,1.0354910894020709e-18,1.0706816276992189e-18,4.4115228607343085e-12,5.21796573133584e-12,2.6214907851625237e-12,5.616225395929255e-12,7.368495718793147e-16,1.4152123200871614e-15,1.3113236372448328e-08,2.6161372095352346e-08,1.4201598056990777e-19,4.301692307019215e-19,0.006303473595613973,0.013035386665486681,3.3908951454903064e-31,1.0000000000000211e-30,2.9959147881665953e-10,9.752306838452672e-10,1.6913320531688514e-11,5.3742819546154516e-11
2.275,1316.7060952350475,5.2264712238614575,0.16777987195364746,14.82798972024196,0.4969986085849126,0.07396313516991783,4.834119811810838e-06,3.5970589342953423e-07,5.87016053971886e-13,6.932859968672879e-13,1.0650481185870314e-13,2.5157163645190627e-13,7.236090347012458e-08,9.084505738622004e-08,0.19592907058480544,0.26055700649971647,7.965111108919107e-16,1.940681853223901e-15,1.544012409107953e-13,3.8768420288825986e-13,5.220756844468779e-13,5.405898344644688e-13,2.1565351244829375e-06,2.3934787704940852e-06,0.010923025832003093,0.012935944852556279,0.25577619005747776,0.5288625735712784,0.03404800621153955,0.11061214062476599,7.239632960684693e-08,1.5507923008872355e-07,2.7927454840067943e-06,6.19011118417302e-06,7.113387676872342e-07,1.6825411924182237e-06,9.850935907436481e-06,2.040055099353335e-05,2.2502243447635615e-09,4.827484950913609e-09,1.1299640411022046e-06,2.508231758523561e-06,1.3937356753396063e-11,4.2212488958918945e-11,1.035015143529683e-18,1.0701913686823688e-18,4.409676710750926e-12,5.215791171055092e-12,2.620139624324978e-12,5.613340462406921e-12,7.363735938541129e-16,1.4143006045607414e-15,1.3113215401044855e-08,2.616137576413202e-08,1.4192095269609195e-19,4.2988213715750474e-19,0.006303462630780563,0.013035386665489403,3.390889247059196e-31,1.0000000000000246e-30,2.9942901055681917e-10,9.747035123814539e-10,1.6903995381860266e-11,5.371328190637877e-11
2.2760000000000002,1316.662148195585,5.226606617146725,0.1677755256789554,14.833950065148962,0.49700172124939807,0.07396372691249421,4.831863769787506e-06,3.5953864651466803e-07,5.863865543660427e-13,6.925437396881331e-13,1.0638929451838042e-13,2.5129921325770466e-13,7.231622059962924e-08,9.078911829982858e-08,0.1959264872993721,0.2605540238385519,7.956362556845931e-16,1.9385536560688446e-15,1.5428059212127132e-13,3.8738194040902404e-13,5.214744044493067e-13,5.399681697597023e-13,2.1553405282383224e-06,2.3921570776555203e-06,0.010922148511805556,0.012934928333211283,0.2557752479259409,0.5288615444809411,0.03404931746406815,0.11061659270957289,7.237362478491635e-08,1.5503086376367698e-07,2.792777384320034e-06,6.190192646999894e-06,7.11089221538729e-07,1.6819538593529677e-06,9.844806295114675e-06,2.0387892450543587e-05,2.2485363839224034e-09,4.823872091323851e-09,1.1296040770237532e-06,2.5074370869920496e-06,1.3925077360890262e-11,4.217537127845178e-11,1.0345393686876793e-18,1.0697012827443182e-18,4.407831508544699e-12,5.213617714212181e-12,2.6187892534773453e-12,5.610457200512203e-12,7.358979583060045e-16,1.4133895409146238e-15,1.3113194453941876e-08,2.6161379431049684e-08,1.4182599346551008e-19,4.2959524970985323e-19,0.006303451678079978,0.013035386665492067,3.3908833551548217e-31,1.0000000000000229e-30,2.9926671215577223e-10,9.741768901350762e-10,1.6894677455793805e-11,5.368376701441204e-11
2.277,1316.618206648137,5.226742009909181,0.16777117964621624,14.839910564455867,0.4970048321054382,0.07396431824580395,4.829608928687911e-06,3.5937148768854013e-07,5.857577779901945e-13,6.918023327618725e-13,1.0627391226079892e-13,2.5102710770997897e-13,7.227156888271784e-08,9.07332179563276e-08,0.19592390523693282,0.2605510422925442,7.947624337853291e-16,1.9364279654365278e-15,1.5416004798215547e-13,3.8707993890160647e-13,5.208738994564072e-13,5.393473043488336e-13,2.1541468434367455e-06,2.390836387216667e-06,0.010921272163988846,0.012933912937046694,0.2557743052033909,0.5288605131483104,0.0340506289001505,0.11062104519350728,7.235092832271392e-08,1.5498251487993622e-07,2.7928092687719023e-06,6.190274063052798e-06,7.108398399684782e-07,1.6813669102953421e-06,9.83868247672946e-06,2.0375245823244583e-05,2.2468501568094385e-09,4.820262929352952e-09,1.1292444279572023e-06,2.5066431071285767e-06,1.3912810731953175e-11,4.2138292045524265e-11,1.0340637650348027e-18,1.0692113700554885e-18,4.405987249846023e-12,5.211445355787705e-12,2.617439671665099e-12,5.607575608238871e-12,7.354226648262325e-16,1.4124791283757624e-15,1.311317353111246e-08,2.6161383096113968e-08,1.4173110257175882e-19,4.293085674346152e-19,0.006303440737497214,0.013035386665494735,3.3908774697691184e-31,1.000000000000022e-30,2.991045830119421e-10,9.736508151560967e-10,1.6885366742144707e-11,5.365427483462368e-11
2.278,1316.5742705856414,5.226877402158079,0.16776683385511287,14.845871218162092,0.4970079411552319,0.07396490917034591,4.827355287888234e-06,3.592044169070151e-07,5.851297239642021e-13,6.910617750593844e-13,1.0615866490674885e-13,2.507553193892454e-13,7.222694829463754e-08,9.067735632538243e-08,0.19592132439602417,0.2605480618603944,7.93889643855805e-16,1.934304778096107e-15,1.54039608400753e-13,3.8677819813728707e-13,5.202741683431776e-13,5.387272370759926e-13,2.1529540691244797e-06,2.3895166981375657e-06,0.010920396787333033,0.012932898662660444,0.2557733618906206,0.528859479576287,0.0340519405194992,0.11062549807587692,7.232824021982488e-08,1.5493418343735358e-07,2.7928411373869833e-06,6.19035543240034e-06,7.105906229190593e-07,1.6807803451189345e-06,9.832564449656438e-06,2.0362611106385143e-05,2.2451656621527803e-09,4.816657462323881e-09,1.1288850939128558e-06,2.505849818970197e-06,1.3900556850221211e-11,4.2101251211090134e-11,1.0335883324634222e-18,1.0687216305108775e-18,4.404143934111282e-12,5.2092740951693985e-12,2.616090878402267e-12,5.604695684584522e-12,7.349477131371143e-16,1.411569366422852e-15,1.311315263252571e-08,2.6161386759325884e-08,1.4163628008912075e-19,4.290220905605451e-19,0.00630342980901715,0.01303538666549737,3.3908715908939543e-31,1.0000000000000194e-30,2.989426230547309e-10,9.73125287222918e-10,1.687606323333364e-11,5.36248053433467e-11
2.279,1316.5303399949294,5.2270127939226505,0.16776248830468712,14.851832026267083,0.49701104839330534,0.07396549968547854,4.825102847946649e-06,3.5903743421391386e-07,5.84502391718624e-13,6.903220659184834e-13,1.0604355228059814e-13,2.504838478844661e-13,7.218235883007056e-08,9.062153340105877e-08,0.1959187447828813,0.26054508255104636,7.93017884718429e-16,1.9321840912082997e-15,1.5391927337681958e-13,3.864767181194795e-13,5.196752102573767e-13,5.381079670677311e-13,2.151762204899682e-06,2.388198009990794e-06,0.010919522380570696,0.012931885508594436,0.25577241799611333,0.5288584437836827,0.03405325231412705,0.11062995133097696,7.230556049727772e-08,1.5488586948171725e-07,2.792872990243115e-06,6.1904367552292805e-06,7.103415709415906e-07,1.6801941651367549e-06,9.826452234327916e-06,2.0349988342463183e-05,2.2434829038073514e-09,4.813055698558403e-09,1.1285260767481012e-06,2.5050572266540805e-06,1.3888315703253788e-11,4.20642487379846e-11,1.0331130704192023e-18,1.0682320635436062e-18,4.4023015704851865e-12,5.207103943204538e-12,2.6147428738265165e-12,5.601817429882881e-12,7.344731031343278e-16,1.410660254867556e-15,1.3113131758140937e-08,2.616139042066737e-08,1.4154152677883473e-19,4.2873582139722403e-19,0.00630341889262461,0.013035386665500049,3.3908657185211627e-31,1.0000000000000206e-30,2.9878083301654587e-10,9.726003087279146e-10,1.6866766927298747e-11,5.3595358534446515e-11
2.2800000000000002,1316.486414874908,5.227148185192806,0.1677581429952428,14.857792988770276,0.4970141538290855,0.07396608979277267,4.822851605578986e-06,3.588705393671198e-07,5.838757797098342e-13,6.895832035263602e-13,1.0592857417060755e-13,2.502126926992888e-13,7.213780042289466e-08,9.056574910107775e-08,0.19591616638874923,0.26054210435349096,7.921471544975895e-16,1.9300659002328964e-15,1.5379904263193354e-13,3.861754981530869e-13,5.190770234809287e-13,5.37489492553996e-13,2.150571248612192e-06,2.386880320408311e-06,0.010918648942585575,0.012930873473568668,0.25577147351336776,0.5288574057582892,0.034054564291054024,0.11063440498184923,7.228288911120044e-08,1.5483757291978065e-07,2.792904827305202e-06,6.190518031475638e-06,7.100926827995609e-07,1.6796083674333488e-06,9.820345782681726e-06,2.0337377432127102e-05,2.2418018703408056e-09,4.80945761358133e-09,1.1281673728526544e-06,2.5042653221802957e-06,1.3876087266391595e-11,4.2027284552031336e-11,1.0326379795658482e-18,1.0677426698461598e-18,4.400460149149616e-12,5.204934888310544e-12,2.613395656027447e-12,5.598940840079466e-12,7.339988341426876e-16,1.4097517924249982e-15,1.3113110907937081e-08,2.6161394080157724e-08,1.4144684154869857e-19,4.284497566400459e-19,0.006303407988304797,0.013035386665502743,3.390859852642779e-31,1.000000000000022e-30,2.986192112525188e-10,9.720758743248072e-10,1.6857477805289156e-11,5.3565934348753635e-11
2.281,1316.4424952185127,5.227283575977844,0.16775379792646156,14.863754105671118,0.49701725746475345,0.07396667949272394,4.820601560492314e-06,3.587037323471067e-07,5.83249887141463e-13,6.888451869527485e-13,1.0581373040488348e-13,2.49941853431481e-13,7.209327305337121e-08,9.051000340139534e-08,0.19591358921218313,0.2605391272664516,7.912774519450486e-16,1.9279502021582876e-15,1.536789160947775e-13,3.8587453806303857e-13,5.184796069679548e-13,5.368718124607708e-13,2.1493811994578994e-06,2.3855636285160953e-06,0.010917776472152302,0.01292986255617442,0.2557705284431861,0.5288563655030223,0.03405587644998035,0.11063885902776043,7.226022606610933e-08,1.5478929376195548e-07,2.7929366485996866e-06,6.19059926121209e-06,7.098439585643127e-07,1.679022952186824e-06,9.814245097143988e-06,2.032477838058376e-05,2.2401225616206484e-09,4.805863207159652e-09,1.1278089826363625e-06,2.5034741064727042e-06,1.3863871524355288e-11,4.1990358607464196e-11,1.032163059721866e-18,1.0672534492371325e-18,4.39861966949498e-12,5.202766929796958e-12,2.612049224699014e-12,5.59606591455713e-12,7.335249059355849e-16,1.4088439786718934e-15,1.3113090081883426e-08,2.6161397737798085e-08,1.4135222456025413e-19,4.2816389678205695e-19,0.006303397096042653,0.013035386665505423,3.390853993250704e-31,1.0000000000000218e-30,2.984577578662106e-10,9.715519843588675e-10,1.6848195861041568e-11,5.3536532766780206e-11
2.282,1316.3985810158156,5.227418966296468,0.1677494530977233,14.86971537696908,0.49702035929888067,0.07396726878529145,4.818352712703372e-06,3.5853701315739153e-07,5.826247133039505e-13,6.881080153698927e-13,1.056990208085331e-13,2.4967132967171904e-13,7.204877670722622e-08,9.045429628482786e-08,0.1959110132553592,0.26053615129346935,7.904087758264699e-16,1.9258369940066812e-15,1.5355889372180517e-13,3.855738377439915e-13,5.178829597470458e-13,5.362549257911331e-13,2.14819205678431e-06,2.384247933608392e-06,0.0109169049680323,0.012928852754987417,0.2557695827899816,0.5288553230282681,0.03405718878698897,0.11064331345622652,7.223757137291602e-08,1.5474103203235354e-07,2.7929684541766363e-06,6.190680444563734e-06,7.095953984981493e-07,1.6784379200269812e-06,9.808150187217714e-06,2.031219120769585e-05,2.2384449790776446e-09,4.802272482414076e-09,1.12745090708015e-06,2.502683581722839e-06,1.3851668462974092e-11,4.1953470861873835e-11,1.0316883105509688e-18,1.0667644013750642e-18,4.396780135527614e-12,5.2006000724331345e-12,2.610703579695062e-12,5.593192653041273e-12,7.3305131833055e-16,1.407936813269726e-15,1.3113069279944545e-08,2.616140139358041e-08,1.4125767622599307e-19,4.278782430764474e-19,0.0063033862158230645,0.013035386665508067,3.3908481403368205e-31,1.0000000000000216e-30,2.9829647320910776e-10,9.710286399824258e-10,1.6838921089935148e-11,5.350715377425718e-11
2.283,1316.3546722623482,5.227554356149646,0.16774510850897714,14.875676802663627,0.49702345933665043,0.073967857671415,4.816105060021478e-06,3.583703816372168e-07,5.820002569357212e-13,6.87371687298025e-13,1.0558444518114463e-13,2.4940112095038067e-13,7.200431133573342e-08,9.0398627690933e-08,0.19590843851378537,0.2605331764292056,7.895411244726133e-16,1.9237262717404813e-15,1.5343897531411102e-13,3.852733967004837e-13,5.172870803537497e-13,5.356388310375803e-13,2.1470038189433216e-06,2.3829332338742988e-06,0.010916034429072598,0.012927844068684167,0.2557686365515045,0.528854278330613,0.03405850130484021,0.11064776827645174,7.221492500615933e-08,1.5469278767716466e-07,2.7930002440328215e-06,6.190761581537262e-06,7.0934700187142e-07,1.6778532692372237e-06,9.802061024303732e-06,2.029961585441719e-05,2.2367691156298995e-09,4.798685424202283e-09,1.1270931441241798e-06,2.5018937433723163e-06,1.3839478061162358e-11,4.191662125190442e-11,1.0312137323717452e-18,1.0662755265955802e-18,4.394941542866892e-12,5.198434311067916e-12,2.6093587196889037e-12,5.5903210527278144e-12,7.325780708159413e-16,1.4070302952476736e-15,1.311304850209405e-08,2.616140504751354e-08,1.4116319600725363e-19,4.275927938952847e-19,0.006303375347631245,0.01303538666551074,3.390842293893162e-31,1.0000000000000232e-30,2.981353563116394e-10,9.705058380473904e-10,1.6829653478003748e-11,5.3477797327216896e-11
2.2840000000000003,1316.3107689527437,5.227689745541216,0.16774076416008016,14.881638382754234,0.49702655758229797,0.07396844615189462,4.813858601522699e-06,3.582038377200876e-07,5.813765170852973e-13,6.866362016236047e-13,1.0547000334469401e-13,2.491312268507208e-13,7.195987690932268e-08,9.034299758331839e-08,0.19590586498394702,0.2605302026696263,7.88674496519289e-16,1.921618032065311e-15,1.533191607558434e-13,3.8497321464559297e-13,5.166919676062401e-13,5.350235269852467e-13,2.145816484848808e-06,2.381619528126651e-06,0.010915164854077309,0.012926836495890532,0.25576768972647657,0.528853231408661,0.03405981400531467,0.11065222349445947,7.219228695985425e-08,1.5464456068430057e-07,2.793032018178412e-06,6.1908426721691735e-06,7.090987684693432e-07,1.677268999318808e-06,9.795977599823652e-06,2.028705230316348e-05,2.2350949686904817e-09,4.79510202702521e-09,1.1267356932992302e-06,2.501104590393564e-06,1.3827300301726763e-11,4.1879809725988605e-11,1.0307393251940388e-18,1.0657868249150773e-18,4.393103888297834e-12,5.196269641928924e-12,2.608014644037872e-12,5.587451112278158e-12,7.321051630718091e-16,1.4061244240030903e-15,1.3113027748303981e-08,2.6161408699603623e-08,1.4106878376355983e-19,4.273075488167611e-19,0.006303364491452254,0.013035386665513423,3.390836453911689e-31,1.0000000000000243e-30,2.9797440689577723e-10,9.699835776568037e-10,1.6820393016319844e-11,5.3448463397702556e-11
2.285,1316.2668710781359,5.227825134486503,0.1677364200505208,14.887600117240392,0.4970296540356167,0.07396903422686965,4.8116133367409276e-06,3.5803738137357475e-07,5.807534929265046e-13,6.859015573810603e-13,1.0535569511898706e-13,2.4886164695086045e-13,7.191547340629751e-08,9.028740593547608e-08,0.19590329266678064,0.2605272300166178,7.878088906389403e-16,1.919512271775988e-15,1.531994499701679e-13,3.8467329139036067e-13,5.160976204310336e-13,5.344090125314325e-13,2.1446300536351335e-06,2.3803068154229813e-06,0.010914296241831425,0.012925830035209768,0.2557667423180658,0.5288521822702124,0.03406112688574359,0.11065667910181867,7.216965723702403e-08,1.545963510609697e-07,2.793063776652978e-06,6.190923716561169e-06,7.088506983400894e-07,1.6766851103949638e-06,9.789899915067867e-06,2.0274500556787994e-05,2.233422537857148e-09,4.79152229007067e-09,1.1263785549302385e-06,2.5003161235218584e-06,1.3815135169068704e-11,4.1843036237388165e-11,1.0302650888207241e-18,1.0652982961359433e-18,4.39126717430375e-12,5.1941060679838255e-12,2.606671352337727e-12,5.584582830864491e-12,7.316325948442908e-16,1.4052191990602473e-15,1.3113007018540814e-08,2.6161412349845827e-08,1.4097443973673866e-19,4.2702250857708814e-19,0.006303353647271104,0.013035386665516055,3.390830620384345e-31,1.000000000000022e-30,2.9781362502842146e-10,9.694618590365285e-10,1.6811139698272918e-11,5.341915196511936e-11
2.286,1316.222978630491,5.227960522998142,0.16773207617987404,14.893562006121607,0.4970327486973939,0.07396962189662679,4.809369264909002e-06,3.578710125428422e-07,5.801311835585952e-13,6.851677535167165e-13,1.0524152032084633e-13,2.485923808218628e-13,7.187110080026042e-08,9.023185271499428e-08,0.1959007215622233,0.26052425847073546,7.869443054482394e-16,1.9174089875313567e-15,1.5307984285890722e-13,3.843736266922277e-13,5.155040376889738e-13,5.33795286505409e-13,2.1434445243013348e-06,2.3789950946705776e-06,0.01091342859113363,0.012924824685261219,0.2557657943284376,0.5288511309209899,0.03406243994446064,0.11066113509335426,7.214703583567742e-08,1.5454815880363715e-07,2.793095519488268e-06,6.191004714797564e-06,7.086027913953824e-07,1.6761016022661507e-06,9.783827966053982e-06,2.026196060722387e-05,2.231751821551436e-09,4.787946210002927e-09,1.126021728921102e-06,2.499528342557829e-06,1.38029826466664e-11,4.1806300736567344e-11,1.0297910231465946e-18,1.064809940155595e-18,4.389431402028686e-12,5.1919435906161225e-12,2.6053288440236543e-12,5.58171620731489e-12,7.311603658349037e-16,1.404314619857687e-15,1.3112986312772336e-08,2.6161415998237753e-08,1.4088016398034948e-19,4.2673767334219586e-19,0.00630334281507293,0.013035386665518735,3.3908247933031304e-31,1.000000000000023e-30,2.976530105936187e-10,9.689406818171726e-10,1.6801893515974254e-11,5.3389863004809856e-11
2.287,1316.1790916063792,5.228095911073761,0.1677277325481963,14.899524049397384,0.49703584157413966,0.07397020916230249,4.80712638403628e-06,3.577047310820002e-07,5.79509587769989e-13,6.844347886097445e-13,1.0512747875831137e-13,2.48323428014029e-13,7.182675904527101e-08,9.017633786492204e-08,0.1958981516644561,0.2605212880248729,7.860807393617614e-16,1.9153081754977258e-15,1.5296033923349801e-13,3.840742200816632e-13,5.149112179667664e-13,5.331823474525443e-13,2.1422598952873734e-06,2.3776843641561164e-06,0.010912561900832892,0.012923820444723394,0.255764845754,0.5288500773547982,0.03406375318556399,0.11066559148261565,7.212442273265551e-08,1.5449998386341925e-07,2.793127246674019e-06,6.191085666869395e-06,7.083550469580774e-07,1.6755184733398848e-06,9.777761726385072e-06,2.024943239998363e-05,2.2300828132046322e-09,4.784373772780037e-09,1.1256652133797107e-06,2.4987412433152615e-06,1.3790842714095859e-11,4.1769603162169165e-11,1.029317128476722e-18,1.064321757295645e-18,4.387596565367299e-12,5.1897822026343576e-12,2.6039871178810385e-12,5.578851239065074e-12,7.306884755646327e-16,1.4034106854871501e-15,1.3112965630973967e-08,2.6161419644791532e-08,1.4078595593744563e-19,4.2645304142872293e-19,0.006303331994842951,0.013035386665521391,3.3908189726600993e-31,1.0000000000000234e-30,2.9749256269623553e-10,9.6842004309286e-10,1.6792654456119253e-11,5.3360596474904855e-11
2.2880000000000003,1316.1352099993392,5.228231298720859,0.1677233891552274,14.90548624706723,0.4970389326686357,0.07397079602447977,4.804884693426993e-06,3.5753853694151576e-07,5.788887046737194e-13,6.83702661622691e-13,1.050135702552692e-13,2.480547881150894e-13,7.178244811559171e-08,9.012086135367292e-08,0.19589558297141826,0.2605183186769266,7.852181910548865e-16,1.9132098324768247e-15,1.5284093899614341e-13,3.8377507131704435e-13,5.143191601425702e-13,5.325701942199883e-13,2.141076165618421e-06,2.3763746228158095e-06,0.01091169616973124,0.012922817312219443,0.2557638965949145,0.5288490215732132,0.034065066609390085,0.11067004827093357,7.210181792604638e-08,1.5445182623694838e-07,2.7931589582302708e-06,6.191166572834978e-06,7.081074649287754e-07,1.6749357233902748e-06,9.771701191877412e-06,2.0236915926582453e-05,2.228415511211736e-09,4.780804975009047e-09,1.1253090081874856e-06,2.497954825544821e-06,1.3778715355021303e-11,4.173294346521863e-11,1.0288434047371005e-18,1.063833747485752e-18,4.385762662988527e-12,5.187621902494262e-12,2.602646173388614e-12,5.575987925036263e-12,7.302169237480681e-16,1.4025073954122359e-15,1.311294497311612e-08,2.6161423289509794e-08,1.406918156311241e-19,4.261686129103055e-19,0.006303321186566329,0.013035386665524075,3.3908131584472686e-31,1.0000000000000269e-30,2.973322812112603e-10,9.678999424646637e-10,1.6783422510878382e-11,5.3331352350933065e-11
2.289,1316.0913337978573,5.228366685963501,0.16771904600017568,14.911448599130686,0.49704202197729486,0.0739713824827948,4.802644193172863e-06,3.573724301304565e-07,5.782685335928253e-13,6.829713717661182e-13,1.0489979463489168e-13,2.477864607110794e-13,7.173816799870485e-08,9.006542316625783e-08,0.19589301548743834,0.26051535043329344,7.843566592875347e-16,1.9111139554763253e-15,1.5272164211319914e-13,3.8347618031783e-13,5.137278632772829e-13,5.319588258440985e-13,2.139893334692368e-06,2.375065869999548e-06,0.010910831396598078,0.012921815286334012,0.2557629468577247,0.5288479635910143,0.034066380209886477,0.11067450543888414,7.207922142883879e-08,1.544036859527774e-07,2.7931906542201625e-06,6.191247432848259e-06,7.078600456379285e-07,1.674353353208201e-06,9.765646374501278e-06,2.0224411211990018e-05,2.2267499175474426e-09,4.777239820976793e-09,1.1249531145262338e-06,2.4971690918837834e-06,1.376660055577266e-11,4.169632160481409e-11,1.0283698515270489e-18,1.0633459103177955e-18,4.3839297016211485e-12,5.1854626981850526e-12,2.601306010437465e-12,5.573126265033131e-12,7.297457102141412e-16,1.4016047493161547e-15,1.3112924339160976e-08,2.616142693237913e-08,1.4059774360818007e-19,4.258843894469148e-19,0.006303310390228089,0.013035386665526744,3.390807350656575e-31,1.0000000000000278e-30,2.9717216657755455e-10,9.673803813692257e-10,1.677419767624415e-11,5.330213062056825e-11
2.29,1316.0474629971395,5.228502072803868,0.16771470308295178,14.917411105587293,0.4970451095048308,0.07397196853811588,4.8004048814147286e-06,3.5720641051270323e-07,5.776490733569764e-13,6.822409176678347e-13,1.0478615170412539e-13,2.4751844534968834e-13,7.169391865112005e-08,9.001002324879698e-08,0.19589044920849463,0.2605123832892539,7.834961424815361e-16,1.9090205406799747e-15,1.5260244840870014e-13,3.8317754664609487e-13,5.131373259950884e-13,5.313482409089756e-13,2.13871140101804e-06,2.373758104070317e-06,0.010909967580281647,0.01292081436574451,0.2557619965406258,0.5288469034056951,0.03406769398936146,0.11067896299420071,7.2056633220673e-08,1.543555629680148e-07,2.793222334644825e-06,6.191328246925454e-06,7.076127884934757e-07,1.6737713614023702e-06,9.759597250998731e-06,2.021191820821815e-05,2.225086026339894e-09,4.773678298135942e-09,1.124597530755549e-06,2.4963840387045614e-06,1.375449829648142e-11,4.1659737521277116e-11,1.0278964690812677e-18,1.0628582460405919e-18,4.3820976773725684e-12,5.1833045851323895e-12,2.5999666278811787e-12,5.5702662566372844e-12,7.292748345032077e-16,1.4007027463277751e-15,1.3112903729081868e-08,2.6161430573407176e-08,1.4050373939722506e-19,4.256003696143255e-19,0.006303299605813579,0.013035386665529435,3.3908015492801442e-31,1.000000000000031e-30,2.9701221801004473e-10,9.668613572588769e-10,1.6764979939667124e-11,5.327293124433801e-11
2.291,1316.0035975928822,5.228637459242485,0.1677103604035193,14.923373766436592,0.4970481952566571,0.07397255419141623,4.798166756821792e-06,3.570404779914531e-07,5.770303229221809e-13,6.815112981048452e-13,1.046726412821697e-13,2.4725074160754184e-13,7.164970003708912e-08,8.995466155713048e-08,0.1958878841298759,0.2605094172391742,7.826366392065317e-16,1.906929584631616e-15,1.5248335773889985e-13,3.828791699448083e-13,5.125475470373528e-13,5.307384381200426e-13,2.1375303633348508e-06,2.3724513236470233e-06,0.010909104719614544,0.012919814549109933,0.25576104564111923,0.5288458410133207,0.03406900795081303,0.11068342094685872,7.203405328877644e-08,1.543074572560226e-07,2.7932539995044103e-06,6.191409015080686e-06,7.073656930964543e-07,1.6731897470382417e-06,9.753553805750819e-06,2.019943688309851e-05,2.22342383344003e-09,4.770120397635126e-09,1.1242422558397383e-06,2.4955996637219004e-06,1.3742408558870076e-11,4.162319115974737e-11,1.0274232575315677e-18,1.062370754796574e-18,4.380266585506636e-12,5.1811475577641355e-12,2.5986280248609427e-12,5.567407898046493e-12,7.288042962365531e-16,1.3998013857314002e-15,1.311288314285284e-08,2.6161434212603302e-08,1.4040980268889223e-19,4.253165524790832e-19,0.006303288833308032,0.01303538666553209,3.390795754310032e-31,1.0000000000000323e-30,2.968524349864385e-10,9.663428684413621e-10,1.6755769290572612e-11,5.324375418904478e-11
2.2920000000000003,1315.9597375738908,5.228772845302419,0.16770601796111895,14.929336581678152,0.4970512792295648,0.07397313944238762,4.795929819604721e-06,3.5687463258461225e-07,5.764122816421202e-13,6.807825123238256e-13,1.0455926319634421e-13,2.469833490804434e-13,7.160551214584367e-08,8.989933807846098e-08,0.19588532025552988,0.26050645228894215,7.817781482654477e-16,1.904841084443476e-15,1.523643700770562e-13,3.825810501507343e-13,5.119585254960269e-13,5.301294165457396e-13,2.136350221095233e-06,2.371145528139978e-06,0.01090824281336826,0.012918815835017172,0.2557600941653605,0.5288447764278627,0.034070322088574835,0.11068787927868749,7.201148164771096e-08,1.5425936884872002e-07,2.7932856488603255e-06,6.191489737463998e-06,7.07118759816074e-07,1.6726085109983207e-06,9.747516052277749e-06,2.0186967264809565e-05,2.2217633411757198e-09,4.766566124518549e-09,1.1238872910831273e-06,2.4948159698449717e-06,1.3730331329685887e-11,4.1586682480583495e-11,1.026950216460442e-18,1.0618834361601918e-18,4.378436432259104e-12,5.178991623486216e-12,2.5972902013337664e-12,5.564551189206457e-12,7.283340952622034e-16,1.3989006672468425e-15,1.3112862580436648e-08,2.616143784995497e-08,1.403159340580021e-19,4.2503293978603657e-19,0.006303278072696584,0.013035386665534759,3.390789965738232e-31,1.0000000000000323e-30,2.9669281799878006e-10,9.658249165263988e-10,1.6746565725395687e-11,5.3214599443766e-11
2.293,1315.9158829375765,5.228908230978706,0.16770167575589062,14.935299551311536,0.49705436143096976,0.07397372429229919,4.793694067405172e-06,3.5670887411890046e-07,5.757949482227307e-13,6.80054558806361e-13,1.0444601725173919e-13,2.46716267311666e-13,7.156135492590792e-08,8.984405274887777e-08,0.1958827575787196,0.2605034884302222,7.809206680103331e-16,1.902755036129029e-15,1.5224548520987406e-13,3.822831867321824e-13,5.113702598890274e-13,5.295211746600489e-13,2.1351709725818355e-06,2.369840715660992e-06,0.010907381860416725,0.012917818222173735,0.2557591421088184,0.5288437096411679,0.034071636407681474,0.1106923380062758,7.198891826825294e-08,1.5421129768422262e-07,2.793317282694234e-06,6.191570414048351e-06,7.068719878118007e-07,1.6720276513035057e-06,9.741483957924486e-06,2.0174509285900223e-05,2.220104541592428e-09,4.763015461770235e-09,1.1235326340876022e-06,2.4940329517640936e-06,1.371826658753133e-11,4.1550211419471793e-11,1.0264773462794296e-18,1.061396290563078e-18,4.376607210353626e-12,5.1768367737216196e-12,2.595953155889615e-12,5.5616961271337106e-12,7.278642310480216e-16,1.398000589863648e-15,1.3112842041810354e-08,2.6161441485476788e-08,1.402221327761793e-19,4.247495293324834e-19,0.006303267323964673,0.01303538666553743,3.390784183556922e-31,1.0000000000000334e-30,2.965333659347707e-10,9.653074979010229e-10,1.673736922936306e-11,5.318546696195946e-11
2.294,1315.872033675109,5.2290436162867335,0.1676973337873214,14.941262675336324,0.4970574418606093,0.07397430874128,4.7914595001517e-06,3.565432025912194e-07,5.751783219432826e-13,6.793274367111848e-13,1.0433290327831579e-13,2.4644949590323124e-13,7.151722836167866e-08,8.978880554950978e-08,0.1958801961004349,0.26050052566496434,7.800641972308789e-16,1.9006714367680833e-15,1.521267030863579e-13,3.819855795649961e-13,5.107827492465286e-13,5.289137114673878e-13,2.1339926171138154e-06,2.368536885472354e-06,0.010906521859548305,0.01291682170918624,0.25575818947468437,0.528842640661071,0.03407295090543244,0.11069679712108675,7.196636315926962e-08,1.54163243782247e-07,2.793348901047967e-06,6.191651044940305e-06,7.066253772857192e-07,1.6714471684409382e-06,9.735457529974001e-06,2.0162062961630736e-05,2.2184474356425016e-09,4.759468411483066e-09,1.1231782856533978e-06,2.4932506112693747e-06,1.3706214318234566e-11,4.1513777933984205e-11,1.0260046467044844e-18,1.060909317717651e-18,4.374778922259964e-12,5.1746830114215585e-12,2.5946168883396084e-12,5.558842711461198e-12,7.273947034022433e-16,1.3971011532251432e-15,1.3112821526940641e-08,2.616144511916364e-08,1.4012839918258574e-19,4.2446632214942013e-19,0.006303256587097488,0.013035386665540055,3.3907784077581356e-31,1.0000000000000323e-30,2.963740790682196e-10,9.64790613464486e-10,1.6728179797484346e-11,5.31563567281708e-11
2.295,1315.8281897827142,5.229179001225397,0.16769299205542745,14.947225953752094,0.49706052052442345,0.07397489279038018,4.78922611593431e-06,3.5637761786164787e-07,5.745624016247027e-13,6.786011446556503e-13,1.0421992108663689e-13,2.461830344113232e-13,7.147313240875298e-08,8.973359642532447e-08,0.19587763581542203,0.26049756398680757,7.792087343693784e-16,1.8985902825938716e-15,1.5200802352519255e-13,3.8168822819777246e-13,5.10195992190762e-13,5.283070255497136e-13,2.1328151531793346e-06,2.3672340359139272e-06,0.010905662809623325,0.01291582629474612,0.2557572362599035,0.5288415694824754,0.03407426558538028,0.1107012566348952,7.19438162989655e-08,1.541152070968205e-07,2.7933805039146896e-06,6.191731630138369e-06,7.063789276003542e-07,1.670867060911811e-06,9.729436743580606e-06,2.014962824072232e-05,2.216792017117084e-09,4.755924960386019e-09,1.1228242440056109e-06,2.4924689444345045e-06,1.3694174501863765e-11,4.147738196424442e-11,1.0255321180118098e-18,1.0604225179156021e-18,4.3729515626257015e-12,5.172530330284655e-12,2.5932813975136506e-12,5.555990939719443e-12,7.269255118600297e-16,1.3962023564501033e-15,1.3112801035802552e-08,2.6161448751026334e-08,1.4003473277965465e-19,4.241833167332736e-19,0.006303245862080459,0.013035386665542712,3.390772638334034e-31,1.0000000000000344e-30,2.9621495655771205e-10,9.64274260485598e-10,1.6718997416920443e-11,5.3127268702002907e-11
2.2960000000000003,1315.7843512508348,5.229314385812488,0.1676886505596189,14.953189386558446,0.49706359742124573,0.07397547643959418,4.78699391506829e-06,3.5621211995585884e-07,5.739471866437845e-13,6.778756819136255e-13,1.041070705123712e-13,2.459168824514274e-13,7.142906705753873e-08,8.967842536499489e-08,0.19587507672558346,0.26049460339891484,7.783542783001136e-16,1.8965115708921715e-15,1.5188944650204384e-13,3.813911325732854e-13,5.096099878412188e-13,5.277011160038856e-13,2.131638580273407e-06,2.36593216644312e-06,0.010904804709419368,0.012914831977447125,0.2557562824685718,0.5288404961150851,0.0340755804439163,0.11070571653621357,7.192127770243996e-08,1.5406718766100838e-07,2.7934120913438506e-06,6.191812169765975e-06,7.061326391273511e-07,1.6702873296043178e-06,9.723421612507466e-06,2.013720515185505e-05,2.2151382884171782e-09,4.7523851136797315e-09,1.1224705104632692e-06,2.491687954201181e-06,1.3682147125498647e-11,4.144102347161291e-11,1.0250597598095495e-18,1.0599358907578556e-18,4.37112513505855e-12,5.170378734608063e-12,2.5919466834305527e-12,5.553140811986236e-12,7.264566562879115e-16,1.3953041992937796e-15,1.3112780568361654e-08,2.616145238105746e-08,1.399411340388038e-19,4.2390051451565133e-19,0.0063032351488987995,0.013035386665545375,3.3907668752766485e-31,1.000000000000034e-30,2.960559989017325e-10,9.637584405949716e-10,1.6709822084302914e-11,5.30982028731539e-11
2.297,1315.740518076107,5.229449770045663,0.1676843092999518,14.959152973754975,0.4970666725574206,0.07397605969003089,4.784762895077221e-06,3.5604670869176883e-07,5.733326756874919e-13,6.77151046944182e-13,1.03994351356827e-13,2.4565103955784473e-13,7.138503225515095e-08,8.962329230283532e-08,0.19587251882524578,0.26049164389436186,7.775008273351397e-16,1.894435297578704e-15,1.5177097179896221e-13,3.810942921481209e-13,5.090247347000746e-13,5.27095981287487e-13,2.1304628966363977e-06,2.364631275124655e-06,0.010903947557820074,0.012913838756008,0.2557553280972105,0.5288394205529171,0.034076895485019826,0.11071017683820127,7.189874733914726e-08,1.5401918541008894e-07,2.793443663322672e-06,6.1918926638083415e-06,7.058865109974484e-07,1.6697079724713226e-06,9.71741210297012e-06,2.0124793625236725e-05,2.2134862413357132e-09,4.7488488538058545e-09,1.1221170825358755e-06,2.4909076350545006e-06,1.3670132167543118e-11,4.140470239116949e-11,1.024587572512043e-18,1.0594494366789052e-18,4.369299633722827e-12,5.168228217518573e-12,2.59061274461508e-12,5.550292325138137e-12,7.259881361362364e-16,1.3944066807119798e-15,1.311276012459363e-08,2.616145600926859e-08,1.398476023011824e-19,4.2361791350440478e-19,0.006303224447537997,0.013035386665547988,3.390761118578195e-31,1.0000000000000332e-30,2.958972049497583e-10,9.632431500551132e-10,1.6700653784573887e-11,5.306915919417371e-11
2.298,1315.6966902461554,5.229585153951962,0.16767996827553971,14.965116715341308,0.49706974592823633,0.0739766425411577,4.7825330569333126e-06,3.558813841439311e-07,5.727188683025568e-13,6.764272392218571e-13,1.0388176345991558e-13,2.4538550535606647e-13,7.134102800262403e-08,8.956819724085866e-08,0.19586996211986993,0.26048868548104576,7.766483804532996e-16,1.892361460193894e-15,1.5165259944112461e-13,3.80797706989363e-13,5.084402320381253e-13,5.264916206540135e-13,2.1292881020682936e-06,2.36333136175439e-06,0.010903091353580297,0.012912846628995604,0.25575437315346433,0.5288383428130168,0.03407821070152684,0.11071463751782079,7.187622523575754e-08,1.539712004019137e-07,2.793475219925863e-06,6.191973112444943e-06,7.056405439074188e-07,1.669128991170069e-06,9.71140824104296e-06,2.0112393715043596e-05,2.2118358810094126e-09,4.745316191834134e-09,1.121763962533185e-06,2.4901279921353944e-06,1.3658129617245721e-11,4.1368418690841776e-11,1.024115555497071e-18,1.058963155041467e-18,4.36747506665108e-12,5.166078788547244e-12,2.5892795814342436e-12,5.5474454799988786e-12,7.255199513684962e-16,1.3935098006461598e-15,1.3112739704459678e-08,2.6161459635643784e-08,1.397541383815156e-19,4.2333551617106456e-19,0.006303213757983268,0.013035386665550625,3.3907553682307073e-31,1.0000000000000332e-30,2.9573857562895765e-10,9.627283918921253e-10,1.6691492517346144e-11,5.304013766423278e-11
2.299,1315.6528677582492,5.22972053752702,0.16767562748650372,14.971080611317069,0.4970728175408143,0.07397722499419826,4.780304398140202e-06,3.557161461287677e-07,5.721057631715355e-13,6.757042572004617e-13,1.0376930662512392e-13,2.451202793855195e-13,7.129705424665048e-08,8.95131401128452e-08,0.19586740660300403,0.2604857281510039,7.757969359801632e-16,1.8902900546862296e-15,1.5153432920782384e-13,3.805013765466529e-13,5.07856478356482e-13,5.258880325598942e-13,2.128114194800345e-06,2.3620324243868386e-06,0.010902236095589277,0.012911855595135096,0.255753417633069,0.5288372628877709,0.034079526098201356,0.11071909859077966,7.185371136102093e-08,1.5392323257024938e-07,2.7935067611356857e-06,6.192053515649933e-06,7.053947369659023e-07,1.668550383601101e-06,9.705409992121527e-06,2.0100005349784205e-05,2.2101871990567665e-09,4.741787109831682e-09,1.1214111478959208e-06,2.4893490197762016e-06,1.3646139452976043e-11,4.1332172305602964e-11,1.0236437092022033e-18,1.0584770463040311e-18,4.365651426919402e-12,5.16393043953352e-12,2.587947192404033e-12,5.544600273426038e-12,7.250521014332708e-16,1.392613558048675e-15,1.3112719307936672e-08,2.6161463260196693e-08,1.3966074152652891e-19,4.230533202374397e-19,0.0063032030802201875,0.013035386665553251,3.3907496242264246e-31,1.0000000000000321e-30,2.955801097596617e-10,9.62214162273584e-10,1.6682338267412906e-11,5.301113823540581e-11
2.3000000000000003,1315.6090506053124,5.2298559207806,0.1676712869325116,14.97704466168189,0.4970758873969445,0.07397780704958543,4.778076917930975e-06,3.555509945914027e-07,5.714933594080786e-13,6.749820998429624e-13,1.0365698067598089e-13,2.4485536123297223e-13,7.125311096092582e-08,8.945812088647912e-08,0.19586485227356454,0.260482771903422,7.749464925804615e-16,1.8882210778305835e-15,1.514161609998553e-13,3.8020530057472853e-13,5.072734725421718e-13,5.252852158611706e-13,2.1269411738454753e-06,2.3607344619441547e-06,0.01090138178267252,0.012910865653076567,0.25575246153712144,0.5288361807806701,0.034080841674433565,0.11072356005533068,7.183120571226987e-08,1.5387528191009514e-07,2.7935382869769883e-06,6.192133873492082e-06,7.05149090060858e-07,1.6679721495084138e-06,9.69941735148256e-06,2.008762851985143e-05,2.208540193759257e-09,4.7382616041605405e-09,1.1210586384604118e-06,2.488570717627153e-06,1.3634161658541736e-11,4.1295963186897606e-11,1.0231720335504658e-18,1.0579911103930663e-18,4.36382871438461e-12,5.161783170337564e-12,2.5866155769651396e-12,5.541756704258471e-12,7.245845860367215e-16,1.3917179523666459e-15,1.3112698934994436e-08,2.6161466882927806e-08,1.3956741178505957e-19,4.2277132585505403e-19,0.0063031924142341504,0.013035386665555928,3.3907438865574977e-31,1.0000000000000358e-30,2.954218071991385e-10,9.617004607426511e-10,1.6673191026903952e-11,5.298216088308175e-11
2.301,1315.5652387819641,5.229991303716979,0.1676669466134072,14.983008866435412,0.4970789555005373,0.07397838870806626,4.775850615362285e-06,3.55385929463822e-07,5.708816560783839e-13,6.742607660562454e-13,1.035447854382533e-13,2.445907504904668e-13,7.120919811605573e-08,8.940313952556267e-08,0.1958622991283389,0.26047981673464976,7.7409704891497e-16,1.8861545263920926e-15,1.5129809470226715e-13,3.7990947878877235e-13,5.066912134431076e-13,5.246831693733505e-13,2.1257690381320518e-06,2.359437473254569e-06,0.010900528413665747,0.012909876801481956,0.25575150486459103,0.5288350964907964,0.03408215743174669,0.11072802191665469,7.180870828314757e-08,1.5382734840854399e-07,2.7935697974607104e-06,6.192214186009223e-06,7.049036029720448e-07,1.667394288380023e-06,9.693430310327684e-06,2.007526320719787e-05,2.2068948625018944e-09,4.734739669259257e-09,1.1207064337324197e-06,2.4877930846046134e-06,1.362219621716265e-11,4.125979128438811e-11,1.0227005285544925e-18,1.057505347327674e-18,4.362006926207212e-12,5.159636977630063e-12,2.5852847344673523e-12,5.538914771140125e-12,7.241174048603926e-16,1.3908229829998675e-15,1.3112678585605371e-08,2.61614705038423e-08,1.3947414901206355e-19,4.2248953258812344e-19,0.006303181760010587,0.013035386665558549,3.390738155216074e-31,1.0000000000000327e-30,2.952636676618392e-10,9.611872863775395e-10,1.6664050787022964e-11,5.295320557970512e-11
2.302,1315.5214322783022,5.230126686355235,0.16766260652855988,14.988973225577292,0.4970820218498519,0.07397896996954792,4.77362549041942e-06,3.5522095074711655e-07,5.702706524884214e-13,6.735402550303754e-13,1.0343272074153772e-13,2.4432644675908647e-13,7.116531569777594e-08,8.934819601289389e-08,0.19585974716979399,0.2604768626485936,7.732486037767684e-16,1.8840903974582193e-15,1.511801302713461e-13,3.796139110828452e-13,5.061097001181156e-13,5.240818921303292e-13,2.124597787019754e-06,2.3581414576250407e-06,0.010899675987368242,0.012908889038970193,0.2557505476201152,0.5288340100289599,0.03408347336598577,0.11073248416148639,7.178621908399514e-08,1.537794320884602e-07,2.7936012926374e-06,6.192294453327073e-06,7.046582759510713e-07,1.6668168008200791e-06,9.687448877693691e-06,2.0062909430713034e-05,2.2052512066256654e-09,4.731221308053618e-09,1.120354534655607e-06,2.4870161228168806e-06,1.3610243115099686e-11,4.122365655694728e-11,1.0222291938855605e-18,1.0570197567739894e-18,4.360186066723034e-12,5.157491866569121e-12,2.583954664750896e-12,5.536074473765721e-12,7.236505577218274e-16,1.3899286496093503e-15,1.3112658259734929e-08,2.6161474122931848e-08,1.3938095362434757e-19,4.222079417028e-19,0.0063031711175349295,0.013035386665561201,3.3907324301943324e-31,1.000000000000033e-30,2.951056914838194e-10,9.606746402800033e-10,1.665491754324646e-11,5.292427231129822e-11
2.303,1315.4776310908278,5.230262068693604,0.16765826667800732,14.994937739107188,0.49708508645092786,0.07397955083509247,4.771401540517961e-06,3.5505605825113987e-07,5.69660347309137e-13,6.728205652053471e-13,1.0332078638615995e-13,2.440624495707535e-13,7.112146365182019e-08,8.929329028104357e-08,0.1958571963925505,0.2604739096387148,7.724011554593295e-16,1.882028686898948e-15,1.5106226748364158e-13,3.7931859689966435e-13,5.05528931059271e-13,5.234813825790828e-13,2.123427418710614e-06,2.3568464130775003e-06,0.010898824502678052,0.012907902364276636,0.2557495898004906,0.5288329213897363,0.03408478948085095,0.11073694680207635,7.176373808268117e-08,1.5373153288171732e-07,2.7936327724951e-06,6.192374675432557e-06,7.044131080890896e-07,1.6662396846876832e-06,9.681473018296442e-06,2.005056711749579e-05,2.203609217598143e-09,4.727706502286376e-09,1.1200029386136783e-06,2.4862398264695746e-06,1.359830233061481e-11,4.118755893921749e-11,1.0217580299775893e-18,1.056534339186696e-18,4.358366130424131e-12,5.155347830668811e-12,2.582625366283018e-12,5.5332358088881336e-12,7.231840440566457e-16,1.3890349511224638e-15,1.3112637957358644e-08,2.6161477740207202e-08,1.392878249347947e-19,4.219265511212504e-19,0.006303160486792785,0.013035386665563812,3.3907267114845292e-31,1.000000000000031e-30,2.9494787746266e-10,9.601625185434602e-10,1.6645791280198403e-11,5.289536102939448e-11
2.3040000000000003,1315.433835213275,5.230397450739243,0.16765392706150115,15.000902407024768,0.4970881493066412,0.07398013130529359,4.769178765551345e-06,3.54891251970139e-07,5.690507398130094e-13,6.721016957316178e-13,1.0320898221211544e-13,2.437987585510958e-13,7.107764196155674e-08,8.923842230983439e-08,0.1958546467944484,0.26047095770276424,7.715547028197208e-16,1.879969391957503e-15,1.5094450627977188e-13,3.79023536093929e-13,5.049489053035061e-13,5.228816397307872e-13,2.122257932508113e-06,2.3555523388564507e-06,0.010897973958406642,0.012906916776034474,0.2557486314057229,0.5288318305743537,0.03408610577681909,0.11074140984020665,7.174126528591596e-08,1.5368365080339923e-07,2.7936642370558587e-06,6.192454852388168e-06,7.041680995148343e-07,1.6656629402962972e-06,9.67550273679298e-06,2.0038236277364217e-05,2.201968895816127e-09,4.7241952528573705e-09,1.1196516461885868e-06,2.485464196867992e-06,1.3586373849556848e-11,4.1151498388820945e-11,1.0212870366305694e-18,1.0560490943650019e-18,4.3565471157217295e-12,5.153204868079148e-12,2.5812968388645597e-12,5.53039877611755e-12,7.227178636728202e-16,1.3881418871817847e-15,1.3112617678447821e-08,2.6161481355671497e-08,1.3919476306381567e-19,4.216453612117786e-19,0.006303149867769617,0.013035386665566423,3.390720999078837e-31,1.0000000000000286e-30,2.9479022577851695e-10,9.596509217621144e-10,1.6636671992471786e-11,5.2866471717206814e-11
2.305,1315.3900446345124,5.230532832515344,0.1676495876782791,15.006867229329723,0.4970912104135922,0.07398071137981092,4.766957165469396e-06,3.5472653190255433e-07,5.684418293058454e-13,6.713836457989852e-13,1.0309730804506211e-13,2.4353537329186506e-13,7.103385061262821e-08,8.918359208194336e-08,0.19585209837960682,0.2604680068468435,7.707092446186923e-16,1.877912509642355e-15,1.5082684661751052e-13,3.7872872856340867e-13,5.043696219093503e-13,5.222826626189609e-13,2.1210893277665447e-06,2.354259234262762e-06,0.010897124353357872,0.012905932272867866,0.25574767244209756,0.5288307375970256,0.03408742224808702,0.11074587325725643,7.171880070426207e-08,1.536357858768414e-07,2.793695686379906e-06,6.192534984341042e-06,7.039232504958747e-07,1.665086568287781e-06,9.669538042696905e-06,2.002591693019429e-05,2.200330242717557e-09,4.720687562900083e-09,1.1193006583660077e-06,2.4846892362136243e-06,1.3574457658224252e-11,4.111547486474065e-11,1.0208162134869834e-18,1.0555640219452374e-18,4.354729029061356e-12,5.1510629864536e-12,2.579969082313617e-12,5.5275633751010815e-12,7.22252016381972e-16,1.3872494574368814e-15,1.3112597422965785e-08,2.6161484969311957e-08,1.3910176851855112e-19,4.213643735141609e-19,0.006303139260450882,0.013035386665569063,3.3907152929694384e-31,1.0000000000000288e-30,2.946327367856187e-10,9.591398510968336e-10,1.662755967562749e-11,5.2837604361023174e-11
2.306,1315.346259351752,5.230668214017859,0.16764524852845206,15.012832206021741,0.4970942697787208,0.07398129105983968,4.764736737737637e-06,3.5456189786194223e-07,5.678336144720144e-13,6.706664138632199e-13,1.029857636894024e-13,2.432722933345841e-13,7.099008955138341e-08,8.912879953070881e-08,0.19584955114174654,0.2604650570632137,7.698647791848518e-16,1.875858035908868e-15,1.507092882749857e-13,3.7843417375475726e-13,5.037910793850043e-13,5.216844497072046e-13,2.1199216027101796e-06,2.352967097342927e-06,0.010896275686434666,0.012904948853517693,0.2557467129054964,0.5288296424504297,0.034088738899265725,0.11075033706843412,7.169634430586664e-08,1.5358793803450982e-07,2.793727120449902e-06,6.1926150712661004e-06,7.03678560126123e-07,1.6645105665276997e-06,9.663578900909318e-06,2.001360900346696e-05,2.1986932498243174e-09,4.7171834142733504e-09,1.1189499725392188e-06,2.48391493873323e-06,1.3562553735073922e-11,4.10794883022056e-11,1.020345560990682e-18,1.0550791223923256e-18,4.352911863727763e-12,5.14892217787797e-12,2.5786420951270536e-12,5.524729602654818e-12,7.217865016288488e-16,1.3863576608325783e-15,1.311257719088947e-08,2.616148858114181e-08,1.390088405436927e-19,4.2108358574396824e-19,0.006303128664822282,0.013035386665571696,3.3907095931486362e-31,1.0000000000000276e-30,2.94475409286892e-10,9.58629302658365e-10,1.6618454314408662e-11,5.280875891275291e-11
2.307,1315.3024793567365,5.230803595260576,0.16764090961155947,15.018797337100528,0.49709732740228296,0.07398187034558296,4.762517482371817e-06,3.5439734985163976e-07,5.672260946242869e-13,6.699499991222928e-13,1.02874348981788e-13,2.430095182969544e-13,7.0946358763665e-08,8.907404463905577e-08,0.19584700508132719,0.26046210835310707,7.690213053648879e-16,1.873805967974757e-15,1.5059183120637863e-13,3.781398715567058e-13,5.032132768025173e-13,5.210870000429882e-13,2.1187547567101843e-06,2.351675927416461e-06,0.010895427956446734,0.012903966516614861,0.2557457527985381,0.5288285451411927,0.03409005572821785,0.11075480126702772,7.167389610049729e-08,1.5354010729803437e-07,2.793758539304313e-06,6.192695113262179e-06,7.03434028630169e-07,1.663934935556207e-06,9.657625319592494e-06,2.00013125142587e-05,2.1970579183015307e-09,4.713682809525089e-09,1.1185995895765155e-06,2.483141306367674e-06,1.3550662066504532e-11,4.104353866049985e-11,1.0198750788549287e-18,1.0545943954157641e-18,4.351095621442029e-12,5.1467824444172314e-12,2.577315877166978e-12,5.521897458520009e-12,7.213213192385713e-16,1.38546649704432e-15,1.3112556982187019e-08,2.6161492191157644e-08,1.3891597944652817e-19,4.208029988355725e-19,0.006303118080869329,0.013035386665574349,3.390703899608643e-31,1.0000000000000286e-30,2.9431824358621217e-10,9.581192774436179e-10,1.660935590421698e-11,5.2779935358176216e-11
2.308,1315.2587046440785,5.23093897624798,0.16763657092743878,15.024762622565792,0.49710038328797485,0.07398244923775357,4.760299397714616e-06,3.542328877504709e-07,5.666192686683644e-13,6.692344002933443e-13,1.0276306373584319e-13,2.4274704774226627e-13,7.090265820966163e-08,8.901932735769662e-08,0.19584446019532992,0.2604591607131218,7.681788216524643e-16,1.871756302197433e-15,1.5047447525260184e-13,3.7784582157354655e-13,5.026362128686337e-13,5.204903122954651e-13,2.117588788391145e-06,2.3503857229741273e-06,0.010894581162266806,0.012902985260864495,0.2557447921203589,0.5288274456687241,0.03409137273629509,0.11075926585765726,7.16514560710459e-08,1.5349229363146633e-07,2.7937899429505632e-06,6.1927751103591224e-06,7.031896555075469e-07,1.6633596741983193e-06,9.651677279124098e-06,1.9989027422102154e-05,2.1954242431176645e-09,4.710185737908365e-09,1.1182495081147143e-06,2.4823683361041504e-06,1.3538782633787453e-11,4.100762588337509e-11,1.019404767250883e-18,1.0541098411984957e-18,4.349280299649892e-12,5.1446437830790035e-12,2.5759904273980467e-12,5.519066940514895e-12,7.208564687864504e-16,1.384575965267674e-15,1.3112536796831206e-08,2.6161495799364498e-08,1.3882318492096656e-19,4.2052261186528988e-19,0.006303107508577691,0.013035386665576966,3.390698212341749e-31,1.0000000000000281e-30,2.941612390242179e-10,9.576097733137575e-10,1.6600264433590564e-11,5.2751133661260544e-11
2.309,1315.214935206513,5.231074356990619,0.1676322324757333,15.030728062417252,0.4971034374372878,0.0739830277367382,4.758082483583639e-06,3.5406851154702123e-07,5.660131358682777e-13,6.685196165167316e-13,1.0265190778804713e-13,2.424848812877958e-13,7.085898787202426e-08,8.896464766554654e-08,0.1958419164829738,0.26045621414283926,7.67337326870611e-16,1.8697090357368244e-15,1.5035722035274785e-13,3.775520236561072e-13,5.020598866144384e-13,5.198943854696416e-13,2.116423697034856e-06,2.3490964832361762e-06,0.010893735302716272,0.012902005084911218,0.25574383087232955,0.528826344037068,0.03409268992260558,0.11076373083765673,7.162902422368764e-08,1.5344449704873776e-07,2.793821331418346e-06,6.192855062636302e-06,7.029454408822504e-07,1.6627847827562093e-06,9.64573478384077e-06,1.9976753736150114e-05,2.1937922245918075e-09,4.706692200155765e-09,1.1178997287131899e-06,2.481596029197721e-06,1.3526915422726621e-11,4.097174992831171e-11,1.0189346259654316e-18,1.0536254595261294e-18,4.347465898513625e-12,5.142506194084311e-12,2.574665745578241e-12,5.516238048157514e-12,7.203919500690724e-16,1.3836860651232356e-15,1.3112516634791732e-08,2.6161499405761974e-08,1.3873045713483547e-19,4.2024242534503123e-19,0.006303096947932912,0.013035386665579594,3.3906925313401805e-31,1.0000000000000299e-30,2.940043957714888e-10,9.571007908317365e-10,1.6591179897037585e-11,5.272235380494527e-11
2.31,1315.171171038951,5.2312097374920645,0.16762789425630992,15.036693656654634,0.49710648985422784,0.07398360584329497,4.755866738069864e-06,3.5390422110137457e-07,5.654076950717006e-13,6.678056464410049e-13,1.0254088094858368e-13,2.422230184886864e-13,7.081534770717605e-08,8.891000550858689e-08,0.19583937394092354,0.2604532686384336,7.66496819460199e-16,1.8676641648215487e-15,1.502400663313422e-13,3.772584773675123e-13,5.014842966957851e-13,5.192992181819221e-13,2.1152594811566822e-06,2.3478082065720527e-06,0.010892890376680198,0.012901025987474555,0.2557428690532666,0.5288252402449668,0.034094007288821865,0.11076819621268746,7.160660053733889e-08,1.5339671750538042e-07,2.7938527047116318e-06,6.192934970115836e-06,7.027013841472771e-07,1.6622102598028384e-06,9.63979781006126e-06,1.9964491407528022e-05,2.192161856789425e-09,4.703202183582718e-09,1.1175502496812942e-06,2.4808243819085744e-06,1.3515060413880376e-11,4.093591073689907e-11,1.0184646552344962e-18,1.053141250648551e-18,4.345652415129018e-12,5.14036967402668e-12,2.5733418305373702e-12,5.513410778977022e-12,7.199277626245569e-16,1.382796795735082e-15,1.3112496496041838e-08,2.6161503010355735e-08,1.3863779571882647e-19,4.1996243815959453e-19,0.006303086398920741,0.013035386665582198,3.3906868565962668e-31,1.0000000000000304e-30,2.938477130279958e-10,9.565923274007422e-10,1.6582102282106966e-11,5.269359575005242e-11
2.311,1315.1274121341953,5.2313451177626895,0.16762355626881761,15.042659405277675,0.4971095405403399,0.07398418355781786,4.75365216103274e-06,3.5374001640522135e-07,5.648029455547051e-13,6.670924892206919e-13,1.0242998305543354e-13,2.419614589657419e-13,7.07717376984207e-08,8.885540086654939e-08,0.19583683256834172,0.26045032419940867,7.65657298259648e-16,1.8656216866488848e-15,1.5012301313014052e-13,3.7696518256525903e-13,5.009094421563813e-13,5.187048094503364e-13,2.114096140058949e-06,2.3465208922247156e-06,0.010892046382982154,0.012900047967201544,0.2557419066644743,0.5288241342963228,0.03409532483411616,0.11077266198029075,7.158418501874755e-08,1.533489550165506e-07,2.793884062859863e-06,6.193014832876489e-06,7.0245748544163e-07,1.6616361056758462e-06,9.633866362707605e-06,1.9952240446600223e-05,2.1905331401632373e-09,4.699715689208274e-09,1.1172010716246049e-06,2.4800533955942777e-06,1.3503217593225576e-11,4.090010826713883e-11,1.0179948548375917e-18,1.0526572143437242e-18,4.343839849585774e-12,5.1382342230411705e-12,2.5720186820563828e-12,5.510585132540511e-12,7.194639062563906e-16,1.3819081567370129e-15,1.3112476380551467e-08,2.616150661314564e-08,1.385452008465515e-19,4.196826508383981e-19,0.006303075861526765,0.013035386665584792,3.3906811881022515e-31,1.0000000000000293e-30,2.936911909844876e-10,9.560843836493481e-10,1.6573031583479813e-11,5.26648594800691e-11
2.312,1315.083658484226,5.231480497815678,0.16761921851281544,15.048625308286127,0.4971125894959809,0.07398476088052268,4.751438751512725e-06,3.5357589738929784e-07,5.64198886403689e-13,6.66380143786262e-13,1.0231921392832657e-13,2.4170020229664085e-13,7.072815781716864e-08,8.880083370423065e-08,0.19583429236556127,0.2604473808268196,7.648187618848601e-16,1.8635815978738174e-15,1.500060606417445e-13,3.766721389834027e-13,5.003353218658852e-13,5.181111581126505e-13,2.1129336726904334e-06,2.3452345390446323e-06,0.010891203320474076,0.012899071022772539,0.2557409437084303,0.5288230261974538,0.03409664255649363,0.11077712813421405,7.156177766287802e-08,1.533012095721584e-07,2.793915405894704e-06,6.193094651001831e-06,7.022137446018377e-07,1.6610623199973388e-06,9.627940434932251e-06,1.994000083935505e-05,2.1889060725228286e-09,4.696232712380558e-09,1.1168521942086391e-06,2.47928306952552e-06,1.3491386944361298e-11,4.0864342469828746e-11,1.0175252247121302e-18,1.052173350552859e-18,4.342028203545733e-12,5.136099843122362e-12,2.5706962994712056e-12,5.507761107461449e-12,7.190003806436096e-16,1.3810201475237448e-15,1.3112456288289235e-08,2.616151021412839e-08,1.3845267257447774e-19,4.194030635559943e-19,0.006303065335736699,0.013035386665587404,3.390675525850456e-31,1.0000000000000309e-30,2.9353482942621513e-10,9.555769588860404e-10,1.6563967792822872e-11,5.263614496890186e-11
2.313,1315.0399100842756,5.231615877653587,0.16761488098820287,15.054591365679745,0.497115636725535,0.07398533781222347,4.7492265077742405e-06,3.534118639265836e-07,5.63595516510369e-13,6.656686088382104e-13,1.0220857338258208e-13,2.4143924804863065e-13,7.068460802241111e-08,8.87463039708323e-08,0.19583175332886907,0.26044443851633664,7.639812088330292e-16,1.8615438948619884e-15,1.498892087011135e-13,3.763793462112431e-13,4.997619345233537e-13,5.175182628299389e-13,2.1117720776450182e-06,2.343949145488293e-06,0.010890361188041086,0.012898095152906967,0.25573998018356153,0.5288219159462939,0.03409796045801213,0.11078159468137005,7.153937845102932e-08,1.5325348113283642e-07,2.7939467338186722e-06,6.193174424510733e-06,7.019701610819458e-07,1.6604889014846338e-06,9.622020005437974e-06,1.992777254185407e-05,2.18728064847591e-09,4.692753241577987e-09,1.116503615930377e-06,2.4785134003789113e-06,1.3479568448431983e-11,4.082861328832998e-11,1.0170557650647567e-18,1.0516896594955433e-18,4.340217473520533e-12,5.133966530172652e-12,2.569374681706933e-12,5.504938701472951e-12,7.185371853517476e-16,1.3801327672719446e-15,1.3112436219229063e-08,2.616151381331086e-08,1.3836021051119784e-19,4.191236751302141e-19,0.006303054821536343,0.013035386665590034,3.3906698698332284e-31,1.0000000000000314e-30,2.9337862763502794e-10,9.550700507804934e-10,1.655491089834069e-11,5.260745217945378e-11
2.314,1314.99616692886,5.231751257281233,0.16761054369480718,15.060557577458288,0.4971186822326379,0.07398591435362423,4.747015429237445e-06,3.5324791597606536e-07,5.629928350438528e-13,6.649578834046517e-13,1.0209806125384575e-13,2.4117859583697036e-13,7.064108829051468e-08,8.869181163737149e-08,0.19582921545532572,0.2604414972646637,7.631446378765603e-16,1.859508574649594e-15,1.4977245721797629e-13,3.760868040258288e-13,4.99189279080398e-13,5.169261225247904e-13,2.1106113540275786e-06,2.3426647105793715e-06,0.010889519984529457,0.012897120356278456,0.2557390160890624,0.5288208035423742,0.03409927853995376,0.11078606162615322,7.151698738229044e-08,1.5320576969732955e-07,2.793978046645791e-06,6.193254153447682e-06,7.017267348073409e-07,1.6599158499700067e-06,9.616105071078134e-06,1.991555554774969e-05,2.1856568666880416e-09,4.6892772739849445e-09,1.1161553367428942e-06,2.4777443880634475e-06,1.3467762090090955e-11,4.0792920676631506e-11,1.0165864758235097e-18,1.0512061411032857e-18,4.338407656963569e-12,5.131834281208466e-12,2.568053828312165e-12,5.502117913644052e-12,7.180743201203886e-16,1.3792460154925916e-15,1.3112416173343635e-08,2.6161517410697955e-08,1.3826781461562216e-19,4.188444854400755e-19,0.0063030443189113616,0.013035386665592646,3.3906642200428688e-31,1.0000000000000313e-30,2.9322258552076436e-10,9.545636590467428e-10,1.6545860892798875e-11,5.257878108912209e-11
2.315,1314.9524290081808,5.231886636717662,0.16760620663199974,15.06652394362154,0.4971217260154438,0.07398649050461321,4.7448055158492866e-06,3.530840535359278e-07,5.623908413152564e-13,6.642479666814059e-13,1.0198767737445321e-13,2.4091824526909134e-13,7.059759860692006e-08,8.86373566862571e-08,0.19582667874748233,0.26043855707580665,7.623090478230905e-16,1.8574756343586154e-15,1.4965580614712534e-13,3.7579451231735907e-13,4.986173546106772e-13,5.163347362461576e-13,2.109451501196826e-06,2.3413812336232576e-06,0.010888679708762849,0.012896146631533831,0.25573805142961625,0.528819688996575,0.03410059679811123,0.1107905289551234,7.149460446631132e-08,1.5315807528700585e-07,2.794009344426323e-06,6.193333837937502e-06,7.014834660136892e-07,1.659343166019682e-06,9.610195640240591e-06,1.9903349874582735e-05,2.18403472836534e-09,4.6858048122364336e-09,1.1158073575375647e-06,2.4769760345710305e-06,1.3455967855810383e-11,4.075726459423041e-11,1.0161173566711696e-18,1.0507227950539766e-18,4.336598758300907e-12,5.129703101494058e-12,2.5667337391087646e-12,5.499298743629212e-12,7.176117847644027e-16,1.3783598918412544e-15,1.3112396150598801e-08,2.6161521006280937e-08,1.381754853002449e-19,4.185654957386014e-19,0.006303033827847455,0.013035386665595282,3.3906585764716798e-31,1.0000000000000318e-30,2.9306670339737505e-10,9.54057784714371e-10,1.6536817771650695e-11,5.255013168384418e-11
2.316,1314.9086963151135,5.232022015973226,0.1676018697994305,15.072490464169292,0.4971247680753219,0.07398706626555536,4.742596766119988e-06,3.529202764974314e-07,5.617895342872595e-13,6.635388574527134e-13,1.0187742155774976e-13,2.4065819590755146e-13,7.055413893501756e-08,8.858293907220995e-08,0.19582414320464522,0.26043561794944986,7.614744371835236e-16,1.8554450703878895e-15,1.4953925534580358e-13,3.75502470731065e-13,4.980461598757168e-13,5.157441027197354e-13,2.1082925178699177e-06,2.340098713213167e-06,0.010887840359619785,0.012895173977384539,0.2557370862066586,0.5288185723130495,0.03410191523152927,0.11079499666540332,7.147222968951112e-08,1.531103978734637e-07,2.7940406271822946e-06,6.193413478042277e-06,7.012403543082464e-07,1.6587708487133445e-06,9.604291697295138e-06,1.9891155490150374e-05,2.1824142293650824e-09,4.682335847491448e-09,1.1154596772714797e-06,2.4762083375995928e-06,1.3444185727667169e-11,4.0721644987308835e-11,1.0156484076897283e-18,1.0502396214382816e-18,4.334790777833809e-12,5.127572991414377e-12,2.565414413148848e-12,5.496481189433502e-12,7.171495788847056e-16,1.3774743955624952e-15,1.3112376150964769e-08,2.616152460005914e-08,1.3808322238928159e-19,4.1828670549677284e-19,0.006303023348330443,0.013035386665597906,3.390652939112043e-31,1.0000000000000344e-30,2.9291098074553824e-10,9.535524261002712e-10,1.652778152443358e-11,5.252150393075634e-11
2.317,1314.8649688480696,5.232157395040127,0.167597533197331,15.07845713910133,0.49712780842059157,0.07398764163784888,4.740389177842036e-06,3.5275658469841693e-07,5.611889127336019e-13,6.628305542796195e-13,1.0176729362101334e-13,2.4039844732418616e-13,7.051070922600133e-08,8.852855873463552e-08,0.19582160881914945,0.260432679876002,7.606408044164465e-16,1.8534168790086786e-15,1.4942280461115516e-13,3.7521067876125205e-13,4.974756934760807e-13,5.151542205045077e-13,2.107134402423275e-06,2.338817147564045e-06,0.010887001936013234,0.012894202392582604,0.2557361204146533,0.5288174534815252,0.03410323384622874,0.11079946477677906,7.144986302412264e-08,1.530627373979074e-07,2.79407189488942e-06,6.193493073721337e-06,7.009973988832335e-07,1.65819889614888e-06,9.598393211196756e-06,1.9878972330323792e-05,2.1807953621510374e-09,4.6788703636280406e-09,1.1151122936465537e-06,2.475441292060626e-06,1.3432415685344968e-11,4.0686061794798163e-11,1.0151796292848052e-18,1.049756620681494e-18,4.332983707073852e-12,5.125443940957032e-12,2.564095849111907e-12,5.493665248263495e-12,7.166877019799803e-16,1.3765895257044688e-15,1.3112356174420748e-08,2.6161528192049433e-08,1.379910251558841e-19,4.1800811251625166e-19,0.006303012880346256,0.013035386665600522,3.39064730795638e-31,1.000000000000035e-30,2.927554165060431e-10,9.530475797637224e-10,1.6518752137107508e-11,5.249289778562503e-11
2.318,1314.8212465990805,5.232292773931388,0.16759319682526572,15.084423968417454,0.4971308470517896,0.07398821662173664,4.738182751428625e-06,3.5259297817175685e-07,5.60588976071903e-13,6.621230564836713e-13,1.0165729341211829e-13,2.4013899916310794e-13,7.046730947177009e-08,8.847421566404765e-08,0.19581907559117,0.26042974285630893,7.598081484927663e-16,1.851391057740598e-15,1.4930645392250984e-13,3.749191363597129e-13,4.969059545883786e-13,5.145650887559724e-13,2.1059771544142526e-06,2.337536536201679e-06,0.010886164436758957,0.012893231875765406,0.25573515405589653,0.528816332507947,0.03410455264038396,0.11080393328354832,7.142750448565662e-08,1.530150938942585e-07,2.7941031475862143e-06,6.193572625073472e-06,7.007546001139215e-07,1.6576273092227122e-06,9.592500195926998e-06,1.9866800424227796e-05,2.1791781292013886e-09,4.675408366010124e-09,1.114765207996786e-06,2.4746749009285614e-06,1.3420657716684515e-11,4.065051498033769e-11,1.0147110210896215e-18,1.0492737924102379e-18,4.331177547420837e-12,5.123315951806442e-12,2.5627780470774443e-12,5.4908509203254985e-12,7.162261539381164e-16,1.3757052820629422e-15,1.3112336220935554e-08,2.616153178224902e-08,1.3789889401417238e-19,4.1772971805497034e-19,0.006303002423880595,0.013035386665603168,3.3906416829970007e-31,1.0000000000000381e-30,2.9260001118386363e-10,9.52543247356128e-10,1.650972960667247e-11,5.246431323930078e-11
2.319,1314.777529560628,5.232428152658734,0.16758886068284076,15.090390952117477,0.49713388396973396,0.07398879121750065,4.735977485406348e-06,3.524294568099158e-07,5.599897232742975e-13,6.614163628601987e-13,1.0154742074421731e-13,2.3987985098639137e-13,7.042393963614738e-08,8.841990981570638e-08,0.1958165435205615,0.26042680689078046,7.589764679240859e-16,1.849367602983964e-15,1.4919020313961842e-13,3.746278431779487e-13,4.963369419842665e-13,5.139767062102436e-13,2.1048207725729353e-06,2.33625687773351e-06,0.010885327860739214,0.012892262425648567,0.25573418713236434,0.5288152093975784,0.034105871612498624,0.11080840218107472,7.14051540609986e-08,1.529674673351099e-07,2.7941343852979995e-06,6.193652132167993e-06,7.005119576224002e-07,1.6570560870495525e-06,9.586612636441329e-06,1.9854639740871057e-05,2.1775625265056843e-09,4.6719498460800615e-09,1.1144184193248728e-06,2.4739091620024603e-06,1.3408911803910489e-11,4.061500449055344e-11,1.0142425831706697e-18,1.0487911366991202e-18,4.329372300000397e-12,5.121189025322504e-12,2.5614610061060377e-12,5.488038203642479e-12,7.157649343628574e-16,1.3748216638878316e-15,1.3112316290478733e-08,2.6161535370655563e-08,1.378068288805347e-19,4.17451521863095e-19,0.006302991978919366,0.013035386665605829,3.3906360642263225e-31,1.0000000000000414e-30,2.9244476428027145e-10,9.520394272613523e-10,1.6500713922822843e-11,5.2435750259415845e-11
2.32,1314.7338177257225,5.232563531232044,0.16758452476972163,15.096358090201225,0.49713691917607633,0.07398936542554868,4.733773379595039e-06,3.5226602060160063e-07,5.593911536168425e-13,6.607104725634951e-13,1.014376754572807e-13,2.396210024194578e-13,7.038059970200581e-08,8.836564116878949e-08,0.19581401260636966,0.26042387197875677,7.581457615580838e-16,1.8473465119579723e-15,1.490740522020583e-13,3.743367990679128e-13,4.957686547145954e-13,5.133890718925436e-13,2.1036652561944606e-06,2.3349781713941865e-06,0.010884492206794952,0.01289129404089905,0.25573321964521833,0.5288140841540108,0.034107190761882254,0.11081287146734253,7.138281175614682e-08,1.529198577340017e-07,2.794165608052896e-06,6.193731595080562e-06,7.002694715291805e-07,1.6564852299231495e-06,9.580730536906245e-06,1.984249028904991e-05,2.1759485543565056e-09,4.668494804512355e-09,1.114071928174651e-06,2.4731440765026144e-06,1.339717793309988e-11,4.0579530283739795e-11,1.01377431532218e-18,1.0483086533412288e-18,4.3275679646798244e-12,5.119063161376727e-12,2.560144725959276e-12,5.485227097739426e-12,7.153040430540024e-16,1.3739386708056463e-15,1.3112296383020808e-08,2.616153895726929e-08,1.3771482986653817e-19,4.171735242820416e-19,0.0063029815454483185,0.013035386665608455,3.390630451636677e-31,1.0000000000000414e-30,2.9228967595994143e-10,9.51536120022941e-10,1.6491705080153722e-11,5.240720882917653e-11
