cell,z,T,p,u,dz,dt_try,used_fallback,substeps,halvings,dt_min,dt_effective,X_H2,X_CO,X_CO2,X_CH4,X_H2O,X_O2,X_N2,X_O,X_OH,X_H,X_HO2,X_H2O2,H2_CO
0,0.0,827.9667242325457,5100000.0,0.05404996147257502,0.001,0.01850140079206903,0,186,0,1e-08,0.01850140079206903,0.0003193103731896572,0.0010426667070343248,0.008314769332474287,0.4456865846116385,0.218324866642542,0.30192057223067853,0.010185890876735416,1.1793502678437799e-11,1.3436526059968625e-11,7.316069048234403e-14,3.964472891805183e-07,3.3341753808999506e-05,0.3062439522001017
1,0.001,828.2129601986142,5100000.0,0.05406603961070221,0.001,0.01849589885259606,0,185,0,1e-08,0.01849589885259606,0.00031767422769912685,0.0010390635678303151,0.008330390763766852,0.4456462568742831,0.2183730857144589,0.30188586115221033,0.010186003331687605,1.173734475813961e-11,1.3463626260847718e-11,7.305850853764697e-14,4.0071258334223254e-07,3.316820228471755e-05,0.30573127336421524
2,0.002,828.4603991667689,5100000.0,0.054081523064882155,0.001,0.018490603506123336,0,185,0,1e-08,0.018490603506123336,0.00031604712001753385,0.0010357939365003845,0.008345978734329256,0.445605807405037,0.21842146821413053,0.3018508267343914,0.010186114866256236,1.1684472827866583e-11,1.3523207033555857e-11,7.304868914762133e-14,4.0513707814345464e-07,3.317276850888817e-05,0.3051254780321998
3,0.003,828.7094261697744,5100000.0,0.05409708962570262,0.001,0.01848528279282662,0,185,0,1e-08,0.01848528279282662,0.00031442582516619054,0.0010328489582293796,0.0083615383279734,0.44556514835383176,0.2184701287099446,0.30181545713070934,0.010186225464892023,1.1634746483825746e-11,1.3606066703449886e-11,7.310514798319424e-14,4.09607508173925e-07,3.329853809819507e-05,0.3044257562162942
4,0.004,828.9603134875061,5100000.0,0.054112764521124214,0.001,0.018479928143564466,0,185,0,1e-08,0.018479928143564466,0.0003128084996087362,0.001030218686962979,0.008377074393588651,0.44552421668282743,0.2185191482342904,0.3017797453882799,0.010186335130291838,1.1588031471693627e-11,1.3705346104267821e-11,7.320849061624086e-14,4.140425077514226e-07,3.350372201660344e-05,0.30363310583200187
5,0.005,829.2132493390375,5100000.0,0.05412856551815855,0.001,0.018474533555937842,0,185,0,1e-08,0.018474533555937842,0.0003111943019276391,0.001027892400378154,0.008392591562344107,0.44548296781907276,0.2185685828856968,0.30174368822300707,0.010186443878539155,1.1544198392856975e-11,1.3815949741589111e-11,7.334440848514673e-14,4.1838471268931505e-07,3.3757765814105485e-05,0.3027498810314708
6,0.006,829.4683595690941,5100000.0,0.054144504822626255,0.001,0.01846909493910661,0,185,0,1e-08,0.01846909493910661,0.0003095831065956696,0.0010258588755521886,0.008408094261051841,0.4454413708909244,0.2186184702902802,0.30170728505187827,0.010186551735410733,1.150312209782371e-11,1.3934109210136256e-11,7.350243592266618e-14,4.225947860322646e-07,3.403846726345981e-05,0.30177942987433864
7,0.007,829.7257240118694,5100000.0,0.054160590515146455,0.001,0.018463609618885927,0,185,0,1e-08,0.018463609618885927,0.00030797528936933285,0.0010241066199319449,0.008423586723087809,0.4453994051545092,0.21866883445360502,0.3016705372392369,0.01018665873356227,1.1464681461118895e-11,1.405705397847599e-11,7.367499663264585e-14,4.266468901393113e-07,3.432983444356736e-05,0.3007258066448187
8,0.008,829.9853889185931,5100000.0,0.054176827634817355,0.0010000000000000009,0.018458075964516967,0,185,0,1e-08,0.018458075964516967,0.00030637156733170315,0.0010226240692813653,0.008439072997879079,0.4453570572976578,0.21871968942311787,0.30163344750169235,0.010186764910354393,1.1428759446467114e-11,1.4182763191114339e-11,7.385667780793011e-14,4.305252448321068e-07,3.4620490083599344e-05,0.2995935422750234
9,0.009000000000000001,830.247376297482,5100000.0,0.05419321900240551,0.0009999999999999992,0.01845249310537563,0,185,0,1e-08,0.01845249310537563,0.00030477288050940153,0.001021399741552433,0.008454556959947523,0.4453143194205598,0.21877104203309164,0.30159601945570863,0.010186870306206243,1.139524321450852e-11,1.4309778427070353e-11,7.40436800337248e-14,4.3422151693575904e-07,3.4902480349751964e-05,0.2983874658575642
10,0.01,830.511690895084,5100000.0,0.05420976583907197,0.0009999999999999992,0.01844686071820742,0,185,0,1e-08,0.01844686071820742,0.00030318030481106724,0.0010204223526941798,0.00847004231734535,0.4452711875294863,0.21882289395355334,0.301558257279055,0.010186974963357107,1.136402421651352e-11,1.4437062692283922e-11,7.42334026839387e-14,4.3773284540268464e-07,3.517038587528182e-05,0.29711256717435924
11,0.011,830.7783254672208,5100000.0,0.054226468228889414,0.0010000000000000009,0.018441178868205288,0,185,0,1e-08,0.018441178868205288,0.0003015949884816489,0.001019680908362435,0.008485532619756826,0.44522766040402356,0.2188752432308138,0.30152016545023475,0.01018707892492213,1.133499831553028e-11,1.4563894251878023e-11,7.442413252090065e-14,4.4106034434106124e-07,3.542065772608816e-05,0.29577388966318674
12,0.012,831.0472647317498,5100000.0,0.05424332546808852,0.0010000000000000009,0.018435447889128834,0,185,0,1e-08,0.018435447889128834,0.00030001810619320135,0.0010191647723803681,0.008501031266474682,0.44518373874925093,0.2189280854398086,0.3014817485522189,0.010187182234184296,1.1308065879993022e-11,1.4689786686513043e-11,7.46148102937858e-14,4.4420797148382403e-07,3.565112119740536e-05,0.2943764485623625
13,0.013000000000000001,831.3184882874365,5100000.0,0.0542603363269581,0.0009999999999999992,0.018429668293507617,0,185,0,1e-08,0.018429668293507617,0.0002984508262179478,0.0010188637130920828,0.008516541513981018,0.44513942456873895,0.2189814145360385,0.3014430111309154,0.010187284934077369,1.1283131813486542e-11,1.481442877153182e-11,7.480485624022749e-14,4.4718167758950884e-07,3.586060550539225e-05,0.2929251698563284
14,0.014,831.5919728169938,5100000.0,0.0542774992432112,0.0009999999999999992,0.018423840706424492,0,185,0,1e-08,0.018423840706424492,0.000296894287424724,0.0010187679378657652,0.008532066483568818,0.44509472069248085,0.21903522349519614,0.30140395758660854,0.010187387066800791,1.1260105578034908e-11,1.493763921247711e-11,7.499403979768354e-14,4.4998876453652193e-07,3.6048667022737104e-05,0.2914248440588865
15,0.015,831.8676937209733,5100000.0,0.05429481246789824,0.0010000000000000009,0.01841796581563386,0,185,0,1e-08,0.01841796581563386,0.0002953495835650176,0.0010188681151321341,0.008547609168913348,0.4450496304261793,0.2190895047867752,0.30136459209474215,0.010187488673545016,1.1238901179702591e-11,1.505933259309899e-11,7.518238249624361e-14,4.5263740433049374e-07,3.621538278100368e-05,0.28988009260326547
16,0.016,832.1456262889379,5100000.0,0.05431227417356475,0.0010000000000000009,0.01841204433466216,0,185,0,1e-08,0.01841204433466216,0.00029381775282667934,0.0010191553841054214,0.008563172443161278,0.4450041572975136,0.21914425071574756,0.3013249185536601,0.010187589794306671,1.121943709870425e-11,1.5179493830074666e-11,7.537008578937921e-14,4.5513628259564797e-07,3.636119696353436e-05,0.2882953447619591
17,0.017,832.4257465950844,5100000.0,0.05432988253171399,0.0010000000000000009,0.01840607697644608,0,185,0,1e-08,0.01840607697644608,0.0002922997714815792,0.001019621360693958,0.008578759066344848,0.4449583048626311,0.21919945368049482,0.30128494054278077,0.010187690467759797,1.1201636226284108e-11,1.529815892136446e-11,7.555747741924943e-14,4.57494331469962e-07,3.648680630248713e-05,0.2866748214088403
18,0.018000000000000002,832.7080320997045,5100000.0,0.054347635771975725,0.0009999999999999974,0.018400064433265483,0,185,0,1e-08,0.018400064433265483,0.00029079655025804124,0.0010202581336711922,0.008594371692057536,0.44491207657282694,0.21925510634956752,0.3012446613006155,0.010187790731184804,1.1185425744440068e-11,1.5415400564257782e-11,7.574497177454758e-14,4.5972053607165076e-07,3.6593075533633344e-05,0.28502252583046683
19,0.019,832.9924621242909,5100000.0,0.05436553222175908,0.0010000000000000009,0.018394007363359614,0,184,0,1e-08,0.018394007363359614,0.00028930893303576784,0.00102105826049766,0.00861001287466243,0.444865475669927,0.21931120179741279,0.30120408370475404,0.010187890620426434,1.1170737025295027e-11,1.553131730035773e-11,7.593304057185486e-14,4.6182379067258124e-07,3.668097437411849e-05,0.2833422383701786
20,0.02,833.2790181284226,5100000.0,0.05438357033749876,0.0010000000000000009,0.018387906380439998,0,184,0,1e-08,0.018387906380439998,0.000287837696807951,0.0010220147553999625,0.008625685075488167,0.4448185051211141,0.21936773358779973,0.30116321026748855,0.01018799016988871,1.1157505477523362e-11,1.5646025470116306e-11,7.612219137971707e-14,4.638127987512922e-07,3.6751531686696414e-05,0.281637515786459
21,0.021,833.567683927583,5100000.0,0.05440174872276142,0.0009999999999999974,0.018381762047689515,0,184,0,1e-08,0.018381762047689515,0.000286383552900076,0.0010231210780631767,0.008641390669408859,0.4447711675677437,0.21942469583675503,0.3011220431309016,0.010188089412545068,1.1145670410942528e-11,1.5759653150419255e-11,7.631295188224773e-14,4.6569600083399504e-07,3.680580158701496e-05,0.2799116928000501
22,0.022,833.858445825801,5100000.0,0.054420066142413584,0.0010000000000000009,0.01837557487311885,0,184,0,1e-08,0.01837557487311885,0.0002849471489211746,0.001024371119822338,0.008657131951144594,0.44472346529172135,0.21948208325162658,0.30108058406713417,0.010188188379965834,1.1135174887958803e-11,1.587233565225937e-11,7.650585849147947e-14,4.674815258947315e-07,3.684483894644001e-05,0.2781678860397728
23,0.023,834.1512926530232,5100000.0,0.05443852153113412,0.0010000000000000009,0.01836934530685385,0,184,0,1e-08,0.01836934530685385,0.00028352907100553633,0.0010257591862980384,0.008672911140628852,0.4446754002005166,0.2195398911460111,0.3010388344868271,0.010188287102360399,1.1125965549740881e-11,1.5984212228990365e-11,7.670144819671277e-14,4.6917716168486044e-07,3.686968216615451e-05,0.2764090000780708
24,0.024,834.4462158514937,5100000.0,0.05445711399562956,0.0010000000000000009,0.01836307374056318,0,184,0,1e-08,0.01836307374056318,0.00028212984689816607,0.0010272799847495958,0.008688730389849235,0.4446269738052039,0.21959811546110353,0.3009967954372032,0.01018838560862048,1.1117992490517233e-11,1.609542355085827e-11,7.690025279342492e-14,4.707903339570697e-07,3.688134037021761e-05,0.27463773371086997
25,0.025,834.743209397774,5100000.0,0.05447584282004161,0.0010000000000000009,0.018356760505816385,0,184,0,1e-08,0.018356760505816385,0.0002807499484734589,0.0010289286029941905,0.008704591786933285,0.44457818722827763,0.2196567527511052,0.3009544676198789,0.010188483926378677,1.1111209059084174e-11,1.6206110007190815e-11,7.710279494556199e-14,4.7232810116424746e-07,3.688078561984612e-05,0.2728565885489764
26,0.026000000000000002,835.0422698280099,5100000.0,0.05449470746054205,0.0009999999999999974,0.01835040587609479,0,184,0,1e-08,0.01835040587609479,0.00027938979507365904,0.0010307004956026486,0.008720497362410463,0.4445290411943868,0.21971580018768916,0.30091185139250337,0.010188582082062131,1.1105571729322395e-11,1.6316410352427645e-11,7.73095855391373e-14,4.7379715086135003e-07,3.6868946949815504e-05,0.27106787691054746
27,0.027,835.3433961846865,5100000.0,0.0545137075466952,0.0010000000000000009,0.01834401006652178,0,184,0,1e-08,0.01834401006652178,0.00027804975652238314,0.001032591466363286,0.00873644909408246,0.4444795360354338,0.21977525554715113,0.3008689467795582,0.010188680100952972,1.1101039938909663e-11,1.6426460815421617e-11,7.752112206966395e-14,4.752038042743515e-07,3.68467071297034e-05,0.26927373078305084
28,0.028,835.6465899338739,5100000.0,0.054532842877657,0.0010000000000000009,0.018337573235334064,0,184,0,1e-08,0.018337573235334064,0.0002767301559759632,0.001034597650132189,0.008752448911176578,0.44442967170134384,0.21983511719077234,0.3008257534860434,0.010188778007249233,1.109757592392039e-11,1.6536394504003588e-11,7.773788772581247e-14,4.7655402498874463e-07,3.68149011049234e-05,0.2674761110665637
29,0.029,835.9518549317243,5100000.0,0.05455211341644485,0.0009999999999999974,0.01833109548600083,0,184,0,1e-08,0.01833109548600083,0.00027543127307453344,0.0010367154980168078,0.00876849869953361,0.4443794477626854,0.2198953840543555,0.3007822709035501,0.010188875824124546,1.1095144584902929e-11,1.6646340967450433e-11,7.796035104245875e-14,4.778534284931604e-07,3.677431521120349e-05,0.2656768164471561
30,0.03,836.2591973834228,5100000.0,0.05457151928743054,0.0010000000000000009,0.018324576868255362,0,184,0,1e-08,0.018324576868255362,0.00027415334700461234,0.0010389417626020451,0.008784600306631765,0.44432886341498484,0.21995605563567766,0.30073849811666425,0.010188973573788259,1.1093713354017082e-11,1.6756425943568e-11,7.818896599958672e-14,4.791072942244282e-07,3.672568735309797e-05,0.2638774923418144
31,0.031,836.5686257093317,5100000.0,0.054591060773336086,0.0010000000000000009,0.01831801737929282,0,184,0,1e-08,0.01831801737929282,0.00027289657884397764,0.0010412734793236182,0.008800755544180285,0.44427791749943446,0.2200171319633582,0.30069443392163725,0.010189071277545184,1.109325202771508e-11,1.6866771297310092e-11,7.842417230594966e-14,4.803205810644597e-07,3.666970834684815e-05,0.26207964023173197
32,0.032,836.8801505191005,5100000.0,0.05461073830617416,0.0010000000000000009,0.018311416966998655,0,184,0,1e-08,0.018311416966998655,0.0002716611345074209,0.0010437079537900264,0.008816966193095554,0.4442266085050715,0.2200786135870088,0.30065007682988465,0.010189168955852349,1.1093732653719245e-11,1.6977494955845888e-11,7.866639598335988e-14,4.81497940646448e-07,3.660702298691506e-05,0.2602846260976888
33,0.033,837.1937845592641,5100000.0,0.05463055246525215,0.0010000000000000009,0.01830477553079941,0,184,0,1e-08,0.01830477553079941,0.00027044714739851467,0.001046242748189433,0.008833234007733327,0.44417493457578916,0.22014050156197404,0.30060542507484345,0.010189266628375722,1.1095129409929176e-11,1.7088710949387615e-11,7.891605011488122e-14,4.826437321457677e-07,3.653823167038355e-05,0.25849368883706464
34,0.034,837.5095425880055,5100000.0,0.054650503973445286,0.0010000000000000009,0.018298092923093656,0,183,0,1e-08,0.018298092923093656,0.0002692547204263112,0.0010488756650565796,0.008849560717961622,0.44412289353015466,0.22020279741988735,0.3005604766286182,0.010189364314042876,1.1097418459395922e-11,1.7200529552116988e-11,7.917353558215123e-14,4.837620385992153e-07,3.64638925960115e-05,0.25670794870790214
35,0.035,837.8274413824495,5100000.0,0.054670593688736065,0.0010000000000000009,0.018291368952264252,0,183,0,1e-08,0.018291368952264252,0.00026808392877278027,0.0010516047374959452,0.00886594803446448,0.44407048285838424,0.22026550316528526,0.30051522920033613,0.010189462031096625,1.1100577863762059e-11,1.7313057369071934e-11,7.94392420503849e-14,4.848566805363688e-07,3.6384523383071775e-05,0.25492841484447376
36,0.036000000000000004,838.1474996243195,5100000.0,0.05469082260440086,0.000999999999999994,0.018284603382789966,0,183,0,1e-08,0.018284603382789966,0.00026693482169560937,0.0010544282145348728,0.008882397650621226,0.4440176997405626,0.22032862124851885,0.3004696802510618,0.010189559797143635,1.1104587452568457e-11,1.742639754211502e-11,7.971354883815186e-14,4.859312318606729e-07,3.630060344340119e-05,0.25315599299792935
37,0.037,838.4697378752558,5100000.0,0.05471119184128242,0.0010000000000000009,0.01827779593800494,0,183,0,1e-08,0.01827779593800494,0.00026580742478474965,0.0010573445508938338,0.008898911246524267,0.44396454104943983,0.22039215455637484,0.30042382699637515,0.010189657629203248,1.1109428732296575e-11,1.754064991470391e-11,7.999682593375356e-14,4.869890337930826e-07,3.621257590587949e-05,0.25139149254615956
38,0.038,838.794178512978,5100000.0,0.0547317026459137,0.0010000000000000009,0.01827094630089425,0,183,0,1e-08,0.01827094630089425,0.0002647017418126819,0.0010603523955590734,0.008915490491716258,0.4439110033601237,0.22045610639521382,0.3003776664142642,0.010189755543752987,1.1115084784435042e-11,1.7655911241871384e-11,8.028943496374744e-14,4.880332091371588e-07,3.612084976749421e-05,0.24963563332463382
39,0.039,839.1208456337563,5100000.0,0.05475235638610353,0.0010000000000000009,0.0182640541157386,0,183,0,1e-08,0.0182640541157386,0.0002636177562241401,0.0010634505795906342,0.0089321370466796,0.44385708296566717,0.22052048046784642,0.3003311952576448,0.010189853556769197,1.1121540156644225e-11,1.7772275418724033e-11,8.059173007554072e-14,4.890666763510072e-07,3.6025802121127706e-05,0.24788905218860044
40,0.04,839.4497651194866,5100000.0,0.05477315454434888,0.0010000000000000009,0.018257118990477682,0,183,0,1e-08,0.018257118990477682,0.0002625554335621693,0.0010666381108485248,0.008948852568815592,0.44380277586435074,0.22058528088243592,0.3002844100442965,0.010189951683775178,1.1128780815465433e-11,1.7889833641152093e-11,8.090405912790313e-14,4.900921612839834e-07,3.59277796778872e-05,0.24615230872756172
41,0.041,839.7809644578712,5100000.0,0.05479409872195185,0.0010000000000000009,0.018250140495501506,0,183,0,1e-08,0.018250140495501506,0.0002615147221603427,0.0010699141595080545,0.008965638711121294,0.4437480777896516,0.220650512113851,0.30023730708063023,0.010190049939872341,1.1136794016708291e-11,1.8008674696365147e-11,8.122676441710836e-14,4.911122113095174e-07,3.5827101288514706e-05,0.24442589140103252
42,0.042,840.1144728262548,5100000.0,0.05481519062710966,0.0010000000000000009,0.018243118167784608,0,183,0,1e-08,0.018243118167784608,0.0002604955553986041,0.0010732780542232845,0.008982497128234122,0.4436929841948124,0.22071617901621016,0.30018988244937783,0.010190148339785586,1.1145568270380742e-11,1.812888511883742e-11,8.156018384736077e-14,4.921292059100347e-07,3.572405927845952e-05,0.24271022255003702
43,0.043000000000000003,840.4503209834143,5100000.0,0.05483643208014053,0.000999999999999994,0.01823605150930584,0,183,0,1e-08,0.01823605150930584,0.0002594978526131897,0.0010767292713287414,0.008999429476716187,0.44363749027059646,0.2207822867985098,0.3001421320235808,0.010190246897894438,1.1155093243515401e-11,1.8250549451017723e-11,8.190465174796416e-14,4.931453689067456e-07,3.561892154756438e-05,0.2410056636548531
44,0.044,840.7885412266539,5100000.0,0.054857825006248515,0.0010000000000000009,0.01822893998962039,0,183,0,1e-08,0.01822893998962039,0.00025852152031428715,0.0010802674270419298,0.009016437416961159,0.443581590951807,0.22084884101315955,0.3000940514716783,0.010190345628265103,1.1165359689644251e-11,1.8373750453112453e-11,8.226049974000149e-14,4.941627791608615e-07,3.5511933258316384e-05,0.23931252006939652
45,0.045,841.1291674324955,5100000.0,0.05487937143254586,0.0010000000000000009,0.018221783047007663,0,183,0,1e-08,0.018221783047007663,0.00025756645379130855,0.0010838922730068868,0.009033522617449247,0.4435252809095323,0.2209158475607347,0.30004563625118047,0.010190444544688211,1.1176359407047979e-11,1.8498569292637277e-11,8.2628057786638e-14,4.951833803655182e-07,3.5403318192635475e-05,0.23763104526686854
46,0.046,841.472235005026,5100000.0,0.054901073490501745,0.0010000000000000009,0.018214580087819367,0,183,0,1e-08,0.018214580087819367,0.0002566325380469629,0.0010876036888223652,0.009050686756070467,0.44346855455933465,0.22098331267713597,0.299996881614983,0.010190543660707438,1.1188085170579805e-11,1.8625085772166453e-11,8.300765503437399e-14,4.962089910875082e-07,3.529328040838761e-05,0.23596144504147398
47,0.047,841.8177808392089,5100000.0,0.05492293341241216,0.0010000000000000009,0.018207330487814196,0,183,0,1e-08,0.018207330487814196,0.00025571964872840466,0.0010914016755178976,0.009067931521678676,0.44341140606688845,0.22105124292387174,0.29994778261568633,0.010190642989646916,1.1200530671380304e-11,1.8753378540938376e-11,8.33996206402306e-14,4.972413140262088e-07,3.518200571748175e-05,0.23430388138909466
48,0.048,842.1658433409019,5100000.0,0.054944953528852064,0.0010000000000000009,0.018200033593165063,0,183,0,1e-08,0.018200033593165063,0.0002548276532866002,0.0010952863513442822,0.009085258617202115,0.4433538293439477,0.22111964518938743,0.2998983341021878,0.010190742544642084,1.1213690476618926e-11,1.888352528394009e-11,8.380428469707036e-14,4.982819444898027e-07,3.506966291268751e-05,0.23265847599930517
49,0.049,842.5164623061639,5100000.0,0.054967136269810826,0.0010000000000000009,0.018192688720245796,0,182,0,1e-08,0.018192688720245796,0.00025395641127049087,0.001099257943073764,0.009102669758247256,0.4432958180684144,0.22118852666366604,0.2998485307355409,0.0101908423386552,1.1227559950465079e-11,1.901560294490794e-11,8.422197881623157e-14,4.993323789402901e-07,3.495640534055801e-05,0.2310253138224988
50,0.05,842.8696790883702,5100000.0,0.0549894841567251,0.0010000000000000009,0.018185295158432632,0,182,0,1e-08,0.018185295158432632,0.000253105776111965,0.0011033167874190987,0.009120166680419775,0.4432373656552077,0.22125789486808498,0.29979836696550577,0.0101909423845172,1.1242135261480811e-11,1.9149687863678548e-11,8.465303732093996e-14,5.003940219146023e-07,3.4842371524577605e-05,0.22940444575672164
51,0.051000000000000004,843.2255364746579,5100000.0,0.05501199981315553,0.0010000000000000009,0.018177852166735113,0,182,0,1e-08,0.018177852166735113,0.0002522755952392375,0.0011074633227953013,0.009137751137568883,0.443178465276945,0.22132775762971277,0.2997478370468143,0.010191042694940262,1.1257413307139011e-11,1.9285856016337135e-11,8.509779784359417e-14,5.014681939715266e-07,3.472768669464361e-05,0.22779589178852386
52,0.052000000000000005,843.584078672541,5100000.0,0.05503468595664813,0.000999999999999994,0.018170358976659067,0,182,0,1e-08,0.018170358976659067,0.00025146571073457116,0.0011116980851946959,0.009155424903221045,0.4431191098657246,0.22139812307697718,0.2996969350404507,0.010191143282538515,1.1273391673585225e-11,1.9424183185989764e-11,8.555660204916806e-14,5.025561382816805e-07,3.461246379449215e-05,0.2261996436654211
53,0.053,843.9453513741805,5100000.0,0.05505754539774231,0.0010000000000000009,0.01816281479270245,0,182,0,1e-08,0.01816281479270245,0.0002506759603088011,0.0011160217068664426,0.009173189774324037,0.44305929210168876,0.22146899965029743,0.29964565480433497,0.010191244159856148,1.1290068618804243e-11,1.9564745124618334e-11,8.602979656730895e-14,5.036590268566024e-07,3.449680424939119e-05,0.22461566721013623
54,0.054,844.3094017637798,5100000.0,0.05508058104400813,0.0010000000000000009,0.01815521879119292,0,182,0,1e-08,0.01815521879119292,0.00024990617790175674,0.0011204349132934506,0.009191047573126672,0.4429990044113937,0.22154039610191475,0.29959398999177755,0.010191345339388504,1.1307443040565871e-11,1.9707617742528745e-11,8.651773380687118e-14,5.047779666690865e-07,3.43807988909697e-05,0.22304390459163098
55,0.055,844.6762784925415,5100000.0,0.05510379590040697,0.0010000000000000009,0.018147570120348375,0,182,0,1e-08,0.018147570120348375,0.0002491561940693751,0.0011249385193869393,0.009209000147892651,0.4429382389716716,0.22161232148971394,0.2995419340543843,0.01019144683359846,1.13255144386435e-11,1.985287728762701e-11,8.702077265334388e-14,5.059140054192606e-07,3.426452889370497e-05,0.22148427649642435
56,0.056,845.0460316393207,5100000.0,0.055127193067562565,0.0010000000000000009,0.018139867901027083,0,182,0,1e-08,0.018139867901027083,0.0002484258362669554,0.0011295334254639766,0.009227049373027757,0.44287698771592926,0.2216847851684757,0.29948948024696237,0.010191548654928953,1.1344282874303646e-11,2.0000600519924273e-11,8.753927911917768e-14,5.070681367623957e-07,3.414806663380078e-05,0.2199366841799391
57,0.057,845.4187128783193,5100000.0,0.055150775739115816,0.0010000000000000009,0.01813211122778004,0,182,0,1e-08,0.01813211122778004,0.0002477149300125689,0.0011342206200976247,0.009245197155646104,0.44281524230523245,0.2217577968207662,0.2994366216041564,0.010191650815838947,1.1363748986654408e-11,2.0150864849368063e-11,8.80736274667801e-14,5.082413051179348e-07,3.4031476014072255e-05,0.21840101089966746
58,0.058,845.7943753144308,5100000.0,0.05517454721246888,0.0010000000000000009,0.018124299165503822,0,182,0,1e-08,0.018124299165503822,0.0002470232984986134,0.0011390011724669315,0.009263445431548533,0.44275299415597086,0.22183136642445286,0.2993833509624428,0.010191753328799872,1.1383913922372626e-11,2.0303748546923755e-11,8.862420059841407e-14,5.094344106399567e-07,3.3914813624852585e-05,0.2168771239836324
59,0.059000000000000004,846.173073639822,5100000.0,0.0551985108780484,0.000999999999999994,0.018116430753165092,0,182,0,1e-08,0.018116430753165092,0.00024635076358337925,0.0011438762352104011,0.009281796171231987,0.4426902344128597,0.2219055042817402,0.29932966093833335,0.010191856206328129,1.14047793513543e-11,2.0459330868575616e-11,8.91913911121699e-14,5.106483133251469e-07,3.3798128965143046e-05,0.21536487602442955
60,0.06,846.554864054724,5100000.0,0.055222670229341124,0.0010000000000000009,0.01810850500069946,0,182,0,1e-08,0.01810850500069946,0.000245697145716696,0.0011488470399275209,0.009300251378359024,0.44262695396203733,0.22198022100324846,0.29927554393873423,0.010191959460989164,1.1426347421900884e-11,2.0617692246193747e-11,8.977560188749004e-14,5.1188383727963e-07,3.368146528380187e-05,0.21386410651516904
61,0.061,846.9398044301728,5100000.0,0.05524702885769221,0.0010000000000000009,0.0181005208909215,0,182,0,1e-08,0.0181005208909215,0.00024506226481896596,0.0011539149004935242,0.009318813095825731,0.442563143403109,0.2220555275383856,0.29922099213831277,0.010192063105429824,1.1448620779002429e-11,2.077891442397134e-11,9.037724717880137e-14,5.131417744919104e-07,3.356485977114462e-05,0.21237464280438179
62,0.062,847.3279541879381,5100000.0,0.055271590462742284,0.0010000000000000009,0.018092477376312976,0,181,0,1e-08,0.018092477376312976,0.00024444593997848256,0.0011590812076230903,0.009337483402757954,0.4424987930691719,0.2221314351518232,0.29916599749542866,0.010192167152375595,1.1471602511909142e-11,2.0943080657634357e-11,9.099675313127215e-14,5.14422888658694e-07,3.344834443004072e-05,0.21089630163167258
63,0.063,847.7193744537328,5100000.0,0.05529635884459565,0.0010000000000000009,0.018084373381806046,0,181,0,1e-08,0.018084373381806046,0.0002438479901901328,0.0011643474321834184,0.009356264420107712,0.44243389300046815,0.22220795545228297,0.29911055173082957,0.010192271614660305,1.1495296171444584e-11,2.1110275846697534e-11,9.163455884437543e-14,5.15727918441802e-07,3.333194620434661e-05,0.20942888990862624
64,0.064,848.1141279794135,5100000.0,0.05532133791364797,0.0010000000000000009,0.018076207801787408,0,181,0,1e-08,0.018076207801787408,0.00024326823417526153,0.0011697151214214343,0.009375158308822303,0.4423684329572055,0.222285100377282,0.2990546463378208,0.010192376505226555,1.1519705730778378e-11,2.1280586722635606e-11,9.229111699515278e-14,5.170575807932147e-07,3.321568766734166e-05,0.20797220598434488
65,0.065,848.512279316711,5100000.0,0.0553465316854951,0.0010000000000000009,0.018067979501994253,0,181,0,1e-08,0.018067979501994253,0.00024270649109077,0.0011751859031501766,0.00939416727597564,0.44230240238975993,0.22236288222600273,0.2989982725581599,0.010192481837157243,1.1544835608438216e-11,2.1454101988778523e-11,9.296689498408804e-14,5.184125739073916e-07,3.309958707672875e-05,0.2065260402121711
66,0.066,848.9138947204056,5100000.0,0.0553719442920893,0.0010000000000000009,0.0180596873161065,0,181,0,1e-08,0.0180596873161065,0.00024216258023542538,0.001180761481669623,0.009413293572188178,0.44223579045470385,0.22244131364056483,0.29894142139480556,0.010192587623672051,1.1570690626459024e-11,2.1630912516733987e-11,9.366237555199587e-14,5.197935801941445e-07,3.2983659062238844e-05,0.20509017612346409
67,0.067,849.3190422743062,5100000.0,0.055397579975426804,0.0010000000000000009,0.018051330048055887,0,181,0,1e-08,0.018051330048055887,0.00024163632151347452,0.0011864436407227144,0.009432539496090879,0.4421685859930553,0.22252040762998726,0.29888408359433244,0.01019269387815165,1.1597276022859621e-11,2.1811111491879247e-11,9.437805784906062e-14,5.212012688518413e-07,3.286791471879597e-05,0.20366439097459643
68,0.068,849.7277919698101,5100000.0,0.055423443095625746,0.0010000000000000009,0.0180429064696438,0,181,0,1e-08,0.0180429064696438,0.00024112753568135894,0.0011922342450933342,0.009451907397231079,0.44210077751660715,0.22260017758510448,0.2988262496357458,0.010192800614155634,1.1624597453074815e-11,2.1994794596024972e-11,9.511445848237951e-14,5.226362985911935e-07,3.2752361878445796e-05,0.20224845635304012
69,0.069,850.1402156600066,5100000.0,0.055449538135942084,0.0010000000000000009,0.018034415319174796,0,181,0,1e-08,0.018034415319174796,0.0002406360441752369,0.0011981352384634893,0.009471399674937502,0.4420323532152704,0.22268063726981865,0.29876790973629175,0.010192907845423703,1.1652660962328975e-11,2.2182060196619347e-11,9.58721122912673e-14,5.240993200228398e-07,3.2637005587707325e-05,0.20084213905922088
70,0.07,850.5563872678567,5100000.0,0.05547586969975466,0.0010000000000000009,0.018025855302714132,0,181,0,1e-08,0.018025855302714132,0.00024016166970069184,0.0012041486492226404,0.009491018785252141,0.4419633009214414,0.22276180086097544,0.298709053822607,0.010193015585909591,1.1681473018232186e-11,2.2373009510721203e-11,9.665157370580319e-14,5.255909780636145e-07,3.252184803286751e-05,0.1994452012679103
71,0.07100000000000001,850.9763826198811,5100000.0,0.0555024425239516,0.0010000000000000009,0.018017225090021207,0,181,0,1e-08,0.018017225090021207,0.00023970423566654404,0.001210276584863715,0.009510767235818837,0.4418936081376339,0.2228436829167624,0.29864967155290334,0.010193123849765,1.171104045624014e-11,2.2567746821401183e-11,9.745341733682257e-14,5.271119140325e-07,3.2406889243080275e-05,0.19805740164223395
72,0.07200000000000001,851.4002797433322,5100000.0,0.05552926146814963,0.000999999999999987,0.018008523318351087,0,181,0,1e-08,0.018008523318351087,0.0002392635669633601,0.001216521240721377,0.009530647595546763,0.44182326198576355,0.2229262984337892,0.29858975227599427,0.010193232651384707,1.1741370533382637e-11,2.2766379625879854e-11,9.827823955143849e-14,5.28662767787199e-07,3.229212676671334e-05,0.19667849516666125
73,0.073,851.828158723663,5100000.0,0.055556331533826143,0.0010000000000000009,0.01799974858655199,0,180,0,1e-08,0.01799974858655199,0.0002388394894538802,0.0012228848952991675,0.009550662490172905,0.44175224923072126,0.22300966282013657,0.29852928505018894,0.010193342005392538,1.1772470880119751e-11,2.2969018870887742e-11,9.91266592203904e-14,5.302441796987168e-07,3.217755632194758e-05,0.1953082341371551
74,0.074,852.2601020371541,5100000.0,0.05558365785507719,0.0010000000000000009,0.01799089945838564,0,180,0,1e-08,0.01799089945838564,0.00023843183074210452,0.0012293699202821336,0.009570814612964523,0.4416805562236638,0.22309379195936274,0.2984682585974135,0.010193451926691115,1.1804349561494803e-11,2.3175779131350472e-11,9.999931949567452e-14,5.318567928114342e-07,3.206317144357935e-05,0.19394636781692667
75,0.075,852.6961942423018,5100000.0,0.055611245720035875,0.0010000000000000009,0.017981974455927648,0,180,0,1e-08,0.017981974455927648,0.0002380404192284805,0.0012359787709725067,0.009591106714860916,0.44160816895353355,0.22317870215194713,0.29840666134473215,0.010193562430424035,1.1837014992661845e-11,2.3386778860545864e-11,1.008968882591515e-13,5.335012544103698e-07,3.194896439922546e-05,0.19259264383738797
76,0.076,853.136522518762,5100000.0,0.05563910055092136,0.0010000000000000009,0.017972972066376103,0,180,0,1e-08,0.017972972066376103,0.00023766508531911163,0.001242714002793084,0.009611541621673037,0.44153507295546207,0.2232644102189728,0.2983444813503215,0.010193673532053473,1.1870476045843069e-11,2.3602140554499014e-11,1.0182006041340019e-13,5.351782180946179e-07,3.183492538751799e-05,0.1912468072178661
77,0.077,853.581176398865,5100000.0,0.055667227938766876,0.0010000000000000009,0.01796389073118543,0,180,0,1e-08,0.01796389073118543,0.00023730566057558492,0.001249578263141295,0.00963212222544581,0.44146125335548886,0.22335093345129353,0.2982817063394073,0.010193785247327197,1.1904741975496493e-11,2.382199105549451e-11,1.0276955862716172e-13,5.36888345596341e-07,3.1721043461313545e-05,0.18990860162614062
78,0.078,854.0302479937526,5100000.0,0.05569563362605892,0.0010000000000000009,0.017954728852067857,0,180,0,1e-08,0.017954728852067857,0.0002369619780732539,0.0012565742984928692,0.009652851491536184,0.44138669483167253,0.2234382896535789,0.29821832367285867,0.010193897592312397,1.1939822454616006e-11,2.40464617467941e-11,1.0374613502497349e-13,5.386323083034713e-07,3.160730628429623e-05,0.18857776922340785
79,0.079,854.4838320762597,5100000.0,0.05572432352128815,0.0010000000000000009,0.01794548478669238,0,180,0,1e-08,0.01794548478669238,0.00023663387238482438,0.0012637049571955071,0.00967373246110282,0.4413113815993821,0.22352649716094483,0.29815432033520944,0.010194010583410342,1.1975727578871378e-11,2.4275688814415353e-11,1.0475057274056986e-13,5.404107890480797e-07,3.149370028266049e-05,0.1872540509059781
80,0.08,854.9420261165695,5100000.0,0.05575330370425714,0.0010000000000000009,0.01793615684739493,0,180,0,1e-08,0.01793615684739493,0.00023632117944616661,0.0012709731909286601,0.00969476825201338,0.44123529740449147,0.22361557484664393,0.2980896829291114,0.010194124237363595,1.2012467860042358e-11,2.4509813514755817e-11,1.0578368742895151e-13,5.422244836580055e-07,3.138021084250455e-05,0.18593718666362596
81,0.081,855.4049305480422,5100000.0,0.055782580428344136,0.0010000000000000009,0.017926743300886862,0,180,0,1e-08,0.017926743300886862,0.00023602373688853614,0.0012783820632518196,0.00971596206709942,0.4411584254777472,0.22370554217389677,0.29802439763834576,0.010194238571295521,1.2050054269693033e-11,2.4748982443614386e-11,1.0684632934656863e-13,5.440741028095798e-07,3.126682211345184e-05,0.18462691528083766
82,0.082,855.8726486485893,5100000.0,0.05581216013760904,0.0010000000000000009,0.017917242363213078,0,180,0,1e-08,0.017917242363213078,0.0002357413835505111,0.0012859347465250422,0.009737317190048389,0.44108074855388124,0.22379641917417412,0.2979584502432228,0.0101943536026955,1.2088498198771646e-11,2.499334785342618e-11,1.0793938472480939e-13,5.459603734694774e-07,3.115351751768613e-05,0.18332297512572135
83,0.083,856.3452868959075,5100000.0,0.05584204945910908,0.0010000000000000009,0.01790765220270544,0,180,0,1e-08,0.01790765220270544,0.00023547395992596002,0.0012936345333997828,0.009758836996387733,0.44100224881076316,0.22388822651640572,0.29789182607133474,0.010194469349470549,1.2127811519849854e-11,2.524306793325261e-11,1.0906377819378629e-13,5.478840407099108e-07,3.1040279358994814e-05,0.1820251035716511
84,0.084,856.8229549226354,5100000.0,0.05587225522576953,0.0010000000000000009,0.01789797093314355,0,179,0,1e-08,0.01789797093314355,0.00023522130780229716,0.001301484836156239,0.009780524951667152,0.44092290787598637,0.22398098549953435,0.29782451000278853,0.01019458582994043,1.2168006562245323e-11,2.5498307166218084e-11,1.1022047453439269e-13,5.498458693056014e-07,3.0927089236317876e-05,0.1807330375795939
85,0.085,857.3057656618017,5100000.0,0.055902784473456466,0.0010000000000000009,0.017888196615229727,0,179,0,1e-08,0.017888196615229727,0.00023498327025366043,0.0013094891919701115,0.00980238461562872,0.4408427068012488,0.22407471808173587,0.29775648644949737,0.010194703062858895,1.2209096128029683e-11,2.5759236649345617e-11,1.1141048085251625e-13,5.518466452336021e-07,3.0813928008176216e-05,0.17944651372046133
86,0.08600000000000001,857.7938355019048,5100000.0,0.05593364445032166,0.0010000000000000009,0.01787832725414784,0,179,0,1e-08,0.01787832725414784,0.00023475969162784106,0.001317651268566088,0.009824419646651034,0.4407616260350538,0.224169446911557,0.2976877393330762,0.010194821067436514,1.2251093509666122e-11,2.602603444652427e-11,1.1263484890705011e-13,5.538871772682551e-07,3.070077579308418e-05,0.17816526817699982
87,0.08700000000000001,858.2872845522506,5100000.0,0.0559648426267667,0.000999999999999987,0.017868360796957014,0,179,0,1e-08,0.017868360796957014,0.00023455041768411061,0.001325974873362464,0.009846633809664497,0.44067964537679105,0.22426519538028122,0.2976182520475843,0.010194939863379207,1.229401253001639e-11,2.629888599208846e-11,1.138946778992522e-13,5.559682990362757e-07,3.058761186083555e-05,0.1768890364334941
88,0.088,858.7862365244595,5100000.0,0.055996386712512086,0.0010000000000000009,0.017858295127756097,0,179,0,1e-08,0.017858295127756097,0.0002343552950846429,0.0013344639509306185,0.009869030971773732,0.4405967439954111,0.22436198760076964,0.29754800747465093,0.01019505947087114,1.2337867500912992e-11,2.6577984503113495e-11,1.1519111649807894e-13,5.580908703223043e-07,3.0474415106819435e-05,0.17561755409069682
89,0.089,859.2908191126933,5100000.0,0.056028284648925605,0.0010000000000000009,0.017848128070777496,0,179,0,1e-08,0.017848128070777496,0.0002341741716711039,0.0013431225958968297,0.009891615113674302,0.44051290036388396,0.22445984848223793,0.29747698793047295,0.010195179910628887,1.238267328649895e-11,2.6863531372617686e-11,1.1652536602392248e-13,5.602557789018456e-07,3.036116365136362e-05,0.17435055622360454
90,0.09,859.8011641281549,5100000.0,0.056060544633498875,0.0010000000000000009,0.01783785738325583,0,179,0,1e-08,0.01783785738325583,0.000234006896321576,0.0013519550583835646,0.009914390333243853,0.44042809223509205,0.22455880375784826,0.29740517514620757,0.010195301203920688,1.2428445313442789e-11,2.7155736663186725e-11,1.1789868343307908e-13,5.624639425496318e-07,3.0247834996302685e-05,0.1730877774897053
91,0.091,860.3174076242652,5100000.0,0.05609317512847945,0.0010000000000000009,0.01782748075339889,0,179,0,1e-08,0.01782748075339889,0.00023385331877465084,0.0013609657493020438,0.009937360848738959,0.44034229661913055,0.2246588800107115,0.29733255024961674,0.010195423372583699,1.2475199579167438e-11,2.7454819591236816e-11,1.1931238434076413e-13,5.647163108012046e-07,3.013440613077173e-05,0.17182895226759373
92,0.092,860.8396900973205,5100000.0,0.0561261848689044,0.0010000000000000009,0.017816995798587247,0,179,0,1e-08,0.017816995798587247,0.00023371328954380427,0.0013701592480834252,0.009960531004325954,0.4402554897477727,0.2247601047145584,0.29725909373632087,0.010195546439051644,1.2522952674144858e-11,2.7761009041160052e-11,1.2076784644091094e-13,5.670138668309104e-07,3.0020853503339484e-05,0.17057381459178686
93,0.093,861.3681566707604,5100000.0,0.05615958287549775,0.0010000000000000009,0.01780640006206844,0,179,0,1e-08,0.01780640006206844,0.00023358665978509847,0.0013795403100392975,0.009983905275021675,0.4401676470415763,0.22486250627139043,0.29718478544321425,0.010195670426380163,1.2571721800972277e-11,2.80745441038866e-11,1.2226651301436508e-13,5.693576293367275e-07,2.9907153047686764e-05,0.16932209815488794
94,0.094,861.9029573088901,5100000.0,0.056193378466510555,0.0010000000000000009,0.01779569101003544,0,178,0,1e-08,0.01779569101003544,0.00023347328117972284,0.0013891138747728488,0.010007488272495032,0.44007874307189476,0.22496611405497854,0.29710960451774265,0.010195795358275929,1.262152479786714e-11,2.8395674664866202e-11,1.2380989680662403e-13,5.717486546502664e-07,2.979328017686452e-05,0.1680735362447524
95,0.095,862.4442470805125,5100000.0,0.05622758127145804,0.0010000000000000009,0.01778486602815362,0,178,0,1e-08,0.01778486602815362,0.000233373005849554,0.0013988850762833224,0.010031284752375514,0.4399887515143462,0.22507095846411218,0.2970335293802408,0.010195921259133073,1.267238017124594e-11,2.8724662036855654e-11,1.2539958424252606e-13,5.741880389481294e-07,2.9679209741353857e-05,0.16682786156358131
96,0.096,862.9921863569889,5100000.0,0.0562622012480711,0.0010000000000000009,0.017773922417126987,0,178,0,1e-08,0.017773922417126987,0.0002332856861662454,0.001408859251191225,0.010055299619406264,0.4398976451131937,0.22517707096341474,0.29695653769514074,0.010196048154059431,1.2724307113945576e-11,2.9061779635910176e-11,1.2703723976551409e-13,5.766769205250076e-07,2.956491610135165e-05,0.16558480626719568
97,0.097,863.5469410161118,5100000.0,0.05629724869502077,0.0010000000000000009,0.01776285738966221,0,178,0,1e-08,0.01776285738966221,0.0002332111745445705,0.0014190419473101205,0.010079537932678724,0.4398053956445519,0.22528448412550925,0.2968786063412947,0.010196176068903558,1.2777325523357201e-11,2.940731368216098e-11,1.287246104174019e-13,5.792164819583701e-07,2.9450373163305013e-05,0.1643441020095539
98,0.098,864.1086828286275,5100000.0,0.05633273426501714,0.0010000000000000009,0.017751668067371,0,178,0,1e-08,0.017751668067371,0.00023314932340455342,0.0014294389380810693,0.010104004916550766,0.439711973848626,0.22539323170857653,0.29679971135712585,0.01019630503030783,1.2831456055204176e-11,2.9761563975028316e-11,1.3046353120154155e-13,5.818079528703765e-07,2.9335554211050563e-05,0.1631054794950119
99,0.099,864.6775895879086,5100000.0,0.05636866898967487,0.0010000000000000009,0.01774035147402846,0,178,0,1e-08,0.01774035147402846,0.0002330999848330984,0.0014400562291860997,0.010128705963363018,0.4396173494051108,0.22550334868460023,0.29671982792084955,0.010196435065723989,1.2886720123773972e-11,3.012484471556881e-11,1.3225593018496834e-13,5.844526123091964e-07,2.9220432124040853e-05,0.16186866881221948
100,0.1,865.2538454445684,5100000.0,0.056405064287826795,0.0010000000000000009,0.01772890453412387,0,178,0,1e-08,0.01772890453412387,0.00023306301042868056,0.0014509000717571486,0.010153646642489743,0.43952149087375914,0.2256148713074493,0.296638930302496,0.010196566203457727,1.2943139942672953e-11,3.0497485350558155e-11,1.34103834302412e-13,5.871517913300562e-07,2.9104979258265874e-05,0.16063339920193387
101,0.101,865.8376413556472,5100000.0,0.05644193198704312,0.0010000000000000009,0.01771732406731864,0,178,0,1e-08,0.01771732406731864,0.0002330382512133862,0.001461976979407961,0.0101788327128966,0.439424365615403,0.22572783720328202,0.29655699180000095,0.010196698472730198,1.3000738585503098e-11,3.0879831556880025e-11,1.360093760684381e-13,5.899068763995934e-07,2.8989167298766915e-05,0.15939939855123905
102,0.10200000000000001,866.429175178346,5100000.0,0.05647928435252649,0.0010000000000000009,0.017705606780679187,0,178,0,1e-08,0.017705606780679187,0.0002330255571910675,0.001473293734320364,0.010204270124404714,0.43932593977279516,0.22584228539258958,0.29647398472393205,0.010196831903686879,1.3059539974688421e-11,3.1272246230956514e-11,1.3797479969493728e-13,5.927193119504365e-07,2.887296756510535e-05,0.158166393953045
103,0.10300000000000001,867.02865221881,5100000.0,0.05651713409310651,0.0010000000000000009,0.017693749268188255,0,177,0,1e-08,0.017693749268188255,0.0002330247772672532,0.0014848574079037748,0.010229965033079267,0.4392261781742466,0.22595825640053366,0.2963898803196069,0.01019696652747239,1.3119568958795381e-11,3.167511056635145e-11,1.4000246876831247e-13,5.955906038860665e-07,2.875635069322119e-05,0.15693411099738017
104,0.10400000000000001,867.6362854706748,5100000.0,0.05655549439654906,0.000999999999999987,0.017681748001145678,0,177,0,1e-08,0.017681748001145678,0.00023303575887635158,0.0014966753719214084,0.010255923806787309,0.4391250442894852,0.2260757923075549,0.29630464873157203,0.01019710237625961,1.31808513258153e-11,3.208882522488237e-11,1.4209487376267981e-13,5.985223228408283e-07,2.86392868186595e-05,0.1557022740189704
105,0.105,868.2522961464342,5100000.0,0.05659437894487571,0.0010000000000000009,0.017669599324944,0,177,0,1e-08,0.017669599324944,0.00023305834779449187,0.0015087553191863255,0.010282153039736536,0.4390225001356413,0.22619493685703354,0.29621825892766923,0.010197239483321085,1.3243413872487936e-11,3.251381160297006e-11,1.4425464078247175e-13,6.015161081137506e-07,2.8521745384512197e-05,0.15447060555861414
106,0.106,868.8769139757534,5100000.0,0.056633801948544574,0.0010000000000000009,0.01765729945004513,0,177,0,1e-08,0.01765729945004513,0.00023309238773992283,0.0015211052771611844,0.010308659559583806,0.438918506222375,0.2263157355181903,0.29613067865488923,0.010197377883065703,1.3307284424684118e-11,3.2950513185631794e-11,1.4648454038348017e-13,6.045736713822631e-07,2.8403695289761925e-05,0.15323882655573953
107,0.107,869.5103777189814,5100000.0,0.056673778165615106,0.0010000000000000009,0.017644844447775268,0,177,0,1e-08,0.017644844447775268,0.000233137720085143,0.0015337336287165174,0.01033545044107252,0.43881302146018636,0.22643823559110401,0.29604187436544405,0.01019751761110632,1.3372491897755677e-11,3.3399396993540543e-11,1.487874975005664e-13,6.076968008464285e-07,2.8285104755409067e-05,0.1520066559929581
108,0.108,870.1529356515811,5100000.0,0.056714322934773485,0.0010000000000000009,0.017632230241910667,0,177,0,1e-08,0.017632230241910667,0.00023319418349986926,0.0015466491323404725,0.010362533018574111,0.43870600307328766,0.2265624863065281,0.2959518111465171,0.010197658704322281,1.3439066348301746e-11,3.3860955172004804e-11,1.5116660211343632e-13,6.108873657705738e-07,2.8165941312779634e-05,0.15077381070067733
109,0.109,870.8048460091424,5100000.0,0.0567554522064809,0.0010000000000000009,0.017619452600992774,0,177,0,1e-08,0.017619452600992774,0.0002332616135239571,0.001559860941456355,0.010389914897194203,0.4385974065187269,0.22668853891853608,0.2958604526552126,0.0101978012009156,1.3507039014623793e-11,3.4335706681235745e-11,1.5362512058229884e-13,6.141473210187245e-07,2.8046171836932865e-05,0.1495400053457161
110,0.11,871.466377624122,5100000.0,0.056797182571579514,0.0010000000000000009,0.017606507131577093,0,177,0,1e-08,0.017606507131577093,0.00023333984220122323,0.0015733786303115864,0.010417603969606955,0.43848718537254044,0.2268164468349204,0.2957677610267615,0.010197945140494383,1.357644239192337e-11,3.48241991438559e-11,1.5616650831680732e-13,6.174787122887774e-07,2.792576240562016e-05,0.14830495197142307
111,0.111,872.1378105159407,5100000.0,0.05683953130224512,0.0010000000000000009,0.01759338926780527,0,176,0,1e-08,0.01759338926780527,0.00023342869763227713,0.0015872122188193179,0.010445608431212713,0.4383752912233498,0.22694626573905835,0.2956736967888028,0.010198090564148693,1.3647310293596552e-11,3.532701087387202e-11,1.5879442343956853e-13,6.208836817411813e-07,2.7804678296185258e-05,0.1470683597722793
112,0.112,872.8194364363063,5100000.0,0.05688251638992962,0.0010000000000000009,0.017580094262092793,0,176,0,1e-08,0.017580094262092793,0.00023352800344316916,0.0016013721964541034,0.010473936793624947,0.43826167357297774,0.22707805370374504,0.2955782187815069,0.01019823751451875,1.371967790065371e-11,3.5844753018980034e-11,1.6151274122880484e-13,6.243644735509369e-07,2.7682884026249556e-05,0.1458299350770964
113,0.113,873.5115594873544,5100000.0,0.05692615658041744,0.0010000000000000009,0.017566617176891935,0,176,0,1e-08,0.017566617176891935,0.00023363757823633208,0.0016158695489891847,0.010502597900130455,0.4381462797241434,0.22721187131983295,0.2954812840673208,0.010198386035872432,1.3793581820578882e-11,3.6378071863967725e-11,1.6432556987905618e-13,6.279234398314258e-07,2.7560343308878586e-05,0.1445893812297442
114,0.114,874.2144970785082,5100000.0,0.056970471413568896,0.0010000000000000009,0.017552952875194688,0,176,0,1e-08,0.017552952875194688,0.00023375723512689326,0.0016307157968281911,0.010531600951297992,0.4380290546099577,0.2273477818914815,0.2953828477934505,0.010198536174232086,1.3869060206672517e-11,3.692765145426791e-11,1.6723726866404684e-13,6.315630481235108e-07,2.7437018792563526e-05,0.14334639768717555
115,0.115,874.9285804800567,5100000.0,0.05701548128487132,0.0010000000000000009,0.017539096004532795,0,176,0,1e-08,0.017539096004532795,0.0002338867810318973,0.0016459230208705196,0.010560955517816259,0.4379099406912696,0.22748585155369966,0.2952828631095576,0.010198687977440507,1.3946152794198247e-11,3.749421636566487e-11,1.7025246639805982e-13,6.352858882390306e-07,2.7312872282820934e-05,0.14210068032719772
116,0.116,875.6541557471338,5100000.0,0.05706120748101287,0.0010000000000000009,0.01752504098923513,0,176,0,1e-08,0.01752504098923513,0.00023402601603768867,0.0016615039010855518,0.010590671564355792,0.4377888777902396,0.22762614946293339,0.29518128103387087,0.010198841495279928,1.4024901002710334e-11,3.807853470884809e-11,1.7337608230518027e-13,6.390946800998668e-07,2.7187864541310014e-05,0.1408519208921427
117,0.117,876.3915845436422,5100000.0,0.05710767223930662,0.0010000000000000009,0.017510782015585487,0,176,0,1e-08,0.017510782015585487,0.00023417473264574209,0.0016774717525943632,0.010620759469950248,0.4376658029401048,0.2277687479690858,0.29507805033251994,0.010198996779574799,1.410534801163501e-11,3.8681421433431864e-11,1.7661334856886148e-13,6.429922820546822e-07,2.7061955302832388e-05,0.13959980684239212
118,0.11800000000000001,877.1412452086593,5100000.0,0.05715489880066529,0.0010000000000000009,0.01749631301925008,0,175,0,1e-08,0.01749631301925008,0.00023433271501631037,0.001693840570511657,0.010651230055376323,0.4375406501927263,0.22791372283587286,0.2949731173647282,0.010199153884328726,1.4187538876512043e-11,3.930374195763846e-11,1.7996983541954927e-13,6.469817002869657e-07,2.6935103116944832e-05,0.13834402073952312
119,0.11900000000000001,877.9035337372885,5100000.0,0.05720291147818449,0.000999999999999987,0.017481627668223806,0,175,0,1e-08,0.017481627668223806,0.00023449973809156353,0.0017106250728690553,0.010682094607437131,0.43741335043970736,0.22806115344560518,0.29486642593917795,0.010199312865847045,1.4271520620641641e-11,3.994641612049688e-11,1.834514782015361e-13,6.510660986224613e-07,2.6807265360734247e-05,0.13708424003061132
120,0.12,878.6788647438112,5100000.0,0.057251735720208856,0.0010000000000000009,0.017466719347812167,0,175,0,1e-08,0.017466719347812167,0.000234675566614761,0.001727840743882197,0.010713364902174555,0.4372838312354251,0.22821112300178545,0.2947579171721826,0.01019947378285448,1.4357342315422354e-11,4.061042241383239e-11,1.8706460657817994e-13,6.552488085138098e-07,2.6678398250427788e-05,0.1358201370384868
121,0.121,879.4676729733075,5100000.0,0.05730139817225389,0.0010000000000000009,0.017451581146308126,0,175,0,1e-08,0.017451581146308126,0.00023485995418026979,0.0017455038965046752,0.010745053244215541,0.4371520165252422,0.22836371884027235,0.29464752926899124,0.010199636696691612,1.4445055255344872e-11,4.129680282301545e-11,1.9081597834210963e-13,6.595333416593702e-07,2.6548456510602477e-05,0.1345513777715252
122,0.122,880.2704143662673,5100000.0,0.05735192677423626,0.0010000000000000009,0.01743620583030216,0,175,0,1e-08,0.01743620583030216,0.00023505264206505713,0.0017636317212832637,0.010777172491903533,0.437017826448709,0.22851903265449292,0.294535197366188,0.010199801671443307,1.453471303808544e-11,4.20066679949868e-11,1.947128147925239e-13,6.639234020238251e-07,2.6417393550175753e-05,0.1332776220956305
123,0.123,881.0875675166587,5100000.0,0.05740335082890993,0.0010000000000000009,0.017420585829222585,0,175,0,1e-08,0.017420585829222585,0.00023525335801316137,0.0017822423495828363,0.010809736093664701,0.4368811770740479,0.22867716079937958,0.29442085331864337,0.010199968774121803,1.4626371708620306e-11,4.27412029144142e-11,1.9876284043095683e-13,6.684228993955015e-07,2.628516127527549e-05,0.13199852313476132
124,0.124,881.919635226569,5100000.0,0.05745570109563102,0.0010000000000000009,0.01740471321262916,0,175,0,1e-08,0.01740471321262916,0.00023546181490100018,0.0018013549214798289,0.010842758126540359,0.4367419801144846,0.2288382046160243,0.2943044254719565,0.010200138074861607,1.4720089907790018e-11,4.350167323321341e-11,2.029743270274616e-13,6.730359644714121e-07,2.615170998560619e-05,0.13071372670276785
125,0.125,882.7671461853073,5100000.0,0.057509009890329144,0.0010000000000000009,0.017388579666160506,0,174,0,1e-08,0.017388579666160506,0.00023567770927513686,0.0018209896593883615,0.010876253337645596,0.43660014262147867,0.22900227078276406,0.29418583841642665,0.010200309647129169,1.4815929031989468e-11,4.428943222640917e-11,2.0735614212138614e-13,6.777669651887069e-07,2.6016988274716318e-05,0.12942287072310826
126,0.126,883.630656697699,5100000.0,0.05756331119348175,0.0010000000000000009,0.017372176465644963,0,174,0,1e-08,0.017372176465644963,0.0002359007197305229,0.0018411679450551174,0.010910237186174348,0.4364555666675009,0.2291694716781693,0.2940650127329491,0.010200483567936342,1.4913953386181005e-11,4.51059284380218e-11,2.1191780244552178e-13,6.826205241980593e-07,2.5880942974861457e-05,0.12812558483004707
127,0.127,884.5107527229666,5100000.0,0.05761864076124276,0.0010000000000000009,0.017355494450897423,0,174,0,1e-08,0.017355494450897423,0.00023613050514775024,0.0018619124089550917,0.010944725893727775,0.4363081489733679,0.22933992580750326,0.29394186469426925,0.010200659918095338,1.5014230378481036e-11,4.59527141978453e-11,2.166695337305511e-13,6.87601538529229e-07,2.574351897564452e-05,0.1268214895674212
128,0.128,885.4080519609788,5100000.0,0.05767503625655697,0.0010000000000000009,0.017338523994188434,0,174,0,1e-08,0.017338523994188434,0.00023636670274281257,0.0018832470233854925,0.010979736494938577,0.43615778052496695,0.22951375824123071,0.29381630595808766,0.01020083878247638,1.511683070465859e-11,4.6831455025463167e-11,2.216223366954632e-13,6.92715200679736e-07,2.5604659148757424e-05,0.1255101958520018
129,0.129,886.3232061491138,5100000.0,0.05773253738330703,0.0010000000000000009,0.01732125496859149,0,174,0,1e-08,0.01732125496859149,0.00023660892592030383,0.0019051972050250967,0.011015286893154333,0.4360043461510999,0.22969110109800425,0.29368824322911774,0.010201020250291263,1.5221828551135704e-11,4.774394004774294e-11,2.2678806049543671e-13,6.979670217307161e-07,2.5464304215592376e-05,0.1241913043417398
130,0.13,887.2569036311698,5100000.0,0.0577911860340059,0.0010000000000000009,0.01730367671311632,0,174,0,1e-08,0.01730367671311632,0.00023685676190221468,0.0019277899294007754,0.011051395922848284,0.4358477240514842,0.22987209408463743,0.2935575778812738,0.010201204415411495,1.5329301825884347e-11,4.8692093623747414e-11,2.321794848397691e-13,7.033628570131381e-07,2.532239258196642e-05,0.12286440461686511
131,0.131,888.2098723179275,5100000.0,0.05785102645498593,0.0010000000000000009,0.01728577799355218,0,173,0,1e-08,0.01728577799355218,0.00023710976911030953,0.0019510538617423141,0.011088083422139104,0.4356877852539529,0.23005688511707834,0.2934242055229632,0.010201391376737468,1.543933243383243e-11,4.9677988460704587e-11,2.37810412744858e-13,7.089089352233281e-07,2.51788601148969e-05,0.12152907398392769
132,0.132,889.1828823932007,5100000.0,0.05791210543678231,0.0010000000000000009,0.017267546956855426,0,173,0,1e-08,0.017267546956855426,0.00023736747428308312,0.0019750194820600388,0.011125370296088812,0.43552439311169006,0.23024563089534433,0.2932880155957116,0.010201581238524457,1.5552006478366344e-11,5.070385985929686e-11,2.4369577156913477e-13,7.146118879289507e-07,2.5033640168613987e-05,0.12018487738434742
133,0.133,890.1767499633082,5100000.0,0.05797447248810626,0.0010000000000000009,0.01724897109163271,0,173,0,1e-08,0.01724897109163271,0.00023762936924112213,0.001999719246598773,0.011163278605983634,0.4353574026335697,0.23043849766955982,0.2931488908381731,0.010201774110838112,1.566741460266059e-11,5.177212205605024e-11,2.498517295433482e-13,7.204787850534737e-07,2.4886663193867555e-05,0.11883136577561804
134,0.134,891.1923406307958,5100000.0,0.058038180070534344,0.0010000000000000009,0.017230037171818473,0,173,0,1e-08,0.017230037171818473,0.00023789490733884544,0.0020251877505366757,0.011201831654299152,0.4351866598227781,0.23063566199626062,0.29300670675773816,0.010201970109991292,1.578565228003076e-11,5.2885386368761056e-11,2.5629582500747673e-13,7.26517172576893e-07,2.473785664966921e-05,0.11746807538007435
135,0.135,892.2305735857701,5100000.0,0.05810328382828827,0.0010000000000000009,0.017210731203339304,0,173,0,1e-08,0.017210731203339304,0.00023816349948983448,0.0020514619132415935,0.011241054082494116,0.4350120009206053,0.23083731160315277,0.2928613310263532,0.010202169359046748,1.5906820158266027e-11,5.404648161415809e-11,2.630471125302979e-13,7.327351147446868e-07,2.4587144762412822e-05,0.11609452651914128
136,0.136,893.292426159007,5100000.0,0.05816984285130702,0.0010000000000000009,0.017191038362544448,0,172,0,1e-08,0.017191038362544448,0.00023843450974567936,0.002078581184695537,0.01128097197972082,0.4348332515643213,0.2310436463520345,0.29271262280785326,0.010202371988376794,1.603102443981858e-11,5.5258477182468454e-11,2.701263284175997e-13,7.391412412944645e-07,2.4434448268469145e-05,0.11471022229069411
137,0.137,894.3789386980122,5100000.0,0.0582379199680093,0.0010000000000000009,0.017170942927723233,0,172,0,1e-08,0.017170942927723233,0.00023870725037772645,0.0021065877688391577,0.011321612998007448,0.43465022588227925,0.23125487927332597,0.29256043203581034,0.010202578136258468,1.615837726885282e-11,5.6524708940079786e-11,2.7755607707178147e-13,7.457447991456343e-07,2.4279684205567656e-05,0.11331464746387798
138,0.138,895.4912201935231,5100000.0,0.05830758205880393,0.0010000000000000009,0.017150428206600787,0,172,0,1e-08,0.017150428206600787,0.00023898097634551406,0.0021355268798239784,0.011363006485975042,0.43446272545121123,0.2314712377581559,0.2924045985812141,0.01020278794956443,1.6288997193154255e-11,5.784880873189203e-11,2.8536104388556614e-13,7.5255571124631e-07,2.412276557450047e-05,0.11190726682176538
139,0.139,896.630454285101,5100000.0,0.058378900417864095,0.0010000000000000009,0.017129476451975077,0,172,0,1e-08,0.017129476451975077,0.0002392548791439513,0.0021654470187510893,0.011405183629829093,0.43427053817893024,0.23169296483546462,0.2922449513615445,0.010203001584494616,1.6423009625802554e-11,5.923473767788812e-11,2.9356823626501715e-13,7.595846411840194e-07,2.396360108973945e-05,0.11048752385636308
140,0.14,897.7979062345611,5100000.0,0.0584519511392484,0.0010000000000000009,0.01710806877289228,0,172,0,1e-08,0.01710806877289228,0.00023952807983295804,0.0021964002931325133,0.011448177618104658,0.4340734370088602,0.23192032065277526,0.29208130730751647,0.01020321920743119,1.6560547402996386e-11,6.068682429234464e-11,3.0220726032556514e-13,7.668430670650047e-07,2.3802094778044364e-05,0.10905483876590742
141,0.14100000000000001,898.9949305421034,5100000.0,0.05852681556526522,0.0010000000000000009,0.017086185030601355,0,171,0,1e-08,0.017086185030601355,0.00023979962124509355,0.002228442768472302,0.011492023820181935,0.43387117850132456,0.23215358409755468,0.29191347023237835,0.010203440995867948,1.6701751365841464e-11,6.220980790253411e-11,3.113106370551595e-13,7.743433639084114e-07,2.3638145629970014e-05,0.10760860661882153
142,0.14200000000000002,900.2229794384778,5100000.0,0.05860358077613418,0.0010000000000000009,0.017063803725919126,0,171,0,1e-08,0.017063803725919126,0.00024006845919563412,0.0022616348617827283,0.011536759984538998,0.43366350124917646,0.23239305460770562,0.2917412295698248,0.010203667139445578,1.6846770996889794e-11,6.380888825613667e-11,3.2091416488196454e-13,7.820988961017981e-07,2.347164720328524e-05,0.106148195383936
143,0.14300000000000002,901.4836125034615,5100000.0,0.05868234013595603,0.0010000000000000009,0.017040901874110465,0,171,0,1e-08,0.017040901874110465,0.0002403334525357227,0.0022960417877015537,0.01158242646312264,0.43345012408206174,0.2326390542233996,0.2915643589439465,0.010203897841125282,1.699576513796709e-11,6.548978257808618e-11,3.3105733810402606e-13,7.901241225323281e-07,2.330248714785105e-05,0.10467294359494556
144,0.14400000000000002,902.7785073879259,5100000.0,0.05876319391108662,0.0009999999999999731,0.017017454863209998,0,171,0,1e-08,0.017017454863209998,0.00024059335190573284,0.002331734058246481,0.01162906646017883,0.43323074406071255,0.23289192987850962,0.2913826145729186,0.010204133318494707,1.714890276664134e-11,6.725879120749735e-11,3.417838299924557e-13,7.984347152154439e-07,2.3130546721885727e-05,0.10318215795443875
145,0.145,904.1094721489875,5100000.0,0.058846249959433786,0.0010000000000000009,0.016993436296949428,0,170,0,1e-08,0.016993436296949428,0.0002408467868970251,0.0023687880571939897,0.011676726318897377,0.43300503416925534,0.2331520560368697,0.29119573343256266,0.010204373805274291,1.7306363899247076e-11,6.912287371917683e-11,3.531420548280479e-13,8.070476956137164e-07,2.2955700184046742e-05,0.1016751102596855
146,0.146,905.478458923461,5100000.0,0.05893162452345536,0.0010000000000000009,0.016968817813634022,0,170,0,1e-08,0.016968817813634022,0.00024109225152615975,0.0024072866813495317,0.011725455836763867,0.4327726407500585,0.23341983762210466,0.291003431216706,0.010204619552981672,1.7468340542962466e-11,7.108973696039022e-11,3.651858207166626e-13,8.159815885894598e-07,2.2777814213872826e-05,0.10015103452115755
147,0.147,906.8875795596188,5100000.0,0.059019443109137294,0.0010000000000000009,0.0169435688871348,0,170,0,1e-08,0.0169435688871348,0.0002413280876130831,0.002447320074702603,0.011775308625605838,0.43253318056846163,0.23369571336985487,0.2908054000040649,0.01020487083283643,1.763503777861114e-11,7.316793756111778e-11,3.779750928111178e-13,8.252565990214451e-07,2.2596747200372632e-05,0.09860912355013848
148,0.148,908.3391235890509,5100000.0,0.05910984149083758,0.0010000000000000009,0.016917656599620683,0,170,0,1e-08,0.016917656599620683,0.0002415524656876273,0.0024889864734450222,0.011826342525163578,0.43228623743521194,0.23398015968469915,0.2906013055744245,0.010205127937953286,1.780667499704543e-11,7.536700208017189e-11,3.915768910843766e-13,8.348948160182514e-07,2.2412348431035934e-05,0.09704852487739436
149,0.149,909.8355783890171,5100000.0,0.05920296686652971,0.0010000000000000009,0.016891045380452867,0,169,0,1e-08,0.016891045380452867,0.00024176336321239984,0.002532393160114386,0.011878620063928197,0.4320313584070761,0.23427369497792938,0.2903907843920936,0.010205391185797198,1.7983487222173328e-11,7.769756746892098e-11,4.060663452290237e-13,8.449204459462209e-07,2.2224457261420374e-05,0.0954683368365596
150,0.15,911.3796527323245,5100000.0,0.05929897915376337,0.0010000000000000009,0.016863696715705374,0,169,0,1e-08,0.016863696715705374,0.00024195853931367048,0.002577657577357964,0.011932208997979182,0.43176804934767987,0.23457688473531232,0.2901734400820813,0.010205660921059406,1.816572666773292e-11,8.017154726723878e-11,4.215279476916825e-13,8.55360084841822e-07,2.2032902076012702e-05,0.0938676034547894
151,0.151,912.9743036874698,5100000.0,0.0593980525033428,0.0010000000000000009,0.016835568808316114,0,169,0,1e-08,0.016835568808316114,0.00024213550566847157,0.002624908605764918,0.011987182923737329,0.43149576984633126,0.2348903473167659,0.28994883939925226,0.010205937518941085,1.8353664459313676e-11,8.280232810140745e-11,4.380570424342532e-13,8.662430337055175e-07,2.1837499180388883e-05,0.09224530908873739
152,0.152,914.6227675460592,5100000.0,0.05950037702824152,0.0010000000000000009,0.016806616192118522,0,169,0,1e-08,0.016806616192118522,0.00024229149281720932,0.002674288038535069,0.012043621979824615,0.43121392736494274,0.23521476063591387,0.2897165075880847,0.010206221388930473,1.8547592552360897e-11,8.56050032542289e-11,4.557616040604978e-13,8.776016654434149e-07,2.1638051552221302e-05,0.0906003726322362
153,0.153,916.3285962981828,5100000.0,0.05960616079123736,0.0010000000000000009,0.01677678929032802,0,168,0,1e-08,0.01677678929032802,0.00024242341065193275,0.0027259523207019834,0.012101613675238982,0.43092187033080276,0.23555087004179442,0.2894759229081112,0.010206512979269762,1.8747826006259617e-11,8.8596652975928e-11,4.747643824448063e-13,8.894718591571504e-07,2.143434733155239e-05,0.08893164007707377
154,0.154,918.0956994927764,5100000.0,0.05971563214904172,0.0010000000000000009,0.01674603389451096,0,168,0,1e-08,0.01674603389451096,0.0002425278025902884,0.0027800745564207697,0.012161253834346962,0.4306188801882669,0.2358994973864509,0.2892265103395663,0.010206812782079832,1.8954705464060814e-11,9.179668050260052e-11,4.952054896482074e-13,9.01893507226494e-07,2.122615821099753e-05,0.08723787713899761
155,0.155,919.9283938030361,5100000.0,0.059829042442262545,0.0010000000000000009,0.01671429057159057,0,168,0,1e-08,0.01671429057159057,0.00024260079150405678,0.0028368468878624716,0.012222647715363988,0.4303041619779048,0.2362615517709524,0.2889676341257446,0.010207121339444755,1.916860007683801e-11,9.52272193617969e-11,5.172455524362317e-13,9.149111196413567e-07,2.1013237492530033e-05,0.08551776006735895
156,0.156,921.8314612478098,5100000.0,0.05994666918035858,0.0010000000000000009,0.016681493962431012,0,167,0,1e-08,0.016681493962431012,0.00024263801605985767,0.0028964832985685814,0.012285911320313696,0.4299768332491119,0.23663804218987014,0.2886985890017187,0.010207439250570296,1.9389910840986648e-11,9.891362892008326e-11,5.410695716942175e-13,9.285745429842412e-07,2.0795317886119754e-05,0.08376986540187109
157,0.157,923.8102181344196,5100000.0,0.0600688197825294,0.0010000000000000009,0.016647571961965597,0,167,0,1e-08,0.016647571961965597,0.00024263455532286195,0.002959222941970803,0.012351172942684492,0.4296359109075022,0.2370300925280972,0.28841858979554524,0.010207767180279225,1.9619074454067744e-11,1.0288510149639076e-10,5.668916816769374e-13,9.429398217126957e-07,2.0572108950484318e-05,0.08199265823522933
158,0.158,925.8705972560329,5100000.0,0.06019583600715745,0.0010000000000000009,0.016612444752509097,0,167,0,1e-08,0.016612444752509097,0.00024258483894837467,0.0030253341197501015,0.012418575008955619,0.42928029550572183,0.23743895946912127,0.2881267590157099,0.01020810586916658,1.985656780943746e-11,1.0717541160669868e-10,5.949610637095103e-13,9.580702375416148e-07,2.0343294109238545e-05,0.08018447858857079
159,0.159,928.0192466700929,5100000.0,0.06032809923241424,0.0010000000000000009,0.01657602365603294,0,166,0,1e-08,0.01657602365603294,0.0002424825395478732,0.003095119073271566,0.012488276288105673,0.4289087523325693,0.23786605404877484,0.28782211191766466,0.010208456145840532,2.0102913290533686e-11,1.1182384798815404e-10,6.255693557769273e-13,9.740375730719653e-07,2.0108527124686956e-05,0.07834352534022777
160,0.16,930.263648600469,5100000.0,0.06046603680156574,0.0010000000000000009,0.016538209760327906,0,166,0,1e-08,0.016538209760327906,0.00024232044331160848,0.0031689197681872964,0.012560454545093443,0.42851988860138396,0.23831296764874307,0.28750353850280824,0.010208818941702556,2.0358684953097213e-11,1.1687638128040835e-10,6.590600097944133e-13,9.909236553205508e-07,1.9867427990380673e-05,0.07646783795041362
161,0.161,932.6122643042041,5100000.0,0.06061012966021382,0.0010000000000000009,0.01649889227437883,0,165,0,1e-08,0.01649889227437883,0.0002420902931015316,0.00324712495711518,0.01263530976963979,0.42811212560528994,0.23878150371806042,0.28716978155978573,0.010209195309024388,2.0624515911314207e-11,1.223871410050084e-10,6.958402257624297e-13,1.0088222603411174e-06,1.9619578012642916e-05,0.07455527468108593
162,0.162,935.0747114816965,5100000.0,0.06076092166037417,0.0010000000000000009,0.016457946533292314,0,165,0,1e-08,0.016457946533292314,0.00024178259722161668,0.0033301788502014414,0.01271306812424103,0.4276836645456205,0.23927371669249303,0.28681940973557346,0.010209586443177212,2.0901107154844504e-11,1.2842030089096686e-10,7.363963233608866e-13,1.0278414810671296e-06,1.936451396602556e-05,0.07260348710910566
163,0.163,937.6619840885619,5100000.0,0.0609190309533741,0.0010000000000000009,0.0164152315680362,0,165,0,1e-08,0.0164152315680362,0.00024138639415543153,0.003418591879025654,0.012793986831559826,0.4272324441090125,0.23979196029954142,0.2864507841269042,0.010209993710305211,2.1189238280134895e-11,1.350525116659988e-10,7.813137670352483e-13,1.0481067022677293e-06,1.9101721007702963e-05,0.07060988930454898
164,0.164,940.3867263285072,5100000.0,0.0610851641040804,0.0010000000000000009,0.016370587108453103,0,164,0,1e-08,0.016370587108453103,0.00024088896159445982,0.003512954144818179,0.0128783602598462,0.4267560874679669,0.24033894788945026,0.2860620165745623,0.01021041868199828,2.1489780553474985e-11,1.4237607357723585e-10,8.313035554964316e-13,1.0697643701194357e-06,1.8830624108930586e-05,0.0685716213944283
165,0.165,943.2635783097116,5100000.0,0.06126013368176243,0.0010000000000000009,0.01632382986943608,0,164,0,1e-08,0.01632382986943608,0.0002402754530157547,0.0036139524173445996,0.012966527595961811,0.42625183526988053,0.24091782869397665,0.28565091697200107,0.010210863179289074,2.1803713100180732e-11,1.5050312606873778e-10,8.872374663057068e-13,1.092986825897392e-06,1.855057754746721e-05,0.0664855054157853
166,0.166,946.3096168373994,5100000.0,0.06144488044876539,0.0010000000000000009,0.016274748891957423,0,163,0,1e-08,0.016274748891957423,0.00023952843972704202,0.003722391853622593,0.013058882627716073,0.42571645998149193,0.2415322852726812,0.2852149259673519,0.010211329329123168,2.2132143221199726e-11,1.5957125496080958e-10,9.50195806655843e-13,1.1179785775941532e-06,1.8260851900501373e-05,0.06434799159952369
167,0.167,949.5449243621871,5100000.0,0.0616405016518579,0.0010000000000000009,0.01622309963744203,0,163,0,1e-08,0.01622309963744203,0.0002386273280895988,0.003839224081324902,0.01315588637140601,0.4251461550573654,0.24218665955925256,0.2847510279578486,0.010211819637772183,2.247633227707096e-11,1.6975110844274755e-10,1.0215331456380062e-12,1.1449845460903444e-06,1.7960617790741244e-05,0.0621550925486093
168,0.168,952.993333400436,5100000.0,0.06184828753275424,0.0010000000000000009,0.016168596413771535,0,162,0,1e-08,0.016168596413771535,0.000237547609728138,0.0039655840036614,0.013258083602362707,0.42453638955259476,0.2428861181494277,0.28425563705651874,0.010212337087658395,2.283772927061893e-11,1.8125691190410227e-10,1.102970408141419e-12,1.174301066195708e-06,1.764892531393739e-05,0.05990230178173296
169,0.169,956.6834159767684,5100000.0,0.06206976909004856,0.0010000000000000009,0.016110902532104433,0,162,0,1e-08,0.016110902532104433,0.00023625988467737671,0.004102838787318922,0.013366124849574952,0.4238817143655361,0.24363687249790122,0.28372444525726775,0.010212885267193031,2.321801541945821e-11,1.9436125469250661e-10,1.1967264894334629e-12,1.2062908115035802e-06,1.732467762420758e-05,0.0575844913545251
170,0.17,960.6498221525111,5100000.0,0.06230678154872301,0.0010000000000000009,0.016049617315219776,0,161,0,1e-08,0.016049617315219776,0.0002347285708403892,0.004252654211369552,0.013480796199149327,0.42317549939051824,0.24444647751490697,0.2831522166515457,0.010213468548153595,2.361916487720826e-11,2.0941631751410113e-10,1.3057105908468829e-12,1.2414034228855922e-06,1.6986596394768914e-05,0.05519578107546057
171,0.171,964.9351219246523,5100000.0,0.06256155020306746,0.0010000000000000009,0.015984258650147225,0,160,0,1e-08,0.015984258650147225,0.00023291017699390856,0.004417086072867218,0.013603060391561329,0.4224095707130895,0.2453242435352809,0.28253250367846594,0.01021409233246221,2.4043529310511243e-11,2.268850437561465e-10,1.4338103415204747e-12,1.2802045842157106e-06,1.6633176237463196e-05,0.052729372521084235
172,0.17200000000000001,969.5924016123959,5100000.0,0.06283680851147203,0.0010000000000000009,0.015914239180645724,0,160,0,1e-08,0.015914239180645724,0.00023075094785521776,0.004598709122990884,0.013734114927791932,0.4215736975911682,0.24628181859035486,0.2818572463088387,0.010214763404295347,2.449396046924275e-11,2.4738815577785347e-10,1.5863361104084198e-12,1.323418030809818e-06,1.6262622904479687e-05,0.0501773305690496
173,0.17300000000000001,974.6890123267779,5100000.0,0.06313596451939958,0.0010000000000000009,0.015838833026661597,0,159,0,1e-08,0.015838833026661597,0.00022818359664912368,0.004800803310116478,0.013875476274816619,0.4206548492642689,0.24733403149768826,0.28111619204974375,0.010215490445390373,2.4973994200586178e-11,2.717772300749005e-10,1.770729075085598e-12,1.371987867591707e-06,1.5872767934287727e-05,0.04753029480884678
174,0.17400000000000002,980.3121436857031,5100000.0,0.0634633410522067,0.0010000000000000009,0.015757128184874056,0,158,0,1e-08,0.015757128184874056,0.00022512267365253874,0.005027630748594163,0.014029105673498205,0.4196360858390938,0.2485001493734565,0.2802960314048785,0.010216284812987197,2.5488139801204672e-11,3.0125234423173933e-10,1.9977339542735225e-12,1.4271739831454915e-06,1.5460947564513068e-05,0.04477708982814381
175,0.17500000000000002,986.5774001802961,5100000.0,0.06382453273792495,0.0009999999999999731,0.015667956459723,0,157,0,1e-08,0.015667956459723,0.0002214578438946374,0.005284861787054777,0.014197603877544932,0.41849484490168243,0.249805819104423,0.27937906400827517,0.010217161757415128,2.6042359811853472e-11,3.375594759062044e-10,2.283431592843615e-12,1.490703624775717e-06,1.5023825630354525e-05,0.04190418838144385
176,0.176,993.6425506741671,5100000.0,0.06422695514146026,0.0010000000000000009,0.015569786825445714,0,156,0,1e-08,0.015569786825445714,0.00021704386371759957,0.005580257578006099,0.014384525664878535,0.4172001827103621,0.2512861913365232,0.2783410538340605,0.010218142411878923,2.6644917246559146e-11,3.833385082798033e-10,2.65295911594261e-12,1.5650230570826305e-06,1.4557124768529357e-05,0.038894954342797966
177,0.177,1001.7307727489989,5100000.0,0.06468072471997761,0.0010000000000000009,0.01546055651555085,0,155,0,1e-08,0.01546055651555085,0.00021168519320786667,0.00592481813027348,0.014594914291940805,0.4157081057023601,0.25299120297097005,0.27714760510945347,0.010219257216161603,2.730799449942935e-11,4.427753367019592e-10,3.1477918270297737e-12,1.6537370412791958e-06,1.4055185062344902e-05,0.03572855546843522
178,0.178,1011.1758631998342,5100000.0,0.06520014544333536,0.0010000000000000009,0.015337389099370777,0,154,0,1e-08,0.015337389099370777,0.0002051105296107945,0.006334849496641504,0.014836274012149854,0.41395310621291204,0.2549951460760759,0.2757476036848949,0.010220552242970743,2.8050877433992973e-11,5.229506553539923e-10,3.841525927977267e-12,1.762490913931987e-06,1.3510120817109815e-05,0.03237812196162455
179,0.179,1022.50179485434,5100000.0,0.06580660234342385,0.0010000000000000009,0.015196043624639928,0,152,0,1e-08,0.015196043624639928,0.0001969301136722495,0.006835987680047514,0.015120491579972712,0.41183154264524474,0.25741543705127556,0.274060365623004,0.010222101908352972,2.8908080231134332e-11,6.367885131810052e-10,4.876802229076963e-12,1.900648557160688e-06,1.29106391443806e-05,0.02880785087530771
180,0.18,1036.5999240451192,5100000.0,0.06653364382454537,0.0010000000000000009,0.015029989979762454,0,151,0,1e-08,0.015029989979762454,0.0001865676341280994,0.007471828236531897,0.015468051459439322,0.409165591057138,0.2604532795026266,0.27194781563986214,0.010224037239587825,2.995066194349749e-11,8.105773526854094e-10,6.5670824954084026e-12,2.0852310972873627e-06,1.223953633879792e-05,0.024969475772464507
181,0.181,1055.1796931713593,5100000.0,0.06743828968919285,0.0010000000000000009,0.014828371309663467,0,149,0,1e-08,0.014828371309663467,0.00017315052693008288,0.008325546646248743,0.0159188800587399,0.4056116376743384,0.26449684428412384,0.2691439714904417,0.010226620003308314,3.135725561528074e-11,1.1070825660418727e-09,9.742745014998574e-12,2.35160981355184e-06,1.1467716867955007e-05,0.02079749646326222
182,0.182,1082.2056521295965,5100000.0,0.0686297726732399,0.0010000000000000009,0.014570935631117434,0,146,0,1e-08,0.014570935631117434,0.00015544955091285824,0.009588269528202548,0.01656789500696011,0.40036506555291335,0.27045310435254555,0.2650284253128357,0.010230490711888914,3.374059525715323e-11,1.7211025942070006e-09,1.7402116231484326e-11,2.7909975599215564e-06,1.0538134438840023e-05,0.016212471964375346
183,0.183,1131.0801083578194,5100000.0,0.07036103440140826,0.0010000000000000009,0.014212411862722504,0,143,0,1e-08,0.014212411862722504,0.0001340907263348295,0.011895520563992042,0.017749508540464365,0.3906664300060058,0.28142133702470445,0.25748527078328953,0.01023798424746788,4.098198662847549e-11,3.693586662930402e-09,5.042753901348451e-11,3.7663586963012195e-06,9.303144923040874e-06,0.01127237144549391
184,0.184,2146.651067829784,5100000.0,0.07348502213680824,0.0010000000000000009,0.0136082152651228,1,123,16,1e-08,0.0136082152651228,0.2897791143185651,0.1989721351364466,0.045736233012562334,0.11488456068876635,0.33896198804013855,1.6816481385732052e-08,0.007635227047485107,3.433269006663036e-08,4.7044788359515146e-05,0.00031369409722223297,1.1879876369689078e-10,9.426135689351378e-10,1.4563803827096038
185,0.185,2024.9099056787268,5100000.0,0.18701098955657683,0.0010000000000000009,0.005347279335674917,1,16,16,1e-08,0.005347279335674917,0.3522130503867419,0.21956195556734023,0.039580336836820336,0.08371217335951113,0.2963743815684487,1.6585294068266396e-09,0.007216904325111958,4.605025230117919e-09,1.413291148499548e-05,0.0001609482125577151,1.2206768786185515e-11,1.7553600170509737e-10,1.6041624764938716
186,0.186,1991.2855605708787,5100000.0,0.1866300849244997,0.0010000000000000009,0.005358192921599677,0,54,0,1e-08,0.005358192921599677,0.36787873395161536,0.22432322398591087,0.03831884858608447,0.07572399328678105,0.28566726344088905,8.578475304334642e-10,0.0071139008677115504,2.568003929996359e-09,9.98228406384843e-06,0.00013101583534062496,6.3713885916790945e-12,1.0867431991019176e-10,1.6399493882752008
187,0.187,1971.2932053786835,5100000.0,0.18618831911599343,0.0010000000000000009,0.005370906213386088,0,54,0,1e-08,0.005370906213386088,0.37691916942310033,0.2270083130297881,0.03763626104626123,0.07109779637870232,0.2794819760049117,5.764720341327251e-10,0.0070547574577402815,1.8019129180747055e-09,8.086376038574428e-06,0.00011541674969873515,4.302706689483373e-12,8.13707608499053e-11,1.6603760646141663
188,0.188,1957.096832193368,5100000.0,0.1858641854867578,0.0010000000000000009,0.005380272683417256,0,54,0,1e-08,0.005380272683417256,0.3832202417976219,0.22885387390162806,0.03717956937084153,0.06786816312488267,0.2751678453423587,4.3352126980510517e-10,0.007013658818994014,1.3964355517455101e-09,6.949967046290827e-06,0.00010526744885346737,3.246373623873814e-12,6.612003535801799e-11,1.6745193571088406
189,0.189,1946.1145548092272,5100000.0,0.18560692138424442,0.0010000000000000009,0.00538773011556932,0,54,0,1e-08,0.00538773011556932,0.38802885779384255,0.23024830798658277,0.036841436636782236,0.06540123301479239,0.27187374880430687,3.471797504810391e-10,0.006982361518579986,1.144237517396004e-09,6.174765279510311e-06,9.791805531783622e-05,2.606094804700783e-12,5.624227845956557e-11,1.6852625810238488
190,0.19,1937.1740291148653,5100000.0,0.18539264114905224,0.0010000000000000009,0.005393957353442198,0,54,0,1e-08,0.005393957353442198,0.3919016242066327,0.23136267284927295,0.03657560431506847,0.0634132822706516,0.26921956196913427,2.894393046175484e-10,0.006957196815604901,9.716915875779323e-10,5.603875037340192e-06,9.224556680630336e-05,2.1767624799920373e-12,4.9260214195963934e-11,1.6938844083200357
191,0.191,1929.6440889274884,5100000.0,0.18520841519279177,0.0010000000000000009,0.005399322697940349,0,54,0,1e-08,0.005399322697940349,0.3951344318149571,0.23228700830323865,0.03635812416545071,0.061753214253883526,0.2670031291547498,2.4813387838204053e-10,0.006936218665293156,8.459406533415502e-10,5.161517789684415e-06,8.76770890324311e-05,1.8689755037860915e-12,4.403063636078743e-11,1.7010612633967441
192,0.192,1923.146189741486,5100000.0,0.18504645012942247,0.0010000000000000009,0.005404048547273377,0,55,0,1e-08,0.005404048547273377,0.3979029587769304,0.23307435840153312,0.03617507760052232,0.060331204059723045,0.26510438388726515,2.1713319477427277e-10,0.00691827362067219,7.500699345275536e-10,4.806089736901908e-06,8.38839864330824e-05,1.6375648434447868e-12,3.994858109168427e-11,1.70719319579306
193,0.193,1917.4355784244333,5100000.0,0.1849016746601282,0.0010000000000000009,0.005408279842992892,0,55,0,1e-08,0.005408279842992892,0.40031984318270086,0.23375851522373928,0.03601769880013616,0.05908960364261301,0.26344632120221373,1.9301523623688962e-10,0.006902623169963235,6.744680537451463e-10,4.512628257263383e-06,8.066171212582908e-05,1.4572610096402807e-12,3.6662122693057034e-11,1.7125358740388101
194,0.194,1912.3449688548833,5100000.0,0.1847705967667054,0.0010000000000000009,0.005412116524484783,0,55,0,1e-08,0.005412116524484783,0.4024615221102577,0.23436228563270292,0.03588013021879851,0.05798926284852834,0.26197667118283535,1.7372047666102687e-10,0.006888766745720795,6.132620217441141e-10,4.265142346915773e-06,7.787504185606887e-05,1.3128275206704338e-12,3.39517605039611e-11,1.7172623189936078
195,0.195,1907.7550206240078,5100000.0,0.18465070534481418,0.0010000000000000009,0.005415630544885354,0,55,0,1e-08,0.005415630544885354,0.4043821853203391,0.23490176215128253,0.03575827506384071,0.0570024093005261,0.260658368545979,1.5793565745254373e-10,0.0068763498352245045,5.626570594864373e-10,4.052859011162768e-06,7.543032713492686e-05,1.1945333357455777e-12,3.1673055386133065e-11,1.721494899045955
196,0.196,1903.5776487622884,5100000.0,0.18454013167439423,0.0010000000000000009,0.005418875509227543,0,55,0,1e-08,0.005418875509227543,0.4061216093962765,0.23538870789972535,0.0356491623222015,0.05610864710044877,0.259464200677352,1.4478410222486687e-10,0.006865112451360711,5.200900764462366e-10,3.8682243458604984e-06,7.326027035390848e-05,1.0958733539559818e-12,2.972683311890436e-11,1.725323245196973
197,0.197,1899.7460078244233,5100000.0,0.1844374459275838,0.0010000000000000009,0.005421892474007875,0,55,0,1e-08,0.005421892474007875,0.40770983030930735,0.23583197236259962,0.03555057287934422,0.05529256843642466,0.25837361486187826,1.3365834751690642e-10,0.006854858430572913,4.837663018738761e-10,3.705766230782677e-06,7.131503052863594e-05,1.0123345015946182e-12,2.8042601504950915e-11,1.7288149109928137
198,0.198,1896.2081871238006,5100000.0,0.18434152866600662,0.0010000000000000009,0.005424713613023245,0,55,0,1e-08,0.005424713613023245,0.4091700687033029,0.23623837404549397,0.03546080812539257,0.054542257330787276,0.2573707190539894,1.2412424824056811e-10,0.006845436229201615,4.5239076757873067e-10,3.561411912604492e-06,6.955675905034686e-05,9.406877688449798e-13,2.656879534339975e-11,1.7320220322228697
199,0.199,1892.9230803326404,5100000.0,0.18425148638406177,0.0010000000000000009,0.005427364628774595,0,55,0,1e-08,0.005427364628774595,0.41052063687482115,0.23661327371225713,0.03537854068277792,0.05384831368797647,0.2564429783594373,1.158633231966492e-10,0.0068367264149694195,4.250052065924674e-10,3.4320601060060047e-06,6.795609924975636e-05,8.785620292117326e-13,2.526676896298007e-11,1.7349856600777642
200,0.2,1889.8575901997706,5100000.0,0.18416659406008198,0.0010000000000000009,0.005429866394085367,0,55,0,1e-08,0.005429866394085367,0.41177622363333244,0.23696095931354139,0.0353027147784876,0.05320319541074994,0.2555803366265893,1.0863667090466274e-10,0.006828633245326442,4.0088501979262664e-10,3.3153027079325536e-06,6.648986524803664e-05,8.241770050024471e-13,2.410695291773521e-11,1.737738675713578
201,0.201,1886.9846797705907,5100000.0,0.18408625499319511,0.0010000000000000009,0.005432236100609286,0,55,0,1e-08,0.005432236100609286,0.4129487863314303,0.23728491238627034,0.03523247769137092,0.052600761458915755,0.2547746065061215,1.0226159047370564e-10,0.006821078824609047,3.794719457264071e-10,3.209237942436518e-06,6.513945494157054e-05,7.761700758739286e-13,2.306631258805966e-11,1.7403078104654248
202,0.202,1884.281982152484,5100000.0,0.18400997195736632,0.0010000000000000009,0.005434488084328892,0,55,0,1e-08,0.005434488084328892,0.41404818485375106,0.23758799685491963,0.035167131422070015,0.05203594696820357,0.2540190358896669,9.659598457698912e-11,0.006813998953925419,3.603287875863007e-10,3.112341536755136e-06,6.388973765066277e-05,7.334806280532083e-13,2.2126620517272322e-11,1.7427150796114705
203,0.203,1881.730786813859,5100000.0,0.1839373260844485,0.0010000000000000009,0.005436634430256344,0,55,0,1e-08,0.005436634430256344,0.4150826422751415,0.23787259585393244,0.035106097840969304,0.051504527111244466,0.2533079928411112,9.152768107726174e-11,0.006807340117385201,3.4310818974415605e-10,3.023375764908514e-06,6.272825650928545e-05,6.952708062482831e-13,2.1273252550871732e-11,1.744978822739322
204,0.20400000000000001,1879.3152863744149,5100000.0,0.183867961097762,0.0010000000000000009,0.005438685424201252,0,55,0,1e-08,0.005438685424201252,0.41605908602361014,0.23814071280830965,0.03504889306047623,0.051002942161051036,0.2526367322274174,8.69669545684907e-11,0.006801057251291959,3.2753062090656785e-10,2.9413238800252597e-06,6.164464511359564e-05,6.608699685817574e-13,2.0494330664773768e-11,1.747114473275786
205,0.20500000000000002,1877.022007147286,5100000.0,0.18380157134116976,0.0010000000000000009,0.005440649895989277,0,55,0,1e-08,0.005440649895989277,0.41698340500690717,0.23839404743747464,0.03499510825119318,0.05052816560944703,0.25200121981224116,8.284118203422463e-11,0.006795112063682023,3.1336853879493664e-10,2.865341958354384e-06,6.063019316220035e-05,6.297349624681934e-13,1.978010074197064e-11,1.7491351377650168
206,0.20600000000000002,1874.8393729665295,5100000.0,0.1837378925432898,0.0010000000000000009,0.005442535484423251,0,55,0,1e-08,0.005442535484423251,0.41786064600665274,0.23863405368541465,0.03494439507901918,0.05007760341135285,0.25139799788325956,7.909095607709051e-11,0.0067894717513619016,3.004348045253792e-10,2.794722973399748e-06,5.967751830100656e-05,6.014212144529015e-13,1.9122473387670315e-11,1.7510520378516807
207,0.20700000000000002,1872.757365639536,5100000.0,0.18367669461723707,0.0010000000000000009,0.005444348843950485,0,55,0,1e-08,0.005444348843950485,0.4186951661277758,0.23886198459274713,0.03489645447156508,0.04964901575617878,0.25082408093446695,7.566721063028e-11,0.006784108004473668,2.88574065670935e-10,2.728869563873369e-06,5.878031426978378e-05,5.755613367321043e-13,1.8514679528192744e-11,1.752874852989433
208,0.20800000000000002,1870.7672587162526,5100000.0,0.18361777595405882,0.0009999999999999731,0.005446095808557082,0,55,0,1e-08,0.005446095808557082,0.41949075205294406,0.23907892733678976,0.034851027875886086,0.04924045586127943,0.2502768740555151,7.252906647644006e-11,0.006778996228102118,2.776562631025284e-10,2.667273156786445e-06,5.793315570574604e-05,5.518490815421218e-13,1.7951008890223195e-11,1.7546119882912503
209,0.209,1868.8614049035575,5100000.0,0.18356095888488366,0.0010000000000000009,0.00544778152214344,0,55,0,1e-08,0.00544778152214344,0.42025071500348815,0.23928583107668022,0.034807890339295745,0.048850221224298676,0.24975410793875066,6.964219233984611e-11,0.006774114922720298,2.6757166576181997e-10,2.6094977189613224e-06,5.713134444148647e-05,5.300271280084318e-13,1.7426608452342398e-11,1.7562707875871553
210,0.21,1867.0330660443328,5100000.0,0.18350608599564663,0.0010000000000000009,0.005449410544474935,0,55,0,1e-08,0.005449410544474935,0.42097796653619146,0.23948352914561216,0.034766845011274555,0.04847681470720625,0.2492537869983325,6.69775453737287e-11,0.006769445189826761,2.582270367856196e-10,2.5551670153123146e-06,5.6370787808321e-05,5.098776911941986e-13,1.693732573643625e-11,1.7578577033589062
211,0.211,1865.2762750093004,5100000.0,0.1834530171452042,0.0010000000000000009,0.0054509869369359825,0,55,0,1e-08,0.0054509869369359825,0.42167507996700543,0.23967275700340357,0.034727718711302605,0.048118912994715574,0.24877414732323438,6.451039109742332e-11,0.006764970331476629,2.4954263622926194e-10,2.503954488224688e-06,5.564790097322288e-05,4.912152108615783e-13,1.6479585426596523e-11,1.7593784343250045
212,0.212,1863.5857229634,5100000.0,0.1834016270089468,0.0010000000000000009,0.005452514333208278,0,55,0,1e-08,0.005452514333208278,0.4223443404090209,0.23985416683986213,0.034690358334143086,0.04777534089562933,0.2483136224215009,6.221953361652918e-11,0.0067606755241469835,2.4144985655698155e-10,2.4555751558562576e-06,5.495952803245374e-05,4.738806060996284e-13,1.6050291394766275e-11,1.7608380374354629
213,0.213,1861.9566659121374,5100000.0,0.18335180305048943,0.0010000000000000009,0.00545399599765393,0,55,0,1e-08,0.00545399599765393,0.4229877861489776,0.240028339627454,0.0346546278945022,0.047445050089744034,0.24787081489089616,6.008670439021972e-11,0.00675654754916487,2.338893368294215e-10,2.4097790505735444e-06,5.4302877448399823e-05,4.577367110583239e-13,1.564674802721917e-11,1.7622410203957308
214,0.214,1860.3848479111286,5100000.0,0.18330344381537853,0.0010000000000000009,0.005455434874465268,0,55,0,1e-08,0.005455434874465268,0.4236072426054495,0.24019579500454247,0.03462040610777823,0.04712710168314429,0.24744447316771953,5.80960743301002e-11,0.006752574571506659,2.2680945172709847e-10,2.366345897655706e-06,5.367546932165308e-05,4.426646300941333e-13,1.5266596838962084e-11,1.763591417565984
215,0.215,1858.8664364500814,5100000.0,0.1832564575201734,0.0010000000000000009,0.005456833628304301,0,55,0,1e-08,0.005456833628304301,0.4242043508341126,0.24035699955698928,0.034587584370222094,0.0468206515628598,0.24703347200719114,5.623385974644462e-11,0.006748745954186838,2.20165086166661e-10,2.3250807367055344e-06,5.307509158160655e-05,4.285607926449201e-13,1.4907764736749352e-11,1.764892853613496
216,0.216,1857.3979684183726,5100000.0,0.18321076084862997,0.0010000000000000009,0.00545819467900255,0,55,0,1e-08,0.00545819467900255,0.4247805913320457,0.24051237372638454,0.03455606507787631,0.04652493816569735,0.24663679618191134,5.448800257038861e-11,0.006745052103293351,2.1391663733696119e-10,2.285810312897924e-06,5.2499763618896245e-05,4.1533456233283385e-13,1.456842165488516e-11,1.7661485966426462
217,0.217,1855.9763040475816,5100000.0,0.18316627793742643,0.0010000000000000009,0.005459520230801559,0,55,0,1e-08,0.005459520230801559,0.4253373042797393,0.24066229767469202,0.034525760204397724,0.046239272076196145,0.24625352661845595,5.284790831314333e-11,0.006741484336259912,2.0802919373323523e-10,2.2483800671075988e-06,5.194770567098234e-05,4.0290627686341615e-13,1.4246945491108956e-11,1.7673616033313042
218,0.218,1854.5985880298817,5100000.0,0.18312293950004413,0.0010000000000000009,0.00546081229763003,0,55,0,1e-08,0.00546081229763003,0.42587570660949375,0.24080711622524814,0.03449659010493374,0.04596302725466018,0.24588282870701253,5.1304230629990983e-11,0.006738034770810629,2.0247185802487068e-10,2.2126516264292006e-06,5.1417313134874224e-05,3.9120563601862647e-13,1.394189304246773e-11,1.768534556973535
219,0.219,1853.262216819278,5100000.0,0.18308068208268624,0.0010000000000000009,0.00546207272457267,0,55,0,1e-08,0.00546207272457267,0.42639690635526895,0.2409471430148862,0.034468482511920154,0.0456956336620532,0.2455239424727397,4.984869340613277e-11,0.0067346962316021325,1.9721718620391626e-10,2.178500707068942e-06,5.090713500479572e-05,3.801703699262851e-13,1.3651975830948212e-11,1.7696698994639055
220,0.22,1851.9648093804121,5100000.0,0.18303944743779582,0.0010000000000000009,0.0054633032059378415,0,55,0,1e-08,0.0054633032059378415,0.42690191542867695,0.2410826641793421,0.03444137164954664,0.04543657069260744,0.24517617382343954,4.847394119197926e-11,0.006731462167158843,1.922407140161012e-10,2.1458153108975298e-06,5.0415855062401144e-05,3.6974511904816885e-13,1.3376039531221045e-11,1.770769859715435
221,0.221,1850.7041827990377,5100000.0,0.1829991819484458,0.0010000000000000009,0.005464505301896481,0,55,0,1e-08,0.005464505301896481,0.42739166028280645,0.24121394143044303,0.034415197493811216,0.04518536169226872,0.24483888724437705,4.717341486501247e-11,0.00672832658053579,1.87520562407642e-10,2.1144942151616233e-06,4.9942276108971675e-05,3.598805028213749e-13,1.3113046784611356e-11,1.7718364773955242
222,0.222,1849.4783311982198,5100000.0,0.1829598361515156,0.0010000000000000009,0.005465680452248903,0,55,0,1e-08,0.005465680452248903,0.427866991118484,0.24134121471069758,0.03438990513516375,0.04494156922583546,0.24451149949136813,4.594124694710841e-11,0.006725283969467985,1.8303710435746603e-10,2.0844456839898284e-06,4.9485306428516585e-05,3.505323352954739e-13,1.286206261881583e-11,1.7728716234041502
223,0.223,1848.2854069425155,5100000.0,0.18292136432274533,0.0010000000000000009,0.005466829988407516,0,55,0,1e-08,0.005466829988407516,0.42832869006465485,0.2414647045464136,0.03436544421648381,0.0447047908711966,0.24419347398577812,4.4772172559671176e-11,0.0067223292732165015,1.7877268042520942e-10,2.0555863521424014e-06,4.904394793332109e-05,3.4166095766690473e-13,1.2622241920434953e-11,1.7738770180480883
224,0.224,1847.123704660921,5100000.0,0.1828837241000351,0.0010000000000000009,0.0054679551442916455,0,55,0,1e-08,0.0054679551442916455,0.42877747813597916,0.24158461404993106,0.034341768454368836,0.044474655642012695,0.24388431604754135,4.366145418642163e-11,0.0067194578273553525,1.7471135791393794e-10,2.027840274699621e-06,4.8617286054803494e-05,3.33230674198035e-13,1.2392818798748211e-11,1.7748542465016368
225,0.225,1845.9916469532359,5100000.0,0.18284687616455,0.0010000000000000009,0.005469057065541921,0,55,0,1e-08,0.005469057065541921,0.42921402143964676,0.24170113070176463,0.03431883521517523,0.04425082079633006,0.24358356864191544,4.260481715566851e-11,0.00671666532345683,1.7083872363615033e-10,2.001138098334165e-06,4.8204480841601875e-05,3.252092683194812e-13,1.2173097379875025e-11,1.775804772586085
226,0.226,1844.8877718457902,5100000.0,0.18281078395089506,0.0010000000000000009,0.00547013681790573,0,55,0,1e-08,0.00547013681790573,0.4296389366155606,0.24181442791155755,0.034296605144193464,0.04403296903909756,0.24329080865145372,4.159839437724658e-11,0.006713947773761316,1.6714170594248731e-10,1.975416342983766e-06,4.780475919942184e-05,3.175675880407138e-13,1.1962443867438609e-11,1.7767299508394054
227,0.227,1843.8107221125283,5100000.0,0.18277541339116626,0.0010000000000000009,0.00547119539464454,0,55,0,1e-08,0.00547119539464454,0.430052795474154,0.2419246663499945,0.03427504184859888,0.043820806137201934,0.24300564369804134,4.063867914774377e-11,0.006711301481052215,1.6360842248117962e-10,1.9506167853739894e-06,4.741740823356984e-05,3.1027919181215746e-13,1.1760279738307857e-11,1.7776310368120667
228,0.228,1842.7592353250964,5100000.0,0.18274073269892827,0.0010000000000000009,0.005472233722776715,0,55,0,1e-08,0.005472233722776715,0.43045612929587246,0.24203199517899462,0.03425411160701672,0.04361405870840309,0.24272770919602177,3.972248393030085e-11,0.006708723010750262,1.602280466916973e-10,1.9266859086046966e-06,4.704176921763598e-05,3.0332003909813494e-13,1.1566075730114864e-11,1.7785091965941482
229,0.229,1841.7321352491322,5100000.0,0.18270671216230047,0.0010000000000000009,0.005473252669073753,0,55,0,1e-08,0.005473252669073753,0.43084943255105085,0.24213655311666019,0.03423378311776372,0.04341247230819253,0.24245666580270891,3.884690484595796e-11,0.0067062091667669825,1.5699069260135284e-10,1.903574425082e-06,4.667723235998964e-05,2.966682237806197e-13,1.1379346641120584e-11,1.7793655150590573
230,0.23,1840.7283243763347,5100000.0,0.18267332396574043,0.0010000000000000009,0.005474253045220475,0,55,0,1e-08,0.005474253045220475,0.43123316613119683,0.24223846936259333,0.03421402727996309,0.04321580976793615,0.24219219720381968,3.80092909561674e-11,0.00670375697052862,1.5388731498655486e-10,1.8812368612433567e-06,4.6323232243330575e-05,2.903037434779657e-13,1.1199646813239512e-11,1.7802010030277553
231,0.231,1839.7467769872205,5100000.0,0.18264054203606314,0.0010000000000000009,0.0054752356122691895,0,55,0,1e-08,0.0054752356122691895,0.4316077603381419,0.24233786445159067,0.034194816992799255,0.04302384965739134,0.2419340080644914,3.720721722843277e-11,0.006701363641582553,1.509096211988271e-10,1.8596311851166236e-06,4.5979243684524024e-05,2.84208296459723e-13,1.1026566116521081e-11,1.7810166038842838
232,0.232,1838.7865329870626,5100000.0,0.18260834189621278,0.0010000000000000009,0.005476201084879028,0,55,0,1e-08,0.005476201084879028,0.4319736175383554,0.24243485101112505,0.03417612697770626,0.04283638491947695,0.2416818222097272,3.643846092430075e-11,0.00669902658037915,1.480499939898775e-10,1.8387184779962978e-06,4.564477807007842e-05,2.7836510423174717e-13,1.0859726422797765e-11,1.7818131994501591
233,0.233,1837.8466925548594,5100000.0,0.18257670053491584,0.0010000000000000009,0.00547715013509493,0,55,0,1e-08,0.00547715013509493,0.4323311144700508,0.2425295344204071,0.03415793362329617,0.042653221683538765,0.24143538104297851,3.570098102262854e-11,0.006696743353302588,1.4530142416578747e-10,1.8184626472002657e-06,4.531938015187402e-05,2.7275875690140426e-13,1.0698778523738168e-11,1.7825916150922743
234,0.234,1836.9264112291628,5100000.0,0.18254559629437725,0.0010000000000000009,0.005478083395599299,0,55,0,1e-08,0.005478083395599299,0.4326806043563591,0.24262201341295003,0.03414021484415697,0.042474178178323926,0.24119444209748647,3.499290002436102e-11,0.006694511678965334,1.4265745086518529e-10,1.7988301683662736e-06,4.5002625147690254e-05,2.673750763975043e-13,1.0543399383885188e-11,1.7833526243965487
235,0.23500000000000001,1836.0248953690364,5100000.0,0.1825150087657233,0.0010000000000000009,0.005479001462743282,0,55,0,1e-08,0.005479001462743282,0.43302241885151826,0.24271238063038073,0.03412294995167757,0.042299083730822626,0.24095877770191718,3.4312487812188956e-11,0.006692329415591016,1.4011210843597022e-10,1.7797898534280248e-06,4.469411610669852e-05,2.6220099511442296e-13,1.0393289684320431e-11,1.7840969534675484
236,0.23600000000000002,1835.1413982797299,5100000.0,0.18248491869096192,0.0010000000000000009,0.005479904899393358,0,55,0,1e-08,0.005479904899393358,0.4333568697073781,0.24280072309738218,0.03410611954289471,0.042127777909051964,0.24072817383785622,3.365814754812231e-11,0.006690194550207048,1.376598799885249e-10,1.7613126481533982e-06,4.4393481621797883e-05,2.572244498589253e-13,1.0248171675655664e-11,1.7848252846165038
237,0.23700000000000002,1834.2752164809142,5100000.0,0.1824553078807063,0.0010000000000000009,0.005480794237314407,0,55,0,1e-08,0.005480794237314407,0.4336842503691373,0.24288712267526502,0.03408970539494852,0.0419601097010107,0.24050242904567473,3.3028402993993115e-11,0.006688105188301895,1.3529565547878237e-10,1.7433714460627847e-06,4.410037369448517e-05,2.5243428646913764e-13,1.0107787225515535e-11,1.7855382598811715
238,0.23800000000000002,1833.4256865674113,5100000.0,0.1824261591325645,0.0010000000000000009,0.00548166997954129,0,55,0,1e-08,0.00548166997954129,0.4340048373242248,0.2429716564459736,0.03407369037543557,0.041795936820830215,0.24028135349971133,3.2421887422963284e-11,0.0066860595450796536,1.3301469505277797e-10,1.725940926590909e-06,4.381446589314808e-05,2.478201763990753e-13,9.971896113961978e-12,1.7862364840103426
239,0.23900000000000002,1832.5921821719753,5100000.0,0.18239745616413108,0.0009999999999999731,0.0054825326023194045,0,55,0,1e-08,0.0054825326023194045,0.43431889139972113,0.24305439708039034,0.034058058356959124,0.04163512504124284,0.2400647681185939,3.183733360218383e-11,0.006684055937052995,1.3081259580754036e-10,1.7089974056627606e-06,4.3535451626572866e-05,2.433725413337072e-13,9.840274476051123e-12,1.7869205273256998
240,0.24,1831.7741113044783,5100000.0,0.18236918354624293,0.0010000000000000009,0.005483382557044969,0,55,0,1e-08,0.005483382557044969,0.4346266589010927,0.24313541316186962,0.03404279414192776,0.04147754760771526,0.2398525037844216,3.127356492374396e-11,0.00668209277466329,1.2868526233634564e-10,1.6925187032071538e-06,4.3263042616317744e-05,2.390824864383634e-13,9.712713420778765e-12,1.7875909282360938
241,0.241,1830.9709138443784,5100000.0,0.1823413266450642,0.0010000000000000009,0.005484220271943875,0,55,0,1e-08,0.005484220271943875,0.43492837268173457,0.24321476948938756,0.03402788339247938,0.041323084688177414,0.23964440060926287,3.0729487411215705e-11,0.006680168555352488,1.266288801068626e-10,1.6764840218838358e-06,4.299696748441303e-05,2.349417401824977e-13,9.58901777603159e-12,1.7882481955961653
242,0.242,1830.1820593846678,5100000.0,0.1823138715665721,0.0010000000000000009,0.0054850461536869385,0,55,0,1e-08,0.0054850461536869385,0.43522425306578866,0.24329252733971268,0.03401331256954446,0.04117162289821857,0.2394403073023961,3.020408264471746e-11,0.006678281857582597,1.2463989189357444e-10,1.6608738400958825e-06,4.273697051487042e-05,2.3094260107539473e-13,9.46900497855757e-12,1.7888928107441586
243,0.243,1829.4070450684208,5100000.0,0.1822868051096984,0.0010000000000000009,0.005485860588747555,0,55,0,1e-08,0.005485860588747555,0.43551450876711956,0.24336874472717895,0.0339990688731686,0.04102305482824865,0.2392400805399553,2.969640127561819e-11,0.006676431334886172,1.2271497607746752e-10,1.6456698112182722e-06,4.248281046378638e-05,2.270778888193785e-13,9.352504042233254e-12,1.7895252295250144
244,0.244,1828.645393809068,5100000.0,0.18226011471746026,0.0010000000000000009,0.005486663944825238,0,55,0,1e-08,0.005486663944825238,0.43579933765047557,0.24344347661981358,0.03398514019233792,0.04087727865184783,0.2390435844429996,2.9205557324382815e-11,0.006674615710934099,1.2085102759310598e-10,1.630854676165998e-06,4.223425954140383e-05,2.2334090137187647e-13,9.23935465607113e-12,1.7901458839706956
245,0.245,1827.89665251387,5100000.0,0.1822337884381592,0.0010000000000000009,0.005487456571970184,0,55,0,1e-08,0.005487456571970184,0.43607892748609306,0.24351677515251322,0.033971515056081716,0.0407341977375186,0.23885069005988258,2.8730722945551238e-11,0.0066728337746508985,1.190451403574675e-10,1.6164121810564346e-06,4.1991102435913035e-05,2.1972537549743372e-13,9.129406345114926e-12,1.7907551839620874
246,0.246,1827.1603905336815,5100000.0,0.18220781488525564,0.0010000000000000009,0.005488238803751339,0,55,0,1e-08,0.005488238803751339,0.43635345660982006,0.24358868981405749,0.033958182590273854,0.0405937203089668,0.23866127491354233,2.8271123750165126e-11,0.0066710843759390775,1.1729459157430693e-10,1.6023270038445519e-06,4.175313544771088e-05,2.1622545153453207e-13,9.022517721341017e-12,1.7913535186831082
247,0.247,1826.4361982286416,5100000.0,0.18218218320285223,0.0010000000000000009,0.00548901095825898,0,55,0,1e-08,0.00548901095825898,0.436623094533353,0.24365926761962667,0.0339451324779948,0.04045575913113236,0.23847522258292345,2.7826034570020785e-11,0.0066693664217285075,1.1559682748623858e-10,1.5885846872422524e-06,4.152016569410582e-05,2.1283564146964886e-13,8.918555801431812e-12,1.7919412579658562
248,0.248,1825.7236855776916,5100000.0,0.18215688303357902,0.0010000000000000009,0.005489773339037975,0,55,0,1e-08,0.005489773339037975,0.4368880025330671,0.24372855327690457,0.03393235492155165,0.040320231207183296,0.23829242229903386,2.739477557446912e-11,0.006667678872165953,1.1394945027813945e-10,1.5751715761293334e-06,4.129201035799418e-05,2.0955079967053582e-13,8.817395375697344e-12,1.792518753585307
249,0.249,1825.022480972912,5100000.0,0.1821319044867599,0.0010000000000000009,0.005490526236015371,0,55,0,1e-08,0.005490526236015371,0.4371483341624174,0.24379658933091453,0.03391984060920463,0.04018705751484107,0.23811276859348032,2.697670879531885e-11,0.006666020737297799,1.1235020635371919e-10,1.562074761785013e-06,4.1068496022887546e-05,2.0636609668704865e-13,8.718918443988377e-12,1.793086340387884
250,0.25,1824.3322301095527,5100000.0,0.1821072381113082,0.0010000000000000009,0.005491269926288035,0,55,0,1e-08,0.005491269926288035,0.43740423572345327,0.24386341629723204,0.03390758068459996,0.040056162763750784,0.2379361609750401,2.657123496661506e-11,0.0066643910740180265,1.1079697566451009e-10,1.5492820308523082e-06,4.0849458062520844e-05,2.0327699543406094e-13,8.623013700949501e-12,1.7936443373298958
251,0.251,1823.652594940216,5100000.0,0.18208287487071603,0.0010000000000000009,0.005492004674849456,0,55,0,1e-08,0.005492004674849456,0.43765584671008345,0.24392907278710235,0.03389556671811614,0.03992747516735831,0.2377625036255908,2.6177790637482453e-11,0.0066627889831991855,1.0928776193262351e-10,1.536781818152143e-06,4.063474007273118e-05,2.0027922941360496e-13,8.529576062513405e-12,1.7941930484525022
252,0.252,1822.9832526936896,5100000.0,0.18205880611924935,0.0010000000000000009,0.005492730735282293,0,55,0,1e-08,0.005492730735282293,0.4379033002232854,0.24399359562445933,0.033883790680167995,0.03980092622924141,0.23759170511525712,2.579584553098783e-11,0.006661213607006171,1.078206836931127e-10,1.5245631631039007e-06,4.0424193343742984e-05,1.9736878279577845e-13,8.438506230536641e-12,1.7947327637946717
253,0.253,1822.3238948723715,5100000.0,0.18203502357942875,0.0010000000000000009,0.005493448350414079,0,55,0,1e-08,0.005493448350414079,0.4381467233923213,0.24405701996395535,0.03387224491464865,0.039676450526395644,0.2374236781133114,2.5424900079459854e-11,0.006659664126174189,1.0639396590225002e-10,1.512615667957781e-06,4.0217676344228044e-05,1.945418718294764e-13,8.349710281057368e-12,1.7952637603172856
254,0.254,1821.674226548778,5100000.0,0.18201151931818674,0.0010000000000000009,0.005494157753014702,0,55,0,1e-08,0.005494157753014702,0.43838623767601226,0.24411937937662256,0.033860922118974436,0.03955398555414758,0.23725833918162034,2.506448330292247e-11,0.0066581397580560316,1.0500593275200119e-10,1.5009294635011675e-06,4.0015054315653784e-05,1.9179492883814028e-13,8.2630993174502e-12,1.7957863025682963
255,0.255,1821.0339655439184,5100000.0,0.18198828573171769,0.0010000000000000009,0.005494859166233229,0,55,0,1e-08,0.005494859166233229,0.4386219592086021,0.24418070594696442,0.033849815322141014,0.03943347154817797,0.23709560853729808,2.4714150768672024e-11,0.006656639754386126,1.036550007101586e-10,1.4894951743453203e-06,3.9816198844311554e-05,1.891245868240855e-13,8.178589128417174e-12,1.7963006434417874
256,0.256,1820.4028417157554,5100000.0,0.18196531552613926,0.0010000000000000009,0.005495552804162567,0,55,0,1e-08,0.005495552804162567,0.4388539991004275,0.2442410303576489,0.03383891786541704,0.03931485132977122,0.2369354098464305,2.43734827508788e-11,0.006655163399335442,1.0233967224621462e-10,1.4783038878479582e-06,3.962098748142099e-05,1.865276655824587e-13,8.09609988042649e-12,1.7968070248385435
257,0.257,1819.7805962711623,5100000.0,0.18194260170107932,0.0010000000000000009,0.005496238872317218,0,55,0,1e-08,0.005496238872317218,0.43908246372781035,0.24430038197087445,0.03382822338396809,0.0391980701566553,0.23677767002513295,2.404208252809012e-11,0.006653710007637626,1.0105853001088897e-10,1.4673471249376443e-06,3.9429303383059734e-05,1.8400115884924159e-13,8.015555830932019e-12,1.7973056783028603
258,0.258,1819.1669811490333,5100000.0,0.1819201375335486,0.0010000000000000009,0.005496917568103679,0,55,0,1e-08,0.005496917568103679,0.4393074549934032,0.24435878890161544,0.03381772579021011,0.0390830755890096,0.23662231906092146,2.3719574831435493e-11,0.0066522789229050815,9.981023153133825e-11,1.45661681356053e-06,3.924103498350984e-05,1.8154222259027866e-13,7.936885067064672e-12,1.7977968255943462
259,0.259,1818.5617584213305,5100000.0,0.18189791656362478,0.0010000000000000009,0.005497589081237321,0,55,0,1e-08,0.005497589081237321,0.43952907057805785,0.24441627808833208,0.03380741925782029,0.03896981735982954,0.2364692898398776,2.340560440463886e-11,0.006650869516000773,9.859350427559724e-11,1.4461052636741543e-06,3.905607568458223e-05,1.7914816413028014e-13,7.860019261249896e-12,1.7982806792402426
260,0.26,1817.9646997849748,5100000.0,0.18187593258031431,0.0010000000000000009,0.005498253594154974,0,55,0,1e-08,0.005498253594154974,0.43974740415590985,0.24447287535353104,0.03379729820795356,0.03885824726424377,0.2363185179990785,2.309983470487e-11,0.006649481183646934,9.740714120401751e-11,1.4358051449615509e-06,3.887432358230623e-05,1.7681643234393127e-13,7.784893451856045e-12,1.7987574430087316
261,0.261,1817.3755860264705,5100000.0,0.18185417960992872,0.0010000000000000009,0.005498911282352532,0,55,0,1e-08,0.005498911282352532,0.4399625456188834,0.2445286054666449,0.03378735729510355,0.03874831904397362,0.23616994177251324,2.2801946672436026e-11,0.006648113346974396,9.624999653869191e-11,1.425709465086634e-06,3.869568119404043e-05,1.7454460836605633e-13,7.711445832371457e-12,1.7992273124008669
262,0.262,1816.7942065714399,5100000.0,0.18183265190327924,0.0010000000000000009,0.005499562314759192,0,55,0,1e-08,0.005499562314759192,0.4401745812668689,0.2445834921975435,0.03377759139493999,0.03863998828944474,0.2360235018605976,2.2511637621516073e-11,0.006646765450292661,9.512098195396091e-11,1.4158115503719186e-06,3.852005521949797e-05,1.7233039721469442e-13,7.639617562513751e-12,1.799690475068333
263,0.263,1816.220358990402,5100000.0,0.1818113439252529,0.0010000000000000009,0.005500206854040557,0,56,0,1e-08,0.005500206854040557,0.4403835940140244,0.24463755837409581,0.033767995591489755,0.03853321233363069,0.23587914128854479,2.222862017825624e-11,0.006645436959757816,9.401906290954109e-11,1.40610502658501e-06,3.8347356296039436e-05,1.7017161976932251e-13,7.569352583962668e-12,1.8001471112648897
264,0.264,1815.6538486414322,5100000.0,0.18179025034273003,0.0010000000000000009,0.005500845056952703,0,56,0,1e-08,0.005500845056952703,0.44058966354060475,0.2446908259250607,0.0337585651672926,0.038427950173898745,0.23573680530222288,2.1952621351937068e-11,0.006644127362389818,9.294325546059144e-11,1.3965838028710076e-06,3.8177498802064625e-05,1.68066205756188e-13,7.500597462525063e-12,1.8005973941807702
265,0.265,1815.0944882435692,5100000.0,0.18176936601658492,0.0010000000000000009,0.005501477074573498,0,56,0,1e-08,0.005501477074573498,0.440792866471002,0.24474331592978207,0.03374929559232321,0.03832416238038149,0.23559644124592988,2.168338162862396e-11,0.0066428361649228645,9.189262312175579e-11,1.3872420552145967e-06,3.801040064580148e-05,1.6601218690052934e-13,7.433301230041135e-12,1.80104149033213
266,0.266,1814.5420975332124,5100000.0,0.181748685991259,0.0010000000000000009,0.00550210305260801,0,56,0,1e-08,0.00550210305260801,0.44099327651855985,0.24479504865888937,0.03374018251476353,0.038221811021435986,0.2354579984630291,2.142065415986961e-11,0.0066415628928690115,9.086627406737297e-11,1.3780742119924896e-06,3.784598308488077e-05,1.640076907966508e-13,7.367415244430962e-12,1.8014795598789406
267,0.267,1813.9965028906038,5100000.0,0.1817282054867527,0.0010000000000000009,0.005502723131621399,0,56,0,1e-08,0.005502723131621399,0.44119096464136603,0.24484604361772908,0.03373122175134979,0.03812085958347787,0.23532142818898943,2.116420398463276e-11,0.006640307089512504,8.98633584330768e-11,1.3690749396262657e-06,3.768417054228243e-05,1.6205093502786018e-13,7.302893053132486e-12,1.8019117569658774
268,0.268,1813.4575370493535,5100000.0,0.1817079198894672,0.0010000000000000009,0.005503337447307196,0,56,0,1e-08,0.005503337447307196,0.4413859991649711,0.24489631958084082,0.03372240927956672,0.03802127290782835,0.23518668346717117,2.09138073370838e-11,0.0066390683151163,8.888306592415485e-11,1.3602391302153873e-06,3.7524890452106393e-05,1.6014022193631044e-13,7.239690273376819e-12,1.80233822999234
269,0.269,1812.9250388008552,5100000.0,0.18168782474550874,0.0010000000000000009,0.005503946130681608,0,56,0,1e-08,0.005503946130681608,0.44157844590631357,0.24494589462681535,0.033713741229722725,0.0379230171268752,0.23505371906381065,2.066925099023789e-11,0.006637846146120645,8.792462354030654e-11,1.3515618895639535e-06,3.736807310799064e-05,1.5827393366204644e-13,7.177764477455126e-12,1.8027591218831227
270,0.27,1812.3988526578148,5100000.0,0.18166791575365568,0.0010000000000000009,0.005504549308288511,0,56,0,1e-08,0.005504549308288511,0.44176836831329847,0.24499478617686932,0.033705213876570925,0.03782605959231903,0.23492249137211899,2.0430331621065012e-11,0.006636640174243673,8.698729336117947e-11,1.3430385250708153e-06,3.7213651504332394e-05,1.5645052734323105e-13,7.117075079265974e-12,1.8031745703942132
271,0.271,1811.878828611056,5100000.0,0.18164818875686808,0.0010000000000000009,0.0055051471024491075,0,56,0,1e-08,0.0055051471024491075,0.4419558275671411,0.24504301102373285,0.03369682363268322,0.037730368822435356,0.23479295834209288,2.019685525091902e-11,0.006635450005819036,8.607037060473048e-11,1.3346645355505264e-06,3.70615612083542e-05,1.5466853088446472e-13,7.057583236498082e-12,1.8035847083365169
272,0.272,1811.3648219132635,5100000.0,0.18162863973661791,0.0010000000000000009,0.005505739631426597,0,56,0,1e-08,0.005505739631426597,0.44214088267398016,0.24509058535735767,0.03368856704264961,0.03763591445494841,0.2346650794176359,1.9968636733073413e-11,0.006634275261203664,8.517318185206439e-11,1.3264356019711379e-06,3.691174024430077e-05,1.5292653908585153e-13,6.9992517613451136e-12,1.8039896637780297
273,0.273,1810.8566927651627,5100000.0,0.18160926480796363,0.0010000000000000009,0.00550632700956868,0,56,0,1e-08,0.00550632700956868,0.4423235905938595,0.24513752480059253,0.033680440775300836,0.03754266718064777,0.23453881544796407,1.974549922101653e-11,0.00663311557394658,8.429508317878197e-11,1.3183475769029534e-06,3.676412895180381e-05,1.5122320961776935e-13,6.942045023420609e-12,1.8043895603240192
274,0.274,1810.354306148168,5100000.0,0.18159006021135565,0.0010000000000000009,0.005506909347549554,0,56,0,1e-08,0.005506909347549554,0.4425040063122961,0.24518384442946559,0.03367244161901875,0.03745059870653978,0.23441412863852532,1.9527273734264004e-11,0.006631970590325321,8.343545865459276e-11,1.31039647679648e-06,3.661866989097372e-05,1.4955725974480532e-13,6.885928874659762e-12,1.80478451727514
275,0.275,1809.8575315983846,5100000.0,0.1815710223090275,0.0010000000000000009,0.005507486752473288,0,56,0,1e-08,0.005507486752473288,0.44268218293428696,0.24522955879935357,0.03366456647593859,0.03735968170746683,0.2342909824864549,1.931379871959326e-11,0.006630839968739204,8.259371880262664e-11,1.3025784735413802e-06,3.647530773248625e-05,1.479274629967076e-13,6.830870570223832e-12,1.8051746498328483
276,0.276,1809.3662429867268,5100000.0,0.18155214757939891,0.0010000000000000009,0.005508059328037785,0,56,0,1e-08,0.005508059328037785,0.4428581717756078,0.24527468197029106,0.033656812356408654,0.037269889779148434,0.23416934171786208,1.910491963898112e-11,0.00662972337912076,8.17692991610979e-11,1.2948898865050472e-06,3.633398915284645e-05,1.4633264606142145e-13,6.776838694329471e-12,1.8055600692991587
277,0.277,1808.880318361574,5100000.0,0.18153343261156785,0.0010000000000000009,0.0055086271746964035,0,56,0,1e-08,0.0055086271746964035,0.4430320224291872,0.24531922752584237,0.03364917637458053,0.03718119740393415,0.23404917224234006,1.8900488607384747e-11,0.006628620502505437,8.09616590182494e-11,1.287327175829812e-06,3.6194662750061854e-05,1.4477168603974383e-13,6.723803096150139e-12,1.8059408832213015
278,0.278,1808.3996397972742,5100000.0,0.1815148741017158,0.0010000000000000009,0.0055091903897618285,0,56,0,1e-08,0.0055091903897618285,0.4432037828293108,0.24536320859094532,0.03364165574448162,0.03709357991783346,0.23393044110886635,1.870036404935977e-11,0.0066275310306174486,8.017028021579405e-11,1.2798869360473551e-06,3.605727896292189e-05,1.4324350785134943e-13,6.671734828966167e-12,1.806317195534369
279,0.279,1807.9240930818312,5100000.0,0.1814964688496379,0.0010000000000000009,0.005509749067506422,0,56,0,1e-08,0.005509749067506422,0.44337349937770903,0.24540663786632597,0.03363424777277665,0.03700701344565221,0.2338131164191008,1.8504410308384752e-11,0.0066264546650593534,7.939466575245336e-11,1.2725658874578998e-06,3.5921789947131664e-05,1.4174708127353967e-13,6.6206060747472856e-12,1.8066891068334363
280,0.28,1807.453567677453,5100000.0,0.18147821374995798,0.0010000000000000009,0.0055103032994241845,0,56,0,1e-08,0.0055103032994241845,0.44354121696323323,0.24544952763479277,0.03362694985690734,0.036921474890758324,0.23369716731403845,1.8312497388821975e-11,0.00662539111718114,7.863433890121255e-11,1.26536087202983e-06,3.5788149531400314e-05,1.4028141899446294e-13,6.570390101563885e-12,1.8070567144182221
281,0.281,1806.9879565695653,5100000.0,0.18146010579210034,0.0010000000000000009,0.005510853174227207,0,56,0,1e-08,0.005510853174227207,0.44370697902494327,0.2454918897786629,0.03361975948131889,0.0368369419026724,0.23358256393065538,1.812450066494385e-11,0.006624340107673821,7.788884218361493e-11,1.2582688477125106e-06,3.5656313143142654e-05,1.3884557440562878e-13,6.5210612105827734e-12,1.8074201124321965
282,0.28200000000000003,1806.5271560909512,5100000.0,0.18144214205659653,0.0010000000000000009,0.005511398777953552,0,56,0,1e-08,0.005511398777953552,0.4438708276244404,0.245533735799722,0.03361267421313409,0.03675339283985486,0.2334692773522164,1.7940300594917793e-11,0.006623301366103489,7.715773636146432e-11,1.25128688261374e-06,3.5526237729534976e-05,1.374386394422974e-13,6.4725946831023535e-12,1.80777939202008
283,0.28300000000000003,1806.071065758744,5100000.0,0.18142431971050396,0.0010000000000000009,0.0055119401941023435,0,56,0,1e-08,0.0055119401941023435,0.4440328035128187,0.24557507683785545,0.03360569169802682,0.036670806735205036,0.23335727956230562,1.7759782451548544e-11,0.006622274630479189,7.644059948303112e-11,1.2444121494986735e-06,3.539788168315715e-05,1.3605974254275565e-13,6.424966730434649e-12,1.8081346414725867
284,0.28400000000000003,1805.6195882356537,5100000.0,0.18140663600316856,0.0010000000000000009,0.005512477503758651,0,56,0,1e-08,0.005512477503758651,0.44419294614939564,0.2456159236767046,0.03359880965872293,0.036589163286400446,0.2332465434320469,1.758283612002003e-11,0.0066212596471300214,7.573702618664231e-11,1.2376419224538289e-06,3.5271204805160334e-05,1.3470804712128093e-13,6.378154459888339e-12,1.8084859462697982
285,0.28500000000000003,1805.1726289829342,5100000.0,0.18138908826598435,0.0010000000000000009,0.005513010785597126,0,56,0,1e-08,0.005513010785597126,0.4443512938399402,0.2456562867806453,0.0335920258876614,0.03650844278494506,0.23313704262490395,1.7409355783000722e-11,0.0066202561698203155,7.504662654812153e-11,1.230973568980737e-06,3.514616818320869e-05,1.3338274917219764e-13,6.332135809490038e-12,1.808833389380001
286,0.28600000000000003,1804.7300965012075,5100000.0,0.18137167390203615,0.0010000000000000009,0.005513540116193274,0,56,0,1e-08,0.005513540116193274,0.44450788364601673,0.24569617627213955,0.03358533825053496,0.036428626162437645,0.23302875165943704,1.7239239846632514e-11,0.006619263960322122,7.436902588417051e-11,1.2244045511306779e-06,3.5022734234626885e-05,1.3208307672639078e-13,6.286889546128559e-12,1.8091770510651664
287,0.28700000000000003,1804.291901895298,5100000.0,0.18135439039486903,0.0010000000000000009,0.005514065569753603,0,56,0,1e-08,0.005514065569753603,0.44466275155741014,0.24573560197720737,0.03357874467766259,0.03634969490224492,0.23292164579041102,1.7072390611444835e-11,0.006618282787314858,7.370386353427191e-11,1.217932416566086e-06,3.490086656255479e-05,1.3080828735074113e-13,6.242395194356704e-12,1.8095170092555566
288,0.28800000000000003,1803.8579589381914,5100000.0,0.1813372352951569,0.0009999999999999454,0.005514587218517349,0,56,0,1e-08,0.005514587218517349,0.44481593246980267,0.2457745734206297,0.03357224316423992,0.03627163105071856,0.23281570102440657,1.6908714152929766e-11,0.006617312426522307,7.305079246385142e-11,1.2115547973544464e-06,3.478052995305126e-05,1.295576672430908e-13,6.19863301959713e-12,1.8098533395011722
289,0.289,1803.4281839271175,5100000.0,0.18132020622360168,0.0010000000000000009,0.00551510513266687,0,56,0,1e-08,0.00551510513266687,0.4449674602435269,0.24581309984183106,0.03356583176709238,0.03619441718706341,0.2327108940793842,1.6748120122808514e-11,0.006616352660335912,7.240947855450714e-11,1.2052694056441813e-06,3.466169031426984e-05,1.2833052972873513e-13,6.15558398992263e-12,1.8101861151006278
290,0.29,1803.0024955292,5100000.0,0.18130330086701682,0.0010000000000000009,0.005515619380440765,0,56,0,1e-08,0.005515619380440765,0.4451173677659454,0.24585119021188745,0.0335595086011085,0.036118036391253806,0.23260720234178872,1.6590521559375808e-11,0.006615403277413911,7.177959992324825e-11,1.199074029397623e-06,3.454431461491718e-05,1.271262138242076e-13,6.113229738989259e-12,1.8105154072360599
291,0.291,1802.580814739582,5100000.0,0.18128651697400358,0.0010000000000000009,0.005516130028265702,0,56,0,1e-08,0.005516130028265702,0.4452656869700627,0.2458888532390578,0.03355327183781341,0.0360424722343884,0.23250460385383653,1.6435834750247787e-11,0.006614464072559473,7.116084644347974e-11,1.192966529933547e-06,3.4428370855056946e-05,1.259440831985675e-13,6.071552541983386e-12,1.8108412850141156
292,0.292,1802.163064869688,5100000.0,0.18126985235427934,0.0010000000000000009,0.0055166371407726995,0,56,0,1e-08,0.0055166371407726995,0.4454124488415164,0.2459260973711438,0.03354711970461476,0.03596770877506541,0.23240307730879967,1.628397910596678e-11,0.006613534846673647,7.055291930474508e-11,1.1869448398478524e-06,3.4313828044354826e-05,1.2478352521238553e-13,6.0305352941255664e-12,1.811163815482804
293,0.293,1801.7491713335496,5100000.0,0.1812533048789801,0.0010000000000000009,0.0055171407807856785,0,56,0,1e-08,0.0055171407807856785,0.44555768350360503,0.24596293081824294,0.033541050480279624,0.035893730515723136,0.23230260199244204,1.6134876971768023e-11,0.006612615406211054,6.995553032998552e-11,1.1810069582559154e-06,3.420065612788033e-05,1.2364394950066809e-13,5.9901614717123824e-12,1.8114830638152335
294,0.294,1801.3390616645497,5100000.0,0.18123687247427378,0.0010000000000000009,0.005517641009513387,0,56,0,1e-08,0.005517641009513387,0.4457014202128805,0.24599936155217098,0.03353506249469635,0.03582052240481839,0.23220315778617606,1.5988453529459485e-11,0.006611705563205215,6.936840163223387e-11,1.1751509493788925e-06,3.408882597461258e-05,1.2252478721553348e-13,5.950415116136785e-12,1.8117990933011312
295,0.295,1800.932665333655,5100000.0,0.18122055312252308,0.0010000000000000009,0.005518137886511701,0,56,0,1e-08,0.005518137886511701,0.4458436874315993,0.24603539732583285,0.03352915412503808,0.03574806979964274,0.2321047251171558,1.5844636629777237e-11,0.0066108051348048695,6.879126501057564e-11,1.1693749383756512e-06,3.3978309313024655e-05,1.2142548977012455e-13,5.911280799538137e-12,1.8121119655037023
296,0.296,1800.5299138177209,5100000.0,0.18120434485687567,0.0010000000000000009,0.005518631469846109,0,56,0,1e-08,0.005518631469846109,0.44598451280301854,0.24607104566745092,0.03352332379639978,0.03567635847884569,0.23200728497547182,1.5703356724484227e-11,0.006609913943427933,6.82238617236507e-11,1.1636771108594383e-06,3.386907873530401e-05,1.203455283163727e-13,5.872743615918955e-12,1.812421740206435
297,0.297,1800.1307403786584,5100000.0,0.18118824576407597,0.0010000000000000009,0.005519121816003972,0,56,0,1e-08,0.005519121816003972,0.44612392323904276,0.24610631390354004,0.03351756997753739,0.03560537459759447,0.23191081885367193,1.556454669804679e-11,0.006609031816202981,6.766594186833546e-11,1.158055708338239e-06,3.376110762409346e-05,1.192843924703937e-13,5.834789144806776e-12,1.8127284756046464
298,0.298,1799.735080098493,5100000.0,0.18117225397770742,0.0010000000000000009,0.005519608980098283,0,56,0,1e-08,0.005519608980098283,0.44626194490807364,0.24614120915649193,0.03351189118083628,0.035535104693607794,0.2318153087553123,1.5428141799387862e-11,0.0066081585850428165,6.71172641489506e-11,1.152509027452267e-06,3.365437014963483e-05,1.1824158979262305e-13,5.797403441212993e-12,1.8130322282781537
299,0.299,1799.3428698563334,5100000.0,0.18115636767984755,0.0010000000000000009,0.005520093015815333,0,56,0,1e-08,0.005520093015815333,0.44639860324551056,0.24617573834786707,0.033506285961371465,0.0354655356816838,0.23172073718782304,1.5294079544854844e-11,0.006607294086574913,6.65775955420975e-11,1.1470354182327548e-06,3.354884124942802e-05,1.1721664506364282e-13,5.760573018614447e-12,1.8133330532138456
300,0.3,1798.954048107851,5100000.0,0.181140585100798,0.0010000000000000009,0.005520573975421014,0,56,0,1e-08,0.005520573975421014,0.4465339230412965,0.2462099082208979,0.033500752913008025,0.035396654809053095,0.23162708710200067,1.516229957486792e-11,0.006606438161585651,6.604671075326596e-11,1.1416332799253364e-06,3.344449655906646e-05,1.162090991821478e-13,5.7242848165303384e-12,1.8136310039995192
301,0.301,1798.5685549451823,5100000.0,0.1811249045122561,0.0010000000000000009,0.005521051909967104,0,56,0,1e-08,0.005521051909967104,0.44666792841738817,0.24624372533589403,0.033495290668431515,0.03532844966652059,0.23153434190785016,1.5032743596481958e-11,0.006605590655157429,6.552439203527482e-11,1.1363010606034767e-06,3.3341312415870685e-05,1.1521850874309708e-13,5.688526193344253e-12,1.8139261327698857
302,0.302,1798.186332065634,5100000.0,0.18110932422971304,0.0010000000000000009,0.005521526869216486,0,56,0,1e-08,0.005521526869216486,0.44680064284172294,0.246277196073839,0.033489897898531594,0.03526090818141808,0.23144248546491986,1.490535531065434e-11,0.006604751416579945,6.501042892286888e-11,1.131037255718848e-06,3.323926584074975e-05,1.1424444547242822e-13,5.653284912633839e-12,1.8142184902404155
303,0.303,1797.8073226047447,5100000.0,0.1810938426118574,0.0010000000000000009,0.005521998901659643,0,56,0,1e-08,0.005521998901659643,0.44693208919434396,0.24631032665374,0.03348457330917147,0.03519401858377439,0.23135150203667781,1.4780080280435173e-11,0.006603920298928797,6.450461775547161e-11,1.12584040458115e-06,3.3138334481788993e-05,1.1328649524696074e-13,5.618549115119507e-12,1.8145081258514815
304,0.304,1797.431471235702,5100000.0,0.1810784580554392,0.0010000000000000009,0.005522468054669648,0,56,0,1e-08,0.005522468054669648,0.44706228972973355,0.24634312312372889,0.0334793156422326,0.03512776942531911,0.2312613763167162,1.4656865915979405e-11,0.006603097159300555,6.400676163258348e-11,1.1207090909533973e-06,3.303849663310933e-05,1.123442579607e-13,5.584307319519864e-12,1.8147950876842256
305,0.305,1797.0587239073636,5100000.0,0.18106316899894445,0.0010000000000000009,0.005522934374388591,0,56,0,1e-08,0.005522934374388591,0.44719126618003663,0.24637559138747106,0.0334741236711163,0.03506214952688076,0.23117209335738456,1.4535661316618613e-11,0.006602281858158263,6.351666982503156e-11,1.1156419382757254e-06,3.293973115390219e-05,1.1141734633994281e-13,5.550548386351424e-12,1.8150794226882072
306,0.306,1796.6890280172374,5100000.0,0.18104797391426652,0.0010000000000000009,0.005523397905980108,0,56,0,1e-08,0.005523397905980108,0.4473190396884876,0.24640773718813536,0.033468996202832016,0.03499714801204303,0.23108363861603723,1.441641728158403e-11,0.006601474259748556,6.303415784026323e-11,1.1106376113164104e-06,3.284201750691184e-05,1.1050538601983577e-13,5.517261526095828e-12,1.815361176532188
307,0.307,1796.3223322811182,5100000.0,0.18103287131279241,0.0010000000000000009,0.005523858693442363,0,56,0,1e-08,0.005523858693442363,0.4474456308616688,0.24643956612154874,0.03346393207590623,0.03493275428063708,0.23099599791884606,1.4299086207210111e-11,0.006600674231771387,6.255904704232128e-11,1.1056948133786313e-06,3.27453357139683e-05,1.0960801476758725e-13,5.484436276884729e-12,1.8156403937222483
308,0.308,1795.958586640161,5100000.0,0.18101785974142778,0.0010000000000000009,0.005524316779727899,0,56,0,1e-08,0.005524316779727899,0.44757105980635264,0.2464710836461584,0.03345893015833713,0.034868957989776676,0.23090915743544904,1.418362201077499e-11,0.006599881645143747,6.20911643700902e-11,1.1008122842962335e-06,3.2649666324392654e-05,1.0872488190215922e-13,5.452062488278181e-12,1.8159171176806268
309,0.309,1795.59774226646,5100000.0,0.18100293777981008,0.0010000000000000009,0.005524772206827383,0,56,0,1e-08,0.005524772206827383,0.4476953461281639,0.24650229508319527,0.033453989347245146,0.03480574905440995,0.23082310367998884,1.4069980083339924e-11,0.006599096374005549,6.163034217384033e-11,1.0959887997021201e-06,3.25549904083122e-05,1.0785564793727864e-13,5.420130313393094e-12,1.816191390741678
310,0.31,1795.2397515545747,5100000.0,0.1809881040407965,0.0010000000000000009,0.005525225015753472,0,56,0,1e-08,0.005525225015753472,0.4478185089358793,0.24653320561806938,0.0334491085684464,0.03474311764507669,0.23073782350820105,1.3958117240173902e-11,0.006598318295690914,6.117641804103979e-11,1.091223170136864e-06,3.2461289546602894e-05,1.0699998420665878e-13,5.3886302001011304e-12,1.8164632541615602
311,0.311,1794.8845680188274,5100000.0,0.18097335717048704,0.0010000000000000009,0.005525675246538886,0,56,0,1e-08,0.005525675246538886,0.4479405668823421,0.2465638203108934,0.03344428677463275,0.03468105416705148,0.23065330408913115,1.3847991646127575e-11,0.006597547290468528,6.072923451708284e-11,1.086514238966449e-06,3.236854579721674e-05,1.0615757229479288e-13,5.357552874569096e-12,1.8167327482090918
312,0.312,1794.5321462636996,5100000.0,0.18095869584508076,0.0010000000000000009,0.0055261229383312075,0,56,0,1e-08,0.0055261229383312075,0.44806153817652883,0.24659414410014285,0.0334395229443718,0.03461954925401893,0.23056953289693066,1.3739562761150027e-11,0.006596783241462065,6.028863891480746e-11,1.081860881248655e-06,3.22767416799557e-05,1.0532810363287111e-13,5.326889331047175e-12,1.8169999121900042
313,0.313,1794.1824420616433,5100000.0,0.18094411877014965,0.0010000000000000009,0.0055265681294139465,0,56,0,1e-08,0.0055265681294139465,0.4481814405541618,0.2466241817955614,0.03343481608305654,0.034558593782959106,0.23048649773125474,1.3632791332797512e-11,0.006596026034834756,5.985448329207976e-11,1.0772620042217658e-06,3.218586019122753e-05,1.0451127942524258e-13,5.29663083296863e-12,1.8172647843822585
314,0.314,1793.8354121537816,5100000.0,0.1809296246835052,0.0010000000000000009,0.005527010857117904,0,56,0,1e-08,0.005527010857117904,0.44830029135624927,0.24665393809789166,0.033430165219771525,0.034498178834254246,0.23040418666288348,1.3527639285959494e-11,0.006595275559292783,5.942662404322339e-11,1.0727165438535827e-06,3.209588474426821e-05,1.0370680983238599e-13,5.26676888731423e-12,1.817527402211306
315,0.315,1793.4910142776941,5100000.0,0.18091521234879654,0.0010000000000000009,0.005527451158015641,0,56,0,1e-08,0.005527451158015641,0.4484181075184396,0.24668341759705995,0.033425569407022196,0.03443829569679985,0.23032258804128547,1.3424069704585709e-11,0.006594531706148495,5.900492183207474e-11,1.068223464755234e-06,3.200679917190737e-05,1.0291441381669835e-13,5.237295242225346e-12,1.8177878022222762
316,0.316,1793.1492072259696,5100000.0,0.18090088055664977,0.0010000000000000009,0.005527889067885699,0,56,0,1e-08,0.005527889067885699,0.4485349055492006,0.24671262476681766,0.033421027721504605,0.03437893587911744,0.23024169050975285,1.3322046811649641e-11,0.006593794369457607,5.858924153340106e-11,1.0637817603132728e-06,3.1918587734970225e-05,1.0213381899630981e-13,5.208201885572029e-12,1.8180460200329709
317,0.317,1792.8099506617548,5100000.0,0.18088662812688006,0.0010000000000000009,0.005528324621644043,0,56,0,1e-08,0.005528324621644043,0.44865070160240655,0.24674156398293978,0.033416539261251585,0.03432009107248161,0.23016148295512207,1.3221535879330135e-11,0.00659306344556072,5.817945188956857e-11,1.0593904496917552e-06,3.183123506922475e-05,1.0136476096535802e-13,5.179481023110727e-12,1.818302090495897
318,0.318,1792.4732052072775,5100000.0,0.1808724539025311,0.0010000000000000009,0.0055287578535252405,0,56,0,1e-08,0.0055287578535252405,0.44876551144301663,0.24677023951549779,0.0334121031462621,0.03426175316807441,0.23008195453175215,1.3122503224088026e-11,0.006592338833295704,5.777542550706745e-11,1.0550485784555575e-06,3.174472620244735e-05,1.0060698325648596e-13,5.151125080621247e-12,1.8185560476178613
319,0.319,1792.1389324082336,5100000.0,0.18085835675304174,0.0010000000000000009,0.005529188796984812,0,56,0,1e-08,0.005529188796984812,0.44887935046196287,0.2467986555324307,0.03340771851805896,0.03420391424951353,0.2300030946511653,1.3024916171065936e-11,0.006591620433904606,5.737703872157857e-11,1.0507552176751437e-06,3.16590465411318e-05,9.986023706253385e-14,5.123126696374073e-12,1.818807924595755
320,0.32,1791.8070946505252,5100000.0,0.18084433557327176,0.0010000000000000009,0.005529617484728108,0,56,0,1e-08,0.005529617484728108,0.44899223370910296,0.24682681610802323,0.033403384538210845,0.034146566576060376,0.2299248929592745,1.2928742992637473e-11,0.006590908150824281,5.69841713769692e-11,1.0465094622289416e-06,3.157418184278119e-05,9.912428078605527e-14,5.095478707856044e-12,1.8190577538892794
321,0.321,1791.4776551573384,5100000.0,0.18083038928090334,0.0010000000000000009,0.005530043948788901,0,56,0,1e-08,0.005530043948788901,0.4491041758945529,0.2468547252238432,0.03339910038778992,0.03408970258172644,0.22984733933559856,1.2833952888046574e-11,0.006590201889675027,5.659670674296168e-11,1.0423104304041252e-06,3.149011821164482e-05,9.839887986479791e-14,5.068174147735918e-12,1.8193055672210194
322,0.322,1791.1505779349995,5100000.0,0.18081651681651428,0.0010000000000000009,0.005530468220526352,0,56,0,1e-08,0.005530468220526352,0.449215191410475,0.2468823867742107,0.03339486526650885,0.03403331486423961,0.2297704238781701,1.2740515933679088e-11,0.006589501558122977,5.621453134241008e-11,1.0381572626451349e-06,3.140684207914084e-05,9.768380641495205e-14,5.041206233751712e-12,1.819551395625927
323,0.323,1790.8258278870119,5100000.0,0.18080271714194723,0.0010000000000000009,0.005530890330674104,0,56,0,1e-08,0.005530890330674104,0.4493252942869219,0.24690980455585232,0.033390678393868244,0.03397739620724372,0.22969413693428692,1.2648403098152912e-11,0.006588807066155323,5.5837535013778745e-11,1.0340491226913077e-06,3.1324340229417075e-05,9.69788393302268e-14,5.0145683748553334e-12,1.8197952693501975
324,0.324,1790.503370557333,5100000.0,0.18078898924431902,0.0010000000000000009,0.005531310309216877,0,56,0,1e-08,0.005531310309216877,0.4494344982931037,0.24693698229222757,0.033386539006048384,0.033921939529249844,0.22961846903011432,1.255758614164387e-11,0.0065881183254460456,5.5465610517868826e-11,1.029985193815061e-06,3.124259972981372e-05,9.628376351951734e-14,4.988254144994993e-12,1.8200372180835946
325,0.325,1790.1831723588657,5100000.0,0.1807753321275643,0.0010000000000000009,0.005531728185648415,0,56,0,1e-08,0.005531728185648415,0.4495428168474267,0.24696392361314168,0.03338244635766434,0.03386693792857025,0.2295434109335115,1.2468037655329526e-11,0.006587435249913292,5.50986537178188e-11,1.0259646813178427e-06,3.1161607983711575e-05,9.559837021758902e-14,4.962257297875165e-12,1.8202772707467028
326,0.326,1789.8652003238617,5100000.0,0.18076174482025684,0.0010000000000000009,0.005532143988731498,0,56,0,1e-08,0.005532143988731498,0.4496502631166346,0.2469906320778003,0.03337839971935655,0.033812384633635985,0.22946895358492675,1.2379730971270062e-11,0.00658675775510218,5.473656321730879e-11,1.0219868089901158e-06,3.108135266437826e-05,9.492245629033954e-14,4.936571742578287e-12,1.8205154557238346
327,0.327,1789.5494222723275,5100000.0,0.18074822636739324,0.0010000000000000009,0.005532557746748655,0,56,0,1e-08,0.005532557746748655,0.44975684994931137,0.24701711116007274,0.03337439837881144,0.033758273036073864,0.22939508814391557,1.2292640192189403e-11,0.006586085758595156,5.4379240489694895e-11,1.0180508209472263e-06,3.1001821753981515e-05,9.42558244573237e-14,4.911191554350767e-12,1.8207518007036307
328,0.328,1789.2358066735292,5100000.0,0.1807347758361834,0.0010000000000000009,0.0055329694873243055,0,56,0,1e-08,0.0055329694873243055,0.44986258993126055,0.2470433642612759,0.03337044163949558,0.03370459666302498,0.22932180595051685,1.2206740123247713e-11,0.006585419179667721,5.402658962420044e-11,1.0141559793684507e-06,3.0923003503501e-05,9.359828279055907e-14,4.886110958222471e-12,1.8209863328103024
329,0.329,1788.9243226291862,5100000.0,0.1807213923115579,0.0010000000000000009,0.00553337923756161,0,56,0,1e-08,0.00553337923756161,0.44996749539178543,0.2470693947125245,0.03336652881976433,0.03365134917364604,0.2292490985210902,1.2122006258313638e-11,0.006584757939244814,5.367851726540327e-11,1.0103015641151237e-06,3.0844886427041434e-05,9.294964459055104e-14,4.861324325761435e-12,1.8212190786128784
330,0.33,1788.6149399704698,5100000.0,0.18070807489570953,0.0010000000000000009,0.00553378702405591,0,56,0,1e-08,0.00553378702405591,0.4500715783660841,0.24709520576601865,0.03336265925376147,0.033598524377997895,0.2291769575745239,1.2038414780706825e-11,0.006584101960134851,5.333493263700705e-11,1.00648687349702e-06,3.0767459320972376e-05,9.230972840626065e-14,4.836826178525244e-12,1.8214500640383506
331,0.331,1788.307629118202,5100000.0,0.18069482271151027,0.0010000000000000009,0.005534192872789491,0,56,0,1e-08,0.005534192872789491,0.45017485065110524,0.2471208006078179,0.03335883229023502,0.03354611620914601,0.22910537499325326,1.1955942510423062e-11,0.006583451166683084,5.2995747330903715e-11,1.0027112222594532e-06,3.069071122668604e-05,9.167835762782132e-14,4.812611174046671e-12,1.8216793145047117
332,0.332,1788.0023610754429,5100000.0,0.18068163489794548,0.0010000000000000009,0.0055345968092708015,0,56,0,1e-08,0.0055345968092708015,0.45027732380774094,0.24714618235959404,0.03335504729146253,0.033494118721586245,0.22903434282202792,1.1874566883224145e-11,0.006582805484751693,5.266087523389368e-11,9.9897394116148e-07,3.0614631425168576e-05,9.105536033045913e-14,4.7886741019489466e-12,1.8219068549179291
333,0.333,1787.699107510002,5100000.0,0.18066851060994618,0.0010000000000000009,0.005534998858539042,0,56,0,1e-08,0.005534998858539042,0.45037900912902534,0.2471713540711066,0.03335130363412978,0.03344252610726753,0.22896385329004326,1.1794265959442867e-11,0.006582164841918383,5.233023256810225e-11,9.952743777550764e-07,3.0539209454892754e-05,9.044056933649465e-14,4.7650098880514755e-12,1.8221327095997528
334,0.334,1787.3978405563741,5100000.0,0.18065544902131553,0.0010000000000000009,0.005535399045073979,0,56,0,1e-08,0.005535399045073979,0.4504799177186056,0.24719631873842604,0.03334760070744538,0.03339133265627821,0.22889389875624094,1.1715018352558855e-11,0.006581529166988091,5.2003737610777776e-11,9.916118936067524e-07,3.0464435059572303e-05,8.983382167658738e-14,4.741613575335962e-12,1.8223569024718638
335,0.335,1787.0985330150697,5100000.0,0.18064244931815326,0.0010000000000000009,0.005535797392996864,0,56,0,1e-08,0.005535797392996864,0.45058006041150167,0.2472210792868152,0.03334393791399211,0.03334053279608551,0.22882447176484727,1.1636803265240624e-11,0.006580898390479634,5.168131085431469e-11,9.879858664645282e-07,3.0390298233899943e-05,8.923495886937262e-14,4.718480336870373e-12,1.822579456862407
336,0.336,1786.8011582446622,5100000.0,0.18062951070567457,0.0010000000000000009,0.005536193925861005,0,56,0,1e-08,0.005536193925861005,0.45067944781844615,0.24724563857968973,0.033340314669766634,0.033290121069857626,0.22875556501413952,1.1559600452602799e-11,0.0065802724443565505,5.1362874852512155e-11,9.843956887604686e-07,3.0316789195608687e-05,8.864382662885334e-14,4.695605465494967e-12,1.8228003956202758
337,0.337,1786.5056900219558,5100000.0,0.18061663240472695,0.0010000000000000009,0.005536588666757967,0,56,0,1e-08,0.005536588666757967,0.45077809038020944,0.24726999943231193,0.03333673040198005,0.03324009210882146,0.22868717131883912,1.1483390164559609e-11,0.006579651261683572,5.1048354002346453e-11,9.808407655334124e-07,3.0243898347141984e-05,8.806027443827073e-14,4.672984359290943e-12,1.8230197412347475
338,0.338,1786.2121027911646,5100000.0,0.18060381364711614,0.0010000000000000009,0.005536981638460372,0,56,0,1e-08,0.005536981638460372,0.45087599826878194,0.2472941645901332,0.03333318455037039,0.03319044068130107,0.2286192836793052,1.1408153203247861e-11,0.006579034777235087,5.0737674779098263e-11,9.773205173333453e-07,3.017161633508957e-05,8.748415597710306e-14,4.650612539615631e-12,1.82323751559632
339,0.339,1785.920371441026,5100000.0,0.18059105368412398,0.0010000000000000009,0.005537372863160343,0,56,0,1e-08,0.005537372863160343,0.4509731814775957,0.24731813674764536,0.033329676566777884,0.033141161648364954,0.22855189521812472,1.1333870845960508e-11,0.006578422926944335,5.043076543608842e-11,9.738343771599175e-07,3.009993399220341e-05,8.691532854832746e-14,4.6284856303632954e-12,1.8234537402234787
340,0.34,1785.6304712864537,5100000.0,0.18057835177912965,0.0010000000000000009,0.005537762362695216,0,56,0,1e-08,0.005537762362695216,0.451069649827083,0.24734191855164828,0.033326205913369135,0.03309224996024674,0.22848499917672255,1.1260524832134485e-11,0.006577815647858736,5.0127555950515713e-11,9.703817900791905e-07,3.0028842331192133e-05,8.635365296750004e-14,4.606599354885844e-12,1.8236684362618205
341,0.341,1785.342378243455,5100000.0,0.18056570720700696,0.0010000000000000009,0.005538150158565631,0,56,0,1e-08,0.005538150158565631,0.4511654128956529,0.24736551258593253,0.03332277206371124,0.03304370069068152,0.22841858896364767,1.1188097400237521e-11,0.00657721287856595,4.982797817800026e-11,9.6696221520519e-07,2.9958332585837753e-05,8.579899384001843e-14,4.584949548102639e-12,1.8238816243186775
342,0.342,1785.0560685954597,5100000.0,0.18055311926014558,0.0010000000000000009,0.005538536271750449,0,56,0,1e-08,0.005538536271750449,0.4512604801141521,0.24738892139101723,0.0333193745023287,0.032995508990475084,0.2283526580881815,1.1116571203927724e-11,0.006576614558617104,4.953196553132492e-11,9.635751224369552e-07,2.9888396149444326e-05,8.525121894643762e-14,4.5635321343113945e-12,1.8240933247002609
343,0.343,1784.7715191723078,5100000.0,0.18054058724068467,0.0010000000000000009,0.005538920722944518,0,56,0,1e-08,0.005538920722944518,0.45135486069288544,0.24741214745015164,0.033316012724010864,0.03294767012288862,0.22828720021193255,1.1045929362715906e-11,0.006576020628966115,4.9239453171520085e-11,9.602199946985197e-07,2.9819024619326275e-05,8.471019959640216e-14,4.542343141522617e-12,1.8243035572205442
344,0.34400000000000003,1784.4887071462792,5100000.0,0.18052811046657985,0.0010000000000000009,0.00553930353237218,0,56,0,1e-08,0.00553930353237218,0.4514485637045334,0.2474351932062081,0.03331268623377992,0.03290017942306666,0.2282222090904569,1.0976155384957557e-11,0.006575431031465529,4.8950377718154816e-11,9.56896325030965e-07,2.9750209742384344e-05,8.417581007182511e-14,4.5213786815447664e-12,1.8245123414125821
345,0.34500000000000003,1784.207610193655,5100000.0,0.18051568826484,0.0010000000000000009,0.005539684719994368,0,56,0,1e-08,0.005539684719994368,0.4515415980179443,0.24745806104933382,0.033309394545974765,0.03285303233000082,0.228157678620147,1.090723321003463e-11,0.006574845709263346,4.866467741159983e-11,9.536036185503e-07,2.968194345445399e-05,8.364792792420813e-14,4.5006349623442275e-12,1.824719696352603
346,0.34600000000000003,1783.9282063988976,5100000.0,0.18050331997700028,0.0010000000000000009,0.005540064305340316,0,56,0,1e-08,0.005540064305340316,0.4516339723386312,0.24748075332390804,0.0333061371853116,0.032806224367253466,0.22809360280939606,1.0839147165364967e-11,0.006574264606563371,4.8382291954870386e-11,9.503413909561955e-07,2.9614217853433804e-05,8.312643366731024e-14,4.480108277486978e-12,1.8249256407730547
347,0.34700000000000003,1783.6504742911734,5100000.0,0.18049100495603584,0.0010000000000000009,0.005540442307601876,0,56,0,1e-08,0.005540442307601876,0.4517256951930181,0.24750327232659144,0.03330291368584316,0.03275975115016651,0.2280299757900079,1.0771881971724785e-11,0.006573687668714578,4.810316253204778e-11,9.471091688918623e-07,2.95470252073124e-05,8.261121080522314e-14,4.459795008076456e-12,1.825130193013958
348,0.34800000000000003,1783.374392707476,5100000.0,0.1804787425676246,0.0010000000000000009,0.0055408187455944025,0,56,0,1e-08,0.0055408187455944025,0.4518167749835442,0.24752562031803754,0.0332997235905383,0.032713608358686926,0.22796679177850435,1.0705422698749295e-11,0.006573114841873679,4.7827231631895085e-11,9.43906488119064e-07,2.9480357919233374e-05,8.210214549727754e-14,4.439691610494614e-12,1.8253333711598003
349,0.34900000000000003,1783.0999409668698,5100000.0,0.1804665321855877,0.0010000000000000009,0.0055411936378963805,0,56,0,1e-08,0.0055411936378963805,0.4519072199179885,0.24754779950908778,0.03329656645081875,0.03266779177177074,0.22790404512603657,1.063975479781498e-11,0.006572546073431883,4.7554443190011296e-11,9.407328954017825e-07,2.941420856707088e-05,8.159912680869462e-14,4.419794627734728e-12,1.8255351928563535
350,0.35000000000000003,1782.8270987235478,5100000.0,0.180454373197825,0.0010000000000000009,0.005541567002666875,0,56,0,1e-08,0.005541567002666875,0.45199703807041786,0.2475698120719635,0.03329344182755356,0.03262229723803111,0.22784173027516721,1.0574864058317004e-11,0.006571981311650478,4.7284742412614984e-11,9.375879466216589e-07,2.9348569866937612e-05,8.11020463804645e-14,4.400100676932083e-12,1.825735675474971
351,0.35100000000000003,1782.5558460090717,5100000.0,0.180442265001475,0.0009999999999999454,0.005541938857793494,0,56,0,1e-08,0.005541938857793494,0.45208623736257825,0.2475916601382158,0.03329034928962149,0.03257712068415614,0.22777984177340047,1.0510736613094424e-11,0.006571420505765164,4.701807579748745e-11,9.344712071788578e-07,2.928343468217241e-05,8.061079846077452e-14,4.380606451515362e-12,1.825934836053061
352,0.352,1782.2861633192051,5100000.0,0.18043020700434237,0.0010000000000000009,0.005542309220849778,0,56,0,1e-08,0.005542309220849778,0.4521748255297482,0.2476133457912515,0.033287288414360794,0.03253225813188113,0.227718374297089,1.0447358943576434e-11,0.006570863606196352,4.675439117241451e-11,9.313822527301307e-07,2.9218796040707266e-05,8.012527996116512e-14,4.3613087250120735e-12,1.8261326912118487
353,0.353,1782.0180313476937,5100000.0,0.18041819862793795,0.0010000000000000009,0.005542678108998422,0,56,0,1e-08,0.005542678108998422,0.45226281022919196,0.24763487108766838,0.03328425878815158,0.032487705645155525,0.22765732257489388,1.0384717815808469e-11,0.006570310563893596,4.649363742181105e-11,9.283206660442097e-07,2.9154647071987662e-05,7.964538995539561e-14,4.342204330991412e-12,1.826329257437579
354,0.354,1781.7514312197898,5100000.0,0.18040623929855062,0.0010000000000000009,0.005543045539268302,0,56,0,1e-08,0.005543045539268302,0.4523501989419867,0.24765623804127207,0.033281260003123904,0.03244345937663189,0.22759668145788547,1.0322800324728289e-11,0.006569761330912144,4.6235764681899105e-11,9.252860395402049e-07,2.9090981059745406e-05,7.917103002168665e-14,4.323290178472284e-12,1.826524550803369
355,0.355,1781.4863443723962,5100000.0,0.18039432845507264,0.0010000000000000009,0.005543411528312276,0,56,0,1e-08,0.005543411528312276,0.45243699902585904,0.247677448629852,0.03327829166044857,0.03239951554341101,0.22753644588136657,1.0261593860214087e-11,0.006569215860111928,4.598072420102205e-11,9.222779737702147e-07,2.90277914127369e-05,7.870210398547453e-14,4.304563241922632e-12,1.8267185871331195
356,0.356,1781.2227525946278,5100000.0,0.1803824655451523,0.0010000000000000009,0.005543776092525394,0,56,0,1e-08,0.005543776092525394,0.45252321769647796,0.24769850479382977,0.03327535336830723,0.03235587043521202,0.227476610878637,1.0201086112152973e-11,0.006568674105258864,4.5728468360429794e-11,9.192960778043603e-07,2.896507167326466e-05,7.823851795019867e-14,4.286020563350389e-12,1.8269113819364098
357,0.357,1780.960637954617,5100000.0,0.18037065002653768,0.0010000000000000009,0.005544139248003332,0,56,0,1e-08,0.005544139248003332,0.45260886205769785,0.24771940844197532,0.033272444742247075,0.03231252039976416,0.2274171715595978,1.0141265039180851e-11,0.006568136020843188,4.547895056082189e-11,9.16339968131284e-07,2.890281549701927e-05,7.778018007682707e-14,4.267659244628513e-12,1.8271029504888994
358,0.358,1780.69998295967,5100000.0,0.18035888136466985,0.0010000000000000009,0.005544501010616098,0,56,0,1e-08,0.005544501010616098,0.4526939390365777,0.24774016143880426,0.033269565404684856,0.032269461874381136,0.2273581231566506,1.0082118908100047e-11,0.0065676015624714125,4.523212537540235e-11,9.134092705280337e-07,2.884101669114997e-05,7.732700086445112e-14,4.249476459192195e-12,1.8272933076634015
359,0.359,1780.440770270395,5100000.0,0.18034715903815804,0.0010000000000000009,0.005544861395839453,0,56,0,1e-08,0.005544861395839453,0.45277845550099755,0.24776076562647442,0.0332667149865713,0.032226691329189816,0.22729946094138412,1.0023636216885285e-11,0.006567070686161549,4.49879482392403e-11,9.105036165557905e-07,2.8779669144907788e-05,7.687889257445549e-14,4.23146942939076e-12,1.8274824682436162
360,0.36,1780.1829829260678,5100000.0,0.18033548252919684,0.0010000000000000009,0.005545220419049246,0,56,0,1e-08,0.005545220419049246,0.4528624181637237,0.2477812228103016,0.03326389312322879,0.03218420531209162,0.22724118029335985,9.965805741294914e-12,0.006566543348900976,4.474637564915921e-11,9.076226460812148e-07,2.8718766881348346e-05,7.643576958473922e-14,4.2136354420324905e-12,1.827670446644094
361,0.361,1779.9266042626734,5100000.0,0.1803238513310894,0.0010000000000000009,0.005545578095289894,0,56,0,1e-08,0.005545578095289894,0.452945833620275,0.24780153476211453,0.033261099457963475,0.03214200043198624,0.22718327667237265,9.908616510304976e-12,0.006566019508438089,4.450736506182213e-11,9.047660061960207e-07,2.8658304036953358e-05,7.599754820268796e-14,4.19597184115265e-12,1.8278572570387657
362,0.362,1779.671617850713,5100000.0,0.1803122649456816,0.0010000000000000009,0.005545934439353015,0,56,0,1e-08,0.005545934439353015,0.4530287083721361,0.2478217032269016,0.03325833364045776,0.03210007334663052,0.22712574560258506,9.852057787357379e-12,0.006565499123131642,4.4270874817907847e-11,9.019333504250227e-07,2.8598274846096812e-05,7.556414652001982e-14,4.178476022755873e-12,1.8280429134059748
363,0.363,1779.4180076562848,5100000.0,0.18030072288121793,0.0010000000000000009,0.0055462894658431326,0,56,0,1e-08,0.0055462894658431326,0.45311104876092223,0.24784172991055475,0.03325559532584268,0.032058420794439976,0.22706858271915573,9.796119099657594e-12,0.006564982152345111,4.403686427033853e-11,8.991243404283791e-07,2.853867367699544e-05,7.513548463868591e-14,4.161145445033924e-12,1.8282274293535978
364,0.364,1779.1657577713756,5100000.0,0.18028922465784414,0.0010000000000000009,0.005546643189008203,0,56,0,1e-08,0.005546643189008203,0.45319286108069207,0.24786161649936705,0.033252884177459655,0.032017039540828296,0.22701178368833796,9.740790175861573e-12,0.006564468555780853,4.380529352077548e-11,8.963386428887776e-07,2.8479494968820474e-05,7.471148419170647e-14,4.143977608704381e-12,1.828410818428796
365,0.365,1778.914852655167,5100000.0,0.1802777697985799,0.0010000000000000009,0.005546995623017066,0,56,0,1e-08,0.005546995623017066,0.4532741514746439,0.24788136464504448,0.03325019986187628,0.03197592642639031,0.22695534428169287,9.686060989339505e-12,0.00656395829407773,4.3576123614236306e-11,8.935759320717649e-07,2.842073328516887e-05,7.429206868165254e-14,4.126970072467236e-12,1.8285930938120867
366,0.366,1778.665276959883,5100000.0,0.18026635783737147,0.0010000000000000009,0.005547346781711526,0,56,0,1e-08,0.005547346781711526,0.4533549260114961,0.247900975974458,0.033247542053676284,0.03193507833182733,0.22689926032089033,9.631921721659932e-12,0.006563451328376015,4.3349316375048236e-11,8.908358878573212e-07,2.8362383274371656e-05,7.387716318928683e-14,4.1101204406439226e-12,1.828774268553935
367,0.367,1778.417015692214,5100000.0,0.18025498831340922,0.0010000000000000009,0.005547696678780959,0,56,0,1e-08,0.005547696678780959,0.4534351906153647,0.24792045208048438,0.033244910431237645,0.03189449221024905,0.22684352772832966,9.57836278603123e-12,0.006562947620717862,4.312483452320565e-11,8.88118197366079e-07,2.8304439704096032e-05,7.346669456863143e-14,4.09342637274122e-12,1.8289543553597685
368,0.368,1778.1700540283152,5100000.0,0.18024366077650011,0.0010000000000000009,0.005548045327596783,0,56,0,1e-08,0.005548045327596783,0.45351495114575896,0.24793979453315865,0.03324230468096686,0.0318541650500639,0.22678814246956078,9.525374787003778e-12,0.006562447133586828,4.290264149611308e-11,8.854225528401601e-07,2.8246897418701607e-05,7.306059112791663e-14,4.0768855700845106e-12,1.8291333668307423
369,0.369,1777.9243774283655,5100000.0,0.18023237478097823,0.0010000000000000009,0.00554839274139965,0,56,0,1e-08,0.00554839274139965,0.4535942133461496,0.24795900487443603,0.03323972449297381,0.031814093898058164,0.226733100590778,9.472948541793804e-12,0.006561949830194331,4.2682701542975264e-11,8.827486528872893e-07,2.8189751364870333e-05,7.265878279193511e-14,4.060495783378714e-12,1.8293113152952245
370,0.37,1777.6799715605364,5100000.0,0.1802211298894632,0.0010000000000000009,0.005548738933183588,0,56,0,1e-08,0.005548738933183588,0.4536729828780434,0.2479780846219823,0.033237169563676006,0.031774275843992894,0.22667839819405347,9.421075055948873e-12,0.006561455674288182,4.2464979628684284e-11,8.800962014625271e-07,2.8132996572352406e-05,7.226120092323266e-14,4.0442548058835945e-12,1.8294882129185825
371,0.371,1777.4368223800175,5100000.0,0.18020992567042052,0.0010000000000000009,0.005549083915770905,0,56,0,1e-08,0.005549083915770905,0.45375126528647297,0.2479970352649101,0.033234639593510466,0.03173470803639899,0.2266240314623151,9.369745536634355e-12,0.00656096463034848,4.224944149355368e-11,8.774649086922699e-07,2.8076628171310897e-05,7.186777842396283e-14,4.028160478315547e-12,1.829664071595761
372,0.372,1777.1949160105837,5100000.0,0.1801987617008075,0.0010000000000000009,0.0055494277017305365,0,56,0,1e-08,0.0055494277017305365,0.45382906605152074,0.2480158582706856,0.03323213428990074,0.031695387658785455,0.22656999662218935,9.318951367410839e-12,0.0065604766632926205,4.203605354019958e-11,8.748544895299597e-07,2.802064136525004e-05,7.147844953388331e-14,4.01221068037478e-12,1.8298389031084041
373,0.373,1776.9542388338546,5100000.0,0.1801876375621811,0.0010000000000000009,0.005549770303497709,0,56,0,1e-08,0.005549770303497709,0.4539063905477098,0.2480345550815136,0.033229653363403534,0.031656311947665376,0.22651628997372886,9.268684117316295e-12,0.0065599917386985175,4.182478288647986e-11,8.722646645852419e-07,2.7965031449129638e-05,7.109314991246422e-14,3.996403335413354e-12,1.8300127189880415
374,0.374,1776.7147774386424,5100000.0,0.18017655284362555,0.0010000000000000009,0.005550111733283612,0,56,0,1e-08,0.005550111733283612,0.45398324406807267,0.24805312711584893,0.03322719653051794,0.031617478182133514,0.22646290787263917,9.218935533484148e-12,0.0065595098226755065,4.161559732298663e-11,8.696951595964043e-07,2.7909793798636906e-05,7.071181656779758e-14,3.980736407185834e-12,1.8301855306022714
375,0.375,1776.4765186643515,5100000.0,0.18016550714017476,0.0010000000000000009,0.0055504520031238146,0,56,0,1e-08,0.0055504520031238146,0.45405963180446246,0.24807157576668343,0.033224763511784224,0.031578883692602706,0.22640984674470022,9.169697538713273e-12,0.006559030881972405,4.140846531975575e-11,8.671457057098882e-07,2.7854923877452424e-05,7.033438785570779e-14,3.965207901016957e-12,1.8303573490882936
376,0.376,1776.2394494805733,5100000.0,0.18015450005425715,0.0010000000000000009,0.005550791124833578,0,56,0,1e-08,0.005550791124833578,0.45413555889892016,0.24808990240926332,0.03322235403404544,0.03154052583674028,0.22635710304893034,9.120962208845803e-12,0.006558554883679081,4.1203355920837655e-11,8.64616038179048e-07,2.7800417210462865e-05,6.996080329334151e-14,3.949815855764452e-12,1.8305281855033024
377,0.377,1776.0035571304106,5100000.0,0.18014353119169152,0.0010000000000000009,0.005551129110131057,0,56,0,1e-08,0.005551129110131057,0.45421103038073507,0.24810810839351258,0.03321996782611673,0.03150240202819091,0.22630467332318102,9.072721797126824e-12,0.006558081795582585,4.1000238855485055e-11,8.621058978571272e-07,2.7746269415045766e-05,6.95910037501612e-14,3.934558352773609e-12,1.8306980506269162
378,0.378,1775.768829068299,5100000.0,0.1801326001664499,0.0010000000000000009,0.005551465970490404,0,56,0,1e-08,0.005551465970490404,0.45428605119663945,0.2481261950453919,0.03321760462275652,0.031464509723738196,0.22625255416170328,9.024968717768632e-12,0.0065576115860078886,4.0799084467980177e-11,8.596150304159339e-07,2.7692476186159563e-05,6.922493132220927e-14,3.9194335107492205e-12,1.830866955073135
379,0.379,1775.5352529194017,5100000.0,0.1801217065987387,0.0010000000000000009,0.005551801717200716,0,56,0,1e-08,0.005551801717200716,0.45436062622624607,0.24814416367094946,0.03321526416390765,0.031426846415372335,0.22620074220449932,8.977695534220583e-12,0.0065571442237194405,4.059986367149722e-11,8.571431858470455e-07,2.763903328643266e-05,6.886252924419914e-14,3.904439482492541e-12,1.831034909322909
380,0.38,1775.3028164961217,5100000.0,0.18011085011359437,0.0010000000000000009,0.005552136361409151,0,56,0,1e-08,0.005552136361409151,0.4544347602733276,0.2481620155566551,0.033212946192946624,0.03138940963370858,0.22614923414398058,8.930894960524902e-12,0.006556679677963382,4.040254795458854e-11,8.546901186073858e-07,2.7585936549421634e-05,6.850374189706354e-14,3.889574455659973e-12,1.8312019236867483
381,0.381,1775.0715077858165,5100000.0,0.18010003034140457,0.0010000000000000009,0.005552469914104747,0,56,0,1e-08,0.005552469914104747,0.45450845807189,0.24817975196966377,0.03321065045749103,0.031352196945419256,0.22609802672045315,8.884559853955274e-12,0.006556217918435724,4.0207109353953945e-11,8.522555873826719e-07,2.7533181875665362e-05,6.814851475508258e-14,3.874836650998872e-12,1.8313680083274755
382,0.382,1774.841315011928,5100000.0,0.18008924691754852,0.0010000000000000009,0.005552802386129349,0,56,0,1e-08,0.005552802386129349,0.4545817242601386,0.2481973741540761,0.033208376708114225,0.03131520596535555,0.2260471167408278,8.838683226812334e-12,0.006555758915432644,4.00135205039554e-11,8.498393557448282e-07,2.748076524641876e-05,6.779679447297439e-14,3.860224326322867e-12,1.8315331731831421
383,0.383,1774.6122265787697,5100000.0,0.180078499484478,0.0010000000000000009,0.005553133788113315,0,56,0,1e-08,0.005553133788113315,0.4546545634060918,0.24821488333299577,0.033206124700959086,0.031278434345290644,0.22599650105980967,8.793258231089824e-12,0.006555302639710725,3.9821754572358386e-11,8.474411914459074e-07,2.7428682710156866e-05,6.744852876898345e-14,3.845735771857361e-12,1.8316974280552882
384,0.384,1774.3842309756515,5100000.0,0.18006778768996465,0.0010000000000000009,0.005553464130529393,0,56,0,1e-08,0.005553464130529393,0.4547269800459276,0.24823228071650236,0.03320389419758734,0.03124187975506083,0.2259461765529435,8.748278135575238e-12,0.006554849062253025,3.9631785168891546e-11,8.450608653335979e-07,2.7376930360368762e-05,6.710366625556776e-14,3.83136930341857e-12,1.8318607827047917
385,0.385,1774.1573169518317,5100000.0,0.18005711118380613,0.0010000000000000009,0.005553793423794185,0,56,0,1e-08,0.005553793423794185,0.4547989786063567,0.2482495674930459,0.03320168495902545,0.031205539917686553,0.22589614017303328,8.70373635975004e-12,0.006554398154704615,3.944358648878555e-11,8.426981532214029e-07,2.732550437430445e-05,6.67621566909343e-14,3.817123273799383e-12,1.8320232466028237
386,0.386,1773.9314734690197,5100000.0,0.18004646962362167,0.0010000000000000009,0.005554121678089284,0,56,0,1e-08,0.005554121678089284,0.45487056343164917,0.24826674482753358,0.033199496751921374,0.03116941259914804,0.22584638892928796,8.659626462569001e-12,0.006553949889245763,3.925713326301196e-11,8.403528353100695e-07,2.7274401002092175e-05,6.642395089435206e-14,3.8029960690047056e-12,1.8321848290540867
387,0.387,1773.7066895036924,5100000.0,0.18003586267352598,0.0010000000000000009,0.005554448903402008,0,56,0,1e-08,0.005554448903402008,0.4549417388662723,0.24828381387498177,0.03319732935114699,0.031133495569182462,0.22579691982836547,8.61594209736284e-12,0.00655350423810555,3.907240057416347e-11,8.380246939595094e-07,2.7223616521283976e-05,6.60890004108834e-14,3.788986094307844e-12,1.8323455394291184
388,0.388,1773.482954355818,5100000.0,0.1800252899974369,0.0010000000000000009,0.005554775109731741,0,56,0,1e-08,0.005554775109731741,0.4550125091142578,0.2483007757680066,0.03319518252645456,0.031097786663650758,0.22574772997734396,8.572677073837906e-12,0.006553061174335412,3.8889364119021243e-11,8.357135170487289e-07,2.717314730561843e-05,6.57572579713063e-14,3.7750917949038485e-12,1.8325053866903216
389,0.389,1773.2602574042623,5100000.0,0.1800147512691638,0.0010000000000000009,0.005555100306778576,0,56,0,1e-08,0.005555100306778576,0.45508287835823624,0.24831763162127934,0.033193056058871545,0.031062283734254015,0.22569881649505213,8.529825304755167e-12,0.006552620671185415,3.870799998215122e-11,8.334190951908573e-07,2.7122989769668333e-05,6.542867709697072e-14,3.761311638408278e-12,1.8326643798387385
390,0.39,1773.0385881557008,5100000.0,0.1800042461647273,0.0010000000000000009,0.005555424504180145,0,56,0,1e-08,0.005555424504180145,0.45515285072666434,0.24833438253736176,0.03319094973031623,0.03102698465950341,0.22565017653822228,8.487380816478707e-12,0.006552182702240256,3.852828468217501e-11,8.311412223302607e-07,2.7073140379835336e-05,6.510321217207386e-14,3.747644118662787e-12,1.8328225277391337
391,0.391,1772.8179363924587,5100000.0,0.17999377436359168,0.0010000000000000009,0.005555747711473494,0,56,0,1e-08,0.005555747711473494,0.45522243023288983,0.2483510295960743,0.033188863322149396,0.030991887373875628,0.22560180734481766,8.445337773089201e-12,0.006551747241780828,3.835019527741427e-11,8.288796972007434e-07,2.7023595685844268e-05,6.478081862865946e-14,3.734087764311926e-12,1.832979838953265
392,0.392,1772.5982919373955,5100000.0,0.17998333555375007,0.0010000000000000009,0.005556069937938014,0,56,0,1e-08,0.005556069937938014,0.45529162088384345,0.24836757386294483,0.033186796626501945,0.030956989820111906,0.2255537061541536,8.403690427158041e-12,0.006551314264192477,3.8173709159280165e-11,8.266343207374467e-07,2.6974352268219528e-05,6.44614525827277e-14,3.7206411227485126e-12,1.8331363221153991
393,0.393,1772.379644821691,5100000.0,0.17997292942411836,0.0010000000000000009,0.005556391192830081,0,56,0,1e-08,0.005556391192830081,0.45536042659569675,0.2483840163883313,0.03318474943276571,0.030922289983919743,0.2255058702702798,8.362433155624755e-12,0.006550883744395485,3.799880419927563e-11,8.244048979545438e-07,2.6925406775796742e-05,6.414507108753209e-14,3.707302771778685e-12,1.8332919855993153
394,0.394,1772.161985152759,5100000.0,0.17996255566974922,0.0010000000000000009,0.00555671148522201,0,56,0,1e-08,0.00555671148522201,0.455428851260165,0.24840035820833156,0.03318272153803127,0.030887785866614673,0.22545829701220396,8.32156042551161e-12,0.0065504556575055875,3.782545861319256e-11,8.221912363431461e-07,2.6876755894688708e-05,6.383163189206155e-14,3.694071309316353e-12,1.8334468377787128
395,0.395,1771.9453032583913,5100000.0,0.17995221398775643,0.0010000000000000009,0.005557030824127781,0,56,0,1e-08,0.005557030824127781,0.4554968986742368,0.248416600342437,0.03318071273717564,0.03085347551468968,0.2254109837663073,8.281066825129319e-12,0.006550029979200771,3.7653651088865953e-11,8.199931474912162e-07,2.682839638075726e-05,6.352109366346494e-14,3.680945363457538e-12,1.8336008867617704
396,0.396,1771.7295895714544,5100000.0,0.17994190408187882,0.0010000000000000009,0.005557349218362009,0,56,0,1e-08,0.005557349218362009,0.4555645725988634,0.24843274379372024,0.03317872283261527,0.030819356995846543,0.22536392794212798,8.24094703689249e-12,0.006549606685423817,3.748336067389266e-11,8.178104457294161e-07,2.6780325033173876e-05,6.321341579057675e-14,3.667923583860137e-12,1.8337541406262041
397,0.397,1771.5148346642911,5100000.0,0.17993162565895063,0.0010000000000000009,0.0055576666766488265,0,56,0,1e-08,0.0055576666766488265,0.4556318767374308,0.24844878955185012,0.03317675162816404,0.030785428406533737,0.22531712698934353,8.201195843329115e-12,0.006549185752475864,3.7314566801947556e-11,8.15642948504804e-07,2.673253870169915e-05,6.290855842405588e-14,3.655004644020638e-12,1.8339066073104875
398,0.398,1771.3010292334475,5100000.0,0.179921378429832,0.0010000000000000009,0.005557983207593051,0,56,0,1e-08,0.005557983207593051,0.4556988147444247,0.24846473859251642,0.03317479893097952,0.030751687868660484,0.2252705783910879,8.16180812164157e-12,0.006548767156975592,3.714724927124999e-11,8.134904761600852e-07,2.668503428275473e-05,6.260648243727656e-14,3.642187239751516e-12,1.8340582946531232
399,0.399,1771.0881641385115,5100000.0,0.1799111621089841,0.0010000000000000009,0.005558298819693214,0,56,0,1e-08,0.005558298819693214,0.4557653902074942,0.24848059187613541,0.0331728645496064,0.030718133537429197,0.22522427967716072,8.122778850194964e-12,0.006548350875956313,3.698138827269186e-11,8.113528523290532e-07,2.66378087277366e-05,6.230714947393275e-14,3.629470091524087e-12,1.8342092103301482
400,0.4,1770.8762303402589,5100000.0,0.1799009764157541,0.0010000000000000009,0.005558613521301767,0,56,0,1e-08,0.005558613521301767,0.45583160667750067,0.24849635034901305,0.033170948298084646,0.0306847635886279,0.22517822840165463,8.084103094252938e-12,0.006547936886708273,3.6816964329712454e-11,8.092299032178303e-07,2.6590859028868307e-05,6.201052184176518e-14,3.61685193990062e-12,1.8343593619676317
401,0.401,1770.6652189448866,5100000.0,0.17989082107242915,0.0010000000000000009,0.005558927320685097,0,56,0,1e-08,0.005558927320685097,0.45589746764408867,0.24851201494480935,0.03316904999061201,0.03065157622798721,0.22513242216173374,8.045776012981417e-12,0.006547525166894785,3.665395833065683e-11,8.071214580633783e-07,2.6544182228465348e-05,6.171656256380896e-14,3.6043315482831163e-12,1.8345087570326788
402,0.402,1770.4551211808778,5100000.0,0.17988069580554616,0.0010000000000000009,0.005559240225982984,0,56,0,1e-08,0.005559240225982984,0.45596297655043944,0.24852758658242005,0.033167169445789936,0.030618569686035983,0.22508685858598973,8.007792853225761e-12,0.00654711569448823,3.649235150164701e-11,8.050273488293292e-07,2.649777541347178e-05,6.142523533231758e-14,3.591907700884185e-12,1.8346574029085776
403,0.403,1770.2459284094211,5100000.0,0.17987060034530428,0.0010000000000000009,0.005559552245226645,0,56,0,1e-08,0.005559552245226645,0.4560281367857948,0.24854306616764751,0.033165306483978016,0.030585742220471158,0.22504153534048785,7.97014895022049e-12,0.006546708447799531,3.633212541177313e-11,8.029474103062385e-07,2.6451635717452622e-05,6.113650451396303e-14,3.579579203290242e-12,1.8348053068525123
404,0.404,1770.0376320564176,5100000.0,0.1798605344258205,0.0010000000000000009,0.00555986338633075,0,56,0,1e-08,0.00555986338633075,0.4560929517172123,0.24855845459537546,0.033163460930845295,0.03055309210233636,0.22499645010535643,7.932839713979226e-12,0.006546303405306725,3.617326191344141e-11,8.008814793685008e-07,2.6405760305530518e-05,6.085033504532028e-14,3.5673448778453886e-12,1.8349524761073974
405,0.405,1769.830223734061,5100000.0,0.1798504977829368,0.0010000000000000009,0.0055601736571611275,0,56,0,1e-08,0.0055601736571611275,0.45615742463062087,0.24857375274746119,0.03316163260917296,0.030520617640897193,0.22495160061871636,7.895860649261147e-12,0.006545900545963303,3.601574323227775e-11,7.988293962086805e-07,2.6360146400072476e-05,6.05666925836694e-14,3.5552035710350225e-12,1.835098917680398
406,0.406,1769.6236951387336,5100000.0,0.1798404901581046,0.0010000000000000009,0.005560483065414595,0,56,0,1e-08,0.005560483065414595,0.4562215587844817,0.24858896149155627,0.03315982134889347,0.030488317162267686,0.22490698463592543,7.859207334858597e-12,0.006545499848933219,3.585955187805784e-11,7.967910032082299e-07,2.6314791258273413e-05,6.028554335543483e-14,3.5431541464495194e-12,1.8352446385676622
407,0.40700000000000003,1769.4180380958062,5100000.0,0.17983051129529967,0.0010000000000000009,0.0055607916187142515,0,56,0,1e-08,0.0055607916187142515,0.45628535738346354,0.24860408168376005,0.03315802698044165,0.030456189019050898,0.22486259995008254,7.822875431895824e-12,0.006545101293710363,3.5704670679496275e-11,7.947661454186261e-07,2.626969218168099e-05,6.000685421187622e-14,3.5311954877178393e-12,1.8353896456289365
408,0.40800000000000003,1769.2132445186721,5100000.0,0.1798205609422942,0.0010000000000000009,0.005561099324570056,0,56,0,1e-08,0.005561099324570056,0.4563488235995176,0.24861911416852084,0.03315624933839338,0.030424231581798782,0.22481844437611018,7.786860674460316e-12,0.006544704860012615,3.555108274570494e-11,7.927546700930527e-07,2.622484650699273e-05,5.973059256169461e-14,3.519326495542516e-12,1.835533945673187
409,0.40900000000000003,1769.0093064876828,5100000.0,0.17981063884940976,0.0010000000000000009,0.005561406190417322,0,56,0,1e-08,0.005561406190417322,0.4564119605327118,0.24863405977796119,0.03315448825541706,0.030392443255246065,0.22477451578012256,7.751158882309037e-12,0.006544310527983156,3.539877152318698e-11,7.907564274811849e-07,2.6180251622588508e-05,5.945672646570178e-14,3.507546092433611e-12,1.835677545306156
410,0.41000000000000003,1768.8062161224857,5100000.0,0.17980074477201474,0.0010000000000000009,0.005561712223539393,0,56,0,1e-08,0.005561712223539393,0.4564747712769456,0.24864891933135327,0.033152743573802976,0.030360822451755073,0.2247308120297422,7.715765936131069e-12,0.006543918277861152,3.524772068773071e-11,7.887712694412922e-07,2.613590494071817e-05,5.918522445296533e-14,3.495853214124683e-12,1.8358204511986655
411,0.41100000000000003,1768.6039656700648,5100000.0,0.17979087846660233,0.0010000000000000009,0.005562017431188865,0,56,0,1e-08,0.005562017431188865,0.4565372588679079,0.24866369364055646,0.033151015132160094,0.030329367610304674,0.224687331034679,7.680677792965011e-12,0.006543528090217103,3.509791421422975e-11,7.867990503877204e-07,2.6091803916151488e-05,5.89160556320156e-14,3.4842468153819796e-12,1.8359626698372495
412,0.41200000000000003,1768.4025475064439,5100000.0,0.179781039693273,0.0010000000000000009,0.0055623218205107456,0,56,0,1e-08,0.0055623218205107456,0.4565994262910429,0.2486783835035339,0.03314930277214554,0.030298077195888427,0.22464407073913148,7.645890484551255e-12,0.006543139945945436,3.4949336368984576e-11,7.848396272316999e-07,2.604794604618855e-05,5.864918968211987e-14,3.4727258694321535e-12,1.8361042076041734
413,0.41300000000000003,1768.2019540617598,5100000.0,0.17977122821612185,0.0010000000000000009,0.005562625398530381,0,56,0,1e-08,0.005562625398530381,0.45666127651496635,0.24869298970786458,0.03314760634119376,0.03026694968447119,0.2246010290974481,7.611400103883134e-12,0.006542753826077998,3.4801971651165773e-11,7.828928586158104e-07,2.6004328854625023e-05,5.838459675071123e-14,3.4612893633336277e-12,1.8362450708859892
414,0.41400000000000003,1768.0021779127337,5100000.0,0.17976144380074704,0.0010000000000000009,0.005562928172230475,0,56,0,1e-08,0.005562928172230475,0.4567228124430324,0.24870751303185804,0.033145925683406866,0.03023598358227193,0.22455820411092697,7.577202818837879e-12,0.006542369712022936,3.4655804855547067e-11,7.80958605817234e-07,2.5960949910580755e-05,5.812224755441358e-14,3.4499363033038454e-12,1.8363852658706326
415,0.41500000000000004,1767.8032117214873,5100000.0,0.17975168621709192,0.0010000000000000009,0.0055632301484630775,0,56,0,1e-08,0.0055632301484630775,0.4567840369498377,0.24872195424059973,0.03314426064901066,0.030205177412503954,0.2245155937993131,7.543294861636988e-12,0.00654198758540048,3.4510821024470065e-11,7.790367321038288e-07,2.5917806815791452e-05,5.786211330233128e-14,3.4386657107660605e-12,1.836524798723519
416,0.41600000000000004,1767.6050482343653,5100000.0,0.1797419552377425,0.0009999999999999454,0.005563531334001889,0,56,0,1e-08,0.005563531334001889,0.4568449528763901,0.24873631409002459,0.0331426110901494,0.03017452971568533,0.2244731962054453,7.509672526441035e-12,0.006541607428046536,3.4367005440311216e-11,7.771271026896488e-07,2.587489720361204e-05,5.760416567644889e-14,3.4274766219934197e-12,1.8366636755381252
417,0.417,1767.4076803094406,5100000.0,0.17973225063770992,0.0010000000000000009,0.005563831735550466,0,56,0,1e-08,0.005563831735550466,0.4569055630164652,0.24875059332671526,0.03314097685875341,0.03014403905528439,0.22443100940549127,7.476332173300092e-12,0.006541229222082877,3.422434364389605e-11,7.752295850039547e-07,2.583221874466135e-05,5.734837686159625e-14,3.4163680896815855e-12,1.8368019022827173
418,0.418,1767.211100897933,5100000.0,0.17972257219530727,0.0010000000000000009,0.005564131359711932,0,56,0,1e-08,0.005564131359711932,0.4569658701289731,0.24876479268578602,0.03313935781038206,0.030113704013541756,0.22438903149910783,7.443270224940487e-12,0.0065408529498650995,3.408282141812366e-11,7.733440484845294e-07,2.5789769142966283e-05,5.709471951985926e-14,3.4053391816415212e-12,1.8369394848657912
419,0.419,1767.0153030317085,5100000.0,0.17971291969168815,0.0010000000000000009,0.005564430213006281,0,56,0,1e-08,0.005564430213006281,0.4570258769419725,0.24877891289265675,0.03313775380343192,0.0300835231891161,0.22434726060684163,7.410483162646547e-12,0.006540478593953671,3.3942424772023975e-11,7.714703644115119e-07,2.5747546132688585e-05,5.6843166759560584e-14,3.394388979693575e-12,1.8370764291391941
420,0.42,1766.8202798425498,5100000.0,0.1797032929103825,0.0010000000000000009,0.005564728301883137,0,56,0,1e-08,0.005564728301883137,0.4570855861408593,0.24879295466460166,0.03313616469585354,0.030053495201271454,0.2243056948794215,7.377967527596331e-12,0.006540106137165537,3.380313995104679e-11,7.696084060815193e-07,2.570554748174041e-05,5.659369214846176e-14,3.3835165806483367e-12,1.837212740839295
421,0.421,1766.6260245381543,5100000.0,0.17969369163783463,0.0010000000000000009,0.005565025632705351,0,56,0,1e-08,0.005565025632705351,0.45714500038452416,0.24880691870784624,0.033134590350292495,0.030023618684472828,0.22426433248485958,7.345719917556345e-12,0.0065397355625073,3.3664953418074536e-11,7.677580485543034e-07,2.566377098695789e-05,5.634626968554366e-14,3.372721094738238e-12,1.8373484256734534
422,0.422,1766.4325304345673,5100000.0,0.1796841156628065,0.0010000000000000009,0.005565322211767407,0,56,0,1e-08,0.005565322211767407,0.45720412228465906,0.24882080572074358,0.03313303062795446,0.02999389229552558,0.2242231716248369,7.313736991776148e-12,0.006539366853263658,3.352785187624228e-11,7.65919168985795e-07,2.562221448068858e-05,5.610087383518885e-14,3.362001647617535e-12,1.8374834892134708
423,0.423,1766.2397909046308,5100000.0,0.1796745647772491,0.0010000000000000009,0.005565618045268384,0,56,0,1e-08,0.005565618045268384,0.4572629544358323,0.2488346163909322,0.03313148539604897,0.029964314702489447,0.2241822105113225,7.282015457865693e-12,0.0065389999928598536,3.339182221688851e-11,7.640916459989784e-07,2.5580875818862955e-05,5.5857479437473405e-14,3.3513573763131065e-12,1.8376179370375394
424,0.424,1766.0477994283303,5100000.0,0.17966503877484136,0.0010000000000000009,0.005565913139357148,0,56,0,1e-08,0.005565913139357148,0.4573214993845452,0.2488483513993532,0.03312995451922415,0.02993488459564129,0.22414144739089914,7.2505520842145485e-12,0.0065386349649976935,3.325685156834788e-11,7.622753602965229e-07,2.55397528925689e-05,5.56160617903133e-14,3.3407874331322853e-12,1.8377517745762886
425,0.425,1765.8565495765258,5100000.0,0.17965553745237703,0.0010000000000000009,0.005566207500089332,0,56,0,1e-08,0.005566207500089332,0.4573797596434811,0.24886201141587294,0.033128437865611336,0.02990560068346197,0.22410088053293584,7.2193436922296135e-12,0.006538271753605657,3.312292726714712e-11,7.604701943629e-07,2.5498843623306004e-05,5.537659659954738e-14,3.3302909835444636e-12,1.837885007202463
426,0.426,1765.6660349591593,5100000.0,0.17964606060948596,0.0010000000000000009,0.005566501133435917,0,56,0,1e-08,0.005566501133435917,0.4574377377147183,0.24887559710157506,0.03312693530883885,0.029876461682241465,0.22406050821265433,7.188387149594668e-12,0.006537910342710125,3.2990036825188576e-11,7.586760319933948e-07,2.5458145952700435e-05,5.513905992372039e-14,3.3198672034610918e-12,1.8380176403073443
427,0.427,1765.4762493152232,5100000.0,0.17963660804690565,0.0010000000000000009,0.005566794045336721,0,56,0,1e-08,0.005566794045336721,0.45749543603937326,0.2488891091123,0.03312544671658949,0.029847466335160354,0.22402032874996633,7.157679382780193e-12,0.006537550716671813,3.285816798998934e-11,7.56892759169299e-07,2.5417657860514352e-05,5.490342826849379e-14,3.3095152844036884e-12,1.8381496790723335
428,0.428,1765.2871864510187,5100000.0,0.1796271795691407,0.0010000000000000009,0.0055670862416179545,0,56,0,1e-08,0.0055670862416179545,0.457552857039031,0.24890254809120352,0.03312397196377984,0.0298186133984399,0.2239803404764034,7.1272173668354875e-12,0.006537192860014059,3.2727308695288754e-11,7.551202633918461e-07,2.537737735194845e-05,5.466967851107447e-14,3.2992344293812974e-12,1.8382811286904674
429,0.429,1765.098840220335,5100000.0,0.17961777498290277,0.0010000000000000009,0.005567377728040488,0,56,0,1e-08,0.005567377728040488,0.45761000311802424,0.2489159146745301,0.033122510928147664,0.029789901638066617,0.22394054173481762,7.096998119848241e-12,0.006536836757382291,3.259744704246337e-11,7.533584334703424e-07,2.5337302452799735e-05,5.4437787860706646e-14,3.289023851586809e-12,1.8384119943329942
430,0.43,1764.9112045889278,5100000.0,0.1796083940962129,0.0010000000000000009,0.005567668510327637,0,56,0,1e-08,0.005567668510327637,0.45766687662907396,0.24892920949288747,0.03312106348339057,0.02976132984326701,0.2239009309056052,7.067018715952549e-12,0.006536482393710964,3.2468571353105517e-11,7.516071602199847e-07,2.5297431223490996e-05,5.420773394803555e-14,3.278882778679638e-12,1.8385422810019836
431,0.431,1764.7242735998377,5100000.0,0.17959903672037425,0.0010000000000000009,0.005567958594103962,0,56,0,1e-08,0.005567958594103962,0.4577234798984252,0.24894243316571,0.0331196295080121,0.029732896818532088,0.2238615063863909,7.0372762751852985e-12,0.006536129754124656,3.234067012887595e-11,7.49866335990325e-07,2.5257761750731976e-05,5.3979494757991254e-14,3.268810449658165e-12,1.8386719936722837
432,0.432,1764.5380413192795,5100000.0,0.1795897026691669,0.0010000000000000009,0.005568247984920169,0,56,0,1e-08,0.005568247984920169,0.457779815249272,0.248955586304228,0.03311820888680923,0.029704601372857818,0.22382226657509205,7.00776795640584e-12,0.006535778823804763,3.221373201806434e-11,7.481358541808763e-07,2.521829213680846e-05,5.3753048572845664e-14,3.258806112081934e-12,1.8388011373637434
433,0.433,1764.3525019411468,5100000.0,0.17958039175700646,0.0010000000000000009,0.005568536688310154,0,56,0,1e-08,0.005568536688310154,0.45783588494102,0.24896866951727467,0.03311680149579321,0.02967644234213204,0.22378320991714531,6.9784909725275315e-12,0.0065354295882669635,3.208774588685032e-11,7.464156102696664e-07,2.5179020520525506e-05,5.3528374083666634e-14,3.248869028183252e-12,1.8389297168544056
434,0.434,1764.167649711283,5100000.0,0.17957110380195884,0.0010000000000000009,0.005568824709697487,0,56,0,1e-08,0.005568824709697487,0.4578916912229449,0.2489816834000051,0.03311540722062051,0.02964841857187047,0.22374433486227768,6.949442577093103e-12,0.006535082033147066,3.196270075691674e-11,7.447055009751316e-07,2.513994506149871e-05,5.330545029528544e-14,3.2389984696401477e-12,1.8390577369794405
435,0.435,1763.9834789542977,5100000.0,0.17956183862391759,0.0010000000000000009,0.00556911205445187,0,56,0,1e-08,0.00556911205445187,0.45794723630853695,0.24899462854285848,0.03311402594481962,0.029620528924014584,0.22370563988604464,6.9206200693641354e-12,0.00653473614428548,3.183858582988847e-11,7.430054245886539e-07,2.5101063945757725e-05,5.3084256559374607e-14,3.229193719711986e-12,1.839185202461957
436,0.436,1763.799984037023,5100000.0,0.17955259604501883,0.0010000000000000009,0.005569398727876221,0,56,0,1e-08,0.005569398727876221,0.4580025223998445,0.24900750552727,0.033112657557457785,0.029592772268764795,0.22366712347042975,6.892020786646244e-12,0.006534391907625794,3.171539045356958e-11,7.413152805470354e-07,2.5062375377766477e-05,5.286477251986042e-14,3.2194540705230355e-12,1.839312118042508
437,0.437,1763.617159423416,5100000.0,0.17954337588870897,0.0010000000000000009,0.0055696847352355505,0,56,0,1e-08,0.0055696847352355505,0.45805755165237066,0.24902031493110838,0.03311130194270068,0.029565147496669938,0.22362878413164472,6.8636421127540976e-12,0.006534049309364688,3.159310416146099e-11,7.396349699960613e-07,2.502387759152668e-05,5.2646978173326117e-14,3.2097788264634402e-12,1.8394384882980033
438,0.438,1763.434999623736,5100000.0,0.1795341779812171,0.0010000000000000009,0.005569970081711244,0,56,0,1e-08,0.005569970081711244,0.45811232621103876,0.2490330573211393,0.03310995899214644,0.02953765350704523,0.22359062039116015,6.835481468684579e-12,0.00653370833580828,3.147171663043028e-11,7.379643952253768e-07,2.498556883997856e-05,5.243085380383718e-14,3.2001673006567165e-12,1.8395643178418772
439,0.439,1763.2534992308122,5100000.0,0.17952500215033015,0.0010000000000000009,0.005570254772439015,0,56,0,1e-08,0.005570254772439015,0.45816684818210285,0.24904573326023907,0.0331086285940883,0.02951028921647283,0.2235526307986552,6.807536320265606e-12,0.006533368973477656,3.135121771217251e-11,7.363034600932161e-07,2.4947447402755238e-05,5.221638003078374e-14,3.1906188176396937e-12,1.8396896111580587
440,0.44,1763.072652889709,5100000.0,0.17951584822619107,0.0010000000000000009,0.005570538812484092,0,56,0,1e-08,0.005570538812484092,0.45822111965610346,0.24905834330182489,0.03310731064202044,0.02948305355173444,0.22351481391334263,6.779804167580038e-12,0.006533031209020962,3.123159739556694e-11,7.346520695903899e-07,2.4909511578573928e-05,5.200353774444805e-14,3.1811327104379645e-12,1.8398143727343503
441,0.441,1762.892455314985,5100000.0,0.17950671604062454,0.0010000000000000009,0.005570822206862103,0,56,0,1e-08,0.005570822206862103,0.45827514269260344,0.24907088799468996,0.03310600502804028,0.02945594545404427,0.22347716831666667,6.752282552766618e-12,0.0065326950292661735,3.11128458321778e-11,7.33010130130436e-07,2.487175969003291e-05,5.1792308149809975e-14,3.1717083225596793e-12,1.839938606965474
442,0.442,1762.7129012814348,5100000.0,0.17949760542745077,0.0010000000000000009,0.005571104960529294,0,56,0,1e-08,0.005571104960529294,0.4583289193296056,0.2490833678795439,0.03310471164731685,0.02942896387663351,0.22343969260434815,6.724969054871863e-12,0.006532360421190912,3.099495331771217e-11,7.313775493597468e-07,2.4834190080709405e-05,5.158267273443275e-14,3.1623450066286624e-12,1.840062318216495
443,0.443,1762.5339856458195,5100000.0,0.1794885162223709,0.0010000000000000009,0.005571387078386043,0,56,0,1e-08,0.005571387078386043,0.4583824515683966,0.24909578349212302,0.03310343039294349,0.02940210778965775,0.2234023853985809,6.6978612929344694e-12,0.006532027371983313,3.087791030822631e-11,7.297542363888254e-07,2.4796801119564564e-05,5.137461329216454e-14,3.153042125791326e-12,1.8401855107390515
444,0.444,1762.3557032986062,5100000.0,0.1794794482635119,0.0010000000000000009,0.005571668565259907,0,56,0,1e-08,0.005571668565259907,0.4584357414052731,0.2491081353578003,0.033102161165778195,0.02937537616946718,0.22336524532278035,6.670956917565494e-12,0.006531695868909065,3.0761707379960873e-11,7.281401012603583e-07,2.475959119080949e-05,5.116811185995971e-14,3.143799050409859e-12,1.8403081888385953
445,0.445,1762.1780491867064,5100000.0,0.1794704013901684,0.0010000000000000009,0.005571949425944628,0,56,0,1e-08,0.005571949425944628,0.45848879080954935,0.24912042399936926,0.03310090386425929,0.029348768004393365,0.22332827102008215,6.64425361635871e-12,0.006531365899383164,3.06463352542045e-11,7.265350552640644e-07,2.4722558699090103e-05,5.096315075423424e-14,3.1346151601365057e-12,1.8404303567286406
446,0.446,1762.0010183459055,5100000.0,0.17946137544314816,0.0010000000000000009,0.00557222966518939,0,56,0,1e-08,0.00557222966518939,0.4585416017098688,0.2491326499350777,0.03309965838372886,0.029322282301134487,0.22329146116318097,6.61774911556373e-12,0.006531037451048876,3.053178480696112e-11,7.249390111509034e-07,2.4685702074958416e-05,5.0759712584873855e-14,3.1254898449442864e-12,1.8405520184903974
447,0.447,1761.8246058467425,5100000.0,0.17945237026590516,0.0010000000000000009,0.005572509287663584,0,56,0,1e-08,0.005572509287663584,0.45859417603167674,0.24914481367116853,0.03309842462895858,0.029295918072525552,0.22325481442423803,6.591441171778404e-12,0.006530710511626236,3.041804703159608e-11,7.233518825916801e-07,2.464901976429149e-05,5.055778019964359e-14,3.1164225018639546e-12,1.8406731782783485
448,0.448,1761.6488068122087,5100000.0,0.17944338570319557,0.0010000000000000009,0.005572788297998507,0,56,0,1e-08,0.005572788297998507,0.45864651567466314,0.24915691571196594,0.033097202501958474,0.029269674342617225,0.22321832949437248,6.565327576067678e-12,0.006530385068975079,3.030511305525655e-11,7.217735844103234e-07,2.4612510231868977e-05,5.0357336703953054e-14,3.107412536509439e-12,1.8407938401552315
449,0.449,1761.4736164569763,5100000.0,0.1794344216011515,0.0010000000000000009,0.005573066700785037,0,56,0,1e-08,0.005573066700785037,0.45869862249626353,0.2491689565574567,0.03309599190120457,0.029243550154394532,0.22318200509550512,6.539406156099992e-12,0.006530061111190517,3.019297415487492e-11,7.202040328744667e-07,2.4576171968357164e-05,5.0158365485162024e-14,3.09845936458369e-12,1.8409140080437376
450,0.45,1761.2990300020797,5100000.0,0.17942547780865215,0.0010000000000000009,0.005573344500531013,0,56,0,1e-08,0.005573344500531013,0.458750498366861,0.2491809366943527,0.03309479273838192,0.02921754455091167,0.22314583993653714,6.51367476698144e-12,0.006529738626369188,3.008162170608408e-11,7.186431449101548e-07,2.4540003474356754e-05,4.996085013981977e-14,3.0895624073015424e-12,1.841033686014143
451,0.451,1761.1250427679768,5100000.0,0.17941655417505908,0.0010000000000000009,0.005573621701731535,0,56,0,1e-08,0.005573621701731535,0.45880214509914374,0.24919285661360385,0.03309360491190846,0.02919165659695984,0.22310983277092447,6.488131299837955e-12,0.006529417602877854,2.99710472361322e-11,7.170908389608047e-07,2.4504003277164477e-05,4.976477453965815e-14,3.0807210963961987e-12,1.8411528778714477
452,0.452,1760.9516500930695,5100000.0,0.1794076505523203,0.0010000000000000009,0.005573898308803575,0,56,0,1e-08,0.005573898308803575,0.45885356451553494,0.24920471679098152,0.03309242833445268,0.02916588535948573,0.22307398234105702,6.462773674255046e-12,0.006529098029110618,2.986124237543866e-11,7.15547034214367e-07,2.4468169916218757e-05,4.957012277361682e-14,3.071934869543269e-12,1.841271587569487
453,0.453,1760.7788474058539,5100000.0,0.17939876679333883,0.0010000000000000009,0.005574174326136624,0,56,0,1e-08,0.005574174326136624,0.45890475838716116,0.24921651770529687,0.03309126290748878,0.029140229925054204,0.22303828742876033,6.437599844918186e-12,0.006528779893705365,2.975219889918944e-11,7.140116512854304e-07,2.4432501955918368e-05,4.937687919595576e-14,3.0632031743797934e-12,1.8413898188314488
454,0.454,1760.6066301454475,5100000.0,0.17938990275338157,0.0010000000000000009,0.005574449758048885,0,56,0,1e-08,0.005574449758048885,0.45895572849844884,0.24922825982032837,0.033090108547225015,0.02911468938088126,0.2230027468021393,6.412607789635839e-12,0.0065284631853086495,2.964390866899951e-11,7.124846113746767e-07,2.4396997970110628e-05,4.918502834503365e-14,3.0545254633393336e-12,1.8415075755426593
455,0.455,1760.4349938243606,5100000.0,0.1793810582884426,0.0010000000000000009,0.00557472460883809,0,56,0,1e-08,0.00557472460883809,0.45900647658975824,0.24923994360382434,0.033088965159123934,0.029089262830469562,0.2229673592635116,6.3877955208764244e-12,0.006528147892769547,2.953636368525705e-11,7.109658369990082e-07,2.4361656554866232e-05,4.8994555015995545e-14,3.045901198260749e-12,1.841624861380025
456,0.456,1760.263934004174,5100000.0,0.17937223325631424,0.0010000000000000009,0.005574998882748197,0,56,0,1e-08,0.005574998882748197,0.4590570043889566,0.2492515695132578,0.03308783265507151,0.02906394938655221,0.2229321236220949,6.363161078949755e-12,0.006527834005052112,2.942955605720859e-11,7.094552516193156e-07,2.432647632294966e-05,4.880544421981137e-14,3.037329847856684e-12,1.8417416800440212
457,0.457,1760.093446323568,5100000.0,0.17936342751651727,0.0010000000000000009,0.005575272583971516,0,56,0,1e-08,0.005575272583971516,0.45910731358660317,0.24926313800374425,0.033086710942609905,0.029038748177976505,0.22289703871466507,6.338702536691573e-12,0.0065275215113207085,2.9323478025946775e-11,7.079527799630172e-07,2.4291455909516443e-05,4.861768121507583e-14,3.0288108897370324e-12,1.8418580351006686
458,0.458,1759.9235264129932,5100000.0,0.17935464093081316,0.0010000000000000009,0.0055755457166327535,0,56,0,1e-08,0.0055755457166327535,0.4591574058953999,0.24927464951593573,0.03308559994503365,0.029013658330408955,0.22286210335775136,6.3144179865369284e-12,0.006527210400700861,2.9218121902008545e-11,7.064583471413292e-07,2.4256593955096552e-05,4.8431251414414146e-14,3.0203438050396445e-12,1.8419739303095348
459,0.459,1759.75417000231,5100000.0,0.17934587336108246,0.0010000000000000009,0.005575818284854934,0,56,0,1e-08,0.005575818284854934,0.4592072829630705,0.2492861045003067,0.03308449956649626,0.028988678991947684,0.2228273164193021,6.290305556522843e-12,0.006526900662596672,2.9113480144214335e-11,7.049718797909167e-07,2.422188912668567e-05,4.824614049445351e-14,3.0119280854283764e-12,1.8420893690948006
460,0.46,1759.5853728433876,5100000.0,0.17933712467157337,0.0010000000000000009,0.005576090292689467,0,56,0,1e-08,0.005576090292689467,0.4592569464487291,0.2492975033895707,0.03308340972783253,0.02896380931323748,0.22279267675431386,6.2663633974209e-12,0.006526592286444425,2.900954529582849e-11,7.03493305176256e-07,2.4187340102452888e-05,4.806233431188267e-14,3.0035632274116944e-12,1.8422043550554947
461,0.461,1759.4171307279753,5100000.0,0.17932839472778717,0.0010000000000000009,0.00557636174415077,0,56,0,1e-08,0.00557636174415077,0.4593063979892631,0.2493088466169032,0.03308233034573118,0.028939048453748794,0.22275818323466487,6.2425896851208866e-12,0.006526285261790231,2.8906310000841274e-11,7.020225514398002e-07,2.41529455748171e-05,4.78798189143941e-14,2.9952487340118402e-12,1.8423188916960078
462,0.462,1759.249439510819,5100000.0,0.17931968339616597,0.0010000000000000009,0.005576632643225946,0,56,0,1e-08,0.005576632643225946,0.459355639192141,0.24932013461264144,0.03308126133426993,0.028914395586048223,0.22272383475372431,6.218982625254697e-12,0.006525979578343145,2.8803767020950598e-11,7.005595478298423e-07,2.411870425551766e-05,4.7698580573108026e-14,2.9869841161070954e-12,1.8424329824216692
463,0.463,1759.0822950661773,5100000.0,0.1793109905449913,0.0010000000000000009,0.00557690299384682,0,56,0,1e-08,0.00557690299384682,0.45940467166736026,0.24933136779691198,0.033080202616434864,0.028889849885791418,0.22268963020044757,6.195540443681004e-12,0.006525675225851005,2.870190919618658e-11,6.991042241875032e-07,2.4084614866171807e-05,4.7518605719775384e-14,2.978768889182776e-12,1.8425466307214078
464,0.464,1758.9156933716524,5100000.0,0.17930231604336616,0.0010000000000000009,0.00557717279992156,0,56,0,1e-08,0.00557717279992156,0.4594534969630126,0.24934254659602875,0.03307915409961038,0.028865410551296482,0.2226555685120007,6.172261401333173e-12,0.006525372194343061,2.8600729510277623e-11,6.976565118625354e-07,2.4050676155338844e-05,4.733988104432659e-14,2.9706025789895334e-12,1.8426598397881697
465,0.465,1758.7496303970156,5100000.0,0.17929365976309478,0.0010000000000000009,0.005577442065276185,0,56,0,1e-08,0.005577442065276185,0.45950211666018176,0.2493536714137879,0.03307811571546326,0.028841076776567824,0.22262164859513567,6.149143774977088e-12,0.006525070473795618,2.8500221002988927e-11,6.962163424798974e-07,2.401688687625812e-05,4.716239337008291e-14,2.9624847138604395e-12,1.8427726131116986
466,0.466,1758.5841021653987,5100000.0,0.17928502157653875,0.0010000000000000009,0.005577710793721213,0,56,0,1e-08,0.005577710793721213,0.4595505322996457,0.2493647426628823,0.03307708738145277,0.0288168477683669,0.22258786938919434,6.126185868281884e-12,0.006524770054343545,2.8400376822538447e-11,6.947836486924516e-07,2.3983245798781577e-05,4.6986129716588744e-14,2.954414829548619e-12,1.8428849539524312
467,0.467,1758.4191047583415,5100000.0,0.17927640135704279,0.0010000000000000009,0.005577978989038405,0,56,0,1e-08,0.005577978989038405,0.459598745399423,0.24937576075005335,0.0330760690161393,0.028792722745116454,0.22255422984922021,6.103386010021451e-12,0.006524470926266802,2.830119021887888e-11,6.933583641144411e-07,2.394975171010275e-05,4.681107729809985e-14,2.9463924685572135e-12,1.842996865521641
468,0.468,1758.25463427819,5100000.0,0.17926779897982514,0.0010000000000000009,0.005578246654953025,0,56,0,1e-08,0.005578246654953025,0.4596467574805404,0.24938672607106818,0.03307506054770618,0.02876870092844161,0.22252072892529542,6.080742549788764e-12,0.00652417307988548,2.820265451989103e-11,6.919404229646173e-07,2.391640340768202e-05,4.663722348949103e-14,2.9384171780306463e-12,1.84310835112192
469,0.46900000000000003,1758.0906868981656,5100000.0,0.17925921432102535,0.0010000000000000009,0.0055785137951634475,0,56,0,1e-08,0.0055785137951634475,0.4596945700196995,0.24939763902709736,0.0330740618923587,0.02874478155579314,0.22248736560225943,6.058253863584475e-12,0.006523876505716303,2.8104763164117753e-11,6.90529760577262e-07,2.3883199708348096e-05,4.6464555864976496e-14,2.930488512851777e-12,1.843219413836364
470,0.47000000000000003,1757.9272588026308,5100000.0,0.17925064725851317,0.0010000000000000009,0.005578780413315957,0,56,0,1e-08,0.005578780413315957,0.4597421845082577,0.24940850000334594,0.03307307298203818,0.028720963865109337,0.22245413884998047,6.0359183471474106e-12,0.006523581194282513,2.8007509659860142e-11,6.891263127781491e-07,2.3850139437445264e-05,4.6293062150172606e-14,2.9226060318162178e-12,1.84333005692304
471,0.47100000000000003,1757.7643462378735,5100000.0,0.1792420976710218,0.0010000000000000009,0.005579046513031696,0,56,0,1e-08,0.005579046513031696,0.45978960239614475,0.24941930939164453,0.03307209373618276,0.02869724710847723,0.2224210476711992,6.013734420215866e-12,0.006523287136283155,2.7910887618235877e-11,6.877300164143893e-07,2.3817221437649944e-05,4.612273025464288e-14,2.914769300873558e-12,1.843440283423171
472,0.47200000000000003,1757.6019454766208,5100000.0,0.17923356543867677,0.0010000000000000009,0.0055793120978901815,0,56,0,1e-08,0.0055793120978901815,0.4598368251352655,0.2494300675715806,0.033071124084734095,0.02867363054213056,0.22238809106415872,5.9917005220783095e-12,0.006522994322469123,2.7814890723335665e-11,6.86340808925784e-07,2.3784444562311593e-05,4.5953548238735854e-14,2.9069778903814556e-12,1.8435500964746485
473,0.47300000000000003,1757.440052823633,5100000.0,0.17922505044278586,0.0010000000000000009,0.005579577171435817,0,56,0,1e-08,0.005579577171435817,0.4598838541611424,0.24944077492200173,0.03307016395547747,0.028650113429238348,0.22235526803928118,5.969815114223697e-12,0.006522702743677737,2.7719512746342376e-11,6.849586285107944e-07,2.3751807677103455e-05,4.578550432946512e-14,2.8992313763308007e-12,1.843659499153435
474,0.47400000000000003,1757.2786646570205,5100000.0,0.17921655256545815,0.0010000000000000009,0.0055798417371897314,0,56,0,1e-08,0.0055798417371897314,0.45993069086936245,0.24945143182306964,0.03306921326835943,0.028626695048677195,0.22232257763743024,5.948076682152545e-12,0.006522412390941375,2.7624747559857773e-11,6.835834144183503e-07,2.371930966676478e-05,4.561858693800786e-14,2.891529341844276e-12,1.8437684943639894
475,0.47500000000000003,1757.1177773600386,5100000.0,0.17920807169083555,0.0010000000000000009,0.005580105798611411,0,56,0,1e-08,0.005580105798611411,0.4599773366745167,0.24946203863808433,0.03306827196054586,0.0286033746784108,0.22229001888099575,5.9264837288669015e-12,0.006522123255281614,2.7530589096970075e-11,6.82215106296558e-07,2.368694942298523e-05,4.545278461023405e-14,2.8838713733111536e-12,1.843877085209925
476,0.47600000000000003,1756.9573873682996,5100000.0,0.17919960770379564,0.0010000000000000009,0.005580369359139059,0,56,0,1e-08,0.005580369359139059,0.46002379295351836,0.24947259573782699,0.03306733995661896,0.0285801516086742,0.22225759082262203,5.905034778840832e-12,0.006521835327872498,2.7437031382777036e-11,6.808536446988848e-07,2.3654725852506217e-05,4.528808605589671e-14,2.876257063512235e-12,1.843985274586879
477,0.47700000000000004,1756.79749113848,5100000.0,0.17919116049028083,0.0010000000000000009,0.005580632422179329,0,56,0,1e-08,0.005580632422179329,0.46007006108701665,0.2494831034816187,0.03306641719131038,0.028557025132814797,0.22222529250932582,5.883728374492552e-12,0.006521548599927061,2.7344068509039316e-11,6.794989707089719e-07,2.36226378714805e-05,4.5124480123045706e-14,2.868686009220281e-12,1.844093065488555
478,0.47800000000000004,1756.6380851906747,5100000.0,0.17918272993722603,0.0010000000000000009,0.005580894991109555,0,56,0,1e-08,0.005580894991109555,0.46011614241525567,0.2494935622341949,0.03306550358802702,0.028533994558407532,0.22219312301992541,5.862563081620461e-12,0.0065212630628350594,2.7251694665015038e-11,6.781510264049673e-07,2.359068441335206e-05,4.4961955834798516e-14,2.861157814076324e-12,1.8442004607050877
479,0.47900000000000004,1756.4791660644876,5100000.0,0.17917431593309532,0.0009999999999999454,0.005581157069260702,0,56,0,1e-08,0.005581157069260702,0.4601620382870414,0.24950397234585373,0.03306459908361711,0.02851105919538371,0.22216108142323646,5.84153748336275e-12,0.006520978708015879,2.715990410412848e-11,6.768097543649387e-07,2.355886442070732e-05,4.480050235025947e-14,2.8536720854875757e-12,1.8443074631660805
480,0.48,1756.3207303469724,5100000.0,0.1791659183674459,0.0010000000000000009,0.0055814186599324744,0,56,0,1e-08,0.0055814186599324744,0.46020775002128084,0.24951433417052574,0.03306370360685806,0.02848821836434976,0.22212916681151812,5.820650182855617e-12,0.00652069552702161,2.7068691162800884e-11,6.754750979769063e-07,2.352717684993641e-05,4.464010897965248e-14,2.846228436564584e-12,1.8444140756529073
481,0.481,1756.1627746407307,5100000.0,0.17915753713094879,0.0010000000000000009,0.005581679766389547,0,56,0,1e-08,0.005581679766389547,0.4602532789424789,0.24952464805138883,0.03306281709640325,0.028465471387976015,0.2220973782701682,5.799899799800269e-12,0.006520413511430305,2.697805023891663e-11,6.741470011024247e-07,2.349562066563292e-05,4.4480765161310997e-14,2.8388264840487908e-12,1.8445203010473386
482,0.482,1756.005295601232,5100000.0,0.17914917211506795,0.0010000000000000009,0.005581940391874646,0,56,0,1e-08,0.005581940391874646,0.46029862633955343,0.24953491433746944,0.03306193948003531,0.028442817601021835,0.22206571491286092,5.779284974792033e-12,0.006520132652970257,2.6887975817807216e-11,6.728254084796324e-07,2.3464194847314347e-05,4.4322460490395444e-14,2.831465850800854e-12,1.8446261420437882
483,0.483,1755.8482899042378,5100000.0,0.1791408232124529,0.0010000000000000009,0.005582200539594742,0,56,0,1e-08,0.005582200539594742,0.460343793508096,0.24954513336451176,0.03306107069769695,0.0284202563409075,0.22203417584497795,5.758804364054349e-12,0.006519852943403087,2.6798462443573857e-11,6.715102653144499e-07,2.343289838317884e-05,4.4165184685814636e-14,2.824146163159722e-12,1.844731601460124
484,0.484,1755.6917542798963,5100000.0,0.17913249031683007,0.0010000000000000009,0.005582460212724725,0,56,0,1e-08,0.005582460212724725,0.4603887817057106,0.24955530547534494,0.03306021067702542,0.02839778695761706,0.22200276020229057,5.738456645019246e-12,0.006519574374646485,2.670950474727869e-11,6.702015176979443e-07,2.340173027652525e-05,4.400892762161684e-14,2.8168670536150517e-12,1.844836681908152
485,0.485,1755.5356854698002,5100000.0,0.1791241733231092,0.0010000000000000009,0.005582719414404067,0,56,0,1e-08,0.005582719414404067,0.4604335922058718,0.24956543099603173,0.03305935936227037,0.02837540880146787,0.22197146710448168,5.718240508832256e-12,0.006519296938622661,2.6621097411706662e-11,6.688991120898387e-07,2.3370689537621837e-05,4.385367928574551e-14,2.8096281575066743e-12,1.8449413861857857
486,0.486,1755.3800802490875,5100000.0,0.17911587212716776,0.0010000000000000009,0.005582978147743524,0,56,0,1e-08,0.005582978147743524,0.46047822625560336,0.24957551025895677,0.03305851668795588,0.028353121230949366,0.22194029569273954,5.698154664464971e-12,0.0065190206273554345,2.6533235192011756e-11,6.676029956319368e-07,2.333977518765066e-05,4.3699429797074596e-14,2.802429115111215e-12,1.845045716936795
487,0.487,1755.2249354631838,5100000.0,0.17910758662543821,0.0010000000000000009,0.005583236415837973,0,56,0,1e-08,0.005583236415837973,0.4605226850627856,0.2495855435985759,0.03305768258027479,0.028330923619633932,0.22190924513828197,5.678197842828871e-12,0.006518745433055928,2.6445912933856124e-11,6.663131164374306e-07,2.33089862656563e-05,4.354616943783219e-14,2.7952695732069384e-12,1.8451496766314044
488,0.488,1755.0702479416273,5100000.0,0.17909931671630522,0.0010000000000000009,0.005583494221722851,0,56,0,1e-08,0.005583494221722851,0.46056696987745416,0.2495955313233257,0.03305685699415514,0.028308815334480864,0.22187831457414356,5.658368785142653e-12,0.0065184713478536405,2.6359125515650324e-11,6.650294227055549e-07,2.327832181264999e-05,4.33938885801131e-14,2.788149179689804e-12,1.8452532680997256
489,0.489,1754.9160145550022,5100000.0,0.17909106229870217,0.0010000000000000009,0.0055837515684178714,0,56,0,1e-08,0.0055837515684178714,0.4606110819037619,0.24960547375959322,0.033056039861858226,0.028286795753808998,0.22184750317237623,5.638666250096105e-12,0.0065181983640192785,2.6272867890922234e-11,6.637518634006488e-07,2.324778088127073e-05,4.3242577720754495e-14,2.7810675879084235e-12,1.8453564938539693
490,0.49,1754.762232226136,5100000.0,0.17908282327180022,0.0010000000000000009,0.005584008458936713,0,56,0,1e-08,0.005584008458936713,0.4606550223262982,0.24961537122809882,0.033055231117048944,0.028264864266192444,0.22181681011839371,5.6190890147999105e-12,0.006517926473950858,2.6187135088850222e-11,6.624803882493235e-07,2.3217362538510996e-05,4.309222750013073e-14,2.774024456382486e-12,1.845459356368527
491,0.491,1754.6088979069098,5100000.0,0.17907459953652974,0.0010000000000000009,0.005584264896239565,0,56,0,1e-08,0.005584264896239565,0.46069879232750766,0.2496252240396414,0.033054430701272515,0.028243020265091963,0.2217862345967888,5.59963587288703e-12,0.006517655670107342,2.6101922199931338e-11,6.612149475218201e-07,2.3187065861502548e-05,4.2942828683106547e-14,2.7670194475138507e-12,1.845561858181235
492,0.492,1754.456008561101,5100000.0,0.17906639099504296,0.0010000000000000009,0.005584520883249853,0,56,0,1e-08,0.005584520883249853,0.46074239309021653,0.24963503249960986,0.03305363856063011,0.02822126314598971,0.22175577579054184,5.580305630460497e-12,0.006517385944973068,2.6017224364702495e-11,6.599554918801738e-07,2.315688993376882e-05,4.2794372134785344e-14,2.760052226718674e-12,1.8456640018701567
493,0.493,1754.3035611960547,5100000.0,0.17905819754993973,0.0010000000000000009,0.00558477642287837,0,56,0,1e-08,0.00558477642287837,0.46078582576636967,0.2496447969193667,0.033052854631043724,0.028199592314494072,0.22172543290738866,5.5610971109741395e-12,0.006517117291158242,2.593303679500298e-11,6.587019727084206e-07,2.3126833851097242e-05,4.26468488475689e-14,2.7531224644407524e-12,1.8457657898441995
494,0.494,1754.151552832273,5100000.0,0.17905001910474042,0.0010000000000000009,0.005585031518008509,0,56,0,1e-08,0.005585031518008509,0.4608290915172188,0.24965451759781154,0.033052078860358866,0.02817800717747072,0.2216952051449893,5.542009150549525e-12,0.00651684970128889,2.5849354749953504e-11,6.574543417518278e-07,2.3096896715977568e-05,4.2500249914959925e-14,2.7462298338555755e-12,1.845867224640434
495,0.495,1753.9999805408838,5100000.0,0.17904185556380428,0.0010000000000000009,0.005585286171498796,0,56,0,1e-08,0.005585286171498796,0.4608721914651295,0.2496641948431349,0.03305131118213284,0.02815650715382234,0.2216650917326121,5.523040603480964e-12,0.006516583168140594,2.5766173565304436e-11,6.562125515597898e-07,2.3067077644510184e-05,4.235456656384984e-14,2.739374013674809e-12,1.8459683085702276
496,0.496,1753.8488414138872,5100000.0,0.17903370683248318,0.0010000000000000009,0.005585540386178078,0,56,0,1e-08,0.005585540386178078,0.46091512674174634,0.24967382894824633,0.033050551544185645,0.02813509166487097,0.22163509188877376,5.5041903371609355e-12,0.006516317684519141,2.5683488625891784e-11,6.549765550847254e-07,2.3037375760858985e-05,4.2209790126606903e-14,2.7325546855125204e-12,1.8460690440938734
497,0.497,1753.6981325696727,5100000.0,0.17902557281736223,0.0010000000000000009,0.005585794164837991,0,56,0,1e-08,0.005585794164837991,0.46095789846158225,0.24968342020827314,0.03304979988960003,0.028113760137991467,0.22160520484545734,5.485457233202771e-12,0.006516053243305753,2.5601295374231294e-11,6.537463058157688e-07,2.3007790198024275e-05,4.20659120422353e-14,2.7257715348565304e-12,1.8461694335854368
498,0.498,1753.5478511324716,5100000.0,0.17901745342558484,0.0010000000000000009,0.005586047510254008,0,56,0,1e-08,0.005586047510254008,0.4610005077480869,0.24969296890890966,0.03304905617080242,0.02809251200073193,0.22157542982559178,5.4668401846450655e-12,0.006515789837383995,2.5519589295343728e-11,6.525217575460691e-07,2.2978320094163926e-05,4.192292384005326e-14,2.7190242496055527e-12,1.846269479523327
499,0.499,1753.3979943016316,5100000.0,0.17900934856475906,0.0010000000000000009,0.0055863004251883374,0,56,0,1e-08,0.0055863004251883374,0.46104295565912107,0.24970247535585222,0.033048320312519884,0.028071346699203824,0.2215457661064862,5.448338104608466e-12,0.006515527459867834,2.543836596191512e-11,6.513028650904309e-07,2.294896460492717e-05,4.17808171914256e-14,2.712312524442803e-12,1.8463691839741938
500,0.5,1753.2485592829717,5100000.0,0.17900125814377027,0.0010000000000000009,0.005586552912364564,0,56,0,1e-08,0.005586552912364564,0.4610852432918936,0.24971193982265766,0.03304759227283421,0.02805026367655088,0.22151621292787338,5.429949916072982e-12,0.006515266103834715,2.5357620980641525e-11,6.500895834506468e-07,2.2919722891424067e-05,4.163958385930384e-14,2.7056360554886684e-12,1.8464685493987618
501,0.501,1753.0995432987538,5100000.0,0.17899318207310344,0.0010000000000000009,0.005586804974457554,0,56,0,1e-08,0.005586804974457554,0.46112737172190654,0.2497213625922115,0.03304687199840149,0.028029262380935158,0.22148676954815766,5.411674556237785e-12,0.006515005762424617,2.527735001369738e-11,6.488818681287357e-07,2.2890594121864278e-05,4.149921570560675e-14,2.6989945426351637e-12,1.8465675781006992
502,0.502,1752.9509436163487,5100000.0,0.17898512026314298,0.0010000000000000009,0.005587056614146506,0,56,0,1e-08,0.005587056614146506,0.46116934199640996,0.24973074395094738,0.03304615942815828,0.028008342270569125,0.2214574352479183,5.393510976094187e-12,0.006514746428902256,2.519754878317863e-11,6.476796752636677e-07,2.286157747589122e-05,4.135970469830278e-14,2.6923876900666577e-12,1.8466662722431715
503,0.503,1752.8027575020558,5100000.0,0.17897707262539053,0.0010000000000000009,0.005587307834076934,0,56,0,1e-08,0.005587307834076934,0.46121115518910916,0.24974008416552598,0.03304545452194083,0.02798750280091226,0.22142820928292645,5.375458137078052e-12,0.006514488096498586,2.5118213045845405e-11,6.464829611889129e-07,2.283267213720929e-05,4.1221042890165755e-14,2.68581520361735e-12,1.8467646342403794
504,0.504,1752.6549822619959,5100000.0,0.17896903907210387,0.0010000000000000009,0.005587558636871913,0,56,0,1e-08,0.005587558636871913,0.4612528123293013,0.24974938352008005,0.03304475721756069,0.027966743438382836,0.22139909094674046,5.357515015279401e-12,0.006514230758580618,2.50393386235535e-11,6.452916829307141e-07,2.2803877300215796e-05,4.1083222439787803e-14,2.6792767939642663e-12,1.8468626661983982
505,0.505,1752.5076152467357,5100000.0,0.1789610195158102,0.0010000000000000009,0.00558780902514727,0,56,0,1e-08,0.00558780902514727,0.46129431443520436,0.249758642289858,0.03304406745834149,0.02794606365751343,0.22137007953909013,5.3396806017440466e-12,0.006513974408616184,2.4960921397328425e-11,6.441057981200286e-07,2.277519217132711e-05,4.0946235621247326e-14,2.6727721758087247e-12,1.8469603702435575
506,0.506,1752.360653810607,5100000.0,0.17895301387074597,0.0010000000000000009,0.005588059001466608,0,56,0,1e-08,0.005588059001466608,0.4613356625418924,0.2497678607356744,0.03304338520244622,0.027925462931827655,0.22134117434344758,5.321953896340334e-12,0.006513719040060876,2.4882957279697017e-11,6.429252645886891e-07,2.274661596099466e-05,4.08100747815191e-14,2.66630106546153e-12,1.8470577486753472
507,0.507,1752.214095340375,5100000.0,0.17894502205181084,0.0010000000000000009,0.005588308568373955,0,56,0,1e-08,0.005588308568373955,0.46137685765251363,0.24977703912935173,0.033042710393497134,0.027904940743351148,0.22131237467006876,5.30433391310166e-12,0.006513464646475906,2.4805442243419442e-11,6.417500407808756e-07,2.2718147889313373e-05,4.0674732370731814e-14,2.659863183564666e-12,1.8471548035829706
508,0.508,1752.0679372435604,5100000.0,0.1789370439742553,0.0010000000000000009,0.005588557728403497,0,56,0,1e-08,0.005588557728403497,0.46141790077267225,0.24978617773263007,0.03304204298390556,0.027884496577193753,0.2212836798248819,5.2868196784330085e-12,0.0065132112214609725,2.472837230634323e-11,6.405800855348717e-07,2.268978718394527e-05,4.0540200932539485e-14,2.6534582535663222e-12,1.8472515371389837
509,0.509,1751.9221769551295,5100000.0,0.17892907955433593,0.0010000000000000009,0.00558880648405911,0,56,0,1e-08,0.00558880648405911,0.4614587928905836,0.24979527680937824,0.03304138292137872,0.02786412992466708,0.22125508912745073,5.269410229334013e-12,0.006512958758692928,2.465174353388672e-11,6.394153581563614e-07,2.2661533080544163e-05,4.0406473096163305e-14,2.647086002184607e-12,1.8473479514295554
510,0.51,1751.776811927746,5100000.0,0.1789211287089378,0.0010000000000000009,0.005589054837826132,0,56,0,1e-08,0.005589054837826132,0.46149953499541474,0.24980433661565105,0.033040730160276005,0.0278438402798569,0.22122660189470292,5.252104614617538e-12,0.006512707251883197,2.4575552034728123e-11,6.382558183246831e-07,2.2633384821659654e-05,4.0273541579371345e-14,2.6407461588390588e-12,1.8474440486014376
511,0.511,1751.6318396489303,5100000.0,0.17891319135574546,0.0010000000000000009,0.005589302792166017,0,56,0,1e-08,0.005589302792166017,0.4615401280487532,0.2498133574144386,0.03304008464453169,0.02782362714524514,0.22119821746607318,5.2349018955661925e-12,0.006512456694847489,2.4499793971810677e-11,6.371014262848758e-07,2.2605341659352473e-05,4.014139919404287e-14,2.634438456851837e-12,1.8475398306386852
512,0.512,1751.4872576227901,5100000.0,0.17890526741308516,0.0010000000000000009,0.005589550349521239,0,56,0,1e-08,0.005589550349521239,0.46158057302273003,0.24982233945424073,0.03303944633190134,0.0278034900248974,0.22116993516948233,5.217801144929546e-12,0.006512207081421393,2.4424465547545722e-11,6.359521426068059e-07,2.257740285239285e-05,4.001003883894896e-14,2.6281626318711017e-12,1.8476352996737366
513,0.513,1751.343063377209,5100000.0,0.17889735680037577,0.0010000000000000009,0.005589797512301201,0,56,0,1e-08,0.005589797512301201,0.46162087086808623,0.24983128299004811,0.033038815171135355,0.02778342842893539,0.2211417543505793,5.200801445437402e-12,0.0065119584055158015,2.4349563010722382e-11,6.348079283164084e-07,2.2549567666781952e-05,3.9879453493037757e-14,2.621918422788203e-12,1.8477304577044287
514,0.514,1751.1992544640352,5100000.0,0.17888945943734258,0.0010000000000000009,0.0055900442829067785,0,56,0,1e-08,0.0055900442829067785,0.46166102253181535,0.24984018827020926,0.033038191115865825,0.027763441871694376,0.22111367435620932,5.1839018916217384e-12,0.0065117106610940514,2.4275082653861808e-11,6.336687448477329e-07,2.252183537625542e-05,3.974963622269799e-14,2.615705571341622e-12,1.8478253067617603
515,0.515,1751.0558284638935,5100000.0,0.1788815752446657,0.0010000000000000009,0.005590290663710047,0,56,0,1e-08,0.005590290663710047,0.4617010289427287,0.2498490555453526,0.03303757411476081,0.02774352987397221,0.22108569454748855,5.1671015897287366e-12,0.00651146384219977,2.4201020818425848e-11,6.325345541255124e-07,2.2494205263006958e-05,3.962058018304404e-14,2.6095238226805566e-12,1.8479198487861432
516,0.516,1750.9127829779027,5100000.0,0.17887370414370468,0.0010000000000000009,0.005590536657062877,0,56,0,1e-08,0.005590536657062877,0.46174089103051047,0.24985788505735132,0.03303696412390899,0.027723691959759208,0.22105781428272483,5.150399656287085e-12,0.0065112179429164495,2.4127373885529074e-11,6.31405318431261e-07,2.2466676616162585e-05,3.9492278610139164e-14,2.603372924455397e-12,1.8480140857853031
517,0.517,1750.77011561631,5100000.0,0.1788658460567685,0.0010000000000000009,0.005590782265288481,0,56,0,1e-08,0.005590782265288481,0.4617806097251804,0.24986667704394716,0.0330363611028857,0.02770392765457223,0.22103003291896,5.1337952169256245e-12,0.006510972957346632,2.4054138271327194e-11,6.302810003309872e-07,2.2439248729614704e-05,3.9364724810270954e-14,2.5972526264667463e-12,1.8481080197979394
518,0.518,1750.6278240135446,5100000.0,0.17885800090652185,0.0010000000000000009,0.005591027490699954,0,56,0,1e-08,0.005591027490699954,0.46182018593543767,0.24987543174920437,0.03303576500241168,0.02768423649002479,0.22100234983086994,5.11728740793398e-12,0.0065107288796687115,2.3981310436612123e-11,6.29161562838253e-07,2.2411920904490488e-05,3.923791216787348e-14,2.5911626816726244e-12,1.8482016527297431
519,0.519,1750.485905844126,5100000.0,0.17885016861596642,0.0010000000000000009,0.005591272335600853,0,56,0,1e-08,0.005591272335600853,0.4618596205469922,0.24988414941884868,0.03303517576794367,0.02766461800640709,0.22097476441087632,5.100875377574983e-12,0.0065104857041687406,2.3908886893626798e-11,6.280469695238261e-07,2.238469245213897e-05,3.911183415938207e-14,2.5851028467424876e-12,1.8482949863812141
520,0.52,1750.3443587958775,5100000.0,0.17884234910919078,0.0010000000000000009,0.005591516802261744,0,56,0,1e-08,0.005591516802261744,0.4618989144626912,0.24989283028051432,0.03303459336286524,0.027645071744375218,0.22094727603402953,5.084558283855708e-12,0.00651024342513762,2.3836864188168808e-11,6.269371842192961e-07,2.2357562689795237e-05,3.8986484339072494e-14,2.579072880209026e-12,1.8483880227543619
521,0.521,1750.203180563751,5100000.0,0.17883454231146248,0.0010000000000000009,0.005591760892917305,0,56,0,1e-08,0.005591760892917305,0.4619380685776364,0.24990147456445494,0.03303401774707291,0.027625597246658567,0.22091988408186816,5.068335292613645e-12,0.006510002036892059,2.3765238897940056e-11,6.258321710238326e-07,2.2330530938557972e-05,3.886185632020263e-14,2.573072542660609e-12,1.8484807637999459
522,0.522,1750.0623688696826,5100000.0,0.17882674814801722,0.0010000000000000009,0.005592004609804166,0,56,0,1e-08,0.005592004609804166,0.4619770837640991,0.24991008250734692,0.03303344887126837,0.02760619406265637,0.22089258795472852,5.052205580652338e-12,0.006509761533831707,2.3694007647192203e-11,6.247318945145636e-07,2.2303596527370746e-05,3.873794379719896e-14,2.5671015980171353e-12,1.8485732113289897
523,0.523,1749.9219214740435,5100000.0,0.17881896654452215,0.0010000000000000009,0.0055922479551464245,0,56,0,1e-08,0.0055922479551464245,0.4620159608757186,0.24991865434495636,0.033032886683763966,0.027586861749719672,0.22086538706677303,5.036168335490331e-12,0.006509521910454879,2.3623167105821427e-11,6.236363197671668e-07,2.2276758794704084e-05,3.8614740547556714e-14,2.5611598134727634e-12,1.8486653670838422
524,0.524,1749.7818361420534,5100000.0,0.178811197427813,0.0010000000000000009,0.005592490931132576,0,56,0,1e-08,0.005592490931132576,0.46205470078952543,0.24992719029348429,0.03303233115307785,0.02756759986361442,0.2208382808097169,5.020222754351566e-12,0.006509283161240561,2.3552713973868988e-11,6.225454120576158e-07,2.2250017083642103e-05,3.849224042292584e-14,2.5552469577572936e-12,1.8487572330443287
525,0.525,1749.6421106549292,5100000.0,0.1788034407257061,0.0010000000000000009,0.00559273353992138,0,56,0,1e-08,0.00559273353992138,0.4620933043588501,0.24993569058029463,0.033031782234448206,0.027548407965206696,0.22081126859589423,5.004368041174512e-12,0.006509045280731036,2.3482644985868477e-11,6.214591370052575e-07,2.2223370742065466e-05,3.83704373296634e-14,2.5493628020858696e-12,1.848848811012037
526,0.526,1749.5027428314227,5100000.0,0.17879569636586518,0.0010000000000000009,0.005592975783677286,0,56,0,1e-08,0.005592975783677286,0.46213177241141484,0.24994415543735016,0.03303123987496616,0.027529285623907968,0.22078434985808232,4.988603412402857e-12,0.006508808263574726,2.3412956926499446e-11,6.203774607783626e-07,2.2196819127630385e-05,3.824932526281392e-14,2.543507121355422e-12,1.8489401026512526
527,0.527,1749.3637304781455,5100000.0,0.17878796427682872,0.0010000000000000009,0.0055932176645382995,0,56,0,1e-08,0.0055932176645382995,0.4621701058245507,0.24995258506396523,0.03303070405723046,0.027510232402194478,0.22075752398362028,4.972928089606446e-12,0.006508572104334277,2.3343646592242654e-11,6.193003494963585e-07,2.2170361598970865e-05,3.812889826756609e-14,2.5376796903488177e-12,1.849031110065443
528,0.528,1749.2250714472195,5100000.0,0.17878024438820425,0.0010000000000000009,0.005593459184609885,0,56,0,1e-08,0.005593459184609885,0.4622083053910242,0.24996097970474412,0.0330301747119209,0.027491247878545597,0.22073079043475669,4.957341305659595e-12,0.006508336797770868,2.3274710839040824e-11,6.182277700240943e-07,2.21439975244689e-05,3.800915046223066e-14,2.531880288960913e-12,1.8491218346839107
529,0.529,1749.0867636131638,5100000.0,0.17877253662875284,0.0010000000000000009,0.005593700346024883,0,56,0,1e-08,0.005593700346024883,0.4622463719433042,0.24996933956618603,0.03302965180808499,0.027472331630763788,0.22070414863443533,4.941842303949379e-12,0.006508102338637472,2.3206146555132614e-11,6.171596894761427e-07,2.2117726280496063e-05,3.789007605401505e-14,2.52610869865622e-12,1.8492122783758933
530,0.53,1748.948804858091,5100000.0,0.17876484092970463,0.0010000000000000009,0.005593941150839773,0,56,0,1e-08,0.005593941150839773,0.46228430630124767,0.24997766486089085,0.03302913530757269,0.02745348323929381,0.22067759801660594,4.9264303344206374e-12,0.006507868721719977,2.313795065692315e-11,6.160960752176714e-07,2.2091547246827744e-05,3.7771669298964496e-14,2.520364702799877e-12,1.8493024429142602
531,0.531,1748.8111930834632,5100000.0,0.17875715722211785,0.0010000000000000009,0.005594181601117282,0,56,0,1e-08,0.005594181601117282,0.46232210927186357,0.24998595580338695,0.033028625168459766,0.02743470228901608,0.22065113802538514,4.911104655523897e-12,0.00650763594185945,2.3070120096458816e-11,6.150368949655745e-07,2.2065459809202184e-05,3.765392451774541e-14,2.514648087222027e-12,1.8493923300054433
532,0.532,1748.6739261995801,5100000.0,0.17874948543746907,0.0010000000000000009,0.005594421698907912,0,56,0,1e-08,0.005594421698907912,0.4623597816695339,0.24999421259905896,0.033028121357661505,0.02741598836551256,0.22062476809708473,4.895864533800325e-12,0.006507403993905836,2.3002651855136723e-11,6.139821166723984e-07,2.2039463357880992e-05,3.753683609386717e-14,2.5089586394895215e-12,1.8494819414522492
533,0.533,1748.5370021572803,5100000.0,0.17874182550785128,0.0010000000000000009,0.005594661446243737,0,56,0,1e-08,0.005594661446243737,0.4623973242589448,0.25000243547465245,0.03302762381595191,0.027397341065908253,0.2205984877107426,4.880709245552303e-12,0.006507172872852225,2.2935542962636733e-11,6.129317088731674e-07,2.201355729220309e-05,3.742039848144148e-14,2.503296151063928e-12,1.8495712786999106
534,0.534,1748.4004189078264,5100000.0,0.17873417736552508,0.0010000000000000009,0.005594900845152431,0,56,0,1e-08,0.005594900845152431,0.46243473785857264,0.25001062461655565,0.033027132526722854,0.027378759981828097,0.22057229629491396,4.8656380748011365e-12,0.0065069425736238315,2.2868790465507913e-11,6.118856401355349e-07,2.1987741015163128e-05,3.7304606199032674e-14,2.497660413680848e-12,1.8496603437066503
535,0.535,1748.2641744432813,5100000.0,0.17872654094461876,0.0010000000000000009,0.005595139897604053,0,56,0,1e-08,0.005595139897604053,0.4624720232060768,0.2500187802554618,0.03302664742290026,0.027360244719776328,0.22054619334999132,4.8506503149715526e-12,0.00650671309133033,2.280239146407787e-11,6.108438797069809e-07,2.1962013938364664e-05,3.718945382871328e-14,2.4920512237425925e-12,1.8497491377789161
536,0.536,1748.128266748873,5100000.0,0.17871891617832136,0.0010000000000000009,0.005595378605598891,0,56,0,1e-08,0.005595378605598891,0.46250918111834455,0.2500269025655717,0.033026168497735306,0.027341794876961655,0.2205201783027315,4.835745265368944e-12,0.006506484420966434,2.2736343067047628e-11,6.09806396733651e-07,2.1936375475933092e-05,3.707493601279086e-14,2.4864683769948873e-12,1.8498376629572795
537,0.537,1747.9926938178896,5100000.0,0.17871130300223997,0.0010000000000000009,0.005595616971062356,0,56,0,1e-08,0.005595616971062356,0.46254621235663074,0.2500349917588863,0.033025695703666945,0.02732341005785678,0.22049425063114386,4.820922231262202e-12,0.006506256557617001,2.267064241559143e-11,6.087731607216792e-07,2.1910825044476303e-05,3.6961047427122794e-14,2.4809116719486983e-12,1.849925920779413
538,0.538,1747.8574536983026,5100000.0,0.17870370135028882,0.0010000000000000009,0.005595854995973673,0,56,0,1e-08,0.005595854995973673,0.4625831176414017,0.25004304805697014,0.03302522897829993,0.027305089879649108,0.22046840984634605,4.806180530841438e-12,0.006506029496524634,2.2605286708462733e-11,6.077441418730154e-07,2.1885362073215073e-05,3.684778284329128e-14,2.4753809116058578e-12,1.850013912548395
539,0.539,1747.7225444223861,5100000.0,0.17869611115759934,0.0010000000000000009,0.005596092682274772,0,56,0,1e-08,0.005596092682274772,0.4626198977814388,0.25005107162146717,0.033024768323950196,0.02728683394792575,0.22044265537812205,4.791519486657733e-12,0.006505803232788431,2.254027314421245e-11,6.067193101752374e-07,2.1859985991980816e-05,3.673513708046054e-14,2.4698758975912994e-12,1.8501016403631456
540,0.54,1747.5879640533003,5100000.0,0.17868853236160015,0.0010000000000000009,0.005596330031836442,0,56,0,1e-08,0.005596330031836442,0.4626565534780859,0.25005906268172884,0.033024313668516936,0.027268641884470434,0.22041698675393,4.776938429103581e-12,0.0065055777617082314,2.2475598972594368e-11,6.05698636287586e-07,2.183469623662327e-05,3.6623105001175714e-14,2.464396436325382e-12,1.850189105391264
541,0.541,1747.453710672992,5100000.0,0.17868096489732407,0.0010000000000000009,0.005596567046605292,0,56,0,1e-08,0.005596567046605292,0.4626930854943813,0.25006702141413406,0.03302386499434176,0.027250513307488185,0.2203914034416755,4.762436696430626e-12,0.006505353078539746,2.2411261463131505e-11,6.046820909732569e-07,2.1809492249842085e-05,3.6511681542862035e-14,2.4589423347066936e-12,1.850276309438336
542,0.542,1747.319782376948,5100000.0,0.1786734087028985,0.0010000000000000009,0.005596803728431798,0,56,0,1e-08,0.005596803728431798,0.4627294945515911,0.25007494802059826,0.03302342225548878,0.027232447841792594,0.22036590494704722,4.748013634553511e-12,0.0065051291786206965,2.23472579218152e-11,6.036696453887552e-07,2.1784373478657303e-05,3.6400861692755285e-14,2.4535134025286254e-12,1.8503632539532782
543,0.543,1747.1861772803109,5100000.0,0.17866586371554224,0.0010000000000000009,0.0055970400791956676,0,56,0,1e-08,0.0055970400791956676,0.4627657813785738,0.2500828426897915,0.03302298541831132,0.02721444511448403,0.22034049076675155,4.733668597489176e-12,0.006504906057317387,2.228358568279152e-11,6.026612709546869e-07,2.1759339376122968e-05,3.629064050004442e-14,2.448109451329829e-12,1.850449940512709
544,0.544,1747.0528935052494,5100000.0,0.17865832987366223,0.0010000000000000009,0.0055972761007401575,0,56,0,1e-08,0.0055972761007401575,0.4628019467060225,0.2500907056060777,0.03302255445304994,0.027196504753663343,0.22031516039505203,4.719400943214805e-12,0.006504683710008542,2.2220242099194532e-11,6.016569392454711e-07,2.1734389398124262e-05,3.6181013051808015e-14,2.4427302937754237e-12,1.8505363707317857
545,0.545,1746.9199291890377,5100000.0,0.1786508071160041,0.0010000000000000009,0.005597511794898674,0,56,0,1e-08,0.005597511794898674,0.46283799124699987,0.2500985369609179,0.03302212932106669,0.027178626391703573,0.22028991334125775,4.705210039797972e-12,0.0065044621321261,2.21572245623873e-11,6.006566222154718e-07,2.1709523006309046e-05,3.6071974502701494e-14,2.4373757452642713e-12,1.8506225461020034
546,0.546,1746.787282503015,5100000.0,0.17864329538135867,0.0010000000000000009,0.005597747163503961,0,56,0,1e-08,0.005597747163503961,0.4628739156856321,0.25010633695426404,0.03302170997178337,0.02716080966931452,0.22026474913858335,4.691095260345184e-12,0.006504241319205333,2.209453049226107e-11,5.996602921831027e-07,2.1684739668956148e-05,3.596352005021554e-14,2.4320456234850864e-12,1.8507084679356844
547,0.547,1746.6549516233927,5100000.0,0.17863579460912649,0.0010000000000000009,0.00559798220837041,0,56,0,1e-08,0.00559798220837041,0.4629097207491545,0.250114105752006,0.033021296390205894,0.027143054223486524,0.22023966727936142,4.6770559876806065e-12,0.006504021266735668,2.2032157335249867e-11,5.986679216234712e-07,2.166003885951576e-05,3.585564496841194e-14,2.4267397472659925e-12,1.850794137968933
548,0.548,1746.5229347288273,5100000.0,0.17862830474042699,0.0010000000000000009,0.005598216931259281,0,56,0,1e-08,0.005598216931259281,0.46294540713712834,0.25012184353927647,0.03302088854067263,0.027125359694643945,0.2202146672815289,4.663091607620897e-12,0.006503801970249241,2.1970102556797705e-11,5.976794831990419e-07,2.1635420052603918e-05,3.574834455314136e-14,2.421457936923833e-12,1.8508795576841826
549,0.549,1746.3912300257127,5100000.0,0.17862082571542315,0.0010000000000000009,0.005598451333962539,0,56,0,1e-08,0.005598451333962539,0.46298097552569933,0.25012955050794716,0.03302048637796719,0.02710772572999898,0.2201897486823383,4.6492015138632515e-12,0.006503583425362367,2.1908363656553577e-11,5.966949499629398e-07,2.1610882729612054e-05,3.5641614157485894e-14,2.4162000153690894e-12,1.850964728419761
550,0.55,1746.259835743894,5100000.0,0.1786133574747647,0.0010000000000000009,0.00559868541825762,0,56,0,1e-08,0.00559868541825762,0.46301642659348247,0.25013722683906736,0.033020089866284554,0.027090151980153764,0.2201649110145162,4.6353851089494776e-12,0.00650336562773353,2.184693816624328e-11,5.957142952899404e-07,2.1586426378840756e-05,3.553544920142772e-14,2.410965807625131e-12,1.8510496516033448
551,0.551,1746.1287501150773,5100000.0,0.17860589996030637,0.0010000000000000009,0.005598919185884913,0,56,0,1e-08,0.005598919185884913,0.4630517610386418,0.25014487269820385,0.033019698985986855,0.02707263809403782,0.22014015379224183,4.621641799642788e-12,0.006503148573000679,2.1785823633300662e-11,5.947374926421365e-07,2.1562050491038303e-05,3.542984514558791e-14,2.405755139397055e-12,1.8511343288547315
552,0.552,1745.9979713878633,5100000.0,0.17859845311462288,0.0010000000000000009,0.0055991526385629434,0,56,0,1e-08,0.0055991526385629434,0.46308697951917266,0.25015248827408537,0.03301931369140184,0.027055183727509438,0.220115476565685,4.607970998751176e-12,0.006502932256887663,2.1725017634150447e-11,5.93764515821143e-07,2.1537754561012465e-05,3.532479748787331e-14,2.4005678387952228e-12,1.851218761461132
553,0.553,1745.867497817674,5100000.0,0.17859101687962198,0.0010000000000000009,0.005599385778031847,0,56,0,1e-08,0.005599385778031847,0.4631220827285944,0.2501600737263046,0.03301893396706857,0.027037788533798932,0.22009087885106027,4.5943721261680775e-12,0.006502716675086006,2.1664517766728766e-11,5.927953387601579e-07,2.151353808807902e-05,3.52203017877064e-14,2.3954037348438384e-12,1.8513029510667938
554,0.554,1745.7373276891308,5100000.0,0.17858359119876333,0.0010000000000000009,0.0055996186059838055,0,56,0,1e-08,0.0055996186059838055,0.46315707128765454,0.250167629257213,0.03301855974970157,0.027020452178375964,0.22006636022997872,4.5808446076457644e-12,0.006502501823438922,2.1604321665114416e-11,5.91829935879822e-07,2.1489400576977906e-05,3.511635363911881e-14,2.39026265991529e-12,1.851386898708041
555,0.555,1745.607459296219,5100000.0,0.17857617601429274,0.0010000000000000009,0.005599851124149751,0,56,0,1e-08,0.005599851124149751,0.46319194588982576,0.25017515501156484,0.03301819103616499,0.027003174320515574,0.22004192021504096,4.567387876454967e-12,0.006502287697713094,2.1544426978653664e-11,5.908682816301035e-07,2.146534153793018e-05,3.501294870597217e-14,2.3851444464348877e-12,1.851470606137583
556,0.556,1745.4778909379186,5100000.0,0.1785687712714815,0.0010000000000000009,0.005600083334166431,0,57,0,1e-08,0.005600083334166431,0.46322670717209724,0.2501826511737639,0.03301782778082754,0.026985954626353073,0.22001755837119955,4.554001369792675e-12,0.006502074293760329,2.1484831383096283e-11,5.89910350768509e-07,2.1441360482650007e-05,3.491008267371122e-14,2.3800489292026098e-12,1.8515540745883452
557,0.557,1745.3486209376433,5100000.0,0.1785613769137429,0.0010000000000000009,0.005600315237729533,0,57,0,1e-08,0.005600315237729533,0.46326135577658084,0.2501901179150928,0.033017469949830305,0.026968792765273145,0.21999327425631296,4.54068453209303e-12,0.006501861607472768,2.1425532580922937e-11,5.889561183288031e-07,2.1417456929379707e-05,3.480775128533426e-14,2.3749759447586283e-12,1.8516373054102726
558,0.558,1745.2196476383288,5100000.0,0.17855399288584672,0.0010000000000000009,0.005600546836492879,0,57,0,1e-08,0.005600546836492879,0.46329589233383134,0.2501975554078764,0.033017117506495566,0.026951688410934458,0.21996906743721453,4.527436814712289e-12,0.006501649634795669,2.136652830209202e-11,5.880055596387067e-07,2.1393630401697674e-05,3.4705950333694545e-14,2.3699253316172594e-12,1.8517202998988471
559,0.559,1745.0909693872093,5100000.0,0.17854661913306885,0.0010000000000000009,0.0056007781320950795,0,57,0,1e-08,0.0056007781320950795,0.4633303174987812,0.25020496380451723,0.03301677043481573,0.026934641235167037,0.21994493745745597,4.514257673173576e-12,0.006501438371651783,2.130781629210496e-11,5.870586501130899e-07,2.1369880425970147e-05,3.4604675654326727e-14,2.364896928912315e-12,1.8518030595938806
560,0.56,1744.9625845390817,5100000.0,0.17853925560171272,0.0010000000000000009,0.005601009126143169,0,57,0,1e-08,0.005601009126143169,0.46336463189457155,0.2502123432778531,0.03301642869643334,0.026917650914421408,0.2199208838895876,4.501146568627789e-12,0.006501227814021205,2.1249394321022405e-11,5.861153654347178e-07,2.1346206531459603e-05,3.45039231153265e-14,2.359890577782948e-12,1.8518855857563328
561,0.561,1744.8344914793427,5100000.0,0.17853190223724633,0.0010000000000000009,0.005601239820271042,0,57,0,1e-08,0.005601239820271042,0.4633988361227246,0.25021969400513233,0.03301609224567154,0.02690071713215532,0.21989690632355124,4.488102969528611e-12,0.006501017957970999,2.119126019102396e-11,5.851756816695091e-07,2.1322608254504788e-05,3.4403688639170436e-14,2.354906121836486e-12,1.851967879527579
562,0.562,1744.7066885933389,5100000.0,0.1785245589858501,0.0010000000000000009,0.005601470216090892,0,57,0,1e-08,0.005601470216090892,0.463432930842006,0.25022701612097376,0.033015761081948876,0.026883839565848753,0.21987300429563553,4.475126348943148e-12,0.00650080879949426,2.1133411713696386e-11,5.842395748562103e-07,2.129908513407892e-05,3.4303968196340734e-14,2.349943404470538e-12,1.8520499425927557
563,0.5630000000000001,1744.5791742765098,5100000.0,0.17851722579569773,0.0010000000000000009,0.005601700315153009,0,57,0,1e-08,0.005601700315153009,0.4634669166388388,0.25023430980952066,0.03301543515130897,0.026867017902285517,0.21984917740886345,4.462216184016234e-12,0.006500600334699505,2.107584672951877e-11,5.833070214056897e-07,2.1275636711295875e-05,3.420475777660951e-14,2.345002271866485e-12,1.8521317759808065
564,0.5640000000000001,1744.4519469483355,5100000.0,0.17850990261279573,0.0010000000000000009,0.005601930119076319,0,57,0,1e-08,0.005601930119076319,0.46350079412795053,0.2502415752248148,0.0330151144295889,0.02685025182896442,0.21982542523751317,4.4493719600836854e-12,0.0065003925597042185,2.1018563102528116e-11,5.823779979466848e-07,2.1252262534381627e-05,3.410605343372147e-14,2.3400825714830636e-12,1.8522133810560675
565,0.5650000000000001,1744.325005041292,5100000.0,0.1785025893853336,0.0010000000000000009,0.0056021596294118774,0,57,0,1e-08,0.0056021596294118774,0.46353456390335773,0.2502488125311568,0.03301479888060358,0.026833541037640053,0.21980174737400224,4.436593166301532e-12,0.006500185470678729,2.096155871959526e-11,5.814524813538222e-07,2.122896215482607e-05,3.400785125530054e-14,2.335184152491914e-12,1.8522947590236665
566,0.5660000000000001,1744.1983469898523,5100000.0,0.1784952860613493,0.0010000000000000009,0.005602388847716114,0,57,0,1e-08,0.005602388847716114,0.4635682265954611,0.25025602186489754,0.03301448849753835,0.026816885216609434,0.21977814337644003,4.423879297506045e-12,0.006499979063750675,2.090483148046698e-11,5.805304485491318e-07,2.1205735127130482e-05,3.3910147373847415e-14,2.330306864413972e-12,1.8523759114404914
567,0.5670000000000001,1744.0719712459772,5100000.0,0.17848799259022666,0.0010000000000000009,0.005602617775503836,0,57,0,1e-08,0.005602617775503836,0.46360178275839875,0.2502632034121106,0.03301418321937517,0.026800284064993157,0.21975461287267534,4.411229852717882e-12,0.006499773335181847,2.0848379316048867e-11,5.796118768738835e-07,2.1182581009020824e-05,3.381293794432892e-14,2.325450559778477e-12,1.852456839190145
568,0.5680000000000001,1743.945876270436,5100000.0,0.17848070891942625,0.0010000000000000009,0.005602846414350826,0,57,0,1e-08,0.005602846414350826,0.4636352330312201,0.2502703572925078,0.033013883054588154,0.026783737274323524,0.21973115541020355,4.398644337455894e-12,0.006499568281140225,2.0792200166857788e-11,5.786967436346924e-07,2.115949936334443e-05,3.371621918539652e-14,2.3206150906748826e-12,1.852537543986236
569,0.5690000000000001,1743.8200605333257,5100000.0,0.17847343499985557,0.0010000000000000009,0.005603074765725275,0,57,0,1e-08,0.005603074765725275,0.46366857795685645,0.2502774836932228,0.03301358793938532,0.02676724454783831,0.21970777062558558,4.386122260386419e-12,0.006499363897938856,2.07362920029434e-11,5.777850265493957e-07,2.113648975418524e-05,3.361998732439735e-14,2.315800312293897e-12,1.8526180266587524
570,0.5700000000000001,1743.6945225299007,5100000.0,0.17846617077936464,0.0010000000000000009,0.005603302831191956,0,57,0,1e-08,0.005603302831191956,0.46370181813469996,0.25028458275006343,0.03301329786216403,0.026750805586660056,0.2196844581001838,4.373663138001071e-12,0.006499160181864709,2.0680652813612425e-11,5.768767034778056e-07,2.111355175323599e-05,3.3524238658061677e-14,2.311006080476078e-12,1.8526982886427208
571,0.5710000000000001,1743.5692607692922,5100000.0,0.1784589162090643,0.0010000000000000009,0.005603530612213865,0,57,0,1e-08,0.005603530612213865,0.4637349541095677,0.2502916546338554,0.03301301277300277,0.0267344200998869,0.2196612174651272,4.361266490335004e-12,0.006498957129303639,2.062528061427759e-11,5.759717526113627e-07,2.1090684934991346e-05,3.3428969506529315e-14,2.3062322534377918e-12,1.8527783308954209
572,0.5720000000000001,1743.4442737685151,5100000.0,0.17845167123874267,0.0010000000000000009,0.005603758110296119,0,57,0,1e-08,0.005603758110296119,0.4637679864875677,0.2502986994668945,0.03301273267266331,0.026718087791391884,0.2196380482933896,4.348931843700878e-12,0.00649875473657702,2.0570173431590056e-11,5.750701521563185e-07,2.1067888878398427e-05,3.33341762446108e-14,2.30147868936965e-12,1.852858154977779
573,0.5730000000000001,1743.3195600363624,5100000.0,0.17844443582073816,0.0010000000000000009,0.005603985326864333,0,57,0,1e-08,0.005603985326864333,0.46380091584378186,0.2503057173972108,0.03301245753527389,0.026701808367200278,0.2196149501876775,4.336658726323348e-12,0.0064985530000328424,2.0515329306597524e-11,5.741718804501489e-07,2.1045163161699723e-05,3.3239855257925444e-14,2.2967452476717095e-12,1.8529377621357923
574,0.5740000000000001,1743.1951181124562,5100000.0,0.17843720990578651,0.0010000000000000009,0.0056042122633950245,0,57,0,1e-08,0.0056042122633950245,0.4638337426908548,0.250312708607427,0.0330121872956763,0.026685581544690588,0.21959192280628373,4.3244466726049615e-12,0.006498351916159907,2.0460746313957307e-11,5.732769162918024e-07,2.1022507369072547e-05,3.314600296911832e-14,2.292031790822556e-12,1.8530171531094706
575,0.5750000000000001,1743.0709465553618,5100000.0,0.17842999344388508,0.0010000000000000009,0.00560443892138848,0,57,0,1e-08,0.00560443892138848,0.46386646762385897,0.25031967321193166,0.03301192195933532,0.026669407035431376,0.2195689657285632,4.312295223898579e-12,0.0064981514813751695,2.0406422541163144e-11,5.72385238510482e-07,2.0999921091530014e-05,3.305261586947078e-14,2.2873381811842575e-12,1.8530963294727905
576,0.5760000000000001,1742.947043917067,5100000.0,0.17842278638891634,0.0009999999999998899,0.005604665302222912,0,57,0,1e-08,0.005604665302222912,0.4638990911864096,0.2503266113653702,0.03301166148956983,0.026653284555557315,0.21954607858257635,4.300203922881969e-12,0.006497951692152247,2.0352356092157416e-11,5.714968261193326e-07,2.097740391908602e-05,3.2959690454808407e-14,2.2826642827116675e-12,1.8531752922956903
577,0.577,1742.8234087683222,5100000.0,0.17841558869250634,0.0010000000000000009,0.00560489140735045,0,57,0,1e-08,0.00560489140735045,0.46393161392620713,0.250333523212207,0.03301140585885012,0.026637213823676814,0.21952326099079936,4.288172318334018e-12,0.006497752544995478,2.029854509192246e-11,5.706116583503458e-07,2.0954955446884543e-05,3.2867223266302356e-14,2.2780099607435323e-12,1.8532540427393485
578,0.578,1742.7000396896672,5100000.0,0.17840840030732985,0.0010000000000000009,0.0056051172381871095,0,57,0,1e-08,0.0056051172381871095,0.4639640363903644,0.25034040889348835,0.03301115504238442,0.026621194560021575,0.2195005125753122,4.276199963759977e-12,0.00649755403642947,2.0244987683125932e-11,5.697297146059293e-07,2.0932575273415095e-05,3.277521088031729e-14,2.2733750817901662e-12,1.8533325819874564
579,0.579,1742.5769352753236,5100000.0,0.17840122118648258,0.0010000000000000009,0.005605342796138722,0,57,0,1e-08,0.005605342796138722,0.46399635910747333,0.2503472685586899,0.03301090900525152,0.02660522648893381,0.21947783297423326,4.264286416491876e-12,0.006497356163029795,2.019168202895176e-11,5.688509745191275e-07,2.091026300056497e-05,3.268364990445255e-14,2.2687595139338205e-12,1.8534109110868804
580,0.58,1742.454094130735,5100000.0,0.178394051283033,0.0010000000000000009,0.0056055680826119034,0,57,0,1e-08,0.0056055680826119034,0.4640285826256207,0.2503541023384841,0.03301066773144349,0.026589309334459216,0.2194552218063605,4.2524312391073595e-12,0.00649715892136851,2.0138626308405803e-11,5.679754178523594e-07,2.088801823425093e-05,3.2592536988198017e-14,2.264163126075508e-12,1.8534890313011294
581,0.581,1742.3315148633815,5100000.0,0.1783868905512708,0.0010000000000000009,0.005605793098975439,0,57,0,1e-08,0.005605793098975439,0.46406070748460215,0.2503609103686991,0.0330104311992704,0.026573442821914473,0.2194326786980091,4.240633997627529e-12,0.006496962308033484,2.008581871515518e-11,5.671030245001697e-07,2.086584058195789e-05,3.2501868805576033e-14,2.2595857881299837e-12,1.8535669438219955
582,0.582,1742.2091960952755,5100000.0,0.1783797389452322,0.0010000000000000009,0.005606017846606615,0,57,0,1e-08,0.005606017846606615,0.46409273419277375,0.25036769280284377,0.03301019936703826,0.02655762668222305,0.21941020330355193,4.22889426214068e-12,0.006496766319682154,2.0033257464894355e-11,5.662337746248974e-07,2.0843729654565704e-05,3.2411642058858236e-14,2.255027371861497e-12,1.8536446495843668
583,0.583,1742.0871364707787,5100000.0,0.17837259641850634,0.0010000000000000009,0.005606242326897305,0,57,0,1e-08,0.005606242326897305,0.46412466326720564,0.250374449779515,0.03300997220691609,0.026541860648824404,0.2193877952671245,4.217211608450982e-12,0.006496570953003186,1.998094079399759e-11,5.653676486090651e-07,2.082168506864657e-05,3.232185349700323e-14,2.2504877503585436e-12,1.8537221496679217
584,0.584,1741.965334639115,5100000.0,0.17836546292608718,0.0010000000000000009,0.005606466541195762,0,57,0,1e-08,0.005606466541195762,0.46415649524563807,0.250381181419993,0.03300974970895408,0.026526144453777954,0.21936545421301776,4.205585616828861e-12,0.006496376204668301,1.99288669512373e-11,5.645046269149686e-07,2.0799706443539594e-05,3.2232499904113076e-14,2.2459667972556843e-12,1.85379944536269
585,0.585,1741.8437892557313,5100000.0,0.17835833842390708,0.0010000000000000009,0.005606690490821265,0,57,0,1e-08,0.005606690490821265,0.4641882306235066,0.2503878878743572,0.0330095318321255,0.02651047783464933,0.21934317980450566,4.1940158699765624e-12,0.006496182071417531,1.9877034204539387e-11,5.636446902385829e-07,2.077779340004815e-05,3.2143578080405104e-14,2.2414643879216668e-12,1.8538765375761024
586,0.586,1741.7224989850624,5100000.0,0.17835122286663568,0.0010000000000000009,0.005606914177133303,0,57,0,1e-08,0.005606914177133303,0.4642198699504487,0.25039456924903297,0.033009318580833835,0.026494860524683944,0.21932097165325487,4.182501956065615e-12,0.006495988549937437,1.9825440832093357e-11,5.627878193007791e-07,2.0755945563229197e-05,3.205508487409226e-14,2.236980397760101e-12,1.8539534277548695
587,0.587,1741.6014624938332,5100000.0,0.17834411621130408,0.0010000000000000009,0.005607137601417643,0,57,0,1e-08,0.005607137601417643,0.46425141369715345,0.25040122570781853,0.033009109898468426,0.026479292265931084,0.21929882944457843,4.171043464785939e-12,0.006495795637023772,1.9774085133270493e-11,5.619339951166939e-07,2.073416255808587e-05,3.196701713525451e-14,2.2325147044590266e-12,1.8540301166052067
588,0.588,1741.4806784767552,5100000.0,0.1783370184121582,0.0010000000000000009,0.005607360765048124,0,57,0,1e-08,0.005607360765048124,0.46428286237620287,0.2504078573729819,0.033008905770007944,0.026463772800275114,0.21927675282198347,4.159639992941239e-12,0.006495603329470271,1.972296542615757e-11,5.61083198874507e-07,2.0712444017060862e-05,3.1879371774084996e-14,2.2280671865531413e-12,1.8541066053077349
589,0.589,1741.360145628794,5100000.0,0.17832992942633824,0.0010000000000000009,0.005607583669308103,0,57,0,1e-08,0.005607583669308103,0.4643142164968031,0.2504144643689794,0.033008706178042226,0.026448301870076515,0.2192547414320614,4.148291139861565e-12,0.006495411624076732,1.9672080041078956e-11,5.602354118625843e-07,2.0690789573817352e-05,3.179214572229952e-14,2.2236377233683853e-12,1.8541828950129966
590,0.59,1741.239862654024,5100000.0,0.17832284921082125,0.0010000000000000009,0.0056078063154865595,0,57,0,1e-08,0.0056078063154865595,0.46434547654418923,0.25042104683444616,0.033008511089329194,0.026432879221685506,0.21923279494296816,4.136996509081163e-12,0.006495220517692492,1.9621427326091454e-11,5.593906155749113e-07,2.066919886449315e-05,3.170533593588274e-14,2.2192261956875107e-12,1.854258986670433
591,0.591,1741.119828276086,5100000.0,0.17831577772213433,0.0010000000000000009,0.005608028704887122,0,57,0,1e-08,0.005608028704887122,0.46437664299135645,0.25042760490965715,0.033008320467196914,0.0264175046057673,0.2192109130324928,4.125755707866306e-12,0.006495030007220349,1.9571005649707986e-11,5.585487917472278e-07,2.0647671529752335e-05,3.161893940527467e-14,2.2148324858370988e-12,1.8543348811680818
592,0.592,1741.0000412282754,5100000.0,0.17830871491731526,0.0010000000000000009,0.005608250838797855,0,57,0,1e-08,0.005608250838797855,0.46440771635497274,0.25043413869881054,0.03300813431232924,0.026402177769875287,0.21918909533661826,4.11456834880914e-12,0.0064948400895246654,1.9520813391123045e-11,5.577099221626901e-07,2.0626207214283372e-05,3.1532953164510427e-14,2.21045647634439e-12,1.8544105798351305
593,0.593,1740.8805002358602,5100000.0,0.17830166075542292,0.0010000000000000009,0.0056084727184437435,0,57,0,1e-08,0.0056084727184437435,0.46443869712480357,0.25044064832876334,0.03300795260203477,0.02638689846328919,0.21916734151719136,4.103434045868278e-12,0.006494650761491303,1.9470848940436434e-11,5.56873988703836e-07,2.0604805561916314e-05,3.1447374254565566e-14,2.206098050673489e-12,1.8544860837251809
594,0.594,1740.761204039235,5100000.0,0.1782946151940806,0.0010000000000000009,0.005608694345095404,0,57,0,1e-08,0.005608694345095404,0.4644695857604512,0.2504471339429205,0.03300777529477746,0.026371666440837296,0.21914565126287072,4.092352416798104e-12,0.006494462020074922,1.942111070779002e-11,5.560409735058437e-07,2.058346621982101e-05,3.136219974201325e-14,2.201757094000778e-12,1.8545613936484842
595,0.595,1740.642151397287,5100000.0,0.17828757819054944,0.0010000000000000009,0.005608915720035331,0,57,0,1e-08,0.005608915720035331,0.46450038274813826,0.2504535956579778,0.03300760237571066,0.02635648145737168,0.21912402423567595,4.081323084580027e-12,0.006494273862230561,1.937159711888574e-11,5.552108588450522e-07,2.0562188840369375e-05,3.127742673825534e-14,2.1974334922751895e-12,1.854636510718996
596,0.596,1740.5233410730298,5100000.0,0.17828054970395132,0.0010000000000000009,0.005609136844487963,0,57,0,1e-08,0.005609136844487963,0.46453108855991837,0.2504600335994049,0.033007433820303946,0.02634134326993956,0.21910246011046916,4.070345674907742e-12,0.006494086284940552,1.9322306613291023e-11,5.543836271408944e-07,2.0540973077551617e-05,3.119305237479959e-14,2.193127132499519e-12,1.8547114359287626
597,0.597,1740.4047718391166,5100000.0,0.1782735296930595,0.0010000000000000009,0.005609357719689176,0,57,0,1e-08,0.005609357719689176,0.46456170366492483,0.25046644789108385,0.033007269604855075,0.026326251637418748,0.21908095856392146,4.059419817760952e-12,0.006493899285209998,1.927323764534569e-11,5.535592609647144e-07,2.051981858828652e-05,3.110907381193326e-14,2.188837902698046e-12,1.8547861702695643
598,0.598,1740.286442478929,5100000.0,0.17826651811698643,0.0010000000000000009,0.005609578346864644,0,57,0,1e-08,0.005609578346864644,0.46459222852563425,0.25047283865768466,0.033007109703878726,0.026311206321073418,0.2190595192779219,4.048545145863825e-12,0.006493712860073581,1.9224388684868727e-11,5.52737743053554e-07,2.049872503243247e-05,3.102548823663969e-14,2.184565692002333e-12,1.8548607147004132
599,0.599,1740.1683517855658,5100000.0,0.17825951493510941,0.0010000000000000009,0.00560979872723217,0,57,0,1e-08,0.00560979872723217,0.46462266360887916,0.2504792060168847,0.033006954098438776,0.02629620708323523,0.21903814192935248,4.037721296219016e-12,0.0064935270065793315,1.9175758215336445e-11,5.519190562764422e-07,2.0477692072891563e-05,3.0942292865967984e-14,2.180310390407607e-12,1.8549350702491412
600,0.6,1740.0504985562304,5100000.0,0.17825252010741235,0.0010000000000000009,0.0056100188619909305,0,57,0,1e-08,0.0056100188619909305,0.46465300938493515,0.2504855500821102,0.03300680277371124,0.026281253686556743,0.2190168261914576,4.026947908686249e-12,0.006493341721779372,1.9127344732045928e-11,5.511031836030185e-07,2.04567193745517e-05,3.0859484941452105e-14,2.176071888627258e-12,1.8550092379884586
601,0.601,1739.9328815998729,5100000.0,0.17824553359416712,0.0010000000000000009,0.0056102387523314905,0,57,0,1e-08,0.0056102387523314905,0.4646832662688355,0.2504918710031631,0.03300665567531187,0.02626634590138503,0.21899557178808285,4.016224626467713e-12,0.006493157002821131,1.907914675023763e-11,5.502901082823556e-07,2.043580660437883e-05,3.077706171867244e-14,2.171850079357139e-12,1.8550832185008017
602,0.602,1739.8154997425856,5100000.0,0.1782385553542101,0.0010000000000000009,0.0056104583994900535,0,57,0,1e-08,0.0056104583994900535,0.46471343478095367,0.2504981688453916,0.033006512836834374,0.02625148348952725,0.21897437834286737,4.005551098004613e-12,0.00649297284674642,1.9031162791720365e-11,5.494798135091796e-07,2.0414953435859358e-05,3.06950205164411e-14,2.1676448545563728e-12,1.8551570134142439
603,0.603,1739.6983517905458,5100000.0,0.1782315853510115,0.0010000000000000009,0.005610677804557416,0,57,0,1e-08,0.005610677804557416,0.46474351532223,0.25050444376967057,0.03300637419231079,0.026236666222549724,0.21895324559301113,3.994926970964777e-12,0.006492789250717984,1.8983391392361615e-11,5.486722827061755e-07,2.0394159537384864e-05,3.061335862304854e-14,2.163456108340201e-12,1.8552306231722748
604,0.604,1739.5814365888145,5100000.0,0.17822462354266178,0.0010000000000000009,0.005610896968794158,0,57,0,1e-08,0.005610896968794158,0.464773508339356,0.2505106958885411,0.033006239723669076,0.02622189387305883,0.21893217322932593,3.98435189965649e-12,0.006492606211911478,1.8935831108236714e-11,5.478674995116084e-07,2.0373424586506e-05,3.053207339058431e-14,2.159283735806718e-12,1.8553040487586454
605,0.605,1739.4647529813678,5100000.0,0.17821766989085763,0.0010000000000000009,0.005611115893347789,0,57,0,1e-08,0.005611115893347789,0.46480341431035577,0.2505169252915631,0.033006109437227926,0.02620716621024126,0.21891116091334084,3.973825541588903e-12,0.0064924237274603695,1.8888480501728165e-11,5.470654475618547e-07,2.0352748262361276e-05,3.04511621982233e-14,2.155127632064695e-12,1.8553772914520494
606,0.606,1739.3482998143147,5100000.0,0.17821072435832352,0.0010000000000000009,0.005611334579333888,0,57,0,1e-08,0.005611334579333888,0.4648332336006081,0.25052313215070704,0.03300598325179011,0.02619248301562666,0.2188902084118044,3.963347555011863e-12,0.006492241794650972,1.8841338156777457e-11,5.462661108416433e-07,2.033213024312713e-05,3.0370622413992994e-14,2.150987694913406e-12,1.855450351470852
607,0.607,1739.2320759703057,5100000.0,0.17820378690378666,0.0010000000000000009,0.005611553027994333,0,57,0,1e-08,0.005611553027994333,0.46486296671947963,0.2505293165177636,0.03300586121035892,0.026177844061003704,0.2188693153533209,3.952917606800269e-12,0.00649206041064917,1.8794402666655906e-11,5.454694733088944e-07,2.0311570217813298e-05,3.0290451495054297e-14,2.1468638212848643e-12,1.8555232304979319
608,0.608,1739.116080297299,5100000.0,0.1781968574930019,0.0010000000000000009,0.005611771240350142,0,57,0,1e-08,0.005611771240350142,0.464892614095559,0.25053547851688346,0.03300574328215065,0.026163249121600975,0.2188484814452131,3.942535360690397e-12,0.006491879572663376,1.8747672628724187e-11,5.4467551896235e-07,2.0291067868357607e-05,3.021064686447177e-14,2.1427559090631143e-12,1.8555959293574866
609,0.609,1739.0003116687412,5100000.0,0.1781899360869828,0.0010000000000000009,0.005611989217572054,0,57,0,1e-08,0.005611989217572054,0.46492217608604325,0.2505416183155154,0.03300562938834893,0.02614869798410826,0.21882770645928318,3.9322004850570065e-12,0.006491699278044124,1.870114666630976e-11,5.438842321979324e-07,2.0270622880919177e-05,3.0131205965627933e-14,2.138663858778891e-12,1.8556684482677495
610,0.61,1738.884768994376,5100000.0,0.17818302264543381,0.0010000000000000009,0.005612206960872472,0,57,0,1e-08,0.005612206960872472,0.46495165319300114,0.25054773596037355,0.033005519574936595,0.026134190425342065,0.2188069900283952,3.92191265589933e-12,0.006491519524019735,1.8654823411643514e-11,5.430955973794221e-07,2.0250234952367116e-05,3.005212632907508e-14,2.134587570061058e-12,1.8557407889191126
611,0.611,1738.7694511483044,5100000.0,0.1781761171351138,0.0010000000000000009,0.00561242447124204,0,57,0,1e-08,0.00561242447124204,0.4649810458285547,0.2505538315776643,0.03300541380664398,0.02611972622639017,0.21878633187279334,3.911671546818036e-12,0.0064913403078714444,1.8608701501320957e-11,5.423095989252065e-07,2.0229903772183254e-05,2.9973405448904886e-14,2.1305269436121774e-12,1.8558129520538753
612,0.612,1738.6543570261604,5100000.0,0.1781692195176552,0.0010000000000000009,0.005612641749833273,0,57,0,1e-08,0.005612641749833273,0.46501035438431093,0.25055990530069977,0.033005312038830614,0.026105305173805476,0.21876573172994013,3.901476835366222e-12,0.006491161626948331,1.8562779591059907e-11,5.415262215057482e-07,2.020962903433423e-05,2.989504084850018e-14,2.126481881717815e-12,1.8558849382795175
613,0.613,1738.5394855434997,5100000.0,0.1781623297550184,0.0010000000000000009,0.005612858797788781,0,57,0,1e-08,0.005612858797788781,0.46503957931877643,0.25056595720579317,0.033005214285524206,0.026090927050084936,0.2187451892728306,3.891328204559425e-12,0.006490983478549263,1.8517056346493378e-11,5.407454498333581e-07,2.0189410438844396e-05,2.981703010325406e-14,2.1224522866372125e-12,1.8559567488924014
614,0.614,1738.4248356060596,5100000.0,0.17815544781256143,0.0010000000000000009,0.005613075616144546,0,57,0,1e-08,0.005613075616144546,0.4650687209869112,0.2505719874493297,0.03300512047671917,0.02607659164731094,0.21872470427223778,3.8812253367213005e-12,0.006490805860091864,1.8471530448405288e-11,5.399672688644731e-07,2.0169247682721676e-05,2.973937076881972e-14,2.1184380627119562e-12,1.8560283841822374
615,0.615,1738.3104061560718,5100000.0,0.17814857365135897,0.0010000000000000009,0.005613292206071909,0,57,0,1e-08,0.005613292206071909,0.46509777985209266,0.25057799609388604,0.03300503063868205,0.02606229875158226,0.21870427639410484,3.871167921968027e-12,0.006490628768919797,1.8426200589503652e-11,5.391916636047863e-07,2.014914047290044e-05,2.9662060477329325e-14,2.1144391140191874e-12,1.8560998455659723
616,0.616,1738.1961961140096,5100000.0,0.17814170723823633,0.0010000000000000009,0.005613508568561428,0,57,0,1e-08,0.005613508568561428,0.46512675629815,0.2505839832687456,0.03300494472880581,0.02604804815424293,0.21868390538076962,3.861155648952835e-12,0.006490452202441729,1.838106547056955e-11,5.384186191728525e-07,2.012908851162352e-05,2.9585096837661844e-14,2.110455345908029e-12,1.8561711336486824
617,0.617,1738.0822044204597,5100000.0,0.17813484853598666,0.0010000000000000009,0.0056137247047310995,0,57,0,1e-08,0.0056137247047310995,0.46515565076384785,0.25058994905497933,0.033004862753828045,0.026033839643878842,0.21866359092128773,3.851188211484478e-12,0.006490276158032206,1.8336123803182845e-11,5.376481207553449e-07,2.010909150692267e-05,2.950847750661579e-14,2.1064866639034997e-12,1.8562422496115074
618,0.618,1737.9684300116107,5100000.0,0.17812799751038053,0.0010000000000000009,0.005613940615605502,0,57,0,1e-08,0.005613940615605502,0.4651844635805913,0.2505958936145709,0.03300478463511296,0.026019673019872878,0.21864333280557113,3.841265303141631e-12,0.006490100633199597,1.8291374315999696e-11,5.36880153821465e-07,2.0089149164696396e-05,2.9432200124271204e-14,2.102532975810129e-12,1.8563131936075075
619,0.619,1737.85487186563,5100000.0,0.1781211541230487,0.0010000000000000009,0.00561415630234007,0,57,0,1e-08,0.00561415630234007,0.4652131952202115,0.25060181699000383,0.033004710417050276,0.026005548073044903,0.21862313068824954,3.8313866261952634e-12,0.006489925625346305,1.824681574807496e-11,5.361147038476779e-07,2.006926120235959e-05,2.9356262418822996e-14,2.098594188748613e-12,1.8563839672350348
620,0.62,1737.7415289266082,5100000.0,0.17811431834281374,0.0010000000000000009,0.005614371765863972,0,57,0,1e-08,0.005614371765863972,0.4652418460406946,0.25060771932037545,0.033004640044512396,0.025991464601254916,0.21860298433356315,3.82155187962008e-12,0.006489751131961915,1.8202446845012364e-11,5.353517564229806e-07,2.0049427329681e-05,2.92806620758411e-14,2.0946702113219976e-12,1.8564545709221834
621,0.621,1737.6284001691045,5100000.0,0.178107490132593,0.0010000000000000009,0.005614587007292876,0,57,0,1e-08,0.005614587007292876,0.465270416464638,0.25061360068561883,0.033004573522449926,0.0259774224001248,0.2185828934424811,3.811760768565527e-12,0.006489577150508437,1.8158266365640668e-11,5.345912972430054e-07,2.002964726422743e-05,2.920539683858843e-14,2.0907609524269e-12,1.85652500579286
622,0.622,1737.515484560572,5100000.0,0.17810066945916772,0.0010000000000000009,0.005614802027621047,0,57,0,1e-08,0.005614802027621047,0.46529890683873654,0.25061946122430073,0.033004510794271164,0.025963421272324982,0.2185628577876266,3.802012998173767e-12,0.006489403678535141,1.8114273081445464e-11,5.338333121946703e-07,2.0009920721589063e-05,2.9130464439549216e-14,2.0868663225742834e-12,1.8565952722334713
623,0.623,1737.4027810982582,5100000.0,0.1780938562861752,0.0010000000000000009,0.005615016827942242,0,57,0,1e-08,0.005615016827942242,0.4653273176211558,0.25062530098139624,0.03300445189998344,0.02594946101321123,0.21854287703455066,3.792308280367383e-12,0.006489230713500919,1.8070465772231217e-11,5.330777871602852e-07,1.9990247425985052e-05,2.905586268030835e-14,2.0829862317186485e-12,1.8566653717682589
624,0.624,1737.2902887496894,5100000.0,0.1780870505827736,0.0010000000000000009,0.0056152314091765364,0,57,0,1e-08,0.0056152314091765364,0.4653556491016138,0.25063112013730854,0.033004396738601206,0.025935541431626307,0.21852295100913505,3.782646323482185e-12,0.006489058253031651,1.8026843230821665e-11,5.323247082820387e-07,1.9970627093645634e-05,2.898158930890535e-14,2.079120592356695e-12,1.8567353042458103
625,0.625,1737.1780065436928,5100000.0,0.17808025231047211,0.0010000000000000009,0.0056154457724855505,0,57,0,1e-08,0.0056154457724855505,0.46538390173606825,0.25063691872675614,0.033004345358286634,0.025921662327997492,0.21850307937606958,3.77302684625052e-12,0.0064888862946490935,1.7983404264373146e-11,5.315740617649186e-07,1.995105945618384e-05,2.890764218115673e-14,2.0752693163997498e-12,1.8568050712569957
626,0.626,1737.0659334696081,5100000.0,0.17807346143990338,0.0010000000000000009,0.005615659918743608,0,57,0,1e-08,0.005615659918743608,0.46541207590193284,0.25064269685694096,0.033004297733696515,0.025907823505231586,0.21848326187710407,3.763449564404222e-12,0.006488714835905794,1.794014768087779e-11,5.308258338110975e-07,1.993154423736838e-05,2.88340191156004e-14,2.0714323164338504e-12,1.8568746735420563
627,0.627,1736.95406852878,5100000.0,0.1780666779367912,0.0010000000000000009,0.005615873848980176,0,57,0,1e-08,0.005615873848980176,0.46544017196065707,0.2506484546423156,0.03300425383076607,0.025894024769784127,0.21846349826780934,3.753914196401999e-12,0.006488543874398275,1.789707230181561e-11,5.300800107924864e-07,1.9912081163647145e-05,2.876071795059107e-14,2.0676095061531066e-12,1.8569441117235572
628,0.628,1736.8424107413903,5100000.0,0.1780599017668654,0.0010000000000000009,0.005616087564224904,0,57,0,1e-08,0.005616087564224904,0.4654681902580826,0.2506541922018343,0.033004213609053513,0.025880265932638875,0.2184437883166344,3.744420464148332e-12,0.006488373407779192,1.7854176964492283e-11,5.293365792910865e-07,1.989266996539197e-05,2.868773654969232e-14,2.0638008005528505e-12,1.857013386328179
629,0.629,1736.7309591487308,5100000.0,0.17805313289622954,0.0010000000000000009,0.005616301065496034,0,57,0,1e-08,0.005616301065496034,0.46549613121437905,0.25065990959155127,0.033004177092946375,0.025866546800101076,0.21842413172050335,3.734968094718547e-12,0.0064882034336433475,1.781146051434528e-11,5.285955259111081e-07,1.9873310379173383e-05,2.8615072827148774e-14,2.060006114436294e-12,1.8570824986448853
630,0.63,1736.619712769084,5100000.0,0.1780463712947216,0.0010000000000000009,0.005616514353694369,0,57,0,1e-08,0.005616514353694369,0.46552399518000087,0.25066560692741685,0.03300414424527546,0.025852867182485705,0.21840452824365011,3.725556813618942e-12,0.00648803394963528,1.7768921802411967e-11,5.278568373312751e-07,1.985400213681929e-05,2.8542724674695793e-14,2.056225363587342e-12,1.8571514492404966
631,0.631,1736.5086706410873,5100000.0,0.17803961692844117,0.0010000000000000009,0.005616727429838986,0,57,0,1e-08,0.005616727429838986,0.46555178253285245,0.25067128429745683,0.03300411505671757,0.02583922689029133,0.2183849776227374,3.71618635063312e-12,0.0064878649534018005,1.7726559691842976e-11,5.271205003517486e-07,1.983474497522452e-05,2.8470690021407886e-14,2.052458464378717e-12,1.8572202389979764
632,0.632,1736.3978318038394,5100000.0,0.17803286976549318,0.0010000000000000009,0.005616940294886061,0,57,0,1e-08,0.005616940294886061,0.4655794935895623,0.2506769418347371,0.033004089470168176,0.025825625740643253,0.21836547965171552,3.706856436248267e-12,0.0064876964426718925,1.7684373058751813e-11,5.263865019684689e-07,1.9815538630896347e-05,2.839896679407569e-14,2.048705334691872e-12,1.8572888682218855
633,0.633,1736.2871953309896,5100000.0,0.17802612977176124,0.0010000000000000009,0.005617152949862208,0,57,0,1e-08,0.005617152949862208,0.46560712877628724,0.2506825795784539,0.033004067525034146,0.02581206354425793,0.21834603401885022,3.697566808044893e-12,0.0064875284150952475,1.7642360788784e-11,5.256548292024881e-07,1.9796382849657306e-05,2.8327552989442415e-14,2.044965892007283e-12,1.857357338348955
634,0.634,1736.1767602621978,5100000.0,0.1780193969188293,0.0010000000000000009,0.005617365395614538,0,57,0,1e-08,0.005617365395614538,0.46563468843395406,0.25068819764321004,0.033004049183657284,0.02579854011586528,0.21832664049522948,3.688317200582009e-12,0.006487360868371313,1.760052177029541e-11,5.249254691138424e-07,1.9777277370273946e-05,2.8256446568545957e-14,2.0412400546983385e-12,1.8574256499169732
635,0.635,1736.066525657585,5100000.0,0.17801267117341615,0.0010000000000000009,0.005617577633144004,0,57,0,1e-08,0.005617577633144004,0.4656621728909869,0.2506937961452212,0.03300403440492768,0.02578505527463495,0.21830729886176373,3.679107351912451e-12,0.006487193800254478,1.7558854907105372e-11,5.241984089703484e-07,1.9758221935716464e-05,2.8185645518518626e-14,2.0375277423919793e-12,1.8574938034016582
636,0.636,1735.9564906000428,5100000.0,0.17800595250281345,0.0010000000000000009,0.005617789663433842,0,57,0,1e-08,0.005617789663433842,0.4656895825112293,0.25069937516600616,0.0330040231825558,0.025771608839429267,0.21828800886411917,3.669937004595771e-12,0.006487027208495509,1.751735911480511e-11,5.234736361547579e-07,1.973921629455848e-05,2.811514786672421e-14,2.033828875212804e-12,1.8575617996768545
637,0.637,1735.8466541723164,5100000.0,0.17799924087673258,0.0010000000000000009,0.0056180014873912715,0,57,0,1e-08,0.0056180014873912715,0.46571691768268464,0.25070493476912203,0.03300401552925585,0.025758200626575682,0.21826877022532873,3.660805903273859e-12,0.006486861090813791,1.7476033313548238e-11,5.22751138050489e-07,1.9720260196636505e-05,2.8044951659720482e-14,2.0301433732972156e-12,1.8576296398456233
638,0.638,1735.7370154420787,5100000.0,0.1779925362657149,0.0010000000000000009,0.005618213105897643,0,57,0,1e-08,0.005618213105897643,0.4657441787494332,0.2507104750560317,0.03300401141882205,0.02574483045485631,0.21824958271086986,3.6517137920776985e-12,0.0064866954449591665,1.7434876428991965e-11,5.220309021019675e-07,1.9701353388976637e-05,2.7975054933920702e-14,2.02647115751384e-12,1.8576973245547208
639,0.639,1735.6275734874841,5100000.0,0.17798583863790507,0.0010000000000000009,0.005618424519910283,0,57,0,1e-08,0.005618424519910283,0.46577136598784735,0.2507159961743312,0.0330040107752738,0.025731498151859503,0.21823044614862538,3.642660416822937e-12,0.006486530268790544,1.739388740333262e-11,5.213129160194148e-07,1.9682495619848963e-05,2.790545572915888e-14,2.0228121506027533e-12,1.8577648538387672
640,0.64,1735.5183274371323,5100000.0,0.17797914795951497,0.0010000000000000009,0.005618635730447881,0,57,0,1e-08,0.005618635730447881,0.4657984798276832,0.25072149813947486,0.03300401365835611,0.025718203536478912,0.21821136021830875,3.6336455320540256e-12,0.0064863655600592785,1.735306518926888e-11,5.205971675327572e-07,1.966368665043661e-05,2.7836152176369684e-14,2.0191662745953427e-12,1.8578322293230807
641,0.641,1735.409276370518,5100000.0,0.1779724642048639,0.0010000000000000009,0.005618846738273523,0,57,0,1e-08,0.005618846738273523,0.46582552056914345,0.2507269810806771,0.03300402001138813,0.02570494643406813,0.2181923247253131,3.624668887322932e-12,0.0064862013165967675,1.7312408740527424e-11,5.198836444144529e-07,1.9644926231280127e-05,2.7767142347842494e-14,2.015533452693568e-12,1.8578994512730702
642,0.642,1735.300419400731,5100000.0,0.17796578734102647,0.0010000000000000009,0.005619057544379322,0,57,0,1e-08,0.005619057544379322,0.4658524885458814,0.25073244508995346,0.03300402981425326,0.02569172667149705,0.21817333944065656,3.6157302374690422e-12,0.0064860375362531825,1.727191702605187e-11,5.191723346170298e-07,1.9626214120326404e-05,2.7698424362569293e-14,2.011913608914717e-12,1.8579665203629745
643,0.643,1735.1917556518047,5100000.0,0.1779591173379907,0.0010000000000000009,0.005619268149665749,0,57,0,1e-08,0.005619268149665749,0.46587938413989777,0.25073789021939374,0.03300404308818311,0.025678544072188482,0.21815440408907702,3.6068293407581028e-12,0.0064858742168361115,1.723158902074479e-11,5.184632261053417e-07,1.9607550079222516e-05,2.762999637272127e-14,2.0083066671879476e-12,1.858033437755486
644,0.644,1735.0832842250468,5100000.0,0.17795245416802,0.0010000000000000009,0.005619478554961743,0,57,0,1e-08,0.005619478554961743,0.46590620764913987,0.25074331659150956,0.0330040597816869,0.025665398465133528,0.2181355184760204,3.5979659535168387e-12,0.006485711356222149,1.719142370547456e-11,5.177563069432513e-07,1.9588933864587378e-05,2.7561856503573778e-14,2.0047125525931685e-12,1.858100203756003
645,0.645,1734.9750042524324,5100000.0,0.17794579779914022,0.0010000000000000009,0.005619688761230374,0,57,0,1e-08,0.005619688761230374,0.46593295941255747,0.2507487242870985,0.03300407988486626,0.02565228967960331,0.21811668236574988,3.589139837179745e-12,0.006485548952291409,1.715142007443337e-11,5.170515653394602e-07,1.957036524005894e-05,2.7494002926336513e-14,2.0011311908056398e-12,1.8581668191423402
646,0.646,1734.8669148689337,5100000.0,0.17793914820241127,0.0010000000000000009,0.005619898769339224,0,57,0,1e-08,0.005619898769339224,0.46595963978162863,0.25075411337646886,0.0330041033986547,0.025639217544029577,0.21809789551050482,3.5803507552088167e-12,0.006485387002913662,1.7111577127905806e-11,5.163489895431489e-07,1.9551843970783054e-05,2.7426433829459185e-14,1.9975625077644185e-12,1.8582332848197856
647,0.647,1734.7590152036214,5100000.0,0.17793250534946908,0.0010000000000000009,0.005620108580137995,0,57,0,1e-08,0.005620108580137995,0.4659862490928401,0.2507594839430632,0.03300413031053862,0.025626181887600834,0.21807915767705988,3.5715984717093707e-12,0.006485225505968064,1.707189387170082e-11,5.156485678516296e-07,1.953336982128191e-05,2.7359147404825085e-14,1.9940064298807156e-12,1.8582996015362903
648,0.648,1734.6513043823718,5100000.0,0.17792586921107165,0.0010000000000000009,0.0056203181945044265,0,57,0,1e-08,0.0056203181945044265,0.4660127875829777,0.2507648361451655,0.03300416052896737,0.025613182549653547,0.21806046872577925,3.562882750752319e-12,0.006485064459459514,1.703236932558193e-11,5.149502888102632e-07,1.9514942554203466e-05,2.7292141828660852e-14,1.990462885525945e-12,1.8583657690873658
649,0.649,1734.543781598617,5100000.0,0.1779192397541877,0.0010000000000000009,0.005620527613436274,0,57,0,1e-08,0.005620527613436274,0.46603925568474497,0.2507701699711894,0.03300419413665302,0.025600219358867273,0.2180418283275091,3.5542033667773375e-12,0.006484903861261017,1.6993002521054172e-11,5.14254140987305e-07,1.949656194880686e-05,2.7225415388528665e-14,1.986931802111656e-12,1.8584317893084632
650,0.65,1734.4364459767783,5100000.0,0.1779126169563169,0.0010000000000000009,0.005620736837598944,0,57,0,1e-08,0.005620736837598944,0.46606565366124836,0.2507754855602375,0.03300423106243216,0.025587292151654877,0.21802323631804638,3.545560086948791e-12,0.00648474370934137,1.6953792486992028e-11,5.135601129591268e-07,1.9478227769429137e-05,2.7158966288959893e-14,1.9834131082766554e-12,1.8584976622417788
651,0.651,1734.3292966921967,5100000.0,0.1779060007852404,0.0010000000000000009,0.005620945867965145,0,57,0,1e-08,0.005620945867965145,0.4660919819004168,0.25078078294025213,0.0330042713486035,0.02557440075883295,0.21800469241172354,3.5369526865383485e-12,0.006484584001600133,1.6914738264621567e-11,5.128681933815817e-07,1.9459939792634784e-05,2.709279281547998e-14,1.97990673241606e-12,1.8585633892508502
652,0.652,1734.2223328757711,5100000.0,0.17789939121584572,0.0010000000000000009,0.005621154705283385,0,57,0,1e-08,0.005621154705283385,0.4661182406270046,0.25078606227611644,0.03300431489609721,0.02556154502193921,0.2179861964796053,3.5283809355256048e-12,0.006484424736069596,1.6875838900186474e-11,5.1217837104785e-07,1.9441697784505127e-05,2.702689319019583e-14,1.9764126047254396e-12,1.8586289700334564
653,0.653,1734.115553727147,5100000.0,0.17789278821480778,0.0010000000000000009,0.0056213633505619596,0,57,0,1e-08,0.0056213633505619596,0.4661444301955377,0.25079132361136414,0.03300436172861432,0.02554872477905129,0.21796774826504528,3.519844613744153e-12,0.006484265910739364,1.683709345791098e-11,5.114906349254498e-07,1.9423501526576948e-05,2.6961265730540178e-14,1.9729306555861944e-12,1.858694405703975
654,0.654,1734.008958428273,5100000.0,0.17788619175701137,0.0010000000000000009,0.0056215718045500625,0,57,0,1e-08,0.0056215718045500625,0.46617055096205867,0.2507965669947804,0.03300441186574513,0.025535939865481465,0.21794934751154857,3.511343500789007e-12,0.00648410752356483,1.6798501001337196e-11,5.108049739185269e-07,1.940535079794602e-05,2.689590875154216e-14,1.9694608151951265e-12,1.8587596973437066
655,0.655,1733.902546132307,5100000.0,0.17787960181645032,0.0010000000000000009,0.00562178006802532,0,57,0,1e-08,0.00562178006802532,0.4661966031536862,0.25080179258100305,0.033004465217334904,0.025523190125969628,0.2179309940858765,3.5028773730537533e-12,0.0064839495726180755,1.6760060601457138e-11,5.101213770881766e-07,1.9387245370729644e-05,2.6830820525793598e-14,1.9660030154318678e-12,1.8588248447351736
656,0.656,1733.7963160628763,5100000.0,0.1778730183609498,0.0010000000000000009,0.005621988141960606,0,57,0,1e-08,0.005621988141960606,0.46622258718578935,0.25080700035941966,0.03300452186235937,0.025510475395839376,0.21791268767218333,3.494446017709007e-12,0.00648379205585478,1.672177134219388e-11,5.094398335498329e-07,1.9369185033898668e-05,2.6765999435699417e-14,1.9625571874208856e-12,1.858889849636046
657,0.657,1733.6902673695017,5100000.0,0.17786644136874472,0.0010000000000000009,0.005622196027000089,0,57,0,1e-08,0.005622196027000089,0.46624850325609074,0.2508121905075332,0.03300458168669488,0.025497795522489115,0.2178944281650237,3.4860492130686156e-12,0.0064836349713800236,1.6683632306953704e-11,5.087603324965614e-07,1.9351169559656004e-05,2.6701443765012638e-14,1.959123264115679e-12,1.8589547115417697
658,0.658,1733.5843992868467,5100000.0,0.17785987080635526,0.0010000000000000009,0.005622403724158497,0,57,0,1e-08,0.005622403724158497,0.4662743517497938,0.25081736303279684,0.033004644749207675,0.025485150346175225,0.2178762152757453,3.4776867495593616e-12,0.006483478317210638,1.6645642597122275e-11,5.080828632643332e-07,1.933319873959879e-05,2.6637151917661497e-14,1.955701178150136e-12,1.8590194319554498
659,0.659,1733.4787109997546,5100000.0,0.17785330665144508,0.0010000000000000009,0.005622611234098614,0,57,0,1e-08,0.005622611234098614,0.466300132947397,0.2508225180382976,0.033004711011600324,0.025472539710865473,0.21785804881817653,3.4693584127560612e-12,0.006483322091409397,1.660780131180222e-11,5.07407415165722e-07,1.9315272355115068e-05,2.6573122245067952e-14,1.952290862808847e-12,1.8590840112537206
660,0.66,1733.3732017134018,5100000.0,0.17784674887529275,0.0010000000000000009,0.005622818557685342,0,57,0,1e-08,0.005622818557685342,0.466325847142291,0.2508276556100272,0.03300478045196009,0.025459963462236352,0.21783992859221996,3.461063991618727e-12,0.006483166292060252,1.6570107561265337e-11,5.067339776494456e-07,1.9297390192063137e-05,2.6509353127149858e-14,1.9488922520813503e-12,1.85914844999113
661,0.661,1733.26787064683,5100000.0,0.1778401974506684,0.0010000000000000009,0.005623025695736723,0,57,0,1e-08,0.005623025695736723,0.46635149465741643,0.25083277580692565,0.03300485307584553,0.02544742144493581,0.21782185436884077,3.4528032781405058e-12,0.006483010917234512,1.653256046315811e-11,5.060625402253632e-07,1.92795520399519e-05,2.644584297133292e-14,1.9455052801978543e-12,1.8592127490403516
662,0.662,1733.1627170044273,5100000.0,0.1778336523521002,0.0010000000000000009,0.005623232649015495,0,57,0,1e-08,0.005623232649015495,0.4663770757549255,0.25083787873817975,0.033004928836792034,0.025434913507918457,0.21780382597720355,3.4445760633347686e-12,0.00648285596505681,1.6495159140811633e-11,5.053930924914235e-07,1.926175768513801e-05,2.6382590169424844e-14,1.9421298823046566e-12,1.859276908659086
663,0.663,1733.0577400218226,5100000.0,0.17782711355113576,0.0010000000000000009,0.005623439418378919,0,57,0,1e-08,0.005623439418378919,0.46640259075161294,0.2508429644609968,0.033005007740761524,0.025422439499038923,0.21778584319248148,3.4363821431809827e-12,0.006482701433638248,1.6457902728497934e-11,5.047256241540676e-07,1.924400692115974e-05,2.6319593159411922e-14,1.9387659938633033e-12,1.8593409297079695
664,0.664,1732.9529389244374,5100000.0,0.17782058102288759,0.0010000000000000009,0.005623646004571817,0,57,0,1e-08,0.005623646004571817,0.4664280399403511,0.2508480330539216,0.033005089771941686,0.025409999267206544,0.2177679058131369,3.428221313668535e-12,0.006482547321103004,1.6420790364424963e-11,5.040601249548339e-07,1.922629953992603e-05,2.625685037597021e-14,1.9354135507731095e-12,1.8594048127939236
665,0.665,1732.8483129460049,5100000.0,0.17781405474104925,0.0010000000000000009,0.00562385240838415,0,57,0,1e-08,0.00562385240838415,0.4664534236227751,0.2508530845858711,0.03300517492400123,0.02539759266167928,0.21775001362865648,3.4200933728896803e-12,0.006482393625579651,1.6383821193762872e-11,5.033965847053671e-07,1.9208635335559322e-05,2.6194360271350456e-14,1.9320724893344973e-12,1.8594685586299837
666,0.666,1732.743861314378,5100000.0,0.17780753468003563,0.0010000000000000009,0.00562405863058334,0,57,0,1e-08,0.00562405863058334,0.4664787420593044,0.2508581191583143,0.03300526315659549,0.025385219535249838,0.2177321664676133,3.411998119047579e-12,0.006482240345240516,1.634699436848148e-11,5.02734993313949e-07,1.919101410095859e-05,2.6132121293345852e-14,1.9287427466819634e-12,1.8595321675234033
667,0.667,1732.6395832878109,5100000.0,0.1778010208124437,0.0010000000000000009,0.0056242646719945845,0,57,0,1e-08,0.0056242646719945845,0.46650399557955147,0.2508631368102852,0.03300535449295359,0.025372879737940595,0.21771436409104694,3.4039353553626433e-12,0.006482087478223719,1.6310309049660855e-11,5.020753407591925e-07,1.917343563629785e-05,2.6070131938042828e-14,1.9254242599908834e-12,1.8595956405198915
668,0.668,1732.5354780983148,5100000.0,0.17779451311491695,0.0010000000000000009,0.005624470533315356,0,57,0,1e-08,0.005624470533315356,0.46652918444226166,0.25086813764277277,0.03300544889284862,0.025360573123416257,0.21769660632867327,3.3959048828566952e-12,0.006481935022712491,1.6273764400793603e-11,5.014176170594761e-07,1.9155899736371926e-05,2.60083906748541e-14,1.922116967170218e-12,1.8596589779232247
669,0.669,1732.4315450019606,5100000.0,0.1777880115601558,0.0010000000000000009,0.005624676215368121,0,57,0,1e-08,0.005624676215368121,0.46655430893709204,0.25087312172498255,0.033005546347683434,0.02534829954568874,0.21767889297908577,3.3879065063719034e-12,0.006481782976894409,1.623735959557543e-11,5.007618123474081e-07,1.9138406201366558e-05,2.5946896007328476e-14,1.918820806607865e-12,1.8597221803958262
670,0.67,1732.3277832585322,5100000.0,0.17778151612319965,0.0010000000000000009,0.005624881718901629,0,57,0,1e-08,0.005624881718901629,0.46657936936068944,0.25087808911949266,0.03300564685555557,0.025336058858616978,0.21766122383397074,3.3799400323180284e-12,0.006481631338955201,1.62010938131886e-11,5.00107916802355e-07,1.9120954832833785e-05,2.5885646452502633e-14,1.9155357169892922e-12,1.859785248676933
671,0.671,1732.224192118972,5100000.0,0.177775026779506,0.0010000000000000009,0.005625087044651659,0,57,0,1e-08,0.005625087044651659,0.46660436596511684,0.25088303992501554,0.03300575037699611,0.025323850919510647,0.21764359872752914,3.3720052671284463e-12,0.006481480107123375,1.6164966238631635e-11,4.994559206879604e-07,1.9103545430510493e-05,2.582464051994496e-14,1.9122616377863025e-12,1.8598481830600289
672,0.672,1732.120770861454,5100000.0,0.1777685435024422,0.0010000000000000009,0.005625292193420389,0,57,0,1e-08,0.005625292193420389,0.46662929905354217,0.2508879741923838,0.0330058569209643,0.025311675584351365,0.2176260174436426,3.3641020211536143e-12,0.0064813292796110054,1.612897606620328e-11,4.988058143556675e-07,1.9086177800424282e-05,2.5763876759479618e-14,1.9089985086979754e-12,1.8599109843970658
673,0.673,1732.0175187472692,5100000.0,0.17776206626860616,0.0010000000000000009,0.005625497165908038,0,57,0,1e-08,0.005625497165908038,0.46665416887034455,0.250892892022017,0.03300596644527682,0.025299532712879966,0.21760847982272338,3.356230103803547e-12,0.006481178854676768,1.6093122494334403e-11,4.981575882223462e-07,1.906885174508086e-05,2.5703353703919404e-14,1.9057462701968024e-12,1.859973652937898
674,0.674,1731.9144350744295,5100000.0,0.17775559505157576,0.0010000000000000009,0.005625701962910653,0,57,0,1e-08,0.005625701962910653,0.46667897575504536,0.2508977934303956,0.03300607899357817,0.025287422160249404,0.21759098561279322,3.3483893302901383e-12,0.006481028830522609,1.605740473027871e-11,4.975112327566012e-07,1.9051567075831813e-05,2.564306994420322e-14,1.9025048625552967e-12,1.8600361899336995
675,0.675,1731.8115190947021,5100000.0,0.17774912983024138,0.0010000000000000009,0.005625906585056405,0,57,0,1e-08,0.005625906585056405,0.4667037199293599,0.25090267853800974,0.033006194503178106,0.025275343787254836,0.21757353467629234,3.340579511041475e-12,0.006480879205420299,1.6021821980525886e-11,4.968667384446369e-07,1.9034323594207827e-05,2.5583024018433e-14,1.8992742269304047e-12,1.8600985953948594
676,0.676,1731.7087701004323,5100000.0,0.17774267057681956,0.0010000000000000009,0.005626111033184941,0,57,0,1e-08,0.005626111033184941,0.4667284016685211,0.2509075474108089,0.03300631296575042,0.025263297455097485,0.21755612682188874,3.3328004620553367e-12,0.006480729977646752,1.5986373465106108e-11,4.962240959339986e-07,1.901712111041281e-05,2.552321451549418e-14,1.8960543050488914e-12,1.8601608699492425
677,0.677,1731.6061873885483,5100000.0,0.17773621726754155,0.0010000000000000009,0.005626315308009103,0,57,0,1e-08,0.005626315308009103,0.46675302126182566,0.2509124001025649,0.033006434385466694,0.02525128302420248,0.21753876184464974,3.3250520010345402e-12,0.006480581145469273,1.595105840881923e-11,4.955832959059042e-07,1.8999959436261672e-05,2.5463640039304093e-14,1.8928450388217966e-12,1.8602230143708804
678,0.678,1731.5037702482632,5100000.0,0.17772976987935882,0.0010000000000000009,0.0056265194102191815,0,57,0,1e-08,0.0056265194102191815,0.46677757897772487,0.2509172366852057,0.033006558747888624,0.02523930035609215,0.21752143955982708,3.317333945790461e-12,0.006480432707168753,1.591587604019506e-11,4.949443290782593e-07,1.8982838382369742e-05,2.540429919183019e-14,1.8896463705650167e-12,1.860285029215956
679,0.679,1731.4015179750045,5100000.0,0.1777233283880463,0.0010000000000000009,0.005626723340542958,0,57,0,1e-08,0.005626723340542958,0.466802075087967,0.25092205722585936,0.033006686043122346,0.025227349312899026,0.2175041597790083,3.3096461158055934e-12,0.006480284661033738,1.5880825594049976e-11,4.943071862356601e-07,1.8965757761044595e-05,2.5345190588767806e-14,1.886458243001358e-12,1.8603469150892153
680,0.68,1731.2994298549725,5100000.0,0.177716892769798,0.0010000000000000009,0.0056269270996951925,0,57,0,1e-08,0.0056269270996951925,0.46682650980431245,0.25092686183933355,0.033006816211517374,0.025215429761780487,0.21748692237074227,3.3019883300901605e-12,0.0064801370054150004,1.5845906311448946e-11,4.936718582702063e-07,1.8948717382336195e-05,2.5286312833328143e-14,1.8832805998185716e-12,1.8604086720026718
681,0.681,1731.197505229028,5100000.0,0.17771046299814322,0.0010000000000000009,0.005627130688475272,0,57,0,1e-08,0.005627130688475272,0.46685088346773057,0.2509316505247385,0.033006949311399955,0.025203541564361047,0.21746972707768653,3.2943604151879468e-12,0.00647998973859489,1.581111744506755e-11,4.930383361567015e-07,1.8931717068840272e-05,2.5227664606296663e-14,1.88011338445607e-12,1.8604703013409039
682,0.682,1731.0957433825038,5100000.0,0.17770403905408652,0.0010000000000000009,0.005627334107446134,0,57,0,1e-08,0.005627334107446134,0.46687519629951957,0.2509364233899591,0.033007085290482054,0.025191684586723016,0.2174525737594976,3.2867621922061836e-12,0.0064798428589109055,1.5776458243548655e-11,4.924066108342104e-07,1.8914756631704297e-05,2.5169244528855685e-14,1.8769565409746406e-12,1.860531803204943
683,0.683,1730.9941436360739,5100000.0,0.17769762091140923,0.0010000000000000009,0.005627537357399673,0,57,0,1e-08,0.005627537357399673,0.4668994485732001,0.2509411804912311,0.03300722414822227,0.025179858694705393,0.21743546222374535,3.2791934872038224e-12,0.0064796963646976315,1.574192796721447e-11,4.917766733741342e-07,1.8897835889765844e-05,2.5111051267995992e-14,1.8738100138725565e-12,1.860593178286716
684,0.684,1730.8927053026803,5100000.0,0.17769120854759024,0.0010000000000000009,0.005627740439010945,0,57,0,1e-08,0.005627740439010945,0.4669236405333494,0.2509459219089475,0.033007365859113645,0.025168063756099954,0.21741839230576968,3.2716541260864642e-12,0.006479550254313867,1.570752588032401e-11,4.911485148971358e-07,1.8880954660447176e-05,2.505308348606521e-14,1.8706737481464816e-12,1.860654426983542
685,0.685,1730.7914277136535,5100000.0,0.17768480193864003,0.0010000000000000009,0.005627943353001746,0,57,0,1e-08,0.005627943353001746,0.4669477724578193,0.25095064769206704,0.03300751042939365,0.025156299637939503,0.21740136380808445,3.2641439379199195e-12,0.006479404526108977,1.567325125456329e-11,4.905221265954092e-07,1.8864112765514968e-05,2.499533987416499e-14,1.867547689043127e-12,1.8607155500582528
686,0.686,1730.6903101811513,5100000.0,0.17767840106270266,0.0010000000000000009,0.005628146100026537,0,57,0,1e-08,0.005628146100026537,0.46697184455945384,0.2509553579445855,0.03300765780858081,0.025144566211330623,0.21738437659576434,3.256662750180059e-12,0.0064792591784829014,1.563910336512205e-11,4.898974997229629e-07,1.8847310022694915e-05,2.493781910289027e-14,1.8644317825819704e-12,1.8607765476063987
687,0.687,1730.5893520662466,5100000.0,0.17767200589455948,0.0010000000000000009,0.005628348680846531,0,57,0,1e-08,0.005628348680846531,0.4669958571662487,0.25096005266731286,0.03300780805139379,0.025132863342478745,0.2173674304216698,3.2492103972571085e-12,0.0064791142097748765,1.5605081497286472e-11,4.892746256058928e-07,1.8830546260848402e-05,2.4880519911220273e-14,1.8613259745541684e-12,1.8608374209473304
688,0.6880000000000001,1730.4885526674902,5100000.0,0.17766561641566628,0.0010000000000000009,0.005628551096011746,0,57,0,1e-08,0.005628551096011746,0.4670198104545782,0.25096473199603625,0.03300796107476925,0.02512119090439791,0.21735052518619863,3.2417867069216327e-12,0.006478969618408472,1.5571184933044747e-11,4.886534955643401e-07,1.881382129566099e-05,2.4823440967273077e-14,1.8582302116977236e-12,1.8608981697952456
689,0.6890000000000001,1730.3879113472228,5100000.0,0.17765923259873762,0.0010000000000000009,0.005628753346349344,0,57,0,1e-08,0.005628753346349344,0.46704370471038187,0.2509693959620665,0.03300811690097895,0.02510954876800735,0.21733366068142423,3.2343915150460498e-12,0.006478825402781364,1.5537412969772948e-11,4.880341010879159e-07,1.8797134956398107e-05,2.476658101654922e-14,1.8551444410220497e-12,1.8609587950754543
690,0.6900000000000001,1730.2874274490619,5100000.0,0.17765285442373524,0.0010000000000000009,0.005628955432457134,0,57,0,1e-08,0.005628955432457134,0.4670675401901823,0.2509740446252413,0.033008275523615155,0.02509793680458977,0.21731683672862223,3.2270246563971164e-12,0.006478681561295797,1.5503764905187638e-11,4.874164336531512e-07,1.878048706901779e-05,2.470993879206279e-14,1.852068609736597e-12,1.8610192973843789
691,0.6910000000000001,1730.1871003180672,5100000.0,0.1776464818685656,0.0010000000000000009,0.005629157354998259,0,57,0,1e-08,0.005629157354998259,0.46709131715000096,0.25097867804516205,0.03300843693638054,0.025086354885727538,0.2173000531493912,3.219685966918461e-12,0.006478538092357699,1.547024004167753e-11,4.868004847812586e-07,1.8763877460241185e-05,2.4653513035611816e-14,1.849002665366099e-12,1.86107967731805
692,0.6920000000000001,1730.0869292827315,5100000.0,0.17764011491117015,0.0010000000000000009,0.00562935911463498,0,57,0,1e-08,0.00562935911463498,0.4671150357697618,0.2509832963437249,0.03300860106835761,0.025074802888640585,0.21728330983803257,3.2123752808830662e-12,0.00647839499444286,1.543683768632113e-11,4.861862460874834e-07,1.8747305952923456e-05,2.459730246702269e-14,1.8459465564068857e-12,1.8611399347072153
693,0.6930000000000001,1729.9869137375526,5100000.0,0.1776337535258646,0.0010000000000000009,0.005629560712144691,0,57,0,1e-08,0.005629560712144691,0.46713869637058103,0.2509878995141304,0.0330087679794274,0.02506328068542641,0.21726660655072375,3.205092441283465e-12,0.006478252265963711,1.5403557159608084e-11,4.855737093036517e-07,1.8730772384460662e-05,2.454130589170149e-14,1.8429002311977294e-12,1.8612000708993601
694,0.6940000000000001,1729.8870530227866,5100000.0,0.177627397695469,0.0010000000000000009,0.005629762148035507,0,57,0,1e-08,0.005629762148035507,0.46716229917077695,0.250992487645398,0.03300893763247921,0.025051788151043093,0.21724994314472715,3.197837285909879e-12,0.006478109905368082,1.537039777704725e-11,4.849628660984045e-07,1.8714276581449645e-05,2.4485522061279974e-14,1.8398636384555353e-12,1.861260086121715
695,0.6950000000000001,1729.7873465061268,5100000.0,0.1776210473962523,0.0010000000000000009,0.00562996342302337,0,57,0,1e-08,0.00562996342302337,0.467185844432519,0.2509970607839948,0.03300911003317017,0.025040325159908873,0.2172333194337738,3.190609656471429e-12,0.0064779679110971945,1.5337358863084622e-11,4.843537082375568e-07,1.869781837650305e-05,2.442994976351743e-14,1.83683672720033e-12,1.8613199810916263
696,0.6960000000000001,1729.6877935340617,5100000.0,0.17761470260747328,0.0010000000000000009,0.005630164537729688,0,57,0,1e-08,0.005630164537729688,0.46720933235126755,0.25100161903342283,0.03300928512849051,0.0250288915903961,0.217216735295928,3.183409392825337e-12,0.006477826281641194,1.5304439744699773e-11,4.837462275363842e-07,1.8681397597795233e-05,2.4374587763571816e-14,1.8338194471575898e-12,1.8613797558375709
697,0.6970000000000001,1729.5883934910196,5100000.0,0.17760836330486138,0.0010000000000000009,0.005630365492887967,0,57,0,1e-08,0.005630365492887967,0.4672327631797842,0.25100616244084345,0.0330094629219333,0.02501748732047281,0.21720019055218323,3.176236339780684e-12,0.006477685015485342,1.5271639759881307e-11,4.831404159376758e-07,1.8665014081542734e-05,2.431943487262564e-14,1.830811748420888e-12,1.8614394110339842
698,0.6980000000000001,1729.4891457604442,5100000.0,0.17760202946816706,0.0010000000000000009,0.005630566289104475,0,57,0,1e-08,0.005630566289104475,0.46725613717784575,0.2510106910485075,0.033009643422255604,0.02500611222724584,0.21718368501703805,3.1690903430792246e-12,0.006477544111104222,1.5238958249438217e-11,4.825362653954454e-07,1.8648667664390827e-05,2.4264489909744526e-14,1.827813581185912e-12,1.861498947419531
699,0.6990000000000001,1729.3900497124841,5100000.0,0.17759570107732217,0.0010000000000000009,0.005630766926979937,0,57,0,1e-08,0.005630766926979937,0.4672794545722295,0.251015204927869,0.0330098266083725,0.024994766189371284,0.21716721853705614,3.161971247748948e-12,0.0064774035669916035,1.520639455638667e-11,4.81933767887868e-07,1.8632358180546472e-05,2.42097516844041e-14,1.824824896038761e-12,1.861558365384701
700,0.7000000000000001,1729.2911047225539,5100000.0,0.17758937811035663,0.0010000000000000009,0.005630967407175593,0,57,0,1e-08,0.005630967407175593,0.4673027155786294,0.2510197041565877,0.033010012452168495,0.024983449087494586,0.2171507909686883,3.15487890005675e-12,0.006477263381665994,1.517394802990937e-11,4.813329154760335e-07,1.8616085465355834e-05,2.4155219014072576e-14,1.8218456441080796e-12,1.8616176652296705
701,0.7010000000000001,1729.1923101872478,5100000.0,0.17758306054515574,0.0010000000000000009,0.0056311677303574875,0,57,0,1e-08,0.0056311677303574875,0.4673259204492992,0.2510241887774555,0.03301020096068152,0.024972160801563354,0.2171344021322375,3.1478131493520824e-12,0.006477123553637202,1.5141618026468948e-11,4.807337002956247e-07,1.8599849358917796e-05,2.4100890745527542e-14,1.8188757767557163e-12,1.8616768476587136
702,0.7020000000000001,1729.0936654993695,5100000.0,0.17757674836200624,0.0010000000000000009,0.005631367897115734,0,57,0,1e-08,0.005631367897115734,0.46734906943583815,0.2510286588350578,0.03301039213934711,0.024960901211056864,0.2171180518489428,3.1407738456052003e-12,0.0064769840814093435,1.510940390497661e-11,4.801361144927204e-07,1.858364970112641e-05,2.404676572962594e-14,1.8159152454823445e-12,1.8617359133600635
703,0.7030000000000001,1728.995170029204,5100000.0,0.17757044154095408,0.0009999999999998899,0.005631567908047658,0,57,0,1e-08,0.005631567908047658,0.4673721627199448,0.251033114433864,0.033010585932026486,0.024949670199548996,0.21710174000748517,3.1337608367488665e-12,0.006476844963537192,1.507730502651741e-11,4.795401502601318e-07,1.856748632715776e-05,2.3992842793005053e-14,1.8129640024892783e-12,1.8617948622992384
704,0.704,1728.8968231912022,5100000.0,0.17756414005833393,0.0010000000000000009,0.005631767763871003,0,57,0,1e-08,0.005631767763871003,0.4673952005588006,0.25103755560627955,0.03301078235522219,0.024938467649204325,0.21708546642189622,3.126773976330298e-12,0.006476706198558154,1.504532076326757e-11,4.789457999128026e-07,1.8551359081557524e-05,2.3939120815490502e-14,1.8100220002131734e-12,1.8618536952767757
705,0.705,1728.7986243875619,5100000.0,0.17755784389548304,0.0010000000000000009,0.005631967465141315,0,57,0,1e-08,0.005631967465141315,0.46741818319270245,0.2510419824016112,0.03301098140853753,0.024927293442180826,0.21706923092310063,3.1198131174907256e-12,0.006476567785009588,1.5013450488529202e-11,4.783530557620561e-07,1.8535267806923713e-05,2.388559867155762e-14,1.8070891912544438e-12,1.861912412900475
706,0.706,1728.700573008017,5100000.0,0.17755155303247244,0.0010000000000000009,0.005632167012457,0,57,0,1e-08,0.005632167012457,0.4674411108204383,0.2510463949043595,0.03301118305531555,0.024916147463217058,0.21705303338197943,3.1128781125855826e-12,0.006476429721460806,1.4981693578459184e-11,4.777619101627503e-07,1.851921234337395e-05,2.3832275224459675e-14,1.8041655287334193e-12,1.8619710153516373
707,0.707,1728.602668470252,5100000.0,0.17754526744720886,0.0010000000000000009,0.005632366406484701,0,57,0,1e-08,0.005632366406484701,0.46746398368648967,0.2510507931549378,0.03301138730325834,0.024905029596385363,0.2170368736241121,3.1059688177688914e-12,0.0064762920064729244,1.4950049417614837e-11,4.771723555618012e-07,1.8503192537062386e-05,2.37791493727842e-14,1.8012509660318122e-12,1.8620295033204335
708,0.708,1728.5049101815755,5100000.0,0.17753898712068444,0.0010000000000000009,0.0056325656477933935,0,57,0,1e-08,0.0056325656477933935,0.46748680201329856,0.25105517721378384,0.03301159413970087,0.02489393972658237,0.2170207514966266,3.099085088851022e-12,0.006476154638617236,1.4918517392502156e-11,4.7658438442185673e-07,1.848720823239564e-05,2.3726220009649428e-14,1.7983454568103384e-12,1.8620878772606002
709,0.709,1728.4072975519532,5100000.0,0.17753271203253715,0.0010000000000000009,0.005632764736995212,0,57,0,1e-08,0.005632764736995212,0.46750956601585625,0.25105954714581213,0.03301180354700219,0.024882877739913538,0.2170046668533661,3.092226782579331e-12,0.006476017616480085,1.488709689438436e-11,4.7599798926395096e-07,1.847125927451139e-05,2.3673486034603092e-14,1.7954489551276122e-12,1.8621461375628656
710,0.71,1728.309830001617,5100000.0,0.177526442162257,0.0010000000000000009,0.0056329636747071915,0,57,0,1e-08,0.0056329636747071915,0.46753227592177243,0.2510639030027857,0.03301201552058033,0.02487184352270134,0.21698861953542822,3.0853937575160775e-12,0.006475880938650537,1.4855787319993303e-11,4.75413162668856e-07,1.84553455109411e-05,2.362094636304009e-14,1.7925614153336231e-12,1.8622042847656395
711,0.711,1728.2125069499573,5100000.0,0.17752017749030577,0.0010000000000000009,0.005633162461515734,0,57,0,1e-08,0.005633162461515734,0.46755493195143344,0.2510682448420424,0.03301223005000041,0.024860836961935983,0.2169726093907263,3.0785858728454677e-12,0.006475744603725906,1.482458806965312e-11,4.748298972551434e-07,1.8439466789351056e-05,2.356859991435719e-14,1.7896827920757443e-12,1.8622623193370869
712,0.712,1728.1153278097954,5100000.0,0.17751391799682253,0.0010000000000000009,0.005633361098017682,0,57,0,1e-08,0.005633361098017682,0.46757753429006726,0.25107257274928046,0.03301244709532205,0.02484985794738601,0.21695663630066087,3.071802987643144e-12,0.006475608610337993,1.4793498547778403e-11,4.742481857045168e-07,1.8423622956061847e-05,2.3516445602224767e-14,1.7868130405748818e-12,1.862320241394855
713,0.713,1728.0182920348234,5100000.0,0.1775076636603192,0.0010000000000000009,0.005633559584861716,0,57,0,1e-08,0.005633559584861716,0.46760008320771373,0.25107688673244327,0.0330126666955459,0.024838906365924382,0.2169407000635543,3.0650449660786286e-12,0.006475472957082703,1.4762518167685238e-11,4.736680207801816e-07,1.8407813866275427e-05,2.3464482391649572e-14,1.7839521160399466e-12,1.8623780519710105
714,0.714,1727.921399034323,5100000.0,0.177501414464479,0.0010000000000000009,0.005633757922532598,0,57,0,1e-08,0.005633757922532598,0.4676225788801064,0.25108118688540776,0.03301288880233014,0.0248279821078522,0.2169248005699795,3.058311668324822e-12,0.0064753376425984634,1.473164633981833e-11,4.730893952173846e-07,1.8392039366343098e-05,2.341270920384711e-14,1.7810999741491144e-12,1.8624357510844771
715,0.715,1727.82464825579,5100000.0,0.1774951703872507,0.0010000000000000009,0.005633956111697278,0,57,0,1e-08,0.005633956111697278,0.46764502154732107,0.2510854732404235,0.03301311342941653,0.024817085062349892,0.21690893764683158,3.0516029592866922e-12,0.006475202665509866,1.4700882484424946e-11,4.7251230186088905e-07,1.837629931068154e-05,2.3361125005333508e-14,1.7782565708183267e-12,1.8624933394674485
716,0.716,1727.7280391338722,5100000.0,0.17748893141087896,0.0010000000000000009,0.0056341541528865564,0,57,0,1e-08,0.0056341541528865564,0.4676674114263388,0.25108974585145194,0.03301334056859955,0.02480621511916459,0.2168931111437634,3.0449187032733225e-12,0.0064750680244485045,1.467022602275265e-11,4.719367335572248e-07,1.8360593551500444e-05,2.3309728754927768e-14,1.7754218621740018e-12,1.8625508175989676
717,0.717,1727.6315710915135,5100000.0,0.17748269751608825,0.0010000000000000009,0.005634352046679672,0,57,0,1e-08,0.005634352046679672,0.46768974868669794,0.25109400481177196,0.03301357017098709,0.024795372171361237,0.2168773209558734,3.038258763752097e-12,0.006474933718087074,1.4639676379322774e-11,4.7136268321021304e-07,1.8344921938541988e-05,2.3258519399285284e-14,1.7725958049486393e-12,1.8626081854773595
718,0.718,1727.535243601051,5100000.0,0.1774764686812654,0.0010000000000000009,0.005634549793730271,0,57,0,1e-08,0.005634549793730271,0.4677120335965295,0.2510982501236119,0.033013802280008504,0.024784556108912375,0.21686156688151734,3.03162301029818e-12,0.006474799745060058,1.4609232989010988e-11,4.7079014382483426e-07,1.83292843321074e-05,2.3207495944716558e-14,1.7697783558834306e-12,1.8626654441688935
719,0.719,1727.4390560821616,5100000.0,0.17747024489091068,0.0010000000000000009,0.005634747394498113,0,57,0,1e-08,0.005634747394498113,0.46773426631212156,0.2511024818911191,0.03301403683550196,0.024773766825851928,0.216845848828457,3.0250113074339095e-12,0.006474666104052207,1.4578895282564285e-11,4.7021910836637503e-07,1.831368058193766e-05,2.315665734452387e-14,1.766969472220946e-12,1.8627225935382687
720,0.72,1727.3430080143803,5100000.0,0.1774640261227284,0.0010000000000000009,0.0056349448496589,0,57,0,1e-08,0.0056349448496589,0.46775644710392983,0.25110670011205016,0.03301427388500305,0.024763004213023264,0.2168301665921982,3.018423526823038e-12,0.006474532793708834,1.454866270286505e-11,4.6964956992627944e-07,1.8298110550346346e-05,2.310600262143599e-14,1.7641691112427649e-12,1.8627796346939571
721,0.721,1727.2470988176758,5100000.0,0.17745781236164562,0.0010000000000000009,0.005635142159659201,0,57,0,1e-08,0.005635142159659201,0.4677785761161568,0.25111090489926025,0.03301451335907154,0.02475226816583539,0.21681452009175964,3.01185953433063e-12,0.00647439981273175,1.4518534687755204e-11,4.690815215476101e-07,1.8282574087681875e-05,2.3055530737811872e-14,1.7613772307686515e-12,1.8628365673876988
722,0.722,1727.1513279693359,5100000.0,0.17745160358491194,0.0010000000000000009,0.0056353393251895485,0,57,0,1e-08,0.0056353393251895485,0.46780065358873485,0.2511150962737899,0.03301475528074035,0.024741558578084768,0.21679890915138747,3.005319202469662e-12,0.006474267159802874,1.448851068782645e-11,4.685149564222509e-07,1.826707105607433e-05,2.300524071953093e-14,1.7585937888656977e-12,1.8628933924334579
723,0.723,1727.0556949248366,5100000.0,0.17744539977620338,0.0010000000000000009,0.005635536346736601,0,57,0,1e-08,0.005635536346736601,0.4678226797225759,0.2511192742934509,0.033014999635889934,0.02473087534448813,0.21678333363380023,2.998802402127101e-12,0.006474134833615508,1.4458590153043475e-11,4.6794986772500853e-07,1.8251601313637214e-05,2.295513157526471e-14,1.7558187438036296e-12,1.8629501102169146
724,0.724,1726.96019914528,5100000.0,0.177439200916635,0.0010000000000000009,0.005635733224868521,0,57,0,1e-08,0.005635733224868521,0.46784465471883485,0.2511234390137644,0.03301524641234839,0.0247202183605957,0.21676779340096652,2.9923090055588646e-12,0.0064740028328733375,1.4428772538066438e-11,4.6738624868741096e-07,1.8236164719831382e-05,2.2905202323261113e-14,1.7530520541909702e-12,1.8630067211415964
725,0.725,1726.8648400932962,5100000.0,0.17743300698760744,0.0010000000000000009,0.005635929960144588,0,57,0,1e-08,0.005635929960144588,0.467866578771843,0.2511275904946793,0.03301549559310955,0.024709587522933455,0.21675228832109214,2.9858388854572265e-12,0.006473871156292109,1.4399057301306196e-11,4.668240925863194e-07,1.8220761134585655e-05,2.285545198620551e-14,1.7502936789522717e-12,1.863063225550901
726,0.726,1726.7696172474145,5100000.0,0.17742681797033927,0.0010000000000000009,0.005636126553130049,0,57,0,1e-08,0.005636126553130049,0.4678884521035089,0.2511317287698746,0.03301574718765719,0.024698982727487936,0.2167368182351251,2.979391917068049e-12,0.006473739802580958,1.4369443906749561e-11,4.6626339275642167e-07,1.8205390421393477e-05,2.2805879608691493e-14,1.7475435772058171e-12,1.8631196240928203
727,0.727,1726.6745300612647,5100000.0,0.17742063384785675,0.0010000000000000009,0.0056363230043329085,0,57,0,1e-08,0.0056363230043329085,0.4679102748745132,0.25113585392736887,0.03301600114997452,0.024688403873063286,0.21672138304355007,2.972967973424268e-12,0.006473608770483866,1.4339931818494936e-11,4.657041425422327e-07,1.819005243880805e-05,2.275648421139696e-14,1.7448017085160703e-12,1.8631759167682913
728,0.728,1726.5795780381259,5100000.0,0.177414454599664,0.0010000000000000009,0.005636519314373242,0,57,0,1e-08,0.005636519314373242,0.46793204734125765,0.2511399659661753,0.03301625752418005,0.02467785085570713,0.2167059825527786,2.966566933552157e-12,0.006473478058710799,1.4310520510856959e-11,4.65146335393414e-07,1.8174747055817295e-05,2.2707264872649658e-14,1.7420680324901218e-12,1.8632321046196243
729,0.729,1726.484760637015,5100000.0,0.1774082802112924,0.0010000000000000009,0.005636715483679824,0,57,0,1e-08,0.005636715483679824,0.4679537696777834,0.2511440649623334,0.03301651627647049,0.024667323573652773,0.21669061665027206,2.960188672470019e-12,0.006473347665998767,1.4281209454178642e-11,4.6458996470624515e-07,1.8159474132859462e-05,2.2658220630091446e-14,1.7393425089991717e-12,1.8632881877896146
730,0.73,1726.3900773252087,5100000.0,0.17740211066297545,0.0010000000000000009,0.005636911512849914,0,57,0,1e-08,0.005636911512849914,0.46797544204735975,0.2511481509967912,0.03301677736714013,0.024656821927525704,0.21667528523282695,2.953833066456916e-12,0.006473217591114394,1.4251998124752746e-11,4.6403502396636244e-07,1.8144233531898444e-05,2.2609350529538986e-14,1.7366250984563063e-12,1.863344166341638
731,0.731,1726.2955276142504,5100000.0,0.17739594593497662,0.0010000000000000009,0.005637107402480013,0,57,0,1e-08,0.005637107402480013,0.46799706469938024,0.25115222407055904,0.03301704083746465,0.02464634581541189,0.2166599881126297,2.94749999701379e-12,0.006473087832792917,1.4222886008191837e-11,4.634815067541691e-07,1.8129025124233547e-05,2.2560653668468986e-14,1.7339157613221598e-12,1.86340004127497
732,0.732,1726.2011109598893,5100000.0,0.17738978601296,0.0010000000000000009,0.0056373031529951875,0,57,0,1e-08,0.0056373031529951875,0.4680186377673391,0.25115628429070613,0.03301730662100283,0.024635895139428054,0.21664472521535252,2.9411893404337066e-12,0.00647295838981945,1.4193872585250138e-11,4.629294066000022e-07,1.8113848770091165e-05,2.251212908954214e-14,1.7312144585141236e-12,1.8634558123404192
733,0.733,1726.1068268900729,5100000.0,0.17738363087548195,0.0010000000000000009,0.00563749876504654,0,57,0,1e-08,0.00563749876504654,0.46804016152109257,0.2511603316370059,0.03301757478013794,0.02462546979796905,0.2166294963325259,2.9349009811036685e-12,0.006472829260933161,1.4164957350114752e-11,4.6237871717859747e-07,1.8098704344556555e-05,2.2463775914872762e-14,1.7285211509541242e-12,1.8635114807760973
734,0.734,1726.0126748565713,5100000.0,0.1773774805097701,0.0010000000000000009,0.005637694239009783,0,57,0,1e-08,0.005637694239009783,0.46806163607860046,0.2511643662293567,0.03301784523514097,0.024615069694253162,0.21661430140469434,2.9286347961597346e-12,0.006472700444932859,1.4136139788929196e-11,4.618294320758194e-07,1.808359170761544e-05,2.2415593191548285e-14,1.725835800031797e-12,1.8635670461755667
735,0.735,1725.9186543782007,5100000.0,0.17737133489358253,0.0010000000000000009,0.005637889575561749,0,57,0,1e-08,0.005637889575561749,0.4680830616678449,0.2511683880817397,0.03301811801289082,0.024604694729804328,0.21659914026338176,2.9223906699556277e-12,0.006472571940596399,1.4107419401736433e-11,4.612815450460441e-07,1.806851073275287e-05,2.2367580036981023e-14,1.7231583673976732e-12,1.8636225093562053
736,0.736,1725.824764955415,5100000.0,0.17736519401213258,0.0010000000000000009,0.005638084775142503,0,57,0,1e-08,0.005638084775142503,0.4681044384904925,0.2511723972342459,0.03301839311412458,0.024594344806233414,0.21658401276637756,2.9161684858016972e-12,0.0064724437467027955,1.4078795687854657e-11,4.607350498192077e-07,1.8053461290269168e-05,2.2319735556499092e-14,1.720488814793378e-12,1.8636778708367927
737,0.737,1725.731006074587,5100000.0,0.17735905784870845,0.0010000000000000009,0.005638279838253454,0,57,0,1e-08,0.005638279838253454,0.4681257667105541,0.25117639375991063,0.03301867050583931,0.024584019827077024,0.21656891880797083,2.909968125976109e-12,0.006472315862054884,1.4050268147943549e-11,4.6018994014581433e-07,1.8038443247775176e-05,2.22720588434867e-14,1.7178271043212934e-12,1.8637331307416438
738,0.738,1725.6373772470483,5100000.0,0.17735292638449107,0.0010000000000000009,0.005638474765463174,0,57,0,1e-08,0.005638474765463174,0.4681470465293211,0.2511803776950328,0.03301895019185904,0.024573719695640955,0.21655385824530168,2.9037894759401334e-12,0.006472188285452663,1.4021836289741371e-11,4.5964620986068635e-07,1.8023456478050268e-05,2.2224549019854907e-14,1.7151731983423295e-12,1.86378828961598
739,0.739,1725.54387797557,5100000.0,0.17734679960329622,0.0010000000000000009,0.005638669557256643,0,57,0,1e-08,0.005638669557256643,0.4681682781280888,0.25118434909377124,0.03301923215778797,0.024563444316105205,0.21653883095498258,2.897632420704804e-12,0.00647206101570703,1.3993499622424993e-11,4.591038528124409e-07,1.8008500852397212e-05,2.2177205202380932e-14,1.7125270594471148e-12,1.8638433477927954
740,0.74,1725.450507774654,5100000.0,0.17734067748775556,0.0010000000000000009,0.005638864214156651,0,57,0,1e-08,0.005638864214156651,0.46818946170567927,0.25118830799298875,0.03301951640656497,0.024553193592550135,0.21652383679615422,2.891496847107123e-12,0.006471934051627633,1.3965257659896775e-11,4.585628629016472e-07,1.7993576244732322e-05,2.213002652381763e-14,1.709888650439638e-12,1.8638983058031011
741,0.741,1725.3572661492444,5100000.0,0.1773345600217325,0.0010000000000000009,0.0056390587366469905,0,57,0,1e-08,0.0056390587366469905,0.46821059743805526,0.25119225444988663,0.03301980292036383,0.024542967430085667,0.21650887565019952,2.8853826415961304e-12,0.006471807392036851,1.3937109917618826e-11,4.5802323404519095e-07,1.7978682527318856e-05,2.208301211110314e-14,1.7072579343852637e-12,1.8639531639358897
742,0.742,1725.2641526095965,5100000.0,0.17732844718775134,0.0010000000000000009,0.005639253125254199,0,57,0,1e-08,0.005639253125254199,0.46823168549919825,0.2511961885211495,0.033020091681453596,0.024532765734840305,0.21649394739986633,2.8792896914503547e-12,0.006471681035769717,1.3909055915064905e-11,4.574849602122225e-07,1.7963819573557502e-05,2.203616109831895e-14,1.7046348746598746e-12,1.8640079224760029
743,0.743,1725.171166680615,5100000.0,0.17732233896852995,0.0010000000000000009,0.005639447380498825,0,57,0,1e-08,0.005639447380498825,0.46825272608595536,0.2512001102411514,0.03302038269450766,0.024522588412709996,0.21647905190517458,2.87321788621382e-12,0.006471554981658418,1.3881095176863513e-11,4.569480354292175e-07,1.7948987260044446e-05,2.198947263854199e-14,1.7020194348500287e-12,1.8640625819647691
744,0.744,1725.0783078718255,5100000.0,0.1773162353483613,0.0010000000000000009,0.00563964150285149,0,57,0,1e-08,0.00563964150285149,0.46827371935847106,0.251204019676975,0.03302067593081668,0.024512435371223593,0.21646418906186526,2.8671671141540164e-12,0.0064714292285553655,1.3853227228167005e-11,4.5641245373058323e-07,1.7934185460444763e-05,2.1942945871702264e-14,1.6994115788269122e-12,1.864117142554596
745,0.745,1724.985575724974,5100000.0,0.17731013630939765,0.0010000000000000009,0.005639835492851063,0,57,0,1e-08,0.005639835492851063,0.46829466553525173,0.2512079168407263,0.033020971417218555,0.024502306516517962,0.21644935870814613,2.861137267508562e-12,0.0064713037752958495,1.3825451601695357e-11,4.558782092331537e-07,1.7919414055163876e-05,2.189657997478095e-14,1.6968112706023377e-12,1.8641716050380899
746,0.746,1724.8929697494189,5100000.0,0.1773040418375667,0.0010000000000000009,0.005640029350916486,0,57,0,1e-08,0.005640029350916486,0.46831556477354647,0.25121180180158853,0.03302126912276993,0.024492201756443458,0.2164345607424577,2.855128235705456e-12,0.006471178620736241,1.379776782778627e-11,4.5534529602018325e-07,1.790467291845769e-05,2.185037409639923e-14,1.6942184744121817e-12,1.8642259695403574
747,0.747,1724.8004894598707,5100000.0,0.1772979519148788,0.0010000000000000009,0.005640223077591463,0,57,0,1e-08,0.005640223077591463,0.4683364172178661,0.2512156746361698,0.03302156900820247,0.024482121001017324,0.21641979507467607,2.849139909102667e-12,0.006471053763759851,1.3770175441577578e-11,4.5481370824849113e-07,1.788996192553804e-05,2.180432739039292e-14,1.6916331549584412e-12,1.8642802360806012
748,0.748,1724.708134428182,5100000.0,0.17729186652315337,0.0010000000000000009,0.005640416673425942,0,57,0,1e-08,0.005640416673425942,0.4683572231267097,0.2512195353158639,0.03302187114094489,0.024472064156659788,0.21640506150283637,2.8431721843551554e-12,0.006470929203205479,1.3742673988485512e-11,4.542834401793217e-07,1.7875280963407756e-05,2.175843907347004e-14,1.6890552768874076e-12,1.8643344059124771
749,0.749,1724.6159041536607,5100000.0,0.1772857856512937,0.0010000000000000009,0.005640610138744667,0,57,0,1e-08,0.005640610138744667,0.46837798262692615,0.25122338393585514,0.033022175463309496,0.02446203113301408,0.21639035995469869,2.8372249515783143e-12,0.006470804937951808,1.3715263005426602e-11,4.537544859644056e-07,1.786062990507986e-05,2.1712708295467494e-14,1.6864848050881348e-12,1.864388478846846
750,0.75,1724.5237981663959,5100000.0,0.1772797092796475,0.0010000000000000009,0.0056408034741447155,0,57,0,1e-08,0.0056408034741447155,0.468398695876885,0.25122722055674485,0.03302248195167368,0.024452021840966946,0.21637569032575005,2.831298104080295e-12,0.006470680966892961,1.368794203794165e-11,4.5322683987712857e-07,1.7846008629479335e-05,2.1667134235604106e-14,1.683921704902818e-12,1.8644424550765886
751,0.751,1724.4318160242078,5100000.0,0.17727363739129734,0.0010000000000000009,0.005640996680136336,0,57,0,1e-08,0.005640996680136336,0.46841936308566084,0.2512310451914657,0.03302279063059491,0.024442036190157394,0.21636105246151416,2.8253915386192998e-12,0.00647055728890762,1.3660710638120022e-11,4.5270049626151456e-07,1.7831417021330034e-05,2.1621716105011823e-14,1.681365941795232e-12,1.8644963353500907
752,0.752,1724.3399572666353,5100000.0,0.17726756997259166,0.0010000000000000009,0.005641189757126002,0,57,0,1e-08,0.005641189757126002,0.46843998443481544,0.2512348578799122,0.03302310149757457,0.024432074090450805,0.2163464462348963,2.8195051506598724e-12,0.006470433902877318,1.3633568356992524e-11,4.5217544943564786e-07,1.78168549621269e-05,2.1576453101881117e-14,1.6788174813037824e-12,1.8645501201060453
753,0.753,1724.2482214211038,5100000.0,0.1772615070079169,0.0010000000000000009,0.005641382705582767,0,57,0,1e-08,0.005641382705582767,0.4684605600725833,0.25123865869100426,0.03302341452036598,0.024422135453469662,0.21633187155106984,2.813638834926825e-12,0.00647031080770531,1.3606514747243598e-11,4.516516937415914e-07,1.7802322331138e-05,2.1531344415142117e-14,1.6762762893169473e-12,1.864603809434988
754,0.754,1724.1566080232888,5100000.0,0.17725544847980984,0.0010000000000000009,0.005641575526034706,0,57,0,1e-08,0.005641575526034706,0.46848109014303024,0.25124244769370324,0.033023729665982854,0.024412220192522063,0.21631732831836417,2.80779248728003e-12,0.00647018800231578,1.3579549366161636e-11,4.511292235899548e-07,1.7787819009165237e-05,2.1486389241724174e-14,1.6737423321111496e-12,1.864657403410465
755,0.755,1724.0651166554562,5100000.0,0.17724939437107778,0.0010000000000000009,0.005641768219001448,0,57,0,1e-08,0.005641768219001448,0.46850157487918953,0.2512462248741098,0.033024046985329056,0.024402328218407515,0.2163028163576344,2.8019660086731714e-12,0.006470065485601874,1.3552671779918852e-11,4.506080334863185e-07,1.7773344886538976e-05,2.1441586828928283e-14,1.6712155759948106e-12,1.8647109030750149
756,0.756,1723.9737468424078,5100000.0,0.17724334467016056,0.0010000000000000009,0.005641960784823498,0,57,0,1e-08,0.005641960784823498,0.46852201440974967,0.251249990316423,0.033024366430157104,0.024392459444488455,0.2162883355925557,2.796159295031211e-12,0.0064699432564884855,1.3525881548452492e-11,4.5008811785383915e-07,1.775889984262138e-05,2.139693637252687e-14,1.668695987494029e-12,1.8647643083277152
757,0.757,1723.8824981578796,5100000.0,0.1772372993587145,0.0010000000000000009,0.005642153224057419,0,57,0,1e-08,0.005642153224057419,0.46854240894744664,0.25125374402477807,0.03302468803295244,0.024382613782487773,0.21627388586372792,2.7903722475346617e-12,0.006469821313880203,1.3499178241556534e-11,4.495694712323725e-07,1.7744483766589543e-05,2.1352437118979607e-14,1.6661835332938798e-12,1.8648176199963016
758,0.758,1723.791370130636,5100000.0,0.17723125842397636,0.0010000000000000009,0.005642345537082289,0,57,0,1e-08,0.005642345537082289,0.4685627586167392,0.25125748608496645,0.03302501174343034,0.024372791146840544,0.21625946709840443,2.784604763380714e-12,0.006469699656715207,1.3472561424612168e-11,4.4905208810870907e-07,1.7730096538906045e-05,2.1308088273242324e-14,1.6636781803347733e-12,1.8648708379510242
759,0.759,1723.700362320451,5100000.0,0.17722522184763287,0.0010000000000000009,0.005642537724454018,0,57,0,1e-08,0.005642537724454018,0.4685830635815387,0.2512612165422463,0.03302533755165546,0.02436299145241642,0.21624507918411887,2.77885674311207e-12,0.006469578283937102,1.3446030671651162e-11,4.4853596308392205e-07,1.7715738046210026e-05,2.1263889072026948e-14,1.6611798959519634e-12,1.864923962519908
760,0.76,1723.6094743155536,5100000.0,0.1772191896144038,0.0010000000000000009,0.005642729786632114,0,57,0,1e-08,0.005642729786632114,0.4686033240656817,0.25126493538712275,0.033025665503316065,0.024353214611963138,0.21623072194974827,2.7731280907109237e-12,0.006469457194463253,1.3419585561817437e-11,4.4802109080598567e-07,1.770140818103947e-05,2.1219838784156758e-14,1.6586886474245484e-12,1.864976994675786
761,0.761,1723.518705638346,5100000.0,0.177213161712648,0.0010000000000000009,0.005642921723960356,0,57,0,1e-08,0.005642921723960356,0.46862354016620344,0.25126864272785626,0.033025995524823264,0.024343460541936673,0.21621639534875173,2.7674187040817704e-12,0.006469336387256918,1.3393225667648686e-11,4.475074658429847e-07,1.7687106823281993e-05,2.117593661817118e-14,1.6562044023799796e-12,1.8650299340127359
762,0.762,1723.4280558753742,5100000.0,0.17720713812269173,0.0010000000000000009,0.005643113537038432,0,57,0,1e-08,0.005643113537038432,0.46864371208149236,0.25127233857431236,0.0330263276414779,0.024333729157569556,0.2162020992339585,2.7617284878290245e-12,0.00646921586126627,1.3366950574083288e-11,4.4699508292231106e-07,1.7672833865340414e-05,2.113218184501164e-14,1.653727128705973e-12,1.8650827812584458
763,0.763,1723.337524593239,5100000.0,0.17720111883186465,0.0010000000000000009,0.005643305226243182,0,57,0,1e-08,0.005643305226243182,0.46866383997876704,0.25127602296663437,0.033026661848153734,0.024324020374461422,0.21618783348914955,2.7560573450168366e-12,0.006469095615443979,1.3340759864898806e-11,4.464839367450556e-07,1.76585891960951e-05,2.1088573721225318e-14,1.6512567943812482e-12,1.8651355367917395
764,0.764,1723.2471113440113,5100000.0,0.17719510382531448,0.0010000000000000009,0.00564349679202106,0,57,0,1e-08,0.00564349679202106,0.4686839239859026,0.2512796959793209,0.03302699810452688,0.02431433411025108,0.21617359803622635,2.7504051777466357e-12,0.006468975648768012,1.3314653124769132e-11,4.459740220298029e-07,1.764437270164343e-05,2.1045111490911785e-14,1.6487933677193477e-12,1.8651882005797753
765,0.765,1723.1568157393508,5100000.0,0.17718909308599778,0.0010000000000000009,0.005643688234888454,0,57,0,1e-08,0.005643688234888454,0.4687039643442186,0.2512833575811947,0.03302733647725971,0.02430467027938831,0.21615939268554868,2.744771894422409e-12,0.006468855960176944,1.3288629948827251e-11,4.4546533360987626e-07,1.7630184280085202e-05,2.1001794460040103e-14,1.6463368170333684e-12,1.8652407738255048
766,0.766,1723.0666373068566,5100000.0,0.17718308660407067,0.0010000000000000009,0.005643879555132587,0,57,0,1e-08,0.005643879555132587,0.46872396113932,0.2512870078868491,0.033027676885567736,0.024295028800402973,0.21614521740075346,2.7391573957734794e-12,0.006468736548659754,1.3262689921932311e-11,4.44957866190391e-07,1.7616023813311636e-05,2.0958621857145774e-14,1.6438871108864095e-12,1.8652932560300914
767,0.767,1722.9765756440893,5100000.0,0.17717708435965873,0.0010000000000000009,0.005644070753360302,0,57,0,1e-08,0.005644070753360302,0.4687439145669934,0.25129064690384595,0.03302801935622687,0.02428540959052127,0.21613107203606657,2.733561589605518e-12,0.006468617413189382,1.3236832642724725e-11,4.444516146545485e-07,1.7601891196877362e-05,2.0915592978479542e-14,1.6414442181583233e-12,1.8653456479275725
768,0.768,1722.886630312956,5100000.0,0.17717108634051498,0.0010000000000000009,0.005644261829935643,0,57,0,1e-08,0.005644261829935643,0.4687638247565352,0.25129427470187726,0.03302836385314828,0.024275812568756355,0.21611695651113424,2.727984380700727e-12,0.0064684985527608705,1.3211057706666805e-11,4.439465738420306e-07,1.7587786319610477e-05,2.0872707089543405e-14,1.6390081079140649e-12,1.8653979495261195
769,0.769,1722.7968009059875,5100000.0,0.17716509253011523,0.0010000000000000009,0.005644452785359039,0,57,0,1e-08,0.005644452785359039,0.46878369188344504,0.2512978913052598,0.03302871038575869,0.024266237653775394,0.21610287069959974,2.722425677081893e-12,0.00646837996636501,1.3185364716037736e-11,4.434427386790731e-07,1.7573709076348594e-05,2.08299634862275e-14,1.636578749423842e-12,1.86545016135451
770,0.77,1722.707087015741,5100000.0,0.17715910291519396,0.0010000000000000009,0.005644643620027252,0,57,0,1e-08,0.005644643620027252,0.4688035161284246,0.2513014967344087,0.033029058967603254,0.02425668476371266,0.21608881447022457,2.7168853875097815e-12,0.006468261652986001,1.315975327521326e-11,4.429401041050999e-07,1.7559659362381452e-05,2.0787361470078996e-14,1.6341561120532828e-12,1.8655022839911126
771,0.771,1722.6174882118682,5100000.0,0.1771531174826636,0.0010000000000000009,0.005644834334331497,0,57,0,1e-08,0.005644834334331497,0.4688232976268587,0.2513050910515625,0.03302940956981598,0.024247153818132843,0.21607478773623148,2.711363418752411e-12,0.006468143611625797,1.313422298711183e-11,4.424386650393525e-07,1.7545637068677782e-05,2.0744900323093695e-14,1.631740165344074e-12,1.8655543175234204
772,0.772,1722.5280040714492,5100000.0,0.17714713621658973,0.0010000000000000009,0.005645024928753838,0,57,0,1e-08,0.005645024928753838,0.4688430365115685,0.25130867431811515,0.03302976216380013,0.024237644737990227,0.21606079041256784,2.7058596786913256e-12,0.006468025841303508,1.310877345894311e-11,4.4193841646348523e-07,1.7531642087658293e-05,2.0702579335147873e-14,1.6293308791903182e-12,1.8656062620349143
773,0.773,1722.4386342101138,5100000.0,0.17714115910132486,0.0010000000000000009,0.005645215403767344,0,57,0,1e-08,0.005645215403767344,0.46886273298508074,0.2513122465298116,0.03303011678729219,0.024228157442571886,0.21604682234546782,2.700374079345163e-12,0.006467908341017708,1.308340430542068e-11,4.4143935344474576e-07,1.7517674319471285e-05,2.066039783592045e-14,1.626928223573881e-12,1.86565811837372
774,0.774,1722.3493782004887,5100000.0,0.1771351861257431,0.0010000000000000009,0.005645405759701125,0,57,0,1e-08,0.005645405759701125,0.4688823871739098,0.2513158077542458,0.03303047340547423,0.024218691852873356,0.2160328834561625,2.694906529052635e-12,0.006467791109788071,1.3058115136822125e-11,4.409414709875588e-07,1.7503733656227012e-05,2.061835511852619e-14,1.6245321686194496e-12,1.8657098865520463
775,0.775,1722.2602356453299,5100000.0,0.1771292172737137,0.0010000000000000009,0.00564559599704392,0,57,0,1e-08,0.00564559599704392,0.4689019992502055,0.25131935801424243,0.03303083202844855,0.02420924788952944,0.2160189736204529,2.6894569394213778e-12,0.006467674146629892,1.303290557015819e-11,4.4044476418197896e-07,1.748981999594633e-05,2.0576450505971482e-14,1.622142684658438e-12,1.8657615670959675
776,0.776,1722.1712061345422,5100000.0,0.17712325253231764,0.0010000000000000009,0.005645786116182247,0,57,0,1e-08,0.005645786116182247,0.46892156936176227,0.25132289735528174,0.033031192643370476,0.02419982547386919,0.21600509273808252,2.6840252212712914e-12,0.006467557450566958,1.3007775222774735e-11,4.399492281166096e-07,1.7475933234437348e-05,2.0534683312867127e-14,1.6197597421906171e-12,1.865813160266384
777,0.777,1722.0822892470524,5100000.0,0.17711729188707487,0.0010000000000000009,0.0056459761175525055,0,57,0,1e-08,0.0056459761175525055,0.46894109762344444,0.2513264258511619,0.03303155520830184,0.024190424529107295,0.2159912407405909,2.6786112846619077e-12,0.0064674410206465045,1.2982723713054051e-11,4.3945485789997793e-07,1.7462073265383913e-05,2.0493052844272924e-14,1.6173833120152683e-12,1.865864665982861
778,0.778,1721.9934846107226,5100000.0,0.17711133532173032,0.0010000000000000009,0.005646166001647823,0,57,0,1e-08,0.005646166001647823,0.4689605842334799,0.2513299434961639,0.03303191976147012,0.024181044976876207,0.21597741747709343,2.6732150446215175e-12,0.006467324855896195,1.295775066871806e-11,4.389616487546104e-07,1.7448239992098324e-05,2.045155845339383e-14,1.6150133650844565e-12,1.8659160850869239
779,0.779,1721.9047918151412,5100000.0,0.17710538282559138,0.0010000000000000009,0.005646355768784137,0,57,0,1e-08,0.005646355768784137,0.4689800293258009,0.25133345034601595,0.03303228627917208,0.024171686739977438,0.21596362286030932,2.6678364131294106e-12,0.00646720895535817,1.2932855713403992e-11,4.3846959584145915e-07,1.743443331083061e-05,2.04101994621082e-14,1.6126498724336268e-12,1.8659674177080146
780,0.78,1721.8162104627688,5100000.0,0.17709943438362818,0.0010000000000000009,0.005646545419415778,0,57,0,1e-08,0.005646545419415778,0.4689994330478662,0.2513369464417195,0.03303265475223021,0.024162349741699476,0.21594985678913275,2.6624753036709337e-12,0.006467093318080583,1.2908038475039939e-11,4.379786943781681e-07,1.7420653120378166e-05,2.036897520565341e-14,1.610292805334282e-12,1.8660186641386554
781,0.781,1721.7277401680105,5100000.0,0.177093489981963,0.0010000000000000009,0.005646734953960481,0,57,0,1e-08,0.005646734953960481,0.4690187955670696,0.2513404318051433,0.03303302519073718,0.0241530339049992,0.21593611914271535,2.6571316312638395e-12,0.006466977943107538,1.2883298585385973e-11,4.3748893962504075e-07,1.7406899322096023e-05,2.0327885033669835e-14,1.607942135203825e-12,1.866069824892661
782,0.782,1721.6393805193395,5100000.0,0.1770875496080528,0.0010000000000000009,0.005646924372793553,0,57,0,1e-08,0.005646924372793553,0.4690381169982556,0.2513439065064297,0.033033397555788296,0.0241437391545839,0.2159224098517144,2.6518053088366375e-12,0.0064668628295047985,1.2858635674514561e-11,4.37000326821277e-07,1.7393171812460253e-05,2.028692827378071e-14,1.6055978336656458e-12,1.8661208999162946
783,0.783,1721.551131146479,5100000.0,0.17708161324608865,0.0010000000000000009,0.005647113676394569,0,57,0,1e-08,0.005647113676394569,0.4690573975238392,0.25134737055068235,0.03303377187394321,0.024134465414116308,0.21590872877983447,2.6464962536072542e-12,0.006466747976325239,1.2834049380766237e-11,4.3651285130933696e-07,1.737947049602909e-05,2.024610429393504e-14,1.6032598725267268e-12,1.8661718899074666
784,0.784,1721.4629916378917,5100000.0,0.1770756808848526,0.0010000000000000009,0.005647302865096835,0,57,0,1e-08,0.005647302865096835,0.4690766372491814,0.2513508240149873,0.03303414809892613,0.02412521260933871,0.21589507586659,2.6412043791888335e-12,0.006466633382647455,1.2809539338224487e-11,4.360265083756464e-07,1.736579526956736e-05,2.0205412426214327e-14,1.6009282237566447e-12,1.8662227947230112
785,0.785,1721.3749616290415,5100000.0,0.1770697525081721,0.0010000000000000009,0.0056474919393917885,0,57,0,1e-08,0.0056474919393917885,0.4690958363555645,0.2513542669031283,0.033034526258204466,0.02411598066491288,0.21588145097621397,2.6359296040227044e-12,0.006466519047536713,1.2785105190443765e-11,4.3554129342682427e-07,1.735214603902958e-05,2.0164852048254988e-14,1.5986028595522865e-12,1.8662736150659962
786,0.786,1721.2870407184657,5100000.0,0.17706382810506882,0.0010000000000000009,0.005647680899605343,0,57,0,1e-08,0.005647680899605343,0.46911499495734704,0.2513576992817918,0.03303490631566192,0.024106769507148577,0.21586785403887987,2.6306718434715348e-12,0.006466404970078678,1.276074657737109e-11,4.350572018189524e-07,1.7338522703492654e-05,2.012442250673822e-14,1.596283752251542e-12,1.866324350906125
787,0.787,1721.1992285531858,5100000.0,0.1770579076602037,0.0010000000000000009,0.005647869746202616,0,57,0,1e-08,0.005647869746202616,0.4691341132538919,0.25136112113710113,0.03303528831649686,0.02409757906053111,0.21585428490084213,2.6254310177488506e-12,0.0064662911493364545,1.2736463147357723e-11,4.345742290097626e-07,1.73249251714647e-05,2.0084123194830033e-14,1.593970874269396e-12,1.8663750031493924
788,0.788,1721.111524717954,5100000.0,0.1770519911638356,0.0010000000000000009,0.005648058479470292,0,57,0,1e-08,0.005648058479470292,0.4691531913319823,0.25136453256108493,0.033035672198875966,0.024088409252282682,0.2158407435193006,2.6202070417631626e-12,0.006466177584407027,1.271225454218395e-11,4.3409237036864834e-07,1.731135333984054e-05,2.0043953452805923e-14,1.5916641982300345e-12,1.8664255714674933
789,0.789,1721.023928855553,5100000.0,0.1770460785988863,0.0010000000000000009,0.005648247099929223,0,57,0,1e-08,0.005648247099929223,0.4691722293701481,0.2513679335567484,0.033036057990447315,0.02407926000850045,0.2158272297603739,2.6149998360158627e-12,0.0064660642743734975,1.2688120414121515e-11,4.336116214033936e-07,1.729780711658742e-05,2.0003912674088367e-14,1.5893636969717274e-12,1.8664760565580594
790,0.79,1720.9364405730237,5100000.0,0.17704016995462174,0.0010000000000000009,0.00564843560789801,0,57,0,1e-08,0.00564843560789801,0.4691912274827132,0.2513713241875651,0.03303644565776188,0.024070131256814217,0.21581374355346927,2.6098093181196205e-12,0.006465951218337923,1.2664060412064122e-11,4.33131977573387e-07,1.7284286403068585e-05,1.9964000222734656e-14,1.587069343470282e-12,1.8665264584142383
791,0.791,1720.8490595080882,5100000.0,0.17703426521610635,0.0010000000000000009,0.005648624003829413,0,57,0,1e-08,0.005648624003829413,0.46921018583120605,0.25137470447089216,0.03303683521366842,0.02406102292440217,0.21580028478105556,2.604635408814156e-12,0.006465838415396817,1.2640074191517827e-11,4.326534344229405e-07,1.727079110661644e-05,1.9924215492342635e-14,1.5847811109002522e-12,1.866576777559327
792,0.792,1720.7617852867666,5100000.0,0.17702836437170857,0.0010000000000000009,0.005648812288070904,0,57,0,1e-08,0.005648812288070904,0.4692291045575456,0.2513780744428088,0.03303722665214572,0.02405193493880595,0.21578685334499337,2.599478028175839e-12,0.006465725864651161,1.2616161407916382e-11,4.321759874880752e-07,1.7257321132584304e-05,1.9884557869265297e-14,1.5824989725364061e-12,1.8666270142995316
793,0.793,1720.6746175209903,5100000.0,0.17702246740846347,0.0010000000000000009,0.005649000461012616,0,57,0,1e-08,0.005649000461012616,0.4692479837689282,0.25138143417017456,0.033037619935724294,0.02404286722917895,0.21577344918089933,2.5943370952916625e-12,0.006465613565221934,1.2592321716890651e-11,4.316996323109321e-07,1.7243876383683808e-05,1.984502672828162e-14,1.5802229018908177e-12,1.8666771685742998
794,0.794,1720.587555877641,5100000.0,0.17701657431140708,0.0010000000000000009,0.005649188523108597,0,57,0,1e-08,0.005649188523108597,0.46926682366921413,0.2513847836283156,0.0330380151193355,0.0240338197225662,0.2157600721289809,2.5892125346171922e-12,0.006465501516204038,1.2568554783688804e-11,4.3122436455082163e-07,1.7230456773320444e-05,1.980562149651824e-14,1.5779528725794676e-12,1.866727241387241
795,0.795,1720.5005999474104,5100000.0,0.17701068507193488,0.0010000000000000009,0.00564937647461007,0,57,0,1e-08,0.00564937647461007,0.46928562432708365,0.2513881229202375,0.033038412128966306,0.024024792349092397,0.2157467221627891,2.5841042640598416e-12,0.006465389716730481,1.2544860264193258e-11,4.307501797417251e-07,1.721706220059833e-05,1.9766341535545832e-14,1.5756888583449309e-12,1.866777232256046
796,0.796,1720.4137493925434,5100000.0,0.1770047996725571,0.0010000000000000009,0.005649564316051941,0,57,0,1e-08,0.005649564316051941,0.4693043859240761,0.2513914520393954,0.03303881100070949,0.024015785037513154,0.21573339914382395,2.579012208241438e-12,0.006465278165917376,1.2521237826983494e-11,4.302770735875851e-07,1.720369257820392e-05,1.97271862713053e-14,1.5734308331928691e-12,1.8668271419607843
797,0.797,1720.3270038378225,5100000.0,0.17699891810360324,0.0010000000000000009,0.005649752047719683,0,57,0,1e-08,0.005649752047719683,0.46932310857929393,0.25139477103902785,0.03303921171042881,0.024006797717675103,0.21572010299537284,2.573936288844683e-12,0.0064651668628943225,1.2497687136955853e-11,4.298050417348989e-07,1.719034781205089e-05,1.968815510046083e-14,1.5711787712194577e-12,1.8668769705891526
798,0.798,1720.24036293336,5100000.0,0.17699304035117316,0.0010000000000000009,0.005649939670033882,0,57,0,1e-08,0.005649939670033882,0.469341792451833,0.25139807993353624,0.03303961427301797,0.023997830318946322,0.21570683360101245,2.5688764301670485e-12,0.006465055806785046,1.2474207864243269e-11,4.2933407989644633e-07,1.717702781295018e-05,1.964924744386234e-14,1.5689326466608352e-12,1.8669267186762761
799,0.799,1720.1538263014322,5100000.0,0.17698716640413037,0.0010000000000000009,0.005650127183327027,0,57,0,1e-08,0.005650127183327027,0.4693604376483047,0.2514013787862429,0.033040018653851595,0.0239888827721547,0.21569359089592954,2.563832554292994e-12,0.006464944996731293,1.2450799676865459e-11,4.288641837550371e-07,1.7163732486605528e-05,1.9610462699936998e-14,1.5666924339123118e-12,1.8669763861851536
800,0.8,1720.0673935889226,5100000.0,0.17698129624797346,0.0010000000000000009,0.005650314588039138,0,57,0,1e-08,0.005650314588039138,0.4693790443088537,0.25140466762667885,0.03304042485204892,0.02397995500822848,0.21568037478171234,2.558804585773799e-12,0.006464834431876138,1.2427462248377088e-11,4.283953490686132e-07,1.7150461743394686e-05,1.9571800289724033e-14,1.5644581075829229e-12,1.8670259734630463
801,0.801,1719.9810644481388,5100000.0,0.17697542987069526,0.0010000000000000009,0.005650501884530737,0,57,0,1e-08,0.005650501884530737,0.46939761258312684,0.25140794647533987,0.03304083287584345,0.023971046957901237,0.21566718515056188,2.553792450075112e-12,0.006464724111360198,1.2404195254975826e-11,4.2792757162287745e-07,1.7137215494999675e-05,1.9533259642468737e-14,1.5622296424090604e-12,1.8670754809620513
802,0.802,1719.8948385190783,5100000.0,0.176969567260906,0.0010000000000000009,0.0056506890731427405,0,57,0,1e-08,0.0056506890731427405,0.4694161425972905,0.2514112153745362,0.03304124271137558,0.023962158552590013,0.21565402191774966,2.548796071858432e-12,0.006464614034332595,1.238099837261709e-11,4.2746084719644737e-07,1.7123993650926875e-05,1.949484017875559e-14,1.5600070132430966e-12,1.867124908878805
803,0.803,1719.8087154395878,5100000.0,0.17696370840571252,0.0010000000000000009,0.005650876154264182,0,57,0,1e-08,0.005650876154264182,0.4694346344659881,0.25141447437585007,0.033041654335130344,0.023953289724629085,0.21564088500951892,2.543815375880709e-12,0.006464504199953797,1.2357871278875703e-11,4.269951715906679e-07,1.7110796120337772e-05,1.9456541318513935e-14,1.5577901951316775e-12,1.8671742572951886
804,0.804,1719.7226948899877,5100000.0,0.17695785329168554,0.0010000000000000009,0.0056510631283013335,0,57,0,1e-08,0.0056510631283013335,0.469453088378721,0.2514177234600113,0.03304206779512128,0.023944440404708885,0.21562777427823676,2.5388502910260444e-12,0.006464394607364018,1.2334813658789793e-11,4.265305406975899e-07,1.709762282061913e-05,1.9418362521735597e-14,1.555579163209057e-12,1.867223527116969
805,0.805,1719.6367764730821,5100000.0,0.17695200191031696,0.0010000000000000009,0.005651249995503426,0,57,0,1e-08,0.005651249995503426,0.4694715043862274,0.25142096273855047,0.0330424830072206,0.023935610526785008,0.2156146897130807,2.533900739649804e-12,0.006464285255743777,1.2311825188490174e-11,4.260669502897323e-07,1.708447365476747e-05,1.9380303183333462e-14,1.55337389278256e-12,1.8672727177265047
806,0.806,1719.5509598866809,5100000.0,0.17694615424401205,0.0010000000000000009,0.005651436756409988,0,57,0,1e-08,0.005651436756409988,0.4694898826942189,0.2514241921737881,0.033042900037480206,0.02392680002243948,0.21560163114966202,2.5289666527468757e-12,0.006464176144244297,1.228890555934674e-11,4.2560439634394176e-07,1.7071348543616745e-05,1.9342362781294805e-14,1.5511743593680107e-12,1.867321830230643
807,0.807,1719.4652447553947,5100000.0,0.1769403102857499,0.0010000000000000009,0.005651623411222971,0,57,0,1e-08,0.005651623411222971,0.46950822338745296,0.2514274118440922,0.03304331883507774,0.02391800882527147,0.21558859854335083,2.5240479552711555e-12,0.006464067272041804,1.2266054453658467e-11,4.251428747055764e-07,1.7058247394594843e-05,1.9304540734143604e-14,1.5489805385088752e-12,1.8673708643932216
808,0.808,1719.3796307469383,5100000.0,0.1769344700202898,0.0010000000000000009,0.005651809960406961,0,57,0,1e-08,0.005651809960406961,0.4695265266144402,0.25143062176497577,0.03304373941219607,0.023909236868504796,0.21557559178597785,2.519144576160363e-12,0.006463958638307835,1.2243271561885074e-11,4.246823813322116e-07,1.7045170123220782e-05,1.9266836498267956e-14,1.5467924059853582e-12,1.8674198206984076
809,0.809,1719.2941175053572,5100000.0,0.17692863343694887,0.0010000000000000009,0.005651996404281084,0,57,0,1e-08,0.005651996404281084,0.4695447924795903,0.2514338219931409,0.033044161739338614,0.023900484086555127,0.21556261081276332,2.5142564426144987e-12,0.006463850242228727,1.2220556572802355e-11,4.24222912156155e-07,1.7032116640722795e-05,1.922924951173733e-14,1.5446099377111506e-12,1.867468699148993
810,0.81,1719.2087047097673,5100000.0,0.17692280052219939,0.0010000000000000009,0.005652182743255445,0,57,0,1e-08,0.005652182743255445,0.46956302114417986,0.25143701253045325,0.03304458584218618,0.02389175041300224,0.21554965550255573,2.509383485206974e-12,0.006463742082980467,1.2197909181876515e-11,4.2376446319574685e-07,1.701908686504999e-05,1.919177924493445e-14,1.5424331097548633e-12,1.8675175003811655
811,0.811,1719.1233920183859,5100000.0,0.17691697126640107,0.0010000000000000009,0.005652368977616081,0,57,0,1e-08,0.005652368977616081,0.4695812127365769,0.2514401934106785,0.03304501171435092,0.023883035781838806,0.21553672576686447,2.504525633086394e-12,0.0064636341597441764,1.2175329082858672e-11,4.233070304376822e-07,1.7006080710496442e-05,1.9154425153492993e-14,1.540261898235542e-12,1.8675662246632445
812,0.812,1719.038179084093,5100000.0,0.17691114565761806,0.0010000000000000009,0.005652555107722459,0,57,0,1e-08,0.005652555107722459,0.4695993673702629,0.25144336468050277,0.03304543933619138,0.0238743401278619,0.2155238215316059,2.499682815202373e-12,0.006463526471710944,1.2152815970561083e-11,4.228506098821381e-07,1.6993098090467936e-05,1.9117186690085296e-14,1.5380962794408045e-12,1.8676148721083203
813,0.8130000000000001,1718.9530655626643,5100000.0,0.1769053236830883,0.0010000000000000009,0.005652741133960562,0,57,0,1e-08,0.005652741133960562,0.4696174851550994,0.25144652638821396,0.033045868686124476,0.023865663386691566,0.21551094272581883,2.4948549609015725e-12,0.006463419018082049,1.2130369541913012e-11,4.223951975601037e-07,1.6980138918910568e-05,1.9080063310415738e-14,1.5359362298436337e-12,1.8676634428031285
814,0.8140000000000001,1718.868051130647,5100000.0,0.17689950533006382,0.0010000000000000009,0.005652927056716038,0,57,0,1e-08,0.005652927056716038,0.46963556623205605,0.2514496785515082,0.033046299773246204,0.023857005493731535,0.2154980892475573,2.490042001723021e-12,0.006463311798056113,1.2107989498689862e-11,4.219407895652422e-07,1.696720311381556e-05,1.9043054490161913e-14,1.5337817260936777e-12,1.8677119371852908
815,0.8150000000000001,1718.783135459716,5100000.0,0.17689369058800256,0.0010000000000000009,0.005653112876304158,0,57,0,1e-08,0.005653112876304158,0.4696536107344166,0.2514528211955056,0.03304673259918292,0.02384836638449185,0.21548526100249962,2.4852438691604706e-12,0.006463204810833083,1.2085675543554824e-11,4.214873819961522e-07,1.695429059251125e-05,1.9006159703917685e-14,1.5316327449402458e-12,1.8677603556066646
816,0.8160000000000001,1718.6983182133367,5100000.0,0.1768878794458202,0.0010000000000000009,0.005653298593057618,0,57,0,1e-08,0.005653298593057618,0.469671618778853,0.2514559543605661,0.03304716715009124,0.023839745995044733,0.21547245791259798,2.480460494132932e-12,0.006463098055619899,1.2063427378974789e-11,4.210349709463887e-07,1.6941401270839872e-05,1.8969378420282944e-14,1.5294892632081803e-12,1.86780869823979
817,0.8170000000000001,1718.6135990640605,5100000.0,0.1768820718913929,0.0010000000000000009,0.005653484207342446,0,57,0,1e-08,0.005653484207342446,0.4696895904926693,0.25145907807585227,0.03304760342322763,0.023831144261689582,0.21545967988903494,2.4756918087505944e-12,0.006462991531626256,1.2041244710777334e-11,4.2058355255261953e-07,1.692853506652416e-05,1.893271011798052e-14,1.5273512579120888e-12,1.8678569653826063
818,0.8180000000000001,1718.5289776906502,5100000.0,0.17687626791344982,0.0010000000000000009,0.005653669719497514,0,57,0,1e-08,0.005653669719497514,0.4697075260129441,0.25146219236101724,0.033048041425403574,0.02382256112061553,0.21544692683328037,2.4709377459785583e-12,0.006462885238060579,1.2019127247159353e-11,4.201331229781364e-07,1.691569189863109e-05,1.8896154283477607e-14,1.5252187061764895e-12,1.8679051574425076
819,0.8190000000000001,1718.4444537495117,5100000.0,0.17687046750139238,0.0010000000000000009,0.005653855129840309,0,57,0,1e-08,0.005653855129840309,0.4697254254341076,0.2514652972753459,0.03304848112328981,0.023813996509247117,0.21543419868871577,2.466198237007851e-12,0.006462779174146557,1.1997074694412135e-11,4.196836783597119e-07,1.6902871682116084e-05,1.885971038527291e-14,1.5230915852315685e-12,1.8679532743628413
820,0.8200000000000001,1718.3600269241654,5100000.0,0.17686467064189765,0.0010000000000000009,0.005654040438775509,0,57,0,1e-08,0.005654040438775509,0.46974328888911066,0.25146839283975714,0.03304892252195059,0.02380545036494027,0.21542149536023358,2.461473215687602e-12,0.006462673339107049,1.1975086764700023e-11,4.192352149142204e-07,1.689007433707253e-05,1.88233779163021e-14,1.520969872527347e-12,1.8680013165250733
821,0.8210000000000001,1718.275696888974,5100000.0,0.17685887732445185,0.0010000000000000009,0.005654225646618105,0,57,0,1e-08,0.005654225646618105,0.46976111649370017,0.2514714790911897,0.03304936561022719,0.023796922625534747,0.2154088167696462,2.4567626153956015e-12,0.0064625677321709036,1.195316317050248e-11,4.1878772885821666e-07,1.6877299782088985e-05,1.878715636423213e-14,1.5188535456314382e-12,1.8680492841232037
822,0.8220000000000001,1718.1914633464285,5100000.0,0.1768530875374303,0.0010000000000000009,0.005654410753718702,0,57,0,1e-08,0.005654410753718702,0.4697789084127121,0.2514745560200254,0.033049810423944996,0.023788413227829226,0.2153961627902924,2.452066372158851e-12,0.006462462352554113,1.1931303629014627e-11,4.1834121646614165e-07,1.6864547941088546e-05,1.8751045242155774e-14,1.5167425821623173e-12,1.8680971778922346
823,0.8230000000000001,1718.107325933253,5100000.0,0.1768473012724521,0.0010000000000000009,0.005654595760324295,0,57,0,1e-08,0.005654595760324295,0.4697966646952,0.25147762372614707,0.0330502568883725,0.023779922111200183,0.21538353340975577,2.4473844167602343e-12,0.006462357199504549,1.1909507850414892e-11,4.1789567391392063e-07,1.6851818726049767e-05,1.8715044010871047e-14,1.5146369598883957e-12,1.868144997293266
824,0.8240000000000001,1718.0232843716205,5100000.0,0.1768415185134885,0.0010000000000000009,0.005654780666926508,0,57,0,1e-08,0.005654780666926508,0.4698143855262849,0.25148068217772973,0.0330507050612189,0.02377144921322675,0.2153709284806163,2.44271668736511e-12,0.0064622522722479064,1.1887775558002377e-11,4.174510975598095e-07,1.6839112064667858e-05,1.867915220219034e-14,1.5125366567754096e-12,1.868192743306826
825,0.8250000000000001,1717.939338308093,5100000.0,0.17683573925390988,0.0010000000000000009,0.005654965473716539,0,57,0,1e-08,0.005654965473716539,0.4698320709650943,0.2514837314635772,0.033051154878658444,0.023762994473691533,0.21535834798013764,2.4380631160786495e-12,0.006462147570037093,1.186610646604499e-11,4.1700748363048974e-07,1.6826427870949643e-05,1.8643369288266813e-14,1.5104416508298697e-12,1.8682404155162649
826,0.8260000000000001,1717.8554874751119,5100000.0,0.176829963478555,0.0010000000000000009,0.005655150181158497,0,57,0,1e-08,0.005655150181158497,0.4698497212113928,0.2514867715372432,0.03305160641302479,0.023754557830159673,0.21534579174626153,2.4334236426302392e-12,0.006462043092097701,1.1844500302530933e-11,4.1656482853833106e-07,1.6813766074898263e-05,1.8607694814543153e-14,1.508351920272216e-12,1.8682880150688632
827,0.8270000000000001,1717.771731509347,5100000.0,0.17682419118184656,0.0010000000000000009,0.005655334789410108,0,57,0,1e-08,0.005655334789410108,0.4698673363055817,0.2514898025049158,0.03305205958288289,0.023746139222963085,0.2153332597746481,2.4287981988284595e-12,0.0064619388376894365,1.1822956782799545e-11,4.161231285154958e-07,1.6801126588991717e-05,1.857212824896889e-14,1.5062674432785855e-12,1.868335541344255
828,0.8280000000000001,1717.6880701072798,5100000.0,0.17681842234740963,0.0010000000000000009,0.0056555192989745096,0,57,0,1e-08,0.0056555192989745096,0.46988491637173,0.25149282438915266,0.0330525143904323,0.023737738592405917,0.21532075197729375,2.4241867216984707e-12,0.006461834806071733,1.180147563300254e-11,4.1568237995213245e-07,1.678850933664826e-05,1.8536669108582112e-14,1.5041881983806831e-12,1.8683829946759984
829,0.8290000000000001,1717.604502992266,5100000.0,0.17681265696503065,0.0010000000000000009,0.005655703710157905,0,57,0,1e-08,0.005655703710157905,0.46990246158509197,0.251495837164861,0.033052970886121434,0.023729355877341738,0.21530826821587384,2.419589150992917e-12,0.006461730996486136,1.1780056584228022e-11,4.152425792945278e-07,1.6775914246573224e-05,1.8501316936525963e-14,1.5021141641637968e-12,1.8684303759551322
830,0.8300000000000001,1717.521029822523,5100000.0,0.17680689502774766,0.0010000000000000009,0.005655888023162576,0,57,0,1e-08,0.005655888023162576,0.4699199720129135,0.25149884091046076,0.03305342901612647,0.023720991018472005,0.2152958084589759,2.415005421125344e-12,0.006461627408196983,1.1758699359172325e-11,4.1480372286739703e-07,1.6763341235604726e-05,1.84660712239065e-14,1.5000453191889041e-12,1.8684776848741644
831,0.8310000000000001,1717.437650304852,5100000.0,0.17680113652126517,0.0010000000000000009,0.005656072238425479,0,57,0,1e-08,0.005656072238425479,0.46993744779458835,0.25150183563334205,0.033053888797841255,0.02371264395603233,0.21528337260330946,2.4104354709183174e-12,0.006461524040462922,1.1737403689393273e-11,4.143658071200175e-07,1.675079022958247e-05,1.843093150297699e-14,1.4979816422798801e-12,1.8685249219401239
832,0.8320000000000001,1717.3543641183094,5100000.0,0.17679538143644138,0.0009999999999998899,0.0056562563562181836,0,57,0,1e-08,0.0056562563562181836,0.46995488902091853,0.2515048213868845,0.03305435020223184,0.023704314631324233,0.2152709605935374,2.4058792370786668e-12,0.006461420892555766,1.1716169303973985e-11,4.139288284635996e-07,1.67382611493948e-05,1.8395897285107934e-14,1.4959231123471248e-12,1.868572087125109
833,0.833,1717.2711709706725,5100000.0,0.17678962976091384,0.0010000000000000009,0.005656440376917908,0,57,0,1e-08,0.005656440376917908,0.4699722958262853,0.25150779818177676,0.033054813243105406,0.023696002985281586,0.2152585723309605,2.401336658902868e-12,0.0064613179637428185,1.1694995937090131e-11,4.1349278337923895e-07,1.6725753921227968e-05,1.8360968105942558e-14,1.4938697084330643e-12,1.868619180891615
834,0.834,1717.1880705554347,5100000.0,0.17678388148539562,0.0010000000000000009,0.005656624300799801,0,57,0,1e-08,0.005656624300799801,0.4699896683211687,0.2515107660515472,0.033055277911247655,0.023687708959271952,0.2152462077405215,2.396807674873345e-12,0.006461215253296739,1.1673883322649919e-11,4.1305766833760026e-07,1.6713268468918335e-05,1.832614349256652e-14,1.4918214096882958e-12,1.8686662034373676
835,0.835,1717.105062579058,5100000.0,0.17677813659897995,0.0010000000000000009,0.005656808128193445,0,57,0,1e-08,0.005656808128193445,0.47000700663608763,0.25151372501016533,0.03305574421708679,0.023679432494464567,0.21523386672723951,2.3922922247891e-12,0.006461112760487724,1.1652831197344601e-11,4.1262347984463586e-07,1.6700804718764334e-05,1.8291422984015172e-14,1.489778195350995e-12,1.8687131551850362
836,0.836,1717.0221467093586,5100000.0,0.17677239509215661,0.0010000000000000009,0.005656991859383201,0,57,0,1e-08,0.005656991859383201,0.47002431083060237,0.25151667513809406,0.03305621210380231,0.023671173533859387,0.21522154926600098,2.387790245418152e-12,0.006461010484608702,1.163183929426209e-11,4.1219021435599945e-07,1.668836259008312e-05,1.825680608920941e-14,1.4877400447960683e-12,1.8687600357810779
837,0.837,1716.939322686425,5100000.0,0.1767666569508141,0.0010000000000000009,0.005657175494800777,0,57,0,1e-08,0.005657175494800777,0.47004158107968436,0.2515196164041665,0.03305668162684384,0.02366293201889633,0.21520925521719933,2.3833016798155086e-12,0.006460908424933257,1.1610907357810762e-11,4.117578684846602e-07,1.667594201546902e-05,1.8222292376760484e-14,1.4857069375970433e-12,1.868806846160163
838,0.838,1716.8565901893962,5100000.0,0.17676092216880346,0.0010000000000000009,0.005657359034623157,0,57,0,1e-08,0.005657359034623157,0.4700588174611167,0.2515225488712028,0.03305715274713012,0.023654707892333926,0.21519698453764113,2.3788264662098795e-12,0.006460806580751306,1.1590035124980407e-11,4.1132643873027487e-07,1.666354291662764e-05,1.818788136889358e-14,1.4836788532992758e-12,1.8688535861721878
839,0.839,1716.7739489316507,5100000.0,0.17675519073325233,0.0010000000000000009,0.005657542479242588,0,57,0,1e-08,0.005657542479242588,0.4700760201024838,0.2515254725527309,0.03305762547496084,0.02364650109671592,0.21518473713444894,2.374364545942386e-12,0.00646070495135014,1.1569222339094257e-11,4.108959216820612e-07,1.6651165221574822e-05,1.8153572616477437e-14,1.4816557716502357e-12,1.8689002562312451
840,0.84,1716.6913986164277,5100000.0,0.1767494626348806,0.0010000000000000009,0.005657725828936444,0,57,0,1e-08,0.005657725828936444,0.4700931891142959,0.25152838747855955,0.03305809980421895,0.02363831157490957,0.21517251293162862,2.3699158597837405e-12,0.006460603536021034,1.1548468743238299e-11,4.1046631392066167e-07,1.6638808856635935e-05,1.8119365664268574e-14,1.4796376724666427e-12,1.86894685656253
841,0.841,1716.6089389268884,5100000.0,0.1767437378632512,0.0010000000000000009,0.00565790908401922,0,57,0,1e-08,0.00565790908401922,0.4701103245659867,0.251531293716149,0.0330585756905611,0.02363013927118608,0.21516031189341833,2.3654803469805496e-12,0.006460502334072654,1.1527774079268308e-11,4.100376120110345e-07,1.6626473744498166e-05,1.8085260041472507e-14,1.4776245357104124e-12,1.8689933869481161
842,0.842,1716.5265696087706,5100000.0,0.17673801640538034,0.0010000000000000009,0.0056580922448870394,0,57,0,1e-08,0.0056580922448870394,0.4701274266279875,0.25153419123552073,0.033059053187679106,0.023621984128349788,0.21514813388393342,2.3610579522380366e-12,0.00646040134479558,1.1507138099120127e-11,4.0960981265652473e-07,1.6614159819392177e-05,1.8051255329423323e-14,1.4756163415330698e-12,1.8690398482955737
843,0.843,1716.4442903500894,5100000.0,0.1767322982552189,0.0010000000000000009,0.005658275311714116,0,57,0,1e-08,0.005658275311714116,0.4701444953793333,0.25153708009521375,0.033059532260263466,0.02361384609039008,0.21513597885797844,2.3566486158079442e-12,0.006460300567494947,1.1486560547621787e-11,4.091829124513518e-07,1.660186700527448e-05,1.801735106593752e-14,1.4736130700439758e-12,1.8690862404913446
844,0.844,1716.3621008626467,5100000.0,0.17672658340037084,0.0010000000000000009,0.0056584582848779414,0,57,0,1e-08,0.0056584582848779414,0.4701615309305946,0.25153996032179043,0.03306001290490818,0.02360572510147278,0.21512384673871277,2.352252279992833e-12,0.006460200001478235,1.1466041174087347e-11,4.087569080554154e-07,1.658959523038588e-05,1.7983546807878444e-14,1.4716147015205772e-12,1.8691325637847984
845,0.845,1716.280000861685,5100000.0,0.17672087183082394,0.0010000000000000009,0.005658641164679787,0,57,0,1e-08,0.005658641164679787,0.47017853339595783,0.25154283193786353,0.033060495122095065,0.023597621105896967,0.21511173744560189,2.347868887773004e-12,0.006460099646054439,1.1445579730206323e-11,4.083317961570409e-07,1.6577344423846022e-05,1.7949842117739887e-14,1.469621216396941e-12,1.8691788184689835
846,0.846,1716.1979900595313,5100000.0,0.17671516353687292,0.0010000000000000009,0.0056588239514111845,0,57,0,1e-08,0.0056588239514111845,0.4701955028831621,0.25154569497184814,0.03306097890640089,0.02358953404822578,0.21509965090439517,2.3434983820285207e-12,0.006459999500535981,1.1425175968031382e-11,4.0790757344685836e-07,1.656511451429553e-05,1.7916236556636698e-14,1.467632595163184e-12,1.8692250047681565
847,0.847,1716.1160681595968,5100000.0,0.17670945850841702,0.0010000000000000009,0.005659006645376421,0,57,0,1e-08,0.005659006645376421,0.47021243948033525,0.2515485494698754,0.03306146423436307,0.023581463873797344,0.21508758705999048,2.3391407051211924e-12,0.006459899564244748,1.1404829639843455e-11,4.074842366175404e-07,1.655290542884812e-05,1.7882729679877773e-14,1.4656488184374554e-12,1.869271122696918
848,0.848,1716.0342349042917,5100000.0,0.17670375673417243,0.0010000000000000009,0.005659189246917763,0,57,0,1e-08,0.005659189246917763,0.47022934333883337,0.25155139541713545,0.033061951143846004,0.02357341052700704,0.2150755457946166,2.334795802887418e-12,0.006459799836491049,1.1384540504447045e-11,4.0706178244990435e-07,1.65407171018313e-05,1.7849321075582748e-14,1.4636698669727098e-12,1.8693171729740354
849,0.849,1715.952489984043,5100000.0,0.17669805820718562,0.0010000000000000009,0.005659371756238886,0,57,0,1e-08,0.005659371756238886,0.47024621452473664,0.2515542328807323,0.03306243959023512,0.02356537395363298,0.2150635270749545,2.3304636171162634e-12,0.006459700316602282,1.1364308314505023e-11,4.066402076321209e-07,1.6528549458305354e-05,1.781601029257062e-14,1.4616957215204113e-12,1.869363155370521
850,0.85,1715.8708331253517,5100000.0,0.17669236291467844,0.0010000000000000009,0.005659554173730094,0,57,0,1e-08,0.005659554173730094,0.47026305315508626,0.2515570618769612,0.03306292957974721,0.023557354099382817,0.21505153081676043,2.3261440927954446e-12,0.006459601003904957,1.1344132829467263e-11,4.062195089503381e-07,1.6516402429930084e-05,1.7782796909230864e-14,1.4597263630733656e-12,1.869409070237496
851,0.851,1715.7892640439447,5100000.0,0.1766866708476076,0.0010000000000000009,0.005659736499662171,0,57,0,1e-08,0.005659736499662171,0.4702798593277901,0.2515598824401563,0.033063421100378326,0.023549350910413217,0.21503955695465546,2.32183717420332e-12,0.006459501897731231,1.1324013808201617e-11,4.057996831790723e-07,1.6504275946499127e-05,1.774968049669106e-14,1.4577617726790797e-12,1.8694549177159245
852,0.852,1715.7077824827836,5100000.0,0.17668098199566373,0.0010000000000000009,0.00565991873434654,0,57,0,1e-08,0.00565991873434654,0.47029663318586656,0.25156269456138164,0.03306391418370123,0.02354136433212231,0.21502760537859972,2.317542808079679e-12,0.006459402997403819,1.1303951014393256e-11,4.053807271558578e-07,1.6492169942899702e-05,1.7716660649578347e-14,1.4558019314912037e-12,1.8695006984476132
853,0.853,1715.626388112186,5100000.0,0.1766752963515959,0.0010000000000000009,0.005660100877996733,0,57,0,1e-08,0.005660100877996733,0.4703133747473048,0.25156549835050845,0.03306440874143574,0.023533394312463967,0.2150156761020597,2.313260935499091e-12,0.0064593043022770835,1.1283944203211084e-11,4.0496263759642134e-07,1.6480084340964142e-05,1.768373690649404e-14,1.4538468207111464e-12,1.8695464116943927
854,0.854,1715.5450807280201,5100000.0,0.17666961389980354,0.0010000000000000009,0.005660282931093862,0,57,0,1e-08,0.005660282931093862,0.47033008423166617,0.25156829372275297,0.03306490488112135,0.023525440796541404,0.215003768938619,2.3089915078794857e-12,0.006459205811670185,1.1263993148316495e-11,4.0454541147942063e-07,1.6468019085264225e-05,1.7650908905675043e-14,1.4518964218326647e-12,1.8695920589659245
855,0.855,1715.4638599935226,5100000.0,0.17666393463857413,0.0010000000000000009,0.0056604648936741915,0,57,0,1e-08,0.0056604648936741915,0.470346761647592,0.2515710807974146,0.033065402505060223,0.023517503732274434,0.21499188391111287,2.3047344662247218e-12,0.006459107524937056,1.1244097605845107e-11,4.041290455221136e-07,1.6455974096708742e-05,1.7618176184420318e-14,1.4499507161574608e-12,1.8696376394167233
856,0.856,1715.3827256802242,5100000.0,0.17665825855158343,0.0010000000000000009,0.0056606467662422095,0,57,0,1e-08,0.0056606467662422095,0.47036340717028746,0.2515738595313036,0.033065901678732496,0.023509583065897774,0.2149800208768046,2.3004897603918158e-12,0.006459009441410808,1.1224257348274233e-11,4.037135366803908e-07,1.6443949315665426e-05,1.7585538364520712e-14,1.4480096853261048e-12,1.8696831540709404
857,0.857,1715.3016774703844,5100000.0,0.17665258563422223,0.0010000000000000009,0.005660828548927136,0,57,0,1e-08,0.005660828548927136,0.47038002083070174,0.251576630020276,0.03306640232769346,0.023501678745790396,0.21496817983594038,2.296257333384868e-12,0.006458911560451105,1.1204472137163654e-11,4.032988817460151e-07,1.643194466668104e-05,1.7552995000957707e-14,1.4460733109301217e-12,1.8697286023458979
858,0.858,1715.2207151312825,5100000.0,0.17664691587196105,0.0010000000000000009,0.005661010242176154,0,57,0,1e-08,0.005661010242176154,0.47039660279108314,0.25157939223221987,0.03306690450602785,0.02349379071895378,0.21495636065827825,2.2920371350807354e-12,0.006458813881400607,1.1184741746672129e-11,4.0288507769449085e-07,1.6419960089528963e-05,1.7520545714598698e-14,1.4441415748052873e-12,1.8697739851318365
859,0.859,1715.1398383594405,5100000.0,0.17664124925948682,0.0010000000000000009,0.005661191846141193,0,57,0,1e-08,0.005661191846141193,0.4704131530996872,0.2515821462449727,0.03306740815718756,0.023485918934053194,0.21494456332658235,2.2878291100540054e-12,0.006458716403622533,1.1165065942714693e-11,4.024721213750768e-07,1.6407995511532215e-05,1.7488190074337832e-14,1.4422144587734388e-12,1.8698193020486933
860,0.86,1715.0590469367266,5100000.0,0.17663558578363467,0.0010000000000000009,0.005661373361225896,0,57,0,1e-08,0.005661373361225896,0.47042967194173363,0.2515848920040996,0.03306791335768928,0.023478063337821757,0.21493278768779828,2.2836332098129877e-12,0.006458619126456252,1.1145444503482069e-11,4.0206000981212785e-07,1.639605087536042e-05,1.7455927715787738e-14,1.4402919448372924e-12,1.869864554243853
861,0.861,1714.9783405230457,5100000.0,0.17662992544067707,0.0010000000000000009,0.005661554787531521,0,57,0,1e-08,0.005661554787531521,0.4704461593025533,0.251587629647211,0.03306841999068073,0.023470223880217043,0.21492103378684377,2.279449376444442e-12,0.006458522049280932,1.1125877192028452e-11,4.0164873980644485e-07,1.6384126102000066e-05,1.7423758182598184e-14,1.4383740149316577e-12,1.8699097406428007
862,0.862,1714.8977189041955,5100000.0,0.17662426821323401,0.0010000000000000009,0.0056617361255969995,0,57,0,1e-08,0.0056617361255969995,0.4704626153599555,0.2515903591238856,0.03306892812809224,0.02346240050935778,0.21490930147723863,2.275277562104933e-12,0.006458425171453108,1.1106363789975785e-11,4.0123830843359946e-07,1.6372221134902892e-05,1.739168111484057e-14,1.4364606513752367e-12,1.8699548623335562
863,0.863,1714.8171818183866,5100000.0,0.1766186140975063,0.0010000000000000009,0.005661917375526049,0,57,0,1e-08,0.005661917375526049,0.47047904022518355,0.25159308045016787,0.033069437775370664,0.023454593173410317,0.2148975906790494,2.2711177155162737e-12,0.006458328492329916,1.1086904072873791e-11,4.008287126669425e-07,1.6360335909326175e-05,1.7359696119564204e-14,1.4345518363543238e-12,1.869999919645523
864,0.864,1714.7367289720291,5100000.0,0.1766129630847757,0.0010000000000000009,0.005662098537580124,0,57,0,1e-08,0.005662098537580124,0.47049543395254495,0.25159579369571894,0.03306994888378714,0.023446801821901866,0.2148859013684634,2.2669697830980686e-12,0.006458232011285255,1.1067497813430649e-11,4.004199494376624e-07,1.6348470354928193e-05,1.7327802780649553e-14,1.4326475521504601e-12,1.8700449122832483
865,0.865,1714.6563601094692,5100000.0,0.17660731516258488,0.0010000000000000009,0.00566227961214064,0,57,0,1e-08,0.00566227961214064,0.47051179664940884,0.25159849887718366,0.03307046145763478,0.02343902640433488,0.2148742334686188,2.2628337143380366e-12,0.006458135727692787,1.1048144790592982e-11,4.000120157708283e-07,1.6336624408087953e-05,1.729600071078414e-14,1.4307477812423422e-12,1.8700898405561888
866,0.866,1714.5760749784806,5100000.0,0.1766016703223881,0.0010000000000000009,0.005662460599463702,0,57,0,1e-08,0.005662460599463702,0.4705281284291115,0.25160119600552905,0.03307097550693511,0.02343126687009162,0.21486258689675197,2.258709459299636e-12,0.0064580396409246775,1.102884478506448e-11,3.9960490871082827e-07,1.63247980060136e-05,1.7264289527728897e-14,1.428852506201987e-12,1.870134704839684
867,0.867,1714.4958733140734,5100000.0,0.1765960285560295,0.0010000000000000009,0.005662641499792992,0,57,0,1e-08,0.005662641499792992,0.47054442938384045,0.25160388511196596,0.03307149102131121,0.023423523168924827,0.21485096159102995,2.254596967217423e-12,0.0064579437503576856,1.1009597576602634e-11,3.9919862528433654e-07,1.6312991083731006e-05,1.7232668840798256e-14,1.4269617096355377e-12,1.8701795052745072
868,0.868,1714.415754848532,5100000.0,0.17659038985391046,0.0010000000000000009,0.005662822313418528,0,57,0,1e-08,0.005662822313418528,0.47056069959669705,0.2516065662353988,0.03307200798245888,0.023415795251157022,0.21483935749836372,2.2504961872855776e-12,0.006457848055375638,1.0990402945880654e-11,3.9879316253028664e-07,1.6301203575855157e-05,1.7201138258296416e-14,1.425075374269517e-12,1.8702242419080928
869,0.869,1714.3357193464544,5100000.0,0.17658475420595482,0.0010000000000000009,0.00566300304064573,0,57,0,1e-08,0.00566300304064573,0.47057693920204063,0.251609239365078,0.033072526421998046,0.02340808306644817,0.2148277745147975,2.2464070714738343e-12,0.006457752555354173,1.0971260678878088e-11,3.9838851756125163e-07,1.6289435422877617e-05,1.7169697414595566e-14,1.4231934829541596e-12,1.8702689153606422
870,0.87,1714.2557665244467,5100000.0,0.17657912160563463,0.0010000000000000009,0.00566318368166631,0,57,0,1e-08,0.00566318368166631,0.47059314825615073,0.2516119045653852,0.033073046295919714,0.023400386565671345,0.21481621261373376,2.242329568151167e-12,0.006457657249683906,1.0952170556070133e-11,3.9798468740490735e-07,1.6277686556870556e-05,1.7138345909201543e-14,1.421316018530795e-12,1.8703135253835335
871,0.871,1714.175896143517,5100000.0,0.17657349204106668,0.0010000000000000009,0.005663364236843803,0,57,0,1e-08,0.005663364236843803,0.4706093268811094,0.2516145618359172,0.033073567625172155,0.02339270569927434,0.21480467170301903,2.2382636293656576e-12,0.006457562137750267,1.09331323651774e-11,3.9758166919516794e-07,1.6265956917850796e-05,1.710708337603753e-14,1.4194429640462513e-12,1.8703580724711912
872,0.872,1714.0961079375127,5100000.0,0.1765678655050798,0.0010000000000000009,0.005663544706390706,0,57,0,1e-08,0.005663544706390706,0.4706254751549869,0.25161721121864106,0.03307409038805421,0.023385040418380486,0.21479315173411342,2.234209205279324e-12,0.006457467218947021,1.0914145891343028e-11,3.9717946002319283e-07,1.6254246441170172e-05,1.707590943038582e-14,1.4175743025788101e-12,1.870402556628132
873,0.873,1714.0164016506446,5100000.0,0.1765622419874745,0.0010000000000000009,0.005663725090616724,0,57,0,1e-08,0.005663725090616724,0.47064159316736265,0.25161985274324394,0.03307461457501768,0.023377390674425017,0.2147816526467727,2.23016624692954e-12,0.006457372492671827,1.089521092202775e-11,3.9677805701448334e-07,1.624255506401444e-05,1.70448236956241e-14,1.4157100173239576e-12,1.8704469779958548
874,0.874,1713.9367770684585,5100000.0,0.1765566214790089,0.0010000000000000009,0.005663905389800928,0,57,0,1e-08,0.005663905389800928,0.47065768107726513,0.2516224863730402,0.03307514024340295,0.023369756417578786,0.2147701743120602,2.2261347088964364e-12,0.006457277958306664,1.087632725116527e-11,3.963774573820876e-07,1.6230882731131774e-05,1.7013825828730293e-14,1.4138500915891964e-12,1.8704913374852226
875,0.875,1713.8572338798597,5100000.0,0.17655100397512338,0.0010000000000000009,0.005664085604072261,0,57,0,1e-08,0.005664085604072261,0.4706737388863647,0.2516251122227307,0.03307566729815886,0.023362137600468062,0.2147587167569351,2.2221145384465724e-12,0.006457183615263884,1.0857494660793645e-11,3.959776581605733e-07,1.621922937023427e-05,1.698291541550136e-14,1.4119945086047438e-12,1.8705356342563257
876,0.876,1713.7777718649927,5100000.0,0.17654538946047055,0.0010000000000000009,0.005664265733905819,0,57,0,1e-08,0.005664265733905819,0.47068976673166824,0.25162773027383983,0.03307619577777313,0.02335453417482028,0.21474727987354622,2.2181056899391493e-12,0.006457089462944795,1.0838712946495011e-11,3.955786565895706e-07,1.6207594925120594e-05,1.695209210953781e-14,1.4101432519342643e-12,1.8705798689970654
877,0.877,1713.6983907824524,5100000.0,0.17653977792940087,0.0010000000000000009,0.005664445779465667,0,57,0,1e-08,0.005664445779465667,0.4707057647206754,0.25163034053750394,0.03307672569114011,0.02334694609232277,0.2147358635835742,2.2141081164293812e-12,0.0064569955007502166,1.0819981901838278e-11,3.9518044986930447e-07,1.619597933604036e-05,1.692135555127339e-14,1.4082963051260739e-12,1.8706240420579157
878,0.878,1713.619090374448,5100000.0,0.17653416937405578,0.0010000000000000009,0.005664625740986805,0,57,0,1e-08,0.005664625740986805,0.4707217329332553,0.2516329430512118,0.03307725702058573,0.023339373305188277,0.2147244678360191,2.2101217698082377e-12,0.006456901728087386,1.0801301318897848e-11,3.9478303517503014e-07,1.618438254040194e-05,1.6890705369787287e-14,1.4064536517540349e-12,1.870668153483604
879,0.879,1713.5398703759752,5100000.0,0.17652856378470777,0.0010000000000000009,0.005664805618764279,0,57,0,1e-08,0.005664805618764279,0.47073767143073025,0.25163553786876336,0.03307778973174814,0.023331815766543335,0.21471309259787844,2.206146601601503e-12,0.00645680814437494,1.0782670990202863e-11,3.9438640968952047e-07,1.6172804474384688e-05,1.6860141189553992e-14,1.404615275532502e-12,1.870712203123854
880,0.88,1713.4607305820534,5100000.0,0.1765229611505739,0.0010000000000000009,0.005664985413127089,0,57,0,1e-08,0.005664985413127089,0.4707535803698848,0.25163812495158666,0.03307832388315614,0.023324273428238358,0.21470173774144224,2.2021825681305163e-12,0.006456714749015716,1.076409071715298e-11,3.9399057072312044e-07,1.616124508488839e-05,1.6829662681063814e-14,1.402781160346002e-12,1.870756191894429
881,0.881,1713.3816707184535,5100000.0,0.17651736146748268,0.0010000000000000009,0.005665165124192143,0,57,0,1e-08,0.005665165124192143,0.47076945979960927,0.2516407043659788,0.03307885942796264,0.023316746243373893,0.21469040324615718,2.1982296206440307e-12,0.0064566215414280205,1.074556029269636e-11,3.9359551545341934e-07,1.614970430677528e-05,1.679926946557676e-14,1.4009512899851674e-12,1.8708001195026704
882,0.882,1713.3026905459283,5100000.0,0.17651176472370272,0.0010000000000000009,0.005665344752319032,0,57,0,1e-08,0.005665344752319032,0.47078530981713157,0.2516432761297953,0.03307939636774293,0.023309234165085683,0.21467908904310312,2.19428771315968e-12,0.006456528521030623,1.0727079515472672e-11,3.9320124114505567e-07,1.613818208103827e-05,1.6768961190188847e-14,1.399125648430946e-12,1.8708439862080988
883,0.883,1713.223789833831,5100000.0,0.17650617091109122,0.0010000000000000009,0.005665524297752262,0,57,0,1e-08,0.005665524297752262,0.4708011305337755,0.2516458402473262,0.03307993471772475,0.023301737146288793,0.2146677950493961,2.190356800621122e-12,0.006456435687239536,1.070864818647562e-11,3.9280774509172425e-07,1.6126678350395117e-05,1.6738737510613316e-14,1.3973042197636193e-12,1.8708877924270708
884,0.884,1713.1449683258777,5100000.0,0.17650058002246338,0.0010000000000000009,0.005665703760705659,0,57,0,1e-08,0.005665703760705659,0.4708169220186858,0.2516483967633291,0.03308047445238311,0.023294255140603497,0.21465652122390969,2.1864368361536956e-12,0.006456343039479515,1.0690266103928668e-11,3.9241502454314613e-07,1.6115193053099013e-05,1.6708598064497e-14,1.3954869880661312e-12,1.8709315381074365
885,0.885,1713.0662257797921,5100000.0,0.1764949920477509,0.0010000000000000009,0.005665883141485679,0,57,0,1e-08,0.005665883141485679,0.47083268435781944,0.251650945705036,0.03308101556359687,0.0232867881019378,0.2146452675085306,2.182527774112677e-12,0.00645625057717889,1.0671933069214943e-11,3.9202307679577726e-07,1.610372612993602e-05,1.6678542500711677e-14,1.393673937580608e-12,1.8709752233941128
886,0.886,1712.9875619555025,5100000.0,0.17648940697822807,0.0010000000000000009,0.005666062440355766,0,57,0,1e-08,0.005666062440355766,0.47084841763796076,0.2516534870982456,0.03308155804457703,0.023279335984445638,0.21463403384416593,2.178629569146134e-12,0.006456158299769068,1.0653648884774797e-11,3.916318991601887e-07,1.6092277522120635e-05,1.6648570470453466e-14,1.3918650526236157e-12,1.8710188484459245
887,0.887,1712.9089766411207,5100000.0,0.17648382480530983,0.0010000000000000009,0.005666241657574922,0,57,0,1e-08,0.005666241657574922,0.4708641219919757,0.25165602092445244,0.03308210193313448,0.023271898741549456,0.21462282012608114,2.174742178299188e-12,0.0064560662066723866,1.063541335778433e-11,3.912414890116326e-07,1.608084717601363e-05,1.6618681647704098e-14,1.390060317626345e-12,1.8710624139341767
888,0.888,1712.8304695633287,5100000.0,0.17647824552355934,0.0010000000000000009,0.005666420793301142,0,57,0,1e-08,0.005666420793301142,0.47087979745398967,0.251658547260403,0.03308264717124428,0.023264476328107582,0.2146116263474256,2.1708655541407723e-12,0.006455974297328934,1.0617226288101473e-11,3.908518436122741e-07,1.6069435027279446e-05,1.6588875662708578e-14,1.3882597169655657e-12,1.8711059194295836
889,0.889,1712.7520405043417,5100000.0,0.17647266912072207,0.0010000000000000009,0.005666599847911391,0,57,0,1e-08,0.005666599847911391,0.47089544413929485,0.25166106610268874,0.03308319378120347,0.02325706869855363,0.21460045242042858,2.1669996535445244e-12,0.006455882571173601,1.059908748409369e-11,3.904629603534195e-07,1.605804102133209e-05,1.655915218656099e-14,1.3864632352583983e-12,1.8711493654213038
890,0.89,1712.6736892301994,5100000.0,0.17646709559040524,0.0010000000000000009,0.0056667788215945016,0,57,0,1e-08,0.0056667788215945016,0.47091106213920325,0.25166357747147416,0.03308374176167093,0.023249675807490922,0.2145892982811979,2.163144432385044e-12,0.0064557910276433735,1.0580996752786074e-11,3.9007483660015087e-07,1.6046665100913263e-05,1.652951088043457e-14,1.384670857132356e-12,1.8711927521279101
891,0.891,1712.5954155044478,5100000.0,0.17646152492448874,0.0010000000000000009,0.005666957714594838,0,57,0,1e-08,0.005666957714594838,0.47092665153938607,0.25166608139197844,0.03308429110614868,0.023242297609760924,0.21457816387134115,2.1592998464838356e-12,0.006455699666178168,1.0562953901583557e-11,3.896874697207835e-07,1.603530720838593e-05,1.6499951404550498e-14,1.3828825672691051e-12,1.871236079707944
892,0.892,1712.5172190830447,5100000.0,0.17645595711451226,0.0010000000000000009,0.005667136527167764,0,57,0,1e-08,0.005667136527167764,0.47094221240958767,0.25166857790393254,0.033084841793388865,0.023234934060785074,0.214567049148045,2.1554658512791293e-12,0.006455608486225079,1.0544958738113054e-11,3.8930085708511835e-07,1.6023967284884076e-05,1.6470473414825938e-14,1.3810983504511613e-12,1.8712793481487255
893,0.893,1712.4390997526284,5100000.0,0.17645039215103506,0.0010000000000000009,0.005667315259600203,0,57,0,1e-08,0.005667315259600203,0.47095774486630776,0.2516710670013591,0.033085393848030026,0.02322758511555041,0.21455595402199293,2.1516424046777573e-12,0.006455517487225869,1.0527011074838655e-11,3.8891499613333905e-07,1.601264527698252e-05,1.6441076590407372e-14,1.3793181915889757e-12,1.8713225579631863
894,0.894,1712.3610572726207,5100000.0,0.17644483002792022,0.0010000000000000009,0.005667493912073044,0,57,0,1e-08,0.005667493912073044,0.47097324898374765,0.2516735487194003,0.033085947253389904,0.023220250729529046,0.21454487844588518,2.1478294627116668e-12,0.006455426668628302,1.0509110721415682e-11,3.88529884258131e-07,1.600134112663272e-05,1.6411760592314344e-14,1.3775420755855782e-12,1.8713657091904097
895,0.895,1712.2830914024307,5100000.0,0.17643927073605972,0.0010000000000000009,0.0056676724848626694,0,57,0,1e-08,0.0056676724848626694,0.47098872483108156,0.25167602309690545,0.03308650198885969,0.02321293085873281,0.21453382237711727,2.14402698159997e-12,0.006455336029886793,1.0491257488639231e-11,3.881455188688889e-07,1.5990054775841728e-05,1.6382525082388224e-14,1.3757699874614471e-12,1.8714088018219035
896,0.896,1712.2052019325236,5100000.0,0.17643371426615903,0.0010000000000000009,0.005667850978251533,0,57,0,1e-08,0.005667850978251533,0.4710041725248029,0.2516784901264641,0.033087058080264936,0.0232056254587348,0.2145227857260284,2.1402349200015863e-12,0.0064552455704503815,1.0473451192123357e-11,3.8776189744545486e-07,1.5978786172102555e-05,1.635336974572844e-14,1.3740019123618908e-12,1.8714518363811363
897,0.897,1712.127388615825,5100000.0,0.17642816061226893,0.0010000000000000009,0.005668029392414695,0,57,0,1e-08,0.005668029392414695,0.4710195921218783,0.25168094985826234,0.03308761549551324,0.023198334485901473,0.21451176846201142,2.1364532339671137e-12,0.006455155289777918,1.0455691643418143e-11,3.873790174017424e-07,1.5967535256486315e-05,1.632429424192539e-14,1.3722378354175017e-12,1.8714948127267463
898,0.898,1712.0496512479033,5100000.0,0.1764226097643001,0.0010000000000000009,0.005668207727660286,0,57,0,1e-08,0.005668207727660286,0.47103498374379493,0.25168340227931524,0.03308817426590657,0.023191057896041107,0.21450077049026775,2.132681882877468e-12,0.006455065187321356,1.0437978660538432e-11,3.8699687624784513e-07,1.595630197756411e-05,1.6295298262079795e-14,1.3704777419263989e-12,1.8715377314434343
899,0.899,1711.9719895669125,5100000.0,0.17641706171674387,0.0010000000000000009,0.005668385984149344,0,57,0,1e-08,0.005668385984149344,0.4710503474197218,0.2516858474656789,0.0330887343331553,0.023183795646309333,0.21448979180751604,2.1289208220168667e-12,0.00645497526254929,1.0420312054938931e-11,3.8661547139107605e-07,1.5945086274011217e-05,1.6266381457419536e-14,1.3687216171487728e-12,1.8715805920869528
900,0.9,1711.8944033913397,5100000.0,0.17641151645771705,0.0010000000000000009,0.005668564162247789,0,57,0,1e-08,0.005668564162247789,0.47106568330196236,0.25168828537324994,0.03308929575963092,0.023176547692632714,0.21447883228806408,2.125170012725732e-12,0.0064548855149151605,1.0402691649326532e-11,3.8623480040901186e-07,1.593388809850963e-05,1.623754353710674e-14,1.3669694465855463e-12,1.8716233955957824
901,0.901,1711.8168924539498,5100000.0,0.17640597398402538,0.0010000000000000009,0.005668742262042423,0,57,0,1e-08,0.005668742262042423,0.47108099140919407,0.25169071608775795,0.033089858477231254,0.023169313992501536,0.21446789193892246,2.121429410258371e-12,0.006454795943891739,1.0385117256140586e-11,3.858548607168e-07,1.5922707389015675e-05,1.620878415114887e-14,1.3652212156159185e-12,1.871666141411988
902,0.902,1711.7394565634359,5100000.0,0.1764004342831118,0.0010000000000000009,0.005668920283920972,0,57,0,1e-08,0.005668920283920972,0.4710962718733049,0.25169313958370865,0.03309042252941289,0.023162094502579594,0.2144569706543714,2.1176989755595347e-12,0.006454706548941573,1.0367588698677039e-11,3.8547564989635523e-07,1.5911544096672194e-05,1.6180103003792516e-14,1.3634769098884507e-12,1.871708830254496
903,0.903,1711.662095485422,5100000.0,0.17639489735051836,0.0010000000000000009,0.005669098228010972,0,57,0,1e-08,0.005669098228010972,0.4711115247613229,0.25169555589914566,0.03309098789587221,0.023154889180079092,0.2144460683932312,2.113978666593564e-12,0.006454617329534042,1.0350105795209273e-11,3.8509716544640734e-07,1.5900398165300545e-05,1.6151499770434232e-14,1.3617365149797096e-12,1.8717514621120175
904,0.904,1711.584808990037,5100000.0,0.17638936317716092,0.0010000000000000009,0.005669276094588689,0,57,0,1e-08,0.005669276094588689,0.4711267501421906,0.25169796506905134,0.0330915545591727,0.02314769798267879,0.21443518511212414,2.1102684417884064e-12,0.006454528285144248,1.0332668365648815e-11,3.84719404890585e-07,1.588926953954192e-05,1.6122974130279908e-14,1.3600000165874371e-12,1.8717940370035995
905,0.905,1711.5075968765575,5100000.0,0.17638383175425956,0.0010000000000000009,0.005669453883920692,0,57,0,1e-08,0.005669453883920692,0.4711419481296877,0.25170036708468113,0.033092122545793475,0.02314052086759763,0.21442432072310572,2.1065682618875574e-12,0.006454439415241671,1.0315276234529541e-11,3.8434236581967036e-07,1.587815816920107e-05,1.6094525784455294e-14,1.358267400535562e-12,1.8718365554515797
906,0.906,1711.4304589021992,5100000.0,0.17637830307618932,0.0010000000000000009,0.005669631596172209,0,57,0,1e-08,0.005669631596172209,0.4711571187707449,0.25170276200193586,0.03309269181719454,0.02313335779296293,0.21441347520454365,2.102878084649671e-12,0.006454350719306995,1.0297929221431687e-11,3.83966045745929e-07,1.5867063996838244e-05,1.6066154405055995e-14,1.3565386525964295e-12,1.8718790172319253
907,0.907,1711.3533948678592,5100000.0,0.17637277713268226,0.0010000000000000009,0.005669809231657773,0,57,0,1e-08,0.005669809231657773,0.47117226217683605,0.2517051498131577,0.03309326239856164,0.02312620871649077,0.21440264847049997,2.09919787127709e-12,0.00645426219681583,1.0280627152965997e-11,3.8359044228714663e-07,1.585598697271349e-05,1.603785969649875e-14,1.354813758764293e-12,1.871921422849672
908,0.908,1711.2764045443869,5100000.0,0.1763672539181069,0.0010000000000000009,0.005669986790542952,0,57,0,1e-08,0.005669986790542952,0.4711873784128723,0.2517075305559795,0.033093834269572825,0.023119073596421128,0.21439184048129103,2.095527580864213e-12,0.006454173847250277,1.0263369852280883e-11,3.832155530042277e-07,1.5844927041953086e-05,1.6009641342918398e-14,1.3530927049910111e-12,1.8719637722880154
909,0.909,1711.1994877237594,5100000.0,0.17636173342355674,0.0010000000000000009,0.005670164273098658,0,57,0,1e-08,0.005670164273098658,0.4712024675741144,0.2517099042379307,0.033094407440055845,0.02311195239089035,0.21438105116693784,2.0918671741722358e-12,0.006454085670091173,1.0246157146019835e-11,3.828413755102045e-07,1.5833884153383867e-05,1.598149904400769e-14,1.3513754773455315e-12,1.8720060658745739
910,0.91,1711.1226441760666,5100000.0,0.176356215642333,0.0010000000000000009,0.005670341679524894,0,57,0,1e-08,0.005670341679524894,0.4712175297197394,0.25171227090113035,0.03309498188499232,0.023104845058647603,0.21437028049318446,2.088216610607385e-12,0.0064539976648269205,1.0228988859114442e-11,3.8246790738819333e-07,1.5822858252194203e-05,1.5953432485686404e-14,1.3496620619435218e-12,1.872048303536335
911,0.911,1711.0458736965902,5100000.0,0.17635070056527283,0.0010000000000000009,0.005670519010100955,0,57,0,1e-08,0.005670519010100955,0.47123256494513327,0.2517146305517862,0.03309555761532887,0.023097751558315706,0.214359528389633,2.0845758514549832e-12,0.006453909830944392,1.0211864820362503e-11,3.820951462801524e-07,1.5811849287926977e-05,1.59254413718114e-14,1.3479524450181011e-12,1.8720904856111842
912,0.912,1710.96917607845,5100000.0,0.17634518818584805,0.0010000000000000009,0.005670696265021494,0,57,0,1e-08,0.005670696265021494,0.47124757334315726,0.25171698319873925,0.03309613463939201,0.023090671848473174,0.21434879478844326,2.0809448580877602e-12,0.006453822167929933,1.0194784859141614e-11,3.8172308983166167e-07,1.5800857209916522e-05,1.5897525406511145e-14,1.3462466128527e-12,1.8721326124073678
913,0.913,1710.8925510886984,5100000.0,0.1763396784973214,0.0010000000000000009,0.005670873444487939,0,57,0,1e-08,0.005670873444487939,0.4712625549634696,0.25171932889219545,0.03309671292383891,0.023083605888453027,0.21433807966452167,2.077323590029793e-12,0.0064537346752791755,1.0177748801987791e-11,3.8135173564332656e-07,1.5789881963006287e-05,1.586968427602239e-14,1.3445445517234375e-12,1.8721746837538191
914,0.914,1710.81599852809,5100000.0,0.17633417149001024,0.0010000000000000009,0.005671050548796512,0,57,0,1e-08,0.005671050548796512,0.4712775099044977,0.2517216676340868,0.03309729248367972,0.023076553637380183,0.21432738294412867,2.0737120094666713e-12,0.006453647352485252,1.0160756481026282e-11,3.809810814000689e-07,1.5778923497965945e-05,1.58419176913884e-14,1.3428462480999721e-12,1.8722167000322214
915,0.915,1710.7395181903569,5100000.0,0.17632866715777368,0.0010000000000000009,0.005671227578129599,0,57,0,1e-08,0.005671227578129599,0.4712924382546805,0.2517239994362563,0.03309787332400335,0.023069515054411408,0.21431670456349197,2.0701100782325382e-12,0.006453560199041601,1.0143807728023594e-11,3.806111247768268e-07,1.576798176446059e-05,1.5814225359992465e-14,1.341151688465181e-12,1.8722586615108394
916,0.916,1710.663109850235,5100000.0,0.17632316549373286,0.0010000000000000009,0.005671404532693376,0,57,0,1e-08,0.005671404532693376,0.4713073400706107,0.25172632434095765,0.03309845541924389,0.023062490099292798,0.21430604449033772,2.0665177568464167e-12,0.006453473214449044,1.0126902372827065e-11,3.8024186341746337e-07,1.5757056708898782e-05,1.5786606976410958e-14,1.339460859308468e-12,1.8723005681052074
917,0.917,1710.5867733051311,5100000.0,0.1763176664888497,0.0010000000000000009,0.0056715814127635406,0,57,0,1e-08,0.0056715814127635406,0.47132221544072106,0.2517286423586762,0.033099038775616665,0.02305547873173689,0.21429540266056446,2.0629350076843678e-12,0.006453386398207952,1.0110040249467661e-11,3.7987329502821325e-07,1.57461482817226e-05,1.575906225237926e-14,1.3377737472885854e-12,1.8723424200936039
918,0.918,1710.5105083461215,5100000.0,0.17631217013643102,0.0010000000000000009,0.005671758218540428,0,57,0,1e-08,0.005671758218540428,0.4713370644429767,0.2517309535099145,0.033099623389244104,0.023048480911640724,0.2142847790204298,2.0593617927748363e-12,0.0064532997498210135,1.0093221191608499e-11,3.7950541730699453e-07,1.573525643232788e-05,1.5731590895924155e-14,1.3360903390817378e-12,1.8723842176381895
919,0.919,1710.4343147665222,5100000.0,0.1763066764290661,0.0010000000000000009,0.005671934950247521,0,57,0,1e-08,0.005671934950247521,0.4713518871571652,0.25173325781300404,0.03310020925835956,0.02304149659904272,0.21427417351428266,2.055798074465097e-12,0.006453213268792651,1.0076445034077148e-11,3.791382279668504e-07,1.5724381110598796e-05,1.5704192617782725e-14,1.3344106214432867e-12,1.8724259609244849
920,0.92,1710.3581923617467,5100000.0,0.17630118535952502,0.0010000000000000009,0.005672111608102548,0,57,0,1e-08,0.005672111608102548,0.47136668366523404,0.25173555528390523,0.03310079638353258,0.023034525754067416,0.21426358608426055,2.052243815357718e-12,0.006453126954628373,1.0059711612577945e-11,3.787717247317589e-07,1.571352226684019e-05,1.5676867130953282e-14,1.3327345811817175e-12,1.8724676501642
921,0.921,1710.2821409184994,5100000.0,0.17629569692076194,0.0010000000000000009,0.005672288192317377,0,57,0,1e-08,0.005672288192317377,0.47138145403350434,0.25173784595326565,0.03310138475048751,0.023027568337222373,0.21425301668789612,2.0486989776344646e-12,0.0064530408068384105,1.004302076265161e-11,3.7840590532039406e-07,1.5702679849971783e-05,1.564961414367623e-14,1.3310622051687892e-12,1.8725092853976943
922,0.922,1710.2061602396898,5100000.0,0.17629021110470114,0.0010000000000000009,0.005672464703137075,0,57,0,1e-08,0.005672464703137075,0.4713961983516403,0.25174012982859467,0.03310197436812098,0.02302062430892974,0.21424246525942833,2.045163524669063e-12,0.00645295482493201,1.0026372322320694e-11,3.7804076748872265e-07,1.569185381169425e-05,1.5622433375596343e-14,1.3293934803507562e-12,1.8725508669301374
923,0.923,1710.130250111456,5100000.0,0.1762847279049634,0.0010000000000000009,0.005672641140752189,0,57,0,1e-08,0.005672641140752189,0.4714109166819464,0.2517424069436879,0.033102565218861985,0.02301369363005215,0.21423193176019367,2.041637418897764e-12,0.0064528690084237625,1.0009766128641494e-11,3.776763089734421e-07,1.5681044101009534e-05,1.559532453667195e-14,1.3277283937315984e-12,1.8725923947624608
924,0.924,1710.0544103313928,5100000.0,0.17627924731328987,0.0010000000000000009,0.005672817505413809,0,57,0,1e-08,0.005672817505413809,0.47142560910136605,0.251744677317358,0.033103157300064155,0.023006776261590152,0.214221416136805,2.038120623636384e-12,0.006452783356830073,9.993202020717329e-12,3.773125275425365e-07,1.5670250668886656e-05,1.5568287344995713e-14,1.3260669324023273e-12,1.8726338690651667
925,0.925,1709.9786407019433,5100000.0,0.17627376932255281,0.0010000000000000009,0.005672993797336692,0,57,0,1e-08,0.005672993797336692,0.47144027569331265,0.2517469409618607,0.03310375061562301,0.02299987216457873,0.21421091832938244,2.0346131026509625e-12,0.006452697869667739,9.9766798388282e-12,3.7694942097985275e-07,1.5659473467179654e-05,1.5541321522723938e-14,1.3244090835095732e-12,1.8726752900832078
926,0.926,1709.9029410314672,5100000.0,0.17626829392611054,0.0010000000000000009,0.005673170016720014,0,57,0,1e-08,0.005673170016720014,0.4714549165507969,0.2517491978802057,0.033104345178739995,0.022992981299907685,0.21420043826853488,2.0311148203207954e-12,0.006452612546451729,9.960199424757486e-12,3.765869870882613e-07,1.5648712448887012e-05,1.5514426797510027e-14,1.3227548342640357e-12,1.8727166581684112
927,0.927,1709.8273110920115,5100000.0,0.17626282111797734,0.0010000000000000009,0.005673346163741897,0,57,0,1e-08,0.005673346163741897,0.4714695317079482,0.25175144813205547,0.033104940945587066,0.02298610362938297,0.21418997594320913,2.0276257386221386e-12,0.006452527386708409,9.943760616680791e-12,3.76225223611577e-07,1.5637967560912964e-05,1.548760287346516e-14,1.321104171882752e-12,1.8727579730172605
928,0.928,1709.75175070543,5100000.0,0.1762573508881124,0.0010000000000000009,0.005673522238711041,0,57,0,1e-08,0.005673522238711041,0.47148412127219586,0.2517536917048456,0.03310553794474702,0.02297923911436323,0.21417953126930758,2.0241458230658623e-12,0.006452442389958641,9.927363259482402e-12,3.758641283995059e-07,1.562723875861087e-05,1.5460849488330576e-14,1.3194570837490193e-12,1.872799235154656
929,0.929,1709.6762596648614,5100000.0,0.17625188323175667,0.0010000000000000009,0.005673698241766208,0,57,0,1e-08,0.005673698241766208,0.47149868530773714,0.2517559286283487,0.03310613616230878,0.022972387716576878,0.21416910420575236,2.0206750373596287e-12,0.006452357555727801,9.911007195256319e-12,3.7550369925236057e-07,1.561652599261186e-05,1.5434166362186e-14,1.3178135572315597e-12,1.8728404446188065
930,0.93,1709.6008377778387,5100000.0,0.17624641814106579,0.0010000000000000009,0.00567387417314553,0,57,0,1e-08,0.00567387417314553,0.471513223898929,0.2517581589122153,0.03310673560449518,0.022965549397734177,0.2141586946913105,2.017213346320219e-12,0.0064522728835410565,9.894692268531324e-12,3.751439340069975e-07,1.560582921604101e-05,1.540755322545411e-14,1.3161735797891175e-12,1.8728816016776615
931,0.931,1709.5254848334282,5100000.0,0.1762409556096803,0.0010000000000000009,0.005674050033039394,0,57,0,1e-08,0.005674050033039394,0.4715277370997585,0.25176038259521166,0.03310733624819937,0.022958724120061152,0.21414830269481258,2.0137607136458016e-12,0.006452188372929978,9.878418322401554e-12,3.7478483047482864e-07,1.5595148378986427e-05,1.5381009797275462e-14,1.3145371389144937e-12,1.8729227062619132
932,0.932,1709.4502006390817,5100000.0,0.17623549562916208,0.0010000000000000009,0.005674225821705175,0,57,0,1e-08,0.005674225821705175,0.47154222498926746,0.25176259969091935,0.033107938095477386,0.022951911845832434,0.21413792816000138,2.010317104391875e-12,0.00645210402342676,9.862185202928249e-12,3.7442638651336466e-07,1.5584483434680212e-05,1.535453580954464e-14,1.3129042222113587e-12,1.8729637585891006
933,0.933,1709.3749850130341,5100000.0,0.17623003819294833,0.0010000000000000009,0.005674401539339931,0,57,0,1e-08,0.005674401539339931,0.4715566876636904,0.2517648101962905,0.03310854116510903,0.022945112537090844,0.21412757101356525,2.006882484483375e-12,0.006452019834560697,9.845992757930436e-12,3.740686000043511e-07,1.557383433825423e-05,1.5328131002266206e-14,1.3112748173298792e-12,1.873004759068741
934,0.934,1709.2998377438869,5100000.0,0.17622458329566432,0.0010000000000000009,0.005674577186102525,0,57,0,1e-08,0.005674577186102525,0.4715711251727451,0.2517670141533719,0.033109145430540575,0.022938326156463597,0.2141172312283621,2.003456817997701e-12,0.006451935805868364,9.829840832546967e-12,3.737114687828587e-07,1.556320103997185e-05,1.530179509723713e-14,1.3096489119329899e-12,1.8730457075900837
935,0.935,1709.2247586412848,5100000.0,0.17621913092867983,0.0010000000000000009,0.0056747527622566995,0,57,0,1e-08,0.0056747527622566995,0.47158553759500393,0.2517692115752569,0.033109750894153786,0.02293155266661533,0.21410690874836777,2.0000400705229827e-12,0.0064518519368867815,9.813729275073304e-12,3.733549907338844e-07,1.5552583493651294e-05,1.52755278304324e-14,1.3080264937918027e-12,1.8730866043723589
936,0.936,1709.1497475069634,5100000.0,0.17621368108552027,0.0010000000000000009,0.0056749282679968505,0,57,0,1e-08,0.0056749282679968505,0.4715999249955154,0.25177140248788676,0.033110357545370304,0.022924792030488323,0.21409660353091756,1.996632207242955e-12,0.006451768227156385,9.797657933569611e-12,3.72999163735814e-07,1.554198165186206e-05,1.5249328933579558e-14,1.3064075507214448e-12,1.8731274494854713
937,0.937,1709.0748041596228,5100000.0,0.17620823375879766,0.0010000000000000009,0.005675103703546846,0,57,0,1e-08,0.005675103703546846,0.47161428746423495,0.2517735868926306,0.03311096539823696,0.022918044210882765,0.21408631550852297,1.9932331946511483e-12,0.00645168467621594,9.781626658850087e-12,3.7264398570811053e-07,1.553139547011878e-05,1.5223198150587617e-14,1.3047920706297208e-12,1.8731682432810395
938,0.9380000000000001,1708.9999283969025,5100000.0,0.1762027889429197,0.0010000000000000009,0.00567527906907278,0,57,0,1e-08,0.00567527906907278,0.47162862505808784,0.25177576482288694,0.03311157443460582,0.022911309171012556,0.21407604464647675,1.9898429979055137e-12,0.006451601283609217,9.765635299744264e-12,3.722894545355205e-07,1.55208249004571e-05,1.5197135212339503e-14,1.30318004142325e-12,1.8732089857411718
939,0.9390000000000001,1708.9251200304434,5100000.0,0.1761973466299803,0.0010000000000000009,0.005675454364815327,0,57,0,1e-08,0.005675454364815327,0.47164293785266687,0.2517779362931735,0.033112184655172704,0.02290458687417507,0.2140657908913529,1.9864615832553305e-12,0.006451518048881126,9.749683707563462e-12,3.7193556814084675e-07,1.5510269897331744e-05,1.5171139859687062e-14,1.3015714511138117e-12,1.873249677062567
940,0.9400000000000001,1708.8503788777157,5100000.0,0.17619190681348604,0.0010000000000000009,0.005675629590969721,0,57,0,1e-08,0.005675629590969721,0.4716572259323932,0.251780101309362,0.03311279606930828,0.022897877283592005,0.21405555418094338,1.983088917468669e-12,0.006451434971575579,9.733771734908866e-12,3.715823244640241e-07,1.549973041626768e-05,1.5145211838318172e-14,1.2999662877665226e-12,1.873290317541291
941,0.9410000000000001,1708.775704733814,5100000.0,0.17618646948756797,0.0010000000000000009,0.005675804747711133,0,57,0,1e-08,0.005675804747711133,0.4716714893456081,0.25178225991207426,0.03311340865141193,0.02289118036303128,0.2140453344887904,1.9797249659068213e-12,0.006451352051243304,9.717899232293474e-12,3.712297214093912e-07,1.548920640908053e-05,1.5119350879963573e-14,1.2983645394534718e-12,1.8733309070715392
942,0.9420000000000001,1708.701097424313,5100000.0,0.17618103464386303,0.0010000000000000009,0.005675979835295139,0,57,0,1e-08,0.005675979835295139,0.47168572818503035,0.251784412098088,0.03311402241981327,0.02288449607603837,0.21403513174419264,1.9763696961485596e-12,0.006451269287432275,9.702066054733468e-12,3.7087775695133665e-07,1.5478697832790813e-05,1.5093556737227418e-14,1.2967661943873382e-12,1.8733714460499449
943,0.9430000000000001,1708.6265567468213,5100000.0,0.1761756022772239,0.0010000000000000009,0.005676154853873779,0,57,0,1e-08,0.005676154853873779,0.4716999424999429,0.25178655790639776,0.03311463735042149,0.022877824386660014,0.2140249459195849,1.9730230739573487e-12,0.006451186679696627,9.686272054338119e-12,3.7052642901483984e-07,1.546820463977483e-05,1.5067829145135458e-14,1.2951712407553466e-12,1.8734119343864992
944,0.9440000000000001,1708.5520825242377,5100000.0,0.17617017237944796,0.0010000000000000009,0.0056763298036975815,0,57,0,1e-08,0.0056763298036975815,0.4717141323757828,0.2517886973401039,0.03311525345508554,0.02287116525883185,0.21401477695130705,1.9696850669582723e-12,0.006451104227589181,9.670517087082738e-12,3.701757355850498e-07,1.5457726786729518e-05,1.5042167856088328e-14,1.2935796668759216e-12,1.8734523724018253
945,0.9450000000000001,1708.4776745672596,5100000.0,0.17616474494497444,0.0010000000000000009,0.0056765046849320145,0,57,0,1e-08,0.0056765046849320145,0.47172829787912035,0.2517908304206607,0.033115870727211484,0.022864518656701274,0.21400462479444401,1.966355642066278e-12,0.00645102193066535,9.654801008003484e-12,3.6982567462873673e-07,1.5447264228382897e-05,1.5016572615443972e-14,1.2919914610783767e-12,1.8734927602050304
946,0.9460000000000001,1708.4033326866434,5100000.0,0.1761593199669115,0.0010000000000000009,0.005676679497785491,0,57,0,1e-08,0.005676679497785491,0.47174243907455815,0.25179295717093886,0.03311648915869602,0.022857884544640442,0.21399448940591195,1.9630347663101852e-12,0.006450939788483329,9.639123672800405e-12,3.6947624412142136e-07,1.5436816919528605e-05,1.499104316930143e-14,1.290406611752245e-12,1.8735330978868425
947,0.9470000000000001,1708.329056701511,5100000.0,0.17615389743829518,0.0010000000000000009,0.005676854242468806,0,57,0,1e-08,0.005676854242468806,0.47175655603792754,0.2517950776024722,0.033117108752754934,0.022851262887064155,0.2139843707313708,1.9597224074124477e-12,0.006450857800601887,9.62348493885934e-12,3.691274420633237e-07,1.5426384816436174e-05,1.496557927005026e-14,1.2888251073640958e-12,1.8735733856669152
948,0.9480000000000001,1708.254846413827,5100000.0,0.17614847735300737,0.0010000000000000009,0.005677028919165551,0,57,0,1e-08,0.005677028919165551,0.471770648816826,0.2517971917538586,0.03311772948534225,0.022844653648866828,0.21397426874442926,1.9564185320322536e-12,0.006450775966585705,9.607884662116525e-12,3.687792664294114e-07,1.5415967872549882e-05,1.4940180659591862e-14,1.2872469363988752e-12,1.8736136234513683
949,0.9490000000000001,1708.180701670146,5100000.0,0.17614305970299607,0.0010000000000000009,0.005677203528121702,0,57,0,1e-08,0.005677203528121702,0.4717847175262759,0.2517992995977141,0.03311835139863745,0.02283805679434566,0.21396418335162043,1.953123109984886e-12,0.006450694285992049,9.592322704551795e-12,3.684317152890223e-07,1.5405566048875225e-05,1.491484710975581e-14,1.2856720874942048e-12,1.8736538119050388
950,0.9500000000000001,1708.1066222652862,5100000.0,0.17613764448500666,0.0010000000000000009,0.005677378069428672,0,57,0,1e-08,0.005677378069428672,0.4717987622032906,0.2518014011830147,0.03311897445818125,0.022831472288480186,0.2139541145370876,1.9498361077156514e-12,0.006450612758386704,9.576798922316992e-12,3.680847866134124e-07,1.5395179297842548e-05,1.4889578359863155e-14,1.284100549190138e-12,1.8736939508147417
951,0.9510000000000001,1708.0326080136542,5100000.0,0.17613223169021747,0.0010000000000000009,0.005677552543357354,0,57,0,1e-08,0.005677552543357354,0.471812782910098,0.25180349653300804,0.03311959865515702,0.022824900096455873,0.21394406225963006,1.94655749307385e-12,0.006450531383337924,9.561313174745778e-12,3.677384784252186e-07,1.5384807575183433e-05,1.4864374162280228e-14,1.2825323101624087e-12,1.873734040258848
952,0.9520000000000001,1707.958658741883,5100000.0,0.17612682131175408,0.0010000000000000009,0.005677726950115941,0,57,0,1e-08,0.005677726950115941,0.4718267797263627,0.25180558565361466,0.03312022399809326,0.022818340183410335,0.21393402646063595,1.943287234856951e-12,0.006450450160413471,9.545865323265215e-12,3.673927887783646e-07,1.5374450838745207e-05,1.4839234278102208e-14,1.2809673591666692e-12,1.8737740805138874
953,0.9530000000000001,1707.8847742715202,5100000.0,0.1761214133440172,0.0010000000000000009,0.005677901289871579,0,57,0,1e-08,0.005677901289871579,0.4718407527238734,0.25180766855840536,0.03312085048782939,0.02281179251457479,0.21392400708931514,1.9400253016481686e-12,0.0064503690891821895,9.530455229237768e-12,3.67047715722407e-07,1.5364109045610693e-05,1.4814158466101392e-14,1.2794056849856157e-12,1.8738140717681622
954,0.9540000000000001,1707.8109544130584,5100000.0,0.1761160077808493,0.0010000000000000009,0.005678075562809459,0,57,0,1e-08,0.005678075562809459,0.4718547019558238,0.251809745278681,0.03312147810732983,0.022805257055535218,0.21391400411326078,1.9367716613834606e-12,0.00645028816921737,9.515082753296596e-12,3.667032572930751e-07,1.5353782151070856e-05,1.478914647861261e-14,1.2778472764299936e-12,1.8738540140041693
955,0.9550000000000001,1707.7371989959177,5100000.0,0.17611060461483058,0.0010000000000000009,0.00567824976915552,0,57,0,1e-08,0.00567824976915552,0.4718686275022499,0.25181181581904405,0.033122106866280115,0.022798733771814142,0.21390401747325843,1.9335262833883154e-12,0.006450207400091472,9.49974775901209e-12,3.6635941157174183e-07,1.5343470113637057e-05,1.4764198080863146e-14,1.276292122415109e-12,1.8738939075096546
956,0.9560000000000001,1707.6635078398665,5100000.0,0.17610520384051231,0.0010000000000000009,0.0056784239090722135,0,57,0,1e-08,0.0056784239090722135,0.47188252942822734,0.2518138801986355,0.03312273675975704,0.022792222629109078,0.21389404712495025,1.9302891364537795e-12,0.006450126781379182,9.48445010931176e-12,3.6601617662626587e-07,1.533317289028646e-05,1.4739313032753006e-14,1.2747402118709312e-12,1.8739337524047428
957,0.9570000000000001,1707.5898807656897,5100000.0,0.17609980545138934,0.0010000000000000009,0.005678597982756098,0,57,0,1e-08,0.005678597982756098,0.47189640779876035,0.2518159384362659,0.03312336778310249,0.0227857235932798,0.21388409302394776,1.927060189554088e-12,0.0064500463126571615,9.469189667883381e-12,3.656735505346163e-07,1.53228904382317e-05,1.471449109561159e-14,1.2731915337859397e-12,1.8739735488117104
958,0.9580000000000001,1707.5163175840119,5100000.0,0.17609440944100335,0.0010000000000000009,0.005678771990402281,0,57,0,1e-08,0.005678771990402281,0.47191026266094044,0.2518179905676553,0.03312399991457484,0.022779236630598807,0.2138741551435353,1.9238394110716805e-12,0.006449965993507195,9.453966297797957e-12,3.653315313633451e-07,1.5312622713031732e-05,1.4689732024792727e-14,1.2716460771831644e-12,1.874013296655838
959,0.9590000000000001,1707.442818142989,5100000.0,0.1760890158017082,0.0009999999999998899,0.005678945932243601,0,57,0,1e-08,0.005678945932243601,0.47192409411774283,0.25182003657362845,0.03312463318749784,0.02277276170692682,0.2138642334013485,1.9206267720269043e-12,0.006449885823505995,9.438779867279524e-12,3.6499011726024123e-07,1.5302369676574908e-05,1.4665035600508812e-14,1.2701038312295659e-12,1.8740529964928316
960,0.96,1707.3693822480186,5100000.0,0.17608362452986373,0.0010000000000000009,0.005679119808386277,0,57,0,1e-08,0.005679119808386277,0.4719379022077847,0.25182207649802846,0.03312526757194814,0.02276629878867866,0.2138543277790599,1.9174222406966498e-12,0.006449805802237095,9.423630239851772e-12,3.6464930629292405e-07,1.529213128371419e-05,1.4640401576620603e-14,1.2685647850139389e-12,1.8740926481538227
961,0.961,1707.2960097339385,5100000.0,0.17607823561723207,0.0010000000000000009,0.005679293619081079,0,57,0,1e-08,0.005679293619081079,0.47195168701134904,0.2518241103432483,0.033125903079491696,0.022759847842176415,0.21384443821672192,1.9142257874177194e-12,0.006449725929282891,9.408517283256039e-12,3.6430909659670106e-07,1.5281907494240993e-05,1.4615829726271357e-14,1.2670289277657554e-12,1.8741322519438521
962,0.962,1707.2227004166346,5100000.0,0.1760728490586398,0.0010000000000000009,0.005679467364482517,0,57,0,1e-08,0.005679467364482517,0.4719654485792361,0.2518261381403101,0.03312653969291962,0.02275340883409281,0.2138345646836648,1.911037381375587e-12,0.006449646204230139,9.393440863500937e-12,3.639694862758636e-07,1.5271698264866396e-05,1.4591319811363342e-14,1.2654962487107949e-12,1.8741718078377985
963,0.963,1707.1494541300906,5100000.0,0.1760674648468385,0.0010000000000000009,0.005679641044811449,0,57,0,1e-08,0.005679641044811449,0.47197918698768576,0.25182815989488455,0.033127177420389536,0.02274698173106239,0.21382470712379895,1.907856993063005e-12,0.006449566626665166,9.378400849387361e-12,3.6363047347849045e-07,1.5261503555363523e-05,1.4566871605946323e-14,1.2639667371766948e-12,1.8742113161002103
964,0.964,1707.0762707043712,5100000.0,0.17606208297645703,0.0010000000000000009,0.005679814660228237,0,57,0,1e-08,0.005679814660228237,0.4719929023069559,0.25183017561846294,0.03312781626421054,0.022740566499784776,0.2138148654869758,1.9046845928298173e-12,0.006449487196175042,9.363397109750582e-12,3.632920563500634e-07,1.5251323324934694e-05,1.4542484882479864e-14,1.2624403825168316e-12,1.8742507769285441
965,0.965,1707.0031499529414,5100000.0,0.17605670344169644,0.0010000000000000009,0.0056799882109070865,0,57,0,1e-08,0.0056799882109070865,0.47200659458026895,0.2518321853485104,0.033128456200540814,0.022734163107396097,0.21380503974982415,1.901520150013614e-12,0.006449407912352268,9.34842951199775e-12,3.629542330109149e-07,1.5241157530073296e-05,1.4518159403499057e-14,1.2609171740949368e-12,1.8742901902195677
966,0.966,1706.9300917171079,5100000.0,0.17605132623489542,0.0010000000000000009,0.005680161697082344,0,57,0,1e-08,0.005680161697082344,0.47202026389083807,0.2518341890828593,0.03312909724522895,0.022727771520881408,0.21379522984906738,1.8983636359079626e-12,0.00644932877478749,9.333497927528949e-12,3.626170016450062e-07,1.5231006131950078e-05,1.4493894949825022e-14,1.2593971014060604e-12,1.8743295563237936
967,0.967,1706.8570958191133,5100000.0,0.1760459513513137,0.0010000000000000009,0.005680335118894164,0,57,0,1e-08,0.005680335118894164,0.47203391029289093,0.25183618684764336,0.033129739385708463,0.022721391707507463,0.2137854357502483,1.895215020651545e-12,0.006449249783074859,9.318602225935113e-12,3.622803604036503e-07,1.5220869088647574e-05,1.4469691291067872e-14,1.257880153930767e-12,1.8743688752659817
968,0.968,1706.784162091664,5100000.0,0.17604057878414728,0.0010000000000000009,0.0056805084765493424,0,57,0,1e-08,0.0056805084765493424,0.47204753385461873,0.2518381786548861,0.03313038262349728,0.022715023634599086,0.21377565740490898,1.892074275172418e-12,0.0064491709368091985,9.30374227864996e-12,3.6194430746654467e-07,1.5210746360035412e-05,1.4445548204067485e-14,1.2563663212302125e-12,1.8744081472313339
969,0.969,1706.7112903633254,5100000.0,0.1760352085276495,0.0010000000000000009,0.0056806817702206025,0,57,0,1e-08,0.0056806817702206025,0.4720611346369319,0.2518401645234748,0.03313102695318094,0.022708667269652243,0.21376589477176855,1.8889413702335214e-12,0.006449092235587502,9.288917957153771e-12,3.616088410117256e-07,1.5200637905362058e-05,1.4421465463805697e-14,1.254855592899861e-12,1.8744473723250352
970,0.97,1706.6384804656427,5100000.0,0.17602984057558696,0.0010000000000000009,0.005680855000096432,0,57,0,1e-08,0.005680855000096432,0.4720747127038008,0.25184214446894965,0.033131672372642654,0.02270232258027902,0.2137561478064168,1.8858162768865332e-12,0.006449013679008147,9.274129133824045e-12,3.612739592299444e-07,1.5190543684422902e-05,1.4397442847776856e-14,1.2533479585902865e-12,1.874486550689312
971,0.971,1706.5657322317431,5100000.0,0.1760244749219918,0.0010000000000000009,0.005681028166356796,0,57,0,1e-08,0.005681028166356796,0.47208826812053944,0.25184411850527155,0.03313231888130271,0.02269598953418687,0.21374641646304304,1.8826989664003095e-12,0.006448935266670806,9.25937568179286e-12,3.609396603218825e-07,1.5180463657345101e-05,1.4373480135250194e-14,1.2518434080031457e-12,1.8745256824834597
972,0.972,1706.4930454914706,5100000.0,0.17601911156102637,0.0010000000000000009,0.0056812012691775104,0,57,0,1e-08,0.0056812012691775104,0.4721018009462462,0.2518460866521736,0.03313296647273748,0.022689668099264756,0.2137367007019411,1.879589409922411e-12,0.006448856998177272,9.244657474317346e-12,3.606059424881619e-07,1.517039778376659e-05,1.4349577104083788e-14,1.250341930876047e-12,1.8745647677991093
973,0.973,1706.4204200770735,5100000.0,0.17601375048644993,0.0010000000000000009,0.0056813743087474515,0,57,0,1e-08,0.0056813743087474515,0.47211531124209816,0.2518480489269749,0.03313361514288052,0.0226833582435387,0.21372700048124463,1.876487578854433e-12,0.006448778873131114,9.229974385501107e-12,3.602728039413502e-07,1.5160346023778816e-05,1.4325733534295162e-14,1.248843517002651e-12,1.8746038067540929
974,0.974,1706.3478558278935,5100000.0,0.17600839169222132,0.0010000000000000009,0.005681547285249103,0,57,0,1e-08,0.005681547285249103,0.4721287990790495,0.2518500053371864,0.03313426489746606,0.02267705993504443,0.21371731574930244,1.8733934451683006e-12,0.006448700891136009,9.215326290815854e-12,3.5994024291416445e-07,1.5150308338708179e-05,1.4301949211062284e-14,1.2473481562377602e-12,1.8746427995780484
975,0.975,1706.2753525763112,5100000.0,0.17600303517302643,0.0010000000000000009,0.005681720198841532,0,57,0,1e-08,0.005681720198841532,0.47214226451691105,0.25185195590106774,0.033134915731415,0.0226707731419803,0.2137076464655096,1.8703069804846047e-12,0.006448623051797643,9.200713065413188e-12,3.5960825763138694e-07,1.5140284688801337e-05,1.4278223915987643e-14,1.2458558384580776e-12,1.8746817463763417
976,0.976,1706.202910152555,5100000.0,0.17599768092277535,0.0010000000000000009,0.0056818930497088945,0,57,0,1e-08,0.0056818930497088945,0.47215570761053416,0.25185390064130764,0.033135567635128635,0.022664497832761785,0.21369799259409053,1.8672281563718474e-12,0.006448545354724409,9.186134584726749e-12,3.592768463207142e-07,1.5130275033998012e-05,1.425455742991957e-14,1.2443665535839748e-12,1.8747206472016573
977,0.977,1706.1305283905542,5100000.0,0.17599232893508196,0.0010000000000000009,0.005682065838044961,0,57,0,1e-08,0.005682065838044961,0.47216912841843334,0.25185583957654245,0.03313622060299647,0.022658233975962068,0.21368835409551012,1.8641569447403344e-12,0.006448467799526626,9.171590725208697e-12,3.589460072249343e-07,1.5120279334899659e-05,1.4230949536623965e-14,1.242880291599191e-12,1.8747595021513672
978,0.978,1706.0582071337976,5100000.0,0.17598697920388523,0.0010000000000000009,0.005682238564033061,0,57,0,1e-08,0.005682238564033061,0.4721825270126411,0.25185777271194776,0.03313687464287595,0.022651981540128603,0.2136787309167293,1.861093318211602e-12,0.006448390385814353,9.157081364928032e-12,3.5861573861128294e-07,1.511029755373995e-05,1.420740002645671e-14,1.241397042551833e-12,1.8747983114766957
979,0.979,1705.9859462150496,5100000.0,0.17598163172411815,0.0010000000000000009,0.0056824112278244755,0,57,0,1e-08,0.0056824112278244755,0.472195903448406,0.251859700068973,0.033137529746266,0.02264574049401924,0.21366912302136906,1.8580372488175337e-12,0.006448313113200175,9.142606381187403e-12,3.5828603873170003e-07,1.5100329651055811e-05,1.4183908683899224e-14,1.2399167965017837e-12,1.8748370752410681
980,0.98,1705.9137454713712,5100000.0,0.17597628648953365,0.0010000000000000009,0.005682583829608638,0,57,0,1e-08,0.005682583829608638,0.47220925778578116,0.251861621663951,0.033138185909729063,0.022639510806517868,0.2136595303681674,1.854988708961642e-12,0.006448235981298309,9.12816565234453e-12,3.579569058537707e-07,1.5090375588143334e-05,1.4160475296700781e-14,1.238439543569744e-12,1.8748757935650526
981,0.981,1705.841604747437,5100000.0,0.17597094349428394,0.0010000000000000009,0.005682756369562137,0,57,0,1e-08,0.005682756369562137,0.4722225900954977,0.2518635375025611,0.03313884314048696,0.02263329244649753,0.21364995290518912,1.8519476716412572e-12,0.006448158989722854,9.113759058143554e-12,3.576283382656883e-07,1.5080435327611119e-05,1.4137099658009319e-14,1.236965273935583e-12,1.8749144666908997
982,0.982,1705.7695238734198,5100000.0,0.17596560273330722,0.0010000000000000009,0.005682928847836228,0,57,0,1e-08,0.005682928847836228,0.47223590042551966,0.2518654476125428,0.03313950142357836,0.022627085383121318,0.21364039060309617,1.8489141090041118e-12,0.006448082138091425,9.099386477104682e-12,3.573003342330488e-07,1.5070508829744586e-05,1.4113781552696525e-14,1.2354939777816617e-12,1.874953094606227
983,0.983,1705.6975026932153,5100000.0,0.17596026419994745,0.0010000000000000009,0.005683101264633697,0,57,0,1e-08,0.005683101264633697,0.47224918884259254,0.25186735200278165,0.03314016076288698,0.022620889585579364,0.21363084341374758,1.845887994178577e-12,0.006448005426022043,9.085047789916948e-12,3.569728920558362e-07,1.5060596057129635e-05,1.4090520774659264e-14,1.2340256453776445e-12,1.8749916775135547
984,0.984,1705.625541040273,5100000.0,0.17595492788895187,0.0010000000000000009,0.005683273620112065,0,57,0,1e-08,0.005683273620112065,0.4722624553967193,0.2518692506983064,0.03314082114604985,0.022614705023308986,0.21362131130560036,1.842869299710938e-12,0.0064479288531357525,9.070742876530013e-12,3.566460100195345e-07,1.5050696970696263e-05,1.4067317112028037e-14,1.232560267007016e-12,1.8750302154287342
985,0.985,1705.5536387586726,5100000.0,0.17594959379390557,0.0010000000000000009,0.005683445914466432,0,57,0,1e-08,0.005683445914466432,0.4722757001521522,0.25187114370975583,0.03314148257507212,0.02260853166580102,0.21361179423282525,1.8398579989237147e-12,0.00644785241905428,9.056471618678219e-12,3.5631968643762325e-07,1.5040811533166171e-05,1.4044170360033791e-14,1.2310978330305229e-12,1.8750687085312956
986,0.986,1705.4817956983502,5100000.0,0.17594426190946927,0.0010000000000000009,0.005683618147857206,0,57,0,1e-08,0.005683618147857206,0.47228892318176174,0.2518730310392798,0.03314214506046724,0.02260236948249371,0.21360229214100748,1.836854065615365e-12,0.006447776123398734,9.042233899234062e-12,3.5599391963974676e-07,1.5030939708290128e-05,1.402108031824944e-14,1.2296383338569304e-12,1.8751071570981646
987,0.987,1705.4100116881305,5100000.0,0.17593893223092474,0.0010000000000000009,0.005683790320424777,0,57,0,1e-08,0.005683790320424777,0.4723021245257773,0.2518749127207692,0.033142808580859065,0.02259621844319587,0.21359280500815228,1.833857472322927e-12,0.006447699965794743,9.028029599071054e-12,3.556687079200061e-07,1.5021081456419469e-05,1.3998046774003898e-14,1.228181759879079e-12,1.8751455610403556
988,0.988,1705.338286580889,5100000.0,0.1759336047512479,0.0010000000000000009,0.005683962432384072,0,57,0,1e-08,0.005683962432384072,0.4723153042585845,0.25187678875417086,0.03314347314884901,0.02259007851762552,0.21358333277815975,1.8308681932035364e-12,0.006447623945866902,9.013858602401167e-12,3.553440496267322e-07,1.5011236741882377e-05,1.3975069529798593e-14,1.2267281016027397e-12,1.8751839206571723
989,0.989,1705.2666202125047,5100000.0,0.1759282794659248,0.0010000000000000009,0.005684134483868973,0,57,0,1e-08,0.005684134483868973,0.4723284624287197,0.2518786591646645,0.033144138751701524,0.02258394967575389,0.213573875420629,1.82788620143381e-12,0.006447548063242891,8.999720791923132e-12,3.550199430802634e-07,1.5001405526299865e-05,1.3952148378565109e-14,1.225277349524794e-12,1.8752222359574224
990,0.99,1705.1950124262987,5100000.0,0.17592295636860125,0.0010000000000000009,0.005684306475072863,0,57,0,1e-08,0.005684306475072863,0.47234159909392354,0.2518805239679301,0.033144805386130675,0.022577831887672446,0.21356443289588406,1.8249114707423586e-12,0.006447472317551849,8.985616051712151e-12,3.5469638662253463e-07,1.4991587772547148e-05,1.3929283118238627e-14,1.223829494210305e-12,1.8752605070571593
991,0.991,1705.123463071882,5100000.0,0.17591763545364797,0.0010000000000000009,0.0056844784061657536,0,57,0,1e-08,0.0056844784061657536,0.47235471432053294,0.2518823831710148,0.033145473057479204,0.022571725123485924,0.21355500515563705,1.8219439753543286e-12,0.006447396708423167,8.971544267054781e-12,3.5437337861345704e-07,1.4981783444587627e-05,1.3906473551243699e-14,1.2223845262801742e-12,1.8752987341708178
992,0.992,1705.051971986789,5100000.0,0.1759123167160781,0.0010000000000000009,0.005684650277296943,0,57,0,1e-08,0.005684650277296943,0.4723678081558493,0.2518842367993858,0.033146141752562835,0.022565629353552635,0.21354559217049265,1.8189836888150432e-12,0.006447321235489307,8.95750532229242e-12,3.540509173949497e-07,1.4971992504468357e-05,1.3883719473313483e-14,1.2209424363617664e-12,1.8753369173001027
993,0.993,1704.9805390199067,5100000.0,0.17590700014957197,0.0010000000000000009,0.0056848220886588415,0,57,0,1e-08,0.0056848220886588415,0.47238088066249073,0.2518860848630763,0.033146811473614576,0.02255954454827525,0.21353619389570277,1.8160305854770925e-12,0.006447245898383312,8.943499103601424e-12,3.537290013380445e-07,1.4962214916135886e-05,1.3861020687601798e-14,1.2195032151602509e-12,1.8753750566224174
994,0.994,1704.9091640252448,5100000.0,0.1759016857489635,0.0010000000000000009,0.005684993840406634,0,57,0,1e-08,0.005684993840406634,0.4723939319104717,0.25188792736479937,0.03314748223019933,0.022553470678025735,0.21352681027914486,1.813084640113201e-12,0.006447170696737889,8.929525498191635e-12,3.5340762882847065e-07,1.4952450644437265e-05,1.3838377001071099e-14,1.2180668534267896e-12,1.8754131523990119
995,0.995,1704.8378468366277,5100000.0,0.17589637350962348,0.0010000000000000009,0.005685165532678193,0,57,0,1e-08,0.005685165532678193,0.4724069619387116,0.2518897643375252,0.03314815400148219,0.02254740771352017,0.21351744129958683,1.8101458262987415e-12,0.006447095630189904,8.915584391358974e-12,3.530867982177283e-07,1.4942699650982151e-05,1.3815788209098609e-14,1.216633341894577e-12,1.875451204542395
996,0.996,1704.7665873052986,5100000.0,0.17589106342472347,0.0010000000000000009,0.005685337165682516,0,57,0,1e-08,0.005685337165682516,0.4724199708099405,0.2518915957903305,0.033148826790508956,0.022541355625506236,0.2135080869119633,1.8072141188000284e-12,0.006447020698376685,8.901675670983786e-12,3.5276650789941276e-07,1.4932961900260939e-05,1.3793254118072109e-14,1.2152026713985189e-12,1.875489213237481
997,0.997,1704.6953852786053,5100000.0,0.17588575548921856,0.0010000000000000009,0.005685508739571005,0,57,0,1e-08,0.005685508739571005,0.4724329585803657,0.2518934217385057,0.0331495005940588,0.02253531438485746,0.21349874707765618,1.8042894922226656e-12,0.0064469459009371555,8.88779922492448e-12,3.5244675626452214e-07,1.492323735618485e-05,1.3770774532654399e-14,1.2137748327975573e-12,1.8755271785970073
998,0.998,1704.624240609132,5100000.0,0.17588044969761837,0.0010000000000000009,0.005685680254509504,0,57,0,1e-08,0.005685680254509504,0.47244592531316554,0.2518952421902922,0.03315017541594846,0.022529283962479104,0.21348942175105612,1.801371921586772e-12,0.006446871237510593,8.873954942086602e-12,3.521275417195671e-07,1.4913525983569592e-05,1.374834926125013e-14,1.2123498170012793e-12,1.875565100813854
999,0.999,1704.5531531410102,5100000.0,0.1758751460449591,0.0010000000000000009,0.005685851710646882,0,57,0,1e-08,0.005685851710646882,0.47245887105804085,0.251897057166932,0.03315085124691068,0.022523264329470886,0.2134801108999173,1.7984613814728488e-12,0.006446796707738684,8.86014271086709e-12,3.518088626602329e-07,1.490382774591817e-05,1.3725978107859999e-14,1.2109276149353278e-12,1.875602979930578
1000,1.0,1704.4821227250966,5100000.0,0.17586984452533885,0.001000000000000112,0.0056860231081630064,0,57,0,1e-08,0.0056860231081630064,0.4724717958732025,0.25189886668094197,0.0331515280863702,0.022517255457019103,0.21347081448342645,1.795557846964801e-12,0.006446722311264194,8.84636242090747e-12,3.514907175015952e-07,1.4894142607867936e-05,1.3703660881016221e-14,1.2095082175864735e-12,1.8756408160884692
1001,1.0010000000000001,1704.411149214227,5100000.0,0.17586454513351724,0.0009999999999998899,0.005686194447213251,0,57,0,1e-08,0.005686194447213251,0.47248469981913266,0.25190067074243483,0.03315220593612978,0.022511257316365076,0.21346153245847194,1.7926612933552522e-12,0.0064466480477305445,8.83261396251686e-12,3.511731046677161e-07,1.4884470534435251e-05,1.3681397391063415e-14,1.208091615982087e-12,1.8756786094557174
1002,1.002,1704.3402324540336,5100000.0,0.1758592478644388,0.001000000000000112,0.005686365727953997,0,57,0,1e-08,0.005686365727953997,0.47249758294448446,0.25190246937285893,0.033152884786575736,0.022505269878951868,0.2134522647936448,1.789771695570809e-12,0.006446573916783694,8.818897225623415e-12,3.508560225742771e-07,1.4874811489519353e-05,1.3659187444631249e-14,1.2066778011689557e-12,1.87571636006913
1003,1.0030000000000001,1704.2693722970243,5100000.0,0.1758539527122349,0.0009999999999998899,0.005686536950558495,0,57,0,1e-08,0.005686536950558495,0.4725104453067277,0.2519042625846538,0.03315356463707168,0.022499293116298884,0.21344301144867278,1.786889029050357e-12,0.006446499918070536,8.8052121014203e-12,3.50539469656619e-07,1.4865165438180754e-05,1.3637030852979266e-14,1.205266764255263e-12,1.8757540680675777
1004,1.004,1704.1985685942607,5100000.0,0.1758486596717177,0.001000000000000112,0.005686708115188126,0,57,0,1e-08,0.005686708115188126,0.47252328696019724,0.25190605039309366,0.033154245484093625,0.02249332700004962,0.21343377238634786,1.7840132692224038e-12,0.006446426051239527,8.79155848136956e-12,3.5022344435265875e-07,1.4855532345296031e-05,1.3614927427074924e-14,1.2038584963823054e-12,1.8757917335563612
1005,1.0050000000000001,1704.1278212041984,5100000.0,0.17584336873750733,0.0009999999999998899,0.0056868792220004264,0,57,0,1e-08,0.0056868792220004264,0.4725361079695125,0.2519078328031671,0.03315492733440435,0.02248737150184532,0.213424547559173,1.7811443920683718e-12,0.006446352315939081,8.7779362582243e-12,3.4990794511996787e-07,1.4845912176996465e-05,1.3592876982903873e-14,1.2024529887475747e-12,1.8758293567581816
1006,1.006,1704.057129972126,5100000.0,0.17583807990498582,0.001000000000000112,0.005687050271138438,0,57,0,1e-08,0.005687050271138438,0.4725489083788817,0.25190960983969285,0.03315561017483656,0.0224814265935666,0.21341533693992423,1.7782823728258914e-12,0.0064462787118205285,8.764345323642604e-12,3.495929703954721e-07,1.4836304897334686e-05,1.357087932922742e-14,1.2010502325469392e-12,1.875866937667033
1007,1.0070000000000001,1703.986494754298,5100000.0,0.17583279316809408,0.0009999999999998899,0.005687221262781748,0,57,0,1e-08,0.005687221262781748,0.4725616882472233,0.2519113815126525,0.03315629400704105,0.02247549224714416,0.21340614048663178,1.775427187496821e-12,0.006446205238535918,8.75078557101414e-12,3.4927851864391983e-07,1.4826710472179798e-05,1.3548934281797635e-14,1.1996502190504473e-12,1.8759044764457709
1008,1.008,1703.9159154037798,5100000.0,0.1758275085218857,0.001000000000000112,0.005687392197084106,0,57,0,1e-08,0.005687392197084106,0.4725744476279311,0.2519131478372533,0.03315697882739141,0.02246956843463099,0.21339695816277923,1.7725788119658615e-12,0.006446131895738773,8.737256893786116e-12,3.4896458832894137e-07,1.481712886693887e-05,1.3527041655071566e-14,1.1982529395543371e-12,1.8759419731963907
1009,1.0090000000000001,1703.845391771773,5100000.0,0.1758222259610421,0.0009999999999998899,0.005687563074201241,0,57,0,1e-08,0.005687563074201241,0.4725871865703309,0.25191490883237266,0.03315766462852379,0.022463655128242725,0.21338778993582022,1.7697372220799423e-12,0.0064460586830846055,8.723759185636356e-12,3.4865117791633594e-07,1.4807560046764258e-05,1.3505201262929916e-14,1.1968583853893793e-12,1.8759794279773903
1010,1.01,1703.7749237260557,5100000.0,0.17581694547999602,0.001000000000000112,0.005687733894307072,0,57,0,1e-08,0.005687733894307072,0.47259990514778494,0.25191666449313055,0.0331583514268789,0.022457752300077995,0.21337863574923865,1.7669023948006757e-12,0.00644598560022751,8.710292342557745e-12,3.4833828590910467e-07,1.4798003979539149e-05,1.3483412929621319e-14,1.195466547965729e-12,1.8760168411195843
1011,1.0110000000000001,1703.704511105726,5100000.0,0.17581166707492835,0.0009999999999998899,0.005687904657508905,0,57,0,1e-08,0.005687904657508905,0.4726126033904128,0.2519184148569497,0.03315903919643663,0.022451859922623402,0.21336949558953272,1.7640743053911436e-12,0.006445912646826378,8.696856257662983e-12,3.480259107589953e-07,1.4788460628574475e-05,1.3461676463126036e-14,1.1940774186460057e-12,1.8760542124670914
1012,1.012,1703.6341537749554,5100000.0,0.1758063907389279,0.001000000000000112,0.005688075364024222,0,57,0,1e-08,0.005688075364024222,0.47262528136338655,0.25192015992628813,0.03315972794615634,0.0224459779683261,0.213360369408167,1.761252930740913e-12,0.006445839822539625,8.683450827421357e-12,3.4771405097389223e-07,1.4778929961257308e-05,1.3439991686556716e-14,1.1926909889118713e-12,1.876091542263536
1013,1.0130000000000001,1703.5638515912726,5100000.0,0.17580111646768215,0.0009999999999998899,0.0056882460139763774,0,57,0,1e-08,0.0056882460139763774,0.4726379391219023,0.25192189971336176,0.0331604176752001,0.02244010640972174,0.21335125716653203,1.7584382474100425e-12,0.006445767127026741,8.670075947920742e-12,3.474027050526481e-07,1.4769411943964807e-05,1.341835841977668e-14,1.1913072502535366e-12,1.8761288306402601
1014,1.014,1703.493604409089,5100000.0,0.1757958442561624,0.001000000000000112,0.005688416607522038,0,57,0,1e-08,0.005688416607522038,0.4726505767154673,0.2519236342357152,0.03316110837734482,0.02243424521949553,0.2133421588316149,1.7556302318460909e-12,0.006445694559949101,8.656731515317221e-12,3.470918714934362e-07,1.4759906542620396e-05,1.3396776481361555e-14,1.1899261941894041e-12,1.8761660776663236
1015,1.0150000000000001,1703.4234120797641,5100000.0,0.1757905740989649,0.0009999999999998899,0.005688587144819946,0,57,0,1e-08,0.005688587144819946,0.47266319418742353,0.25192536351653977,0.03316180004062948,0.022428394370542663,0.21333307437644272,1.7528288603820083e-12,0.006445622120970649,8.643417425869027e-12,3.46781548794724e-07,1.475041372269607e-05,1.3375245688569132e-14,1.1885478122717856e-12,1.8762032833442417
1016,1.016,1703.3532744761835,5100000.0,0.17578530599029962,0.001000000000000112,0.005688757626051492,0,57,0,1e-08,0.005688757626051492,0.47267579161229784,0.25192708754819876,0.033162492683983975,0.02242255383560989,0.2133240037429427,1.7500341107531445e-12,0.006445549809753563,8.630133578691194e-12,3.464717355017925e-07,1.4740933453177084e-05,1.3353765871773978e-14,1.1871720961468007e-12,1.8762404480298902
1017,1.0170000000000001,1703.2831914500434,5100000.0,0.17578003992664532,0.0009999999999998899,0.005688928051314583,0,57,0,1e-08,0.005688928051314583,0.47268836903325,0.2519288063538771,0.03316318629542244,0.02241672358766951,0.21331494690427852,1.747245959479438e-12,0.006445477625962713,8.616879870849354e-12,3.461624301222741e-07,1.4731465699704912e-05,1.3332336849665044e-14,1.1857990374260898e-12,1.8762775717250784
1018,1.018,1703.2131628602222,5100000.0,0.17577477590221693,0.001000000000000112,0.005689098420790531,0,57,0,1e-08,0.005689098420790531,0.47270092650245576,0.25193051994749815,0.03316388087217977,0.022410903599792774,0.21330590382453668,1.7444643835900387e-12,0.006445405569264279,8.603656200669241e-12,3.4585363118395875e-07,1.4722010429113628e-05,1.3310958445559966e-14,1.184428627783429e-12,1.876314654536361
1019,1.0190000000000001,1703.1431885564293,5100000.0,0.17576951391193535,0.0009999999999998899,0.005689268734627743,0,57,0,1e-08,0.005689268734627743,0.47271346405698184,0.25193222835744833,0.03316457639691956,0.022405093845316058,0.2132968744827522,1.7416893596274906e-12,0.006445333639327693,8.590462465872273e-12,3.455453372027816e-07,1.471256760680633e-05,1.328963047792457e-14,1.1830608589075949e-12,1.876351696402586
1020,1.02,1703.073268418568,5100000.0,0.17576425394968428,0.001000000000000112,0.005689438993018342,0,57,0,1e-08,0.005689438993018342,0.47272598177768477,0.25193393156885246,0.03316527289565353,0.022399294297355182,0.21328785881430198,1.7389208660559421e-12,0.006445261835819655,8.577298568007238e-12,3.4523754675849045e-07,1.4703137203077324e-05,1.326835278324027e-14,1.1816957226071006e-12,1.8763886977586057
1021,1.0210000000000001,1703.003402292526,5100000.0,0.17575899601253633,0.0009999999999998899,0.0056896091960411685,0,57,0,1e-08,0.0056896091960411685,0.47273847969520316,0.2519356296162105,0.033165970344880745,0.02239350492937476,0.21327885680457107,1.7361588793449668e-12,0.006445190158411197,8.564164405120365e-12,3.449302583680801e-07,1.4693719182828931e-05,1.3247125178962243e-14,1.1803332106179671e-12,1.8764256584721883
1022,1.022,1702.9335900487881,5100000.0,0.17575374009393346,0.001000000000000112,0.005689779343902732,0,57,0,1e-08,0.005689779343902732,0.4727509578747585,0.25193732249958234,0.03316666875556039,0.022387725714777137,0.213269868404399,1.7334033775324389e-12,0.006445118606772583,8.551059878484706e-12,3.446234706027484e-07,1.4684313514940285e-05,1.3225947497169513e-14,1.178973314789036e-12,1.8764625788048623
1023,1.0230000000000001,1702.8638315412177,5100000.0,0.17574848618987635,0.0009999999999998899,0.005689949436716644,0,57,0,1e-08,0.005689949436716644,0.47276341635644864,0.2519390102435837,0.0331673681140001,0.022381956627199714,0.21326089358960956,1.7306543377237752e-12,0.006445047180577007,8.53798488787429e-12,3.4431718200579296e-07,1.4674920165681752e-05,1.3204819560923532e-14,1.1776160269523544e-12,1.8764994587355246
1024,1.024,1702.7941266364396,5100000.0,0.1757432342945698,0.0009999999999998899,0.005690119474663545,0,57,0,1e-08,0.005690119474663545,0.4727758551978164,0.25194069285532716,0.033168068424002585,0.02237619764030105,0.2132519323185665,1.727911737867279e-12,0.00644497587949789,8.52493933492426e-12,3.440113911510525e-07,1.4665539103405271e-05,1.318374120108572e-14,1.176261339015112e-12,1.8765362984426666
1025,1.025,1702.7244751937285,5100000.0,0.17573798440352587,0.001000000000000112,0.005690289457878001,0,57,0,1e-08,0.005690289457878001,0.47278827444478505,0.25194237035315364,0.03316876967807632,0.02237044872789939,0.21324298456115545,1.725175555540784e-12,0.006444904703210657,8.511923120825749e-12,3.4370609660276206e-07,1.4656170295336489e-05,1.316271224482478e-14,1.1749092428955568e-12,1.8765730979750108
1026,1.026,1702.654877083783,5100000.0,0.17573273651144272,0.0009999999999998899,0.005690459386517181,0,57,0,1e-08,0.005690459386517181,0.47280067415931015,0.2519440427394288,0.03316947188471367,0.022364709863788298,0.2132340502712441,1.722445769090213e-12,0.006444833651390413,8.498936148445617e-12,3.4340129695219813e-07,1.4646813710573895e-05,1.3141732526383075e-14,1.1735597305776055e-12,1.8766098575638903
1027,1.027,1702.5853321666725,5100000.0,0.17572749061420467,0.001000000000000112,0.005690629260708731,0,57,0,1e-08,0.005690629260708731,0.47281305438722904,0.25194571003225374,0.033170175036605125,0.022358981021919896,0.21322512941872823,1.719722356294448e-12,0.006444762723714257,8.485978319820103e-12,3.4309699077413643e-07,1.4637469316571083e-05,1.3120801874475963e-14,1.172212794043175e-12,1.8766465772594427
1028,1.028,1702.5158402983664,5100000.0,0.1757222467065442,0.0009999999999998899,0.005690799080607521,0,57,0,1e-08,0.005690799080607521,0.4728254151666233,0.25194737225693337,0.03317087911914855,0.02235326217647091,0.2132162219811188,1.717005294747608e-12,0.00644469191986202,8.473049536950623e-12,3.4279317664145524e-07,1.4628137080162545e-05,1.3099920115885367e-14,1.170868425303723e-12,1.8766832570273475
1029,1.029,1702.4464013559189,5100000.0,0.17571700478269228,0.001000000000000112,0.005690968846394823,0,57,0,1e-08,0.005690968846394823,0.4728377565656277,0.25194902940895303,0.033171584147597716,0.022347553301520055,0.21320732790593167,1.714294563391004e-12,0.006444621239512389,8.460149704597594e-12,3.4248985317306767e-07,1.4618816971590164e-05,1.3079087089916898e-14,1.169526616465519e-12,1.876719897174668
1030,1.03,1702.3770151967585,5100000.0,0.1757117648390884,0.0009999999999998899,0.005691138558170309,0,57,0,1e-08,0.005691138558170309,0.47285007862323913,0.25195068151239436,0.03317229010851803,0.022341854371369242,0.2131984471696918,1.7115901400583095e-12,0.006444550682346735,8.447278725669318e-12,3.4218701895353565e-07,1.4609508958021282e-05,1.3058302625266334e-14,1.1681873596044769e-12,1.8767564976797966
1031,1.031,1702.3076816935934,5100000.0,0.17570652687006955,0.001000000000000112,0.005691308216111893,0,57,0,1e-08,0.005691308216111893,0.47286238139973974,0.2519523285700957,0.03317299700972776,0.022336165360301658,0.21318957972764288,1.7088920035719326e-12,0.006444480248046269,8.434436505182699e-12,3.418846726023938e-07,1.4600213009099e-05,1.303756655978052e-14,1.1668506468763982e-12,1.8767930587638313
1032,1.032,1702.23840070359,5100000.0,0.17570129087155392,0.0009999999999998899,0.005691477820336208,0,57,0,1e-08,0.005691477820336208,0.47287466493174696,0.25195397060797864,0.033173704835864175,0.022330486242839148,0.21318072555855366,1.7062001318897721e-12,0.00644440993629516,8.421622946788245e-12,3.415828127135902e-07,1.4590929092038072e-05,1.301687872298149e-14,1.1655164704236342e-12,1.8768295803819828
1033,1.033,1702.1691720994359,5100000.0,0.17569605683777348,0.001000000000000112,0.005691647371024656,0,57,0,1e-08,0.005691647371024656,0.47288692927732906,0.25195560763051084,0.03317441359301448,0.022324816993502774,0.21317188461974151,1.703514503972619e-12,0.006444339746777537,8.408837956272647e-12,3.412814379167367e-07,1.4581657176561628e-05,1.299623895363069e-14,1.1641848224708177e-12,1.8768660627343954
1034,1.034,1702.0999957496692,5100000.0,0.17569082476456194,0.0009999999999998899,0.005691816868296681,0,57,0,1e-08,0.005691816868296681,0.4728991744881517,0.25195723964837596,0.03317512328101915,0.02231915758689009,0.21316305687488066,1.7008350986006837e-12,0.00644426967917847,8.396081439304645e-12,3.409805468372221e-07,1.4572397231784213e-05,1.2975647088685633e-14,1.1628556952567635e-12,1.8769025059494848
1035,1.035,1702.030871524385,5100000.0,0.17568559464729713,0.001000000000000112,0.005691986312296645,0,57,0,1e-08,0.005691986312296645,0.4729114006175321,0.2519588666704699,0.03317583390148556,0.022313507997653543,0.21315424228595894,1.698161894722782e-12,0.006444199733183759,8.383353302087335e-12,3.406801381077906e-07,1.4563149227116439e-05,1.2955102966498193e-14,1.161529081054436e-12,1.8769389101755247
1036,1.036,1701.9617992795183,5100000.0,0.17568036648149676,0.0009999999999998899,0.005692155703154303,0,57,0,1e-08,0.005692155703154303,0.4729236076966699,0.251960488727133,0.03317654543446208,0.022307868200722822,0.21314544083691803,1.6954948705066936e-12,0.00644412990848256,8.370653449637496e-12,3.4038021033904214e-07,1.4553913129758297e-05,1.2934606417863113e-14,1.1602049721318583e-12,1.8769752753132438
1037,1.037,1701.892778892265,5100000.0,0.17567514026112235,0.001000000000000112,0.005692325041059985,0,57,0,1e-08,0.005692325041059985,0.47293579578652756,0.2519621058190333,0.033177257889683606,0.022302238170986817,0.2131366524819577,1.6928340054540419e-12,0.0064440602047636224,8.35798178973465e-12,3.400807621883603e-07,1.4544688910320673e-05,1.2914157285968086e-14,1.1588833608562937e-12,1.8770116016025211
1038,1.038,1701.8238102293014,5100000.0,0.17566991598234258,0.0009999999999998899,0.005692494326122434,0,57,0,1e-08,0.005692494326122434,0.47294796493228497,0.2519637179622947,0.03317797126137657,0.022296617883469604,0.21312787719097867,1.6901792785086584e-12,0.006443990621717286,8.345338229328585e-12,3.3978179229655077e-07,1.4535476537796237e-05,1.2893755408612067e-14,1.1575642395905607e-12,1.877047889105445
1039,1.039,1701.7548931609385,5100000.0,0.17566469364019208,0.001000000000000112,0.005692663558497289,0,57,0,1e-08,0.005692663558497289,0.4729601151834585,0.25196532516851017,0.033178685548263864,0.022291007313274012,0.2131191149294993,1.687530668900696e-12,0.006443921159034946,8.33272267614352e-12,3.3948329931627667e-07,1.4526275981796079e-05,1.2873400626099269e-14,1.1562476007407231e-12,1.877084137935054
1040,1.04,1701.686027566726,5100000.0,0.17565947323005346,0.0009999999999998899,0.0056928327383188385,0,57,0,1e-08,0.0056928327383188385,0.47297224660280257,0.2519669274361539,0.03317940076220564,0.022285406435451748,0.21311036564982777,1.6848881564784675e-12,0.006443851816407309,8.320135039263144e-12,3.391852819218768e-07,1.4517087213444225e-05,1.2853092784439774e-14,1.1549334367655026e-12,1.8771203483546441
1041,1.041,1701.6172132965723,5100000.0,0.17565425474827892,0.001000000000000112,0.005693001865700096,0,57,0,1e-08,0.005693001865700096,0.472984359208438,0.2519685248073667,0.033180116871234566,0.022279815225454885,0.21310162934867208,1.6822517194007646e-12,0.006443782593530056,8.307575224863775e-12,3.388877387352677e-07,1.4507910199212836e-05,1.2832831713489585e-14,1.1536217400711345e-12,1.8771565201250469
1042,1.042,1701.5484502433007,5100000.0,0.1756490381880241,0.0009999999999998899,0.005693170940847604,0,57,0,1e-08,0.005693170940847604,0.4729964530799771,0.2519701172633655,0.033180833904402324,0.022274233658495683,0.2130929059613822,1.6796213384258625e-12,0.006443713490095898,8.295043144253514e-12,3.3859066846686694e-07,1.4498744912398257e-05,1.2812617267487951e-14,1.1523125032255288e-12,1.877192653705
1043,1.043,1701.4797382619827,5100000.0,0.17564382354695354,0.001000000000000112,0.005693339963831916,0,57,0,1e-08,0.005693339963831916,0.47300852824183315,0.2519717048397609,0.03318155183623106,0.022268661710122158,0.21308419547831303,1.676996992157311e-12,0.0064436445058017044,8.282538704878944e-12,3.38294069757066e-07,1.4489591320383747e-05,1.2792449280182534e-14,1.1510057187073371e-12,1.8772287489289268
1044,1.044,1701.4110772316358,5100000.0,0.1756386108187209,0.0009999999999998899,0.005693508934843512,0,57,0,1e-08,0.005693508934843512,0.4730205847516429,0.2519732875389731,0.033182270674438456,0.022263099355864218,0.2130754978566033,1.6743786606680387e-12,0.006443575640344172,8.270061817231138e-12,3.379979412985793e-07,1.4480449394365749e-05,1.2772327599007128e-14,1.1497013791056223e-12,1.8772648060103596
1045,1.045,1701.3424670292509,5100000.0,0.17563339999945585,0.001000000000000112,0.00569367785400277,0,57,0,1e-08,0.00569367785400277,0.4730326226640549,0.2519748653663505,0.033182990423803946,0.022257546571275853,0.21306681305636435,1.671766323984404e-12,0.0064435068934202205,8.257612391890608e-12,3.3770228178345447e-07,1.4471319105273568e-05,1.2752252070817543e-14,1.1483994770257606e-12,1.8773008251291445
1046,1.046,1701.2739075177024,5100000.0,0.17562819108506927,0.0009999999999998899,0.005693846721427077,0,57,0,1e-08,0.005693846721427077,0.4730446420120739,0.25197643834832434,0.03318371106793036,0.022252003332143538,0.21305814105921458,1.6691599613676823e-12,0.006443438264729694,8.245190338240588e-12,3.3740708988108635e-07,1.4462200421849316e-05,1.2732222535070358e-14,1.1471000050632531e-12,1.877336806222143
1047,1.047,1701.2053985726495,5100000.0,0.17562298406993493,0.001000000000000112,0.005694015537293805,0,57,0,1e-08,0.005694015537293805,0.47305664284590976,0.25197800649399005,0.03318443260773269,0.02224646961430366,0.21304948182953545,1.6665595528886832e-12,0.006443369753973057,8.232795567450092e-12,3.3711236429099386e-07,1.4453093314884567e-05,1.2712238838689364e-14,1.1458029558876712e-12,1.8773727494236394
1048,1.048,1701.1369400755436,5100000.0,0.17561777894972827,0.0009999999999998899,0.005694184301728052,0,57,0,1e-08,0.005694184301728052,0.47306862522395926,0.25197956980430075,0.03318515505227671,0.02224094539357365,0.2130408353235304,1.6639650790263174e-12,0.006443301360850522,8.220427991644151e-12,3.3681810372748316e-07,1.4443997756133032e-05,1.2692300832312883e-14,1.1445083222099753e-12,1.8774086549610618
1049,1.049,1701.0685318922563,5100000.0,0.17561257572072753,0.001000000000000112,0.00569435301484552,0,57,0,1e-08,0.00569435301484552,0.47308058918124707,0.2519811283030872,0.03318587838766674,0.022235430645975607,0.21303220152065527,1.6613765194144786e-12,0.006443233085064824,8.20808752157212e-12,3.3652430687878377e-07,1.4434913714938735e-05,1.2672408358444156e-14,1.1432160967228605e-12,1.8774445227986185
1050,1.05,1701.0001739023369,5100000.0,0.17560737437753235,0.0009999999999998899,0.005694521676806258,0,57,0,1e-08,0.005694521676806258,0.47309253477152136,0.25198268199540724,0.03318660261877188,0.022229925347548567,0.2130235803816295,1.6587938545461086e-12,0.0064431649263189455,8.195774069845312e-12,3.3623097246455455e-07,1.4425841162834517e-05,1.2652561267528688e-14,1.1419262721929521e-12,1.8774803531146802
1051,1.051,1700.9318659765268,5100000.0,0.17560217491614685,0.001000000000000112,0.00569469028773493,0,57,0,1e-08,0.00569469028773493,0.47310446203504725,0.25198423089944977,0.033187327737271705,0.022224429474477187,0.2130149718805686,1.6562170644654432e-12,0.006443096884317723,8.183487548441705e-12,3.3593809919146874e-07,1.4416780070011635e-05,1.2632759405625616e-14,1.1406388413882669e-12,1.8775161459362588
1052,1.052,1700.8636079934543,5100000.0,0.17559697733161528,0.0009999999999998899,0.0056948588477772465,0,57,0,1e-08,0.0056948588477772465,0.4731163710225689,0.25198577502281466,0.03318805374541414,0.022218943002989506,0.2130063759810832,1.6536461297394698e-12,0.006443028958766389,8.171227870551209e-12,3.356456857860748e-07,1.4407730407939444e-05,1.2613002623548628e-14,1.1393537971316074e-12,1.8775519014108364
1053,1.053,1700.7953998264268,5100000.0,0.1755917816197804,0.001000000000000112,0.005695027357063173,0,57,0,1e-08,0.005695027357063173,0.47312826177638206,0.2519873143812496,0.03318878063724971,0.022213465909436736,0.21299779265515734,1.6510810306878266e-12,0.006442961149371807,8.15899494911227e-12,3.3535373096872117e-07,1.439869214729406e-05,1.2593290769641097e-14,1.1380711322575814e-12,1.8775876195916454
1054,1.054,1700.7272413601481,5100000.0,0.17558658777589298,0.0009999999999998899,0.005695195815731798,0,57,0,1e-08,0.005695195815731798,0.4731401343548132,0.25198884897454477,0.033189508422799524,0.022207998170138233,0.2129892218587621,1.6485217483555394e-12,0.006442893455840453,8.146788698632165e-12,3.350622334857245e-07,1.4389665260584055e-05,1.2573623698950407e-14,1.136790839661506e-12,1.8776233007144238
1055,1.055,1700.659132452667,5100000.0,0.1755813957963884,0.001000000000000112,0.005695364223893938,0,57,0,1e-08,0.005695364223893938,0.4731519887761921,0.25199037884164516,0.03319023707278539,0.022202539761761616,0.21298066358766088,1.6459682623026355e-12,0.006442825877883082,8.13460903106098e-12,3.3477119203665954e-07,1.438064971617182e-05,1.2554001252335598e-14,1.1355129121913543e-12,1.8776589445644212
1056,1.056,1700.591073009319,5100000.0,0.17557620567483365,0.0009999999999998899,0.005695532581743368,0,57,0,1e-08,0.005695532581743368,0.4731638251269804,0.25199190395410354,0.03319096662545021,0.022197090660664758,0.21297211776966077,1.6434205548904085e-12,0.006442758415206616,8.122455863827766e-12,3.344806054165646e-07,1.4371645489876141e-05,1.2534423296927889e-14,1.134237342864195e-12,1.8776945516994068
1057,1.057,1700.5230628788393,5100000.0,0.17557101740977746,0.001000000000000112,0.005695700889322422,0,57,0,1e-08,0.005695700889322422,0.4731756434110004,0.25199342436492383,0.03319169703738086,0.022191650843698868,0.2129635844149235,1.640878605269663e-12,0.006442691067524084,8.11032910850634e-12,3.3419047231456026e-07,1.4362652548692225e-05,1.251488966946926e-14,1.1329641245509819e-12,1.8777301217422717
1058,1.058,1700.4551019583528,5100000.0,0.1755658309937607,0.0009999999999998899,0.005695869146858241,0,57,0,1e-08,0.005695869146858241,0.4731874437005886,0.25199494005904,0.03319242833331138,0.02218622028752586,0.21295506346520277,1.6383423954426123e-12,0.00644262383454619,8.098228682309812e-12,3.339007915190006e-07,1.4353670867221274e-05,1.2495400233369235e-14,1.1316932503064034e-12,1.8777656550950004
1059,1.059,1700.3871901204625,5100000.0,0.17556064642437982,0.001000000000000112,0.005696037354424115,0,57,0,1e-08,0.005696037354424115,0.4731992260326685,0.25199645105638585,0.03319316050290525,0.02218079896898056,0.2129465548975625,1.635811906063808e-12,0.006442556715985785,8.086154500065064e-12,3.336115617735138e-07,1.4344700416277916e-05,1.247595483923386e-14,1.1304247131296889e-12,1.877801151758233
1060,1.06,1700.3193272452568,5100000.0,0.1755554636966418,0.0009999999999998899,0.005696205512167258,0,57,0,1e-08,0.005696205512167258,0.4732109904538919,0.2519979573670015,0.03319389354569287,0.02217538686496446,0.21293805867929896,1.6332871182759398e-12,0.006442489711556545,8.074106477752016e-12,3.3332278184085776e-07,1.4335741167883144e-05,1.2456553342114491e-14,1.1291585060740536e-12,1.877836611844925
1061,1.061,1700.2515132146814,5100000.0,0.17555028280630153,0.001000000000000112,0.005696373620220771,0,57,0,1e-08,0.005696373620220771,0.47322273701307005,0.25199945899865395,0.033194627463458935,0.02216998395242416,0.21292957477551827,1.630768013390162e-12,0.006442422820972676,8.062084531862626e-12,3.3303445049111437e-07,1.4326793094390821e-05,1.2437195598515408e-14,1.127894622223615e-12,1.8778720354935277
1062,1.062,1700.1837479000308,5100000.0,0.1755451037492892,0.0009999999999998899,0.005696541678701985,0,57,0,1e-08,0.005696541678701985,0.47323446574248007,0.2520009559751617,0.03319536224185252,0.022164590208505284,0.212921103167748,1.6282545721666106e-12,0.006442356043950913,8.05008857807073e-12,3.3274656647836434e-07,1.4317856166526539e-05,1.2417881459566662e-14,1.1266330546610969e-12,1.877907422657254
1063,1.063,1700.1160311866197,5100000.0,0.17553992652036732,0.001000000000000112,0.005696709687776275,0,57,0,1e-08,0.005696709687776275,0.4732461766936467,0.25200244830105806,0.03319609788580401,0.02215920561036568,0.21291264381825345,1.6257467762236039e-12,0.006442289380208061,8.038118533899283e-12,3.3245912858825656e-07,1.4308930357239691e-05,1.2398610784351408e-14,1.1253737965419695e-12,1.8779427735093943
1064,1.064,1700.0483629563885,5100000.0,0.17553475111574005,0.0009999999999998899,0.005696877647552153,0,57,0,1e-08,0.005696877647552153,0.4732578699128711,0.2520039359859454,0.03319683439514775,0.022153830135227662,0.2129041966944872,1.6232446070503496e-12,0.006442222829461799,8.026174316803368e-12,3.321721356033428e-07,1.4300015638998111e-05,1.2379383430592975e-14,1.1241168410346923e-12,1.8779780881647237
1065,1.065,1699.980743094831,5100000.0,0.17552957753124,0.001000000000000112,0.00569704555816034,0,57,0,1e-08,0.00569704555816034,0.47326954545112726,0.2520054190346904,0.03319757177444268,0.022148463760337703,0.21289576175921385,1.6207480463976454e-12,0.006442156391430054,8.014255844922198e-12,3.318855863166186e-07,1.4291111984865287e-05,1.2360199258363884e-14,1.122862181342789e-12,1.8780133667918395
1066,1.066,1699.9131714727853,5100000.0,0.17552440576305767,0.0009999999999998899,0.005697213419709854,0,57,0,1e-08,0.005697213419709854,0.47328120333712453,0.2520068974738847,0.033198310006434056,0.022143106463165307,0.21288733899732845,1.618257075240133e-12,0.006442090065833543,8.002363035142415e-12,3.315994794972373e-07,1.428221936565636e-05,1.2341058120244239e-14,1.1216098106551275e-12,1.8780486093090778
1067,1.067,1699.8456479732763,5100000.0,0.17551923580579307,0.001000000000000112,0.005697381232371492,0,57,0,1e-08,0.005697381232371492,0.4732928436158383,0.2520083713137025,0.03319904909025584,0.022137758221239534,0.21287892837742597,1.6157716752974545e-12,0.0064420238523937535,7.99049580600339e-12,3.313138139427438e-07,1.4273337754115687e-05,1.2321959875694091e-14,1.1203597222304207e-12,1.8780838158216524
1068,1.068,1699.778172490678,5100000.0,0.1755140676552838,0.0009999999999998899,0.0056975489962658,0,57,0,1e-08,0.0056975489962658,0.4733044663486231,0.2520098405481185,0.03319978904127318,0.022132419012014043,0.21287052985176244,1.6132918289995161e-12,0.006441957750831167,7.978654077541119e-12,3.3102858847547753e-07,1.4264467124800305e-05,1.2302904390732252e-14,1.1191119093817934e-12,1.8781189866204882
1069,1.069,1699.7107448949516,5100000.0,0.1755089013085632,0.001000000000000112,0.005697716711484657,0,57,0,1e-08,0.005697716711484657,0.4733160715608427,0.2520113052064907,0.03320052983936534,0.022127088813194435,0.21286214340843926,1.61081751744618e-12,0.0064418917608694455,7.966837767474608e-12,3.3074380187457214e-07,1.4255607448509338e-05,1.228389151872667e-14,1.1178663653739783e-12,1.8781541215899873
1070,1.07,1699.6433650762874,5100000.0,0.17550373676005748,0.0009999999999998899,0.005697884378194492,0,57,0,1e-08,0.005697884378194492,0.47332765930594783,0.252012765290131,0.033201271492465774,0.022121767602465883,0.21285376900747563,1.6083487229414413e-12,0.006441825882231977,7.955046796019341e-12,3.304594529626685e-07,1.4246758699219304e-05,1.2264921124209179e-14,1.1166230835638232e-12,1.8781892209350066
1071,1.071,1699.5760329164698,5100000.0,0.17549857400628707,0.001000000000000112,0.005698051996503902,0,57,0,1e-08,0.005698051996503902,0.47333922962483577,0.252014220812646,0.0332020139961673,0.02211645535762049,0.21284540662138626,1.6058854273695802e-12,0.0064417601146434965,7.943281082778477e-12,3.3017554054962256e-07,1.423792084964255e-05,1.2245993067658439e-14,1.1153820573055917e-12,1.8782242847189508
1072,1.072,1699.508748299901,5100000.0,0.17549341304286742,0.0009999999999998899,0.005698219566540779,0,57,0,1e-08,0.005698219566540779,0.47335078256136653,0.25201567178450784,0.03320275734916907,0.022111152056521085,0.2128370562196775,1.6034276128213651e-12,0.006441694457829572,7.931540547942898e-12,3.2989206345433287e-07,1.4229093872934795e-05,1.2227107211336552e-14,1.1141432799884736e-12,1.8782593130403282
1073,1.073,1699.4415111088938,5100000.0,0.17548825386565944,0.001000000000000112,0.005698387088435198,0,57,0,1e-08,0.005698387088435198,0.4733623181555746,0.25201711821975636,0.03320350154656079,0.022105857677133276,0.21282871777561857,1.6009752613262142e-12,0.006441628911517085,7.919825111785223e-12,3.296090204956491e-07,1.4220277741964106e-05,1.2208263416784189e-14,1.112906745022091e-12,1.8782943059558657
1074,1.074,1699.3743212285685,5100000.0,0.17548309647027083,0.0009999999999998899,0.005698554562315369,0,57,0,1e-08,0.005698554562315369,0.4733738364506876,0.2520185601290604,0.033204246586769716,0.02210057219749748,0.2128203912592429,1.5985283551221398e-12,0.00644156347543381,7.908134695183102e-12,3.293264105018459e-07,1.421147243006931e-05,1.2189461547402726e-14,1.1116724458516442e-12,1.8783292635600715
1075,1.075,1699.3071785422733,5100000.0,0.17547794085257484,0.001000000000000112,0.0056987219883110375,0,57,0,1e-08,0.0056987219883110375,0.47338533748659156,0.25201999752618526,0.033204992465088054,0.022095295595753132,0.2128120766438636,1.5960868764092612e-12,0.006441498149308789,7.896469219126951e-12,3.290442323017092e-07,1.4202677910351495e-05,1.2170701466048063e-14,1.1104403759433675e-12,1.8783641859111047
1076,1.076,1699.240082947833,5100000.0,0.17547278700822563,0.0009999999999998899,0.005698889366548973,0,57,0,1e-08,0.005698889366548973,0.473396821323866,0.2520214304043875,0.033205739197346325,0.022090027849961304,0.21280377388214577,1.593650808255954e-12,0.00644143293287007,7.884828606421127e-12,3.287624847548703e-07,1.4193894158197079e-05,1.2151983043670562e-14,1.1092105288282282e-12,1.8783990733020794
1077,1.077,1699.173034318318,5100000.0,0.17546763493439757,0.001000000000000112,0.00569905669711673,0,57,0,1e-08,0.00569905669711673,0.47340828798671875,0.2520228587927075,0.03320648676349314,0.022084768938427684,0.21279548296298323,1.5912201323980938e-12,0.006441367825848728,7.873212777527895e-12,3.284811666771023e-07,1.418512114519793e-05,1.2133306138534829e-14,1.107982897986385e-12,1.8784339256150726
1078,1.078,1699.1060325402575,5100000.0,0.17546248462562553,0.0009999999999998899,0.005699223980177494,0,57,0,1e-08,0.005699223980177494,0.4734197375173065,0.25202428270207017,0.03320723516156386,0.022079518839523266,0.21278720385727834,1.5887948313755363e-12,0.006441302827976642,7.861621654668625e-12,3.282002769148805e-07,1.4176358845056212e-05,1.2114670616315341e-14,1.106757476971684e-12,1.8784687429383873
1079,1.079,1699.0390775031747,5100000.0,0.17545733607781058,0.001000000000000112,0.005699391215860242,0,57,0,1e-08,0.005699391215860242,0.47343116996154033,0.2520257021395427,0.03320798439343519,0.02207427753166104,0.21277893653215407,1.5863748879533552e-12,0.0064412379389862965,7.850055160667708e-12,3.279198143239622e-07,1.4167607231975628e-05,1.2096076344663798e-14,1.1055342593709467e-12,1.8785035254039644
1080,1.08,1698.9721691020113,5100000.0,0.17545218928714712,0.0009999999999998899,0.00569955840427433,0,57,0,1e-08,0.00569955840427433,0.4734425853729885,0.2520271171045749,0.03320873446860429,0.022069044993236003,0.2127706809470867,1.583960285254024e-12,0.006441173158609848,7.83851321918766e-12,3.276397777733985e-07,1.4158866281038945e-05,1.2077523194509803e-14,1.104313238807306e-12,1.878538273230894
1081,1.081,1698.9053072085294,5100000.0,0.17544704425039526,0.001000000000000112,0.005699725545520891,0,57,0,1e-08,0.005699725545520891,0.4734539837707548,0.25202852763042577,0.03320948536265259,0.022063821202915213,0.21276243709585674,1.5815510051595932e-12,0.00644110848658289,7.826995751741472e-12,3.2736016609200737e-07,1.4150135963782244e-05,1.2059011024956209e-14,1.1030944088611083e-12,1.878572986249505
1082,1.082,1698.838491722501,5100000.0,0.17544190096182735,0.0009999999999998899,0.005699892639771783,0,57,0,1e-08,0.005699892639771783,0.4734653652132983,0.25202993371118,0.03321023709036542,0.02205860613928637,0.21275420493293024,1.5791470311664904e-12,0.006441043922639978,7.815502683106746e-12,3.270809781664449e-07,1.4141416256096948e-05,1.2040539710142491e-14,1.1018777632263418e-12,1.87860766473826
1083,1.083,1698.7717225302802,5100000.0,0.17543675941863346,0.001000000000000112,0.005700059687114239,0,58,0,1e-08,0.005700059687114239,0.473476729739622,0.2520313353601258,0.03321098964728011,0.022053399781042413,0.21274598443217058,1.5767483460798444e-12,0.006440979466517026,7.804033936901933e-12,3.268022128604803e-07,1.4132707131847709e-05,1.2022109117609058e-14,1.1006632955750336e-12,1.8786423087552764
1084,1.084,1698.7049995168475,5100000.0,0.17543161961658257,0.0009999999999998899,0.005700226687671562,0,58,0,1e-08,0.005700226687671562,0.4734880773857693,0.2520327325932274,0.033211743026213,0.02204820210699288,0.2127377755703295,1.5743549326798898e-12,0.006440915117951339,7.792589436898336e-12,3.265238690393314e-07,1.4124008564719242e-05,1.2003719114523546e-14,1.099450999602292e-12,1.8786769183269683
1085,1.085,1698.6383225765974,5100000.0,0.17542648155125998,0.001000000000000112,0.005700393641583183,0,58,0,1e-08,0.005700393641583183,0.47349940820069625,0.25203412541350967,0.03321249723291344,0.02204301309595562,0.21272957831123887,1.5719667743223139e-12,0.0064408508766803955,7.781169108138967e-12,3.2624594558977206e-07,1.4115320529882878e-05,1.198536957334162e-14,1.0982408690559703e-12,1.878711493627424
1086,1.086,1698.5716915987362,5100000.0,0.17542134521921973,0.0009999999999998899,0.005700560548946963,0,58,0,1e-08,0.005700560548946963,0.47351072222550616,0.2520355138316645,0.033213252265433195,0.022037832726826002,0.2127213926265381,1.569583854130372e-12,0.006440786742442586,7.769772875388557e-12,3.259684413918576e-07,1.4106643001750452e-05,1.1967060364213372e-14,1.0970328976895005e-12,1.8787460347424125
1087,1.087,1698.5051064652353,5100000.0,0.17541621061645263,0.001000000000000112,0.00570072740988922,0,58,0,1e-08,0.00570072740988922,0.4735220194897763,0.2520368978694981,0.03321400811063822,0.022032660978667053,0.21271321849929495,1.5672061548766265e-12,0.006440722714978393,7.758400662950118e-12,3.2569135531599384e-07,1.4097975953650617e-05,1.1948791353848556e-14,1.0958270792622245e-12,1.8787805416291097
1088,1.088,1698.4385670699617,5100000.0,0.17541107773814504,0.0009999999999998899,0.005700894224552324,0,58,0,1e-08,0.005700894224552324,0.47353330003928784,0.25203827753255686,0.033214764771646255,0.022027497830564336,0.21270505589635452,1.5648336600423626e-12,0.006440658794028551,7.74705239666479e-12,3.254146862592596e-07,1.408931936077422e-05,1.1930562415481262e-14,1.0946234075963186e-12,1.8788150144301772
1089,1.089,1698.3720733098394,5100000.0,0.17540594658070294,0.001000000000000112,0.00570106099304917,0,58,0,1e-08,0.00570106099304917,0.4735445639240344,0.25203965282216445,0.033215522255797415,0.022022343261605834,0.2126969047803485,1.5624663533297061e-12,0.006440594979333923,7.735728002947576e-12,3.2513843312740486e-07,1.4080673198821921e-05,1.1912373424339185e-14,1.0934218765424762e-12,1.8788494533364581
1090,1.09,1698.3056250690886,5100000.0,0.17540081714084488,0.0009999999999998899,0.005701227715472392,0,58,0,1e-08,0.005701227715472392,0.4735558111751101,0.2520410237581785,0.033216280551834725,0.02201719725103084,0.21268876513271787,1.5601042177956947e-12,0.00644053127063711,7.724427407156226e-12,3.2486259480539704e-07,1.4072037441579153e-05,1.1894224249437505e-14,1.0922224799357784e-12,1.8788838583256375
1091,1.091,1698.239222238097,5100000.0,0.17539568941392644,0.001000000000000112,0.005701394391969087,0,58,0,1e-08,0.005701394391969087,0.47356704183135295,0.2520423903525116,0.03321703965641087,0.022012059778160144,0.21268063692711323,1.5577472368834472e-12,0.006440467667681803,7.713150535588105e-12,3.2458717019416507e-07,1.4063412063807432e-05,1.1876114763293169e-14,1.0910252116581518e-12,1.8789182294653393
1092,1.092,1698.1728647103812,5100000.0,0.17539056339591136,0.0009999999999998899,0.005701561022656488,0,58,0,1e-08,0.005701561022656488,0.47357825593547276,0.25204375261307893,0.0332177995701575,0.022006930822363782,0.21267252013327953,1.555395394258722e-12,0.0064404041702123115,7.701897315137145e-12,3.243121582040263e-07,1.405479704078296e-05,1.1858044840401986e-14,1.0898300656241944e-12,1.878952566868337
1093,1.093,1698.1065523835719,5100000.0,0.17538543908306783,0.001000000000000112,0.005701727607652091,0,58,0,1e-08,0.005701727607652091,0.4735894535358107,0.25204511054215134,0.03321856029934644,0.02200181036301842,0.212664414715327,1.5530486738679443e-12,0.0064403407779729865,7.69066767338035e-12,3.240375577560995e-07,1.4046192348452291e-05,1.1840014357774258e-14,1.0886370357810353e-12,1.878986870711816
1094,1.094,1698.0402851423491,5100000.0,0.1753803164720866,0.0009999999999998899,0.005701894147049558,0,58,0,1e-08,0.005701894147049558,0.4736006346613487,0.25204646416095894,0.03321932183122357,0.02199669837966445,0.21265632065662776,1.5507070589967502e-12,0.0064402774907102375,7.679461536817895e-12,3.237633677504175e-07,1.4037597960809788e-05,1.1822023186094754e-14,1.0874461160600528e-12,1.879021140954802
1095,1.095,1697.9740628890318,5100000.0,0.17537519555826395,0.001000000000000112,0.005702060640998045,0,58,0,1e-08,0.005702060640998045,0.4736117993658119,0.25204781346609223,0.03322008417769289,0.021991594851797313,0.2126482379158344,1.5483705339465172e-12,0.006440214308169921,7.66827883405179e-12,3.234895871239775e-07,1.4029013854587278e-05,1.1804071205477542e-14,1.0862573004694897e-12,1.8790553778381673
1096,1.096,1697.9078855107737,5100000.0,0.1753700763387316,0.0009999999999998899,0.005702227089576932,0,58,0,1e-08,0.005702227089576932,0.4736229476807305,0.2520491584759983,0.03322084732874193,0.021986499759053087,0.2126401664737151,1.5460390822412185e-12,0.006440151230099608,7.657119492361674e-12,3.2321621478798007e-07,1.4020440004230814e-05,1.1786158288619683e-14,1.0850705829916024e-12,1.8790895813517736
1097,1.097,1697.8417528910952,5100000.0,0.1753649588090074,0.001000000000000112,0.005702393492928236,0,58,0,1e-08,0.005702393492928236,0.4736340796309325,0.2520504992153748,0.0332216112680336,0.02198141308125267,0.2126321063176264,1.5437126872510271e-12,0.0064400882562492155,7.645983438953514e-12,3.2294324965133613e-07,1.4011876383655491e-05,1.1768284306627411e-14,1.083885957628297e-12,1.8791237514122778
1098,1.098,1697.7756649351616,5100000.0,0.17535984296416982,0.0009999999999998899,0.005702559851198165,0,58,0,1e-08,0.005702559851198165,0.47364519527167215,0.2520518356786471,0.033222376009529146,0.02197633479815033,0.21262405740453627,1.5413913335769171e-12,0.0064400253863677835,7.634870603542675e-12,3.226706906675391e-07,1.4003322970120042e-05,1.1750449142035255e-14,1.082703418470819e-12,1.8791578882827302
1099,1.099,1697.709621540708,5100000.0,0.1753547288015536,0.001000000000000112,0.005702726164469722,0,58,0,1e-08,0.005702726164469722,0.4736562946476716,0.25205316787068477,0.03322314155672899,0.021971264889537795,0.21261601970192343,1.5390750054655968e-12,0.006439962620204819,7.623780915299643e-12,3.22398536778207e-07,1.3994779739789346e-05,1.1732652673991922e-14,1.0815229596028955e-12,1.8791919921065217
1100,1.1,1697.643622593987,5100000.0,0.17534961631771373,0.0009999999999998899,0.005702892432841157,0,58,0,1e-08,0.005702892432841157,0.47366737778629003,0.25205449581332035,0.03322390789610438,0.021966203335371245,0.21260799319453252,1.53676368659009e-12,0.006439899957511864,7.612714302480293e-12,3.221267869068629e-07,1.3986246667105744e-05,1.171489477610962e-14,1.0803445750978026e-12,1.8792260628316795
1101,1.101,1697.5776679988414,5100000.0,0.1753445055079616,0.001000000000000112,0.005703058656461331,0,58,0,1e-08,0.005703058656461331,0.4736784447395275,0.2520558195038356,0.03322467503869253,0.021961150115567266,0.21259997784248752,1.5344573616268345e-12,0.006439837398040027,7.601670695415219e-12,3.2185544001372397e-07,1.397772372923036e-05,1.1697175331310865e-14,1.07916825910496e-12,1.8792601006870204
1102,1.102,1697.511757640065,5100000.0,0.17533939636943782,0.0009999999999998899,0.0057032248354095105,0,58,0,1e-08,0.0057032248354095105,0.4736894955313555,0.25205713896707677,0.03322544296788666,0.021956105210234295,0.2125919736338297,1.5321560142667495e-12,0.006439774941542728,7.590650022729938e-12,3.215844950262797e-07,1.396921090045041e-05,1.167949421315515e-14,1.0779940057381404e-12,1.8792941055846386
1103,1.103,1697.445891415177,5100000.0,0.17533428889725014,0.001000000000000112,0.005703390969841241,0,58,0,1e-08,0.005703390969841241,0.4737005302029043,0.2520584542106291,0.03322621168432707,0.021951068599521954,0.21258398053941188,1.52985962893558e-12,0.006439712587773931,7.579652214639214e-12,3.213139509001299e-07,1.3960708157021396e-05,1.166185130196373e-14,1.076821809176657e-12,1.8793280776333854
1104,1.104,1697.3800692247964,5100000.0,0.17532918308780426,0.0009999999999998899,0.005703557059859757,0,58,0,1e-08,0.005703557059859757,0.47371154879941446,0.25205976523791473,0.033226981192803415,0.02194604026359878,0.21257599852596848,1.52756819027619e-12,0.006439650336487855,7.568677201920297e-12,3.210438065996622e-07,1.3952215475707414e-05,1.1644246479996165e-14,1.0756516636288642e-12,1.8793620169894492
1105,1.105,1697.314290962778,5100000.0,0.17532407893782057,0.001000000000000112,0.00570372310556821,0,58,0,1e-08,0.00570372310556821,0.4737225513559376,0.25206107206231587,0.033227751488109566,0.021941020182729296,0.21256802757036353,1.5252816826136237e-12,0.006439588187439854,7.557724914900018e-12,3.2077406107948705e-07,1.3943732832276215e-05,1.1626679626426294e-14,1.0744835633027737e-12,1.8793959236943236
1106,1.106,1697.2485565291545,5100000.0,0.17531897644328603,0.0009999999999998899,0.005703889107083511,0,58,0,1e-08,0.005703889107083511,0.4737335379157873,0.25206237468888254,0.03322852257336049,0.021936008337205118,0.2125600676411815,1.5230000906553068e-12,0.006439526140385676,7.546795284794095e-12,3.205047133091869e-07,1.3935260203469617e-05,1.160915062389563e-14,1.073317502447247e-12,1.8794297978843957
1107,1.107,1697.182865819178,5100000.0,0.17531387560081538,0.001000000000000112,0.005704055064512309,0,58,0,1e-08,0.005704055064512309,0.4737445085148751,0.25206367312984507,0.03322929444445033,0.02193100470740845,0.2125521187143574,1.520723398897456e-12,0.006439464195082152,7.53588824257364e-12,3.2023576225241565e-07,1.3926797565334531e-05,1.1591659352962367e-14,1.0721534753173349e-12,1.8794636396131386
1108,1.108,1697.117218722301,5100000.0,0.17530877640649883,0.0009999999999998899,0.0057042209779682145,0,58,0,1e-08,0.0057042209779682145,0.4737554631797343,0.252064967406451,0.033230067088198506,0.02192600927387104,0.21254418077511228,1.5184515915695462e-12,0.006439402351287975,7.52500371888648e-12,3.1996720686573e-07,1.391834489306375e-05,1.1574205691548526e-14,1.070991476176062e-12,1.8794974488295737
1109,1.109,1697.0516151544603,5100000.0,0.17530367885577522,0.001000000000000112,0.005704386847596199,0,58,0,1e-08,0.005704386847596199,0.47376640197465686,0.2520662575025058,0.03323084052891831,0.021921022016989512,0.21253625377098626,1.5161846543714051e-12,0.006439340608760199,7.514141647322164e-12,3.1969904615842747e-07,1.3909902165912119e-05,1.1556789531287272e-14,1.0698314993856768e-12,1.8795312259116919
1110,1.11,1696.9860549923349,5100000.0,0.17529858294686346,0.0009999999999998899,0.005704552673440663,0,58,0,1e-08,0.005704552673440663,0.4737773249070333,0.25206754345798366,0.03323161473462931,0.021916042917466398,0.21252833770624555,1.513922570946684e-12,0.006439278967259594,7.503301957706179e-12,3.194312790688418e-07,1.3901469357203285e-05,1.1539410744385479e-14,1.0686735392094656e-12,1.8795649705929147
1111,1.111,1696.9205381469721,5100000.0,0.17529348867382416,0.001000000000000112,0.00570471845569149,0,58,0,1e-08,0.00570471845569149,0.4737882320323394,0.252068825264963,0.0332323897212808,0.021911071955921953,0.2125204325371134,1.5116653268166058e-12,0.006439217426545974,7.492484583639076e-12,3.1916390460415385e-07,1.389304644550278e-05,1.1522069220576371e-14,1.0675175900422832e-12,1.8795986831545524
1112,1.112,1696.8550645190696,5100000.0,0.1752883960342934,0.0009999999999998899,0.005704884194412105,0,58,0,1e-08,0.005704884194412105,0.47379912339137986,0.25207010293006776,0.0332331654902553,0.021906109113027532,0.21251253823445224,1.5094129070049584e-12,0.006439155986379817,7.481689457881277e-12,3.188969217541373e-07,1.3884633407847304e-05,1.1504764844809313e-14,1.0663636462617404e-12,1.879632363711244
1113,1.113,1696.7896339957729,5100000.0,0.17528330502482023,0.001000000000000112,0.005705049889711466,0,58,0,1e-08,0.005705049889711466,0.4738099990044848,0.2520713764799307,0.033233942022847233,0.02190115436964849,0.21250465478948918,1.507165295853669e-12,0.006439094646523895,7.470916512079435e-12,3.1863032948684544e-07,1.387623021924589e-05,1.1487497495523996e-14,1.0652117022293473e-12,1.8796660121471918
1114,1.114,1696.7242464900546,5100000.0,0.17527821564048748,0.0009999999999998899,0.005705215541736152,0,58,0,1e-08,0.005705215541736152,0.4738208589283707,0.25207264590500084,0.033234719336567846,0.02189620770656276,0.21249678215711015,1.5049224791240283e-12,0.006439033406739998,7.46016568074271e-12,3.183641268220907e-07,1.3867836858651032e-05,1.1470267064383635e-14,1.064061752406307e-12,1.8796996287607526
1115,1.115,1696.658901891934,5100000.0,0.17527312787907517,0.001000000000000112,0.005705381150555116,0,58,0,1e-08,0.005705381150555116,0.47383170318653106,0.2520739112285274,0.033235497416057934,0.021891269104723606,0.21248892032532476,1.5026844414062828e-12,0.006438972266792054,7.449436896284832e-12,3.180983127392855e-07,1.3859453301574617e-05,1.1453073431941549e-14,1.0629137912025213e-12,1.8797332134738867
1116,1.116,1696.5936001103262,5100000.0,0.17526804173593058,0.0009999999999998899,0.005705546716306389,0,58,0,1e-08,0.005705546716306389,0.47384253182882846,0.2520751724474718,0.03323627627226056,0.021886338545048373,0.21248106925578888,1.50045116833574e-12,0.006438911226443521,7.438730093275162e-12,3.178328862565992e-07,1.385107952641768e-05,1.1435916488470965e-14,1.061767813107003e-12,1.8797667665091817
1117,1.117,1696.5283410385694,5100000.0,0.17526295720836443,0.001000000000000112,0.0057057122390742525,0,58,0,1e-08,0.0057057122390742525,0.4738533448823666,0.25207642958121046,0.0332370558936446,0.021881416008597766,0.21247322893283505,1.4982226447712708e-12,0.006438850285459693,7.428045204944625e-12,3.175678463658904e-07,1.3842715509259095e-05,1.1418796116830277e-14,1.0606238125810473e-12,1.879800287831779
1118,1.118,1696.4631245776638,5100000.0,0.17525787429202946,0.0009999999999998899,0.005705877718986854,0,58,0,1e-08,0.005705877718986854,0.4738641423842771,0.25207768263895064,0.033237836278826274,0.021876501476487918,0.21246539933073133,1.4959988560142525e-12,0.00643878944360648,7.417382165544003e-12,3.173031920768872e-07,1.3834361227361254e-05,1.1401712203950488e-14,1.0594817841324793e-12,1.879833777522423
1119,1.119,1696.397950627758,5100000.0,0.17525279298334917,0.001000000000000112,0.005706043156157416,0,58,0,1e-08,0.005706043156157416,0.47387492436985085,0.2520789316315602,0.03323861742472777,0.02187159492990946,0.2124575804255461,1.4937797873698146e-12,0.006438728700650768,7.406740909481497e-12,3.170389224009106e-07,1.3826016657889787e-05,1.1384664636661161e-14,1.0583417222877163e-12,1.8798672356421628
1120,1.12,1696.3328190952398,5100000.0,0.17524771327863392,0.0009999999999998899,0.005706208550692736,0,58,0,1e-08,0.005706208550692736,0.4738856908828858,0.25208017656137066,0.03323939933680382,0.021866696350063206,0.21244977218482997,1.4915654245171437e-12,0.006438668056359541,7.396121372023287e-12,3.1677503636385693e-07,1.381768177898558e-05,1.1367653305210503e-14,1.057203621611304e-12,1.8799006623494452
1121,1.121,1696.2677298828414,5100000.0,0.17524263517483396,0.001000000000000112,0.005706373902688943,0,58,0,1e-08,0.005706373902688943,0.4738964419616608,0.2520814174361031,0.033240182015098915,0.021861805718203297,0.21244197458162067,1.4893557529854433e-12,0.006438607510500489,7.385523488281942e-12,3.165115329872747e-07,1.3809356568269603e-05,1.135067809835943e-14,1.0560674766736012e-12,1.8799340577406218
1122,1.122,1696.2026828818541,5100000.0,0.17523755866850216,0.0009999999999998899,0.005706539212244992,0,58,0,1e-08,0.005706539212244992,0.4739071776271044,0.2520826542804069,0.03324096544265757,0.021856923015758846,0.21243418760620436,1.4871507577448032e-12,0.006438547062843446,7.374947192474079e-12,3.162484112749134e-07,1.3801041001664777e-05,1.1333738899495567e-14,1.0549332820341588e-12,1.8799674217169602
1123,1.123,1696.1376780043709,5100000.0,0.17523248375495018,0.001000000000000112,0.005706704479510424,0,58,0,1e-08,0.005706704479510424,0.47391789792918937,0.25208388708998675,0.03324174963148411,0.021852048224113574,0.21242641121984646,1.4849504249024982e-12,0.006438486713157668,7.36439242114468e-12,3.159856702727403e-07,1.3792735058258835e-05,1.1316835602566267e-14,1.0538010323375442e-12,1.880000754510796
1124,1.124,1696.0727151515052,5100000.0,0.17522741043165288,0.0009999999999998899,0.005706869704554231,0,58,0,1e-08,0.005706869704554231,0.47392860290201344,0.2520851158762195,0.033242534577878485,0.021847181324736474,0.21241864539963748,1.4827547400336407e-12,0.006438426461213482,7.35385910994521e-12,3.157233090085231e-07,1.378443871551912e-05,1.1299968096440979e-14,1.0526707222106438e-12,1.8800340561746016
1125,1.125,1696.007794225825,5100000.0,0.1752223386949205,0.001000000000000112,0.005707034887493491,0,58,0,1e-08,0.005707034887493491,0.4739392925810973,0.25208634064890084,0.03324332027969352,0.021842322299159885,0.21241089012120704,1.4805636888315318e-12,0.006438366306781983,7.343347194908265e-12,3.154613265158815e-07,1.3776151951161399e-05,1.1283136271003629e-14,1.0515423463056829e-12,1.8800673267782777
1126,1.1260000000000001,1695.9429151316906,5100000.0,0.17521726854119177,0.0009999999999998899,0.005707200028430989,0,58,0,1e-08,0.005707200028430989,0.47394996700398323,0.25208756141568744,0.033244106736901195,0.021837471128965367,0.2124031453581345,1.4783772571281686e-12,0.0064383062496349,7.332856612474037e-12,3.1519972183473933e-07,1.3767874743202525e-05,1.1266340017324818e-14,1.0504158992999432e-12,1.880100566415687
1127,1.127,1695.8780777673962,5100000.0,0.17521219996707307,0.001000000000000112,0.005707365127474217,0,58,0,1e-08,0.005707365127474217,0.47396062619878404,0.2520887781933776,0.0332448939402857,0.021832627795851392,0.21239541109335527,1.476195430478221e-12,0.0064382462895454,7.322387298706558e-12,3.149384939968267e-07,1.3759607068772674e-05,1.1249579223774024e-14,1.0492913758731033e-12,1.880133775075098
1128,1.1280000000000001,1695.813282038317,5100000.0,0.17520713296850285,0.0009999999999998899,0.0057075301847423114,0,58,0,1e-08,0.0057075301847423114,0.47397127020296886,0.25208999098930485,0.033245681890075124,0.021827792281560232,0.2123876873004243,1.4740181948469305e-12,0.006438186426287193,7.31193919061601e-12,3.1467764205040797e-07,1.3751348906096332e-05,1.1232853782475763e-14,1.048168770748364e-12,1.8801669528524738
1129,1.129,1695.7485278520649,5100000.0,0.17520206754213613,0.001000000000000112,0.005707695200341239,0,58,0,1e-08,0.005707695200341239,0.4739818990568422,0.25209119980789896,0.03324647058939115,0.021822964567861026,0.21237997395004204,1.4718455363620235e-12,0.006438126659634316,7.3015122256495e-12,3.144171650505274e-07,1.374310023376442e-05,1.1216163586963494e-14,1.047048078673083e-12,1.880200099876674
1130,1.1300000000000001,1695.6838151173959,5100000.0,0.17519700368484856,0.0009999999999998899,0.005707860174359661,0,58,0,1e-08,0.005707860174359661,0.4739925128021153,0.25209240465213506,0.0332472600428018,0.021818144636542795,0.21237227101149264,1.469677441252542e-12,0.0064380669893610715,7.291106341577722e-12,3.14157062056858e-07,1.3734861030573583e-05,1.1199508531651853e-14,1.0459292944147109e-12,1.88023321629298
1131,1.131,1695.6191437318391,5100000.0,0.17519194139362582,0.001000000000000112,0.005708025106892821,0,58,0,1e-08,0.005708025106892821,0.47400311146380025,0.25209360554135574,0.03324805023844894,0.02181333246953061,0.21236457847067927,1.4675138952050138e-12,0.006438007415243447,7.280721475279043e-12,3.1389733211108973e-07,1.3726631273663094e-05,1.118288850576101e-14,1.0448124127263632e-12,1.8802663020583457
1132,1.1320000000000001,1695.5545136005271,5100000.0,0.17518688066424845,0.0009999999999998899,0.005708189998065115,0,58,0,1e-08,0.005708189998065115,0.47401369507687996,0.2520948024848014,0.03324884117455981,0.0218085280488033,0.2123568963034965,1.46535488433949e-12,0.0064379479370580825,7.270357564622326e-12,3.136379742724628e-07,1.3718410941338188e-05,1.1166303402475715e-14,1.0436974284064677e-12,1.880299357244614
1133,1.133,1695.4899246371979,5100000.0,0.17518182149326136,0.001000000000000112,0.005708354847986202,0,58,0,1e-08,0.005708354847986202,0.47402426368837997,0.25209599547971606,0.03324963286136194,0.021803731356318568,0.2123492244738118,1.4632003952682497e-12,0.006437888554581376,7.260014548542324e-12,3.133789876187867e-07,1.3710200013227949e-05,1.1149753119493037e-14,1.0425843362965666e-12,1.8803323820608666
1134,1.1340000000000001,1695.4253767315347,5100000.0,0.1751767638781059,0.0009999999999998899,0.005708519656726418,0,58,0,1e-08,0.005708519656726418,0.4740348173101778,0.2520971845579543,0.03325042527438165,0.02179894237425759,0.2123415629805085,1.4610504133937357e-12,0.006437829267592464,7.249692363811452e-12,3.131203711861064e-07,1.3701998465381844e-05,1.1133237543080424e-14,1.041473131185243e-12,1.880365376318602
1135,1.135,1695.3608698060962,5100000.0,0.1751717078136623,0.001000000000000112,0.005708684424449724,0,58,0,1e-08,0.005708684424449724,0.4740453560004208,0.2520983697053621,0.033251218435199605,0.021794161084688915,0.21233391177626235,1.4589049258626456e-12,0.006437770075869137,7.239390950689706e-12,3.1286212407490237e-07,1.3693806278802144e-05,1.1116756575744365e-14,1.040363807982371e-12,1.8803983403560183
1136,1.1360000000000001,1695.2964037572358,5100000.0,0.17516665329824274,0.0009999999999998899,0.005708849151198128,0,58,0,1e-08,0.005708849151198128,0.47405587977968,0.25209955094496417,0.033252012328149526,0.021789387469848178,0.21232627085122918,1.4567639185090039e-12,0.006437710979191196,7.229110247037159e-12,3.126042453390047e-07,1.3685623430600394e-05,1.1100310107604544e-14,1.039256361532388e-12,1.8804312740849392
1137,1.137,1695.2319785049872,5100000.0,0.1751616003273963,0.001000000000000112,0.005709013837113853,0,58,0,1e-08,0.005709013837113853,0.4740663887018342,0.2521007282666589,0.03325280697072249,0.021784621511893257,0.2123186401623002,1.4546273784278869e-12,0.006437651977337529,7.218850193267501e-12,3.1234673407910824e-07,1.3677449901459152e-05,1.1083898040522207e-14,1.0381507867704342e-12,1.8804641777963913
1138,1.1380000000000001,1695.1675939354925,5100000.0,0.17515654889914264,0.0009999999999998899,0.005709178482248486,0,58,0,1e-08,0.005709178482248486,0.4740768827716802,0.252101901708784,0.03325360233186241,0.021779863193248546,0.21231101971529262,1.4524952910102122e-12,0.006437593070090317,7.208610726679335e-12,3.1208958933597665e-07,1.3669285667022722e-05,1.1067520260273816e-14,1.0370470785489068e-12,1.8804970512253851
1139,1.139,1695.1032499672685,5100000.0,0.17515149900790955,0.001000000000000112,0.005709343086780854,0,58,0,1e-08,0.005709343086780854,0.4740873620391123,0.25210307126471715,0.03325439842549536,0.02177511249627731,0.21230340947095774,1.4503676433481854e-12,0.006437534257230961,7.198391787991393e-12,3.118328102140365e-07,1.366113070779369e-05,1.1051176668468771e-14,1.0359452318418567e-12,1.8805298946211717
1140,1.1400000000000001,1695.0389465117246,5100000.0,0.17514645065148945,0.0009999999999998899,0.005709507650770003,0,58,0,1e-08,0.005709507650770003,0.4740978265439959,0.25210423693779793,0.033255195255573654,0.021770369403372646,0.21229580940006093,1.448244422211856e-12,0.006437475538541245,7.188193317409378e-12,3.115763958064213e-07,1.365298500324849e-05,1.1034867163630897e-14,1.0348452416144883e-12,1.8805627081189071
1141,1.141,1694.9746834732514,5100000.0,0.17514140382692936,0.001000000000000112,0.005709672174309443,0,58,0,1e-08,0.005709672174309443,0.4741082763156887,0.2521053987416488,0.03325599281573003,0.02176563389701865,0.21228821948382007,1.446125614052016e-12,0.006437416913804075,7.178015254662952e-12,3.113203451959994e-07,1.3644848531845972e-05,1.1018591641200163e-14,1.033747102829019e-12,1.880595491735355
1142,1.1420000000000001,1694.9104607580327,5100000.0,0.17513635853051931,0.0009999999999998899,0.005709836657507239,0,58,0,1e-08,0.005709836657507239,0.47411871138535727,0.25210655668790466,0.033256791101554675,0.021760905959773515,0.21228063970159855,1.4440112054487741e-12,0.006437358382803306,7.167857539869524e-12,3.110646574719075e-07,1.363672127233645e-05,1.1002349997724373e-14,1.0326508104725604e-12,1.8806282455092693
1143,1.143,1694.8462782807446,5100000.0,0.17513131475870877,0.001000000000000112,0.005710001100476435,0,58,0,1e-08,0.005710001100476435,0.47412913179588134,0.2521077107764856,0.03325759012035114,0.021756185574193544,0.21227307002104728,1.4419011834567307e-12,0.006437299945322712,7.157720114188563e-12,3.108093317416795e-07,1.3628603204766771e-05,1.0986142134120441e-14,1.031556359575729e-12,1.8806609696132468
1144,1.1440000000000001,1694.7821359368056,5100000.0,0.17512627250882457,0.0009999999999998899,0.0057101655032913475,0,58,0,1e-08,0.0057101655032913475,0.47413953756193916,0.2521088610350685,0.03325838985159245,0.021751472723019846,0.21226551043790964,1.4397955341863105e-12,0.006437241601148442,7.147602917112215e-12,3.1055436708017643e-07,1.3620494306340634e-05,1.0969967942345464e-14,1.0304637451303986e-12,1.8806936639009528
1145,1.145,1694.7180336514389,5100000.0,0.17512123177614028,0.001000000000000112,0.005710329866103413,0,58,0,1e-08,0.005710329866103413,0.4741499287401319,0.25211000744964424,0.03325919031647724,0.021746767388892578,0.21225796090606272,1.437694245303758e-12,0.006437183350065332,7.137505891248398e-12,3.1029976262016306e-07,1.3612394558724954e-05,1.0953827328858236e-14,1.0293729622370171e-12,1.8807263287033036
1146,1.1460000000000001,1694.653971325016,5100000.0,0.1751161925590418,0.0009999999999998899,0.00571049418895247,0,58,0,1e-08,0.00571049418895247,0.47416030535154324,0.25211115004136386,0.03325999150098221,0.021742069554600587,0.21225042141481568,1.4355973032541404e-12,0.0064371251918600636,7.12742897697629e-12,3.1004551745063073e-07,1.3604303939923414e-05,1.0937720188585215e-14,1.0282840059353457e-12,1.8807589639480355
1147,1.147,1694.589948868229,5100000.0,0.17511115485329717,0.001000000000000112,0.005710658471973882,0,58,0,1e-08,0.005710658471973882,0.47417066743107356,0.25211228881746045,0.03326079340498573,0.02173737920297361,0.2122428919396351,1.4335046950401025e-12,0.006437067126319844,7.1173721158918565e-12,3.0979163068273016e-07,1.3596222429495258e-05,1.0921646421591536e-14,1.0271968713167688e-12,1.8807915697215076
1148,1.1480000000000001,1694.5259661913892,5100000.0,0.17510611865572556,0.0009999999999998899,0.005710822715258627,0,58,0,1e-08,0.005710822715258627,0.47418101501258814,0.25211342378606655,0.033261596027446265,0.021732696316895114,0.2122353724569878,1.4314164076861935e-12,0.00643700915323254,7.107335249764572e-12,3.095381014296508e-07,1.358815000697331e-05,1.09056059280466e-14,1.0261115534896428e-12,1.8808241460992547
1149,1.149,1694.4620232078048,5100000.0,0.17510108396308677,0.001000000000000112,0.005710986918909782,0,58,0,1e-08,0.005710986918909782,0.474191348133852,0.2521145549513508,0.03326239937127207,0.0217280208792757,0.21222786293942716,1.4293324284082454e-12,0.006436951272386356,7.097318320850826e-12,3.0928492881257333e-07,1.3580086652363457e-05,1.0889598609823546e-14,1.0250280475876998e-12,1.880856693201843
1150,1.1500000000000001,1694.3981198237784,5100000.0,0.17509605077244147,0.0009999999999998899,0.005711151083010495,0,58,0,1e-08,0.005711151083010495,0.4742016668221395,0.2521156823277411,0.03326320342907506,0.021723352873120015,0.2122203633699376,1.4272527441018096e-12,0.006436893483570659,7.0873212709246165e-12,3.0903211194231986e-07,1.3572032344658054e-05,1.0873624365730744e-14,1.0239463487405234e-12,1.8808892110316833
1151,1.151,1694.334255947134,5100000.0,0.17509101908009342,0.001000000000000112,0.005711315207678774,0,58,0,1e-08,0.005711315207678774,0.47421197110604685,0.2521168059281462,0.03326400819495135,0.021718692281514736,0.21221287373013706,1.425177341778521e-12,0.006436835786575845,7.077344042124051e-12,3.087796499356488e-07,1.3563987063099295e-05,1.085768309553913e-14,1.0228664521029127e-12,1.8809216996077531
1152,1.1520000000000001,1694.2704314979485,5100000.0,0.1750859888824752,0.0009999999999998899,0.0057114792930183025,0,58,0,1e-08,0.0057114792930183025,0.4742222610313035,0.25211792574840264,0.033264813680080586,0.021714039087518056,0.21220539398452218,1.4231062091072925e-12,0.0064367781811919215,7.06738657797224e-12,3.085275419343769e-07,1.3555950788776833e-05,1.084177470510748e-14,1.021788352883052e-12,1.8809541591443466
1153,1.153,1694.2066463800547,5100000.0,0.17508096017729402,0.0009999999999998899,0.005711643339100092,0,58,0,1e-08,0.005711643339100092,0.47423253662013054,0.25211904180754924,0.03326561987238787,0.02170939327431579,0.21219792412102403,1.4210393329742957e-12,0.006436720667210512,7.057448820608013e-12,3.0827578705270834e-07,1.3547923500399509e-05,1.0825899092883595e-14,1.0207120462554678e-12,1.8809865895894045
1154,1.154,1694.1429005100306,5100000.0,0.17507593296053467,0.001000000000000112,0.005711807346047559,0,58,0,1e-08,0.005711807346047559,0.4742427979122333,0.2521201541071262,0.03326642677729629,0.021704754825098996,0.21219046411008527,1.4189767009446481e-12,0.006436663244423324,7.0475307136048095e-12,3.080243844311396e-07,1.3539905178588702e-05,1.0810056163575521e-14,1.0196375274518307e-12,1.8810189910907595
1155,1.155,1694.079193802255,5100000.0,0.17507090722949573,0.0009999999999998899,0.0057119713139374825,0,58,0,1e-08,0.0057119713139374825,0.47425304494397835,0.25212126265192186,0.033267234396962275,0.021700123723093937,0.2121830139254643,1.4169183005112968e-12,0.0064366059126224435,7.037632200511691e-12,3.077733332083489e-07,1.3531895803671197e-05,1.0794245821145098e-14,1.018564791711943e-12,1.881051363758761
1156,1.156,1694.015526158522,5100000.0,0.1750658829812373,0.001000000000000112,0.0057121352428633225,0,58,0,1e-08,0.0057121352428633225,0.4742632777330712,0.2521223674650319,0.03326804271517929,0.021695499951674458,0.21217557355949584,1.4148641185706988e-12,0.006436548671601851,7.027753223871494e-12,3.075226325027638e-07,1.3523895354135057e-05,1.0778467963874575e-14,1.0174938342567037e-12,1.8810837074931446
1157,1.157,1693.951897504163,5100000.0,0.17506086021146602,0.0009999999999998899,0.005712299132952578,0,58,0,1e-08,0.005712299132952578,0.47427349633018434,0.2521234685367359,0.0332688517485768,0.021690883494148747,0.2121681429715834,1.4128141432380746e-12,0.006436491521154657,7.0178937286922736e-12,3.072722814787858e-07,1.3515903811976538e-05,1.0762722501362155e-14,1.016424650395919e-12,1.8811160225692352
1158,1.158,1693.8883077378869,5100000.0,0.17505583891834475,0.001000000000000112,0.005712462984262779,0,58,0,1e-08,0.005712462984262779,0.47428370074770543,0.2521245658951554,0.03326966147587509,0.02168627433400981,0.21216072215930493,1.4107683613274635e-12,0.00643643446107628,7.008053657601519e-12,3.070222792541015e-07,1.3507921155281145e-05,1.0747009330965113e-14,1.0153572353736384e-12,1.8811483088281593
1159,1.159,1693.8247567870756,5100000.0,0.17505081909721942,0.0009999999999998899,0.005712626796933247,0,58,0,1e-08,0.005712626796933247,0.47429389103817693,0.25212565952844407,0.03327047191578737,0.02168167245466935,0.21215331108013172,1.4087267611286528e-12,0.006436377491161199,6.9982329561939125e-12,3.067726250020759e-07,1.3499947366399022e-05,1.0731328363740276e-14,1.0142915845403714e-12,1.881180566568507
1160,1.16,1693.7612445489283,5100000.0,0.17504580074642703,0.001000000000000112,0.005712790571015875,0,58,0,1e-08,0.005712790571015875,0.4743040672107912,0.2521267494676191,0.033271283044082944,0.021677077839742712,0.21214590973476619,1.406689329454209e-12,0.006436320611206322,6.988431567343405e-12,3.065233178428215e-07,1.3491982423246414e-05,1.0715679496860822e-14,1.013227693169727e-12,1.8812127955971074
1161,1.161,1693.6977709507355,5100000.0,0.1750407838611164,0.0009999999999998899,0.005712954306656473,0,58,0,1e-08,0.005712954306656473,0.47431422931681444,0.25212783570180025,0.03327209487845972,0.02167249047276897,0.21213851808187784,1.404656054659243e-12,0.006436263821007618,6.97864943702676e-12,3.062743569548209e-07,1.348402630820931e-05,1.0700062641824392e-14,1.0121655566469243e-12,1.8812449962002658
1162,1.162,1693.6343359042944,5100000.0,0.17503576843956944,0.001000000000000112,0.0057131180039087775,0,58,0,1e-08,0.0057131180039087775,0.47432437738550554,0.25212891824192873,0.03327290741476202,0.02166791033736532,0.21213113610209766,1.4026269243591924e-12,0.006436207120362079,6.968886509886956e-12,3.060257414896438e-07,1.3476079001414002e-05,1.0684477703159027e-14,1.0111051703205542e-12,1.8812771684141782
1163,1.163,1693.5709393217203,5100000.0,0.17503075447844077,0.0009999999999998899,0.005713281662869504,0,58,0,1e-08,0.005713281662869504,0.4743345114459411,0.2521299970989577,0.03327372064879241,0.02166333741721691,0.21212376377619974,1.4006019262235005e-12,0.006436150509067492,6.959142730804546e-12,3.057774706023149e-07,1.3468140483061545e-05,1.0668924585802032e-14,1.0100465295590083e-12,1.8813093122742193
1164,1.164,1693.5075811157917,5100000.0,0.17502574197439383,0.001000000000000112,0.005713445283645256,0,58,0,1e-08,0.005713445283645256,0.47434463152749934,0.2521310722833818,0.03327453457678792,0.021658771696074313,0.21211640108461585,1.3985810479884976e-12,0.006436093986922522,6.949418044915764e-12,3.0552954345172266e-07,1.3460210733473438e-05,1.065340319523012e-14,1.0089896297501427e-12,1.8813414278203737
1165,1.165,1693.4442611981835,5100000.0,0.1750207309241371,0.0009999999999998899,0.0057136088663310445,0,58,0,1e-08,0.0057136088663310445,0.474354737657341,0.2521321438077216,0.03327534919292474,0.021654213157765473,0.21210904800994923,1.3965642773694909e-12,0.006436037553726713,6.93971239744679e-12,3.05281959197457e-07,1.3452289732833207e-05,1.0637913436643346e-14,1.0079344662963922e-12,1.8813735150687034
1166,1.166,1693.380979499151,5100000.0,0.17501572132423918,0.001000000000000112,0.005713772411036624,0,58,0,1e-08,0.005713772411036624,0.47436482988892964,0.25213321165839075,0.033276164517520024,0.021649661786036528,0.21210170450854654,1.394551603040945e-12,0.00643598120927866,6.930025735564544e-12,3.0503471703508975e-07,1.3444377464088388e-05,1.062245522413843e-14,1.0068810346693813e-12,1.8814055743343927
1167,1.167,1693.3177359103865,5100000.0,0.1750107131732148,0.0009999999999998899,0.005713935917798081,0,58,0,1e-08,0.005713935917798081,0.47437490822033174,0.2521342758765726,0.03327698051601529,0.021645117564894303,0.21209437059200126,1.3925430118015746e-12,0.006435924953380134,6.920358002958238e-12,3.047878160922075e-07,1.3436473904537925e-05,1.060702845418755e-14,1.0058293302412308e-12,1.8814376053042177
1168,1.168,1693.2545303677236,5100000.0,0.17500570646550506,0.001000000000000112,0.005714099386794678,0,58,0,1e-08,0.005714099386794678,0.47438497271152147,0.25213533644185787,0.03327779721549916,0.021640580478211224,0.2120870462100707,1.3905384926661583e-12,0.006435868785831301,6.910709147707296e-12,3.0454125558002397e-07,1.3428579037991923e-05,1.059163304389372e-14,1.0047793485364276e-12,1.881469608370083
1169,1.169,1693.191362777393,5100000.0,0.1750007012001567,0.0009999999999998899,0.00571426281804518,0,58,0,1e-08,0.00571426281804518,0.4743950233804741,0.2521363933754969,0.0332786146013413,0.02163605051000204,0.21207973135443214,1.3885380332243363e-12,0.0064358127064340215,6.901079115247469e-12,3.042950346573859e-07,1.342069284394179e-05,1.0576268896977361e-14,1.0037310850016264e-12,1.8815015834464486
1170,1.17,1693.1282330607494,5100000.0,0.17499569737310902,0.001000000000000112,0.005714426211679982,0,58,0,1e-08,0.005714426211679982,0.4744050602659713,0.252137446677925,0.033279432679726,0.021631527644282268,0.21207242599595408,1.3865416218449379e-12,0.006435756714990226,6.891467852637372e-12,3.0404915251343815e-07,1.3412815304122944e-05,1.0560935924359719e-14,1.0026845351468015e-12,1.8815335306856116
1171,1.171,1693.0651411193894,5100000.0,0.17499069498186248,0.0009999999999998899,0.005714589567768379,0,58,0,1e-08,0.005714589567768379,0.4744150833780017,0.2521384963779487,0.033280251428395816,0.02162701186524377,0.21206513013419256,1.3845492459574584e-12,0.006435700811304003,6.8818753052568974e-12,3.0380360830398484e-07,1.340494639739268e-05,1.0545634028080007e-14,1.0016396944400694e-12,1.8815654499139491
1172,1.172,1693.0020868932695,5100000.0,0.17498569402181605,0.001000000000000112,0.00571475288645847,0,58,0,1e-08,0.00571475288645847,0.47442509278068484,0.25213954245060205,0.033281070878923215,0.02162250315692522,0.21205784371466166,1.3825608949123386e-12,0.0064356449951775245,6.872301422295362e-12,3.0355840125717585e-07,1.3397086108263166e-05,1.053036312807916e-14,1.0005965584809393e-12,1.881597341573791
1173,1.173,1692.9390702820765,5100000.0,0.1749806944923839,0.0009999999999998899,0.005714916167757096,0,58,0,1e-08,0.005714916167757096,0.4744350884809417,0.2521405849276278,0.03328189100609407,0.02161800150357133,0.21205056673995293,1.3805765561181426e-12,0.006435589266415571,6.862746149292097e-12,3.0331353052934676e-07,1.338923441536978e-05,1.0515123126066914e-14,9.995551227582226e-13,1.8816292054574209
1174,1.174,1692.8760912064859,5100000.0,0.1749756963887472,0.001000000000000112,0.005715079411819518,0,58,0,1e-08,0.005715079411819518,0.4744450705144256,0.25214162381200717,0.03328271181344712,0.021613506889435995,0.21204329918391973,1.3785962180428628e-12,0.006435533624822987,6.85320943397712e-12,3.030689953183758e-07,1.3381391300443482e-05,1.0499913933576745e-14,9.985153828454973e-13,1.8816610416857011
1175,1.175,1692.8131495867076,5100000.0,0.1749706997082531,0.0009999999999998899,0.0057152426187201295,0,58,0,1e-08,0.0057152426187201295,0.4744550389158808,0.2521426591075573,0.03328353330367469,0.021609019298802216,0.21203604102130427,1.3766198691681058e-12,0.006435478070205009,6.843691224206055e-12,3.028247948233773e-07,1.3373556745173905e-05,1.0484735462183595e-14,9.974773343286988e-13,1.8816928503696435
1176,1.176,1692.7502453384675,5100000.0,0.1749657044481899,0.001000000000000112,0.0057154057885454215,0,58,0,1e-08,0.0057154057885454215,0.47446499371332607,0.2521436908246653,0.03328435547286947,0.021604538716017717,0.21202879223354082,1.374647497788312e-12,0.006435422602367632,6.8341914675818306e-12,3.025809282374532e-07,1.3365730730618733e-05,1.0469587621648589e-14,9.96440972794495e-13,1.8817246315445493
1177,1.177,1692.6873783752912,5100000.0,0.17496071060536045,0.0009999999999998899,0.00571556892138761,0,58,0,1e-08,0.00571556892138761,0.47447493493096327,0.2521447189773268,0.03328517831348625,0.0216000651255153,0.21202155280582388,1.3726790921240227e-12,0.006435367221117984,6.8247101116916555e-12,3.023373947524189e-07,1.3357913237537014e-05,1.0454470320951618e-14,9.954062938406566e-13,1.8817563852036443
1178,1.178,1692.624548628551,5100000.0,0.174955718176309,0.001000000000000112,0.00571573201735754,0,58,0,1e-08,0.00571573201735754,0.47448486261810685,0.25214574355457187,0.0332860018429665,0.021595598511664958,0.21201432269827167,1.3707146412989154e-12,0.00643531192626231,6.815247105961951e-12,3.020941935945343e-07,1.3350104249323412e-05,1.0439383477460396e-14,9.94373293131972e-13,1.881788111626061
1179,1.179,1692.5617559993216,5100000.0,0.17495072715944596,0.0009999999999998899,0.005715895076494958,0,58,0,1e-08,0.005715895076494958,0.47449477678062835,0.2521467645884017,0.033286826035700684,0.021591138859034492,0.21200710191433425,1.3687541329948242e-12,0.006435256717609408,6.8058023971544895e-12,3.0185132393730453e-07,1.3342303744969454e-05,1.0424326994978265e-14,9.933419662571044e-13,1.8818198105979358
1180,1.18,1692.4990004202436,5100000.0,0.17494573754998305,0.001000000000000112,0.005716058098954288,0,58,0,1e-08,0.005716058098954288,0.47450467746845637,0.252147782066931,0.03328765090999448,0.021586686152115987,0.2119998904134424,1.3667975564608085e-12,0.006435201594967057,6.796375935172309e-12,3.016087850142824e-07,1.333451170809844e-05,1.0409300791874478e-14,9.923123089175185e-13,1.8818514824076547
1181,1.181,1692.4362818035577,5100000.0,0.17494074934641882,0.0009999999999998899,0.005716221084772441,0,58,0,1e-08,0.005716221084772441,0.47451456470249764,0.2521487960070354,0.03328847645535195,0.0215822403755116,0.21199268818398545,1.3648448999889448e-12,0.006435146558144468,6.7869676681700246e-12,3.0136657602377253e-07,1.3326728119383838e-05,1.0394304777514615e-14,9.91284316765149e-13,1.881883127013852
1182,1.182,1692.3736000662082,5100000.0,0.17493576254510446,0.001000000000000112,0.005716384034066662,0,58,0,1e-08,0.005716384034066662,0.47452443850956516,0.2521498064195337,0.03328930266730375,0.021577801513884536,0.2119854952084107,1.3628961521300494e-12,0.006435091606951593,6.777577544925117e-12,3.0112469617532235e-07,1.3318952960205478e-05,1.0379338863598253e-14,9.902579854837662e-13,1.8819147444437792
1183,1.183,1692.3109551346204,5100000.0,0.17493077714285798,0.0009999999999998899,0.005716546946928816,0,58,0,1e-08,0.005716546946928816,0.4745342989295715,0.2521508133021607,0.0332901295544723,0.021573369551889404,0.21197831145606566,1.3609513019269398e-12,0.006435036741198258,6.768205515267462e-12,3.008831446978199e-07,1.331118621335079e-05,1.0364402966355034e-14,9.892333107998204e-13,1.881946334874285
1184,1.184,1692.2483469270144,5100000.0,0.1749257931374772,0.001000000000000112,0.005716709823428925,0,58,0,1e-08,0.005716709823428925,0.47454414599061223,0.25215181666432185,0.03329095711377885,0.021568944474242513,0.21197113690808478,1.3590103380608786e-12,0.006434981960695042,6.75885152842992e-12,3.0064192080729043e-07,1.3303427860439372e-05,1.0349496998564132e-14,9.882102884283461e-13,1.8819778983482442
1185,1.185,1692.1857753560846,5100000.0,0.1749208105258923,0.0009999999999998899,0.00571687266365523,0,58,0,1e-08,0.00571687266365523,0.4745539797122145,0.25215281652373644,0.03329178533379283,0.021564526265764043,0.2119639715541045,1.3570732489731694e-12,0.006434927265253888,6.749515533299809e-12,3.004010237122179e-07,1.329567788230364e-05,1.0334620870688478e-14,9.871889140839193e-13,1.8820094348124892
1186,1.186,1692.1232403471818,5100000.0,0.17491582930442504,0.001000000000000112,0.005717035467726041,0,58,0,1e-08,0.005717035467726041,0.47456380013129873,0.2521538128807234,0.03329261422047882,0.02156011491127599,0.2119568153663688,1.3551400237506754e-12,0.00643487265468663,6.7401974801268485e-12,3.001604526465751e-07,1.3287936261643768e-05,1.0319774499138449e-14,9.861691835359639e-13,1.8820409444126953
1187,1.187,1692.0607418240807,5100000.0,0.17491084947070512,0.0009999999999998899,0.005717198235706782,0,58,0,1e-08,0.005717198235706782,0.47457360728240033,0.2521548057379277,0.03329344377746913,0.0215557103956239,0.2119496683194883,1.3532106514353486e-12,0.006434818128805485,6.730897319164882e-12,2.999202068432358e-07,1.3280202980955676e-05,1.0304957799848966e-14,9.851510925608593e-13,1.8820724272677134
1188,1.188,1691.9982796988756,5100000.0,0.17490587102218927,0.001000000000000112,0.005717360967678711,0,58,0,1e-08,0.005717360967678711,0.47458340118297415,0.25215579511479874,0.03329427399154347,0.021551312703768272,0.21194253040508798,1.3512851205382377e-12,0.006434763687424089,6.721614999756212e-12,2.9968028551629445e-07,1.3272478021059406e-05,1.0290170683718665e-14,9.841346369152187e-13,1.8821038833032213
1189,1.189,1691.9358538926635,5100000.0,0.1749008939550885,0.0009999999999998899,0.0057175236637536705,0,58,0,1e-08,0.0057175236637536705,0.4745931818624461,0.2521567810187079,0.03329510486154112,0.021546921820710663,0.21193540160279759,1.349363420033792e-12,0.006434709330356577,6.7123504722636615e-12,2.9944068789889295e-07,1.3264761364103982e-05,1.0275413065894166e-14,9.83119812400768e-13,1.8821353125825129
1190,1.19,1691.8734643363784,5100000.0,0.174895918266529,0.001000000000000112,0.00571768632402377,0,58,0,1e-08,0.00571768632402377,0.47460294936404035,0.25215776344330343,0.03329593640003678,0.021542537731421934,0.2119282818784653,1.347445539400958e-12,0.006434655057416705,6.7031036881105196e-12,2.992014132437207e-07,1.3257052993693472e-05,1.0260684866169602e-14,9.821066148605176e-13,1.8821667153260293
1191,1.191,1691.811110948489,5100000.0,0.1748909439546637,0.0009999999999998899,0.0057178489485374155,0,58,0,1e-08,0.0057178489485374155,0.4746127037131991,0.2521587423998367,0.03329676860197375,0.021538160420947156,0.21192117121567566,1.345531467553254e-12,0.006434600868419144,6.6938745977193e-12,2.989624607827104e-07,1.3249352891647478e-05,1.0245985998997997e-14,9.810950401117114e-13,1.8821980915522936
1192,1.192,1691.7487936410143,5100000.0,0.17488597101633105,0.001000000000000112,0.0057180115373961634,0,58,0,1e-08,0.0057180115373961634,0.47462244492541084,0.25215971790922337,0.033297601452580386,0.021533789874450135,0.21191406960789907,1.3436211931243075e-12,0.00643454676318004,6.684663151097055e-12,2.987238297388404e-07,1.3241661038868825e-05,1.0231316376135611e-14,9.800850839696528e-13,1.8822294411682094
1193,1.193,1691.686512345938,5100000.0,0.17488099944766242,0.0009999999999998899,0.005718174090714556,0,58,0,1e-08,0.005718174090714556,0.4746321730439344,0.2521606899646959,0.03329843496478243,0.021529426077056515,0.21190697702085523,1.3417147057336277e-12,0.006434492741515074,6.6754693002669184e-12,2.984855193735394e-07,1.3233977419179957e-05,1.0216675918482055e-14,9.790767423255556e-13,1.8822607643974398
1194,1.194,1691.6242669836854,5100000.0,0.17487602924686502,0.001000000000000112,0.005718336608549446,0,58,0,1e-08,0.005718336608549446,0.47464188809558433,0.2521616585757766,0.033299269135191455,0.02152506901395615,0.2118998934366697,1.3398119944803004e-12,0.0064344388032406856,6.666292996324628e-12,2.982475289289048e-07,1.3226302014751863e-05,1.0202064542005915e-14,9.78070011045939e-13,1.8822920612768361
1195,1.195,1691.5620574676177,5100000.0,0.17487106041092837,0.0009999999999998899,0.005718499090987362,0,58,0,1e-08,0.005718499090987362,0.4746515900964194,0.2521626237624709,0.03330010394988959,0.02152071867045142,0.21189281884815817,1.337913048156391e-12,0.006434384948174768,6.657134189900752e-12,2.9800985763703804e-07,1.3218634806753461e-05,1.0187482159735026e-14,9.77064885993903e-13,1.8823233317223331
1196,1.196,1691.4998837315607,5100000.0,0.1748660929360733,0.001000000000000112,0.005718661538150149,0,58,0,1e-08,0.005718661538150149,0.47466127909103717,0.25216358551634904,0.033300939423411446,0.021516375031800223,0.21188575321962005,1.3360178565588237e-12,0.00643433117613464,6.64799283366599e-12,2.9777250476905094e-07,1.32109757793392e-05,1.0172928694011144e-14,9.76061363108106e-13,1.8823545759752947
1197,1.197,1691.4377456935686,5100000.0,0.17486112682065014,0.0009999999999998899,0.005718823950079883,0,58,0,1e-08,0.005718823950079883,0.4746709551015698,0.25216454385123555,0.03330177554800142,0.021512038083346924,0.21187869653777236,1.3341264087642056e-12,0.006434277486938671,6.6388688789879715e-12,2.975354695693448e-07,1.3203324914404727e-05,1.0158404060395459e-14,9.7505943829097e-13,1.8823857940218667
1198,1.198,1691.3756432833284,5100000.0,0.174856162061349,0.001000000000000112,0.005718986326883109,0,58,0,1e-08,0.005718986326883109,0.47468061816621626,0.2521654987649085,0.03330261233195287,0.021507707810427535,0.21187164877326742,1.3322386944347032e-12,0.006434223880405168,6.6297622784686736e-12,2.97298751305502e-07,1.3195682195554221e-05,1.0143908179840156e-14,9.740591074945317e-13,1.8824169860316873
1199,1.199,1691.3135764119738,5100000.0,0.1748511986560653,0.0009999999999998899,0.005719148668616814,0,58,0,1e-08,0.005719148668616814,0.4746902682964355,0.2521664502815491,0.033303449757100895,0.021503384198517318,0.21186460992341635,1.3303547023794712e-12,0.0064341703563540915,6.620672983163676e-12,2.970623492137819e-07,1.3188047603728107e-05,1.0129440965269892e-14,9.730603666286033e-13,1.88244815187125
1200,1.2,1691.2515450087044,5100000.0,0.1748462366007279,0.001000000000000112,0.005719310975412489,0,58,0,1e-08,0.005719310975412489,0.4746999055285037,0.2521673984005263,0.033304287830093426,0.021499067233087032,0.21185757996071264,1.328474422292963e-12,0.006434116914605414,6.611600945959715e-12,2.9682626256559565e-07,1.3180421122498497e-05,1.0115002337797913e-14,9.720632116745433e-13,1.8824792916906776
1201,1.201,1691.1895489958024,5100000.0,0.1748412758931343,0.0009999999999998899,0.005719473247330369,0,58,0,1e-08,0.005719473247330369,0.4747095298886921,0.25216834313107334,0.03330512654768839,0.021494756899665828,0.21185055886762297,1.326597843572968e-12,0.006434063554979841,6.602546119258205e-12,2.9659049062172426e-07,1.317280273446206e-05,1.0100592215703294e-14,9.71067638604805e-13,1.882510405526776
1202,1.202,1691.127588303746,5100000.0,0.174836316530347,0.001000000000000112,0.005719635484464912,0,58,0,1e-08,0.005719635484464912,0.47471914141455906,0.25216928447114645,0.033305965917924174,0.021490453183777607,0.21184354661532634,1.3247249560348913e-12,0.0064340102772979454,6.593508456363199e-12,2.963550326596473e-07,1.316519242342208e-05,1.0086210521098498e-14,9.70073643429476e-13,1.8825414935452898
1203,1.203,1691.0656628440474,5100000.0,0.17483135851027595,0.0009999999999998899,0.00571979768687271,0,58,0,1e-08,0.00571979768687271,0.47472874011635513,0.25217022244566917,0.03330680592181629,0.021486156071087743,0.21183654320222578,1.3228557486271016e-12,0.006433957081382148,6.584487909005851e-12,2.9611988792492366e-07,1.3157590170466113e-05,1.0071857167940232e-14,9.690812221155138e-13,1.8825725556023447
1204,1.204,1691.0037725485106,5100000.0,0.17482640182882211,0.001000000000000112,0.005719959854686265,0,58,0,1e-08,0.005719959854686265,0.4747383260323233,0.2521711570516073,0.03330764656834027,0.02148186554724466,0.21182954859874156,1.3209902112832504e-12,0.006433903967054544,6.5754844309382116e-12,2.9588505570209073e-07,1.3149995959628799e-05,1.005753207930646e-14,9.680903707075792e-13,1.8826035918737811
1205,1.205,1690.9419173514264,5100000.0,0.17482144648399003,0.0009999999999998899,0.005720121987959119,0,58,0,1e-08,0.005720121987959119,0.4747478992043552,0.25217208828233784,0.033308487870072,0.021477581597872077,0.2118225627716595,1.3191283340851287e-12,0.006433850934137027,6.566497976262493e-12,2.9565053528137197e-07,1.3142409775327635e-05,1.0043235179599188e-14,9.671010852659665e-13,1.8826346025766982
1206,1.206,1690.8800971626904,5100000.0,0.17481649247404787,0.001000000000000112,0.005720284086746366,0,58,0,1e-08,0.005720284086746366,0.47475745963940197,0.2521730161657921,0.033309329804966745,0.021473304208753555,0.21181558572261464,1.3172701059962369e-12,0.006433797982453423,6.557528497030519e-12,2.954163259114938e-07,1.3134831598489711e-05,1.002896638273331e-14,9.661133617923322e-13,1.882665587531661
1207,1.207,1690.8183119076627,5100000.0,0.17481153979468816,0.0009999999999998899,0.0057204461511772345,0,58,0,1e-08,0.0057204461511772345,0.47476700736536065,0.2521739407088788,0.03331017237199066,0.02146903336570377,0.21180861743227275,1.3154155167339503e-12,0.006433745111827918,6.548575946865652e-12,2.9518242687156634e-07,1.3127261412285139e-05,1.0014725609561702e-14,9.651271963520393e-13,1.8826965467992332
1208,1.208,1690.7565615252608,5100000.0,0.17480658844319066,0.001000000000000112,0.005720608181339205,0,58,0,1e-08,0.005720608181339205,0.474776542429208,0.2521748618995468,0.03331101558909059,0.021464769054483863,0.21180165786224864,1.3135645566794462e-12,0.006433692322084081,6.539640280758742e-12,2.9494883746656755e-07,1.3119699201858217e-05,1.0000512787090514e-14,9.641425850616766e-13,1.8827274806571879
1209,1.209,1690.6948459309035,5100000.0,0.17480163841825333,0.0009999999999998899,0.005720770177263206,0,58,0,1e-08,0.005720770177263206,0.47478606484458763,0.25217577975879363,0.0333118594411162,0.021460511260977557,0.21179470700742395,1.3117172151448325e-12,0.006433639613047023,6.530721451716922e-12,2.947155569611237e-07,1.3112144948999342e-05,9.986327832286695e-15,9.631595239785774e-13,1.882758389004372
1210,1.21,1690.633165050052,5100000.0,0.17479668971610327,0.001000000000000112,0.005720932139071202,0,58,0,1e-08,0.005720932139071202,0.4747955746385247,0.2521766942941283,0.033312703926386994,0.021456259971107998,0.21178776484927042,1.309873481938249e-12,0.006433586984542265,6.521819413822312e-12,2.944825846403705e-07,1.3104598636959521e-05,9.972170666669468e-15,9.621780092066896e-13,1.8827892718933934
1211,1.211,1690.5715188082577,5100000.0,0.17479174233399178,0.0009999999999998899,0.0057210940668415075,0,58,0,1e-08,0.0057210940668415075,0.4748050718377715,0.2521776055132239,0.03331354904304103,0.021452015170844354,0.21178083136950507,1.30803334689997e-12,0.006433534436395954,6.5129341213154235e-12,2.9424991979163504e-07,1.3097060249024228e-05,9.958041211997907e-15,9.611980368634563e-13,1.8828201293745463
1212,1.212,1690.5099071376899,5100000.0,0.17478679626916335,0.001000000000000112,0.005721255960662838,0,58,0,1e-08,0.005721255960662838,0.4748145564781738,0.2521785134146583,0.033314394798309915,0.021447776846154478,0.2117739065407525,1.3061968002082843e-12,0.006433481968434179,6.5040655291798e-12,2.940175617159159e-07,1.3089529769452402e-05,9.94393939312364e-15,9.602196030982428e-13,1.8828509616020854
1213,1.213,1690.4483299579936,5100000.0,0.1747818515195465,0.0009999999999998899,0.00572141782059138,0,58,0,1e-08,0.00572141782059138,0.4748240285775253,0.2521794180148349,0.03331524118156171,0.021443544983101127,0.21176699035363528,1.3043638314855996e-12,0.006433429580484246,6.495213591415072e-12,2.9378550969373486e-07,1.3082007180726257e-05,9.929865129651067e-15,9.592427040353324e-13,1.8828817685255859
1214,1.214,1690.3867871998514,5100000.0,0.17477690808174176,0.001000000000000112,0.0057215796467369705,0,58,0,1e-08,0.0057215796467369705,0.4748334881686838,0.25218031931506396,0.033316088197253756,0.02143931956775653,0.21176008278370106,1.302534430895093e-12,0.0064333772723735765,6.4863782631694245e-12,2.9355376302751276e-07,1.307449246693169e-05,9.915818346166463e-15,9.582673358462747e-13,1.882912550267041
1215,1.215,1690.325278784794,5100000.0,0.1747719659534874,0.0009999999999998899,0.0057217414391620616,0,58,0,1e-08,0.0057217414391620616,0.47484293527119037,0.25218121732977494,0.033316935836691125,0.021435100586275412,0.21175318381976801,1.300708588204372e-12,0.0064333250439306535,6.4775594989184386e-12,2.933223210053535e-07,1.30669856108643e-05,9.901798963491136e-15,9.572934946883613e-13,1.8829433067976782
1216,1.216,1690.2638046454551,5100000.0,0.17476702513154616,0.001000000000000112,0.005721903197971228,0,58,0,1e-08,0.005721903197971228,0.47485236991981944,0.2521821120581628,0.033317784106410626,0.0214308880248114,0.21174629343541967,1.298886293721304e-12,0.006433272894983816,6.468757254280671e-12,2.930911829371672e-07,1.3059486596930141e-05,9.88780690743635e-15,9.563211767652254e-13,1.882974038262874
1217,1.217,1690.2023647108963,5100000.0,0.1747620856138299,0.0009999999999998899,0.005722064923221278,0,58,0,1e-08,0.005722064923221278,0.47486179214417745,0.25218300350450834,0.03331863300785224,0.021426681869551524,0.21173941160938756,1.2970675376173185e-12,0.006433220825361913,6.459971484688909e-12,2.9286034812808153e-07,1.3051995409046963e-05,9.873842102483679e-15,9.55350378280247e-13,1.8830047447495335
1218,1.218,1690.140958904031,5100000.0,0.17475714739786752,0.001000000000000112,0.005722226614991739,0,58,0,1e-08,0.005722226614991739,0.4748712019647313,0.2521838916820531,0.03331948253346295,0.021422482106757023,0.21173253832950012,1.295252309807881e-12,0.006433168834894748,6.451202145179464e-12,2.9262981587441446e-07,1.3044512030274052e-05,9.859904470658543e-15,9.543810954323123e-13,1.8830354262414057
1219,1.219,1690.0795871580106,5100000.0,0.17475221048052755,0.0009999999999998899,0.0057223882733736225,0,58,0,1e-08,0.0057223882733736225,0.474880599416005,0.2521847765899781,0.03332033268975114,0.021418288722688947,0.21172567356952499,1.2934406007073421e-12,0.006433116923412066,6.442449191843785e-12,2.923995854925737e-07,1.303703644515464e-05,9.845993938581742e-15,9.534133244631222e-13,1.8830660828829622
1220,1.22,1690.0182493909283,5100000.0,0.17474727485973618,0.001000000000000112,0.005722549898433487,0,58,0,1e-08,0.005722549898433487,0.47488998451082537,0.2521856582488873,0.03332118346175696,0.021414101703722377,0.2117188173248612,1.2916324000626959e-12,0.006433065090745014,6.433712579579267e-12,2.921696562742595e-07,1.3029568636100165e-05,9.832110426589279e-15,9.524470615828835e-13,1.8830967145726683
1221,1.221,1689.956945536527,5100000.0,0.17474234053182305,0.0009999999999998899,0.005722711490280031,0,58,0,1e-08,0.005722711490280031,0.47489935728351257,0.2521865366578938,0.0333220348560072,0.02140992103622865,0.2117119695694168,1.2898276983681494e-12,0.006433013336724689,6.424992264829244e-12,2.919400275411722e-07,1.3022108587776549e-05,9.818253861915944e-15,9.514823030626344e-13,1.883127321454682
1222,1.222,1689.8956755206134,5100000.0,0.17473740749473796,0.001000000000000112,0.005722873048979085,0,58,0,1e-08,0.005722873048979085,0.4749087177569429,0.2521874118274079,0.03332288686771214,0.021405746706641336,0.21170513028850496,1.2880264857803177e-12,0.0064329616611830094,6.4162882034683676e-12,2.9171069860265357e-07,1.3014656283738345e-05,9.804424168592764e-15,9.505190451612347e-13,1.8831579035434214
1223,1.223,1689.8344392834404,5100000.0,0.17473247574558642,0.0009999999999998899,0.005723034574613981,0,58,0,1e-08,0.005723034574613981,0.47491806597417713,0.2521882837477454,0.03332373951218785,0.021401578701353556,0.21169829944727642,1.28622875314747e-12,0.006432910063951388,6.407600352792154e-12,2.914816687954022e-07,1.3007211709624354e-05,9.790621277044358e-15,9.495572841916834e-13,1.8831884610833869
1224,1.224,1689.7732367383137,5100000.0,0.17472754528298245,0.001000000000000112,0.0057231960672288265,0,58,0,1e-08,0.0057231960672288265,0.4749274019399358,0.2521891524472027,0.03332459276671169,0.021397417006910047,0.2116914770491355,1.284434490106702e-12,0.00643285854486306,6.3989286678401424e-12,2.9125293741009156e-07,1.2999774847249731e-05,9.776845106353977e-15,9.485970163984214e-13,1.8832189938834294
1225,1.225,1689.7120678213064,5100000.0,0.17472261610270076,0.0009999999999998899,0.005723357526950585,0,58,0,1e-08,0.005723357526950585,0.4749367256903118,0.252190017922734,0.033325446639906366,0.021393261609839863,0.2116846630661218,1.282643687365782e-12,0.006432807103751105,6.390273105827535e-12,2.9102450378015694e-07,1.2992345681692749e-05,9.763095585499107e-15,9.476382381091365e-13,1.8832495021108369
1226,1.226,1689.6509324646022,5100000.0,0.1747176882028754,0.001000000000000112,0.005723518953839125,0,58,0,1e-08,0.005723518953839125,0.47494603725583373,0.2521908801767982,0.033326301134881255,0.021389112496696547,0.21167785747582138,1.2808563354799223e-12,0.006432755740448889,6.381633623756573e-12,2.9079636723367965e-07,1.2984924197501272e-05,9.749372642006848e-15,9.466809456500015e-13,1.8832799858697238
1227,1.227,1689.589830596045,5100000.0,0.17471276158122895,0.0009999999999998899,0.005723680347957646,0,58,0,1e-08,0.005723680347957646,0.4749553366606168,0.25219173921814186,0.03332715624843629,0.021384969654084915,0.211671060262206,1.2790724248347296e-12,0.006432704454790458,6.373010178378594e-12,2.905685270927908e-07,1.2977510378624962e-05,9.73567620174489e-15,9.457251353456813e-13,1.8833104451918148
1228,1.228,1689.5287621324333,5100000.0,0.17470783623501734,0.001000000000000112,0.00572384170939482,0,58,0,1e-08,0.00572384170939482,0.4749646239124735,0.25219259507151337,0.033328011961319445,0.02138083306873592,0.2116642714254749,1.2772919453343397e-12,0.0064326532466114006,6.3644027256225065e-12,2.903409826623899e-07,1.2970104207458551e-05,9.722006186040883e-15,9.447708035029153e-13,1.883340879924684
1229,1.229,1689.4677270223706,5100000.0,0.17470291216031167,0.0009999999999998899,0.00572400303826799,0,58,0,1e-08,0.00572400303826799,0.4749738990636821,0.2521934477174062,0.03332886829856802,0.021376702727287807,0.21165749092141245,1.2755148883605874e-12,0.006432602115746105,6.3558112243675e-12,2.901137333056076e-07,1.2962705670942439e-05,9.708362529930939e-15,9.438179465357726e-13,1.8833712904227042
1230,1.23,1689.4067251824763,5100000.0,0.1746979893565017,0.001000000000000112,0.0057241643345959615,0,58,0,1e-08,0.0057241643345959615,0.4749831621213919,0.25219429718111475,0.03332972524036282,0.021372578616518433,0.21165071875085456,1.2737412438646737e-12,0.006432551062030757,6.347235630790927e-12,2.898867783303279e-07,1.295531475149038e-05,9.694745155071819e-15,9.428665607719145e-13,1.88340167652673
1231,1.231,1689.3457565541612,5100000.0,0.17469306781962288,0.0009999999999998899,0.005724325598497287,0,58,0,1e-08,0.005724325598497287,0.47499241312712875,0.25219514345365307,0.033330582801182944,0.02136846072316304,0.21164395488028004,1.2719710029518977e-12,0.0064325000853010005,6.338675903404365e-12,2.8966011709045736e-07,1.2947931435058915e-05,9.68115399380701e-15,9.419166426269292e-13,1.8834320384699241
1232,1.232,1689.2848210589268,5100000.0,0.17468814754828704,0.001000000000000112,0.005724486830016292,0,58,0,1e-08,0.005724486830016292,0.4750016520941698,0.25219598655403197,0.03333144096746689,0.021364349034061845,0.2116371993043573,1.2702041558483636e-12,0.006432449185393763,6.330131999093902e-12,2.894337489062727e-07,1.2940555704797514e-05,9.667588970241642e-15,9.409681884673846e-13,1.883462376164351
1233,1.233,1689.2239186309914,5100000.0,0.17468322853901216,0.0009999999999998899,0.005724648029255762,0,58,0,1e-08,0.005724648029255762,0.4750108790531276,0.2521968264838955,0.033332299743014625,0.02136024353606612,0.21163045200041078,1.2684406933826565e-12,0.006432398362146096,6.321603876011783e-12,2.8920767312270147e-07,1.2933187545679188e-05,9.654050014029688e-15,9.40021194711735e-13,1.883492689720504
1234,1.234,1689.1630491977946,5100000.0,0.17467831078962634,0.001000000000000112,0.005724809196285743,0,58,0,1e-08,0.005724809196285743,0.4750200940247365,0.25219766325461235,0.033333159121877065,0.02135614421609038,0.21162371295560412,1.2666806061015006e-12,0.0064323476153958885,6.3130914918459764e-12,2.8898188907441783e-07,1.2925826941734689e-05,9.640537052141961e-15,9.390756577695152e-13,1.8835229791370758
1235,1.235,1689.1022127030938,5100000.0,0.1746733942972346,0.0009999999999998899,0.005724970331189824,0,58,0,1e-08,0.005724970331189824,0.47502929705254576,0.25219849685484513,0.03333401912082751,0.021352051061002884,0.2116169821343145,1.2649238853155635e-12,0.006432296944980392,6.304594805841006e-12,2.887563961264515e-07,1.2918473879330127e-05,9.627050018617962e-15,9.381315741090211e-13,1.8835532446727972
1236,1.236,1689.0414090596375,5100000.0,0.17466847906064425,0.001000000000000112,0.005725131434005992,0,58,0,1e-08,0.005725131434005992,0.4750384881360587,0.25219932731690764,0.03333487971292139,0.021347964057838103,0.21161025954486942,1.2631705209609224e-12,0.006432246350738926,6.2961137746656616e-12,2.885311935910556e-07,1.2911128340456413e-05,9.613588834631032e-15,9.37188940118654e-13,1.8835834860857368
1237,1.237,1688.9806382067725,5100000.0,0.17466356507540062,0.0009999999999998899,0.005725292504868999,0,58,0,1e-08,0.005725292504868999,0.4750476673114377,0.252200154636494,0.03333574090784225,0.02134388319360878,0.21160354515894383,1.2614205041954267e-12,0.006432195832510629,6.2876483574604934e-12,2.883062808296308e-07,1.2903790310887217e-05,9.60015343267575e-15,9.362477522805164e-13,1.8836137035528095
1238,1.238,1688.9199000840765,5100000.0,0.17465865233980443,0.001000000000000112,0.005725453543833474,0,58,0,1e-08,0.005725453543833474,0.4750568346152692,0.2522009788088996,0.033336602715675984,0.021339808455318354,0.21159683894779424,1.2596738262159602e-12,0.006432145390134427,6.279198513505241e-12,2.880816572052637e-07,1.2896459776453484e-05,9.586743745559162e-15,9.353080070858816e-13,1.8836438972555867
1239,1.239,1688.859194613529,5100000.0,0.1746537408521837,0.0009999999999998899,0.005725614550942995,0,58,0,1e-08,0.005725614550942995,0.47506599005902944,0.2522017998542749,0.033337465121610156,0.021335739830076993,0.211590140907729,1.257930477450928e-12,0.006432095023450615,6.2707642006739606e-12,2.878573220517877e-07,1.288913672051441e-05,9.573359698885368e-15,9.343697009849318e-13,1.8836740670904335
1240,1.24,1688.7985217320538,5100000.0,0.17464883060900951,0.001000000000000112,0.005725775526312201,0,58,0,1e-08,0.005725775526312201,0.47507513367467624,0.25220261777228076,0.03333832813131982,0.021331677304995352,0.2115834510145691,1.256190449026222e-12,0.006432044732299474,6.262345378283208e-12,2.8763327473138193e-07,1.2881821128560887e-05,9.56000122467975e-15,9.334328304854945e-13,1.8837042131879533
1241,1.241,1688.7378813605503,5100000.0,0.17464392160829834,0.0009999999999998899,0.005725936469994923,0,58,0,1e-08,0.005725936469994923,0.47508426547113797,0.2522034325853307,0.03333919172768245,0.02132762086729969,0.21157676926709829,1.2544537313699058e-12,0.006431994516522713,6.253942004387573e-12,2.8740951457992586e-07,1.2874512983835632e-05,9.546668248429255e-15,9.32497392059987e-13,1.8837343354174914
1242,1.242,1688.6772734488648,5100000.0,0.17463901384636932,0.001000000000000112,0.005726097382110828,0,58,0,1e-08,0.005726097382110828,0.47509338549777796,0.25220424427559,0.03334005593385273,0.021323570504135945,0.21157009562371148,1.2527203162362178e-12,0.006431944375961047,6.24555403969503e-12,2.87186040985999e-07,1.2867212273693322e-05,9.533360707899486e-15,9.315633822785378e-13,1.8837644341093296
1243,1.243,1688.6166979200746,5100000.0,0.1746341073225618,0.0009999999999998899,0.005726258262670406,0,58,0,1e-08,0.005726258262670406,0.4751024937662755,0.2522050528626528,0.03334092073551619,0.02131952620275756,0.21156343008042394,1.2509901942026243e-12,0.0064318943104565785,6.23718144269552e-12,2.8696285329233e-07,1.2859918981727108e-05,9.520078529871894e-15,9.30630797639662e-13,1.8837945091647683
1244,1.244,1688.5561547058885,5100000.0,0.17462920203340948,0.001000000000000112,0.0057264191117863275,0,58,0,1e-08,0.0057264191117863275,0.4751115902997777,0.25220585835454584,0.03334178612990619,0.021315487950458033,0.21155677262176023,1.2492633562588397e-12,0.006431844319851819,6.228824172776927e-12,2.8673995085907396e-07,1.2852633092767097e-05,9.506821644886812e-15,9.296996346820654e-13,1.8838245606169683
1245,1.245,1688.4956437459787,5100000.0,0.17462429797632562,0.0009999999999998899,0.005726579929532276,0,58,0,1e-08,0.005726579929532276,0.47512067513239414,0.2522066607483407,0.033342652125215984,0.021311455734526353,0.21155012322128086,1.247539793773084e-12,0.006431794403989301,6.220482190139995e-12,2.865173330619444e-07,1.2845354592785642e-05,9.493589986971383e-15,9.287698899783309e-13,1.883854588624381
1246,1.246,1688.4351649646894,5100000.0,0.17461939514954636,0.001000000000000112,0.0057267407159651345,0,58,0,1e-08,0.0057267407159651345,0.4751297482763293,0.25220746006278033,0.033343518707923445,0.021307429542348075,0.21154348187439923,1.245819497454917e-12,0.006431744562712684,6.2121554537861025e-12,2.862949992514902e-07,1.2838083465612526e-05,9.480383483957898e-15,9.278415600667795e-13,1.8838845930967245
1247,1.247,1688.3747183092917,5100000.0,0.17461449354969116,0.0009999999999998899,0.005726901471184656,0,58,0,1e-08,0.005726901471184656,0.47513880977572637,0.2522082562847991,0.033344385896341255,0.02130340936125397,0.21153684854461677,1.2441024590587028e-12,0.006431694795865009,6.203843924824362e-12,2.860729488201146e-07,1.2830819698328032e-05,9.467202073359636e-15,9.269146415645753e-13,1.883914574307945
1248,1.248,1688.314303696437,5100000.0,0.17460959317576683,0.001000000000000112,0.005727062195222484,0,58,0,1e-08,0.005727062195222484,0.47514785963139194,0.2522090494443076,0.03334525366574358,0.02129939517872518,0.2115302232386859,1.2423886690015295e-12,0.0064316451032911635,6.19554756184623e-12,2.858511811082467e-07,1.2823563273718838e-05,9.454045680185982e-15,9.259891310088557e-13,1.8839445320391381
1249,1.249,1688.2539210699424,5100000.0,0.17460469402356324,0.0009999999999998899,0.005727222888205617,0,58,0,1e-08,0.005727222888205617,0.4751568978816567,0.2522098395337653,0.03334612202886611,0.021295386982209463,0.21152360592585262,1.2406781189290412e-12,0.006431595484835581,6.1872663259246446e-12,2.8562969550600716e-07,1.2816314178411618e-05,9.440914240827755e-15,9.25065025030949e-13,1.8839744664999232
1250,1.25,1688.1935703597826,5100000.0,0.17459979609169027,0.001000000000000112,0.005727383550178756,0,58,0,1e-08,0.005727383550178756,0.4751659245452866,0.252210626565039,0.033346990979013516,0.021291384759220704,0.2115169965948886,1.2389707998981263e-12,0.006431545940343585,6.179000177056115e-12,2.8540849138067873e-07,1.2809072397106062e-05,9.42780768614278e-15,9.241423202302993e-13,1.884004377677373
1251,1.2510000000000001,1688.1332515039232,5100000.0,0.17459489937730266,0.0009999999999998899,0.005727544181224173,0,58,0,1e-08,0.005727544181224173,0.47517493965189206,0.252211410539119,0.03334786052036051,0.021287388497284582,0.21151039522371107,1.2372667033437055e-12,0.006431496469660623,6.170749076054092e-12,2.8518756811531966e-07,1.2801837915644259e-05,9.41472595045265e-15,9.23221013241546e-13,1.884034265682799
1252,1.252,1688.0729644360347,5100000.0,0.17459000387837761,0.001000000000000112,0.005727704781407354,0,58,0,1e-08,0.005727704781407354,0.4751839432248053,0.252212191463172,0.03334873065088832,0.02128339818396939,0.2115038017964934,1.2355658205325189e-12,0.006431447072632612,6.162512983480322e-12,2.8496692508699595e-07,1.2794610719282473e-05,9.401668966475731e-15,9.223011006965366e-13,1.884064130556479
1253,1.2530000000000001,1688.01270908946,5100000.0,0.17458510959243273,0.0009999999999998899,0.005727865350798704,0,58,0,1e-08,0.005727865350798704,0.4751929352865192,0.252212969345095,0.03334960136782707,0.021279413806887273,0.21149721629822119,1.233868142742007e-12,0.006431397749106089,6.1542918599976654e-12,2.8474656167397196e-07,1.2787390793250192e-05,9.388636666965685e-15,9.213825792376286e-13,1.8840939723298993
1254,1.254,1687.9524853972373,5100000.0,0.17458021651693736,0.001000000000000112,0.005728025889480405,0,58,0,1e-08,0.005728025889480405,0.4752019158586851,0.2522137441935152,0.033350472667661266,0.021275435353696092,0.2114906387146931,1.2321736612575179e-12,0.0064313484989281175,6.146085666366518e-12,2.845264772557346e-07,1.2780178122751056e-05,9.375628984707324e-15,9.204654455175184e-13,1.8841237910257518
1255,1.2550000000000001,1687.8922933001068,5100000.0,0.17457532464931222,0.0009999999999998899,0.005728186397526081,0,58,0,1e-08,0.005728186397526081,0.4752108849735217,0.2522145160064908,0.033351344557442694,0.021271462812053537,0.21148406902114003,1.230482367729861e-12,0.006431299321945741,6.1378943641316524e-12,2.8430667122684234e-07,1.2772972694089805e-05,9.362645855824001e-15,9.195496962222897e-13,1.8841535867875743
1256,1.256,1687.8321327224917,5100000.0,0.1745704339877742,0.001000000000000112,0.005728346874993423,0,58,0,1e-08,0.005728346874993423,0.4752198426399154,0.2522152848051603,0.033352217021100646,0.021267496169721716,0.21147750721606484,1.2287942531110108e-12,0.006431250218007341,6.129717913561854e-12,2.8408714295505904e-07,1.2765774491297822e-05,9.349687209900907e-15,9.18635328000611e-13,1.88418335949397
1257,1.2570000000000001,1687.7720036149565,5100000.0,0.17456554452881698,0.0009999999999998899,0.005728507321986508,0,58,0,1e-08,0.005728507321986508,0.4752287889031636,0.25221605057439506,0.033353090078855556,0.02126353541440062,0.21147095326159027,1.2271093095283504e-12,0.006431201186960514,6.12155627728447e-12,2.838678918554243e-07,1.2758583502091697e-05,9.336752987393738e-15,9.177223375893014e-13,1.884213109438836
1258,1.258,1687.7119059028416,5100000.0,0.17456065627165854,0.001000000000000112,0.0057286677385302125,0,58,0,1e-08,0.0057286677385302125,0.4752377237730287,0.25221681333435325,0.03335396371559836,0.021259580533895133,0.21146440715532053,1.225427528023524e-12,0.006431152228654177,6.1134094158857055e-12,2.836489173003657e-07,1.2751399710672295e-05,9.32384311862309e-15,9.168107216595186e-13,1.884242836511561
1259,1.2590000000000001,1687.6518395186454,5100000.0,0.1745557692128716,0.0009999999999998899,0.0057288281247260585,0,58,0,1e-08,0.0057288281247260585,0.475246647268647,0.25221757309569715,0.03335483792569705,0.021255631516059147,0.21145786888544946,1.2237488999744554e-12,0.006431103342937815,6.105277290696898e-12,2.834302186768585e-07,1.274422310225843e-05,9.310957536973852e-15,9.15900476916846e-13,1.8842725407096337
1260,1.26,1687.5918044082312,5100000.0,0.17455088334975263,0.001000000000000112,0.0057289884806620145,0,58,0,1e-08,0.0057289884806620145,0.4752555594276803,0.2522183298506207,0.03335571272199565,0.021251688348721105,0.21145133842166142,1.2220734173671863e-12,0.0064310545296606125,6.097159864303628e-12,2.8321179539667644e-07,1.2737053663958348e-05,9.298096181441387e-15,9.149916001162593e-13,1.88430222224196
1261,1.2610000000000001,1687.5318004927358,5100000.0,0.17454599868098808,0.0009999999999998899,0.005729148806370272,0,58,0,1e-08,0.005729148806370272,0.4752644602527567,0.2522190836260407,0.033356588082565225,0.02124775101983909,0.21144481576859864,1.2204010711278277e-12,0.006431005788673348,6.089057097306808e-12,2.8299364683015927e-07,1.2729891379438065e-05,9.285258981118713e-15,9.14084087950027e-13,1.8843318809191305
1262,1.262,1687.4718277300624,5100000.0,0.17454111520266244,0.001000000000000112,0.005729309101978615,0,58,0,1e-08,0.005729309101978615,0.475273349797776,0.25221983439784085,0.033357464036549496,0.021243819517269804,0.2114383008796883,1.218731853813448e-12,0.006430957119825619,6.0809689535557694e-12,2.8277577241331265e-07,1.2722736237524397e-05,9.272445880208347e-15,9.131779372300806e-13,1.8843615171362773
1263,1.2630000000000001,1687.411886044659,5100000.0,0.1745362329146962,0.0009999999999998899,0.005729469367478759,0,58,0,1e-08,0.005729469367478759,0.4752822280697676,0.25222058218849674,0.03335834056645009,0.021239893828986715,0.21143179375516366,1.2170657565430141e-12,0.0064309085229683725,6.072895394158874e-12,2.825581715249964e-07,1.2715588222387582e-05,9.259656809509813e-15,9.1227314467632e-13,1.8843911307546106
1264,1.264,1687.3519753720454,5100000.0,0.17453135181351115,0.001000000000000112,0.005729629602987456,0,58,0,1e-08,0.005729629602987456,0.47529109509059325,0.25222132700556615,0.033359217669676436,0.02123597394299844,0.2114252943804003,1.2154027709404862e-12,0.0064308599979530385,6.064836381298648e-12,2.8234084356545454e-07,1.2708447319760222e-05,9.24689170445096e-15,9.113697070549752e-13,1.8844207218055922
1265,1.2650000000000001,1687.292095650803,5100000.0,0.17452647189666043,0.0009999999999998899,0.005729789808574162,0,58,0,1e-08,0.005729789808574162,0.47529995088610555,0.2522220688525551,0.03336009534767757,0.021232059847336553,0.21141880273677016,1.2137428887832947e-12,0.006430811544631309,6.056791877529349e-12,2.8212378794174856e-07,1.2701313515818412e-05,9.234150501849626e-15,9.104676211510887e-13,1.8844502903667726
1266,1.266,1687.2322468104999,5100000.0,0.17452159316200574,0.001000000000000112,0.005729949984308401,0,58,0,1e-08,0.005729949984308401,0.4753087954690626,0.25222280774587136,0.03336097358896772,0.02122815153011297,0.2114123188186922,1.212086101480917e-12,0.006430763162855875,6.0487618447723005e-12,2.819070040471699e-07,1.2694186795499022e-05,9.221433135041776e-15,9.095668837351048e-13,1.884479836367387
1267,1.2670000000000001,1687.1724287999123,5100000.0,0.17451671560644966,0.0009999999999998899,0.005730110130281026,0,58,0,1e-08,0.005730110130281026,0.47531762887888923,0.25222354367534255,0.033361852408656814,0.02122424897940166,0.21140584259393935,1.2104324012979656e-12,0.006430714852478989,6.0407462466826805e-12,2.8169049130981163e-07,1.2687067146434841e-05,9.208739545270377e-15,9.086674916436746e-13,1.884509360040985
1268,1.268,1687.1126415550707,5100000.0,0.17451183922889238,0.001000000000000112,0.005730270246527496,0,58,0,1e-08,0.005730270246527496,0.47532645113712774,0.2522242766485656,0.03336273180406509,0.021220352183324454,0.21139937404813855,1.2087817799692118e-12,0.006430666613353473,6.032745045943413e-12,2.814742491368344e-07,1.2679954554501504e-05,9.196069668813252e-15,9.077694416835817e-13,1.8845388614174499
1269,1.2690000000000001,1687.0528850032438,5100000.0,0.17450696402690055,0.0009999999999998899,0.005730430333116896,0,58,0,1e-08,0.005730430333116896,0.4753352622524557,0.25222500668577535,0.03336361175983937,0.02121646113009683,0.21139291317972708,1.2071342288712026e-12,0.006430618445333329,6.024758204627727e-12,2.812582769221625e-07,1.2672849004370103e-05,9.183423438564204e-15,9.068727306482188e-13,1.8845683403812277
1270,1.27,1686.9931590923318,5100000.0,0.17450208999710098,0.001000000000000112,0.005730590390159367,0,58,0,1e-08,0.005730590390159367,0.4753440622620873,0.2522257337787411,0.03336449228910011,0.021212575807902954,0.2113864599586231,1.2054897402934582e-12,0.006430570348272132,6.016785686660054e-12,2.810425740970794e-07,1.2665750483600039e-05,9.170800795856508e-15,9.059773554022226e-13,1.884597797142584
1271,1.2710000000000001,1686.9334637609063,5100000.0,0.17449721713826574,0.0009999999999998899,0.005730750417684446,0,58,0,1e-08,0.005730750417684446,0.4753528511901572,0.25222645793222553,0.0333653733919638,0.021208696204962428,0.2113800143677998,1.2038483061463445e-12,0.006430522322023923,6.00882745528627e-12,2.808271400779218e-07,1.265865897847319e-05,9.158201678456994e-15,9.050833127906246e-13,1.8846272317628423
1272,1.272,1686.873798939698,5100000.0,0.17449234544818853,0.001000000000000112,0.00573091041576399,0,58,0,1e-08,0.00573091041576399,0.4753616290493523,0.25222717916225623,0.03336625505724743,0.021204822309571495,0.21137357640163906,1.2022099180225414e-12,0.00643047436644369,6.000883473212091e-12,2.806119742691815e-07,1.2651574474196427e-05,9.14562602112894e-15,9.041905996464693e-13,1.8846566441737629
1273,1.2730000000000001,1686.8141645739488,5100000.0,0.17448747492382635,0.0009999999999998899,0.005731070384487175,0,58,0,1e-08,0.005731070384487175,0.4753703958723286,0.2522278974649109,0.033367137293723925,0.021200954110015536,0.2113671460345535,1.2005745681615598e-12,0.006430426481386288,5.992953704478486e-12,2.803970761021091e-07,1.26444969580112e-05,9.133073764600563e-15,9.032992128560927e-13,1.8846860345353371
1274,1.274,1686.7545605952662,5100000.0,0.17448260556363948,0.001000000000000112,0.005731230323904003,0,58,0,1e-08,0.005731230323904003,0.4753791516723788,0.25222861285545006,0.03336802009095116,0.02119709159465617,0.2113607232602779,1.1989422482360454e-12,0.006430378666707539,5.98503811208877e-12,2.801824449857594e-07,1.2637426415280198e-05,9.120544844291015e-15,9.024091492747215e-13,1.884715402787448
1275,1.2750000000000001,1686.6949869456287,5100000.0,0.1744777373646526,0.0009999999999998899,0.005731390234101463,0,58,0,1e-08,0.005731390234101463,0.47538789647691804,0.2522293253349833,0.03336890345263327,0.021193234751864746,0.2113543080584147,1.1973129503876056e-12,0.006430330922263317,5.9771366600401226e-12,2.7996808034890135e-07,1.2630362832824996e-05,9.108039199924028e-15,9.015204057995403e-13,1.8847447490316995
1276,1.276,1686.6354435611559,5100000.0,0.1744728703249591,0.001000000000000112,0.005731550115141641,0,58,0,1e-08,0.005731550115141641,0.4753966303048607,0.2522300349129997,0.03336978737407697,0.021189383570063565,0.21134790041703916,1.1956866665261528e-12,0.006430283247910198,5.969249311943304e-12,2.79753981611594e-07,1.2623306196669314e-05,9.095556769024075e-15,9.006329793195901e-13,1.8847740732733773
1277,1.2770000000000001,1686.5759303880598,5100000.0,0.17446800444202748,0.0009999999999998899,0.005731709967096985,0,58,0,1e-08,0.005731709967096985,0.4754053531890334,0.2522307415850923,0.03337067186448461,0.021185538037665427,0.2113415003103169,1.1940633890160379e-12,0.0064302356435046205,5.9613760323644285e-12,2.7954014821278895e-07,1.2616256494255117e-05,9.083097493296465e-15,8.997468667631477e-13,1.8848033756767557
1278,1.278,1686.516447359596,5100000.0,0.1744631397143738,0.001000000000000112,0.005731869790015725,0,58,0,1e-08,0.005731869790015725,0.4754140651438939,0.2522314453650626,0.03337155691482466,0.021181698143152215,0.2113351077307445,1.1924431096879578e-12,0.006430188108903848,5.953516784896858e-12,2.7932657957049255e-07,1.2609213711245268e-05,9.070661309446597e-15,8.988620650294749e-13,1.884832656197216
1279,1.2790000000000001,1686.4569944145678,5100000.0,0.17445827613915021,0.0009999999999998899,0.0057320295839807375,0,58,0,1e-08,0.0057320295839807375,0.47542276619121027,0.25223214625931734,0.03337244252344531,0.021177863875038342,0.21132872266348623,1.1908258206296325e-12,0.0064301406439656135,5.945671533711634e-12,2.7911327511397706e-07,1.260217783408685e-05,9.05824815652252e-15,8.979785710449821e-13,1.8848619148743748
1280,1.28,1686.3975714933736,5100000.0,0.17445341371407094,0.0009999999999998899,0.005732189349065358,0,58,0,1e-08,0.005732189349065358,0.47543145635466894,0.2522328442722764,0.03337332869067082,0.021174035221865867,0.21132234509177164,1.189211514019005e-12,0.00643009324854794,5.937840243223415e-12,2.789002342767764e-07,1.2595148849464711e-05,9.045857974353384e-15,8.9709638175059e-13,1.8848911517702969
1281,1.281,1686.338178536231,5100000.0,0.17444855243700513,0.001000000000000112,0.00573234908533403,0,58,0,1e-08,0.00573234908533403,0.4754401356574337,0.2522335394088108,0.033374215416361444,0.02117021217220624,0.21131597499933547,1.1876001820463221e-12,0.006430045922509222,5.930022877943423e-12,2.786874564936406e-07,1.2588126744056048e-05,9.033490702849446e-15,8.96215494096421e-13,1.884920366941598
1282,1.282,1686.278815480682,5100000.0,0.17444369230579315,0.0009999999999998899,0.0057325087928483415,0,58,0,1e-08,0.0057325087928483415,0.47544880411861934,0.2522342316777326,0.033375102696416144,0.0211663947146758,0.21130961237393703,1.185991816808166e-12,0.006429998665708383,5.922219402262776e-12,2.784749411960733e-07,1.2581111504182796e-05,9.021146280998782e-15,8.953359050336101e-13,1.8849495603993873
1283,1.283,1686.219482273413,5100000.0,0.17443883331798354,0.001000000000000112,0.005732668471688398,0,58,0,1e-08,0.005732668471688398,0.4754574617698825,0.25223492107531986,0.03337599053927495,0.021162582837885954,0.21130325719079016,1.1843864108110356e-12,0.00642995147800436,5.914429781445402e-12,2.7826268783287316e-07,1.2574103117449897e-05,9.008824651562064e-15,8.944576115501342e-13,1.8849787322981586
1284,1.284,1686.1601788460732,5100000.0,0.1744339754720699,0.0009999999999998899,0.005732828121893079,0,58,0,1e-08,0.005732828121893079,0.4754661086215726,0.25223560761896185,0.03337687893222968,0.021158776530529767,0.211296909446371,1.1827839559431764e-12,0.0064299043592570115,5.906653979613511e-12,2.780506958283648e-07,1.256710156940017e-05,8.996525751509572e-15,8.935806105987671e-13,1.8850078825501613
1285,1.285,1686.1009051433816,5100000.0,0.174429118764964,0.001000000000000112,0.00573298774356345,0,58,0,1e-08,0.00573298774356345,0.47547474470189083,0.2522362913081852,0.03337776788043282,0.02115497578130356,0.2112905691193028,1.1811844446677294e-12,0.006429857309326328,5.8988919620847336e-12,2.778389646309988e-07,1.2560106847397165e-05,8.984249523101711e-15,8.927048991812809e-13,1.8850370112719042
1286,1.286,1686.0416611020746,5100000.0,0.17442426319492718,0.0009999999999998899,0.005733147336746056,0,58,0,1e-08,0.005733147336746056,0.47548337002760505,0.25223697215381546,0.03337865737771516,0.021151180578958734,0.2112842361996079,1.1795878691286623e-12,0.00642981032807295,5.8911436936200185e-12,2.77627493676904e-07,1.2553118937718274e-05,8.971995905596442e-15,8.918304742849834e-13,1.8850661184501245
1287,1.287,1685.9824466708167,5100000.0,0.17441940875937678,0.001000000000000112,0.005733306901525384,0,58,0,1e-08,0.005733306901525384,0.4754919846319355,0.2522376501502583,0.033379547434335695,0.021147390912233173,0.21127791066086196,1.1779942219968058e-12,0.006429763415357323,5.88340914007588e-12,2.774162824241689e-07,1.2546137828305548e-05,8.959764843099133e-15,8.90957332941694e-13,1.8850952042594922
1288,1.288,1685.923261782345,5100000.0,0.17441455545696644,0.0009999999999998899,0.005733466437935115,0,58,0,1e-08,0.005733466437935115,0.4755005885255894,0.25223832531424084,0.033380438038195986,0.02114360676994325,0.21127159249910932,1.1764034952885407e-12,0.006429716571040893,5.875688266093259e-12,2.772053303048269e-07,1.2539163504918646e-05,8.94755627359757e-15,8.900854721447933e-13,1.8851242686186025
1289,1.289,1685.8641063851005,5100000.0,0.17440970328467698,0.001000000000000112,0.005733625946074116,0,58,0,1e-08,0.005733625946074116,0.47550918174087214,0.252238997640919,0.03338132919877553,0.021139828140893633,0.2112652816888015,1.1748156817035395e-12,0.006429669794984947,5.86798103772044e-12,2.7699463677947516e-07,1.2532195955499448e-05,8.935370141383796e-15,8.892148889441134e-13,1.8851533116928845
1290,1.29,1685.8049804105317,5100000.0,0.17440485224111615,0.0009999999999998899,0.005733785425977607,0,58,0,1e-08,0.005733785425977607,0.47551776428606596,0.2522396671492649,0.03338222090170103,0.02113605501397529,0.21125897822836398,1.1732307732450904e-12,0.006429623087051844,5.86028741970604e-12,2.767842012808904e-07,1.252523516566347e-05,8.923206384231909e-15,8.883455803481504e-13,1.8851823333745301
1291,1.291,1685.7458838079747,5100000.0,0.17440000232310487,0.001000000000000112,0.005733944877749751,0,58,0,1e-08,0.005733944877749751,0.4755263361940527,0.2522403338336836,0.03338311315717503,0.021132287378063132,0.2112526820916267,1.1716487626892762e-12,0.006429576447103747,5.852607378384214e-12,2.765740232741884e-07,1.2518281123506055e-05,8.911064947053615e-15,8.874775434285982e-13,1.8852113338368568
1292,1.292,1685.6868165151866,5100000.0,0.17439515352931817,0.0009999999999998899,0.005734104301423585,0,58,0,1e-08,0.005734104301423585,0.4755348974813799,0.2522409977047836,0.033384005959169454,0.021128525222087517,0.21124639326872766,1.1700696423454248e-12,0.006429529875003488,5.8449408792357246e-12,2.763641022058744e-07,1.2511333815545389e-05,8.89894577038432e-15,8.866107752310763e-13,1.885240313067322
1293,1.293,1685.6277784719139,5100000.0,0.1743903058572159,0.001000000000000112,0.0057342636970823,0,58,0,1e-08,0.0057342636970823,0.47554344816696037,0.2522416587707127,0.03338489930410508,0.021124768535017057,0.2112401117474103,1.1684934046248253e-12,0.006429483370614401,5.83728788801125e-12,2.7615443752740935e-07,1.250439322858746e-05,8.886848795664618e-15,8.857452728169781e-13,1.8852692710811447
1294,1.294,1685.568769633865,5100000.0,0.174385459304449,0.0009999999999998899,0.005734423064792636,0,58,0,1e-08,0.005734423064792636,0.47555198829194817,0.25224231701747823,0.033385793210559025,0.021121017305776982,0.21123383749320382,1.1669200426299248e-12,0.006429436933799281,5.829648371869451e-12,2.759450287187972e-07,1.249745935165285e-05,8.874773970712477e-15,8.848810333024651e-13,1.885298208147194
1295,1.295,1685.509789917964,5100000.0,0.17438061387033343,0.001000000000000112,0.005734582404576781,0,58,0,1e-08,0.005734582404576781,0.4755605178428772,0.25224297248530386,0.03338668764282333,0.021117271523463047,0.21122757052616123,1.1653495478560282e-12,0.006429390564423047,5.822022294899126e-12,2.757358751952225e-07,1.2490532168444058e-05,8.862721228383676e-15,8.840180536997312e-13,1.8853271239125768
1296,1.296,1685.4508392831326,5100000.0,0.174375769550116,0.0009999999999998899,0.005734741716580569,0,58,0,1e-08,0.005734741716580569,0.47556903686437757,0.2522436251564744,0.03338758262315564,0.021113531177100506,0.2112213108082731,1.1637819135754602e-12,0.006429344262349669,5.814409624735891e-12,2.755269764454459e-07,1.2483611668447276e-05,8.850690517971392e-15,8.83156331155296e-13,1.8853560186877572
1297,1.297,1685.3919176684387,5100000.0,0.1743709263434108,0.001000000000000112,0.005734901000816414,0,58,0,1e-08,0.005734901000816414,0.47557754537341407,0.2522442750408094,0.03338847814625696,0.021109796255770707,0.21121505832916568,1.1622171322502223e-12,0.006429298027443902,5.806810327486732e-12,2.753183319253238e-07,1.2476697838442036e-05,8.8386817812284e-15,8.822958627641995e-13,1.8853848924677188
1298,1.298,1685.3330250234096,5100000.0,0.17436608424775898,0.0009999999999998899,0.005735060257354734,0,58,0,1e-08,0.005735060257354734,0.47558604340134275,0.25224492213375527,0.033389374221205075,0.02110606674854654,0.2112088130640767,1.1606551967992122e-12,0.006429251859570398,5.799224370210209e-12,2.7510994110987296e-07,1.2469790666658521e-05,8.826694964098813e-15,8.814366456604818e-13,1.8854137454119244
1299,1.299,1685.2741612759962,5100000.0,0.1743612432617856,0.001000000000000112,0.005735219486240495,0,58,0,1e-08,0.005735219486240495,0.4755945309489913,0.2522455664610233,0.03339027082676561,0.021102342644610982,0.21120257501871312,1.1590960992594802e-12,0.006429205758595066,5.791651718308846e-12,2.7490180343875447e-07,1.2462890138381461e-05,8.814730004302734e-15,8.805786769244725e-13,1.8854425773325916
1300,1.3,1685.2153263828284,5100000.0,0.17435640338184677,0.0009999999999998899,0.0057353786875831226,0,58,0,1e-08,0.0057353786875831226,0.4756030080568712,0.2522462080087515,0.03339116798129964,0.021098623933098016,0.21119634415911726,1.1575398328821732e-12,0.006429159724383313,5.784092339630274e-12,2.746939184021692e-07,1.2455996242844425e-05,8.802786850785815e-15,8.797219537306317e-13,1.8854713884950471
1301,1.301,1685.15652027917,5100000.0,0.1743515646072808,0.001000000000000112,0.005735537861404156,0,58,0,1e-08,0.005735537861404156,0.475611474735569,0.25224684679282144,0.03339206567339364,0.021094910603218584,0.21119012048121594,1.155986390049294e-12,0.0064291137568014654,5.776546200374185e-12,2.7448628545495165e-07,1.2449108966368381e-05,8.790865444386671e-15,8.788664731979004e-13,1.8855001788236592
1302,1.302,1685.0977428995384,5100000.0,0.17434672693518902,0.0009999999999998899,0.005735697007788543,0,58,0,1e-08,0.005735697007788543,0.4756199309939892,0.25224748283062387,0.03339296389009446,0.021091202644253976,0.21118390398257597,1.1544357631287789e-12,0.006429067855716725,5.769013266790682e-12,2.7427890405245134e-07,1.2442228295184295e-05,8.778965725766546e-15,8.780122324543228e-13,1.8855289482248383
1303,1.303,1685.0389942060153,5100000.0,0.17434189036257172,0.001000000000000112,0.005735856126834765,0,58,0,1e-08,0.005735856126834765,0.47562837687940684,0.25224811610134534,0.033393862656682045,0.021087500045414338,0.21117769462243247,1.1528879456526036e-12,0.006429022020995448,5.761493507468833e-12,2.740717736982903e-07,1.2435354219316373e-05,8.76708764635674e-15,8.77159228717051e-13,1.8855576970426782
1304,1.304,1684.9802741348153,5100000.0,0.17433705488930404,0.0009999999999998899,0.0057360152185365505,0,58,0,1e-08,0.0057360152185365505,0.4756368124030375,0.25224874662005375,0.03339476196252235,0.021083802795985235,0.21117149239603883,1.1513429300996714e-12,0.006428976252504851,5.753986888978442e-12,2.738648938528423e-07,1.2428486725263528e-05,8.7552311477785e-15,8.763074591328855e-13,1.8855864252101082
1305,1.305,1684.9215826254072,5100000.0,0.17433222051256012,0.001000000000000112,0.005736174282986689,0,58,0,1e-08,0.005736174282986689,0.4756452375800837,0.25224937439771306,0.03339566180106876,0.021080110885300114,0.21116529729463054,1.1498007091015287e-12,0.006428930550112784,5.746493378267557e-12,2.736582639838145e-07,1.2421625799984792e-05,8.743396173028278e-15,8.754569208694561e-13,1.8856151327065334
1306,1.306,1684.8629196177199,5100000.0,0.17432738722983296,0.0009999999999998899,0.005736333320257313,0,58,0,1e-08,0.005736333320257313,0.47565365242598684,0.25224999944493576,0.03339656216610673,0.02107642430273843,0.21115910930917864,1.1482612753277052e-12,0.0064288849136876405,5.739012942423922e-12,2.7345188356120274e-07,1.2414771430516051e-05,8.731582665406443e-15,8.746076111053595e-13,1.8856438195149268
1307,1.307,1684.804285071161,5100000.0,0.17432255503864713,0.001000000000000112,0.005736492330429719,0,58,0,1e-08,0.005736492330429719,0.47566205698328945,0.25225062174534996,0.033397463078424144,0.021072743037628468,0.21115292840357816,1.1467246222703862e-12,0.0064288393430972385,5.731545550199402e-12,2.7324575208922183e-07,1.240792360657179e-05,8.71979057581482e-15,8.737595270832682e-13,1.8856724859274123
1308,1.308,1684.745678912644,5100000.0,0.17431772393856002,0.0009999999999998899,0.005736651313508141,0,58,0,1e-08,0.005736651313508141,0.47567045124895524,0.25225124132787075,0.033398364513474846,0.02106906707942238,0.2111467545872336,1.1451907421005628e-12,0.006428793838210881,5.724091167820533e-12,2.7303986901817644e-07,1.24010823134434e-05,8.708019842858844e-15,8.7291266595927e-13,1.8857011317168861
1309,1.309,1684.6871010961588,5100000.0,0.17431289392572416,0.001000000000000112,0.005736810269619058,0,58,0,1e-08,0.005736810269619058,0.47567883525723603,0.2522518581841895,0.03339926648394458,0.02106539641754374,0.21114058783227815,1.1436596281215264e-12,0.006428748398897546,5.7166497638005365e-12,2.728342338459602e-07,1.2394247540131924e-05,8.696270415605326e-15,8.720670249787747e-13,1.8857297570823222
1310,1.31,1684.6285515631707,5100000.0,0.17430806499910345,0.0009999999999998899,0.00573696919878626,0,58,0,1e-08,0.00573696919878626,0.4756872090248263,0.2522524723234366,0.03340016898506258,0.021061731041464006,0.21113442812837066,1.1421312731413367e-12,0.006428703025026784,5.7092213057353724e-12,2.7262884605032183e-07,1.238741927394662e-05,8.684542238486746e-15,8.712226013577112e-13,1.8857583620227238
1311,1.311,1684.5700302578884,5100000.0,0.1743032371563485,0.001000000000000112,0.005737128101086961,0,58,0,1e-08,0.005737128101086961,0.47569557257191414,0.2522530837511764,0.03340107201560888,0.021058070940683953,0.21112827546166227,1.1406056700981582e-12,0.00642865771646851,5.7018057615421655e-12,2.724237051150972e-07,1.2380597502585127e-05,8.672835257110033e-15,8.703793923292841e-13,1.8857869465775985
1312,1.312,1684.5115371266268,5100000.0,0.17429841039538402,0.0009999999999998899,0.00573728697657918,0,58,0,1e-08,0.00573728697657918,0.4757039259213641,0.2522536924702505,0.033401975577081626,0.021054416104724884,0.21112212981561354,1.1390828120343923e-12,0.006428612473092925,5.694403099399403e-12,2.722188105289646e-07,1.2373782214046958e-05,8.661149418006183e-15,8.695373951408652e-13,1.8858155108174135
1313,1.313,1684.4530721101955,5100000.0,0.1742935847143446,0.001000000000000112,0.0057374458253242324,0,58,0,1e-08,0.0057374458253242324,0.4757122690880797,0.25225429849133796,0.03340287966311941,0.02105076652315678,0.211115991181614,1.137562691785258e-12,0.006428567294770773,5.687013287140296e-12,2.720141617725908e-07,1.2366973395595877e-05,8.649484665744936e-15,8.686966070323604e-13,1.8858440547224806
1314,1.314,1684.3946351650789,5100000.0,0.1742887601107791,0.0009999999999998899,0.005737604647392541,0,58,0,1e-08,0.005737604647392541,0.47572060210867423,0.2522549018034795,0.0334037842890111,0.021047122185520243,0.21110985952936356,1.1360453028456698e-12,0.006428522181372491,5.679636293947633e-12,2.718097583544336e-07,1.2360171036646631e-05,8.637840950982008e-15,8.67857025297173e-13,1.8858725785209394
1315,1.315,1684.336226214565,5100000.0,0.1742839365838666,0.001000000000000112,0.005737763442811066,0,58,0,1e-08,0.005737763442811066,0.47572892497305674,0.25225550244208356,0.03340468942362187,0.021043483081496946,0.21110373487518433,1.134530637370659e-12,0.00642847713277023,5.6722720864440426e-12,2.7160559972815267e-07,1.2353375122108606e-05,8.626218211905727e-15,8.670186471410432e-13,1.8859010819091306
1316,1.316,1684.2778452244072,5100000.0,0.17427911412930425,0.0009999999999998899,0.005737922211711222,0,58,0,1e-08,0.005737922211711222,0.47573723772998705,0.2522561003838967,0.0334055950945086,0.021039849200685537,0.21109761717659173,1.1330186892675476e-12,0.0064284321488351165,5.664920634748777e-12,2.7140168542077365e-07,1.234658564268339e-05,8.614616402909279e-15,8.66181469902848e-13,1.8859295652552504
1317,1.317,1684.2194921324767,5100000.0,0.17427429274721054,0.001000000000000112,0.005738080954089071,0,58,0,1e-08,0.005738080954089071,0.47574554038940176,0.25225669564431313,0.03340650129055231,0.021036220532760108,0.21109150642988284,1.1315094513250417e-12,0.006428387229439239,5.65758190683635e-12,2.7119801491305645e-07,1.2339802585297834e-05,8.6030354679859e-15,8.653454908462196e-13,1.8859580284846522
1318,1.318,1684.1611668822634,5100000.0,0.17426947243479277,0.0009999999999998899,0.005738239670026342,0,58,0,1e-08,0.005738239670026342,0.4757538329686052,0.25225728823127114,0.033407408008076456,0.021032597067429843,0.21108540262396414,1.1300029165771327e-12,0.006428342374455114,5.650255871229919e-12,2.709945876967857e-07,1.2333025937655539e-05,8.591475353365422e-15,8.645107072607655e-13,1.8859864716076347
1319,1.319,1684.1028694207278,5100000.0,0.17426465318982665,0.001000000000000112,0.005738398359596257,0,58,0,1e-08,0.005738398359596257,0.4757621154894533,0.2522578781481087,0.033408315247993474,0.02102897879442392,0.21107930574318046,1.128499078216633e-12,0.006428297583755462,5.642942496819315e-12,2.7079140327087374e-07,1.2326255687944721e-05,8.579936006703889e-15,8.636771164542833e-13,1.8860148946869286
1320,1.32,1684.044599699269,5100000.0,0.1742598350104413,0.0009999999999998899,0.005738557022850228,0,58,0,1e-08,0.005738557022850228,0.4757703879798565,0.25225846539209884,0.03340922301728158,0.021025365703474155,0.21107321576581684,1.1269979296351437e-12,0.006428252857213104,5.6356417529405445e-12,2.705884611429227e-07,1.2319491824973241e-05,8.568417377469998e-15,8.628447157552066e-13,1.8860432978546076
1321,1.321,1683.986357650872,5100000.0,0.17425501789522227,0.001000000000000112,0.005738715659834838,0,58,0,1e-08,0.005738715659834838,0.4757786504417116,0.25225904998630955,0.03341013129708545,0.021021757784405088,0.21106713269612076,1.1254994634937968e-12,0.006428208194701948,5.628353607561615e-12,2.703857607908473e-07,1.2312734335063921e-05,8.556919408326228e-15,8.620135024471626e-13,1.88607168094676
1322,1.322,1683.928143231309,5100000.0,0.17425020184081944,0.0009999999999998899,0.005738874270650241,0,58,0,1e-08,0.005738874270650241,0.4757869029082574,0.25225963192251766,0.0334110400998521,0.021018155027017375,0.2110610565070073,1.1240036733946817e-12,0.006428163596095659,5.621078030557407e-12,2.7018330173246365e-07,1.2305983207643236e-05,8.545442050610396e-15,8.611834738893588e-13,1.8861000441576672
1323,1.323,1683.8699563869695,5100000.0,0.17424538684624633,0.001000000000000112,0.005739032855328958,0,58,0,1e-08,0.005739032855328958,0.47579514539966294,0.2522602112054956,0.033411949425016595,0.021014557421142516,0.21105498718444557,1.1225105525777017e-12,0.006428119061268227,5.613814991136618e-12,2.699810834706489e-07,1.2299238430881379e-05,8.533985252272702e-15,8.603546274194798e-13,1.8861283875326336
1324,1.324,1683.8117970612393,5100000.0,0.17424057290953687,0.0009999999999998899,0.00573919141392559,0,58,0,1e-08,0.00573919141392559,0.47580337793158095,0.2522607878444279,0.033412859267586144,0.021010964956654596,0.2110489247188959,1.121020094178263e-12,0.006428074590094201,5.606564458367352e-12,2.6977910550462306e-07,1.229249999255602e-05,8.522548960260865e-15,8.595269603753872e-13,1.8861567110660666
1325,1.325,1683.7536652025665,5100000.0,0.17423576002839763,0.001000000000000112,0.0057393499465157325,0,58,0,1e-08,0.0057393499465157325,0.4758116005264387,0.25226136184168174,0.03341376962937913,0.02100737762344524,0.21104286909403114,1.1195322915534874e-12,0.006428030182448377,5.599326401809027e-12,2.6957736734339974e-07,1.22857678811441e-05,8.511133123539001e-15,8.587004701177454e-13,1.8861850148301993
1326,1.326,1683.6955607558937,5100000.0,0.1742309482010535,0.0009999999999998899,0.005739508453147724,0,58,0,1e-08,0.005739508453147724,0.4758198132015199,0.2522619332046806,0.033414680507142004,0.02100379541144263,0.21103682029864634,1.118047137936579e-12,0.006427985838205956,5.592100790839642e-12,2.6937586849143363e-07,1.2279042084663783e-05,8.499737689888965e-15,8.578751540055745e-13,1.8862132988390627
1327,1.327,1683.6374836712876,5100000.0,0.17422613742535362,0.001000000000000112,0.0057396669338924955,0,58,0,1e-08,0.0057396669338924955,0.4758280159810288,0.2522625019338952,0.03341559190456673,0.02100021831058593,0.2110307783146108,1.116564626783547e-12,0.006427941557242298,5.584887595320273e-12,2.69174608462843e-07,1.2272322591838342e-05,8.488362609113969e-15,8.570510094194885e-13,1.886241563186107
1328,1.328,1683.579433891062,5100000.0,0.1742213276996736,0.0009999999999998899,0.0057398253887934484,0,58,0,1e-08,0.0057398253887934484,0.47583620887810807,0.2522630680407377,0.03341650381438634,0.020996646310865556,0.2110247431348247,1.1150847512556855e-12,0.0064278973394334225,5.577686784599687e-12,2.6897358676010433e-07,1.2265609390358743e-05,8.477007828262264e-15,8.562280337264155e-13,1.8862698078391156
1329,1.329,1683.5214113681243,5100000.0,0.17421651902156818,0.001000000000000112,0.005739983817931243,0,58,0,1e-08,0.005739983817931243,0.4758443919203756,0.2522636315221433,0.03341741624381009,0.02099307940226998,0.21101871473770897,1.1136075049572442e-12,0.006427853184655254,5.570498328947823e-12,2.68772802904698e-07,1.2258902469360793e-05,8.465673298438968e-15,8.554062243317551e-13,1.8862980329314996
1330,1.33,1683.4634160422502,5100000.0,0.17421171138968916,0.0009999999999998899,0.00574014222134021,0,58,0,1e-08,0.00574014222134021,0.4758525651169421,0.25226419239340514,0.033418329181663764,0.020989517574851624,0.21101269312015977,1.1121328809814307e-12,0.006427809092784564,5.563322197688932e-12,2.685722563972577e-07,1.225220181622091e-05,8.454358965988976e-15,8.545855786104493e-13,1.8863262383860315
1331,1.331,1683.4054478612331,5100000.0,0.17420690480130707,0.001000000000000112,0.005740300599110403,0,58,0,1e-08,0.005740300599110403,0.47586072848765054,0.25226475065902265,0.03341924262755594,0.020985960818686037,0.21100667826832353,1.1106608727599074e-12,0.006427765063698427,5.556158360874114e-12,2.683719467533398e-07,1.2245507419410672e-05,8.443064780347331e-15,8.537660939700323e-13,1.8863544242487318
1332,1.332,1683.3475067773716,5100000.0,0.17420209925451413,0.0009999999999998899,0.0057404589512946224,0,58,0,1e-08,0.0057404589512946224,0.4758688820584713,0.2522653063173586,0.03342015658722958,0.02098240912385292,0.21100067016221874,1.1091914739216884e-12,0.006427721097273923,5.54900678899422e-12,2.6817187349718003e-07,1.223881926802543e-05,8.4317906927469e-15,8.52947767838169e-13,1.886382590635795
1333,1.333,1683.289592740289,5100000.0,0.17419729474786746,0.001000000000000112,0.005740617277940558,0,58,0,1e-08,0.005740617277940558,0.4758770258515343,0.25226585937056356,0.033421071062632514,0.020978862480452474,0.2109946687856892,1.1077246780049827e-12,0.0064276771933883875,5.5418674524080494e-12,2.679720361495091e-07,1.2232137350812162e-05,8.420536653546285e-15,8.521305976411458e-13,1.8864107376198664
1334,1.334,1683.2317056930108,5100000.0,0.17419249127963893,0.0009999999999998899,0.005740775579095115,0,58,0,1e-08,0.005740775579095115,0.4758851598794864,0.252266409830152,0.033421986046326846,0.020975320878634907,0.21098867413203554,1.1062604783015091e-12,0.006427633351919808,5.534740321051884e-12,2.6777243422133877e-07,1.2225461655643822e-05,8.409302610786701e-15,8.513145807947162e-13,1.8864388651659736
1335,1.335,1683.173845590681,5100000.0,0.17418768884740113,0.001000000000000112,0.005740933854838455,0,58,0,1e-08,0.005740933854838455,0.4758932841716411,0.2522669576909908,0.0334229015475292,0.020971784308541377,0.2109826861778906,1.104798868602667e-12,0.006427589572746061,5.52762536589254e-12,2.675730672450948e-07,1.2218792172039363e-05,8.39808851710292e-15,8.504997147567123e-13,1.8864669734296982
1336,1.336,1683.116012367563,5100000.0,0.17418288744998234,0.0009999999999998899,0.005741092105199174,0,58,0,1e-08,0.005741092105199174,0.47590139872789694,0.252267502977138,0.033423817546222076,0.020968252760406723,0.2109767049292551,1.1033398418844164e-12,0.006427545855746125,5.520522556356757e-12,2.6737393471959813e-07,1.2212128886719173e-05,8.38689431753842e-15,8.496859969332231e-13,1.8864950622317214
1337,1.337,1683.0582059820033,5100000.0,0.17417808708401955,0.001000000000000112,0.005741250330288303,0,58,0,1e-08,0.005741250330288303,0.475909503581317,0.25226804567954203,0.03342473405551136,0.020964726224439793,0.2109707303589714,1.1018833920971456e-12,0.006427502200798747,5.5134318638455415e-12,2.6717503618535943e-07,1.2205471789659041e-05,8.375719966130728e-15,8.488734248086842e-13,1.8865231317717837
1338,1.338,1683.0004263793649,5100000.0,0.17417328774864865,0.0009999999999998899,0.005741408530124325,0,58,0,1e-08,0.005741408530124325,0.4759175987468016,0.252268585807211,0.033425651070422634,0.02096120469089454,0.21096476245802448,1.1004295126913408e-12,0.0064274586077831585,5.506353258822206e-12,2.6697637116209573e-07,1.2198820869101468e-05,8.364565412251002e-15,8.480619958360345e-13,1.8865511820425707
1339,1.339,1682.9426735148284,5100000.0,0.1741684894416477,0.001000000000000112,0.005741566704780692,0,58,0,1e-08,0.005741566704780692,0.475925684252737,0.25226912335567503,0.03342656859946351,0.020957688150018472,0.21095880120391106,1.0989781975240325e-12,0.006427415076578531,5.4992867125997046e-12,2.667779391870564e-07,1.2192176114623283e-05,8.35343060900277e-15,8.472517075036911e-13,1.886579213191017
1340,1.34,1682.884947327212,5100000.0,0.1741636921618112,0.0009999999999998899,0.005741724854287164,0,58,0,1e-08,0.005741724854287164,0.47593376010445976,0.2522696583433392,0.03342748662823507,0.02095417659213436,0.21095284659713764,1.0975294398193887e-12,0.006427371607065012,5.49223219530612e-12,2.6657973977142854e-07,1.2185537513616219e-05,8.342315503597659e-15,8.464425572609366e-13,1.8866072251016155
1341,1.341,1682.8272477734042,5100000.0,0.17415889590621553,0.001000000000000112,0.005741882978740353,0,58,0,1e-08,0.005741882978740353,0.47594182633214344,0.2522701907638029,0.033428405167149414,0.020950670007549,0.2109468986133817,1.0960832335328104e-12,0.006427328199122486,5.485189678561497e-12,2.6638177245783e-07,1.2178905055912267e-05,8.331220049985227e-15,8.456345426171523e-13,1.8866352179428174
1342,1.342,1682.7695747941834,5100000.0,0.1741541006738118,0.0009999999999998899,0.005742041078164883,0,58,0,1e-08,0.005742041078164883,0.47594988294333934,0.2522707206331276,0.03342932420413086,0.020947168386636086,0.2109409572509011,1.0946395719992083e-12,0.006427284852631683,5.478159132815251e-12,2.6618403676307604e-07,1.2172278729193565e-05,8.320144196327545e-15,8.448276610421569e-13,1.8866631916254124
1343,1.343,1682.7119283390866,5100000.0,0.17414930646186094,0.001000000000000112,0.005742199152651314,0,58,0,1e-08,0.005742199152651314,0.4759579299573716,0.2522712479555523,0.03343024373891743,0.020943671719789437,0.2109350224961713,1.0931984489147428e-12,0.006427241567473645,5.4711405292944535e-12,2.6598653222009133e-07,1.2165658522331532e-05,8.30908789410664e-15,8.440219100404928e-13,1.886691146195268
1344,1.344,1682.6543083635518,5100000.0,0.1741445132685226,0.0009999999999998899,0.0057423572022503935,0,58,0,1e-08,0.0057423572022503935,0.47596596740166086,0.252271772727219,0.033431163779343166,0.020940179997401175,0.2109290943275679,1.0917598582240172e-12,0.006427198343529289,5.464133839752333e-12,2.6578925837249783e-07,1.2159044425001262e-05,8.298051097064875e-15,8.432172871392306e-13,1.8867190817908983
1345,1.345,1682.5967148170341,5100000.0,0.17413972109256803,0.001000000000000112,0.0057425152270029105,0,58,0,1e-08,0.0057425152270029105,0.47597399529519385,0.2522722949526393,0.0334320843248625,0.020936693209891458,0.21092317273188857,1.0903237936532054e-12,0.006427155180679948,5.457139035567317e-12,2.655922147551023e-07,1.2152436426091929e-05,8.287033756894885e-15,8.424137898555947e-13,1.8867469984547907
1346,1.346,1682.5391476463922,5100000.0,0.1741349299321386,0.0009999999999998899,0.005742673226960241,0,58,0,1e-08,0.005742673226960241,0.4759820136530753,0.2522728146401154,0.03343300537112322,0.020933211347717497,0.21091725769978756,1.0888902488404519e-12,0.00642711207880742,5.4501560879942255e-12,2.653954008994633e-07,1.2145834514155954e-05,8.276035824442821e-15,8.416114157061589e-13,1.886774896185689
1347,1.347,1682.4816067956815,5100000.0,0.17413013978509495,0.001000000000000112,0.0057428312021932295,0,58,0,1e-08,0.0057428312021932295,0.47599002248612177,0.2522733318021174,0.0334339269095855,0.02092973440138586,0.2109113492261787,1.087459217330531e-12,0.0064270690377941,5.443184968167439e-12,2.651988163339293e-07,1.2139238677384518e-05,8.265057249652285e-15,8.408101622086315e-13,1.8868027749341623
1348,1.348,1682.4240922241388,5100000.0,0.17412535064899012,0.0009999999999998899,0.005742989152772681,0,58,0,1e-08,0.005742989152772681,0.47599802182606427,0.2522738464302448,0.03343484895258815,0.020926262361384163,0.2109054472850706,1.086030693278626e-12,0.006427026057522131,5.43622564846622e-12,2.6500246061310726e-07,1.2132648906012828e-05,8.25409798808548e-15,8.400100269307811e-13,1.8868306348897745
1349,1.349,1682.366603873636,5100000.0,0.17412056252295371,0.001000000000000112,0.005743147078727622,0,58,0,1e-08,0.005743147078727622,0.47600601168033274,0.2522743585402412,0.03343577148829786,0.020922795218264685,0.21089955187473672,1.0846046701757174e-12,0.0064269831378744825,5.42927810001477e-12,2.648063332638291e-07,1.2126065187967199e-05,8.243157989124454e-15,8.392110073973577e-13,1.8868584759651792
1350,1.35,1682.309141705304,5100000.0,0.17411577540429696,0.0009999999999998899,0.005743304980136861,0,58,0,1e-08,0.005743304980136861,0.4760139920828891,0.25227486812138095,0.0334366945313611,0.020919332962553043,0.2108936629669342,1.0831811422817846e-12,0.006426940278733753,5.42234229550331e-12,2.646104338461071e-07,1.211948751376304e-05,8.232237209241235e-15,8.384131011961024e-13,1.8868862983761705
1351,1.351,1682.2517056585373,5100000.0,0.17411098929233224,0.001000000000000112,0.005743462857023416,0,58,0,1e-08,0.005743462857023416,0.476021963037324,0.2522753751931258,0.0334376180662077,0.020915875584851407,0.21088778056374366,1.081760103022552e-12,0.0064268974799835355,5.415418206027452e-12,2.644147618848576e-07,1.2112915871023146e-05,8.221335597153447e-15,8.376163058585845e-13,1.8869141019923652
1352,1.352,1682.1942956800742,5100000.0,0.17410620418409595,0.0009999999999998899,0.005743620709475193,0,58,0,1e-08,0.005743620709475193,0.47602992455692955,0.25227587976514665,0.03343854208704107,0.020912423075798662,0.210881904657526,1.0803415461256152e-12,0.006426854741507846,5.408505803339354e-12,2.6421931691867184e-07,1.2106350248362913e-05,8.210453104332835e-15,8.368206189468048e-13,1.88694188679506
1353,1.353,1682.1369117354532,5100000.0,0.17410142007737264,0.001000000000000112,0.005743778537565636,0,58,0,1e-08,0.005743778537565636,0.4760378766810522,0.2522763818211584,0.03343946661403959,0.02090897542599035,0.21087603521460607,1.0789254660673468e-12,0.006426812063190175,5.401605060706793e-12,2.6402409851825054e-07,1.2099790636922759e-05,8.199589689152737e-15,8.360260380826903e-13,1.8869696530629683
1354,1.354,1682.0795537684148,5100000.0,0.17409663697190567,0.0009999999999998899,0.005743936341293381,0,58,0,1e-08,0.005743936341293381,0.4760458194187152,0.2522768813750563,0.03344039163717628,0.02090553262608379,0.2108701722316008,1.0775118564905389e-12,0.006426769444914824,5.394715949803037e-12,2.6382910621907135e-07,1.2093237024947515e-05,8.188745302247884e-15,8.352325608314814e-13,1.886997400728864
1355,1.355,1682.022221723049,5100000.0,0.1740918548651615,0.001000000000000112,0.005744094120742392,0,58,0,1e-08,0.005744094120742392,0.47605375277896267,0.25227737844058945,0.03344131714654735,0.020902094666786435,0.2108643157050765,1.0761007110657844e-12,0.006426726886566638,5.3878384424139715e-12,2.6363433955852643e-07,1.2086689400739316e-05,8.177919894472103e-15,8.34440184767831e-13,1.8870251297266905
1356,1.356,1681.9649155580573,5100000.0,0.1740870737546261,0.0009999999999998899,0.0057442518759858036,0,58,0,1e-08,0.0057442518759858036,0.47606167679090705,0.2522778730114661,0.033442243152296644,0.020898661538793335,0.21085846561153546,1.0746920240478738e-12,0.0064266843880303555,5.380972511525227e-12,2.634397980994049e-07,1.2080147754563182e-05,8.16711342204911e-15,8.336489075158403e-13,1.8870528402198394
1357,1.357,1681.9076352179438,5100000.0,0.17408229363930083,0.001000000000000112,0.005744409607056969,0,58,0,1e-08,0.005744409607056969,0.4760695914637469,0.25227836510117274,0.03344316964476622,0.020895233232855772,0.21085262194736218,1.0732857891542239e-12,0.006426641949191414,5.374118129115536e-12,2.632454813820141e-07,1.2073612074803667e-05,8.15632583620805e-15,8.328587266654456e-13,1.8870805321448225
1358,1.358,1681.8503806610152,5100000.0,0.17407751451669806,0.0009999999999998899,0.005744567314028181,0,58,0,1e-08,0.005744567314028181,0.4760774968256402,0.2522788547042603,0.0334440966332377,0.020891809739715182,0.21084678468998594,1.0718820006534992e-12,0.006426599569935082,5.367275268294633e-12,2.6305138897059803e-07,1.206708235169725e-05,8.145557093239388e-15,8.320696398531072e-13,1.8871082056549409
1359,1.359,1681.7931518363039,5100000.0,0.17407273638576223,0.001000000000000112,0.005744724996934695,0,58,0,1e-08,0.005744724996934695,0.4760853928917339,0.2522793418281974,0.033445024114060265,0.02088839105015075,0.21084095382982404,1.0704806524699927e-12,0.006426557250147188,5.360443901544369e-12,2.6285752041509725e-07,1.2060558574259886e-05,8.134807146225947e-15,8.312816446952246e-13,1.8871358607552924
1360,1.36,1681.7359486895743,5100000.0,0.17406795924446405,0.0009999999999998899,0.005744882655833706,0,58,0,1e-08,0.005744882655833706,0.4760932796722759,0.2522798264852398,0.033445952078774314,0.020884977154987758,0.2108351293621679,1.069081738415751e-12,0.006426514989713993,5.3536240011753706e-12,2.6266387526120683e-07,1.205404073108251e-05,8.124075947172498e-15,8.304947388062956e-13,1.8871634973957414
1361,1.361,1681.678771179206,5100000.0,0.17406318309042118,0.001000000000000112,0.00574504029080428,0,58,0,1e-08,0.00574504029080428,0.4761011571948196,0.2522803086703549,0.03344688053621274,0.020881568045044496,0.2108293112650066,1.067685252805581e-12,0.006426472788521782,5.3468155405422704e-12,2.6247045307666685e-07,1.2047528812448973e-05,8.113363452709854e-15,8.297089198443603e-13,1.887191115724069
1362,1.362,1681.6216192476409,5100000.0,0.17405840792255833,0.0009999999999998899,0.005745197901872156,0,58,0,1e-08,0.005745197901872156,0.4761090254645458,0.2522807884007217,0.033447809472972816,0.020878163711204878,0.21082349953865911,1.0662911893540056e-12,0.0064264306464576195,5.340018491861476e-12,2.622772534038961e-07,1.2041022806534792e-05,8.102669613876406e-15,8.289241854283255e-13,1.8872187156332185
1363,1.363,1681.5644928583877,5100000.0,0.17405363373812716,0.001000000000000112,0.005745355489128509,0,58,0,1e-08,0.005745355489128509,0.4761168845156781,0.25228126566454395,0.03344873890463348,0.02087476414432386,0.21081769415442358,1.0648995426022015e-12,0.006426388563408238,5.333232829030622e-12,2.6208427582127115e-07,1.203452270432969e-05,8.091994389335083e-15,8.281405332447537e-13,1.8872462973480015
1364,1.364,1681.5073919516637,5100000.0,0.1740488605365704,0.0009999999999998899,0.005745513052582003,0,58,0,1e-08,0.005745513052582003,0.47612473434991603,0.2522817404823633,0.0334496688144079,0.020871369335334095,0.21081189511607087,1.0635103062087696e-12,0.006426346539261289,5.3264585242534875e-12,2.6189151986967205e-07,1.202802849374046e-05,8.081337729554168e-15,8.273579609195535e-13,1.8872738607223987
1365,1.365,1681.4503164921032,5100000.0,0.17404408831489313,0.001000000000000112,0.0057456705923319825,0,58,0,1e-08,0.0057456705923319825,0.47613257500262984,0.2522822128411328,0.03345059921911015,0.020867979275133945,0.2108061023937248,1.0621234747865047e-12,0.006426304573904049,5.319695551661965e-12,2.616989851313875e-07,1.2021540165929287e-05,8.070699593794255e-15,8.265764661557773e-13,1.8873014059951194
1366,1.366,1681.393266419185,5100000.0,0.17403931707263848,0.0009999999999998899,0.005745828108383818,0,58,0,1e-08,0.005745828108383818,0.47614040647407957,0.2522826827627169,0.033451530100608924,0.02086459395470362,0.21080031599257015,1.0607390419963666e-12,0.00642626266722477,5.312943883560208e-12,2.6150667114824814e-07,1.2015057708732427e-05,8.060079932484466e-15,8.25796046590807e-13,1.8873289330045329
1367,1.367,1681.3362416985317,5100000.0,0.17403454680671884,0.001000000000000112,0.005745985600839945,0,58,0,1e-08,0.005745985600839945,0.476148228800575,0.25228315023301606,0.03345246147675243,0.020861213364986194,0.21079453588176214,1.0593570025169542e-12,0.006426220819111218,5.306203494306697e-12,2.6131457750631594e-07,1.200858111346659e-05,8.049478705435118e-15,8.250166999441393e-13,1.8873564420009448
1368,1.368,1681.2792422659625,5100000.0,0.17402977751676363,0.0009999999999998899,0.005746143069702905,0,58,0,1e-08,0.005746143069702905,0.47615604197682543,0.25228361527929843,0.03345339332398294,0.020857837497022996,0.21078876207199973,1.057977349898779e-12,0.006426179029452451,5.2994743560860055e-12,2.611227037435895e-07,1.2002110367509165e-05,8.03889586199714e-15,8.242384238564946e-13,1.8873839327602866
1369,1.369,1681.2222680889647,5100000.0,0.1740250091992838,0.001000000000000112,0.005746300515088423,0,58,0,1e-08,0.005746300515088423,0.47616384604120204,0.25228407788527496,0.033454325662314266,0.02085446634180908,0.2107829945303455,1.0566000789187156e-12,0.006426137298136896,5.29275644354794e-12,2.609310494513688e-07,1.199564546244605e-05,8.028331362826759e-15,8.234612160665614e-13,1.8874114055574105
1370,1.37,1681.1653191111209,5100000.0,0.17402024185408493,0.0009999999999998899,0.005746457936993242,0,58,0,1e-08,0.005746457936993242,0.4761716409988258,0.2522845380677481,0.03345525847864421,0.020851099890406687,0.21077723325707445,1.0552251834545054e-12,0.006426095625053822,5.286049729612652e-12,2.607396141824938e-07,1.1989186386709542e-05,8.017785160240355e-15,8.226850742502208e-13,1.887438860287805
1371,1.371,1681.1083952866966,5100000.0,0.17401547547847382,0.001000000000000112,0.0057466153355068385,0,58,0,1e-08,0.0057466153355068385,0.47617942686928477,0.25228499582901653,0.033456191774368246,0.020847738133891937,0.21077147823798378,1.0538526578059416e-12,0.006426054010092669,5.279354188085032e-12,2.605483975086233e-07,1.1982733130158538e-05,8.00725721042374e-15,8.219099961217369e-13,1.8874662970128049
1372,1.372,1681.051496573183,5100000.0,0.17401071007085822,0.0009999999999998899,0.005746772710672141,0,58,0,1e-08,0.005746772710672141,0.476187203676519,0.25228545116701556,0.03345712555524339,0.02084438106334587,0.2107657294545155,1.0524824964094996e-12,0.00642601245314299,5.2726697930827375e-12,2.6035739900761993e-07,1.1976285683090821e-05,7.996747470802381e-15,8.211359794103792e-13,1.8874937158436385
1373,1.373,1680.9946229128884,5100000.0,0.1740059456299779,0.001000000000000112,0.005746930062531329,0,58,0,1e-08,0.005746930062531329,0.4761949714231279,0.2522859041008572,0.033458059805822185,0.020841028669917376,0.2107599869094134,1.051114693138259e-12,0.006425970954095114,5.26599651766361e-12,2.601666182335787e-07,1.1969844033809036e-05,7.98625589356084e-15,8.203630218093862e-13,1.887521116648506
1374,1.374,1680.937774273036,5100000.0,0.17400118215297747,0.0009999999999998899,0.0057470873911690725,0,58,0,1e-08,0.0057470873911690725,0.4762027301460542,0.25228635461539567,0.03345899454492792,0.020837680944717385,0.21075425057109862,1.0497492428262346e-12,0.006425929512838952,5.25933433682291e-12,2.59976054782476e-07,1.196340817391958e-05,7.975782439736126e-15,8.195911210893408e-13,1.8875484996880372
1375,1.375,1680.880950599709,5100000.0,0.17399641963959347,0.001000000000000112,0.005747244696594656,0,58,0,1e-08,0.005747244696594656,0.47621047985288817,0.2522868027247045,0.03345992976214373,0.020834337878914384,0.21074852043731127,1.0483861395194491e-12,0.006425888129265073,5.252683224045418e-12,2.597857082164912e-07,1.1956978092251103e-05,7.96532706305907e-15,8.188202749662327e-13,1.8875758648879042
1376,1.3760000000000001,1680.8241518444797,5100000.0,0.17399165808735415,0.0009999999999998899,0.0057474019788801055,0,58,0,1e-08,0.0057474019788801055,0.4762182205584432,0.2522872484355627,0.033460865454334354,0.020830999463704387,0.21074279649855254,1.0470253774854334e-12,0.0064258468032644305,5.246043153302504e-12,2.595955781079914e-07,1.1950553778366353e-05,7.954889719271615e-15,8.180504811790736e-13,1.887603212256981
1377,1.377,1680.7673779600761,5100000.0,0.17398689749434632,0.001000000000000112,0.005747559238089218,0,58,0,1e-08,0.005747559238089218,0.47622595227888637,0.2522876917533382,0.03346180161976685,0.020827665690307726,0.2107370787439536,1.0456669510491308e-12,0.00642580553472823,5.239414098729367e-12,2.5940566403234465e-07,1.1944135221993827e-05,7.944470364622851e-15,8.172817374771335e-13,1.8876305418200612
1378,1.3780000000000001,1680.7106289054166,5100000.0,0.17398213785876754,0.0009999999999998899,0.005747716474271939,0,58,0,1e-08,0.005747716474271939,0.47623367503881636,0.2522881326749581,0.03346273826514445,0.020824336549946896,0.21073136715421525,1.0443108547841682e-12,0.0064257643235477715,5.232796034993662e-12,2.5921596557602623e-07,1.1937722413690273e-05,7.934068957628556e-15,8.165140416335515e-13,1.8876578536985102
1379,1.379,1680.65390462897,5100000.0,0.17397737917945602,0.001000000000000112,0.005747873687467274,0,58,0,1e-08,0.005747873687467274,0.4762413888481643,0.2522885712119099,0.03346367538259719,0.020821012033889818,0.21072566172467447,1.0429570828826889e-12,0.006425723169614853,5.226188936054328e-12,2.590264823093495e-07,1.1931315342646457e-05,7.923685453252472e-15,8.157473913976e-13,1.8876851478466108
1380,1.3800000000000001,1680.5972050905577,5100000.0,0.17397262145415104,0.0009999999999998899,0.0057480308777403295,0,58,0,1e-08,0.0057480308777403295,0.47624909373238433,0.2522890073601622,0.03346461297977218,0.020817692133400515,0.21071996243514807,1.0416056299793609e-12,0.006425682072821272,5.219592776788937e-12,2.588372138222421e-07,1.1924913999561959e-05,7.913319810518422e-15,8.149817845574707e-13,1.8877124243962864
1381,1.381,1680.540530231411,5100000.0,0.17396786468176864,0.001000000000000112,0.005748188045127562,0,58,0,1e-08,0.005748188045127562,0.47625678969086105,0.2522894411415745,0.033465551038392875,0.02081437683981963,0.21071426929148235,1.0402564900212264e-12,0.006425641033059745,5.2130075307708045e-12,2.586481596753952e-07,1.1918518372698902e-05,7.902971982070412e-15,8.142172188557534e-13,1.887739683182402
1382,1.3820000000000001,1680.4838800144594,5100000.0,0.1739631088592755,0.0009999999999998899,0.005748345189719637,0,58,0,1e-08,0.005748345189719637,0.4762644767527531,0.2522898725482697,0.03346648956992953,0.020811066144468968,0.21070858226975367,1.0389096577863176e-12,0.0064256000502227895,5.2064331732572685e-12,2.584593194660472e-07,1.1912128453186898e-05,7.892641928194248e-15,8.134536921035109e-13,1.8877669243803323
1383,1.383,1680.4272544023702,5100000.0,0.17395835398588855,0.001000000000000112,0.0057485023115430925,0,58,0,1e-08,0.0057485023115430925,0.4762721549469439,0.2522903015726616,0.03346742858556215,0.020807760038663727,0.21070290134631833,1.0375651280564881e-12,0.00642555912420281,5.199869679545925e-12,2.582706927916291e-07,1.1905744232134584e-05,7.882329609191907e-15,8.126912021152279e-13,1.887794148162187
1384,1.3840000000000001,1680.3706533339853,5100000.0,0.17395360006080043,0.0009999999999998899,0.005748659410615066,0,58,0,1e-08,0.005748659410615066,0.47627982426900206,0.25229072824027365,0.033468368063325794,0.020804458513805715,0.21069722653080128,1.0362228947318073e-12,0.006425518254893303,5.19331702324863e-12,2.5808227921188143e-07,1.1899365697528972e-05,7.872034977195144e-15,8.119297466451566e-13,1.8878213543202758
1385,1.385,1680.3140767747134,5100000.0,0.17394884708070793,0.001000000000000112,0.005748816487045395,0,58,0,1e-08,0.005748816487045395,0.4762874847510118,0.25229115254017687,0.033469308017721175,0.020801161561268818,0.21069155779632176,1.0348829527231996e-12,0.006425477442187406,5.186775180012398e-12,2.57894078330898e-07,1.1892992840859454e-05,7.861757993632718e-15,8.111693235293265e-13,1.8878485430644023
1386,1.3860000000000001,1680.2575246773606,5100000.0,0.17394409504506628,0.0009999999999998899,0.005748973540842563,0,58,0,1e-08,0.005748973540842563,0.4762951364075418,0.25229157447887346,0.03347024844580176,0.02079786917246115,0.2106858951334964,1.0335452964819353e-12,0.006425436685978687,5.180244124621225e-12,2.5770608973309955e-07,1.1886625651973178e-05,7.85149861567499e-15,8.104099305736599e-13,1.8878757144045097
1387,1.387,1680.2009969808144,5100000.0,0.17393934395201463,0.001000000000000112,0.005749130572068767,0,58,0,1e-08,0.005749130572068767,0.4763027792334143,0.252291994082417,0.03347118932503813,0.020794581338873297,0.21068023855264004,1.0322099199519127e-12,0.006425395986161716,5.1737238309114625e-12,2.5751831298151394e-07,1.1880264118899275e-05,7.841256795767391e-15,8.096515655525369e-13,1.8879028681259662
1388,1.3880000000000001,1680.1444936700218,5100000.0,0.17393459379822315,0.0009999999999998899,0.005749287580824565,0,58,0,1e-08,0.005749287580824565,0.4763104132872281,0.25229241131331953,0.033472130696479495,0.020791298051894367,0.21067458800034802,1.0308768188125896e-12,0.0064253553426298566,5.167214276179091e-12,2.5733074771497214e-07,1.187390823572563e-05,7.831032502361663e-15,8.088942263759752e-13,1.887930004742405
1389,1.389,1680.0880146666766,5100000.0,0.17392984458516425,0.001000000000000112,0.005749444567062008,0,58,0,1e-08,0.005749444567062008,0.47631803853979504,0.2522928262214972,0.033473072513708416,0.020788019303076218,0.21066894351091278,1.0295459863946303e-12,0.006425314755278418,5.160715433129557e-12,2.571433934702675e-07,1.1867557988252447e-05,7.820825682189952e-15,8.081379107806318e-13,1.8879571237654529
1390,1.3900000000000001,1680.0315599528856,5100000.0,0.1739250963077062,0.0009999999999998899,0.005749601530941238,0,58,0,1e-08,0.005749601530941238,0.4763256550452227,0.25229323877379084,0.03347401481341842,0.020784745083874755,0.21066330503537878,1.0282174182946253e-12,0.006425274224001588,5.154227278989533e-12,2.5695624988368427e-07,1.1861213370213161e-05,7.810636302882522e-15,8.073826166817431e-13,1.887984225658548
1391,1.391,1679.9751294716348,5100000.0,0.1739203489670046,0.001000000000000112,0.005749758472424797,0,58,0,1e-08,0.005749758472424797,0.4763332628035338,0.2522936489909421,0.03347495757837337,0.020781475385825178,0.21065767257883314,1.026891108665776e-12,0.006425233748694501,5.1477497881697086e-12,2.567693165285129e-07,1.1854874370226842e-05,7.800464318718146e-15,8.066283418879094e-13,1.8880113102674068
1392,1.3920000000000001,1679.9187231741537,5100000.0,0.1739156025601368,0.0009999999999998899,0.005749915391599833,0,58,0,1e-08,0.005749915391599833,0.4763408618256848,0.2522940568826773,0.03347590080233848,0.020778210200494817,0.21065204613540905,1.02556705198035e-12,0.006425193329252675,5.141282935765044e-12,2.5658259299276403e-07,1.1848540978002035e-05,7.790309686889959e-15,8.0587508423915e-13,1.8880383775635055
1393,1.393,1679.8623410234409,5100000.0,0.17391085708502246,0.001000000000000112,0.005750072288535883,0,58,0,1e-08,0.005750072288535883,0.47634845213880367,0.25229446244257087,0.033476844495230876,0.02077494951944183,0.21064642568307348,1.0242452431616636e-12,0.006425152965571548,5.134826697800534e-12,2.5639607888444693e-07,1.1842213184801436e-05,7.780172368730679e-15,8.051228416144386e-13,1.888065427703288
1394,1.3940000000000001,1679.8059829718582,5100000.0,0.17390611254080368,0.0009999999999998899,0.005750229163251863,0,58,0,1e-08,0.005750229163251863,0.4763560337551454,0.2522948656789829,0.03347778865216996,0.020771693334261036,0.2106408112146449,1.022925676750851e-12,0.006425112657546997,5.128381049587088e-12,2.562097737951859e-07,1.183589098050539e-05,7.770052322017605e-15,8.043716118682525e-13,1.8880924606735967
1395,1.395,1679.749648972308,5100000.0,0.17390136892550753,0.001000000000000112,0.005750386015813782,0,58,0,1e-08,0.005750386015813782,0.47636360668744276,0.2522952665997209,0.03347873326881612,0.020768441636577498,0.21063520272244388,1.0216083473219955e-12,0.006425072405075313,5.121945966546833e-12,2.560236773185333e-07,1.182957435507747e-05,7.759949504806696e-15,8.036213928631625e-13,1.8881194764672995
1396,1.3960000000000001,1679.6933389825763,5100000.0,0.17389662623720617,0.0009999999999998899,0.005750542846275957,0,58,0,1e-08,0.005750542846275957,0.47637117095496356,0.252295665206027,0.0334796783473867,0.020765194418028706,0.2106296001922509,1.0202932496430921e-12,0.006425032208052844,5.115521424529509e-12,2.5583778905698676e-07,1.1823263299130813e-05,7.749863876916199e-15,8.028721824819964e-13,1.8881464751522958
1397,1.397,1679.6370529610267,5100000.0,0.1738918844744742,0.001000000000000112,0.005750699654686318,0,58,0,1e-08,0.005750699654686318,0.4763787265776632,0.25229606149842365,0.03348062389081722,0.020761951670264813,0.21062400360914862,1.0189803785162555e-12,0.0064249920663762014,5.109107399488732e-12,2.5565210861478923e-07,1.1816957803364651e-05,7.739795398453774e-15,8.02123978614328e-13,1.8881734568045947
1398,1.3980000000000001,1679.58079086136,5100000.0,0.1738871436359394,0.0009999999999998899,0.005750856441080832,0,58,0,1e-08,0.005750856441080832,0.47638627356884017,0.2522964554840159,0.033481569895444104,0.02075871338496687,0.21061841296486014,1.0176697285840582e-12,0.006424951979942327,5.102703867107832e-12,2.5546663558961875e-07,1.1810657857881445e-05,7.729744028030356e-15,8.013767791428182e-13,1.8882004214245545
1399,1.399,1679.5245526397111,5100000.0,0.17388240371973823,0.001000000000000112,0.00575101320552194,0,58,0,1e-08,0.00575101320552194,0.47639381194495184,0.25229684716669976,0.03348251636080711,0.02075547955383543,0.21061282824793695,1.0163612945920907e-12,0.0064249119486483935,5.096310803315101e-12,2.552813695840484e-07,1.1804363453112546e-05,7.719709725179029e-15,8.006305819630057e-13,1.8882273690490663
1400,1.4000000000000001,1679.4683382514297,5100000.0,0.17387766472425056,0.0009999999999998899,0.005751169948053833,0,58,0,1e-08,0.005751169948053833,0.4764013417211483,0.25229723655162084,0.033483463285185915,0.02075225016859578,0.21060724944822345,1.0150550712688666e-12,0.00642487197239193,5.089928184049334e-12,2.550963102003626e-07,1.1798074579397474e-05,7.709692449253649e-15,7.998853849743163e-13,1.8882542997004845
1401,1.401,1679.4121476545504,5100000.0,0.17387292664776677,0.001000000000000112,0.005751326668733887,0,58,0,1e-08,0.005751326668733887,0.47640886291612117,0.25229762364034636,0.03348441067043199,0.020749025220986816,0.21060167655201234,1.0137510534552936e-12,0.00642483205107057,5.083555985510358e-12,2.5491145704610606e-07,1.1791791227437047e-05,7.699692160613289e-15,7.991411860895945e-13,1.88828121344198
1402,1.4020000000000001,1679.3559807987026,5100000.0,0.1738681894888507,0.0009999999999998899,0.00575148336760023,0,58,0,1e-08,0.00575148336760023,0.47641637553667104,0.25229800844622463,0.03348535850659718,0.020745804702794465,0.21059610955746288,1.012449235695103e-12,0.006424792184582578,5.077194183357095e-12,2.547268097162433e-07,1.1785513386847806e-05,7.689708816853685e-15,7.983979832042895e-13,1.888308110201415
1403,1.403,1679.299837655471,5100000.0,0.17386345324517943,0.001000000000000112,0.005751640044730551,0,58,0,1e-08,0.005751640044730551,0.47642387961989063,0.2522983909523961,0.03348630681395655,0.0207425886057669,0.21059054843245945,1.011149613351375e-12,0.006424752372825754,5.0708427549019186e-12,2.5454236784202556e-07,1.1779241050118275e-05,7.679742383104001e-15,7.976557742807925e-13,1.8883349902528026
1404,1.4040000000000001,1679.2437181650716,5100000.0,0.17385871791671503,0.0009999999999998899,0.005751796700116747,0,58,0,1e-08,0.005751796700116747,0.47643137515927925,0.252298771185389,0.033487255569359775,0.020739376921739616,0.2105849931884334,1.0098521806486533e-12,0.006424712615698899,5.064501675253015e-12,2.543581310050035e-07,1.1772974205662652e-05,7.66979281396697e-15,7.969145571993013e-13,1.8883618533726338
1405,1.405,1679.187622295283,5100000.0,0.17385398350014356,0.001000000000000112,0.0057519533338693165,0,58,0,1e-08,0.0057519533338693165,0.4764388621861818,0.2522991491339457,0.03348820478745667,0.020736169642521517,0.2105794437989809,1.0085569328340682e-12,0.00642467291310059,5.058170921579134e-12,2.541740988321877e-07,1.1766712845493456e-05,7.65986007344723e-15,7.961743299236065e-13,1.8883886997702093
1406,1.4060000000000001,1679.1315499935777,5100000.0,0.17384924999501128,0.0009999999999998899,0.005752109945993932,0,58,0,1e-08,0.005752109945993932,0.47644634070371006,0.2522995248148983,0.033489154454780436,0.02073296675998126,0.2105739002658993,1.0072638644239628e-12,0.006424633264930125,5.0518504696485486e-12,2.539902709187952e-07,1.1760456958992998e-05,7.649944118789427e-15,7.954350903664005e-13,1.888415529332681
1407,1.407,1679.0755012198333,5100000.0,0.17384451739874282,0.0009999999999998899,0.00575226653657541,0,58,0,1e-08,0.00575226653657541,0.4764538107318378,0.25229989822820115,0.03349010457473957,0.020729768265993015,0.21056836257411848,1.0059729704003494e-12,0.006424593671086828,5.045540296191648e-12,2.5380664688102976e-07,1.175420653716673e-05,7.64004491150263e-15,7.946968364814109e-13,1.8884423421403567
1408,1.408,1679.0194759365897,5100000.0,0.1738397857100452,0.001000000000000112,0.005752423105652319,0,58,0,1e-08,0.005752423105652319,0.47646127229413904,0.2523002693702006,0.03349105515434945,0.020726574152433265,0.21056283070496581,1.0046842458549749e-12,0.006424554131470061,5.039240378192089e-12,2.5362322634016443e-07,1.1747961571377716e-05,7.63016241408511e-15,7.939595662349112e-13,1.8884691383148173
1409,1.409,1678.9634740976512,5100000.0,0.17383505492789933,0.0009999999999998899,0.005752579653250345,0,58,0,1e-08,0.005752579653250345,0.476468725401983,0.25230063824937,0.03349200618848577,0.02072338441121272,0.21055730465195555,1.003397685573098e-12,0.0064245146459796405,5.0329506920674735e-12,2.5344000890428375e-07,1.1741722051865149e-05,7.620296586188469e-15,7.932232775740592e-13,1.8884959178384986
1410,1.41,1678.9074956570141,5100000.0,0.17383032505037,0.001000000000000112,0.005752736179434437,0,58,0,1e-08,0.005752736179434437,0.4764761700666967,0.2523010048741437,0.03349295767204896,0.02072019903427361,0.21055178440862324,1.002113284359204e-12,0.006424475214515737,5.0266712143174256e-12,2.532569941827991e-07,1.1735487968903542e-05,7.610447387611577e-15,7.924879684529811e-13,1.888522680693956
1411,1.411,1678.85154057399,5100000.0,0.17382559607553094,0.0009999999999998899,0.005752892684259046,0,58,0,1e-08,0.005752892684259046,0.4764836063067599,0.2523013692457761,0.033493909607114666,0.020717018013569576,0.21054626996134598,1.0008310372233566e-12,0.006424435836978665,5.020401921888729e-12,2.5307418179462506e-07,1.1729259313468304e-05,7.60061478002636e-15,7.917536368466198e-13,1.8885494269458345
1412,1.412,1678.7956088100752,5100000.0,0.17382086800200236,0.001000000000000112,0.0057530491677707666,0,58,0,1e-08,0.0057530491677707666,0.4764910341435649,0.2523017313625881,0.033494861998689146,0.020713841341061134,0.21054076129358176,9.995509392672197e-13,0.006424396513268854,5.0141427919451635e-12,2.5289157136296073e-07,1.1723036076829186e-05,7.590798725924322e-15,7.910202807410021e-13,1.8885761566922807
1413,1.413,1678.7397003204992,5100000.0,0.17381614082862715,0.0009999999999998899,0.005753205629998615,0,58,0,1e-08,0.005753205629998615,0.4764984535896873,0.25230209123164976,0.03349581484301789,0.020710669008739316,0.21053525839759019,9.982729853768683e-13,0.006424357243287079,5.007893801264314e-12,2.527091625018308e-07,1.17168182494539e-05,7.580999185788613e-15,7.90287898110189e-13,1.8886028699310022
1414,1.414,1678.683815061211,5100000.0,0.17381141455358914,0.001000000000000112,0.0057533620710036515,0,58,0,1e-08,0.0057533620710036515,0.4765058646584487,0.2523024488592177,0.033496768137148004,0.0207075010086202,0.21052976126486683,9.969971704767695e-13,0.0064243180269344564,5.001654926739866e-12,2.525269548273493e-07,1.1710605821914227e-05,7.571216120426419e-15,7.89556486936115e-13,1.8886295666687496
1415,1.415,1678.6279529855804,5100000.0,0.1738066891751386,0.0009999999999998899,0.005753518490834531,0,58,0,1e-08,0.005753518490834531,0.4765132673593402,0.25230280425529994,0.03349772187436295,0.020704337332754758,0.21052426989072004,9.957234894097727e-13,0.00642427886411253,4.995426145149591e-12,2.523449479525318e-07,1.1704398784458233e-05,7.561449489870987e-15,7.888260451999636e-13,1.8886562468690058
1416,1.416,1678.5721140581975,5100000.0,0.1738019646912453,0.001000000000000112,0.0057536748895594255,0,58,0,1e-08,0.0057536748895594255,0.4765206617172005,0.25230315741456055,0.033498676063287804,0.02070117797318876,0.21051878425511084,9.94451937436382e-13,0.006424239754722758,4.989207434132561e-12,2.521631415092217e-07,1.1698197128797495e-05,7.551699257980799e-15,7.880965709194806e-13,1.8886829106709395
1417,1.417,1678.5162982389534,5100000.0,0.1737972411010437,0.0009999999999998899,0.005753831267197743,0,58,0,1e-08,0.005753831267197743,0.4765280477503067,0.2523035083381929,0.0334996307060182,0.02069802292198391,0.21051330434455137,9.931825096593788e-13,0.006424200698666828,4.9829987710517944e-12,2.5198153512247707e-07,1.1692000846046095e-05,7.54196538713836e-15,7.873680621041391e-13,1.8887095581388373
1418,1.418,1678.4605054734077,5100000.0,0.173792518403174,0.001000000000000112,0.005753987623795483,0,58,0,1e-08,0.005753987623795483,0.47653542545681743,0.25230385704734803,0.03350058578465853,0.02069487217126721,0.21050783016563782,9.91915200676614e-13,0.006424161695847181,4.976800132316569e-12,2.5180012839545e-07,1.1685809925474951e-05,7.53224783504395e-15,7.866405167298208e-13,1.8887361891078402
1419,1.419,1678.4047357391696,5100000.0,0.17378779659477292,0.0009999999999998899,0.005754143959438215,0,58,0,1e-08,0.005754143959438215,0.4765427948790548,0.2523042035191413,0.03350154132537574,0.020691725713111498,0.21050236168082923,9.906500062517586e-13,0.006424122746165657,4.97061149667728e-12,2.5161892098342264e-07,1.167962436050896e-05,7.522546570126636e-15,7.859139328670499e-13,1.8887628039177773
1420,1.42,1678.3489889719974,5100000.0,0.17378307567631052,0.001000000000000112,0.005754300274111378,0,58,0,1e-08,0.005754300274111378,0.47655015600134,0.2523045477884349,0.0335024972965455,0.02068858353969661,0.21049689891052475,9.893869206549502e-13,0.006424083849525353,4.96443283997027e-12,2.5143791247555794e-07,1.1673444139175622e-05,7.512861547020536e-15,7.851883084749579e-13,1.8887894022462959
1421,1.421,1678.2932651456638,5100000.0,0.17377835564388938,0.0009999999999998899,0.005754456567934807,0,58,0,1e-08,0.005754456567934807,0.4765575088601941,0.2523048898379904,0.03350345371865929,0.020685445643159158,0.21049144182294985,9.881259395340224e-13,0.006424045005828873,4.958264140798887e-12,2.5125710252287387e-07,1.1667269254422298e-05,7.503192733032956e-15,7.844636416251781e-13,1.8888159843679624
1422,1.422,1678.2375642225618,5100000.0,0.17377363649756145,0.001000000000000112,0.005754612840907803,0,58,0,1e-08,0.005754612840907803,0.4765648534765209,0.252305229666156,0.03350441059661811,0.020682312015648387,0.21048599040193677,9.868670581400509e-13,0.006424006214978998,4.952105377010169e-12,2.510764907587292e-07,1.1661099697738882e-05,7.493540091798442e-15,7.837399303611659e-13,1.8888425503787603
1423,1.423,1678.181886146605,5100000.0,0.1737689182361962,0.0009999999999998899,0.005754769093058606,0,58,0,1e-08,0.005754769093058606,0.47657218984536537,0.252305567296966,0.033505367909607814,0.020679182649385605,0.21048054465713742,9.856102710730247e-13,0.006423967476879343,4.945956525208029e-12,2.5089607678799677e-07,1.1654935458240194e-05,7.48390358092287e-15,7.830171726812755e-13,1.8888691000798863
1424,1.424,1678.1262308843586,5100000.0,0.1737642008567245,0.001000000000000112,0.005754925324489892,0,58,0,1e-08,0.005754925324489892,0.47657951799278575,0.25230590272347386,0.033506325667800686,0.020676057536578384,0.21047510456719387,9.843555737559403e-13,0.006423928791433379,4.93981756366511e-12,2.5071586025272194e-07,1.1648776527973134e-05,7.474283165571747e-15,7.82295366653169e-13,1.8888956336273859
1425,1.425,1678.07059838936,5100000.0,0.17375948435842778,0.0009999999999998899,0.005755081535216281,0,58,0,1e-08,0.005755081535216281,0.4765868379266908,0.25230623595677826,0.03350728386330496,0.020672936669475703,0.2104696701288778,9.831029611570666e-13,0.006423890158545113,4.933688469792087e-12,2.505358407749704e-07,1.1642622897315367e-05,7.464678806697277e-15,7.815745103133735e-13,1.888922150970273
1426,1.426,1678.0149886265697,5100000.0,0.17375476873922346,0.001000000000000112,0.005755237725307803,0,58,0,1e-08,0.005755237725307803,0.4765941496706136,0.252306566992365,0.033508242503844675,0.02066982004032233,0.21046424132333566,9.818524286641765e-13,0.0064238515781185,4.927569221867052e-12,2.5035601799589145e-07,1.1636474558126396e-05,7.455090469099071e-15,7.808546017355274e-13,1.8889486522363714
1427,1.427,1677.9594015545492,5100000.0,0.17375005399821322,0.0009999999999998899,0.005755393894785054,0,58,0,1e-08,0.005755393894785054,0.4766014532391427,0.25230689583460564,0.03350920158824813,0.020666707641386867,0.21045881814064366,9.806039714488013e-13,0.006423813050057749,4.92145979777326e-12,2.5017639154716536e-07,1.1630331501452811e-05,7.445518115554876e-15,7.801356389802544e-13,1.8889751374515287
1428,1.428,1677.9038371329518,5100000.0,0.17374534013382767,0.001000000000000112,0.005755550043701086,0,58,0,1e-08,0.005755550043701086,0.47660874864818825,0.25230722248650767,0.03351016111670026,0.020663599464955336,0.2104534005695483,9.793575847319608e-13,0.006423774574267338,4.915360175532035e-12,2.4999696106309927e-07,1.1624193718491583e-05,7.435961709282713e-15,7.794176201166363e-13,1.88900160665704
1429,1.429,1677.8482953181228,5100000.0,0.17374062714460423,0.0009999999999998899,0.005755706172095203,0,58,0,1e-08,0.005755706172095203,0.47661603590890783,0.25230754695576296,0.033511121084689496,0.020660495503342476,0.2104479886035303,9.781132636287482e-13,0.006423736150651992,4.909270332991676e-12,2.4981772617358596e-07,1.1618061200024186e-05,7.426421212498682e-15,7.787005432099476e-13,1.8890280598402902
1430,1.43,1677.7927760651648,5100000.0,0.17373591502872854,0.001000000000000112,0.005755862280028596,0,58,0,1e-08,0.005755862280028596,0.4766233150304513,0.2523078692519898,0.03351208148576617,0.02065739574889586,0.21044258223805865,9.768710032213182e-13,0.006423697779116961,4.903190247977507e-12,2.496386865075359e-07,1.1611933936682357e-05,7.416896587089605e-15,7.779844063281866e-13,1.8890544969662793
1431,1.431,1677.73727934205,5100000.0,0.17373120378424484,0.0009999999999998899,0.005756018367556934,0,58,0,1e-08,0.005756018367556934,0.47663058603961544,0.25230818936718497,0.03351304233110509,0.020654300193951165,0.21043718145095971,9.756307990599876e-13,0.006423659459567323,4.8971198992756495e-12,2.494598417150964e-07,1.1605811920762271e-05,7.407387799236138e-15,7.77269207579858e-13,1.8890809182018795
1432,1.432,1677.6818051072262,5100000.0,0.17372649341053445,0.001000000000000112,0.005756174434701816,0,58,0,1e-08,0.005756174434701816,0.47663784894999006,0.25230850730649074,0.033514003618724385,0.02065120883087037,0.21043178623325426,9.743926463688257e-13,0.006423621191908459,4.8910592650592305e-12,2.492811914319928e-07,1.1599695143346982e-05,7.39789481209068e-15,7.765549450516252e-13,1.889107323563197
1433,1.433,1677.6263533153494,5100000.0,0.17372178390598358,0.0009999999999998899,0.005756330481507601,0,58,0,1e-08,0.005756330481507601,0.47664510376966723,0.25230882308046143,0.03351496534121669,0.02064812165205076,0.21042639658143963,9.731565402482392e-13,0.006423582976046216,4.885008323297756e-12,2.491027352888545e-07,1.159358359504225e-05,7.388417587645531e-15,7.758416168254412e-13,1.8891337130040229
1434,1.434,1677.5709239277219,5100000.0,0.17371707526857302,0.001000000000000112,0.005756486508042315,0,58,0,1e-08,0.005756486508042315,0.4766523505156875,0.2523091366906721,0.033515927500149256,0.02064503864990144,0.21042101248305575,9.719224760453525e-13,0.006423544811886545,4.878967052486823e-12,2.48924472927775e-07,1.1587477267316994e-05,7.378956090139947e-15,7.751292210072769e-13,1.8891600865808413
1435,1.435,1677.5155169013785,5100000.0,0.17371236749696725,0.0009999999999998899,0.005756642514341118,0,58,0,1e-08,0.005756642514341118,0.47665958919902696,0.2523094481446936,0.03351689009108041,0.020641959816859838,0.2104156339316909,9.706904489671942e-13,0.006423506699335781,4.872935430881971e-12,2.487464039849007e-07,1.158137615110262e-05,7.369510282503033e-15,7.744177556964751e-13,1.8891864442812059
1436,1.436,1677.4601322038282,5100000.0,0.17370766058937986,0.001000000000000112,0.0057567985004643475,0,58,0,1e-08,0.0057567985004643475,0.4766668198449957,0.2523097574357785,0.033517853123889954,0.020638885145356157,0.21041026090660223,9.694604546023764e-13,0.006423468638300162,4.866913437527523e-12,2.485685281137817e-07,1.1575280238683931e-05,7.360080131153421e-15,7.737072190263191e-13,1.889212786256686
1437,1.437,1677.4047697897438,5100000.0,0.1737029545451108,0.0009999999999998899,0.005756954466426125,0,58,0,1e-08,0.005756954466426125,0.4766740424610464,0.25231006457494337,0.03351881659067844,0.02063581462786005,0.21040489340488336,9.682324880970744e-13,0.006423430628686403,4.860901050627908e-12,2.4839084494837796e-07,1.1569189520710346e-05,7.350665598416617e-15,7.729976090993877e-13,1.889239112455066
1438,1.438,1677.3494296264107,5100000.0,0.17369824936211709,0.001000000000000112,0.005757110412295313,0,58,0,1e-08,0.005757110412295313,0.47668125707189307,0.2523103695559565,0.03351978050079696,0.020632748256834026,0.21039953140636802,9.670065450528296e-13,0.006423392670401162,4.8548982493243155e-12,2.482133541434502e-07,1.1563103989457098e-05,7.341266650792388e-15,7.722889240582228e-13,1.88926542302169
1439,1.439,1677.2941116580566,5100000.0,0.17369354503966328,0.0009999999999998899,0.00575726633808722,0,58,0,1e-08,0.00575726633808722,0.47668846367015383,0.2523106724045072,0.033520744831646895,0.020629686024814946,0.21039417492294174,9.657826202715344e-13,0.006423354763351971,4.848905011214223e-12,2.4803605531817885e-07,1.1557023634256945e-05,7.331883247386015e-15,7.715811619873967e-13,1.8892917177356718
1440,1.44,1677.2388158576616,5100000.0,0.17368884157460182,0.001000000000000112,0.005757422243907348,0,58,0,1e-08,0.005757422243907348,0.4766956622878867,0.25231097310690914,0.03352170960001394,0.02062662792430992,0.21038882392706856,9.645607095755244e-13,0.00642331690744603,4.8429213159543455e-12,2.478589481381643e-07,1.1550948448131481e-05,7.322515356684109e-15,7.70874321056597e-13,1.8893179968272775
1441,1.441,1677.1835421853768,5100000.0,0.17368413896677212,0.0009999999999998899,0.005757578129751974,0,58,0,1e-08,0.005757578129751974,0.4767028529394544,0.2523112716671154,0.033522674805033736,0.020623573947850478,0.21038347840889565,9.633408083480831e-13,0.006423279102590781,4.836947142360814e-12,2.4768203224930294e-07,1.1544878422472172e-05,7.3131629431088e-15,7.701683994038572e-13,1.8893442603245565
1442,1.442,1677.1282905973496,5100000.0,0.17367943721467666,0.001000000000000112,0.005757733995671928,0,58,0,1e-08,0.005757733995671928,0.47671003563346787,0.25231156809475086,0.03352364044016216,0.020620524088001007,0.21037813836429578,9.621229118434377e-13,0.006423241348694177,4.830982469031347e-12,2.4750530729204907e-07,1.1538813548168301e-05,7.30382596986811e-15,7.694633951617072e-13,1.8893705081902878
1443,1.443,1677.0730610539547,5100000.0,0.1736747363163911,0.0009999999999998899,0.005757889841721969,0,58,0,1e-08,0.005757889841721969,0.4767172103841262,0.25231186239380904,0.0335246065044747,0.020617478337343193,0.21037280378354922,9.60907015473264e-13,0.006423203645664307,4.825027274915606e-12,2.473287729144296e-07,1.1532753816658033e-05,7.294504401605508e-15,7.687593064798408e-13,1.8893967404515633
1444,1.444,1677.0178535171076,5100000.0,0.17367003627042352,0.001000000000000112,0.005758045667952766,0,58,0,1e-08,0.005758045667952766,0.47672437720760896,0.2523121545662674,0.033525572999057736,0.020614436688473205,0.21036747465494368,9.596931147155842e-13,0.006423165993409481,4.819081539126716e-12,2.471524287677095e-07,1.1526699219587239e-05,7.285198203543467e-15,7.68056131517229e-13,1.889422957158419
1445,1.445,1676.9626679516991,5100000.0,0.17366533707543616,0.0009999999999998899,0.005758201474399657,0,58,0,1e-08,0.005758201474399657,0.4767315361241002,0.25231244461008595,0.03352653992901404,0.02061139913399208,0.21036215096275943,9.58481205161418e-13,0.006423128391838047,4.813145241036254e-12,2.4697627450853835e-07,1.1520649748991067e-05,7.275907341936041e-15,7.673538684453812e-13,1.8894491584068434
1446,1.446,1676.9075043114076,5100000.0,0.17366063873039725,0.001000000000000112,0.0057583572610980715,0,58,0,1e-08,0.0057583572610980715,0.4767386871381133,0.25231273253879033,0.033527507283862085,0.020608365666544826,0.2103568327069228,9.572712820225238e-13,0.006423090840858914,4.8072183592998455e-12,2.468003097767449e-07,1.1514605395483363e-05,7.26663177951459e-15,7.666525154103732e-13,1.8894753441141536
1447,1.447,1676.852362562968,5100000.0,0.17365594123309888,0.0009999999999998899,0.00575851302811222,0,58,0,1e-08,0.00575851302811222,0.4767458302719704,0.2523130183481042,0.03352847507092364,0.02060533627877274,0.21035151986955286,9.560633409751497e-13,0.006423053340380908,4.801300873529948e-12,2.4662453423357887e-07,1.1508566151353006e-05,7.257371483272175e-15,7.659520705992847e-13,1.8895015144015557
1448,1.448,1676.797242661431,5100000.0,0.17365124458268616,0.001000000000000112,0.005758668775471688,0,58,0,1e-08,0.005758668775471688,0.476752965531732,0.25231330204991426,0.033529443281339076,0.0206023109633568,0.21034621244900695,9.548573773005564e-13,0.006423015890313379,4.795392762590479e-12,2.4644894752265155e-07,1.1502532007409163e-05,7.248126416539042e-15,7.652525321720284e-13,1.8895276692047638
1449,1.449,1676.742144574721,5100000.0,0.17364654877708124,0.0009999999999998899,0.005758824503236398,0,58,0,1e-08,0.005758824503236398,0.47676009294103694,0.2523135836385453,0.03353041192381698,0.020599289712972223,0.21034091042606454,9.53653386737464e-13,0.0064229784905656,4.789494006285682e-12,2.462735493086521e-07,1.1496502956110807e-05,7.23889654683778e-15,7.645538983288366e-13,1.8895538086606747
1450,1.45,1676.687068261128,5100000.0,0.17364185381553982,0.001000000000000112,0.005758980211432288,0,58,0,1e-08,0.005758980211432288,0.4767672125101257,0.2523138631216464,0.033531380993725456,0.020596272520324484,0.21033561379489044,9.524513647005022e-13,0.006422941141047219,4.783604583811958e-12,2.4609833924183216e-07,1.149047898869975e-05,7.229681838689663e-15,7.638561672480408e-13,1.8895799327532992
1451,1.451,1676.6320136799695,5100000.0,0.17363715969631052,0.0009999999999998899,0.005759135900108472,0,58,0,1e-08,0.005759135900108472,0.4767743242504324,0.2523141405056147,0.03353235048767898,0.02059325937814238,0.21033032254843548,9.51251306650479e-13,0.006422903841668202,4.777724474492691e-12,2.4592331697491404e-07,1.1484460096557586e-05,7.220482257017766e-15,7.631593371160907e-13,1.8896060414807505
1452,1.452,1676.5769808014136,5100000.0,0.17363246641773888,0.001000000000000112,0.005759291569321096,0,58,0,1e-08,0.005759291569321096,0.4767814281882571,0.25231441578200636,0.033533320417133666,0.02059025027914381,0.21032503666479482,9.500532084346105e-13,0.0064228665923383,4.77185365844897e-12,2.457484821783996e-07,1.1478446272456776e-05,7.211297770282775e-15,7.62463406153773e-13,1.889632135011203
1453,1.453,1676.5219695711912,5100000.0,0.17362777397929857,0.0009999999999998899,0.005759447219078663,0,58,0,1e-08,0.005759447219078663,0.47678852431598295,0.2523146889761255,0.033534290759769436,0.020587245216118096,0.21031975615593923,9.488570650649316e-13,0.006422829392968211,4.765992114182906e-12,2.4557383448520936e-07,1.1472437506070739e-05,7.202128339234769e-15,7.617683725198887e-13,1.8896582131256636
1454,1.454,1676.466979966259,5100000.0,0.1736230823779084,0.001000000000000112,0.005759602849484665,0,58,0,1e-08,0.005759602849484665,0.4767956126688366,0.2523149600705138,0.033535261536043685,0.02058424418181813,0.21031448099101366,9.476628726426605e-13,0.006422792243468203,4.7601398223910076e-12,2.4539937357817115e-07,1.1466433791051814e-05,7.19297393463109e-15,7.610742344641888e-13,1.8896842760951937
1455,1.455,1676.4120119352408,5100000.0,0.1736183916137321,0.0009999999999998899,0.005759758460524733,0,58,0,1e-08,0.005759758460524733,0.47680269324287994,0.2523152290867274,0.03353623272737392,0.02058124716906131,0.21030921117829168,9.46470626301692e-13,0.006422755143749259,4.754296761885017e-12,2.45225099096337e-07,1.1460435117462301e-05,7.1838345183041e-15,7.603809901631975e-13,1.8897103237434405
1456,1.456,1676.3570654516398,5100000.0,0.17361370168397755,0.001000000000000112,0.0057599140522927965,0,58,0,1e-08,0.0057599140522927965,0.47680976606827846,0.25231549601227,0.03353720434923893,0.02057825417064112,0.21030394669195535,9.452803220440283e-13,0.006422718093722156,4.748462913230293e-12,2.4505101071859565e-07,1.1454441478532943e-05,7.174710060054335e-15,7.59688637866592e-13,1.8897363562842426
1457,1.457,1676.3021404749948,5100000.0,0.1736090125884363,0.0009999999999998899,0.00576006962478685,0,58,0,1e-08,0.00576006962478685,0.4768168311558908,0.25231576085388313,0.03353817639786565,0.02057526517938066,0.21029868752547776,9.440919554005586e-13,0.0064226810932979765,4.742638256090183e-12,2.4487710810259745e-07,1.1448452865731897e-05,7.165600525330112e-15,7.589971757899752e-13,1.8897623737108398
1458,1.458,1676.247236958433,5100000.0,0.17360432432544498,0.001000000000000112,0.005760225178063396,0,58,0,1e-08,0.005760225178063396,0.47682388850746715,0.25231602362731215,0.03353914886046115,0.020572280188147544,0.21029343368141715,9.429055216923563e-13,0.006422644142388388,4.736822769748748e-12,2.4470339089684164e-07,1.1442469269722735e-05,7.156505877624613e-15,7.58306602136873e-13,1.889788375912932
1459,1.459,1676.1923548734528,5100000.0,0.1735996368926595,0.0009999999999998899,0.005760380712191305,0,58,0,1e-08,0.005760380712191305,0.4768309381498967,0.25231628432319037,0.03354012174935052,0.020569299189793958,0.21028818513719222,9.417210168810485e-13,0.006422607240904858,4.731016434794239e-12,2.445298587793779e-07,1.1436490683508106e-05,7.147426086310487e-15,7.576169151659293e-13,1.8898143630679298
1460,1.46,1676.137494177853,5100000.0,0.17359495028964367,0.001000000000000112,0.005760536227186384,0,58,0,1e-08,0.005760536227186384,0.4768379800911086,0.2523165429510358,0.033541095057958596,0.02056632217720674,0.2102829418891697,9.405384364693413e-13,0.006422570388759265,4.725219230934606e-12,2.4435651140750135e-07,1.1430517098363637e-05,7.13836111651039e-15,7.569281131026839e-13,1.8898403351366588
1461,1.461,1676.0826548321777,5100000.0,0.17359026451453113,0.0009999999999998899,0.005760691723101675,0,58,0,1e-08,0.005760691723101675,0.4768450143425637,0.25231679951678043,0.03354206878329117,0.020563349143294073,0.21027770393016748,9.393577760630128e-13,0.006422533585863782,4.7194311381200624e-12,2.4418334844366064e-07,1.142454850592188e-05,7.129310934282184e-15,7.562401941854224e-13,1.8898662921207945
1462,1.462,1676.0278368060597,5100000.0,0.17358557956573079,0.001000000000000112,0.005760847199991327,0,58,0,1e-08,0.005760847199991327,0.4768520409281565,0.25231705401393134,0.03354304293477632,0.020560380080958476,0.21027247124057402,9.381790315897127e-13,0.0064224968321305205,4.713652136968282e-12,2.440103695651906e-07,1.1418584898975568e-05,7.120275508621652e-15,7.5555315668155e-13,1.8898922341643531
1463,1.463,1675.9730400609376,5100000.0,0.17358089544259572,0.0009999999999998899,0.005761002657867934,0,58,0,1e-08,0.005761002657867934,0.4768590598604182,0.25231730644730754,0.03354401751052139,0.020557414983125234,0.21026724381212894,9.3700219870659e-13,0.006422460127471792,4.7078822075906604e-12,2.4383757443727994e-07,1.1412626269289735e-05,7.111254806019402e-15,7.548669988402124e-13,1.8899181612815872
1464,1.464,1675.9182645473038,5100000.0,0.17357621214362304,0.001000000000000112,0.005761158096782737,0,58,0,1e-08,0.005761158096782737,0.4768660711364819,0.25231755683699436,0.03354499249334936,0.020554453842774007,0.21026202165193456,9.358272727072982e-13,0.006422423471800687,4.702121329416445e-12,2.4366496270895334e-07,1.1406672607253765e-05,7.102248789597486e-15,7.541817188864411e-13,1.8899440733113686
1465,1.465,1675.8635102386177,5100000.0,0.17357152966615602,0.0009999999999998899,0.005761313516815054,0,58,0,1e-08,0.005761313516815054,0.4768730747849379,0.25231780517166646,0.033545967897498176,0.020551496652863547,0.21025680473565034,9.346542496784779e-13,0.006422386865029975,4.696369483481204e-12,2.434925340658893e-07,1.1400723906169649e-05,7.093257429756641e-15,7.534973151128022e-13,1.889969970452515
1466,1.466,1675.8087770977845,5100000.0,0.17356684800992378,0.001000000000000112,0.00576146891797526,0,58,0,1e-08,0.00576146891797526,0.47688007081981776,0.2523180514545087,0.033546943722688564,0.02054854340637357,0.21025159305348107,9.33483125357137e-13,0.0064223503070726965,4.6906266501539415e-12,2.433202881778586e-07,1.139478015801552e-05,7.084280693661707e-15,7.528137857867213e-13,1.8899958527374572
1467,1.467,1675.7540650839208,5100000.0,0.1735621671735555,0.0009999999999998899,0.005761624300300009,0,58,0,1e-08,0.005761624300300009,0.47688705924973046,0.25231829569405756,0.033547919963276246,0.020545594096312347,0.21024638660103775,9.323138953611496e-13,0.006422313797842263,4.684892809602289e-12,2.431482247095372e-07,1.1388841354299386e-05,7.075318547362454e-15,7.521311291702883e-13,1.890021720137046
1468,1.468,1675.6993741617625,5100000.0,0.1735574871552783,0.001000000000000112,0.00576177966384955,0,58,0,1e-08,0.00576177966384955,0.47689404009086384,0.2523185378912484,0.03354889662121772,0.020542648715697533,0.210241185366345,9.311465555094714e-13,0.006422277337252184,4.6791679424244624e-12,2.4297634333511587e-07,1.138290748724829e-05,7.0663709587386535e-15,7.514493435455989e-13,1.8900475727091026
1469,1.469,1675.6447042961338,5100000.0,0.17355280795389655,0.0009999999999998899,0.005761935008654743,0,58,0,1e-08,0.005761935008654743,0.47690101335939367,0.25231877804699526,0.03354987369848041,0.020539707257559832,0.21023598933743495,9.299811016339096e-13,0.006422240925216139,4.673452029275869e-12,2.4280464372963507e-07,1.1376978549109477e-05,7.057437895767537e-15,7.5076842719945e-13,1.89007341051156
1470,1.47,1675.5900554449636,5100000.0,0.17354812956822044,0.001000000000000112,0.005762090334756501,0,58,0,1e-08,0.005762090334756501,0.47690797906181265,0.25231901617181784,0.03355085118741808,0.020536769714962447,0.21023079851199894,9.288175293415997e-13,0.006422204561648217,4.667745050399256e-12,2.4263312555815496e-07,1.1371054531268644e-05,7.048519324343376e-15,7.500883784045094e-13,1.8900992334920166
1471,1.471,1675.5354275796828,5100000.0,0.17354345199633373,0.0009999999999998899,0.005762245642209628,0,58,0,1e-08,0.005762245642209628,0.47691493722309697,0.2523192522577727,0.033551829098847526,0.02053383608095876,0.21022561286925368,9.276558347070593e-13,0.0064221682464623755,4.66204698699498e-12,2.424617885074442e-07,1.1365135426824025e-05,7.039615214640593e-15,7.494091954746e-13,1.8901250418096291
1472,1.472,1675.4808206453547,5100000.0,0.17353877523772213,0.001000000000000112,0.005762400931032628,0,58,0,1e-08,0.005762400931032628,0.4769218878316394,0.25231948633332396,0.033552807407148846,0.0205309063486769,0.2102204324249561,9.264960129228543e-13,0.006422131979573506,4.656357818550006e-12,2.4229063222414974e-07,1.135922122555887e-05,7.0307255286977845e-15,7.487308766572423e-13,1.8901508352058345
1473,1.473,1675.4262346266466,5100000.0,0.17353409928911534,0.0009999999999998899,0.005762556201325288,0,58,0,1e-08,0.005762556201325288,0.47692883093021776,0.2523197183726709,0.03355378614098875,0.02052798051119108,0.21021525714050307,9.253380605289712e-13,0.0064220957608957805,4.650677527255287e-12,2.421196564171863e-07,1.135331192225423e-05,7.0218502409283965e-15,7.480534203119623e-13,1.890176614044107
1474,1.474,1675.3716694790244,5100000.0,0.17352942415136194,0.001000000000000112,0.0057627114530608755,0,58,0,1e-08,0.0057627114530608755,0.47693576652144537,0.2523199483900673,0.03355476528895851,0.020525058561624055,0.2102100870174353,9.241819730893807e-13,0.006422059590344068,4.645006093390834e-12,2.419488607506114e-07,1.1347407508024193e-05,7.0129893167565484e-15,7.473768247222525e-13,1.8902023782286896
1475,1.475,1675.3171251631532,5100000.0,0.17352474982227023,0.0009999999999998899,0.005762866686303382,0,58,0,1e-08,0.005762866686303382,0.4769426946147986,0.25232017639284876,0.03355574484655983,0.02052214049312094,0.21020492205041272,9.230277463529224e-13,0.006422023467833438,4.639343497638741e-12,2.417782448974155e-07,1.134150797464505e-05,7.004142723282882e-15,7.467010881910426e-13,1.8902281277428439
1476,1.476,1675.2626016431366,5100000.0,0.17352007630017902,0.001000000000000112,0.0057630219011094354,0,58,0,1e-08,0.0057630219011094354,0.47694961522432017,0.2523204023837495,0.033556724813890916,0.020519226298840162,0.2101997622295207,9.218753761939464e-13,0.006421987393279144,4.63368972096334e-12,2.4160780853671014e-07,1.1335613314335114e-05,6.995310428745357e-15,7.460262090353685e-13,1.890253862622398
1477,1.477,1675.2080988809646,5100000.0,0.1735154035837776,0.0009999999999998899,0.0057631770975137935,0,58,0,1e-08,0.0057631770975137935,0.47695652836095365,0.2523206263685488,0.0335577051879944,0.020516315971962597,0.21019460754793123,9.207248584255356e-13,0.0064219513665967455,4.6280447442392485e-12,2.414375513450852e-07,1.1329723519055665e-05,6.986492400794772e-15,7.453521855712401e-13,1.8902795828680823
1478,1.478,1675.1536168521097,5100000.0,0.17351073167152953,0.001000000000000112,0.005763332275568962,0,58,0,1e-08,0.005763332275568962,0.47696343405417174,0.25232084833453555,0.033558685984408934,0.020513409505650615,0.2101894579802965,9.195761893222676e-13,0.0064219153877015656,4.622408549283142e-12,2.412674730205715e-07,1.1323838582470884e-05,6.977688611314274e-15,7.446790161546362e-13,1.8903052886925833
1479,1.479,1675.0991555082471,5100000.0,0.17350606056330048,0.0009999999999998899,0.0057634874352706445,0,58,0,1e-08,0.0057634874352706445,0.47697033230055746,0.25232106830176193,0.03355966718589006,0.02051050689312299,0.2101843135341276,9.184293643704084e-13,0.006421879456509585,4.616781116378699e-12,2.4109757322506697e-07,1.1317958495265014e-05,6.968899024918027e-15,7.440066990816635e-13,1.8903309799327876
1480,1.48,1675.0447148150743,5100000.0,0.17350139025647204,0.001000000000000112,0.005763642576707303,0,58,0,1e-08,0.005763642576707303,0.4769772231157012,0.25232128627125106,0.033560648794219,0.020507608127605055,0.21017917419792187,9.17284379534986e-13,0.006421843572936894,4.611162426794939e-12,2.409278516430265e-07,1.1312083249890967e-05,6.960123610602607e-15,7.433352326915557e-13,1.8903566566434666
1481,1.481,1674.990294743304,5100000.0,0.17349672074987557,0.0009999999999998899,0.005763797699909017,0,58,0,1e-08,0.005763797699909017,0.4769841065220389,0.25232150223718064,0.03356163081802065,0.02050471320232006,0.21017403995333217,9.161412309590732e-13,0.006421807736899581,4.605552462181455e-12,2.4075830796730087e-07,1.1306212839440242e-05,6.951362338980787e-15,7.426646153410564e-13,1.8903823189578064
1482,1.482,1674.9358952539283,5100000.0,0.17349205204286244,0.001000000000000112,0.005763952804898837,0,58,0,1e-08,0.005763952804898837,0.476990982528532,0.25232171620714294,0.03356261325249733,0.020501822110518965,0.21016891079547087,9.14999914469167e-13,0.006421771948314025,4.59995120358939e-12,2.405889418763323e-07,1.1300347255793804e-05,6.9426151777433735e-15,7.419948453645741e-13,1.8904079668550897
1483,1.483,1674.8815163058903,5100000.0,0.17348738413376721,0.0009999999999998899,0.005764107891723361,0,58,0,1e-08,0.005764107891723361,0.47699785114107207,0.25232192819172033,0.03356359608984531,0.020498934845483395,0.21016378672250188,9.138604258334529e-13,0.006421736207097054,4.594358631987272e-12,2.4041975304623337e-07,1.1294486490584192e-05,6.933882094020331e-15,7.413259210961344e-13,1.890433600280026
1484,1.484,1674.8271578636864,5100000.0,0.17348271702070236,0.001000000000000112,0.005764262960446821,0,58,0,1e-08,0.005764262960446821,0.4770047123729905,0.25232213819402566,0.03356457932972787,0.020496051400508065,0.2101586677251391,9.12722761013682e-13,0.0064217005131655645,4.588774728760198e-12,2.40250741162432e-07,1.1288630536147982e-05,6.925163056706664e-15,7.406578408892264e-13,1.89045921926277
1485,1.485,1674.7728199008466,5100000.0,0.1734780507023502,0.0009999999999998899,0.005764418011104285,0,58,0,1e-08,0.005764418011104285,0.4770115662499894,0.2523223462048203,0.03356556298416199,0.02049317176887811,0.21015355378173112,9.115869162826188e-13,0.00642166486643642,4.58319947593799e-12,2.400819059249366e-07,1.128277938596258e-05,6.916458037535448e-15,7.399906031257345e-13,1.8904848239750425
1486,1.486,1674.7185023714608,5100000.0,0.17347338517833194,0.001000000000000112,0.005764573043709872,0,58,0,1e-08,0.005764573043709872,0.47701841277088664,0.25232255224163674,0.033566547038373945,0.020490295943927442,0.2101484448974858,9.104528872752275e-13,0.0064216292668270525,4.577632854314493e-12,2.3991324700444195e-07,1.12769330310802e-05,6.90776700236086e-15,7.393242061393422e-13,1.8905104142814386
1487,1.487,1674.6642052456912,5100000.0,0.17346872044623854,0.0009999999999998899,0.005764728058334933,0,58,0,1e-08,0.005764728058334933,0.47702525195639733,0.25232275630011247,0.033567531499486915,0.02048742391898657,0.2101433410557107,9.093206701693783e-13,0.006421593714254856,4.572074845792871e-12,2.3974476409717064e-07,1.1271091464572374e-05,6.899089922009505e-15,7.386586483116246e-13,1.8905359902973788
1488,1.488,1674.6099284915958,5100000.0,0.17346405650532604,0.001000000000000112,0.005764883055005738,0,58,0,1e-08,0.005764883055005738,0.4770320838242908,0.25232295837881247,0.03356851637169034,0.02048455568739407,0.21013824224265737,9.081902610826388e-13,0.0064215582086373044,4.566525432184018e-12,2.395764568967236e-07,1.1265254679256447e-05,6.890426766735255e-15,7.37993928022401e-13,1.8905615521046741
1489,1.489,1674.5556720673442,5100000.0,0.1734593933546309,0.0009999999999998899,0.005765038033745623,0,58,0,1e-08,0.005765038033745623,0.47703890837857016,0.2523231584899814,0.033569501645482926,0.020481691242524514,0.21013314845832073,9.070616558137132e-13,0.0064215227498923486,4.560984594695957e-12,2.394083250821631e-07,1.125942266672228e-05,6.881777503845129e-15,7.373300436291206e-13,1.8905870996280796
1490,1.49,1674.5014359428799,5100000.0,0.17345473099215158,0.001000000000000112,0.0057651929946226695,0,58,0,1e-08,0.0057651929946226695,0.47704572563925024,0.25232335662985483,0.033570487327370974,0.02047883057775123,0.21012805968668555,9.059348505600106e-13,0.006421487337937914,4.555452315359159e-12,2.392403683514052e-07,1.1253595420038456e-05,6.873142104291415e-15,7.36666993525407e-13,1.8906126329757549
1491,1.491,1674.4472200801238,5100000.0,0.1734500694171066,0.0009999999999998899,0.00576534793765418,0,58,0,1e-08,0.00576534793765418,0.477052535615207,0.25232355280574126,0.03357147341277757,0.020475973686473834,0.2101229759228577,9.048098412627814e-13,0.006421451972692261,4.5499285757240324e-12,2.390725863906694e-07,1.1247772931281122e-05,6.864520536656366e-15,7.360047760873802e-13,1.8906381521287472
1492,1.492,1674.393024433709,5100000.0,0.17344540862787478,0.001000000000000112,0.005765502862895616,0,58,0,1e-08,0.005765502862895616,0.4770593383050062,0.25232374703515825,0.03357245988690005,0.020473120562135877,0.21011789717223012,9.036866236314926e-13,0.006421416654074186,4.544413356914566e-12,2.3890497887580476e-07,1.1241955191624178e-05,6.855912767371805e-15,7.353433896766337e-13,1.8906636569507418
1493,1.493,1674.3388489888189,5100000.0,0.17344074862206438,0.0009999999999998899,0.005765657770417824,0,58,0,1e-08,0.005765657770417824,0.4770661337491556,0.2523239392937781,0.033573446776794795,0.02047027119813568,0.21011282339827628,9.025651943930275e-13,0.0064213813820019104,4.53890664210299e-12,2.387375455302478e-07,1.1236142196062512e-05,6.847318772200638e-15,7.346828327407335e-13,1.8906891477851908
1494,1.494,1674.284693694102,5100000.0,0.1734360894004639,0.001000000000000112,0.005765812660196184,0,58,0,1e-08,0.005765812660196184,0.47707292193786155,0.2523241296074179,0.033574434059349414,0.020467425587941398,0.2101077546147344,9.014455490784676e-13,0.006421346156394528,4.533408412112375e-12,2.3857028602185687e-07,1.1230333935042894e-05,6.8387385159050205e-15,7.34023103632674e-13,1.8907146244004578
1495,1.495,1674.230558533585,5100000.0,0.17343143096005306,0.0009999999999998899,0.005765967532322458,0,58,0,1e-08,0.005765967532322458,0.4770797029098274,0.2523243179534914,0.03357542175987098,0.02046458372497794,0.21010269078686492,9.003276843930875e-13,0.006421310977170614,4.527918650127328e-12,2.384032000735188e-07,1.1224530403430513e-05,6.830171974015075e-15,7.333642008047121e-13,1.8907400871197957
1496,1.496,1674.1764434490296,5100000.0,0.1734267733014901,0.001000000000000112,0.005766122386776366,0,58,0,1e-08,0.005766122386776366,0.4770864766454727,0.25232450436749254,0.033576409845549354,0.02046174560275897,0.21009763193816783,8.992115956601237e-13,0.006421275844249828,4.5224373366179536e-12,2.3823628734394458e-07,1.1218731590832335e-05,6.821619109350753e-15,7.32706122599988e-13,1.8907655356002622
1497,1.497,1674.1223484218453,5100000.0,0.17342211642102648,0.0009999999999998899,0.005766277223673909,0,58,0,1e-08,0.005766277223673909,0.4770932431794819,0.25232468883073195,0.03357739833777347,0.02045891121475968,0.21009257803789405,8.98097279515764e-13,0.006421240757551354,4.516964454694851e-12,2.3806954755350137e-07,1.12129374918025e-05,6.813079896767406e-15,7.320488674730457e-13,1.8907909701199805
1498,1.498,1674.068273410897,5100000.0,0.173417460319032,0.001000000000000112,0.00576643204300441,0,58,0,1e-08,0.00576643204300441,0.4771000025155275,0.2523248713554418,0.033578387226995146,0.020456080554495142,0.2100875290862842,8.969847318632027e-13,0.006421205716994866,4.51149998603602e-12,2.3790298038843466e-07,1.1207148098095429e-05,6.804554304380847e-15,7.313924338208928e-13,1.890816390602464
1499,1.499,1674.0142183827472,5100000.0,0.17341280499352837,0.0009999999999998899,0.005766586844825035,0,58,0,1e-08,0.005766586844825035,0.4771067546676343,0.25232505194347116,0.0335793765140452,0.020453253615490906,0.2100824850732199,8.958739488684529e-13,0.006421170722500178,4.506043912875011e-12,2.377365855476449e-07,1.1201363402433112e-05,6.7960423026951025e-15,7.307368200663242e-13,1.8908417970900544
1500,1.5,1673.960183306353,5100000.0,0.1734081504433295,0.001000000000000112,0.00576674162917686,0,58,0,1e-08,0.00576674162917686,0.4771134996530448,0.25232523059343975,0.03358036620298058,0.02045043039127906,0.21007744598536213,8.947649267834736e-13,0.006421135773987212,4.500596217641221e-12,2.3757036273423025e-07,1.1195583397842626e-05,6.7875438629923e-15,7.300820246419157e-13,1.8908671896620446
1501,1.5010000000000001,1673.9061681452085,5100000.0,0.173403496667496,0.0009999999999998899,0.00576689639608252,0,58,0,1e-08,0.00576689639608252,0.4771202374813635,0.2523254073115462,0.03358135629026764,0.020447610875414243,0.2100724118169972,8.936576616912341e-13,0.006421100871376086,4.495156882456913e-12,2.3740431164360593e-07,1.1189808076680957e-05,6.7790589549825776e-15,7.294280459698512e-13,1.8908925683106623
1502,1.502,1673.8521728625412,5100000.0,0.1733988436645152,0.001000000000000112,0.00576705114559397,0,58,0,1e-08,0.00576705114559397,0.4771269681616275,0.25232558210450867,0.03358234677184963,0.02044479506147269,0.21006738256296287,8.925521496736879e-13,0.0064210660145872555,4.489725889472889e-12,2.3723843197149062e-07,1.1184037431279232e-05,6.770587548352883e-15,7.287748824759088e-13,1.890917933021988
1503,1.5030000000000001,1673.7981974300376,5100000.0,0.1733941914328377,0.0009999999999998899,0.00576720587775415,0,58,0,1e-08,0.00576720587775415,0.4771336917143941,0.25232575496752274,0.03358333765518887,0.020441982943028934,0.21006235820657826,8.914483870981715e-13,0.006421031203541172,4.484303221433703e-12,2.370727234271682e-07,1.117827145502797e-05,6.762129615390771e-15,7.281225326124169e-13,1.8909432839141085
1504,1.504,1673.7442418087753,5100000.0,0.17338953997179166,0.001000000000000112,0.005767360592587071,0,58,0,1e-08,0.005767360592587071,0.47714040814551995,0.25232592591041425,0.03358432893310411,0.020439174513688124,0.21005733874584945,8.903463699947337e-13,0.006420996438158594,4.478888860442505e-12,2.369071857043587e-07,1.1172510140009185e-05,6.7536851252725566e-15,7.274709948074064e-13,1.8909686209372072
1505,1.5050000000000001,1673.6903059707302,5100000.0,0.173384889279596,0.0009999999999998899,0.005767515290143397,0,58,0,1e-08,0.005767515290143397,0.4771471174757117,0.25232609492816255,0.033585320613263976,0.020436369767053035,0.21005232416392727,8.89246094756718e-13,0.006420961718360303,4.4734827893507225e-12,2.3674181851404957e-07,1.1166753479664606e-05,6.745254050492972e-15,7.268202675218246e-13,1.8909939442115802
1506,1.506,1673.636389869037,5100000.0,0.17338023935559882,0.001000000000000112,0.005767669970446489,0,58,0,1e-08,0.005767669970446489,0.47715381969955983,0.2523262620417405,0.03358631267732341,0.020433568696778242,0.21004731447005173,8.881475571731287e-13,0.0064209270440677224,4.468084989840211e-12,2.3657662153920965e-07,1.1161001465107367e-05,6.736836357980877e-15,7.261703491708981e-13,1.891019253559218
1507,1.5070000000000001,1673.5824934833647,5100000.0,0.17337559019717796,0.0009999999999998899,0.005767824633575015,0,58,0,1e-08,0.005767824633575015,0.47716051484798716,0.2523264272358439,0.03358730514322035,0.020430771296492598,0.21004230963714476,8.870507539037823e-13,0.006420892415201924,4.462695445351673e-12,2.3641159450396644e-07,1.1155254090748447e-05,6.728432022643583e-15,7.255212382447578e-13,1.891044549217969
1508,1.508,1673.5286167745264,5100000.0,0.17337094180446966,0.001000000000000112,0.005767979279526133,0,58,0,1e-08,0.005767979279526133,0.4771672029259597,0.2523265905210483,0.03358829800300282,0.020427977559859634,0.21003730966406367,8.859556810049577e-13,0.006420857831684456,4.45731413815028e-12,2.3624673710421172e-07,1.1149511348670276e-05,6.720041013831577e-15,7.248729331865526e-13,1.8910698311288598
1509,1.5090000000000001,1673.4747597106723,5100000.0,0.1733662941756446,0.0009999999999998899,0.005768133908352153,0,58,0,1e-08,0.005768133908352153,0.4771738839483484,0.25232675189799825,0.03358929125864415,0.02042518748055076,0.21003231453975726,8.848623347793187e-13,0.0064208232934368946,4.451941051020496e-12,2.3608204904772467e-07,1.1143773231872128e-05,6.711663303141503e-15,7.242254324633144e-13,1.8910950993465943
1510,1.51,1673.4209222513227,5100000.0,0.17336164730962964,0.001000000000000112,0.005768288520090484,0,58,0,1e-08,0.005768288520090484,0.4771805579179728,0.25232691137931107,0.033590284900132335,0.020422401052271708,0.21002732426520446,8.837707112583141e-13,0.0064207888003812935,4.4465761662369124e-12,2.3591753002982628e-07,1.113803973229273e-05,6.703298859663683e-15,7.235787345232853e-13,1.8911203537883834
1511,1.5110000000000001,1673.367104366758,5100000.0,0.17335700120444714,0.0009999999999998899,0.005768443114798394,0,58,0,1e-08,0.005768443114798394,0.4771872248522715,0.2523270689629763,0.03359127893208183,0.020419618268730257,0.2100223388267628,8.826808068303056e-13,0.006420754352439753,4.441219466812003e-12,2.3575317976292715e-07,1.1132310843210222e-05,6.694947655745499e-15,7.22932837847635e-13,1.8911455945390017
1512,1.512,1673.313306034336,5100000.0,0.17335235585923217,0.001000000000000112,0.005768597692506382,0,58,0,1e-08,0.005768597692506382,0.4771938847784032,0.25232722463729235,0.03359227336880154,0.020416839123622108,0.21001735820107784,8.81592618119918e-13,0.006420719949534175,4.435870936251458e-12,2.3558899797066386e-07,1.1126586558786237e-05,6.6866096658912464e-15,7.22287740939427e-13,1.8911708217943797
1513,1.5130000000000001,1673.2595272069582,5100000.0,0.1733477112738575,0.0009999999999998899,0.0057687522532101606,0,58,0,1e-08,0.0057687522532101606,0.47720053768978987,0.2523273784241647,0.033593268190973885,0.020414063610697815,0.21001238239849904,8.805061409718978e-13,0.006420685591587124,4.4305305565373906e-12,2.3542498434016113e-07,1.1120866870167458e-05,6.678284857428749e-15,7.216434422407058e-13,1.8911960353648636
1514,1.514,1673.205767857462,5100000.0,0.17334306744564323,0.001000000000000112,0.0057689067970006416,0,58,0,1e-08,0.0057689067970006416,0.47720718360701053,0.25232753031835353,0.033594263406426184,0.02041129172370154,0.2100074114022236,8.794213718808415e-13,0.006420651278521169,4.425198310974744e-12,2.352611385895385e-07,1.111515177097101e-05,6.669973203636425e-15,7.209999402508638e-13,1.8912212353718738
1515,1.5150000000000001,1673.1520279518127,5100000.0,0.17333842437397695,0.0009999999999998899,0.005769061323889699,0,58,0,1e-08,0.005769061323889699,0.47721382254111694,0.25232768032409864,0.03359525901349903,0.020408523456396797,0.21000244520496175,8.783383071291642e-13,0.00642061701025904,4.419874182471804e-12,2.3509746042709302e-07,1.1109441253973586e-05,6.661674675825979e-15,7.203572334547756e-13,1.8912464218280236
1516,1.516,1673.0983074562546,5100000.0,0.17333378205752736,0.001000000000000112,0.005769215833923385,0,58,0,1e-08,0.005769215833923385,0.47722045450341344,0.25232782844534796,0.033596255010818046,0.020405758802563158,0.2099974837991652,8.772569430163167e-13,0.006420582786723712,4.414558153997963e-12,2.3493394956216614e-07,1.1103735311994546e-05,6.653389245452321e-15,7.197153203419439e-13,1.8912715947491114
1517,1.5170000000000001,1673.044606333846,5100000.0,0.1733291404949863,0.0009999999999998899,0.005769370327136745,0,58,0,1e-08,0.005769370327136745,0.47722707950064125,0.2523279746905579,0.03359725139249243,0.020402997756004584,0.2099925271818308,8.761772757469754e-13,0.006420548607838444,4.409250208361969e-12,2.3477060569991683e-07,1.109803393746674e-05,6.645116883085425e-15,7.190741993973453e-13,1.8912967540990573
1518,1.518,1672.9909245568062,5100000.0,0.17332449968470726,0.001000000000000112,0.005769524803586344,0,58,0,1e-08,0.005769524803586344,0.47723369755198486,0.25232811905573516,0.033598248165079184,0.0204002403105248,0.20998757533751156,8.750993018295427e-13,0.006420514473526461,4.403950329005179e-12,2.3460742856010593e-07,1.1092337123962513e-05,6.636857562059915e-15,7.184338691346832e-13,1.8913218999844077
1519,1.5190000000000001,1672.9372620923375,5100000.0,0.17331985962599245,0.0009999999999998899,0.005769679263286928,0,58,0,1e-08,0.005769679263286928,0.47724030866968226,0.25232826154379484,0.03359924532821941,0.020397486459943496,0.20998262825769998,8.740230176180508e-13,0.006420480383711252,4.398658499084394e-12,2.3444441785535566e-07,1.1086644864441938e-05,6.6286112542868895e-15,7.177943280572116e-13,1.8913470324323975
1520,1.52,1672.8836189069507,5100000.0,0.17331522031761917,0.001000000000000112,0.005769833706280972,0,58,0,1e-08,0.005769833706280972,0.4772469128648636,0.25232840215872226,0.033600242880479504,0.020394736198097282,0.20997768593498553,8.729484194532044e-13,0.006420446338316493,4.393374701758552e-12,2.3428157329791884e-07,1.1080957151788255e-05,6.6203779315363e-15,7.171555746705727e-13,1.8913721514578479
1521,1.5210000000000001,1672.8299949645982,5100000.0,0.17331058175828618,0.0009999999999998899,0.005769988132603327,0,58,0,1e-08,0.005769988132603327,0.4772535101449858,0.2523285409081195,0.03360124081679824,0.020391989518844997,0.20997274836561713,8.71875503602614e-13,0.006420412337266105,4.388098920068745e-12,2.3411889459685244e-07,1.107527397857812e-05,6.612157564889577e-15,7.165176074777653e-13,1.8913972570339093
1522,1.522,1672.7763902398606,5100000.0,0.17330594394642046,0.001000000000000112,0.005770142542308148,0,58,0,1e-08,0.005770142542308148,0.47726010053200113,0.2523286777851036,0.03360223914660189,0.020389246416039838,0.20996781553135085,8.708042666804956e-13,0.006420378380483951,4.382831137769937e-12,2.339563814778395e-07,1.1069595338702991e-05,6.6039501285958295e-15,7.158804250132754e-13,1.8914223492997533
1523,1.5230000000000001,1672.7228046951423,5100000.0,0.17330130688155104,0.0009999999999998899,0.00577029693540266,0,58,0,1e-08,0.00577029693540266,0.4772666840310442,0.2523288127995402,0.03360323786255508,0.0203865068835654,0.20996288743074404,8.697347049210924e-13,0.0064203444678943055,4.377571337887082e-12,2.3379403364873737e-07,1.106392122456476e-05,6.595755593402521e-15,7.152440257830724e-13,1.8914474282023566
1524,1.524,1672.6692382933181,5100000.0,0.17329667056193573,0.001000000000000112,0.00577045131194667,0,58,0,1e-08,0.00577045131194667,0.4772732606476631,0.25232894596082167,0.033604236957786755,0.02038377091532937,0.2099579640619266,8.686668145817526e-13,0.006420310599421716,4.372319503521037e-12,2.336318508188653e-07,1.1058251628630652e-05,6.587573930252423e-15,7.146084082988389e-13,1.8914724936938778
1525,1.5250000000000001,1672.6156910095863,5100000.0,0.17329203498587245,0.0009999999999998899,0.005770605671988412,0,58,0,1e-08,0.005770605671988412,0.4772798304042114,0.25232907726154735,0.033605236442222707,0.02038103850523243,0.209953045406222,8.676005923202337e-13,0.006420276774990625,4.367075618594398e-12,2.3346983271673494e-07,1.1052586544890372e-05,6.579405113743862e-15,7.139735711084752e-13,1.8914975459189558
1526,1.526,1672.5621628058805,5100000.0,0.173287400152937,0.001000000000000112,0.0057707600155438256,0,58,0,1e-08,0.0057707600155438256,0.4772863933047311,0.2523292067125559,0.03360623630753389,0.02037830964720693,0.20994813146325259,8.665360343802192e-13,0.00642024299452588,4.361839666231325e-12,2.333079790514261e-07,1.104692596571149e-05,6.5712491146648286e-15,7.133395127284425e-13,1.8915225848129351
1527,1.5270000000000001,1672.5086536537476,5100000.0,0.17328276606132129,0.0009999999999998899,0.005770914342664694,0,58,0,1e-08,0.005770914342664694,0.47729294936630723,0.2523293343116338,0.03360723655844384,0.02037558433518767,0.209943222219592,8.654731373183871e-13,0.006420209257952377,4.356611630205054e-12,2.3314628954712228e-07,1.104126988464967e-05,6.5631059066585716e-15,7.127062317043153e-13,1.891547610460689
1528,1.528,1672.4551635259677,5100000.0,0.17327813271021178,0.001000000000000112,0.005771068653379937,0,58,0,1e-08,0.005771068653379937,0.4772994986076811,0.2523294600549032,0.03360823720133825,0.020372862563112243,0.20993831766015733,8.64411897738909e-13,0.006420175565195021,4.351391494406632e-12,2.3298476393040836e-07,1.1035618295419853e-05,6.554975463788676e-15,7.120737265882569e-13,1.8915726229661323
1529,1.5290000000000001,1672.401692379595,5100000.0,0.17327350009892134,0.0009999999999998899,0.0057712229477040215,0,58,0,1e-08,0.0057712229477040215,0.4773060410258292,0.2523295839601497,0.033609238220923036,0.020370144324961433,0.20993341779160524,8.633523117553717e-13,0.0064201419161792755,4.3461792417780545e-12,2.328234019048049e-07,1.1029971189815042e-05,6.546857755605338e-15,7.114419958949128e-13,1.8915976221845232
1530,1.53,1672.3482401860913,5100000.0,0.17326886822511875,0.001000000000000112,0.005771377225716432,0,58,0,1e-08,0.005771377225716432,0.4773125766372913,0.2523297060255905,0.03361023962147139,0.020367429614717207,0.20992852260102682,8.622943759452268e-13,0.006420108310830588,4.3409748562127704e-12,2.326622031962341e-07,1.1024328561402225e-05,6.5387527558955815e-15,7.108110381810991e-13,1.8916226081953416
1531,1.5310000000000001,1672.2948069223664,5100000.0,0.17326423708796507,0.0009999999999998899,0.005771531487436711,0,58,0,1e-08,0.005771531487436711,0.47731910546606476,0.2523298262419973,0.03361124141470405,0.020364718426354785,0.2099236320680599,8.612380870663063e-13,0.006420074749074362,4.335778321986255e-12,2.325011675393441e-07,1.101869040442498e-05,6.530660440085595e-15,7.101808520212458e-13,1.891647581163438
1532,1.532,1672.2413925421367,5100000.0,0.1732596066871872,0.001000000000000112,0.0057716857328758055,0,58,0,1e-08,0.0057716857328758055,0.4773256275041674,0.25232994463200065,0.033612243580462005,0.020362010753902166,0.2099187462042917,8.601834411511732e-13,0.006420041230836607,4.330589621955056e-12,2.3234029463441646e-07,1.1013056710291073e-05,6.5225807769395615e-15,7.095514359320836e-13,1.8916725408880888
1533,1.5330000000000001,1672.1879970260627,5100000.0,0.17325497702009238,0.0009999999999998899,0.005771839962115027,0,58,0,1e-08,0.005771839962115027,0.4773321427804231,0.2523300611814712,0.03361324613535337,0.0203593065913651,0.2099138649845147,8.591304350904226e-13,0.006420007756043144,4.32540874071141e-12,2.3217958422297452e-07,1.1007427473716589e-05,6.514513743071351e-15,7.089227885055433e-13,1.8916974875900119
1534,1.534,1672.1346203366465,5100000.0,0.17325034808678577,0.001000000000000112,0.005771994175152739,0,58,0,1e-08,0.005771994175152739,0.47733865129868147,0.2523301759011795,0.03361424907107674,0.020356605932781918,0.209908988408476,8.580790652107743e-13,0.006419974324620078,4.320235661748693e-12,2.32019036019759e-07,1.1001802687202652e-05,6.5064593099096215e-15,7.082949082890194e-13,1.8917224212042811
1535,1.5350000000000001,1672.0812624413595,5100000.0,0.17324571988547968,0.0009999999999998899,0.005772148372040118,0,58,0,1e-08,0.005772148372040118,0.4773451530694194,0.25233028879523306,0.03361525238598414,0.02035390877220478,0.20990411646929,8.570293280017714e-13,0.006419940936493768,4.315070368909725e-12,2.3185864974756604e-07,1.0996182343864213e-05,6.498417450364089e-15,7.076677938465907e-13,1.8917473417421826
1536,1.536,1672.0279233056021,5100000.0,0.17324109241489702,0.0009999999999998899,0.005772302552820313,0,58,0,1e-08,0.005772302552820313,0.4773516481001205,0.25233039987068234,0.033616256075477406,0.02035121510370691,0.2098992491630504,8.559812198971354e-13,0.006419907591590808,4.309912845954529e-12,2.3169842512680376e-07,1.0990566436572155e-05,6.4903881368140966e-15,7.070414437412362e-13,1.8917722491810738
1537,1.537,1671.9746029053433,5100000.0,0.17323646567353898,0.001000000000000112,0.005772456717540024,0,58,0,1e-08,0.005772456717540024,0.47735813641266045,0.2523305091201955,0.03361726014934434,0.020348524921355457,0.2098943864714582,8.549347376690374e-13,0.006419874289837728,4.304763077340569e-12,2.3153836189425964e-07,1.0984954959495904e-05,6.48237134472937e-15,7.064158565669647e-13,1.8917971436631744
1538,1.538,1671.921301205234,5100000.0,0.17323183966100247,0.0009999999999998899,0.005772610866205605,0,58,0,1e-08,0.005772610866205605,0.47736461801331637,0.25233061655198163,0.03361826460181979,0.020345838219243486,0.20988952839180203,8.538898777428219e-13,0.006419841031161359,4.299621046857553e-12,2.3137845977027646e-07,1.097934790542969e-05,6.4743670463847e-15,7.057910308912916e-13,1.8918220251523714
1539,1.539,1671.8680181761079,5100000.0,0.17322721437570376,0.001000000000000112,0.005772764998871727,0,58,0,1e-08,0.005772764998871727,0.4773710929167062,0.25233072216588975,0.033619269435495605,0.02034315499147102,0.20988467491302523,8.528466367443539e-13,0.00641980781548862,4.29448673871983e-12,2.3121871848503972e-07,1.097374526792925e-05,6.466375215881578e-15,7.051669653015658e-13,1.8918468937082826
1540,1.54,1671.8147537772295,5100000.0,0.17322258981669697,0.0009999999999998899,0.005772919115561564,0,58,0,1e-08,0.005772919115561564,0.4773775611213878,0.25233082597773865,0.03362027463697811,0.020340475232175508,0.20987982604010866,8.518050109462676e-13,0.006419774642746928,4.289360136466e-12,2.3105913775210562e-07,1.096814703914678e-05,6.458395824065444e-15,7.045436583590444e-13,1.8918717492071437
1541,1.541,1671.7615079914804,5100000.0,0.17321796598182515,0.001000000000000112,0.005773073216348913,0,58,0,1e-08,0.005773073216348913,0.47738402265821295,0.2523309279711079,0.03362128022512565,0.02033779893547007,0.20987498174574928,8.507649973664848e-13,0.006419741512863385,4.284241225142532e-12,2.3089971732095594e-07,1.096255321412304e-05,6.450428848597362e-15,7.03921108690244e-13,1.8918965918948858
1542,1.542,1671.708280776893,5100000.0,0.17321334287138443,0.0009999999999998899,0.0057732273012155695,0,58,0,1e-08,0.0057732273012155695,0.477390477523872,0.2523310281636349,0.0336222861847173,0.020335126095512496,0.2098701420367849,8.497265922539197e-13,0.00641970842576562,4.2791299882870625e-12,2.307404569043421e-07,1.095696378487471e-05,6.442474260081508e-15,7.032993148596034e-13,1.891921421626704
1543,1.543,1671.655072110933,5100000.0,0.17320872048308306,0.001000000000000112,0.005773381370239842,0,58,0,1e-08,0.005773381370239842,0.47739692574157105,0.25233112654646356,0.03362329252703059,0.020332456706449602,0.20986530689353994,8.486897924717284e-13,0.006419675381381161,4.274026410685855e-12,2.3058135624473787e-07,1.0951378745795547e-05,6.434532034734033e-15,7.026782754863068e-13,1.8919462385615138
1544,1.544,1671.6018819634255,5100000.0,0.17320409881664547,0.0009999999999998899,0.005773535423422593,0,58,0,1e-08,0.005773535423422593,0.4774033673239926,0.25233122312122824,0.033624299252847836,0.020329790762442485,0.2098604763068552,8.476545946526148e-13,0.006419642379637671,4.268930476688709e-12,2.3042241507368908e-07,1.0945798090355916e-05,6.4266021466450814e-15,7.020579891726867e-13,1.891971042737871
1545,1.545,1671.5487102892248,5100000.0,0.1731994778709991,0.001000000000000112,0.00577368946080151,0,58,0,1e-08,0.00577368946080151,0.4774098022630502,0.2523313179102184,0.033625306342275445,0.02032712825770024,0.209855650288314,8.466209949706478e-13,0.006419609420463436,4.2638421697586e-12,2.302636331010121e-07,1.0940221810208942e-05,6.4186845656880835e-15,7.014384544858157e-13,1.8919958339571492
1546,1.546,1671.4955570683735,5100000.0,0.17319485764350473,0.0009999999999998899,0.005773843482456261,0,58,0,1e-08,0.005773843482456261,0.4774162305850268,0.25233141090139144,0.03362631380975859,0.02032446918641399,0.20985082881513673,8.455889903902325e-13,0.0064195765037865045,4.2587614749603914e-12,2.301050100748333e-07,1.0934649900082249e-05,6.410779268963647e-15,7.008196700627757e-13,1.8920206124143468
1547,1.547,1671.4424222697103,5100000.0,0.17319023813413856,0.001000000000000112,0.005773997488389595,0,58,0,1e-08,0.005773997488389595,0.47742265230084413,0.25233150209802463,0.033627321654416197,0.020321813542792937,0.20984601187989807,8.445585775357371e-13,0.006419543629535169,4.253688376700446e-12,2.299465457269683e-07,1.0929082353347632e-05,6.402886230442378e-15,7.002016345139256e-13,1.892045378128717
1548,1.548,1671.389305863023,5100000.0,0.17318561934170865,0.0009999999999998899,0.005774151478632948,0,58,0,1e-08,0.005774151478632948,0.47742906742257996,0.25233159150221,0.03362832987654964,0.020319161321057988,0.20984119947400384,8.43529753067421e-13,0.006419510797637868,4.248622859481706e-12,2.297882397912097e-07,1.0923519163498103e-05,6.395005424412815e-15,6.995843464556722e-13,1.8920701311329797
1549,1.549,1671.3362078142734,5100000.0,0.17318100126511754,0.001000000000000112,0.005774305453224873,0,58,0,1e-08,0.005774305453224873,0.47743547595693775,0.2523316791213637,0.03362933847112402,0.020316512515451406,0.20983639159422712,8.42502513535328e-13,0.006419478008023268,4.2435649076123915e-12,2.2963009199625954e-07,1.0917960323569998e-05,6.387136824136603e-15,6.98967804498116e-13,1.8920948713986332
1550,1.55,1671.283128092054,5100000.0,0.17317638390286477,0.0009999999999998899,0.005774459412207113,0,58,0,1e-08,0.005774459412207113,0.4774418779140602,0.2523317649594258,0.033630347436575336,0.02031386712022948,0.2098315882338915,8.414768555778067e-13,0.00641944526062025,4.238514505601636e-12,2.2947210207534359e-07,1.0912405826926217e-05,6.3792804036716266e-15,6.9835200726186e-13,1.8921195989368658
1551,1.551,1671.2300666579972,5100000.0,0.173171767253717,0.001000000000000112,0.00577461335562277,0,58,0,1e-08,0.00577461335562277,0.47744827329436257,0.252331849029991,0.03363135676167224,0.020311225129680005,0.20982678939603072,8.404527756258716e-13,0.006419412555358094,4.233471637571216e-12,2.293142697519485e-07,1.0906855666091322e-05,6.371436135160511e-15,6.977369533532301e-13,1.8921443136479186
1552,1.552,1671.177023500797,5100000.0,0.17316715131570956,0.0009999999999998899,0.005774767283529083,0,58,0,1e-08,0.005774767283529083,0.4774546621353027,0.2523319313096873,0.03363236647216522,0.020308586538055787,0.20982199504665186,8.394302709524961e-13,0.006419379892165614,4.228436289343083e-12,2.2915659479036372e-07,1.0901309836882058e-05,6.363603998446653e-15,6.97122641452198e-13,1.8921690158560314
1553,1.553,1671.123998574619,5100000.0,0.17316253608969154,0.001000000000000112,0.005774921195899732,0,58,0,1e-08,0.005774921195899732,0.477461044426959,0.25233201182239384,0.033633376546530085,0.020305951339665857,0.2098172051991113,8.384093377738149e-13,0.006419347270972326,4.223408444654029e-12,2.2899907690395873e-07,1.0895768330933007e-05,6.355783963679533e-15,6.965090701517219e-13,1.8921937053433564
1554,1.554,1671.070991861779,5100000.0,0.17315792157291704,0.0009999999999998899,0.005775075092818023,0,58,0,1e-08,0.005775075092818023,0.4774674201978376,0.2523320905536115,0.033634387001629885,0.020303319528796958,0.2098124198283497,8.37389973179808e-13,0.006419314691707454,4.218388089006885e-12,2.288417158485714e-07,1.0890231143299482e-05,6.347976008998384e-15,6.958962381216588e-13,1.8922183823321232
1555,1.555,1671.0180033273662,5100000.0,0.173153307765563,0.001000000000000112,0.00577522897428006,0,58,0,1e-08,0.00577522897428006,0.4774737894527892,0.2523321675124287,0.033635397830727894,0.02030069109976427,0.20980763893294738,8.363721737375212e-13,0.006419282154300615,4.2133752068837365e-12,2.286845113548942e-07,1.088469826695564e-05,6.340180107742151e-15,6.952841439899682e-13,1.8922430467739355
1556,1.556,1670.965032936315,5100000.0,0.17314869466601268,0.0009999999999998899,0.005775382840331511,0,58,0,1e-08,0.005775382840331511,0.4774801521962521,0.2523322427082929,0.033636409026720125,0.020298066046905473,0.20980286251188407,8.35355936017276e-13,0.006419249658681682,4.208369782799274e-12,2.2852746315406106e-07,1.0879169694864411e-05,6.3323962332615265e-15,6.94672786388231e-13,1.8922676986160665
1557,1.557,1670.912080659717,5100000.0,0.17314408227262462,0.001000000000000112,0.005775536691029142,0,58,0,1e-08,0.005775536691029142,0.477486508440941,0.2523323161423515,0.03363742059079826,0.02029544436456702,0.20979809055585588,8.343412567845413e-13,0.006419217204780612,4.203371801681549e-12,2.2837057098690819e-07,1.0873645420740574e-05,6.324624360684258e-15,6.940621639674493e-13,1.8922923379008272
1558,1.558,1670.8591464701983,5100000.0,0.17313947058439275,0.0009999999999998899,0.005775690526398274,0,58,0,1e-08,0.005775690526398274,0.47749285820160187,0.25233238781370193,0.033638432526200364,0.020292826047102048,0.20979332305352394,8.333281328596742e-13,0.006419184792527502,4.19838124859024e-12,2.2821383459709453e-07,1.0868125438492379e-05,6.316864465625681e-15,6.93452275385921e-13,1.892316964693953
1559,1.559,1670.8062303389497,5100000.0,0.1731348596004674,0.001000000000000112,0.005775844346469278,0,58,0,1e-08,0.005775844346469278,0.47749920149092306,0.2523324577234763,0.033639444834127785,0.020290211088874712,0.20978855999560042,8.323165610261495e-13,0.006419152421852558,4.193398108533843e-12,2.2805725372664853e-07,1.0862609741861443e-05,6.3091165233494175e-15,6.928431193013961e-13,1.8923415790377645
1560,1.56,1670.753332224698,5100000.0,0.1731302493198458,0.0009999999999998899,0.00577599815126738,0,58,0,1e-08,0.00577599815126738,0.47750553830430426,0.2523325258899978,0.033640457498572175,0.02028759948428887,0.20978380139006458,8.313065376926686e-13,0.006419120092686435,4.188422365799337e-12,2.279008280997462e-07,1.0857098323087971e-05,6.301380505676507e-15,6.922346943429578e-13,1.892366180777141
1561,1.561,1670.7004521162708,5100000.0,0.17312563974022058,0.001000000000000112,0.005776151940871597,0,58,0,1e-08,0.005776151940871597,0.47751186867834416,0.25233259229047034,0.03364147054465974,0.020284991227714003,0.2097790472037124,8.302980601956635e-13,0.006419087804959432,4.183454006544449e-12,2.2774455748568736e-07,1.0851591178059424e-05,6.293656392904808e-15,6.916269992209814e-13,1.8923907702286067
1562,1.562,1670.6475899682475,5100000.0,0.17312103086241434,0.0009999999999998899,0.00577630571524627,0,58,0,1e-08,0.00577630571524627,0.47751819260262307,0.25233265694898727,0.033642483950603326,0.020282386313574877,0.20977429745033013,8.292911248324537e-13,0.006419055558602499,4.1784930148771386e-12,2.2758844160350907e-07,1.0846088298530398e-05,6.28594415581023e-15,6.91020032559992e-13,1.8924153471707008
1563,1.563,1670.5947457574132,5100000.0,0.17311642268368296,0.001000000000000112,0.005776459474485009,0,58,0,1e-08,0.005776459474485009,0.4775245100969451,0.2523327198594315,0.03364349772482979,0.020279784736288494,0.2097695521134821,8.282857285847783e-13,0.006419023353546519,4.173539376295874e-12,2.2743248020578815e-07,1.0840589678945318e-05,6.278243771418359e-15,6.904137930459889e-13,1.8924399117283026
1564,1.564,1670.5419194611993,5100000.0,0.17311181520358487,0.0009999999999998899,0.005776613218594345,0,58,0,1e-08,0.005776613218594345,0.4775308211820002,0.25233278101480394,0.033644511876648936,0.020277186490270372,0.20976481117584667,8.272818684607335e-13,0.00641899118972231,4.16859307637038e-12,2.272766730464613e-07,1.0835095313832868e-05,6.270555216984674e-15,6.898082793692245e-13,1.8924644640364197
1565,1.565,1670.4891110340068,5100000.0,0.17310720842174568,0.001000000000000112,0.005776766947588834,0,58,0,1e-08,0.005776766947588834,0.4775371258467622,0.2523328404397016,0.03364552638375472,0.020274591569987913,0.20976007465179042,8.262795407752021e-13,0.006418959067061342,4.163654099312197e-12,2.2712101984597908e-07,1.0829605194950095e-05,6.262878463405612e-15,6.892034901638242e-13,1.892489003867399
1566,1.566,1670.436320455379,5100000.0,0.17310260233538707,0.0009999999999998899,0.005776920661552999,0,58,0,1e-08,0.005776920661552999,0.4775434241144338,0.2523328981245171,0.033646541258047384,0.02027199996989462,0.20975534252145633,8.252787426137175e-13,0.006418926985494934,4.1587224308958656e-12,2.2696552036262457e-07,1.0824119317092995e-05,6.255213488617255e-15,6.885994241329455e-13,1.8925135313857628
1567,1.567,1670.3835476969027,5100000.0,0.17309799694434078,0.001000000000000112,0.005777074360494532,0,58,0,1e-08,0.005777074360494532,0.4775497159973157,0.2523329540705184,0.033647556500549285,0.02026941168445742,0.2097506147758831,8.242794708275795e-13,0.006418894944954584,4.1537980564477905e-12,2.2681017434334266e-07,1.0818637674105594e-05,6.247560268398853e-15,6.879960799618259e-13,1.8925380466312653
1568,1.568,1670.3307927247702,5100000.0,0.1730933922476091,0.0009999999999998899,0.0057772280444385515,0,58,0,1e-08,0.0057772280444385515,0.4775560015001619,0.2523330082864619,0.033648572104783045,0.020266826708166222,0.20974589141364278,8.23281722111037e-13,0.006418862945372016,4.148880961004849e-12,2.26654981527669e-07,1.0813160259188186e-05,6.239918777080599e-15,6.873934563251236e-13,1.8925625495575866
1569,1.569,1670.278055514729,5100000.0,0.1730887882436275,0.001000000000000112,0.005777381713439364,0,58,0,1e-08,0.005777381713439364,0.4775622806407064,0.25233306076812373,0.0336495880772534,0.02026424503551032,0.20974117242032422,8.222854934546872e-13,0.006418830986679002,4.143971130217162e-12,2.2649994166978386e-07,1.0807687066699024e-05,6.232288991691657e-15,6.867915519254985e-13,1.8925870402671983
1570,1.57,1670.2253360331517,5100000.0,0.17308418493182112,0.0009999999999998899,0.005777535367507989,0,58,0,1e-08,0.005777535367507989,0.47756855342374643,0.25233311152416127,0.033650604411572256,0.020261666661002806,0.2097364577944437,8.212907815723376e-13,0.006418799068807571,4.139068549204394e-12,2.263450545105281e-07,1.0802218089874252e-05,6.224670886715304e-15,6.861903654444035e-13,1.8926115187146912
1571,1.571,1670.1726342540328,5100000.0,0.1730795823106361,0.001000000000000112,0.0057776890066983935,0,58,0,1e-08,0.0057776890066983935,0.4775748198643844,0.25233316055291466,0.03365162111166955,0.020259091579161035,0.20973174752420448,8.202975834150901e-13,0.006418767191689878,4.134173203582808e-12,2.261903198025576e-07,1.079675332287428e-05,6.217064438793565e-15,6.855898955864568e-13,1.8926359849728756
1572,1.572,1670.119950143781,5100000.0,0.1730749803793059,0.0009999999999998899,0.0057778426310280085,0,58,0,1e-08,0.0057778426310280085,0.47758107996721816,0.2523332078631747,0.03365263817101228,0.02025651978452517,0.20972704160830652,8.193058957118451e-13,0.006418735355258261,4.129285078547206e-12,2.260357372878585e-07,1.0791292758953605e-05,6.2094696225219145e-15,6.849901410398672e-13,1.8926604389945456
1573,1.573,1670.0672836830774,5100000.0,0.173070379136271,0.001000000000000112,0.005777996240551011,0,58,0,1e-08,0.005777996240551011,0.4775873337563088,0.25233325344428875,0.03365365560251679,0.02025395127162489,0.20972234002598547,8.183157156284291e-13,0.006418703559444995,4.124404160185639e-12,2.2588130672993676e-07,1.0785836393089503e-05,6.201886416481735e-15,6.843911005326799e-13,1.8926848809554648
1574,1.574,1670.0146348263722,5100000.0,0.17306577858145342,0.0009999999999998899,0.005778149835261856,0,58,0,1e-08,0.005778149835261856,0.4775935812196597,0.25233329732154475,0.033654673383138066,0.020251386035041934,0.209717642792511,8.173270395476919e-13,0.006418671804182982,4.11953043304609e-12,2.257270278542231e-07,1.0780384217113334e-05,6.194314792078591e-15,6.83792772728557e-13,1.8927093106189192
1575,1.575,1669.962003561291,5100000.0,0.17306117871203955,0.001000000000000112,0.005778303415256605,0,58,0,1e-08,0.005778303415256605,0.47759982239054016,0.2523333394750263,0.03365569153504465,0.02024882406932812,0.20971294987789982,8.163398648572052e-13,0.006418640089404736,4.114663883705654e-12,2.2557290043556294e-07,1.0774936226848785e-05,6.186754729894031e-15,6.831951563803686e-13,1.8927337282666477
1576,1.576,1669.9093898515584,5100000.0,0.17305657952866363,0.0009999999999998899,0.005778456980505953,0,58,0,1e-08,0.005778456980505953,0.4776060572694986,0.25233337991746263,0.033656710047748284,0.020246265369069545,0.20970826128487102,8.153541882325864e-13,0.0064186084150432005,4.109804497338399e-12,2.2541892421400415e-07,1.0769492415255685e-05,6.179206203989415e-15,6.825982501816262e-13,1.8927581338058481
1577,1.577,1669.8567936665627,5100000.0,0.17305198102947128,0.001000000000000112,0.005778610531073949,0,58,0,1e-08,0.005778610531073949,0.47761228586462623,0.25233341865400266,0.03365772891833459,0.020243709928865584,0.2097035770085923,8.143700065267879e-13,0.00641857678103149,4.104952259497088e-12,2.2526509893858425e-07,1.076405277598107e-05,6.171669190030828e-15,6.820020528443426e-13,1.8927825272304655
1578,1.578,1669.8042149835844,5100000.0,0.17304738321318994,0.0009999999999998899,0.005778764066994966,0,58,0,1e-08,0.005778764066994966,0.47761850819475843,0.25233345567905513,0.03365874815462992,0.020241157743314413,0.2096988970334857,8.133873168355406e-13,0.006418545187302737,4.100107156239652e-12,2.2511142437037486e-07,1.0758617303624486e-05,6.164143665896601e-15,6.814065631036524e-13,1.8928069086575865
1579,1.579,1669.7516537674762,5100000.0,0.1730427860793657,0.001000000000000112,0.00577891758828631,0,58,0,1e-08,0.00577891758828631,0.477624724261599,0.25233349100409597,0.03365976774738167,0.02023860880704207,0.20969422136109375,8.12406115889314e-13,0.006418513633790386,4.095269172916361e-12,2.249579002527249e-07,1.0753185991302768e-05,6.1566296061094036e-15,6.808117796658662e-13,1.89283127800838
1580,1.58,1669.699109989009,5100000.0,0.1730381896262471,0.0009999999999998899,0.005779071094998361,0,58,0,1e-08,0.005779071094998361,0.47763093407477325,0.25233352463264663,0.03366078769528795,0.02023606311468611,0.20968954998502526,8.114264006023642e-13,0.006418482120428019,4.090438295267957e-12,2.2480452633825854e-07,1.0747758832847899e-05,6.1491269868591025e-15,6.802177012560731e-13,1.8928556352950727
1581,1.581,1669.6465836258517,5100000.0,0.17303359385269115,0.001000000000000112,0.005779224587171453,0,58,0,1e-08,0.005779224587171453,0.4776371376532955,0.25233355655884376,0.03366180800643077,0.020233520660882114,0.20968488288950166,8.104481681013282e-13,0.006418450647149189,4.08561450947968e-12,2.2465130239017678e-07,1.0742335822925274e-05,6.1416357862693775e-15,6.796243266199267e-13,1.8928799806374994
1582,1.582,1669.594074645448,5100000.0,0.17302899875827107,0.0009999999999998899,0.005779378064811741,0,58,0,1e-08,0.005779378064811741,0.47764333500209594,0.25233358679085394,0.03366282867485288,0.02023098144028879,0.20968022007281764,8.094714152143861e-13,0.006418419213887757,4.080797801160885e-12,2.2449822815716562e-07,1.0736916954982466e-05,6.134155979720487e-15,6.790316544797286e-13,1.8929043139944324
1583,1.583,1669.541583020891,5100000.0,0.1730244043414923,0.001000000000000112,0.005779531527971317,0,58,0,1e-08,0.005779531527971317,0.47764952613369255,0.2523336153292389,0.03366384970219999,0.02022844544757195,0.2096755615256739,8.084961389448339e-13,0.006418387820577702,4.075988156292873e-12,2.2434530339673486e-07,1.0731502223149293e-05,6.1266875441798125e-15,6.784396835756045e-13,1.8929286354117614
1584,1.584,1669.4891087234707,5100000.0,0.1730198106014428,0.0009999999999998899,0.005779684976672555,0,58,0,1e-08,0.005779684976672555,0.4776557110580379,0.252333642177092,0.03366487108758136,0.020225912677410956,0.2096709072413267,8.075223362482621e-13,0.006418356467153086,4.071185560783573e-12,2.2419252786424196e-07,1.0726091621346659e-05,6.119230456171128e-15,6.778484126460255e-13,1.892952944906217
1585,1.585,1669.4366517249068,5100000.0,0.17301521753701876,0.001000000000000112,0.005779838410954513,0,58,0,1e-08,0.005779838410954513,0.47766188978556323,0.25233366733699886,0.033665892830606906,0.020223383124496383,0.20966625721254972,8.065500041001818e-13,0.006418325153548146,4.066390000600778e-12,2.2403990131619827e-07,1.0720685143553183e-05,6.111784692383386e-15,6.77257840433749e-13,1.8929772425002331
1586,1.586,1669.3842120028391,5100000.0,0.1730106251471575,0.0009999999999998899,0.005779991830844613,0,58,0,1e-08,0.005779991830844613,0.4776680623347576,0.2523336908034881,0.03366691493894505,0.020220856783518364,0.20966161142405723,8.055791396581331e-13,0.006418293879697165,4.0616014620955515e-12,2.238874235181922e-07,1.0715282784461986e-05,6.104350231161901e-15,6.76667965699326e-13,1.8930015283086195
1587,1.587,1669.3317895169334,5100000.0,0.1730060334314094,0.001000000000000112,0.005780145236360069,0,58,0,1e-08,0.005780145236360069,0.4776742286993398,0.25233371259576537,0.03366793739556985,0.02021833364920681,0.20965696988531268,8.046097395528126e-13,0.00641826264553485,4.056819930589349e-12,2.2373509421009973e-07,1.0709884536624649e-05,6.096927046020388e-15,6.760787871606482e-13,1.8930258021628936
1588,1.588,1669.2793842451115,5100000.0,0.17300144238744902,0.0009999999999998899,0.005780298627570508,0,58,0,1e-08,0.005780298627570508,0.47768038889784675,0.25233373270822773,0.03366896020826775,0.02021581371628648,0.2096523325809617,8.036418009624467e-13,0.00641823145099589,4.052045392520645e-12,2.2358291315904825e-07,1.0704490394779785e-05,6.08951511546798e-15,6.754903035858196e-13,1.8930500641790382
1589,1.589,1669.2269961601428,5100000.0,0.1729968520148438,0.001000000000000112,0.0057804520044925905,0,58,0,1e-08,0.0057804520044925905,0.4776865429417226,0.25233375114233464,0.033669983377757236,0.020213296979493974,0.2096476995027338,8.026753209195223e-13,0.006418200296015097,4.047277834054728e-12,2.2343088012507143e-07,1.0699100353057333e-05,6.082114416666687e-15,6.749025137323805e-13,1.8930743143919442
1590,1.59,1669.1746252371206,5100000.0,0.17299226231262316,0.0009999999999998899,0.005780605367150692,0,58,0,1e-08,0.005780605367150692,0.47769269084550553,0.25233376789643785,0.03367100690786129,0.020210783433571713,0.20964307063926518,8.017102965309528e-13,0.006418169180527369,4.042517241526774e-12,2.2327899487205467e-07,1.069371440587058e-05,6.074724927451728e-15,6.74315416366726e-13,1.893098552872079
1591,1.591,1669.1222714375724,5100000.0,0.172987673280055,0.001000000000000112,0.005780758715571494,0,58,0,1e-08,0.005780758715571494,0.47769883260501933,0.25233378298752346,0.033672030783756184,0.020208273073296548,0.20963844599788328,8.007467245099167e-13,0.0064181381044680266,4.037763600506363e-12,2.2312725714463492e-07,1.068833254602175e-05,6.0673466220422174e-15,6.737290102237598e-13,1.893122779475941
1592,1.592,1669.0699347477478,5100000.0,0.1729830849149902,0.0009999999999998899,0.005780912049818767,0,58,0,1e-08,0.005780912049818767,0.4777049682498212,0.25233379639888753,0.033673055024313815,0.020205765893424217,0.20963382555219473,7.997846023050029e-13,0.006418107067772113,4.033016898053916e-12,2.2297566672400052e-07,1.068295476926627e-05,6.059979481372911e-15,6.731432941046566e-13,1.8931469944464692
1593,1.593,1669.01761512269,5100000.0,0.17297849721784808,0.001000000000000112,0.005781065369880731,0,58,0,1e-08,0.005781065369880731,0.4777110977666624,0.2523338081565149,0.03367407960569806,0.020203261888762772,0.20962920931858434,7.988239264519291e-13,0.0064180760703753115,4.028277119425042e-12,2.2282422334632374e-07,1.067758106764775e-05,6.052623478016471e-15,6.72558266733732e-13,1.8931711975366887
1594,1.594,1668.965312547277,5100000.0,0.17297391018579653,0.0009999999999998899,0.005781218675844002,0,58,0,1e-08,0.005781218675844002,0.47771722118293325,0.2523338182457901,0.033675104544680375,0.020200761054099545,0.20962459727280364,7.978646943705047e-13,0.006418045112213105,4.023544251666383e-12,2.2267292679183728e-07,1.0672211436769255e-05,6.045278592619973e-15,6.719739269150186e-13,1.8931953889652815
1595,1.595,1668.9130269908337,5100000.0,0.17296932381910204,0.001000000000000112,0.005781371967701916,0,58,0,1e-08,0.005781371967701916,0.47772333850474963,0.25233382667332727,0.033676129836795604,0.02019826338424383,0.2096199894118705,7.969069030297511e-13,0.006418014193221191,4.018818280939614e-12,2.2252177681847075e-07,1.0666845870388718e-05,6.037944801696085e-15,6.713902734150724e-13,1.8932195687073412
1596,1.596,1668.8607584344009,5100000.0,0.172964738116411,0.0009999999999998899,0.005781525245491696,0,58,0,1e-08,0.005781525245491696,0.47772944975417675,0.2523338334298036,0.033677155493516554,0.02019576887399722,0.20961538571685442,7.95950549748881e-13,0.006417983313335207,4.014099194126262e-12,2.2237077320168016e-07,1.0661484363664091e-05,6.030622084948513e-15,6.708073050332332e-13,1.8932437369207393
1597,1.597,1668.80850683314,5100000.0,0.1729601530775868,0.001000000000000112,0.005781678509220155,0,58,0,1e-08,0.005781678509220155,0.47773555491771225,0.252333838541346,0.03367818149084643,0.02019327751821214,0.20961078620436635,7.949956310939493e-13,0.006417952472491391,4.009386976625046e-12,2.2221991567981826e-07,1.065612690868221e-05,6.023310415185337e-15,6.702250205061026e-13,1.8932678933564164
1598,1.598,1668.7562721698623,5100000.0,0.17295556869979387,0.0009999999999998899,0.0057818317589740705,0,58,0,1e-08,0.0057818317589740705,0.47774165401952373,0.25233384199644526,0.03367920784243079,0.02019078931172486,0.20960619085335272,7.940421444481549e-13,0.006417921670625809,4.004681615489188e-12,2.2206920403198e-07,1.0650773500822983e-05,6.016009772669424e-15,6.696434186439933e-13,1.8932920381969767
1599,1.599,1668.7040544151446,5100000.0,0.17295098498306702,0.001000000000000112,0.005781984994754544,0,58,0,1e-08,0.005781984994754544,0.47774774706699563,0.25233384380033264,0.03368023454516758,0.020188304249390693,0.20960159965953462,7.930900868425495e-13,0.006417890907674778,3.9999830970864436e-12,2.2191863801990554e-07,1.0645424134018929e-05,6.008720134434122e-15,6.690624982287039e-13,1.8933161714329096
1600,1.6,1668.6518535423797,5100000.0,0.17294640192616625,0.0009999999999998899,0.005782138216595028,0,58,0,1e-08,0.005782138216595028,0.4777538340712461,0.25233384395447794,0.03368126159970988,0.020185822326074115,0.20959701261489305,7.921394553962911e-13,0.006417860183574664,3.995291407981982e-12,2.2176821740992297e-07,1.0640078802542879e-05,6.001441478309646e-15,6.684822580521927e-13,1.893340293097722
1601,1.601,1668.5996695241176,5100000.0,0.17294181952814072,0.001000000000000112,0.005782291424529589,0,58,0,1e-08,0.005782291424529589,0.47775991504214865,0.25233384246157375,0.033682289005486477,0.02018334353665137,0.2095924297126445,7.911902472105748e-13,0.006417829498261999,3.990606534723826e-12,2.216179419675903e-07,1.0634737500574137e-05,5.994173781946702e-15,6.679026969070585e-13,1.8933644032108121
1602,1.602,1668.547502331266,5100000.0,0.17293723778794814,0.0009999999999998899,0.0057824446185850845,0,58,0,1e-08,0.0057824446185850845,0.47776598998720465,0.25233383932664255,0.033683316759587634,0.020180867876014027,0.20958785094837187,7.902424593445561e-13,0.006417798851673563,3.985928463797136e-12,2.2146781145659863e-07,1.0629400222103245e-05,5.9869170226027775e-15,6.673238135848302e-13,1.8933885017646936
1603,1.603,1668.4953519396713,5100000.0,0.1729326567043703,0.001000000000000112,0.005782597798804534,0,58,0,1e-08,0.005782597798804534,0.4777720589205872,0.25233383454802555,0.03368434486578365,0.020178395339057853,0.20958327631098211,7.89296089007672e-13,0.006417768243746145,3.981257182006662e-12,2.2131782564825133e-07,1.0624066961712717e-05,5.979671178896675e-15,6.66745606892356e-13,1.8934125888284514
1604,1.604,1668.44321832,5100000.0,0.17292807627669915,0.0009999999999998899,0.0057827509652036355,0,58,0,1e-08,0.0057827509652036355,0.4777781218492774,0.25233382813121535,0.03368537332068737,0.020175925920695177,0.2095787057965627,7.883511332643546e-13,0.006417737674416699,3.976592675887517e-12,2.211679843068219e-07,1.0618737713377023e-05,5.972436228111694e-15,6.661680756262125e-13,1.8934366643890073
1605,1.605,1668.3911014468254,5100000.0,0.1729234965036842,0.001000000000000112,0.005782904117826501,0,58,0,1e-08,0.005782904117826501,0.4777841787855034,0.2523338200764401,0.03368640212617177,0.020173459615845674,0.20957413939595212,7.874075892990449e-13,0.006417707143622344,3.971934932233999e-12,2.2101828720272175e-07,1.0613412471539986e-05,5.965212148615578e-15,6.655912185957988e-13,1.8934607284935765
1606,1.606,1668.3390012914688,5100000.0,0.17291891738447732,0.0009999999999998899,0.005783057256693526,0,58,0,1e-08,0.005783057256693526,0.4777902297369389,0.2523338103884455,0.0336874312795885,0.02017099641944417,0.20956957710453192,7.864654542075856e-13,0.00641767665130033,3.9672839376832406e-12,2.2086873410211075e-07,1.060809123026612e-05,5.957998917956452e-15,6.650150346050757e-13,1.8934847811374278
1607,1.607,1668.2869178258472,5100000.0,0.1729143389178877,0.001000000000000112,0.005783210381846844,0,58,0,1e-08,0.005783210381846844,0.47779627471194747,0.2523337990712542,0.03368846077900379,0.020168536326438287,0.20956501891698834,7.855247251094998e-13,0.00641764619738813,3.9626396789396985e-12,2.2071932477252607e-07,1.0602773983696816e-05,5.950796513884877e-15,6.644395224625548e-13,1.8935088223239844
1608,1.608,1668.2348510280563,5100000.0,0.17290976110278172,0.0009999999999998899,0.005783363493316412,0,58,0,1e-08,0.005783363493316412,0.47780231372726556,0.25233378612051555,0.03368949063085811,0.02016607933177633,0.2095604648196325,7.845853993089506e-13,0.006417615781823158,3.958002143096537e-12,2.2057005899087346e-07,1.0597460726710449e-05,5.943604915830554e-15,6.63864680995128e-13,1.8935328521526855
1609,1.609,1668.1828008677098,5100000.0,0.17290518393866638,0.001000000000000112,0.005783516591121038,0,58,0,1e-08,0.005783516591121038,0.47780834678793743,0.25233377154352293,0.033690520829942616,0.02016362543042628,0.20955591481045419,7.836474738706552e-13,0.006417585404543106,3.9533713167871435e-12,2.2042093652225917e-07,1.0592151453188396e-05,5.936424101023327e-15,6.632905090109696e-13,1.8935568705892556
1610,1.61,1668.1307673107028,5100000.0,0.17290060742416155,0.0009999999999998899,0.00578366967529894,0,58,0,1e-08,0.00578366967529894,0.47781437389376696,0.25233375535275254,0.03369155136585086,0.020161174617380838,0.20955136889267473,7.827109457580722e-13,0.006417555065485956,3.948747186463337e-12,2.2027195712694714e-07,1.0586846156578407e-05,5.929254045757296e-15,6.627170053119881e-13,1.893580877539755
1611,1.611,1668.078750341355,5100000.0,0.1728960315574949,0.001000000000000112,0.005783822745911734,0,58,0,1e-08,0.005783822745911734,0.47782039506963714,0.25233373753562616,0.0336925822532379,0.02015872688761933,0.20954682704443883,7.817758124729154e-13,0.006417524764589541,3.944129739673067e-12,2.2012312059228194e-07,1.0581544832511976e-05,5.922094731229417e-15,6.621441687496582e-13,1.8936048731976447
1612,1.612,1668.0267499331303,5100000.0,0.17289145633880645,0.0009999999999998899,0.005783975802946801,0,58,0,1e-08,0.005783975802946801,0.47782641032559914,0.2523337180943686,0.03369361349195005,0.020156282236135175,0.20954228925871632,7.808420712092743e-13,0.006417494501791852,3.939518963364928e-12,2.1997442669027512e-07,1.0576247475343608e-05,5.914946135818891e-15,6.61571998150086e-13,1.8936288575865237
1613,1.613,1667.9747660544601,5100000.0,0.17288688176710731,0.001000000000000112,0.0057841288464395655,0,58,0,1e-08,0.0057841288464395655,0.4778324196646789,0.25233369703817915,0.03369464507485179,0.020153840657942696,0.20953775553548964,7.799097190218096e-13,0.006417464277031137,3.934914844230136e-12,2.19825875186203e-07,1.0570954078839835e-05,5.9078082366231756e-15,6.610004923297733e-13,1.8936528306498075
1614,1.614,1667.9227986733174,5100000.0,0.17288230784087882,0.0009999999999998899,0.005784281876432906,0,58,0,1e-08,0.005784281876432906,0.4778384230891068,0.2523336743770018,0.03369567699405234,0.020151402148076585,0.20953322587552628,7.789787529588221e-13,0.006417434090245954,3.930317368967134e-12,2.1967746584520614e-07,1.056566463671987e-05,5.9006810106642754e-15,6.604296501072244e-13,1.8936767923221662
1615,1.615,1667.8708477765092,5100000.0,0.17287773455854863,0.001000000000000112,0.005784434892981786,0,58,0,1e-08,0.005784434892981786,0.47784442062679394,0.25233365009513975,0.03369670926731054,0.020148966701554097,0.20952870025391865,7.780491706154719e-13,0.006417403941374584,3.9257265253874134e-12,2.1952919846e-07,1.0560379144929632e-05,5.8935644399521685e-15,6.598594703511908e-13,1.893700742832467
1616,1.616,1667.8189133266746,5100000.0,0.17287316192050142,0.0009999999999998899,0.005784587896065419,0,58,0,1e-08,0.005784587896065419,0.4778504122725584,0.25233362420990274,0.03369774187936316,0.02014653431342936,0.20952417867883516,7.771209688987003e-13,0.006417373830355774,3.921142299942805e-12,2.1938107278888977e-07,1.05550975965719e-05,5.886458500199452e-15,6.592899518718096e-13,1.8937246820307245
1617,1.617,1667.766995301354,5100000.0,0.1728685899246045,0.001000000000000112,0.005784740885757531,0,58,0,1e-08,0.005784740885757531,0.47785639804142394,0.2523335967183934,0.03369877483515344,0.020144104978756038,0.20951966113823653,7.761941451489088e-13,0.006417343757128272,3.916564679973861e-12,2.192330886121684e-07,1.0549819986511502e-05,5.879363171067263e-15,6.587210935200751e-13,1.893748609998676
1618,1.618,1667.715093689349,5100000.0,0.17286401857026978,0.0009999999999998899,0.005784893862069894,0,58,0,1e-08,0.005784893862069894,0.4778623779638432,0.25233356760232695,0.033699808155019724,0.02014167869256988,0.20951514760466297,7.752686970348106e-13,0.006417313721630579,3.9119936534922344e-12,2.190852457266224e-07,1.0544546310945398e-05,5.87227843520449e-15,6.581528941772505e-13,1.8937725269946861
1619,1.619,1667.6632084291311,5100000.0,0.17285944785808222,0.001000000000000112,0.005785046824985308,0,58,0,1e-08,0.005785046824985308,0.47786835200127503,0.252333536912215,0.03370084179046959,0.020139255449991844,0.20951063811960444,7.74344620790388e-13,0.006417283723802287,3.907429205661089e-12,2.189375438572504e-07,1.053927656015107e-05,5.865204262147736e-15,6.575853526011461e-13,1.8937964324873786
1620,1.62,1667.6113395178488,5100000.0,0.17285487778338185,0.0009999999999998899,0.0057851997746518275,0,58,0,1e-08,0.0057851997746518275,0.47787432019512094,0.252333504618728,0.03370187577287042,0.02013683524609631,0.20950613264462803,7.734219143336971e-13,0.006417253763582429,3.902871325037246e-12,2.1878998281400417e-07,1.0534010731317432e-05,5.8581406367976034e-15,6.57018467701085e-13,1.8938203268613956
1621,1.621,1667.559486934222,5100000.0,0.17285030834760493,0.001000000000000112,0.005785352711023777,0,58,0,1e-08,0.005785352711023777,0.47788028256172954,0.2523334707175693,0.033702910108552545,0.02013441807596639,0.209501631166352,7.725005750614395e-13,0.006417223840910119,3.898319999145692e-12,2.1864256238054494e-07,1.0528748819471177e-05,5.851087539287532e-15,6.564522383413255e-13,1.893844210214226
1622,1.622,1667.5076506443509,5100000.0,0.17284573955027466,0.0009999999999998899,0.005785505634109226,0,58,0,1e-08,0.005785505634109226,0.4778862391001058,0.2523334352217233,0.03370394478655359,0.02013200393471266,0.2094971336887227,7.715806000163324e-13,0.006417193955724761,3.893775214821406e-12,2.1849528232287857e-07,1.0523490818160551e-05,5.84404494650706e-15,6.558866633570686e-13,1.893868082444925
1623,1.623,1667.4558306171355,5100000.0,0.17284117138959773,0.001000000000000112,0.005785658543970594,0,58,0,1e-08,0.005785658543970594,0.4778921898128816,0.25233339814050576,0.03370497979957491,0.020129592817463772,0.20949264021204878,7.706619863265857e-13,0.00641716410796605,3.889236959092703e-12,2.1834814241158679e-07,1.0518236721269851e-05,5.837012836116713e-15,6.55321741593917e-13,1.8938919434944512
1624,1.624,1667.4040268294225,5100000.0,0.1728366038640639,0.0009999999999998899,0.00578581144065056,0,58,0,1e-08,0.00578581144065056,0.47789813471341314,0.2523333594724923,0.03370601515105466,0.020127184719351737,0.20948815072590915,7.697447313525424e-13,0.006417134297573705,3.8847052194719116e-12,2.182011424291265e-07,1.0512986523622011e-05,5.829991187883451e-15,6.547574719203185e-13,1.893915793426871
1625,1.625,1667.3522392642321,5100000.0,0.17283203697298535,0.001000000000000112,0.005785964324174561,0,58,0,1e-08,0.005785964324174561,0.47790407382349653,0.25233331920783403,0.03370705085285791,0.020124779635502785,0.2094836652114478,7.68828832635651e-13,0.006417104524487399,3.8801799838494126e-12,2.180542821671554e-07,1.0507740220770905e-05,5.822979983219674e-15,6.541938532224219e-13,1.8939396324029307
1626,1.6260000000000001,1667.3004678860302,5100000.0,0.17282747071631582,0.0009999999999998899,0.005786117194536277,0,58,0,1e-08,0.005786117194536277,0.47791000713948045,0.2523332773620552,0.03370808689146263,0.02012237756107515,0.20947918367523966,7.67914287195895e-13,0.006417074788647145,3.875661239089941e-12,2.17907561391177e-07,1.0502497806098345e-05,5.815979198766156e-15,6.536308843423749e-13,1.893963460292085
1627,1.627,1667.2487126709661,5100000.0,0.1728229050920758,0.001000000000000112,0.005786270051804398,0,58,0,1e-08,0.005786270051804398,0.47791593467350785,0.25233323393487483,0.033709123269152534,0.020119978491230695,0.20947470610806043,7.670010923905095e-13,0.00641704508999305,3.8711489727543496e-12,2.1776097988395704e-07,1.0497259274362753e-05,5.8089888142319106e-15,6.530685641548384e-13,1.8939872771450077
1628,1.6280000000000001,1667.1969735950154,5100000.0,0.17281834009949415,0.0009999999999998899,0.005786422895996887,0,58,0,1e-08,0.005786422895996887,0.4779218564374319,0.2523331889262807,0.03371015998793695,0.02011758242113922,0.2094702325009718,7.660892455777464e-13,0.006417015428465291,3.866643172421849e-12,2.1761453742840125e-07,1.0492024620307934e-05,5.802008809323725e-15,6.525068915363798e-13,1.8940110830092076
1629,1.629,1667.1452506303656,5100000.0,0.17281377573778,0.001000000000000112,0.005786575727142654,0,58,0,1e-08,0.005786575727142654,0.47792777243782736,0.2523331423415055,0.03371119704457669,0.02011518934598541,0.20946576285030408,7.651787440138224e-13,0.006416985804004234,3.862143825486512e-12,2.1746823380244532e-07,1.0486793838239554e-05,5.7950391628093e-15,6.519458653568183e-13,1.894034877871905
1630,1.6300000000000001,1667.0935437537908,5100000.0,0.17280921200574376,0.0009999999999998899,0.005786728545273688,0,58,0,1e-08,0.005786728545273688,0.47793368268742875,0.252333094179608,0.033712234442002595,0.020112799260959206,0.20946129714622524,7.642695850904655e-13,0.0064169562165503095,3.857650919631923e-12,2.1732206879103364e-07,1.0481566923006287e-05,5.788079854680803e-15,6.513854845001842e-13,1.8940586617910717
1631,1.631,1667.0418529376757,5100000.0,0.17280464890266986,0.001000000000000112,0.0057868813504163875,0,58,0,1e-08,0.0057868813504163875,0.47793958719289525,0.25233304444568183,0.033713272177103196,0.020110412161265582,0.2094568353849695,7.633617660809465e-13,0.006416926666044145,3.853164442322128e-12,2.1717604217325602e-07,1.0476343868948396e-05,5.7811308638401946e-15,6.508257478420612e-13,1.8940824347553036
1632,1.6320000000000001,1666.9901781577692,5100000.0,0.17280008642738254,0.0009999999999998899,0.005787034142602294,0,58,0,1e-08,0.005787034142602294,0.47794548596538416,0.25233299314031044,0.033714310251277704,0.02010802804211667,0.2094523775582679,7.624552843592275e-13,0.006416897152426455,3.8486843812408384e-12,2.1703015373344668e-07,1.0471124670805999e-05,5.774192170097194e-15,6.502666542690845e-13,1.8941061968048756
1633,1.633,1666.9385193821547,5100000.0,0.17279552457905156,0.001000000000000112,0.005787186921861658,0,58,0,1e-08,0.005787186921861658,0.47795137900543816,0.25233294027463554,0.033715348655355304,0.020105646898747533,0.2094479236684545,7.615501370885236e-13,0.00641686767563822,3.84421072366956e-12,2.1688440324549323e-07,1.0465909322427771e-05,5.767263751329008e-15,6.497082026516527e-13,1.8941299478587408
1634,1.6340000000000001,1666.8868765944771,5100000.0,0.17279096335604496,0.0009999999999998899,0.005787339688241315,0,58,0,1e-08,0.005787339688241315,0.477957266334783,0.25233288583863106,0.03371638740133649,0.020103268726384623,0.20944347369668223,7.606463218760209e-13,0.006416838235620352,3.839743457795986e-12,2.1673879050589164e-07,1.0460697819488239e-05,5.760345589453634e-15,6.49150391901617e-13,1.8941536880786938
1635,1.635,1666.8352497597932,5100000.0,0.17278640275834609,0.001000000000000112,0.005787492441744285,0,58,0,1e-08,0.005787492441744285,0.4779631479496692,0.25233282984767885,0.033717426475802545,0.020100893520285247,0.20943902764956376,7.597438358114105e-13,0.006416808832314116,3.8352825707889645e-12,2.1659331528504407e-07,1.045549015549445e-05,5.753437661657071e-15,6.485932208868106e-13,1.894177417334845
1636,1.6360000000000001,1666.783638870534,5100000.0,0.17278184278400108,0.0009999999999998899,0.005787645182428197,0,58,0,1e-08,0.005787645182428197,0.47796902388367113,0.2523327722798877,0.03371846590261612,0.020098521275680764,0.2094345854963988,7.588426767589468e-13,0.006416779465660463,3.830828051385747e-12,2.1644797739277712e-07,1.0450286327157684e-05,5.74653995218289e-15,6.480366885460202e-13,1.8942011359250137
1637,1.637,1666.732043887517,5100000.0,0.17277728343390167,0.001000000000000112,0.005787797910265649,0,58,0,1e-08,0.005787797910265649,0.47797489412715544,0.25233271315648625,0.03371950566250452,0.020096151987844164,0.2094301472496762,7.579428417010042e-13,0.006416750135600819,3.826379886572917e-12,2.1630277659423825e-07,1.0445086327502403e-05,5.739652437219117e-15,6.474807937412246e-13,1.8942248436521003
1638,1.6380000000000001,1666.6804647856914,5100000.0,0.17277272470564958,0.0009999999999998899,0.005787950625329175,0,58,0,1e-08,0.005787950625329175,0.47798075868958556,0.25233265247958603,0.033720545755310034,0.02009378565205431,0.20942571290278067,7.570443280217027e-13,0.0064167208420767684,3.8219380641634496e-12,2.1615771267524832e-07,1.0439890151208884e-05,5.7327750966100155e-15,6.469255353729504e-13,1.8942485405381877
1639,1.639,1666.6289015409416,5100000.0,0.17276816659830838,0.001000000000000112,0.005788103327652626,0,58,0,1e-08,0.005788103327652626,0.4779866175816137,0.2523325902500873,0.033721586182082146,0.020091422263598172,0.2094212824479022,7.561471331372088e-13,0.00641669158502992,3.817502572050988e-12,2.160127854233818e-07,1.0434697793072126e-05,5.7259079104788855e-15,6.463709123466039e-13,1.8942722266191627
1640,1.6400000000000001,1666.57735412875,5100000.0,0.17276360911103544,0.0009999999999998899,0.005788256017256437,0,58,0,1e-08,0.005788256017256437,0.4779924708132676,0.25233252646949567,0.03372262694325967,0.020089061817772,0.20941685587785402,7.552512544576394e-13,0.006416662364402042,3.813073398134629e-12,2.158679946260459e-07,1.0429509247845801e-05,5.719050858885704e-15,6.458169235690555e-13,1.8942959019238919
1641,1.641,1666.525822526487,5100000.0,0.17275905224294444,0.001000000000000112,0.005788408694172797,0,58,0,1e-08,0.005788408694172797,0.477998318397059,0.2523324611368167,0.033723668041782014,0.020086704309877947,0.20941243318295674,7.543566894508333e-13,0.006416633180134941,3.808650530447243e-12,2.1572334007375542e-07,1.0424324510508917e-05,5.712203922408864e-15,6.452635679544564e-13,1.8943195665098533
1642,1.6420000000000001,1666.4743067082748,5100000.0,0.17275449599334108,0.0009999999999998899,0.005788561358417181,0,58,0,1e-08,0.005788561358417181,0.47800416034101373,0.2523323942555114,0.03372470947612562,0.020084349735230853,0.20940801435801285,7.534634354998838e-13,0.00641660403217065,3.8042339568673275e-12,2.1557882155279232e-07,1.0419143575667919e-05,5.705367080842196e-15,6.447108444111772e-13,1.894343220383299
1643,1.643,1666.4228066399853,5100000.0,0.17274994036119085,0.001000000000000112,0.005788714010026756,0,58,0,1e-08,0.005788714010026756,0.47800999664172533,0.25233232584041104,0.03372575123338786,0.02008199808917165,0.20940359940923944,7.52571489763271e-13,0.006416574920451421,3.799823664843287e-12,2.154344388382248e-07,1.0413966436973885e-05,5.698540311920696e-15,6.441587518300279e-13,1.8943668634198116
1644,1.6440000000000001,1666.3713223113025,5100000.0,0.172745385344595,0.0009999999999998899,0.0057888666490573705,0,58,0,1e-08,0.0057888666490573705,0.4780158273282093,0.25233225587396396,0.033726793333054915,0.020079649367022348,0.20939918831044257,7.516808500677074e-13,0.006416545844919354,3.795419643179906e-12,2.1529019173933096e-07,1.0408793090855499e-05,5.6917235994649806e-15,6.436072891635939e-13,1.8943904958665718
1645,1.645,1666.319853690719,5100000.0,0.17274083094412845,0.001000000000000112,0.005789019275492274,0,58,0,1e-08,0.005789019275492274,0.478021652400562,0.25233218436748117,0.033727835765740406,0.0200773035641313,0.20939478106433376,7.507915136557981e-13,0.006416516805516831,3.791021879525542e-12,2.151460800356384e-07,1.0403623531280953e-05,5.68491692195972e-15,6.430564553136952e-13,1.8944141176394704
1646,1.6460000000000001,1666.268400758078,5100000.0,0.17273627715816134,0.0009999999999998899,0.005789171889378319,0,58,0,1e-08,0.005789171889378319,0.4780274718742385,0.25233211131691174,0.03372887853741913,0.020074960675846222,0.20939037765826474,7.499034780907876e-13,0.006416487802186261,3.786630362189873e-12,2.150021035232348e-07,1.039845775354407e-05,5.678120260803735e-15,6.425062492131496e-13,1.8944377288305922
1647,1.647,1666.2169634727347,5100000.0,0.1727317239862404,0.001000000000000112,0.005789324490733217,0,58,0,1e-08,0.005789324490733217,0.47803328573657256,0.25233203674623234,0.03372992162602409,0.02007262069755558,0.2093859781076857,7.490167403727818e-13,0.006416458834870528,3.782245078372878e-12,2.1485826196965483e-07,1.0393295750562558e-05,5.671333592249782e-15,6.419566697467214e-13,1.8944613292101533
1648,1.6480000000000001,1666.1655418281036,5100000.0,0.1727271714257742,0.0009999999999998899,0.005789477079636069,0,58,0,1e-08,0.005789477079636069,0.4780390940213033,0.2523319606330736,0.03373096505584225,0.020070283624619503,0.2093815823816543,7.481312984516566e-13,0.006416429903512191,3.7778660171951604e-12,2.147145551910933e-07,1.0388137519217706e-05,5.664556901201965e-15,6.41407715886302e-13,1.8944849190802262
1649,1.649,1666.1141357928384,5100000.0,0.17272261947771178,0.001000000000000112,0.005789629656057598,0,58,0,1e-08,0.005789629656057598,0.47804489672836775,0.25233188298880826,0.03373200881740936,0.020067949452426067,0.20937719048301864,7.472471495963944e-13,0.0064164010080541446,3.773493166426983e-12,2.1457098296900528e-07,1.0382983053519625e-05,5.6577901663470454e-15,6.408593865442612e-13,1.8945084983555986
1650,1.6500000000000001,1666.0627453455927,5100000.0,0.17271806814042556,0.0009999999999998899,0.005789782220044613,0,58,0,1e-08,0.005789782220044613,0.4780506938712284,0.25233180381127496,0.0337330529147937,0.020065618176365072,0.20937280240109632,7.463642913578866e-13,0.006416372148439269,3.769126514422086e-12,2.1442754509944557e-07,1.0377832348645144e-05,5.6510333689333765e-15,6.403116806604852e-13,1.8945320671062695
1651,1.651,1666.0113704543,5100000.0,0.172713517413324,0.001000000000000112,0.0057899347716194845,0,58,0,1e-08,0.0057899347716194845,0.4780564854486136,0.25233172311299024,0.0337340973373761,0.020063289791850954,0.20936841813992832,7.454827209962229e-13,0.0064163433246108015,3.764766048968337e-12,2.1428424136373396e-07,1.0372685398532351e-05,5.6442864875474416e-15,6.397645971508225e-13,1.8945556252336426
1652,1.6520000000000001,1665.9600110981776,5100000.0,0.17270896729469568,0.0009999999999998899,0.0057900873108318466,0,58,0,1e-08,0.0057900873108318466,0.4780622714745083,0.2523316408912075,0.03373514208980111,0.02006096429429891,0.20936403768829276,7.446024360883429e-13,0.006416314536511976,3.760411758506994e-12,2.1414107155960648e-07,1.0367542198433955e-05,5.6375495036532625e-15,6.392181349618744e-13,1.8945791728141785
1653,1.653,1665.908667254104,5100000.0,0.17270441778399812,0.001000000000000112,0.005790239837702441,0,58,0,1e-08,0.005790239837702441,0.4780680519596765,0.2523315571463828,0.03373618717350437,0.020058641679132648,0.20935966103818926,7.43723434151756e-13,0.0064162857840860885,3.756063631375866e-12,2.1399803548185306e-07,1.0362402743336888e-05,5.630822398166457e-15,6.386722930366438e-13,1.8946027098875282
1654,1.6540000000000001,1665.857338895925,5100000.0,0.17269986888044425,0.0009999999999998899,0.005790392352249929,0,58,0,1e-08,0.005790392352249929,0.47807382691064326,0.25233147188317656,0.033737232585712956,0.020056321941789218,0.209355288185845,7.428457126254671e-13,0.006416257067276683,3.751721655772226e-12,2.1385513292138003e-07,1.03572670278818e-05,5.6241051512775814e-15,6.381270703130009e-13,1.8946262364449726
1655,1.655,1665.8060259999463,5100000.0,0.17269532058292733,0.001000000000000112,0.0057905448545139794,0,58,0,1e-08,0.0057905448545139794,0.4780795963371874,0.25233138510297953,0.03373827832692091,0.02005400507771394,0.20935091912423046,7.419692690217329e-13,0.006416228386027332,3.747385820057048e-12,2.1371236367300325e-07,1.0352135046999876e-05,5.617397743832616e-15,6.375824657375691e-13,1.894649752515238
1656,1.6560000000000001,1665.7547285400758,5100000.0,0.17269077289059298,0.0009999999999998899,0.005790697344515522,0,58,0,1e-08,0.005790697344515522,0.478085360245722,0.25233129681051086,0.033739324394287264,0.020051691082364938,0.20934655384967268,7.410941007917533e-13,0.00641619974028179,3.743056112486276e-12,2.135697275285625e-07,1.0347006795349893e-05,5.610700156114711e-15,6.370384782534637e-13,1.8946732580887182
1657,1.657,1665.7034465025924,5100000.0,0.17268622580233373,0.001000000000000112,0.005790849822294267,0,58,0,1e-08,0.005790849822294267,0.4780911186595073,0.2523312069936679,0.03374037080179879,0.020049379951190983,0.2093421923416555,7.402202057313914e-13,0.0064161711299837165,3.738732522021713e-12,2.134272242976728e-07,1.034188226902778e-05,5.604012371539093e-15,6.364951068364692e-13,1.894696753348882
1658,1.6580000000000001,1665.6521798457902,5100000.0,0.1726816793183268,0.0009999999999998899,0.005791002287836562,0,58,0,1e-08,0.005791002287836562,0.47809687156350805,0.25233111567853894,0.033741417525232076,0.020047071679684825,0.20933783461793584,7.393475808745654e-13,0.006416142555077307,3.734415036114308e-12,2.1328485375096085e-07,1.0336761460897404e-05,5.597334366565761e-15,6.359523503958162e-13,1.8947202380406656
1659,1.659,1665.600928559814,5100000.0,0.17267713343583402,0.001000000000000112,0.005791154741236813,0,58,0,1e-08,0.005791154741236813,0.4781026189859915,0.2523310228479563,0.03374246458362663,0.020044766263317988,0.20933348065297822,7.384762241325261e-13,0.006416114015506452,3.730103643993384e-12,2.1314261570437682e-07,1.0331644367510884e-05,5.59066612564202e-15,6.354102079222346e-13,1.8947437124054118
1660,1.6600000000000001,1665.5496926143605,5100000.0,0.17267258815542655,0.0009999999999998899,0.005791307182468169,0,58,0,1e-08,0.005791307182468169,0.47810836092733,0.252330928512589,0.03374351196817782,0.020042463697587245,0.20932913044912674,7.376061328621443e-13,0.0064160855112154,3.725798333789874e-12,2.1300050994538237e-07,1.032653098306239e-05,5.584007628154431e-15,6.348686783577846e-13,1.8947671763648934
1661,1.661,1665.498471983791,5100000.0,0.17266804347554618,0.001000000000000112,0.0057914596115854824,0,58,0,1e-08,0.0057914596115854824,0.47811409739410793,0.2523308326768679,0.03374455967631253,0.0200401639779998,0.20932478400250984,7.367373045531031e-13,0.006416057042148524,3.7214990939194e-12,2.128585362684908e-07,1.0321421302290334e-05,5.577358854688889e-15,6.343277606588992e-13,1.8947906299123405
1662,1.6620000000000001,1665.4472666458796,5100000.0,0.1726634993951151,0.0009999999999998899,0.005791612028617215,0,58,0,1e-08,0.005791612028617215,0.47811982839747214,0.25233073534064354,0.03374560771003468,0.020037867100068735,0.20932044130468755,7.358697367931473e-13,0.0064160286082502686,3.71720591301105e-12,2.1271669447340154e-07,1.0316315320332527e-05,5.570719786717153e-15,6.337874537928325e-13,1.894814073093458
1663,1.663,1665.3960765822662,5100000.0,0.17265895591340755,0.001000000000000112,0.005791764433590314,0,58,0,1e-08,0.005791764433590314,0.4781255539538119,0.25233063649852705,0.03374665607659143,0.020035573059307525,0.2093161023419764,7.35003427280455e-13,0.00641600020946507,3.7129187799298155e-12,2.1257498436558803e-07,1.0311213032778147e-05,5.5640904067084155e-15,6.332477567383893e-13,1.89483750601407
1664,1.6640000000000001,1665.3449017603302,5100000.0,0.17265441303009693,0.0009999999999998899,0.005791916826508054,0,58,0,1e-08,0.005791916826508054,0.4781312740599576,0.25233053616462503,0.033747704763721166,0.020033281851256045,0.20931176712023766,7.341383733296765e-13,0.006415971845737691,3.708637682788538e-12,2.1243340573091145e-07,1.0306114433576079e-05,5.5574706936280705e-15,6.327086684417906e-13,1.8948609285560907
1665,1.665,1665.293742165768,5100000.0,0.17264987074337043,0.0009999999999998899,0.005792069207432574,0,58,0,1e-08,0.005792069207432574,0.47813698873762733,0.25233043432817487,0.03374875378403443,0.0200309934714445,0.20930743562045095,7.332745727589878e-13,0.0064159435170128235,3.7043626107264045e-12,2.1229195838134944e-07,1.0301019518793246e-05,5.550860631020009e-15,6.321701878967684e-13,1.8948843408868148
1666,1.666,1665.242597762961,5100000.0,0.17264532905331675,0.001000000000000112,0.00579222157635837,0,58,0,1e-08,0.00579222157635837,0.4781426979793914,0.25233033100748575,0.0337498031210596,0.020028707915436074,0.20930310785272166,7.324120228122921e-13,0.006415915223235513,3.700093551746431e-12,2.1215064209936488e-07,1.0295928282044672e-05,5.544260197187481e-15,6.316323140469379e-13,1.8949077428397088
1667,1.667,1665.1914685443876,5100000.0,0.17264078795780335,0.0009999999999998899,0.005792373933350609,0,58,0,1e-08,0.005792373933350609,0.4781484018160549,0.2523302261826814,0.033750852796515234,0.02002642517877134,0.20929878378893504,7.315507215012074e-13,0.006415886964350512,3.695830495407915e-12,2.1200945670719696e-07,1.0290840720187755e-05,5.537669377418465e-15,6.31095045907326e-13,1.8949311346865205
1668,1.668,1665.1403544616107,5100000.0,0.1726362474576187,0.001000000000000112,0.005792526278385462,0,58,0,1e-08,0.005792526278385462,0.4781541002225122,0.25233011988966697,0.033751902776319335,0.02002414525704818,0.20929446345685615,7.306906657327789e-13,0.0064158587403033126,3.691573429070956e-12,2.1186840197017883e-07,1.0285756825373292e-05,5.531088146929544e-15,6.30558382394935e-13,1.89495451605852
1669,1.669,1665.0892555135026,5100000.0,0.17263170754928975,0.0009999999999998899,0.005792678611571806,0,58,0,1e-08,0.005792678611571806,0.4781597932380393,0.25233001210004097,0.03375295309070814,0.020021868145827765,0.20929014681988364,7.298318537009047e-13,0.006415830551038978,3.6873223426947886e-12,2.1172747772034364e-07,1.0280676595203585e-05,5.52451649265032e-15,6.300223225456074e-13,1.8949778873250476
1670,1.67,1665.038171671984,5100000.0,0.17262716823425986,0.001000000000000112,0.0057928309328638475,0,58,0,1e-08,0.0057928309328638475,0.4781654808652157,0.2523299028220509,0.033754003733262275,0.020019593840694894,0.20928583387810223,7.289742828744947e-13,0.00641580239650283,3.6830772247960165e-12,2.1158668375222973e-07,1.0275600024184036e-05,5.5179543948994775e-15,6.294868653305255e-13,1.8950012484347898
1671,1.671,1664.9871029079438,5100000.0,0.1726226295111702,0.0009999999999998899,0.0057929832422995335,0,58,0,1e-08,0.0057929832422995335,0.4781711631050674,0.2523297920654531,0.033755054696042903,0.02001732233725187,0.20928152463314165,7.281179506998025e-13,0.0064157742766404015,3.678838063863307e-12,2.1144601985938493e-07,1.0270527106707186e-05,5.511401833779632e-15,6.28952009721014e-13,1.895024599318943
1672,1.672,1664.93604920361,5100000.0,0.17261809137854994,0.001000000000000112,0.005793135539930869,0,58,0,1e-08,0.005793135539930869,0.4781768399739579,0.25232967982466903,0.03375610598644988,0.020015053631099074,0.20927721907129107,7.272628549338559e-13,0.006415746191397218,3.674604849026355e-12,2.1130548585164386e-07,1.026545783847383e-05,5.504858792215724e-15,6.284177547187682e-13,1.8950479400846483
1673,1.673,1664.8850105225952,5100000.0,0.17261355383610297,0.0009999999999998899,0.0057932878257601515,0,58,0,1e-08,0.0057932878257601515,0.4781825114627869,0.25232956611950774,0.03375715758648185,0.02001278771786982,0.20927291720428634,7.264089928372785e-13,0.006415718140719212,3.670377568433472e-12,2.1116508151320887e-07,1.0260392213051486e-05,5.4983252485995025e-15,6.278840992821736e-13,1.8950712705474682
1674,1.674,1664.8339868577787,5100000.0,0.17260901688159253,0.001000000000000112,0.0057934400998651105,0,58,0,1e-08,0.0057934400998651105,0.47818817760226373,0.25232945093001546,0.033758209517904446,0.020010524593175014,0.2092686190040667,7.255563624633836e-13,0.006415690124552004,3.666156211841038e-12,2.1102480666956436e-07,1.0255330227374258e-05,5.4918011885385165e-15,6.273510424436745e-13,1.8950945909793584
1675,1.675,1664.7829781773532,5100000.0,0.1726044805158246,0.0009999999999998899,0.005793592362211064,0,58,0,1e-08,0.005793592362211064,0.4781938383894169,0.2523293342698558,0.03375926176886056,0.020008264252654104,0.209264324476234,7.247049612062555e-13,0.0064156621428416395,3.66194076769516e-12,2.1088466111203047e-07,1.0250271875546566e-05,5.485286591623626e-15,6.268185831771907e-13,1.8951179012663202
1676,1.676,1664.7319844628146,5100000.0,0.17259994473703394,0.001000000000000112,0.0057937446128599294,0,58,0,1e-08,0.0057937446128599294,0.47819949383929955,0.2523292161346685,0.0337603143455145,0.02000600669194501,0.20926003360836645,7.238547868221112e-13,0.006415634195534096,3.657731225186162e-12,2.1074464465091542e-07,1.0245217153205e-05,5.478781440738901e-15,6.262867204916767e-13,1.895141201501152
1677,1.677,1664.68100568469,5100000.0,0.17259540954483613,0.0009999999999998899,0.005793896851816988,0,58,0,1e-08,0.005793896851816988,0.4782051439519236,0.25232909653508573,0.033761367239029394,0.020003751906707265,0.2092557464030735,7.230058367778191e-13,0.006415606282575606,3.653527572938699e-12,2.1060475708161199e-07,1.0240166054732793e-05,5.472285716121419e-15,6.257554533715882e-13,1.8951644916044408
1678,1.678,1664.6300418292974,5100000.0,0.17259087493770203,0.001000000000000112,0.005794049079136249,0,58,0,1e-08,0.005794049079136249,0.4782107887487481,0.25232897546030764,0.03376242046200409,0.02000149989259099,0.20925146284151805,7.221581089683971e-13,0.00641557840391234,3.6493298004524485e-12,2.1046499822189642e-07,1.0235118576328943e-05,5.465799401899947e-15,6.252247808421996e-13,1.8951877717427368
1679,1.679,1664.5790928589581,5100000.0,0.1725863409157423,0.0009999999999998899,0.005794201294806383,0,58,0,1e-08,0.005794201294806383,0.478216428218433,0.25232885293225255,0.03376347399430589,0.019999250645283077,0.20924718293764386,7.213116006507679e-13,0.006415550559490873,3.645137895961955e-12,2.1032536785650059e-07,1.0230074711447275e-05,5.4593224763850166e-15,6.246947018724878e-13,1.8952110417068664
1680,1.68,1664.5281587638394,5100000.0,0.17258180747656732,0.001000000000000112,0.0057943534989103014,0,58,0,1e-08,0.0057943534989103014,0.4782220623874833,0.252328728935031,0.033764527853613925,0.019997004160452744,0.20924290666755968,7.204663098320696e-13,0.006415522749257551,3.640951849223988e-12,2.1018586580933846e-07,1.0225034456736903e-05,5.452854924708419e-15,6.241652155018509e-13,1.8952343017216038
1681,1.681,1664.477239517823,5100000.0,0.1725772746206808,0.0009999999999998899,0.005794505691423492,0,58,0,1e-08,0.005794505691423492,0.4782276912601992,0.2523286034749139,0.03376558203544285,0.01999476043378755,0.20923863402956497,7.196222340886188e-13,0.006415494973159033,3.636771649143463e-12,2.100464918819547e-07,1.021999780698665e-05,5.446396728071712e-15,6.236363207317635e-13,1.8952575517572814
1682,1.682,1664.4263350945293,5100000.0,0.17257274234689052,0.001000000000000112,0.005794657872388677,0,58,0,1e-08,0.005794657872388677,0.4782333148403957,0.2523284765586272,0.033766636534844456,0.019992519460988664,0.20923436502244067,7.187793709945367e-13,0.00641546723114206,3.6325972846377097e-12,2.099072458759529e-07,1.0214964756960895e-05,5.43994786764737e-15,6.231080165655938e-13,1.8952807917788885
1683,1.683,1664.375445467455,5100000.0,0.17256821065397343,0.0009999999999998899,0.005794810041839329,0,58,0,1e-08,0.005794810041839329,0.47823893313158544,0.25232834819316285,0.03376769134659981,0.01999028123777119,0.2092300996452589,7.179377181255406e-13,0.006415439523153574,3.628428744643972e-12,2.0976812759319174e-07,1.0209935301414683e-05,5.433508324613282e-15,6.225803020089002e-13,1.8953040217482149
1684,1.684,1664.3245706209045,5100000.0,0.17256367954068833,0.001000000000000112,0.005794962199819833,0,58,0,1e-08,0.005794962199819833,0.47824454615195483,0.2523282183708472,0.033768746480156014,0.01998804575984629,0.20922583788242036,7.170972733500466e-13,0.0064154118491404535,3.6242660187019183e-12,2.0962913685090706e-07,1.0204909436344163e-05,5.427078082804941e-15,6.220531760957687e-13,1.895327241795359
1685,1.685,1664.2737105338415,5100000.0,0.1725591490069161,0.0009999999999998899,0.005795114346326605,0,58,0,1e-08,0.005795114346326605,0.47825015391239356,0.25232808709128446,0.0337698019376797,0.019985813022933244,0.20922157972561886,7.162580343987984e-13,0.006415384209049732,3.620109096087914e-12,2.09490273459206e-07,1.0199887157139682e-05,5.420657124795895e-15,6.215266378490353e-13,1.8953504519668376
1686,1.686,1664.2228651765718,5100000.0,0.1725546190519803,0.001000000000000112,0.005795266481385075,0,58,0,1e-08,0.005795266481385075,0.4782557564118794,0.25232795436594296,0.033770857709464856,0.019983583022772103,0.20921732517844757,7.154199987771618e-13,0.006415356602828613,3.615957965641766e-12,2.093515372165867e-07,1.0194868458207635e-05,5.414245431099419e-15,6.21000686272929e-13,1.8953736521728415
1687,1.687,1664.1720345263634,5100000.0,0.1725500896743008,0.0009999999999998899,0.005795418605040734,0,58,0,1e-08,0.005795418605040734,0.478261353658748,0.25232782019691175,0.03377191379518328,0.019981355755109557,0.20921307423513485,7.145831641801885e-13,0.006415329030424478,3.6118126166008764e-12,2.0921292793162868e-07,1.0189853334754279e-05,5.4078429839475035e-15,6.204753203910968e-13,1.8953968424310965
1688,1.688,1664.1212185672407,5100000.0,0.1725455608730155,0.001000000000000112,0.005795570717325261,0,58,0,1e-08,0.005795570717325261,0.478266945670503,0.2523276845771194,0.033772970203663794,0.019979131215690515,0.20920882688074705,7.137475284867759e-13,0.0064153014917846035,3.6076730385856934e-12,2.09074445422607e-07,1.0184841782762427e-05,5.401449767236965e-15,6.199505392455885e-13,1.8954200228644722
1689,1.689,1664.0704172750013,5100000.0,0.17254103264796505,0.0009999999999998899,0.005795722818236442,0,58,0,1e-08,0.005795722818236442,0.47827253245339313,0.2523275475107172,0.03377402693251223,0.019976909400273045,0.20920458311159268,7.129130893622386e-13,0.00641527398685649,3.6035392208016474e-12,2.0893608949671808e-07,1.0179833797280557e-05,5.395065762913512e-15,6.194263418604469e-13,1.8954431934669334
1690,1.69,1664.0196306182993,5100000.0,0.17253650499813086,0.001000000000000112,0.005795874907811221,0,58,0,1e-08,0.005795874907811221,0.4782781140037886,0.252327409011679,0.03377508396949924,0.01997469030463768,0.20920034293384923,7.120798442878594e-13,0.006415246515587872,3.599411152100911e-12,2.0879785995170338e-07,1.0174829372547964e-05,5.388690951236816e-15,6.18902727244953e-13,1.8954663541195063
1691,1.691,1663.9688585817078,5100000.0,0.17253197792174693,0.0009999999999998899,0.005796026986101364,0,58,0,1e-08,0.005796026986101364,0.4782836903396432,0.252327269072407,0.033776141323970645,0.019972473924560016,0.20919610633211097,7.112477911702316e-13,0.006415219077926482,3.595288822206414e-12,2.08659756607738e-07,1.0169828504623336e-05,5.382325316331605e-15,6.183796944493567e-13,1.8954895049507967
1692,1.692,1663.9181011533033,5100000.0,0.17252745141869877,0.001000000000000112,0.00579617905311346,0,58,0,1e-08,0.00579617905311346,0.47828926148371986,0.2523271276805079,0.03377719901006907,0.019970260255808996,0.20919187328616595,7.104169280128101e-13,0.006415191673819863,3.5911722210466607e-12,2.0852177929006867e-07,1.0164831189969073e-05,5.375968843196159e-15,6.178572425338796e-13,1.8955126461444969
1693,1.693,1663.8673582889646,5100000.0,0.17252292548923776,0.0009999999999998899,0.005796331108831512,0,58,0,1e-08,0.005796331108831512,0.4782948274147993,0.252326984867464,0.03377825699804323,0.01996804929420056,0.20918764381976207,7.095872519745285e-13,0.006415164303216239,3.5870613368693324e-12,2.0838392777983615e-07,1.0159837421385762e-05,5.369621509133731e-15,6.173353704831554e-13,1.8955357773803938
1694,1.694,1663.8166299772467,5100000.0,0.1725184001302611,0.001000000000000112,0.005796483153362514,0,58,0,1e-08,0.005796483153362514,0.478300388155993,0.2523268406204559,0.03377931530245027,0.019965841035535243,0.20918341791231904,7.087587610799826e-13,0.006415136966063623,3.582956159679687e-12,2.0824620190381326e-07,1.0154847195398981e-05,5.363283299318832e-15,6.168140773636766e-13,1.8955588988467589
1695,1.695,1663.7659161979552,5100000.0,0.17251387534205803,0.0009999999999998899,0.0057966351866892115,0,58,0,1e-08,0.0057966351866892115,0.47830594371851465,0.25232669493854465,0.03378037392596335,0.01996363547562206,0.2091791955551514,7.079314531283397e-13,0.006415109662310088,3.5788566790409123e-12,2.0810860147694896e-07,1.0149860507543304e-05,5.356954196863181e-15,6.162933622224402e-13,1.8955820105954635
1696,1.696,1663.7152169240896,5100000.0,0.17250935112400792,0.001000000000000112,0.005796787208835215,0,58,0,1e-08,0.005796787208835215,0.4783114941041998,0.252326547830126,0.033781432861912174,0.01996143261028682,0.20917497674894345,7.071053257437371e-13,0.006415082391903951,3.574762884180691e-12,2.0797112630516645e-07,1.0144877352583989e-05,5.350634183280957e-15,6.157732240921951e-13,1.8956051125710873
1697,1.697,1663.664532131979,5100000.0,0.17250482747477913,0.0009999999999998899,0.005796939219837738,0,58,0,1e-08,0.005796939219837738,0.47831703931931463,0.25232639929914574,0.03378249210807347,0.019959232435364946,0.20917076148994254,7.06280376642696e-13,0.006415055154793698,3.5706747645277025e-12,2.0783377619938689e-07,1.0139897725669983e-05,5.344323240918003e-15,6.152536620160744e-13,1.8956282047691946
1698,1.698,1663.6138618064351,5100000.0,0.17250030439338215,0.001000000000000112,0.005797091219732805,0,58,0,1e-08,0.005797091219732805,0.4783225793816134,0.2523262493380649,0.03378355167371137,0.019957034946688858,0.20916654976290636,7.054566037686744e-13,0.006415027950927701,3.5665923099806144e-12,2.0769655098256295e-07,1.0134921622918552e-05,5.338021354176894e-15,6.147346750597768e-13,1.8956512873171598
1699,1.699,1663.5632059216323,5100000.0,0.1724957818797069,0.0009999999999998899,0.00579724320851659,0,58,0,1e-08,0.00579724320851659,0.47832811429433253,0.2523260979538261,0.03378461155359956,0.019954840140107167,0.20916234156710597,7.04634004790769e-13,0.006415000780254539,3.5625155099000327e-12,2.0755945046329825e-07,1.0129949039243631e-05,5.331728504956445e-15,6.142162622651829e-13,1.895674360176026
1700,1.7,1663.5125644517077,5100000.0,0.17249125993253533,0.001000000000000112,0.0057973951862328055,0,58,0,1e-08,0.0057973951862328055,0.4783336440605276,0.2523259451535149,0.033785671742365006,0.019952648011481996,0.20915813690198037,7.03812577381882e-13,0.0064149736427229825,3.558444353669894e-12,2.0742247445054592e-07,1.0124979969560154e-05,5.325444675181597e-15,6.136984226764866e-13,1.895697423305042
1701,1.701,1663.4619373825308,5100000.0,0.17248673855064045,0.0009999999999998899,0.005797547152915176,0,58,0,1e-08,0.005797547152915176,0.47833916869915655,0.25232579092833024,0.03378673225052122,0.01995045855667054,0.20915393575107233,7.029923195260487e-13,0.006414946538281751,3.554378831313946e-12,2.072856227697777e-07,1.0120014410118669e-05,5.319169849598998e-15,6.131811553683108e-13,1.8957204768458344
1702,1.702,1663.4113246865356,5100000.0,0.17248221773401384,0.001000000000000112,0.005797699108566772,0,58,0,1e-08,0.005797699108566772,0.4783446882108502,0.2523256352877525,0.0337877930702961,0.01994827177154939,0.209149738116237,7.021732288607119e-13,0.0064149194668797534,3.550318932172457e-12,2.0714889522826965e-07,1.0115052355650799e-05,5.312904009796605e-15,6.126644593847334e-13,1.895743520730049
1703,1.703,1663.3607263452802,5100000.0,0.1724776974812467,0.0009999999999998899,0.0057978510532274395,0,58,0,1e-08,0.0057978510532274395,0.4783502026085496,0.25232547822894263,0.033788854206230005,0.019946087651996375,0.20914554398702295,7.013553032657311e-13,0.0064148924284659434,3.5462646460885122e-12,2.0701229164623839e-07,1.0110093801927234e-05,5.306647139559362e-15,6.121483337940998e-13,1.8957665550306728
1704,1.704,1663.310142326853,5100000.0,0.17247317779187685,0.001000000000000112,0.005798002986915511,0,58,0,1e-08,0.005798002986915511,0.4783557118867523,0.25232531976745043,0.033789915644472125,0.01994390619391476,0.20914135337140438,7.005385402746602e-13,0.006414865422989646,3.5422159622238016e-12,2.068758118257705e-07,1.010513874319716e-05,5.300399219512955e-15,6.116327776346114e-13,1.8957895796094397
1705,1.705,1663.2595726167128,5100000.0,0.17246865866403457,0.0009999999999998899,0.005798154909686342,0,58,0,1e-08,0.005798154909686342,0.47836121606350923,0.2523251598952805,0.03379097739471273,0.019941727393201315,0.20913716625380377,6.997229378778661e-13,0.006414838450400019,3.5381728706731484e-12,2.0673945559318868e-07,1.0100187175682429e-05,5.294160234430546e-15,6.111177899884716e-13,1.8958125945983262
1706,1.706,1663.2090172014894,5100000.0,0.17246414009765576,0.001000000000000112,0.005798306821544895,0,58,0,1e-08,0.005798306821544895,0.4783667151584789,0.25232499860283714,0.03379203946824583,0.019939551245750527,0.20913298261703994,6.989084941002318e-13,0.006414811510646245,3.5341353616125247e-12,2.066032227766804e-07,1.0095239095741706e-05,5.287930169392001e-15,6.106033699423355e-13,1.8958356001477064
1707,1.707,1663.1584760446246,5100000.0,0.1724596220927966,0.0009999999999998899,0.005798458722481791,0,58,0,1e-08,0.005798458722481791,0.4783722091596462,0.25232483591212185,0.0337931018447547,0.019937377747490735,0.2091288024755873,6.980952063685009e-13,0.006414784603677879,3.5301034240302285e-12,2.0646711317297274e-07,1.0090294497113968e-05,5.2817090040294295e-15,6.100895165292342e-13,1.8958585960450232
1708,1.708,1663.1079491270702,5100000.0,0.1724551046470986,0.001000000000000112,0.005798610612579139,0,58,0,1e-08,0.005798610612579139,0.47837769807868036,0.25232467182144613,0.03379416452761194,0.01993520689434995,0.20912462582023214,6.972830725686862e-13,0.006414757729444522,3.5260770478543995e-12,2.0633112660325417e-07,1.0085353375524368e-05,5.2754967221437875e-15,6.095762288268862e-13,1.8958815823495743
1709,1.709,1663.0574364323056,5100000.0,0.17245058776001812,0.0009999999999998899,0.005798762491847739,0,58,0,1e-08,0.005798762491847739,0.47838318193065793,0.2523245063257113,0.033795227523599404,0.019933038682257615,0.20912045263835424,6.964720906564756e-13,0.006414730887895797,3.5220562231661316e-12,2.0619526289248103e-07,1.0080415726988184e-05,5.269293308162131e-15,6.090635059208778e-13,1.8959045591597845
1710,1.71,1663.0069379393713,5100000.0,0.1724460714312732,0.001000000000000112,0.005798914360299897,0,58,0,1e-08,0.005798914360299897,0.4783886607245787,0.25232433942587734,0.03379629083343838,0.01993087310715142,0.20911628292340348,6.95662258476938e-13,0.00641470407898135,3.5180409398366252e-12,2.060595218598228e-07,1.0075481547023449e-05,5.2630987454975986e-15,6.085513468879997e-13,1.895927526504473
1711,1.711,1662.9564536259231,5100000.0,0.17244155566011884,0.0009999999999998899,0.00579906621795319,0,58,0,1e-08,0.00579906621795319,0.4783941344674817,0.2523241711248383,0.033797354455911005,0.019928710164978998,0.20911211667078636,6.94853573843411e-13,0.00641467730265106,3.5140311876877635e-12,2.0592390332288986e-07,1.0070550830996699e-05,5.256913017269174e-15,6.08039750803703e-13,1.8959504843901556
1712,1.712,1662.9059834592222,5100000.0,0.17243704044566235,0.001000000000000112,0.00579921806484047,0,58,0,1e-08,0.00579921806484047,0.4783996031521073,0.2523240014397293,0.03379841837554912,0.01992654985171291,0.20910795389019357,6.940460343055188e-13,0.0064146505588550005,3.5100269560264664e-12,2.0578840708549637e-07,1.006562357310526e-05,5.2507361041861146e-15,6.075287167210523e-13,1.895973432659671
1713,1.713,1662.8555274366345,5100000.0,0.17243252578592497,0.0009999999999998899,0.005799369901020821,0,58,0,1e-08,0.005799369901020821,0.4784050668121397,0.2523238303467926,0.03379948261778471,0.01992439216330219,0.20910379455038303,6.932396381939772e-13,0.006414623847543059,3.5060282357438256e-12,2.0565303299294407e-07,1.0060699770949543e-05,5.244567994056292e-15,6.07018243767062e-13,1.8959963716253916
1714,1.714,1662.80508551785,5100000.0,0.17242801168205768,0.001000000000000112,0.0057995217264583745,0,58,0,1e-08,0.0057995217264583745,0.478410525429924,0.25232365787351607,0.03380054715678899,0.019922237095737986,0.2090996386714308,6.924343828722682e-13,0.0064145971686655765,3.502035015798659e-12,2.0551778083932696e-07,1.0055779417882948e-05,5.2384086658838335e-15,6.065083309804005e-13,1.896019301011164
1715,1.715,1662.754657696213,5100000.0,0.17242349813129046,0.0009999999999998899,0.00579967354123884,0,58,0,1e-08,0.00579967354123884,0.4784159790334851,0.25232348400174615,0.03380161201238036,0.019920084644991686,0.2090954862277407,6.91630266575151e-13,0.006414570522172675,3.4980472869177413e-12,2.0538265046514122e-07,1.0050862511059773e-05,5.232258106587305e-15,6.059989774827036e-13,1.896042221064823
1716,1.716,1662.7042439415236,5100000.0,0.17241898513434936,0.001000000000000112,0.005799825345340648,0,58,0,1e-08,0.005799825345340648,0.47842142761879236,0.25232330874532816,0.03380267717237211,0.019917934807060732,0.20909133722575812,6.908272869358622e-13,0.006414543908014799,3.494065038629464e-12,2.0524764167898524e-07,1.004594904498442e-05,5.226116297608887e-15,6.054901823408544e-13,1.8960651316667172
1717,1.717,1662.6538442365477,5100000.0,0.1724144726895094,0.0009999999999998899,0.0057999771388143745,0,58,0,1e-08,0.0057999771388143745,0.47842687119932925,0.25232313210059254,0.03380374264208742,0.019915787577941796,0.2090871916544171,6.900254419251111e-13,0.0064145173261424,3.4900882611566538e-12,2.0511275430756494e-07,1.0041039015626653e-05,5.219983223450311e-15,6.049819446551724e-13,1.8960880328982161
1718,1.718,1662.6034585620805,5100000.0,0.17240996079639143,0.001000000000000112,0.005800128921675632,0,59,0,1e-08,0.005800128921675632,0.4784323097858903,0.25232295406654226,0.033804808424176276,0.019913642953637612,0.20908304950533413,6.89224729467103e-13,0.006414490776505979,3.4861169446405744e-12,2.0497798817516004e-07,1.003613241873928e-05,5.213858868186266e-15,6.044742635228508e-13,1.8961109248099512
1719,1.719,1662.5530868885494,5100000.0,0.17240544945440942,0.0009999999999998899,0.005800280693936696,0,59,0,1e-08,0.005800280693936696,0.4784377433750324,0.2523227746563683,0.03380587450709397,0.019911500930172233,0.20907891078435012,6.884251472245695e-13,0.006414464259056255,3.4821510787112107e-12,2.0484334309229989e-07,1.0031229248912182e-05,5.207743213504122e-15,6.039671380186116e-13,1.8961338072895086
1720,1.72,1662.502729200645,5100000.0,0.17240093866189413,0.001000000000000112,0.005800432455656591,0,59,0,1e-08,0.005800432455656591,0.47844317198263747,0.2523225938639438,0.03380694089861263,0.019909361503566644,0.20907477547798578,6.876266932301503e-13,0.006414437773743989,3.4781906537566897e-12,2.0470881888931451e-07,1.002632950234523e-05,5.201636244445963e-15,6.034605672533625e-13,1.8961566804462282
1721,1.721,1662.452385473325,5100000.0,0.17239642841865702,0.0009999999999998899,0.005800584206834231,0,59,0,1e-08,0.005800584206834231,0.47844859561127956,0.25232241169641023,0.03380800759323017,0.019907224669857254,0.20907064358605748,6.86829365271136e-13,0.00641441132052012,3.4742356596851705e-12,2.0457441538358778e-07,1.00214331741479e-05,5.1955379438188744e-15,6.029545503166657e-13,1.8961795442369989
1722,1.722,1662.4020557008564,5100000.0,0.17239191872349485,0.001000000000000112,0.0058007359475129765,0,59,0,1e-08,0.0058007359475129765,0.47845401428979806,0.2523222281346822,0.033809074611678,0.019905090425064192,0.20906651508212545,6.860331616327368e-13,0.00641438489933535,3.4702860874181026e-12,2.044401324190745e-07,1.0016540261604892e-05,5.189448298947207e-15,6.02449086345841e-13,1.8962023989198977
1723,1.723,1662.3517398354547,5100000.0,0.17238740957721183,0.0009999999999998899,0.005800887677658343,0,59,0,1e-08,0.005800887677658343,0.47845942798969354,0.25232204321689206,0.03381014191744915,0.01990295876526016,0.2090623899970613,6.852380795304938e-13,0.006414358510141054,3.4663419257392642e-12,2.0430596978285175e-07,1.00116507572795e-05,5.183367287426007e-15,6.019441743800748e-13,1.8962252440957659
1724,1.724,1662.3014378710145,5100000.0,0.17238290097623402,0.001000000000000112,0.005801039397393477,0,59,0,1e-08,0.005801039397393477,0.4784648367390151,0.25232185692466946,0.033811209530547726,0.01990082968649612,0.2090582683051976,6.844441172478568e-13,0.00641433215288837,3.462403165597412e-12,2.0417192731915877e-07,1.0006764658422703e-05,5.1772948965474635e-15,6.014398135604917e-13,1.8962480800141719
1725,1.725,1662.2511497867085,5100000.0,0.17237839292131604,0.0009999999999998899,0.0058011911066855725,0,59,0,1e-08,0.0058011911066855725,0.4784702405457947,0.2523216692596334,0.03381227745098318,0.01989870318483451,0.20905415000087701,6.836512726967671e-13,0.006414305827528507,3.4584697972045324e-12,2.0403800485242741e-07,1.0001881960635801e-05,5.17123111022131e-15,6.009360029945272e-13,1.8962709066951338
1726,1.726,1662.2008755625257,5100000.0,0.1723738854116825,0.001000000000000112,0.0058013428055636185,0,59,0,1e-08,0.0058013428055636185,0.47847563941911964,0.25232148022233164,0.03381334567983231,0.019896579256344582,0.20905003507738465,6.82859543814192e-13,0.006414279534012802,3.4545418108358865e-12,2.0390420220852754e-07,9.99700265961639e-06,5.165175912577161e-15,6.00432741793542e-13,1.896293724170901
1727,1.727,1662.1506151730166,5100000.0,0.17236937844664027,0.0009999999999998899,0.005801494494043535,0,59,0,1e-08,0.005801494494043535,0.47848103336058556,0.25232128982077195,0.033814414210709035,0.01989445789711056,0.20904592353548826,6.820689284029162e-13,0.006414253272292765,3.450619196510489e-12,2.0377051920627664e-07,9.992126750456524e-06,5.1591292865184034e-15,5.999300290579307e-13,1.8963165323879672
1728,1.728,1662.1003686064173,5100000.0,0.1723648720249265,0.001000000000000112,0.005801646172170726,0,59,0,1e-08,0.005801646172170726,0.47848642239035116,0.2523210980444076,0.033815483055780415,0.019892339103209897,0.20904181535739438,6.812794246173853e-13,0.006414227042319848,3.446701944967981e-12,2.0363695568339275e-07,9.987254229787156e-06,5.15309121813699e-15,5.994278639225289e-13,1.896339331505839
1729,1.729,1662.0501358201036,5100000.0,0.1723603661467008,0.0009999999999998899,0.0058017978399324205,0,59,0,1e-08,0.0058017978399324205,0.4784918064864645,0.25232090492470716,0.03381655218518565,0.019890222870762374,0.20903771056739753,6.804910298333776e-13,0.006414200844045984,3.4427900453957517e-12,2.0350351143610001e-07,9.98238509078534e-06,5.147061686442257e-15,5.989262454510741e-13,1.8963621212013606
1730,1.73,1661.9999168174986,5100000.0,0.17235586080890672,0.001000000000000112,0.005801949497434413,0,59,0,1e-08,0.005801949497434413,0.4784971856895355,0.25232071043065085,0.03381762163156158,0.019888109195854094,0.20903360912724803,6.797037425980689e-13,0.006414174677422711,3.4388834893518134e-12,2.0337018632342043e-07,9.977519331791324e-06,5.1410406810781365e-15,5.984251728187498e-13,1.8963849018689576
1731,1.731,1661.9497115686509,5100000.0,0.17235135601327498,0.0009999999999998899,0.005802101144611054,0,59,0,1e-08,0.005802101144611054,0.4785025599948001,0.2523205145765289,0.03381869138222582,0.019885998074599235,0.20902951104405396,6.789175606170563e-13,0.006414148542401922,3.434982266711059e-12,2.032369801593368e-07,9.972656947411539e-06,5.135028184037737e-15,5.979246451227686e-13,1.8964076733826976
1732,1.732,1661.899520048822,5100000.0,0.17234685175806547,0.001000000000000112,0.005802252781523838,0,59,0,1e-08,0.005802252781523838,0.4785079294044384,0.2523203173696605,0.033819761431462134,0.019883889503123208,0.2090254163179739,6.7813248173244e-13,0.006414122438935664,3.431086367638005e-12,2.031038927653116e-07,9.967797932841378e-06,5.129024178545144e-15,5.974246614751707e-13,1.8964304356965556
1733,1.733,1661.8493422412994,5100000.0,0.17234234804207496,0.0009999999999998899,0.005802404408205892,0,59,0,1e-08,0.005802404408205892,0.47851329393146674,0.2523201188065249,0.03382083178439258,0.019881783477552425,0.2090213249383296,6.773485039928781e-13,0.006414096366975964,3.427195782726704e-12,2.0297092397400267e-07,9.962942284178206e-06,5.123028649695057e-15,5.969252210089354e-13,1.8964531888889258
1734,1.734,1661.7991781265996,5100000.0,0.17233784486493214,0.001000000000000112,0.005802556024672646,0,59,0,1e-08,0.005802556024672646,0.4785186535851011,0.25231991888738553,0.03382190244235407,0.019879679994020103,0.20901723689823634,6.765656253812129e-13,0.00641407032647494,3.4233105024503474e-12,2.0283807361460722e-07,9.958089997213829e-06,5.117041581977145e-15,5.964263228522465e-13,1.8964759329946983
1735,1.735,1661.749027676098,5100000.0,0.17233334222597566,0.0009999999999998899,0.005802707630938993,0,59,0,1e-08,0.005802707630938993,0.47852400836200876,0.25231971762500577,0.0338229733941751,0.019877579048679612,0.20901315220334818,6.757838436539846e-13,0.006414044317384966,3.4194305168406476e-12,2.0270534150431112e-07,9.953241066722818e-06,5.111062957817536e-15,5.959279661137051e-13,1.8964986679050775
1736,1.736,1661.698890883124,5100000.0,0.17232884012358937,0.001000000000000112,0.005802859227062285,0,59,0,1e-08,0.005802859227062285,0.4785293582886742,0.25231951500236394,0.033824044658473065,0.01987548063766954,0.2090090708295101,6.750031571245286e-13,0.006414018339658225,3.415555817062677e-12,2.0257272749028852e-07,9.94839548993726e-06,5.10509276469381e-15,5.95430149955738e-13,1.8965213938533092
1737,1.737,1661.648767713032,5100000.0,0.17232433855843857,0.0009999999999998899,0.005803010813012755,0,59,0,1e-08,0.005803010813012755,0.47853470335348547,0.2523193110404624,0.033825116215830016,0.019873384757160592,0.20900499279064547,6.742235634064431e-13,0.006413992393247285,3.411686392884868e-12,2.0244023138219603e-07,9.943553260968705e-06,5.099130983720956e-15,5.949328734762843e-13,1.8965441106358552
1738,1.738,1661.5986581580653,5100000.0,0.1723198375282771,0.001000000000000112,0.005803162388868985,0,59,0,1e-08,0.005803162388868985,0.47854004358127905,0.2523191057238832,0.03382618808325306,0.019871291403309045,0.20900091806423557,6.7344506079299e-13,0.006413966478104607,3.407822235458335e-12,2.0230785302638228e-07,9.938714376935367e-06,5.093177602179376e-15,5.944361358390891e-13,1.8965668184673774
1739,1.739,1661.5485621878365,5100000.0,0.17231533703365107,0.0009999999999998899,0.005803313954605226,0,59,0,1e-08,0.005803313954605226,0.4785453789661057,0.2523188990679402,0.03382726024700926,0.019869200572296443,0.2089968466585349,6.726676470133236e-13,0.006413940594182884,3.403963334809546e-12,2.0217559223889812e-07,9.933878832434226e-06,5.0872326022205424e-15,5.939399361559466e-13,1.8965895172095335
1740,1.74,1661.4984797871077,5100000.0,0.17231083707275163,0.001000000000000112,0.005803465510285348,0,59,0,1e-08,0.005803465510285348,0.47855070952248263,0.25231869106748,0.03382833271383183,0.01986711226030194,0.20899277856133033,6.718913201805678e-13,0.006413914741434807,3.400109681752605e-12,2.02043448856621e-07,9.929046623756374e-06,5.081295969474412e-15,5.934442735766659e-13,1.8966122069589337
1741,1.741,1661.4484109290195,5100000.0,0.17230633764534148,0.0009999999999998899,0.005803617055909992,0,59,0,1e-08,0.005803617055909992,0.4785560352490738,0.25231848173316107,0.03382940547463496,0.01986502646352332,0.20898871377625347,6.711160781208532e-13,0.006413888919813315,3.3962612665358944e-12,2.0191142270105895e-07,9.92421774590188e-06,5.07536768695831e-15,5.929491472254622e-13,1.896634887630506
1742,1.742,1661.39835560453,5100000.0,0.1723018387499718,0.001000000000000112,0.005803768591530922,0,59,0,1e-08,0.005803768591530922,0.4785613561687071,0.2523182710514996,0.033830478544479514,0.019862943178147706,0.20898465228277358,6.703419191096639e-13,0.0064138631292711655,3.392418080325511e-12,2.0177951361802854e-07,9.919392195860392e-06,5.069447741764734e-15,5.924545562703485e-13,1.8966575594164163
1743,1.743,1661.3483137828416,5100000.0,0.17229734038704522,0.0009999999999998899,0.00580392011712723,0,59,0,1e-08,0.00580392011712723,0.4785666722745835,0.25231805903858073,0.03383155190884663,0.019860862400388316,0.20898059408997827,6.695688408830317e-13,0.006413837369761482,3.3885801132125835e-12,2.0164772142433905e-07,9.91456996820251e-06,5.0635361160786775e-15,5.919604998297948e-13,1.896680222169148
1744,1.744,1661.2982854457878,5100000.0,0.172292842554699,0.001000000000000112,0.005804071632764634,0,59,0,1e-08,0.005804071632764634,0.4785719835769446,0.25231784569343996,0.03383262557026664,0.019858784126459902,0.20897653918990797,6.687968414961587e-13,0.00641381164123741,3.3847473559460543e-12,2.0151604595418669e-07,9.909751058909863e-06,5.057632794977982e-15,5.914669770543022e-13,1.8967028759368765
1745,1.745,1661.2482705760092,5100000.0,0.17228834525237954,0.0009999999999998899,0.005804223138454448,0,59,0,1e-08,0.005804223138454448,0.47857729008709615,0.2523176310140424,0.03383369953233733,0.019856708352581586,0.20897248757353978,6.680259190283868e-13,0.0064137859436521165,3.3809197993345974e-12,2.0138448704312604e-07,9.904935464057872e-06,5.051737763751796e-15,5.909739870978862e-13,1.8967255207800422
1746,1.746,1661.1982691520234,5100000.0,0.1722838484796161,0.001000000000000112,0.005804374634215509,0,59,0,1e-08,0.005804374634215509,0.4785825918106773,0.25231741500398974,0.03383477379301949,0.019854635074982478,0.20896843923750644,6.672560714601524e-13,0.006413760276958921,3.3770974340001455e-12,2.0125304452146925e-07,9.90012317926779e-06,5.045851006785538e-15,5.904815291066829e-13,1.8967481566942566
1747,1.747,1661.1482811553044,5100000.0,0.1722793522355052,0.0009999999999998899,0.005804526120070929,0,59,0,1e-08,0.005804526120070929,0.47858788875727076,0.25231719766293076,0.03383584835421949,0.019852564289896717,0.20896439417449858,6.664872968492456e-13,0.006413734641111231,3.373280250733383e-12,2.011217182238228e-07,9.895314200493471e-06,5.039972509160031e-15,5.899896022356838e-13,1.8967707837204733
1748,1.748,1661.0983065635505,5100000.0,0.17227485651944993,0.001000000000000112,0.005804677596043804,0,59,0,1e-08,0.005804677596043804,0.4785931809312722,0.2523169789956757,0.03383692321268165,0.019850495993569587,0.20896035238238678,6.65719593163799e-13,0.006413709036062512,3.369468240155734e-12,2.009905079800077e-07,9.890508523273888e-06,5.034102255134016e-15,5.89498205632701e-13,1.896793401840288
1749,1.749,1661.0483453605461,5100000.0,0.17227036133045676,0.0009999999999998899,0.005804829062160292,0,59,0,1e-08,0.005804829062160292,0.4785984683452665,0.25231675899883893,0.03383799837334323,0.019848430182247735,0.20895631385084917,6.649529585265019e-13,0.006413683461766331,3.3656613932138385e-12,2.0085941362835564e-07,9.885706143827932e-06,5.028240230365017e-15,5.890073384618844e-13,1.896816011129363
1750,1.75,1660.9983975251762,5100000.0,0.17226586666816354,0.001000000000000112,0.005804980518435588,0,59,0,1e-08,0.005804980518435588,0.4786037510051268,0.25231653767572343,0.033839073834449306,0.019846366852188196,0.20895227857627233,6.641873909424396e-13,0.0064136579181763255,3.3618597006287156e-12,2.0072843500089781e-07,9.880907057834572e-06,5.022386419434684e-15,5.885169998775126e-13,1.8968386115864793
1751,1.7510000000000001,1660.9484630237082,5100000.0,0.17226137253169618,0.0009999999999998899,0.0058051319648918355,0,59,0,1e-08,0.0058051319648918355,0.4786090288994589,0.2523163150468369,0.033840149577028564,0.019844305999674253,0.20894824657229513,6.634228881084089e-13,0.0064136324052464465,3.358063152514189e-12,2.00597571913115e-07,9.876111259577303e-06,5.016540804120101e-15,5.880271890063817e-13,1.8968612030126384
1752,1.752,1660.8985418527143,5100000.0,0.1722568789188635,0.001000000000000112,0.005805283401605879,0,59,0,1e-08,0.005805283401605879,0.4786143020579706,0.2523160910916277,0.03384122562318027,0.01984224762096971,0.2089442178114599,6.626594484750607e-13,0.006413606922930487,3.3542717405154584e-12,2.0046682422144034e-07,9.871318746705965e-06,5.01070337303317e-15,5.87537905048338e-13,1.8968837856804126
1753,1.7530000000000001,1660.848633995339,5100000.0,0.1722523858306219,0.0009999999999998899,0.005805434828538185,0,59,0,1e-08,0.005805434828538185,0.4786195704921694,0.25231586580772614,0.033842301976815786,0.019840191712346283,0.20894019228450783,6.618970701642367e-13,0.0064135814711822605,3.350485455624578e-12,2.0033619176448467e-07,9.866529515384678e-06,5.004874111797139e-15,5.870491471728747e-13,1.8969063596535578
1754,1.754,1660.7987394174525,5100000.0,0.17224789326653395,0.001000000000000112,0.005805586245706507,0,59,0,1e-08,0.005805586245706507,0.47862483418996743,0.25231563921629263,0.03384337861830384,0.01983813827010393,0.20893617000576323,6.611357508753923e-13,0.006413556049955966,3.346704287996103e-12,2.0020567435809257e-07,9.861743559867328e-06,4.99905300219341e-15,5.865609145111065e-13,1.8969289247254137
1755,1.7550000000000001,1660.7488580997665,5100000.0,0.17224340122436096,0.0009999999999998899,0.005805737653178997,0,59,0,1e-08,0.005805737653178997,0.47863009315928556,0.25231541131847146,0.033844455548030665,0.019836087290545056,0.2089321509695353,6.603754886781569e-13,0.006413530659205809,3.3429282285453033e-12,2.0007527183838474e-07,9.856960876056842e-06,4.993240029356262e-15,5.860732062312536e-13,1.896951480919097
1756,1.756,1660.6989900340375,5100000.0,0.1722389097034021,0.001000000000000112,0.005805889050982303,0,59,0,1e-08,0.005805889050982303,0.4786353474230623,0.2523151821004047,0.03384553278138634,0.01983403876996381,0.2089281351551191,6.596162819179968e-13,0.006413505298885902,3.339157268753225e-12,1.9994498405646925e-07,9.852181461083391e-06,4.987435180917026e-15,5.855860215287536e-13,1.8969740284300338
1757,1.7570000000000001,1660.649135196213,5100000.0,0.17223441870410483,0.0009999999999998899,0.005806040439094054,0,59,0,1e-08,0.005806040439094054,0.47864059698272304,0.2523149515697121,0.033846610312276856,0.019831992704670794,0.2089241225633163,6.588581285546425e-13,0.006413479968950564,3.335391399334897e-12,1.9981481084258387e-07,9.847405310330827e-06,4.981638441000918e-15,5.850993595636524e-13,1.8969965672069156
1758,1.758,1660.5992935664046,5100000.0,0.17222992822527156,0.001000000000000112,0.005806191817557644,0,59,0,1e-08,0.005806191817557644,0.47864584184524905,0.2523147197284417,0.03384768814017886,0.019829949090983113,0.20892011318936707,6.581010266540401e-13,0.0064134546693542065,3.3316306112323966e-12,1.9968475203285988e-07,9.842632419647758e-06,4.975849794690083e-15,5.846132195076938e-13,1.8970190972623409
1759,1.7590000000000001,1660.5494651181941,5100000.0,0.17222543826613368,0.0009999999999998899,0.005806343186391701,0,59,0,1e-08,0.005806343186391701,0.47865108200867024,0.2523144865875509,0.033848766255650246,0.019827907925234527,0.20891610703745594,6.573449741258593e-13,0.006413429400051446,3.32787489508516e-12,1.995548074550329e-07,9.837862784165392e-06,4.970069225641842e-15,5.841276005192312e-13,1.897041618506445
1760,1.76,1660.499649839658,5100000.0,0.17222094882524008,0.001000000000000112,0.005806494545648186,0,59,0,1e-08,0.005806494545648186,0.4786563174906309,0.25231425213839553,0.03384984466885364,0.01982586920375323,0.20891210409215208,6.56589969239251e-13,0.0064134041609967985,3.3241242422694247e-12,1.9942497695650136e-07,9.833096400621571e-06,4.964296720767873e-15,5.836425017923404e-13,1.8970641310744734
1761,1.7610000000000001,1660.449847715105,5100000.0,0.17221645990264514,0.0009999999999998899,0.005806645895317992,0,59,0,1e-08,0.005806645895317992,0.478661548303645,0.25231401637745077,0.03385092338483307,0.019823832922872073,0.20890810434315096,6.558360101740815e-13,0.00641337895214487,3.3203786439923965e-12,1.9929526037987083e-07,9.828333265341205e-06,4.958532266166065e-15,5.831579225137765e-13,1.8970866350428515
1762,1.762,1660.4000587111739,5100000.0,0.17221197149800932,0.001000000000000112,0.005806797235415608,0,59,0,1e-08,0.005806797235415608,0.478666774436125,0.25231377932522875,0.03385200238457995,0.01982179907895075,0.20890410780424137,6.55083094681884e-13,0.0064133537734505685,3.3166380906101623e-12,1.9916565754451232e-07,9.823573372701825e-06,4.952775844039496e-15,5.826738618309374e-13,1.8971091302117533
1763,1.7630000000000001,1660.3502828235762,5100000.0,0.17220748360915275,0.0009999999999998899,0.005806948566007269,0,59,0,1e-08,0.005806948566007269,0.4786719959158914,0.2523135409628711,0.03385308168846517,0.019819767668331868,0.2089001144498071,6.543312212287976e-13,0.006413328624868662,3.3129025739320262e-12,1.990361683088764e-07,9.818816720295289e-06,4.9470274430687375e-15,5.821903189609836e-13,1.8971316168335561
1764,1.764,1660.3005200167418,5100000.0,0.17220299623691576,0.001000000000000112,0.005807099887067693,0,59,0,1e-08,0.005807099887067693,0.47867721272823066,0.25231330131398133,0.033854161274384245,0.019817738687391156,0.20889612429675036,6.535803875204487e-13,0.0064133035063542185,3.309172084245179e-12,1.989067924899928e-07,9.81406330226492e-06,4.941287045028295e-15,5.817072930496861e-13,1.897154094672796
1765,1.7650000000000001,1660.2507702805638,5100000.0,0.17219850937888412,0.0009999999999998899,0.005807251198671033,0,59,0,1e-08,0.005807251198671033,0.4786824248928902,0.25231306036771595,0.03385524115468546,0.019815712132494813,0.20889213732751363,6.52830591887878e-13,0.00641327841786229,3.305446613111184e-12,1.9877752993917766e-07,9.809313115567771e-06,4.935554637359517e-15,5.81224783304311e-13,1.8971765638895908
1766,1.766,1660.2010336029605,5100000.0,0.17219402303528533,0.001000000000000112,0.005807402500812678,0,59,0,1e-08,0.005807402500812678,0.478687632426959,0.2523128181158928,0.033856321339052746,0.019813688000008607,0.20888815352720014,6.520818326170349e-13,0.006413253359347845,3.301726152010535e-12,1.9864838050530848e-07,9.804566156946199e-06,4.929830207090041e-15,5.807427889287848e-13,1.8971990246135149
1767,1.7670000000000001,1660.1513099432095,5100000.0,0.17218953720614394,0.0009999999999998899,0.005807553793484547,0,59,0,1e-08,0.005807553793484547,0.4786928353085052,0.2523125745892651,0.03385740179822124,0.019811666286336554,0.20888417291991562,6.513341073004159e-13,0.006413228330766421,3.2980106910380324e-12,1.9851934399950074e-07,9.799822419990532e-06,4.924113734949623e-15,5.802613090622661e-13,1.897221476526726
1768,1.768,1660.1015993010303,5100000.0,0.17218505188850056,0.001000000000000112,0.005807705076789522,0,59,0,1e-08,0.005807705076789522,0.47869803357042523,0.252312329763805,0.03385848255771569,0.019809646987858,0.20888019547494283,6.505874145183772e-13,0.006413203332073125,3.2943002222936536e-12,1.9839042028700944e-07,9.79508190275104e-06,4.918405210621975e-15,5.797803429401848e-13,1.897243919940594
1769,1.7690000000000001,1660.0519016514043,5100000.0,0.17218056708359836,0.0009999999999998899,0.005807856350678428,0,59,0,1e-08,0.005807856350678428,0.47870322721203734,0.25231208364902247,0.03385956360951488,0.019807630100972803,0.2088762211951388,6.498417522531216e-13,0.006413178363223406,3.2905947366801383e-12,1.9826160920037503e-07,9.790344600556802e-06,4.912704618359913e-15,5.792998897414647e-13,1.8972663547812287
1770,1.77,1660.0022169799445,5100000.0,0.1721760827901079,0.001000000000000112,0.005808007615199185,0,59,0,1e-08,0.005808007615199185,0.47870841624701205,0.2523118362400722,0.03386064495995417,0.019805615622079664,0.20887225006900365,6.490971187486175e-13,0.006413153424172676,3.2868942256407454e-12,1.9813291058659709e-07,9.785610509911614e-06,4.907011944784636e-15,5.788199486717353e-13,1.897288781139565
1771,1.7710000000000001,1659.9525452587839,5100000.0,0.1721715990078023,0.0009999999999998899,0.005808158870352205,0,59,0,1e-08,0.005808158870352205,0.47871360067065016,0.25231158755043603,0.03386172659703235,0.01980360354759726,0.2088682821033992,6.483535119258328e-13,0.006413128514876631,3.2831986799786814e-12,1.9800432427505933e-07,9.780879625840189e-06,4.901327173580866e-15,5.783405189069677e-13,1.897311198895918
1772,1.772,1659.9028864688885,5100000.0,0.17216711573505078,0.001000000000000112,0.0058083101161955876,0,59,0,1e-08,0.0058083101161955876,0.4787187804901193,0.25231133758171337,0.03386280852063118,0.019801593873948687,0.20886431729331487,6.476109299233098e-13,0.006413103635290937,3.2795080909493005e-12,1.978758501072253e-07,9.776151944342924e-06,4.89565029040064e-15,5.778615996456788e-13,1.897333608066985
1773,1.7730000000000001,1659.8532405949968,5100000.0,0.17216263297113524,0.0009999999999998899,0.005808461352746329,0,59,0,1e-08,0.005808461352746329,0.4787239557176786,0.25231108633040655,0.03386389073572514,0.019799586597559326,0.20886035562864813,6.468693709746419e-13,0.006413078785371335,3.2758224500103744e-12,1.977474879298208e-07,9.771427461839009e-06,4.8899812817513095e-15,5.773831900967553e-13,1.8973560087279706
1774,1.774,1659.8036076279666,5100000.0,0.17215815071572993,0.001000000000000112,0.005808612580018512,0,59,0,1e-08,0.005808612580018512,0.47872912637389037,0.25231083378472685,0.033864973255584,0.019797581714849397,0.20885639709099627,6.46128833464574e-13,0.006413053965073556,3.2721417489346395e-12,1.976192375979194e-07,9.76670617542352e-06,4.884320135505107e-15,5.769052894846918e-13,1.8973784010493382
1775,1.7750000000000001,1659.7539875245852,5100000.0,0.17215366896914389,0.0009999999999998899,0.005808763797994487,0,59,0,1e-08,0.005808763797994487,0.47873429243294113,0.25231057997916606,0.033866056047179835,0.019795579222280615,0.20885244170830938,6.453893149587515e-13,0.006413029174353716,3.2684659778549414e-12,1.9749109892175657e-07,9.761988078453523e-06,4.878666832101772e-15,5.764278969567576e-13,1.8974007846697172
1776,1.776,1659.7043802873957,5100000.0,0.17214918772813942,0.001000000000000112,0.005808915006786595,0,59,0,1e-08,0.005808915006786595,0.4787394539310336,0.25231032488625743,0.033867139139453585,0.019793579116286947,0.208848489446534,6.446508141305268e-13,0.0064130044131677135,3.2647951291519434e-12,1.9736307177254e-07,9.757273169313983e-06,4.8730213620171e-15,5.759510117684483e-13,1.897423159939457
1777,1.7770000000000001,1659.6547858847907,5100000.0,0.17214470699423315,0.0009999999999998899,0.005809066206336451,0,59,0,1e-08,0.005809066206336451,0.47874461085801273,0.2523100685248285,0.03386822251504036,0.019791581393331644,0.20884454031796149,6.439133288335487e-13,0.006412979681471749,3.2611291935617906e-12,1.9723515597646206e-07,9.752561442645736e-06,4.867383708289874e-15,5.754746330973327e-13,1.8974455266770378
1778,1.778,1659.6052043095285,5100000.0,0.1721402267653899,0.001000000000000112,0.005809217396715836,0,59,0,1e-08,0.005809217396715836,0.4787497632367135,0.25230981088074117,0.033869306189546595,0.01978958604986618,0.20884059430189464,6.431768575115406e-13,0.006412954979221866,3.2574681630233105e-12,1.9710735139226574e-07,9.747852895766314e-06,4.8617538593020954e-15,5.749987601792362e-13,1.8974678850795987
1779,1.7790000000000001,1659.5556355243111,5100000.0,0.1721357470421055,0.0009999999999998899,0.005809368577900809,0,59,0,1e-08,0.005809368577900809,0.47875491104909335,0.2523095519806562,0.03387039013776701,0.019787593082376417,0.20883665141849844,6.424413978893247e-13,0.006412930306374597,3.253812028036121e-12,1.9697965783923856e-07,9.743147522701987e-06,4.8561317969120166e-15,5.745233921821441e-13,1.8974902348754439
1780,1.78,1659.506079532371,5100000.0,0.17213126782174595,0.001000000000000112,0.005809519749983381,0,59,0,1e-08,0.005809519749983381,0.47876005433205787,0.252309291796342,0.03387147438939559,0.01978560248732122,0.2088327116330003,6.417069486684817e-13,0.006412905662886069,3.250160781082668e-12,1.9685207519054321e-07,9.738445321924639e-06,4.8505175118276994e-15,5.740485283695783e-13,1.8975125764234697
1781,1.7810000000000001,1659.4565363046456,5100000.0,0.17212678910589135,0.0009999999999998899,0.0058096709129030226,0,59,0,1e-08,0.0058096709129030226,0.4787651930787013,0.2523090303433236,0.033872558930360716,0.019783614261185606,0.20882877495443058,6.40973507779261e-13,0.006412881048712771,3.2465144130980574e-12,1.9672460327686873e-07,9.733746288372215e-06,4.844910987758671e-15,5.735741679316065e-13,1.8975349095798626
1782,1.782,1659.4070058160758,5100000.0,0.1721223108927624,0.001000000000000112,0.005809822066722909,0,59,0,1e-08,0.005809822066722909,0.47877032728739194,0.2523087676318199,0.03387364375189282,0.019781628400466874,0.20882484138653365,6.402410732514732e-13,0.00641285646381134,3.2428729152312696e-12,1.965972419345552e-07,9.729050417425082e-06,4.8393122093105456e-15,5.731003100695949e-13,1.897557234261612
1783,1.7830000000000001,1659.3574880521323,5100000.0,0.17211783318099128,0.0009999999999998899,0.005809973211482016,0,59,0,1e-08,0.005809973211482016,0.478775456970703,0.2523085036578429,0.03387472885942828,0.019779644901662247,0.2088209109188504,6.395096433707583e-13,0.006412831908138413,3.239236279160236e-12,1.9646999101416348e-07,9.724357705620409e-06,4.83372116340162e-15,5.726269540111518e-13,1.8975795505488524
1784,1.784,1659.3079830005327,5100000.0,0.17211335597030175,0.001000000000000112,0.005810124347192803,0,59,0,1e-08,0.005810124347192803,0.4787805821442621,0.2523082384143514,0.03387581426145909,0.019777663761268403,0.20881698353786274,6.387792164796919e-13,0.0064128073816506,3.2356044966868616e-12,1.9634285036942448e-07,9.71966814974462e-06,4.828137837460857e-15,5.721540989903588e-13,1.8976018585567869
1785,1.7850000000000001,1659.2584906366317,5100000.0,0.1721088792606505,0.0009999999999998899,0.005810275473849543,0,59,0,1e-08,0.005810275473849543,0.4787857028068583,0.2523079719111053,0.03387689994966539,0.019775684975798312,0.20881305924688906,6.380497906289427e-13,0.006412782884304734,3.231977559034983e-12,1.9621581983804243e-07,9.714981745236093e-06,4.822562216265754e-15,5.71681744214374e-13,1.8976241582075217
1786,1.786,1659.2090109389535,5100000.0,0.17210440305070726,0.001000000000000112,0.005810426591500283,0,59,0,1e-08,0.005810426591500283,0.47879081896147163,0.25230770415365056,0.0338779859199402,0.019773708541774175,0.20880913804504758,6.373213639484964e-13,0.006412758416057774,3.2283554576008645e-12,1.9608889926222764e-07,9.710298487883744e-06,4.816994285306069e-15,5.712098888995743e-13,1.8976464494714644
1787,1.7870000000000001,1659.1595438948127,5100000.0,0.17209992733946675,0.0009999999999998899,0.005810577700171784,0,59,0,1e-08,0.005810577700171784,0.4787959306229619,0.2523074351356552,0.033879072180055606,0.019771734455716148,0.20880521991957596,6.365939347812531e-13,0.006412733976866606,3.224738184221529e-12,1.959620884960365e-07,9.705618374440877e-06,4.811434031996226e-15,5.707385322841849e-13,1.89766873245544
1788,1.788,1659.1100894857436,5100000.0,0.17209545212683552,0.001000000000000112,0.005810728799870348,0,59,0,1e-08,0.005810728799870348,0.47880103779831795,0.25230716485864024,0.03388015872992712,0.01976976271415291,0.2088013048655801,6.358675013358649e-13,0.0064127095666882536,3.221125730472735e-12,1.9583538738615616e-07,9.70094140103285e-06,4.805881442527629e-15,5.702676735945837e-13,1.8976910071760154
1789,1.7890000000000001,1659.0606476853911,5100000.0,0.17209097741211776,0.0009999999999998899,0.005810879890612295,0,59,0,1e-08,0.005810879890612295,0.4788061404837248,0.25230689333489037,0.03388124555869695,0.019767793313629843,0.20879739288896032,6.351420616368833e-13,0.006412685185479966,3.21751808757087e-12,1.9570879576920507e-07,9.69626756292841e-06,4.8003365014172194e-15,5.697973120407685e-13,1.8977132735259787
1790,1.79,1659.011218484618,5100000.0,0.17208650319379487,0.001000000000000112,0.005811030972452057,0,59,0,1e-08,0.005811030972452057,0.47881123869866826,0.2523066205534024,0.033882332678800316,0.019765826250685285,0.2087934839723187,6.344176141214163e-13,0.006412660833198886,3.2139152475761296e-12,1.9558231350472603e-07,9.691596857278571e-06,4.794799196914915e-15,5.693274468740576e-13,1.897735531665625
1791,1.7910000000000001,1658.9618018646365,5100000.0,0.172082029472135,0.0009999999999998899,0.005811182045373416,0,59,0,1e-08,0.005811182045373416,0.4788163324495337,0.2523063465162538,0.033883420089587335,0.019763861521866998,0.20878957811135315,6.336941570007182e-13,0.0064126365098022605,3.210317202102204e-12,1.9545594043979517e-07,9.68692928018528e-06,4.789269515218902e-15,5.688580773248784e-13,1.8977577816049427
1792,1.792,1658.912397801402,5100000.0,0.1720775562464026,0.0009999999999998899,0.005811333109403078,0,59,0,1e-08,0.005811333109403078,0.4788214217354712,0.252306071232724,0.033884507783201796,0.01976189912373651,0.208785675308987,6.329716883648608e-13,0.0064126122152475115,3.2067239425301242e-12,1.9532967641488834e-07,9.682264827181502e-06,4.783747441422786e-15,5.683892026133709e-13,1.8977800232710698
1793,1.793,1658.8630062757675,5100000.0,0.17207308351531164,0.001000000000000112,0.005811484164582478,0,59,0,1e-08,0.005811484164582478,0.4788265065621977,0.25230579470550973,0.03388559575836698,0.019759939052861757,0.2087817755615748,6.322502064235298e-13,0.006412587949492163,3.2031354604936676e-12,1.9520352127721585e-07,9.677603494337742e-06,4.778232961698762e-15,5.679208219726658e-13,1.897802256666685
1794,1.794,1658.8136272727063,5100000.0,0.17206861127808215,0.0009999999999998899,0.005811635210932096,0,59,0,1e-08,0.005811635210932096,0.4788315869409622,0.2523055169317686,0.03388668401934324,0.01975798130581271,0.20877787885993604,6.315297094873141e-13,0.006412563712493746,3.199551747841086e-12,1.9507747487966091e-07,9.67294527817746e-06,4.7727260631264534e-15,5.674529346469658e-13,1.8978244818580536
1795,1.795,1658.7642607730897,5100000.0,0.1720641395343609,0.001000000000000112,0.005811786248467036,0,59,0,1e-08,0.005811786248467036,0.47883666287739207,0.2523052379142591,0.03388777256478632,0.01975602587916806,0.20877398520050894,6.308101957730084e-13,0.006412539504209887,3.1959727962422733e-12,1.9495153706999822e-07,9.668290174780835e-06,4.767226731930977e-15,5.669855398726411e-13,1.897846698847034
1796,1.796,1658.714906757159,5100000.0,0.17205966828336605,0.0009999999999998899,0.005811937277206557,0,59,0,1e-08,0.005811937277206557,0.47884173437620703,0.25230495765662964,0.033888861392459696,0.019754072769514703,0.20877009458063278,6.300916634861047e-13,0.006412515324598331,3.1923985973544858e-12,1.9482570769543302e-07,9.663638180163604e-06,4.7617349542289335e-15,5.665186368861495e-13,1.897868907625188
1797,1.797,1658.6655652099078,5100000.0,0.1720551975242477,0.001000000000000112,0.005812088297182549,0,59,0,1e-08,0.005812088297182549,0.4788468014484983,0.2523046761561477,0.033889950506507824,0.019752121973441752,0.20876620699127216,6.293741109473848e-13,0.006412491173616857,3.188829143079186e-12,1.946999866096869e-07,9.658989290861966e-06,4.756250717175727e-15,5.66052224936561e-13,1.8978911082573313
1798,1.798,1658.6162361124836,5100000.0,0.17205072725664713,0.0009999999999998899,0.005812239308399989,0,59,0,1e-08,0.005812239308399989,0.47885186410011205,0.2523043934153087,0.033891039905841525,0.019750173487546714,0.20876232242863602,6.286575363904439e-13,0.0064124670512233535,3.18526442515148e-12,1.945743736616793e-07,9.65434350299801e-06,4.750774007131095e-15,5.655863032655116e-13,1.8979133007481648
1799,1.799,1658.5669194470286,5100000.0,0.17204625747980468,0.001000000000000112,0.005812390310887728,0,59,0,1e-08,0.005812390310887728,0.47885692233816674,0.25230410943531983,0.03389212959065845,0.019748227308432897,0.20875844088765358,6.279419380754185e-13,0.006412442957375749,3.181704435371396e-12,1.9444886870191595e-07,9.649700812804995e-06,4.7453048106902185e-15,5.651208711186142e-13,1.8979354851171202
1800,1.8,1658.517615192891,5100000.0,0.17204178819306185,0.0009999999999998899,0.0058125413046608764,0,59,0,1e-08,0.0058125413046608764,0.4788619761659347,0.25230382422120945,0.03389321955733182,0.019746283432713622,0.20875456236709578,6.272273142003475e-13,0.006412418892032106,3.178149165423882e-12,1.9432347157751707e-07,9.64506121621721e-06,4.739843113880099e-15,5.646559277366548e-13,1.8979576613396414
1801,1.801,1658.468323338518,5100000.0,0.17203731939546585,0.001000000000000112,0.005812692289754821,0,59,0,1e-08,0.005812692289754821,0.47886702559896765,0.25230353776573294,0.03389430981450764,0.01974434185700002,0.20875068685345544,6.265136631799895e-13,0.006412394855150479,3.1745986074425877e-12,1.941981821477615e-07,9.640424710160213e-06,4.734388904684661e-15,5.641914723827924e-13,1.8979798295321637
1802,1.802,1658.4190438481012,5100000.0,0.17203285108700914,0.0009999999999998899,0.00581284326616269,0,59,0,1e-08,0.00581284326616269,0.47887207061983894,0.25230325009455506,0.033895400337910254,0.0197424025779333,0.2087468143661886,6.258009828639415e-13,0.0064123708466892896,3.171052752430221e-12,1.9407300024053144e-07,9.63579128893085e-06,4.728942165962948e-15,5.637275042664577e-13,1.8980019894328481
1803,1.803,1658.3697767212338,5100000.0,0.17202838326515835,0.001000000000000112,0.005812994233973285,0,59,0,1e-08,0.005812994233973285,0.47887711125905513,0.2523029611854451,0.03389649115116763,0.019740465592134743,0.20874294487682324,6.250892719346256e-13,0.006412346866606681,3.1675115930832702e-12,1.9394792573023155e-07,9.631160950671393e-06,4.723502888111719e-15,5.632640226796378e-13,1.8980241413301362
1804,1.804,1658.320521937625,5100000.0,0.17202391593105792,0.0009999999999998899,0.00581314519314082,0,59,0,1e-08,0.00581314519314082,0.4788821475201645,0.25230267104310244,0.03389758225097067,0.019738530896239864,0.20873907838384254,6.243785286117491e-13,0.006412322914861034,3.1639751211724297e-12,1.938229584655018e-07,9.626533691370091e-06,4.718071057332422e-15,5.628010268701437e-13,1.8980462852030373
1805,1.805,1658.2712794726642,5100000.0,0.17201944908378564,0.001000000000000112,0.005813296143699665,0,59,0,1e-08,0.005813296143699665,0.47888717940075626,0.25230237967815367,0.033898673628080585,0.01973659848689798,0.20873521489167932,6.236687510176267e-13,0.006412298991410849,3.1604433282827423e-12,1.9369809828965184e-07,9.621909506550964e-06,4.71264665893744e-15,5.623385160776403e-13,1.8980684209623493
1806,1.806,1658.2220493132209,5100000.0,0.17201498272196536,0.0009999999999998899,0.005813447085689213,0,59,0,1e-08,0.005813447085689213,0.4788922069139322,0.2523020870857097,0.03389976528877166,0.019734668360757435,0.20873135438925255,6.229599375460387e-13,0.006412275096214618,3.1569162065584005e-12,1.9357334506122128e-07,9.61728839298626e-06,4.707229680693426e-15,5.618764895695671e-13,1.8980905486970758
1807,1.807,1658.1728314430604,5100000.0,0.17201051684541308,0.001000000000000112,0.0058135980191189015,0,59,0,1e-08,0.0058135980191189015,0.4788972300685459,0.2523017932651194,0.03390085723507853,0.019732740514472227,0.20872749686972794,6.222520865214479e-13,0.006412251229230928,3.1533937480135317e-12,1.934486986349569e-07,9.612670347115081e-06,4.7018201097334466e-15,5.614149466077599e-13,1.8981126684475023
1808,1.808,1658.1236258383774,5100000.0,0.17200605145362055,0.0009999999999998899,0.005813748943998801,0,59,0,1e-08,0.005813748943998801,0.47890224886311183,0.2523014982260389,0.03390194945872434,0.01973081494471033,0.20872364233660234,6.215451960952632e-13,0.0064122273904185165,3.1498759443228696e-12,1.933241588560079e-07,9.60805536456079e-06,4.696417931616928e-15,5.609538864383285e-13,1.8981347801353898
1809,1.809,1658.0744324844488,5100000.0,0.17200158654528885,0.001000000000000112,0.005813899860376038,0,59,0,1e-08,0.005813899860376038,0.4789072633083828,0.2523012019658749,0.03390304196367912,0.01972889164814114,0.20871979078113084,6.208392646336506e-13,0.006412203579736184,3.1463627876067046e-12,1.931997255816365e-07,9.60344344193367e-06,4.691023133843956e-15,5.604933083298308e-13,1.8981568838231597
1810,1.81,1658.0252513655112,5100000.0,0.17199712212006094,0.0009999999999998899,0.0058140507682555844,0,59,0,1e-08,0.0058140507682555844,0.4789122734136685,0.2523009044834725,0.03390413475247316,0.01972697062143859,0.20871594219601117,6.201342904816339e-13,0.006412179797142747,3.1428542699516595e-12,1.930753986679873e-07,9.598834575734635e-06,4.6856357037169455e-15,5.600332115497747e-13,1.8981789795566932
1811,1.811,1657.9760824550356,5100000.0,0.17199265817747061,0.001000000000000112,0.00581420166765643,0,59,0,1e-08,0.00581420166765643,0.47891727917358884,0.25230060579232405,0.033905227812983406,0.01972505186129432,0.20871209658862008,6.194302717374932e-13,0.006412156042597213,3.1393503829569934e-12,1.9295117795748586e-07,9.594228761304526e-06,4.680255626298728e-15,5.595735953428753e-13,1.8982010672134475
1812,1.812,1657.9269257453948,5100000.0,0.17198819471592836,0.0009999999999998899,0.005814352558625216,0,59,0,1e-08,0.005814352558625216,0.4789222806083471,0.2523003058803515,0.03390632115865908,0.019723135364391665,0.20870825394075299,6.187272069416259e-13,0.006412132316058517,3.135851119125817e-12,1.9282706331740156e-07,9.58962599603109e-06,4.674882890649827e-15,5.591144589983994e-13,1.8982231469646595
1813,1.813,1657.8777812198634,5100000.0,0.17198373173580803,0.001000000000000112,0.0058145034411525446,0,59,0,1e-08,0.0058145034411525446,0.47892727772578636,0.2523000047478222,0.03390741479060139,0.019721221127422143,0.20870441424656339,6.180250944260587e-13,0.006412108617485745,3.132356470549007e-12,1.9270305460337229e-07,9.585026276321641e-06,4.6695174839389496e-15,5.586558017861446e-13,1.898245218839697
1814,1.814,1657.8286488485387,5100000.0,0.17197926923653703,0.0009999999999998899,0.005814654315250687,0,59,0,1e-08,0.005814654315250687,0.47893227051580156,0.25229970241290345,0.033908508692003014,0.01971930914709812,0.20870057751814156,6.173239322214024e-13,0.0064120849468381515,3.1288664287195074e-12,1.9257915165423812e-07,9.580429597165294e-06,4.664159390600911e-15,5.581976229477437e-13,1.8982672826621114
1815,1.815,1657.7795286262738,5100000.0,0.17197480721616884,0.001000000000000112,0.0058148051809887025,0,59,0,1e-08,0.0058148051809887025,0.4789372590017662,0.25229939886030334,0.03390960287951863,0.019717399420120664,0.20869674373410307,6.166237189341451e-13,0.006412061304074905,3.125380986304875e-12,1.9245535434124538e-07,9.575835956226626e-06,4.65880860027738e-15,5.577399217826693e-13,1.8982893386398867
1816,1.816,1657.7304205292976,5100000.0,0.17197034567532868,0.0009999999999998899,0.005814956038338374,0,59,0,1e-08,0.005814956038338374,0.47894224318179507,0.2522990940999555,0.03391069734457381,0.01971549194320744,0.20869291289831363,6.159244527431864e-13,0.006412037689155371,3.1219001351173445e-12,1.923316625116756e-07,9.571245349164181e-06,4.6534650987357656e-15,5.572826975492945e-13,1.898311386691101
1817,1.817,1657.6813245363708,5100000.0,0.17196588461270368,0.001000000000000112,0.0058151068873473445,0,59,0,1e-08,0.0058151068873473445,0.4789472230573371,0.2522987881384355,0.03391179208194703,0.01971358671308525,0.20868908501130004,6.152261318896378e-13,0.006412014102039022,3.118423867105877e-12,1.922080760164054e-07,9.566657771913556e-06,4.648128872299385e-15,5.568259495135519e-13,1.8983334267723093
1818,1.818,1657.6322406410654,5100000.0,0.1719614240272406,0.0009999999999998899,0.005815257728044161,0,59,0,1e-08,0.005815257728044161,0.47895219864986366,0.25229848096230884,0.03391288710642793,0.019711683726473268,0.2086852600535677,6.145287549588644e-13,0.006411990542685222,3.114952174926018e-12,1.9208459472576284e-07,9.562073222010472e-06,4.642799910403559e-15,5.563696769764855e-13,1.898355459069985
1819,1.819,1657.5831688203461,5100000.0,0.17195696391942555,0.001000000000000112,0.005815408560415647,0,59,0,1e-08,0.005815408560415647,0.4789571699583317,0.252298172580626,0.03391398241031743,0.019709782980106273,0.20868143802813252,6.138323201567188e-13,0.006411967011053569,3.1114850504742553e-12,1.9196121848874783e-07,9.557491695204128e-06,4.6374781990435015e-15,5.559138792026121e-13,1.898377483512185
1820,1.82,1657.5341090501106,5100000.0,0.17195250428801573,0.0009999999999998899,0.005815559384496764,0,59,0,1e-08,0.005815559384496764,0.47896213698012635,0.25229786300397405,0.03391507798437296,0.019707884470731678,0.208677618939571,6.131368256680026e-13,0.0064119435071038,3.1080224856161545e-12,1.9183794715330748e-07,9.55291318713326e-06,4.632163724017128e-15,5.554585554559077e-13,1.8983995000091698
1821,1.821,1657.48506132926,5100000.0,0.17194804513165443,0.001000000000000112,0.005815710200336665,0,59,0,1e-08,0.005815710200336665,0.4789670997438022,0.2522975522118032,0.033916173850496355,0.019705988195082322,0.20867380276129743,6.124422702092878e-13,0.00641192003079546,3.1045644733018556e-12,1.9171478059737654e-07,9.548337695916214e-06,4.626856475931536e-15,5.550037050537718e-13,1.898421508829029
1822,1.822,1657.436025619138,5100000.0,0.1719435864513743,0.0009999999999998899,0.005815861007893366,0,59,0,1e-08,0.005815861007893366,0.4789720582269412,0.2522972402344608,0.03391726997967795,0.019704094149926105,0.2086699895176821,6.11748651637843e-13,0.006411896582088501,3.101111004753862e-12,1.915917186505593e-07,9.543765215633539e-06,4.621556437610826e-15,5.545493272300455e-13,1.8984435096548444
1823,1.823,1657.387001914102,5100000.0,0.17193912824430166,0.001000000000000112,0.00581601180726734,0,59,0,1e-08,0.00581601180726734,0.47897701245174196,0.2522969270576971,0.0339183663875085,0.019702202332018526,0.20866617918848307,6.110559685715599e-13,0.006411873160942815,3.0976620727446056e-12,1.914687611854749e-07,9.539195743920592e-06,4.616263598757232e-15,5.540954212951482e-13,1.8984655026821078
1824,1.824,1657.3379902012286,5100000.0,0.17193467051099084,0.0009999999999998899,0.005816162598432788,0,59,0,1e-08,0.005816162598432788,0.4789819624305784,0.2522966126770802,0.03391946307975849,0.01970031273811869,0.2086623717632822,6.103642194643684e-13,0.006411849767318243,3.094217669722236e-12,1.9134590806547833e-07,9.534629277633213e-06,4.610977947584474e-15,5.536419865439971e-13,1.8984874879934974
1825,1.825,1657.288990454612,5100000.0,0.17193021325123994,0.001000000000000112,0.005816313381399822,0,59,0,1e-08,0.005816313381399822,0.47898690815814593,0.252296297105819,0.03392056004455526,0.019698425365003172,0.20865856724932733,6.096734024760804e-13,0.006411826401174866,3.0907777875511097e-12,1.9122315913744635e-07,9.53006581223542e-06,4.6056994696401705e-15,5.53189022243814e-13,1.898509465468879
1826,1.826,1657.2400026585121,5100000.0,0.17192575646349365,0.0009999999999998899,0.00581646415621401,0,59,0,1e-08,0.00581646415621401,0.47899184964282515,0.25229598034342815,0.03392165728371454,0.01969654020945082,0.20865476564018293,6.089835160023214e-13,0.006411803062472828,3.0873424185826143e-12,1.9110051426165504e-07,9.52550534428725e-06,4.600428152598917e-15,5.527365276863836e-13,1.8985314351454035
1827,1.827,1657.1910268010508,5100000.0,0.17192130014725127,0.001000000000000112,0.005816614922895581,0,59,0,1e-08,0.005816614922895581,0.47899678689820696,0.2522956623842086,0.033922754804267555,0.019694657268240854,0.20865096692420002,6.082945585298182e-13,0.006411779751172263,3.0839115553620978e-12,1.909779733035855e-07,9.52094787076659e-06,4.5951639849563014e-15,5.522845021735714e-13,1.8985533971201076
1828,1.828,1657.1420628544054,5100000.0,0.17191684430241153,0.0009999999999998899,0.0058167656814409234,0,59,0,1e-08,0.0058167656814409234,0.47900171991620066,0.2522953432441018,0.03392385259159744,0.019692776538172235,0.2086471711114022,6.076065281847121e-13,0.006411756467233518,3.080485189715082e-12,1.908555361084144e-07,9.51639338694385e-06,4.589906951938264e-15,5.518329449727362e-13,1.8985753512412435
1829,1.829,1657.0931108129487,5100000.0,0.17191238892721325,0.001000000000000112,0.005816916431912922,0,59,0,1e-08,0.005816916431912922,0.4790066487187289,0.2522950229090511,0.03392495066108831,0.01969089801603397,0.208643378181801,6.069194236020126e-13,0.006411733210616833,3.0770633145072863e-12,1.9073320255020297e-07,9.511841890474074e-06,4.584657043371812e-15,5.513818554029043e-13,1.8985972977017633
1830,1.83,1657.0441706547774,5100000.0,0.17190793402220053,0.0009999999999998899,0.005817067174286138,0,59,0,1e-08,0.005817067174286138,0.47901157330564376,0.2522947013870421,0.03392604900607612,0.01968902169862946,0.20863958813747555,6.062332430491452e-13,0.006411709981282637,3.0736459218689154e-12,1.906109724822307e-07,9.507293377270074e-06,4.5794142457515636e-15,5.509312327475603e-13,1.8986192364412688
1831,1.831,1656.9952423649459,5100000.0,0.17190347958622426,0.001000000000000112,0.005817217908602755,0,59,0,1e-08,0.005817217908602755,0.4790164936861495,0.2522943786766977,0.03392714762925955,0.019687147582765033,0.20863580097114715,6.055479849547558e-13,0.006411686779191417,3.0702330042670468e-12,1.9048884576701832e-07,9.502747843994103e-06,4.574178547027077e-15,5.504810763075074e-13,1.8986411675068853
1832,1.832,1656.946325921243,5100000.0,0.17189902561885553,0.0009999999999998899,0.005817368634870262,0,59,0,1e-08,0.005817368634870262,0.4790214098595461,0.25229405478651734,0.03392824652345496,0.019685275665259044,0.2086320166854354,6.048636475856134e-13,0.00641166360430376,3.0668245538503984e-12,1.9036682225796528e-07,9.498205286533452e-06,4.568949933676997e-15,5.50031385368541e-13,1.8986630908321551
1833,1.833,1656.8974213147144,5100000.0,0.17189457211890832,0.001000000000000112,0.005817519353132107,0,59,0,1e-08,0.005817519353132107,0.47902632184304644,0.25229372970709624,0.03392934569938346,0.019683405942925572,0.20862823526505067,6.041802295124372e-13,0.006411640456580228,3.063420563392895e-12,1.9024490182579085e-07,9.493665702198854e-06,4.563728394925096e-15,5.495821592478345e-13,1.8986850065563596
1834,1.834,1656.8485285152894,5100000.0,0.17189011908657287,0.0009999999999998899,0.005817670063374833,0,59,0,1e-08,0.005817670063374833,0.479031229625179,0.25229340345765994,0.03393044513912939,0.019681538412601708,0.2086244567233719,6.034977288300771e-13,0.00641161733598168,3.0600210247152385e-12,1.901230843143063e-07,9.489129086043812e-06,4.558513915685807e-15,5.4913339721649e-13,1.8987069144896227
1835,1.835,1656.7996475168475,5100000.0,0.17188566651984044,0.001000000000000112,0.005817820765669742,0,59,0,1e-08,0.005817820765669742,0.47903613322685484,0.25229307602507356,0.033931544857139714,0.01967967307111485,0.20862068104140052,6.028161441791382e-13,0.0064115942424688155,3.056625930752613e-12,1.9000136959837372e-07,9.484595435688503e-06,4.553306485804592e-15,5.486850986010208e-13,1.8987288148139545
1836,1.836,1656.750778303796,5100000.0,0.1718812144191909,0.0009999999999998899,0.005817971459993581,0,59,0,1e-08,0.005817971459993581,0.4790410326561591,0.2522927474090089,0.033932644855050535,0.019677809915299667,0.20861690821296222,6.021354739886314e-13,0.006411571176002474,3.0532352740199333e-12,1.8987975754086288e-07,9.480064747743014e-06,4.5481060932082275e-15,5.482372627077447e-13,1.89875070756415
1837,1.837,1656.7019208515,5100000.0,0.17187676278411845,0.001000000000000112,0.005818122146366796,0,59,0,1e-08,0.005818122146366796,0.4790459279088261,0.2522924176214553,0.03393374512217697,0.019675948942005958,0.20861313824422303,6.014557164860804e-13,0.006411548136543613,3.0498490466351495e-12,1.8975824799331572e-07,9.475537017853766e-06,4.542912723996541e-15,5.477898888243139e-13,1.898772592633348
1838,1.838,1656.6530751452033,5100000.0,0.17187231161317376,0.0009999999999998899,0.0058182728248314395,0,59,0,1e-08,0.0058182728248314395,0.47905081899391083,0.25229208666107567,0.03393484566115655,0.019674090148085223,0.20860937112802877,6.007768701254528e-13,0.006411525124053285,3.0464672411841458e-12,1.896368408202127e-07,9.471012242727287e-06,4.537726366311549e-15,5.473429762620393e-13,1.898794470067777
1839,1.839,1656.6042411669011,5100000.0,0.17186786090593298,0.001000000000000112,0.005818423495405192,0,59,0,1e-08,0.005818423495405192,0.47905570591600494,0.2522917545309754,0.03393594647018373,0.019672233530396745,0.20860560686168134,6.000989332902541e-13,0.006411502138492613,3.0430898501200426e-12,1.8951553588211776e-07,9.466490418726097e-06,4.532547007653941e-15,5.468965243264232e-13,1.8988163398625393
1840,1.84,1656.5554189110946,5100000.0,0.17186341066163088,0.0009999999999998899,0.0058185741581069615,0,59,0,1e-08,0.0058185741581069615,0.4790605886966316,0.2522914212173455,0.03393704756436863,0.019670379085792594,0.2086018454255562,5.994219046485694e-13,0.006411479179822608,3.0397168664799e-12,1.8939433305580716e-07,9.461971543551116e-06,4.5273746380920894e-15,5.464505323521147e-13,1.898838202207152
1841,1.841,1656.5066083455597,5100000.0,0.17185896088080294,0.001000000000000112,0.005818724812921956,0,59,0,1e-08,0.005818724812921956,0.4790654673210529,0.25229108674257905,0.03393814892261019,0.019668526811151003,0.20859808683627565,5.987457822699974e-13,0.006411456248004612,3.0363482820997016e-12,1.8927323218407744e-07,9.457455612054545e-06,4.5222092422786475e-15,5.460049996153956e-13,1.8988600568749352
1842,1.842,1656.457809460783,5100000.0,0.17185451156120268,0.0009999999999998899,0.005818875459919242,0,59,0,1e-08,0.005818875459919242,0.47907034180518004,0.2522907510984277,0.03393925055444997,0.01966667670334439,0.20859433107981404,5.980705647378582e-13,0.006411433342999925,3.0329840898654613e-12,1.8915223313910078e-07,9.452942621514964e-06,4.517050809505467e-15,5.455599254450941e-13,1.8988819039913098
1843,1.843,1656.4090222373263,5100000.0,0.17185006270294173,0.001000000000000112,0.0058190260990983855,0,59,0,1e-08,0.0058190260990983855,0.47907521215147586,0.2522904142900715,0.03394035245599785,0.019664828759255754,0.20859057815559107,5.973962504155485e-13,0.0064114104647699606,3.0296242822264782e-12,1.8903133578053768e-07,9.448432568156235e-06,4.511899327071356e-15,5.451153091489561e-13,1.8989037435273226
1844,1.844,1656.3602466618827,5100000.0,0.17184561430509815,0.0009999999999998899,0.005819176730483618,0,59,0,1e-08,0.005819176730483618,0.4790800783706331,0.2522900763144516,0.03394145463159941,0.01966298297576962,0.20858682805479115,5.967228378068359e-13,0.00641138761327614,3.0262688519263965e-12,1.8891053997615797e-07,9.443925448858815e-06,4.5067547835398824e-15,5.446711500500003e-13,1.898925575548651
1845,1.845,1656.3114827202182,5100000.0,0.17184116636738664,0.001000000000000112,0.005819327354087953,0,59,0,1e-08,0.005819327354087953,0.4790849404720859,0.252289737169761,0.033942557084348644,0.01966113934977455,0.20858308076985954,5.960503253976275e-13,0.006411364788479916,3.02291779168014e-12,1.8878984559272028e-07,9.439421260407822e-06,4.50161716730788e-15,5.44227447470256e-13,1.8989474001065636
1846,1.846,1656.2627303866836,5100000.0,0.1718367188894229,0.0009999999999998899,0.005819477969917424,0,59,0,1e-08,0.005819477969917424,0.4790897984496873,0.25228939686973567,0.03394365980179065,0.019659297878175434,0.2085793363088096,5.953787114210553e-13,0.006411341990342992,3.0195710937026817e-12,1.886692524827067e-07,9.434919998375867e-06,4.496486464482075e-15,5.437842007079998e-13,1.8989692170735786
1847,1.847,1656.213989650968,5100000.0,0.17183227186963362,0.001000000000000112,0.005819628578028671,0,59,0,1e-08,0.005819628578028671,0.4790946523180368,0.2522890554073675,0.03394476279221388,0.01965745855787403,0.20857559465891123,5.947079944566142e-13,0.006411319218827037,3.016228750918029e-12,1.8854876051840185e-07,9.430421659972183e-06,4.491362664295713e-15,5.433414090970084e-13,1.8989910265605836
1848,1.848,1656.165260496568,5100000.0,0.17182782530803709,0.0009999999999998899,0.005819779178414102,0,59,0,1e-08,0.005819779178414102,0.4790995020832915,0.25228871278407516,0.033945866055478564,0.019655621385779466,0.2085718558158714,5.940381729479877e-13,0.0064112964738937605,3.0128907559851155e-12,1.8842836956442365e-07,9.425926241749966e-06,4.486245754749381e-15,5.428990719586486e-13,1.8990128285815764
1849,1.849,1656.116542911708,5100000.0,0.17182337920400684,0.001000000000000112,0.0058199297710983,0,59,0,1e-08,0.0058199297710983,0.47910434775799843,0.25228836899488577,0.033946969597835504,0.0196537863588012,0.2085681197690066,5.933692454473165e-13,0.006411273755504909,3.009557101790323e-12,1.8830807949160362e-07,9.421433740768774e-06,4.481135724819248e-15,5.424571886259614e-13,1.8990346232239923
1850,1.85,1656.0678368634958,5100000.0,0.17181893355740654,0.0009999999999998899,0.005820080356078914,0,59,0,1e-08,0.005820080356078914,0.4791091893260004,0.252288024063475,0.03394807339687853,0.019651953473874016,0.20856438653632478,5.92701210038902e-13,0.006411251063622534,3.0062277802837674e-12,1.8818789014415883e-07,9.416944151846602e-06,4.476032559248626e-15,5.42015758386629e-13,1.8990564102458458
1851,1.851,1656.0191423510355,5100000.0,0.17181448836590066,0.001000000000000112,0.005820230933438428,0,59,0,1e-08,0.005820230933438428,0.4791140268144044,0.2522876779702826,0.03394917747343895,0.019650122727917208,0.208560656092578,5.920340655227721e-13,0.006411228398208499,3.0029027848740276e-12,1.8806780140731989e-07,9.412457473205308e-06,4.470936249243802e-15,5.415747806010429e-13,1.8990781899020848
1852,1.852,1655.970459350746,5100000.0,0.17181004363047875,0.0009999999999998899,0.005820381503136362,0,59,0,1e-08,0.005820381503136362,0.47911886021959244,0.2522873307264346,0.03395028181765857,0.019648294117867594,0.20855692844323115,5.913678101968491e-13,0.006411205759224869,2.9995821079608626e-12,1.8794781313760372e-07,9.407973700659816e-06,4.46584678146945e-15,5.411342545801737e-13,1.899099962094888
1853,1.853,1655.9217878491163,5100000.0,0.17180559934977,0.001000000000000112,0.005820532065222534,0,59,0,1e-08,0.005820532065222534,0.47912368955150103,0.25228698232950303,0.03395138643323267,0.019646467640662704,0.20855320358019655,5.907024425857225e-13,0.006411183146633735,2.9962657424130438e-12,1.8782792520461275e-07,9.403492831097974e-06,4.460764144633629e-15,5.4069417965893e-13,1.8991217268821847
1854,1.854,1655.873127827822,5100000.0,0.1718011555234483,0.0009999999999998899,0.005820682619701034,0,59,0,1e-08,0.005820682619701034,0.47912851481351076,0.252286632783589,0.03395249131732188,0.01964464329324882,0.20854948150193478,5.900379611102071e-13,0.006411160560397287,2.9929536808976853e-12,1.8770813747204585e-07,9.399014860900048e-06,4.455688326501251e-15,5.402545551628083e-13,1.8991434842467707
1855,1.855,1655.824479269628,5100000.0,0.17179671215068515,0.001000000000000112,0.0058208331666033215,0,59,0,1e-08,0.0058208331666033215,0.47913333601040575,0.25228628209138015,0.033953596468499825,0.01964282107257842,0.2085457622055006,5.893743642178982e-13,0.00641113800047782,2.989645916146143e-12,1.87588449805235e-07,9.394539786565113e-06,4.450619315075987e-15,5.398153804212031e-13,1.899165234187643
1856,1.856,1655.775842162018,5100000.0,0.17179226923076288,0.0009999999999998899,0.005820983705946761,0,59,0,1e-08,0.005820983705946761,0.4791381531533253,0.2522859302492041,0.03395470189169833,0.019641000975605227,0.2085420456815925,5.887116504640057e-13,0.006411115466837593,2.98634244111588e-12,1.8746886207572824e-07,9.390067605095999e-06,4.445557099327613e-15,5.393766547752247e-13,1.8991869767768663
1857,1.857,1655.727216484544,5100000.0,0.1717878267634532,0.001000000000000112,0.005821134237742483,0,59,0,1e-08,0.005821134237742483,0.47914296624260905,0.25228557726416045,0.03395580758107348,0.019639182999294374,0.20853833193170102,5.880498182307575e-13,0.006411092959439065,2.9830432484233607e-12,1.8734937414522012e-07,9.385598312657892e-06,4.440501666659252e-15,5.389383775497149e-13,1.8992087119626073
1858,1.858,1655.6786022211054,5100000.0,0.1717833847477005,0.0009999999999998899,0.0058212847620193135,0,59,0,1e-08,0.0058212847620193135,0.4791477752844236,0.25228522313751,0.03395691353661603,0.019637367140615238,0.2085346209514904,5.873888659996128e-13,0.006411070478244682,2.9797483308956017e-12,1.8722998588118967e-07,9.381131905880458e-06,4.435453005366179e-15,5.385005480806949e-13,1.899230439760082
1859,1.859,1655.6299993623684,5100000.0,0.1717789431828993,0.001000000000000112,0.005821435278801171,0,59,0,1e-08,0.005821435278801171,0.4791525802940551,0.2522848678613966,0.03395801976743822,0.019635553396535766,0.20853091272750052,5.867287924040961e-13,0.006411048023216942,2.9764576816756673e-12,1.871106971598963e-07,9.376668382112479e-06,4.4304111051116916e-15,5.380631657203148e-13,1.8992521602892882
1860,1.86,1655.581407887343,5100000.0,0.17177450206914513,0.0009999999999998899,0.005821585788077881,0,59,0,1e-08,0.005821585788077881,0.4791573812709861,0.2522845114437407,0.03395912626686767,0.019633741764036206,0.2085272072620714,5.860695958232532e-13,0.006411025594318449,2.973171293399842e-12,1.8699150784302314e-07,9.37220773747246e-06,4.425375953256688e-15,5.376262297961777e-13,1.8992738734888128
1861,1.861,1655.5328277799006,5100000.0,0.1717700614053214,0.001000000000000112,0.0058217362898906905,0,59,0,1e-08,0.0058217362898906905,0.4791621782212011,0.2522841538859494,0.033960233034745685,0.019631932240101357,0.20852350455103721,5.854112747462237e-13,0.006411003191511858,2.9698891589370196e-12,1.8687241779867513e-07,9.367749968596325e-06,4.4203475381517365e-15,5.371897396480976e-13,1.8992955793720478
1862,1.862,1655.4842590153428,5100000.0,0.1717656211908135,0.0009999999999998899,0.005821886784253499,0,59,0,1e-08,0.005821886784253499,0.47916697113899664,0.2522837952010803,0.03396134005925408,0.01963012482173091,0.2085198046019128,5.847538274764384e-13,0.006410980814760047,2.9666112707896817e-12,1.8675342688435924e-07,9.363295071217514e-06,4.415325846464831e-15,5.367536945984313e-13,1.899317277818345
1863,1.863,1655.4357015881474,5100000.0,0.17176118142411342,0.001000000000000112,0.0058220372712208335,0,59,0,1e-08,0.0058220372712208335,0.4791717600445802,0.2522834353762989,0.03396244735447111,0.019628319505916612,0.2085161073963058,5.840972527420003e-13,0.00641095846402575,2.9633376223290823e-12,1.866345349821002e-07,9.358843043099988e-06,4.410310868694764e-15,5.363180940133108e-13,1.8993389690046873
1864,1.864,1655.3871554848304,5100000.0,0.1717567421057047,0.0009999999999998899,0.005822187750769383,0,59,0,1e-08,0.005822187750769383,0.47917654494739176,0.25228307440952175,0.0339635549237209,0.0196265162896558,0.20851241292658715,5.834415490983695e-13,0.006410936139271811,2.960068206584451e-12,1.8651574196400114e-07,9.354393881168992e-06,4.405302593778119e-15,5.35882937242238e-13,1.8993606529844418
1865,1.865,1655.338620686166,5100000.0,0.17175230323524301,0.001000000000000112,0.005822338222914236,0,59,0,1e-08,0.005822338222914236,0.47918132584903805,0.25228271230648025,0.0339646627625116,0.01962471516995529,0.2085087211929549,5.82786714977707e-13,0.006410913840461176,2.9568030163440987e-12,1.8639704769512607e-07,9.349947581746193e-06,4.400301009532721e-15,5.354482236233711e-13,1.8993823297210903
1866,1.866,1655.290097168909,5100000.0,0.17174786481178453,0.0009999999999998899,0.005822488687680469,0,59,0,1e-08,0.005822488687680469,0.4791861027456073,0.2522823490783938,0.0339657708608563,0.019622916143834674,0.2085050322011205,5.821327487273584e-13,0.006410891567556938,2.9535420442339416e-12,1.8627845203572755e-07,9.345504140733093e-06,4.3953061030045416e-15,5.35013952487498e-13,1.8994039991149194
1867,1.867,1655.2415849261315,5100000.0,0.1717434268339644,0.001000000000000112,0.005822639145117776,0,59,0,1e-08,0.005822639145117776,0.47919087565520585,0.2522819847144733,0.03396687923077942,0.01962111920830744,0.20850134593477743,5.81479649054426e-13,0.006410869320522125,2.950285283618119e-12,1.8615995486691428e-07,9.341063555756038e-06,4.390317864485933e-15,5.345801232028017e-13,1.8994256613191887
1868,1.868,1655.1930839339777,5100000.0,0.17173898930211273,0.0009999999999998899,0.005822789595208057,0,59,0,1e-08,0.005822789595208057,0.4791956445730095,0.25228161922682546,0.03396798786140194,0.019619324360403225,0.2084976624005436,5.808274142985851e-13,0.006410847099319982,2.9470327271240917e-12,1.8604155604859944e-07,9.336625822658939e-06,4.385336280945499e-15,5.34146735101237e-13,1.8994473162238843
1869,1.869,1655.1445941799582,5100000.0,0.17173455221479803,0.001000000000000112,0.005822940038003278,0,59,0,1e-08,0.005822940038003278,0.4792004095094855,0.252281252612262,0.03396909675714173,0.019617531597152092,0.2084939815897425,5.801760430508405e-13,0.006410824903913727,2.943784367898463e-12,1.8592325545532673e-07,9.332190938487755e-06,4.3803613416162906e-15,5.337137875414127e-13,1.8994689638947602
1870,1.87,1655.0961156563917,5100000.0,0.17173011557176696,0.0009999999999998899,0.005823090473505123,0,59,0,1e-08,0.005823090473505123,0.47920517048162686,0.2522808848610735,0.03397020592893423,0.019615740915581305,0.208490303487176,5.795255340094398e-13,0.006410802734266554,2.940540199312143e-12,1.8580505296785128e-07,9.327758900797753e-06,4.3753930366976166e-15,5.332812798934505e-13,1.8994906044725366
1871,1.871,1655.0476483329765,5100000.0,0.17172567937326716,0.001000000000000112,0.0058232409017086335,0,59,0,1e-08,0.0058232409017086335,0.479209927475711,0.25228051599421564,0.033971315357046734,0.019613952312741052,0.20848662810834465,5.788758853821316e-13,0.006410780590341933,2.9373002137519614e-12,1.8568694843865802e-07,9.323329704764325e-06,4.370431351953118e-15,5.328492114791379e-13,1.899512237745298
1872,1.872,1654.999192200965,5100000.0,0.17172124361719068,0.0009999999999998899,0.005823391322678389,0,59,0,1e-08,0.005823391322678389,0.47921468050712335,0.25228014600354604,0.03397242505084374,0.019612165785676088,0.20848295543964573,5.782270958493426e-13,0.0064107584721033156,2.934064404571558e-12,1.8556894174765834e-07,9.318903347836575e-06,4.365476277410624e-15,5.324175816691595e-13,1.899533863835593
1873,1.873,1654.9507472426574,5100000.0,0.17171680830366737,0.001000000000000112,0.005823541736413434,0,59,0,1e-08,0.005823541736413434,0.4792194295791089,0.25227977489304115,0.03397353500756576,0.01961038133144048,0.20847928547961328,5.775791638992101e-13,0.006410736379514213,2.9308327647429628e-12,1.8545103276367812e-07,9.314479826524217e-06,4.3605278013573396e-15,5.319863898156431e-13,1.8995554827266006
1874,1.874,1654.9023134472834,5100000.0,0.1717123734318962,0.0009999999999998899,0.0058236921429340414,0,59,0,1e-08,0.0058236921429340414,0.47922417470423595,0.2522794026573523,0.03397464523378099,0.019608598947087726,0.20847561821745486,5.769320881730818e-13,0.006410714312538156,2.927605287557346e-12,1.8533322136448475e-07,9.310059138068742e-06,4.3555859134596175e-15,5.315556352872567e-13,1.8995770945086692
1875,1.875,1654.85389080048,5100000.0,0.17170793900179362,0.001000000000000112,0.005823842542246495,0,59,0,1e-08,0.005823842542246495,0.4792289158901953,0.25227902929599544,0.03397575573118849,0.01960681862967694,0.2084719536472538,5.762858672368509e-13,0.006410692271138718,2.924381966160826e-12,1.85215507423513e-07,9.305641279337038e-06,4.350650602698194e-15,5.311253174458975e-13,1.899598699216187
1876,1.8760000000000001,1654.8054792702117,5100000.0,0.17170350501290266,0.0009999999999998899,0.005823992934359406,0,59,0,1e-08,0.005823992934359406,0.47923365312066124,0.25227865483245593,0.03397686647751098,0.019605040376289767,0.20846829178709933,5.756404992760201e-13,0.006410670255279798,2.9211627929383596e-12,1.850978907922357e-07,9.301226245341519e-06,4.3457218546146024e-15,5.306954356161534e-13,1.8996202966078575
1877,1.877,1654.7570788588641,5100000.0,0.1716990714629246,0.001000000000000112,0.0058241433193542014,0,59,0,1e-08,0.0058241433193542014,0.4792383864258363,0.25227827924371904,0.03397797749697624,0.019603264183990683,0.20846463260855563,5.749959832249152e-13,0.006410648264925031,2.9179477618008406e-12,1.8498037136563128e-07,9.2968140347154e-06,4.340799661506564e-15,5.302659891995012e-13,1.8996418869769498
1878,1.8780000000000001,1654.7086895488821,5100000.0,0.1716946383531378,0.0009999999999998899,0.00582429369718064,0,59,0,1e-08,0.00582429369718064,0.4792431158089426,0.25227790253373117,0.033979088786848376,0.019601490049855997,0.20846097611016592,5.743523175880792e-13,0.006410626300038242,2.9147368657957638e-12,1.8486294901377258e-07,9.292404643999182e-06,4.335884011788266e-15,5.298369775546351e-13,1.899663470306777
1879,1.879,1654.66031131077,5100000.0,0.17169020568274682,0.001000000000000112,0.0058244440678691676,0,59,0,1e-08,0.0058244440678691676,0.47924784125695863,0.2522775247226351,0.033980200328184905,0.019599717970981045,0.2084573223067056,5.73709500615101e-13,0.006410604360583466,2.9115300974629424e-12,1.8474562359199372e-07,9.287998068483589e-06,4.3309748915670716e-15,5.294084000155205e-13,1.8996850463943016
1880,1.8800000000000001,1654.611944142037,5100000.0,0.17168577344971214,0.0009999999999998899,0.005824594431482095,0,59,0,1e-08,0.005824594431482095,0.47925256279332,0.2522771457941394,0.033981312138482433,0.01959794794445,0.2084536711764967,5.730675311416669e-13,0.0064105824465245905,2.908327450539671e-12,1.8462839498979802e-07,9.283594306296916e-06,4.326072292236611e-15,5.289802559768245e-13,1.8997066154553484
1881,1.881,1654.563588023755,5100000.0,0.17168134165479942,0.001000000000000112,0.005824744787996923,0,59,0,1e-08,0.005824744787996923,0.4792572804192404,0.25227676575414865,0.033982424213038216,0.01959617996735893,0.2084500227200777,5.724264076510942e-13,0.006410560557825682,2.9051289180556717e-12,1.8451126307618826e-07,9.279193353845723e-06,4.321176202006475e-15,5.285525447980592e-13,1.8997281774505193
1882,1.8820000000000001,1654.5152429423492,5100000.0,0.17167691029706414,0.0009999999999998899,0.0058248951374388225,0,59,0,1e-08,0.0058248951374388225,0.47926199414310905,0.2522763846013851,0.03398353655432889,0.01959441403680636,0.20844637693080995,5.717861287448583e-13,0.006410538694450785,2.9019344932889053e-12,1.8439422772712948e-07,9.274795208101073e-06,4.3162866101474685e-15,5.281252658518161e-13,1.8997497324229442
1883,1.883,1654.4669088757275,5100000.0,0.1716724793761171,0.001000000000000112,0.005825045479824479,0,59,0,1e-08,0.005825045479824479,0.4792667039617268,0.25227600234612807,0.03398464915327083,0.019592650149903506,0.20844273381363532,5.71146692843568e-13,0.006410516856364182,2.8987441691594423e-12,1.842772888081289e-07,9.270399865144307e-06,4.3114035042944175e-15,5.276984184933532e-13,1.899771280282786
1884,1.8840000000000001,1654.4185858105002,5100000.0,0.17166804889068,0.0009999999999998899,0.005825195815190399,0,59,0,1e-08,0.005825195815190399,0.4792714098835979,0.2522756189869535,0.033985762012483496,0.01959088830376313,0.20843909336179053,5.7050809855807e-13,0.006410495043530122,2.895557938982338e-12,1.8416044619585822e-07,9.266007321972365e-06,4.3065268737938285e-15,5.272720020984448e-13,1.8997928210747292
1885,1.885,1654.3702737323454,5100000.0,0.17166361884037779,0.001000000000000112,0.005825346143552797,0,59,0,1e-08,0.005825346143552797,0.4792761119159294,0.25227523452371564,0.033986875133302355,0.019589128495502678,0.20843545556980905,5.698703444814343e-13,0.006410473255912903,2.8923757960441527e-12,1.8404369976599844e-07,9.261617575487003e-06,4.301656707828661e-15,5.268460160418702e-13,1.8998143548286903
1886,1.8860000000000001,1654.321972630919,5100000.0,0.17165918922473689,0.0009999999999998899,0.005825496464920884,0,59,0,1e-08,0.005825496464920884,0.47928081007129264,0.25227484895090646,0.033987988522426835,0.019587370722240253,0.20843182042685712,5.692334292948217e-13,0.006410451493476843,2.8891977338177948e-12,1.8392704939940374e-07,9.257230623009615e-06,4.296792996371996e-15,5.264204597082816e-13,1.899835881636232
1887,1.887,1654.2736824863316,5100000.0,0.17165476004369623,0.001000000000000112,0.005825646779300225,0,59,0,1e-08,0.005825646779300225,0.47928550434928713,0.25227446227596456,0.03398910217360726,0.019585614981104633,0.20842818793506745,5.685973514771087e-13,0.006410429756186444,2.8860237453746782e-12,1.8381049496520478e-07,9.252846460865503e-06,4.2919357275675774e-15,5.259953324627368e-13,1.8998574014399991
1888,1.8880000000000001,1654.2254032806034,5100000.0,0.1716503312961998,0.0009999999999998899,0.005825797086719803,0,59,0,1e-08,0.005825797086719803,0.47929019475203327,0.25227407450379047,0.03399021608312737,0.019583861269231704,0.20842455809404753,5.679621095510152e-13,0.006410408044006212,2.8828538238835406e-12,1.8369403633515106e-07,9.248465085583356e-06,4.287084889949808e-15,5.255706336758007e-13,1.899878914211741
1889,1.889,1654.1771349985634,5100000.0,0.17164590298138796,0.001000000000000112,0.005825947387212293,0,59,0,1e-08,0.005825947387212293,0.4792948812853845,0.2522736856355407,0.03399133025101319,0.019582109583761796,0.20842093089967004,5.673277021018979e-13,0.006410386356900763,2.879687962648811e-12,1.8357767338473373e-07,9.24408649398841e-06,4.282240472614544e-15,5.251463627254795e-13,1.8999004199661984
1890,1.8900000000000001,1654.1288776334375,5100000.0,0.17164147509869113,0.0009999999999998899,0.00582609768079018,0,59,0,1e-08,0.00582609768079018,0.47929956396653356,0.25227329566103485,0.03399244468862792,0.01958035992183191,0.20841730633646802,5.666941278970556e-13,0.006410364694834636,2.8765261553516557e-12,1.8346140600010738e-07,9.239710683786366e-06,4.2774024662954595e-15,5.247225190091632e-13,1.8999219188484415
1891,1.891,1654.0806311644933,5100000.0,0.17163704764841137,0.001000000000000112,0.005826247967446716,0,59,0,1e-08,0.005826247967446716,0.47930424279377454,0.2522729045889676,0.033993559388456114,0.019578612280591986,0.20841368440786684,5.660613854082063e-13,0.006410343057772555,2.8733683950810354e-12,1.8334523405018885e-07,9.23533765122766e-06,4.272570859055105e-15,5.242991018949184e-13,1.8999434107864768
1892,1.8920000000000001,1654.0323955694532,5100000.0,0.17163262062939874,0.0009999999999998899,0.005826398247214091,0,59,0,1e-08,0.005826398247214091,0.47930891776319884,0.2522725124302093,0.03399467434080317,0.01957686665720271,0.20841006511948942,5.654294730768893e-13,0.006410321445679358,2.870214674874574e-12,1.8322915740223685e-07,9.230967392404721e-06,4.267745638678826e-15,5.238761107489931e-13,1.8999648956831898
1893,1.893,1653.984170843004,5100000.0,0.17162819404033827,0.001000000000000112,0.005826548520140456,0,59,0,1e-08,0.005826548520140456,0.4793135888938185,0.2522721191727177,0.03399578955888581,0.019575123048818602,0.20840644845403927,5.647983897088737e-13,0.006410299858519834,2.8670649885160894e-12,1.8311317594486248e-07,9.226599905183997e-06,4.2629267962344914e-15,5.234535449756741e-13,1.899986373704885
1894,1.8940000000000001,1653.9359569643882,5100000.0,0.17162376788167819,0.0009999999999998899,0.005826698786203758,0,59,0,1e-08,0.005826698786203758,0.47931825618371376,0.2522717248253571,0.03399690503501254,0.019573381452607036,0.2084028344151451,5.641681337834544e-13,0.006410278296258914,2.863919329135332e-12,1.8299728954762556e-07,9.222235185823255e-06,4.2581143198399576e-15,5.230314039468657e-13,1.9000078447774384
1895,1.895,1653.8877539146256,5100000.0,0.17161934215225919,0.001000000000000112,0.005826849045446874,0,59,0,1e-08,0.005826849045446874,0.47932291963330326,0.25227132939463315,0.0339980207638456,0.01957164186574342,0.20839922300409372,5.635387038204842e-13,0.006410256758861659,2.8607776899528318e-12,1.8288149808252471e-07,9.217873230768851e-06,4.25330819797563e-15,5.226096870395832e-13,1.9000293088537568
1896,1.8960000000000001,1653.839561694951,5100000.0,0.1716149168511035,0.0009999999999998899,0.005826999297896171,0,59,0,1e-08,0.005826999297896171,0.47932757927032066,0.25227093285976093,0.03399913676734318,0.019569904285390842,0.20839561419485883,5.629100987715992e-13,0.006410235246292913,2.857640065072507e-12,1.8276580144692045e-07,9.213514038577213e-06,4.248508423012439e-15,5.221883936759369e-13,1.9000507662005675
1897,1.897,1653.7913802722253,5100000.0,0.17161049197933548,0.001000000000000112,0.005827149543516996,0,59,0,1e-08,0.005827149543516996,0.47933223507597933,0.25227053524641874,0.03400025302098704,0.019568168708739557,0.2083920080079277,5.622823168614092e-13,0.006410213758517886,2.8545064471312267e-12,1.8265019949557893e-07,9.209157604225746e-06,4.243714980758705e-15,5.217675232044807e-13,1.9000722165502442
1898,1.8980000000000001,1653.7432096383848,5100000.0,0.17160606753450391,0.0009999999999998899,0.005827299782385755,0,59,0,1e-08,0.005827299782385755,0.4793368870653026,0.25227013654648217,0.034001369534068876,0.019566435132973778,0.2083884044299713,5.616553568490403e-13,0.006410192295501755,2.8513768298596385e-12,1.8253469211472874e-07,9.204803925307554e-06,4.238927861840598e-15,5.213470750296968e-13,1.9000936600237741
1899,1.899,1653.6950497801354,5100000.0,0.1716016435167598,0.001000000000000112,0.0058274500145008516,0,59,0,1e-08,0.0058274500145008516,0.4793415352462355,0.2522697367588949,0.03400248630880609,0.019564703555282628,0.2083848034547418,5.610292173851325e-13,0.006410170857209712,2.8482512067749465e-12,1.824192791842545e-07,9.200452998873376e-06,4.234147055901267e-15,5.209270485456781e-13,1.9001150966608529
1900,1.9000000000000001,1653.646900678877,5100000.0,0.17159721992571106,0.0009999999999998899,0.005827600239868782,0,59,0,1e-08,0.005827600239868782,0.4793461796194886,0.2522693358898154,0.034003603340198,0.019562973972864325,0.20838120508322025,5.604038970104996e-13,0.006410149443607045,2.845129571180322e-12,1.823039605776665e-07,9.196104821425069e-06,4.229372551590101e-15,5.205074431363086e-13,1.9001365264181547
1901,1.901,1653.5987623254703,5100000.0,0.17159279676041186,0.001000000000000112,0.005827750458525201,0,59,0,1e-08,0.005827750458525201,0.4793508201985281,0.2522689339326463,0.03400472063600265,0.019561246382915728,0.2083776093036291,5.597793944686147e-13,0.006410128054659073,2.8420119167974022e-12,1.82188736180424e-07,9.191759390451342e-06,4.224604339378854e-15,5.200882582071349e-13,1.9001579493989962
1902,1.9020000000000001,1653.550634695387,5100000.0,0.17158837402089758,0.0009999999999998899,0.005827900670462096,0,59,0,1e-08,0.005827900670462096,0.479355456975962,0.2522685309016131,0.034005838183146814,0.019559520782649553,0.20837401612504372,5.591557081803629e-13,0.006410106690331305,2.8388982367015883e-12,1.8207360585908352e-07,9.187416701844104e-06,4.219842406827508e-15,5.196694931315132e-13,1.9001793654671686
1903,1.903,1653.5025177829455,5100000.0,0.17158395170560206,0.001000000000000112,0.0058280508757362,0,59,0,1e-08,0.0058280508757362,0.4793600899698165,0.25226812678553356,0.034006955993966685,0.019557797169272226,0.20837042553112234,5.585328369669219e-13,0.00641008535058915,2.8357885247889917e-12,1.8195856950382506e-07,9.183076753457168e-06,4.2150867451005224e-15,5.192511473249895e-13,1.900200774778598
1904,1.9040000000000001,1653.4544115712297,5100000.0,0.1715795298149168,0.0009999999999998899,0.005828201074327409,0,59,0,1e-08,0.005828201074327409,0.47936471918290585,0.2522677215884192,0.03400807406560395,0.019556075539999388,0.20836683752072988,5.579107794147775e-13,0.006410064035398134,2.8326827744863333e-12,1.8184362699105257e-07,9.178739541979358e-06,4.210337343242391e-15,5.188332201797476e-13,1.9002221773144676
1905,1.905,1653.4063160388603,5100000.0,0.17157510834806367,0.001000000000000112,0.005828351266265702,0,59,0,1e-08,0.005828351266265702,0.4793693446119594,0.25226731532033864,0.03400919238913674,0.019554355892057698,0.20836325209881076,5.572895340194055e-13,0.0064100427447239304,2.829580979044185e-12,1.8172877819186544e-07,9.174405063639793e-06,4.20559418947353e-15,5.184157110796183e-13,1.900243572986211
1906,1.9060000000000001,1653.3582311751793,5100000.0,0.171570687303798,0.0009999999999998899,0.005828501451586557,0,59,0,1e-08,0.005828501451586557,0.4793739662681216,0.2522669079769472,0.03401031097005635,0.019552638222672954,0.20835966925589425,5.566690995040903e-13,0.006410021478532163,2.826483132183752e-12,1.8161402299087415e-07,9.17007331578338e-06,4.20085727406382e-15,5.17998619432899e-13,1.9002649618709724
1907,1.907,1653.310156966115,5100000.0,0.17156626668198852,0.001000000000000112,0.005828651630297989,0,59,0,1e-08,0.005828651630297989,0.4793785841578989,0.2522664995585227,0.0340114298092301,0.01955092252907676,0.20835608898714342,5.560494745228139e-13,0.006410000236788596,2.8233892274930793e-12,1.8149936126864276e-07,9.165744295403592e-06,4.1961265866547506e-15,5.17581944641609e-13,1.900286343992691
1908,1.9080000000000001,1653.2620933984663,5100000.0,0.17156184648214678,0.0009999999999998899,0.0058288018024097955,0,59,0,1e-08,0.0058288018024097955,0.47938319828895204,0.25226609006418044,0.03401254890868515,0.019549208808504102,0.2083525112865668,5.554306577503502e-13,0.006409979019459018,2.8202992586092837e-12,1.813847929069901e-07,9.161417999586983e-06,4.19140211707059e-15,5.171656861106664e-13,1.9003077193886402
1909,1.909,1653.214040454598,5100000.0,0.17155742670387364,0.001000000000000112,0.005828951967939098,0,59,0,1e-08,0.005828951967939098,0.47938780866287256,0.2522656794990862,0.034013668264395634,0.019547497058197954,0.20834893615423528,5.548126477707952e-13,0.006409957826509244,2.817213218994629e-12,1.8127031778248546e-07,9.157094424963422e-06,4.1866838543150776e-15,5.167498432368068e-13,1.9003290880264556
1910,1.9100000000000001,1653.1659981192627,5100000.0,0.1715530073463077,0.0009999999999998899,0.005829102126908372,0,59,0,1e-08,0.005829102126908372,0.4793924152844393,0.25226526786520775,0.03401478787553415,0.01954578727540647,0.20834536358702976,5.541954432209431e-13,0.006409936657905229,2.814131102225221e-12,1.8115593577483402e-07,9.152773568413353e-06,4.181971787862105e-15,5.163344154229712e-13,1.900350449910496
1911,1.911,1653.117966377424,5100000.0,0.17154858840883214,0.001000000000000112,0.005829252279342143,0,59,0,1e-08,0.005829252279342143,0.47939701815866986,0.2522648551642591,0.03401590774151985,0.019544079457382752,0.20834179358159186,5.535790427444287e-13,0.006409915513612993,2.8110529018994634e-12,1.8104164676422034e-07,9.148455426841887e-06,4.177265907244349e-15,5.15919402073781e-13,1.900371805047978
1912,1.9120000000000001,1653.0699452158685,5100000.0,0.171544169890852,0.0009999999999998899,0.005829402425253843,0,59,0,1e-08,0.005829402425253843,0.47940161729298725,0.2522644413955399,0.03401702786418949,0.019542373601383476,0.2083382261321506,5.529634450253282e-13,0.006409894393598559,2.8079786117054073e-12,1.809274506332804e-07,9.144139997345889e-06,4.17256620235426e-15,5.155048025989928e-13,1.900393153473842
1913,1.913,1653.0219346212136,5100000.0,0.17153975179195866,0.001000000000000112,0.00582955256466093,0,59,0,1e-08,0.00582955256466093,0.4794062126945623,0.25226402655859365,0.03401814824513156,0.019540669704669496,0.20833466123318842,5.523486487465501e-13,0.006409873297828013,2.80490822533628e-12,1.8081334726461797e-07,9.139827277007408e-06,4.167872663070487e-15,5.150906164090385e-13,1.9004144952201898
1914,1.9140000000000001,1652.9739345767116,5100000.0,0.1715353341117256,0.0009999999999998899,0.005829702697571118,0,59,0,1e-08,0.005829702697571118,0.4794108043659695,0.25226361065754216,0.03401926888135413,0.019538967764508683,0.20833109888377996,5.517346525233752e-13,0.006409852226267558,2.801841736355564e-12,1.8069933653689964e-07,9.135517262563204e-06,4.163185278657727e-15,5.146768429083156e-13,1.900435830266414
1915,1.915,1652.9259450725938,5100000.0,0.17153091684937383,0.001000000000000112,0.0058298528240144625,0,59,0,1e-08,0.0058298528240144625,0.4794153923191845,0.25226319368710404,0.03402038977926849,0.019537267778169047,0.2083275390735957,5.511214551187647e-13,0.006409831178883357,2.7987791386339586e-12,1.805854183375688e-07,9.131209951474815e-06,4.1585040397084805e-15,5.14263481517272e-13,1.9004571587000119
1916,1.9160000000000001,1652.8779660862936,5100000.0,0.17152650000484895,0.0009999999999998899,0.005830002943986034,0,59,0,1e-08,0.005830002943986034,0.479419976548813,0.25226277565934,0.03402151092793801,0.019535569742931934,0.20832398180967301,5.505090550317882e-13,0.006409810155641759,2.7957204255148294e-12,1.804715925385258e-07,9.126905339883647e-06,4.153828934432036e-15,5.138505316301665e-13,1.9004784804089763
1917,1.917,1652.8299976066073,5100000.0,0.17152208357676382,0.001000000000000112,0.005830153057536565,0,59,0,1e-08,0.005830153057536565,0.47942455706477916,0.25226235657098534,0.034022632331750804,0.019533873656078827,0.20832042708372636,5.498974510003397e-13,0.0064097891565090825,2.7926655908338217e-12,1.8035785902586693e-07,9.122603425108455e-06,4.149159953187453e-15,5.134379926667842e-13,1.9004997954574785
1918,1.9180000000000001,1652.782039620439,5100000.0,0.17151766756491038,0.0009999999999998899,0.0058303031646663615,0,59,0,1e-08,0.0058303031646663615,0.4794291338744068,0.25226193642136996,0.03402375399250072,0.019532179514895557,0.20831687489006862,5.492866417252376e-13,0.0064097681814517665,2.7896146283584968e-12,1.8024421768353428e-07,9.118304204274948e-06,4.1444970859944435e-15,5.130258640439034e-13,1.9005211038798349
1919,1.919,1652.734092107578,5100000.0,0.1715132519688822,0.0009999999999998899,0.005830453265391532,0,59,0,1e-08,0.005830453265391532,0.4794337069753524,0.25226151521946627,0.03402487590233263,0.0195304873166783,0.20831332523267634,5.486766257622833e-13,0.006409747230436328,2.786567531570535e-12,1.8013066838695104e-07,9.114007673777781e-06,4.139840321563002e-15,5.126141451643693e-13,1.9005424055993934
1920,1.92,1652.6861550647134,5100000.0,0.1715088367875319,0.001000000000000112,0.005830603359749499,0,59,0,1e-08,0.005830603359749499,0.4794382763880719,0.25226109295145716,0.0340259980761848,0.01952879705871669,0.20830977809272558,5.480674020196005e-13,0.006409726303429207,2.7835242946736167e-12,1.8001721103248148e-07,9.109713831757576e-06,4.135189651774039e-15,5.122028354682149e-13,1.9005637008015765
1921,1.921,1652.6382284630822,5100000.0,0.1715044220214669,0.0009999999999998899,0.0058307534477141446,0,59,0,1e-08,0.0058307534477141446,0.4794428420985816,0.2522606696379221,0.03402712049459025,0.019527108738320923,0.20830623348582494,5.474589688809682e-13,0.006409705400397098,2.780484910814833e-12,1.7990384548541588e-07,9.105422673733314e-06,4.130545063779394e-15,5.117919343421435e-13,1.9005849892761382
1922,1.922,1652.5903122996322,5100000.0,0.17150000766864698,0.001000000000000112,0.005830903529358432,0,59,0,1e-08,0.005830903529358432,0.47944740412759834,0.25226024526475804,0.034028243172768306,0.0195254223527922,0.20830269139288463,5.468513252643708e-13,0.006409684521306612,2.7774493742330776e-12,1.797905716428317e-07,9.101134197877362e-06,4.125906549541254e-15,5.113814412290742e-13,1.9006062712116907
1923,1.923,1652.5424065573445,5100000.0,0.171495593729703,0.0009999999999998899,0.005831053604654159,0,59,0,1e-08,0.005831053604654159,0.4794519624769201,0.2522598198367554,0.034029366107039,0.019523737899441788,0.20829915181372935,5.462444698012589e-13,0.006409663666124458,2.7744176785934435e-12,1.7967738938483836e-07,9.096848400925138e-06,4.1212740984356155e-15,5.109713555431039e-13,1.9006275465795042
1924,1.924,1652.4945112144926,5100000.0,0.17149118020381277,0.001000000000000112,0.005831203673632884,0,59,0,1e-08,0.005831203673632884,0.47945651714194454,0.25225939336508213,0.03403048928734274,0.01952205537559175,0.20829561475457778,5.456384010286742e-13,0.006409642834817485,2.771389817376208e-12,1.795642985859642e-07,9.092565279130828e-06,4.116647698984783e-15,5.105616766893839e-13,1.9006488152774221
1925,1.925,1652.4466262697838,5100000.0,0.17148676708966193,0.0009999999999998899,0.00583135373633255,0,59,0,1e-08,0.00583135373633255,0.47946106814560935,0.25225896583338164,0.03403161273114629,0.019520374778555404,0.20829208019411175,5.450331179069797e-13,0.006409622027352432,2.7683657849295127e-12,1.7945129914601597e-07,9.088284830854445e-06,4.11202734352039e-15,5.10152404118e-13,1.9006700775198446
1926,1.926,1652.3987516959844,5100000.0,0.1714823543880593,0.001000000000000112,0.005831503792729266,0,59,0,1e-08,0.005831503792729266,0.4794656154758093,0.25225853726030006,0.03403273642090731,0.019518696105665763,0.2082885481460465,5.44428618864865e-13,0.00640960124369627,2.7653455745282546e-12,1.793383909331505e-07,9.084007051789785e-06,4.107413019581308e-15,5.097435372245155e-13,1.900691333118527
1927,1.927,1652.350887486887,5100000.0,0.17147794209711548,0.0009999999999998899,0.005831653842880538,0,59,0,1e-08,0.005831653842880538,0.47947015914874963,0.25225810763617873,0.03403386036738912,0.019517019354250317,0.20828501859578788,5.438249027658318e-13,0.00640958048381596,2.762329180338598e-12,1.79225573841518e-07,9.079731939796208e-06,4.10280471861922e-15,5.093350754506778e-13,1.9007125822107145
1928,1.928,1652.303033625381,5100000.0,0.17147353021712405,0.001000000000000112,0.00583180388678,0,59,0,1e-08,0.00583180388678,0.47947469916589286,0.252257676966086,0.03403498456662665,0.01951534452164558,0.2082814915434792,5.432219682516383e-13,0.006409559747678483,2.7593165960835717e-12,1.7911284775209702e-07,9.075459491614756e-06,4.0982024300847495e-15,5.089270182160568e-13,1.9007338247642485
1929,1.929,1652.2551900943402,5100000.0,0.17146911874724444,0.0009999999999998899,0.005831953924449502,0,59,0,1e-08,0.005831953924449502,0.47947923552862026,0.2522572452551495,0.03403610901458761,0.019513671605195113,0.20827796698934434,5.426198139661496e-13,0.006409539035251015,2.7563078154976572e-12,1.7900021254603055e-07,9.071189703987797e-06,4.0936061434434526e-15,5.085193649412244e-13,1.9007550607461983
1930,1.93,1652.2073568883336,5100000.0,0.17146470768663263,0.001000000000000112,0.005832103955921372,0,59,0,1e-08,0.005832103955921372,0.4794837682540689,0.25225681249275184,0.034037233722990404,0.019512000602238407,0.20827444491785022,5.420184387952236e-13,0.006409518346500552,2.753302832815e-12,1.78887668118995e-07,9.066922574861634e-06,4.089015850337623e-15,5.081121150730008e-13,1.9007762903047307
1931,1.931,1652.1595339871888,5100000.0,0.17146029703565854,0.0009999999999998899,0.005832253981176296,0,59,0,1e-08,0.005832253981176296,0.47948829733945475,0.2522563786881693,0.034038358683655776,0.019510331510127217,0.20827092533337746,5.414178413249753e-13,0.006409497681394355,2.750301641666327e-12,1.7877521434874373e-07,9.062658100671588e-06,4.084431539705213e-15,5.077052680274637e-13,1.900797513359144
1932,1.932,1652.111721370471,5100000.0,0.17145588679315815,0.001000000000000112,0.005832404000257496,0,59,0,1e-08,0.005832404000257496,0.47949282278154665,0.25225594385110184,0.03403948388797263,0.01950866432622235,0.2082674082407519,5.408180201388825e-13,0.006409477039899718,2.7473042356865243e-12,1.7866285111300196e-07,9.058396277829502e-06,4.079853200457282e-15,5.072988232217008e-13,1.900818729823766
1933,1.933,1652.0639190310753,5100000.0,0.17145147695793814,0.0009999999999998899,0.005832554013198836,0,59,0,1e-08,0.005832554013198836,0.4794973445950711,0.25225550797329627,0.03404060934528883,0.01950699904788165,0.20826389362683762,5.402189740950787e-13,0.006409456421983969,2.7443106090749302e-12,1.785505783059397e-07,9.054137104117473e-06,4.075280823974639e-15,5.068927801021501e-13,1.9008399398193938
1934,1.934,1652.0161269567961,5100000.0,0.17144706753018796,0.001000000000000112,0.00583270401999751,0,59,0,1e-08,0.00583270401999751,0.47950186278785606,0.25225507105339157,0.03404173505805489,0.019505335672467348,0.20826038148540021,5.396207019496766e-13,0.006409435827614427,2.7413207558309487e-12,1.7843839581567643e-07,9.049880576796935e-06,4.07071440071577e-15,5.064871381054406e-13,1.900861143387544
1935,1.935,1651.9683451363994,5100000.0,0.17144265850956744,0.0009999999999998899,0.005832854020658367,0,59,0,1e-08,0.005832854020658367,0.47950637736901386,0.2522546330887309,0.034042861030017316,0.019503674197344324,0.20825687180891495,5.390232024806908e-13,0.006409415256758483,2.7383346700049083e-12,1.7832630353166854e-07,9.045626693231305e-06,4.066153921333289e-15,5.060818966711883e-13,1.9008823405845903
1936,1.936,1651.9205735473183,5100000.0,0.17143824989583561,0.001000000000000112,0.005833004015193244,0,59,0,1e-08,0.005833004015193244,0.4795108883322849,0.2522541940920022,0.034043987249572784,0.01950201461989064,0.20825336460522573,5.384264742376814e-13,0.006409394709383687,2.735352345190895e-12,1.782143013297731e-07,9.041375449625903e-06,4.061599374417919e-15,5.056770552161914e-13,1.9009035312903362
1937,1.937,1651.8728121696927,5100000.0,0.17143384168757075,0.0009999999999998899,0.005833154003643795,0,59,0,1e-08,0.005833154003643795,0.4795153956749808,0.2522537540723037,0.03404511370870485,0.01950035693749231,0.20824985987859723,5.378305158278699e-13,0.006409374185457673,2.732373775107827e-12,1.7810238908935446e-07,9.037126842466384e-06,4.057050749075818e-15,5.052726131641572e-13,1.9009247154257887
1938,1.938,1651.8250610019454,5100000.0,0.17142943388362994,0.001000000000000112,0.005833303986052558,0,59,0,1e-08,0.005833303986052558,0.4795198994190859,0.25225331301407133,0.03404624042406031,0.019498701147527473,0.2082463576086255,5.372353262326348e-13,0.006409353684947999,2.729398954242493e-12,1.7799056671227136e-07,9.032880870113524e-06,4.052508037779763e-15,5.048685699788306e-13,1.9009458931956111
1939,1.939,1651.7773200268978,5100000.0,0.17142502648476973,0.0009999999999998899,0.005833453962387079,0,59,0,1e-08,0.005833453962387079,0.4795243995654977,0.25225287092280924,0.03404736739121572,0.019497047247384606,0.20824285779598922,5.366409041182088e-13,0.0064093332078223285,2.7264278764468994e-12,1.7787883408148635e-07,9.028637529332845e-06,4.047971230160518e-15,5.044649250915387e-13,1.9009670645621108
1940,1.94,1651.7295892295776,5100000.0,0.17142061949012366,0.001000000000000112,0.005833603932680494,0,59,0,1e-08,0.005833603932680494,0.47952889611804483,0.2522524278010792,0.03404849460868713,0.01949539523445688,0.20823936043843205,5.360472481980323e-13,0.0064093127540483935,2.723460535676977e-12,1.7776719108287115e-07,9.02439681711919e-06,4.0434403162707335e-15,5.040616779395648e-13,1.900988229521386
1941,1.941,1651.6818686019938,5100000.0,0.1714162128990536,0.0009999999999998899,0.005833753896947813,0,59,0,1e-08,0.005833753896947813,0.4795333890899342,0.25225198364206286,0.03404962208437222,0.019493745106137047,0.2082358655243178,5.354543573291788e-13,0.00640929232359392,2.7204969261878324e-12,1.7765563761097936e-07,9.020158731183166e-06,4.038915287452683e-15,5.036588279760791e-13,1.901009388177403
1942,1.942,1651.6341581175848,5100000.0,0.17141180671164463,0.001000000000000112,0.005833903855189797,0,59,0,1e-08,0.005833903855189797,0.4795378784692697,0.2522515384640069,0.034050749801093017,0.01949209685983456,0.20823237306710984,5.348622299950563e-13,0.006409271916426835,2.7175370414812054e-12,1.775441735379235e-07,9.015923267340646e-06,4.03439613168045e-15,5.032563746157709e-13,1.9010305403457182
1943,1.943,1651.5864577706525,5100000.0,0.17140740092605086,0.0009999999999998899,0.005834053807462568,0,59,0,1e-08,0.005834053807462568,0.47954236427223146,0.2522510922570933,0.0340518777697427,0.019490450492953757,0.20822888305219178,5.342708651035594e-13,0.00640925153251501,2.7145808759309215e-12,1.774327987614583e-07,9.011690423542066e-06,4.029882840746565e-15,5.028543173190248e-13,1.9010516861646878
1944,1.944,1651.5387675483585,5100000.0,0.17140299554259114,0.001000000000000112,0.0058342037537589386,0,59,0,1e-08,0.0058342037537589386,0.47954684650536544,0.2522506450211224,0.03405300599159186,0.019488806002904292,0.2082253954745787,5.336802614202613e-13,0.00640923117182638,2.7116284236267127e-12,1.7732151317077353e-07,9.00746019701091e-06,4.025375405158425e-15,5.024526555318341e-13,1.9010728256619929
1945,1.945,1651.491087433704,5100000.0,0.17139859056084267,0.0009999999999998899,0.005834353694086605,0,59,0,1e-08,0.005834353694086605,0.47955132516955856,0.25225019676153765,0.03405413446226353,0.019487163387103473,0.20822191033494444,5.330904176289666e-13,0.006409210834328929,2.708679678499378e-12,1.7721031665018523e-07,9.003232584548421e-06,4.020873814684452e-15,5.020513886924355e-13,1.9010939588003488
1946,1.946,1651.443417411354,5100000.0,0.17139418597994815,0.001000000000000112,0.005834503628478416,0,59,0,1e-08,0.005834503628478416,0.47955580026787586,0.2522497474815925,0.0340552631795718,0.0194855226429742,0.20821842763177822,5.325013324495531e-13,0.006409190519990816,2.7057346345607004e-12,1.7709920908625218e-07,8.999007583129147e-06,4.016378059412963e-15,5.01650516243851e-13,1.9011150855676104
1947,1.947,1651.3957574691724,5100000.0,0.17138978179922038,0.0009999999999998899,0.005834653556951076,0,59,0,1e-08,0.005834653556951076,0.4795602718076524,0.25224929718025974,0.03405639214560751,0.019483883767941596,0.2082149473592974,5.319130046683242e-13,0.006409170228780153,2.702793285964847e-12,1.7698819036959856e-07,8.99478519005599e-06,4.011888130028081e-15,5.012500376368957e-13,1.9011362060008203
1948,1.948,1651.3481075946258,5100000.0,0.1713853780183038,0.001000000000000112,0.005834803479520364,0,59,0,1e-08,0.005834803479520364,0.4795647397956725,0.2522488458570556,0.03405752136191778,0.019482246759435076,0.20821146951226804,5.313254330659296e-13,0.006409149960665129,2.6998556268606415e-12,1.7687726039052562e-07,8.990565402594347e-06,4.007404017158858e-15,5.008499523225154e-13,1.9011573201307421
1949,1.949,1651.3004677773813,5100000.0,0.1713809746367999,0.0009999999999998899,0.005834953396193163,0,59,0,1e-08,0.005834953396193163,0.4795692042416574,0.2522483935085544,0.03405865083299167,0.019480611614885828,0.20820799408251717,5.307386164692235e-13,0.006409129715613929,2.696921651497711e-12,1.7676641904216688e-07,8.98634821823615e-06,4.002925711847299e-15,5.004502597572509e-13,1.9011784280219568
1950,1.95,1651.252837986999,5100000.0,0.1713765716545378,0.001000000000000112,0.00583510330697897,0,59,0,1e-08,0.00583510330697897,0.4795736651280969,0.2522479401585176,0.03405978053612104,0.01947897833174482,0.2082045210890967,5.301525533038326e-13,0.006409109493594999,2.693991353317996e-12,1.766556661935336e-07,8.982133632428348e-06,3.998453201519338e-15,5.000509593565354e-13,1.90119952942618
1951,1.951,1651.2052182306554,5100000.0,0.17137216906925345,0.0009999999999998899,0.005835253211948192,0,59,0,1e-08,0.005835253211948192,0.47957812248823173,0.25224748577998773,0.03406091049932209,0.019477346907445577,0.20820105050031204,5.295672427522049e-13,0.006409089294576537,2.6910647273089304e-12,1.765450017593575e-07,8.977921644450872e-06,3.99398648041047e-15,4.996520506161463e-13,1.9012206246785888
1952,1.952,1651.157608484644,5100000.0,0.1713677668825928,0.001000000000000112,0.005835403111048475,0,59,0,1e-08,0.005835403111048475,0.4795825763136142,0.2522470303876627,0.0340620407089546,0.01947571733943982,0.20819758232614707,5.289826833796978e-13,0.006409069118527049,2.688141767209236e-12,1.764344256171278e-07,8.973712250442292e-06,3.989525537198342e-15,4.99253532967588e-13,1.9012417136351363
1953,1.953,1651.1100087400714,5100000.0,0.17136336509298936,0.0009999999999998899,0.005835553004326482,0,59,0,1e-08,0.005835553004326482,0.4795870266157226,0.2522465739763121,0.03406317117130048,0.01947408962517725,0.20819411655666342,5.283988740504755e-13,0.006409048965414959,2.685222467372375e-12,1.7632393766244577e-07,8.969505448050962e-06,3.985070363246194e-15,4.988554058746705e-13,1.901262796380971
1954,1.954,1651.0624189740088,5100000.0,0.1713589637004158,0.001000000000000112,0.005835702891786835,0,59,0,1e-08,0.005835702891786835,0.47959147338704716,0.25224611655966517,0.034064301873681105,0.019472463762121285,0.20819065320090124,5.278158133504031e-13,0.006409028835208859,2.6823068215935154e-12,1.762135377741473e-07,8.965301233501183e-06,3.980620947409753e-15,4.984576687728074e-13,1.9012838727830592
1955,1.955,1651.0148391822288,5100000.0,0.17135456270338267,0.0009999999999998899,0.00583585277347359,0,59,0,1e-08,0.00583585277347359,0.47959591664526946,0.25224565812626804,0.03406543282860125,0.019470839747729573,0.2081871922427109,5.272335002411606e-13,0.006409008727877272,2.679394824438285e-12,1.761032258538474e-07,8.96109960492056e-06,3.976177281922622e-15,4.980603211377975e-13,1.9013049429980493
1956,1.956,1650.9672693463026,5100000.0,0.17135016210234325,0.001000000000000112,0.005836002649375006,0,59,0,1e-08,0.005836002649375006,0.4796003563888823,0.25224519868383427,0.034066564029394196,0.0194692175794706,0.2081837336851284,5.266519334029929e-13,0.006408988643388869,2.6764864699071972e-12,1.7599300178616432e-07,8.95690055899654e-06,3.9717393564828394e-15,4.976633624165073e-13,1.901326006962045
1957,1.957,1650.9197094528197,5100000.0,0.17134576189627393,0.0009999999999998899,0.005836152519519281,0,59,0,1e-08,0.005836152519519281,0.4796047926230966,0.2522447382333492,0.03406769547611987,0.019467597254816105,0.20818027752446816,5.260711116185021e-13,0.006408968581712327,2.673581752215917e-12,1.7588286546198125e-07,8.95270409292897e-06,3.967307161706539e-15,4.972667920675119e-13,1.9013470646884962
1958,1.958,1650.8721594883507,5100000.0,0.17134136208467,0.001000000000000112,0.00583630238392731,0,59,0,1e-08,0.00583630238392731,0.4796092253530481,0.25224427677586164,0.034068827168772804,0.019465978771242304,0.20817682375711563,5.254910336720285e-13,0.006408948542816434,2.6706806655902168e-12,1.7577281677232632e-07,8.948510203918083e-06,3.96288068822093e-15,4.968706095503503e-13,1.9013681161900757
1959,1.959,1650.8246194426747,5100000.0,0.171336962667024,0.0009999999999998899,0.0058364522426097186,0,59,0,1e-08,0.0058364522426097186,0.47961365458818755,0.25224381430810205,0.034069959111665694,0.019464362126227076,0.20817337237514238,5.249116984138979e-13,0.006408928526669981,2.667783204396679e-12,1.7566285561226088e-07,8.944318889492647e-06,3.958459927244657e-15,4.964748143322094e-13,1.9013891615291134
1960,1.96,1650.7770893011468,5100000.0,0.17133256364315988,0.001000000000000112,0.005836602095576213,0,59,0,1e-08,0.005836602095576213,0.47961808033194775,0.25224335083280525,0.034071091303104824,0.01946274731725435,0.2081699233766333,5.243331046084739e-13,0.0064089085332417845,2.6648893628340513e-12,1.7555298187169497e-07,8.940130146734848e-06,3.954044869219155e-15,4.960794058720724e-13,1.9014102006988227
1961,1.961,1650.7295690462345,5100000.0,0.1713281650124409,0.0009999999999998899,0.005836751942841829,0,59,0,1e-08,0.005836751942841829,0.47962250258381584,0.25224288635662995,0.03407222373746697,0.01946113434181588,0.2081664767636148,5.237552509651519e-13,0.006408888562500814,2.6619991349957584e-12,1.754431954372389e-07,8.935943972437047e-06,3.949635504087667e-15,4.956843836238988e-13,1.901431233647194
1962,1.962,1650.6820586693302,5100000.0,0.17132376677392813,0.001000000000000112,0.0058369017844422675,0,59,0,1e-08,0.0058369017844422675,0.47962692135527807,0.25224242087423887,0.03407335642112875,0.019459523197402698,0.20816303252611246,5.231781363724384e-13,0.006408868614416027,2.6591125153470856e-12,1.7533349620644485e-07,8.931760364298766e-06,3.945231823402026e-15,4.952897470614385e-13,1.9014522604602135
1963,1.963,1650.6345581555545,5100000.0,0.17131936892760827,0.0009999999999998899,0.005837051620371332,0,59,0,1e-08,0.005837051620371332,0.47963133664933394,0.25224195438876523,0.03407448935199079,0.019457913881512714,0.2081595906626377,5.226017595966551e-13,0.006408848688956434,2.656229498110713e-12,1.7522388406946505e-07,8.927579319386942e-06,3.940833817611031e-15,4.948954956462381e-13,1.9014732811263715
1964,1.964,1650.5870674859225,5100000.0,0.17131497147281521,0.001000000000000112,0.005837201450655438,0,59,0,1e-08,0.005837201450655438,0.479635748463378,0.2522414869089252,0.03407562252236719,0.01945630639165252,0.20815615117730038,5.220261193249891e-13,0.0064088287860911775,2.6533500773553187e-12,1.7511435891170827e-07,8.923400834354716e-06,3.936441476448507e-15,4.945016288322657e-13,1.9014942955698486
1965,1.965,1650.5395866557226,5100000.0,0.17131057440845446,0.0009999999999998899,0.005837351275325233,0,59,0,1e-08,0.005837351275325233,0.47964015681404104,0.2522410184242091,0.03407675594380155,0.019454700725324754,0.20815271405497496,5.214512145292012e-13,0.006408808905789326,2.6504742477355076e-12,1.7500492063592163e-07,8.919224907303676e-06,3.932054792204869e-15,4.941081461044595e-13,1.9015153039360195
1966,1.966,1650.4921156440214,5100000.0,0.17130617773491283,0.001000000000000112,0.005837501094371264,0,59,0,1e-08,0.005837501094371264,0.47964456169601544,0.2522405489460154,0.034077889605922354,0.01945309688004452,0.20814927930246963,5.208770438624537e-13,0.006408789048020131,2.6476020032642842e-12,1.7489556912553087e-07,8.915051534695812e-06,3.927673754301202e-15,4.937150469148092e-13,1.9015363061181298
1967,1.967,1650.4446544446018,5100000.0,0.17130178145089012,0.0009999999999998899,0.005837650907831196,0,59,0,1e-08,0.005837650907831196,0.4796489631238127,0.25224007846592617,0.0340790235181763,0.01945149485332389,0.20814584690677226,5.203036062705061e-13,0.006408769212752812,2.644733338556027e-12,1.7478630428179738e-07,8.910880714484293e-06,3.923298354786772e-15,4.933223307469667e-13,1.9015573022373844
1968,1.968,1650.3972030374405,5100000.0,0.17129738555661375,0.001000000000000112,0.005837800715701012,0,59,0,1e-08,0.005837800715701012,0.47965336109328255,0.2522396069941651,0.03408015767136351,0.01944989464268633,0.20814241687352802,5.197309004290456e-13,0.0064087493999566755,2.6418682476833403e-12,1.7467712598960365e-07,8.90671244322929e-06,3.918928583279522e-15,4.929299970568939e-13,1.9015782922004714
1969,1.969,1650.3497614110308,5100000.0,0.17129299005087542,0.0009999999999998899,0.005837950518015254,0,59,0,1e-08,0.005837950518015254,0.47965775561170954,0.2522391345295128,0.034081292067726636,0.019448296245656874,0.20813898919694604,5.191589251837012e-13,0.006408729609601096,2.6390067250702047e-12,1.7456803414421503e-07,8.902546718354059e-06,3.914564430921164e-15,4.92538045319249e-13,1.9015992760456766
1970,1.97,1650.302329558597,5100000.0,0.17128859493334953,0.001000000000000112,0.005838100314788758,0,59,0,1e-08,0.005838100314788758,0.4796621466927444,0.2522386610643832,0.03408242671587474,0.01944669965975977,0.2081355638648683,5.185876794751066e-13,0.006408709841655453,2.6361487653412215e-12,1.744590286467425e-07,8.898383537762351e-06,3.910205889706129e-15,4.921464750196066e-13,1.9016202538845224
1971,1.971,1650.254907459939,5100000.0,0.17128420020420126,0.0009999999999998899,0.005838250106009263,0,59,0,1e-08,0.005838250106009263,0.4796665343318774,0.2522381866093272,0.034083561606277915,0.019445104882531,0.20813214088329057,5.180171619820211e-13,0.00640869009608925,2.6332943625942336e-12,1.7435010938236295e-07,8.89422289800465e-06,3.905852949269208e-15,4.917552856164152e-13,1.9016412256198025
1972,1.972,1650.2074951005316,5100000.0,0.17127980586219865,0.001000000000000112,0.0058383998917225025,0,59,0,1e-08,0.0058383998917225025,0.47967091853221727,0.25223771116726645,0.034084696737030726,0.019443511911510194,0.2081287202505889,5.17447371497106e-13,0.0064086703728720015,2.630443511165233e-12,1.7424127624323853e-07,8.890064796207475e-06,3.901505600266356e-15,4.913644765810358e-13,1.9016621912420264
1973,1.973,1650.1600924708644,5100000.0,0.17127541190669804,0.0009999999999998899,0.005838549671943793,0,59,0,1e-08,0.005838549671943793,0.47967529930357067,0.25223723473441917,0.03408583211293152,0.01944192074423813,0.20812530195843948,5.168783069132276e-13,0.00640865067197328,2.627596205601909e-12,1.741325291277402e-07,8.885909230005419e-06,3.897163834252181e-15,4.909740473964121e-13,1.9016831508187966
1974,1.974,1650.1126995581078,5100000.0,0.1712710183375753,0.001000000000000112,0.005838699446681114,0,59,0,1e-08,0.005838699446681114,0.47967967665126965,0.2522367573114709,0.03408696773430999,0.019440331378260498,0.20812188600299175,5.163099670602518e-13,0.006408630993362716,2.624752440328871e-12,1.740238679303806e-07,8.8817561967009e-06,3.8928276422111434e-15,4.905839975393015e-13,1.9017041043662966
1975,1.975,1650.0653163473044,5100000.0,0.17126662515436034,0.0009999999999998899,0.005838849215943872,0,59,0,1e-08,0.005838849215943872,0.4796840505777025,0.25223627890203215,0.03408810359856765,0.01943874381112849,0.20811847238333403,5.157423507284923e-13,0.006408611337009981,2.621912209697842e-12,1.739152925433439e-07,8.877605693384433e-06,3.888497014768334e-15,4.901943264832216e-13,1.9017250518669855
1976,1.976,1650.017942826089,5100000.0,0.17126223235635993,0.001000000000000112,0.005838998979759452,0,59,0,1e-08,0.005838998979759452,0.47968842108873655,0.25223579950622904,0.03408923970659119,0.0194371580403972,0.20811506109507324,5.15175456761022e-13,0.0064085917028848015,2.61907550817369e-12,1.7380680286205787e-07,8.8734577174102e-06,3.884171943020837e-15,4.898050337079794e-13,1.9017459933433853
1977,1.977,1649.9705789819866,5100000.0,0.17125783994314817,0.0009999999999998899,0.0058391487381357614,0,59,0,1e-08,0.0058391487381357614,0.4796927881900313,0.25223531912438535,0.03409037605906485,0.019435574063625196,0.2081116521340234,5.146092840007366e-13,0.006408572090956966,2.6162423302278036e-12,1.736983987820007e-07,8.869312266123774e-06,3.87985241805996e-15,4.894161186941393e-13,1.901766928815704
1978,1.978,1649.9232248033536,5100000.0,0.1712534479142877,0.001000000000000112,0.00583929849109147,0,59,0,1e-08,0.00583929849109147,0.4796971518883706,0.25223483775569233,0.034091512657805446,0.019433991878374406,0.20810824549487103,5.140438313088974e-13,0.006408552501196288,2.6134126703748032e-12,1.7359008019978668e-07,8.865169336957092e-06,3.875538431140101e-15,4.890275809248774e-13,1.9017878583171446
1979,1.979,1649.8758802729917,5100000.0,0.17124905626942566,0.0009999999999998899,0.005839448238631999,0,59,0,1e-08,0.005839448238631999,0.47970151218296825,0.252234355406891,0.03409264949707654,0.019432411482214775,0.20810484117986963,5.134790974404386e-13,0.006408532933572717,2.610586522919898e-12,1.734818470055967e-07,8.861028926785474e-06,3.871229972555619e-15,4.886394198729275e-13,1.9018087817939764
1980,1.98,1649.8285453750266,5100000.0,0.17124466500762958,0.001000000000000112,0.00583959798079291,0,59,0,1e-08,0.00583959798079291,0.47970586907477863,0.2522338720829709,0.034093786572891915,0.01943083287272194,0.20810143918952737,5.129150811784257e-13,0.006408513388056213,2.60776388223248e-12,1.7337369909137566e-07,8.856891032620645e-06,3.866927032851249e-15,4.882516350148276e-13,1.9018296992125712
1981,1.981,1649.7812201012403,5100000.0,0.17124027412810267,0.0009999999999998899,0.005839747717594768,0,59,0,1e-08,0.005839747717594768,0.479710222575045,0.2522333877786289,0.03409492389155674,0.019429256047471276,0.20809803951406164,5.123517814567814e-13,0.006408493864616776,2.6049447429948145e-12,1.7326563635836136e-07,8.852755652246221e-06,3.8626296039237e-15,4.878642258439126e-13,1.9018506106576964
1982,1.982,1649.733904444698,5100000.0,0.17123588363084305,0.001000000000000112,0.005839897449041409,0,59,0,1e-08,0.005839897449041409,0.479714572696727,0.2522329024868464,0.03409606146109226,0.01942768100403837,0.208094642141976,5.117891972360606e-13,0.00640847436322438,2.6021290999499667e-12,1.731576587094636e-07,8.84862278357676e-06,3.858337677907137e-15,4.874771918570578e-13,1.9018715162338644
1983,1.983,1649.686598385221,5100000.0,0.17123149351598138,0.0009999999999998899,0.005840047175121777,0,59,0,1e-08,0.005840047175121777,0.4797189194348905,0.2522324162184724,0.03409719927164724,0.019426107740010457,0.2080912470796597,5.112273272218166e-13,0.00640845488384919,2.5993169473277592e-12,1.7304976603197618e-07,8.844492423199012e-06,3.854051244639905e-15,4.870905325246315e-13,1.901892415839919
1984,1.984,1649.6393019079644,5100000.0,0.17122710378227018,0.001000000000000112,0.00584019689588219,0,59,0,1e-08,0.00584019689588219,0.47972326279173266,0.2522319289772116,0.034098337320513226,0.01942453625297877,0.20808785432636903,5.106661702253189e-13,0.006408435426461364,2.596508279579871e-12,1.7294195821972653e-07,8.840364568238311e-06,3.8497702949072175e-15,4.867042473290647e-13,1.9019133094568461
1985,1.985,1649.5920150048266,5100000.0,0.1712227144290136,0.0009999999999998899,0.005840346611339788,0,59,0,1e-08,0.005840346611339788,0.4797276027785136,0.2522314407577078,0.03409947561404203,0.019422966540534485,0.2080844638722976,5.101057251904421e-13,0.0064084159910310756,2.593703091434552e-12,1.72834235174744e-07,8.836239216499152e-06,3.845494820683199e-15,4.863183357677635e-13,1.9019341971698818
1986,1.986,1649.544737656426,5100000.0,0.17121832545621607,0.001000000000000112,0.005840496321498202,0,59,0,1e-08,0.005840496321498202,0.47973193939122943,0.2522309515698442,0.034100614143343394,0.019421398600279294,0.20808107572289533,5.095459908446532e-13,0.00640839657752868,2.5909013771857785e-12,1.7272659678580043e-07,8.832116364656842e-06,3.8412248119939584e-15,4.859327973157175e-13,1.9019550788888369
1987,1.987,1649.4974698564836,5100000.0,0.17121393686270756,0.0009999999999998899,0.005840646026390751,0,59,0,1e-08,0.005840646026390751,0.47973627264350543,0.252230461405877,0.03410175291715109,0.01941983242981246,0.20807768986598668,5.089869661708738e-13,0.006408377185924421,2.5881031316544382e-12,1.7261904295744085e-07,8.827996010703118e-06,3.836960261158037e-15,4.855476314761247e-13,1.901975954726329
1988,1.988,1649.4502115913158,5100000.0,0.1712095486486793,0.001000000000000112,0.0058407957260147,0,59,0,1e-08,0.0058407957260147,0.47974060253897277,0.2522299702680445,0.03410289193421929,0.01941826802673919,0.20807430629938312,5.084286500108115e-13,0.006408357816188662,2.585308349379213e-12,1.7251157358552673e-07,8.823878151889864e-06,3.832701159222279e-15,4.8516283773757e-13,1.9019968246800845
1989,1.989,1649.4029628487835,5100000.0,0.17120516081355064,0.0009999999999998899,0.00584094542038327,0,59,0,1e-08,0.00584094542038327,0.4797449290832968,0.2522294781565404,0.03410403119534172,0.019416705388668548,0.20807092501886207,5.078710412379334e-13,0.006408338468291803,2.582517024970024e-12,1.7240418856792596e-07,8.819762785625867e-06,3.828447497515533e-15,4.84778415592823e-13,1.902017688771311
1990,1.99,1649.35572360955,5100000.0,0.17120077335690118,0.001000000000000112,0.005841095109514595,0,59,0,1e-08,0.005841095109514595,0.47974925227240145,0.25222898508128005,0.034105170691587174,0.019415144513218928,0.20806754602993893,5.073141385892582e-13,0.006408319142204361,2.5797291527649827e-12,1.7229688779413316e-07,8.815649908602015e-06,3.824199266136947e-15,4.843943645207805e-13,1.9020385469092842
1991,1.991,1649.3084938684779,5100000.0,0.1711963862775598,0.0009999999999998899,0.005841244793442049,0,59,0,1e-08,0.005841244793442049,0.4797535721212864,0.2522284910331053,0.03410631043310191,0.019413585398005417,0.20806416931904875,5.067579410768995e-13,0.006408299837896843,2.5769447276695817e-12,1.7218967117068916e-07,8.811539518932897e-06,3.81995645765551e-15,4.84010684030732e-13,1.9020593992227395
1992,1.992,1649.2612736056954,5100000.0,0.17119199957582903,0.001000000000000112,0.005841394472159107,0,59,0,1e-08,0.005841394472159107,0.47975788862507895,0.2522279960227076,0.03410745041017494,0.019412028040654637,0.20806079489249824,5.062024474317564e-13,0.006408280555339857,2.574163744022199e-12,1.7208253858678905e-07,8.807431613261474e-06,3.8157190621097404e-15,4.836273736023588e-13,1.9020802456119392
1993,1.993,1649.2140628142354,5100000.0,0.17118761325047988,0.0009999999999998899,0.00584154414570113,0,59,0,1e-08,0.00584154414570113,0.4797622017962605,0.25222750004342664,0.03410859063044835,0.01941047243879096,0.20805742273923894,5.056476566346442e-13,0.006408261294503981,2.571386196676545e-12,1.7197548994710648e-07,8.803326189523748e-06,3.811487071780825e-15,4.832444327429619e-13,1.9021010861767993
1994,1.994,1649.1668614801458,5100000.0,0.17118322730162275,0.001000000000000112,0.005841693814068152,0,59,0,1e-08,0.005841693814068152,0.47976651163786294,0.2522270030980368,0.03410973109212923,0.01940891859004541,0.20805405285766612,5.050935675340939e-13,0.006408242055359921,2.568612080222643e-12,1.7186852514817427e-07,8.799223244959548e-06,3.807260477757911e-15,4.828618609462696e-13,1.9021219209086229
1995,1.995,1649.1196695850354,5100000.0,0.1711788417286401,0.0009999999999998899,0.005841843477274674,0,59,0,1e-08,0.005841843477274674,0.479770818146867,0.2522265051953433,0.03411087178738605,0.019407366492057113,0.20805068525222611,5.0454017889563e-13,0.0064082228378784046,2.5658413890888426e-12,1.7176164408148238e-07,8.7951227763679e-06,3.803039270382007e-15,4.824796576980417e-13,1.9021427497292411
1996,1.996,1649.0724871248003,5100000.0,0.17117445653045227,0.001000000000000112,0.00584199313536135,0,59,0,1e-08,0.00584199313536135,0.4797751213395042,0.2522260063249079,0.03411201272763568,0.019405816142461573,0.20804731990811226,5.039874897604245e-13,0.006408203642030211,2.563074118269983e-12,1.7165484665555668e-07,8.79102478197747e-06,3.7988234424669225e-15,4.820978225141756e-13,1.9021635727819288
1997,1.997,1649.0253140823565,5100000.0,0.1711700717074624,0.0009999999999998899,0.005842142788307855,0,59,0,1e-08,0.005842142788307855,0.47977942121447226,0.2522255064938058,0.03411315390677696,0.019404267538903633,0.2080439568280475,5.034354989230636e-13,0.0064081844677861865,2.560310262265105e-12,1.7154813276372823e-07,8.786929258722802e-06,3.794612984608749e-15,4.817163548848538e-13,1.9021843900083704
1998,1.998,1648.9781504475493,5100000.0,0.1711656872587236,0.001000000000000112,0.005842292436150319,0,59,0,1e-08,0.005842292436150319,0.4797837177797599,0.25222500569981743,0.034114295328002434,0.01940272067902914,0.2080405960054638,5.028842053125335e-13,0.006408165315117183,2.5575498158531265e-12,1.7144150230768472e-07,8.782836204232647e-06,3.790407888607102e-15,4.813352543153869e-13,1.9022052014571813
1999,1.999,1648.9309962037446,5100000.0,0.17116130318400807,0.0009999999999998899,0.005842442078889954,0,59,0,1e-08,0.005842442078889954,0.4797880110345976,0.2522245039494627,0.0341154369857626,0.01940117556049198,0.2080372374425457,5.023336077361687e-13,0.006408146183994146,2.5547927735714727e-12,1.7133495518162955e-07,8.778745615491942e-06,3.786208145167071e-15,4.809545202987958e-13,1.9022260070763424
2000,2.0,1648.8838513408948,5100000.0,0.17115691948241235,0.0009999999999998899,0.0058425917165601205,0,59,0,1e-08,0.0058425917165601205,0.4797923009870415,0.2522240012404309,0.03411657888333815,0.01939963218094712,0.20803388113265084,5.017837051288738e-13,0.006408127074388061,2.552039130223214e-12,1.7122849128769798e-07,8.774657490144866e-06,3.7820137461355166e-15,4.80574152342444e-13,1.9022468069154237
2001,2.001,1648.8367158497413,5100000.0,0.17115253615371612,0.001000000000000334,0.0058427413491682675,0,59,0,1e-08,0.0058427413491682675,0.4797965876461961,0.25222349756936124,0.03411772102505723,0.019398090538051537,0.20803052706808953,5.012344964423792e-13,0.006408107986269902,2.5492888806520004e-12,1.7112211052911802e-07,8.770571825916507e-06,3.777824683508163e-15,4.801941499563315e-13,1.902267601036071
2002,2.0020000000000002,1648.7895897133444,5100000.0,0.17114815319778112,0.0009999999999998899,0.005842890976709964,0,59,0,1e-08,0.005842890976709964,0.4798008710107615,0.2522229929432743,0.03411886340486635,0.019396550629470405,0.20802717525156897,5.006859804841011e-13,0.006408088919610795,2.5465420194133814e-12,1.7101581280020503e-07,8.766488619768622e-06,3.773640947981194e-15,4.798145126355046e-13,1.902288389380385
2003,2.003,1648.7424729163872,5100000.0,0.17114377061366728,0.0009999999999998899,0.005843040599223723,0,59,0,1e-08,0.005843040599223723,0.47980515108158267,0.2522224873670358,0.03412000601886207,0.019395012452874217,0.2080238256836508,5.001381560944924e-13,0.00640806987438187,2.543798541136475e-12,1.709095979973635e-07,8.762407868827888e-06,3.7694625305445884e-15,4.794352398793908e-13,1.9023091719152192
2004,2.004,1648.6953654501806,5100000.0,0.1711393884006027,0.0009999999999998899,0.005843190216731943,0,59,0,1e-08,0.005843190216731943,0.4798094278683878,0.25222198083662467,0.03412114887202975,0.019393476005934128,0.20802047835600992,4.995910222417052e-13,0.006408050850554353,2.5410584407169054e-12,1.708034660249833e-07,8.758329570882734e-06,3.7652894233320256e-15,4.790563312018758e-13,1.902329948709671
2005,2.005,1648.6482672983461,5100000.0,0.1711350065585022,0.001000000000000334,0.00584333982923877,0,59,0,1e-08,0.00584333982923877,0.4798137013705222,0.2522214733583844,0.034122291958985404,0.01939194128632877,0.20801713327070137,4.990445777500412e-13,0.006408031848099471,2.538321712762944e-12,1.7069741677854333e-07,8.754253722959007e-06,3.7611216171828495e-15,4.786777861020678e-13,1.902350719713501
2006,2.0060000000000002,1648.6011784527377,5100000.0,0.17113062508648025,0.0009999999999998899,0.005843489436765298,0,59,0,1e-08,0.005843489436765298,0.4798179715983843,0.2522209649276046,0.03412343528539766,0.019390408291737004,0.20801379041872908,4.984988216016847e-13,0.006408012866988531,2.5355883522105573e-12,1.7059145016337753e-07,8.7501803229041e-06,3.756959104350803e-15,4.782996040967747e-13,1.9023714850036644
2007,2.007,1648.5540989003102,5100000.0,0.17112624398450615,0.0009999999999998899,0.005843639039319009,0,59,0,1e-08,0.005843639039319009,0.47982223855573103,0.25222045554620365,0.034124578850306286,0.019388877019842713,0.20801044979773162,4.97953752687744e-13,0.00640799390719282,2.532858353816431e-12,1.7048556607920835e-07,8.746109368079835e-06,3.752801876269309e-15,4.779217846937111e-13,1.9023922445807873
2008,2.008,1648.5070286294829,5100000.0,0.171121863252038,0.0009999999999998899,0.005843788636914461,0,59,0,1e-08,0.005843788636914461,0.4798265022482728,0.25221994521414004,0.03412572265471036,0.019387347468333135,0.208007111403394,4.974093699290675e-13,0.006407974968683697,2.5301317124031084e-12,1.7037976442762208e-07,8.74204085599631e-06,3.7486499246353584e-15,4.775443274044019e-13,1.9024129984680236
2009,2.009,1648.4599676234727,5100000.0,0.1711174828886848,0.001000000000000334,0.005843938229566251,0,59,0,1e-08,0.005843938229566251,0.47983076267465957,0.2522194339384111,0.03412686669256304,0.019385819634903344,0.2080037752384574,4.968656721500989e-13,0.006407956051432695,2.5274084226032126e-12,1.7027404510426905e-07,8.737974783649378e-06,3.744503240278174e-15,4.771672317307532e-13,1.9024337466074417
2010,2.0100000000000002,1648.4129158758076,5100000.0,0.17111310289351414,0.0009999999999998899,0.005844087817297092,0,59,0,1e-08,0.005844087817297092,0.47983501984739246,0.2522189217121707,0.034128010971667316,0.01938429351724673,0.20800044129181092,4.963226583717522e-13,0.006407937155411223,2.524688479455854e-12,1.7016840801706638e-07,8.733911149061073e-06,3.7403618157874184e-15,4.767904971965999e-13,1.9024544891004436
2011,2.011,1648.3658733732009,5100000.0,0.17110872326666238,0.0009999999999998899,0.005844237400108769,0,59,0,1e-08,0.005844237400108769,0.4798392737697904,0.2522184085377372,0.034129155490654296,0.01938276911306236,0.2079971095615239,4.95780327488313e-13,0.006407918280590818,2.5219718777468595e-12,1.7006285306605825e-07,8.729849949578884e-06,3.736225642613304e-15,4.76414123312651e-13,1.9024752259429007
2012,2.012,1648.3188400984723,5100000.0,0.17110434400755817,0.0009999999999998899,0.0058443869780168585,0,59,0,1e-08,0.0058443869780168585,0.4798435244398477,0.25221789442273723,0.034130300242846315,0.01938124642005715,0.2079937800509852,4.952386783225256e-13,0.006407899426943075,2.5192586121235823e-12,1.699573801469076e-07,8.725791182166642e-06,3.7320947115608664e-15,4.760381095827134e-13,1.9024959570695321
2013,2.013,1648.2718160436007,5100000.0,0.17109996511522257,0.001000000000000334,0.005844536551056053,0,59,0,1e-08,0.005844536551056053,0.4798477718678828,0.25221737936247157,0.03413144523388927,0.019379725435937425,0.2079904527512616,4.946977098715832e-13,0.006407880594439605,2.5165486775939506e-12,1.6985198916616798e-07,8.721734844699327e-06,3.727969014998276e-15,4.756624555301154e-13,1.902516682556893
2014,2.0140000000000002,1648.2248011933034,5100000.0,0.17109558658962798,0.0009999999999998899,0.005844686119218174,0,59,0,1e-08,0.005844686119218174,0.479852016054386,0.2522168633620545,0.03413259045961598,0.019378206158416962,0.20798712766324054,4.941574209979356e-13,0.00640786178305213,2.5138420688976076e-12,1.697466800220384e-07,8.717680934333941e-06,3.723848544081069e-15,4.752871606642992e-13,1.902537402368547
2015,2.015,1648.1777955382963,5100000.0,0.17109120842998954,0.0009999999999998899,0.005844835682536484,0,59,0,1e-08,0.005844835682536484,0.47985625700789264,0.2522163464185515,0.03413373592390551,0.01937668858521027,0.20798380477976533,4.936178106784982e-13,0.006407842992752344,2.5111387810134e-12,1.6964145261990638e-07,8.713629448824288e-06,3.7197332909898126e-15,4.749122245078473e-13,1.902558116560669
2016,2.016,1648.130799061484,5100000.0,0.17108683063614585,0.0009999999999998899,0.005844985241012571,0,59,0,1e-08,0.005844985241012571,0.4798604947263857,0.2522158285395605,0.03413488162010057,0.01937517271404016,0.20798048410422862,4.930788777456214e-13,0.006407824223512073,2.5084388086309765e-12,1.695363068561531e-07,8.709580385153109e-06,3.715623246604339e-15,4.745376465682348e-13,1.902578825068145
2017,2.017,1648.0838117546598,5100000.0,0.17108245320712132,0.001000000000000334,0.00584513479468103,0,59,0,1e-08,0.00584513479468103,0.4798647292197789,0.2522153097207473,0.0341360275534777,0.019373658542629322,0.20797716562808813,4.9254062120013e-13,0.006407805475303085,2.5057421467895568e-12,1.6943124263773503e-07,8.705533741185347e-06,3.711518403313701e-15,4.741634263720094e-13,1.9025995279631716
2018,2.0180000000000002,1648.0368336058712,5100000.0,0.17107807614286255,0.0009999999999998899,0.005845284343534572,0,59,0,1e-08,0.005845284343534572,0.4798689604929052,0.25221478996284996,0.03413717372423863,0.019372146068705045,0.20797384934788293,4.920030399743543e-13,0.006407786748097313,2.503048790394741e-12,1.6932625986737598e-07,8.701489514417544e-06,3.707418752889844e-15,4.737895634389598e-13,1.9026202252595403
2019,2.019,1647.9898646061772,5100000.0,0.1710736994429264,0.0009999999999998899,0.005845433887594801,0,59,0,1e-08,0.005845433887594801,0.47987318855464156,0.25221426926255475,0.03413832013663627,0.01937063528999614,0.20797053525610457,4.914661330588173e-13,0.0064077680418666,2.5003587344757252e-12,1.69221358451451e-07,8.697447702646133e-06,3.703324287623578e-15,4.734160572957575e-13,1.9026409170176417
2020,2.02,1647.9429047315105,5100000.0,0.17106932310718118,0.0009999999999998899,0.005845583426862298,0,59,0,1e-08,0.005845583426862298,0.47987741339342194,0.25221374763696497,0.034139466774502,0.019369126204244906,0.20796722336568166,4.909298991633526e-13,0.006407749356583021,2.4976719734958606e-12,1.691165382788216e-07,8.693408302174202e-06,3.699234997283826e-15,4.730429074393131e-13,1.9026616030627908
2021,2.021,1647.8959539818622,5100000.0,0.1710649471339207,0.001000000000000334,0.0058457329613966404,0,59,0,1e-08,0.0058457329613966404,0.47988163503006226,0.2522132250708142,0.034140613654036936,0.01936761880918591,0.20796391365716577,4.903943374488152e-13,0.006407730692218511,2.4949885028442694e-12,1.690117992666487e-07,8.689371311686033e-06,3.695150875685189e-15,4.726701134163878e-13,1.902682283592882
2022,2.0220000000000002,1647.8490123386882,5100000.0,0.17106057152393922,0.0009999999999998899,0.005845882491161583,0,59,0,1e-08,0.005845882491161583,0.47988585346037615,0.25221270157381376,0.034141760766462706,0.019366113102564975,0.20796060613610295,4.898594467319999e-13,0.006407712048745176,2.4923083172136957e-12,1.6890714131054541e-07,8.685336728035721e-06,3.691071913550822e-15,4.722976747368178e-13,1.9027029585182509
2023,2.023,1647.8020797930449,5100000.0,0.1710561962761022,0.0009999999999998899,0.0058460320162023694,0,59,0,1e-08,0.0058460320162023694,0.47989006869307554,0.2522121771427745,0.034142908115900324,0.019364609082128028,0.20795730079514052,4.893252260105242e-13,0.00640769342613513,2.489631411671454e-12,1.6880256431751532e-07,8.681304549028644e-06,3.686998103224134e-15,4.719255909308632e-13,1.9027236278976931
2024,2.024,1647.7551563291597,5100000.0,0.17105182139027197,0.0009999999999998899,0.005846181536519795,0,59,0,1e-08,0.005846181536519795,0.4798942807276441,0.252211651783719,0.0341440556972552,0.01936310674562851,0.20795399763615097,4.887916741567909e-13,0.00640767482436056,2.4869577810351898e-12,1.6869806818673e-07,8.677274771797812e-06,3.682929435922276e-15,4.715538615157982e-13,1.9027442916839208
2025,2.025,1647.708241938028,5100000.0,0.17104744686559978,0.001000000000000334,0.0058463310521441585,0,59,0,1e-08,0.0058463310521441585,0.47989848957263476,0.25221112549359936,0.03414520351450554,0.019361606090820282,0.20795069665193502,4.882587901707885e-13,0.0064076562433936675,2.48428742038873e-12,1.6859365282542452e-07,8.673247394146845e-06,3.678865904004317e-15,4.711824860234933e-13,1.9027649499340331
2026,2.0260000000000002,1647.6613366062138,5100000.0,0.17104307270193841,0.0009999999999998899,0.005846480563071392,0,59,0,1e-08,0.005846480563071392,0.4799026952305936,0.2522105982753587,0.03414635156563441,0.019360107115463182,0.2079473978412974,4.877265729719592e-13,0.0064076376832067124,2.4816203246573532e-12,1.684893181358083e-07,8.669222413444202e-06,3.674807499103762e-15,4.708114639777447e-13,1.9027856026361154
2027,2.027,1647.6144403180424,5100000.0,0.1710386988986788,0.0009999999999998899,0.005846630069328799,0,59,0,1e-08,0.005846630069328799,0.4799068977010275,0.2522100701349671,0.034147499845594835,0.019358609817322722,0.20794410120608106,4.871950214402516e-13,0.006407619143772026,2.4789564886910203e-12,1.6838506401763123e-07,8.665199826840046e-06,3.670754212497108e-15,4.704407948985819e-13,1.9028062497433638
2028,2.028,1647.567553070788,5100000.0,0.171034325454978,0.0009999999999998899,0.005846779570941294,0,59,0,1e-08,0.005846779570941294,0.4799110970008354,0.25220954106100885,0.03414864836672659,0.019357114194160953,0.20794080673073648,4.86664134697141e-13,0.0064076006250619166,2.4762959078388525e-12,1.682808903859006e-07,8.661179632763319e-06,3.666706037624945e-15,4.700704783332683e-13,1.9028268914091007
2029,2.029,1647.5206748459198,5100000.0,0.1710299523713387,0.001000000000000334,0.0058469290678929906,0,59,0,1e-08,0.0058469290678929906,0.47991529312561965,0.25220901106334126,0.03414979712009546,0.019355620243750676,0.20793751442100467,4.861339115732619e-13,0.006407582127048834,2.4736385768614403e-12,1.6817679713732203e-07,8.657161828087227e-06,3.662662965316266e-15,4.697005137977329e-13,1.9028475275417138
2030,2.0300000000000002,1647.4738056348317,5100000.0,0.17102557964661752,0.0009999999999998899,0.005847078560213887,0,59,0,1e-08,0.005847078560213887,0.4799194860842948,0.25220848013850583,0.034150946110079634,0.019354127963864393,0.20793422426931385,4.856043510846748e-13,0.006407563649705192,2.4709844909035895e-12,1.6807278418033605e-07,8.653146410665337e-06,3.658624988059951e-15,4.693309008289636e-13,1.9028681582028346
2031,2.031,1647.4269454245177,5100000.0,0.17102120728070297,0.0009999999999998899,0.005847228047914289,0,59,0,1e-08,0.005847228047914289,0.4799236758798379,0.25220794828897247,0.03415209533512833,0.019352637352279975,0.20793093627402828,4.85075452167924e-13,0.0064075451930035,2.468333644953341e-12,1.6796885141838727e-07,8.649133377920053e-06,3.654592097629779e-15,4.689616389558006e-13,1.902888783385825
2032,2.032,1647.3800942007106,5100000.0,0.17101683527302414,0.0009999999999998899,0.0058473775310098255,0,59,0,1e-08,0.0058473775310098255,0.47992786251346503,0.25220741551895864,0.03415324479193991,0.019351148406780504,0.20792765043527017,4.845472137380167e-13,0.006407526756916286,2.4656860339609743e-12,1.6786499875363925e-07,8.645122727151918e-06,3.65056428560334e-15,4.685927277055478e-13,1.902909403063878
2033,2.033,1647.3332519531568,5100000.0,0.17101246362287797,0.001000000000000334,0.005847527009525839,0,59,0,1e-08,0.005847527009525839,0.47993204599177075,0.25220688182729767,0.034154394482597814,0.019349661125151286,0.20792436674778042,4.840196347858977e-13,0.006407508341416172,2.4630416530368657e-12,1.6776122609304553e-07,8.641114456058986e-06,3.646541544236106e-15,4.682241666143573e-13,1.9029300172721346
2034,2.0340000000000003,1647.2864186662134,5100000.0,0.17100809232997682,0.0009999999999998899,0.005847676483463088,0,59,0,1e-08,0.005847676483463088,0.47993622631405725,0.2522063472200972,0.034155544401907593,0.019348175505184553,0.2079210852135874,4.834927142050466e-13,0.006407489946475805,2.4604004970983043e-12,1.6765753333746553e-07,8.637108561811308e-06,3.6425238649072e-15,4.678559552084269e-13,1.9029506259619355
2035,2.035,1647.2395943354115,5100000.0,0.17100372139347103,0.0009999999999998899,0.00584782595285713,0,59,0,1e-08,0.00584782595285713,0.4799404034946358,0.2522058116884616,0.034156694559676404,0.019346691544669996,0.20791780581971506,4.829664510962066e-13,0.006407471572067851,2.4577625614912242e-12,1.6755392040087448e-07,8.633105042679651e-06,3.638511240851779e-15,4.67488093037337e-13,1.902971229257335
2036,2.036,1647.1927789419292,5100000.0,0.17099935081367257,0.0009999999999998899,0.005847975417693416,0,59,0,1e-08,0.005847975417693416,0.4799445775284678,0.25220527524282327,0.03415784494638478,0.019345209241407604,0.20791452857252696,4.824408442980088e-13,0.0064074532181650655,2.4551278410318466e-12,1.674503871807241e-07,8.629103895526488e-06,3.634503662951938e-15,4.671205796224944e-13,1.902991827059831
2037,2.037,1647.145972478718,5100000.0,0.1709949805893984,0.001000000000000334,0.00584812487801372,0,59,0,1e-08,0.00584812487801372,0.47994874842631935,0.2522047378778075,0.03415899556831565,0.019343728593196424,0.20791125346258565,4.819158928671843e-13,0.006407434884740204,2.45249633098724e-12,1.6734693358828886e-07,8.625105118373224e-06,3.6305011240419986e-15,4.667534145099375e-13,1.9030124194528542
2038,2.0380000000000003,1647.0991749278478,5100000.0,0.17099061072068927,0.0009999999999998899,0.005848274333807578,0,59,0,1e-08,0.005848274333807578,0.47995291618428565,0.2522041996026928,0.03416014641709778,0.019342249597844505,0.20790798049511808,4.813915956625926e-13,0.0064074165717661405,2.449868026226184e-12,1.6724355952235857e-07,8.621108708175116e-06,3.626503615180621e-15,4.66386597224622e-13,1.903033006351101
2039,2.039,1647.0523862832101,5100000.0,0.17098624120645262,0.0009999999999998899,0.005848423785118871,0,59,0,1e-08,0.005848423785118871,0.47995708081431526,0.25220366041090525,0.03416129750021064,0.019340772253158365,0.20790470965949948,4.808679517614824e-13,0.006407398279215711,2.4472429220689187e-12,1.6714026489560158e-07,8.617114663049704e-06,3.622511129380649e-15,4.660201273161942e-13,1.9030535878517407
2040,2.04,1647.0056065361534,5100000.0,0.17098187204682408,0.0009999999999998899,0.0058485732319390905,0,59,0,1e-08,0.0058485732319390905,0.47996124232493603,0.25220312029928393,0.03416244882172186,0.019339296556947168,0.20790144094852184,4.803449601960835e-13,0.006407380007061816,2.444621013749009e-12,1.6703704961784056e-07,8.613122980866813e-06,3.618523659250126e-15,4.656540043299169e-13,1.903074164012628
2041,2.041,1646.9588356701563,5100000.0,0.17097750324167327,0.001000000000000334,0.005848722674274018,0,59,0,1e-08,0.005848722674274018,0.4799654007140443,0.25220257927528544,0.034163600375077124,0.01933782250702774,0.20789817436560756,4.798226198564462e-13,0.0064073617552774095,2.4420022962149653e-12,1.669339135899403e-07,8.609133658727102e-06,3.614541196118316e-15,4.652882277959991e-13,1.903094734769346
2042,2.0420000000000003,1646.9120736676382,5100000.0,0.17097313479005158,0.0009999999999998899,0.005848872112147042,0,59,0,1e-08,0.005848872112147042,0.47996955597805224,0.25220203734783064,0.034164752152257304,0.019336350101223972,0.20789490991565548,4.793009296153657e-13,0.006407343523835596,2.4393867643860105e-12,1.668308567117103e-07,8.605146693630189e-06,3.6105637311576946e-15,4.649227972435247e-13,1.9031153000405403
2043,2.043,1646.8653205237858,5100000.0,0.17096876669089636,0.0009999999999998899,0.005849021545601038,0,59,0,1e-08,0.005849021545601038,0.47997370813051715,0.25220149450869933,0.0341659041623803,0.01933487933735732,0.20789164758642467,4.787798885803118e-13,0.00640732531270936,2.4367744136663017e-12,1.6672787889788075e-07,8.601162083828558e-06,3.6065912576420315e-15,4.645577122280714e-13,1.9031358599421826
2044,2.044,1646.8185762305777,5100000.0,0.17096439894447296,0.0009999999999998899,0.005849170974623068,0,59,0,1e-08,0.005849170974623068,0.4799778571806802,0.25220095075398347,0.03416705641025551,0.019333410213251686,0.20788838736998497,4.782594958017471e-13,0.006407307121871788,2.434165239348352e-12,1.6662498005959063e-07,8.597179827262006e-06,3.602623768331754e-15,4.641929722994723e-13,1.9031564145405944
2045,2.045,1646.7718407675839,5100000.0,0.17096003155071138,0.001000000000000334,0.005849320399216859,0,59,0,1e-08,0.005849320399216859,0.4799820031210358,0.2522004060964954,0.03416820888396507,0.019331942726741637,0.20788512927514888,4.77739750105983e-13,0.006407288951296076,2.431559236272265e-12,1.6652216009377116e-07,8.593199920658462e-06,3.598661253974382e-15,4.638285769834596e-13,1.9031769637095188
2046,2.0460000000000003,1646.7251141294792,5100000.0,0.17095566450825067,0.0009999999999998899,0.005849469819419922,0,59,0,1e-08,0.005849469819419922,0.47998614596435524,0.2521998605287768,0.03416936159186442,0.019330476875659242,0.20788187329045257,4.77220650595912e-13,0.006407270800955415,2.428956399849186e-12,1.664194189149898e-07,8.589222362225967e-06,3.5947037077950146e-15,4.634645258370418e-13,1.903197507556065
2047,2.047,1646.6783962992029,5100000.0,0.170951297817298,0.0009999999999998899,0.0058496192352317025,0,59,0,1e-08,0.0058496192352317025,0.4799902857075895,0.2521993140591683,0.0341705145265056,0.01932901265784521,0.20787861942024802,4.767021961628143e-13,0.006407252670823047,2.4263567250631314e-12,1.663167564243883e-07,8.585247149026913e-06,3.5907511211185385e-15,4.631008183944558e-13,1.9032180460053882
2048,2.048,1646.6316872772547,5100000.0,0.17094693147683968,0.0009999999999998899,0.005849768646683034,0,59,0,1e-08,0.005849768646683034,0.4799944223713082,0.2521987666724033,0.03417166770404901,0.019327550071134382,0.2078753676452707,4.761843860184149e-13,0.006407234560872168,2.423760207557644e-12,1.6621417254349324e-07,8.581274279842065e-06,3.58680348814045e-15,4.62737454225856e-13,1.903238579254445
2049,2.049,1646.5849870327213,5100000.0,0.17094256548768713,0.0009999999999998899,0.005849918053744895,0,59,0,1e-08,0.005849918053744895,0.4799985559337592,0.25219821839549805,0.034172821098367376,0.019326089113381233,0.2078721179885693,4.756672188064491e-13,0.006407216471076233,2.4211668418218067e-12,1.6611166715776373e-07,8.577303750385527e-06,3.58286079796176e-15,4.623744328393911e-13,1.9032591070132934
2050,2.05,1646.5382955690893,5100000.0,0.17093819984738343,0.001000000000000334,0.005850067456502708,0,59,0,1e-08,0.005850067456502708,0.48000268641943605,0.25219766920923786,0.0341739747295657,0.019324629782429634,0.20786887042694857,4.751506937959624e-13,0.0064071984014085785,2.418576623627581e-12,1.660092401924811e-07,8.573335559733682e-06,3.578923045286091e-15,4.620117538129454e-13,1.903279629524244
2051,2.051,1646.4916128690602,5100000.0,0.17093383455704705,0.0009999999999998899,0.005850216854909157,0,59,0,1e-08,0.005850216854909157,0.4800068138248521,0.25219711912237025,0.034175128589784595,0.01932317207613389,0.20786562496519073,4.746348098810738e-13,0.006407180351842614,2.415989547985883e-12,1.6590689154907797e-07,8.569369704935191e-06,3.574990221453948e-15,4.616494166834874e-13,1.9033001467076425
2052,2.052,1646.4449389201177,5100000.0,0.17092946961563446,0.0009999999999998899,0.0058503662490064995,0,59,0,1e-08,0.0058503662490064995,0.48001093815291,0.25219656813724184,0.03417628267756307,0.01932171599235157,0.2078623816016839,4.741195660443503e-13,0.006407162322351819,2.4134056100939378e-12,1.6580462113466352e-07,8.565406183507903e-06,3.5710623185958635e-15,4.612874209984671e-13,1.903320658557474
2053,2.053,1646.3982737190026,5100000.0,0.1709251050225977,0.0009999999999998899,0.005850515638809651,0,59,0,1e-08,0.005850515638809651,0.4800150594189373,0.2521960162437801,0.03417743700386041,0.019320261528937913,0.207859140322395,4.736049614369995e-13,0.006407144312909699,2.4108248054989804e-12,1.6570242886713375e-07,8.561444993874687e-06,3.567139330351605e-15,4.609257663246149e-13,1.903341165210717
2054,2.054,1646.3516172427614,5100000.0,0.1709207407783504,0.001000000000000334,0.005850665024305807,0,59,0,1e-08,0.005850665024305807,0.48001917761173324,0.25219546345841065,0.034178591553130154,0.019318808683761454,0.20785590113981273,4.730909948565762e-13,0.006407126323489815,2.408247129030538e-12,1.6560031464186185e-07,8.557486132540016e-06,3.5632212471881015e-15,4.605644521900639e-13,1.9033616664991788
2055,2.055,1646.3049694877539,5100000.0,0.1709163768812582,0.0009999999999998899,0.005850814405541876,0,59,0,1e-08,0.005850814405541876,0.48002329274603994,0.252194909771624,0.03417974633576814,0.01931735745468642,0.2078526640404795,4.725776654506823e-13,0.006407108354065758,2.4056725762393218e-12,1.6549827837659794e-07,8.55352959789339e-06,3.559308062708103e-15,4.602034781624581e-13,1.9033821625532676
2056,2.056,1646.2583304364684,5100000.0,0.17091201333169084,0.0009999999999998899,0.005850963782511758,0,59,0,1e-08,0.005850963782511758,0.4800274048179248,0.2521943551925646,0.03418090134350577,0.019315907839586685,0.20784942902961512,4.720649721187672e-13,0.00640709040461119,2.4031011421733523e-12,1.653963199732528e-07,8.54957538697511e-06,3.555399768286686e-15,4.598428437824009e-13,1.903402653288559
2057,2.057,1646.2117000818666,5100000.0,0.17090765012857725,0.0009999999999998899,0.005851113155248286,0,59,0,1e-08,0.005851113155248286,0.4800315138374799,0.25219379971635203,0.03418205658210516,0.019314459836335215,0.20784619609840704,4.715529139503123e-13,0.006407072475099778,2.4005328222752825e-12,1.652944393459456e-07,8.545623497847158e-06,3.5514963570003088e-15,4.594825486123468e-13,1.9034231387820875
2058,2.058,1646.1650784110245,5100000.0,0.170903287271932,0.001000000000000334,0.005851262523752328,0,59,0,1e-08,0.005851262523752328,0.48003561980686593,0.25219324334602317,0.034183212049405894,0.019313013442810608,0.2078429652459752,4.710414899306616e-13,0.006407054565505301,2.3979676117796303e-12,1.6519263640216525e-07,8.541673928001031e-06,3.5475978209891266e-15,4.591225922037511e-13,1.903443619019683
2059,2.059,1646.118465416006,5100000.0,0.17089892476115723,0.0009999999999998899,0.005851411888035324,0,59,0,1e-08,0.005851411888035324,0.48003972273492235,0.25219268607793527,0.03418436774992859,0.019311568656892267,0.20783973646475773,4.705306991363442e-13,0.006407036675801476,2.395405506112456e-12,1.6509091105524746e-07,8.537726675415284e-06,3.5437041532078836e-15,4.587629741187409e-13,1.9034640940640735
2060,2.06,1646.0718610802662,5100000.0,0.17089456259617253,0.0009999999999998899,0.005851561248106594,0,59,0,1e-08,0.005851561248106594,0.48004382261888706,0.25219212792003004,0.03418552367660338,0.01931012547646758,0.20783650975879328,4.700205404911735e-13,0.006407018805962176,2.3928465003928593e-12,1.6498926320880143e-07,8.533781737233548e-06,3.5398153452409868e-15,4.584036939031016e-13,1.9034845638445488
2061,2.061,1646.0252653922905,5100000.0,0.17089020077600198,0.0009999999999998899,0.005851710603995729,0,59,0,1e-08,0.005851710603995729,0.4800479194626964,0.2521915688735421,0.0341866798290694,0.0193086838994263,0.20783328512541785,4.695110130108783e-13,0.00640700095596127,2.3902905899336133e-12,1.64887692772366e-07,8.529839111090757e-06,3.535931389493203e-15,4.580447511135884e-13,1.9035050283675807
2062,2.062,1645.9786783431437,5100000.0,0.17088583930018975,0.001000000000000334,0.005851859955719711,0,59,0,1e-08,0.005851859955719711,0.48005201327374514,0.25219100893624147,0.03418783621042605,0.01930724392366036,0.20783006255850936,4.69002115759004e-13,0.006406983125772665,2.387737770149939e-12,1.6478619965855293e-07,8.525898794874724e-06,3.5320522787954467e-15,4.576861453127382e-13,1.9035254876795038
2063,2.063,1645.9320999228134,5100000.0,0.17088147816854798,0.0009999999999998899,0.005852009303275956,0,59,0,1e-08,0.005852009303275956,0.48005610405795063,0.25219044810737007,0.034188992822303726,0.01930580554706465,0.20782684205341914,4.684938477813697e-13,0.006406965315370332,2.385188036426064e-12,1.64684783778882e-07,8.521960786370578e-06,3.5281780058176753e-15,4.573278760617548e-13,1.9035459418096865
2064,2.064,1645.8855301181154,5100000.0,0.17087711738077488,0.0009999999999998899,0.005852158646681374,0,59,0,1e-08,0.005852158646681374,0.4800601918169256,0.2521898863904606,0.034190149662038254,0.019304368767539194,0.20782362360980006,4.679862080687432e-13,0.006406947524728251,2.3826413840389483e-12,1.6458344504137977e-07,8.518025083057141e-06,3.524308562733994e-15,4.56969942916339e-13,1.903566390738041
2065,2.065,1645.838968917987,5100000.0,0.1708727569362381,0.0009999999999998899,0.005852307985953806,0,59,0,1e-08,0.005852307985953806,0.48006427655511597,0.2521893237862071,0.03419130672980112,0.019302933582986848,0.20782040722447373,4.674791956515631e-13,0.006406929753820467,2.3800978083514706e-12,1.6448218335663018e-07,8.514091682621995e-06,3.520443942071088e-15,4.566123454371323e-13,1.9035868344771378
2066,2.066,1645.7924163113187,5100000.0,0.17086839683452482,0.001000000000000334,0.005852457321108773,0,59,0,1e-08,0.005852457321108773,0.48006835827684624,0.2521887602954129,0.034192464025654894,0.01930149999131421,0.2078171928943766,4.669728095608853e-13,0.006406912002621081,2.3775573047336787e-12,1.6438099863532608e-07,8.510160582749715e-06,3.5165841363592185e-15,4.562550831856285e-13,1.9036072730382438
2067,2.067,1645.745872287846,5100000.0,0.17086403707521572,0.0009999999999998899,0.005852606652151628,0,59,0,1e-08,0.005852606652151628,0.48007243698757773,0.2521881959177429,0.03419362155079829,0.01930006799043063,0.20781398061531023,4.664670488446106e-13,0.006406894271104188,2.37501986859419e-12,1.6427989078923222e-07,8.506231781209346e-06,3.51272913827653e-15,4.558981557255645e-13,1.9036277064457239
2068,2.068,1645.6993368329174,5100000.0,0.17085967765797874,0.0009999999999998899,0.005852755979100328,0,59,0,1e-08,0.005852755979100328,0.48007651268681445,0.2521876306588017,0.034194779300491425,0.01929863757825138,0.20781077038902604,4.659619124741289e-13,0.006406876559244008,2.3724854951911447e-12,1.6417885972525814e-07,8.50230527534642e-06,3.5088789398139966e-15,4.555415626129196e-13,1.9036481346554859
2069,2.069,1645.6528099388202,5100000.0,0.17085531858202313,0.0009999999999998899,0.0058529053019781545,0,59,0,1e-08,0.0058529053019781545,0.48008058538336273,0.252187064514889,0.034195937279293834,0.019297208752692318,0.20780756220797625,4.65457399545847e-13,0.006406858867014755,2.3699541800431938e-12,1.6407790535837887e-07,8.4983810631813e-06,3.505033534079429e-15,4.55185303418177e-13,1.9036685577305614
2070,2.07,1645.606291597065,5100000.0,0.17085095984727938,0.001000000000000334,0.005853054620788879,0,59,0,1e-08,0.005853054620788879,0.48008465508497766,0.2521864974833514,0.03419709549072106,0.019295781511671613,0.2078043560656602,4.649535091438806e-13,0.006406841194390646,2.3674259186484797e-12,1.63977027602787e-07,8.494459142660614e-06,3.5011929140684735e-15,4.548293777109656e-13,1.9036889757219113
2071,2.071,1645.5597817917114,5100000.0,0.1708466014535957,0.0009999999999998899,0.005853203935528701,0,59,0,1e-08,0.005853203935528701,0.4800887217893495,0.25218592957158287,0.03419825392823592,0.01929435585311456,0.20780115196563997,4.64450240221822e-13,0.006406823541345991,2.364900706243647e-12,1.638762263643349e-07,8.490539511011983e-06,3.4973570716051527e-15,4.544737850469879e-13,1.9037093885647436
2072,2.072,1645.5132805115877,5100000.0,0.17084224340004514,0.0009999999999998899,0.0058533532462359695,0,59,0,1e-08,0.0058533532462359695,0.4800927855005306,0.25218536078060916,0.03419941259166929,0.01929293177494937,0.2077979499051142,4.63947591819406e-13,0.00640680590785518,2.3623785382468018e-12,1.637755015544432e-07,8.486622165926644e-06,3.493525999282437e-15,4.5411852499218106e-13,1.9037297962675617
2073,2.073,1645.4667877414581,5100000.0,0.17083788568619432,0.0009999999999998899,0.0058535025529217345,0,59,0,1e-08,0.0058535025529217345,0.48009684621707843,0.25218479111693554,0.03420057147537147,0.019291509275110134,0.2077947498867695,4.634455629062849e-13,0.0064067882938926264,2.3598594099379935e-12,1.6367485308006527e-07,8.48270710470518e-06,3.489699689063507e-15,4.537635971053001e-13,1.903750198775716
2074,2.074,1645.420303482899,5100000.0,0.17083352831118553,0.001000000000000334,0.005853651855616786,0,59,0,1e-08,0.005853651855616786,0.4801009039601505,0.25218422056447914,0.03420173059627882,0.0192900883515251,0.20779155189069987,4.629441527508107e-13,0.006406770699432682,2.357343317212343e-12,1.635742808674004e-07,8.478794326275475e-06,3.485878135583748e-15,4.534090009789448e-13,1.9037705962946916
2075,2.075,1645.37382770593,5100000.0,0.17082917127590966,0.0009999999999998899,0.0058538011542816045,0,59,0,1e-08,0.0058538011542816045,0.48010495870841824,0.25218364914960306,0.03420288992887942,0.019288669002141233,0.20778835593947287,4.62443360065521e-13,0.006406753124449922,2.3548302548340687e-12,1.6347378480687917e-07,8.4748838265177e-06,3.4820613284994325e-15,4.530547361442525e-13,1.9037909885410742
2076,2.076,1645.3273604148478,5100000.0,0.1708248145779735,0.0009999999999998899,0.005853950449004801,0,59,0,1e-08,0.005853950449004801,0.48010901048659765,0.2521830768526457,0.03420404949368762,0.019287251224895014,0.20778516200961544,4.61943184169624e-13,0.006406735568918823,2.3523202188131122e-12,1.6337336482808436e-07,8.470975604625801e-06,3.4782492628959658e-15,4.5270080220084694e-13,1.903811375761477
2077,2.077,1645.280901595075,5100000.0,0.17082045821854674,0.0009999999999998899,0.005854099739742505,0,59,0,1e-08,0.005854099739742505,0.4801130592940319,0.25218250367930045,0.0342052092858608,0.019285835017731567,0.20778197010302288,4.614436240508417e-13,0.006406718032813962,2.349813204485966e-12,1.6327302083922577e-07,8.46706965797228e-06,3.474441930889188e-15,4.5234719871172465e-13,1.9038317579104929
2078,2.078,1645.234451240544,5100000.0,0.17081610219683616,0.001000000000000334,0.005854249026523308,0,59,0,1e-08,0.005854249026523308,0.48011710514146805,0.2521819296238545,0.034206369311959105,0.019284420378595502,0.20777878021018975,4.609446788483036e-13,0.006406700516109907,2.347309207503905e-12,1.6317275275833383e-07,8.463165984753603e-06,3.47063932594792e-15,4.5199392525744247e-13,1.9038521350740454
2079,2.079,1645.188009329038,5100000.0,0.17081174651293288,0.0009999999999998899,0.0058543983093350994,0,59,0,1e-08,0.0058543983093350994,0.4801211480179085,0.2521813547023165,0.034207529556820854,0.019283007305443262,0.20777559234334553,4.604463474188101e-13,0.006406683018781312,2.3448082229456014e-12,1.6307256048521317e-07,8.459264581609595e-06,3.4668414390103045e-15,4.5164098138747424e-13,1.9038725070878453
2080,2.08,1645.1415758537494,5100000.0,0.1708073911652468,0.0009999999999998899,0.005854547588238993,0,59,0,1e-08,0.005854547588238993,0.48012518793301445,0.25218077891003626,0.03420869002594052,0.019281595796229668,0.20777240649406428,4.599486288917155e-13,0.006406665540802895,2.342310246452854e-12,1.629724439373463e-07,8.455365446669526e-06,3.463048263452893e-15,4.5128836668257354e-13,1.9038928740254855
2081,2.081,1645.0951508085664,5100000.0,0.17080303615378828,0.0009999999999998899,0.005854696863230851,0,59,0,1e-08,0.005854696863230851,0.48012922489737575,0.2521802022414317,0.03420985072574488,0.019280185848910714,0.2077692226529879,4.594515224099497e-13,0.006406648082149371,2.3398152736996524e-12,1.6287240303309846e-07,8.451468578130672e-06,3.459259792771115e-15,4.509360807254752e-13,1.903913235971279
2082,2.082,1645.048734171028,5100000.0,0.1707986814786398,0.001000000000000334,0.005854846134309266,0,59,0,1e-08,0.005854846134309266,0.4801332588995683,0.25217962471291017,0.03421101164066822,0.019278777461454264,0.2077660408327679,4.589550268314863e-13,0.00640663064279556,2.337323299782103e-12,1.6277243767243655e-07,8.447573972617677e-06,3.455476017907205e-15,4.5058412306754856e-13,1.903933592756228
2083,2.083,1645.0023259441962,5100000.0,0.17079432713818135,0.0009999999999998899,0.005854995401520793,0,59,0,1e-08,0.005854995401520793,0.48013728996243193,0.2521790463066279,0.03421217278939816,0.01927737063181998,0.20776286101179148,4.584591414629388e-13,0.006406613222716231,2.334834320719263e-12,1.6267254778440472e-07,8.443681629215331e-06,3.4516969338172374e-15,4.502324933111385e-13,1.9039539446057963
2084,2.084,1644.9559261101867,5100000.0,0.17078997313344627,0.0009999999999998899,0.005855144664836633,0,59,0,1e-08,0.005855144664836633,0.480141318080648,0.25217846703287755,0.034213334162479535,0.019275965357978365,0.20775968319660448,4.579638652457157e-13,0.006406595821886249,2.332348331787448e-12,1.6257273327441395e-07,8.439791544993269e-06,3.4479225321853153e-15,4.4988119101805526e-13,1.9039742914213609
2085,2.085,1644.9095346562012,5100000.0,0.17078561946328957,0.0009999999999998899,0.005855293924292263,0,59,0,1e-08,0.005855293924292263,0.48014534325568375,0.2521778868951597,0.034214495757250794,0.019274561637903087,0.2077565073869612,4.574691972118908e-13,0.006406578440280537,2.32986532845388e-12,1.6247299405379107e-07,8.435903717513032e-06,3.444152805505571e-15,4.495302157609538e-13,1.903994633182485
2086,2.086,1644.863151576576,5100000.0,0.17078126612709288,0.001000000000000334,0.005855443179910312,0,59,0,1e-08,0.005855443179910312,0.480149365498567,0.2521773058874108,0.03421565758061151,0.01927315946956741,0.2077533335730576,4.569751365196945e-13,0.006406561077874012,2.327385306448562e-12,1.6237333004206657e-07,8.4320181450248e-06,3.440387747398395e-15,4.4917956712721817e-13,1.9040149699788553
2087,2.087,1644.8167768596134,5100000.0,0.1707769131249791,0.0009999999999998899,0.005855592431677595,0,59,0,1e-08,0.005855592431677595,0.4801533848121999,0.25217672401168156,0.03421681963134798,0.019271758850949575,0.207750161753209,4.564816822234888e-13,0.006406543734641642,2.324908261293813e-12,1.622737411520638e-07,8.42813482519977e-06,3.436627350552778e-15,4.4882924469310064e-13,1.9040353018066718
2088,2.088,1644.7704104885127,5100000.0,0.17077256045644212,0.0009999999999998899,0.0058557416796181,0,59,0,1e-08,0.0058557416796181,0.48015740119256967,0.25217614127692706,0.03421798190133964,0.019270359780034958,0.20774699193264504,4.559888332903582e-13,0.006406526410558516,2.3224341883383853e-12,1.6217422729097504e-07,8.424253755221169e-06,3.4328716068732494e-15,4.484792480256118e-13,1.9040556285825831
2089,2.089,1644.724052459851,5100000.0,0.17076820812044388,0.0009999999999998899,0.005855890923763653,0,59,0,1e-08,0.005855890923763653,0.4801614146536335,0.2521755576741303,0.03421914440043501,0.019268962254806062,0.207743824098625,4.554965889219595e-13,0.006406509105599618,2.319963083415868e-12,1.6207478838125154e-07,8.420374933559793e-06,3.429120510362667e-15,4.481295767187571e-13,1.9040759504301925
2090,2.09,1644.6777027484234,5100000.0,0.17076385611733688,0.001000000000000334,0.0058560401641036056,0,59,0,1e-08,0.0058560401641036056,0.4801654251800164,0.252174973223577,0.03422030710917821,0.01926756627325974,0.20774065826773222,4.550049479426589e-13,0.006406491819740196,2.317494941592813e-12,1.6197542432086608e-07,8.4164983565964e-06,3.425374051643901e-15,4.477802303246347e-13,1.9040962671355348
2091,2.091,1644.6313613623468,5100000.0,0.1707595044452065,0.0009999999999998899,0.005856189400694654,0,59,0,1e-08,0.005856189400694654,0.48016943280111113,0.25217438790080904,0.034221470052859304,0.01926617183338115,0.20773749441178913,4.545139097574787e-13,0.006406474552955282,2.315029759128677e-12,1.6187613504556211e-07,8.412624023912974e-06,3.421632226534492e-15,4.474312084613383e-13,1.9041165790000143
2092,2.092,1644.585028285419,5100000.0,0.1707551531056016,0.0009999999999998899,0.0058563386334903236,0,59,0,1e-08,0.0058563386334903236,0.4801734375136238,0.25217380171403336,0.03422263322410021,0.019264778933165697,0.20773433253529927,4.5402347335027304e-13,0.006406457305220105,2.312567531425547e-12,1.6177692046371884e-07,8.40875193275874e-06,3.4178950270810335e-15,4.470825106999445e-13,1.9041368859487768
2093,2.093,1644.5387035026274,5100000.0,0.17075080209754268,0.0009999999999998899,0.005856487862520449,0,59,0,1e-08,0.005856487862520449,0.48017743931580703,0.2521732146698975,0.03422379661708044,0.019263387570613973,0.20773117264121546,4.5353363772733393e-13,0.0064064400765098785,2.3101082539363905e-12,1.6167778048520284e-07,8.404882080499337e-06,3.414162445528035e-15,4.46734136614669e-13,1.9041571879248718
2094,2.094,1644.4923870032694,5100000.0,0.17074645142017228,0.001000000000000334,0.0058566370878158835,0,59,0,1e-08,0.0058566370878158835,0.48018143821167036,0.2521726267692867,0.03422496023174111,0.01926199774372892,0.20772801472673272,4.5304440197132697e-13,0.0064064228667998985,2.30765192227544e-12,1.615787150248859e-07,8.401014464916291e-06,3.4104344748012272e-15,4.4638608578891273e-13,1.904177484937687
2095,2.095,1644.4460787756932,5100000.0,0.17074210107307916,0.0009999999999998899,0.005856786309381778,0,59,0,1e-08,0.005856786309381778,0.4801854342039072,0.2521720380143909,0.03422612406671552,0.019260609450517694,0.20772485879036107,4.525557651499832e-13,0.006406405676065537,2.305198532031334e-12,1.614797239967072e-07,8.397149083702002e-06,3.406711107690624e-15,4.460383578050307e-13,1.9041977769815384
2096,2.096,1644.3997788171896,5100000.0,0.17073775105575206,0.0009999999999998899,0.005856935527242324,0,59,0,1e-08,0.005856935527242324,0.48018942730721936,0.25217144839539546,0.03422728813264273,0.01925922268898496,0.20772170481860042,4.520677264870419e-13,0.00640638850428204,2.302748079116505e-12,1.6138080732478776e-07,8.393285935407173e-06,3.40299233837997e-15,4.4569095226347386e-13,1.9042180641890123
2097,2.097,1644.3534871069828,5100000.0,0.17073340136860968,0.0009999999999998899,0.005857084741379408,0,59,0,1e-08,0.005857084741379408,0.48019341751199696,0.2521708579267737,0.03422845241587022,0.019257837457147077,0.20771855282225854,4.515802848957148e-13,0.00640637135142488,2.300300558812496e-12,1.612819649130355e-07,8.389425016854532e-06,3.3992781582719625e-15,4.4534386873014747e-13,1.9042383464128805
2098,2.098,1644.3072036380106,5100000.0,0.1707290520101901,0.001000000000000334,0.005857233951844635,0,59,0,1e-08,0.005857233951844635,0.4801974048270164,0.2521702666046124,0.03422961692113191,0.019256453753019313,0.20771540279375508,4.510934395275651e-13,0.006406354217469508,2.2978559668937263e-12,1.611831966809319e-07,8.385566326181778e-06,3.3955685608999486e-15,4.4499710679849655e-13,1.904258623717667
2099,2.099,1644.2609283959316,5100000.0,0.17072470298045597,0.0009999999999998899,0.0058573831586303405,0,59,0,1e-08,0.0058573831586303405,0.4802013892512385,0.25216967443480104,0.03423078164335636,0.019255071574623167,0.20771225473532492,4.506071894101619e-13,0.006406337102391396,2.295414298885635e-12,1.6108450253990855e-07,8.381709860832299e-06,3.391863538685462e-15,4.4465066604852234e-13,1.9042788960549477
2100,2.1,1644.21466138027,5100000.0,0.17072035427861185,0.0009999999999998899,0.005857532361770478,0,59,0,1e-08,0.005857532361770478,0.48020537080223774,0.25216908140461913,0.03423194659608307,0.0192536909199763,0.20770910863058692,4.5012153381123186e-13,0.006406320006166053,2.2929755508098123e-12,1.6098588241709382e-07,8.377855619577145e-06,3.388163086196514e-15,4.44304546087925e-13,1.904299163590646
2101,2.101,1644.1684025726622,5100000.0,0.1707160059053032,0.0009999999999998899,0.0058576815612391584,0,59,0,1e-08,0.0058576815612391584,0.4802093494735324,0.252168487525383,0.03423311176881132,0.019252311787106388,0.2077059644872133,4.496364716921629e-13,0.006406302928769024,2.290539718065326e-12,1.6088733621963782e-07,8.374003599478784e-06,3.384467195258503e-15,4.439587464902511e-13,1.904319426213773
2102,2.102,1644.1221519719531,5100000.0,0.1707116578593149,0.001000000000000334,0.005857830757079539,0,59,0,1e-08,0.005857830757079539,0.48021332528173943,0.25216789278531726,0.03423427717413357,0.019250934174037133,0.20770282228977802,4.491520023116224e-13,0.006406285870175882,2.28810679666421e-12,1.6078886387412842e-07,8.370153799246552e-06,3.3807758603535797e-15,4.436132668631833e-13,1.904339684079322
2103,2.103,1644.0759095534704,5100000.0,0.17070731014121968,0.0009999999999998899,0.005857979949263027,0,59,0,1e-08,0.005857979949263027,0.4802172982118303,0.2521672972042626,0.03423544279302028,0.019249558078805924,0.20769968205449585,4.486681245259888e-13,0.006406268830362309,2.2856767818001034e-12,1.6069046528090366e-07,8.366306215344994e-06,3.3770890723631945e-15,4.4326810676948705e-13,1.9043599369780322
2104,2.104,1644.029675311744,5100000.0,0.1707029627491443,0.0009999999999998899,0.005858129137860571,0,59,0,1e-08,0.005858129137860571,0.4802212682745326,0.25216670077630615,0.034236608632198066,0.01924818349944761,0.20769654377182387,4.4818483752281813e-13,0.006406251809304002,2.283249669349656e-12,1.6059214036199392e-07,8.362460846074926e-06,3.3734068251294843e-15,4.429232658100498e-13,1.904380184997268
2105,2.105,1643.9834492409434,5100000.0,0.17069861568320874,0.0009999999999998899,0.005858278322864324,0,59,0,1e-08,0.005858278322864324,0.4802252354800906,0.25216610349601426,0.03423777469791055,0.019246810433998382,0.20769340743270093,4.4770214048482553e-13,0.006406234806976638,2.2808254551834214e-12,1.6049388903911347e-07,8.358617689704282e-06,3.3697291124480778e-15,4.4257874358561886e-13,1.9044004282188587
2106,2.106,1643.9372313272581,5100000.0,0.17069426894349732,0.001000000000000334,0.005858427504272863,0,59,0,1e-08,0.005858427504272863,0.4802291998279764,0.2521655053687138,0.03423894098564138,0.01924543888050043,0.20769027303883753,4.4722003245933574e-13,0.006406217823355998,2.278404134900304e-12,1.6039571122518039e-07,8.354776743741294e-06,3.3660559269024576e-15,4.422345396822598e-13,1.9044206666006527
2107,2.107,1643.8910215574615,5100000.0,0.1706899225292615,0.0009999999999998899,0.005858576682102947,0,59,0,1e-08,0.005858576682102947,0.4802331613184119,0.25216490639897,0.034240107491633226,0.019244068837000448,0.2076871405911893,4.467385125054353e-13,0.006406200858417906,2.2759857041276303e-12,1.602976068338939e-07,8.350938005752059e-06,3.362387261178131e-15,4.418906536878956e-13,1.9044409001092213
2108,2.108,1643.8448199253728,5100000.0,0.17068557643981289,0.0009999999999998899,0.005858725856384881,0,59,0,1e-08,0.005858725856384881,0.4802371199610791,0.2521643065818873,0.03424127422158768,0.019242700301544922,0.20768401008125378,4.4625757980402667e-13,0.006406183912138178,2.273570158746481e-12,1.601995757869533e-07,8.347101473976547e-06,3.3587231090490433e-15,4.415470852047471e-13,1.9044611288201008
2109,2.109,1643.798626418876,5100000.0,0.1706812306751951,0.0009999999999998899,0.005858875027113445,0,59,0,1e-08,0.005858875027113445,0.4802410757576512,0.2521637059205667,0.03424244117321027,0.019241333272185426,0.20768088150853226,4.457772334361679e-13,0.0064061669844926936,2.27115749443809e-12,1.6010161799953837e-07,8.343267146090754e-06,3.3550634633928433e-15,4.412038338242193e-13,1.904481352716677
2110,2.11,1643.752441028491,5100000.0,0.17067688523483254,0.001000000000000334,0.005859024194309876,0,59,0,1e-08,0.005859024194309876,0.48024502871330466,0.2521631044146005,0.03424360834771307,0.01923996774697596,0.20767775486902224,4.4529747252924265e-13,0.006406150075457378,2.2687477069836346e-12,1.6000373338991197e-07,8.33943502002366e-06,3.351408317500113e-15,4.408608991436248e-13,1.9045015718227254
2111,2.111,1643.7062637405793,5100000.0,0.17067254011842312,0.0009999999999998899,0.00585917335797562,0,59,0,1e-08,0.00585917335797562,0.4802489788275995,0.25216250206918506,0.03424477574070266,0.019238603723975702,0.20767463016433346,4.448182961413492e-13,0.006406133185008219,2.2663407920267114e-12,1.59905921871811e-07,8.335605093310289e-06,3.347757664039388e-15,4.4051828075284687e-13,1.904521786097423
2112,2.112,1643.6600945482537,5100000.0,0.1706681953252313,0.0009999999999998899,0.005859322518142614,0,59,0,1e-08,0.005859322518142614,0.48025292610914977,0.2521618988804599,0.034245943356840634,0.01923724120124425,0.20767150738702347,4.4433970344701255e-13,0.006406116313121183,2.2639367454538415e-12,1.5980818336663697e-07,8.331777364130356e-06,3.344111496718243e-15,4.4017597825557483e-13,1.9045419956042562
2113,2.113,1643.6139334332054,5100000.0,0.170663850855222,0.0009999999999998899,0.005859471674808348,0,59,0,1e-08,0.005859471674808348,0.48025687055116145,0.25216129485995586,0.034247111185396674,0.01923588017684999,0.2076683865450518,4.438616934280328e-13,0.006406099459772382,2.2615355627620264e-12,1.5971051778317277e-07,8.327951829578912e-06,3.3404698075184614e-15,4.398339912341827e-13,1.904562200229358
2114,2.114,1643.5677803945682,5100000.0,0.170659506707171,0.001000000000000334,0.005859620828016342,0,59,0,1e-08,0.005859620828016342,0.4802608121702738,0.25216068999577324,0.03424827923906925,0.01923452064885711,0.20766526762294477,4.433842653639798e-13,0.0064060826249378285,2.2591372400621088e-12,1.5961292504979443e-07,8.324128488411888e-06,3.3368325910825922e-15,4.3949231930537994e-13,1.9045824001287592
2115,2.115,1643.5216354216063,5100000.0,0.17065516288166732,0.0009999999999998899,0.005859769977737457,0,59,0,1e-08,0.005859769977737457,0.48026475096984333,0.2521600842892885,0.0342494475172797,0.019233162615334976,0.20766215061851281,4.4290741836813675e-13,0.006406065808593636,2.2567417731289645e-12,1.5951540508396537e-07,8.320307338448011e-06,3.3331998405639604e-15,4.3915096206748284e-13,1.904602595305543
2116,2.116,1643.4754985009656,5100000.0,0.17065081937827312,0.0009999999999998899,0.005859919123993422,0,59,0,1e-08,0.005859919123993422,0.4802686869496819,0.25215947774540826,0.03425061601591845,0.019231806074357843,0.20765903553310464,4.4243115151093497e-13,0.006406049010715999,2.2543491576540427e-12,1.5941795780034844e-07,8.316488377259506e-06,3.329571548731094e-15,4.3880991911439187e-13,1.9046227857220703
2117,2.117,1643.4293696173534,5100000.0,0.17064647619627613,0.0009999999999998899,0.005860068266804985,0,59,0,1e-08,0.005860068266804985,0.4802726201069327,0.25215887037169443,0.03425178472821671,0.01923045102400549,0.20765592237073582,4.419554638316136e-13,0.006406032231281129,2.251959389270229e-12,1.5932058311160898e-07,8.312671602236873e-06,3.3259477080707566e-15,4.3846919003714564e-13,1.9046429713100614
2118,2.118,1643.3832487677778,5100000.0,0.17064213333476225,0.001000000000000334,0.005860217406205034,0,59,0,1e-08,0.005860217406205034,0.48027655045526507,0.2521582621591893,0.034252953663928956,0.01922909746235562,0.20765281111889508,4.4148035457895153e-13,0.006406015470265218,2.2495724640434624e-12,1.5922328094421466e-07,8.308857011940132e-06,3.3223283129415176e-15,4.3812877445110414e-13,1.9046631521915514
2119,2.119,1643.3371359398652,5100000.0,0.17063779079409389,0.0009999999999998899,0.005860366542172216,0,59,0,1e-08,0.005860366542172216,0.4802804779957126,0.25215765311155575,0.034254122820183634,0.01922774538749168,0.20764970177770517,4.410058228444197e-13,0.006405998727644569,2.2471883777221307e-12,1.5912605121430494e-07,8.30504460404063e-06,3.3187133562933552e-15,4.37788671954198e-13,1.9046833283431388
2120,2.12,1643.291031123219,5100000.0,0.17063344857365842,0.0009999999999998899,0.005860515674734275,0,59,0,1e-08,0.005860515674734275,0.48028440273194145,0.25215704322981675,0.034255292196746764,0.01922639479749984,0.20764659434465732,4.4053186775440176e-13,0.006405982003395473,2.2448071261303766e-12,1.590288938403309e-07,8.301234376399211e-06,3.3151028313860346e-15,4.374488821488227e-13,1.9047034997718018
2121,2.121,1643.2449343067142,5100000.0,0.1706291066730476,0.0009999999999998899,0.005860664803901531,0,59,0,1e-08,0.005860664803901531,0.4802883246665921,0.2521564325160119,0.03425646179237119,0.019225045690469893,0.20764348881825948,4.400584884243903e-13,0.006405965297494303,2.242428705075178e-12,1.5893180874008442e-07,8.297426326809569e-06,3.3114967313802783e-15,4.3710940463680207e-13,1.9047236664727714
2122,2.122,1643.1988454793836,5100000.0,0.17062476509177518,0.001000000000000334,0.005860813929692192,0,59,0,1e-08,0.005860813929692192,0.48029224380250335,0.2521558209719772,0.03425763160600874,0.019223698064494994,0.2076403851968248,4.395856839740962e-13,0.006405948609917437,2.240053110376093e-12,1.5883479583163466e-07,8.293620453082392e-06,3.3078950494720423e-15,4.36770239020846e-13,1.904743828443602
2123,2.123,1643.1527646336028,5100000.0,0.17062042382937095,0.0009999999999998899,0.005860963052113506,0,59,0,1e-08,0.005860963052113506,0.48029616014697685,0.2521552085950779,0.03425880164108076,0.01922235191766989,0.20763728347420105,4.3911345358083933e-13,0.00640593194064134,2.2376803379750913e-12,1.5873785503687934e-07,8.28981675334693e-06,3.3042977793700745e-15,4.3643138491073983e-13,1.9047639857333183
2124,2.124,1643.1066917557907,5100000.0,0.17061608288571115,0.0009999999999998899,0.00586111217117644,0,59,0,1e-08,0.00586111217117644,0.4803000736992639,0.25215459539071905,0.03425997189296842,0.0192210072480947,0.2076341836522829,4.3864179632315013e-13,0.006405915289642468,2.2353103836169314e-12,1.5864098627125396e-07,8.286015225169912e-06,3.3007049138985412e-15,4.3609284190566344e-13,1.9047841382982866
2125,2.125,1643.0606268437648,5100000.0,0.1706117422600514,0.0009999999999998899,0.005861261286902871,0,59,0,1e-08,0.005861261286902871,0.48030398447393197,0.2521539813489929,0.034261142372364606,0.01921966405386729,0.20763108571765054,4.3817071147241524e-13,0.0064058986568972815,2.232943243444991e-12,1.5854418946291996e-07,8.282215867199124e-06,3.297116447602611e-15,4.3575460962717565e-13,1.9048042862712873
2126,2.126,1643.014569875197,5100000.0,0.17060740195283186,0.001000000000000334,0.005861410399279193,0,59,0,1e-08,0.005861410399279193,0.48030789245844413,0.25215336648707154,0.03426231306288182,0.019218322333097327,0.20762798968397997,4.3770019796347306e-13,0.006405882042382386,2.2305789129180135e-12,1.5844746451783166e-07,8.278418676177795e-06,3.293532372018012e-15,4.35416687658927e-13,1.9048244294730468
2127,2.1270000000000002,1642.9685208449862,5100000.0,0.17060306196239608,0.0009999999999998899,0.005861559508353417,0,59,0,1e-08,0.005861559508353417,0.48031179766335036,0.2521527507990407,0.034263483971213746,0.01921698208389245,0.2076248955418634,4.3723025502149764e-13,0.006405865446074353,2.228217388094437e-12,1.583508113611895e-07,8.27462365048102e-06,3.2899526812727072e-15,4.3507907561839003e-13,1.9048445679902442
2128,2.128,1642.9224797447278,5100000.0,0.1705987222888786,0.0009999999999998899,0.0058617086141276465,0,59,0,1e-08,0.0058617086141276465,0.4803157000947696,0.2521521342834108,0.034264655099631815,0.019215643304363098,0.20762180328632152,4.3676088181766724e-13,0.0064058488679497915,2.2258586649257887e-12,1.5825422991462207e-07,8.270830788173222e-06,3.286377369010417e-15,4.3474177311726366e-13,1.9048647018585625
2129,2.129,1642.876446564722,5100000.0,0.17059438293206858,0.0009999999999998899,0.0058618577166054415,0,59,0,1e-08,0.0058618577166054415,0.4803195997570419,0.2521515169404651,0.034265826448633116,0.019214305992622898,0.20761871291415257,4.3629207750277003e-13,0.006405832307985355,2.2235027393265553e-12,1.5815772009845037e-07,8.267040087197844e-06,3.282806428690452e-15,4.344047797654701e-13,1.9048848310932391
2130,2.13,1642.8304212910903,5100000.0,0.1705900438916197,0.001000000000000334,0.005862006815800224,0,59,0,1e-08,0.005862006815800224,0.4803234966488617,0.2521508987761189,0.034266998013080724,0.019212970146790808,0.20761562442779566,4.35823841159242e-13,0.0064058157661577905,2.2211496070755085e-12,1.5806128182848503e-07,8.263251545105734e-06,3.2792398531591872e-15,4.3406809516559143e-13,1.9049049556445719
2131,2.1310000000000002,1642.7844039177457,5100000.0,0.17058570516674995,0.0009999999999998899,0.005862155911729975,0,59,0,1e-08,0.005862155911729975,0.4803273907793625,0.2521502797858457,0.034268169798277494,0.019211635764985923,0.20761253781925323,4.353561720010314e-13,0.006405799242443791,2.218799264225298e-12,1.5796491502928567e-07,8.259465160185391e-06,3.2756776364360665e-15,4.337317189358215e-13,1.904925075583142
2132,2.132,1642.738394431564,5100000.0,0.17058136675748684,0.0009999999999998899,0.005862305004400487,0,59,0,1e-08,0.005862305004400487,0.48033128214819937,0.2521496599745884,0.03426934180005662,0.01921030284533271,0.20760945309000045,4.348890691260122e-13,0.006405782736820132,2.2164517065951406e-12,1.5786861961773662e-07,8.255680930062623e-06,3.2721197715016903e-15,4.3339565068152833e-13,1.9049451908704025
2133,2.133,1642.6923928237356,5100000.0,0.17057702866312482,0.0009999999999998899,0.005862454093832324,0,59,0,1e-08,0.005862454093832324,0.4803351707607971,0.25214903934151284,0.034270514020026344,0.019208971385957455,0.20760637023574308,4.3442253170552875e-13,0.006405766249263663,2.2141069301590423e-12,1.5777239551562122e-07,8.251898852772528e-06,3.2685662519905123e-15,4.3305989001704735e-13,1.904965301534332
2134,2.134,1642.6463990852474,5100000.0,0.1705726908834059,0.001000000000000334,0.005862603180035888,0,59,0,1e-08,0.005862603180035888,0.4803390566222761,0.2521484178860833,0.03427168645949634,0.0192076413849892,0.2076032892524894,4.339565589087363e-13,0.006405749779751187,2.2117649308909294e-12,1.5767624264460337e-07,8.248118926332698e-06,3.2650170715157715e-15,4.3272443655692806e-13,1.9049854075994472
2135,2.1350000000000002,1642.6004132025869,5100000.0,0.1705683534180497,0.0009999999999998899,0.005862752263011931,0,59,0,1e-08,0.005862752263011931,0.48034293973169156,0.2521477956138174,0.03427285911371981,0.019206312840562182,0.20760021014230987,4.334911498314728e-13,0.006405733328259635,2.2094257046187578e-12,1.5758016092150134e-07,8.244341148338361e-06,3.261472223033862e-15,4.3238928990780193e-13,1.9050055090204776
2136,2.136,1642.554435171751,5100000.0,0.17056401626630735,0.0009999999999998899,0.0058629013427929375,0,59,0,1e-08,0.0058629013427929375,0.48034682010083757,0.2521471725174951,0.03427403199068919,0.019204985750809304,0.20759713289453582,4.3302630372886225e-13,0.006405716894765903,2.2070892475012966e-12,1.57484150273747e-07,8.240565517282756e-06,3.25793170092173e-15,4.3205444969515315e-13,1.9050256058989081
2137,2.137,1642.5084649719868,5100000.0,0.17055967942841724,0.0009999999999998899,0.005863050419367042,0,59,0,1e-08,0.005863050419367042,0.48035069771898603,0.2521465486123946,0.03427520507589285,0.019203660113874185,0.20759405752101717,4.325620195796275e-13,0.006405700479246994,2.2047555551351924e-12,1.573882106104144e-07,8.23679203008316e-06,3.2543954970850917e-15,4.3171991551316013e-13,1.9050456980769228
2138,2.138,1642.462502607264,5100000.0,0.17055534290287527,0.001000000000000334,0.005863199492787486,0,59,0,1e-08,0.005863199492787486,0.4803545726085698,0.25214592388064744,0.03427637838797116,0.019202335927893246,0.20759098400044218,4.320982967734474e-13,0.006405684081679871,2.2024246239638493e-12,1.5729234186796024e-07,8.233020685986577e-06,3.2508636070992357e-15,4.3138568700381727e-13,1.905065785778652
2139,2.1390000000000002,1642.4165480571503,5100000.0,0.17055100669074608,0.0009999999999998899,0.0058633485630087976,0,59,0,1e-08,0.0058633485630087976,0.480358444759265,0.25214529833711846,0.034277551912823175,0.019201013191014405,0.20758791234425455,4.31635134297438e-13,0.00640566770204159,2.200096449609206e-12,1.5719654395603316e-07,8.229251481945025e-06,3.247336022941024e-15,4.3105176376317555e-13,1.9050858688510042
2140,2.14,1642.3706013143612,5100000.0,0.17054667079055813,0.0009999999999998899,0.005863497630088316,0,59,0,1e-08,0.005863497630088316,0.48036231417831043,0.25214467197910584,0.03427872565391732,0.01919969190138526,0.20758484254633117,4.3117253135744827e-13,0.006405651340309235,2.1977710281470006e-12,1.5710081679893068e-07,8.225484416149075e-06,3.2438127385392967e-15,4.307181454131849e-13,1.9051059473432619
2141,2.141,1642.324662367041,5100000.0,0.1705423352022034,0.0009999999999998899,0.005863646694026094,0,59,0,1e-08,0.005863646694026094,0.4803661808668372,0.2521440448100093,0.03427989960861916,0.019198372057158006,0.20758177460665664,4.3071048708554396e-13,0.006405634996459924,2.1954483555048625e-12,1.5700516031599927e-07,8.221719486362142e-06,3.2402937471615642e-15,4.303848315675737e-13,1.905126021234384
2142,2.142,1642.2787312142668,5100000.0,0.17053799992509824,0.001000000000000334,0.005863795754843745,0,59,0,1e-08,0.005863795754843745,0.4803700448406095,0.2521434168185947,0.03428107378892553,0.01919705365648219,0.2075787085105813,4.3024900079516365e-13,0.006405618670470776,2.193128427986931e-12,1.5690957443873857e-07,8.217956691376128e-06,3.236779043693973e-15,4.300518218615632e-13,1.9051460906719335
2143,2.1430000000000002,1642.2328078313296,5100000.0,0.17053366495979574,0.0009999999999998899,0.005863944812513385,0,59,0,1e-08,0.005863944812513385,0.48037390608342334,0.25214278802557266,0.034282248174886495,0.019195736697520602,0.20757564427542033,4.2978807140903935e-13,0.00640560236231906,2.190811241100734e-12,1.5681405907259858e-07,8.214196027750018e-06,3.2332686195306925e-15,4.2971911588581767e-13,1.905166155435321
2144,2.144,1642.1868922244219,5100000.0,0.1705293303043739,0.0009999999999998899,0.005864093867107862,0,59,0,1e-08,0.005864093867107862,0.4803777646205284,0.25214215841021265,0.03428342278799592,0.019194421178426867,0.20757258187703395,4.293276983603662e-13,0.006405586071981884,2.1884967914046128e-12,1.5671861415713633e-07,8.210437494947346e-06,3.229762470622701e-15,4.2938671329043446e-13,1.9051862157814836
2145,2.145,1642.1409843704485,5100000.0,0.1705249959601222,0.0009999999999998899,0.00586424291857918,0,59,0,1e-08,0.00586424291857918,0.4803816204378572,0.252141527991079,0.0342845976104473,0.01919310709736834,0.20756952133059844,4.28867880601585e-13,0.006405569799436586,2.1861850744750214e-12,1.5662323959980047e-07,8.206681089683224e-06,3.2262605886260753e-15,4.29054613670372e-13,1.9052062715145186
2146,2.146,1642.0950842627904,5100000.0,0.17052066192528545,0.001000000000000334,0.005864391966989252,0,59,0,1e-08,0.005864391966989252,0.48038547354339217,0.25214089676467955,0.03428577264648968,0.019191794452510947,0.20756646262923728,4.284086173576273e-13,0.006405553544660463,2.1838760864519985e-12,1.565279353263019e-07,8.202926810221519e-06,3.222762967627755e-15,4.2872281665271e-13,1.905226322692629
2147,2.1470000000000002,1642.0491918967446,5100000.0,0.17051632819981874,0.0009999999999998899,0.005864541012330764,0,59,0,1e-08,0.005864541012330764,0.4803893239476894,0.25214026472495055,0.034286947902946646,0.019190483242021193,0.20756340576349777,4.279499078860693e-13,0.006405537307630827,2.1815698235463644e-12,1.5643270126454709e-07,8.199174655007095e-06,3.219269602004826e-15,4.283913218687247e-13,1.9052463694036585
2148,2.148,1642.0033072578667,5100000.0,0.17051199478387585,0.0009999999999998899,0.005864690054605197,0,59,0,1e-08,0.005864690054605197,0.4803931716481879,0.25213963187893107,0.03428812337353365,0.019189173464072246,0.20756035073704462,4.274917512858523e-13,0.006405521088325063,2.17926628164799e-12,1.5633753733185633e-07,8.195424621573255e-06,3.2157804847155067e-15,4.280601289318507e-13,1.9052664115844211
2149,2.149,1641.9574303391903,5100000.0,0.1705076616765972,0.0009999999999998899,0.005864839093838465,0,59,0,1e-08,0.005864839093838465,0.48039701665236556,0.25213899822361985,0.03428929906200586,0.019187865116837476,0.2075572975435024,4.270341467801165e-13,0.006405504886720559,2.1769654569051034e-12,1.5624244345386582e-07,8.191676708155988e-06,3.2122956098249756e-15,4.277292374702736e-13,1.9052864492874113
2150,2.15,1641.9115611310422,5100000.0,0.1705033288779001,0.001000000000000334,0.0058649881300349765,0,59,0,1e-08,0.0058649881300349765,0.48040085896401385,0.25213836375969045,0.03429047496844515,0.01918655819849395,0.20755424618017715,4.265770935486901e-13,0.006405488702794788,2.174667345381834e-12,1.5614741955336256e-07,8.187930912739258e-06,3.2088149710103147e-15,4.2739864710777733e-13,1.9053064825227357
2151,2.1510000000000002,1641.8656996176449,5100000.0,0.17049899638741803,0.0009999999999998899,0.005865137163198486,0,59,0,1e-08,0.005865137163198486,0.4804046985787004,0.25213772849602906,0.03429165108471574,0.019185252707224865,0.20755119665259966,4.2612059067314686e-13,0.006405472536525241,2.1723719429450843e-12,1.5605246554657204e-07,8.184187232737398e-06,3.205338561068611e-15,4.2706835745725706e-13,1.9053265112058242
2152,2.152,1641.8198457958497,5100000.0,0.1704946642041495,0.0009999999999998899,0.00586528619337022,0,59,0,1e-08,0.00586528619337022,0.4804085355089295,0.2521370924245856,0.03429282741961908,0.019183948641211562,0.2075481489493605,4.256646374427645e-13,0.006405456387889402,2.1700792458915356e-12,1.5595758136365344e-07,8.180445666749071e-06,3.201866374650134e-15,4.2673836815607945e-13,1.905346535447259
2153,2.153,1641.773999651424,5100000.0,0.17049033232840483,0.0009999999999998899,0.0058654352205358634,0,59,0,1e-08,0.0058654352205358634,0.48041236975229845,0.2521364555522053,0.034294003967060054,0.019182645998642115,0.20754510307395685,4.2520923296711924e-13,0.0064054402568648385,2.167789250153595e-12,1.5586276692274112e-07,8.17670621233704e-06,3.1983984047983545e-15,4.26408678821298e-13,1.9053665551859404
2154,2.154,1641.728161178873,5100000.0,0.17048600075934087,0.001000000000000334,0.005865584244725996,0,59,0,1e-08,0.005865584244725996,0.4804162013181023,0.25213581787403183,0.03429518073264312,0.01918134477770433,0.20754205901818573,4.2475437649965627e-13,0.006405424143429135,2.1655019519630433e-12,1.557680221516605e-07,8.172968867883282e-06,3.1949346458395357e-15,4.260792890871926e-13,1.9053865704955906
2155,2.1550000000000002,1641.682330363622,5100000.0,0.1704816694970223,0.0009999999999998899,0.0058657332659295455,0,59,0,1e-08,0.0058657332659295455,0.48042003020342844,0.2521351793974046,0.03429635770977598,0.019180044976592238,0.20753901678605022,4.2430006714714057e-13,0.006405408047559949,2.1632173472546484e-12,1.5567334696839334e-07,8.169233630922547e-06,3.191475090788567e-15,4.257501985713929e-13,1.9054065813093504
2156,2.156,1641.6365071999915,5100000.0,0.17047733854056824,0.0009999999999998899,0.005865882284183604,0,59,0,1e-08,0.005865882284183604,0.4804238564172696,0.252134540117755,0.03429753490377397,0.019178746593499735,0.2075359763696451,4.2384630416256413e-13,0.0064053919692349135,2.160935432267511e-12,1.555787413007787e-07,8.165500499822982e-06,3.188019733963539e-15,4.254214069090652e-13,1.9054265876975685
2157,2.157,1641.5906916808046,5100000.0,0.17047300789002184,0.0009999999999998899,0.0058660312994830545,0,59,0,1e-08,0.0058660312994830545,0.4804276799665963,0.25213390003253233,0.03429871231793383,0.01917744962662283,0.20753293776308898,4.233930867756499e-13,0.006405375908431723,2.158656203196759e-12,1.5548420507511098e-07,8.161769472813922e-06,3.184568569473269e-15,4.2509291373310125e-13,1.905446589707325
2158,2.158,1641.5448837895206,5100000.0,0.17046867754526931,0.001000000000000334,0.005866180311833392,0,59,0,1e-08,0.005866180311833392,0.4804315008457804,0.2521332591517686,0.034299889942964595,0.019176154074164883,0.20752990097309487,4.229404140654708e-13,0.006405359865128095,2.1563796559328875e-12,1.5538973820757955e-07,8.158040547252442e-06,3.18112159007963e-15,4.2476471865936455e-13,1.9054665872406402
2159,2.1590000000000003,1641.4990835124624,5100000.0,0.17046434750522366,0.0009999999999998899,0.005866329321263182,0,59,0,1e-08,0.005866329321263182,0.48043531905298015,0.25213261748169946,0.03430106777337434,0.01917485993433316,0.20752686600258463,4.2248828515908737e-13,0.0064053438393018814,2.15410578646919e-12,1.5529534061763663e-07,8.154313720765158e-06,3.177678788971072e-15,4.2443682130989664e-13,1.9054865802432388
2160,2.16,1641.4532908540837,5100000.0,0.17046001776909186,0.0009999999999998899,0.005866478327806509,0,59,0,1e-08,0.005866478327806509,0.4804391346106957,0.2521319750042301,0.03430224582799916,0.01917356720532908,0.20752383283014364,4.2203669947871385e-13,0.006405327830930837,2.1518345914080527e-12,1.5520101224460359e-07,8.150588992671885e-06,3.174240161968358e-15,4.2410922134140045e-13,1.9055065689412665
2161,2.161,1641.4075057932257,5100000.0,0.17045568833796687,0.0009999999999998899,0.0058666273314221355,0,59,0,1e-08,0.0058666273314221355,0.48044294750702626,0.2521313317356414,0.03430342409129898,0.01917227588536587,0.20752080146874932,4.215856560328173e-13,0.006405311839992822,2.1495660665071325e-12,1.551067529999675e-07,8.146866359904884e-06,3.1708057011982288e-15,4.237819183629e-13,1.9055265531646364
2162,2.162,1641.3617283240985,5100000.0,0.17045135921027746,0.001000000000000334,0.005866776332165724,0,59,0,1e-08,0.005866776332165724,0.48044675775064744,0.2521306876716371,0.034304602568307384,0.0191709859726556,0.2075177719108064,4.211351540801298e-13,0.006405295866465712,2.1473002080420414e-12,1.5501256281211509e-07,8.14314582083168e-06,3.1673754010181207e-15,4.2345491201318067e-13,1.9055465329803813
2163,2.1630000000000003,1641.3159584383816,5100000.0,0.17044703038604883,0.0009999999999998899,0.005866925330027577,0,59,0,1e-08,0.005866925330027577,0.4804505653468217,0.25213004281133017,0.0343057812606492,0.019169697465412937,0.2075147441521283,4.2068519283951376e-13,0.006405279910327371,2.1450370122104486e-12,1.549184416067627e-07,8.139427373585033e-06,3.1639492554286932e-15,4.231282019267258e-13,1.9055665084162325
2164,2.164,1641.270196124776,5100000.0,0.17044270186504293,0.0009999999999998899,0.0058670743250226875,0,59,0,1e-08,0.0058670743250226875,0.4804543702968044,0.25212939715782956,0.034306960165953984,0.019168410361856777,0.20751171819253328,4.2023577148323316e-13,0.006405263971555826,2.1427764751181478e-12,1.5482438930649227e-07,8.135711016022578e-06,3.1605272580123504e-15,4.228017877330691e-13,1.9055864794538278
2165,2.165,1641.2244413785158,5100000.0,0.17043837364670944,0.0009999999999998899,0.005867223317166382,0,59,0,1e-08,0.005867223317166382,0.48045817261058194,0.2521287507055133,0.034308139290578125,0.019167124660205797,0.20750869402310987,4.19786889289971e-13,0.006405248050128983,2.1405185930935026e-12,1.5473040584109908e-07,8.131996746611328e-06,3.1571094032996997e-15,4.224756690746165e-13,1.905606446175421
2166,2.166,1641.1786941809441,5100000.0,0.1704340457311784,0.001000000000000334,0.005867372306455779,0,59,0,1e-08,0.005867372306455779,0.48046197227947546,0.25212810346740544,0.03430931862223119,0.019165840358687364,0.20750567165360734,4.19338545316134e-13,0.00640523214602493,2.1382633620129115e-12,1.5463649112539562e-07,8.128284562527634e-06,3.153695683835293e-15,4.221498455683647e-13,1.905626408448309
2167,2.1670000000000003,1641.1329545294213,5100000.0,0.17042971811713314,0.0009999999999998899,0.005867521292927379,0,59,0,1e-08,0.005867521292927379,0.48046576931626006,0.2521274554350784,0.034310498170074685,0.019164557455526483,0.20750265107231924,4.188907388771337e-13,0.006405216259221667,2.1360107782882816e-12,1.545426450917171e-07,8.12457446243967e-06,3.1502860944739044e-15,4.2182431686198987e-13,1.9056463663870102
2168,2.168,1641.0872224178722,5100000.0,0.17042539080492114,0.0009999999999998899,0.005867670276576031,0,59,0,1e-08,0.005867670276576031,0.48046956372910316,0.25212680660471015,0.034311677938664104,0.01916327594894999,0.20749963227214763,4.184434692343055e-13,0.006405200389697276,2.1337608382242746e-12,1.5444886766875358e-07,8.120866444697468e-06,3.146880629585377e-15,4.214990825972483e-13,1.9056663200529633
2169,2.169,1641.0414978241745,5100000.0,0.17042106379453298,0.0009999999999998899,0.005867819257398447,0,59,0,1e-08,0.005867819257398447,0.4804733555045891,0.25212615699403645,0.034312857910991125,0.01916199583719532,0.20749661526757382,4.179967353925634e-13,0.006405184537429938,2.131513537603673e-12,1.543551587678927e-07,8.117160506161392e-06,3.1434792812498165e-15,4.2117414238649937e-13,1.9056862692590588
2170,2.17,1640.995780741132,5100000.0,0.1704167370842889,0.001000000000000334,0.0058679682354540645,0,59,0,1e-08,0.0058679682354540645,0.4804771446492994,0.2521255066007961,0.03431403809004535,0.019160717118499176,0.20749360005308035,4.175505365980564e-13,0.006405168702397836,2.1292688727083862e-12,1.542615183168554e-07,8.113456645081288e-06,3.140082043697889e-15,4.20849495870758e-13,1.9057062140486436
2171,2.1710000000000003,1640.9500711723285,5100000.0,0.1704124106740598,0.0009999999999998899,0.005868117210738513,0,59,0,1e-08,0.005868117210738513,0.4804809311842707,0.2521248554082816,0.03431521849326619,0.019159439791094274,0.20749058660869338,4.1710487227059685e-13,0.006405152884579085,2.1270268401804023e-12,1.5416794625514162e-07,8.10975486070887e-06,3.136688912707987e-15,4.205251427117666e-13,1.9057261546315922
2172,2.172,1640.9043690950875,5100000.0,0.17040808456483644,0.0009999999999998899,0.005868266183224496,0,59,0,1e-08,0.005868266183224496,0.4804847150952801,0.2521242034350177,0.03431639910285506,0.019158163853225676,0.20748757494969527,4.1665974141058305e-13,0.006405137083951976,2.1247874358049357e-12,1.5407444249386872e-07,8.106055149859605e-06,3.133299880314663e-15,4.2020108252263437e-13,1.9057460908116262
2173,2.173,1640.8586745054163,5100000.0,0.17040375875487856,0.0009999999999998899,0.005868415152968334,0,59,0,1e-08,0.005868415152968334,0.48048849639314045,0.2521235506744959,0.03431757992604596,0.019156889303136162,0.20748456506633323,4.162151433189761e-13,0.006405121300494766,2.122550655988134e-12,1.539810069645433e-07,8.102357511085042e-06,3.1299149412321356e-15,4.1987731495216586e-13,1.9057660226809798
2174,2.174,1640.8129873898642,5100000.0,0.17039943324438744,0.001000000000000334,0.00586856411996471,0,59,0,1e-08,0.00586856411996471,0.4804922750759379,0.25212289713292535,0.034318760957353166,0.019155616139074,0.20748155696158005,4.157710771465993e-13,0.00640510553418573,2.1203164968321733e-12,1.5388763958852643e-07,8.0986619420608e-06,3.126534088833322e-15,4.195538396320653e-13,1.9057859501852805
2175,2.1750000000000003,1640.7673077445052,5100000.0,0.1703951080325804,0.0009999999999998899,0.005868713084231766,0,59,0,1e-08,0.005868713084231766,0.48049605115452065,0.25212224280374884,0.034319942204058596,0.019154344359286944,0.2074785506256426,4.1532754219776544e-13,0.006405089785003211,2.1180849547580946e-12,1.5379434029760224e-07,8.094968441347607e-06,3.1231573178584755e-15,4.1923065621247026e-13,1.9058058734172743
2176,2.176,1640.7216355605078,5100000.0,0.17039078311966302,0.0009999999999998899,0.0058688620457692485,0,59,0,1e-08,0.0058688620457692485,0.4804998246331559,0.25212158768698395,0.034321123666868056,0.019153073962025993,0.2074755460553075,4.148845376996e-13,0.006405074052925582,2.1158560260317563e-12,1.537011090183215e-07,8.0912770070526e-06,3.1197846223578066e-15,4.189077643347852e-13,1.9058257923939061
2177,2.177,1640.6759708208326,5100000.0,0.17038645850533107,0.0009999999999998899,0.005869011004584039,0,59,0,1e-08,0.005869011004584039,0.48050359550503746,0.25212093179370815,0.034322305335425116,0.01915180494554926,0.2074725432584333,4.1444206274976076e-13,0.00640505833793126,2.1136297066581343e-12,1.5360794566849708e-07,8.087587636524661e-06,3.1164159952247518e-15,4.1858516362585347e-13,1.9058457070045969
2178,2.178,1640.630313523862,5100000.0,0.17038213418842496,0.0009999999999998899,0.005869159960715092,0,59,0,1e-08,0.005869159960715092,0.4805073637840437,0.25212027511431556,0.034323487220056584,0.01915053730811202,0.20746954222219205,4.1400011669282743e-13,0.006405042639998677,2.1114059931524356e-12,1.5351485018271622e-07,8.0839003285426e-06,3.1130514315533252e-15,4.182628537418932e-13,1.9058656173771569
2179,2.179,1640.584663659834,5100000.0,0.17037781016938783,0.001000000000000334,0.005869308914148765,0,59,0,1e-08,0.005869308914148765,0.4805111294730983,0.2521196176501469,0.034324669320139806,0.019149271047973964,0.20746654294471145,4.1355869874477095e-13,0.006405026959106271,2.109184881769783e-12,1.5342182248685431e-07,8.08021508113235e-06,3.1096909252886127e-15,4.1794083432441527e-13,1.905885523513201
2180,2.18,1640.539021211935,5100000.0,0.170373486447816,0.0009999999999998899,0.005869457864890155,0,59,0,1e-08,0.005869457864890155,0.4805148925656414,0.2521189594120123,0.03432585162558146,0.019148006163401447,0.20746354543359874,4.1311780801107934e-13,0.006405011295232592,2.106966368542614e-12,1.5332886249929462e-07,8.076531891669875e-06,3.1063344693887197e-15,4.1761910500252175e-13,1.905905425305143
2181,2.181,1640.4933861761313,5100000.0,0.1703691630225708,0.0009999999999998899,0.0058696068129853295,0,59,0,1e-08,0.0058696068129853295,0.4805186530722174,0.2521183003936181,0.03432703414339419,0.019146742652659438,0.2074605496793526,4.1267744380130535e-13,0.006404995648356166,2.1047504499260947e-12,1.5323597015232462e-07,8.072850758714728e-06,3.1029820586297445e-15,4.172976654296445e-13,1.9059253228425335
2182,2.182,1640.4477585446236,5100000.0,0.17036483989384074,0.0009999999999998899,0.005869755758424208,0,59,0,1e-08,0.005869755758424208,0.4805224109983045,0.2521176405937291,0.0343282168755287,0.019145480514015732,0.2074575556775407,4.122376053664252e-13,0.006404980018455569,2.102537122259064e-12,1.5314314537427178e-07,8.069171680479474e-06,3.0996336872635432e-15,4.169765152528587e-13,1.9059452161565902
2183,2.183,1640.4021383070638,5100000.0,0.17036051706142236,0.001000000000000334,0.0058699047012154264,0,59,0,1e-08,0.0058699047012154264,0.4805261663459448,0.25211698001453986,0.034329399820503446,0.019144219745741847,0.20745456342716526,4.117982919182147e-13,0.006404964405509386,2.1003263818036015e-12,1.530503880908092e-07,8.065494654942986e-06,3.096289349190938e-15,4.166556541150214e-13,1.9059651052389741
2184,2.184,1640.3565254485554,5100000.0,0.1703561945248474,0.0009999999999998899,0.005870053641366321,0,59,0,1e-08,0.005870053641366321,0.4805299191110485,0.25211631866436246,0.03433058297071942,0.01914296034611462,0.20745157293335462,4.1135950259792867e-13,0.006404948809496307,2.0981182246807815e-12,1.5295769822281504e-07,8.061819679666042e-06,3.0929490376818913e-15,4.163350816511134e-13,1.905984990010776
2185,2.185,1640.3109199661963,5100000.0,0.1703518722831722,0.0009999999999998899,0.005870202578916255,0,59,0,1e-08,0.005870202578916255,0.4805336693055713,0.252115656535467,0.03433176633462071,0.019141702313409416,0.20744858418519233,4.109212367376132e-13,0.006404933230394973,2.0959126474077743e-12,1.528650757042252e-07,8.058146753318454e-06,3.089612747705829e-15,4.1601479751915575e-13,1.9060048705780037
2186,2.186,1640.2653218537791,5100000.0,0.17034755033669885,0.0009999999999998899,0.005870351513851237,0,59,0,1e-08,0.005870351513851237,0.48053741693704194,0.2521149936245433,0.03433294991622832,0.0191404456459037,0.20744559717618874,4.104834936181273e-13,0.006404917668184069,2.093709646399746e-12,1.5277252046547538e-07,8.054475874266287e-06,3.0862804737742175e-15,4.156948013714097e-13,1.906024746995697
2187,2.187,1640.2197310911104,5100000.0,0.17034322868538646,0.001000000000000334,0.005870500446174312,0,59,0,1e-08,0.005870500446174312,0.48054116199419716,0.25211432994705696,0.034334133700785495,0.01913919034188407,0.20744261191864186,4.1004627230115117e-13,0.006404902122842395,2.0915092176260275e-12,1.5268003242207278e-07,8.050807039587037e-06,3.0829522084421655e-15,4.1537509283484556e-13,1.9060446191024087
2188,2.188,1640.1741476730567,5100000.0,0.17033890732773832,0.0009999999999998899,0.005870649375928267,0,59,0,1e-08,0.005870649375928267,0.48054490448592163,0.25211366549832287,0.03433531769368622,0.019137936399635916,0.20743962840470123,4.0960957208700135e-13,0.006404886594348753,2.0893113575499776e-12,1.5258761150585235e-07,8.047140247749389e-06,3.0796279463912295e-15,4.1505567156506034e-13,1.9060644869689476
2189,2.189,1640.1285715942154,5100000.0,0.17033458626382153,0.0009999999999998899,0.005870798303117646,0,59,0,1e-08,0.005870798303117646,0.4805486444207308,0.2521130002740226,0.03433650189995589,0.019136683817445772,0.2074366466268839,4.091733922728642e-13,0.006404871082681906,2.0871160626322357e-12,1.5249525764844448e-07,8.043475497198225e-06,3.0763076822727604e-15,4.1473653721765866e-13,1.906084350661888
2190,2.19,1640.0830028490313,5100000.0,0.17033026549367578,0.0009999999999998899,0.00587094722773751,0,59,0,1e-08,0.00587094722773751,0.48055238180692317,0.2521123342700535,0.03433768632440621,0.01913543259360163,0.2074336665779245,4.08737732154546e-13,0.006404855587820694,2.0849233293341492e-12,1.5240297078141165e-07,8.039812786365928e-06,3.072991410724299e-15,4.144176894485079e-13,1.9061042102453152
2191,2.191,1640.0374414113899,5100000.0,0.17032594501732334,0.001000000000000334,0.005871096149788729,0,59,0,1e-08,0.005871096149788729,0.4805561166251914,0.25211166750988934,0.034338870944266305,0.01913418272640395,0.20743068827815617,4.0830259070634473e-13,0.00640484010974406,2.082733153460729e-12,1.523107508143383e-07,8.036152111792982e-06,3.0696791235155105e-15,4.1409912787599963e-13,1.9061240654653204
2192,2.192,1639.991887289805,5100000.0,0.17032162483264743,0.0009999999999998899,0.005871245069335487,0,59,0,1e-08,0.005871245069335487,0.480559848902622,0.25211099997063124,0.03434005578314174,0.01913293421414344,0.2074277117015215,4.078679674473106e-13,0.006404824648430871,2.0805455319399612e-12,1.5221859769412448e-07,8.032493473210415e-06,3.066370817270461e-15,4.137808521833296e-13,1.9061439166026197
2193,2.193,1639.9463404671787,5100000.0,0.1703173049411312,0.0009999999999998899,0.005871393986333519,0,59,0,1e-08,0.005871393986333519,0.48056357863195975,0.2521103316636951,0.034341240830317414,0.019131687055120868,0.20742473685630244,4.074338614958414e-13,0.0064048092038600755,2.078360460880082e-12,1.521265113402439e-07,8.028836867992802e-06,3.0630664850399287e-15,4.1346286200672336e-13,1.906163763542273
2194,2.194,1639.900800935143,5100000.0,0.170312985341594,0.0009999999999998899,0.005871542900819958,0,59,0,1e-08,0.005871542900819958,0.48056730581762386,0.2521096625888267,0.03434242608675137,0.01913044124763786,0.20742176373910293,4.070002721085034e-13,0.0064047937760106505,2.0761779366771675e-12,1.5203449168165832e-07,8.025182294319954e-06,3.059766121104752e-15,4.13145156999199e-13,1.906183606303879
2195,2.195,1639.8552686839007,5100000.0,0.1703086660337618,0.001000000000000334,0.005871691812805903,0,59,0,1e-08,0.005871691812805903,0.48057103046208177,0.252108992747712,0.03434361155145821,0.019129196789999203,0.20741879234847935,4.065671985206404e-13,0.006404778364861633,2.0739979556876445e-12,1.51942538645901e-07,8.021529750241898e-06,3.056469719554784e-15,4.12827736811724e-13,1.9062034448846261
2196,2.196,1639.8097437083286,5100000.0,0.17030434701721064,0.0009999999999998899,0.005871840722297192,0,59,0,1e-08,0.005871840722297192,0.48057475257406507,0.2521083221357707,0.03434479722971819,0.019127953680510103,0.20741582267672104,4.061346400419342e-13,0.006404762970392039,2.0718205144239557e-12,1.5185065216561546e-07,8.017879234239998e-06,3.053177275140737e-15,4.125106011044553e-13,1.9062232793539269
2197,2.197,1639.7642259943768,5100000.0,0.17030002829200236,0.0009999999999998899,0.005871989629298564,0,59,0,1e-08,0.005871989629298564,0.48057847215028976,0.25210765076042513,0.03434598311480784,0.01912671191748177,0.20741285472813126,4.057025958436655e-13,0.0064047475925809675,2.0696456091183e-12,1.5175883216397346e-07,8.014230743976448e-06,3.0498887813781173e-15,4.1219374952162993e-13,1.9062431096427839
2198,2.198,1639.7187155357435,5100000.0,0.170295709857269,0.0009999999999998899,0.005872138533836385,0,59,0,1e-08,0.005872138533836385,0.48058218919785495,0.2521069786187153,0.03434716921038403,0.019125471499225673,0.20740988849662986,4.0527106521940963e-13,0.006404732231407521,2.0674732362576855e-12,1.5166707857255872e-07,8.010584277827492e-06,3.0466042328706832e-15,4.118771817223622e-13,1.9062629358018839
2199,2.199,1639.6732123241084,5100000.0,0.1702913917129481,0.001000000000000334,0.005872287435914466,0,59,0,1e-08,0.005872287435914466,0.48058590372110044,0.25210630571043047,0.03434835551735461,0.019124232424056108,0.20740692397889418,4.0484004743225957e-13,0.006404716886850862,2.0653033922706503e-12,1.5157539132090102e-07,8.006939833985219e-06,3.0433236239485755e-15,4.115608973627065e-13,1.9062827578501818
2200,2.2,1639.6277163487728,5100000.0,0.17028707385876551,0.0009999999999998899,0.005872436335533491,0,59,0,1e-08,0.005872436335533491,0.48058961572119535,0.2521056320385219,0.03434954203346391,0.019122994690291027,0.20740396117476848,4.0440954170964606e-13,0.006404701558890146,2.063136073515365e-12,1.514837703360663e-07,8.003297410424971e-06,3.0400469486229896e-15,4.1124489609475535e-13,1.9063025757701477
2201,2.201,1639.5822275983217,5100000.0,0.17028275629419928,0.0009999999999998899,0.0058725852327183355,0,59,0,1e-08,0.0058725852327183355,0.48059332519829356,0.25210495760695056,0.03435072875544523,0.019121758296251835,0.20740100008511195,4.0397954726901227e-13,0.006404686247504602,2.0609712763337183e-12,1.5139221554447436e-07,7.999657005058394e-06,3.0367742008140353e-15,4.109291775699083e-13,1.9063223895325871
2202,2.202,1639.5367460659697,5100000.0,0.17027843901865183,0.0009999999999998899,0.005872734127486056,0,59,0,1e-08,0.005872734127486056,0.4805970321587269,0.25210428241349514,0.034351915686213264,0.01912052324026129,0.20739804070460496,4.035500634010095e-13,0.006404670952673464,2.0588089972219672e-12,1.5130072687760406e-07,7.996018616223308e-06,3.0335053750922682e-15,4.1061374144877984e-13,1.9063421991795588
2203,2.203,1639.4912717405452,5100000.0,0.17027412203200576,0.001000000000000334,0.005872883019842369,0,59,0,1e-08,0.005872883019842369,0.48060073660292946,0.25210360646182073,0.03435310282279428,0.019119289520646003,0.20739508303382154,4.0312108932928945e-13,0.00640465567437602,2.0566492325420855e-12,1.512093042623398e-07,7.992382241856903e-06,3.0302404654300933e-15,4.1029858738436356e-13,1.9063620046852165
2204,2.204,1639.4458046164818,5100000.0,0.17026980533368744,0.0009999999999998899,0.005873031909798293,0,59,0,1e-08,0.005873031909798293,0.4806044385388335,0.25210292974809373,0.034354290169713496,0.019118057135733214,0.2073921270658397,4.026926243656935e-13,0.006404640412591593,2.0544919788408387e-12,1.5111794763164656e-07,7.98874788041177e-06,3.0269794665836527e-15,4.099837150405549e-13,1.9063818061101592
2205,2.205,1639.4003446868337,5100000.0,0.170265488923704,0.0009999999999998899,0.005873180797360469,0,59,0,1e-08,0.005873180797360469,0.4806081379725049,0.25210225227034144,0.03435547772963412,0.019116826083852248,0.20738917279560018,4.0226466780173296e-13,0.006404625167299497,2.0523372326268885e-12,1.5102665691711483e-07,7.98511553021532e-06,3.0237223731264002e-15,4.096691240792366e-13,1.9064016034935123
2206,2.206,1639.3548919371724,5100000.0,0.17026117280191955,0.0009999999999998899,0.005873329682530037,0,59,0,1e-08,0.005873329682530037,0.48061183489994297,0.2521015740366441,0.034356665495163564,0.019115596363338233,0.2073862202281088,4.0183721881422725e-13,0.006404609938479122,2.0501849901769157e-12,1.509354320424519e-07,7.981485188911507e-06,3.020469178608492e-15,4.0935481414911993e-13,1.9064213967584502
2207,2.207,1639.3094463595053,5100000.0,0.1702568569674187,0.001000000000000334,0.0058734785653402465,0,59,0,1e-08,0.0058734785653402465,0.48061552932574625,0.2521008950464806,0.03435785346751078,0.01911436797252754,0.20738326935977097,4.014102766809128e-13,0.006404594726109879,2.048035247978885e-12,1.508442729383524e-07,7.977856854735414e-06,3.0172198774769934e-15,4.0904078491138643e-13,1.9064411859273
2208,2.208,1639.2640079478745,5100000.0,0.17025254141995405,0.0009999999999998899,0.005873627445790875,0,59,0,1e-08,0.005873627445790875,0.4806192212572263,0.25210021529661136,0.03435904165060451,0.01911314090975775,0.20738032018427557,4.00983840712001e-13,0.006404579530171206,2.0458880025907668e-12,1.5075317953774844e-07,7.974230526109497e-06,3.0139744644672123e-15,4.087270360313963e-13,1.906460971053707
2209,2.209,1639.218576688388,5100000.0,0.17024822615948826,0.0009999999999998899,0.005873776323890103,0,59,0,1e-08,0.005873776323890103,0.48062291069103236,0.25209953479444835,0.0343602300377156,0.019111915173371977,0.207377372705975,4.005579100964911e-13,0.006404564350642589,2.0437432503253233e-12,1.5066215176524341e-07,7.970606200732427e-06,3.01073293323241e-15,4.0841356716059655e-13,1.9064807520684741
2210,2.21,1639.1731525749594,5100000.0,0.17024391118515986,0.0009999999999998899,0.0058739251996641146,0,59,0,1e-08,0.0058739251996641146,0.4806265976342396,0.25209885353697487,0.03436141863254601,0.019110690761713876,0.2073744269187927,4.001324841448863e-13,0.0064045491875035256,2.0416009877487397e-12,1.505711895538491e-07,7.966983877018048e-06,3.007495278506869e-15,4.0810037796530185e-13,1.906500529022624
2211,2.211,1639.127735604315,5100000.0,0.1702395964969163,0.001000000000000334,0.005874074073116402,0,59,0,1e-08,0.005874074073116402,0.48063028209769976,0.2520981715173959,0.03436260744257558,0.019109467673127004,0.20737148281287496,3.9970756221203475e-13,0.006404534040733511,2.0394612115215893e-12,1.504802928396478e-07,7.963363553638276e-06,3.0042614954185607e-15,4.0778746811746914e-13,1.9065203020107353
2212,2.212,1639.0823257600655,5100000.0,0.17023528209499758,0.0009999999999998899,0.005874222944229933,0,59,0,1e-08,0.005874222944229933,0.4806339640746506,0.2520974887465161,0.03436379645768135,0.019108245905962502,0.20736854039598027,3.9928314345215605e-13,0.006404518910312153,2.037323917895745e-12,1.5038946154487995e-07,7.959745228068994e-06,3.0010315773061744e-15,4.074748372655895e-13,1.9065400709244185
2213,2.213,1639.0369230317658,5100000.0,0.17023096797827902,0.0009999999999998899,0.005874371813050414,0,59,0,1e-08,0.005874371813050414,0.48063764356624583,0.25209680522721584,0.03436498567566327,0.01910702545857356,0.20736559966794724,3.988592271121521e-13,0.006404503796219067,2.0351891033177134e-12,1.5029869559822956e-07,7.956128898330533e-06,2.997805518332535e-15,4.071624850697363e-13,1.9065598357466103
2214,2.214,1638.991527415786,5100000.0,0.17022665414625285,0.0009999999999998899,0.005874520679591837,0,59,0,1e-08,0.005874520679591837,0.48064132058277736,0.2520961209532396,0.03436617510345931,0.01910580632931304,0.20736266061947609,3.9843581254477824e-13,0.006404488698433869,2.0330567644546467e-12,1.50207994935694e-07,7.952514563066917e-06,2.9945833136014475e-15,4.068504112028416e-13,1.9065795965655887
2215,2.215,1638.946138898474,5100000.0,0.17022234059911828,0.001000000000000334,0.005874669543849015,0,59,0,1e-08,0.005874669543849015,0.48064499512107595,0.2520954359317792,0.03436736473455459,0.019104588516539633,0.2073597232547291,3.980128989500719e-13,0.006404473616936227,2.0309268976635382e-12,1.5011735948273982e-07,7.948902220009325e-06,2.9913649568554814e-15,4.0653861532015563e-13,1.906599353314535
2216,2.216,1638.9007574776767,5100000.0,0.17021802733603275,0.0009999999999998899,0.005874818405842282,0,59,0,1e-08,0.005874818405842282,0.4806486671933557,0.2520947501546438,0.03436855457781975,0.019103372018610565,0.20735678756248,3.975904857054676e-13,0.006404458551705852,2.028799499669686e-12,1.5002678917713497e-07,7.945291867938805e-06,2.9881504434149696e-15,4.0622709709848085e-13,1.9066191061039903
2217,2.217,1638.8553831388986,5100000.0,0.17021371435734764,0.0009999999999998899,0.005874967265566417,0,59,0,1e-08,0.005874967265566417,0.48065233679526764,0.2520940636301935,0.03436974462557134,0.019102156833889414,0.20735385354806662,3.9716857200050204e-13,0.006404443502722456,2.0266745668156392e-12,1.4993628394364473e-07,7.941683504513107e-06,2.9849397669252608e-15,4.0591585619262013e-13,1.9066388548536197
2218,2.218,1638.8100158764853,5100000.0,0.17020940166213033,0.0009999999999998899,0.005875116123050085,0,59,0,1e-08,0.005875116123050085,0.48065600393429353,0.252093376354955,0.034370934881958255,0.01910094296073978,0.20735092120499352,3.967471571611776e-13,0.0064044284699658165,2.0245520957279533e-12,1.4984584371650932e-07,7.938077128197113e-06,2.981732922245641e-15,4.056048922740303e-13,1.9066585996195138
2219,2.219,1638.7646556788304,5100000.0,0.17020508925036704,0.001000000000000334,0.005875264978295457,0,59,0,1e-08,0.005875264978295457,0.4806596686099071,0.25209268833345394,0.03437212534313013,0.01909973039752982,0.20734799053477196,3.963262404236633e-13,0.0064044134534157115,2.022432082852274e-12,1.497554684237667e-07,7.93447273691526e-06,2.978529903433792e-15,4.0529420500391995e-13,1.9066783403654997
2220,2.22,1638.7193025402703,5100000.0,0.1702007771214233,0.0009999999999998899,0.005875413831315692,0,59,0,1e-08,0.005875413831315692,0.4806633308295319,0.25209199956226325,0.034373316013187126,0.019098519142628393,0.2073450615309627,3.959058211159995e-13,0.006404398453051957,2.0203145248263673e-12,1.4966515799983525e-07,7.93087032913445e-06,2.9753307053635916e-15,4.049837940548159e-13,1.906698077147088
2221,2.221,1638.6739564490804,5100000.0,0.1701964652752827,0.0009999999999998899,0.005875562682118275,0,59,0,1e-08,0.005875562682118275,0.4806669905924498,0.25209131004608715,0.034374506888098864,0.019097309194408506,0.20734213419526362,3.9548589847495387e-13,0.00640438346885443,2.018199418103807e-12,1.495749123728095e-07,7.927269902771743e-06,2.9721353220949995e-15,4.0467365908873096e-13,1.9067178099259932
2222,2.222,1638.6286173977685,5100000.0,0.17019215371129673,0.0009999999999998899,0.005875711530722074,0,59,0,1e-08,0.005875711530722074,0.48067064790357095,0.2520906197839992,0.03437569796946291,0.01909610055124493,0.20733920852374685,3.9506647180288235e-13,0.0064043685008030055,2.0160867592771855e-12,1.4948473147538983e-07,7.923671456130687e-06,2.968943748270008e-15,4.0436379977604386e-13,1.9067375387288419
2223,2.223,1638.5832853775612,5100000.0,0.17018784242925664,0.001000000000000334,0.005875860377136,0,59,0,1e-08,0.005875860377136,0.48067430276607115,0.2520899287767977,0.03437688925715139,0.019094893211514977,0.20733628451421418,3.9464754038373305e-13,0.006404353548877585,2.0139765449043302e-12,1.493946152389926e-07,7.92007498739971e-06,2.9657559783652158e-15,4.0405421578528234e-13,1.9067572635623367
2224,2.224,1638.5379603833535,5100000.0,0.17018353142881945,0.0009999999999998899,0.005876009221363158,0,59,0,1e-08,0.005876009221363158,0.4806779551880348,0.25208923702037356,0.034378080755945124,0.01909368717359686,0.2073333621595586,3.9422910355833547e-13,0.006404338613058132,2.0118687716634956e-12,1.493045635990139e-07,7.916480495102386e-06,2.962572007362275e-15,4.037449067921453e-13,1.90677698448977
2225,2.225,1638.492642397218,5100000.0,0.17017922071002264,0.0009999999999998899,0.005876158063409178,0,59,0,1e-08,0.005876158063409178,0.4806816051603349,0.2520885445278094,0.034379272453427465,0.019092482435876204,0.20733044146988353,3.938111604739957e-13,0.0064043236933246815,2.009763435838445e-12,1.492145764773945e-07,7.912887976598806e-06,2.9593918285181447e-15,4.034358724495773e-13,1.9067967013761233
2226,2.226,1638.4473314186866,5100000.0,0.17017491027156958,0.0009999999999998899,0.005876306903315322,0,59,0,1e-08,0.005876306903315322,0.48068525269720247,0.2520878512888355,0.03438046436053796,0.019091278996735725,0.20732752243193034,3.933937105440846e-13,0.006404308789657175,2.007660534263841e-12,1.4912465381462157e-07,7.90929743083643e-06,2.956215437456888e-15,4.031271124428426e-13,1.9068164143556694
2227,2.227,1638.4020274357629,5100000.0,0.1701706001139778,0.001000000000000334,0.005876455741065428,0,59,0,1e-08,0.005876455741065428,0.4806888977974025,0.2520871573086363,0.03438165647275801,0.019090076854563844,0.20732460504790706,3.929767530081936e-13,0.0064042939020356885,2.005560063420499e-12,1.4903479553911043e-07,7.905708855717452e-06,2.9530428282538787e-15,4.0281862643680753e-13,1.906836123384436
2228,2.228,1638.3567304384903,5100000.0,0.1701662902365656,0.0009999999999998899,0.005876604576674307,0,59,0,1e-08,0.005876604576674307,0.48069254046242854,0.2520864625896631,0.03438284878830153,0.019088876007751204,0.20732168931729206,3.9256028713814504e-13,0.006404279030440311,2.0034620198585947e-12,1.4894500158151379e-07,7.902122249330947e-06,2.9498739952699017e-15,4.025104141005048e-13,1.9068558284499466
2229,2.229,1638.3114404216321,5100000.0,0.17016198063886254,0.0009999999999998899,0.00587675341016514,0,59,0,1e-08,0.00587675341016514,0.4806961807000513,0.2520857671280842,0.034384041311664504,0.019087676454689218,0.2073187752332836,3.921443122780726e-13,0.006404264174851103,2.00136640028089e-12,1.4885527187756316e-07,7.898537610195471e-06,2.9467089335080277e-15,4.022024751121236e-13,1.9068755296121525
2230,2.23,1638.2661573753287,5100000.0,0.17015767132088808,0.0009999999999998899,0.005876902241533748,0,59,0,1e-08,0.005876902241533748,0.48069981851184707,0.25208507092625704,0.03438523404115251,0.01908647819377306,0.20731586279527503,3.9172882770340367e-13,0.006404249335248246,1.9992732012519957e-12,1.4876560635820536e-07,7.894954936411983e-06,2.9435476373581e-15,4.018948091419652e-13,1.906895226859615
2231,2.231,1638.220881289795,5100000.0,0.17015336228218017,0.001000000000000334,0.0058770510707978054,0,59,0,1e-08,0.0058770510707978054,0.48070345389945796,0.25208437398646466,0.034386426975145816,0.01908528122340051,0.20731295200258937,3.9131383269187877e-13,0.0064042345116118934,1.9971824193449058e-12,1.48676004954573e-07,7.891374226089671e-06,2.940390101228882e-15,4.015874158610303e-13,1.9069149201817195
2232,2.232,1638.175612157897,5100000.0,0.1701490535222832,0.0009999999999998899,0.005877199897964328,0,59,0,1e-08,0.005877199897964328,0.48070708686804947,0.25208367630746287,0.034387620115550695,0.019084085541971114,0.20731004285102578,3.9089932656218834e-13,0.006404219703922237,1.9950940512202078e-12,1.4858646760066797e-07,7.887795477579485e-06,2.9372363198920734e-15,4.0128029494560794e-13,1.9069346096085091
2233,2.233,1638.1303499681094,5100000.0,0.17014474504101634,0.0009999999999998899,0.005877348723046501,0,59,0,1e-08,0.005877348723046501,0.48071071741688776,0.2520829778938991,0.034388813458378596,0.019082891147888578,0.2073071353422827,3.9048530856813606e-13,0.006404204912159503,1.9930080934087033e-12,1.4849699422599195e-07,7.884218688836287e-06,2.9340862875404376e-15,4.009734460646649e-13,1.9069542951020568
2234,2.234,1638.0850947177598,5100000.0,0.17014043683774213,0.0009999999999998899,0.005877497546062845,0,59,0,1e-08,0.005877497546062845,0.48071434555708015,0.25208227873857747,0.034390007011486076,0.019081698039555485,0.20730422946621493,3.9007177809778133e-13,0.006404190136303953,1.9909245427204503e-12,1.4840758476942963e-07,7.880643858617734e-06,2.9309399995598813e-15,4.0066686890361624e-13,1.9069739767610008
2235,2.235,1638.0398463874476,5100000.0,0.17013612891274185,0.001000000000000334,0.005877646367005367,0,59,0,1e-08,0.005877646367005367,0.48071797127728993,0.2520815788567282,0.03439120076029993,0.019080506215383555,0.2073013252351181,3.8965873428877703e-13,0.006404175376335904,1.988843395454063e-12,1.4831823915238852e-07,7.877070984169534e-06,2.9277974491065074e-15,4.0036056311821415e-13,1.9069936544252934
2236,2.236,1637.994604977588,5100000.0,0.17013182126455653,0.0009999999999998899,0.005877795185915754,0,59,0,1e-08,0.005877795185915754,0.4807215945927071,0.25208087823706166,0.03439239471676637,0.019079315673780267,0.2072984226347629,3.8924617657771226e-13,0.0064041606322356595,1.986764648526513e-12,1.4822895731719428e-07,7.87350006453146e-06,2.9246586319949522e-15,4.000545284005545e-13,1.9070133282407375
2237,2.237,1637.949370481251,5100000.0,0.17012751389378747,0.0009999999999998899,0.00587794400278018,0,59,0,1e-08,0.00587794400278018,0.48072521550866437,0.252080176878138,0.03439358888298426,0.019078126413156808,0.20729552166077303,3.8883410429170313e-13,0.006404145903983562,1.984688298632927e-12,1.4813973919854228e-07,7.86993109807991e-06,2.921523543064211e-15,3.9974876442997073e-13,1.9070329982395213
2238,2.238,1637.904142883336,5100000.0,0.17012320680027013,0.0009999999999998899,0.005878092817600838,0,59,0,1e-08,0.005878092817600838,0.480728834019532,0.2520794747894686,0.03439478325009607,0.01907693843192988,0.20729262231973483,3.884225166366015e-13,0.006404131191560025,1.9826143422222015e-12,1.480505847226376e-07,7.866364082454762e-06,2.9183921760726975e-15,3.9944327087153847e-13,1.9070526643274959
2239,2.239,1637.8589221807251,5100000.0,0.17011889998299096,0.001000000000000334,0.005878241630414476,0,59,0,1e-08,0.005878241630414476,0.4807324501357089,0.25207877196453377,0.03439597782527553,0.019075751728515132,0.20728972460220524,3.8801141299891455e-13,0.006404116494945433,1.9805427761183534e-12,1.47961493828364e-07,7.862799016380126e-06,2.915264526384865e-15,3.9913804741250966e-13,1.907072326595377
2240,2.24,1637.8137083605252,5100000.0,0.17011459344218074,0.0009999999999998899,0.005878390441204411,0,59,0,1e-08,0.005878390441204411,0.4807360638544651,0.2520780684099341,0.03439717260257535,0.019074566301333463,0.20728682851186567,3.8760079261981853e-13,0.006404101814120236,1.9784735968498682e-12,1.4787246644443973e-07,7.859235897698392e-06,2.9121405880702836e-15,3.988330937229984e-13,1.9070919849825376
2241,2.241,1637.7685014131594,5100000.0,0.1701102871770534,0.0009999999999998899,0.00587853925000476,0,59,0,1e-08,0.00587853925000476,0.48073967517749694,0.25207736412783754,0.03439836758047933,0.01907338214880834,0.2072839340479724,3.8719065479138575e-13,0.006404087149064932,1.9764068010533735e-12,1.4778350250317e-07,7.855674724553664e-06,2.909020355650191e-15,3.9852840947970667e-13,1.9071116394794436
2242,2.242,1637.7233013324637,5100000.0,0.170105981187166,0.0009999999999998899,0.005878688056827346,0,59,0,1e-08,0.005878688056827346,0.48074328411104195,0.25207665911586746,0.03439956276201598,0.01907219926936408,0.20728104120523683,3.8678099885764087e-13,0.0064040724997600105,1.9743423854757913e-12,1.4769460194051622e-07,7.852115495399012e-06,2.905903824106271e-15,3.9822399436594323e-13,1.9071312901289583
2243,2.243,1637.6781081177173,5100000.0,0.17010167547243013,0.001000000000000334,0.005878836861676961,0,59,0,1e-08,0.005878836861676961,0.48074689066862397,0.2520759533643588,0.034400758157501085,0.01907101766142415,0.20727814997108526,3.863718242447344e-13,0.006404057866185966,1.9722803470362352e-12,1.4760576469823263e-07,7.848558209179441e-06,2.902790989149559e-15,3.979198480753404e-13,1.9071509370579938
2244,2.244,1637.632921744674,5100000.0,0.17009737003332243,0.0009999999999998899,0.005878985664528428,0,59,0,1e-08,0.005878985664528428,0.4807504948322245,0.2520752468951676,0.03440195374572564,0.01906983732342335,0.20727526036448243,3.859631300293634e-13,0.006404043248323438,1.970220681937924e-12,1.4751699069352834e-07,7.845002862720979e-06,2.8996818433803647e-15,3.976159702596647e-13,1.9071705800298504
2245,2.245,1637.5877422202902,5100000.0,0.17009306486787282,0.0009999999999998899,0.0058791344654567975,0,59,0,1e-08,0.0058791344654567975,0.4807540966255881,0.25207453968840343,0.034403149547230005,0.019068658253788923,0.20727237236263174,3.855549157539593e-13,0.006404028646152948,1.9681633873464614e-12,1.4742827987638618e-07,7.841449455663205e-06,2.896576383541001e-15,3.973123606274424e-13,1.90719021928935
2246,2.246,1637.5425695214692,5100000.0,0.1700887599773546,0.0009999999999998899,0.005879283264414584,0,59,0,1e-08,0.005879283264414584,0.48075769603220203,0.25207383176440423,0.034404345542322634,0.01906748045096002,0.20726948598298683,3.851471805149649e-13,0.0064040140596551805,1.966108459512155e-12,1.4733963216541189e-07,7.837897984939862e-06,2.89347460240492e-15,3.9700901883355507e-13,1.907209854617248
2247,2.247,1637.4974036456993,5100000.0,0.17008445535991495,0.001000000000000334,0.005879432061467572,0,59,0,1e-08,0.005879432061467572,0.4807612930630782,0.25207312311598784,0.034405541738831216,0.019066303913373023,0.20726660121547966,3.8473992371603776e-13,0.006403999488810794,1.964055895321575e-12,1.4725104750086584e-07,7.834348449340243e-06,2.8903764954766026e-15,3.967059445705183e-13,1.9072294861117056
2248,2.248,1637.452244593519,5100000.0,0.17008015101584045,0.0009999999999998899,0.005879580856597162,0,59,0,1e-08,0.005879580856597162,0.48076488773330317,0.2520724137318999,0.034406738148656864,0.019065128639463417,0.20726371804596622,3.8433314480674427e-13,0.006403984933600438,1.9620056917589797e-12,1.471625258262572e-07,7.830800847928564e-06,2.8872820586676647e-15,3.964031375367863e-13,1.9072491139178633
2249,2.249,1637.4070923436866,5100000.0,0.17007584694573447,0.0009999999999998899,0.005879729649789465,0,59,0,1e-08,0.005879729649789465,0.4807684800287782,0.25207170363005105,0.034407934754532146,0.019063954627676644,0.20726083648948398,3.839268429148421e-13,0.0064039703940048645,1.959957845149325e-12,1.470740670624415e-07,7.827255177811534e-06,2.884191285025578e-15,3.961005973921868e-13,1.9072687378444122
2250,2.25,1637.3619468967656,5100000.0,0.1700715431479352,0.0009999999999998899,0.0058798784410984545,0,59,0,1e-08,0.0058798784410984545,0.48077206996458205,0.2520709927991791,0.03440913156836163,0.019062781876454177,0.20725795653189444,3.8352101749230065e-13,0.006403955870004776,1.9579123524883817e-12,1.469856711531347e-07,7.823711438058424e-06,2.8811041704804753e-15,3.9579832383621487e-13,1.9072883580365212
2251,2.251,1637.3168082379339,5100000.0,0.17006723962304707,0.001000000000000334,0.0058800272305049904,0,59,0,1e-08,0.0058800272305049904,0.480775657535173,0.25207028124862885,0.034410328581444466,0.019061610384244466,0.20725507817967379,3.8311566776443703e-13,0.006403941361580982,1.9558692103083104e-12,1.4689733802607483e-07,7.820169626356755e-06,2.8780207089443606e-15,3.954963165412238e-13,1.9073079744016361
2252,2.2520000000000002,1637.2716763639207,5100000.0,0.17006293637007297,0.0009999999999998899,0.0058801760180348505,0,59,0,1e-08,0.0058801760180348505,0.4807792427504352,0.25206956897231847,0.03441152580050277,0.019060440149494786,0.20725220142387502,3.827107931283314e-13,0.0064039268687142515,1.9538284154988365e-12,1.4680906762116714e-07,7.816629741433434e-06,2.8749408958562343e-15,3.951945752009227e-13,1.9073275870251238
2253,2.253,1637.2265512672993,5100000.0,0.17005863338921703,0.0009999999999998899,0.005880324803687957,0,59,0,1e-08,0.005880324803687957,0.48078282561469593,0.25206885596971895,0.034412723226706056,0.019059271170655406,0.20724932626110562,3.8230639292067843e-13,0.006403912391385431,1.9517899648280066e-12,1.4672085987404475e-07,7.813091781643424e-06,2.8718647261160193e-15,3.948930995019077e-13,1.907347195928292
2254,2.254,1637.1814329287124,5100000.0,0.17005433068025036,0.0009999999999998899,0.005880473587468756,0,59,0,1e-08,0.005880473587468756,0.480786406116264,0.2520681422563031,0.03441392084522071,0.01905810344618404,0.2072464527039868,3.8190246630337966e-13,0.006403897929575414,1.9497538547075823e-12,1.4663271470802243e-07,7.809555744272429e-06,2.8687921930681323e-15,3.945918891100196e-13,1.9073668009478166
2255,2.255,1637.1363213530828,5100000.0,0.17005002824170234,0.001000000000000334,0.0058806223694298585,0,59,0,1e-08,0.0058806223694298585,0.4807899842759359,0.2520674278150632,0.03441511867369183,0.01905693697453296,0.20724358073265708,3.8149901279730613e-13,0.006403883483265052,1.947720082291827e-12,1.4654463207179288e-07,7.806021628786662e-06,2.8657232932472948e-15,3.942909437351054e-13,1.9073864022950313
2256,2.2560000000000002,1637.09121652812,5100000.0,0.17004572607462598,0.0009999999999998899,0.0058807711495261665,0,59,0,1e-08,0.0058807711495261665,0.480793560091463,0.25206671265202585,0.03441631670673145,0.01905577175416064,0.2072407103502933,3.8109603167065466e-13,0.006403869052435256,1.945688644217497e-12,1.46456611896197e-07,7.802489433108875e-06,2.8626580209403642e-15,3.939902630565862e-13,1.9074059999155502
2257,2.257,1637.0461184383587,5100000.0,0.1700414241782842,0.0009999999999998899,0.005880919927790153,0,59,0,1e-08,0.005880919927790153,0.48079713355629333,0.25206599677750785,0.03441751493465752,0.019054607783530783,0.20723784156437453,3.8069352214615023e-13,0.006403854637067011,1.943659537031467e-12,1.4636865410888777e-07,7.798959154879331e-06,2.8595963700278464e-15,3.936898467488252e-13,1.9074255937054476
2258,2.258,1637.0010270892012,5100000.0,0.17003712255160866,0.0009999999999998899,0.0058810687042553066,0,59,0,1e-08,0.0058810687042553066,0.4808007046918122,0.25206528017389923,0.034418713375716906,0.019053445061101924,0.20723497435444496,3.802914837542105e-13,0.006403840237141265,1.941632757917293e-12,1.4628075865930097e-07,7.795430793610002e-06,2.856538337125359e-15,3.9338969452393887e-13,1.9074451838829565
2259,2.259,1636.9559424578774,5100000.0,0.1700328211956998,0.001000000000000334,0.005881217478885332,0,59,0,1e-08,0.005881217478885332,0.48080427348165006,0.2520645628613212,0.03441991201042115,0.019052283585343787,0.20723210873779907,3.798899156125225e-13,0.006403825852639067,1.9396083032119874e-12,1.461929254676806e-07,7.791904346289764e-06,2.853483915176819e-15,3.9308980604425506e-13,1.9074647702310104
2260,2.2600000000000002,1636.9108645462645,5100000.0,0.1700285201087281,0.0009999999999998899,0.005881366251734827,0,59,0,1e-08,0.005881366251734827,0.4808078399424386,0.2520638448269013,0.03442111085227795,0.01905112335472149,0.2072292446987276,3.7948881720168107e-13,0.006403811483541446,1.937586170002641e-12,1.4610515447995507e-07,7.788379812117123e-06,2.8504331003516e-15,3.9279018101651246e-13,1.9074843529131345
2261,2.261,1636.8657933375382,5100000.0,0.1700242192914259,0.0009999999999998899,0.005881515022785454,0,59,0,1e-08,0.005881515022785454,0.48081140406571815,0.2520631260828427,0.034422309889714175,0.019049964367708085,0.20722638224661422,3.790881877289795e-13,0.006403797129829458,1.9355663548174433e-12,1.4601744562274704e-07,7.784857188617264e-06,2.847385886387631e-15,3.9249081911470006e-13,1.907503931803557
2262,2.262,1636.8207288329763,5100000.0,0.1700199187425804,0.0009999999999998899,0.005881663792075712,0,59,0,1e-08,0.005881663792075712,0.480814965867265,0.252062406617116,0.03442350913539277,0.019048806622773213,0.20722352136660346,3.786880266679378e-13,0.006403782791484212,1.9335488547356103e-12,1.459297988415409e-07,7.781336474936984e-06,2.84434226938839e-15,3.9219172004554765e-13,1.9075235070560335
2263,2.263,1636.7756710153672,5100000.0,0.1700156184628595,0.001000000000000334,0.005881812559584268,0,59,0,1e-08,0.005881812559584268,0.4808185253380758,0.25206168644245674,0.03442470857720682,0.019047650118394426,0.2072206620686187,3.782883332225565e-13,0.006403768468486839,1.93153366628456e-12,1.4584221406272435e-07,7.777817668570486e-06,2.8413022430597972e-15,3.918928834832584e-13,1.9075430785386023
2264,2.2640000000000002,1636.7306198790545,5100000.0,0.17001131845100872,0.0009999999999998899,0.0058819613253458455,0,59,0,1e-08,0.0058819613253458455,0.4808220824845816,0.25206096555616264,0.03442590821848813,0.01904649485304919,0.20721780434714687,3.7788910676689257e-13,0.006403754160818527,1.929520786345477e-12,1.4575469122478032e-07,7.774300768047024e-06,2.8382658026182363e-15,3.915943091232529e-13,1.907562646297361
2265,2.265,1636.6855754201067,5100000.0,0.1700070187069729,0.0009999999999998899,0.005882110089369354,0,59,0,1e-08,0.005882110089369354,0.48082563731551675,0.25206024395322946,0.03442710806486966,0.019045340825215425,0.2072149481943715,3.774903467010712e-13,0.006403739868460408,1.9275102118561076e-12,1.4566723026805e-07,7.770785772050996e-06,2.8352329435100666e-15,3.9129599666443333e-13,1.9075822104049673
2266,2.266,1636.6405376274402,5100000.0,0.17000271923087718,0.0009999999999998899,0.005882258851647017,0,59,0,1e-08,0.005882258851647017,0.48082918983003137,0.2520595216382256,0.03442830811241109,0.019044188033375646,0.20721209361205709,3.7709205232192035e-13,0.00640372559139371,1.925501939544442e-12,1.455798311255384e-07,7.767272678629212e-06,2.832203660262552e-15,3.909979457933918e-13,1.9076017708236108
2267,2.267,1636.5955064974958,5100000.0,0.16999842002210086,0.001000000000000334,0.005882407612202088,0,59,0,1e-08,0.005882407612202088,0.4808327400373034,0.25205879860569114,0.03442950836719953,0.019043036476012146,0.2072092405919409,3.766942230367914e-13,0.006403711329599639,1.9234959663697316e-12,1.4549249373815033e-07,7.763761486501632e-06,2.829177948383336e-15,3.9070015621070713e-13,1.9076213276311589
2268,2.2680000000000002,1636.5504820091817,5100000.0,0.16999412108080553,0.0009999999999998899,0.005882556371020306,0,59,0,1e-08,0.005882556371020306,0.4808362879230382,0.25205807487361986,0.03443070881186492,0.019041886151616005,0.20720638914922976,3.762968579991704e-13,0.006403697083059538,1.9214922887711123e-12,1.4540521802872603e-07,7.760252192825329e-06,2.8261558011227456e-15,3.90402627586209e-13,1.9076408806348542
2269,2.269,1636.505464169419,5100000.0,0.16998982240532862,0.0009999999999998899,0.00588270512816621,0,59,0,1e-08,0.00588270512816621,0.48083983351039816,0.2520573504225607,0.03443190946648446,0.019040737058671712,0.20720353926167345,3.758999567707808e-13,0.006403682851754655,1.919490904032268e-12,1.4531800394918842e-07,7.756744797258183e-06,2.823137215357795e-15,3.901053596401011e-13,1.9076604300739328
2270,2.27,1636.4604529604396,5100000.0,0.1699855239969195,0.0009999999999998899,0.0058828538835931235,0,59,0,1e-08,0.0058828538835931235,0.4808433767894869,0.2520566252661004,0.034433110318094096,0.019039589195672998,0.20720069094007768,3.755035185555666e-13,0.006403668635666346,1.917491808702695e-12,1.4523085142599804e-07,7.7532392972568e-06,2.8201221847842838e-15,3.898083520491327e-13,1.9076799758064384
2271,2.271,1636.415448378763,5100000.0,0.1699812258542595,0.001000000000000334,0.005883002637348466,0,59,0,1e-08,0.005883002637348466,0.48084691776950905,0.25205589939872897,0.03443431137282726,0.01903844256111213,0.20719784417614703,3.751075427660156e-13,0.006403654434775953,1.9154949997648234e-12,1.4514376040048736e-07,7.749735691553625e-06,2.8171107049499906e-15,3.8951160451595023e-13,1.9076995179107235
2272,2.2720000000000002,1636.3704504109883,5100000.0,0.16997692797751482,0.0009999999999998899,0.005883151389417825,0,59,0,1e-08,0.005883151389417825,0.4808504564463859,0.25205517282820683,0.034435512623544336,0.019037297153486628,0.20719499897486673,3.747120286718304e-13,0.0064036402490648785,1.9135004739096646e-12,1.4505673080380976e-07,7.74623397799849e-06,2.814102770132565e-15,3.892151167260124e-13,1.9077190563120043
2273,2.273,1636.3254590533695,5100000.0,0.16997263036581942,0.0009999999999998899,0.005883300139838187,0,59,0,1e-08,0.005883300139838187,0.4808539928289132,0.2520544455494205,0.034436714075980444,0.019036152971293838,0.20719215532834717,3.743169756835026e-13,0.00640362607851452,1.911508228122086e-12,1.449697625771977e-07,7.742734155302552e-06,2.81109837585945e-15,3.889188883825034e-13,1.9077385910840117
2274,2.274,1636.2804742981305,5100000.0,0.1699683330193102,0.0009999999999998899,0.00588344888860138,0,59,0,1e-08,0.00588344888860138,0.480857526920492,0.2520537175626436,0.03443791573048149,0.019035010013033798,0.2071893132340923,3.7392238315417527e-13,0.006403611923106331,1.9095182592713654e-12,1.4488285565779043e-07,7.73923622181937e-06,2.80809751714661e-15,3.886229191818419e-13,1.9077581222383009
2275,2.275,1636.2354961352964,5100000.0,0.16996403593770415,0.001000000000000334,0.005883597635718992,0,59,0,1e-08,0.005883597635718992,0.4808610587215479,0.2520529888711172,0.034439117584424445,0.019033868277209664,0.20718647269257884,3.735282504061978e-13,0.006403597782821775,1.9075305641668335e-12,1.4479600998056057e-07,7.735740175708278e-06,2.8051001887354987e-15,3.8832720881711507e-13,1.9077776497521621
2276,2.2760000000000002,1636.1905245598682,5100000.0,0.16995973912048953,0.0009999999999998899,0.00588374638120008,0,59,0,1e-08,0.00588374638120008,0.4808645882391624,0.25205225947142484,0.03444031964184476,0.019032727762325344,0.20718363369762768,3.7313457683482797e-13,0.006403583657642345,1.905545139770756e-12,1.4470922548567763e-07,7.73224601557271e-06,2.802106386013787e-15,3.880317569906114e-13,1.9077971736796828
2277,2.277,1636.1455595609252,5100000.0,0.16995544256767012,0.0009999999999998899,0.005883895125051533,0,59,0,1e-08,0.005883895125051533,0.48086811547245906,0.25205152936810216,0.03444152189882406,0.019031588466888568,0.20718079625101682,3.727413617508284e-13,0.0064035695475495695,1.903561982874707e-12,1.4462250210731453e-07,7.728753739490813e-06,2.7991161036170092e-15,3.87736563394684e-13,1.907816693983188
2278,2.278,1636.1006011279644,5100000.0,0.1699511462786339,0.0009999999999998899,0.005884043867291109,0,59,0,1e-08,0.005884043867291109,0.4808716404210894,0.25205079856514373,0.0344427243519834,0.01903045038941032,0.20717796035399044,3.723486044721129e-13,0.006403555452525032,1.9015810902881862e-12,1.4453583978016032e-07,7.72526334557954e-06,2.7961293362429056e-15,3.874416277229324e-13,1.9078362106311908
2279,2.279,1636.0556492576222,5100000.0,0.16994685025281106,0.001000000000000334,0.005884192607940335,0,59,0,1e-08,0.005884192607940335,0.48087516309425016,0.25205006705700445,0.034443927007483374,0.019029313528401075,0.2071751259982521,3.719563044203444e-13,0.006403541372550278,1.899602459037467e-12,1.4444923844633826e-07,7.721774832591501e-06,2.7931460795096105e-15,3.8714694968201254e-13,1.9078557237022828
2280,2.2800000000000002,1636.0107039406175,5100000.0,0.1699425544903734,0.0009999999999998899,0.005884341346984613,0,59,0,1e-08,0.005884341346984613,0.480878683493204,0.2520493348460598,0.03444512986356263,0.019028177882374892,0.20717229318343378,3.7156446093302077e-13,0.006403527307606938,1.8976260859782567e-12,1.4436269804195658e-07,7.718288198755154e-06,2.790166328286117e-15,3.8685252896860185e-13,1.9078752331836255
2281,2.281,1635.9657651679497,5100000.0,0.1699382589908768,0.0009999999999998899,0.0058844900844463475,0,59,0,1e-08,0.0058844900844463475,0.4808822016195556,0.25204860193434014,0.03444633291880319,0.019027043449848527,0.20716946190882735,3.7117307335265343e-13,0.0064035132576766365,1.895651967980009e-12,1.4427621850351493e-07,7.71480344232487e-06,2.787190077484553e-15,3.8655836528038217e-13,1.9078947390663474
2282,2.282,1635.920832931782,5100000.0,0.16993396375390563,0.0009999999999998899,0.005884638820336506,0,59,0,1e-08,0.005884638820336506,0.4808857174764574,0.2520478683223242,0.03444753617334034,0.019025910229340633,0.20716663217217207,3.707821410395287e-13,0.006403499222741061,1.8936801019516136e-12,1.4418979976878048e-07,7.711320561660342e-06,2.784217322173584e-15,3.862644583175089e-13,1.9079142413594647
2283,2.283,1635.8759072232465,5100000.0,0.16992966877916402,0.001000000000000334,0.005884787554667142,0,59,0,1e-08,0.005884787554667142,0.4808892310656546,0.2520471340118882,0.03444873962590802,0.019024778219372443,0.2071638039726151,3.703916633401285e-13,0.006403485202781903,1.891710484776766e-12,1.4410344177455778e-07,7.70783955503089e-06,2.781248057298175e-15,3.8597080777885467e-13,1.907933740055829
2284,2.2840000000000003,1635.8309880393695,5100000.0,0.1699253740662483,0.0009999999999998899,0.005884936287443586,0,59,0,1e-08,0.005884936287443586,0.48089274239676466,0.2520463989970377,0.034449943283111704,0.019023647418465288,0.20716097730143182,3.700016396862523e-13,0.006403471197780874,1.889743113517974e-12,1.4401714446378154e-07,7.70436042122966e-06,2.77828227855953e-15,3.8567741337413937e-13,1.9079532352391062
2285,2.285,1635.7860753629627,5100000.0,0.1699210796153671,0.0009999999999998899,0.005885085018665649,0,59,0,1e-08,0.005885085018665649,0.4808962514603563,0.2520456632908121,0.03445114713252136,0.01902251782514745,0.20715815216894046,3.6961206930736556e-13,0.006403457207719734,1.887777984823843e-12,1.4393090776488968e-07,7.700883157791557e-06,2.7753199798602165e-15,3.8538427478849593e-13,1.9079727267733018
2286,2.286,1635.7411691958148,5100000.0,0.16991678542524982,0.0009999999999998899,0.0058852337483739185,0,59,0,1e-08,0.0058852337483739185,0.48089975827237436,0.2520449268808785,0.034452351187078394,0.019021389437943754,0.2071553285600862,3.692229517052313e-13,0.00640344323258024,1.8858150959072365e-12,1.4384473162586728e-07,7.69740776393428e-06,2.7723611575201157e-15,3.8509139174096966e-13,1.9079922148151678
2287,2.287,1635.6962695246275,5100000.0,0.16991249149659893,0.001000000000000334,0.005885382476545879,0,59,0,1e-08,0.005885382476545879,0.48090326282856105,0.2520441897750937,0.03445355543953418,0.019020262255385216,0.20715250648001204,3.6883428616698255e-13,0.006403429272344237,1.8838544435415653e-12,1.4375861597930978e-07,7.693934237540269e-06,2.769405805951609e-15,3.8479876392447875e-13,1.9080116992884657
2288,2.2880000000000003,1635.6513763379953,5100000.0,0.16990819782854646,0.0009999999999998899,0.0058855312032029495,0,59,0,1e-08,0.0058855312032029495,0.4809067651271668,0.2520434519788018,0.034454759885149566,0.019019136276005554,0.20714968593135372,3.684460720079945e-13,0.006403415326993536,1.8818960245615293e-12,1.4367256075985172e-07,7.690462576661573e-06,2.7664539198163827e-15,3.845063910358023e-13,1.9080311801459282
2289,2.289,1635.606489633205,5100000.0,0.16990390442042133,0.0009999999999998899,0.005885679928375421,0,59,0,1e-08,0.005885679928375421,0.4809102651780352,0.25204271348575163,0.03445596453078256,0.019018011498338115,0.2071468669051514,3.680583086683997e-13,0.006403401396510031,1.879939836062397e-12,1.435865659111197e-07,7.686992780120774e-06,2.7635054948828043e-15,3.8421427278749657e-13,1.9080506574740626
2290,2.29,1635.5616094065942,5100000.0,0.16989961127245476,0.0009999999999998899,0.005885828652051874,0,59,0,1e-08,0.005885828652051874,0.48091376298974525,0.25204197429095504,0.034457169382027406,0.019016887920917432,0.2071440493937094,3.676709955756203e-13,0.006403387480875588,1.87798587511576e-12,1.4350063137582595e-07,7.683524846657233e-06,2.760560526805072e-15,3.839224088908109e-13,1.9080701313447999
2291,2.291,1635.5167356412712,5100000.0,0.16989531838477892,0.001000000000000334,0.005885977374229547,0,59,0,1e-08,0.005885977374229547,0.4809172585531548,0.25204123440712867,0.034458374426769856,0.019015765542284582,0.20714123340705065,3.6728413196996403e-13,0.006403373580072119,1.8760341384105166e-12,1.434147570832404e-07,7.680058773842206e-06,2.7576190095745135e-15,3.836307990342644e-13,1.9080896016257278
2292,2.2920000000000003,1635.471868333641,5100000.0,0.16989102575614995,0.0009999999999998899,0.005886126094942896,0,59,0,1e-08,0.005886126094942896,0.4809207518768676,0.2520404938292447,0.03445957967064142,0.01901464436097986,0.20713841893745133,3.6689771728177797e-13,0.006403359694081584,1.8740846230307393e-12,1.433289429763356e-07,7.676594560423787e-06,2.7546809388683055e-15,3.833394429302615e-13,1.9081090683891746
2293,2.293,1635.4270074793042,5100000.0,0.16988673338670482,0.0009999999999998899,0.005886274814194225,0,59,0,1e-08,0.005886274814194225,0.48092424296841824,0.25203975255334266,0.034460785118205446,0.01901352437554473,0.20713560597825673,3.665117509307616e-13,0.006403345822885923,1.872137326041174e-12,1.4324318899731147e-07,7.673132205079958e-06,2.7517463102682392e-15,3.830483402901293e-13,1.9081285316951484
2294,2.294,1635.3821530624673,5100000.0,0.16988244127649707,0.0009999999999998899,0.005886423531978276,0,59,0,1e-08,0.005886423531978276,0.480927731820071,0.2520390105907168,0.03446199075876805,0.019012405584526968,0.20713279453807867,3.6612623217614176e-13,0.006403331966467175,1.8701922441786403e-12,1.4315749507683426e-07,7.669671705484227e-06,2.7488151179296354e-15,3.827574908057593e-13,1.9081479914275805
2295,2.295,1635.3373050760197,5100000.0,0.16987814942439433,0.001000000000000334,0.0058865722483361065,0,59,0,1e-08,0.0058865722483361065,0.4809312184356636,0.25203826794108725,0.03446319659320972,0.019011287986474976,0.20712998461395507,3.6574116040120694e-13,0.0064033181248073666,1.8682493744392445e-12,1.4307186115452485e-07,7.666213060078082e-06,2.7458873571079892e-15,3.82466894184762e-13,1.9081674476039447
2296,2.2960000000000003,1635.2924635252723,5100000.0,0.16987385783016562,0.0009999999999998899,0.0058867209632670935,0,59,0,1e-08,0.0058867209632670935,0.48093470283565276,0.2520375245875579,0.03446440263902726,0.019010171579933816,0.20712717618630466,3.6535653516577466e-13,0.0064033042978884945,1.8663087141857735e-12,1.4298628718275105e-07,7.662756268400001e-06,2.7429630246249776e-15,3.8217655015691155e-13,1.9081869004334548
2297,2.297,1635.2476283874928,5100000.0,0.16986956649487173,0.0009999999999998899,0.005886869676741533,0,59,0,1e-08,0.005886869676741533,0.48093818500296565,0.2520367805507434,0.03446560887620322,0.0190090563634591,0.20712436927307454,3.6497235563409937e-13,0.006403290485692666,1.8643702599680383e-12,1.4290077308534607e-07,7.659301327515991e-06,2.740042113788868e-15,3.818864584032973e-13,1.9082063496924282
2298,2.298,1635.2027996549868,5100000.0,0.16986527541665652,0.0009999999999998899,0.005887018388820347,0,59,0,1e-08,0.005887018388820347,0.48094166494060425,0.25203603583118145,0.03446681530479662,0.019007942335606272,0.20712156387213312,3.64588621184157e-13,0.006403276688202016,1.8624340087800004e-12,1.4281531880159102e-07,7.655848235820334e-06,2.737124619804185e-15,3.8159661863190813e-13,1.9082257953888315
2299,2.299,1635.1579773279989,5100000.0,0.16986098459522664,0.001000000000000334,0.005887167099515539,0,59,0,1e-08,0.005887167099515539,0.4809451426621899,0.2520352904187931,0.034468021935483595,0.01900682949492969,0.20711875997073134,3.642053313067935e-13,0.006403262905398676,1.860499957851097e-12,1.4272992427892337e-07,7.65239699240803e-06,2.7342105388762197e-15,3.8130703056499774e-13,1.9082452376531478
2300,2.3000000000000003,1635.11316139652,5100000.0,0.16985669403111342,0.0009999999999998899,0.005887315808800066,0,59,0,1e-08,0.005887315808800066,0.48094861816759843,0.2520345443172322,0.034469228765206396,0.019005717839987894,0.20711595756986198,3.638224853490416e-13,0.006403249137264771,1.858568104117214e-12,1.4264458945441378e-07,7.64894759547166e-06,2.731299865932132e-15,3.8101769390735835e-13,1.9082646764573488
2301,2.301,1635.0683518530666,5100000.0,0.16985240372378108,0.0009999999999998899,0.005887464516699564,0,59,0,1e-08,0.005887464516699564,0.48095209146006357,0.25203379752679317,0.034470435794266834,0.01900460736934121,0.20711315666715902,3.6344008269449324e-13,0.006403235383782535,1.8566384445925228e-12,1.4255931426778656e-07,7.645500043427533e-06,2.728392596222313e-15,3.807286083686546e-13,1.9082841118121652
2302,2.302,1635.0235486845347,5100000.0,0.16984811367295566,0.0009999999999998899,0.005887613223220132,0,59,0,1e-08,0.005887613223220132,0.4809555625352876,0.25203305005529175,0.03447164301544087,0.019003498081554424,0.20711035726778818,3.6305812264876183e-13,0.00640322164493416,1.8547109761333966e-12,1.4247409865313977e-07,7.642054334198869e-06,2.7254887243038293e-15,3.804397736492241e-13,1.9083035436414952
2303,2.303,1634.9787518915728,5100000.0,0.16984382387777883,0.001000000000000334,0.005887761928393364,0,59,0,1e-08,0.005887761928393364,0.48095903140733404,0.2520323018921844,0.034472850439867614,0.019002389975190225,0.20710755935854996,3.6267660471161717e-13,0.00640320792070189,1.852785695999624e-12,1.4238894255863582e-07,7.638610466920343e-06,2.722588246455698e-15,3.8015118947383205e-13,1.9083229720810986
2304,2.3040000000000003,1634.9339614588357,5100000.0,0.16983953433882013,0.0009999999999998899,0.0058879106321908965,0,59,0,1e-08,0.0058879106321908965,0.48096249806888136,0.25203155304829833,0.03447405805731063,0.019001283048817843,0.2071047629476313,3.6229552815924204e-13,0.006403194211068018,1.8508626009923945e-12,1.4230384591625022e-07,7.635168439321094e-06,2.719691156971175e-15,3.7986285553977163e-13,1.9083423970200732
2305,2.305,1634.8891773848172,5100000.0,0.16983524505498593,0.0009999999999998899,0.0058880593346577114,0,59,0,1e-08,0.0058880593346577114,0.4809659625310685,0.2520308035160034,0.034475265875990355,0.019000177301004794,0.2071019680247567,3.6191489246282035e-13,0.006403180516014789,1.8489416883186113e-12,1.422188086721183e-07,7.63172825034836e-06,2.7167974518729782e-15,3.7957477156899174e-13,1.9083618185605167
2306,2.306,1634.8443996542464,5100000.0,0.16983095602662196,0.0009999999999998899,0.005888208035778437,0,59,0,1e-08,0.005888208035778437,0.4809694247866288,0.2520300533060633,0.03447647388573593,0.018999072730325018,0.20709917459805124,3.615346969017149e-13,0.006403166835524572,1.8470229547918254e-12,1.4213383075846365e-07,7.6282898977410805e-06,2.7139071254801537e-15,3.7928693725981843e-13,1.9083812365922221
2307,2.307,1634.7996282660026,5100000.0,0.16982666725263998,0.0009999999999998899,0.0058883567355900324,0,59,0,1e-08,0.0058883567355900324,0.4809728848471722,0.2520293024103632,0.03447768209524967,0.018997969335350667,0.20709638265676872,3.6115494095424773e-13,0.006403153169579688,1.8451063976395544e-12,1.4204891212197394e-07,7.6248533804826024e-06,2.7110201738759083e-15,3.7899935233580985e-13,1.9084006512228282
2308,2.308,1634.7548632129071,5100000.0,0.16982237873342323,0.001000000000000334,0.005888505434081056,0,59,0,1e-08,0.005888505434081056,0.48097634271621653,0.2520285508288778,0.03447889050514755,0.018996867114656868,0.20709359219824816,3.6077562401488454e-13,0.006403139518162509,1.8431920139187176e-12,1.419640527032495e-07,7.621418697025553e-06,2.7081365923984914e-15,3.787120165102724e-13,1.9084200624666112
2309,2.309,1634.7101044816036,5100000.0,0.16981809046872445,0.0009999999999998899,0.005888654131251468,0,59,0,1e-08,0.005888654131251468,0.4809797983889864,0.25202779856986235,0.034480099107760086,0.018995766066823183,0.20709080322812404,3.6039674539273955e-13,0.006403125881255487,1.8412798005131548e-12,1.4187925243671516e-07,7.617985845281436e-06,2.705256375627055e-15,3.7842492948628255e-13,1.9084394702422414
2310,2.31,1634.6653520667176,5100000.0,0.16981380245765323,0.0009999999999998899,0.005888802827139223,0,59,0,1e-08,0.005888802827139223,0.4809832518713613,0.25202704563091843,0.034481307906074295,0.018994666190429582,0.20708801574137195,3.6001830450944896e-13,0.006403112258841021,1.839369754541826e-12,1.4179451126497116e-07,7.61455482386411e-06,2.7023795191381233e-15,3.781380909812735e-13,1.9084588745913338
2311,2.311,1634.6206059621609,5100000.0,0.16980951470014785,0.0009999999999998899,0.005888951521743082,0,59,0,1e-08,0.005888951521743082,0.48098670316823616,0.25202629201062376,0.034482516902097055,0.01899356748405792,0.20708522973395302,3.596403007774313e-13,0.006403098650901556,1.8374618731077258e-12,1.4170982912998147e-07,7.6111256313254455e-06,2.6995060184252146e-15,3.7785150071187036e-13,1.9084782755442076
2312,2.312,1634.5758661627988,5100000.0,0.1698052271960724,0.001000000000000334,0.005889100215069609,0,59,0,1e-08,0.005889100215069609,0.4809901522857855,0.2520255377062748,0.03448372609911835,0.018992469946291193,0.2070824452005467,3.592627336233416e-13,0.006403085057419571,1.835556153345695e-12,1.4162520597473876e-07,7.607698266302519e-06,2.6966358691067522e-15,3.775651583967678e-13,1.9084976731459626
2313,2.313,1634.53113265717,5100000.0,0.16980093994538864,0.0009999999999998899,0.005889248907111525,0,59,0,1e-08,0.005889248907111525,0.4809935992217005,0.2520247827236432,0.034484935491949836,0.018991373575716716,0.20707966214431503,3.5888560238665925e-13,0.006403071478377582,1.8336525922135876e-12,1.4154064173590546e-07,7.6042727268788455e-06,2.6937690660267074e-15,3.772790637440765e-13,1.9085170673438578
2314,2.314,1634.4864054365617,5100000.0,0.16979665294740065,0.0009999999999998899,0.00588939759790005,0,59,0,1e-08,0.00588939759790005,0.48099704397730947,0.2520240270648573,0.034486145079046855,0.0189902783709236,0.20707688056477927,3.585089064461125e-13,0.006403057913758114,1.8317511867534602e-12,1.414561363530306e-07,7.600849011380744e-06,2.6909056043757552e-15,3.769932164672331e-13,1.9085364581271724
2315,2.315,1634.4416844936575,5100000.0,0.1697923662016968,0.0009999999999998899,0.005889546287446087,0,59,0,1e-08,0.005889546287446087,0.48100048655580163,0.2520232707301797,0.03448735486072949,0.01898918433050296,0.2070741004596006,3.581326452008401e-13,0.006403044363543746,1.8298519340521123e-12,1.4137168976714838e-07,7.597427118257886e-06,2.6880454795244873e-15,3.7670761628248737e-13,1.9085558455066982
2316,2.316,1634.3969698229089,5100000.0,0.16978807970800955,0.001000000000000334,0.005889694975760776,0,59,0,1e-08,0.005889694975760776,0.48100392696269495,0.25202251371754164,0.03448856483964834,0.018988091453047095,0.20707132182411037,3.5775681807527166e-13,0.006403030827717068,1.827954831251641e-12,1.412873019211603e-07,7.594007046115878e-06,2.6851886870665702e-15,3.7642226290963956e-13,1.9085752295201213
2317,2.317,1634.3522614194687,5100000.0,0.16978379346625513,0.0009999999999998899,0.005889843662838419,0,59,0,1e-08,0.005889843662838419,0.4810073652044511,0.25202175602392674,0.03448977501940072,0.01898699973714957,0.2070685446526943,3.5738142450445384e-13,0.0064030173062606536,1.8260598755185788e-12,1.4120297275874543e-07,7.59058879362299e-06,2.6823352226887596e-15,3.7613715607007173e-13,1.9085946102160507
2318,2.318,1634.3075592648524,5100000.0,0.1697795074764221,0.0009999999999998899,0.005889992348686508,0,59,0,1e-08,0.005889992348686508,0.4810108012692551,0.25202099766458036,0.03449098538531913,0.01898590918141106,0.20706576895801324,3.570064637356013e-13,0.006403003799157191,1.8241670636348654e-12,1.4111870220990502e-07,7.5871723582561325e-06,2.6794850804101325e-15,3.75852295462075e-13,1.9086139874322763
2319,2.319,1634.2628633621225,5100000.0,0.1697752217370802,0.0009999999999998899,0.005890141033351289,0,59,0,1e-08,0.005890141033351289,0.4810142351740971,0.25202023862594786,0.03449219595154041,0.01898481978442833,0.20706299472392112,3.566319353150848e-13,0.006402990306389344,1.8222763930024993e-12,1.4103449022645928e-07,7.583757739377611e-06,2.6766382569023925e-15,3.7556768082158856e-13,1.9086333613389894
