z_m,T_C,rho_kg_m3,u_m_s,residence_time_s,Y_H2,X_H2,Y_H,X_H,Y_O,X_O,Y_O2,X_O2,Y_OH,X_OH,Y_H2O,X_H2O,Y_HO2,X_HO2,Y_H2O2,X_H2O2,Y_C,X_C,Y_CH,X_CH,Y_CH2,X_CH2,Y_CH2(S),X_CH2(S),Y_CH3,X_CH3,Y_CH4,X_CH4,Y_CO,X_CO,Y_CO2,X_CO2,Y_HCO,X_HCO,Y_CH2O,X_CH2O,Y_CH2OH,X_CH2OH,Y_CH3O,X_CH3O,Y_CH3OH,X_CH3OH,Y_C2H,X_C2H,Y_C2H2,X_C2H2,Y_C2H3,X_C2H3,Y_C2H4,X_C2H4,Y_C2H5,X_C2H5,Y_C2H6,X_C2H6,Y_HCCO,X_HCCO,Y_CH2CO,X_CH2CO,Y_HCCOH,X_HCCOH,Y_N,X_N,Y_NH,X_NH,Y_NH2,X_NH2,Y_NH3,X_NH3,Y_NNH,X_NNH,Y_NO,X_NO,Y_NO2,X_NO2,Y_N2O,X_N2O,Y_HNO,X_HNO,Y_CN,X_CN,Y_HCN,X_HCN,Y_H2CN,X_H2CN,Y_HCNN,X_HCNN,Y_HCNO,X_HCNO,Y_HOCN,X_HOCN,Y_HNCO,X_HNCO,Y_NCO,X_NCO,Y_N2,X_N2,Y_AR,X_AR,Y_C3H7,X_C3H7,Y_C3H8,X_C3H8,Y_CH2CHO,X_CH2CHO,Y_CH3CHO,X_CH3CHO
0.0,976.85,9.658967929476884,0.14555017498788625,0.006870482980066684,1.0736375977303091e-29,1.0479999007931767e-28,2.1472751954606182e-29,4.191999603172707e-28,1.352867927385651e-30,1.664012637578895e-30,0.3015223169421415,0.18543456302987896,1.272683834317812e-30,1.4726070444480395e-30,0.20417753427112537,0.2230322912510641,1.0000000000000003e-30,5.962126170330383e-31,1.0000000000000003e-30,5.78543941841373e-31,1.8020592765167792e-30,2.9524595965188564e-30,1.662534293743224e-30,2.5129684903193174e-30,1.543062234992731e-30,2.1647746973868807e-30,1.543062234992731e-30,2.1647746973868807e-30,1.439609841718858e-30,1.8842365861092207e-30,0.46901691515471905,0.5753034521336846,1.0000000000000003e-30,7.025560027773105e-31,0.0016616208310159888,0.0007429925950068092,1.0000000000000003e-30,6.781512729268891e-31,1.0000000000000003e-30,6.553851208217034e-31,1.0000000000000003e-30,6.3409788096257215e-31,1.0000000000000003e-30,6.3409788096257215e-31,1.0000000000000003e-30,6.141499793331397e-31,1.0000000000000003e-30,7.862003051455241e-31,1.0000000000000003e-30,7.557644073197813e-31,1.0000000000000003e-30,7.275971913699795e-31,1.0000000000000003e-30,7.014541112779806e-31,1.0000000000000003e-30,6.771245488195054e-31,0.011044891406165101,0.0072280655056690775,1.0000000000000003e-30,4.796264505055563e-31,1.0000000000000003e-30,4.681255474413604e-31,1.0000000000000003e-30,4.681255474413604e-31,1.5452655079776565e-30,2.1709610904540048e-30,1.4415274039455898e-30,1.8892595404586855e-30,1.3508415384286984e-30,1.659031498707406e-30,1.2708903746252736e-30,1.4684595878358635e-30,1.0000000000000003e-30,6.780578057264305e-31,1.0000000000000003e-30,6.558219568683751e-31,1.0000000000000003e-30,4.277490194064224e-31,1.0000000000000003e-30,4.471086642081309e-31,1.0000000000000003e-30,6.345067917002793e-31,1.0000000000000003e-30,7.5634536235654035e-31,1.0000000000000003e-30,7.2813563375240394e-31,1.0000000000000003e-30,7.019545422626977e-31,1.0000000000000003e-30,4.795796953133445e-31,1.0000000000000003e-30,4.573757963461351e-31,1.0000000000000003e-30,4.573757963461351e-31,1.0000000000000003e-30,4.573757963461351e-31,1.0000000000000003e-30,4.683483741769395e-31,0.010328646152870208,0.007255416237269982,1.0000000000000003e-30,4.92580566653128e-31,1.0000000000000003e-30,4.56696457049188e-31,0.002248075241962809,0.0010032192474265387,1.0000000000000003e-30,4.571632858123467e-31,1.0000000000000003e-30,4.467026907995475e-31
0.001,1419.8663416462136,5.6485570752935645,0.2488891328525129,0.010888336184579961,0.03569578905813417,0.27598053410673556,6.610534155613885e-07,1.022181492627018e-05,1.1026768601497131e-11,1.074255076325103e-11,1.0727148388227145e-11,5.225326669583443e-12,6.5600990044429e-07,6.012217371680322e-07,0.3712330738730039,0.32119175397325667,9.002647376449899e-14,4.25137423662683e-14,8.55895789916322e-12,3.922068503080435e-12,6.536007908597395e-15,8.481748567587739e-15,5.518251705781572e-13,6.606567419237235e-13,8.01056854335726e-09,8.9012405136818e-09,1.68175715643267e-10,1.8687468753296391e-10,0.00014694533960485202,0.00015233664145596358,0.20882054106701925,0.202880181755228,0.16473000425152065,0.09166669912242953,0.0828516684336961,0.029343488940826726,7.385173126870513e-08,3.966844681863686e-08,1.0367902845570311e-05,5.3820215292908245e-06,1.764572964565748e-08,8.86245120967632e-09,2.987844890896003e-10,1.5006253693886208e-10,1.4834887521305533e-05,7.216334132443265e-06,1.3416220049552233e-08,8.354516388870716e-09,0.06991722825048481,0.04185319072334737,1.1507534143096976e-05,6.631796947291414e-06,0.054208414892922926,0.03011784595660737,1.28324566617401e-05,6.8823427907139045e-06,0.0019183462173573964,0.0009943643693900734,1.630813576233841e-08,6.195343321247232e-09,6.390879964474453e-05,2.3696321739581752e-05,6.635429132337474e-09,2.4603069448041597e-09,4.592820655752297e-16,5.110770160451215e-16,8.486766564914088e-16,8.809858078857435e-16,5.586346237588986e-14,5.434204888682172e-14,6.427954986974223e-10,5.882807941001216e-10,1.0426234641846034e-11,5.5995373879911356e-12,7.681647149881362e-13,3.9902328663997923e-13,1.604736728312533e-19,5.43689254465331e-20,1.2638528000474619e-13,4.4757674669576307e-14,5.834805750715811e-16,2.932382451323885e-16,3.351466998892407e-16,2.0077656974520077e-16,1.1179969034091743e-09,6.447789048806604e-10,3.01165824104322e-15,1.6744516441241774e-15,2.4800007294231864e-15,9.42042573952878e-16,1.2749392318587343e-15,4.61870897614319e-16,2.4641734278698744e-13,8.926935218303166e-14,2.972610026567619e-10,1.0768843148912039e-10,2.5873565359635653e-15,9.598054899232688e-16,0.010328644937361475,0.005746722363048167,1.0000000000000003e-30,3.90153231537055e-31,2.3769441746291077e-07,8.598140920894714e-08,3.4193320058887246e-05,1.2086045331934794e-05,5.351059008912213e-09,1.9376218360013743e-09,2.3380667767854066e-10,8.27243595783817e-11
0.002,1419.9401021546646,5.6122810021733445,0.25049787631683507,0.014880385996352332,0.03701319162331058,0.28434055508468187,6.754857059607182e-07,1.0378352806715328e-05,1.0795413812625713e-11,1.0450071336172234e-11,9.937507754084242e-12,4.809804734510993e-12,6.304612531136169e-07,5.741210734452876e-07,0.36171547175705676,0.3109607806808649,8.327016337806734e-14,3.9072330916357546e-14,7.850286856076249e-12,3.5743791505072143e-12,6.143962166932918e-15,7.922133648971845e-15,5.265336618164319e-13,6.263561028946344e-13,7.563153847255307e-09,8.350470321146215e-09,1.63117860348193e-10,1.8009826048702857e-10,0.00014622065478382896,0.0001506184212024244,0.21084759264173733,0.2035428552254553,0.174975400986061,0.09674681748106553,0.08643201125676642,0.030416267412118596,7.943627130151905e-08,4.23959306496897e-08,9.874501585641388e-06,5.09319732915256e-06,1.6734040712926614e-08,8.350949636303081e-09,2.819753177245586e-10,1.4071686076270607e-10,1.3880840255343012e-05,6.709172206867026e-06,1.226091810990314e-08,7.586386089797973e-09,0.06479596872213993,0.03854012895592577,1.0821391809459997e-05,6.196591645350394e-06,0.05172038832808937,0.028552213564226353,1.2425082826526611e-05,6.621350732777433e-06,0.0018849847390018026,0.0009708389891935928,1.4771441521589e-08,5.57576866021764e-09,5.8740429182225576e-05,2.1641043582223034e-05,6.100980633063498e-09,2.2477123441647857e-09,4.2575754206411983e-16,4.70749665815932e-16,7.00924472783567e-16,7.229673527096646e-16,6.130452814122728e-14,5.925452490849476e-14,7.168996024422223e-10,6.519150236384101e-10,1.0586629825939829e-11,5.649411231178615e-12,6.140220873017988e-13,3.1691929982357165e-13,1.2160044444669134e-19,4.09357664573704e-20,1.2038821067123108e-13,4.236193473753573e-14,4.550711335078653e-16,2.272449832277821e-16,3.37833102171202e-16,2.0109491588539015e-16,1.1432242968176927e-09,6.551224352758846e-10,3.1254317994056368e-15,1.7266239334864543e-15,2.350259076246035e-15,8.870646390117289e-16,9.112751243520843e-16,3.280208391269815e-16,2.2049378379981778e-13,7.936851786196138e-14,2.341684607044204e-10,8.429082823033375e-11,2.0260388154868525e-15,7.467848860284731e-16,0.010328644883805586,0.005710064587241837,9.999999999999952e-31,3.8766448451975877e-31,2.2415137520823015e-07,8.056525601925167e-08,3.270740544866368e-05,1.1487085378954099e-05,4.991221190857501e-09,1.795795600966692e-09,2.1958020189013804e-10,7.719523434886591e-11
0.003,1419.325989890824,5.581526263413754,0.2518781433589263,0.018850559774293042,0.03814510389801969,0.29132454972983945,6.835793954001976e-07,1.0441364118549274e-05,1.0469129742803754e-11,1.0075034758379855e-11,9.123646602194255e-12,4.3901001753973805e-12,6.047598654790221e-07,5.474999193772322e-07,0.3538230422328707,0.3023992121637308,7.62565659740791e-14,3.557239926331403e-14,7.221667057415341e-12,3.2689521555570754e-12,5.7176354565232474e-15,7.329360862846796e-15,4.976946361038763e-13,5.885917122721461e-13,7.114622097019263e-09,7.809367296539939e-09,1.5693610556065498e-10,1.7226096814406813e-10,0.00014475838055834063,0.00014824125840067287,0.21256769802568803,0.20400485140819477,0.1853791363209999,0.10190055634907373,0.08790224481162548,0.030752984914208276,8.465986331057454e-08,4.4919911926712955e-08,9.456335352681197e-06,4.849022447189769e-06,1.585122244313279e-08,7.86418668069851e-09,2.6565952070815203e-10,1.3180031204841868e-10,1.306709694482016e-05,6.278968532555674e-06,1.1160100105369652e-08,6.864929002772125e-09,0.06023255139211237,0.03561659900128401,1.0161655469706811e-05,5.784825086700252e-06,0.04948987328949005,0.02716128788757243,1.2011443528648195e-05,6.363536139582799e-06,0.001854670349248081,0.0009496468025909733,1.3460341570894536e-08,5.051192947691967e-09,5.451575875237504e-05,1.9967291388626702e-05,5.642859327109625e-09,2.0667898425704143e-09,3.937381441098983e-16,4.32803905202301e-16,6.159912712789867e-16,6.316522262479378e-16,6.525383372088285e-14,6.270338820673834e-14,7.780861809158678e-10,7.034226732701471e-10,1.0644824716448107e-11,5.647288647795301e-12,5.207355546848715e-13,2.672009118897931e-13,9.805471996642349e-20,3.281650136836483e-20,1.1446514655245547e-13,4.0042492817102635e-14,3.8047196419875313e-16,1.8888335466374233e-16,3.366435899111151e-16,1.9921647421028873e-16,1.1625359409142061e-09,6.622979724126659e-10,3.20664909554573e-15,1.7611452593456311e-15,2.2159184955539924e-15,8.314752410678395e-16,7.00644470524507e-16,2.5072961246989545e-16,2.04771384151914e-13,7.32786055599616e-14,2.0250319731459822e-10,7.24669219876874e-11,1.7300438720027233e-15,6.339585819730334e-16,0.010328644833776327,0.005676714189847762,9.999999999999957e-31,3.8540028001605414e-31,2.1160130332128532e-07,7.561026020547795e-08,3.1418856246441164e-05,1.097008862296181e-05,4.679391112709916e-09,1.6737687042273114e-09,2.0567736060250234e-10,7.188525387937823e-11
0.004,1418.4166193603091,5.5546742581186495,0.25309575449594474,0.0228016335565916,0.03916549450995263,0.29751859148314513,6.884228465880955e-07,1.0459134920901331e-05,1.0111490203104498e-11,9.678840870792886e-12,8.381359770652227e-12,4.011369534636026e-12,5.801931665924296e-07,5.22451427863747e-07,0.34684872475689077,0.29485388765125026,6.985376325643877e-14,3.241141079885387e-14,6.666529934295902e-12,3.0015331820651878e-12,5.308446392630925e-15,6.768451039296995e-15,4.69273333456187e-13,5.520129570259616e-13,6.6960812916573015e-09,7.31066600427019e-09,1.5060891117122771e-10,1.6443221025578822e-10,0.00014298690233109708,0.00014564441919052813,0.21405765951435074,0.20433662305208106,0.1951105415743691,0.10667647298179994,0.08877878408604672,0.03089361392980172,8.936015961298261e-08,4.716040023615603e-08,9.093572456745809e-06,4.6380782773954886e-06,1.50272227300746e-08,7.415526485427889e-09,2.504720728313945e-10,1.2360116857947232e-10,1.2354055956446693e-05,5.9046066418944634e-06,1.0162336866154493e-08,6.2177572148072114e-09,0.056159389446321734,0.033030547894887984,9.548598713389344e-06,5.4067665862159826e-06,0.04745632313635882,0.02590599733853972,1.1609105156619198e-05,6.11750410386088e-06,0.0018260530829387982,0.0009299958119935237,1.2330429400688912e-08,4.602441654211673e-09,5.092164945757313e-05,1.8551189889613547e-05,5.2443059999185645e-09,1.910545268663919e-09,3.6457534100054493e-16,3.986054062725782e-16,5.627717544852059e-16,5.739948267357097e-16,6.832335568788999e-14,6.530198434939112e-14,8.315384387499928e-10,7.477272417970715e-10,1.0653918863195848e-11,5.621899400007802e-12,4.5822611092078e-13,2.338690494901998e-13,8.22561009137067e-20,2.738193322225996e-20,1.0888166965761612e-13,3.7885656985340525e-14,3.3227351964042135e-16,1.640737000112635e-16,3.335016960133618e-16,1.9630219698973442e-16,1.1778013422127549e-09,6.674078264651631e-10,3.2682005407798107e-15,1.7853552756804102e-15,2.08850145705108e-15,7.794756181208225e-16,5.642406366804823e-16,2.0083736029304975e-16,1.9420623739683205e-13,6.912630097096707e-14,1.8616948107309138e-10,6.626567587513129e-11,1.564838215006183e-15,5.703552263858746e-16,0.010328644787245718,0.00564636878671818,9.999999999999955e-31,3.833400887383501e-31,2.0005959056272848e-07,7.110399185200452e-08,3.02564941098663e-05,1.050777057674339e-05,4.404820012782298e-09,1.567135244008097e-09,1.925966632460579e-10,6.695365532606632e-11
0.005,1417.3262581515687,5.530988754150422,0.2541795933471731,0.0267358596950139,0.04009778153790528,0.30310631823718576,6.909850508621379e-07,1.0446559719308526e-05,9.742752313888898e-12,9.280128612281537e-12,7.717943473386198e-12,3.6757327779563396e-12,5.569988850802611e-07,4.991048451337009e-07,0.34057580361699874,0.28810095328233976,6.413436183602912e-14,2.9611680446284356e-14,6.175273906712644e-12,2.7667103197377845e-12,4.926299418650302e-15,6.25038557914139e-15,4.421400018644393e-13,5.175440898119039e-13,6.31068482871003e-09,6.856095616060663e-09,1.4437911019355087e-10,1.5685730016897147e-10,0.00014103985032682526,0.00014295639166259671,0.2153577572712357,0.20456913464600238,0.2040911746836898,0.11103919080984276,0.08938805553263139,0.03095302948953214,9.355090012206123e-08,4.912987575698648e-08,8.77548975500667e-06,4.453885571135041e-06,1.4263942121032097e-08,7.004336204819576e-09,2.3645647133432093e-10,1.1611240490023994e-10,1.1722080046820467e-05,5.575068891449912e-06,9.267449507903258e-09,5.6424088319481e-09,0.05251078854158343,0.03073308018552859,8.983167926830114e-06,5.0616445773224495e-06,0.04559083764124996,0.024765548476028153,1.1222456374900802e-05,5.88474432980334e-06,0.001798816080226998,0.0009116297822850081,1.1349923983755739e-08,4.215675681323679e-09,4.781787348132733e-05,1.7334994794732515e-05,4.894958496520634e-09,1.7745264245335388e-09,3.381728599211046e-16,3.6792457204324114e-16,5.254451436336778e-16,5.332946386732346e-16,7.080062036731482e-14,6.733771916944918e-14,8.798981165726432e-10,7.87331107629974e-10,1.063029945882858e-11,5.581916464785925e-12,4.1209670067546087e-13,2.0929372339137596e-13,7.069080024627349e-20,2.3416556719739738e-20,1.0367375357902085e-13,3.5896575779323055e-14,2.977349363363458e-16,1.4629759510291822e-16,3.291611792486538e-16,1.9279682246652045e-16,1.190137512074704e-09,6.710896536778201e-10,3.315464278094941e-15,1.8022890982874115e-15,1.9697485374753355e-15,7.315477656319857e-16,4.679602343326889e-16,1.6574988756773335e-16,1.8633096331950526e-13,6.599777920155222e-14,1.773204433507469e-10,6.28062843646496e-11,1.4631179712862647e-15,5.30663816041322e-16,0.010328644744008216,0.005618668213221589,9.99999999999995e-31,3.8145945860472693e-31,1.894540641094047e-07,6.70043012552921e-08,2.919535114050155e-05,1.008950430757728e-05,4.161382287784984e-09,1.4732622941132166e-09,1.8042604974749707e-10,6.241499260055071e-11
0.006,1416.1090834424358,5.509972138737117,0.2551491072802348,0.030655136586316845,0.04095463696043488,0.3081850298956377,6.91772768474893e-07,1.0411227013897532e-05,9.37293483539978e-12,8.887543625254265e-12,7.1264469674807445e-12,3.378696717133669e-12,5.351963843994496e-07,4.774022322872442e-07,0.33489157300048783,0.2820128770505703,5.904114515204642e-14,2.7136939307883504e-14,5.739092122707729e-12,2.5596729261887993e-12,4.5727717241890715e-15,5.7756296994478885e-15,4.165302319661664e-13,4.853643647757707e-13,5.956679449727602e-09,6.44226253301327e-09,1.3833567562503623e-10,1.4961267390324354e-10,0.00013898440974941068,0.0001402366862179153,0.21649723429216114,0.20472258443313435,0.21237178377201565,0.11502247075581715,0.08982791971949713,0.03096483913110267,9.727610965288976e-08,5.08554736483925e-08,8.494487946446864e-06,4.291792440219239e-06,1.3558149313445557e-08,6.627681699988186e-09,2.2354870570336058e-10,1.092781641205929e-10,1.1157647184284066e-05,5.282651910288376e-06,8.466865051518442e-09,5.1316942692430295e-09,0.04922989404268078,0.028682715462469883,8.462655333190484e-06,4.746818167598113e-06,0.04387264622226868,0.023724552191136682,1.085283491288815e-05,5.665218760573528e-06,0.0017728284153455882,0.0008944009714804628,1.0493839438540344e-08,3.880095985017796e-09,4.5112378171249454e-05,1.6280322129503966e-05,4.5869152532455245e-09,1.655342966404826e-09,3.142561745373391e-16,3.4035934336881545e-16,4.96473303738699e-16,5.0161388599821e-16,7.283753529017587e-14,6.896208684662541e-14,9.245261533046138e-10,8.235273717276391e-10,1.0582313508638783e-11,5.531619159324148e-12,3.755427968988494e-13,1.8986736259769977e-13,6.169592647559947e-20,2.034466024590097e-20,9.883204440952594e-14,3.406558046884715e-14,2.7092777334028567e-16,1.3252405969174197e-16,3.2402519690915175e-16,1.8893127705543607e-16,1.2002124826344137e-09,6.737136600974704e-10,3.351470558960046e-15,1.8136326515033324e-15,1.8595777698815606e-15,6.875116501918717e-16,3.958484888573407e-16,1.3957482713632273e-16,1.7994065769709444e-13,6.344646221933514e-14,1.7217128094758417e-10,6.070700647478974e-11,1.3926948907547394e-15,5.028401276043282e-16,0.010328644703825912,0.005593288237629017,9.999999999999964e-31,3.7973637706992394e-31,1.7970102458357924e-07,6.326785700395279e-08,2.8220642817744202e-05,9.708605262368729e-06,3.9444427344438984e-09,1.3901508496183933e-09,1.6915806775679984e-10,5.825272055239234e-11
0.007,1414.8004117720998,5.491234643375459,0.25601974121316323,0.03456108538253641,0.04174549208088143,0.31282543930414525,6.91145072953388e-07,1.035837645179216e-05,9.008216241365272e-12,8.506070356706824e-12,6.598341604870561e-12,3.1152647996440875e-12,5.147421245066832e-07,4.5724083075616757e-07,0.32971461192622403,0.2764947782646283,5.450118552743596e-14,2.4945720963590435e-14,5.350381012489339e-12,2.3763478279121176e-12,4.2472454630924876e-15,5.3420899981574134e-15,3.9250263558293537e-13,4.554576032866646e-13,5.631476209325557e-09,6.065134873192911e-09,1.3252204301390071e-10,1.427270638592721e-10,0.00013686495055275814,0.00013752188563993675,0.21749948069831926,0.20481211720976858,0.2200199811966802,0.11866756216536833,0.0901447606158757,0.030944394960402077,1.0058277705125503e-07,5.2364764165949196e-08,8.244660404984143e-06,4.1481867294371655e-06,1.2905585646306411e-08,6.282362146551222e-09,2.1166370831544371e-10,1.0303663122023274e-10,1.0650315900381615e-05,5.021412272966057e-06,7.750838868155473e-09,4.678114691322307e-09,0.04626849539701422,0.02684483632817722,7.983615976212878e-06,4.459432565827201e-06,0.04228471059146469,0.022770448038692586,1.050053705912718e-05,5.458446019099663e-06,0.0017479976094342423,0.0008781938924927129,9.742032257889692e-09,3.587084748237549e-09,4.273579860589129e-05,1.5358298900204254e-05,4.313796437014923e-09,1.5502828363005753e-09,2.9255853000319117e-16,3.155372547061145e-16,4.722517004120558e-16,4.751505102442457e-16,7.452466850005057e-14,7.026502843766591e-14,9.661664618402015e-10,8.570276134763427e-10,1.0515717676863517e-11,5.473871350070719e-12,3.451885661583129e-13,1.7379260908817654e-13,5.442162788700894e-20,1.787102653255926e-20,9.433565426189991e-14,3.2380078715740254e-14,2.489598873589205e-16,1.2127034202410724e-16,3.1835188730456872e-16,1.8484875322680367e-16,1.2084542053448172e-09,6.75509453368847e-10,3.378270306091291e-15,1.8205069157114747e-15,1.757518349990624e-15,6.470675250867594e-16,3.396617039250254e-16,1.192638187600945e-16,1.744343768133452e-13,6.124832343886759e-14,1.688803101984952e-10,5.929815011499717e-11,1.3382042622399336e-15,4.811498716373891e-16,0.010328644666460869,0.0055699489993582905,9.999999999999968e-31,3.781518440088144e-31,1.707197421251494e-07,5.985498648074271e-08,2.732117643641258e-05,9.359946307782587e-06,3.750203328761583e-09,1.3161794599130836e-09,1.5875303105043568e-10,5.444143236049203e-11
0.008,1413.426112565356,5.4744579012196715,0.25680432614606913,0.038455100779423476,0.04247812036399688,0.3170845995581382,6.893827101558316e-07,1.0292010979720194e-05,8.652607957934163e-12,8.138691265541062e-12,6.1256975480945404e-12,2.8809326258858032e-12,4.955679632471815e-07,4.385063605504497e-07,0.32497922774333,0.2714699242805933,5.0445844949627135e-14,2.30002677271728e-14,5.002666208752582e-12,2.2133199832720296e-12,3.9482953547603905e-15,4.946874035388623e-15,3.70042414666844e-13,4.2773448462187393e-13,5.332446687858941e-09,5.72087042286098e-09,1.2696057684725255e-10,1.362085833147722e-10,0.00013471349089718391,0.00013483667790556325,0.21838370804997762,0.20484956132279655,0.2271001166791512,0.12201258672326072,0.09036830380506619,0.03090117661983928,1.0351528870450591e-07,5.3683077812108614e-08,8.021276676855676e-06,4.020188365071453e-06,1.2301871500393616e-08,5.965320971880333e-09,2.0071419626905729e-10,9.732865477578778e-11,1.0191726573975194e-05,4.78661539903938e-06,7.1099869249386555e-09,4.2747265484082596e-09,0.04358580242587516,0.025190559242036222,7.542535761749772e-06,4.196765665616315e-06,0.04081258160474191,0.021892716856857623,1.0165351221627338e-05,5.263774501766035e-06,0.0017242435561298996,0.0008629101341678998,9.078131611897548e-09,3.329706306093734e-09,4.063366323256941e-05,1.4546370604621753e-05,4.070375278408767e-09,1.4571461834670614e-09,2.728416164791156e-16,2.9313378192470416e-16,4.510093881637383e-16,4.520231023114506e-16,7.592238552573453e-14,7.130605316991401e-14,1.0052635330537119e-09,8.882601225204556e-10,1.0434901391067274e-11,5.410798955786946e-12,3.1922611455844307e-13,1.6009976445216064e-13,4.838928028462305e-20,1.5828673232466416e-20,9.01602357699501e-14,3.08272264630547e-14,2.303184191356532e-16,1.1175610945315824e-16,3.123216258830689e-16,1.806460764905962e-16,1.2151607784752376e-09,6.766317256226635e-10,3.397395304909025e-15,1.823733598719398e-15,1.6630045901291669e-15,6.099027108165926e-16,2.946900298859741e-16,1.0307300786147113e-16,1.6950298305301012e-13,5.928664200660584e-14,1.6653921950511282e-10,5.825001371079901e-11,1.2922489338266002e-15,4.628300279316876e-16,0.01032864463168541,0.005548410653244293,9.99999999999997e-31,3.766895759994261e-31,1.6243570670255245e-07,5.673035130831128e-08,2.6487830604736695e-05,9.039361015527918e-06,3.5754976391431837e-09,1.2500119631211098e-09,1.4915762654106253e-10,5.095307056950512e-11
0.009000000000000001,1412.0058302590292,5.459378087131522,0.25751366728960406,0.04233838981229404,0.04315910879213144,0.3210099548324538,6.867110330545512e-07,1.0215274776201073e-05,8.308670911072137e-12,7.787091530859819e-12,5.701520978134551e-12,2.6718031197195457e-12,4.77595434554423e-07,4.2108426684649934e-07,0.3206307016542974,0.26687469684969434,4.681415868764712e-14,2.12677177333591e-14,4.690457553779127e-12,2.06773111435872e-12,3.674152009285358e-15,4.5868497398207866e-15,3.49096322898635e-13,4.020723492172652e-13,5.057112425553489e-09,5.4059792165669765e-09,1.216609616313014e-10,1.3005378854601683e-10,0.00013255364116608308,0.0001321979710343093,0.21916586751614742,0.20484430550582408,0.23367001638874527,0.1250911082759628,0.09051998821856709,0.030841788062911945,1.0611417010813186e-07,5.4833057845554405e-08,7.820495788772112e-06,3.9054705414702895e-06,1.174278547634774e-08,5.673746545270254e-09,1.9061633622563214e-10,9.209984984487905e-11,9.775078758667069e-06,4.574432349049709e-06,6.535692946708368e-09,3.915320793920007e-09,0.041147230790986984,0.02369570038800001,7.136041669455002e-06,3.956315283333565e-06,0.039443873772255625,0.021082462074230767,9.846776545434969e-06,5.080484657236114e-06,0.0017014935527211417,0.0008484640384788166,8.488765321468151e-09,3.102345449918292e-09,3.8762481681868836e-05,1.3826632485225483e-05,3.85234425966306e-09,1.3741366902688245e-09,2.5489419214551556e-16,2.728672232584829e-16,4.3183822826769636e-16,4.3125317844517436e-16,7.707480777327951e-14,7.212821384946311e-14,1.042112276026825e-09,9.175102464959219e-10,1.0343303578190708e-11,5.344025155820223e-12,2.9659650894506114e-13,1.4821579576262928e-13,4.330202982585545e-20,1.4113664187388513e-20,8.628082322894527e-14,2.9394756601944514e-14,2.141433174650606e-16,1.0353407408713342e-16,3.0606616652910605e-16,1.7639163052393294e-16,1.2205560126539645e-09,6.771930652770108e-10,3.410054748788178e-15,1.8239496385749654e-15,1.5754563029772433e-15,5.757177930512758e-16,2.579954271336398e-16,8.99140767856951e-17,1.6498085151727407e-13,5.74975344187383e-14,1.6469366109911574e-10,5.739744558539231e-11,1.2512252263274986e-15,4.465262666868078e-16,0.01032864459928608,0.005528467612596608,9.99999999999997e-31,3.7533561547583027e-31,1.547813247554879e-07,5.3862772504840237e-08,2.5712992886195272e-05,8.743395930020134e-06,3.417673527712893e-09,1.1905411813435245e-09,1.4031318389601885e-10,4.775947569331445e-11
0.01,1410.5546792579516,5.44577481627882,0.2581569234437039,0.046212002755384715,0.04379409276628666,0.3246414166539857,6.833124214530823e-07,1.0130659114306995e-05,7.977950338046708e-12,7.45207828877081e-12,5.319738351598045e-12,2.4845420811174964e-12,4.6074294814425684e-07,4.048646919622493e-07,0.31662290951924094,0.26265579528438004,4.355293902533224e-14,1.9719844706890252e-14,4.409102916038505e-12,1.9371865604472364e-12,3.422922224754714e-15,4.258893528531289e-15,3.29590022138671e-13,3.7833397834902715e-13,4.803197822312157e-09,5.117343800380113e-09,1.1662458256312823e-10,1.2425223916012941e-10,0.00013040285134292373,0.00012961718157972345,0.21985930062910483,0.20480387869015296,0.23978093012086268,0.12793237143983813,0.0906159154401383,0.03077102056704417,1.0841588305620186e-07,5.58347214425891e-08,7.639169014708937e-06,3.802135211436494e-06,1.1224374562134549e-08,5.405094778247008e-09,1.8129191300048983e-10,8.730107560763813e-11,9.394780811682136e-06,4.381733446615088e-06,6.0202155384224835e-09,3.5944306542374736e-09,0.038923359621224694,0.02233992006288956,6.760984458158077e-06,3.735818879554097e-06,0.0381679069237859,0.02033211092853749,9.544145127930602e-06,4.907840665531277e-06,0.0016796810502107047,0.0008347805337041649,7.962956876210346e-09,2.900429745457457e-09,3.708716173075601e-05,1.3184716686177697e-05,3.6561369602500102e-09,1.2997794314031663e-09,2.3852896123834965e-16,2.544924524528789e-16,4.1424428578535523e-16,4.1229693705581493e-16,7.801643487223343e-14,7.276477426169449e-14,1.076929224731419e-09,9.449872138180844e-10,1.024364052805461e-11,5.2747989441721155e-12,2.76621303387057e-13,1.3777056422515552e-13,3.8959985393071654e-20,1.2655889345309512e-20,8.267314642239624e-14,2.8071292750850464e-14,1.9990096507527829e-16,9.632433665436718e-17,2.9968408290420225e-16,1.7213480274570527e-16,1.2248177331567809e-09,6.77280562392727e-10,3.4172350842390612e-15,1.821665805210584e-15,1.4943096116549064e-15,5.44234712189129e-16,2.2761355336469693e-16,7.905988138447514e-17,1.6077449312996512e-13,5.5843829018995547e-14,1.6311336109569413e-10,5.665621747834273e-11,1.2133526422756038e-15,4.315597354240778e-16,0.010328644569065373,0.005509943264853631,9.999999999999964e-31,3.740779719663445e-31,1.4769581904926924e-07,5.122485113814357e-08,2.499023526729297e-05,8.469157681557583e-06,3.274503199606294e-09,1.1368459674395636e-09,1.3216018313749204e-10,4.48336463043792e-11
0.011,1409.0843653763586,5.433462801172266,0.25874189697855804,0.0500768580868074,0.04438792065788334,0.3280128009036871,6.793350726512235e-07,1.0040145905904814e-05,7.661275569362442e-12,7.1338629991898034e-12,4.975105565870773e-12,2.3163062855590713e-12,4.4492984017745113e-07,3.8974481054196765e-07,0.31291669186859317,0.2587682466525054,4.061612186803594e-14,1.8332516202908685e-14,4.154656126621536e-12,1.819675282165081e-12,3.1927115704504868e-15,3.960016892551472e-15,3.1143846540319393e-13,3.5637821078445863e-13,4.568640944775157e-09,4.852200631452163e-09,1.1184733765607444e-10,1.1878931370645427e-10,0.00012827395706338802,0.00012710176434996978,0.22047523787296566,0.20473436965217418,0.245478110154536,0.13056181587237856,0.0906683871729095,0.030692404236438597,1.104529715216494e-07,5.670566491106816e-08,7.4746937577606575e-06,3.7086209146452466e-06,1.0742996918894807e-08,5.157084111155637e-09,1.7266913161366312e-10,8.288834501718086e-11,9.046193447056115e-06,4.205937103724376e-06,5.556683558660517e-09,3.307282821460499e-09,0.036889064139597014,0.02110602917748627,6.414469710269166e-06,3.5332489156984663e-06,0.036975425551555766,0.01963518094091557,9.256699067121316e-06,4.745119631125839e-06,0.0016587450475334393,0.0008217935541042478,7.491649449048514e-09,2.7202137710360786e-09,3.557913508540479e-05,1.2608986826062801e-05,3.4787865601797845e-09,1.232856667333238e-09,2.235798711149262e-16,2.3779575204434375e-16,3.9793787815238136e-16,3.948266534019764e-16,7.877547426688454e-14,7.324259333710574e-14,1.109886948821808e-09,9.708566617258436e-10,1.0138065179427719e-11,5.204083552649557e-12,2.5883013398679384e-13,1.2850595444358813e-13,3.521981643275202e-20,1.1405086209291119e-20,7.931428346115653e-14,2.6846455383075943e-14,1.8723214995958115e-16,8.99371582609297e-17,2.9325005909379546e-16,1.679116070918124e-16,1.2280927596315454e-09,6.769645358055979e-10,3.4197573678605633e-15,1.817300492397395e-15,1.419031146251746e-15,5.151991964751884e-16,2.0216167413672536e-16,6.999942389907778e-17,1.5682762827710212e-13,5.430229878009106e-14,1.6168030844629238e-10,5.598256195391136e-11,1.1777352424166848e-15,4.175794805288385e-16,0.010328644540841819,0.0054926854191755005,9.999999999999954e-31,3.729063130241533e-31,1.4112480840703436e-07,4.879254479271585e-08,2.431408321091522e-05,8.214201901117057e-06,3.1441093673172623e-09,1.0881567281878038e-09,1.2464081399163474e-10,4.215036180505536e-11
0.012,1407.6039916408554,5.422285341455745,0.259275265650314,0.05393376282275204,0.04494478326481539,0.3311529305462509,6.748997692186738e-07,9.94531601520541e-06,7.358973913332759e-12,6.832258112518324e-12,4.6631040358876615e-12,2.1646720557731773e-12,4.3007866294931425e-07,3.756297879986172e-07,0.3094786060104326,0.2551738731005685,3.796393948146551e-14,1.7085127222171137e-14,3.923762747063373e-12,1.7135030121338373e-12,2.9816942993910177e-15,3.687430028421298e-15,2.945524519814977e-13,3.3606621548388996e-13,4.35158735128254e-09,4.6081090573039045e-09,1.0732156534050611e-10,1.136480638826797e-10,0.00012617630933942496,0.00012465629870550766,0.22102318894631068,0.20464073979433942,0.2508014879088046,0.1330015921286269,0.09068689885120171,0.03060855944577047,1.1225434512268423e-07,5.746131018821792e-08,7.324902511414786e-06,3.6236330216974153e-06,1.0295330919085348e-08,4.927678836261307e-09,1.6468274580622138e-10,7.882249609892217e-11,8.725436209309984e-06,4.044896111019731e-06,5.139042623434456e-09,3.0497287235484465e-09,0.03502280182529601,0.019979430464576193,6.09386300576141e-06,3.3467978632661825e-06,0.03585837172138156,0.01898609336898267,8.983640704930662e-06,4.59162821399118e-06,0.001638629613245096,0.0008094447507847122,7.067329995167832e-09,2.558611091862161e-09,3.421495523354614e-05,1.2089938769851335e-05,3.317812871957731e-09,1.1723573565417238e-09,2.0989978319119449e-16,2.2259053910785135e-16,3.8273356987610585e-16,3.786265460199586e-16,7.937563470406809e-14,7.358397053339958e-14,1.1411310797409163e-09,9.95256963693463e-10,1.0028287460747343e-11,5.1326219477904955e-12,2.4287586242640047e-13,1.202308979853824e-13,3.197401672313293e-20,1.0323619819473618e-20,7.618296047897488e-14,2.5710866512153094e-14,1.7587799968134087e-16,8.423519295637313e-17,2.8682097255957627e-16,1.6374831311492906e-16,1.2305053065485357e-09,6.763033808735532e-10,3.418313564856466e-15,1.811201083857562e-15,1.3491244893300799e-15,4.88380815194153e-16,1.8062933725261545e-16,6.236016411206752e-17,1.5310378179571094e-13,5.285728832413387e-14,1.60333536514661e-10,5.535327650424437e-11,1.1439096004475269e-15,4.0439567687036965e-16,0.01032864451444961,0.0054765624713164025,9.999999999999959e-31,3.7181170385505875e-31,1.3501976116674845e-07,4.6544756243305846e-08,2.367983996881959e-05,7.97644836951692e-06,3.0249043969016556e-09,1.0438276122554579e-09,1.1770037992655428e-10,3.9686446626903026e-11
0.013000000000000001,1406.1206551351738,5.412109173583499,0.2597627703446496,0.05778342918823318,0.04546831896056148,0.3340865088263731,6.701052094469118e-07,9.847432897823576e-06,7.0710245203440294e-12,6.546815062036155e-12,4.3798410067412496e-12,2.0275710393705524e-12,4.161164061575098e-07,3.6243296782738624e-07,0.3062799372679365,0.251840081407757,3.556209440527641e-14,1.5960077770233827e-14,3.713563395835993e-12,1.6172371274620258e-12,2.7881514351618197e-15,3.438569125207472e-15,2.788427739236831e-13,3.17265125063336e-13,4.15037634295018e-09,4.382917036119354e-09,1.0303738775659547e-10,1.0881045111070758e-10,0.00012411661687249285,0.00012228327593636078,0.22151125146342834,0.20452705985453312,0.25578632347134506,0.1352710243883707,0.09067883782289886,0.030521439530959912,1.1384561425886374e-07,5.811515445438763e-08,7.1879773650708064e-06,3.5460902842281036e-06,9.878366074100428e-09,4.715067653553383e-09,1.5727383103174596e-10,7.50687662195932e-11,8.429239108172557e-06,3.896810846592176e-06,4.761981021072775e-09,2.8181712406821566e-09,0.033306026416464025,0.01894766804908182,5.7967812805684175e-06,3.174858971991642e-06,0.03480969927505665,0.018380022842264535,8.724165384281458e-06,4.446711560833294e-06,0.001619283444797703,0.0007976824106589965,6.683732242992885e-09,2.413063104153154e-09,3.297523302483993e-05,1.1619748456086662e-05,3.1711320972218546e-09,1.117437358607396e-09,1.9735838358615693e-16,2.087137296816024e-16,3.685015447554936e-16,3.6354195994583447e-16,7.983717642186044e-14,7.380773948289603e-14,1.1707890249477482e-09,1.0183077798599008e-09,9.915667256726783e-12,5.060986453568623e-12,2.284902130919583e-13,1.1279765365312224e-13,2.9139371571195466e-20,9.382438241592642e-21,7.325964943049917e-14,2.4656102813582693e-14,1.6564192220754327e-16,7.91139461147507e-17,2.8044012547134913e-16,1.5966392873903402e-16,1.2321620575466887e-09,6.753464586710682e-10,3.4134914789432805e-15,1.8036585386661207e-15,1.2841323669018062e-15,4.635718868509377e-16,1.62257571266377e-16,5.586305212495353e-17,1.4957743185388838e-13,5.149745436934165e-14,1.5904142760533876e-10,5.475577805708913e-11,1.111624802716232e-15,3.9189863932639553e-16,0.010328644489737788,0.005461460199554733,9.99999999999995e-31,3.70786389788653e-31,1.2933741456426601e-07,4.446295557531545e-08,2.308344943859583e-05,7.75411487865786e-06,2.915540353621726e-09,1.003314093297744e-09,1.1128799112028088e-10,3.7420827061723776e-11
0.014,1404.639895345375,5.402820362757579,0.2602093680605353,0.06162648836574657,0.04596170004100691,0.3368348195490008,6.650322354056258e-07,9.747507720874771e-06,6.797169156777519e-12,6.276920999601385e-12,4.121959593870378e-12,1.9032345773295163e-12,4.029750549862016e-07,3.5007562638963175e-07,0.3032959046881246,0.2487388962146919,3.338099673954487e-14,1.4942312953199467e-14,3.5216128630701742e-12,1.529661468727003e-12,2.6104890287403916e-15,3.211102202154565e-15,2.642227777426367e-13,2.9984999780356065e-13,3.963524089039954e-09,4.174727455600805e-09,9.898364704368528e-11,1.042581651292209e-10,0.00012209957937261705,0.00011998367460234627,0.22194635708076965,0.20439669099972602,0.2604637961057909,0.13738701257824115,0.09064999019518286,0.030432503746237134,1.1524943452646843e-07,5.867900619335654e-08,7.06238350747396e-06,3.4750834657444353e-06,9.489384432034392e-09,4.5176409178573546e-09,1.503893747889869e-10,7.159633989157054e-11,8.154827501383463e-06,3.7601622570649037e-06,4.420849531492454e-09,2.6094940257900298e-09,0.03172270637174499,0.018000063274552065,5.521077000204248e-06,3.0160058770185103e-06,0.03382322071567429,0.017812775321465694,8.477482425568532e-06,4.309757387238766e-06,0.0016006594509831752,0.0007864605418903135,6.335601511561878e-09,2.2814362865217814e-09,3.1843820011873325e-05,1.1191927001855425e-05,3.036984635331486e-09,1.0673879682686645e-09,1.8584027657293747e-16,1.9602259650060566e-16,3.551433925858181e-16,3.4945384682171056e-16,8.017758506854557e-14,7.392997538933078e-14,1.1989746544017557e-09,1.0401148012054664e-09,9.801286781804777e-12,4.989616669493645e-12,2.1545895972584123e-13,1.0608839444418535e-13,2.6650020791483345e-20,8.558623861305491e-21,7.052654988881526e-14,2.3674623996929197e-14,1.563688195451651e-16,7.449099891027353e-17,2.7414031798602346e-16,1.5567197162500114e-16,1.233155495209768e-09,6.741359586914026e-10,3.4057930451257522e-15,1.7949179814626246e-15,1.223636386028476e-15,4.405858402852782e-16,1.464643230093919e-16,5.029471975639785e-17,1.462294054064578e-13,5.0214050862003285e-14,1.5778761356783149e-10,5.4183050468310996e-11,1.0807344608145747e-15,3.800190624553928e-16,0.01032864446656919,0.005447279093651919,9.99999999999996e-31,3.698236149375796e-31,1.2403920633843137e-07,4.253084257927974e-08,2.252138748189978e-05,7.545665016487473e-06,2.8148681038446545e-09,9.661549000944627e-10,1.0535681949759036e-10,3.533447033810994e-11
0.015,1403.166034452036,5.394321008054359,0.26061935695681065,0.06546350190026204,0.04642770386266244,0.33941629206606383,6.597471997294497e-07,9.646350329774729e-06,6.536991912670209e-12,6.02186640019307e-12,3.886560063020747e-12,1.7901464288546723e-12,3.9059174349613544e-07,3.384865012946379e-07,0.3005050188731847,0.24584618317466478,3.139508686764705e-14,1.4018927848944287e-14,3.3458129187364817e-12,1.4497394372862844e-12,2.4472441756548965e-15,3.002922634623405e-15,2.5060987812199613e-13,2.8370472256174534e-13,3.7897060418915704e-09,3.981866854278645e-09,9.514855511217376e-11,9.997315719098975e-11,0.00012012836678214163,0.00011775738341875642,0.22233446889298678,0.20425242465269458,0.26486152727918827,0.1393643767829798,0.09060491475743047,0.030342842484946,1.164858376452976e-07,5.916320021350301e-08,6.946817088795535e-06,3.4098430580153297e-06,9.125937629522918e-09,4.333968468871881e-09,1.4398178740019883e-10,6.837790833300909e-11,7.899831942876357e-06,3.633659624026039e-06,4.111582907503637e-09,2.420996765431245e-09,0.030258928854768472,0.017127419477812288,5.264819148727899e-06,2.8689727319208246e-06,0.0328934806785345,0.017280688658682385,8.242828198838696e-06,4.180197070558946e-06,0.0015827143655116937,0.0007757381015590447,6.018508011647489e-09,2.161941398459509e-09,3.080717650866829e-05,1.0801055284204507e-05,2.913877239060997e-09,1.0216109594343188e-09,1.752432509725293e-16,1.8439204439626414e-16,3.4257971248040276e-16,3.362654990561306e-16,8.041204340923749e-14,7.396449094417036e-14,1.2257909952695703e-09,1.060772578756556e-09,9.68600719396302e-12,4.918848611055313e-12,2.0360703939917926e-13,1.000070670919031e-13,2.445298697954423e-20,7.833807373534467e-21,6.796750740563566e-14,2.275969187647997e-14,1.4793296382610834e-16,7.029965321919113e-17,2.679461500147647e-16,1.5178177200076225e-16,1.2335662625735152e-09,6.727081937880198e-10,3.39564842256436e-15,1.785186754749705e-15,1.1672554006465175e-15,4.1925536487504515e-16,1.327958612814456e-16,4.5489343364407084e-17,1.4304442046081518e-13,4.899999665587323e-14,1.565636986504745e-10,5.363103772653556e-11,1.0511434338890913e-15,3.6870832869670804e-16,0.010328644444819228,0.00543393213277264,9.999999999999962e-31,3.6891747133741626e-31,1.1909074391606329e-07,4.073405071834994e-08,2.1990575046066535e-05,7.349766610042877e-06,2.721903895597397e-09,9.319574445434071e-10,9.986409145391806e-11,3.341026135470214e-11
0.016,1401.7024376477734,5.386526581965493,0.2609964790751585,0.0692949712118156,0.046868771772965855,0.3418469603269109,6.543046554520698e-07,9.54460930521128e-06,6.2899763865995264e-12,5.7808919788491335e-12,3.671132065617611e-12,1.6870029875341007e-12,3.789086632950472e-07,3.2760121283712917e-07,0.2978885589935161,0.24314102026722403,2.958224646892209e-14,1.3178832354009795e-14,3.184356633190907e-12,1.3765838527779764e-12,2.2970836032957855e-15,2.8121359503654788e-15,2.379263767552977e-13,2.6872225895287513e-13,3.6277398644731706e-09,3.802857203418403e-09,9.15201397676973e-11,9.593797675015752e-11,0.00011820498345698697,0.00011560351298804715,0.22268074090418427,0.20409659143945685,0.2690040389635257,0.14121615081049121,0.09054722208419495,0.03025326895380132,1.1757253824858607e-07,5.957678941557834e-08,6.840163991011125e-06,3.3497138682555424e-06,8.785822510082451e-09,4.1627789260295405e-09,1.3800839081412823e-10,6.538925868773446e-11,7.662216891528301e-06,3.5161994589757496e-06,3.8306267505082155e-09,2.25033754028312e-09,0.028902572873303892,0.01632178150649574,5.0262732634300096e-06,2.7326356516704322e-06,0.03201565065477648,0.016780551012899707,8.019473795770572e-06,4.057504889282235e-06,0.0015654083872129125,0.0007654783391117218,5.728698010513441e-09,2.053069610003292e-09,2.985387827307805e-05,1.0442577824375649e-05,2.8005365017919404e-09,9.795987007939193e-10,1.654767152905546e-16,1.7371224801595643e-16,3.3074354322457267e-16,3.2389535195506154e-16,8.055378605718977e-14,7.39232074442318e-14,1.2513319251638852e-09,1.0803663616694872e-09,9.570513051176223e-12,4.8489372023465815e-12,1.9278899825576213e-13,9.447411219767913e-14,2.250512458584642e-20,7.193082875387072e-21,6.556789954939836e-14,2.1905288491504774e-14,1.4023043935814225e-16,6.648492601455689e-17,2.6187578161194777e-16,1.4799945114024792e-16,1.233464952630838e-09,6.710945613716492e-10,3.3834272339252574e-15,1.7746407483383488e-15,1.114643148276417e-15,3.9943053144769877e-16,1.2089372406872418e-16,4.131631259832644e-17,1.4000973375384491e-13,4.784934843510905e-14,1.5536545774935014e-10,5.3097279191309895e-11,1.0227815362591235e-15,3.5792869439166185e-16,0.01032864442437489,0.005421342932645371,9.99999999999995e-31,3.6806277315480847e-31,1.1446132021731789e-07,3.9059889762560365e-08,2.148830793758892e-05,7.165258318843556e-06,2.635802017615792e-09,9.00386037254593e-10,9.477092758678074e-11,3.1632849848152615e-11
0.017,1400.251714002482,5.3793637739561175,0.2613440048698982,0.07312134557421132,0.047287057938770735,0.34414083696519066,6.487495133136534e-07,9.44280360100257e-06,6.055546611522206e-12,5.553220996181443e-12,3.4734969373100436e-12,1.5926800138685825e-12,3.678728352673452e-07,3.1736165469829523e-07,0.29543014563797665,0.24060518725192168,2.79232934127002e-14,1.2412469333599327e-14,3.035682338673183e-12,1.309432333376248e-12,2.1587979845343806e-15,2.6370434218639104e-15,2.260998287178999e-13,2.548044746224295e-13,3.4765695543908447e-09,3.6363909614036385e-09,8.808654723323848e-11,9.213597460624607e-11,0.00011633054655094776,0.00011352062672791964,0.2229896473504298,0.2039311466832382,0.27291315057383014,0.1429538309401599,0.0904797847129814,0.030164386875647906,1.1852521132145167e-07,5.992771324597986e-08,6.741467011706599e-06,3.2941348790700788e-06,8.467057153129643e-09,4.002940912584096e-09,1.3243092093169945e-10,6.260890199527539e-11,7.440223942719012e-06,3.4068329226180557e-06,3.57487153399537e-09,2.0954824799435794e-09,0.02764303926194922,0.015576239345356338,4.803881943354033e-06,2.6059958891539676e-06,0.031185441481245826,0.016309533831497653,7.806729179905128e-06,3.9411962354323905e-06,0.0015487048600960301,0.0007556482435061855,5.462974776350921e-09,1.9535417955842857e-09,2.897422874597831e-05,1.011264155332692e-05,2.695871358674504e-09,9.409182540515343e-10,1.5646030078024623e-16,1.6388661160443447e-16,3.1957673042642444e-16,3.1227287140482216e-16,8.061438029702994e-14,7.381644591867049e-14,1.275683335299791e-09,1.0989733913952152e-09,9.455347383353778e-12,4.780073730181069e-12,1.828824852000293e-13,8.942283901924626e-14,2.077094583561088e-20,6.624234256063337e-21,6.331450931636779e-14,2.11060380954461e-14,1.331741323556748e-16,6.300086864478561e-17,2.559422997403065e-16,1.4432866768364158e-16,1.2329135280098124e-09,6.693222918372636e-10,3.369447729146706e-15,1.7634294868862347e-15,1.0654855734687682e-15,3.80976991214748e-16,1.104714915396363e-16,3.7671575422159256e-17,1.3711437011918827e-13,4.6756989187147765e-14,1.5419083098536462e-10,5.2580185511358736e-11,9.955906623693492e-16,3.476483864734075e-16,0.010328644405133636,0.005409444202724444,9.999999999999945e-31,3.6725495194204594e-31,1.1012348136328032e-07,3.7497124197305884e-08,2.1012199899813338e-05,6.9911226807466705e-06,2.555832431673769e-09,8.711523421723264e-10,9.00421018240873e-11,2.998848865543184e-11
0.018000000000000002,1398.815872483644,5.372768728039417,0.2616648032886309,0.07694302884009918,0.04768447014336088,0.34631022078626406,6.4311877833979e-07,9.34134763158962e-06,5.833096126498539e-12,5.3380811393045556e-12,3.2917587928043746e-12,1.5062048649588087e-12,3.574358058034575e-07,3.077153914014069e-07,0.2931153887655858,0.23822274745897176,2.640155132605335e-14,1.1711578311210513e-14,2.898435480099602e-12,1.2476271175543582e-12,2.031293924566336e-15,2.4761245061565025e-15,2.1506311438750771e-13,2.418617436074484e-13,3.335250978344032e-09,3.4813092097680505e-09,8.483624201548507e-11,8.855141414192993e-11,0.00011450549941075815,0.00011150691191586423,0.2232650885715693,0.2037577381719202,0.27660832315788936,0.1445875873172012,0.09040489697354945,0.030076640929015682,1.1935774020863643e-07,6.022294468713526e-08,6.6498995242204116e-06,3.2426231501611976e-06,8.16785811747146e-09,3.853446245384902e-09,1.2721505895374465e-10,6.001774078728533e-11,7.232326186979179e-06,3.3047397543849963e-06,3.3415940489202343e-09,1.9546622022111735e-09,0.02647102616499523,0.014884766645311876,4.596246403090444e-06,2.4881647613055486e-06,0.030399029744063426,0.015865136222606734,7.603944861197633e-06,3.830825206034128e-06,0.0015325699760033904,0.0007462180689945637,5.2186027926980915e-09,1.8622680230881118e-09,2.8159951550547513e-05,9.807968543850883e-06,2.59894268990518e-09,9.051985797669312e-10,1.4812262180592887e-16,1.5483000851924297e-16,3.090278051589153e-16,3.013360538100888e-16,8.06039564288695e-14,7.365316308849193e-14,1.2989240117581717e-09,1.1166638889919873e-09,9.340939463681703e-12,4.7123994381278415e-12,1.7378359481952486e-13,8.47968163996655e-14,1.9221019322616985e-20,6.117165859708917e-21,6.119539641556548e-14,2.0357134985221445e-14,1.2669022490321259e-16,5.980867763977753e-17,2.501547898357915e-16,1.4077119241888488e-16,1.231966488676073e-09,6.674150534484341e-10,3.3539843778654238e-15,1.7516802855657456e-15,1.0194980657653361e-15,3.6377429834504546e-16,1.012980393338401e-16,3.447140907491202e-17,1.3434866397153887e-13,4.571843428447972e-14,1.5303885897704387e-10,5.2078649763096686e-11,9.69518598990596e-16,3.3783915329012756e-16,0.010328644387002383,0.00539817645317901,9.999999999999936e-31,3.6648996885273697e-31,1.0605264218610303e-07,3.603578221320633e-08,2.0560135776134093e-05,6.826464082185382e-06,2.481362389552051e-09,8.440076030463149e-10,8.564576121742557e-11,2.8464873648098672e-11
0.019,1397.3964438089565,5.366685596922637,0.26196140000150037,0.08076038513760818,0.04806270393490479,0.3483659504393396,6.374429524158908e-07,9.240571245012725e-06,5.622008446058308e-12,5.134719020200682e-12,3.124263203565659e-12,1.426733332881169e-12,3.4755331039156915e-07,2.9861508688551156e-07,0.2909315966230745,0.23597970392134704,2.500248457716268e-14,1.1068997789487167e-14,2.7714369774937735e-12,1.1905984910625933e-12,1.9135848886884814e-15,2.328019393040875e-15,2.0475432583084707e-13,2.2981241513428347e-13,3.202938900760424e-09,3.3365826345250436e-09,8.175813413587532e-11,8.516952056880193e-11,0.00011272977568688209,0.00010956030646144978,0.22351047793963902,0.2035777601291898,0.28010695640270133,0.14612644330191088,0.09032439737499261,0.02999035456962401,1.2008243582343143e-07,6.046861764447322e-08,6.564744200216731e-06,3.194760865788211e-06,7.886619410564593e-09,3.7133950616229932e-09,1.2233000090379636e-10,5.7598775545829704e-11,7.037191272071881e-06,3.209207269518803e-06,3.1284061059042303e-09,1.826334416317676e-09,0.025378341986686034,0.014242087536852062,4.402109484267825e-06,2.3783503165284297e-06,0.02965299590072132,0.015445138706907481,7.410512002765548e-06,3.7259819320662813e-06,0.0015169725085766106,0.0007371609316197182,4.993230365567562e-09,1.7783150292799088e-09,2.740394506767189e-05,9.52575487226179e-06,2.508938587567178e-09,8.721201971360561e-10,1.4040018286271607e-16,1.4646726526219174e-16,2.9905066305725226e-16,2.910298001872529e-16,8.053140059103384e-14,7.344114642852387e-14,1.3211263483384066e-09,1.1335018497926308e-09,9.227626881256491e-12,4.646016156748649e-12,1.6540340286538795e-13,8.054792614183305e-14,1.7830761400647196e-20,5.663473615066236e-21,5.919977290528007e-14,1.9654278103366505e-14,1.2071563254607957e-16,5.687530778093514e-17,2.4451918153220875e-16,1.3732735395049138e-16,1.2306718511807991e-09,6.653934520434555e-10,3.3372742173233964e-15,1.7395016788833375e-15,9.764227577585581e-16,3.47714379378454e-16,9.318522002015955e-17,3.1647847992126734e-17,1.317039729088542e-13,4.472970406333606e-14,1.519091166835782e-10,5.159183647771673e-11,9.445161652842847e-16,3.2847504630018055e-16,0.010328644369896575,0.005387486910197673,9.999999999999945e-31,3.657642410003313e-31,1.0222674774912945e-07,3.4666991751391184e-08,2.0130232904028686e-05,6.6704907001409264e-06,2.4118412971535303e-09,8.187362944265648e-10,8.155313460819913e-11,2.705099208289063e-11
0.02,1395.9945764353915,5.361065349823636,0.2622360259764397,0.08457374371897199,0.048423271285595426,0.3503176145532534,6.31747172261707e-07,9.140735704624675e-06,5.421671310355602e-12,4.942409478449741e-12,2.969562363220386e-12,1.353530335082727e-12,3.3818493135327544e-07,2.900179766529561e-07,0.288867534018737,0.23386371531926578,2.3713389601383138e-14,1.047850002286007e-14,2.653656942434826e-12,1.1378511367972047e-12,1.8047818721520435e-15,2.191512390923228e-15,1.9511654251872674e-13,2.1858222478528235e-13,3.078875481286296e-09,3.2012950677018754e-09,7.884165555518816e-11,8.197648933591428e-11,0.0001110029261833858,0.00010767859307604304,0.22372881366933223,0.2033923965750044,0.28342464443445875,0.14757842768462084,0.0902397630450361,0.02990575859330601,1.2071022916895185e-07,6.06701369723288e-08,6.485375721599148e-06,3.150184849859483e-06,7.62189339474758e-09,3.5819827635345766e-09,1.1774806873352384e-10,5.533684752578925e-11,6.85365132350843e-06,3.119613330002572e-06,2.933209959985966e-09,1.7091519654746073e-09,0.024357749050941773,0.013643566326021418,4.220340256180074e-06,2.2758456273326463e-06,0.028944272041680496,0.015047564587857545,7.225861522554658e-06,3.626289841468367e-06,0.001501883574669221,0.0007284524644747845,4.784826810722241e-09,1.7008799755003967e-09,2.6700085300200827e-05,9.263589706230564e-06,2.4251541543965284e-09,8.414067898322778e-10,1.3323642036666667e-16,1.387318586678642e-16,2.896036831061254e-16,2.8130478633055964e-16,8.040451840093684e-14,7.318717766289543e-14,1.342356950165276e-09,1.14954570769681e-09,9.115673170069027e-12,4.58099465816479e-12,1.57665313123898e-13,7.663487089469605e-14,1.657950722973605e-20,5.256116235476314e-21,5.731788701132464e-14,1.8993612680101453e-14,1.1519606730613886e-16,5.417242134947931e-17,2.3903892013446236e-16,1.339963863074187e-16,1.2290719804629969e-09,6.63275450068918e-10,3.319522195103192e-15,1.7269862712946949e-15,9.360259703107342e-16,3.3270015690180765e-16,8.597865412434336e-17,2.914527389085136e-17,1.2917248915562337e-13,4.3787235494045045e-14,1.5080141408274697e-10,5.111906625350326e-11,9.205359926220864e-16,3.1953181817661493e-16,0.01032864435373934,0.005377328604184296,9.999999999999962e-31,3.6507457955446303e-31,9.862597672924793e-08,3.338283988149561e-08,1.9720809074828934e-05,6.522499602118245e-06,2.34678821711663e-09,7.951509171937653e-10,7.773824682121146e-11,2.5736982681168606e-11
0.021,1394.6111122219409,5.355864782591682,0.2624906582606907,0.08838340310504758,0.048767524853343604,0.35217372728894464,6.260521348582945e-07,9.042046504237548e-06,5.231486361149866e-12,4.760461165025475e-12,2.826385652816891e-12,1.2859537623512635e-12,3.2929376193827766e-07,2.818853850324547e-07,0.286913219949506,0.2318638594701976,2.252313365318536e-14,9.934652626068617e-15,2.5441927484608546e-12,1.0889528369369664e-12,1.7040842457516995e-15,2.065516468764508e-15,1.8609754185576372e-13,2.0810368818721907e-13,2.9623800972824874e-09,3.0746292315611783e-09,7.607680010082192e-11,7.895946696651008e-11,0.00010932421669043054,0.00010585946857494985,0.22392273850279526,0.20320265632071435,0.2865753972058884,0.14895070454814255,0.09015218310992455,0.029823012820647105,1.2125084001025207e-07,6.083227342748833e-08,6.411246620547977e-06,3.108578009918412e-06,7.372373550503806e-09,3.458488565543862e-09,1.1344436101359753e-10,5.321841367684702e-11,6.680678232901113e-06,3.0354124177581705e-06,2.75415970098683e-09,1.601935542820037e-09,0.02340283208818159,0.013085115534066227,4.049920143775703e-06,2.180018523448896e-06,0.028270097422038634,0.014670647428501432,7.049462525722004e-06,3.531402949143337e-06,0.0014872764176569152,0.0007200705203451852,4.591631157035186e-09,1.629269132952405e-09,2.6043066255280895e-05,9.019390049367535e-06,2.346974897498974e-09,8.128183459321049e-10,1.2658086282716233e-16,1.3156479417014013e-16,2.806490947504916e-16,2.7211662556908834e-16,8.023017489238535e-14,7.289717088489507e-14,1.3626771658901032e-09,1.1648489089629447e-09,9.0052819148018e-12,4.517381229855905e-12,1.5050297661329127e-13,7.302200477231378e-14,1.5449785972921013e-20,4.889159437801987e-21,5.554091584797607e-14,1.8371678323930338e-14,1.1008453311810628e-16,5.167557168450801e-17,2.3371550056402554e-16,1.3077670023557105e-16,1.2272043040398732e-09,6.610767219733843e-10,3.300905689034406e-15,1.714213120176665e-15,8.980958314364596e-16,3.186443175111992e-16,7.955074768091954e-17,2.6917836720856366e-17,1.2674710780232345e-13,4.288781755199068e-14,1.497156404941209e-10,5.065975220677642e-11,8.975320847572287e-16,3.1098662379089984e-16,0.010328644338460648,0.005367659597571341,9.999999999999959e-31,3.6441813731612806e-31,9.523248109712695e-08,3.21762517758052e-08,1.9330355683982595e-05,6.381864341565345e-06,2.2857814915187096e-09,7.730877065016784e-10,7.4177646105365e-11,2.4514008148985905e-11
0.022,1393.2466468069242,5.351045693970656,0.2627270542506885,0.09218963464390471,0.049096678466942385,0.3539418749750493,6.203748542679605e-07,8.944663711001123e-06,5.050875569639694e-12,4.58821958476087e-12,2.693614822073451e-12,1.2234409767217054e-12,3.2084608935826086e-07,2.741822914466457e-07,0.28505975815162526,0.22997043622490446,2.1421934116285927e-14,9.432702711678802e-15,2.442250721563346e-12,1.0435251064845512e-12,1.6107710938353537e-15,1.9490591690460923e-15,1.776494809734602e-13,1.9831550907282138e-13,2.8528404195449734e-09,2.9558544509537517e-09,7.345413901474513e-11,7.610651554857754e-11,0.00010769270408637168,0.00010410059520076175,0.2240945894934191,0.20300940145834462,0.2895718310307539,0.15024968376129946,0.0900626160769639,0.02974222266668894,1.21712923961984e-07,6.095924543132584e-08,6.341875644233795e-06,3.069662330055454e-06,7.136879125586494e-09,3.3422655204157478e-09,1.093964429829011e-10,5.12313509874431e-11,6.517363298420722e-06,2.9561242061838344e-06,2.58962798857575e-09,1.5036504679534171e-09,0.022507887594583935,0.012563119132165094,3.889930580627522e-06,2.0903026466807796e-06,0.027627980680342883,0.014312803671977065,6.880820397859365e-06,3.441003281655405e-06,0.0014731262148649862,0.0007119949168065179,4.412110131017721e-09,1.562880510541315e-09,2.5428270189221173e-05,8.79134788123464e-06,2.273863051840872e-09,7.861455370052149e-10,1.2038839886654442e-16,1.2491364259897643e-16,2.7215249719310184e-16,2.634252192773302e-16,8.001441482450461e-14,7.257628999630325e-14,1.3821435582005466e-09,1.1794604108151897e-09,8.896608109759506e-12,4.455202883255416e-12,1.438586351652592e-13,6.967840390290466e-14,1.4426749265863212e-20,4.557574872117923e-21,5.386086849016787e-14,1.7785363398903074e-14,1.0534013563670497e-16,4.9363557864667405e-17,2.285488942587772e-16,1.276660960869642e-16,1.225101926511082e-09,6.5881095699435e-10,3.2815783421367133e-15,1.7012497363006246e-15,8.624401020776138e-16,3.0546822070122836e-16,7.379533934275398e-17,2.4927482399974125e-17,1.244213302651714e-13,4.202854201890689e-14,1.4865168667664737e-10,5.0213364913843204e-11,8.754597377710793e-16,3.0281786990845486e-16,0.010328644323996732,0.00535844233234592,9.999999999999966e-31,3.6379236442032165e-31,9.203015912610046e-08,3.10408868620572e-08,1.8957515222579368e-05,6.248024615958878e-06,2.2284501186728683e-09,7.524030862982189e-10,7.085015145529972e-11,2.3374140864245016e-11
0.023,1391.9015777409527,5.3465741951423436,0.2629467806909042,0.09599268557828944,0.04941182458846921,0.3556288396920905,6.147292818362263e-07,8.848710325713636e-06,4.879285269938768e-12,4.4250683299648e-12,2.5702629752132834e-12,1.1654974716655717e-12,3.128110984735656e-07,2.6687694111406854e-07,0.2832991939913693,0.22817480183582667,2.0401171541991628e-14,8.968479542593626e-15,2.3471307748804356e-12,1.0012353855912154e-12,1.5241931525431194e-15,1.8412698796179003e-15,1.6972856800506184e-13,1.8916201417017951e-13,2.749704570942505e-09,2.844316025339718e-09,7.096481912326245e-11,7.340656680017221e-11,0.00010610729526466662,0.00010239963801276856,0.22424643979345357,0.2028133706458866,0.29242533371370455,0.15148111562271127,0.08997183498554277,0.029663451852161918,1.2210420085010292e-07,6.105478957490503e-08,6.2768381180422654e-06,3.0331930868388e-06,6.9143414549511115e-09,3.2327318087620215e-09,1.0558407146200007e-10,4.936478600856478e-11,6.362900304017848e-06,2.881324102176483e-06,2.4381773806472492e-09,1.4133868875024396e-09,0.021667830084870877,0.012074368003355658,3.7395420207034087e-06,2.006189640851017e-06,0.027015667444250734,0.013972609395741808,6.719474688618257e-06,3.3547984483485404e-06,0.0014594099034728127,0.0007042072152301368,4.244923521446731e-09,1.5011896024143505e-09,2.4851661294069488e-05,8.577886999376347e-06,2.205346239109282e-09,7.612050804061685e-10,1.1461863799144052e-16,1.1873171046845644e-16,2.640824736122256e-16,2.5519423097998927e-16,7.97625664555079e-14,7.222904892782491e-14,1.4008083289370597e-09,1.1934251227893695e-09,8.789767317064454e-12,4.3944714810982445e-12,1.3768178243338092e-13,6.657711692062863e-14,1.3497715787540232e-20,4.25708041332583e-21,5.227049846703812e-14,1.7231864836085106e-14,1.0092712483821726e-16,4.721790656757769e-17,2.23537890283668e-16,1.2466193049497093e-16,1.2227941616866428e-09,6.564901187439291e-10,3.2616733277544532e-15,1.688153769226397e-15,8.288841976993786e-16,2.931009320216709e-16,6.862355121694293e-17,2.3142427895578836e-17,1.2218918966947633e-13,4.1206764462036455e-14,1.4760940874296658e-10,4.9779413014401375e-11,8.542756014740323e-16,2.950051323993804e-16,0.010328644310289424,0.005349643074072011,9.99999999999996e-31,3.631949705899338e-31,8.900445663044842e-08,2.997104926501757e-08,1.8601062215910338e-05,6.12047756459038e-06,2.1744665413792188e-09,7.329707212504052e-10,6.773662046215023e-11,2.231026071029578e-11
0.024,1390.576143083404,5.342420129587136,0.2631512382472225,0.09979278170043092,0.04971394920203642,0.35724070360776194,6.091268162827717e-07,8.75427906766657e-06,4.7161884859058895e-12,4.2704290903379956e-12,2.4554567736687775e-12,1.1116873368907027e-12,3.051605992473444e-07,2.599404981985726e-07,0.281624393426804,0.226469229485748,1.945323117229235e-14,8.538312622348254e-15,2.258213486003364e-12,9.61790512992575e-13,1.443765420990767e-15,1.7413684378796391e-15,1.6229473747870827e-13,1.805926248547881e-13,2.652474257878117e-09,2.7394260446056164e-09,6.860054956657823e-11,7.084937077100119e-11,0.00010456679286737981,0.0001007542919376501,0.22438013381195507,0.20261519822680357,0.29514620736265773,0.15265017189994495,0.08988046311885631,0.02958673219835865,1.2243156647335699e-07,6.112222136843138e-08,6.215757932699091e-06,2.998954054926046e-06,6.703791839484821e-09,3.1293631508172195e-09,1.0198895194078404e-10,4.7608946643320157e-11,6.216571404455015e-06,2.810635387172853e-06,2.298535668251349e-09,1.3303429040180289e-09,0.02087811257155202,0.011616005576905964,3.5980042136848546e-06,1.927222350048734e-06,0.026431112565409465,0.013648780555462899,6.564996937257485e-06,3.272519394023162e-06,0.0014461060256551013,0.000696690529977521,4.088895524956987e-09,1.443737648152725e-09,2.4309698231480044e-05,8.377627625784943e-06,2.1410080370849487e-09,7.378359002121777e-10,1.0923535324652231e-16,1.1297732521409345e-16,2.5641027071578883e-16,2.473906492141595e-16,7.947933119170945e-14,7.185939738129339e-14,1.4187197018321806e-09,1.2067842973900776e-09,8.684843078688978e-12,4.335187020101943e-12,1.3192807158526638e-13,6.369455518277699e-14,1.26518055778147e-20,3.9840123315854264e-21,5.076322553627171e-14,1.670865291173639e-14,9.6814116190376e-17,4.52224515597257e-17,2.1868036839499336e-16,1.217612469724984e-16,1.220306993743808e-09,6.541246682264944e-10,3.241306134520327e-15,1.6749744309979902e-15,7.972694033311369e-16,2.8147836970791e-16,6.396054482856096e-17,2.153597186230659e-17,1.200451910616348e-13,4.042007246558271e-14,1.4658861442241513e-10,4.935743252340068e-11,8.339377822332307e-16,2.8752910286194203e-16,0.010328644297285628,0.005341231437965256,9.99999999999996e-31,3.626238929603135e-31,8.61421933711176e-08,2.8961610607337773e-08,1.8259887069855345e-05,5.998770433470581e-06,2.1235406044047236e-09,7.14679059242658e-10,6.481973884255884e-11,2.1315964458456796e-11
0.025,1389.2704526224052,5.3385565825438706,0.2633416824567652,0.10359012965792404,0.050003944572252386,0.3587829375308831,6.035767252665852e-07,8.66143790730395e-06,4.561086048191024e-12,4.1237608497005104e-12,2.3484213185134913e-12,1.061625212675926e-12,2.978687782339185e-07,2.533467377185207e-07,0.2800289400219089,0.22484679115986364,1.857136834164397e-14,8.13896259345622e-15,2.1749491902405985e-12,9.249312487834438e-13,1.3689604576430317e-15,1.6486549875664777e-15,1.5531133860432793e-13,1.7256136990881686e-13,2.560698756491343e-09,2.6406554437833564e-09,6.635358123235731e-11,6.842544248970031e-11,0.00010306993087748521,9.916230113804623e-05,0.22449731702857262,0.20241543008530263,0.2977437924024537,0.1537615155289849,0.08978900242323853,0.029512071208126996,1.22701190096142e-07,6.11644877178904e-08,6.1583008448026705e-06,2.9667535105554934e-06,6.5043508207312e-09,3.0316861915548833e-09,9.859452437001312e-11,4.595503322834113e-11,6.077735282032281e-06,2.743722648389143e-06,2.1695746426547993e-09,1.2538101772200892e-09,0.02013465873431317,0.011185481771846582,3.4646376015808293e-06,1.8529888871646908e-06,0.02587245615084084,0.013340156081533017,6.416988500299559e-06,3.193918328060016e-06,0.00143319458836256,0.0006894293619424124,3.942990922220265e-09,1.3901219125040225e-09,2.379926171796414e-05,8.189357195927446e-06,2.080480096973916e-09,7.158959321951031e-10,1.0420599539718506e-16,1.076132188177346e-16,2.491095259560884e-16,2.3998441718428234e-16,7.916886133786792e-14,7.147079450546594e-14,1.4359222695202788e-09,1.2195758784428884e-09,8.581892943030974e-12,4.277340252404791e-12,1.265584156675887e-13,6.1009992064e-14,1.187964418411564e-20,3.7352221983030675e-21,4.933306592967409e-14,1.6213440376728506e-14,9.297345088007301e-17,4.336298919645113e-17,2.1397351808583681e-16,1.1896087828619017e-16,1.217663478118308e-09,6.517237560951024e-10,3.220576948946622e-15,1.6617537028102142e-15,7.674512713734915e-16,2.7054255281260476e-16,5.97429622260888e-17,2.0085558736200254e-17,1.179842619577984e-13,3.966625917430241e-14,1.455890609112734e-10,4.894698095509985e-11,8.144059412716233e-16,2.803715461235867e-16,0.010328644284936768,0.005333179983017894,9.999999999999941e-31,3.620772685238487e-31,8.343141106277186e-08,2.8007943238335212e-08,1.793298225504245e-05,5.882494341885585e-06,2.0754144662590015e-09,6.974292721539761e-10,6.208383054378323e-11,2.03854855315753e-11
0.026000000000000002,1387.9845129931073,5.334959465159331,0.2635192416210336,0.10738491896381502,0.05028262022071156,0.360260476406296,5.980864938915108e-07,8.570234577106442e-06,4.4135068355885815e-12,3.984558535831008e-12,2.248467281254883e-12,1.0149694825233116e-12,2.909119726151412e-07,2.4707177178455995e-07,0.2785070470346489,0.22330125722452135,1.7749593857236908e-14,7.767562758718959e-15,2.096848740374769e-12,8.904276589090313e-13,1.2993023291224281e-15,1.562500971802614e-15,1.4874484016101478e-13,1.650264390229948e-13,2.4739696369990313e-09,2.5475271102729944e-09,6.421668141091147e-11,6.612600833068546e-11,0.00010161540206318942,9.76214723664194e-05,0.22459946128334896,0.20221453676893217,0.30022657541102143,0.15481936068301597,0.08969785621583788,0.029439457944660758,1.2291859939325688e-07,6.118421223962692e-08,6.104168847914243e-06,2.936420883320643e-06,6.315218689010468e-09,2.9392727249463e-09,9.538577419826949e-11,4.4395106211720176e-11,5.945817158646663e-06,2.680286259911172e-06,2.0502918086764924e-09,1.1831616194002726e-09,0.019433804935951177,0.010780513871190013,3.338825715340494e-06,1.7831174583785027e-06,0.025338002844322655,0.01304568338283763,6.2750784402414755e-06,3.1187668307285714e-06,0.001420656937736084,0.0006824094535547033,3.806295182082742e-09,1.3399875994903448e-09,2.3317594300153472e-05,8.012006135467377e-06,2.0234355294910973e-09,6.952594537978838e-10,9.950126854856388e-17,1.0260599474150587e-16,2.4215603034387536e-16,2.329481137725533e-16,7.883482744965666e-14,7.106627217215682e-14,1.4524573079269536e-09,1.2318348120258404e-09,8.480953362549791e-12,4.220914775053587e-12,1.2153824148746397e-13,5.850514897307038e-14,1.117312178055497e-20,3.507993204843866e-21,4.797457026226529e-14,1.5744155391444328e-14,8.938066575430317e-17,4.1626993842332215e-17,2.094140137287051e-16,1.1625752620497245e-16,1.2148840904949074e-09,6.49295388671777e-10,3.1995726959727286e-15,1.6485273591646198e-15,7.392981835765574e-16,2.6024093766813746e-16,5.591689273610471e-17,1.8772036807567983e-17,1.160017103994696e-13,3.894330086681745e-14,1.446104584399386e-10,4.854763410058029e-11,7.956413679449849e-16,2.7351525954644646e-16,0.01032864427319837,0.0053254638631336955,9.999999999999938e-31,3.6155341044503694e-31,8.086124019569483e-08,2.710586237240316e-08,1.7619430475591478e-05,5.771278973241872e-06,2.029858301646607e-09,6.811335243962413e-10,5.951468741195079e-11,1.951362316537312e-11
0.027,1386.7182480167453,5.331607159753351,0.26368493218145866,0.11117732375436193,0.050550712421253946,0.36167778403122913,5.926621139793592e-07,8.480700263017232e-06,4.273007411420974e-12,3.852351335563681e-12,2.1549799083621882e-12,9.714164906317419e-13,2.842684655715739e-07,2.410938065318998e-07,0.27705348191291296,0.22182701055597862,1.6982576145359064e-14,7.421569444478338e-15,2.0234756498035027e-12,8.580752104438125e-13,1.2343611770221704e-15,1.482341158273205e-15,1.425645549453148e-13,1.5794977660504017e-13,2.3919161318959034e-09,2.4596098931648717e-09,6.218310582042637e-11,6.394295361117414e-11,0.0001002018791109147,9.612968383796267e-05,0.22468788639011447,0.20201292444550328,0.3026022833528761,0.15582752480204692,0.08960734741598829,0.029368867599739584,1.23088754653258e-07,6.11837345058481e-08,6.053095416296654e-06,2.907803935091253e-06,6.135667077431401e-09,2.851734641307119e-09,9.234906559428285e-11,4.2921988126808406e-11,5.820300322222059e-06,2.620057718465408e-06,1.9397946095611464e-09,1.1178408567258812e-09,0.01877225036685813,0.01039905309197112,3.2200084476942053e-06,1.7172718374325281e-06,0.02482620378808812,0.01276440583192785,6.138921493679299e-06,3.046854121871403e-06,0.0014084756449506575,0.0006756176612851013,3.6779977649676384e-09,1.2930210922405796e-09,2.2862249956484885e-05,7.844627648369775e-06,1.969583325767924e-09,6.758148407306939e-10,9.509475923060048e-17,9.792566622265326e-17,2.355275199294475e-16,2.26256676192736e-16,7.848047687169341e-14,7.06484895166204e-14,1.4683630628193546e-09,1.243593325724974e-09,8.382043687922565e-12,4.165888699417573e-12,1.1683686600274623e-13,5.6163850480138554e-14,1.0525195756916602e-20,3.2999717899247693e-21,4.668276823187979e-14,1.5298917751195985e-14,8.601405104751546e-17,4.000338114931028e-17,2.0499815464256576e-16,1.1364782344280968e-16,1.2119870313341924e-09,6.46846571644579e-10,3.1783687907730228e-15,1.6353258393264655e-15,7.126900636465169e-16,2.5052583253181536e-16,5.243624475551589e-17,1.7579065458066767e-17,1.1409318864281448e-13,3.824933766372765e-14,1.4365247630098954e-10,4.8158984227085415e-11,7.776070234538024e-16,2.669440309631939e-16,0.010328644262029639,0.005318060525729618,9.999999999999947e-31,3.610507875981343e-31,7.842178297927707e-08,2.6251575763077536e-08,1.731839444808439e-05,5.6647880177533964e-06,1.9866666523621188e-09,6.657135091935256e-10,5.709941655412347e-11,1.869567982349671e-11
0.028,1385.4715153761258,5.328480217321655,0.2638396719138793,0.1149675043316271,0.050808892376082625,0.36303890839791986,5.873083254912423e-07,8.392852644814523e-06,4.139171270931743e-12,3.726700843005749e-12,2.067409629954339e-12,9.306956279988265e-13,2.77918302752493e-07,2.3539292752120737e-07,0.2756635016120423,0.2204189732267139,1.6265557671322266e-14,7.098719822944994e-15,1.9544394057428407e-12,8.276914633260678e-13,1.1737483670222953e-15,1.4076666030336453e-15,1.3674238579800063e-13,1.512967151130366e-13,2.3142010810130357e-09,2.3765134038129506e-09,6.02465697767061e-11,6.186877267614921e-11,9.882803102285205e-05,9.468489097270958e-05,0.22476377860798144,0.2018109440964876,0.30487796546985585,0.15678947350683434,0.08951773324918133,0.029300265060653845,1.232161135198902e-07,6.116514403594663e-08,6.004841482015679e-06,2.8807663799213725e-06,5.965031556890286e-09,2.76871952111907e-09,8.94719948757509e-11,4.1529178252176894e-11,5.700718937878985e-06,2.5627956988369894e-06,1.83728683145117e-09,1.0573532040834712e-09,0.018147014257725278,0.01003925604442474,3.1076761288101033e-06,1.6551474188985591e-06,0.024335641004740317,0.012495451996943314,6.0081961731827735e-06,2.9779855005204853e-06,0.0013966344054237674,0.0006690418448977625,3.5573780849818583e-09,1.2489442883578038e-09,2.2431051864331463e-05,7.686380821677043e-06,1.918663648193162e-09,6.574626797672187e-10,9.096261261836088e-17,9.354525645519733e-17,2.2920349217561336e-16,2.1988715831551208e-16,7.810868467935802e-14,7.021978005286513e-14,1.483675007144563e-09,1.254881176955131e-09,8.285169445821645e-12,4.112235994159419e-12,1.1242697376856623e-13,5.397173618245221e-14,9.929728274991646e-21,3.1091115363899167e-21,4.54531197477554e-14,1.4876018104913363e-14,8.285427981262411e-17,3.848231029401508e-17,2.0072197744559263e-16,1.1112838182059344e-16,1.2089884913060711e-09,6.44383434510493e-10,3.1570306456481524e-15,1.6221749910594508e-15,6.875172305100419e-16,2.4135388263547464e-16,4.926143475718064e-17,1.6492638910771782e-17,1.1225466167466865e-13,3.758265690345721e-14,1.4271474976462424e-10,4.7780639088389615e-11,7.602675594286083e-16,2.606425955747104e-16,0.01032864425139315,0.005310949452303025,9.999999999999936e-31,3.6056800695390393e-31,7.610401088278715e-08,2.5441640034160407e-08,1.702910811902949e-05,5.562715273340766e-06,1.9456553304914046e-09,6.510992109686247e-10,5.4826304572279225e-11,1.792740617353117e-11
0.029,1384.244120136675,5.325561097483917,0.2639842913457416,0.11875560852109304,0.05105777334431209,0.3643475295395798,5.820288177916229e-07,8.306698392551184e-06,4.0116078092472355e-12,3.607199112906134e-12,1.9852639920396183e-12,8.925651324217539e-13,2.718431265516032e-07,2.299509089696579e-07,0.2743327965955439,0.21907254329355674,1.559428320500954e-14,6.7969958944815414e-15,1.889389743767546e-12,7.991132505143968e-13,1.1171121550759173e-15,1.3380184321057635e-15,1.3125259181718466e-13,1.4503564374335127e-13,2.2405173597580938e-09,2.297883475520264e-09,5.84012190489314e-11,5.989652149683326e-11,9.749253554196785e-05,9.328512952223964e-05,0.22482820653845942,0.2016088992436509,0.30706006522860957,0.15770835974258976,0.08942921715169512,0.02923360768916852,1.2330468767851294e-07,6.113030983113448e-08,5.959192005440321e-06,2.8551858603354743e-06,5.802705067655552e-09,2.6899067665321666e-09,8.674326092112204e-11,4.0210777866927415e-11,5.586651892612282e-06,2.508282688743891e-06,1.7420568397357775e-09,1.0012579035540188e-09,0.017555398834451577,0.00969946016255581,3.0013642774506576e-06,1.5964677555190147e-06,0.023865013703438444,0.01223802627401128,5.882602974441246e-06,2.91198092367358e-06,0.00138511794679781,0.0006626707693687513,3.44379362928563e-09,1.2075098221592786e-09,2.2022056725353883e-05,7.536516391958934e-06,1.870443825846873e-09,6.401141696045111e-10,8.708324864755529e-17,8.944045074923341e-17,2.2316504210540225e-16,2.1381851768092496e-16,7.772199805149578e-14,6.978219240461609e-14,1.4984260759616462e-09,1.2657258768076168e-09,8.190325019390278e-12,4.059927557635601e-12,1.08284175231639e-13,5.1916017946687144e-14,9.381351695726287e-21,2.933626825666588e-21,4.4281471394690545e-14,1.447389965123054e-14,7.988409504576508e-17,3.70550175251485e-17,1.965813454520956e-16,1.0869582911951282e-16,1.205902883680187e-09,6.419113386694234e-10,3.135614968243996e-15,1.6090967059097565e-15,6.636793721264461e-16,2.3268561488946155e-16,4.635832375223905e-17,1.5500700711742793e-17,1.1048237930104185e-13,3.6941678577927065e-14,1.4179688685200758e-10,4.741222130240781e-11,7.435893116334928e-16,2.54596590701303e-16,0.010328644241254455,0.005304111932623716,9.999999999999943e-31,3.6010379824920903e-31,7.389967422706538e-08,2.4672922496992175e-08,1.6750869013029733e-05,5.464781269585288e-06,1.906658769338e-09,6.37227850828459e-10,5.268469631584186e-11,1.72049524925655e-11
0.03,1383.0358257746416,5.322833944414004,0.26411954365270257,0.12254177286989612,0.051297916859650815,0.3656070009495322,5.768263979606325e-07,8.222235222685561e-06,3.8899511210352755e-12,3.493466698199834e-12,1.908100715149286e-12,8.56808491646452e-13,2.660260269805846e-07,2.247510443950375e-07,0.27305744228512385,0.2177835401990068,1.496493814223984e-14,6.514593662908698e-15,1.8280117339734352e-12,7.721942680572715e-13,1.0641338250657027e-15,1.272982352248162e-15,1.2607157454415445e-13,1.3913771014753526e-13,2.1705847330405293e-09,2.223398195518375e-09,5.6641601208999555e-11,5.8019773198602655e-11,9.619408851235819e-05,9.192851681107269e-05,0.22488213485028505,0.20140705248077048,0.3091544835173993,0.1585870579171787,0.08934195844687531,0.02916884749005166,1.2335809250889303e-07,6.108090606341708e-08,5.915953043377353e-06,2.8309522214906145e-06,5.6481320989576104e-09,2.6150042045266415e-09,8.415255067300966e-11,3.8961424764157775e-11,5.4777175116275e-06,2.4563221100278213e-06,1.653467392590339e-09,9.491614409283833e-10,0.01699495720434572,0.009378162516086629,2.9006489527480423e-06,1.5409815186852395e-06,0.023413126254255755,0.011991400720909826,5.76186269879749e-06,2.8486737161828662e-06,0.0013739119448885964,0.0006564940178543235,3.3366698726631517e-09,1.1684970217737976e-09,2.1633524537939516e-05,7.394364714671961e-06,1.824714940645361e-09,6.236897620533497e-10,8.343711300551066e-17,8.558929357562864e-17,2.1739471590746543e-16,2.0803142740609108e-16,7.73226749719087e-14,6.933752558116242e-14,1.5126468799545484e-09,1.2761528913455263e-09,8.097495846464094e-12,4.008932075594561e-12,1.0438663222347173e-13,4.99852747089764e-14,8.875356636855148e-21,2.7719543896374813e-21,4.3164017756221456e-14,1.4091142035356035e-14,7.708804443146909e-17,3.5713675470933237e-17,1.9257201968586457e-16,1.0634683705503245e-16,1.2027430478771734e-09,6.394349714144845e-10,3.1141708815619352e-15,1.5961094628310716e-15,6.410846287422042e-16,2.2448503546649963e-16,4.3697349953277164e-17,1.4592829980304176e-17,1.0877285132490231e-13,3.632494253208507e-14,1.4089847457619777e-10,4.7053367908423074e-11,7.275402744095701e-16,2.487925094540223e-16,0.010328644231581934,0.0052975308680485115,9.999999999999945e-31,3.5965700063375892e-31,7.180122237022348e-08,2.3942567721843518e-08,1.648303154815501e-05,5.370730336169024e-06,1.8695277527212157e-09,6.24042985912516e-10,5.066488682579597e-11,1.6524825784099345e-11
0.031,1381.846363279862,5.320284393785206,0.2642461132303335,0.12632612370773924,0.051529838135351023,0.36682038537763634,5.717031324086954e-07,8.139453603596341e-06,3.773858720107195e-12,3.3851507330088968e-12,1.8355217139206258e-12,8.232313576322299e-13,2.6045140827858385e-07,2.1977799680346235e-07,0.2718338570509681,0.216548157666124,1.437409541483095e-14,6.24989671541396e-15,1.7700215594159785e-12,7.46803012505292e-13,1.0145242555633607e-15,1.2121838123104614e-15,1.2117768361847906e-13,1.335765528881131e-13,2.1041470879623668e-09,2.1527644385159133e-09,5.496263811924489e-11,5.6232576832217054e-11,9.493141096252459e-05,9.061325173027239e-05,0.22492643611350063,0.20120563100347022,0.3111666339501472,0.1594281936110703,0.08925608023007203,0.029105932805354024,1.2337959060968312e-07,6.101843445608735e-08,5.874949237900479e-06,2.8079660364394954e-06,5.500803546006905e-09,2.5437451087061956e-09,8.169043818748961e-11,3.7776235931627955e-11,5.3735690197023945e-06,2.406735853009613e-06,1.570946818497689e-09,9.007117862793822e-10,0.016463465531615547,0.009074001534925005,2.805142652487757e-06,1.4884598360761311e-06,0.022978877704813768,0.011754907972672583,5.645714918570117e-06,2.787909414562965e-06,0.0013630029503623373,0.0006505019160572789,3.235491698923005e-09,1.1317084802120968e-09,2.126389293977383e-05,7.259325574544735e-06,1.7812889125072432e-09,6.081180052420989e-10,8.000645875173995e-17,8.197192456752174e-17,2.118763803360271e-16,2.0250811011564623e-16,7.691271805769166e-14,6.888735961618304e-14,1.526365897481463e-09,1.2861858213311115e-09,8.006660234486479e-12,3.959216712079075e-12,1.0071473928658431e-13,4.816927837807855e-14,8.407598471162603e-21,2.622721278841333e-21,4.2097267138980926e-14,1.3726447198523058e-14,7.445225475931604e-17,3.445127382888111e-17,1.886897153745592e-16,1.0407814241192565e-16,1.1995204276906154e-09,6.369584277287134e-10,3.0927408930511945e-15,1.5832287951192001e-15,6.196487760800133e-16,2.1671927457436744e-16,4.125281772515017e-17,1.3759984705677403e-17,1.0712282550407914e-13,3.5731097215849946e-14,1.4001908454997043e-10,4.67037300275355e-11,7.120900619855893e-16,2.432176547085421e-16,0.010328644222346384,0.005291190600662188,9.999999999999945e-31,3.592265510702615e-31,6.980173354497053e-08,2.324796834930973e-08,1.6225001250891875e-05,5.280328073490726e-06,1.8341274681506114e-09,6.114937395759971e-10,4.875802541691041e-11,1.5883852029036464e-11
0.032,1380.6754385452246,5.31789940463386,0.2643646232030476,0.13010877808820806,0.051754010837921076,0.367990486186867,5.666604654776753e-07,8.058338158449186e-06,3.663010206468697e-12,3.281923068331426e-12,1.767167917531532e-12,7.916588853506249e-13,2.551048683598265e-07,2.1501766490745186e-07,0.2706587653486363,0.2153629225376298,1.3818669546890155e-14,6.001453455613713e-15,1.7151628635746419e-12,7.228210034424305e-13,9.680208600280516e-16,1.1552837249795374e-15,1.165510397292054e-13,1.283280607160794e-13,2.0409699818649434e-09,2.085714817143343e-09,5.335959948596312e-11,5.452941898881498e-11,9.370325417767925e-05,8.933761358734455e-05,0.22496190114005304,0.2010048313355707,0.3131014919810625,0.16023416976018187,0.08917167582699595,0.029044809631634496,1.233721300917934e-07,6.09442438386628e-08,5.836021649453801e-06,2.786137336410989e-06,5.360252125902702e-09,2.4758855667320114e-09,7.934829496108168e-11,3.6650757021219743e-11,5.273890603527343e-06,2.359362144910307e-06,1.4939813369931398e-09,8.555934059371896e-10,0.015958898671450665,0.00878574109004065,2.7144906566072443e-06,1.4386939376888506e-06,0.02256125242557839,0.011527934975883905,5.533916528804963e-06,2.729544706323972e-06,0.0013523783184817453,0.0006446854631714843,3.1397960520118594e-09,1.0969671269311314e-09,2.0911755237732894e-05,7.130859481854999e-06,1.7399959914303945e-09,5.933345514437204e-10,7.677515388488731e-17,7.857034734902251e-17,2.065951049974548e-16,1.972321899454418e-16,7.649390414816673e-14,6.843308218151006e-14,1.5396096511908265e-09,1.2958465656517415e-09,7.917790845835334e-12,3.910747656741899e-12,9.725085076475858e-14,4.6458845191170985e-14,7.974418801266319e-21,2.4847180298341703e-21,4.10780109705323e-14,1.3378626853740756e-14,7.196423874648118e-17,3.326151750144455e-17,1.8493014616168493e-16,1.0188656242462944e-16,1.196245228126247e-09,6.344852816715971e-10,3.0713617326998374e-15,1.5704676907369198e-15,5.99294493326339e-16,2.093582710520465e-16,3.9002311084053613e-17,1.2994290424572375e-17,1.0552926762494453e-13,3.515888965799284e-14,1.3915827776858308e-10,4.6362972502098824e-11,6.972098573665076e-16,2.3786009288269473e-16,0.010328644213520819,0.0052850767627086815,9.999999999999924e-31,3.5881147411209717e-31,6.789485232728725e-08,2.2586739291343085e-08,1.5976229601060628e-05,5.1933591181191846e-06,1.800335821514954e-09,5.995341373698044e-10,4.6956029912648914e-11,1.5279142722193864e-11
0.033,1379.522738482172,5.315667114062527,0.2644756419412619,0.13388984462673675,0.05197087124437708,0.36911987454077005,5.616993197661229e-07,7.978868834689372e-06,3.5571059443604482e-12,3.1834785051077838e-12,1.7027147857175296e-12,7.619334376664952e-13,2.4997309118695293e-07,2.1045706473274693e-07,0.2695291657510605,0.21422465915652467,1.3295876934909878e-14,5.767957493827871e-15,1.6632035974185491e-12,7.001412542117708e-13,9.243848694228506e-16,1.1019746933887218e-15,1.1217337443369191e-13,1.233701570392814e-13,1.98083848060479e-09,2.022005009064919e-09,5.182807800014921e-11,5.290518856161988e-11,9.2508403406666e-05,8.809996036778112e-05,0.22498924790337757,0.20080482332934002,0.31496363789416415,0.1610071894779209,0.08908881408248637,0.028985422646037012,1.2333837821330234e-07,6.08595472336804e-08,5.799025888924187e-06,2.7653845187676924e-06,5.226048323693229e-09,2.4112021671496233e-09,7.711821076183835e-11,3.558091800885559e-11,5.178394010820677e-06,2.3140537136056236e-06,1.422108390492579e-09,8.135229498311441e-10,0.015479409003730127,0.00851225671558234,2.6283678024575617e-06,1.3914930920038856e-06,0.022159311977492945,0.011309917556287262,5.426240444638897e-06,2.6734464874115007e-06,0.0013420261499830228,0.0006390362727712506,3.0491656476735628e-09,1.064113728403852e-09,2.0575841650717713e-05,7.0084802551399705e-06,1.7006826042139585e-09,5.792813073810663e-10,7.372851209630913e-17,7.536822734434844e-17,2.0153705701555764e-16,1.9218856132426705e-16,7.606781021970317e-14,6.797591176578238e-14,1.5524028659192365e-09,1.305155466728586e-09,7.830855929125068e-12,3.863490565840791e-12,9.397904687422045e-14,4.484570865035459e-14,7.572579336687376e-21,2.3568761243318604e-21,4.01032966590137e-14,1.3046591456136697e-14,6.961272952755994e-17,3.2138739554101984e-17,1.812890589280387e-16,9.97690059409436e-17,1.192926552986971e-09,6.320186486755883e-10,3.0500650811385464e-15,1.557836937778439e-15,5.799507105308734e-16,2.0237449336933465e-16,3.69262081004073e-17,1.2288865579476618e-17,1.0398934372375453e-13,3.460715660932199e-14,1.383156087787102e-10,4.6030773568821904e-11,6.828723554262784e-16,2.3270860933708847e-16,0.010328644205080456,0.0052791761455224075,9.999999999999929e-31,3.584108730048834e-31,6.607473469552054e-08,2.1956695181234658e-08,1.573620959211114e-05,5.109625218880461e-06,1.7680419863995769e-09,5.881225368938984e-10,4.52515106384478e-11,1.4708065412957178e-11
0.034,1378.3879360404098,5.313576709753812,0.2645796888105673,0.13766942424789194,0.05218082193277594,0.37021091335626105,5.568201806083223e-07,7.901021869826989e-06,3.4558657575003724e-12,3.089533116973632e-12,1.6418684074635645e-12,7.339125959337691e-13,2.4504374957561847e-07,2.0608422374590504e-07,0.2684423027147908,0.21313045803691696,1.2803201314516646e-14,5.548230662095646e-15,1.6139332762903755e-12,6.786669462045345e-13,8.833989120057389e-16,1.0519776723482317e-15,1.0802788488842796e-13,1.1868260635413143e-13,1.9235552383934442e-09,1.9614113973541852e-09,5.036396587951121e-11,5.135514422478218e-11,9.134568034719316e-05,8.68987264231463e-05,0.22500912940840437,0.2006057536337689,0.3167572951663453,0.1617492762783749,0.08900754372075213,0.028927715999586937,1.2328075108677966e-07,6.076543685225404e-08,5.7638304958277595e-06,2.745633400689524e-06,5.097796772339704e-09,2.349489948441426e-09,7.499292316428305e-11,3.456299398492028e-11,5.0868155808915635e-06,2.270676189602995e-06,1.3549108184608083e-09,7.742455003004008e-10,0.015023307781591923,0.008252523528629369,2.5464756015933847e-06,1.3466827740618702e-06,0.021772187797423254,0.011100335576239628,5.3224743749001655e-06,2.6194909957509313e-06,0.0013319352334138013,0.0006335465181377456,2.9632235504564187e-09,1.0330047386663672e-09,2.0255003127836638e-05,6.89174863705519e-06,1.663209490014939e-09,5.65905700611559e-10,7.085314326718076e-17,7.235071414101486e-17,1.966894059595038e-16,1.8736327168343428e-16,7.563583615113069e-14,6.751691790387253e-14,1.5647686141084278e-09,1.3141314431165966e-09,7.745820330149413e-12,3.81741091030112e-12,9.088493192552339e-14,4.332241023276052e-14,7.199205923971954e-21,2.238248954545708e-21,3.9170403338806105e-14,1.2729340417786475e-14,6.738753789634421e-17,3.107782634948486e-17,1.777622606341016e-16,9.772248101118325e-17,1.1895725262678177e-09,6.295612400614478e-10,3.0288782012720315e-15,1.545345421586263e-15,5.615520236759095e-16,1.9574269148323559e-16,3.500727647160488e-17,1.1637676337943595e-17,1.025004039442846e-13,3.4074816605045514e-14,1.3749062911814174e-10,4.570682447904873e-11,6.690517000645464e-16,2.277526647827063e-16,0.010328644197002268,0.005273476583414374,9.999999999999947e-31,3.580239218033475e-31,6.43359988468027e-08,2.135583033905891e-08,1.550447173244447e-05,5.028943520348339e-06,1.737145140193613e-09,5.772211327113062e-10,4.3637702398399014e-11,1.4168217532947397e-11
0.035,1377.270694284065,5.311618318862722,0.26467723920320263,0.1414476108536252,0.05238423503470691,0.37126577830349744,5.520231674103485e-07,7.824770591930113e-06,3.3590276660550792e-12,2.999822675233997e-12,1.5843621011433253e-12,7.074674324390028e-13,2.403054178223968e-07,2.0188808647407122e-07,0.26739564183646974,0.21207764847448105,1.2338363711133183e-14,5.3412082858178375e-15,1.5671605937866998e-12,6.583102793608301e-13,8.448648587201929e-16,1.0050390138046245e-15,1.040991022931867e-13,1.142468404998789e-13,1.8689387934880405e-09,1.9037289877890706e-09,4.896343291732126e-11,4.98748845661256e-11,9.021394470198207e-05,8.573241980894624e-05,0.2250221405328644,0.20040774863819302,0.3184863643835004,0.16246229186831723,0.08892789693434903,0.028871633926840192,1.2320143986604568e-07,6.066289724304375e-08,5.730315527789517e-06,2.7268163979493316e-06,4.975133029239915e-09,2.29056058395977e-09,7.296575494265089e-11,3.359357051725668e-11,4.998913654353299e-06,2.2291067159964287e-06,1.292011772409521e-09,7.375313107664422e-10,0.014589048792072951,0.008005605685717804,2.4685396801360514e-06,1.3041030482197957e-06,0.021399074756073756,0.010898708686166408,5.222419707068065e-06,2.567563033275382e-06,0.0013220949948136084,0.0006282088844307935,2.881628494503181e-09,1.0035104492799152e-09,1.9948197404635017e-05,6.78026680333591e-06,1.627450085820385e-09,5.53160045850069e-10,6.813682127453737e-17,6.950428522119597e-17,1.920402380783021e-16,1.8274341660274807e-16,7.519922468507397e-14,6.705703881379233e-14,1.576728447258613e-09,1.3227921086663682e-09,7.662646323966461e-12,3.772474250603136e-12,8.795545989584216e-14,4.1882205169581916e-14,6.851741025027123e-21,2.127995698174823e-21,3.8276820223655755e-14,1.2425953432032341e-14,6.527942891925413e-17,3.0074153012756734e-17,1.743456387943665e-16,9.574409972631796e-17,1.186190399104452e-09,6.271154107589714e-10,3.0078244879471915e-15,1.5330003813993834e-15,5.440381705414468e-16,1.8943967607353612e-16,3.3230335424760966e-17,1.1035415436985621e-17,1.0105996794735528e-13,3.3560862870993386e-14,1.3668289020570422e-10,4.53908291104374e-11,6.557234186881045e-16,2.229823534573089e-16,0.010328644189264947,0.005267966851479699,9.999999999999938e-31,3.5764985843333605e-31,6.267368160865862e-08,2.078230110992535e-08,1.5280580548785368e-05,4.951145064938425e-06,1.7075533665013222e-09,5.667955274915296e-10,4.2108403916870526e-11,1.3657403235963879e-11
0.036000000000000004,1376.170669808755,5.309782910462208,0.26476872897528,0.1452244919221345,0.052581455110681845,0.3722864762738462,5.473080942866513e-07,7.750086087546815e-06,3.2663466818284343e-12,2.9141011819146804e-12,1.5299534473807699e-12,6.824810076178133e-13,2.357474932344995e-07,1.9785843035854857e-07,0.26638684804548385,0.2110637744794732,1.1899296241781028e-14,5.145926384520225e-15,1.5227113405539099e-12,6.389914726080917e-13,8.086019063160757e-16,9.609278524523142e-16,1.0037277310853562e-13,1.1004580298125385e-13,1.8168220550218424e-09,1.848769568974989e-09,4.762290610207791e-11,4.846032078062618e-11,8.911209508452722e-05,8.45996194691689e-05,0.22502882406119692,0.20021091703651553,0.320154453377113,0.1631479518794601,0.08884989235458698,0.028817121213364258,1.231024339241624e-07,6.055281687005452e-08,5.698371331668667e-06,2.7088718107405e-06,4.8577207041029935e-09,2.2342407737126242e-09,7.103055841617975e-11,3.266951302057412e-11,4.914466307793614e-06,2.1892327359932876e-06,1.2330702662329226e-09,7.031729626391093e-10,0.014175213960889903,0.007770647130922772,2.394307497056784e-06,1.2636071346260892e-06,0.021039225411906958,0.010704592557324286,5.125890480678842e-06,2.517555260302812e-06,0.0013124954511980018,0.0006230165255403454,2.8040708331582757e-09,9.755133917280947e-10,1.965447693638148e-05,6.673673619828796e-06,1.5932891242653957e-09,5.410009959454928e-10,6.556836709372246e-17,6.681660841008324e-17,1.8757847911050407e-16,1.7831704616452946e-16,7.475907903047607e-14,6.659709686285384e-14,1.5883025154493559e-09,1.3311538802171885e-09,7.58129430447868e-12,3.72864645482918e-12,8.517878324976396e-14,4.051898099015099e-14,6.527903235676848e-21,2.0253676119104724e-21,3.7420227301483e-14,1.2135582780766984e-14,6.32800150119246e-17,2.912352764727425e-17,1.710351769872581e-16,9.383108099521376e-17,1.1827866442146518e-09,6.246832011732562e-10,2.9869239471481397e-15,1.5208076324143094e-15,5.273535617205861e-16,1.8344412223889202e-16,3.1581971860112656e-17,1.0477400638108073e-17,9.966571173089803e-14,3.3064356979104764e-14,1.3589194573079914e-10,4.5082503563111705e-11,6.428643559947512e-16,2.1838836338771238e-16,0.01032864418184877,0.005262636575341424,9.999999999999933e-31,3.5728797856420103e-31,6.108319957554958e-08,2.0234410206276494e-08,1.506413147141397e-05,4.8760734661261205e-06,1.6791826977590943e-09,5.568143589106095e-10,4.06579237971768e-11,1.317361284984277e-11
0.037,1375.0875154495661,5.308062209795635,0.2648545583628096,0.1490001490457327,0.052772801713715886,0.3732748617462678,5.426745211337282e-07,7.676937750938718e-06,3.1775936566480083e-12,2.832139498648702e-12,1.4784216873121218e-12,6.588470567241156e-13,2.3136012512471857e-07,1.9398579021952792e-07,0.26541376629295066,0.21008657352418242,1.1484119177345505e-14,4.961510502039989e-15,1.4804265807187681e-12,6.206378907512992e-13,7.74444866160889e-16,9.194337842691369e-16,9.683575131799133e-14,1.0606380885019705e-13,1.7670509514693055e-09,1.7963600777415483e-09,4.633905058435602e-11,4.7107651559774085e-11,8.803906928327947e-05,8.349897221242034e-05,0.22502967597215948,0.20001535201056184,0.3217649041345444,0.16380783983839628,0.08877353750620844,0.028764123545709664,1.2298554136451273e-07,6.043599830276373e-08,5.667897466074559e-06,2.691743198770169e-06,4.745248884750655e-09,2.1803708114559715e-09,6.918166570230477e-11,3.178793952619751e-11,4.833269359214123e-06,2.1509509285987525e-06,1.1777772719770225e-09,6.709828797889659e-10,0.013780500633709707,0.007546863452704216,2.32354630514674e-06,1.2250601350759658e-06,0.02069194488581168,0.010517575538156791,5.032712443974868e-06,2.4693675555053112e-06,0.0013031271685655394,0.0006179630255244492,2.7302690162961455e-09,9.489069513562365e-10,1.9372978406647445e-05,6.571640526505043e-06,1.5606214095078412e-09,5.293890637762786e-10,6.313754492001833e-17,6.427642022037072e-17,1.8329382418326802e-16,1.7407308064608647e-16,7.431637832228095e-14,6.613781207095787e-14,1.5995096765785277e-09,1.3392320753470335e-09,7.501723346420403e-12,3.685893865591505e-12,8.254412118744821e-14,3.9227186724476005e-14,6.225652648301755e-21,1.929696328958253e-21,3.659847799514455e-14,1.1857446468516045e-14,6.138166278323132e-17,2.8222142861208305e-17,1.678269660234162e-16,9.198075152522178e-17,1.1793670394142263e-09,6.222663739209743e-10,2.966193613570204e-15,1.5087717576778636e-15,5.114468583864057e-16,1.777363939240866e-16,3.005030091475492e-17,9.959489217945293e-18,9.831545558741892e-14,3.258442311968655e-14,1.3511735358632652e-10,4.47815757325602e-11,6.30452606996699e-16,2.1396193840012202e-16,0.010328644174735441,0.005257476150862238,9.999999999999938e-31,3.5693763015791663e-31,5.9560314377160425e-08,1.9710592790190263e-08,1.4854748068967042e-05,4.803583735051912e-06,1.6519562765790528e-09,5.472489736680389e-10,3.928103218910325e-11,1.2715004600422921e-11
0.038,1374.0208826096687,5.3064486226519705,0.26493509544904287,0.152774658414924,0.052958571657126315,0.37423265120595794,5.38121797370652e-07,7.605293745668293e-06,3.092554202917638e-12,2.753724082249014e-12,1.429565443799287e-12,6.364688428139958e-13,2.271341511234772e-07,1.9026139089610842e-07,0.2644744044895819,0.20914395781461964,1.1091120872025288e-14,4.787165960824263e-15,1.440161055199734e-12,6.03183282041435e-13,7.422426412143686e-16,8.803648097385515e-16,9.347590134089228e-14,1.0228641922190523e-13,1.7194832289632872e-09,1.7463411519221805e-09,4.5108752156006906e-11,4.58133402379205e-11,8.699384420257669e-05,8.242918974346303e-05,0.22502515013418173,0.19982113315938627,0.32332081673689206,0.16444341954594466,0.0886988308493067,0.02871258777508023,1.2285240723605796e-07,6.031316722460997e-08,5.638801758711181e-06,2.675378835439384e-06,4.637429841742904e-09,2.128803312922011e-09,6.741384444325785e-11,3.094619655392569e-11,4.755134617534192e-06,2.114166276620483e-06,1.1258522933922012e-09,6.407911544348904e-10,0.013403710335578117,0.007333534712406979,2.256041330634788e-06,1.1883379010128218e-06,0.020356586276803586,0.010337275679411539,4.942722188559616e-06,2.4229064358123726e-06,0.0012939812230580684,0.0006130423637306779,2.6599665266439933e-09,9.23594164462232e-10,1.910291360521331e-05,6.4738679645272655e-06,1.529350749591281e-09,5.182882061301244e-10,6.083497013103088e-17,6.187341849130605e-17,1.7917667476534572e-16,1.7000123516841362e-16,7.387199131539963e-14,6.567981401148449e-14,1.610367595399044e-09,1.3470410006108642e-09,7.423891674013185e-12,3.644183431966236e-12,8.004164494514002e-14,3.8001771406661115e-14,5.943161168673473e-21,1.8403838501684213e-21,3.5809583703684375e-14,1.159082212930665e-14,5.957741191069341e-17,2.7366533649720014e-17,1.6471721204405297e-16,9.019054565307354e-17,1.175936741544202e-09,6.198664461617221e-10,2.9456479160237316e-15,1.4968962748097571e-15,4.962705944437836e-16,1.7229838761711646e-16,2.8624763435934496e-17,9.478005754826061e-18,9.700715323809648e-14,3.212024297450602e-14,1.3435867745548509e-10,4.448778488542058e-11,6.184674519249299e-16,2.0969484254656523e-16,0.010328644167907932,0.005252476673139494,9.999999999999955e-31,3.5659820864845505e-31,5.8101101650471694e-08,1.9209404101370438e-08,1.4652079575546776e-05,4.733541236775835e-06,1.6258036214502388e-09,5.380731427106977e-10,3.797291761374688e-11,1.2279888366485637e-11
0.039,1372.9704230569623,5.304935168393604,0.2650106792470856,0.15654809125484226,0.05313904105571713,0.37516143603791924,5.336490986852471e-07,7.5351213806504655e-06,3.0110276703517093e-12,2.678655806668576e-12,1.3832007116383286e-12,6.152581483227172e-13,2.230610392590832e-07,1.8667708644456778e-07,0.2635669182631199,0.20823399761043013,1.071874009437509e-14,4.6221693085689535e-15,1.4017817738797768e-12,5.865671079274298e-13,7.118568630013325e-16,8.435455018343481e-16,9.028200984617607e-14,9.870032806019287e-14,1.6739873724305958e-09,1.698565837560619e-09,4.392910091413188e-11,4.457409375744321e-11,8.597543536649031e-05,8.138904558533755e-05,0.22501566244978033,0.1996283281480187,0.32482507091172635,0.16505604615642844,0.0886257634716338,0.02866246210536578,1.2270452971048324e-07,6.018498038942747e-08,5.610999474154204e-06,2.6597312268673466e-06,4.533996960385453e-09,2.0794020763923376e-09,6.572225803787317e-11,3.01418375493415e-11,4.679888329236166e-06,2.0787912422201003e-06,1.0770403453112714e-09,6.124436369841146e-10,0.013043738764834082,0.007129999085167175,2.1915941378168376e-06,1.1533260217764737e-06,0.020032546531560336,0.01016333806880691,4.85576634866286e-06,2.378084526369929e-06,0.001285049165005092,0.0006082488830918085,2.5929291965985037e-09,8.994866672885679e-10,1.8843561433277922e-05,6.380082250885636e-06,1.4993890175666643e-09,5.076654586778844e-10,5.865202715237151e-17,5.959816699576194e-17,1.752180811283934e-16,1.6609195148829584e-16,7.342668843397955e-14,6.522365221906458e-14,1.6208928347949027e-09,1.3545940322635307e-09,7.347757038319163e-12,3.6034828057328713e-12,7.766237707639813e-14,3.683813021998953e-14,5.6787869383930016e-21,1.7568939373217964e-21,3.505169983510898e-14,1.133504155475861e-14,5.786090396887021e-17,2.655354053978616e-17,1.617022416777485e-16,8.845800402457615e-17,1.1725003520254418e-09,6.174847180106736e-10,2.925298996178769e-15,1.4851837800848224e-15,4.817808350505211e-16,1.6711339194065884e-16,2.729595372821162e-17,9.029680810413679e-18,9.573888182843304e-14,3.16710510526391e-14,1.3361548803550081e-10,4.4200881211241266e-11,6.068892916368593e-16,2.0557932622110883e-16,0.010328644161350408,0.0052476298727815885,9.999999999999968e-31,3.56269152615502e-31,5.6701923128029367e-08,1.8729508386698984e-08,1.4455798668417364e-05,4.665820757012861e-06,1.6006599785825314e-09,5.292628105261042e-10,3.672914819579986e-11,1.186671116689156e-11
0.04,1371.9357904665653,5.303515421075146,0.26508162241804895,0.16032051421980714,0.05331446712397017,0.3760626938624785,5.2925545869135e-07,7.466387428166023e-06,2.932826196709219e-12,2.6067488831286107e-12,1.3391590922385845e-12,5.951343915199218e-13,2.1913283609126824e-07,1.832253059390466e-07,0.2626895975484946,0.2073549065676379,1.0365550518908009e-14,4.465860829691095e-15,1.3651667799040932e-12,5.707339560958605e-13,6.831606768385708e-16,8.088153797656194e-16,8.724370626925752e-14,9.529326067874014e-14,1.6304416449535044e-09,1.6528984419790737e-09,4.279737629321332e-11,4.338684356768974e-11,8.498289628271831e-05,8.037737215667792e-05,0.22500159450153775,0.19943699414379212,0.32628034509797393,0.16564697595845396,0.08855432049602481,0.028613696228896136,1.2254327446430455e-07,6.0052032670041e-08,5.584412582765167e-06,2.644756690143585e-06,4.434702896955071e-09,2.0320410706640477e-09,6.410243022441134e-11,2.937260375093396e-11,4.607369812837334e-06,2.0447450434368773e-06,1.0311092987527789e-09,5.858002618917475e-10,0.012699566973807816,0.006935647268395711,2.130021173553618e-06,1.119918927350651e-06,0.019719262801639447,0.00999543248379651,4.77170088232031e-06,2.3348200871517652e-06,0.0012763229882297063,0.0006035772626281038,2.528942867360497e-09,8.765037807412182e-10,1.859426094253955e-05,6.290032860315081e-06,1.4706553308396616e-09,4.974906174418576e-10,5.658079648738564e-17,5.744201099258209e-17,1.7140969056032715e-16,1.6233633694074718e-16,7.298115245396073e-14,6.476980537723815e-14,1.6311009374863935e-09,1.361903688414292e-09,7.273277033141984e-12,3.5637604164951806e-12,7.53981034540568e-14,3.57320575357341e-14,5.431052298657081e-21,1.6787447114565065e-21,3.4323113361030114e-14,1.1089485836288948e-14,5.622632018486425e-17,2.5780277423740138e-17,1.5877850533468564e-16,8.678077168625842e-17,1.1690619750126551e-09,6.151222976449582e-10,2.905156989103056e-15,1.473636074493657e-15,4.679368705879254e-16,1.621659623911797e-16,2.605547294385022e-17,8.611598814877004e-18,9.450883292527634e-14,3.1236130519243316e-14,1.3288736407395943e-10,4.392062540709092e-11,5.956995863889781e-16,2.016080947960348e-16,0.01032864415504814,0.005242928059743878,9.999999999999962e-31,3.559499399713993e-31,5.535940183283094e-08,1.8269669093782414e-08,1.4265599522109559e-05,4.600305684680591e-06,1.5764657546479234e-09,5.207958760557367e-10,3.55456371156952e-11,1.1474044276966314e-11
0.041,1370.9166416265257,5.302183456625203,0.2651482137195915,0.16409198975031006,0.05348508981139844,0.37693779876804195,5.249397955381064e-07,7.39905838107842e-06,2.8577738140824535e-12,2.5378298570734248e-12,1.2972862290163372e-12,5.76023845719384e-13,2.1534211934973133e-07,1.798990043180451e-07,0.2618408544596975,0.20650502853657893,1.0030247004959198e-14,4.317637938647565e-15,1.3302040532002802e-12,5.55633021150669e-13,6.560376527285417e-16,7.760274569858495e-16,8.435139062071937e-14,9.205388207628756e-14,1.5887332219173685e-09,1.6092135047423608e-09,4.171103314817403e-11,4.224872805126562e-11,8.401531753999521e-05,7.939305782846672e-05,0.22498329684081467,0.19924717908645662,0.32768913381326314,0.1662173752250919,0.0884844822552512,0.02856624141482427,1.2236988752088055e-07,5.99148633155402e-08,5.5589691117988265e-06,2.630414979510982e-06,4.339317909470042e-09,1.9866035235922164e-09,6.255021312906323e-11,2.8636407010524197e-11,4.537430238122632e-06,2.011953009457214e-06,9.87847527814353e-10,5.607335685916373e-10,0.012370253433648535,0.00674991747293829,2.071152448315095e-06,1.0880190796420316e-06,0.019416209084414986,0.009833251246497499,4.6903903912548455e-06,2.2930365722375178e-06,0.001267795098917439,0.00059902249107779,2.467811324395786e-09,8.545717050508991e-10,1.8354405178963088e-05,6.203490026507755e-06,1.4430753242529082e-09,4.877359573473303e-10,5.4613989418425614e-17,5.539700194791046e-17,1.6774370001999438e-16,1.5872610901252589e-16,7.253598795760222e-14,6.431868939829197e-14,1.641006502381266e-09,1.3689816958831828e-09,7.200409346891488e-12,3.5249855225095318e-12,7.324129555111856e-14,3.467970554331151e-14,5.198624684819208e-21,1.605502248069893e-21,3.362223153181152e-14,1.0853580984355129e-14,5.466832650777695e-17,2.5044103241889915e-17,1.5594257857960758e-16,8.515659548629042e-17,1.1656252691172095e-09,6.12780123395895e-10,2.885230267872808e-15,1.4622542724687091e-15,4.547009395869606e-16,1.5744180852296686e-16,2.489580344162331e-17,8.221153476096613e-18,9.331530418230852e-14,3.0814809377422386e-14,1.3217389309717988e-10,4.3646788232123436e-11,5.848807958625498e-16,1.9777427883551437e-16,0.010328644148987407,0.005238364072408243,9.999999999999959e-31,3.55640084504089e-31,5.407039949656087e-08,1.782873999797552e-08,1.4081196001905486e-05,4.536887261143644e-06,1.5531660112158847e-09,5.126519980144975e-10,3.441861138287293e-11,1.1100571641788284e-11
0.042,1369.9126374027892,5.300933806146681,0.2652107201768066,0.16786257639678248,0.05365113326042619,0.37778803040534986,5.20700934630944e-07,7.33310066609715e-06,2.7857056184327213e-12,2.4717366858201935e-12,1.2574404236065444e-12,5.578589504748569e-13,2.116819551726846e-07,1.7669161822088144e-07,0.261019212523592,0.2056828258583677,9.711633481223889e-15,4.176949360717009e-15,1.2967905417097969e-12,5.41217646826149e-13,6.303808107785316e-16,7.450469467029391e-16,8.15961681350199e-14,8.897171437192894e-14,1.548757414691878e-09,1.5673948784635585e-09,4.066768894361755e-11,4.11570764824113e-11,8.307182579289715e-05,7.843504409449888e-05,0.2249610918826442,0.19905892277936135,0.3290537631572302,0.16676832809088207,0.08841622526716195,0.02852005056301007,1.2218550669674324e-07,5.977396150680601e-08,5.534602570954691e-06,2.616668956034061e-06,4.247628359019713e-09,1.9429811069409778e-09,6.106175862450886e-11,2.7931314450351715e-11,4.469931543513321e-06,1.980346010037259e-06,9.470618314570047e-10,5.37127398695341e-10,0.012054926990589961,0.006572290988018254,2.0148303561654215e-06,1.0575362514315708e-06,0.019122893240079656,0.009676507321796857,4.611707506780704e-06,2.2526622338374167e-06,0.0012594582888135067,0.0005945798438603472,2.4093544834098853e-09,8.336228134459265e-10,1.812343577978458e-05,6.120242639452419e-06,1.4165805096304745e-09,4.783759846975726e-10,5.2744889669257705e-17,5.345583051447092e-17,1.6421281316453452e-16,1.5525354532379307e-16,7.20917297060667e-14,6.387066454412802e-14,1.6506232536404455e-09,1.3758390505086883e-09,7.12911196817667e-12,3.4871282458975466e-12,7.118504195523353e-14,3.367754787404301e-14,4.980300051789252e-21,1.5367750306267415e-21,3.2947571726206274e-14,1.0626794004528187e-14,5.318202521742654e-17,2.434259708879612e-17,1.5319116221693893e-16,8.358332111009387e-17,1.1621934934040343e-09,6.10458983282038e-10,2.8655256588959716e-15,1.4510388968953324e-15,4.42037978861222e-16,1.5292769266904108e-16,2.381020101099972e-17,7.856009583981409e-18,9.215669175264432e-14,3.040645701824742e-14,1.3147467198805525e-10,4.337915008410956e-11,5.744163221936472e-16,1.9407140637936307e-16,0.010328644143155407,0.00523393123222897,9.999999999999955e-31,3.5533913279795815e-31,5.283199637436526e-08,1.7405657296230907e-08,1.3902320072018828e-05,4.475463918473366e-06,1.5307100189025088e-09,5.048124234811138e-10,3.334458388158446e-11,1.0745079541090106e-11
0.043000000000000003,1368.9234435269273,5.299761414238798,0.26526938902582003,0.17163232911371834,0.05381280711619374,0.37861458212425236,5.165376280089676e-07,7.268480819363011e-06,2.716466997983529e-12,2.4083178897558003e-12,1.2194914096221331e-12,5.405777026513887e-13,2.081458593511482e-07,1.7359702615609957e-07,0.26022329703484215,0.20488686890471172,9.408612217518252e-15,4.043289991459275e-15,1.264831302005965e-12,5.274449208402467e-13,6.060917479119545e-16,7.157501059905114e-16,7.896979007594776e-14,8.603706236446155e-14,1.51041697268206e-09,1.5273349053950335e-09,3.966511195356034e-11,4.010939436511939e-11,8.215158266608092e-05,7.750232285638879e-05,0.22493527649868808,0.1988722578546492,0.3303764047763898,0.167300843620128,0.08834952304854869,0.02847507823116311,1.2199117183617042e-07,5.96297713025338e-08,5.511251442159153e-06,2.603484294652342e-06,4.159435358880622e-09,1.901073204517578e-09,5.963349256922552e-11,2.725553471413052e-11,4.404745471089409e-06,1.9498599480920633e-06,9.085755917728247e-10,5.148757445292429e-10,0.011752780566794319,0.006402288226982976,1.9609086115796307e-06,1.0283868792720053e-06,0.018838854289852987,0.009524932603031649,4.535532323510359e-06,2.2136297604311777e-06,0.0012513057101929685,0.0005902448619742748,2.3534067898494718e-09,8.135950301375829e-10,1.7900838204859357e-05,6.040096392323929e-06,1.3911077092514052e-09,4.693872186221144e-10,5.0967301201776185e-17,5.161176675426058e-17,1.608102012807244e-16,1.5191143839819629e-16,7.164885008028276e-14,6.342604172231933e-14,1.659964103906851e-09,1.3824860721299685e-09,7.0593433521666615e-12,3.4501595947871135e-12,6.92229878950818e-14,3.2722347544774926e-14,4.774988455566022e-21,1.4722091338514622e-21,3.229775230940204e-14,1.040862937680734e-14,5.1762912161227365e-17,2.3673536260252538e-17,1.5052108134438766e-16,8.2058889850046e-17,1.1587695483731861e-09,6.081595322858272e-10,2.8460486311104775e-15,1.439989961870421e-15,4.29915397847359e-16,1.4861133886090693e-16,2.2792602120329356e-17,7.514070184714032e-18,9.103148334726355e-14,3.001048108850508e-14,1.3078930740713017e-10,4.3117500585453726e-11,5.6429045579476135e-16,1.9049337708685518e-16,0.010328644137540218,0.005229623303027757,9.999999999999964e-31,3.5504666147032136e-31,5.164147302184643e-08,1.699943249931912e-08,1.3728720353194881e-05,4.415940682814644e-06,1.5090508615904433e-09,4.972598360400557e-10,3.232032822019478e-11,1.040644732609807e-11
0.044,1367.9487311932294,5.298661601690632,0.26532444945893047,0.17540129952726025,0.05397030771227725,0.37941856830367027,5.124485707308078e-07,7.205165628200241e-06,2.649912914632583e-12,2.3474317691582114e-12,1.1833192608623407e-12,5.241231156440126e-13,2.0472776202961912e-07,1.706095124091547e-07,0.2594518263678957,0.20411582667940986,9.120174293893571e-15,3.916196340921712e-15,1.2342387342729048e-12,5.142753150897234e-13,5.830798535125502e-16,6.88023201166698e-16,7.646459997026687e-14,8.324094622718295e-14,1.4736214533463414e-09,1.4889336769815358e-09,3.870121035551339e-11,3.9103349986807866e-11,8.125378357161805e-05,7.659393379303894e-05,0.2249061243368946,0.1986872106158901,0.33165908851375936,0.16781586218057803,0.08828434679286959,0.028431280639710243,1.2178783397350546e-07,5.9482696046480734e-08,5.4888587247112754e-06,2.590829223393059e-06,4.074553552171399e-09,1.8607862526200691e-09,5.826209155516639e-11,2.6607405603239686e-11,4.341752702391704e-06,1.9204353064050357e-06,8.72227137483739e-10,4.938817286820928e-10,0.011463065502627722,0.006239465186988148,1.9092512889566826e-06,1.0004934811560537e-06,0.01856365996187517,0.009378276362122677,4.461751876032974e-06,2.175875945249603e-06,0.0012433308525332252,0.0005860133326458223,2.2998158013045527e-09,7.944312804582232e-10,1.7686137508111292e-05,5.962872140853357e-06,1.3665985522232425e-09,4.6074799718396645e-10,4.92755013572261e-17,4.9858606656830375e-17,1.5752946758491113e-16,1.486930545679673e-16,7.120776568454725e-14,6.298508804246906e-14,1.6690412125729712e-09,1.3889324549992408e-09,6.991062551771089e-12,3.4140514736335316e-12,6.734928153635969e-14,3.1811128554515995e-14,4.581701462910411e-21,1.4114840250604965e-21,3.167148433930856e-14,1.0198625875775744e-14,5.040683881641923e-17,2.3034876819102187e-17,1.479292835185429e-16,8.058133515364486e-17,1.1553560125003207e-09,6.058823076226028e-10,2.8268034621040418e-15,1.4291070446490636e-15,4.1830287405970727e-16,1.4448135062571398e-16,2.1837543745802908e-17,7.193448247957898e-18,8.993825184150077e-14,2.96263246299385e-14,1.3011741606529319e-10,4.2861638173184495e-11,5.544883236514598e-16,1.8703443801850165e-16,0.010328644132130652,0.005225434454222577,9.999999999999941e-31,3.547622746749785e-31,5.049629379800895e-08,1.6609146023694883e-08,1.35601608131879e-05,4.358228635214429e-06,1.488145083519189e-09,4.899782206593674e-10,3.13428560376798e-11,1.0083639093010068e-11
0.045,1366.9881775673712,5.297630032170067,0.2653761141870184,0.1791695361790912,0.054123819131989714,0.3802010308957092,5.08432415000259e-07,7.143122249096435e-06,2.5859072405822222e-12,2.288945686472231e-12,1.1488134214103782e-12,5.084427399852591e-13,2.014219757885843e-07,1.6772373453036374e-07,0.2587036042097728,0.20336845842941736,8.845391141195949e-15,3.7952424985651425e-15,1.204931902422909e-12,5.016723665278435e-13,5.612616059325212e-16,6.617615826712816e-16,7.407348492746267e-14,8.05750408083809e-14,1.438286655631117e-09,1.4520983699765608e-09,3.777402222636474e-11,3.8136762159066175e-11,8.037765653607765e-05,7.57089618928704e-05,0.22487388789941232,0.1985038017877793,0.33290371376908806,0.16831426115362966,0.08822066593582786,0.028388615661909627,1.2157636355218353e-07,5.933310230712163e-08,5.467371530429014e-06,2.578674291600883e-06,3.992810010827039e-09,1.8220331478475476e-09,5.694446199501472e-11,2.5985382990905384e-11,4.280842087786558e-06,1.8920167441303116e-06,8.378682909222221e-10,4.740567000988796e-10,0.011185086497270708,0.006083410290776829,1.8597319581556913e-06,9.737841340630262e-07,0.018296904482462534,0.00923630385868466,4.390259661342082e-06,2.139341385464625e-06,0.001235527521476634,0.0005818812719370665,2.2484409336864916e-09,7.760790053087218e-10,1.747889459945623e-05,5.888404454632084e-06,1.34299902814377e-09,4.524383058030658e-10,4.766419886379999e-17,4.8190624349281093e-17,1.5436461481451424e-16,1.455920968308941e-16,7.076884324191337e-14,6.254803175465033e-14,1.6778660387371724e-09,1.3951873134983454e-09,6.924229324456877e-12,3.378776686723467e-12,6.555852641057548e-14,3.0941150769995334e-14,4.399541151104907e-21,1.3543089015550686e-21,3.106756409892824e-14,9.996353716384958e-15,4.91099786685062e-17,2.242473640368089e-17,1.4541283640076812e-16,7.914877912954147e-17,1.151955174877369e-09,6.036277423028403e-10,2.8077933849309183e-15,1.4183893487451667e-15,4.0717216836040647e-16,1.4052713701279604e-16,2.094009400840061e-17,6.892442185198562e-18,8.887564945104724e-14,2.925346348815677e-14,1.2945862491442988e-10,4.261136971209646e-11,5.449958408396135e-16,1.8368916122733973e-16,0.010328644126916291,0.005221359227917895,9.999999999999945e-31,3.5448560186792577e-31,4.939409200550136e-08,1.623394143772038e-08,1.339641959090138e-05,4.302244428626917e-06,1.4679523758580427e-09,4.829527438658667e-10,3.040939659537115e-11,9.775696218629803e-12
0.046,1366.0414661210107,5.296662682346324,0.2654245808447386,0.18293708474907447,0.05427351417519214,0.3809629453576081,5.044877819710025e-07,7.08231829972228e-06,2.5243221397632206e-12,2.2327354025846294e-12,1.1158718386871847e-12,4.934882358591875e-13,1.982231664209237e-07,1.6493469371955275e-07,0.25797751253371304,0.20264360607264004,8.583406991141144e-15,3.680036540344484e-15,1.176835925860444e-12,4.896023923303397e-13,5.405599385253117e-16,6.368688540380602e-16,7.178983127512519e-14,7.803162055035332e-14,1.4043341060902621e-09,1.4167426465013118e-09,3.68817062689197e-11,3.72075889350756e-11,7.952246096035729e-05,7.484653505299148e-05,0.22483880039663082,0.19832204716015253,0.33411205982930703,0.1687968601028892,0.08815844862472243,0.02834704279983021,1.2135755779015606e-07,5.9181323391404375e-08,5.446740720375217e-06,2.5669921622978895e-06,3.9140432344450324e-09,1.7847327107660555e-09,5.567772115601274e-11,2.5388030804962912e-11,4.221909951934297e-06,1.8645527340986492e-06,8.053630725249069e-10,4.5531943012437486e-10,0.010918197051780359,0.005933741550202756,1.8122329011414676e-06,9.481920022135213e-07,0.018038206566095047,0.009098795079375607,4.320955197319526e-06,2.103970206158596e-06,0.001227889819427828,0.0005778449088543108,2.19915234484936e-09,7.58489729650741e-10,1.7278702913452846e-05,5.816540327963281e-06,1.320259088336513e-09,4.4443962426661004e-10,4.61284959803378e-17,4.660252914891076e-17,1.513100154580787e-16,1.4260267092401122e-16,7.033240481714663e-14,6.211506659817684e-14,1.6864493901329177e-09,1.4012592241653863e-09,6.8588042122363946e-12,3.344308932870472e-12,6.384573898518082e-14,3.01098875732165e-14,4.227690453939089e-21,1.3004194815542522e-21,3.0484866298019515e-14,9.80141196631293e-15,4.786879722137264e-17,2.1841378925687942e-17,1.429689248056206e-16,7.775942893725154e-17,1.1485690643817526e-09,6.013961771339839e-10,2.7890207170657013e-15,1.4078357587379513e-15,3.964969567591554e-16,1.367388455205495e-16,2.0095791891919158e-17,6.609514601709762e-18,8.78424023344399e-14,2.8891403931795847e-14,1.2881257123094555e-10,4.236651011384481e-11,5.357996642849381e-16,1.8045242273018447e-16,0.010328644121887323,0.005217392509005177,9.999999999999954e-31,3.5421629577743754e-31,4.8332656396205295e-08,1.5873020256311735e-08,1.323728792869388e-05,4.247909850893308e-06,1.4484352959534769e-09,4.761696466250966e-10,2.951737831761219e-11,9.481730631934246e-12
0.047,1365.1082869186998,5.2957558149274195,0.26547003326228885,0.18670398825871462,0.05441955523241946,0.38170522599567375,5.006132718794579e-07,7.022721933800214e-06,2.46503749649379e-12,2.178684467636171e-12,1.0844001890691156e-12,4.792149920613918e-13,1.9512632637111178e-07,1.6223770800778407e-07,0.25727250524899864,0.20194018737146308,8.33343214392246e-15,3.570217331334904e-15,1.1498814359156712e-12,4.780342358540842e-13,5.20903669547078e-16,6.132561266606842e-16,6.960748431362766e-14,7.560350969687401e-14,1.3716905947381958e-09,1.3827861137343933e-09,3.6022533291123325e-11,3.6313917298534344e-11,7.868748640836644e-05,7.40058218248906e-05,0.2248010774353332,0.19814195817580935,0.3352857952460867,0.16926442545070655,0.08809766211018977,0.02830652315157173,1.2113214731476952e-07,5.9027662497640025e-08,5.426920580099979e-06,2.555757426752968e-06,3.838102244034594e-09,1.748809201928251e-09,5.4459180026019e-11,2.481401200475962e-11,4.164859470409186e-06,1.837995237890884e-06,7.745865449311916e-10,4.3759539683016976e-10,0.010661795355360444,0.005790104013120243,1.7666444017998684e-06,9.236549108441575e-07,0.017787207573671474,0.008965543588814422,4.253743612958705e-06,2.0697098062019048e-06,0.0012204121268854496,0.0005739006704731729,2.1518299411360637e-09,7.416186791438208e-10,1.7085185440582954e-05,5.74713803260327e-06,1.2983322900096024e-09,4.3673479043119414e-10,4.4663854463537986e-17,4.5089427055084706e-17,1.483603846321768e-16,1.3971925453823205e-16,6.989873249741136e-14,6.168635568008672e-14,1.6948014681775672e-09,1.4071562642560366e-09,6.794748604473484e-12,3.310622795730712e-12,6.220631084608301e-14,2.931500597584691e-14,4.065404681248334e-21,1.2495751895306157e-21,2.9922337914131256e-14,9.61342620920227e-15,4.6680025280821e-17,2.128320096262955e-17,1.405948474642021e-16,7.641157321257635e-17,1.1451994757640353e-09,5.99187871368631e-10,2.7704869741249564e-15,1.3974448881266622e-15,3.862526780513134e-16,1.3310730153715267e-16,1.9300594744400178e-17,6.343273815731168e-18,8.683730564434458e-14,2.853968048224174e-14,1.2817890262121312e-10,4.212688196886778e-11,5.268871493393062e-16,1.7731938298911593e-16,0.010328644117034574,0.005213529498144319,9.999999999999964e-31,3.5395403056973714e-31,4.730991889960974e-08,1.552563722513287e-08,1.3082569189624372e-05,4.195151425046083e-06,1.4295590158396444e-09,4.696161485647656e-10,2.8664412088019128e-11,9.200918745352843e-12
0.048,1364.1883367878872,5.2949059544841335,0.2655126426083447,0.19047028725742216,0.05456209507921362,0.38242873080353823,4.968074725331326e-07,6.964301898551579e-06,2.4079403847190097e-12,2.126683658935765e-12,1.0543111844181674e-12,4.655817854886337e-13,1.9212675044080593e-07,1.596283878334153e-07,0.25658760246618345,0.201257189776902,8.094736945410044e-15,3.465451671321667e-15,1.1240040885905253e-12,4.669390393795083e-13,5.022269877059728e-16,5.908413492261435e-16,6.752071162482065e-14,7.328403706924374e-14,1.3402877536921968e-09,1.3501538349967566e-09,3.519487832553623e-11,3.545395368462033e-11,7.787205138152497e-05,7.31860292525039e-05,0.2247609185222204,0.19796354243442535,0.3364264863423184,0.16971767470530155,0.08803827307033656,0.028267019371006414,1.2090080212073547e-07,5.887239553497239e-08,5.407868527446881e-06,2.544946437918975e-06,3.764845757813411e-09,1.7141918832193189e-09,5.328632776368161e-11,2.4262080418433517e-11,4.109600107234411e-06,1.8122994133299103e-06,7.454237805788593e-10,4.2081614718629026e-10,0.010415320582159493,0.005652167470273318,1.7228641027728615e-06,9.001149613438581e-07,0.017543569845399395,0.008836355491963693,4.1885352725430056e-06,2.0365106263402223e-06,0.0012130890857121224,0.0005700451685666251,2.106362490686023e-09,7.254244385534997e-10,1.6897992077804436e-05,5.680066095104327e-06,1.2771754778228446e-09,4.293078784555082e-10,4.326606483327444e-17,4.364678607169321e-17,1.455107551780166e-16,1.369366691907638e-16,6.946807254904138e-14,6.12620348999088e-14,1.7029319093459328e-09,1.412886047033737e-09,6.73202478292916e-12,3.2776937290292566e-12,6.063597489161357e-14,2.855434887652596e-14,3.912004048258527e-21,1.2015566804762315e-21,2.9378992588982676e-14,9.432046425976968e-15,4.55406350575166e-17,2.0748719609776244e-17,1.3828801348622692e-16,7.510357849949962e-17,1.1418479930171637e-09,5.970030121612196e-10,2.7521929701823642e-15,1.3872151210918618e-15,3.7641639499130697e-16,1.2962395336504596e-16,1.855083245328863e-17,6.0924577467982955e-18,8.585921895364807e-14,2.819785392193933e-14,1.2755727697013136e-10,4.18923151936184e-11,5.18246308745708e-16,1.7428546869347328e-16,0.01032864411234951,0.005209765687260616,9.999999999999982e-31,3.5369850018545234e-31,4.6323943496390295e-08,1.5191096057626988e-08,1.293207797222848e-05,4.14390004973556e-06,1.4112910968529342e-09,4.6328036227354006e-10,2.7848276146405972e-11,8.932495983340025e-12
0.049,1363.2813194490918,5.294109865683821,0.2655525684214623,0.1942360199932957,0.05470127759387,0.3831342658228347,4.930689665978937e-07,6.907027580601806e-06,2.352924578142487e-12,2.076630464982481e-12,1.0255239505677287e-12,4.5255047656465257e-13,1.8922001368311414e-07,1.5710261389042353e-07,0.2559218853241405,0.20059366488435082,7.866646400010053e-15,3.3654317464337673e-15,1.099144128029591e-12,4.56290040875229e-13,4.844689884568742e-16,5.695487048338455e-16,6.552416971614835e-14,7.106699508547718e-14,1.3100616756717747e-09,1.3187758882664707e-09,3.4397213384277474e-11,3.462601530686025e-11,7.707550213733848e-05,7.238640084808252e-05,0.2247185084195247,0.19778680414190505,0.337535604916188,0.17015728027992685,0.08798024787879126,0.02822849562300311,1.206641369476934e-07,5.8715773659493505e-08,5.389544850312529e-06,2.5345371611342764e-06,3.694141444045881e-09,1.6808146213034177e-09,5.215681762396432e-11,2.3731073374115833e-11,4.056047108912667e-06,1.7874233517917165e-06,7.177689387231272e-10,4.049187280056341e-10,0.010178249551266888,0.0055196243918248285,1.680796423055582e-06,8.775181836968242e-07,0.01730697518948193,0.00871104849586989,4.125245431222573e-06,2.0043259376312305e-06,0.001205915583984396,0.0005662751875148425,2.062646832055395e-09,7.098686473286336e-10,1.671679726335895e-05,5.615202384865489e-06,1.2567484989358848e-09,4.2214408999675484e-10,4.1931218659181606e-17,4.2270405015728964e-17,1.427564549196236e-16,1.342500546357924e-16,6.90406391438829e-14,6.084221600553854e-14,1.7108498230438598e-09,1.418455754002853e-09,6.670595955408039e-12,3.2454980395321606e-12,5.913077508029929e-14,2.782591921189337e-14,3.766867084411662e-21,1.1561636587942034e-21,2.885390553954845e-14,9.256945076519215e-15,4.444781880102843e-17,2.0236561637151445e-17,1.3604593871598822e-16,7.383388577924149e-17,1.1385160103444038e-09,5.948417229943752e-10,2.734138906734801e-15,1.3771446491897583e-15,3.6696666820909034e-16,1.2628082244398077e-16,1.784316734096178e-17,5.8559198324950766e-18,8.490706206017103e-14,2.7865509476875495e-14,1.2694736235316474e-10,4.166264669727442e-11,5.098657742737408e-16,1.7134635588602047e-16,0.010328644107824018,0.005206096837414993,9.999999999999997e-31,3.534494168371995e-31,4.537291613163482e-08,1.4868745581002881e-08,1.278563930985181e-05,4.094090674658547e-06,1.3936012876387066e-09,4.5715121660257574e-10,2.7066902424877055e-11,8.67575184579039e-12
0.05,1362.3869455797676,5.293364533538843,0.26558995954844256,0.19800122256985472,0.05483723841530651,0.38382258912162937,4.893963376578873e-07,6.850869039169632e-06,2.2998900951446997e-12,2.028428608936321e-12,9.979634685995784e-13,4.4008573597803766e-13,1.8640195110326603e-07,1.5465651686999963e-07,0.25527449126729496,0.19994872338461792,7.648535332098892e-15,3.2698728447997748e-15,1.0752459932067556e-12,4.460623912559099e-13,4.675732546781538e-16,5.493080672284898e-16,6.361287357796792e-14,6.894660248262879e-14,1.280952566540129e-09,1.2885869652943334e-09,3.36281007541504e-11,3.382852217271797e-11,7.629721151530506e-05,7.160621465780223e-05,0.22467401837961265,0.19761174451232288,0.3386145353034582,0.17058387297910815,0.08792355282688524,0.028190917534776087,1.204227161284642e-07,5.8558025550305605e-08,5.371912469884172e-06,2.5245090394812917e-06,3.625865238630304e-09,1.6486155266321023e-09,5.1068454136907895e-11,2.3219905007558962e-11,4.004121045300715e-06,1.7633278403898491e-06,6.915244372227692e-10,3.898451764009571e-10,0.009950093691564047,0.005392188057471918,1.6403520263524862e-06,8.55814220267295e-07,0.01707712348351718,0.008589451046192437,4.063793912494178e-06,1.9731116449372925e-06,0.0011988867411902688,0.0005625876728328563,2.0205871639871372e-09,6.949157268576561e-10,1.654129784999204e-05,5.55243329527209e-06,1.2370139465551043e-09,4.1522965645478636e-10,4.065568347572917e-17,4.095638535653315e-17,1.4009308574547532e-16,1.3165484542892664e-16,6.861661768514864e-14,6.042698930412428e-14,1.7185638268349772e-09,1.4238721647539446e-09,6.6104262767879315e-12,3.214012866700459e-12,5.76870392807469e-14,2.7127865757910594e-14,3.62942480172192e-21,1.1132129513025655e-21,2.834620891327284e-14,9.08781535433406e-15,4.339896960744713e-17,1.9745453767446105e-17,1.3386624193928702e-16,7.260100705398502e-17,1.1352047509500745e-09,5.927040711457298e-10,2.7163244508509864e-15,1.3672315031374977e-15,3.5788344111956025e-16,1.2307045806322274e-16,1.7174558971507356e-17,5.632616684545164e-18,8.39798110919389e-14,2.7542255140650646e-14,1.2634883689020948e-10,4.143772005565556e-11,5.017347604423897e-16,1.684979541796269e-16,0.010328644103450463,0.005202518958560123,9.99999999999999e-31,3.532065096351957e-31,4.445513546875664e-08,1.4557976216887361e-08,1.2643087925938361e-05,4.045662000711987e-06,1.3764613415836102e-09,4.51218387479048e-10,2.6318364115112307e-11,8.430025429819994e-12
0.051000000000000004,1361.5049328103796,5.292667145565229,0.2656249549937648,0.20176592909008162,0.054970105544821395,0.38449441441998516,4.85788175241836e-07,6.795797028967476e-06,2.2487427764035324e-12,1.9819876087324867e-12,9.7156007143675e-13,4.2815479896873266e-13,1.8366863902716587e-07,1.5228645893722347e-07,0.25464460974994185,0.19932153047913237,7.439824035282307e-15,3.178511306409634e-15,1.052257963449494e-12,4.362329899948691e-13,4.514874771184817e-16,5.300545098317626e-16,6.178216887124082e-14,6.691747036968898e-14,1.252904428633808e-09,1.259526007293587e-09,3.288618679289184e-11,3.305998973243989e-11,7.55365777790769e-05,7.084478141816383e-05,0.22462760725419947,0.1974383621157325,0.3396645808273276,0.1709980451712354,0.08786815430512239,0.028154252144362818,1.201770579633625e-07,5.8399359454517824e-08,5.354936726574232e-06,2.5148428722122886e-06,3.5599007220688982e-09,1.6175366248686815e-09,5.001918142697841e-11,2.2727560182371575e-11,3.9537473930149995e-06,1.7399761466509795e-06,6.666002091336636e-10,3.7554206332214997e-10,0.009730396290088685,0.00526959086516012,1.60144733729806e-06,8.349560388367915e-07,0.016853731398216845,0.00847140154143351,4.004104810693628e-06,1.942826106526624e-06,0.0011919978947079416,0.0005589797207154304,1.9800944075715676e-09,6.805326359115738e-10,1.6371211193105203e-05,5.491653008488911e-06,1.2179369288837202e-09,4.085517510439855e-10,3.9436080045772683e-17,3.970110575540502e-17,1.3751650434997287e-16,1.2914674944271267e-16,6.819616777278207e-14,6.00164260646313e-14,1.7260820789960075e-09,1.4291416844474488e-09,6.551480859866428e-12,3.183216159996469e-12,5.630135482828769e-14,2.6458470370936672e-14,3.499155523104429e-21,1.0725368007703758e-21,2.7855087537720336e-14,8.924369594772552e-15,4.2391664154117307e-17,1.927421394582944e-17,1.3174664101103163e-16,7.140352201092721e-17,1.1319152839017247e-09,5.905900743196745e-10,2.6987488041480607e-15,1.3574735805040197e-15,3.4914793474852376e-16,1.1998589610867017e-16,1.6542233183550053e-17,5.42159724016724e-18,8.307649489457326e-14,2.7227720129775512e-14,1.2576138856414404e-10,4.121738519784542e-11,4.938430303371867e-16,1.6573639202755682e-16,0.010328644099221797,0.005199028291062367,1.0000000000000004e-30,3.5296952333275598e-31,4.356900446080578e-08,1.4258216782188087e-08,1.250426755633224e-05,3.99855620771037e-06,1.3598448520650548e-09,4.454722355705465e-10,2.5600864374277422e-11,8.194701372416284e-12
0.052000000000000005,1360.6350057894365,5.2920150757564794,0.26565768468389656,0.2055301717890643,0.055099999877553034,0.3851504142985366,4.822430794533225e-07,6.741783022025578e-06,2.1993938999276974e-12,1.9372223772934688e-12,9.46248993665137e-13,4.1672724587437254e-13,1.810163783639306e-07,1.4998901710448627e-07,0.25403147841637913,0.19871130180256225,7.239974383111593e-15,3.0911026928479847e-15,1.0301318416256564e-12,4.2678033835929936e-13,4.3616311269365436e-16,5.117278645828367e-16,6.00277067526833e-14,6.497457156635853e-14,1.2258647757019633e-09,1.231535877471201e-09,3.217019628970059e-11,3.231902221300912e-11,7.4793023587605e-05,7.010144290812197e-05,0.2245794225020079,0.1972666532068206,0.3406869695479183,0.1714003536216491,0.08781401895351214,0.02811846785107436,1.1992763870175393e-07,5.8239965047226424e-08,5.33858518849967e-06,2.505520706133955e-06,3.4961385591157262e-09,1.5875235617357891e-09,4.900707270399864e-11,2.2253089027734216e-11,3.9048561639426265e-06,1.7173338265330056e-06,6.429130380462083e-10,3.619600860815234e-10,0.009518730026601354,0.005151582817268035,1.5640041058696197e-06,8.148996746208557e-07,0.016636531259898425,0.00835674763209662,3.946106224001185e-06,1.9134299721952886e-06,0.0011852445882836618,0.0005554485689457889,1.9410856380833716e-09,6.666886529801302e-10,1.6206273453674567e-05,5.43276284294837e-06,1.199484863385698e-09,4.0209841053886974e-10,3.8269261897683135e-17,3.8501199191452186e-17,1.350228048388423e-16,1.2672172849222055e-16,6.777942590845098e-14,5.96105807062745e-14,1.7334123075951273e-09,1.4342703684320689e-09,6.493725785874493e-12,3.1530866586938786e-12,5.497054671509794e-14,2.5816136615018702e-14,3.37558030781872e-21,1.033981358215892e-21,2.737977510492725e-14,8.76633784737336e-15,4.1423647281363853e-17,1.8821743552159127e-17,1.296849492076058e-16,7.024007492621692e-17,1.1286485394075606e-09,5.884997066673701e-10,2.6814107652767566e-15,1.3478686707513778e-15,3.4074255274197305e-16,1.170206218725823e-16,1.594365489100879e-17,5.2219932426523864e-18,8.219619178603069e-14,2.692155349652414e-14,1.2518471507385776e-10,4.10014981299992e-11,4.861808644413157e-16,1.6305800333427996e-16,0.01032864409513128,0.005195621289319156,9.999999999999997e-31,3.5273821721405797e-31,4.2713022773110695e-08,1.3968931616356389e-08,1.2369030349061715e-05,3.95271871270346e-06,1.3437271058713507e-09,4.399037508352486e-10,2.4912726151721127e-11,7.969206202019636e-12
0.053,1359.7768960517137,5.291405869735748,0.2656882701776098,0.20929398115607742,0.05522703571918736,0.3857912232785608,4.787596641461681e-07,6.688799211550401e-06,2.1517598139464368e-12,1.8940528443072514e-12,9.21969959653973e-13,4.057748018924379e-13,1.784416786704828e-07,1.4776096752159202e-07,0.2534343794580077,0.19811729955552995,7.048486280251375e-15,3.0074201214782767e-15,1.0088226628300298e-12,4.1768440486581166e-13,4.2155507157894335e-16,4.942723191404121e-16,5.834542051236602e-14,6.311321226553198e-14,1.1997843670855499e-09,1.204563057048501e-09,3.1478927104306e-11,3.16043063283771e-11,7.406599484604853e-05,6.937557023816979e-05,0.22452960111074352,0.1970966119933476,0.341682859773319,0.17179132217671406,0.08776111378297166,0.02808353436058234,1.19674896107415e-07,5.8080015080890346e-08,5.322827474619362e-06,2.496525735359474e-06,3.4344759725476348e-09,1.5585253273310855e-09,4.803032045600308e-11,2.1795601864403755e-11,3.857381556669435e-06,1.6953685451824162e-06,6.203859538471528e-10,3.490536988393497e-10,0.009314694671575493,0.005037930113736737,1.52794900012985e-06,7.956039902398138e-07,0.016425269941857636,0.008245345545746768,3.889729990686247e-06,1.88488602578958e-06,0.0011786225589728956,0.0005519915873288097,1.9034835643494413e-09,6.533551773477574e-10,1.60462380280396e-05,5.375670651401452e-06,1.1816272868130446e-09,3.9585846324330335e-10,3.7152296514110665e-17,3.7353532000442613e-17,1.326083022235579e-16,1.2437598008219814e-16,6.736650784463491e-14,5.920949267342915e-14,1.7405618391403697e-09,1.4392639461779089e-09,6.437128096654513e-12,3.1236038644077983e-12,5.369165761958993e-14,2.5199379376637604e-14,3.2582588537249435e-21,9.97405334605911e-22,2.6919550575479258e-14,8.613466538342164e-15,4.0492817883449956e-17,1.838702029325601e-17,1.2767907122172075e-16,6.910937146386425e-17,1.1254053223528712e-09,5.864329039503622e-10,2.6643087825816727e-15,1.3384144755689716e-15,3.3265079279965655e-16,1.1416853553719155e-16,1.53765039103292e-17,5.033010792952069e-18,8.133802638897233e-14,2.662342279366373e-14,1.246185235593175e-10,4.0789920630428176e-11,4.787390298326903e-16,1.6045931444202049e-16,0.010328644091172597,0.005192294605991109,9.999999999999992e-31,3.5251236402363896e-31,4.1885779620571033e-08,1.368961788301366e-08,1.2237236269416692e-05,3.908097934181316e-06,1.3280849465522094e-09,4.345045010367394e-10,2.4252382749445832e-11,7.753004966965258e-12
0.054,1358.9303419824873,5.2908372316700785,0.2657168252923127,0.2130573860473556,0.05535132123057811,0.38641744049086924,4.753365601194608e-07,6.636818520300309e-06,2.1057616055785103e-12,1.8524036153258074e-12,8.986668157761527e-13,3.952711584509444e-13,1.7594124401758667e-07,1.455992715290305e-07,0.25285263645426964,0.1975388291395171,6.864894497155849e-15,2.927252781022537e-15,9.88288435528648e-13,4.089265057690313e-13,4.0762143589812814e-16,4.776360553248347e-16,5.673150448351523e-14,6.132900649495782e-14,1.1746169698401225e-09,1.1785573734159294e-09,3.081124533521003e-11,3.091460561725197e-11,7.335495972664908e-05,6.866656236507127e-05,0.22447827040605767,0.19692823087829284,0.342653344850979,0.17217144411133367,0.08770940627094394,0.028049422633734652,1.1941923272043052e-07,5.791966689784562e-08,5.30763509703529e-06,2.487842212125217e-06,3.374816274468416e-09,1.5304940105797997e-09,4.708722769056902e-11,2.1354264675215474e-11,3.811261649184476e-06,1.6740499187274133e-06,5.989476943657848e-10,3.3678078372763314e-10,0.009117915056909478,0.004928413910723649,1.493213244970545e-06,7.770304627330341e-07,0.016219707925048468,0.008137059509841971,3.834911464183059e-06,1.8571590496779785e-06,0.0011721277281259144,0.0005486062704083776,1.8672160674536285e-09,6.405055528718691e-10,1.589087416989298e-05,5.320290292127651e-06,1.164335687226619e-09,3.898214652826288e-10,3.6082448427647764e-17,3.6255185064922477e-17,1.3026951763243326e-16,1.2210592106014896e-16,6.695751074593597e-14,5.881318816396515e-14,1.7475376232762956e-09,1.4441278420727018e-09,6.381655792172774e-12,3.0947480186610973e-12,5.246193010872689e-14,2.460681561631612e-14,3.146785867989017e-21,9.626788078808925e-22,2.647373497302505e-14,8.46551727830422e-15,3.959721634135639e-17,1.7969091876219366e-17,1.2572699954502085e-16,6.801017578668517e-17,1.1221863247054551e-09,5.84389568340833e-10,2.6474410033517403e-15,1.3291086281256827e-15,3.248571670023498e-16,1.1142392116270433e-16,1.4838653691118726e-17,4.853922922164398e-18,8.050116683852247e-14,2.633301289404412e-14,1.2406253042334678e-10,4.058252000072119e-11,4.715087526820887e-16,1.5793703250178943e-16,0.010328644087339823,0.005189045078344678,9.99999999999998e-31,3.5229174903917722e-31,4.1085947472792696e-08,1.3419803194088311e-08,1.2108752610605164e-05,3.864645094975136e-06,1.3128966546660808e-09,4.2926658655502303e-10,2.3618369406666375e-11,7.545598231124555e-12
0.055,1358.0950887282834,5.290307011871531,0.26574345669976435,0.2168204137900473,0.055472958856155045,0.38702963221755987,4.7197241739831374e-07,6.585814598286352e-06,2.0613247884902094e-12,1.8122036522407208e-12,8.762871951746e-13,3.851918107166182e-13,1.735119596633551e-07,1.4350106258161064e-07,0.2522856113396522,0.1969752359500277,6.688765784811561e-15,2.850404581332523e-15,9.684899034842788e-13,4.0048919543990165e-13,3.943232028612955e-16,4.617709197570312e-16,5.5182394609794064e-14,5.96178526551598e-14,1.1503191382695825e-09,1.1534717490425044e-09,3.016608078017541e-11,3.0248755151209066e-11,7.265940765719824e-05,6.797384461769819e-05,0.2244255488433442,0.1967615007023357,0.34359945778130535,0.17254118436698299,0.08765886444263721,0.02801610483438875,1.1916101880288542e-07,5.77590637842712e-08,5.292981316249724e-06,2.4794553648850296e-06,3.3170684281984443e-09,1.503384570711814e-09,4.6176199797296786e-11,2.092829491222328e-11,3.7664381118519114e-06,1.6533493670913353e-06,5.785322144904651e-10,3.2510235168918534e-10,0.00892803916239453,0.004822829156354363,1.4597322815233675e-06,7.591429838415224e-07,0.016019618345722204,0.008031761177176529,3.7815892835285093e-06,1.8302156892614995e-06,0.001165756189062222,0.0005452902288392467,1.8322157778590547e-09,6.281149068172577e-10,1.5739965711694703e-05,5.266541139764986e-06,1.1475833492192605e-09,3.8397764205305854e-10,3.5057163753158034e-17,3.5203436643789714e-17,1.2800316445891203e-16,1.1990817237767441e-16,6.655251511243576e-14,5.842168165030459e-14,1.7543462572273565e-09,1.4488671957680767e-09,6.327277817743447e-12,3.0665000768502984e-12,5.127879043473244e-14,2.40371559641144e-14,3.0407878157749897e-21,9.296821556958725e-22,2.6041688401960342e-14,8.32226575716848e-15,3.87350130490298e-17,1.7567070244145904e-17,1.238268107286561e-16,6.694130767475718e-17,1.118992136489285e-09,5.823695725303869e-10,2.6308053150593522e-15,1.3199487085268182e-15,3.173471281428685e-16,1.087814181037821e-16,1.432815238457334e-17,4.684062988288497e-18,7.968482209808815e-14,2.6050024867119156e-14,1.2351646104545696e-10,4.037916879292258e-11,4.644816915261237e-16,1.554880343098478e-16,0.01032864408362735,0.0051858697151659135,9.999999999999987e-31,3.5207616918305243e-31,4.03122760178483e-08,1.3159043349137473e-08,1.198345347545368e-05,3.822314019302488e-06,1.2981418355348664e-09,4.241825982165019e-10,2.3009315450595458e-11,7.346519283427569e-12
0.056,1357.2708880650625,5.2898131960105195,0.2657682644441999,0.22058309027849596,0.05559204570301835,0.38762833415081954,4.6866590725855273e-07,6.535761820114192e-06,2.018379015800682e-12,1.773385980511877e-12,8.547822146226874e-13,3.7551391089979045e-13,1.7115087997638592e-07,1.4146363441536367e-07,0.2517327017505496,0.1964259025580136,6.519696276689297e-15,2.7766929391755303e-15,9.493903321943374e-13,3.9235616810603213e-13,3.816240516894128e-16,4.466321255834283e-16,5.3694750659555596e-14,5.797591210178756e-14,1.1268500135594646e-09,1.129261973701146e-09,2.9542422764773006e-11,2.96056566870696e-11,7.197884837781286e-05,6.729686733775877e-05,0.22437154665945788,0.1965964109151256,0.34452217527031936,0.17290098152276048,0.0876094569288503,0.027983554278410185,1.189005950172826e-07,5.759833620143078e-08,5.278841009962918e-06,2.471351324298762e-06,3.2611466522143578e-09,1.4771546309166648e-09,4.5295737178696625e-11,2.051695770531018e-11,3.722855949912353e-06,1.6332399819882469e-06,5.590782468461892e-10,3.139822750206711e-10,0.008744736426601485,0.004720983561655891,1.4274454647521943e-06,7.419076825473228e-07,0.015824786207102547,0.007929329143451382,3.7297051809412533e-06,1.8040243378963727e-06,0.0011595041997349142,0.0005420411833873364,1.7984196969710571e-09,6.161600057148431e-10,1.559330993164883e-05,5.214347651515869e-06,1.1313452151728296e-09,3.783178357673018e-10,3.407405611862849e-17,3.4195746786942645e-17,1.2580613566157635e-16,1.1777954516058e-16,6.615158649872575e-14,5.803497723464062e-14,1.7609940071312874e-09,1.4534868800136525e-09,6.273964051004135e-12,3.0388416839643907e-12,5.013983385968519e-14,2.348919712110843e-14,2.9399200151593415e-21,8.983051030022002e-22,2.562280732336552e-14,8.183500737258838e-15,3.7904498071191835e-17,1.718012638714197e-17,1.2197666183291597e-16,6.590163982631062e-17,1.1158232558578733e-09,5.803727635334801e-10,2.6143993838605667e-15,1.3109322583701116e-15,3.1010700235229514e-16,1.0623599493495043e-16,1.384320604702965e-17,4.522818823636721e-18,7.888823952211572e-14,2.5774174960774033e-14,1.2298004956982466e-10,4.017974457914884e-11,4.576499127840254e-16,1.5310935611220006e-16,0.010328644080029873,0.00518276568518154,1.0000000000000013e-30,3.518654322362347e-31,3.9563586875296746e-08,1.290692034945924e-08,1.1861219369818403e-05,3.781060969280843e-06,1.2838013201709569e-09,4.192455800156744e-10,2.2423937278972254e-11,7.155331643815313e-12
0.057,1356.4574983244606,5.289353895009554,0.26579134242920655,0.22434544006333274,0.055708673889713047,0.38821405346263693,4.6541572395290893e-07,6.486635280484403e-06,1.9768578150191152e-12,1.735887419651239e-12,8.341062003789445e-13,3.6621613575099346e-13,1.6885521734484342e-07,1.3948443020324823e-07,0.25119333855904,0.19589024610180344,6.357309136450423e-15,2.705947680413201e-15,9.30955314561721e-13,3.8451216858503814e-13,3.6949013201853013e-16,4.321779821450543e-16,5.2265440000905387e-14,5.6399589642815264e-14,1.1041711407698219e-09,1.105886496790301e-09,2.89393163014262e-11,2.8984274214754367e-11,7.131281106502136e-05,6.66351046232282e-05,0.22431636651319606,0.19643294976632128,0.345422421503214,0.17325124962533087,0.08756115301466645,0.02795174538512428,1.1863827487575587e-07,5.7437602907239004e-08,5.265190554100657e-06,2.463517056112526e-06,3.206970056778207e-09,1.4517642894386505e-09,4.444442850762522e-11,2.011956239987488e-11,3.6804632682693217e-06,1.6136964065174488e-06,5.405289032061547e-10,3.03387045153402e-10,0.00856769618155917,0.004622696650175354,1.3962957827763457e-06,7.252927609561575e-07,0.015635007611542105,0.007829648483097971,3.6792037939473208e-06,1.7785550260052263e-06,0.0011533681737619158,0.0005388569583777344,1.7657688538131134e-09,6.046191247701072e-10,1.5450716520463824e-05,5.163638972146172e-06,1.1155977592809705e-09,3.728334578809057e-10,3.31308938893138e-17,3.322974320431662e-17,1.2367549212701623e-16,1.1571702796808677e-16,6.575477708995914e-14,5.765306988613526e-14,1.7674868281864805e-09,1.4579915174436587e-09,6.221685287856665e-12,3.011755151218935e-12,4.9042811423019224e-14,2.2961815013884708e-14,2.8438640404082732e-21,8.684458716037071e-22,2.5216522074780647e-14,8.049023137571973e-15,3.71040717816073e-17,1.6807485650901553e-17,1.2017478702616526e-16,6.489009530546319e-17,1.112680098149364e-09,5.783989660580713e-10,2.5982206882100503e-15,1.3020567931646018e-15,3.031239276148088e-16,1.0378292569509315e-16,1.3382163708246255e-17,4.369627536742496e-18,7.811070260296114e-14,2.5505193662956052e-14,1.224530386665802e-10,3.998412972526731e-11,4.510058678652483e-16,1.507981841213043e-16,0.010328644076542381,0.005179730306386218,1.0000000000000027e-30,3.5165935611369785e-31,3.883876863514429e-08,1.2663040544009452e-08,1.17419367927326e-05,3.740844483429709e-06,1.269857074253394e-09,4.1444899494669387e-10,2.1861031890606725e-11,6.9716267706021965e-12
0.058,1355.654684242054,5.288927335647646,0.26581277887146265,0.22810748643388576,0.05582293088095288,0.38878727077296804,4.622205857628413e-07,6.438410782015542e-06,1.936698337761788e-12,1.6996483300735155e-12,8.142164372385209e-13,3.5727856550705507e-13,1.6662233169960456e-07,1.375610323655035e-07,0.2506669835339915,0.19536771582447812,6.201252405950432e-15,2.638010037646335e-15,9.131525918898046e-13,3.769429102518523e-13,3.5788986992149814e-16,4.183696477092941e-16,5.089152257630993e-14,5.48855155309948e-14,1.0822462985869281e-09,1.083306234774899e-09,2.835585846933662e-11,2.8383629782180912e-11,7.066084342676519e-05,6.598805307650235e-05,0.22426010408026079,0.19627110447137422,0.34630107173340235,0.17359237991480012,0.08751392267751418,0.02792065362850983,1.183743469440047e-07,5.727697195702489e-08,5.252007712913943e-06,2.455940299174244e-06,3.1544623039362376e-09,1.4271759435174405e-09,4.362094444926419e-11,1.9735459343995656e-11,3.6392110514111635e-06,1.5946947229253946e-06,5.228313110476163e-10,2.93285552225284e-10,0.008396626192997704,0.004527798874878436,1.3662295947008992e-06,7.092683415827763e-07,0.015450089015354928,0.007732610303225172,3.630032481777495e-06,1.753779313950051e-06,0.0011473446705103556,0.0005357354748613241,1.7342079896518168e-09,5.934719281532505e-10,1.531200662481364e-05,5.11434856914076e-06,1.1003188712680862e-09,3.675164452808616e-10,3.222558841604419e-17,3.2303208298872953e-17,1.2160845170976463e-16,1.137177748523044e-16,6.536212708513839e-14,5.727594651261636e-14,1.7738303841933078e-09,1.4623854967114039e-09,6.1704132209091395e-12,2.985223430164564e-12,4.7985617825741124e-14,2.245395853867632e-14,2.752325383186607e-21,8.400104152087301e-22,2.4822294551627812e-14,7.91864518097798e-15,3.633223627564236e-17,1.6448423442126966e-17,1.1841949412679835e-16,6.390564501524722e-17,1.1095630039187102e-09,5.764479853979007e-10,2.582266547149497e-15,1.2933198122905619e-15,2.96385796603882e-16,1.0141776787418526e-16,1.2943504012332736e-17,4.2239708669199914e-18,7.735152880416323e-14,2.5242824807656022e-14,1.2193517923666783e-10,3.979221115531046e-11,4.445423710228413e-16,1.4855184543527484e-16,0.010328644073160132,0.0051767610358682764,1.0000000000000024e-30,3.5145776817367555e-31,3.813677217737631e-08,1.2427032888918342e-08,1.1625497831353252e-05,3.701625219233204e-06,1.2562921133036122e-09,4.0978669326331233e-10,2.131947088848663e-11,6.795021941788077e-12
0.059000000000000004,1354.8622167899375,5.288531852324801,0.2658326566984245,0.23186925149473175,0.055934899785104616,0.38934844190618456,4.590792359714028e-07,6.391064824417402e-06,1.89784112980479e-12,1.664612381078419e-12,7.950729401104434e-13,3.486825738950017e-13,1.6444972100519537e-07,1.3569115333040057e-07,0.25015312728289113,0.19485779089746877,6.051197060103714e-15,2.572731745286038e-15,8.959518927301672e-13,3.696350012332066e-13,3.467937915030308e-16,4.0517090498395257e-16,4.957023713410661e-14,5.3430528998901696e-14,1.0610413442382926e-09,1.0614843960507762e-09,2.7791195088297792e-11,2.7802799668479153e-11,7.002251086793003e-05,6.535523065637331e-05,0.22420284854754652,0.196110861328346,0.347158955454821,0.17392474235406327,0.08746773660965228,0.027890255489951422,1.1810907686247163e-07,5.7116541621853557e-08,5.239271539075311e-06,2.448609509246581e-06,3.103551299466736e-09,1.4033541300121384e-09,4.282403196287772e-11,1.9364036975706635e-11,3.5990529653556737e-06,1.5762123516079825e-06,5.059362868322312e-10,2.8364888712069473e-10,0.008231251362047233,0.004436130831967626,1.3371963968467783e-06,6.938063310793871e-07,0.015269846607451286,0.007638111366684977,3.5821411703584855e-06,1.7296702004929635e-06,0.001141430389076564,0.0005326747458184801,1.703685274494941e-09,5.826993614453829e-10,1.5177011994575377e-05,5.066413907250496e-06,1.085487751482035e-09,3.6235922078893485e-10,3.135618332196367e-17,3.141406736674664e-17,1.1960237917600178e-16,1.1177909442849145e-16,6.497366594473418e-14,5.690358692466005e-14,1.7800300647292575e-09,1.466672986725881e-09,6.120120419501921e-12,2.9592300889759117e-12,4.696628037595649e-14,2.1964643864612964e-14,2.665031350998329e-21,8.129117329116979e-22,2.4439616075373313e-14,7.79218961226352e-15,3.5587587600239094e-17,1.6102261347285142e-17,1.1670916135802068e-16,6.29473053453159e-17,1.1064722463500082e-09,5.745196101287208e-10,2.5665341470296002e-15,1.284718808545213e-15,2.8988120432864517e-16,9.913634229521429e-17,1.2525823276908458e-17,4.085371036437639e-18,7.661006758999602e-14,2.4986824762942637e-14,1.2142623017922879e-10,3.9603880149941584e-11,4.382525790788432e-16,1.4636779974157176e-16,0.010328644069878707,0.005173855460767193,1.0000000000000032e-30,3.5126050460375135e-31,3.7456606553527735e-08,1.2198547411717948e-08,1.1511799840494716e-05,3.6633658254243677e-06,1.2430904274021e-09,4.0525288426888737e-10,2.0798195086898322e-11,6.625158350572995e-12
0.06,1354.079873053427,5.2881658793218005,0.2658510539230743,0.23563075623674176,0.056044659629182106,0.3898979995078635,4.5599044360895423e-07,6.344574592268931e-06,1.8602299179810562e-12,1.6307263364241825e-12,7.766382475870114e-13,3.404107287955579e-13,1.6233501247866392e-07,1.3387262702122495e-07,0.24965128733078623,0.19435997839790853,5.9068352385094824e-15,2.5099742179268318e-15,8.793247854870144e-13,3.625758770108008e-13,3.3617436216839147e-16,3.9254795689590823e-16,4.8298988623713234e-14,5.203166321088077e-14,1.04052407121725e-09,1.0403863205470111e-09,2.7244517643339467e-11,2.724091085453994e-11,6.939739570685108e-05,6.473617560714643e-05,0.22414468310249108,0.19595220585241585,0.3479968593665528,0.17424868705380187,0.08742256623627295,0.02786052841357989,1.1784270918841527e-07,5.6956401221833696e-08,5.226962282594729e-06,2.4415138077771206e-06,3.054168908780439e-09,1.3802653787412455e-09,4.205250906262845e-11,1.9004719150102907e-11,3.55994517566717e-06,1.558227958457057e-06,4.897980386633584e-10,2.744501616032284e-10,0.008071312520875144,0.004347542533734877,1.3091486047266605e-06,6.788802935897465e-07,0.01509410569784977,0.007546053725870432,3.535482199622382e-06,1.706202033826652e-06,0.0011356221606701833,0.0005296728707735527,1.6741520486997328e-09,5.722835537364924e-10,1.504557420253662e-05,5.019776151072944e-06,1.0710848154950742e-09,3.573546572713765e-10,3.052084473555332e-17,3.056037785514405e-17,1.1765477694681775e-16,1.0989843983270198e-16,6.45894135295635e-14,5.653596471085963e-14,1.786091001410693e-09,1.4708579500873083e-09,6.070780309044345e-12,2.9337592894754824e-12,4.5982949041513176e-14,2.149294930859824e-14,2.5817291834199014e-21,7.87069254334255e-22,2.4068005459529468e-14,7.669488988764948e-15,3.486880868927143e-17,1.5768363607703776e-17,1.1504223424106452e-16,6.201413594375385e-17,1.1034080379146772e-09,5.726136144873525e-10,2.551020564530715e-15,1.2762512760815283e-15,2.8359940015817344e-16,9.693471470824679e-17,1.2127824858543188e-17,3.953387058829787e-18,7.588569859478287e-14,2.4736961678955957e-14,1.2092595814162725e-10,3.941903214878119e-11,4.3212997239962316e-16,1.4424363157021912e-16,0.010328644066693836,0.005171011289896607,1.000000000000003e-30,3.510674098521346e-31,3.679733509689647e-08,1.1977253768271292e-08,1.140074511460984e-05,3.6260308140673775e-06,1.230236911716403e-09,4.008421103432589e-10,2.029620953316638e-11,6.461699351677863e-12
0.061,1353.30743614328,5.287827943797753,0.2658680439832996,0.23939202060314607,0.05615228560460466,0.390436354493974,4.529530042183297e-07,6.298917945010456e-06,1.8238114147193604e-12,1.5979398579830093e-12,7.588772338115035e-13,3.3244670184551076e-13,1.602759546179456e-07,1.3210340113070007e-07,0.24916100639744715,0.19387381149279714,5.767878643368237e-15,2.4496078067499597e-15,8.632445450993961e-13,3.557537395019384e-13,3.2600584038864397e-16,3.8046924105174046e-16,4.707533666786546e-14,5.068613152306292e-14,1.0206640796591371e-09,1.0199793337530137e-09,2.6715060465806455e-11,2.6697137793058033e-11,6.878509646980321e-05,6.413044549065822e-05,0.2240856853725528,0.1957951228968997,0.3488155300382817,0.17456454555659803,0.0873783837264565,0.027831450764400665,1.1757546910269163e-07,5.679663189861858e-08,5.2150613081600936e-06,2.434642935480022e-06,3.0062506988129762e-09,1.357878079331748e-09,4.13052600532293e-11,1.8656962710902203e-11,3.521846183181967e-06,1.5407213712101252e-06,4.74373897232735e-10,2.6566434575181584e-10,0.007916565340225085,0.004261892749451943,1.2820413556788318e-06,6.644653361577802e-07,0.014922700179466966,0.007456344398801551,3.4900101882125004e-06,1.6833504324072651e-06,0.0011299169427622185,0.00052672803140281,1.645562589575131e-09,5.62207729244302e-10,1.4917543942014441e-05,4.974379897325231e-06,1.0570916077093006e-09,3.524960451573016e-10,2.9717852393059474e-17,2.974031959000558e-17,1.1576327663492405e-16,1.0807339955213852e-16,6.420938115279855e-14,5.6173048046037634e-14,1.792018082506838e-09,1.47494415519877e-09,6.022367153038645e-12,2.908795766581246e-12,4.503388735642569e-14,2.1038010658166346e-14,2.502184354598391e-21,7.624082861850328e-22,2.3707007231342394e-14,7.550385029522577e-15,3.4174662960600347e-17,1.5446133927796802e-17,1.134172227090861e-16,6.110523765595355e-17,1.10037053650489e-09,5.707297605765603e-10,2.5357227881596317e-15,1.2679147178787653e-15,2.775302439811335e-16,9.480917899522048e-17,1.1748309605625987e-17,3.827611428206368e-18,7.517782995879875e-14,2.4493014804466494e-14,1.204341373059062e-10,3.9237566575323434e-11,4.261683374689795e-16,1.4217704320717888e-16,0.010328644063601513,0.0051682263462393295,1.0000000000000011e-30,3.508783361181358e-31,3.61580719210937e-08,1.1762839943161442e-08,1.1292240605283472e-05,3.58958644931331e-06,1.217717304027881e-09,3.965492235778278e-10,1.9812578983584032e-11,6.304328869347506e-12
0.062,1352.5446949721145,5.287516659071847,0.265883696068491,0.24315306355082048,0.05625784932065643,0.3909638975175971,4.4996573976591377e-07,6.254073395716429e-06,1.7885351283961202e-12,1.5662053165587699e-12,7.417569334710091e-13,3.24775184549611e-13,1.5827040935716293e-07,1.303815295844614e-07,0.24868185066521464,0.1933988476291222,5.6340570476529325e-15,2.3915111088700477e-15,8.476860271070968e-13,3.4915749971994536e-13,3.1626414187456887e-16,3.689052578386512e-16,4.589698471153125e-14,4.939131459511575e-14,1.0014326526506715e-09,1.0002326080838148e-09,2.620209800308026e-11,2.6170699301164943e-11,6.81852270895513e-05,6.353761614483705e-05,0.22402592784724018,0.1956395967519132,0.3496156765942129,0.17487263210785522,0.08733516200097065,0.027803001785115373,1.1730756391037465e-07,5.663730728259222e-08,5.203551016802521e-06,2.4279872082957306e-06,2.9597356884993173e-09,1.3361623532848854e-09,4.05812309690106e-11,1.8320255177327525e-11,3.4847166638362217e-06,1.5236734984459026e-06,4.5962406682669937e-10,2.572681178700522e-10,0.007766779276776786,0.004179048373887277,1.2558323181716049e-06,6.505379986757052e-07,0.014755471956683777,0.0073688950323700575,3.4456818895357557e-06,1.6610922025812723e-06,0.0011243118104744508,0.0005238384859172765,1.6178738914678474e-09,5.524561243112109e-10,1.4792780351962185e-05,4.930172918713556e-06,1.0434907191874e-09,3.4777706166537167e-10,2.894559132616704e-17,2.8952185672549523e-17,1.1392563082012685e-16,1.0630168857758735e-16,6.383357245717199e-14,5.581480034495571e-14,1.7978159681530663e-09,1.4789351886431162e-09,5.974856023881197e-12,2.8843248028424393e-12,4.411746399003494e-14,2.0599016843868327e-14,2.426179028385367e-21,7.388595092776472e-22,2.3356189928548553e-14,7.434727995018732e-15,3.350398832260645e-17,1.5135012495830953e-17,1.1183269802344162e-16,6.021975038984729e-17,1.0973598506599127e-09,5.688678000884617e-10,2.5206377342276735e-15,1.2597066504991765e-15,2.716641645719318e-16,9.275624128838232e-17,1.1386167230276989e-17,3.707667130609249e-18,7.448589664015936e-14,2.4254773804157316e-14,1.1995054907039975e-10,3.905938663049427e-11,4.2036174924723976e-16,1.4016584762568637e-16,0.010328644060597993,0.005165498559322527,1.0000000000000025e-30,3.5069314283450736e-31,3.553797845739164e-08,1.155501097589979e-08,1.1186197605719788e-05,3.5540006270034754e-06,1.2055181239819229e-09,3.9236936319537663e-10,1.934642359583924e-11,6.152749888376026e-12
0.063,1351.7914441004896,5.287230718816588,0.26589807540163646,0.24691390310744196,0.05636141901823866,0.3914810002210107,4.470274989067929e-07,6.2100200969637345e-06,1.7543531927329545e-12,1.5354776216640546e-12,7.252463838700538e-13,3.17381812635592e-13,1.563163451482891e-07,1.2870516587731538e-07,0.2482134083125518,0.19293466698984202,5.505116955777826e-15,2.335570347509302e-15,8.326255556478653e-13,3.427767267450192e-13,3.069267166856186e-16,3.578284150458086e-16,4.476177017391181e-14,4.8144748705159463e-14,9.828026452754214e-10,9.811170384956208e-10,2.5704942360999626e-11,2.566085576301744e-11,6.759741623141645e-05,6.295728079170938e-05,0.223965478226359,0.19548561121963678,0.3503979729978628,0.1751732447487143,0.08729287472901717,0.02777516155590608,1.1703918445412843e-07,5.64784941267536e-08,5.192414775703541e-06,2.4215374780655377e-06,2.9145661273533274e-09,1.31508994028384e-09,3.987942550307744e-11,1.7994112678109137e-11,3.4485193282757773e-06,1.5070662583832408e-06,4.455114024074509e-10,2.4923973016348676e-10,0.007621736653303212,0.004098883873945308,1.2304815249241507e-06,6.370761573164964e-07,0.014592270494534852,0.007283621631132733,3.402456076513005e-06,1.639405271356978e-06,0.0011188039521426096,0.000521002565577206,1.5910454704250133e-09,5.430139136272701e-10,1.4671150428158317e-05,4.887105939913355e-06,1.0302657148471904e-09,3.4319174350874907e-10,2.820254433789039e-17,2.819437424640612e-17,1.1213970567371826e-16,1.0458114046506585e-16,6.346198424696596e-14,5.5461180889172685e-14,1.803489103071325e-09,1.4828344656552458e-09,5.928222781250578e-12,2.8603322078309393e-12,4.3232145091636457e-14,2.017520601477596e-14,2.3535106693267103e-21,7.163585267027524e-22,2.301514456210757e-14,7.322376127675003e-15,3.2855691798011654e-17,1.483447331207493e-17,1.1028729004947236e-16,5.9356851220201e-17,1.0943760445778378e-09,5.670274760467625e-10,2.5057622636091127e-15,1.2516246095934195e-15,2.659921219619863e-16,9.07726056244556e-17,1.1040368582602566e-17,3.593204970101272e-18,7.380935894098834e-14,2.4022038159547488e-14,1.1947498183497842e-10,3.88843991321714e-11,4.1470455562202608e-16,1.3820796223221801e-16,0.010328644057679645,0.005162825958736205,1.0000000000000015e-30,3.50511696227404e-31,3.493626049088846e-08,1.1353487864279147e-08,1.1082531518911524e-05,3.5192427829882817e-06,1.1936266205347154e-09,3.882979359382266e-10,1.8896915117374018e-11,6.006683117192438e-12
0.064,1351.0474836289673,5.286968891734785,0.2659112434982463,0.25067455642485836,0.05646305976123388,0.3919880163592341,4.441371572563995e-07,6.166737828256891e-06,1.7212202097223246e-12,1.505714065045398e-12,7.093164819287688e-13,3.1025309759201765e-13,1.5441183064612543e-07,1.2707255699362618e-07,0.2477552881882292,0.19248087109765658,5.38082038600539e-15,2.281678809021806e-15,8.180408214928542e-13,3.3660160130635645e-13,2.979724371112832e-16,3.47212886283834e-16,4.3667655428814935e-14,4.6944115061711904e-14,9.647483831921562e-10,9.626051288977455e-10,2.5222941043936463e-11,2.5166906561109745e-11,6.702130668259378e-05,6.23890492267755e-05,0.22390439974850934,0.19533314969485932,0.3511630601204841,0.17546666630779345,0.08725149632313228,0.027747910957410304,1.167705064162642e-07,5.632025289058246e-08,5.181636854124766e-06,2.4152850966989882e-06,2.8706872929485795e-09,1.2946340943050254e-09,3.9198901284789376e-11,1.767807806417681e-11,3.413218794305377e-06,1.4908825141977747e-06,4.320012072538928e-10,2.4155888693179356e-10,0.007481231823322125,0.00402128078630057,1.2059512197310093e-06,6.240589360227122e-07,0.014432952402704657,0.007200444307566837,3.360293434746484e-06,1.61826862425482e-06,0.0011133906651158796,0.0005182186714407002,1.5650391869223222e-09,5.338671433128298e-10,1.4552528491645886e-05,4.845132435272541e-06,1.0174010675995988e-09,3.3873446220274045e-10,2.7487285133973042e-17,2.7465380990688326e-17,1.1040347420796496e-16,1.0290970007641353e-16,6.309460725742976e-14,5.511214540638293e-14,1.8090417280942791e-09,1.486645239637946e-09,5.882444052584658e-12,2.8368042993855537e-12,4.237648741264721e-14,1.9765862011649337e-14,2.2839907939411744e-21,6.94845457889632e-22,2.2683483232394673e-14,7.213195147651951e-15,3.2228744639775665e-17,1.454402176319655e-17,1.0877968472118958e-16,5.85157526305423e-17,1.091419142753685e-09,5.652085244296241e-10,2.491093197074939e-15,1.2436661549192414e-15,2.6050557299176014e-16,8.885516082656057e-17,1.0709958746915292e-17,3.483901180409631e-18,7.314770116532441e-14,2.3794616623292226e-14,1.1900723081408965e-10,3.871251437172016e-11,4.0919136309431514e-16,1.3630140311766188e-16,0.010328644054843059,0.005160206668298003,1.0000000000000006e-30,3.5033386892022504e-31,3.4352165432672e-08,1.1158006556697366e-08,1.0981161642558016e-05,3.4852838083510223e-06,1.182030724326141e-09,3.843305982945363e-10,1.846327339427137e-11,5.865865765006249e-12
0.065,1350.3126190342305,5.28673001613567,0.2659232584313728,0.2544350398285997,0.05656283363897628,0.3924852829616752,4.4129361705778993e-07,6.12420697540013e-06,1.689093097731144e-12,1.4768741702157375e-12,6.939398499240592e-13,3.033763625619165e-13,1.5255502847671396e-07,1.2548203745464503e-07,0.24730711841763292,0.19203708136966186,5.260943731627746e-15,2.2297363175986566e-15,8.03910784883766e-13,3.306228717146994e-13,2.8938149352710613e-16,3.3703447974702213e-16,4.261271934413967e-14,4.578722980421917e-14,9.472455657531717e-10,9.446708840892695e-10,2.4755474775034483e-11,2.4688187611822694e-11,6.645655468239268e-05,6.183254696366831e-05,0.22384275154923522,0.1951821952601311,0.3519115479102667,0.17575316542123642,0.08721100193781733,0.027721231633813032,1.1650169147668776e-07,5.6162638248710805e-08,5.1712023629905555e-06,2.4092218822273993e-06,2.8280472940823817e-09,1.2747694832314105e-09,3.853876630357433e-11,1.73717191038434e-11,3.3787814613769235e-06,1.475106010804684e-06,4.1906104326702275e-10,2.342066307054022e-10,0.0073450703295240855,0.003946127216031829,1.1822057056974803e-06,6.1146661949057e-07,0.014277380952745866,0.007119287001563128,3.3191564403132005e-06,1.5976622364227135e-06,0.0011080693472866271,0.0005154852691547542,1.5398190770397059e-09,5.250026674179698e-10,1.4436795664515616e-05,4.804208430558598e-06,1.0048820948314322e-09,3.343999003582579e-10,2.679847191574042e-17,2.6763792132889357e-17,1.0871500973828543e-16,1.0128541658802806e-16,6.273142681632472e-14,5.4767646553216116e-14,1.8144778927815578e-09,1.4903706123589552e-09,5.8374972058489575e-12,2.8137278814484637e-12,4.154913181503389e-14,1.93703110481186e-14,2.2174438245808957e-21,6.742645665836408e-22,2.2360837778419147e-14,7.107057763803944e-15,3.162217773839892e-17,1.426319234734842e-17,1.0730862138034921e-16,5.769570071074478e-17,1.0884891337666011e-09,5.634106753280396e-10,2.4766273255963716e-15,1.2358288728539254e-15,2.551964387131229e-16,8.700096813073104e-17,1.0394050718156247e-17,3.379455240632254e-18,7.250043024779634e-14,2.3572326669622994e-14,1.1854709772690065e-10,3.8543645931524116e-11,4.038170222471631e-16,1.3444427929873861e-16,0.010328644052085034,0.005157638899967298,1.0000000000000008e-30,3.5015953952043116e-31,3.3784979520948415e-08,1.0968316930699511e-08,1.0882010894180294e-05,3.452095946534032e-06,1.1707189999221565e-09,3.8046323883206963e-10,1.8044762982710733e-11,5.73005036152846e-12
0.066,1349.5866610114285,5.286512995614043,0.26593417504205846,0.2581953688643163,0.05666079993021954,0.39297312129297707,4.3849580719972306e-07,6.082408516694975e-06,1.6579309547640697e-12,1.448919556992564e-12,6.79090714357429e-13,2.9673968453787317e-13,1.5074418978219283e-07,1.239320240916106e-07,0.24686854529691837,0.19160293794940755,5.14527673877741e-15,2.1796487638668392e-15,7.902155898776694e-13,3.2483181495680536e-13,2.8113529977047666e-16,3.2727051910016327e-16,4.15951495470762e-14,4.467203487506754e-14,9.302711790714782e-10,9.272897127785395e-10,2.4301955528638625e-11,2.4224069141431136e-11,6.59028293542966e-05,6.128741449962456e-05,0.22378058890397412,0.19503273072122704,0.35264401713142157,0.17603299736340255,0.08717136745441613,0.027695105957849485,1.16232888407588e-07,5.60056995788148e-08,5.161097200233935e-06,2.40334008834058e-06,2.786596897610772e-09,1.2554721003370414e-09,3.789817573105781e-11,1.707462687725254e-11,3.345175402040815e-06,1.459721319968316e-06,4.0666056298367587e-10,2.2716524135510607e-10,0.007213068207811781,0.0038733174185481252,1.1592112173122792e-06,5.992805793499459e-07,0.014125425752428014,0.007040077282581887,3.2790092740719815e-06,1.5775670223845724e-06,0.0011028374952226183,0.000512800886985209,1.5153512039062208e-09,5.164080919595893e-10,1.4323839426289792e-05,4.764292334267682e-06,9.9269490273191e-10,3.3018303086194887e-10,2.6134841543194243e-17,2.6088278091596287e-17,1.0707247999945276e-16,9.970643720016093e-17,6.237242345671169e-14,5.442763436810333e-14,1.819801465166308e-09,1.4940135419781104e-09,5.793360329175537e-12,2.7910902262561284e-12,4.074879741015144e-14,1.8987918716225186e-14,2.15370605807659e-21,6.545639263271316e-22,2.204685857117815e-14,7.003843236617762e-15,3.103507750263863e-17,1.399154663399196e-17,1.0587289043849788e-16,5.689597356535066e-17,1.0855859741686574e-09,5.616336542842972e-10,2.4623614230262627e-15,1.2281103804313208e-15,2.500570747272916e-16,8.520724993989549e-17,1.0091819752964402e-17,3.2795879248545184e-18,7.186707457608757e-14,2.3354994019301858e-14,1.1809439063432052e-10,3.837771056142805e-11,3.9857661512549666e-16,1.3263478768965214e-16,0.01032864404940243,0.00515512094887927,9.99999999999999e-31,3.4998859228240438e-31,3.3234025565255066e-08,1.0784181959369438e-08,1.0785005654120161e-05,3.419652729627853e-06,1.15968060617229e-09,3.7669196340841556e-10,1.764069022154899e-11,5.59900373378249e-12
0.067,1348.8694253534923,5.286316794639669,0.265944045155086,0.26195555834107953,0.05675701526557303,0.39345183779072623,4.3574268297960355e-07,6.041324006203655e-06,1.6276949293041827e-12,1.4218138139425672e-12,6.64744794924303e-13,2.9033184141386645e-13,1.489776490143373e-07,1.2242101107731478e-07,0.24643923217280778,0.19117809854021922,5.033621560965205e-15,2.1313276695298195e-15,7.769364838181158e-13,3.192202002151143e-13,2.732164059821287e-16,3.1789973391482716e-16,4.061323527320885e-14,4.3596589591908534e-14,9.138034146563414e-10,9.104383370092902e-10,2.3861824677899933e-11,2.3773953598022593e-11,6.535981214522808e-05,6.07533065993956e-05,0.22371796351510945,0.19488473868164963,0.35336102111763407,0.17630640487544472,0.08713256947222829,0.027669516998305263,1.1596423406088668e-07,5.58494813961059e-08,5.151308000144321e-06,2.397632376054687e-06,2.746289363820522e-09,1.2367191804459288e-09,3.7276328925532445e-11,1.6786414267244034e-11,3.3123702582742207e-06,1.4447137880819417e-06,3.947713532570537e-10,2.2041814241551148e-10,0.007085051301877328,0.0038027513908664564,1.1369357948426465e-06,5.87483202192068e-07,0.013976962364686048,0.006962746126600882,3.2398177236650864e-06,1.5579647804893357e-06,0.0010976926983731622,0.0005101641120693729,1.4916035184531926e-09,5.080717225868415e-10,1.4213553188301725e-05,4.725344776445036e-06,9.80826334148155e-10,3.2607909741255133e-10,2.5495204155756907e-17,2.543758762472178e-17,1.054741416202164e-16,9.817100124238868e-17,6.201757347403102e-14,5.4092056676672347e-14,1.8250161419063812e-09,1.497576851303443e-09,5.750012208221328e-12,2.768879055837047e-12,3.997427621748257e-14,1.861808725764806e-14,2.0926247297267845e-21,6.356951170869913e-22,2.1741213396863202e-14,6.903436973859187e-15,3.0466582044321016e-17,1.3728671376965165e-17,1.044713310714448e-16,5.611587976166021e-17,1.0827095917870723e-09,5.598771833363265e-10,2.4482922552973234e-15,1.2205083277114734e-15,2.4508024364518266e-16,8.347137939775123e-17,9.802498265422076e-18,3.1840395409373155e-18,7.124718284773093e-14,2.3142452181581518e-14,1.1764892370947034e-10,3.821462803630924e-11,3.9346544294211975e-16,1.3087120824079904e-16,0.010328644046792401,0.005152651188429805,9.999999999999989e-31,3.498209167737505e-31,3.2698660648244814e-08,1.0605376871996306e-08,1.0690075555172615e-05,3.387928898611955e-06,1.1489052574145178e-09,3.730130807962692e-10,1.725040042599724e-11,5.472506029666072e-12
0.068,1348.1607327812067,5.286140434452612,0.26595291778004404,0.26571562237176277,0.05685153378625125,0.3939217249745994,4.330332256505065e-07,6.000935554734854e-06,1.598348098003053e-12,1.395522378020564e-12,6.508792001496226e-13,2.8414226235566525e-13,1.4725381897605116e-07,1.2094756521405482e-07,0.2460188583692247,0.19076223729072112,4.9257918827609575e-15,2.084689784536407e-15,7.640557423783679e-13,3.137802549742702e-13,2.6560841794764635e-16,3.0890215845059312e-16,3.96653606834852e-14,4.2559062789656243e-14,8.978215929236036e-10,8.940947072468482e-10,2.343455124036306e-11,2.3337273680937807e-11,6.48271962577623e-05,6.0229891584970196e-05,0.2236549237686329,0.19473820159549693,0.35406308745629883,0.17657361895456294,0.08709458529676717,0.027644448487703362,1.1569585426743519e-07,5.569402374514079e-08,5.14182208599491e-06,2.392091787204249e-06,2.7070802912646156e-09,1.2184891211419144e-09,3.667246661931601e-11,1.650671454602549e-11,3.2803371433113663e-06,1.4300694868799107e-06,3.8336679107210477e-10,2.139498148183026e-10,0.006960854614911756,0.0037343344863247567,1.1153491670178579e-06,5.76057822491436e-07,0.013831871948321509,0.006887227706363892,3.2015490907746525e-06,1.5388381405152602e-06,0.0010926326336452737,0.0005075735869016194,1.4685457296700228e-09,4.999825159110737e-10,1.4105835892160757e-05,4.687328457025553e-06,9.692639193144694e-10,3.220835961870025e-10,2.487843816932519e-17,2.4810542397830406e-17,1.0391833486544942e-16,9.667743458764782e-17,6.166684941020011e-14,5.3760859435982425e-14,1.8301254581745991e-09,1.5010632357688673e-09,5.7074323013549515e-12,2.7470825229105174e-12,3.92244280992941e-14,1.82602529850449e-14,2.0340571523627594e-21,6.176129466414182e-22,2.1443586374149267e-14,6.805730141010627e-15,2.991587762619277e-17,1.347417676105303e-17,1.0310282893896158e-16,5.5354756813491396e-17,1.0798598886065087e-09,5.581409818672894e-10,2.4344165879161865e-15,1.2130203993991454e-15,2.402590892218724e-16,8.179087062281448e-17,9.525371136179274e-18,3.0925683144834854e-18,7.064032296052427e-14,2.293454201305002e-14,1.172105169858002e-10,3.805432100989077e-11,3.8847901420621304e-16,1.2915189927530543e-16,0.010328644044252133,0.005150228065521826,9.999999999999994e-31,3.496564075525713e-31,3.2178273973556604e-08,1.0431688369874135e-08,1.0597153285314833e-05,3.3569003286773074e-06,1.1383831868686647e-09,3.6942308915722746e-10,1.687327526239548e-11,5.350349806714646e-12
0.069,1347.4604087792954,5.285982989587037,0.26596083928139425,0.2694755744109499,0.056944407280362215,0.39438306223539366,4.303664420891604e-07,5.961225813759832e-06,1.5698553534881454e-12,1.3700124242838707e-12,6.374723335278021e-13,2.781609831535716e-13,1.4557118634574595e-07,1.1951032167817456e-07,0.2456071182776431,0.19035504384039942,4.821612124267422e-15,2.0396567215812357e-15,7.515566019894207e-13,3.0850463446036293e-13,2.5829592327901515e-16,3.002590391260004e-16,3.874999871298276e-14,4.155772559838799e-14,8.823060934463592e-10,8.782379249949451e-10,2.3019630267072946e-11,2.2913490533582128e-11,6.430468613854633e-05,5.9716850694843984e-05,0.22359151493409554,0.19459310179441544,0.3547507194261025,0.17683485953305375,0.08705739292178184,0.027619884791710996,1.1542786467013954e-07,5.5539362565184105e-08,5.1326274266315875e-06,2.386711720281171e-06,2.6689274764872764e-09,1.2007614115187573e-09,3.608586836491983e-11,1.6235180092181036e-11,3.249048553885682e-06,1.415775169314764e-06,3.7242191400116953e-10,2.077457193863671e-10,0.0068403217512266684,0.003667977081079512,1.0944226474407925e-06,5.649886632284086e-07,0.013690040974143886,0.006813459222107742,3.1641721158557014e-06,1.5201705203975584e-06,0.0010876550627713496,0.0005050280072207203,1.4461491880915545e-09,4.921300357767366e-10,1.4000591658725088e-05,4.650208012791835e-06,9.579958320256727e-10,3.1819225950574087e-10,2.4283485687191752e-17,2.4206032007991794e-17,1.0240347882586096e-16,9.522414454656748e-17,6.132022049357169e-14,5.343398704798755e-14,1.8351327959470083e-09,1.5044752701847433e-09,5.665600717959446e-12,2.725689193968572e-12,3.849817623093852e-14,1.7913883974176453e-14,1.977869940744333e-21,6.0027519968513215e-22,2.1153676991416525e-14,6.7106193140762765e-15,2.9382195437819906e-17,1.322769481118045e-17,1.0176631409925862e-16,5.461196979534405e-17,1.0770367436257582e-09,5.564247675174438e-10,2.4207311940752404e-15,1.2056443169812914e-15,2.355871125861617e-16,8.01633697455402e-17,9.259771529175597e-18,3.0049489476470496e-18,7.004608102112039e-14,2.2731111322565783e-14,1.167789961810426e-10,3.789671490012939e-11,3.8361303401512657e-16,1.274752932775461e-16,0.010328644041778958,0.00514785009646134,9.99999999999999e-31,3.494949638888379e-31,3.167228500358812e-08,1.0262913944140281e-08,1.0506174444120018e-05,3.326543972728407e-06,1.1281051148443567e-09,3.6591866423963104e-10,1.6508730418374758e-11,5.23233922206767e-12
0.07,1346.7682834939446,5.2858435844250655,0.2659678535475725,0.27323542729039246,0.057035685310684,0.39483611657097006,4.277413645016904e-07,5.922177960575112e-06,1.5421833004914724e-12,1.3452527638902112e-12,6.245038065294301e-13,2.7237860490576587e-13,1.4392830753387896e-07,1.181079800828962e-07,0.24520372048000963,0.18995622240728732,4.720916710009187e-15,1.9961546205150464e-15,7.39423197340616e-13,3.033863934090244e-13,2.5126442373940013e-16,2.9195274976681616e-16,3.7865705423262205e-14,4.059094481704088e-14,8.672382906172156e-10,8.628481714721761e-10,2.2616581354126375e-11,2.2502092074914054e-11,6.379199701280363e-05,5.9213877497604944e-05,0.22352777938575516,0.19444942154116238,0.35542439738001663,0.1770903361300268,0.08702097101435755,0.027595810881010627,1.1516037150383833e-07,5.538553003104137e-08,5.123712596741601e-06,2.3814859082776965e-06,2.6317907838471106e-09,1.1835165661418976e-09,3.551585017263391e-11,1.597148120508339e-11,3.218478288878187e-06,1.401818228689452e-06,3.6191330029974607e-10,2.0179222521540723e-10,0.006723304377073973,0.0036035942537904495,1.0741290360965138e-06,5.542607796477021e-07,0.0135513609295861,0.006741380728664025,3.127656901159654e-06,1.501946082671986e-06,0.001082757828192592,0.000502526119266188,1.424386778040371e-09,4.845044128669001e-10,1.3897729458224062e-05,4.61394989267509e-06,9.470108488494427e-10,3.144010406552689e-10,2.3709348293930438e-17,2.3623009426022235e-17,1.0092806698434105e-16,9.380961516290638e-17,6.097765306178824e-14,5.3111382661444733e-14,1.8400413921066108e-09,1.507815415316761e-09,5.624498198542276e-12,2.704688033656861e-12,3.779450289928026e-14,1.757847792655409e-14,1.9239383033837245e-21,5.836424089612234e-22,2.087119920607101e-14,6.618006155472024e-15,2.886480863291797e-17,1.2988877931677005e-17,1.0046075905193295e-16,5.388691004503473e-17,1.0742400153734137e-09,5.547282569502033e-10,2.4072328613271644e-15,1.1983778402562878e-15,2.310581504021333e-16,7.858664667795398e-17,9.005077065515093e-18,2.9209713024991384e-18,6.946406042104984e-14,2.2532014503459082e-14,1.1635419250311656e-10,3.774173777241554e-11,3.7886339401251027e-16,1.2583989295294444e-16,0.010328644039370382,0.005145515863093903,9.999999999999985e-31,3.493364895020911e-31,3.1180141657522104e-08,1.009886121959728e-08,1.0417077382734332e-05,3.2968378004865207e-06,1.1180622185852917e-09,3.624966482261811e-10,1.615621339851262e-11,5.118289268556242e-12
0.07100000000000001,1346.0841916004342,5.28572138999359,0.2659740021483513,0.27699519325218835,0.057125415338147856,0.39528114329294245,4.2515704997100857e-07,5.8837756818677595e-06,1.5153001575050207e-12,1.32121374783012e-12,6.119543580768955e-13,2.6678625582241167e-13,1.4232380474180337e-07,1.167393007473258e-07,0.244808386913936,0.18956549092154407,4.6235493911408515e-15,1.95411383767719e-15,7.276405030970111e-13,2.9841895978356877e-13,2.4450027252057682e-16,2.8396671317811105e-16,3.701111472329835e-14,3.9657176732099834e-14,8.526004931954538e-10,8.479066407542473e-10,2.222494723361913e-11,2.2102591424936416e-11,6.328885441737623e-05,5.872067731399926e-05,0.22346375680358513,0.19430714307067493,0.35608458006314514,0.17734024846832602,0.08698529889955002,0.027572212304044986,1.1489347230158284e-07,5.5232554858862185e-08,5.115066739670091e-06,2.376408397950545e-06,2.595632022735307e-09,1.1667360629300541e-09,3.4961762290453994e-11,1.5715304993376735e-11,3.188601372356758e-06,1.3881866601075855e-06,3.5181895833051486e-10,1.9607654371409198e-10,0.006609661715285515,0.0035411054860429265,1.0544425270744432e-06,5.438600066776775e-07,0.013415728037212197,0.006670934971355597,3.0919748370552734e-06,1.4841496929826973e-06,0.001077938848961263,0.0005000667170924456,1.403232817273652e-09,4.770963071436359e-10,1.3797162801273746e-05,4.578522241139127e-06,9.362983110410797e-10,3.107060997386233e-10,2.315508314061694e-17,2.306048676178187e-17,9.949066300847127e-17,9.24324027643873e-17,6.063911092883415e-14,5.2792988427692665e-14,1.8448543462535435e-09,1.5110860241861806e-09,5.584106093399714e-12,2.6840683888225574e-12,3.7112445593268064e-14,1.725356018392355e-14,1.8721453934259324e-21,5.676776457005449e-22,2.0595880593286736e-14,6.527797108595282e-15,2.8363029571840705e-17,1.2757397548895006e-17,9.918517681838673e-17,5.3178993903705743e-17,1.0714695441332716e-09,5.530511664897872e-10,2.3939183969720236e-15,1.1912187683085013e-15,2.266663543651292e-16,7.705858740426212e-17,8.760706335479711e-18,2.8404392017825412e-18,6.889388094490356e-14,2.2337112180821427e-14,1.1593594244626669e-10,3.758932022253984e-11,3.742261627309933e-16,1.2424426745963418e-16,0.010328644037024017,0.0051432240090977166,9.999999999999983e-31,3.4918089230977443e-31,3.0701318613951e-08,9.939347338225749e-09,1.0329803050654514e-05,3.2677607404617225e-06,1.1082461039329646e-09,3.5915403927592657e-10,1.5815201475561778e-11,5.0080250657992995e-12
0.07200000000000001,1345.407972134607,5.285615621087013,0.26597932447623174,0.28075488397991394,0.057213642838738504,0.39571838669371107,4.2261257986719676e-07,5.846003156026329e-06,1.4891756637998863e-12,1.2978671761925519e-12,5.998057803378517e-13,2.613755560592035e-13,1.4075636222938e-07,1.1540310117528283e-07,0.24442085209983688,0.1891825802217557,4.529362617984414e-15,1.9134686586821504e-15,7.161942797610845e-13,2.9359611039725903e-13,2.379906160988627e-16,2.762853285530012e-16,3.6184933431857925e-14,3.8754961348130176e-14,8.383758876062743e-10,8.333954772087063e-10,2.184429244099567e-11,2.1714525420248835e-11,6.27949937343154e-05,5.823696664948963e-05,0.22339948434459167,0.19416624861271503,0.35673170583614006,0.17758478704474762,0.08695035654352,0.02754907516061595,1.1462725652770783e-07,5.50804625779483e-08,5.10667953245381e-06,2.371473530365243e-06,2.560414832214307e-09,1.1504022849333357e-09,3.442298712318364e-11,1.5466354335439463e-11,3.159393981204252e-06,1.3748690243135155e-06,3.421182252806025e-10,1.9058666823865104e-10,0.006499260085400581,0.003480434389570908,1.0353386231396271e-06,5.337729103045767e-07,0.01328304299734573,0.006602067235714392,3.057098533881339e-06,1.466766881709231e-06,0.0010731961172337576,0.0004976486402095943,1.3826629639888994e-09,4.698968730849911e-10,1.3698809453690558e-05,4.543894790574714e-06,9.258480892108254e-10,3.071037905629995e-10,2.261979929950189e-17,2.2517531327922344e-17,9.808989676604174e-17,9.109113176353611e-17,6.030455569577881e-14,5.247874571057532e-14,1.8495746279840223e-09,1.5142893479207045e-09,5.544406340130972e-12,2.6638199723859003e-12,3.645109343245308e-14,1.6938681914596545e-14,1.8223817168440883e-21,5.52346328698454e-22,2.032746155952919e-14,6.439903115777299e-15,2.7876207261679846e-17,1.2532942852925245e-17,9.793861907232379e-17,5.2487661499458525e-17,1.0687251539749664e-09,5.513932126863577e-10,2.3807846325973746e-15,1.1841649401598954e-15,2.2240617194626895e-16,7.557718675832613e-17,8.5261157437279e-18,2.7631693446258074e-18,6.83351779199015e-14,2.2146270876832255e-14,1.1552408759706185e-10,3.7439395266114164e-11,3.6969757638091054e-16,1.226870488307013e-16,0.010328644034737579,0.005140973236492934,9.999999999999976e-31,3.4902808419024666e-31,3.0235315738568066e-08,9.784198388647451e-09,1.0244294857920141e-05,3.239292627507264e-06,1.0986487791313306e-09,3.558879818607875e-10,1.5485199797574556e-11,4.901381205935889e-12
0.073,1344.7394683861203,5.285525533565183,0.26598385787940004,0.2845145106278341,0.05730041140689891,0.3961480806395079,4.201070594719458e-07,5.808845039213159e-06,1.4637809947471077e-12,1.2751862154933552e-12,5.880408498968353e-13,2.56138585152553e-13,1.392247229544604e-07,1.1409825287836083e-07,0.24404086244184023,0.18880723332847418,4.438216967475774e-15,1.8741570364438484e-15,7.050710244793688e-13,2.8891194875843224e-13,2.3172334111043284e-16,2.688939051871203e-16,3.538593676284239e-14,3.788291711444192e-14,8.245484863117662e-10,8.192977185114105e-10,2.147420210185138e-11,2.133745326196314e-11,6.231015979017528e-05,5.776247269900096e-05,0.22333499680933577,0.19402672042400188,0.3573661937858968,0.17782413365073882,0.08691612453509162,0.027526386077175304,1.1436180619342404e-07,5.4929275797257447e-08,5.09854115416595e-06,2.3666759232899306e-06,2.526104576461129e-09,1.134498467517807e-09,3.3898937341672924e-11,1.522434693439616e-11,3.1308333800346256e-06,1.361854415110069e-06,3.3279167423534474e-10,1.8531131876252745e-10,0.006391972474704101,0.003421508452353306,1.016794057712336e-06,5.239867431679917e-07,0.013153210757789219,0.0065347252125582305,3.0230017609788983e-06,1.4497838095125347e-06,0.0010685276954453637,0.0004952707716055402,1.3626541322118272e-09,4.628977280541946e-10,1.3602591176760515e-05,4.510038763308731e-06,9.156505509724944e-10,3.035906486395208e-10,2.2102654434249303e-17,2.1993262045837526e-17,9.672446070670275e-17,8.978449084087247e-17,5.997394706456377e-14,5.216859530386524e-14,1.8542050834839923e-09,1.5174275410848319e-09,5.505381445314863e-12,2.643932849653414e-12,3.5809583813016634e-14,1.6633418414768127e-14,1.774544589646071e-21,5.376160493931121e-22,2.00656946037263e-14,6.354239354151074e-15,2.7403725022194278e-17,1.231521965054168e-17,9.672017445131152e-17,5.181237564530972e-17,1.0660066546621102e-09,5.497541128632919e-10,2.367828428777073e-15,1.1772142356337153e-15,2.1827232883109354e-16,7.414054183629529e-17,8.300796604723934e-18,2.688990309637221e-18,6.778760145126915e-14,2.1959362708908944e-14,1.1511847446420895e-10,3.7291898240021116e-11,3.6527403050831054e-16,1.21166928728164e-16,0.010328644032508914,0.005138762302530199,9.999999999999976e-31,3.4887798077154016e-31,2.9781656657299034e-08,9.633248887958896e-09,1.0160498553558572e-05,3.211414156268164e-06,1.0892626310392815e-09,3.52695757986128e-10,1.5165739645315136e-11,4.798201151870698e-12
0.074,1344.0785277468908,5.285450421813639,0.26598763778685414,0.2882740838483059,0.057385762859032255,0.39657044915731393,4.176396173477154e-07,5.772286448272033e-06,1.439088680338676e-12,1.2531453194608512e-12,5.766432643771701e-13,2.5106785204606556e-13,1.377276852987893e-07,1.128236782982977e-07,0.24366817554289996,0.18843920473534076,4.349980607647834e-15,1.8361203465597858e-15,6.942579244499873e-13,2.8436088413982e-13,2.256870247538689e-16,2.617786006997976e-16,3.4612964069004655e-14,3.703973596490013e-14,8.111030786314059e-10,8.055972415337852e-10,2.1114280765276507e-11,2.0970955220854715e-11,6.183410643255989e-05,5.729693283718624e-05,0.2232703267977542,0.1938885408114584,0.3579884448116141,0.1780584618758793,0.08688258406930756,0.027504132183040726,1.140971963920049e-07,5.4779014432692324e-08,5.090642255805995e-06,2.362010454442331e-06,2.4926682441650676e-09,1.1190086477541137e-09,3.3389054076216005e-11,1.498901441821443e-11,3.1028978581073793e-06,1.3491324279279688e-06,3.238210280629509e-10,1.8023989066851607e-10,0.0062876781346112255,0.0033642588001706027,9.987867201058357e-07,5.144894021658608e-07,0.013026140278114795,0.006468858861680008,2.9896593843253237e-06,1.4331872325500286e-06,0.0010639317126205393,0.0004929320353958568,1.3431844119439298e-09,4.5609092251257645e-10,1.3508433480233772e-05,4.476926778611726e-06,9.056965304984589e-10,3.001633799076244e-10,2.1602851675762584e-17,2.148684608009248e-17,9.539310637330678e-17,8.851122928121038e-17,5.964724309148149e-14,5.1862477597392456e-14,1.8587484420888958e-09,1.520502666925895e-09,5.467014463150059e-12,2.6243974234092813e-12,3.5187099348345386e-14,1.6337367558228225e-14,1.7285376416993665e-21,5.234564120622762e-22,1.981034363108588e-14,6.27072499036009e-15,2.694499829269151e-17,1.2103949289462867e-17,9.552896685565244e-17,5.115262074282633e-17,1.0633138432806222e-09,5.481335855274065e-10,2.3550466781115412e-15,1.1703645754417754e-15,2.142598122454065e-16,7.274684575967427e-17,8.084272515722304e-18,2.6177416533779894e-18,6.725081566519844e-14,2.1776265093496274e-14,1.1471895428720224e-10,3.71467666986166e-11,3.609520717756696e-16,1.196826552693421e-16,0.010328644030335926,0.00513659001660622,9.99999999999998e-31,3.48730501221956e-31,2.9339887364212174e-08,9.486341279012804e-09,1.0078362096068331e-05,3.1841068325978697e-06,1.0800804022675748e-09,3.4957477878288346e-10,1.485637679231501e-11,4.698336672162942e-12
0.075,1343.425001634213,5.2853896165189935,0.26599069781797036,0.29203361381759957,0.05746973731681584,0.3969857069167588,4.1520940506234907e-07,5.736312949491525e-06,1.4150725324517052e-12,1.231720158180906e-12,5.655975846722461e-13,2.461562677823418e-13,1.3626410022628517e-07,1.115783481215341e-07,0.24330255963941783,0.18807825981814827,4.264528814794873e-15,1.799303166687411e-15,6.837428155286926e-13,2.7993761295149234e-13,2.1987088972803041e-16,2.549263649187364e-16,3.3864914979580473e-14,3.622417881649051e-14,7.980251867910646e-10,7.922787139074474e-10,2.0764151361769984e-11,2.0614631478529783e-11,6.136659619301558e-05,5.6840094200809525e-05,0.22320550484383625,0.1937516921574733,0.35859884252982843,0.1782879375350675,0.08684971692719491,0.027482301088517135,1.1383349583564347e-07,5.4629695940367354e-08,5.082973933335067e-06,2.357472246564465e-06,2.460074359949605e-09,1.1039176197138706e-09,3.2892805311615984e-11,1.4760101538578986e-11,3.0755666748865045e-06,1.336693132553887e-06,3.151890816867543e-10,1.7536240852654432e-10,0.006186262227186938,0.003308619987063919,9.812955901152635e-07,5.052693912329037e-07,0.012901744348140436,0.006404420304332826,2.9570473174391813e-06,1.416964474516789e-06,0.001059406362804282,0.0004906313955342525,1.3242329982632952e-09,4.49468913527174e-10,1.3416265408845095e-05,4.444532771993729e-06,8.959773015738061e-10,2.968188507348624e-10,2.1119636787854356e-17,2.099749578515631e-17,9.40946413084544e-17,8.72701537159851e-17,5.932440045751172e-14,5.1560332764382085e-14,1.8632073216120926e-09,1.5235167017167628e-09,5.429288980279401e-12,2.6052044224692264e-12,3.458286506878096e-14,1.6050148378582196e-14,1.6842703655392361e-21,5.098388885914161e-22,1.956118333526791e-14,6.18928295953588e-15,2.6499472662568408e-17,1.1898867691612233e-17,9.436415398340472e-17,5.0507901829123895e-17,1.0606465059688006e-09,5.465313508952339e-10,2.3424363096785575e-15,1.1636139221400848e-15,2.1036385592890788e-16,7.139438205038773e-17,7.876096966796522e-18,2.549273090752959e-18,6.672449806598953e-14,2.1596860492032522e-14,1.143253829136575e-10,3.700394033751422e-11,3.5672839084633714e-16,1.1823303026094826e-16,0.010328644028216627,0.0051344552377335624,9.999999999999975e-31,3.485855680782831e-31,2.890957503629693e-08,9.343325499439004e-09,9.997835562245929e-06,3.1573529378710505e-06,1.0710951716356115e-09,3.4652257727672763e-10,1.4556690042789114e-11,4.6016473364540555e-12
0.076,1342.7787453318497,5.285342482284857,0.26599306990036065,0.29579311026002414,0.057552373306765554,0.3973940597855473,4.128155963784119e-07,5.700910539803024e-06,1.391707571676056e-12,1.2108875473140429e-12,5.548891794426764e-13,2.413971193378125e-13,1.3483286829444874e-07,1.103612784878099e-07,0.24294379294377164,0.18772417416246096,4.181743508136541e-15,1.7636530645584972e-15,6.735141410238038e-13,2.756371002976963e-13,2.1426476143879533e-16,2.483248867115033e-16,3.314074568133047e-14,3.54350712483167e-14,7.853010222275195e-10,7.7932754613684e-10,2.0423454157106985e-11,2.0268100971967208e-11,6.0907399873793635e-05,5.639171320140672e-05,0.22314055957107962,0.19361615694740045,0.3591977543124719,0.17851271914288666,0.08681750546352475,0.027460880863502728,1.135707672926387e-07,5.448133549702568e-08,5.0755277011633126e-06,2.3530566526226004e-06,2.4282928936633786e-09,1.0892108890714346e-09,3.240968427466843e-11,1.4537365371143602e-11,3.0488200025211928e-06,1.3245270446423835e-06,3.068796274008392e-10,1.706694818173959e-10,0.0060876154506095525,0.00325452977580743,9.643006697385405e-07,4.96315782871886e-07,0.012779939345186472,0.006341363685870931,2.925142458179209e-06,1.4011033920902362e-06,0.0010549498999801888,0.0004883678528783512,1.3057801207074271e-09,4.430245385223498e-10,1.3326019316747657e-05,4.412831910764062e-06,8.864845502779129e-10,2.935540778444887e-10,2.0652295454544806e-17,2.052446579090028e-17,9.282792591120803e-17,8.606012483922579e-17,5.900537466058925e-14,5.126210087768284e-14,1.8675842348100767e-09,1.5264715398541888e-09,5.392189093183725e-12,2.586344886650488e-12,3.399614573137e-14,1.5771399710638337e-14,1.6416576945650709e-21,4.967366828964217e-22,1.9317998575139387e-14,6.109839743833912e-15,2.6066621952856456e-17,1.1699724414818734e-17,9.322492571014595e-17,4.9877743547019497e-17,1.0580044190491777e-09,5.449471310716912e-10,2.3299942898175115e-15,1.1569602792072006e-15,2.0657992543347812e-16,7.00815191505665e-17,7.675851114152336e-18,2.4834437324132926e-18,6.620833882429628e-14,2.1421036135463407e-14,1.1393762057234637e-10,3.6863360881866864e-11,3.52599814715297e-16,1.168169062662051e-16,0.010328644026149178,0.005132356871604657,9.999999999999975e-31,3.4844310704646914e-31,2.849030672554475e-08,9.20405851369079e-09,9.918871004904602e-06,3.131135477291357e-06,1.0623003330071915e-09,3.4353680066322566e-10,1.4266279755935015e-11,4.5080000096220135e-12
0.077,1342.139617880152,5.285308415853044,0.26599478435750595,0.29955258247078737,0.05763370783274583,0.39779570524910474,4.1045738692087657e-07,5.66606563571205e-06,1.368969963193878e-12,1.1906253858858274e-12,5.445041752644757e-13,2.367840461152967e-13,1.3343293715648236e-07,1.0917152863879366e-07,0.24259166317231173,0.1873767330666027,4.101512835789846e-15,1.7291204091888622e-15,6.63560916240582e-13,2.714545640481074e-13,2.0885902926413298e-16,2.419625458670312e-16,3.243946554882222e-14,3.467129958703338e-14,7.729174472083538e-10,7.667298494376282e-10,2.0091845832267887e-11,1.9931000374670145e-11,6.045629623289627e-05,5.5951555142442636e-05,0.22307551778329449,0.19348191776892035,0.3597855320507232,0.17873295827312655,0.0867859325834117,0.027439860016713002,1.1330906804714001e-07,5.433394619876298e-08,5.068295468588568e-06,2.3487592428164005e-06,2.397295183384848e-09,1.074874634348408e-09,3.193920803972976e-11,1.4320574621356929e-11,3.02263887862335e-06,1.3126251021139415e-06,2.988773892792629e-10,1.6615226598466934e-10,0.005991633744360679,0.003201928962945723,9.477829281548201e-07,4.876181868371319e-07,0.0126606450979002,0.006279645093248548,2.893922650387547e-06,1.3855923527526761e-06,0.0010505606380147264,0.00048614044467692894,1.2878069826253769e-09,4.3675099265178365e-10,1.3237630686843881e-05,4.381800525699917e-06,8.772103517715992e-10,2.903662197165158e-10,2.020015082390254e-17,2.006705036414654e-17,9.159187069558223e-17,8.488005453409694e-17,5.869012022723972e-14,5.0967722051354015e-14,1.871881593868516e-09,1.5293689975106516e-09,5.355699393373081e-12,2.5678101560496915e-12,3.342624338834999e-14,1.550077896288014e-14,1.6006196213776913e-21,4.841246082951601e-22,1.908058382842972e-14,6.0323251778610116e-15,2.5645946518292325e-17,1.1506281821269123e-17,9.211050275028656e-17,4.926168928308085e-17,1.055387350540834e-09,5.433806505093781e-10,2.3177176260585915e-15,1.1504016918933052e-15,2.0290370494411673e-16,6.880670550685351e-17,7.483141775375277e-18,2.420121398302118e-18,6.570204020538752e-14,2.1248683799685233e-14,1.1355553177352438e-10,3.6724972022449815e-11,3.485633003944553e-16,1.154331841628217e-16,0.010328644024131693,0.005130293868408591,9.999999999999959e-31,3.4830304685340456e-31,2.8081688378946546e-08,9.068403955669426e-09,9.84142239289108e-06,3.1054381550303026e-06,1.0536895788805294e-09,3.4061520422657077e-10,1.3984766609099715e-11,4.4172684252685196e-12
0.078,1341.5074819693323,5.285286844016424,0.26599587001211644,0.3033120393373712,0.057713776458774506,0.3981908328732767,4.081339935082678e-07,5.631765057517587e-06,1.346836953766609e-12,1.1709125954351127e-12,5.344294097759172e-13,2.3231101787321953e-13,1.3206329901226412e-07,1.0800819853827501e-07,0.24224596698725645,0.18703573097169193,4.023730779962038e-15,1.6956581912467926e-15,6.538726934063344e-13,2.6738545915633037e-13,2.0364461016210547e-16,2.3582836795466257e-16,3.1760133963773503e-14,3.3931807217263435e-14,7.608619374795078e-10,7.544723948500227e-10,1.9768998583465755e-11,1.9602983104218988e-11,6.00130716354927e-05,5.5519393806783795e-05,0.2230104046091023,0.19334895734700844,0.36036251303877204,0.17894879996401544,0.08675498172988898,0.02741922747698192,1.1304845028028029e-07,5.418753921853268e-08,5.061269517214123e-06,2.3445757919978983e-06,2.367053857789067e-09,1.0608956681042026e-09,3.1480916149619e-11,1.4109508941329124e-11,2.997005157471399e-06,1.3009786409875582e-06,2.9116795990620196e-10,1.6180242498508562e-10,0.005898217967990402,0.003150761190798686,9.317242427817928e-07,4.791667169961893e-07,0.012543784672507627,0.006219222434559442,2.863366628227765e-06,1.3704202044788574e-06,0.0010462369459631501,0.0004839482419008665,1.2702957012768866e-09,4.306418065517729e-10,1.3151037940376804e-05,4.351416039763406e-06,8.681471472483723e-10,2.8725256808917493e-10,1.976256119671918e-17,1.9624580929120716e-17,9.038543359939305e-17,8.372890306392148e-17,5.837859088396911e-14,5.0677136545295276e-14,1.8761017159220297e-09,1.5322108170021744e-09,5.319804948317016e-12,2.549591858297795e-12,3.2872495128483355e-14,1.52379609770139e-14,1.5610808451728258e-21,4.719789742901384e-22,1.8848742666962097e-14,5.956672262069033e-15,2.5236971619345096e-17,1.1318314282074747e-17,9.102013524716383e-17,4.8659300273593424e-17,1.0527950611324463e-09,5.418316361638863e-10,2.3056033676696016e-15,1.1439362463586773e-15,1.993310847006263e-16,6.756846488815657e-17,7.297599581637505e-18,2.3591819853549738e-18,6.52053159627203e-14,2.1079699570760877e-14,1.1317898511594978e-10,3.658871932055132e-11,3.446159282978731e-16,1.1408081061708223e-16,0.010328644022162504,0.0051282652203667005,9.99999999999996e-31,3.4816531907960365e-31,2.7683343702528733e-08,8.936231723307166e-09,9.765445484071431e-06,3.080245328355736e-06,1.0452568823901034e-09,3.37755644774103e-10,1.371179033226629e-11,4.329332752698707e-12
0.079,1340.8822038134695,5.285277221976037,0.26599635426732127,0.3070714893597389,0.05779261337923913,0.3985796247034402,4.058446536491585e-07,5.597996016476697e-06,1.3252868139239675e-12,1.1517290642049604e-12,5.24652388075634e-13,2.279723142200954e-13,1.3072298831745078e-07,1.0687042672998604e-07,0.24190650954434992,0.18670097099090105,3.948296795809817e-15,1.6632218588017269e-15,6.444395302271244e-13,2.6342546358332663e-13,1.9861291509423913e-16,2.299119827155034e-16,3.1101857355602487e-14,3.321559115386071e-14,7.491225480222232e-10,7.425425757706797e-10,1.9454599293449576e-11,1.9283718409068563e-11,5.957751974152902e-05,5.509501108616147e-05,0.2229452435901873,0.19321725854401114,0.3609290207022369,0.17916038305551463,0.08672463686431257,0.027398972574420383,1.1278896144699257e-07,5.4042123965187384e-08,5.0544424800552835e-06,2.3405022681251195e-06,2.3375427665014573e-09,1.0472614020609925e-09,3.103436936654447e-11,1.3903958310687791e-11,2.97190146678818e-06,1.2895793739111315e-06,2.8373774350089233e-10,1.5761209760543823e-10,0.005807273630639033,0.0031009727880311963,9.16107349173152e-07,4.709519629863701e-07,0.012429284230241462,0.00616005535521245,2.833453976916587e-06,1.3555762536011557e-06,0.0010419772468699498,0.0004817903482461634,1.2532292540840928e-09,4.246908263551314e-10,1.3066182272365275e-05,4.321656906183875e-06,8.592877231246486e-10,2.8421054028112986e-10,1.933891788260314e-17,1.919642377051247e-17,8.920761750226643e-17,8.26056764843968e-17,5.807073971586883e-14,5.03902848634207e-14,1.8802468274742687e-09,1.534998670326589e-09,5.284491285232224e-12,2.531681897532498e-12,3.233427094856594e-14,1.4982636956170167e-14,1.5229704464289802e-21,4.60277482230453e-22,1.8622287263838482e-14,5.882816988076376e-15,2.483924593103835e-17,1.113560744902153e-17,8.995310149418843e-17,4.8070154792579885e-17,1.0502273053065263e-09,5.402998177710926e-10,2.2936486077553566e-15,1.137562069701236e-15,1.9585814931546711e-16,6.636539204344672e-17,7.118877277905006e-18,2.3005088864272033e-18,6.471789079829211e-14,2.091398363536771e-14,1.1280785315911171e-10,3.645455013767053e-11,3.407548963368008e-16,1.127587758223017e-16,0.010328644020239953,0.0051262699596459245,9.999999999999957e-31,3.4802985801754296e-31,2.729491324311436e-08,8.807417646848646e-09,9.690897754658533e-06,3.0555419800932753e-06,1.0369964821554777e-09,3.3495607506209995e-10,1.3447008599862125e-11,4.244079216537808e-12
0.08,1340.2636530434297,5.28527903169321,0.26599626318827563,0.31083094066936945,0.05787025148692255,0.3989622556479197,4.0358862499913064e-07,5.5647461017127915e-06,1.3042987834211416e-12,1.1330555945798846e-12,5.151612424333585e-13,2.237625056732763e-13,1.2941107960729177e-07,1.0575738830718234e-07,0.24157310404566115,0.18637226444826394,3.875115475078814e-15,1.6317691644935914e-15,6.352519602564469e-13,2.595704650545021e-13,1.9375581785911513e-16,2.242035854764951e-16,3.046378644640625e-14,3.252169885375213e-14,7.376878809079177e-10,7.309283728256261e-10,1.9148348750985125e-11,1.8972890509776766e-11,5.914944120474819e-05,5.467819662582555e-05,0.22288005678207218,0.19308680437263503,0.36148536531469966,0.179367840519363,0.08669488244982328,0.027379085022969946,1.1253064461702536e-07,5.389770822563862e-08,5.047807322049176e-06,2.3365348214657627e-06,2.3087369140430232e-09,1.0339598140987606e-09,3.0599148493959526e-11,1.3703722453586232e-11,2.947311166619994e-06,1.2784193697823548e-06,2.765739027667004e-10,1.53573866030052e-10,0.005718710628206764,0.0030525126154209888,9.009157924519198e-07,4.6296496285537464e-07,0.012317072871654816,0.006102105148435471,2.8041650908538236e-06,1.3410502416443665e-06,0.0010377800153939388,0.00047966589861466824,1.2365914280774636e-09,4.1889219492096387e-10,1.2983007494369938e-05,4.292502549455546e-06,8.506251915137325e-10,2.812376719945047e-10,1.8928643208085605e-17,1.8781977901155324e-17,8.805746789023895e-17,8.150942421179305e-17,5.776651931045909e-14,5.010710784044673e-14,1.884319068821253e-09,1.5377341626839537e-09,5.249744374898875e-12,2.514072443558436e-12,3.181097179469904e-14,1.473451347848009e-14,1.486221588133306e-21,4.489991295332707e-22,1.840103793565315e-14,5.81069817638858e-15,2.4452340151966315e-17,1.0957957575879234e-17,8.890870670278704e-17,4.7493847373001264e-17,1.0476838322800174e-09,5.387849280400701e-10,2.2818504844147454e-15,1.1312773295600748e-15,1.924811668646659e-16,6.519614865064987e-17,6.946648167318049e-18,2.2439924587231193e-18,6.42394998452477e-14,2.075144008056697e-14,1.1244201228091973e-10,3.6322413561856144e-11,3.369775142498858e-16,1.1146611133534154e-16,0.010328644018362476,0.0051243071563343194,9.999999999999959e-31,3.4789660053421606e-31,2.6916053475628205e-08,8.681843161445662e-09,9.61773831432038e-06,3.031313686916825e-06,1.0289028675951876e-09,3.3221453841689257e-10,1.319009597494385e-11,4.161399735287066e-12
0.081,1339.6517026243832,5.285291780375685,0.26599562157717077,0.31459040104721586,0.05794672243335238,0.3993388938201609,4.013651849168746e-07,5.5320032689329925e-06,1.2838530208841104e-12,1.114873854570381e-12,5.059446950563662e-13,2.1967643616575777e-13,1.281266855081362e-07,1.0466829305548573e-07,0.2412455713385215,0.18604943046399125,3.8040962365130726e-15,1.6012600249222123e-15,6.263009657148567e-13,2.5581654891171596e-13,1.8906562633877528e-16,2.186939015753618e-16,2.984511370319989e-14,3.1849225269488276e-14,7.265470556850191e-10,7.196183215148593e-10,1.8849960930231495e-11,1.8670197806313343e-11,5.8728643403257366e-05,5.426874750435827e-05,0.22281486484748023,0.1929575780103281,0.36203184464333865,0.17957129975817152,0.0866657034341333,0.02735955490398052,1.1227353880221573e-07,5.375429830237458e-08,5.041357322091025e-06,2.3326697746714375e-06,2.280612399222495e-09,1.0209794179624236e-09,3.017485329325108e-11,1.3508610302631006e-11,2.923218311909728e-06,1.2674910351765485e-06,2.6966431004340087e-10,1.496807269682212e-10,0.005632443002855625,0.0030053319246739598,8.861338828111364e-07,4.5519717798649775e-07,0.012207082498518509,0.0060453346754636315,2.7754811361835102e-06,1.3268323245234446e-06,0.0010336437759602298,0.0004775740578738271,1.220366773567816e-09,4.132403346314722e-10,1.2901459891758531e-05,4.263933311714472e-06,8.421529723432791e-10,2.7833161072164596e-10,1.8531188677284177e-17,1.8380673094196333e-17,8.69340707057845e-17,8.043923678395487e-17,5.746588189883343e-14,4.98275467292347e-14,1.8883204980140615e-09,1.5404188356488757e-09,5.215550617476763e-12,2.4967559222050044e-12,3.130202775311242e-14,1.4493311586497614e-14,1.4507712414217893e-21,4.381241217829317e-22,1.8184822720535e-14,5.740257326837044e-15,2.4075845724944764e-17,1.0785170894325904e-17,8.788628186891955e-17,4.69299880896729e-17,1.0451643869287638e-09,5.372867028638391e-10,2.2702061821215067e-15,1.1250802339060739e-15,1.8919657881146715e-16,6.405945957634654e-17,6.780604685126996e-18,2.189529536773562e-18,6.376988819749082e-14,2.059197671137184e-14,1.1208134255673854e-10,3.619226034331455e-11,3.3328119840467066e-16,1.1020188809121865e-16,0.010328644016528577,0.005122375916631207,9.999999999999968e-31,3.4776548594825987e-31,2.6546435972164113e-08,8.559395008746068e-09,9.54592783257085e-06,3.007546591588208e-06,1.0209707656147723e-09,3.295291638517232e-10,1.2940742937197155e-11,4.081191588668912e-12
0.082,1339.0462287556534,5.285314999037182,0.26599445304468056,0.31834987794063824,0.05802205668904397,0.3997097008772225,3.991736299303139e-07,5.499755828119365e-06,1.2639305556315825e-12,1.0971663315223304e-12,4.969920231846919e-13,2.1570920666639519e-13,1.2686895481334553e-07,1.0360238366286389e-07,0.2409237395213316,0.18573229554866816,3.73515303509941e-15,1.5716563887700724e-15,6.175779517263754e-13,2.521599866201119e-13,1.8453505558914182e-16,2.1337415310963037e-16,2.924507093490027e-14,3.1197310074770566e-14,7.156896811950848e-10,7.08601481487344e-10,1.85591623013577e-11,1.8375352121810715e-11,5.8314940165646735e-05,5.386646791298999e-05,0.22274968714427576,0.19282956280950803,0.3625687445811129,0.17977088289559315,0.08663708523448481,0.027340372650669943,1.1201767924849636e-07,5.36118991340233e-08,5.035086055964027e-06,2.328903613335215e-06,2.2531463570436314e-09,1.0083092343082562e-09,2.976110145084081e-11,1.3318439488965045e-11,2.899607616332109e-06,1.256787096464556e-06,2.629975016920758e-10,1.4592606472516862e-10,0.005548388713173221,0.002959384223849763,8.717466529772215e-07,4.47640469193216e-07,0.012099247675313817,0.005989708286203915,2.747384013412345e-06,1.3129130519448938e-06,0.0010295671005962925,0.0004755140194863069,1.2045405602508172e-09,4.0772993112134387e-10,1.2821488086710046e-05,4.235930401398425e-06,8.338647763267114e-10,2.754901094794812e-10,1.814603324279016e-17,1.7991968035881842e-17,8.583655028273172e-17,7.939424371639512e-17,5.71687794718429e-14,4.9551543267431515e-14,1.8922530947966176e-09,1.5430541702954835e-09,5.181896827402068e-12,2.479725005377512e-12,3.0806896352416144e-14,1.4258765933697095e-14,1.4165599312764186e-21,4.276337913255712e-22,1.7973476975407567e-14,5.671438476167301e-15,2.3709373629949495e-17,1.0617063026053607e-17,8.688518265501107e-17,4.637820185708377e-17,1.0426687105632384e-09,5.358048814591378e-10,2.258712932395994e-15,1.1189690305121566e-15,1.860009904471554e-16,6.295410933456344e-17,6.620457082267109e-18,2.1370229831753767e-18,6.330881044759004e-14,2.04355048726732e-14,1.117257276275286e-10,3.60640428274266e-11,3.296634667293287e-16,1.0896521447726055e-16,0.01032864401473678,0.005120475381058338,9.99999999999996e-31,3.476364559085085e-31,2.6185746598071907e-08,8.439964949285152e-09,9.475428462969522e-06,2.98422737476018e-06,1.0131951277601686e-09,3.26898161369838e-10,1.2698654962406145e-11,4.003357103197025e-12
0.083,1338.44711076767,5.285348241025602,0.2659927800831037,0.32210937847929033,0.058096283605307046,0.4000748323620336,3.9701327509481406e-07,5.46799242988239e-06,1.2445132414373783e-12,1.079916287811238e-12,4.882930261681819e-13,2.1185615975231565e-13,1.2563707060459215e-07,1.0255893397921435e-07,0.24060744353625843,0.18542069318878643,3.6682040879269335e-15,1.5429221126418948e-15,6.090747216341426e-13,2.4859722478359507e-13,1.8015720265489638e-16,2.0823602785275602e-16,2.866292703067661e-14,3.056513505662706e-14,7.05105828660683e-10,6.978674072674031e-10,1.8275691169853094e-11,1.808807797965707e-11,5.79081514919131e-05,5.347116883299055e-05,0.22268454182398878,0.19270274231545403,0.36309633979536177,0.17996670707061718,0.08660901372572927,0.02732152903346543,1.1176309768976897e-07,5.347051439708768e-08,5.028987380158743e-06,2.3252329770011755e-06,2.226316902422097e-09,9.959387627487243e-10,2.935752758612572e-11,1.3133035853825709e-11,2.8764644168352126e-06,1.2463005823575917e-06,2.565626350175773e-10,1.4230362581621195e-10,0.005466469404540177,0.002914625143724307,8.577398162130567e-07,4.40287073236364e-07,0.011993505473263779,0.005935191731837055,2.7198563163888427e-06,1.29928334522267e-06,0.0010255486054710397,0.0004734850035511669,1.1890987351399226e-09,4.023559177228481e-10,1.2743042902874412e-05,4.208475842771023e-06,8.257545885189293e-10,2.727110207763137e-10,1.777268168259211e-17,1.761534859369153e-17,8.476406735949913e-17,7.837361144545877e-17,5.687516387519011e-14,4.9279039726265205e-14,1.8961187647424416e-09,1.5456415904427694e-09,5.148770217154959e-12,2.4629726006698857e-12,3.03250609646002e-14,1.4030623981586575e-14,1.3835315004088794e-21,4.175105217493322e-22,1.7766842988939552e-14,5.604188061529672e-15,2.3352553241174836e-17,1.0453458426990179e-17,8.590478827834773e-17,4.583812773647913e-17,1.0401965414767722e-09,5.343392063891336e-10,2.24736801330074e-15,1.112942005859672e-15,1.8289116183642025e-16,6.187893873791908e-17,6.465932203912622e-18,2.0863812721122198e-18,6.285603022638261e-14,2.0281939273085594e-14,1.1137505454011635e-10,3.593771487928146e-11,3.261219337026889e-16,1.0775523444089043e-16,0.010328644012985682,0.005118604722637215,9.999999999999971e-31,3.4750945427025038e-31,2.5833684694381136e-08,8.323449472344884e-09,9.406203750699844e-06,2.961343221756849e-06,1.0055711173400404e-09,3.243198172879483e-10,1.2463551628341268e-11,3.927803347879314e-12
0.084,1337.8542309954723,5.285391080961494,0.26599062411896174,0.32586890949025094,0.05816943146503789,0.4004344379913204,3.9488345351522566e-07,5.436702054599944e-06,1.225583714199112e-12,1.0631077202814738e-12,4.798379950584629e-13,2.081128653722303e-13,1.2443024857676105e-07,1.0153724746110737e-07,0.24029652485797226,0.18511446352069602,3.603171623643683e-15,1.5150228476063067e-15,6.007834550485521e-13,2.451248753560587e-13,1.7592552327426365e-16,2.0327165052814102e-16,2.8097985848150878e-14,2.99519216841441e-14,6.947860070518938e-10,6.874061214638261e-10,1.7999297068773732e-11,1.7808111938841674e-11,5.7508103305261175e-05,5.308266774806378e-05,0.22261944587590693,0.19257710024924674,0.3636148942373817,0.18015888467182986,0.08658147522029129,0.027303015144609866,1.1150982260827554e-07,5.333014661405078e-08,5.023055416866024e-06,2.3216546509175156e-06,2.200103080150525e-09,9.838579569382213e-10,2.896378235779146e-11,1.2952233008005413e-11,2.8537746426730975e-06,1.236024808598781e-06,2.5034944986683064e-10,1.3880749630835756e-10,0.005386610224822372,0.0028710123292966785,8.440997317163433e-07,4.331295833037569e-07,0.011889795381930468,0.005881752111827491,2.6928813065864405e-06,1.2859344826421858e-06,0.0010215869509510446,0.00047148625651274677,1.1740278851653157e-09,3.9711346160778743e-10,1.2666077251985838e-05,4.181552433289029e-06,8.178166536948113e-10,2.699922912364733e-10,1.7410663089262373e-17,1.725032620637908e-17,8.371581724970793e-17,7.737654143615656e-17,5.6584986897653005e-14,4.9009978957319723e-14,1.8999193423690285e-09,1.548182465135637e-09,5.116158383669135e-12,2.4464918425120023e-12,2.9856029308741e-14,1.3808645249861753e-14,1.3516328912921386e-21,4.077376782311765e-22,1.756476962294438e-14,5.538454794224923e-15,2.3005031281484352e-17,1.0294189878996446e-17,8.494450051251112e-17,4.530941831195937e-17,1.0377476157164227e-09,5.328894237382223e-10,2.2361687506771626e-15,1.1069974850042069e-15,1.7986399938482763e-16,6.08328417835896e-17,6.316772370081933e-18,2.0375181078843934e-18,6.241131979874742e-14,2.013119782963815e-14,1.1102921365471218e-10,3.581323183293796e-11,3.226543059411791e-16,1.0657112581570639e-16,0.010328644011273968,0.005116763145394602,9.99999999999998e-31,3.4738442699376115e-31,2.5489962450916593e-08,8.209749569592273e-09,9.338218594696714e-06,2.9388818069407294e-06,9.980940990254943e-10,3.2179249041001886e-10,1.2235165851769077e-11,3.854441873191115e-12
0.085,1337.2674747086967,5.285443113597546,0.2659880055696669,0.32962847751234386,0.05824152752898281,0.4007886619171378,3.9278351594117954e-07,5.405874002835363e-06,1.2071253528183203e-12,1.0467253227515361e-12,4.716176846088351e-13,2.0447510773631026e-13,1.2324773549606065e-07,1.005366557384296e-07,0.23999083118895104,0.18481345301567959,3.5399816509174887e-15,1.4879259343702946e-15,5.926966873560405e-13,2.417397065113885e-13,1.718338104115382e-16,1.9847355634402396e-16,2.7549584275059685e-14,2.935692887615674e-14,6.847211403811537e-10,6.772080900659504e-10,1.772974019879764e-11,1.7535201981217712e-11,5.711462723354503e-05,5.2700788387946405e-05,0.22255441519626729,0.19245262051633255,0.3641246616370442,0.18034752356572314,0.08655445645185902,0.02728482238458683,1.1125787948041211e-07,5.3190797255449666e-08,5.017284540230579e-06,2.3181655584679627e-06,2.1744848183109726e-09,9.720572013838066e-10,2.8579531634626647e-11,1.2775871923168423e-11,2.831524786749591e-06,1.2259533637891485e-06,2.4434823262644704e-10,1.3543208060662381e-10,0.005308739642359108,0.0028285053332702684,8.308133707493513e-07,4.26160929995513e-07,0.011788059203948266,0.005829357813201439,2.6664428841737156e-06,1.2728580834463106e-06,0.0010176808403005795,0.0004695170502631627,1.159315202339029e-09,3.9199795088817175e-10,1.2590546026550983e-05,4.155143703347029e-06,8.100454627991215e-10,2.6733195661861474e-10,1.705952948278e-17,1.6896436405486372e-17,8.269102816937323e-17,7.640226844908808e-17,5.629820036731775e-14,4.8744304447949027e-14,1.90365659420508e-09,1.5506781110940387e-09,5.084049296377217e-12,2.4302760842505064e-12,2.9399332091692926e-14,1.3592600634393367e-14,1.3208139467648412e-21,3.982995438227499e-22,1.7367111987544668e-14,5.4741895450446046e-15,2.2666470859558873e-17,1.0139098021674153e-17,8.400374276582506e-17,4.479173911377816e-17,1.0353216677481955e-09,5.314552832465375e-10,2.2251125188618097e-15,1.1011338312284883e-15,1.7691654811190578e-16,5.981476279764933e-17,6.172734350041903e-18,1.990352075487258e-18,6.197445969400104e-14,1.998320152532063e-14,1.1068809854703085e-10,3.569055044031264e-11,3.1925837808863206e-16,1.054120987624777e-16,0.010328644009600403,0.005114949882975373,9.999999999999985e-31,3.4726132205013035e-31,2.5154304270556732e-08,8.098770507600063e-09,9.271439192328877e-06,2.916831272827158e-06,9.907596287899847e-10,3.1931460834414925e-10,1.2013243152151893e-11,3.783188460038628e-12
0.08600000000000001,1336.6867300598387,5.285503952533099,0.26598494390756733,0.33338808880954385,0.05831259808477285,0.40113764299801563,3.9071283025135113e-07,5.3754978842912345e-06,1.1891222414896835e-12,1.0307544499627952e-12,4.636232871627004e-13,2.0093887309292173e-13,1.220888076780903e-07,9.955651720600204e-08,0.23969021612243732,0.1845175141393575,3.4785637392982443e-15,1.4616003042024183e-15,5.848072897823943e-13,2.38438633789134e-13,1.678761741430455e-16,1.9383466622066843e-16,2.7017090409893324e-14,2.877945090754455e-14,6.749025459490737e-10,6.672641988213326e-10,1.746679089035057e-11,1.726910692422988e-11,5.672756038606125e-05,5.2325360469441166e-05,0.22248946468560027,0.19232928723634,0.3646258860387017,0.18053272734053144,0.08652794456615143,0.02726694245042535,1.1100729098451313e-07,5.3052466822801016e-08,5.0116693633527254e-06,2.3147627539566637e-06,2.1494428824436305e-09,9.605272887295851e-10,2.8204455690663244e-11,1.2603800536373155e-11,2.8097018769591797e-06,1.216080095293163e-06,2.385497817080483e-10,1.32172081165269e-10,0.005232789254067496,0.0027870655048741937,8.178682816424695e-07,4.1937436183895704e-07,0.01168824091505526,0.005777978433054814,2.6405255516279203e-06,1.2600460883680658e-06,0.0010138290160708807,0.000467576680182095,1.1449484499099508e-09,3.870049821215639e-10,1.2516405990436131e-05,4.129233875529756e-06,8.024357398170591e-10,2.647281370003663e-10,1.671885451060478e-17,1.6553237430882903e-17,8.168895962786727e-17,7.545005887684586e-17,5.601475623379587e-14,4.848196036444161e-14,1.907332222246907e-09,1.5531297954310486e-09,5.052431284091916e-12,2.414318889729023e-12,2.8954521741118714e-14,1.3382271771516082e-14,1.2910272249909106e-21,3.8918126035646424e-22,1.717373113194125e-14,5.4113452352094725e-15,2.2336550554785677e-17,9.98803090802339e-18,8.308195915794375e-17,4.4284768044761907e-17,1.0329184308568744e-09,5.300365383029061e-10,2.2141967398847894e-15,1.0953494449483971e-15,1.740459843509673e-16,5.882369373967725e-17,6.033588412604135e-18,1.9448063172172587e-18,6.154523833074152e-14,1.983787426570706e-14,1.1035160587066998e-10,3.556962880729877e-11,3.159320286880678e-16,1.0427739421431558e-16,0.010328644007963758,0.005113164197177568,9.999999999999973e-31,3.4714008932180565e-31,2.4826446074911157e-08,7.990421582865871e-09,9.205832952734135e-06,2.8951801994710665e-06,9.835634433327203e-10,3.1688466367310386e-10,1.1797540919228462e-11,3.713962871285079e-12
0.08700000000000001,1336.1118879514916,5.2855732293503515,0.26598145770284526,0.3371477493837678,0.05838266849205438,0.40148151505214863,3.886707809417648e-07,5.345563607125577e-06,1.171559133805767e-12,1.0151810833562807e-12,4.55846407410585e-13,1.975003379538622e-13,1.2095276954972234e-07,9.859621569626084e-08,0.2393945388737493,0.18422650507129287,3.418850813875003e-15,1.4360163862153308e-15,5.77108451205809e-13,2.3521871201068995e-13,1.6404702268397663e-16,1.8934826346257101e-16,2.64999018111289e-14,2.8218815400854425e-14,6.653219136489025e-10,6.575657308221273e-10,1.7210229087965744e-11,1.7009595859811786e-11,5.634674512602622e-05,5.1956219437487124e-05,0.22242460827969726,0.19220708472117376,0.36511880224129645,0.1807145955060048,0.08650192710344057,0.02724936732229096,1.1075807720442243e-07,5.291515493101998e-08,5.006204725688783e-06,2.3114434156875414e-06,2.1249588332486274e-09,9.492593987909799e-10,2.783824845476207e-11,1.2435873381679517e-11,2.78829344977856e-06,1.2063990962498244e-06,2.3294537655888425e-10,1.290224802510668e-10,0.0051586936313318425,0.0027466558995132228,8.05252560963987e-07,4.1276342908596786e-07,0.011590286588551404,0.005727584733561463,2.615114391597309e-06,1.247490747124665e-06,0.0010100302601624915,0.0004656644648961776,1.130915931355115e-09,3.821303488580901e-10,1.244361568330706e-05,4.103807828811372e-06,7.949824294272259e-10,2.6217903225888533e-10,1.6388232204145927e-17,1.6220308909927153e-17,8.070890086488217e-17,7.451920913623432e-17,5.5734606622574e-14,4.822289157318584e-14,1.9109478667010363e-09,1.5555387378129563e-09,5.02129302191818e-12,2.398614025046707e-12,2.852117116064599e-14,1.3177450416493305e-14,1.2622278249805526e-21,3.8036877281994953e-22,1.6984493736853558e-14,5.3498767287160664e-15,2.201496355313735e-17,9.840843585672341e-18,8.217861363037559e-17,4.3788194830732646e-17,1.0305376376959673e-09,5.286329460338711e-10,2.203418883957807e-15,1.0896427633116643e-15,1.7124960868612447e-16,5.785867160507602e-17,5.899117434542296e-18,1.900808229523917e-18,6.112345166206587e-14,1.9695142743869903e-14,1.1001963526475799e-10,3.5450426346139955e-11,3.12673216336981e-16,1.0316628242974485e-16,0.010328644006362847,0.005111405376642454,9.99999999999996e-31,3.4702068051365962e-31,2.450613477729659e-08,7.88461593234281e-09,9.141368464671463e-06,2.8739175912688983e-06,9.765014512938721e-10,3.1450121073563836e-10,1.1587827778564812e-11,3.646688635544389e-12
0.088,1335.5428419854438,5.2856505924929715,0.26597756467944417,0.34090746498686836,0.058451763225865205,0.40182040709667766,3.8665676862824796e-07,5.316061367611165e-06,1.1544214193002335e-12,9.999917991709862e-13,4.4827903973580294e-13,1.9415585850259737e-13,1.198389522970767e-07,9.765515923132824e-08,0.23910366398394162,0.1839402894056148,3.3607789645733686e-15,1.411146021276851e-15,5.695936607130107e-13,2.3207712754445145e-13,1.6034104490638796e-16,1.8500797226405823e-16,2.5997443900944793e-14,2.7674381493013757e-14,6.559712867892202e-10,6.481043457245036e-10,1.6959843872971068e-11,1.6756447634595272e-11,5.59720288667013e-05,5.159320623044851e-05,0.22235985903447944,0.19208599750014943,0.3656036362712532,0.18089322370803115,0.08647639198909438,0.027232089252738276,1.1051025580589462e-07,5.277886037791347e-08,5.000885681610729e-06,2.308204839622649e-06,2.1010149860976812e-09,9.382450785301502e-10,2.748061680144362e-11,1.2271951242392848e-11,2.767287524971085e-06,1.1969046931552983e-06,2.2752674789360697e-10,1.2597852246889286e-10,0.005086390152664863,0.0027072411819309733,7.929548227759975e-07,4.0632196662660944e-07,0.011494144271026876,0.005678148573315987,2.5901950344737313e-06,1.2351846011123094e-06,0.0010062833905714293,0.00046377974451908104,1.1172064608222286e-09,3.7737003074388853e-10,1.2372135325130916e-05,4.078851063014521e-06,7.876806855340287e-10,2.5968291786951357e-10,1.6067275842977708e-17,1.5897250650026137e-17,7.975016942083517e-17,7.360904419413064e-17,5.545770389966239e-14,4.7967043671516835e-14,1.9145051090486664e-09,1.5579061128644341e-09,4.99062351903563e-12,2.3831554508232336e-12,2.8098872634035034e-14,1.2977937894150384e-14,1.234373228208173e-21,3.7184877883185245e-22,1.6799271843971236e-14,5.2897407370233e-15,2.170141684799404e-17,9.697397709432587e-18,8.129318910894318e-17,4.330172050296046e-17,1.028179020608818e-09,5.272442672794539e-10,2.1927764685330705e-15,1.0840122591119744e-15,1.685248395183979e-16,5.691877605467654e-17,5.7691160934654675e-18,1.858289188406108e-18,6.070890284046491e-14,1.955493631272478e-14,1.0969208922933928e-10,3.5332903718031137e-11,3.094799759913252e-16,1.0207806160539409e-16,0.010328644004796604,0.005109672735559108,9.999999999999968e-31,3.469030490650387e-31,2.4193127669808543e-08,7.781270317605438e-09,9.078015419396254e-06,2.8530328497743127e-06,9.69569723980009e-10,3.121628622724143e-10,1.1383882952227775e-11,3.58129283063077e-12
0.089,1334.9794883464588,5.28573570658327,0.2659732817489849,0.3446672411321421,0.05851990591351425,0.4021544435568428,3.8467020964290063e-07,5.286981641442112e-06,1.137695092244798e-12,9.851737387274842e-13,4.409135463690451e-13,1.9090196041670246e-13,1.1874671263304934e-07,9.673277888500259e-08,0.23881746110538085,0.18365873592427864,3.304287269357995e-15,1.38696238225671e-15,5.622566920721804e-13,2.2901119140410577e-13,1.5675319394383222e-16,1.808077375787876e-16,2.5509168440047743e-14,2.714553808855401e-14,6.468430441666411e-10,6.388720603514264e-10,1.6715433014601268e-11,1.6509450362047043e-11,5.560326387754454e-05,5.123616705897216e-05,0.2222952291426843,0.19196601029437207,0.3660806057404356,0.18106870389239202,0.08645132751434138,0.027215100754109506,1.1026384222544899e-07,5.2643581221828016e-08,4.995707489445706e-06,2.3050444333956212e-06,2.0775943747767566e-09,9.274762240820309e-10,2.713127990477816e-11,1.2111900834011564e-11,2.746672583206733e-06,1.1875914348387652e-06,2.222860513165335e-10,1.230356992490304e-10,0.005015818876501172,0.0026687875513729587,7.809641745735655e-07,4.00044080436152e-07,0.011399763931105235,0.005629642875396536,2.5657536421957246e-06,1.223120473999607e-06,0.001002587262352895,0.000461921880865125,1.1038093366858073e-09,3.727201837527344e-10,1.2301926736800658e-05,4.054349668973874e-06,7.805258607339469e-10,2.5723814104872633e-10,1.575561687518685e-17,1.5583681493553565e-17,7.881210977802563e-17,7.271891617124689e-17,5.518400072118365e-14,4.7714363008196937e-14,1.918005474235686e-09,1.5602330519089304e-09,4.96041210779143e-12,2.367937315270737e-12,2.7687236743377384e-14,1.2783544559530569e-14,1.2074231491149343e-21,3.6360868103663315e-22,1.6617942588640117e-14,5.230895725595377e-15,2.1395630495325495e-17,9.557561180647426e-18,8.042518672984835e-17,4.282505692030163e-17,1.0258423121881382e-09,5.258702667165594e-10,2.1822670591936733e-15,1.0784564406741402e-15,1.6586920690977604e-16,5.600312715404408e-17,5.6433901081241775e-18,1.81718429136765e-18,6.030140191492281e-14,1.9417186869554913e-14,1.0936887306097315e-10,3.5217022797143444e-11,3.0635041566277383e-16,1.0101205663237257e-16,0.010328644003263896,0.005107965612589121,9.999999999999954e-31,3.4678715007676305e-31,2.388719199625914e-08,7.68030497034005e-09,9.015744595269547e-06,2.8325157661936218e-06,9.627644881615864e-10,3.098682867727873e-10,1.1185495722633925e-11,3.5177059007270793e-12
0.09,1334.4217257646628,5.28582825133926,0.26596862506486857,0.3484270831050669,0.05858711937512045,0.4024837444872205,3.827105355299306e-07,5.258315173632114e-06,1.1213667216962366e-12,9.70714579942055e-13,4.3374263739964173e-13,1.8773532954030648e-13,1.1767543157313321e-07,9.582852765651478e-08,0.23853580471889543,0.18338171831436925,3.2493176266374044e-15,1.363439898497508e-15,5.550915881552135e-13,2.260183323584061e-13,1.5327867194225228e-16,1.7674180640005585e-16,2.503455212598074e-14,2.6631702252368956e-14,6.379298829962853e-10,6.298612302360868e-10,1.647680254335458e-11,1.6268400959004506e-11,5.5240307095329526e-05,5.088495319000448e-05,0.22223073002296698,0.19184710804855534,0.3665499202938271,0.1812411245065603,0.08642672233013485,0.027198394589393722,1.1001884981588599e-07,5.2509314837145424e-08,4.9906656013455255e-06,2.301959710679036e-06,2.0546807149403513e-09,9.169450627368954e-10,2.6789968603340443e-11,1.1955594493630413e-11,2.726437543054175e-06,1.178454081208626e-06,2.17215841084391e-10,1.201897334801162e-10,0.004946922384490424,0.0026312626514417192,7.69270188902526e-07,3.9392413187844927e-07,0.011307097332156504,0.005582041558063162,2.541776875684854e-06,1.2112914545746586e-06,0.0009989407637376816,0.0004600902554239867,1.0907143151499113e-09,3.681771304781411e-10,1.2232953252398318e-05,4.0302902960284185e-06,7.735134959934543e-10,2.5484311698307524e-10,1.5452903923286278e-17,1.5279238262625167e-17,7.789409208045636e-17,7.184820302522309e-17,5.491345008527885e-14,4.746479670519898e-14,1.921450433632055e-09,1.5625206452760672e-09,4.930648431983382e-12,2.3529539468884695e-12,2.728589140326783e-14,1.259408931452593e-14,1.1813393983018532e-21,3.556365435186891e-22,1.6440387956619138e-14,5.173301828448791e-15,2.1097336908515633e-17,9.421207805902293e-18,7.957412506657592e-17,4.2357926294264326e-17,1.0235272454424783e-09,5.245107127693233e-10,2.1718882681080277e-15,1.0729738505233185e-15,1.6328034690030436e-16,5.5110883283326736e-17,5.521755541393925e-18,1.777432120604353e-18,5.990076552239116e-14,1.9281828739091626e-14,1.0904989472104275e-10,3.510274661249741e-11,3.032827130239733e-16,9.996761782835916e-17,0.010328644001763717,0.0051062833696574475,9.99999999999995e-31,3.466729402290349e-31,2.3588104371160175e-08,7.581643389179156e-09,8.954527774942968e-06,2.8123564927427485e-06,9.560821174257972e-10,3.076162053664478e-10,1.0992464850201837e-11,3.455861459919941e-12
0.091,1333.8694554000222,5.285927920954485,0.2659636100531396,0.3521869959735988,0.058653425658386264,0.40280842576688286,3.8077719260958423e-07,5.230052969670646e-06,1.1054234233458956e-12,9.566025106038514e-13,4.2675935162453367e-13,1.846528029739241e-13,1.1662451330944025e-07,9.494187943529048e-08,0.23825857393288627,0.18310911495720505,3.195814599441023e-15,1.340554185651135e-15,5.48092647076936e-13,2.2309609078529595e-13,1.4991291568384476e-16,1.728047101410847e-16,2.45730952418012e-14,2.613231766531501e-14,6.29224802842871e-10,6.210645322820704e-10,1.6243766346144186e-11,1.603310470707325e-11,5.4883019939054005e-05,5.05394207381847e-05,0.22216637233601794,0.19172927590733502,0.3670117819432834,0.18141057065078287,0.08640256543039886,0.027181963760869846,1.0977529000252992e-07,5.237605797696001e-08,4.9857556535090276e-06,2.2989482858353916e-06,2.032258371319794e-09,9.066441367394102e-10,2.6456424819680846e-11,1.1802909895887517e-11,2.7065717405790474e-06,1.1694875932424083e-06,2.1230904704529883e-10,1.174365659712532e-10,0.0048796456663872225,0.0025946355026388963,7.578628815616105e-07,3.8795672547605604e-07,0.011216097980250365,0.005535319503190011,2.518251878826776e-06,1.199690887619718e-06,0.0009953428166343636,0.0004582842693830907,1.0779115866694432e-09,3.6373735144335977e-10,1.2165179647336332e-05,4.006660125091652e-06,7.666393112341497e-10,2.5249632538900994e-10,1.515880183166935e-17,1.4983574750770634e-17,7.699551090337867e-17,7.099630729061218e-17,5.464600536490829e-14,4.7218292665421325e-14,1.9248414071138006e-09,1.564769943939535e-09,4.9013224360156205e-12,2.3381998477375364e-12,2.6894480911456306e-14,1.2409399135164679e-14,1.1560857533151314e-21,3.4792105070620856e-22,1.6266494544955826e-14,5.116920764729837e-15,2.0806280198003986e-17,9.288216977906769e-18,7.873953940802864e-17,4.1900060746492186e-17,1.0212335542209909e-09,5.231653776752531e-10,2.1616377543487422e-15,1.0675630650356863e-15,1.607559960138764e-16,5.424123912445616e-17,5.4040381480950786e-18,1.7389745216992184e-18,5.95068166064767e-14,1.9148798566969382e-14,1.0873506476608677e-10,3.49900393116567e-11,3.0027511236188906e-16,9.894411979678579e-17,0.010328644000295106,0.005104625390946138,9.99999999999996e-31,3.4656037771311984e-31,2.3295650384755326e-08,7.485212197700671e-09,8.894337726473442e-06,2.7925455343376707e-06,9.49519125588263e-10,3.0540538940753987e-10,1.080459809581227e-11,3.3956961297771025e-12
0.092,1333.3225807982199,5.286034423301393,0.265958251452269,0.35594698459790164,0.05871884607020376,0.40312859927525946,3.7886964160810716e-07,5.2021862877478656e-06,1.0898528336086036e-12,9.428262037508454e-13,4.1995703913150427e-13,1.8165136096026192e-13,1.1559338417741741e-07,9.407232804881579e-08,0.2379856522718608,0.1828408087127158,3.1437252713734983e-15,1.3182819808090759e-15,5.412544090970768e-13,2.2024211287169592e-13,1.4665158336811817e-16,1.6899124843016668e-16,2.412432042733133e-14,2.564685321800782e-14,6.207210908817624e-10,6.124749488380994e-10,1.6016145795808448e-11,1.580337485058949e-11,5.4531268151723425e-05,5.019943048426683e-05,0.22210216603931096,0.19161249922709842,0.36746638541102095,0.1815771242346924,0.08637884614053483,0.02716580150076355,1.0953317242763351e-07,5.224380683066565e-08,4.98097345732384e-06,2.296007869045548e-06,2.0103123269215445e-09,8.965662880804186e-10,2.613040101946194e-11,1.1653729788319644e-11,2.6870649103019914e-06,1.1606871236409339e-06,2.075589525982822e-10,1.1477234253979799e-10,0.004813935997407735,0.0025588764313237452,7.467326889563486e-07,3.821366963194729e-07,0.011126721041898602,0.0054894525101377364,2.4951662562985108e-06,1.1883123619443602e-06,0.000991792374995391,0.00045650334267747567,1.0653917537637447e-09,3.5939747693205655e-10,1.2098572068166215e-05,3.983446842481484e-06,7.59899196627973e-10,2.501963073292435e-10,1.4872990798585563e-17,1.469636080311426e-17,7.611578414191699e-17,7.016265493697186e-17,5.438162035509144e-14,4.697479959394099e-14,1.9281797652694904e-09,1.5669819612586394e-09,4.872424355518984e-12,2.3236696875046434e-12,2.6512665100943524e-14,1.2229308648203188e-14,1.1316278407674231e-21,3.4045146986421237e-22,1.6096153349841697e-14,5.061715764324819e-15,2.0522215564688623e-17,9.158473382109712e-18,7.792098109646754e-17,4.145120190170696e-17,1.018960973509739e-09,5.218340374936817e-10,2.1515132234634653e-15,1.0622226937466482e-15,1.5829398628132084e-16,5.3393423834066026e-17,5.290072778299729e-18,1.7017564011081286e-18,5.911938416050009e-14,1.9018035222010183e-14,1.0842429626293015e-10,3.487886612032377e-11,2.9732592172544507e-16,9.79409603587506e-17,0.010328643998857053,0.0051029910819470085,9.999999999999957e-31,3.4644942216703492e-31,2.3009624160996808e-08,7.390940988293486e-09,8.835148155896186e-06,2.7730737314589905e-06,9.43072159946848e-10,3.0323465802700443e-10,1.0621711743139613e-11,3.337149377763829e-12
0.093,1332.7810078224911,5.286147479138928,0.2659525633527625,0.35970705363951333,0.05878340121140086,0.4034443730820046,3.769873571751612e-07,5.174706629458406e-06,1.0746430841590457e-12,9.293747935586004e-13,4.1332934458108507e-13,1.7872811910959346e-13,1.145814916107625e-07,9.321938630569912e-08,0.23771692745073683,0.18257668669163082,3.092999108384893e-15,1.2966010803649693e-15,5.34571643811683e-13,2.1745414495840426e-13,1.4349054205085205e-16,1.652964737339954e-16,2.3687771499556236e-14,2.5174801663434784e-14,6.124123074794527e-10,6.040857521670582e-10,1.579376938709846e-11,1.557903220303674e-11,5.418492162746864e-05,4.986484768092951e-05,0.22203812044094856,0.19149676358433515,0.3679139184906951,0.18174086413881999,0.08635555410950062,0.02714990126269713,1.0929250506782e-07,5.211255706794048e-08,4.9763149907594214e-06,2.2931362615465343e-06,1.9888281524331752e-09,8.867046434571059e-10,2.581165967978862e-11,1.1507941732121142e-11,2.6679071658590138e-06,1.1520480073970373e-06,2.029591736830548e-10,1.1219340172281725e-10,0.004749742815120555,0.0025239569987667355,7.358704456226824e-07,3.7645909762385446e-07,0.011038923253716498,0.005444417245859724,2.4725080496446043e-06,1.1771496976456613e-06,0.0009882884225909526,0.0004547469127678999,1.0531458092819059e-09,3.55154279009835e-10,1.2033097961244387e-05,3.960638613474403e-06,7.532892039633488e-10,2.4794166206738825e-10,1.459516554577382e-17,1.441728143795497e-17,7.525435190759007e-17,6.934669424018856e-17,5.412024930027671e-14,4.673426700193894e-14,1.931466831783137e-09,1.569157674826868e-09,4.843944706505634e-12,2.3093582968942337e-12,2.6140118520178946e-14,1.2053659722663607e-14,1.10793302506271e-21,3.3321761572795955e-22,1.5929259555115786e-14,5.007651494052231e-15,2.024490871247373e-17,9.031866713231213e-18,7.711801684746274e-17,4.1011100473451487e-17,1.016709239578244e-09,5.205164720325156e-10,2.1415124262888953e-15,1.0569513782855e-15,1.558922404121018e-16,5.2566699275500936e-17,5.179702815159547e-18,1.6657255355616622e-18,5.873830295991733e-14,1.8889479695540734e-14,1.0811750468300419e-10,3.4769193295144743e-11,2.9443351002130466e-16,9.695755947357906e-17,0.0103286439974487,0.005101379868444895,9.99999999999997e-31,3.463400346065158e-31,2.272982790788061e-08,7.298762164343822e-09,8.776933652472441e-06,2.753932240792105e-06,9.367379943679195e-10,3.0110287564166903e-10,1.0443630132811229e-11,3.2801633601239273e-12
0.094,1332.2446445541545,5.286266821638224,0.2659465592207965,0.3634672075701749,0.058847111004548036,0.4037558516038535,3.7512982752278763e-07,5.147605732480701e-06,1.0597827785418324e-12,9.162378531916539e-13,4.068701915308805e-13,1.758803211205493e-13,1.1358830321193272e-07,9.238258514241834e-08,0.23745229121795597,0.1823166400892221,3.04358783175325e-15,1.2754902829218888e-15,5.28039338867432e-13,2.1473002854198016e-13,1.4042585593157336e-16,1.6171567703253955e-16,2.326301233811505e-14,2.4715678346259693e-14,6.042922729199373e-10,5.95890490152724e-10,1.5576472399932134e-11,1.535990478315398e-11,5.384385425673678e-05,4.9535541878801025e-05,0.22197424420731637,0.19138205475197434,0.3683545623127635,0.1819018663350497,0.08633267929301806,0.027134256711505576,1.090532943672256e-07,5.198230389236313e-08,4.971776390242483e-06,2.290331351209459e-06,1.967791979251582e-09,8.77052600967957e-10,2.5499972811449672e-11,1.1365437868793542e-11,2.6490889833290394e-06,1.1435657536197538e-06,1.9850364026450004e-10,1.0969626392363778e-10,0.004687017628167176,0.002489849947575951,7.252673666712817e-07,3.709191908803628e-07,0.010952662885947732,0.005400191222079097,2.450265725311343e-06,1.1661969391834154e-06,0.0009848299738917207,0.0004530144348749713,1.0411651172291778e-09,3.51004664464917e-10,1.1968726015275865e-05,3.938224060737979e-06,7.468055389566009e-10,2.457310442613128e-10,1.4325034536690025e-17,1.414603602104358e-17,7.441067550451456e-17,6.854789473664803e-17,5.386184691896901e-14,4.649664521067818e-14,1.9347038850749978e-09,1.5712980277677506e-09,4.815874276301794e-12,2.2952606620212664e-12,2.577652965829778e-14,1.1882301084656767e-14,1.0849703047769516e-21,3.2620981759915094e-22,1.5765712335461747e-14,4.954693989105664e-15,1.9974135308268568e-17,8.908291414743124e-18,7.633022814034722e-17,4.057951589182802e-17,1.0144780903611354e-09,5.192124649189545e-10,2.1316331593448377e-15,1.051747792148005e-15,1.5354876724343305e-16,5.176035835565656e-17,5.072779655862096e-18,1.6308323961758445e-18,5.836341332954736e-14,1.876307501336787e-14,1.0781460785096749e-10,3.4660988095780246e-11,2.915963044813736e-16,9.599335829253408e-17,0.010328643996069115,0.005099791195710776,9.999999999999964e-31,3.462321773702414e-31,2.2456071604088882e-08,7.20861082731782e-09,8.719669679064934e-06,2.7351125302476557e-06,9.305135240507516e-10,2.9900895002919613e-10,1.0270185275299388e-11,3.2246827903664982e-12
0.095,1331.713401283644,5.286392195559416,0.26594025193943643,0.3672274506800737,0.05890999472215993,0.4040631357587079,3.7329655406292786e-07,5.120875563271695e-06,1.0452609702914796e-12,9.034053740707099e-13,4.00573768167165e-13,1.7310533214162682e-13,1.1261330586663396e-07,9.1561472810204e-08,0.23719163915120475,0.1820605639820014,2.9954452991558295e-15,1.2549293358417475e-15,5.216526888184325e-13,2.1206769535823756e-13,1.3745377556272895e-16,1.5824437461518496e-16,2.2849625877876052e-14,2.4269020051591204e-14,5.963550550662588e-10,5.87882972998053e-10,1.5364096587821144e-11,1.514582747768272e-11,5.3507943789944696e-05,4.921138677038328e-05,0.22191054543504846,0.19126835872938058,0.36878849166926797,0.18206020403364054,0.08631021194799403,0.027118861716364347,1.0881554534597436e-07,5.185304208276645e-08,4.967353943364628e-06,2.2875911085010605e-06,1.947190472996994e-09,8.676038170910775e-10,2.51951215000215e-11,1.1226114696343766e-11,2.630601184733938e-06,1.135236037472685e-06,1.9418657783861627e-10,1.0727762061544203e-10,0.004625713900630799,0.00245652913547327,7.149150270547616e-07,3.6551243443354475e-07,0.010867899646397994,0.005356752743262215,2.428428150122082e-06,1.1554483425281663e-06,0.0009814160710117756,0.0004513053804013532,1.0294413939302164e-09,3.4694566789583825e-10,1.1905426098684421e-05,3.916192241154637e-06,7.404445538851126e-10,2.435631612757238e-10,1.4062319267052143e-17,1.3882337514889782e-17,7.358423649663999e-17,6.776574626659113e-17,5.3606368442579584e-14,4.6261885367767716e-14,1.937892160465699e-09,1.573403930428769e-09,4.788204115031098e-12,2.281371919096612e-12,2.5421600250001778e-14,1.1715087970653628e-14,1.062710217755408e-21,3.1941888919328107e-22,1.5605414678392842e-14,4.9028105907415454e-15,1.9709680479140604e-17,8.787646436114091e-18,7.555721063787638e-17,4.0156215948926397e-17,1.0122672655554437e-09,5.179218035216355e-10,2.121873263533565e-15,1.0466106396352098e-15,1.512616576340531e-16,5.097372351956141e-17,4.969162231534618e-18,1.5970299857684592e-18,5.799456091885115e-14,1.8638766150783828e-14,1.0751552584669138e-10,3.4554218741979444e-11,2.888127881577718e-16,9.504781822673955e-17,0.010328643994717467,0.0050982245276481,9.999999999999957e-31,3.461258140618735e-31,2.218817257030032e-08,7.120424627467579e-09,8.663332508813879e-06,2.7166063571948494e-06,9.243957592850734e-10,2.96951830088994e-10,1.010121642972971e-11,3.1706547976806926e-12
0.096,1331.1871904031864,5.286523356801497,0.26593365383111284,0.3709877870857663,0.05897207101487519,0.40436632312180654,3.714870509856068e-07,5.094508309078106e-06,1.0310671413903533e-12,8.908677455522506e-13,3.9443451321910813e-13,1.7040063224479836e-13,1.1165600486626885e-07,9.075561407423626e-08,0.23693487049956555,0.1818083571628603,2.9485273907439442e-15,1.2348988841492332e-15,5.154070848067009e-13,2.0946516282697085e-13,1.3457072745083886e-16,1.5487829538631482e-16,2.2447213107279115e-14,2.3834383865582555e-14,5.885949572054641e-10,5.800572601801055e-10,1.5156489867862287e-11,1.4936641707636624e-11,5.3177071682075656e-05,4.889226001823137e-05,0.22184703165958292,0.19115566171947534,0.3692158752759482,0.1822159477999915,0.08628814261945873,0.027103710341861653,1.0857926170482438e-07,5.172476603327617e-08,4.963044081458197e-06,2.2849135824266804e-06,1.9270108084206695e-09,8.583521943631382e-10,2.4896895466061274e-11,1.1089872855273675e-11,2.612434922219118e-06,1.127054692465196e-06,1.9000249097557673e-10,1.0493432471491147e-10,0.004565786965956467,0.002423969485098158,7.048053451594677e-07,3.6023447432693616e-07,0.010784594638552004,0.005314080881606862,2.4069845783745293e-06,1.1448983679162152e-06,0.0009780457840114407,0.00044961923691014906,1.0179666904754974e-09,3.4297444526976315e-10,1.184316920506143e-05,3.894532625467557e-06,7.342027404562646e-10,2.4143677058946315e-10,1.380675356531495e-17,1.3625911741465635e-17,7.277453575729797e-17,6.699975800742447e-17,5.33537696239755e-14,4.6029939438149344e-14,1.94103285185195e-09,1.575476261681501e-09,4.760925526034672e-12,2.2676873486775503e-12,2.507504457881763e-14,1.1551881781828058e-14,1.041124750188032e-21,3.128360998083725e-22,1.5448273202038607e-14,4.8519698830567775e-15,1.9451338323744113e-17,8.669834997696312e-18,7.479857359986415e-17,3.974097644385584e-17,1.0100765068610058e-09,5.166442789529981e-10,2.112230623892897e-15,1.0415386553351868e-15,1.4902908033055855e-16,5.020614524393157e-17,4.868716553397537e-18,1.5642736852712529e-18,5.763159647607871e-14,1.8516499947977238e-14,1.072201809408209e-10,3.4448854382107585e-11,2.8608149750810203e-16,9.412042005153273e-17,0.010328643993392946,0.00509667934598864,9.999999999999959e-31,3.4602090949546413e-31,2.192595516622903e-08,7.034143655680246e-09,8.607899209248561e-06,2.698405761696215e-06,9.183818204124973e-10,2.9493050400490613e-10,9.936569748509967e-12,3.1180288066805836e-12
0.097,1330.665926348374,5.286660071697752,0.2659267766929195,0.37474822073760106,0.05903335794213375,0.4046655080904064,3.697008447663357e-07,5.068496368967158e-06,1.0171911815090589e-12,8.786157353739415e-13,3.884471029892975e-13,1.6776381040803356e-13,1.1071592303449242e-07,8.996458941929967e-08,0.2366818879815082,0.18155992194011786,2.9027919007151233e-15,1.2153804219463293e-15,5.092981042094772e-13,2.0692052950215178e-13,1.3177330433406898e-16,1.5161336899949873e-16,2.205539214069597e-14,2.3411346119365174e-14,5.810065064168101e-10,5.724076479766778e-10,1.495350602444362e-11,1.4732195109561004e-11,5.285112293921929e-05,4.8578043085338216e-05,0.22178370990926277,0.19104395014178863,0.3696368760920887,0.18236916569574996,0.08626646213608599,0.02708879684133043,1.0834444589924207e-07,5.1597469777904566e-08,4.958843372745208e-06,2.2822968967164204e-06,1.907240644163547e-09,8.492918690437352e-10,2.460509263255241e-11,1.0956616918710524e-11,2.5945816618524632e-06,1.1190177026047142e-06,1.8594614691314523e-10,1.0266338102152235e-10,0.004507193921691232,0.002392146923860647,6.949305638162603e-07,3.550811338712267e-07,0.01070271027189622,0.005272155428597705,2.38592462874718e-06,1.1345416677932618e-06,0.0009747182080359493,0.00044795550664541333,1.0067333751769837e-09,3.390882675103355e-10,1.1781927393157092e-05,3.8732350761812365e-06,7.280767228116468e-10,2.393506772570172e-10,1.3558082943991115e-17,1.3376496698103903e-17,7.198109256508141e-17,6.624945755383467e-17,5.310400674607375e-14,4.580076019476828e-14,1.944127113879565e-09,1.5775158705867218e-09,4.734030055699575e-12,2.2542023696451494e-12,2.473658884080607e-14,1.1392549767659058e-14,1.020187252530851e-21,3.0645314765922883e-22,1.529419798499585e-14,4.802141633815179e-15,1.9198911446688623e-17,8.5547643668047e-18,7.405393929679446e-17,3.933358082937216e-17,1.007905557943892e-09,5.153796859228416e-10,2.102703167736298e-15,1.036530602803219e-15,1.468492781197969e-16,4.945700063353875e-17,4.771315291664988e-18,1.5325211112314128e-18,5.727437561810703e-14,1.8396225024298746e-14,1.0692849748492029e-10,3.434486504678495e-11,2.834010199203557e-16,9.3210662994784e-17,0.010328643992094787,0.005095155149400346,9.999999999999959e-31,3.4591742963488406e-31,2.1669250394156807e-08,6.9497103058445295e-09,8.55334758361852e-06,2.680503046361841e-06,9.124689318662363e-10,2.9294399711784576e-10,9.776097896953806e-12,3.066756409827075e-12
0.098,1330.149525536186,5.286802116772378,0.2659196318087331,0.3785087554269664,0.05909387298727169,0.40496078197465485,3.679374740337087e-07,5.042832350303501e-06,1.0036233707094548e-12,8.666404732642446e-13,3.8260643939763334e-13,1.6519255897713858e-13,1.0979260008064369e-07,8.918799445189097e-08,0.23643259770737132,0.18131516404848774,2.8581984432117794e-15,1.1963562501422948e-15,5.033215026244808e-13,2.044319715109093e-13,1.2905825638697854e-16,1.4844571512012107e-16,2.1673797372224193e-14,2.2999501426183207e-14,5.735844437735028e-10,5.649286589098641e-10,1.4755004459107235e-11,1.4532341265140814e-11,5.252998602001431e-05,4.826862112132455e-05,0.2217205866948207,0.19093321060611754,0.37005165146791674,0.1825199233494378,0.08624516158911859,0.02707411564731139,1.0811109927287126e-07,5.1471147047866886e-08,4.9547485162003635e-06,2.279739246552285e-06,1.8878681036918355e-09,8.404172016656819e-10,2.4319518779644762e-11,1.0826255223379374e-11,2.5770331724344713e-06,1.1111211968486995e-06,1.8201256219004414e-10,1.004619383811691e-10,0.004449893572890037,0.002361038350095664,6.852832388954561e-07,3.500484071644362e-07,0.0106222102627762,0.005230956891831561,2.3652382814059686e-06,1.1243730845180676e-06,0.0009714324658199776,0.00044631370756269793,9.95734119975258e-10,3.352845154758509e-10,1.1721673750643628e-05,3.8522898337196005e-06,7.220632520671655e-10,2.373037319084333e-10,1.3316064008609154e-17,1.3133841934404112e-17,7.120344385137536e-17,6.551439014809404e-17,5.285703665515567e-14,4.557430123489666e-14,1.9471760627447827e-09,1.5795235770699548e-09,4.707509488427053e-12,2.2409125358671877e-12,2.4405970551015685e-14,1.1236964731677898e-14,9.998723621580144e-22,3.0026213536426405e-22,1.5143102418883398e-14,4.753296743132641e-15,1.8952210560761847e-17,8.442345665801671e-18,7.332294257657935e-17,3.8933819945375716e-17,1.0057541649436318e-09,5.141278229158416e-10,2.0932888661602822e-15,1.0315852750025166e-15,1.4472056439563129e-16,4.8725692168134147e-17,4.676837389954916e-18,1.5017319853960354e-18,5.692275867535899e-14,1.8277891718743357e-14,1.0664040191185225e-10,3.4242221641163544e-11,2.8076999195956123e-16,9.231806407572306e-17,0.010328643990822244,0.0050936514530302715,9.999999999999962e-31,3.4581534156279406e-31,2.1417895722485008e-08,6.867069209005967e-09,8.4996561883098e-06,2.6628907803630836e-06,9.066544190766085e-10,2.9099137075421506e-10,9.61965978337053e-12,3.0167912753156753e-12
0.099,1329.637906353079,5.286949277886319,0.26591222999207503,0.38226939479293237,0.05915363308748196,0.40525223315509173,3.6619648905906176e-07,5.0175090596808525e-06,9.903543606349862e-13,8.549334332586374e-13,3.7690763886663036e-13,1.6268466850140886e-13,1.0888559178971706e-07,8.842543916578005e-08,0.23618690895900274,0.1810739924359752,2.8147083558361537e-15,1.177809433273483e-15,4.974732042175594e-13,2.019977383284045e-13,1.2642248269526165e-16,1.4537163302970436e-16,2.1302078666778482e-14,2.2598461760428877e-14,5.663237138981183e-10,5.576150305593769e-10,1.4560849924036824e-11,1.4336939414871413e-11,5.221355269439186e-05,4.796388280631752e-05,0.22165766809589005,0.190823429953693,0.3704603534819708,0.18266828410467745,0.08622423233653737,0.027059661367696386,1.0787922210304531e-07,5.134579128266403e-08,4.950756335564784e-06,2.277238895188603e-06,1.868881751651046e-09,8.317227655286608e-10,2.4039987146936423e-11,1.0698699677205032e-11,2.559781510159112e-06,1.103361441709921e-06,1.7819698751544727e-10,9.832728090019557e-11,0.004393846320308894,0.002330621569939915,6.758562196650467e-07,3.4513244841344166e-07,0.010543059514051002,0.0051904664318670095,2.3449158486259765e-06,1.1143876354226737e-06,0.0009681877025494846,0.0004446933708131787,9.849618841618372e-10,3.3156067403127395e-10,1.1662382334627999e-05,3.831687494710143e-06,7.16159199956629e-10,2.3529482844578396e-10,1.3080463892162047e-17,1.2897707955859627e-17,7.044114339199629e-17,6.479411785773071e-17,5.2612816768984444e-14,4.535051697121287e-14,1.9501807785745665e-09,1.5815001737365137e-09,4.681355836729991e-12,2.227813530390717e-12,2.4082938005292084e-14,1.108500476308444e-14,9.801559310671113e-22,2.942555470185747e-22,1.4994903061304866e-14,4.705407192169535e-15,1.871105407163438e-17,8.33249367258014e-18,7.26052303153697e-17,3.854149168940818e-17,1.0036220762360456e-09,5.128884919465039e-10,2.083985731081771e-15,1.0267014924636682e-15,1.4264131978570766e-16,4.8011646471479585e-17,4.585167703864199e-18,1.4718680124203169e-18,5.657661047506677e-14,1.8161452009538397e-14,1.0635582260049343e-10,3.414089589098102e-11,2.781870970125153e-16,9.14421572424426e-17,0.010328643989574542,0.005092167787619583,9.999999999999947e-31,3.4571461342056197e-31,2.117173464468858e-08,6.786167082604476e-09,8.446804245094343e-06,2.645561770326034e-06,9.009357022520322e-10,2.8907172003560865e-10,9.467120187190285e-12,2.9680890232001046e-12
0.1,1329.1309890387806,5.28710135009328,0.2659045815932653,0.3860301423287895,0.05921265465276731,0.40553994719152586,3.6447745149371953e-07,4.992519497666434e-06,9.773751578696508e-13,8.434864180345268e-13,3.7134602089214076e-13,1.602380224684717e-13,1.0799446936620526e-07,8.767654734266792e-08,0.23594473410676373,0.18083631916956644,2.772284612648726e-15,1.1597237605594694e-15,4.917492942141508e-13,1.9961614945617985e-13,1.238630232540448e-16,1.423875918843567e-16,2.0939900569748903e-14,2.220785556207777e-14,5.592194555629768e-10,5.504617054980268e-10,1.4370912280536372e-11,1.4145854198764958e-11,5.190171792527568e-05,4.766372022035046e-05,0.22159495973241375,0.19071459521247175,0.3708631290948591,0.18281430908969348,0.08620366598367826,0.027045428776387444,1.0764881370645528e-07,5.122139567343586e-08,4.946863773373677e-06,2.2747941707527574e-06,1.8502705753514317e-09,8.23203337590832e-10,2.376631810254927e-11,1.057386559830471e-11,2.5428190071461217e-06,1.0957348356461491e-06,1.7449489589787751e-10,9.625682099727585e-11,0.004339014109715175,0.0023008752670387574,6.666426386359453e-07,3.4032956616694193e-07,0.010465224121374229,0.00515066586200165,2.3249479731131744e-06,1.1045805111715776e-06,0.000964983088692112,0.0004430940419256474,9.744099015113702e-10,3.2791432731830063e-10,1.160402813534517e-05,3.8114189982535857e-06,7.103615533662229e-10,2.333229020603727e-10,1.285105970720513e-17,1.2667865648381428e-17,6.969376106091239e-17,6.408821881922038e-17,5.237130508225848e-14,4.512936262415002e-14,1.9531423063152564e-09,1.5834464265764032e-09,4.655561334438011e-12,2.214901161311065e-12,2.3767249705136282e-14,1.0936552953412645e-14,9.61014955647283e-22,2.884262259959573e-22,1.4849519484932242e-14,4.658445991216101e-15,1.8475267703159175e-17,8.225126640617256e-18,7.190046096695508e-17,3.815640074413206e-17,1.0015090428060866e-09,5.116614986635564e-10,2.0747918162244565e-15,1.0218781034733685e-15,1.4060998887954135e-16,4.7314313123751823e-17,4.496196650704975e-18,1.4428927617261095e-18,5.623580017279382e-14,1.8046859450971194e-14,1.0607468986015216e-10,3.4040860329709454e-11,2.7565106350682313e-16,9.058249270923333e-17,0.010328643988351007,0.005090703698973351,9.999999999999945e-31,3.456152143722638e-31,2.09306165268565e-08,6.7069526732816765e-09,8.394771663422886e-06,2.6285090659682494e-06,8.95310293357564e-10,2.8718417274457886e-10,9.318349512501181e-12,2.9206071415370986e-12
0.101,1328.628695646138,5.287258137035059,0.265896696529765,0.38979100138815753,0.05927095359099064,0.4058240069565057,3.62779933935399e-07,4.9678568510650265e-06,9.646771072731693e-13,8.322915432692142e-13,3.659170981715725e-13,1.578505927266556e-13,1.0711881872657231e-07,8.694095591109275e-08,0.23570598844035429,0.18060205926837444,2.7308917396488596e-15,1.142083708117458e-15,4.86146010654079e-13,1.972855908097558e-13,1.2137705144366202e-16,1.3949022155450236e-16,2.0586941580461148e-14,2.1827326911678914e-14,5.522669924395355e-10,5.434638214004016e-10,1.4185066261507617e-11,1.3958955401704296e-11,5.159437974119802e-05,4.736802870346963e-05,0.22153246681561756,0.19060669361341434,0.37126012041532214,0.1829580573342608,0.08618345438089087,0.02703141280826337,1.0741987248945544e-07,5.109795317794724e-08,4.943067885612433e-06,2.272403463259043e-06,1.8320239644482408e-09,8.148538885729953e-10,2.3498338797658255e-11,1.045167154789065e-11,2.5261382584027717e-06,1.0882379027625193e-06,1.7090196988837382e-10,9.424809199076212e-11,0.004285360345087479,0.00227177895320171,6.576358959494684e-07,3.3563621478190626e-07,0.010388671292607392,0.005111537605220175,2.305325607495385e-06,1.094947065166395e-06,0.0009618178170986315,0.00044151527934211575,9.640716663662867e-10,3.2434315368316877e-10,1.1546587027839832e-05,3.7914756081803126e-06,7.046674088607471e-10,2.3138692724814465e-10,1.2627638040434379e-17,1.2444095746561499e-17,6.89608821047935e-17,6.339628650220786e-17,5.2132460168609634e-14,4.49107942098199e-14,1.95606165756949e-09,1.5853630763675588e-09,4.630118428027406e-12,2.2021713566963527e-12,2.3458673871315352e-14,1.0791497154796434e-14,9.424275131801422e-22,2.827673548418642e-22,1.4706874144681008e-14,4.6123871335252e-15,1.8244684131786377e-17,8.12016612357199e-18,7.12083040763442e-17,3.7778358285987523e-17,9.994148181501807e-10,5.104466521949836e-10,2.0657052151932834e-15,1.0171139827966688e-15,1.3862507718975269e-16,4.663316355589802e-17,4.409819895313346e-18,1.4147715613049827e-18,5.59002010640986e-14,1.793406910354049e-14,1.0579693583246734e-10,3.394208825808458e-11,2.7316066287587025e-16,8.973863621082442e-17,0.01032864398715097,0.005089258747229345,9.999999999999938e-31,3.455171145550416e-31,2.0694396272989925e-08,6.6293766414560575e-09,8.343538985539219e-06,2.611725941507768e-06,8.897757912150348e-10,2.853278875842238e-10,9.173223485657482e-12,2.874304885293186e-12
0.10200000000000001,1328.130950046922,5.287419450488245,0.2658885843089152,0.39355197519077173,0.059328545321544836,0.40610449271305243,3.6110351975938545e-07,4.9435144891553345e-06,9.52251878014259e-13,8.21341224447957e-13,3.606165676686872e-13,1.5552043534052443e-13,1.0625823996078589e-07,8.621831445094544e-08,0.23547059006684412,0.18037113059941087,2.6904957409649838e-15,1.124874405879024e-15,4.806597376303853e-13,1.9500451173583974e-13,1.1896186727124148e-16,1.3667630438834756e-16,2.0242893505961814e-14,2.1456534795291204e-14,5.454618253129152e-10,5.366167026710412e-10,1.4003191271743487e-11,1.377611773803627e-11,5.1291439156538724e-05,4.707670676322541e-05,0.22147019418554129,0.19049971260613585,0.3716514648712841,0.18309958584961478,0.08616358961374458,0.02701760855338818,1.0719239603306723e-07,5.097545655507314e-08,4.939365836988064e-06,2.2700652220494277e-06,1.8141316946893689e-09,8.066695749666287e-10,2.323588288149273e-11,1.0332039191453272e-11,2.5097321121392034e-06,1.0808672880541271e-06,1.6741409054087393e-10,9.22987416657095e-11,0.004232849824561272,0.0022433129314540132,6.488296472992789e-07,3.3104898774896413e-07,0.010313369302536794,0.0050730646689904945,2.2860400020329964e-06,1.0854828069645847e-06,0.0009586911020333223,0.0004399566538696216,9.539409222807544e-10,3.2084492150710524e-10,1.1490035737404254e-05,3.7718489001282416e-06,6.990739682871748e-10,2.2948591620202852e-10,1.2409994501914272e-17,1.2226188358719687e-17,6.824210655074123e-17,6.271792910357985e-17,5.1896241209989705e-14,4.4694768554469754e-14,1.9589398116860377e-09,1.5872508395561044e-09,4.60501977193227e-12,2.1896201615685488e-12,2.315698801648108e-14,1.064972976709487e-14,9.243727044557053e-22,2.772724370926043e-22,1.4566892269572703e-14,4.567205557393925e-15,1.8019142674593104e-17,8.017536824988424e-18,7.052843991045086e-17,3.7407181759834076e-17,9.973391584722594e-10,5.092437651741152e-10,2.0567240612581e-15,1.0124080313095838e-15,1.3668514851405076e-16,4.596769008655382e-17,4.3259380653831486e-18,1.387471401465268e-18,5.5569690452996814e-14,1.7823037483774456e-14,1.0552249445433203e-10,3.384455372541159e-11,2.7071470802262874e-16,8.891016842965732e-17,0.010328643985973713,0.0050878325064202465,9.999999999999926e-31,3.454202850493847e-31,2.0462934085972247e-08,6.553391477423198e-09,8.293087359824671e-06,2.595205886133203e-06,8.843298780915869e-10,2.8350205293983106e-10,9.031622903646908e-12,2.8291431917363134e-12
0.10300000000000001,1327.6376777955575,5.287585110186762,0.2658802540368159,0.39731306682814294,0.059385444798410535,0.4063814822409426,3.594478027197271e-07,4.919485956646478e-06,9.400914482143476e-13,8.106281625089933e-13,3.554403006634458e-13,1.5324568602115267e-13,1.0541234668414502e-07,8.550828460873705e-08,0.2352384598034143,0.18014345376333576,2.6510640223854134e-15,1.1080816034943503e-15,4.752869983379982e-13,1.927714219592014e-13,1.1661489051679059e-16,1.3394276689268992e-16,1.9907460769683183e-14,2.1095152323977542e-14,5.387996234740529e-10,5.299158512849132e-10,1.3825171165496797e-11,1.3597220614384262e-11,5.0992800040257115e-05,4.6789655933956445e-05,0.22140814628916136,0.1903936398165126,0.3720372953920239,0.18323894970657692,0.08614406399095703,0.027004011249546857,1.069663811584701e-07,5.085389838815574e-08,4.935754895574184e-06,2.2677779528757116e-06,1.7965839102379607e-09,7.986457304203026e-10,2.297879019361655e-11,1.0214893150147957e-11,2.4935936582073204e-06,1.0736197518291118e-06,1.6402732704379352e-10,9.040652623164702e-11,0.004181448686720715,0.0022154582646622773,6.402177938168559e-07,3.2656461203778496e-07,0.010239287481219822,0.005035230636554868,2.267082699180468e-06,1.0761833989479384e-06,0.0009556021807124956,0.0004384177492702624,9.440116500540695e-10,3.174174848396515e-10,1.1434351801702972e-05,3.7525307474677306e-06,6.935785335803022e-10,2.276189169425446e-10,1.2197933249007066e-17,1.2013942468568434e-17,6.753704850413648e-17,6.205276884156131e-17,5.166260797885105e-14,4.448124326692771e-14,1.9617777169372356e-09,1.5891104091428894e-09,4.58025822015789e-12,2.1772437330763304e-12,2.2861978433359925e-14,1.051114748678284e-14,9.068305943905784e-22,2.7193527855312732e-22,1.442950172000983e-14,4.5228770974460656e-15,1.77984889527711e-17,7.917166437472384e-18,6.986055900336234e-17,3.704269460837225e-17,9.952818228027244e-10,5.080526537089983e-10,2.0478465271182274e-15,1.007759175593077e-15,1.3478882200629405e-16,4.5317404863961394e-17,4.244456456435296e-18,1.3609608355571642e-18,5.524414947403651e-14,1.7713722498869452e-14,1.0525130140728038e-10,3.374823150548556e-11,2.6831205152596676e-16,8.809668433876579e-17,0.010328643984818706,0.005086424563851352,9.999999999999917e-31,3.453246978368741e-31,2.0236095294278368e-08,6.478951438676977e-09,8.243398546523653e-06,2.578942604564435e-06,8.789703163895971e-10,2.8170588566958133e-10,8.893433405626785e-12,2.7850846033423783e-12
0.10400000000000001,1327.148806169821,5.287754943117427,0.26587171445371593,0.40107427926871675,0.05944166652813951,0.40665505093168364,3.578123866443753e-07,4.895764968028732e-06,9.28188091599301e-13,8.001453312943723e-13,3.5038433507966e-13,1.5102455655814624e-13,1.0458076548257928e-07,8.48105395926248e-08,0.23500952102316525,0.1799189519468569,2.61256532339337e-15,1.0916916399404514e-15,4.700244482273744e-13,1.9058488858799572e-13,1.1433365470476899e-16,1.3128667239425518e-16,1.95803598400934e-14,2.074286608378557e-14,5.322762173866904e-10,5.233569389284541e-10,1.3650894058003973e-11,1.3422147927085316e-11,5.069836902775767e-05,4.650678067701625e-05,0.2213463272622426,0.19028846309562475,0.37241774064514277,0.1833762021420568,0.0861248700466058,0.026990616279579438,1.0674182396635976e-07,5.073327109653947e-08,4.9322324286501015e-06,2.265540215567117e-06,1.7793711069771202e-09,7.907778576130942e-10,2.2726906483086273e-11,1.0100160864924728e-11,2.4777162176653743e-06,1.066492164657113e-06,1.6073792591346764e-10,8.856930406267366e-11,0.00413112432728952,0.00218819672866713,6.317944673872364e-07,3.221799401439472e-07,0.010166396117213225,0.004998019616545691,2.2484455103055596e-06,1.0670446445672856e-06,0.0009525503088159853,0.00043689816009342015,9.342780562949142e-10,3.1405877923380156e-10,1.1379513529685942e-05,3.733513306287471e-06,6.881785024678158e-10,2.2578501175484654e-10,1.1991266587804447e-17,1.1807165515287311e-17,6.684533558915689e-17,6.140044138494007e-17,5.143152085678675e-14,4.427017674327169e-14,1.9645762921913343e-09,1.5909424559811112e-09,4.555826820107686e-12,2.1650383367767587e-12,2.2573439831977005e-14,1.037565112547261e-14,8.897821622237215e-22,2.6674997151556515e-22,1.4294632890597447e-14,4.479378450461251e-15,1.7582574601405353e-17,7.818985503226615e-18,6.920436177137337e-17,3.6684726040460096e-17,9.932425728452044e-10,5.068731372198042e-10,2.0390708227034437e-15,1.0031663665801907e-15,1.329347698097177e-16,4.468183900189041e-17,4.1652847850910066e-18,1.3352098965423611e-18,5.4923462948700914e-14,1.7606083392898398e-14,1.0498329402470433e-10,3.365309705956614e-11,2.659515839885034e-16,8.729779259560029e-17,0.010328643983685316,0.005085034519534352,9.999999999999915e-31,3.452303257617489e-31,2.0013750014973977e-08,6.40601243527304e-09,8.194454844783767e-06,2.562929993070081e-06,8.736949441852465e-10,2.799386295362726e-10,8.758545200462807e-12,2.742093177299035e-12
0.105,1326.664264026897,5.287928783547325,0.2658629739326102,0.40483561536305185,0.059497224586703513,0.4069252718842555,3.5619688514543794e-07,4.872345402293767e-06,9.165343641903545e-13,7.898859651125062e-13,3.454448668791412e-13,1.4885533086859854e-13,1.0376313537163256e-07,8.412476368321797e-08,0.23478369959915707,0.17969755085511946,2.5749696511465263e-15,1.0756914140920115e-15,4.648688692998098e-13,1.8844353359922934e-13,1.1211580108402968e-16,1.2870521374167286e-16,1.9261318614103707e-14,2.0399375441062945e-14,5.258875912251389e-10,5.169357990626416e-10,1.3480252131243277e-11,1.3250787855245007e-11,5.0408055410032766e-05,4.622798826198365e-05,0.22128474088142663,0.190184170461516,0.37279292514794843,0.18351139460737564,0.08610600052100201,0.026977419162673915,1.0651871991221535e-07,5.061356696540047e-08,4.928795898004436e-06,2.2633506215151304e-06,1.7624841180141598e-09,7.83061621162252e-10,2.2480083149902332e-11,9.987772471424515e-12,2.4620933336396915e-06,1.059481502927198e-06,1.5754230258866422e-10,8.678503078423104e-11,0.004081845368728644,0.0021615107936610576,6.235540238942642e-07,3.1789194621618305e-07,0.010094666479466012,0.004961416251215187,2.230120517685434e-06,1.0580624886478885e-06,0.000949534763887302,0.0004353974931414546,9.24734563630816e-10,3.107668181597763e-10,1.1325499974996384e-05,3.7147890052921355e-06,6.828713642432143e-10,2.2398331566111223e-10,1.1789814550294973e-17,1.1605672951722323e-17,6.616660833573377e-17,6.076059523752123e-17,5.120294081876032e-14,4.406152814319034e-14,1.9673364275370085e-09,1.592747629255251e-09,4.531718805909442e-12,2.15300034275845e-12,2.2291174899015267e-14,1.0243145393742796e-14,8.732092501632902e-22,2.617108785780948e-22,1.4162218590017902e-14,4.436687134307721e-15,1.737125697926681e-17,7.722927275388171e-18,6.855955812912324e-17,3.633311080222141e-17,9.912211732782405e-10,5.05705038521589e-10,2.030395196030267e-15,9.986285797382621e-16,1.311217144503308e-16,4.4060541639998345e-17,4.088336939040053e-18,1.3101900128378868e-18,5.46075192421425e-14,1.750008069386448e-14,1.0471841128297497e-10,3.355912652723262e-11,2.636322325762414e-16,8.651311500404252e-17,0.010328643982572964,0.00508366198573995,9.999999999999919e-31,3.4513714250052814e-31,1.979577306888329e-08,6.334531996467885e-09,8.14623912565719e-06,2.5471621487519805e-06,8.685016731648987e-10,2.781995544206267e-10,8.626852898445237e-12,2.7001344280245486e-12
0.106,1326.1839818556982,5.2881064723016395,0.26585404051553474,0.408597077848485,0.05955213263679808,0.4071922159953753,3.546009213319286e-07,4.849221297640943e-06,9.051230922989868e-13,7.798435474648284e-13,3.406182428377102e-13,1.4673636165391958e-13,1.029591072910086e-07,8.345065177412295e-08,0.23456092374976975,0.17947917856562984,2.5382482196234306e-15,1.060068357546083e-15,4.598171638704403e-13,1.8634603111631662e-13,1.0995907330756799e-16,1.2619570683457883e-16,1.8950075912463942e-14,2.0064391968644764e-14,5.196298762809098e-10,5.106484198649344e-10,1.33131414648769e-11,1.3083032679211416e-11,5.012177105426782e-05,4.595318867655849e-05,0.2212233906513634,0.19008075015346518,0.37316296950119304,0.18364457687283292,0.0860874483659825,0.026964415552820285,1.0629706383808732e-07,5.0494778153974415e-08,4.925442856055812e-06,2.2612078315006204e-06,1.745914098256781e-09,7.754928401383837e-10,2.2238176988365243e-11,9.877660676104474e-12,2.446718761442762e-06,1.0525848440895534e-06,1.5443703156307106e-10,8.505175357170503e-11,0.004033581576944481,0.002135383577648038,6.154910292034167e-07,3.1369771849827676e-07,0.01002407071686242,0.004925405664524346,2.2121000508659353e-06,1.0492330055363671e-06,0.0009465548405046751,0.0004339153651546529,9.153758002005175e-10,3.075396891884032e-10,1.1272290895846387e-05,3.6963505312503034e-06,6.776546956363352e-10,2.222129749279818e-10,1.1593404542609601e-17,1.1409287873989089e-17,6.550051967642641e-17,6.013289122521083e-17,5.09768294516357e-14,4.3855257395307954e-14,1.970058985966136e-09,1.5945265577807752e-09,4.50792759272221e-12,2.1411262222167885e-12,2.2014993952937448e-14,1.011353872961835e-14,8.570945187057465e-22,2.5681261851397436e-22,1.4032193945999127e-14,4.394781454837382e-15,1.7164398908317627e-17,7.62892759300264e-18,6.792586713480563e-17,3.598768896412826e-17,9.892173915216153e-10,5.045481836253313e-10,2.021817930779554e-15,9.94144813625892e-16,1.293484267382501e-16,4.3453079177869073e-17,4.013530750632932e-18,1.2858739319915108e-18,5.429621012730897e-14,1.7395676163096493e-14,1.044565937018107e-10,3.3466296687674595e-11,2.6135295948541016e-16,8.574228595380915e-17,0.010328643981481108,0.005082306586454078,9.999999999999917e-31,3.450451225250935e-31,1.9582043651124867e-08,6.264469159256931e-09,8.098734755167202e-06,2.5316333444339107e-06,8.63388484247886e-10,2.7648795479372885e-10,8.498255247860062e-12,2.6591752401365256e-12
0.107,1325.7078916127657,5.288287856923339,0.26584492190552883,0.4123586693539092,0.05960640394273941,0.40745595204535556,3.53024127534987e-07,4.826386846551926e-06,8.939473604236382e-13,7.700117997646783e-13,3.3590095304571673e-13,1.4466606695657727e-13,1.0216834361340605e-07,8.278790892911531e-08,0.23434112400671595,0.17926376548225692,2.502373390838202e-15,1.0448104084527227e-15,4.548663495993769e-13,1.842911052176983e-13,1.078613120406627e-16,1.2375558409867802e-16,1.8646380916933486e-14,1.9737638813444072e-14,5.13499344191913e-10,5.044909370454237e-10,1.314946185864749e-11,1.2918778591921336e-11,4.983943029745335e-05,4.568229451383229e-05,0.22116227973857053,0.18997819056052748,0.37352799046716617,0.1837757970609402,0.0860692067226532,0.02695160122950478,1.0607685004410333e-07,5.037689672430124e-08,4.922170941687525e-06,2.259110553470539e-06,1.7296525117256052e-09,7.680674818545653e-10,2.2001049958016174e-11,9.769760645478566e-12,2.4315864607027372e-06,1.0457993628193466e-06,1.5141883933170125e-10,8.336760702017897e-11,0.003986303844418385,0.002109798835288223,6.076002543613317e-07,3.095944565044137e-07,0.009954581898195515,0.004889973479536879,2.194376692549979e-06,1.040552401323728e-06,0.0009436098546653459,0.0004324514047382622,9.061965911586958e-10,3.043755508764511e-10,1.1219866734475578e-05,3.678190821043372e-06,6.725261571965577e-10,2.2047316575615028e-10,1.1401870961046728e-17,1.1217840621238808e-17,6.484673438098878e-17,5.951700193044774e-17,5.075314893143559e-14,4.3651325168650785e-14,1.972744803746468e-09,1.596279850287452e-09,4.484446770392878e-12,2.1294125438142317e-12,2.174471455475607e-14,9.986743107755085e-15,8.4142140152496185e-22,2.5205005207044295e-22,1.3904496298953448e-14,4.353640469542283e-15,1.6961868413088892e-17,7.53692475672043e-18,6.730301663771063e-17,3.564830571166478e-17,9.872309980966841e-10,5.034024018592625e-10,2.0133373475416978e-15,9.897140902928217e-16,1.276137233717196e-16,4.285903441405241e-17,3.940787782640462e-18,1.2622356485593477e-18,5.3989430656238544e-14,1.7292832747787836e-14,1.0419778335203766e-10,3.337458495663558e-11,2.591127606405721e-16,8.498495194129763e-17,0.010328643980409122,0.005080967956995295,9.999999999999917e-31,3.4495424107671816e-31,1.9372445295219314e-08,6.195784451397719e-09,8.051925641900433e-06,2.516338042618948e-06,8.583534261849853e-10,2.748031491572664e-10,8.372655008161677e-12,2.6191838245476557e-12
0.108,1325.2359268343266,5.288472790869018,0.2658356255070617,0.41612039240398035,0.059660051382823535,0.407716546762009,3.514661451244837e-07,4.803836392107636e-06,8.830005011780438e-13,7.603846718468739e-13,3.3128962486124553e-13,1.4264292735412544e-13,1.013905177346839e-07,8.21362500066024e-08,0.23412423306993355,0.17905124420139348,2.4673186228945092e-15,1.0299059882909476e-15,4.500135540322256e-13,1.822775275547605e-13,1.0582045042246179e-16,1.213823889613879e-16,1.8349992751049086e-14,1.9418850218157132e-14,5.074924014541162e-10,4.984596279481565e-10,1.298911669202746e-11,1.275792554751892e-11,4.9560949894596296e-05,4.541522090979236e-05,0.2211014110807185,0.18987648029903548,0.37388810118480315,0.18390510174490032,0.08605126892966829,0.02693897209773214,1.058580723190812e-07,5.025991465008607e-08,4.9189778770073285e-06,2.2570575407264554e-06,1.7136911182382477e-09,7.607816553989781e-10,2.1768568963872044e-11,9.664009899886148e-12,2.416690587063445e-06,1.0391223270064367e-06,1.484845954526876e-10,8.173080799169303e-11,0.003939984107471471,0.002084740911969403,5.998766619726064e-07,3.055794637154059e-07,0.009886173901044475,0.004855105761609068,2.1769432531504203e-06,1.032017001219017e-06,0.0009406991379433227,0.00043100524959879035,8.971919495494553e-10,3.0127262945119365e-10,1.1168208581192034e-05,3.6603030486752656e-06,6.674834898382201e-10,2.1876309302726772e-10,1.1215054898232654e-17,1.1031168465431287e-17,6.42049286535125e-17,5.891261127776331e-17,5.053186205712353e-14,4.344969289256885e-14,1.9753946919928875e-09,1.5980080966525605e-09,4.461270099626897e-12,2.1178559712378385e-12,2.1480161229086403e-14,9.862673899900106e-15,8.26174067665855e-22,2.4741827000051144e-22,1.3779065127263645e-14,4.313243961238271e-15,1.676353850208587e-17,7.446859423591577e-18,6.669074298903543e-17,3.5314811170259515e-17,9.852617663795663e-10,5.022675256766578e-10,2.004951801327828e-15,9.85335453840099e-16,1.259164652216108e-16,4.2278005916570006e-17,3.870033134612222e-18,1.239250338810325e-18,5.368707905341295e-14,1.719151454070049e-14,1.0394192376145756e-10,3.328396935053375e-11,2.5691066440185484e-16,8.42407710951447e-17,0.010328643979356565,0.00507964574358436,9.999999999999926e-31,3.4486447413683496e-31,1.916686553933102e-08,6.128439779355775e-09,8.005796148400717e-06,2.5012708668766372e-06,8.533946114247735e-10,2.731444786110722e-10,8.249958700086584e-12,2.5801296362745267e-12
0.109,1324.7680224761511,5.288661133539714,0.2658261584244845,0.41988224942334545,0.05971308746841808,0.40797406492488625,3.4992662411825887e-07,4.7815644214502985e-06,8.722760834869277e-13,7.509563310206691e-13,3.267810158765038e-13,1.4066548273847285e-13,1.0062531356044107e-07,8.149539920123105e-08,0.23391018573976594,0.17884154943553363,2.4330584146432834e-15,1.0153439773073536e-15,4.4525600957315513e-13,1.8030411515247545e-13,1.0383450914355636e-16,1.190737699060581e-16,1.806067996175985e-14,1.910777093987513e-14,5.016055828634278e-10,4.925509046233725e-10,1.2832012752038108e-11,1.2600377079287578e-11,4.928624890080363e-05,4.515188542024174e-05,0.2210407873417217,0.18977560815528643,0.3742434112919424,0.184032535998689,0.08603362851005131,0.02692652418101377,1.0564072397919478e-07,5.014382382881895e-08,4.915861463371612e-06,2.2550475897560525e-06,1.698021960243123e-09,7.536316052541653e-10,2.1540605627219413e-11,9.560348203426022e-12,2.4020254834796462e-06,1.0325510935787382e-06,1.4563130573340117e-10,8.01396516471565e-11,0.003894595318086628,0.002060194726861716,5.923154000014376e-07,3.016501440770037e-07,0.00981882142224794,0.004820789021381709,2.159792770450904e-06,1.0236232488486667e-06,0.0009378220399006439,0.00042957654756193886,8.883570676727126e-10,2.982292156707689e-10,1.1117298148664191e-05,3.6426806156521272e-06,6.625245110832281e-10,2.1708198895495642e-10,1.1032803790606388e-17,1.084911524454137e-17,6.357478957653755e-17,5.831941398045993e-17,5.031293221496519e-14,4.325032271664897e-14,1.9780094374371544e-09,1.599711868460447e-09,4.438391504249635e-12,2.106453258897505e-12,2.1221165099568596e-14,9.74124969655627e-15,8.11337380693949e-22,2.429125802228945e-22,1.3655841941752563e-14,4.273572402194505e-15,1.6569286918511712e-17,7.358674488599063e-18,6.60887906708155e-17,3.4987060187469037e-17,9.83309472712193e-10,5.011433906411757e-10,1.9966596815117687e-15,9.810079701702491e-16,1.242555550830863e-16,4.1709607216975277e-17,3.801195247621656e-18,1.216894295122262e-18,5.338905657253919e-14,1.7091686728202808e-14,1.0368895988334906e-10,3.319442847040186e-11,2.5474573016253077e-16,8.350941266727653e-17,0.01032864397832284,0.005078339602851935,9.999999999999917e-31,3.447757983936246e-31,1.8965195835955967e-08,6.062398394358816e-09,7.960331112634852e-06,2.4864266076538257e-06,8.485102140124027e-10,2.715113060733393e-10,8.130076463808676e-12,2.5419833262716387e-12
0.11,1324.304114889826,5.288852750024706,0.26581652747491874,0.42364424274068857,0.059765524355068406,0.40822856942690794,3.4840522300353135e-07,4.759565562333521e-06,8.617679030475793e-13,7.417211531412744e-13,3.2237200794993776e-13,1.3873232957011998e-13,9.987242512303782e-08,8.086508969575004e-08,0.2336989188465803,0.17863461794085828,2.3995682582165302e-15,1.0011136933633378e-15,4.4059104906736764e-13,1.783697284715218e-13,1.0190159219620375e-16,1.1682747532132817e-16,1.7778220095581334e-14,1.8804155771367444e-14,4.958355462397735e-10,4.867613082018444e-10,1.2678060096208648e-11,1.244604015321623e-11,4.9015248604864834e-05,4.4892207946919697e-05,0.22098041092644047,0.18967556308539407,0.37459402704577327,0.18415814345155873,0.08601627916255412,0.02691425361663336,1.0542479791899804e-07,5.002861610136553e-08,4.912819578125339e-06,2.253079538471156e-06,1.68263735173139e-09,7.466137058901468e-10,2.1317036093426278e-11,9.458717471076155e-12,2.3875856733504766e-06,1.026083105167624e-06,1.4285610545218343e-10,7.85925075145253e-11,0.0038501114023826413,0.002036145749076288,5.849117941274394e-07,2.97803997789296e-07,0.009752499952527841,0.004787010200389386,2.142918502311098e-06,1.0153677023109206e-06,0.0009349779278783004,0.0004281649564042693,8.796873095903008e-10,2.952436620895758e-10,1.1067117748293486e-05,3.6253171422057998e-06,6.576471119877842e-10,2.1542911197263483e-10,1.0854971126638582e-17,1.067153105711492e-17,6.295601469331347e-17,5.773711511815905e-17,5.009632338500739e-14,4.305317750845777e-14,1.9805898032101846e-09,1.601391719617189e-09,4.415805067029414e-12,2.095201249403891e-12,2.0967563592680877e-14,9.622392161003531e-15,7.968968631114405e-22,2.385284966080619e-22,1.3534770205119148e-14,4.234606926359487e-15,1.637899593476328e-17,7.272314986315073e-18,6.549691201956105e-17,3.466491216743489e-17,9.813738964820737e-10,5.000298354128499e-10,1.9884594114887904e-15,9.76730726634604e-16,1.2262993589811725e-16,4.115346616681756e-17,3.734205728459165e-18,1.195144866854932e-18,5.3095267396024276e-14,1.6993315552764777e-14,1.0343883806446727e-10,3.3105941486838596e-11,2.526170472434739e-16,8.279055662629123e-17,0.010328643977307534,0.005077049201504993,9.999999999999927e-31,3.446881912193584e-31,1.876733140288955e-08,5.997624840105099e-09,7.915515835302612e-06,2.4718002175149037e-06,8.436984673215053e-10,2.6990301546038077e-10,8.012921898084539e-12,2.504716687615806e-12
0.111,1323.8441418525817,5.289047510626753,0.2658067392121321,0.42740637459243946,0.059817373854231796,0.40848012133654915,3.469016085185373e-07,4.73783457912442e-06,8.514699731629357e-13,7.326737140341061e-13,3.180596019911998e-13,1.3684211846570252e-13,9.91315562018631e-08,8.024506331664394e-08,0.23349037114881016,0.17843038841967832,2.3668245940117115e-15,9.872048718768483e-16,4.3601610124365975e-13,1.7647326942052048e-13,1.0001988291383133e-16,1.1464134869903283e-16,1.7502399313260236e-14,1.8507769104759932e-14,4.901790674349442e-10,4.810875035681019e-10,1.2527171922786117e-11,1.2294825029225552e-11,4.874787246666763e-05,4.463611066728296e-05,0.22092028403589112,0.1895763342484456,0.3749400514800057,0.1842819663588011,0.0859992147627479,0.026902156653765722,1.0521028663744922e-07,4.9914283259333696e-08,4.9098501716946525e-06,2.2511522645971775e-06,1.6675298668739105e-09,7.397244562545149e-10,2.1097740841399548e-11,9.35906167687432e-12,2.3733658534265198e-06,1.019715886685189e-06,1.4015625238845019e-10,7.708781546427263e-11,0.00380650720500038,0.0020125799664614426,5.776613379974773e-07,2.940386160404769e-07,0.00968718571203028,0.0047537566375371095,2.1263139111247498e-06,1.0072470263376993e-06,0.0009321661839998304,0.0004267701424074025,8.711782035027324e-10,2.923143802896728e-10,1.1017650262911362e-05,3.608206457329104e-06,6.528492542267466e-10,2.138037456764376e-10,1.0681416180442323e-17,1.0498271982830498e-17,6.234831162023243e-17,5.716542974355147e-17,4.9882000150617254e-14,4.285822085377823e-14,1.983136529958487e-09,1.6030481872187023e-09,4.393505025274256e-12,2.0840968709420565e-12,2.071920018927887e-14,9.506025905717761e-15,7.828386641887948e-22,2.3426172882184726e-22,1.3415795263553685e-14,4.196329305492604e-15,1.6192552158282078e-17,7.187727997939376e-18,6.491486695231096e-17,3.4348230907248914e-17,9.794548200100682e-10,4.989267016332796e-10,1.9803494471233004e-15,9.725028310835511e-16,1.2103858914060576e-16,4.0609224350984954e-17,3.668999191217813e-18,1.1739804069718112e-18,5.280561853542772e-14,1.6896368275852097e-14,1.0319150598242107e-10,3.301848811502911e-11,2.505237337475699e-16,8.208389323917071e-17,0.010328643976310116,0.00507577421595407,9.999999999999933e-31,3.4460163064509895e-31,1.8573170999001102e-08,5.934084876641789e-09,7.87133603141444e-06,2.4573867952388866e-06,8.389576610805578e-10,2.6831901064281306e-10,7.898411878649613e-12,2.468302595394804e-12
0.112,1323.388042435433,5.2892452908840175,0.26579679992545263,0.43116864712649733,0.05986864744911179,0.40872877998448237,3.4541545534406675e-07,4.716366367573898e-06,8.4137651487334e-13,7.238087803475148e-13,3.1384091186738614e-13,1.3499355141620585e-13,9.840241989657788e-08,7.963507015285415e-08,0.23328448327678478,0.17822880145696882,2.334804764471499e-15,9.736076453305003e-16,4.3152868653738323e-13,1.7461367952887414e-13,9.818763988575351e-17,1.1251332370499822e-16,1.723301195690856e-14,1.821838444652399e-14,4.846330348409175e-10,4.755262735630123e-10,1.237926442670668e-11,1.214664510894373e-11,4.8484046020629065e-05,4.43835179333394e-05,0.22086040862926418,0.18947791095830094,0.37528158450802357,0.18440404564424895,0.08598242935061705,0.026890229647192072,1.0499718227760046e-07,4.9800817058607535e-08,4.906951264159128e-06,2.249264683814411e-06,1.6526923289852531e-09,7.329604744264446e-10,2.088260449138719e-11,9.261326761687617e-12,2.359360886470849e-06,1.0134470418052723e-06,1.3752912111520803e-10,7.562408239142199e-11,0.0037637584641203093,0.0019894838706855746,5.705596880496583e-07,2.903516780838609e-07,0.00962285566073943,0.004721016072385802,2.1099726639185536e-06,9.99257991883823e-07,0.0009293862074271943,0.00042539178131701614,8.628254345213686e-10,2.894398382541017e-10,1.096887912493253e-05,3.5913425906158683e-06,6.481289668434504e-10,2.122051976619863e-10,1.0512003717935604e-17,1.0329199777068146e-17,6.175139758122913e-17,5.660408241909442e-17,4.9669927671692195e-14,4.2665417025526486e-14,1.9856503364901704e-09,1.6046817920224791e-09,4.371485764564814e-12,2.073137133765322e-12,2.047592410502962e-14,9.392078336629177e-15,7.691495256876624e-22,2.3010817157087906e-22,1.3298864253527611e-14,4.158721917621647e-15,1.6009846323191412e-17,7.104862552355455e-18,6.434242265461119e-17,3.403688441380188e-17,9.775520286484451e-10,4.978338339153373e-10,1.9723282767902628e-15,9.683234116982997e-16,1.1948053293511664e-16,4.007653641387409e-17,3.6055130911477296e-18,1.1533802163572402e-18,5.252001971032905e-14,1.6800813134006134e-14,1.0294691261961188e-10,3.29320486013603e-11,2.4846493538485476e-16,8.138912264486887e-17,0.010328643975330206,0.005074514331904585,9.999999999999954e-31,3.44516095332948e-31,1.838261685069025e-08,5.871745452600188e-09,7.827777850288776e-06,2.443181591301082e-06,8.342861396196359e-10,2.667587147944168e-10,7.78646643530309e-12,2.4327149651245343e-12
0.113,1322.9357570471934,5.289445971122703,0.2657867156622723,0.43493106240563667,0.059919356303581875,0.40897460301120286,3.4394644594141383e-07,4.6951559517202325e-06,8.314819489890227e-13,7.151213020923158e-13,3.0971315981479584e-13,1.3318537966529345e-13,9.76847383050391e-08,7.903486826261937e-08,0.2330811976456251,0.1780297994374287,2.3034869747641937e-15,9.603125257509453e-16,4.27126413118315e-13,1.7278993821366338e-13,9.640319349225867e-17,1.1044141997918955e-16,1.6969860214097142e-14,1.793578403703268e-14,4.791944450638779e-10,4.700745143628777e-10,1.2234256686970257e-11,1.2001416815154665e-11,4.822369682646152e-05,4.4134356215270044e-05,0.22080078647883425,0.18938028271920798,0.37561872305845634,0.1845244209623191,0.08596591713046013,0.026878469055457183,1.0478547665405738e-07,4.9688209228187194e-08,4.904120942722699e-06,2.2474157483660993e-06,1.6381178006683787e-09,7.263184928330066e-10,2.067151563941934e-11,9.165460553368616e-12,2.3455657952427424e-06,1.0072742500505739e-06,1.3497219684632915e-10,7.419987866582008e-11,0.003721841761458497,0.001966844429221495,5.636026547897161e-07,2.867409465307206e-07,0.009559487439246804,0.00468877661443149,2.0938886181826897e-06,9.913974689974244e-07,0.0009266374115372866,0.00042402955698682003,8.546248380433829e-10,2.866185579593455e-10,1.0920788292872552e-05,3.57471976368275e-06,6.434843437435476e-10,2.1063279861415847e-10,1.0346603764587752e-17,1.0164181627248546e-17,6.116499907574168e-17,5.605280687924342e-17,4.946007169870872e-14,4.2474730988892354e-14,1.988131920731992e-09,1.6062930392010984e-09,4.349741815322391e-12,2.0623191280976637e-12,2.0237590074748262e-14,9.280479545780299e-15,7.558167538218457e-22,2.2606389575261225e-22,1.318392604334073e-14,4.12176772658248e-15,1.5830773121928785e-17,7.023669545455744e-18,6.377935334584318e-17,3.373074476314167e-17,9.756653106987253e-10,4.96751079752648e-10,1.964394420051462e-15,9.641916161781167e-16,1.1795482065691516e-16,3.955506955032884e-17,3.543687586161212e-18,1.1333244971747772e-18,5.223838326571937e-14,1.6706619307820497e-14,1.0270500821113492e-10,3.284660370253096e-11,2.464398244884456e-16,8.070595449412443e-17,0.01032864397436728,0.005073269244057023,9.999999999999954e-31,3.444315645556982e-31,1.8195574449801457e-08,5.810574636696294e-09,7.784827830529394e-06,2.4291799931325587e-06,8.296822992690125e-10,2.652215694792608e-10,7.6770085891269e-12,2.3979286989410013e-12
0.114,1322.4872273589317,5.289649436356979,0.26577649223309796,0.4386936224108419,0.05996951127486767,0.40921764643607333,3.4249427030139515e-07,4.674198479563531e-06,8.217808875331385e-13,7.066064046997748e-13,3.056736713534352e-13,1.3141640138091036e-13,9.697824215826824e-08,7.844422334631622e-08,0.23288045839601088,0.17783332648253425,2.272850252602509e-15,9.473103868852905e-16,4.228069731311757e-13,1.710010611377849e-13,9.466494236284416e-17,1.0842373886112686e-16,1.6712753748612324e-14,1.7659758436176978e-14,4.738603982026386e-10,4.647292304859362e-10,1.2092070542698566e-11,1.1859059460560489e-11,4.796675439205224e-05,4.3888554019542107e-05,0.2207414191593912,0.18928343920349616,0.37595156117758516,0.18464313074174724,0.08594967246281637,0.026866871436298678,1.0457516128487183e-07,4.957645148071191e-08,4.901357358767205e-06,2.245604445460423e-06,1.6237995739784406e-09,7.197953534880698e-10,2.046436668798272e-11,9.071412685492907e-12,2.331975756075907e-06,1.0011952637107965e-06,1.3248307018449513e-10,7.28138350878616e-11,0.003680734493447763,0.0019446490686009428,5.567861971268051e-07,2.8320426421281036e-07,0.009497059359756168,0.004657026737072208,2.07805581813707e-06,9.836624246450292e-07,0.0009239192246462904,0.0004226831616451931,8.465723933189934e-10,2.838491130393907e-10,1.0873362231064994e-05,3.5583323826433124e-06,6.389135409332697e-10,2.0908590131550155e-10,1.0185091354146444e-17,1.0003089891301829e-17,6.058885148632079e-17,5.551134563849234e-17,4.925239855755891e-14,4.2286128381172514e-14,1.990581960400591e-09,1.6078824188462277e-09,4.3282678477113064e-12,2.051640021243931e-12,2.0004058094280747e-14,9.17116218488331e-15,7.428281901880784e-22,2.2212513932455575e-22,1.3070931158685778e-14,4.085450256627566e-15,1.5655231025987665e-17,6.944101654894866e-18,6.32254400108723e-17,3.3429687942463764e-17,9.737944574530392e-10,4.95678289488266e-10,1.956546427304611e-15,9.601066114013542e-16,1.16460539337537e-16,3.904450293313852e-17,3.483465396369978e-18,1.113794305737112e-18,5.196062407057329e-14,1.6613756884928308e-14,1.0246574421415638e-10,3.276213467134482e-11,2.444475989821572e-16,8.003410757447947e-17,0.010328643973420969,0.0050720386557613455,9.999999999999943e-31,3.4434801817336394e-31,1.8011952451985966e-08,5.750541581481512e-09,7.742472901090572e-06,2.4153775247771633e-06,8.251445865376186e-10,2.6370703398941524e-10,7.569964230473728e-12,2.3639196446838024e-12
0.115,1322.042396249764,5.28985557616261,0.2657661352179278,0.44245632904455207,0.06001912292432175,0.40945796471628615,3.4105862573427656e-07,4.653489219366781e-06,8.1226812586103e-13,6.982593816984323e-13,3.0171987066708727e-13,1.2968545953640933e-13,9.628267048992995e-08,7.786290844935214e-08,0.23268221133951078,0.177639328392877,2.2428744110307715e-15,9.345924476856845e-16,4.185681391978986e-13,1.6924609868185102e-13,9.297135008857809e-17,1.0645845942110479e-16,1.6461509360271784e-14,1.7390106141279512e-14,4.686280935145911e-10,4.5948753020238053e-10,1.1952630479274757e-11,1.1719495127051433e-11,4.771315010670626e-05,4.364604181731277e-05,0.22068230804505187,0.1891873702372359,0.37628019012470654,0.1847602122271197,0.08593368985633573,0.026855433442299223,1.043662274242916e-07,4.9465535523844074e-08,4.898658725273545e-06,2.243829795865594e-06,1.6097311614217437e-09,7.13388003627542e-10,2.026105369074962e-11,8.979134522728802e-12,2.3185860931841915e-06,9.952079050957187e-07,1.3005943214575592e-10,7.146464000680573e-11,0.00364041484266464,0.001922885657891526,5.501064168456947e-07,2.797395511300342e-07,0.009435550394199755,0.004625755270256705,2.0624684904736714e-06,9.760499203131348e-07,0.0009212310904170428,0.0004213522960214221,8.386642175096288e-10,2.8113012662612513e-10,1.0826585891208534e-05,3.5421750312463217e-06,6.344147740549801e-10,2.075638797578947e-10,1.0027346296844167e-17,9.845801856244666e-18,6.002269872209477e-17,5.497944963437338e-17,4.9046875140565854e-14,4.2099575497463486e-14,1.9930011136238276e-09,1.6094504064423442e-09,4.307058667255233e-12,2.0410970550728618e-12,1.977519318567879e-14,9.064061350092296e-15,7.301721848985582e-22,2.182882988622622e-22,1.2959831715766163e-14,4.049753569535787e-15,1.5483122120896304e-17,6.866113261534521e-18,6.268047015618023e-17,3.3133593706081896e-17,9.719392632417155e-10,4.946153162914934e-10,1.9487828794479417e-15,9.560675831066652e-16,1.149968082034337e-16,3.85445271876131e-17,3.4247916745319377e-18,1.0947715090190683e-18,5.168665942804208e-14,1.6522196827030566e-14,1.022290732805754e-10,3.267862324393558e-11,2.424874814365372e-16,7.937330946665472e-17,0.010328643972490828,0.00507082227871425,9.999999999999945e-31,3.442654366126347e-31,1.7831662574253284e-08,5.6916164870639374e-09,7.70070037885113e-06,2.4017698455002333e-06,8.206714964059765e-10,2.6221458472479233e-10,7.465262003810485e-12,2.33066455729742e-12
0.116,1321.6012078569652,5.29006428420822,0.26575564998983026,0.44621918413357187,0.06006820152650424,0.40969561079408884,3.396392166973067e-07,4.6330235564995765e-06,8.029386356560709e-13,6.900756881738877e-13,2.978492764884906e-13,1.2799144001642591e-13,9.559777034419243e-08,7.72907036975056e-08,0.23248640386692754,0.17744775256267567,2.2135400144484013e-15,9.22150257201114e-16,4.1440776085886894e-13,1.6752413439753102e-13,9.132094229041014e-17,1.0454383491178994e-16,1.6215950699774095e-14,1.7126633264479543e-14,4.6349482562705926e-10,4.543466214974087e-10,1.1815863529727468e-11,1.158264856040866e-11,4.746281719524457e-05,4.340675199233753e-05,0.22062345436943356,0.18909206584036783,0.3766046985094823,0.18487570154086644,0.08591796397185,0.026844151820383036,1.0415866607797979e-07,4.935545306341289e-08,4.8960233145388916e-06,2.242090852647359e-06,1.595906286947077e-09,7.070934913602794e-10,2.006147620409421e-11,8.888579089521783e-12,2.3053922729421496e-06,9.893100637911683e-07,1.2769906871150557e-10,7.015103618881998e-11,0.003600861727262489,0.0019015424806324845,5.435595502645739e-07,2.7634479998007847e-07,0.009374940109279131,0.004594951367179673,2.0471210292730955e-06,9.685571045040165e-07,0.0009185724645180911,0.0004200366677593882,8.308965597054549e-10,2.7846026918496116e-10,1.0780444689153898e-05,3.5262424624921324e-06,6.299863160347564e-10,2.0606612829485226e-10,9.873252982582475e-18,9.692199531926507e-18,5.946629292604262e-17,5.445687793044363e-17,4.8843468917062323e-14,4.1915039293350615e-14,1.995390019947094e-09,1.6109974636491197e-09,4.286109211462973e-12,2.030687543995401e-12,1.9550865199553676e-14,8.959114484241802e-15,7.178375725610613e-22,2.1454992199492645e-22,1.2850581365032692e-14,4.014662245140043e-15,1.5314351959502184e-17,6.7896603793032494e-18,6.214423759403797e-17,3.2842345446936625e-17,9.700995252604106e-10,4.935620160236055e-10,1.9411023862192925e-15,9.520737349289373e-16,1.1356277747653864e-16,3.805484395592592e-17,3.3676138847706436e-18,1.0762387439496247e-18,5.141640899668959e-14,1.6431910940635095e-14,1.019949491952681e-10,3.259605161611253e-11,2.405587181560822e-16,7.872329621278768e-17,0.010328643971576512,0.005069619832660516,9.99999999999994e-31,3.4418380084659084e-31,1.765461939348192e-08,5.6337705334000715e-09,7.659497917747715e-06,2.3883527333148183e-06,8.162615697172457e-10,2.6074371428816344e-10,7.362833153673288e-12,2.2981410482426083e-12
0.117,1321.1636074357393,5.290275458410453,0.26574504170717717,0.44998218943209367,0.060116757081497225,0.40993063616509007,3.382357545346814e-07,4.612796989106253e-06,7.937875571199789e-13,6.820509335623961e-13,2.9405949756842305e-13,1.2633326955080845e-13,9.49232964367568e-08,7.67273959955756e-08,0.23229298492216782,0.17725854794436552,2.1848283433231925e-15,9.099756789763228e-16,4.103237614746383e-13,1.6583428365256188e-13,8.971230349313208e-17,1.0267818900894622e-16,1.5975907926189122e-14,1.6869153150726857e-14,4.584579802028296e-10,4.4930380751533835e-10,1.1681699159835118e-11,1.1448447049477826e-11,4.7215690635348316e-05,4.317061875557589e-05,0.22056485917275542,0.18899751616965,0.37692517235188155,0.1849896337067254,0.08590248960721268,0.026833023405277517,1.0395246803754268e-07,4.924619581568406e-08,4.8934494554763255e-06,2.2403866997172445e-06,1.5823188776074596e-09,7.009089616328492e-10,1.9865537139875864e-11,8.799700999613196e-12,2.292389898383108e-06,9.834996940195243e-07,1.2539985691769518e-10,6.887181853847369e-11,0.0035620547922883285,0.0018806082289661112,5.37141965387771e-07,2.730180744947295e-07,0.00931520869403437,0.004564604516402955,2.0320079999727306e-06,9.611812142642195e-07,0.0009159428177420425,0.0004187359927871776,8.232657955763629e-10,2.7583825657065596e-10,1.0734924490927122e-05,3.510529593298493e-06,6.256264946709628e-10,2.045920607779082e-10,9.722700150474704e-18,9.542169412489383e-18,5.89193940985883e-17,5.3943397343959547e-17,4.8642147903215684e-14,4.173248735272632e-14,1.9977493006585928e-09,1.6125240385284043e-09,4.26541454452195e-12,2.0204088720394782e-12,1.9330948581011592e-14,8.85626126277046e-15,7.058136471281794e-22,2.109066995268384e-22,1.2743135222632888e-14,3.980161358100717e-15,1.5148829400841766e-17,6.714700578928784e-18,6.161654219052544e-17,3.2555830049606006e-17,9.682750437343442e-10,4.925182472752659e-10,1.933503586677967e-15,9.48124288489674e-16,1.1215762686483424e-16,3.7575165359317095e-17,3.3118816857155046e-18,1.0581793782400674e-18,5.114979469481645e-14,1.634287184252917e-14,1.0176332687100449e-10,3.2514402437880576e-11,2.386605782693591e-16,7.808381198704338e-17,0.010328643970677573,0.0050684310450878406,9.999999999999938e-31,3.4410309237399503e-31,1.7480740326599936e-08,5.576975870747209e-09,7.618853541897461e-06,2.3751220947287645e-06,8.119133922332226e-10,2.5929393111493066e-10,7.262611449211034e-12,2.266327559586256e-12
0.11800000000000001,1320.7295414209789,5.290489000472211,0.26573431533687325,0.45374534662439037,0.060164799322262,0.4101630909164322,3.368479573433492e-07,4.592805125561587e-06,7.848101928250613e-13,6.74180875905679e-13,2.903482290251428e-13,1.247099140348873e-13,9.425901090250932e-08,7.617277879806848e-08,0.23210190491842964,0.1770716649711853,2.1567213642442064e-15,8.980608777358186e-16,4.063141350644777e-13,1.6417569225719002e-13,8.81440745472685e-17,1.0085991269168654e-16,1.5741217457711975e-14,1.6617486095631696e-14,4.535150306246028e-10,4.443564830232157e-10,1.1550069181839312e-11,1.1316820333933433e-11,4.697170712105068e-05,4.293757810280638e-05,0.2205065233633234,0.18890371156158134,0.37724169520748463,0.18510204270689962,0.0858872617012498,0.026822045119227797,1.037476238962467e-07,4.9137755511243475e-08,4.890935531643816e-06,2.238716450742025e-06,1.5689630556020801e-09,6.948316523863626e-10,1.96731426345758e-11,8.712456393161728e-12,2.2795747042224367e-06,9.77774812247229e-07,1.2315975993195732e-10,6.762583127289516e-11,0.00352397436160512,0.001860071977045397,5.308501541951124e-07,2.697575053171886e-07,0.009256336897099288,0.00453470450980234,2.0171241249485524e-06,9.539195680363156e-07,0.0009133416326803699,0.000417449993745095,8.15768422063651e-10,2.7326284810721174e-10,1.069001159182579e-05,3.495031496964871e-06,6.213336905677327e-10,2.0314110981134656e-10,9.575580716656512e-18,9.395602295854004e-18,5.838176984428095e-17,5.3438782188179594e-17,4.8442880676073055e-14,4.155188789414925e-14,2.000079559710956e-09,1.6140305662659391e-09,4.244969854597491e-12,2.010258491194158e-12,1.9115322190662084e-14,8.755443505347679e-15,6.940901405988398e-22,2.0735545873531555e-22,1.2637449819377332e-14,3.9462364602796645e-15,1.498646648132889e-17,6.6411929263281145e-18,6.10971896771202e-17,3.22739377778704e-17,9.66465621751298e-10,4.91483871241028e-10,1.9259851476465767e-15,9.44218482500079e-16,1.1078056451891602e-16,3.71052136185942e-17,3.2575468219373065e-18,1.0405774739904283e-18,5.088674063286968e-14,1.625505293454741e-14,1.0153416229144504e-10,3.243365879178127e-11,2.3679235292512e-16,7.745460880314151e-17,0.010328643969793673,0.005067255650973024,9.999999999999943e-31,3.4402329320205216e-31,1.730994544193858e-08,5.52120555644224e-09,7.578755595792789e-06,2.362073948672321e-06,8.076255922446812e-10,2.5786475864641817e-10,7.164533043269744e-12,2.2352033178088592e-12
0.11900000000000001,1320.2989573365717,5.2907048158860395,0.26572347565421683,0.4575086573275113,0.06021233772575621,0.4103930237870956,3.3547554972001346e-07,4.573043680293527e-06,7.760020006993064e-13,6.66461415379216e-13,2.86713248609889e-13,1.2312037681882388e-13,9.36046829872858e-08,7.562665183525007e-08,0.2319131156968879,0.1768870555111049,2.129201698558749e-15,8.863983055184472e-16,4.0237694335070926e-13,1.6254753517753782e-13,8.661494988281726e-17,9.908746093970191e-17,1.5511721675877382e-14,1.6371459015104828e-14,4.486635341532376e-10,4.395021303699833e-10,1.1420907652346202e-11,1.1187700496850774e-11,4.673080499060178e-05,4.270756773966563e-05,0.22044844769508748,0.18881064250195667,0.37755434824290446,0.18521296151307376,0.08587227532498733,0.026811213967541166,1.035441240676075e-07,4.903012389990465e-08,4.888479978953717e-06,2.2370792478941643e-06,1.5558331304156356e-09,6.88858890766681e-10,1.9484201914056916e-11,8.626802872108582e-12,2.26694255171734e-06,9.721334947256452e-07,1.2097682327997178e-10,6.64119657344019e-11,0.0034866014213608973,0.001839923171152036,5.246807286957821e-07,2.6656128780237677e-07,0.009198306028174208,0.004505241442016636,2.002464282117644e-06,9.46769564679703e-07,0.0009107684048651253,0.00041617840045498066,8.084010523610585e-10,2.7073284476985577e-10,1.0645692701640672e-05,3.4797433976418723e-06,6.171063350389731e-10,2.0171272599892868e-10,9.43179157483562e-18,9.252393077034416e-18,5.785319504309372e-17,5.294281394646777e-17,4.824563634964315e-14,4.137320974445827e-14,2.002381384203582e-09,1.615517469523199e-09,4.2247704489518865e-12,2.0002339187187112e-12,1.8903869118109493e-14,8.656605084325982e-15,6.826572016351029e-22,2.038931566625713e-22,1.2533483045822655e-14,3.912873561950031e-15,1.4827178272235324e-17,6.5690979151088085e-18,6.058599142083538e-17,3.1996562140705855e-17,9.646710653101154e-10,4.904587517004379e-10,1.9185457634616238e-15,9.403555725028403e-16,1.0943082572924879e-16,3.664472058904673e-17,3.2045630256510833e-18,1.0234177546756382e-18,5.062717302767401e-14,1.61684283725486e-14,1.0130741249016526e-10,3.235380418259011e-11,2.3495335443389457e-16,7.683544620479647e-17,0.010328643968924406,0.005066093392489696,9.999999999999952e-31,3.4394438582657207e-31,1.7142157394499126e-08,5.466433531339756e-09,7.539192752832748e-06,2.349204428623229e-06,8.033968392918504e-10,2.5645573485855675e-10,7.068536389661248e-12,2.2047483058822608e-12
0.12,1319.8718037881326,5.290922813754811,0.265712527251941,0.4612721230938499,0.06025938151955465,0.4106204822044638,3.3411826265332315e-07,4.5535084716893125e-06,7.673585883279459e-13,6.588885889863846e-13,2.8315241299609833e-13,1.2156369701524513e-13,9.296008881792387e-08,7.508882090491075e-08,0.23172657048187498,0.17670467282144947,2.1022525949637453e-15,8.749806895196239e-16,3.985103131716978e-13,1.6094901540552238e-13,8.512367511456218e-17,9.735934984435552e-17,1.5287268679950873e-14,1.6130905169300504e-14,4.4390112879381537e-10,4.347383161613164e-10,1.1294150790385828e-11,1.106102187761038e-11,4.6492924186412655e-05,4.24805270371063e-05,0.22039063277999224,0.18871829962862724,0.37786321031265657,0.18532242212121486,0.08585752567601827,0.026800527035600426,1.0334195881822886e-07,4.892329276327213e-08,4.88608128366039e-06,2.235474260773573e-06,1.5429235921263486e-09,6.829880898792e-10,1.9298627178744185e-11,8.542699444978057e-12,2.2544894244568632e-06,9.665738754587092e-07,1.1884917096870947e-10,6.522915815464671e-11,0.0034499175924197945,0.0018201516140751194,5.186304162626288e-07,2.634276794659763e-07,0.009141097940485845,0.004476205700704968,1.9880235001113276e-06,9.397286808982734e-07,0.000908222642566651,0.00041492094978336615,8.011604114744678e-10,2.6824708757247884e-10,1.0601954929867356e-05,3.464660664885301e-06,6.129429081713836e-10,2.003063772492726e-10,9.291233428722043e-18,9.112440573539859e-18,5.733345159851661e-17,5.245528101884792e-17,4.805038457889632e-14,4.119642233722969e-14,2.0046553448934168e-09,1.6169851588383166e-09,4.204811751394765e-12,1.990332735604448e-12,1.869647649168098e-14,8.559691831952255e-15,6.715053753356268e-22,2.0051687377667725e-22,1.2431194097789552e-14,3.880059113289004e-15,1.4670882759619382e-17,6.4983774093658996e-18,6.00827642502694e-17,3.1723599788947444e-17,9.628911833388675e-10,4.894427549930634e-10,1.9111841556491273e-15,9.365348305974114e-16,1.0810767187998431e-16,3.619342738350354e-17,3.152885914816175e-18,1.0066855710996362e-18,5.037102013922999e-14,1.6082973043028255e-14,1.0108303552722026e-10,3.2274822526884065e-11,2.331429155843209e-16,7.622609101597483e-17,0.010328643968069448,0.005064944018806626,9.999999999999952e-31,3.4386635321827172e-31,1.6977301332781028e-08,5.4126345874076024e-09,7.5001540060577075e-06,2.3365097792413896e-06,7.992258427428994e-10,2.550664117522358e-10,6.97456214328144e-12,2.1749432301478065e-12
0.121,1319.4480304565259,5.291142906532794,0.26570147455325177,0.465035745413528,0.06030593969114596,0.4108455123328392,3.327758333077309e-07,4.534195418477997e-06,7.588757069204726e-13,6.514585649764576e-13,2.7966365465632955e-13,1.200389480629249e-13,9.232501113682088e-08,7.455909763534048e-08,0.23154222381322906,0.17652447148376113,2.0758579021814037e-15,8.6380101999708e-16,3.9471243362226674e-13,1.5937936272064233e-13,8.366904470265036e-17,9.567415379048092e-17,1.5067712046836093e-14,1.5895663893078763e-14,4.392255300471875e-10,4.30062687828809e-10,1.1169736891469859e-11,1.093672098106423e-11,4.6258006201549125e-05,4.225639697423256e-05,0.22033307911496763,0.18862667374406483,0.37816835806269833,0.18543045559655752,0.0858430080798128,0.02678998148766508,1.031411182710122e-07,4.881725391259209e-08,4.8837379804661574e-06,2.233900685354912e-06,1.5302291039422451e-09,6.772167452054826e-10,1.9116333480429282e-11,8.460106468062267e-12,2.24221142350542e-06,9.610941438888175e-07,1.167750015575823e-10,6.407638739587253e-11,0.003413905097806595,0.001800747446889145,5.126960537628051e-07,2.603549968277744e-07,0.009084694991795874,0.00444758794628458,1.973796948694675e-06,9.32794466420284e-07,0.0009057038649820275,0.00041367738476475466,7.940433314235731e-10,2.658044558375154e-10,1.0558785768133233e-05,3.4497788072741412e-06,6.088419369428031e-10,1.9892154809921497e-10,9.153810628659564e-18,8.97564735534099e-18,5.682232817167441e-17,5.197597845608489e-17,4.78570955511454e-14,4.1021495699940984e-14,2.0069019969483884e-09,1.6184340331968299e-09,4.185089298349359e-12,1.9805525843636235e-12,1.849303532834252e-14,8.46465146615997e-15,6.6062558508925485e-22,1.9722380826916858e-22,1.2330543431687767e-14,3.847779988946576e-15,1.4517500722450662e-17,6.42899458579331e-18,5.958733025650468e-17,3.145495039871343e-17,9.611257875675119e-10,4.884357499130413e-10,1.903899071649064e-15,9.327555446888533e-16,1.0681038940492084e-16,3.575108399696692e-17,3.1024729065124138e-18,9.903668723076535e-19,5.011821219734276e-14,1.5998662536373397e-14,1.0086099044233172e-10,3.219669813475115e-11,2.313603888451787e-16,7.56263170538334e-17,0.0103286439672284,0.00506380728581271,9.99999999999996e-31,3.4378917880411075e-31,1.6815304762350755e-08,5.3597843215855134e-09,7.461628639228051e-06,2.323986346865709e-06,7.951113498948856e-10,2.536963546898771e-10,6.882553053914381e-12,2.1457694853043906e-12
0.122,1319.0275880312888,5.291365009989871,0.2656903218136586,0.4687995257167539,0.06035202099740581,0.41106815912464445,3.31448004826045e-07,4.515100536409049e-06,7.505492454192736e-13,6.441676374077535e-13,2.762449784071658e-13,1.1854523615362112e-13,9.16992390441185e-08,7.40372992557967e-08,0.23136003150659376,0.1763464073609896,2.0500020423693538e-15,8.528525385262643e-16,3.909815535448439e-13,1.578378325984187e-13,8.224989965615662e-17,9.403050269634763e-17,1.4852910583606717e-14,1.5665580319665345e-14,4.34634527670498e-10,4.254729702226256e-10,1.1047606241948883e-11,1.0814736387384961e-11,4.602599402161354e-05,4.203512007741433e-05,0.22027578706820353,0.1885357557939171,0.37846986600123306,0.18553709210314878,0.08582871798259696,0.026779574563168707,1.0294159242557509e-07,4.8711999195011015e-08,4.881448650519647e-06,2.2323577428993934e-06,1.5177444954743019e-09,6.715424313625912e-10,1.8937238607075645e-11,8.378985590400668e-12,2.230104762935066e-06,9.55692542763356e-07,1.1475258484784542e-10,6.295267303811387e-11,0.0033785467444620936,0.0017817011383455931,5.068745839628346e-07,2.5734161342092707e-07,0.009029080042169001,0.004419379109742361,1.9597799369542715e-06,9.259645428681189e-07,0.0009032116030587838,0.00041244745493232546,7.870467469201731e-10,2.634038656327951e-10,1.0516173076447138e-05,3.4350934673179335e-06,6.04801993302102e-10,1.9755773902827498e-10,9.019431004764104e-18,8.841919572009719e-18,5.63196199052543e-17,5.1504707685758546e-17,4.766573996991686e-14,4.08484004350257e-14,2.0091218804117584e-09,1.6198644803738942e-09,4.165598734947538e-12,1.970891166852948e-12,1.829344035447193e-14,8.371433503342942e-15,6.500091139101692e-22,1.940112702159986e-22,1.223149271070601e-14,3.8160234698489325e-15,1.4366955611869733e-17,6.360913876531847e-18,5.909951659848203e-17,3.1190516557847324e-17,9.593746925414266e-10,4.874376076780905e-10,1.8966892845397495e-15,9.290170182345646e-16,1.0553828869722361e-16,3.531744891729292e-17,3.0532831272099416e-18,9.744481755986603e-19,4.986868132741596e-14,1.5915473120049813e-14,1.0064123723232068e-10,3.2119415699467706e-11,2.2960514563335387e-16,7.503590486473814e-17,0.01032864396640097,0.005062682955865095,9.999999999999964e-31,3.4371284645018283e-31,1.6656097484064908e-08,5.3078591136052815e-09,7.42360623138458e-06,2.3116305804736147e-06,7.910521447770396e-10,2.5234514195969295e-10,6.792453887740395e-12,2.117209128151726e-12
0.123,1318.6104282058222,5.291589043041756,0.2656790731295359,0.4725634653760602,0.06039763397053892,0.4112884663527742,3.301345262059966e-07,4.4962199360192104e-06,7.423752254422805e-13,6.370122214545767e-13,2.728944585041867e-13,1.1708169890154258e-13,9.10825677893071e-08,7.352324840879891e-08,0.2311799506116342,0.1761704375556607,2.0246699875990397e-15,8.421287275812643e-16,3.873159792284271e-13,1.5632370520878065e-13,8.086512548602283e-17,9.242707954805052e-17,1.4642728116040832e-14,1.5440505143357934e-14,4.3012598293077295e-10,4.2096696270453406e-10,1.0927701046465547e-11,1.0695008675200502e-11,4.579683208622303e-05,4.181664037814954e-05,0.22021875689349787,0.18844553687216364,0.3787678065691693,0.18564236093553182,0.08581465094704922,0.026769303574265685,1.0274337117856857e-07,4.860752050047327e-08,4.8792119197348235e-06,2.230844679046829e-06,1.5054647567724386e-09,6.659627992213966e-10,1.876126298160967e-11,8.299299705260479e-12,2.2181657661125757e-06,9.503673663464631e-07,1.1278025859217818e-10,6.185707348405634e-11,0.003343825899400778,0.0017630034713828739,5.01163051219554e-07,2.5438595745020525e-07,0.008974236433817737,0.004391570381769581,1.9459679079432214e-06,9.192366009766779e-07,0.0009007453989096052,0.0004112309160114029,7.801676914812478e-10,2.610442683631535e-10,1.0474105070394288e-05,3.4206004167413403e-06,6.008216925916568e-10,1.9621446589029622e-10,8.888005723154113e-18,8.711166803146128e-18,5.582512820096791e-17,5.104127628901195e-17,4.747628905447267e-14,4.067710771502909e-14,2.011315520679373e-09,1.6212768773064594e-09,4.146335812428872e-12,1.9613462427518062e-12,1.80975898618326e-14,8.279989187630143e-15,6.396475880567079e-22,1.9087667643917647e-22,1.213400476348886e-14,3.784777229015531e-15,1.4219173447495975e-17,6.294100919843418e-18,5.861915534422611e-17,3.093020367217977e-17,9.576377156148302e-10,4.864482018954293e-10,1.8895535925276104e-15,9.253185698916459e-16,1.0429070320065522e-16,3.489228879838576e-17,3.005277333283891e-18,9.589165399042017e-19,4.96223614944942e-14,1.58333817179464e-14,1.004237368275279e-10,3.2042960287354786e-11,2.2787657569192715e-16,7.445464149837511e-17,0.010328643965586859,0.005061570797605556,9.99999999999997e-31,3.436373404492552e-31,1.649961150299623e-08,5.256836094656558e-09,7.3860766440811e-06,2.299439027288468e-06,7.870470468465319e-10,2.510123643111162e-10,6.704211342462195e-12,2.0892448494668062e-12
0.124,1318.196503623793,5.291814927710511,0.2656677324401413,0.4763275657085133,0.06044278692599227,0.4115064766536233,3.2883515213496524e-07,4.477549819819009e-06,7.343497960438969e-13,6.299888485717987e-13,2.696102356188035e-13,1.156475039658813e-13,9.047479854478061e-08,7.301677294823612e-08,0.23100193937809688,0.17599652037314192,1.9998472362575686e-15,8.316233001129068e-16,3.837140721783672e-13,1.548362844456824e-13,7.951365016525909e-17,9.08626179489802e-17,1.4437033268869577e-14,1.5220294374178826e-14,4.2569782573244245e-10,4.1654253612578006e-10,1.080996535186621e-11,1.0577480341485809e-11,4.557046623908725e-05,4.1600903360510895e-05,0.22016198871980497,0.1883560082039278,0.3790622502015093,0.18574629054469627,0.08580080264554119,0.026759165902459466,1.025464443441226e-07,4.8503809768412346e-08,4.877026457020893e-06,2.2293607628567323e-06,1.4933850323692524e-09,6.604755730355538e-10,1.858832955975859e-11,8.22101290132634e-12,2.206390861808467e-06,9.451169585567418e-07,1.1085642554276825e-10,6.078868425457906e-11,0.0033097264733908463,0.0017446455336375976,4.955585982154054e-07,2.5148650998669155e-07,0.008920147988630419,0.004364153210564804,1.932356436933468e-06,9.126083995210223e-07,0.0008983048065251271,0.00041002753020420664,7.734032936041842e-10,2.587246493864508e-10,1.0432570309232239e-05,3.4062955520625354e-06,5.968996918780091e-10,1.948912593162471e-10,8.759449137850795e-18,8.583301904987054e-18,5.533866047589566e-17,5.058549775859255e-17,4.728871452737371e-14,4.0507589267385345e-14,2.0134834288983354e-09,1.622671590390317e-09,4.1272963848056085e-12,1.9519156276911375e-12,1.7905385551971208e-14,8.190271415061678e-15,6.295329606351769e-22,1.878175453776539e-22,1.2038043537773996e-14,3.7540293158398624e-15,1.4074082710568683e-17,6.228522509518952e-18,5.81460832987291e-17,3.067391986499179e-17,9.559146769759923e-10,4.854674085414201e-10,1.8824908187343928e-15,9.21659533307205e-16,1.0306698844259606e-16,3.4475378114868014e-17,2.9584178326638146e-18,9.437595395993053e-19,4.93791884389098e-14,1.5752365887049658e-14,1.0020845107357494e-10,3.1967317329209576e-11,2.261740864437499e-16,7.388232027438627e-17,0.01032864396478575,0.005060470585746819,9.999999999999964e-31,3.4356264550626056e-31,1.6345780971639298e-08,5.206693127053734e-09,7.349030024998987e-06,2.2874083334893385e-06,7.830949099405426e-10,2.496976245724089e-10,6.617773977032808e-12,2.061859950508022e-12
0.125,1317.7857679482095,5.292042588679561,0.2656563035499918,0.4800918279776065,0.060487487968380105,0.41172223155648063,3.275496428361812e-07,4.4590864796547226e-06,7.264692291268183e-13,6.230941622351171e-13,2.6639051454614836e-13,1.1424184799129198e-13,8.987573820802418e-08,7.251770576143545e-08,0.23082595717788756,0.17582461525165738,1.975519791991304e-15,8.213301902170998e-16,3.801742466749433e-13,1.5337489687504734e-13,7.819444236165543e-17,8.933589998776185e-17,1.423569929481086e-14,1.5004809144717667e-14,4.213480522064894e-10,4.121976302673668e-10,1.0694344983476555e-11,1.0462095733838652e-11,4.5346843696818676e-05,4.138785592596297e-05,0.2201054826165572,0.18826716119322282,0.37935326543719783,0.1858489085876901,0.08578716886903019,0.026749159000132618,1.0235080164485094e-07,4.840085898056991e-08,4.874890972870922e-06,2.2279052860175376e-06,1.4815006150056249e-09,6.550785474410942e-10,1.8418363730542583e-11,8.14409041524411e-12,2.1947765801960723e-06,9.399397110662001e-07,1.0897954988035227e-10,5.974663594995735e-11,0.003276232879947267,0.0017266186949866516,4.900584592840098e-07,2.486418014396845e-07,0.00886679894128152,0.004337119268160638,1.9189412164407785e-06,9.060777580075311e-07,0.0008958893877327017,0.0004088370643057736,7.667507727274707e-10,2.564440265629937e-10,1.0391557678591834e-05,3.392174888431559e-06,5.930346884839338e-10,1.9358766418516732e-10,8.633678673171531e-18,8.458240887360089e-18,5.486002997710708e-17,5.013719131108437e-17,4.710298862014041e-14,4.0339817374836937e-14,2.015626102816966e-09,1.6240489761395506e-09,4.1084764062528435e-12,1.9425971917360967e-12,1.771673243396888e-14,8.102234682414359e-15,6.196574980901259e-22,1.848314928336627e-22,1.1943574069980093e-14,3.7237681454038405e-15,1.3931614252473934e-17,6.1641465512668845e-18,5.768014185296307e-17,3.0421575888062306e-17,9.542053994085563e-10,4.844951058079471e-10,1.8754998092835887e-15,9.180392560792585e-16,1.0186652130693676e-16,3.406649889813482e-17,2.912668417790286e-18,9.289652419929902e-19,4.913909962353592e-14,1.5672403797932904e-14,9.999534267241552e-11,3.1892472598829396e-11,2.2449710234107074e-16,7.331874054871997e-17,0.010328643963997353,0.005059382100861499,9.999999999999964e-31,3.4348874672396797e-31,1.6194542013138182e-08,5.157408745792821e-09,7.312456752119643e-06,2.275535226434659e-06,7.791946201341176e-10,2.4840053692138215e-10,6.533092099509818e-12,2.0350383065589417e-12
0.126,1317.378175686183,5.2922719536505545,0.26564479011098263,0.4838562533954068,0.0605317450016582,0.4119357715407647,3.2627776387783177e-07,4.440826293573007e-06,7.187299140738495e-13,6.163249130269726e-13,2.632335607889693e-13,1.1286395507003475e-13,8.928519916106533e-08,7.202588455737779e-08,0.23065196451201292,0.17565468275679064,1.9516741404257534e-15,8.112435429077244e-16,3.7669496796245476e-13,1.5193889094016982e-13,7.690650940809083e-17,8.784575381270395e-17,1.4038603833919406e-14,1.4793915444178948e-14,4.1707472166881623e-10,4.0793025067220236e-10,1.0580787464287142e-11,1.0348800966276986e-11,4.512591298111528e-05,4.11774463248986e-05,0.2200492385102096,0.18817898734304778,0.3796409189342772,0.1859502419302928,0.08577374550668553,0.02673928038290311,1.0215643275255313e-07,4.8298660177260695e-08,4.87280421742245e-06,2.2264775618129975e-06,1.469806940451727e-09,6.497695849497279e-10,1.825129322084155e-11,8.068498586118556e-12,2.183319549244905e-06,9.34834061573831e-07,1.07148155252962e-10,5.873009309851175e-11,0.0032433300436930787,0.0017089146111534921,4.846599607220027e-07,2.458504115810164e-07,0.008814173997330687,0.004310460477936402,1.9057180670206405e-06,8.996425615454578e-07,0.0008934987173098584,0.00040765929199913916,7.602074359588024e-10,2.542014490659966e-10,1.0351056384121335e-05,3.378234557054524e-06,5.89225418229786e-10,1.923032390019908e-10,8.510614664410005e-18,8.335902750175536e-18,5.4389055501248387e-17,4.969618161301481e-17,4.691908403964922e-14,4.017376484225583e-14,2.0177440267669915e-09,1.6254093811413872e-09,4.089871926980708e-12,1.933388857156522e-12,1.753153863163414e-14,8.015834994811465e-15,6.10013763217953e-22,1.8191622669461417e-22,1.1850562426066868e-14,3.693982478880256e-15,1.3791701184226725e-17,6.1009420108197596e-18,5.722117680077955e-17,3.0173085016118935e-17,9.52509708524785e-10,4.835311741880598e-10,1.868579434558278e-15,9.14457100271548e-16,1.006886989379826e-16,3.366544034997241e-17,2.8679942866573927e-18,9.14522181083283e-19,4.8902034159833454e-14,1.5593474208549752e-14,9.978437519874555e-11,3.181841221557867e-11,2.2284506425947903e-16,7.276370749524402e-17,0.010328643963221355,0.005058305129161291,9.999999999999959e-31,3.434156295879916e-31,1.6045832783207578e-08,5.108962176239413e-09,7.276347492832657e-06,2.2638165326738334e-06,7.75345095769855e-10,2.471207268500432e-10,6.450117744211905e-12,2.0087643583752846e-12
0.127,1316.9736823022668,5.292502952826239,0.26563319564838384,0.4876208431243339,0.06057556573167186,0.4121471360477463,3.2501928608817977e-07,4.42276572421635e-06,7.111283540402091e-13,6.096779551720045e-13,2.601376988066235e-13,1.1151307592398809e-13,8.870299912266699e-08,7.154115173165581e-08,0.23047992293772626,0.1754866845181908,1.928297231613542e-15,8.013577063135543e-16,3.732747501185423e-13,1.5052763604360771e-13,7.564889581762024e-17,8.639105183633887e-17,1.3845628778203153e-14,1.4587483964308452e-14,4.128759547152726e-10,4.037384666053775e-10,1.0469241964510274e-11,1.0237543865171217e-11,4.490762390458785e-05,4.096962413803892e-05,0.2199932562666858,0.1880914783204856,0.37992527557052136,0.18605031669443298,0.0857605285558284,0.02672952763187517,1.0196332728055929e-07,4.819720545157469e-08,4.870764979349463e-06,2.2250769245074005e-06,1.4582995821957443e-09,6.445466134039049e-10,1.8087048012327047e-11,7.994204815766318e-12,2.1720164915652013e-06,9.29798492294602e-07,1.0536082145320819e-10,5.773825226404654e-11,0.003211003358121989,0.0016915252007075668,4.793605140412085e-07,2.431109659971848e-07,0.008762258257691224,0.004284168976854322,1.892682920712521e-06,8.933007528240986e-07,0.0008911323781571344,0.00040649399162048165,7.53770674621672e-10,2.519959961398905e-10,1.0311055936236801e-05,3.364470799786198e-06,5.854706543248733e-10,1.910375554927566e-10,8.390180263574767e-18,8.216209384209317e-18,5.392556125972111e-17,4.926229864165042e-17,4.6736973985580254e-14,4.000940500795694e-14,2.019837672451612e-09,1.6267531426850075e-09,4.0714790918087586e-12,1.9242885975155764e-12,1.7349715313393168e-14,7.931029829800178e-15,6.005946041296269e-22,1.790695434452213e-22,1.1758975682445297e-14,3.664661416536127e-15,1.3654278803070475e-17,6.038878878714874e-18,5.676903822394602e-17,2.992836297810059e-17,9.508274325369533e-10,4.825754963353633e-10,1.8617285872660103e-15,9.109124413824606e-16,9.953293818661239e-17,3.327199863910545e-17,2.824361987438893e-18,9.004193389132014e-19,4.866793277287947e-14,1.551555645080936e-14,9.957551304577621e-11,3.174512262499444e-11,2.2121742897252025e-16,7.221703191575239e-17,0.010328643962457482,0.005057239462358296,9.999999999999957e-31,3.4334327995737537e-31,1.5899593283918363e-08,5.061333272950126e-09,7.240693139082115e-06,2.2522491574237762e-06,7.71545285393392e-10,2.458578304671523e-10,6.3688045624311945e-12,1.9830230768054767e-12
0.128,1316.5722441140547,5.292735519043567,0.2656215235541924,0.4913855982790342,0.060618957674861744,0.4123563635282126,3.237739853784789e-07,4.404901315915301e-06,7.03661161231688e-13,6.031502422078711e-13,2.571013091928999e-13,1.101884866291488e-13,8.812896093543234e-08,7.106335417857522e-08,0.2303097950524683,0.175320583207245,1.9053764595488134e-15,7.916672226707792e-16,3.6991215424731897e-13,1.4914052176047035e-13,7.442068152901803e-17,8.497070863641331e-17,1.3656660070961262e-14,1.4385389876907453e-14,4.0874993059525257e-10,3.996204083114835e-10,1.0359659231792154e-11,1.0128273896334926e-11,4.469192751581839e-05,4.076434022024954e-05,0.21993753565065366,0.18800462591381853,0.3802063984823422,0.18614915827262457,0.08574751411098988,0.026719898389011572,1.0177147480680251e-07,4.809648695746479e-08,4.868772084219367e-06,2.2237027284577605e-06,1.4469742464036248e-09,6.394076235517314e-10,1.7925560253046177e-11,7.92117752663612e-12,2.160864220941815e-06,9.248315283088474e-07,1.0361618228979805e-10,5.677034081143549e-11,0.0031792386811119954,0.0016744426419746843,4.74157614545288e-07,2.4042213524620346e-07,0.008711037240841884,0.00425823712548687,1.879831824517008e-06,8.870503335466656e-07,0.0008887899637274201,0.00040534094723151205,7.474379610742747e-10,2.4982677595031824e-10,1.0271546141396823e-05,3.3508799658220315e-06,5.817692058139921e-10,1.8979019805378558e-10,8.272301305788977e-18,8.099085433598272e-18,5.3469376643830614e-17,4.883537745440161e-17,4.655663212730746e-14,3.984671171981128e-14,2.021907499160272e-09,1.6280805889039958e-09,4.053294136597543e-12,1.9152944357262628e-12,1.717117653910086e-14,7.847778063513042e-15,5.913931399301137e-22,1.762893237090027e-22,1.1668781878547091e-14,3.635794381894317e-15,1.3519284496607806e-17,5.9779281251843615e-18,5.632358032935892e-17,2.968732786312243e-17,9.491584023407856e-10,4.816279570755714e-10,1.854946182750007e-15,9.074046684033588e-16,9.839867470234507e-17,3.288597657976275e-17,2.781739351041645e-18,8.866461231208058e-19,4.8436737737049676e-14,1.5438630407659422e-14,9.936872141964369e-11,3.167259059451664e-11,2.1961366857603422e-16,7.167853003333588e-17,0.010328643961705426,0.005056184897455976,9.999999999999959e-31,3.4327168405040257e-31,1.575576536134256e-08,5.014502517073702e-09,7.205484833083804e-06,2.240830092215802e-06,7.677941672278566e-10,2.4461149428960234e-10,6.289107780119368e-12,1.9577999483190732e-12
0.129,1316.1738183323732,5.292969587461343,0.2656097771028444,0.4951505199280321,0.06066192816342294,0.41256349146852134,3.2254164260619814e-07,4.387229692373711e-06,6.963250530154962e-13,5.967388233878769e-13,2.5412282671178444e-13,1.0888948771215388e-13,8.75629123967931e-08,7.059234313981002e-08,0.23014154443553841,0.1751563424838875,1.8828996447243455e-15,7.821668206116239e-16,3.6660578650836416e-13,1.4777695698930518e-13,7.322098044675415e-17,8.358367919922654e-17,1.3471587560531883e-14,1.4187512669374763e-14,4.0469488515924263e-10,3.955742648444545e-10,1.0251991536663651e-11,1.0020942107315076e-11,4.447877606974755e-05,4.056154666795535e-05,0.21988207636930138,0.18791842206318934,0.38048434914890056,0.18624679136565325,0.08573469836909403,0.02671039035771878,1.01580864868547e-07,4.799649690478842e-08,4.866824393266953e-06,2.222354347433995e-06,1.4358267667668815e-09,6.34350666585656e-10,1.7766764174961214e-11,7.849386122557661e-12,2.1498596390219803e-06,9.199317359902937e-07,1.0191292281082535e-10,5.582561532122294e-11,0.003148022304632177,0.0016576593563958541,4.690488363238763e-07,2.3778263220477704e-07,0.008660496836063097,0.004232657484372881,1.867160929772301e-06,8.808893592219198e-07,0.0008864710752885705,0.0004041999473380968,7.41206845428121e-10,2.476929244063494e-10,1.0232517088600382e-05,3.3374585068701526e-06,5.781199163424588e-10,1.8856076330795684e-10,8.156906209526823e-18,7.984458191895441e-18,5.3020336062059884e-17,4.841525802518903e-17,4.637803260450057e-14,3.9685659332037864e-14,2.023953954411407e-09,1.6293920392727725e-09,4.0353133858773496e-12,1.9064044426952195e-12,1.6995839169250033e-14,7.76603992560495e-15,5.824027495647225e-22,1.735735287463947e-22,1.157994998931774e-14,3.6073711121773104e-15,1.3386657665906135e-17,5.918061663614151e-18,5.58846613183654e-17,2.944990004392205e-17,9.475024513455137e-10,4.806884432931515e-10,1.8482311575881756e-15,9.039331830476145e-16,9.728536230152739e-17,3.250718340369179e-17,2.7400954364175002e-18,8.731923486191975e-19,4.8208392830073065e-14,1.536267649621911e-14,9.91639662955039e-11,3.1600803197269604e-11,2.1803326994448852e-16,7.114802329748141e-17,0.010328643960964954,0.005055141236574421,9.999999999999959e-31,3.432008284327283e-31,1.5614292576234582e-08,4.968450973445925e-09,7.170713928983892e-06,2.229556402639893e-06,7.640907475522777e-10,2.4338137468767874e-10,6.2109841122583035e-12,1.9330809471261304e-12
0.13,1315.778362931716,5.293205095819878,0.2655979594382189,0.4989156090955662,0.06070448435287732,0.412768556433393,3.213220434370411e-07,4.369747554356712e-06,6.891168476559985e-13,5.904408397755228e-13,2.512007376193393e-13,1.0761540294414132e-13,8.700468607083313e-08,7.012797403831703e-08,0.22997513565306998,0.17499392699196775,1.860855015624306e-15,7.728514070358806e-16,3.633542966545573e-13,1.4643636931093943e-13,7.204893883601702e-17,8.222895700264337e-17,1.3290304810750041e-14,1.3993735935215473e-14,4.007091084519575e-10,3.9159828155925056e-10,1.014619260854916e-11,9.91550106067376e-12,4.4268122976496964e-05,4.0361196767130396e-05,0.219826878010513,0.18783285880125108,0.38075918740625475,0.18634323998612068,0.08572207761226852,0.0267010012965015,1.0139148699812623e-07,4.7897227573821674e-08,4.86492080187198e-06,2.2210311738089837e-06,1.4248531003625738e-09,6.293738521375719e-10,1.7610596017850366e-11,7.778800952443925e-12,2.138999732503037e-06,9.150977216552826e-07,1.0024977767377989e-10,5.490336063629597e-11,0.0031173409597955964,0.0016411680105382338,4.64031832236423e-07,2.3519121195158786e-07,0.008610623346773512,0.004207422834455909,1.854666500082853e-06,8.748159427197131e-07,0.0008841753258565273,0.0004030707866525503,7.350749529245425e-10,2.4559360420670175e-10,1.0193959144279276e-05,3.324202975081622e-06,5.745216627776658e-10,1.87348859616151e-10,8.043925851140062e-18,7.872257473299836e-18,5.257827872036829e-17,4.800178502950778e-17,4.620115000379728e-14,3.9526222681662396e-14,2.0259774739493467e-09,1.6306878045835168e-09,4.017533249759073e-12,1.89761673563748e-12,1.6823622715329895e-14,7.685776927479807e-15,5.736170585485343e-22,1.7092019633221274e-22,1.1492449879538435e-14,3.579381643137012e-15,1.3256339638210518e-17,5.859252309539861e-18,5.5452143241923684e-17,2.921600209320299e-17,9.458594156644548e-10,4.797568440019788e-10,1.8415824705769557e-15,9.00497400149824e-16,9.619247210507883e-17,3.213543445603348e-17,2.699400468903166e-18,8.600482171068927e-19,4.798284327573203e-14,1.5287675647393226e-14,9.896121443075016e-11,3.152974781414425e-11,2.1647573424926753e-16,7.062533821022512e-17,0.010328643960235811,0.005054108286782355,9.99999999999995e-31,3.4313070000597884e-31,1.5475120245620377e-08,4.923160302168299e-09,7.13637203746113e-06,2.2184252418996724e-06,7.604340606886602e-10,2.4216713784462735e-10,6.134391740928885e-12,1.9088525271928034e-12
0.131,1315.3858367953385,5.293441983848318,0.2655860736034141,0.5026808667630042,0.06074663322314349,0.41297159406913253,3.201149782722185e-07,4.352451678329996e-06,6.82033461369958e-13,5.84253521488701e-13,2.4833357844141916e-13,1.0636557876270244e-13,8.645411917255566e-08,6.967010637205824e-08,0.22981053418103034,0.17483330229440625,1.8392311948792896e-15,7.63716060950904e-16,3.601563761614234e-13,1.451182041867748e-13,7.090373417159819e-17,8.090557262294665e-17,1.3112709002814441e-14,1.3803947261503254e-14,3.967909432536087e-10,3.8769075854227916e-10,1.0042217596838279e-11,9.811904792082092e-12,4.4059922795369855e-05,4.016324498314333e-05,0.21977194014183585,0.18774792833347145,0.38103097154806925,0.18643852750643652,0.08570964822279216,0.026691729022950608,1.0120333070331618e-07,4.7798671304198093e-08,4.863060238706035e-06,2.219732618082577e-06,1.4140493230120357e-09,6.244753460675171e-10,1.7456993959584372e-11,7.709393277024482e-12,2.128281570411444e-06,9.103281302673525e-07,9.862552817862867e-11,5.40028881802119e-11,0.0030871817723459355,0.0016249614920528903,4.5910432702022577e-07,2.3264666817254092e-07,0.008561403402437655,0.004182526133359922,1.8423448923977967e-06,8.688282451754322e-07,0.0008819023342360854,0.0004019532633503848,7.290399809508184e-10,2.4352800377190184e-10,1.0155862937579924e-05,3.311110017898748e-06,5.709733543534464e-10,1.8615410676302953e-10,7.93329349565468e-18,7.762415539378549e-18,5.214304852671685e-17,4.759480774412914e-17,4.6025959379039274e-14,3.9368377102809896e-14,2.027978482565317e-09,1.6319681876043498e-09,3.999950222922758e-12,1.8889294774022672e-12,1.6654449298926456e-14,7.606951840466012e-15,5.650299307790811e-22,1.6832743815971157e-22,1.1406252292953784e-14,3.5518163048105725e-15,1.3128273610370888e-17,5.801473753407264e-18,5.502589190847231e-17,2.898555872840019e-17,9.442291338220037e-10,4.788330501766649e-10,1.834999100429107e-15,8.970967464704138e-16,9.511949214903846e-17,3.1770551050353587e-17,2.6596257982864193e-18,8.47204302923127e-19,4.776003571873982e-14,1.5213609295995088e-14,9.876043330458283e-11,3.145941211282554e-11,2.1494057650815877e-16,7.011030616399921e-17,0.010328643959517776,0.005053085859988901,9.99999999999996e-31,3.4306128600040214e-31,1.533819524219299e-08,4.878612693245243e-09,7.102450948270042e-06,2.2074338264491645e-06,7.568231668572635e-10,2.409684590413098e-10,6.059290209016461e-12,1.8851015880785848e-12
0.132,1314.996199538843,5.293680193615781,0.26557412252315976,0.5064462938705071,0.06078838158926979,0.41317263916247804,3.1892024204300527e-07,4.335338913201279e-06,6.750719038527913e-13,5.781741836307006e-13,2.455199331892901e-13,1.0513938302469837e-13,8.591105335320493e-08,6.92186035268288e-08,0.22964770640761842,0.17467443486471046,1.8180171806992558e-15,7.547560253528305e-16,3.5701075675440043e-13,1.4382192431629687e-13,6.97845735698583e-17,7.961259186825056e-17,1.2938700741793725e-14,1.3618038016062976e-14,3.9293878253717706e-10,3.8385004797981964e-10,9.940023003283389e-12,9.710108740335008e-12,4.3854131169673475e-05,3.996764689584165e-05,0.21971726222991386,0.18766362296050673,0.38129975834326096,0.18653267666156464,0.08569740666630868,0.02668257140720929,1.0101638549595209e-07,4.7700820505521155e-08,4.861241664146105e-06,2.2184581080195915e-06,1.4034116249103193e-09,6.19653368364323e-10,1.7305898036738752e-11,7.64113523124048e-12,2.11770230084389e-06,9.056216438951127e-07,9.703900087883878e-11,5.3123535141853454e-11,0.0030575322715587355,0.0016090329137504237,4.5426411784150145e-07,2.301478333387779e-07,0.00851282401155108,0.004157960540543591,1.8301925668508596e-06,8.629244804503218e-07,0.0008796517297224333,0.0004008471811793087,7.230996963333451e-10,2.414953362665163e-10,1.011821935449292e-05,3.298176375723318e-06,5.67473931126599e-10,1.8497613541551724e-10,7.824944669745515e-18,7.654866969296634e-18,5.171449384900105e-17,4.7194179812390685e-17,4.5852436214030376e-14,3.92120983909528e-14,2.029957394127394e-09,1.633233483060133e-09,3.982560880486928e-12,1.880340874286625e-12,1.648824349128812e-14,7.529528619343774e-15,5.56635455448515e-22,1.657934357889528e-22,1.1321328800669907e-14,3.5246657045408417e-15,1.3002404558010342e-17,5.744700518157472e-18,5.460577672014581e-17,2.875849671827507e-17,9.42611446909483e-10,4.779169548005096e-10,1.8284800467289568e-15,8.93730661074008e-16,9.406592647817795e-17,3.141236015091383e-17,2.620743838462728e-18,8.34651533061026e-19,4.753991815470484e-14,1.514045935626242e-14,9.856159112580929e-11,3.1389784047854666e-11,2.1342732504623042e-16,6.96027632495344e-17,0.010328643958810526,0.00505207377271431,9.99999999999997e-31,3.429925739593035e-31,1.5203466054113577e-08,4.834790884039615e-09,7.068942684163637e-06,2.196579452438094e-06,7.532571522093919e-10,2.3978502262998545e-10,5.985640406316124e-12,1.8618154695434943e-12
0.133,1314.6094115878032,5.293919669168148,0.2655621090220755,0.5102118913184355,0.06082973610339699,0.4133717256498873,3.1773763413409805e-07,4.318406178934249e-06,6.682292753795379e-13,5.722002235961336e-13,2.4275843199900323e-13,1.0393620437444989e-13,8.537533458319554e-08,6.877333267005195e-08,0.22948661958171981,0.17451729204191477,1.797202333634798e-15,7.459667013606038e-16,3.539162088237335e-13,1.4254700895514296e-13,6.869069267601271e-17,7.834911443790711e-17,1.2768183950895068e-14,1.3435903227884512e-14,3.8915106797803584e-10,3.8007455257142826e-10,9.839566642139804e-12,9.610069704907282e-12,4.3650704812685635e-05,3.977435918244653e-05,0.21966284369784744,0.1875799351231341,0.3815656031081186,0.18662570958295652,0.08568534949814059,0.02667352637330542,1.0083064088548817e-07,4.7603667652632795e-08,4.859464069367797e-06,2.217207088155415e-06,1.392936306579301e-09,6.149061912120095e-10,1.7157250081053045e-11,7.573999793946532e-12,2.1072591485378026e-06,9.009769805529646e-07,9.54890652171529e-11,5.226466313032012e-11,0.003028380360434533,0.0015933755973641045,4.495090694982804e-07,2.2769357618426225e-07,0.0084648725087228,0.004133719390831261,1.8182060751220949e-06,8.57102909488179e-07,0.0008774231487061293,0.0003997523478875026,7.172519327569094e-10,2.3949483867284596e-10,1.0081019526772786e-05,3.285398877981541e-06,5.640223631233184e-10,1.8381458681243687e-10,7.718817088928997e-18,7.549548583593784e-18,5.129246740518715e-17,4.6799759131972075e-17,4.5680556432184605e-14,3.905736280835165e-14,2.031914612142572e-09,1.6344839780808416e-09,3.965361876710694e-12,1.8718491752412834e-12,1.632493225703929e-14,7.45347237379962e-15,5.484279388602368e-22,1.633164380694369e-22,1.1237651785184715e-14,3.4979207212224233e-15,1.287867917918568e-17,5.688907932311229e-18,5.419167057965252e-17,2.853474482775224e-17,9.410061984230096e-10,4.770084527644789e-10,1.8220243285258635e-15,8.903985945772663e-16,9.303129470404209e-17,3.1060694211628094e-17,2.582728027005621e-18,8.223811735902868e-19,4.732243990188268e-14,1.506820821113945e-14,9.836465679428618e-11,3.1320851846749555e-11,2.1193552108774858e-16,6.910255010891466e-17,0.010328643958113852,0.005051071845986855,9.99999999999996e-31,3.4292455173204133e-31,1.5070882653455973e-08,4.791678116034189e-09,7.035839455595939e-06,2.1858594813748286e-06,7.49735127341357e-10,2.386165215316289e-10,5.913404491510064e-12,1.8389819262985587e-12
0.134,1314.22543410166,5.2941603566169695,0.26555003582024206,0.5139776599688186,0.06087070326134655,0.41356888665342084,3.16566958248771e-07,4.301650464332355e-06,6.615027632613191e-13,5.663291178279985e-13,2.400477490436386e-13,1.027554513017028e-13,8.484681299130948e-08,6.833416460902603e-08,0.22932724179935143,0.17436184201255153,1.7767763614232292e-15,7.373436415647351e-16,3.5087154006196817e-13,1.4129295332326047e-13,6.762135438524678e-17,7.71142723952699e-17,1.2601065723832503e-14,1.325744142369261e-14,3.8542628798974375e-10,3.7636272348205804e-10,9.7408075878697e-12,9.511745791410294e-12,4.344960146636831e-05,3.95833395752988e-05,0.21960868389646834,0.1874968573715152,0.381828559738432,0.18671764781069833,0.08567347335461065,0.02666459189551678,1.0064608639664136e-07,4.75072052917387e-08,4.8577264751298735e-06,2.2159790191373645e-06,1.3826197750499053e-09,6.102321371568103e-10,1.7010993652924715e-11,7.507960756318922e-12,2.096949412248911e-06,8.963928929536875e-07,9.397463194164935e-11,5.142565725935424e-11,0.0029997143113223382,0.001577983070707811,4.4483711321791486e-07,2.2528280100694208e-07,0.008417536569579309,0.004109796201058543,1.8063820626344907e-06,8.513618411938199e-07,0.000875216236420405,0.0003986685759921144,7.11494588366312e-10,2.3752577092573374e-10,1.0044254825166721e-05,3.2727744405684305e-06,5.606176491690498e-10,1.826691123501609e-10,7.614850559562868e-18,7.446399343480453e-18,5.087682608726596e-17,4.641140768224313e-17,4.5510296379370496e-14,3.8904147066196696e-14,2.033850529939804e-09,1.6357199523251331e-09,3.9483499422844056e-12,1.863452670394567e-12,1.6164444840583608e-14,7.378749313752911e-15,5.404018940780091e-22,1.6089475792282692e-22,1.115519440470711e-14,3.4715724934028573e-15,1.2757045823194463e-17,5.634072096520034e-18,5.3783449765623845e-17,2.831423374607298e-17,9.394132343153097e-10,4.761074408696134e-10,1.815630984503786e-15,8.871000091590441e-16,9.201513133184537e-17,3.0715390938098666e-17,2.545552776398081e-18,8.103848134530573e-19,4.71075515521108e-14,1.4996838694817784e-14,9.816959989493663e-11,3.125260400618715e-11,2.104647183152822e-16,6.860951177771498e-17,0.01032864395742756,0.005050079905182475,9.999999999999962e-31,3.4285720746314386e-31,1.4940396490068114e-08,4.749258131498256e-09,7.003133678600225e-06,2.17527134541153e-06,7.462562268632082e-10,2.3746265706754323e-10,5.842545858835967e-12,1.8165891166901851e-12
0.135,1313.8442289812824,5.294402204005633,0.26553790553994827,0.517743600646729,0.06091128940587503,0.41376415449817144,3.154080223253624e-07,4.285068825576577e-06,6.54889638932846e-13,5.605584191308897e-13,2.373866009774921e-13,1.0159655143089193e-13,8.432534274249772e-08,6.790097368147945e-08,0.22916954197580477,0.17420805378369225,1.7567293060844715e-15,7.288825443359911e-16,3.4787559413184534e-13,1.4005926802875037e-13,6.657584775008527e-17,7.590722885752009e-17,1.2437256209556108e-14,1.3082554499133874e-14,3.817629761669222e-10,3.7271305870182045e-10,9.643706133526078e-12,9.415096367743168e-12,4.3250779878407216e-05,3.9394546836879485e-05,0.21955478211940305,0.1874143823738701,0.3820886807548627,0.18680851231401507,0.08566177495143086,0.026655765997225064,1.0046271157677271e-07,4.7411426042212036e-08,4.8560279308092824e-06,2.2147733772056167e-06,1.3724585403314336e-09,6.056295774137011e-10,1.6867073982790756e-11,7.442992693925998e-12,2.0867704625458787e-06,8.918681674534761e-07,9.249465129455942e-11,5.0605925110542485e-11,0.0029715227502260314,0.0015628490589177826,4.4024624389390904e-07,2.2291444618555798e-07,0.00837080419307381,0.004086184660859326,1.7947172641794027e-06,8.456996302274014e-07,0.0008730306461563709,0.0003975956823984197,7.058256235266862e-10,2.355874151057249e-10,1.0007916851618663e-05,3.2603000630041927e-06,5.572588159985681e-10,1.8153937326287063e-10,7.512986901094982e-18,7.345360270275697e-18,5.046743083380181e-17,4.602899139697327e-17,4.5341632822717997e-14,3.875242832089319e-14,2.0357655309901137e-09,1.6369416782303575e-09,3.931521882685434e-12,1.855149690105057e-12,1.600671269023563e-14,7.305326712126781e-15,5.325520325081511e-22,1.5852676971068786e-22,1.1073930570539678e-14,3.445612411521593e-15,1.263745443304866e-17,5.5801698563097725e-18,5.3380993835941364e-17,2.809689603023464e-17,9.378324029600828e-10,4.752138177904734e-10,1.8092990724621092e-15,8.838343782450252e-16,9.101698525624342e-17,3.0376293107013893e-17,2.5091934335973847e-18,7.9865435096042415e-19,4.68952049378139e-14,1.492633408061732e-14,9.797639067973379e-11,3.118502928472245e-11,2.0901448249308433e-16,6.812349754939428e-17,0.010328643956751385,0.005049097779918094,9.999999999999962e-31,3.427905295850672e-31,1.4811960428006826e-08,4.707515151997402e-09,6.97081796188425e-06,2.164812543093105e-06,7.428196085457353e-10,2.36323138660301e-10,5.773029086947473e-12,1.7946255859098796e-12
0.136,1313.4657588864216,5.29464516109633,0.26552572071640734,0.5215097141415043,0.06095150073151621,0.41395756073672857,3.1426063840344126e-07,4.2686583840515565e-06,6.483872549234504e-13,5.548857538884107e-13,2.3477374544771996e-13,1.0045895084053134e-13,8.381078189963091e-08,6.747363763304019e-08,0.22901348980023156,0.17405589714122566,1.7370515309727298e-15,7.205792481259372e-16,3.4492724918247106e-13,1.3884547843122977e-13,6.55534869203786e-17,7.472717672545999e-17,1.2276668501597664e-14,1.2911147595079061e-14,3.781597096872827e-10,3.691241013680131e-10,9.548223747980572e-12,9.320082019178089e-12,4.305419977401865e-05,3.920794072985306e-05,0.2195011376314033,0.18733250293484024,0.3823460173674891,0.1868983235194279,0.08565025108847768,0.026647046751528722,1.0028050598700839e-07,4.7316322590332216e-08,4.854367513426732e-06,2.2135896536521653e-06,1.3624492114071434e-09,6.010969299644291e-10,1.6725437907533515e-11,7.379070936630123e-12,2.076719739126023e-06,8.874016227887262e-07,9.104811107141079e-11,4.9804895627717795e-11,0.0029437946351203222,0.0015479674725555276,4.357345164975069e-07,2.205874822809159e-07,0.008324663668127764,0.004062878615796581,1.783208496290631e-06,8.401146732660934e-07,0.0008708660373120258,0.0003965334874854283,7.002430583317275e-10,2.336790745486757e-10,9.971997428805702e-06,3.2479728247040226e-06,5.539449172743801e-10,1.8042504027255707e-10,7.413169871360023e-18,7.246374367989193e-18,5.0064146497825485e-17,4.5652380032856146e-17,4.517454294505063e-14,3.8602184166335114e-14,2.037659989407954e-09,1.6381494213929036e-09,3.914874575931904e-12,1.8469386037193362e-12,1.5851669387280617e-14,7.233172869923248e-15,5.248732558891197e-22,1.5621090672891893e-22,1.0993834924219565e-14,3.4200321100730514e-15,1.251985648677651e-17,5.527178774343911e-18,5.298418551953047e-17,2.788266604234041e-17,9.362635550008181e-10,4.743274839762202e-10,1.8030276681727596e-15,8.806011858817714e-16,9.003641926952397e-17,3.00432483899967e-17,2.4736262411928564e-18,7.87181980823414e-19,4.668535309255975e-14,1.48566780667397e-14,9.778500003165142e-11,3.1118116689534117e-11,2.0758439102928605e-16,6.764436081967028e-17,0.010328643956085128,0.005048125303901247,9.999999999999962e-31,3.4272450680798303e-31,1.468552865281248e-08,4.666433847658328e-09,6.938885079701461e-06,2.1544806306819434e-06,7.394244520944231e-10,2.351976834150242e-10,5.704819877772254e-12,1.7730802461254255e-12
0.137,1313.089987134039,5.294889179554992,0.265513483788512,0.525276001208102,0.0609913432912151,0.4141491361856953,3.1312462249763204e-07,4.252416324286624e-06,6.419930416307251e-13,5.493088191205767e-13,2.3220797912615786e-13,9.934211317942477e-14,8.330299227456795e-08,6.705203748656054e-08,0.2288590557338898,0.1739053426414488,1.7177337071963782e-15,7.124297255218676e-16,3.4202541672082684e-13,1.3765112415009173e-13,6.455361000044827e-17,7.357333732223112e-17,1.2119218500577432e-14,1.2743128946069035e-14,3.746151074975453e-10,3.6559443788168315e-10,9.45432302764024e-12,9.226664498213371e-12,4.2859821814373725e-05,3.902348197507016e-05,0.2194477496230814,0.18725121195106417,0.38260061949422763,0.18698710131628477,0.08563889863746654,0.02663843227654148,1.0009945922516935e-07,4.722188769806695e-08,4.852744326526159e-06,2.2124273542150232e-06,1.35258849298486e-09,5.966326579946769e-10,1.6586033812157887e-11,7.316171540909384e-12,2.0667947485251688e-06,8.829921089857419e-07,8.963403542905855e-11,4.9022018423541836e-11,0.0029165192582015866,0.0015333324083226013,4.313000458553341e-07,2.1830091184551238e-07,0.008279103602886096,0.004039872081081505,1.7718526624435193e-06,8.346054113151658e-07,0.0008687220781860273,0.00039548181635310517,6.94744970571649e-10,2.3180007311148593e-10,9.936488595422599e-06,3.235789883131935e-06,5.506750325051652e-10,1.793257932077141e-10,7.3153450760034e-18,7.149386530612816e-18,4.9666841679029784e-17,4.528144700596088e-17,4.500900432449232e-14,3.845339261359006e-14,2.0395342700142243e-09,1.639343440595069e-09,3.8984049699520246e-12,1.8388178181544035e-12,1.5699250535648685e-14,7.16225706344618e-15,5.173606469325511e-22,1.5394565830747937e-22,1.0914882802573588e-14,3.394823456040554e-15,1.2404204932404282e-17,5.4750770999830545e-18,5.259291060073324e-17,2.767147988328118e-17,9.34706543454048e-10,4.734483416810394e-10,1.7968158659272585e-15,8.773999269382451e-16,8.907300942455608e-17,2.9716109129562646e-17,2.43882829390913e-18,7.759601797363997e-19,4.6477950203908696e-14,1.4787854759629996e-14,9.759539946820455e-11,3.105185547581457e-11,2.061740325865467e-16,6.717195894722945e-17,0.01032864395542857,0.0050471623147803355,9.999999999999957e-31,3.426591281096146e-31,1.4561056695352e-08,4.6259993435396724e-09,6.9073280026829996e-06,2.144273231492196e-06,7.360699590370614e-10,2.340860160560633e-10,5.63788503767812e-12,1.7519423698079982e-12
0.138,1312.7168777397287,5.295134212737041,0.2655011971096109,0.5290424625683013,0.06103082299791244,0.414338910933862,3.1199979453695545e-07,4.236339892858815e-06,6.357045049413048e-13,5.438253802826406e-13,2.2968813655718383e-13,9.824551913561997e-14,8.280183933229167e-08,6.663605745557238e-08,0.22870621097879412,0.17375636158281013,1.6987668030203462e-15,7.044300785649336e-16,3.3916904042341563e-13,1.3647575855233457e-13,6.357557815458031e-17,7.244495931941386e-17,1.1964824824186273e-14,1.2578409779237904e-14,3.711278290740335e-10,3.6212269659571096e-10,9.36196766310815e-12,9.134806689288419e-12,4.266760758250403e-05,3.884113223530944e-05,0.21939461724300915,0.1871705024355749,0.3828525358075341,0.18707486507879173,0.0856277145435621,0.026629920735425475,9.991956092643537e-08,4.712811420206206e-08,4.851157499390476e-06,2.211285998659937e-06,1.3428731824018658e-09,5.922352684134353e-10,1.6448811579930205e-11,7.254271266105858e-12,2.0569930622658946e-06,8.78638506474759e-07,8.825148319600424e-11,4.825676281668591e-11,0.002889686227173892,0.0015189381387907272,4.269410035119483e-07,2.160537677636797e-07,0.008234112894668176,0.004017159226418382,1.7606467462680343e-06,8.291703263876848e-07,0.0008665984441569186,0.0003944404979740947,6.893294937807243e-10,2.2994975447021652e-10,9.901382598700684e-06,3.223748471111012e-06,5.474482663627638e-10,1.7824132075564129e-10,7.219459907282978e-18,7.05434347845329e-18,4.927538862782244e-17,4.491606929483361e-17,4.4844994938868743e-14,3.8306032092413324e-14,2.0413887286857147e-09,1.6405239880854382e-09,3.882110081453068e-12,1.830785777220123e-12,1.554939371115073e-14,7.092549518928523e-15,5.100094627332806e-22,1.5172956774289674e-22,1.0837050223157454e-14,3.3699785437515115e-15,1.2290454141948924e-17,5.423843747399615e-18,5.2207057841936285e-17,2.746327534717578e-17,9.331612236353473e-10,4.725762949120184e-10,1.7906627777416846e-15,8.742301066661591e-16,8.812634464967235e-17,2.939473220014006e-17,2.4047775068703232e-18,7.649816957467534e-19,4.6272951589865725e-14,1.4719848665122984e-14,9.740756111962812e-11,3.0986235138578595e-11,2.04783006764009e-16,6.670615313915115e-17,0.010328643954781525,0.005046208654069551,9.99999999999996e-31,3.4259438273013874e-31,1.4438501350097172e-08,4.586197192566876e-09,6.876139872855023e-06,2.1341880279272844e-06,7.327553517695032e-10,2.3298786860019974e-10,5.57219242453643e-12,1.7312015725216888e-12
0.139,1312.3463954093036,5.295380215583197,0.2654888629527633,0.53280909891183,0.06106994562903888,0.4145269143656331,3.1088597825442987e-07,4.220426396583262e-06,6.295192235440688e-13,5.384332688022526e-13,2.2721308869710335e-13,9.716866577409076e-14,8.230719206876116e-08,6.622558483623558e-08,0.22855492744761358,0.17360892597684865,1.680142072423963e-15,6.965765337241642e-16,3.3635709492332473e-13,1.3531894823058118e-13,6.261877466838435e-17,7.134131761487438e-17,1.1813408704774799e-14,1.2416904200376546e-14,3.676965729800435e-10,3.587075463051678e-10,9.271122400632904e-12,9.044472568435935e-12,4.2477519556374e-05,3.866085408703064e-05,0.2193417396069981,0.18709036752073124,0.383101813780608,0.1871616336857391,0.08561669582585342,0.026621510335791854,9.974080076394297e-08,4.703499501212041e-08,4.849606186161533e-06,2.2101651202963787e-06,1.3333001663057643e-09,5.879033102721624e-10,1.6313722538145634e-11,7.193347548745399e-12,2.0473123146211245e-06,8.743397250338195e-07,8.689954633753689e-11,4.750861695535753e-11,0.0028632854510167957,0.0015047791044949398,4.226556153303134e-07,2.1384511196671515e-07,0.0081896807145588,0.00399473436797789,1.7495878077141547e-06,8.238079395725919e-07,0.0008644948170258423,0.0003934093648720969,6.839948151624514e-10,2.2812748137714535e-10,9.866671886476584e-06,3.211845893962099e-06,5.44263747787471e-10,1.7717132014489848e-10,7.125463475494786e-18,6.961193687367623e-18,4.888966312211707e-17,4.455612731864774e-17,4.468249315840541e-14,3.816008144240927e-14,2.0432237126972115e-09,1.6416913098349818e-09,3.865986993934073e-12,1.8228409605227682e-12,1.540203838624866e-14,7.024021376018273e-15,5.028151273820149e-22,1.4956122999742925e-22,1.0760313859985548e-14,3.3454896867007844e-15,1.2178559858743821e-17,5.373458270762681e-18,5.18265188872777e-17,2.725799186575266e-17,9.316274530829793e-10,4.71711249371112e-10,1.784567532738259e-15,8.710912403389147e-16,8.719602628735242e-17,2.907897884382385e-17,2.3714525796462695e-18,7.542395363023578e-19,4.6070313662802794e-14,1.4652644675492376e-14,9.72214577060742e-11,3.0921245403864035e-11,2.034109237258828e-16,6.624680831866914e-17,0.010328643954143782,0.005045264167020435,9.999999999999973e-31,3.4253026016346674e-31,1.4317820619775592e-08,4.547013356855127e-09,6.845313992687132e-06,2.124222757863101e-06,7.294798727271317e-10,2.3190298006830173e-10,5.507710902954547e-12,1.7108477982735077e-12
0.14,1311.9785055067036,5.295627144595749,0.2654764835119563,0.536575910897476,0.06110871683128524,0.4147131751862963,3.097830010731352e-07,4.204673200665461e-06,6.234348462604523e-13,5.331303796388937e-13,2.2478174150633994e-13,9.611106589885895e-14,8.181892288809263e-08,6.582050989914414e-08,0.22840517774260308,0.17346300852612997,1.6618510439252803e-15,6.888654369949593e-16,3.335885846883779e-13,1.341802725193192e-13,6.168260402551805e-17,7.026171223094567e-17,1.1664893885017858e-14,1.2258529078289066e-14,3.643200754174671e-10,3.5534769473678036e-10,9.181753003316776e-12,8.955627162825015e-12,4.22895210791179e-05,3.84826109896795e-05,0.2192891157932531,0.1870108004491573,0.38334849972400703,0.18724742553550797,0.08560583957433489,0.02661319932802503,9.956316845331095e-08,4.69425231115686e-08,4.848089564946014e-06,2.2090642654890663e-06,1.3238664175286088e-09,5.836353732743149e-10,1.618071940593748e-11,7.133378477838149e-12,2.037750200479182e-06,8.700947027799202e-07,8.557734862888041e-11,4.677708705661967e-11,0.0028373071311810208,0.0014908499089002314,4.1844215976458665e-07,2.1167403449164594e-07,0.008145796503608128,0.003972591966055152,1.7386729815782079e-06,8.185168102200114e-07,0.000862410885216594,0.00039238825319120376,6.787391736569099e-10,2.2633263496755595e-10,9.832349100660245e-06,3.200079527108371e-06,5.411206291295809e-10,1.7611549684065773e-10,7.033306539589564e-18,6.869887317400063e-18,4.850954434003567e-17,4.420150481204434e-17,4.452147773458971e-14,3.801551990099226e-14,2.045039560973346e-09,1.6428456457200503e-09,3.850032855576744e-12,1.8149818823165764e-12,1.5257125856850924e-14,6.956644652293987e-15,4.957732248350655e-22,1.4743928948033483e-22,1.0684651020017496e-14,3.3213494096366936e-15,1.2068479145218954e-17,5.323900839697562e-18,5.145118816619567e-17,2.7055570452854772e-17,9.3010509152975e-10,4.708531124219564e-10,1.7785292768243788e-15,8.679828530375789e-16,8.62816676179484e-17,2.876871450163504e-17,2.3388329628658854e-18,7.437269571442192e-19,4.5869993892728585e-14,1.4586228056346736e-14,9.703706252269605e-11,3.085687622248397e-11,2.020574038445017e-16,6.579379299811774e-17,0.010328643953515165,0.005044328702494987,9.999999999999989e-31,3.424667501486278e-31,1.4198973682141879e-08,4.5084341961090475e-09,6.814843824756011e-06,2.1143752143346218e-06,7.262427837845995e-10,2.3083109627053328e-10,5.44441030970604e-12,1.6908713080690655e-12
0.14100000000000001,1311.6131740171732,5.29587495782729,0.2654640609026989,0.5403428991541898,0.06114714212558328,0.41489772144831294,3.086906939892099e-07,4.189077726817798e-06,6.174490894399698e-13,5.279146689059434e-13,2.2239303454642597e-13,9.507224741885292e-14,8.133690748087978e-08,6.54207257823746e-08,0.22825693513508452,0.17331858260256822,1.6438855097412305e-15,6.812932491495471e-16,3.308625429350673e-13,1.3305932302689545e-13,6.076649101948528e-17,6.920546725520167e-17,1.1519206516637085e-14,1.2103203932657989e-14,3.609971088102967e-10,3.5204188707372244e-10,9.093826213208937e-12,8.868236511281566e-12,4.210357632875502e-05,3.830636725461395e-05,0.21923674483534206,0.18693179456271797,0.38359263882150085,0.1873322585605084,0.08559514294680119,0.0266049860035671,9.938665375664308e-08,4.6850691557368026e-08,4.846606836944426e-06,2.207982993179927e-06,1.3145689920398094e-09,5.794300863239716e-10,1.6049756243442647e-11,7.074342770847169e-12,2.0283044732300166e-06,8.659024051721891e-07,8.428404439845702e-11,4.606169668588208e-11,0.0028117417535895813,0.001477145313807566,4.142989662505031e-07,2.0953965260232094e-07,0.008102449970381157,0.003950726623398445,1.7278994763174495e-06,8.132955352658358e-07,0.0008603463440817849,0.0003913770028135733,6.735608580597824e-10,2.2456461408573235e-10,9.798407070804138e-06,3.1884468137195504e-06,5.380180852871913e-10,1.7507356423972853e-10,6.942941439946297e-18,6.780376143705253e-18,4.8134914734322397e-17,4.385208870189737e-17,4.4361927787948685e-14,3.7872327090464295e-14,2.0468366043352657e-09,1.6439872296992234e-09,3.834244877095826e-12,1.807207090339895e-12,1.5114599170034065e-14,6.8903922082975434e-15,4.888794920336949e-22,1.4536243790859925e-22,1.061003961984758e-14,3.297550440733293e-15,1.1960170331995866e-17,5.275152215391846e-18,5.1080962797999906e-17,2.6855953649657384e-17,9.28594000872666e-10,4.700017930555529e-10,1.7725471723859791e-15,8.64904479444732e-16,8.538289339427942e-17,2.8463808648859277e-17,2.3068988258640224e-18,7.334374515538371e-19,4.5671950770215684e-14,1.4520584433456105e-14,9.685434942473661e-11,3.07931177637917e-11,2.0072207734886091e-16,6.53469791540544e-17,0.010328643952895422,0.005043402112835575,9.999999999999983e-31,3.4240384266094e-31,1.4081920859909186e-08,4.470446457065201e-09,6.784722992652629e-06,2.1046432456123576e-06,7.23043365680818e-10,2.2977196960026684e-10,5.3822614204682185e-12,1.6712626689063929e-12
0.14200000000000002,1311.2503675358903,5.296123614862027,0.2654515971629879,0.5441100642821736,0.06118522690884596,0.4150805805615643,3.0760889153320135e-07,4.173637452508673e-06,6.115597348860565e-13,5.227841519606715e-13,2.2004593977637404e-13,9.405175280204955e-14,8.086102474139488e-08,6.502612841710963e-08,0.2281101735584164,0.17317562223860106,1.6262375166182456e-15,6.738565417021269e-16,3.2817803078560664e-13,1.3195570326858863e-13,5.986987997059004e-17,6.817192990452635e-17,1.137627507367659e-14,1.1950850837662473e-14,3.577264806766527e-10,3.487889047711138e-10,9.007309721090476e-12,8.782267632552137e-12,4.191965030208394e-05,3.81320880276045e-05,0.21918462571926975,0.18685334329774866,0.3838342751495048,0.18741615023626879,0.08558460316217684,0.026596868692487542,9.921124649906034e-08,4.6759493486836736e-08,4.845157225724648e-06,2.2069208745094854e-06,1.3054050266823485e-09,5.752861164326481e-10,1.5920788412318155e-11,7.016219754834091e-12,2.0189729434156406e-06,8.617618243573052e-07,8.301881741073852e-11,4.536198611510612e-11,0.0027865800825114476,0.0014636602357810666,4.1022441396181644e-07,2.074411101014719e-07,0.00805963109207001,0.003929133085346377,1.7172645737489842e-06,8.081427489881779e-07,0.0008583008963951375,0.0003903754575677387,6.684582055814901e-10,2.2282283476296548e-10,9.764838810310243e-06,3.1769452632693374e-06,5.349553130856385e-10,1.7404524344771937e-10,6.854322040451652e-18,6.692613496831522e-18,4.776565993771185e-17,4.3507769013291385e-17,4.4203822807088316e-14,3.7730483015323575e-14,2.048615165602657e-09,1.6451162898971868e-09,3.81862033074343e-12,1.7995151652262183e-12,1.497440306244985e-14,6.825237717633142e-15,4.821298127595833e-22,1.4332941239367456e-22,1.0536458167577407e-14,3.2740857054457126e-15,1.1853592976752752e-17,5.227193731153583e-18,5.071574252446265e-17,2.665908548519127e-17,9.270940452261708e-10,4.691572019053942e-10,1.76662039836557e-15,8.618556638399929e-16,8.44993394582755e-17,2.8164134658600074e-17,2.2756310275124708e-18,7.233647406487357e-19,4.547614378413761e-14,1.4455699784545603e-14,9.66732928270376e-11,3.0729960414510166e-11,1.994045840814688e-16,6.490624213900786e-17,0.010328643952284429,0.005042484253808941,9.999999999999989e-31,3.4234152790820505e-31,1.3966623600771395e-08,4.43303726624231e-09,6.754945284474469e-06,2.0950247561160967e-06,7.198809176926271e-10,2.2872535891115014e-10,5.3212359222355544e-12,1.6520127445878155e-12
0.14300000000000002,1310.8900533290152,5.296373076503041,0.26543909426901086,0.5478774068537487,0.061222976456639565,0.4152617793057577,3.0653743166678284e-07,4.1583499092997965e-06,6.057646277445516e-13,5.177369014629925e-13,2.1773946065878639e-13,9.304913866251838e-14,8.039115667150246e-08,6.463661644222203e-08,0.22796486755833265,0.17303410208436318,1.608899356954779e-15,6.665519929992331e-16,3.255341360793488e-13,1.308690281605929e-13,5.899223401928757e-17,6.716046967775184e-17,1.1236030283911726e-14,1.1801394344776749e-14,3.5450703256251827e-10,3.455875644318494e-10,8.922172137620641e-12,8.697688494905275e-12,4.173770879883612e-05,3.7959739271284075e-05,0.21913275743309868,0.18677544022325324,0.3840734517407292,0.1874991176102186,0.08557421751117626,0.026588845766181646,9.903693654861802e-08,4.666892210666664e-08,4.843739976581522e-06,2.2058774924569006e-06,1.2963717360117526e-09,5.712021672288547e-10,1.5793772528272815e-11,6.958989344077456e-12,2.0097534766619863e-06,8.576719782024777e-07,8.178087924068824e-11,4.4677511404397123e-11,0.0027618131354349576,0.0014503897325962528,4.062169279886237e-07,2.0537757533965129e-07,0.008017330066077053,0.003907806215795152,1.7067656185958893e-06,8.030571179817726e-07,0.0008562742490353675,0.0003893834637013366,6.634295998991457e-10,2.21106729526026e-10,9.731637506723533e-06,3.1655724481445655e-06,5.319315306172936e-10,1.730302630423808e-10,6.7674036816453204e-18,6.60655421389465e-18,4.74016686800493e-17,4.3168438786086305e-17,4.4047142649499995e-14,3.758996806075469e-14,2.0503755601242233e-09,1.646233049015843e-09,3.803156548783965e-12,1.7919047196516006e-12,1.483648392010155e-14,6.7611556468200555e-15,4.755202124885669e-22,1.413389938280359e-22,1.046388574904583e-14,3.2509483217073407e-15,1.174870782472079e-17,5.180007273694057e-18,5.035542963261491e-17,2.646491143160615e-17,9.256050907058156e-10,4.683192511217698e-10,1.760748148743897e-15,8.588359593093624e-16,8.363065244236772e-17,2.786956969368431e-17,2.245011090370507e-18,7.135027647485713e-19,4.528253339601536e-14,1.439156042990607e-14,9.649386766202583e-11,3.0667394764083635e-11,1.9810457316027004e-16,6.447146056203051e-17,0.010328643951681957,0.005041574984500697,9.999999999999985e-31,3.4227979632354912e-31,1.3853044366744267e-08,4.396194093903256e-09,6.725504610523348e-06,2.08551769311082e-06,7.167547563224134e-10,2.2769102907929939e-10,5.261306354687593e-12,1.6331126769063797e-12
0.14400000000000002,1310.5321991837932,5.296623305103922,0.2654265541185505,0.5516449274144586,0.06126039593117132,0.4154413438740083,3.05476155639399e-07,4.1432126805998304e-06,6.000616737064552e-13,5.127710448482758e-13,2.1547263044854559e-13,9.206397499847401e-14,7.992718823974126e-08,6.42520910823853e-08,0.22782099230311886,0.17289399740838204,1.5918635576712054e-15,6.593763833802231e-16,3.2292997254599484e-13,1.2979892365925054e-13,5.813303421416848e-17,6.617047727591917e-17,1.1098405009078295e-14,1.1654761351920042e-14,3.513376384306158e-10,3.4243671615101226e-10,8.83838295052343e-12,8.614467972124332e-12,4.1557718375300085e-05,3.7789287719496245e-05,0.21908113889616984,0.18669807897432386,0.3843102105884862,0.187581177299273,0.08556398334049746,0.026580915631541115,9.88637138407089e-08,4.657897070239623e-08,4.842354355533581e-06,2.204852441290561e-06,1.287466409708346e-09,5.671769777179324e-10,1.566866641298124e-11,6.9026320174041345e-12,2.0006439916292675e-06,8.536319093296373e-07,8.05694686861261e-11,4.4007844051874016e-11,0.0027374321950622066,0.0014373290091871606,4.022749804054922e-07,2.0334824169740172e-07,0.007975537357911818,0.003886741020094834,1.696400027521464e-06,7.980373452992025e-07,0.0008542661172065883,0.00038840087177793197,6.584734695886617e-10,2.1941574683168954e-10,9.698796519209716e-06,3.1543260025635756e-06,5.289459762427665e-10,1.7202835872567466e-10,6.682143103061902e-18,6.522154559751588e-18,4.704283262919193e-17,4.283399392189742e-17,4.389186751200809e-14,3.7450762964833056e-14,2.0521180957211394e-09,1.6473377242542484e-09,3.787850920576228e-12,1.784374396809445e-12,1.4700789682179364e-14,6.698121209652629e-15,4.690468510241599e-22,1.393900046144767e-22,1.0392301996452774e-14,3.228131589640259e-15,1.164547675268673e-17,5.133575257137162e-18,4.99999288465524e-17,2.6273378343008073e-17,9.241270055707981e-10,4.674878544225972e-10,1.7549296334673077e-15,8.55844928139356e-16,8.277648918993548e-17,2.7579994505003538e-17,2.2150211681392666e-18,7.038456726266413e-19,4.509108099125464e-14,1.432815301553658e-14,9.631604939137312e-11,3.0605411606770485e-11,1.9682170263941191e-16,6.404251616851781e-17,0.010328643951087861,0.005040674167152321,9.999999999999994e-31,3.422186385543531e-31,1.3741146696383696e-08,4.359904772882929e-09,6.696395051223438e-06,2.0761200613690088e-06,7.136642155638512e-10,2.2666875106509716e-10,5.202446110898494e-12,1.6145538852677847e-12
0.145,1310.1767735159183,5.296874264214429,0.26541397854877025,0.5554126264839191,0.06129749037907403,0.4156192998607386,3.0442490799694955e-07,4.128223401624137e-06,5.944488377033246e-13,5.078847630987874e-13,2.1324451160977109e-13,9.109584491701622e-14,7.946900734318724e-08,6.387245611124869e-08,0.2276785235504551,0.17275528407112,1.5751228739056903e-15,6.523265923697052e-16,3.2036467895663977e-13,1.287450263967999e-13,5.729177897475116e-17,6.520136395361764e-17,1.0963334200278372e-14,1.151088105220526e-14,3.4821720404066624e-10,3.393352428417557e-10,8.755912507602554e-12,8.532575825063171e-12,4.137964634997296e-05,3.76207008803113e-05,0.21902976902036347,0.18662125330427556,0.38454459269021135,0.18766234551266506,0.08555389805913202,0.026573076732875133,9.869156837310025e-08,4.648963263559032e-08,4.84099964893048e-06,2.2038453263703553e-06,1.2786864105356143e-09,5.632093213050204e-10,1.5545429063340136e-11,6.847128803450501e-12,1.9916424590552275e-06,8.496406846470387e-07,7.938385030963898e-11,4.335257017083359e-11,0.002713428785031048,0.0014244734046020943,3.9839708676685136e-07,2.0135232576412656e-07,0.0079342436532365,0.003865932621356412,1.6861652790174033e-06,7.930821656114001e-07,0.0008522762210060846,0.0003874275351061929,6.535882868008289e-10,2.1774935059150675e-10,9.666309372267623e-06,3.1432036203803227e-06,5.259979082915836e-10,1.7103927320988795e-10,6.598498411689156e-18,6.4393721935634855e-18,4.6689046356264e-17,4.2504333146072185e-17,4.3737977948726524e-14,3.7312848832567774e-14,2.0538430730406798e-09,1.6484305276112994e-09,3.772700892742265e-12,1.7769228704025735e-12,1.4567269817316753e-14,6.63611035487092e-15,4.627060185243379e-22,1.374813074129661e-22,1.032168708221807e-14,3.2056289892342107e-15,1.1543862744529629e-17,5.087880611159632e-18,4.9649147291880315e-17,2.6084434433500972e-17,9.226596601059844e-10,4.666629270280204e-10,1.7491640773476716e-15,8.528821412513379e-16,8.193651659003956e-17,2.729529336922701e-17,2.185644024556143e-18,6.943878144421797e-19,4.4901748875800077e-14,1.426546451123496e-14,9.613981398167299e-11,3.0544001933328915e-11,1.9555563932692984e-16,6.361929377356217e-17,0.010328643950501943,0.0050397816671637246,9.999999999999992e-31,3.421580454624292e-31,1.3630895100840742e-08,4.324157464851878e-09,6.667610814111665e-06,2.066829909704088e-06,7.106086458693123e-10,2.256583015705874e-10,5.144629384395693e-12,1.5963280497354735e-12
0.146,1309.8237453191168,5.297125918597753,0.2654013693353735,0.559180504556682,0.06133426473732375,0.415795672292439,3.033835364399241e-07,4.113379757195737e-06,5.889241415309297e-13,5.030762885889731e-13,2.1105419462479945e-13,9.01443440975009e-14,7.901650468727925e-08,6.349761774700436e-08,0.22753743762562487,0.17261793850211984,1.5586702796335884e-15,6.453995945850997e-16,3.178374181479451e-13,1.277069832633464e-13,5.646798334559407e-17,6.42525606326504e-17,1.0830754809486047e-14,1.1369684836437277e-14,3.451446656557152e-10,3.3628205889712746e-10,8.674731982029091e-12,8.451982665748024e-12,4.1203460770086126e-05,3.7453947002419444e-05,0.21897864669839884,0.18654495706908417,0.384776638082385,0.18774263806500158,0.08554395913755662,0.026565327550838576,9.852049020248016e-08,4.640090134037634e-08,4.839675162640855e-06,2.2028557636949023e-06,1.2700291714925273e-09,5.592980044495381e-10,1.54240206048358e-11,6.792461258771943e-12,1.982746899624781e-06,8.456973943573117e-07,7.822331344913408e-11,4.2711289923112776e-11,0.002689794664137302,0.0014118183886494516,3.9458180479529947e-07,1.993890666223919e-07,0.007893439856788744,0.003845376259515155,1.676058912538161e-06,7.881903447001944e-07,0.000850304285787291,0.00038646330988450063,6.487725655543348e-10,2.161070195639599e-10,9.634169749471245e-06,3.132203052811747e-06,5.230866042443791e-10,1.7006275593069094e-10,6.5164290237279414e-18,6.358166109225934e-18,4.634020721639549e-17,4.217935789169466e-17,4.3585454853276653e-14,3.7176207118378715e-14,2.0555507858112943e-09,1.6495116660601024e-09,3.757703966718687e-12,1.7695488433525405e-12,1.4435875263001815e-14,6.5750997369072905e-15,4.564941299036838e-22,1.3561180340410985e-22,1.0252021698320475e-14,3.1834341734357407e-15,1.1443829845609576e-17,5.0429067597032716e-18,4.930299440232778e-17,2.5898029224190857e-17,9.212029265614201e-10,4.658443856105517e-10,1.7434507196614452e-15,8.499471779528982e-16,8.111041115749156e-17,2.7015353941148563e-17,2.156863007861359e-18,6.85123733262971e-19,4.4714500237471565e-14,1.420348219707318e-14,9.5965137886294e-11,3.048315692378908e-11,1.9430605844351612e-16,6.320168114200307e-17,0.010328643949924037,0.005038897352947693,9.999999999999978e-31,3.42098008114137e-31,1.3522255039683072e-08,4.288940651808193e-09,6.639146235791953e-06,2.0576453313961033e-06,7.075874136077947e-10,2.246594628467035e-10,5.0878311422413225e-12,1.5784271021338908e-12
0.147,1309.4730841010169,5.297378234338723,0.2653887281872062,0.5629485621031751,0.061370723837682925,0.41597048565183214,3.023518917376715e-07,4.098679480350019e-06,5.834856617710089e-13,4.983439031953915e-13,2.0890079676376786e-13,8.920908024020947e-14,7.85695736881211e-08,6.312748456686276e-08,0.22739771141833762,0.17248193769280293,1.5424989591159625e-15,6.385924560031525e-16,3.1534737628071597e-13,1.26684451085238e-13,5.566117829632931e-17,6.332351707050407e-17,1.0700605704202615e-14,1.1231106199248037e-14,3.421189888799972e-10,3.332761089864675e-10,8.594813341349632e-12,8.372659925271576e-12,4.102913038448928e-05,3.72889950477286e-05,0.21892777077654332,0.1864691842001532,0.38500638585609526,0.18782207038140364,0.08553416409938866,0.0265576665992486,9.835046945901016e-08,4.6312770328877236e-08,4.8383802213520034e-06,2.201883379519436e-06,1.2614921936680828e-09,5.554418656374689e-10,1.530440225364231e-11,6.738611449914393e-12,1.9739553824540124e-06,8.418011512377042e-07,7.708717145539784e-11,4.2083617078097074e-11,0.002666521826787421,0.0013993595618377224,3.90827734072634e-07,1.9745772564277365e-07,0.007853117109037739,0.0038250672990752807,1.6660785313355715e-06,7.833606807004783e-07,0.0008483500438678466,0.00038550805596025353,6.440248604039813e-10,2.1448824687511698e-10,9.60237149012246e-06,3.121322107145296e-06,5.202113600275679e-10,1.690985627990384e-10,6.435895608605196e-18,6.278496578192605e-18,4.5996215240885406e-17,4.185897219466948e-17,4.343427944555515e-14,3.704081961283463e-14,2.0572415209109636e-09,1.6505813415857287e-09,3.7428576969996075e-12,1.76225104685398e-12,1.4306558357609277e-14,6.5150666834055285e-15,4.50407719214571e-22,1.3378043055147296e-22,1.0183287034386738e-14,3.161540960896753e-15,1.134534312158605e-17,4.998637601737149e-18,4.8961381842656095e-17,2.5714113499128533e-17,9.197566792049739e-10,4.6503214830663944e-10,1.7377888144200178e-15,8.470396260249399e-16,8.029785863193232e-17,2.674006711296915e-17,2.1286620247346687e-18,6.760481564449236e-19,4.4529299114506594e-14,1.4142193652324453e-14,9.579199804536946e-11,3.042286794627244e-11,1.9307264336121561e-16,6.278956889536857e-17,0.010328643949354014,0.005038021095827177,9.999999999999964e-31,3.4203851777341114e-31,1.3415192930806125e-08,4.254243138448481e-09,6.61099580002896e-06,2.0485644696397482e-06,7.045999009440405e-10,2.2367202263678941e-10,5.0320271108186684e-12,1.5608432211309732e-12
0.148,1309.1247599514427,5.297631178592626,0.2653760567588673,0.5667167995704635,0.061406872406111215,0.4161437638744006,3.013298277050997e-07,4.084120351856427e-06,5.781315284177608e-13,4.936859370213673e-13,2.0678346147954446e-13,8.828967278470479e-14,7.812811042260949e-08,6.276196746120537e-08,0.22725932235528248,0.17234725917363344,1.5266023007622619e-15,6.319023312449546e-16,3.1289376205808163e-13,1.2567709629017512e-13,5.487091020968635e-17,6.24137012454905e-17,1.057282761967777e-14,1.1095080685046085e-14,3.391391679787055e-10,3.3031636732959397e-10,8.516129328877783e-12,8.294579833965243e-12,4.085662464106455e-05,3.71258146869303e-05,0.21887714009667503,0.1863939287391208,0.38523387419404964,0.18790065751602794,0.08552451052584072,0.026550092426298737,9.818149634092566e-08,4.622523318799217e-08,4.837114168113402e-06,2.200927810120346e-06,1.2530730442427241e-09,5.516397744302713e-10,1.518653628595503e-11,6.6855619388286976e-12,1.9652660239923653e-06,8.379510901143639e-07,7.597476049953557e-11,4.146917833876766e-11,0.0026436024848101973,0.001387092645564734,3.8713351330879474e-07,1.9555758505986298e-07,0.00781326675136633,0.003805001211848339,1.6562217950128974e-06,7.785920005227992e-07,0.0008464132320939687,0.00038456163571210314,6.39343765189334e-10,2.1289253957088444e-10,9.57090858366099e-06,3.110558644772431e-06,5.173714896568915e-10,1.6814645606984284e-10,6.3568600560785994e-18,6.200325115050988e-18,4.565697309004054e-17,4.154308264496032e-17,4.328443328063179e-14,3.6906668448897383e-14,2.058915558663873e-09,1.6516397514316526e-09,3.728159690763113e-12,1.7550282401115914e-12,1.4179272814406188e-14,6.4559891820286335e-15,4.444434359276234e-22,1.3198616243374723e-22,1.0115464770032255e-14,3.1399433332158223e-15,1.1248368632817146e-17,4.955057499011453e-18,4.862422346533554e-17,2.5532639279527232e-17,9.18320794226124e-10,4.6422613466049867e-10,1.7321776294892417e-15,8.441590812620673e-16,7.949855378264976e-17,2.6469326942844715e-17,2.101025521548226e-18,6.671559893638973e-19,4.434611038603736e-14,1.408158675161446e-14,9.562037186520289e-11,3.036312654977376e-11,1.9185508540907432e-16,6.238285044187882e-17,0.010328643948791783,0.005037152770012251,9.999999999999987e-31,3.419795659001966e-31,1.3309676071622539e-08,4.22005402649322e-09,6.583154106980723e-06,2.0395855078845887e-06,7.016455049999481e-10,2.2269577389632909e-10,4.977193733671346e-12,1.5435688186970746e-12
0.149,1308.7787434784505,5.297884719651787,0.265363356647395,0.5704852173830584,0.06144271506879582,0.41631553037990887,3.003172010690422e-07,4.0697001981529905e-06,5.72859922701461e-13,4.891007664285469e-13,2.047013572469163e-13,8.738575238977458e-14,7.769201351598755e-08,6.240097953619411e-08,0.22712224838399744,0.17221388099585938,1.5109738886149232e-15,6.2532645986933465e-16,3.10475805879401e-13,1.2468459454443842e-13,5.40967402117967e-17,6.152259856255904e-17,1.0447363076773947e-14,1.0961545797817445e-14,3.362042246777935e-10,3.2740183645926704e-10,8.438653431596106e-12,8.217715388305015e-12,4.068591365374698e-05,3.696437626663271e-05,0.21882675347582298,0.18631918481501086,0.3854591403989599,0.18797841416190278,0.08551499605312787,0.02654260361296051,9.801356111480862e-08,4.613828357777304e-08,4.835876363611077e-06,2.19998870138618e-06,1.2447693539818252e-09,5.4789063028005e-10,1.507038599629577e-11,6.633295763316719e-12,1.956676986101044e-06,8.341463669676656e-07,7.488543877236876e-11,4.0867612881990836e-11,0.0026210290647702525,0.0013750134804236883,3.834978195386718e-07,1.9368794751998246e-07,0.007773880332617567,0.0037851735797680476,1.646486420257166e-06,7.738831601072013e-07,0.0008444935927776903,0.00038362391445669525,6.347279115266856e-10,2.1131941808005559e-10,9.539775164400582e-06,3.0999105792604644e-06,5.145663244576939e-10,1.6720620406967463e-10,6.279285422485012e-18,6.1236144227110995e-18,4.532238593978115e-17,4.123159827679681e-17,4.3135898229943267e-14,3.6773736083702724e-14,2.0605731730380655e-09,1.6526870882272042e-09,3.713607605517336e-12,1.747879209106011e-12,1.405397365987891e-14,6.3978458509218175e-15,4.385980397591484e-22,1.3022800664528462e-22,1.0048537053717766e-14,3.118635427933358e-15,1.115287339225827e-17,4.9121512564652716e-18,4.829143522325111e-17,2.5353559774397948e-17,9.16895149699153e-10,4.634262655872264e-10,1.7266164463947778e-15,8.413051473284191e-16,7.871220001313158e-17,2.6203030516388197e-17,2.0739384606094166e-18,6.584423075561489e-19,4.416489973456738e-14,1.4021649651875145e-14,9.545023720455e-11,3.030392445843257e-11,1.9065308356247942e-16,6.19814218674139e-17,0.010328643948237112,0.005036292252458403,9.999999999999971e-31,3.419211441408295e-31,1.3205672630653774e-08,4.18636271127537e-09,6.555615882082877e-06,2.030706672422967e-06,6.987236374771904e-10,2.2173051465442042e-10,4.9233081516560084e-12,1.5265965334727573e-12
0.15,1308.43500579884,5.298138826920586,0.26535062939354237,0.5742538159437081,0.0614782563539756,0.4164858080824367,2.993138714224903e-07,4.0554168905480695e-06,5.676690755213503e-13,4.845868126019728e-13,2.0265367670211563e-13,8.649696054427349e-14,7.726118407499378e-08,6.204443605433834e-08,0.22698646796390234,0.17208178172169072,1.4956074957083552e-15,6.188621634614159e-16,3.080927591919479e-13,1.2370663047265117e-13,5.333824362336676e-17,6.064971119933064e-17,1.0324156319871378e-14,1.0830440932342971e-14,3.3331320731696404e-10,3.2453154633628083e-10,8.362359857382006e-12,8.142040327120579e-12,4.051696818821647e-05,3.680465079418421e-05,0.2187766097055854,0.18624494664152638,0.3856822209128138,0.1880553546594829,0.08550561836828725,0.026535198771349636,9.784665412391214e-08,4.6051915234400675e-08,4.834666185636334e-06,2.1990657085356306e-06,1.236578815453975e-09,5.441933616764086e-10,1.495591566729391e-11,6.581796422693503e-12,1.9481864749311786e-06,8.303861583953432e-07,7.381858567768806e-11,4.027857189726894e-11,0.002598794202302411,0.001363118022979639,3.799193670743271e-07,1.9184813551046128e-07,0.00773494960724899,0.0037655800936904006,1.636870180043676e-06,7.692330439743407e-07,0.0008425908738707387,0.00038269476051515177,6.301759676966543e-10,2.0976841581414372e-10,9.508965508139203e-06,3.0893758750926737e-06,5.117952125827635e-10,1.6627758102474437e-10,6.203135889508735e-18,6.048328350029798e-18,4.4992361408860216e-17,4.092443049681691e-17,4.298865647831912e-14,3.664200529452555e-14,2.062214631764118e-09,1.6537235400793105e-09,3.699199148133816e-12,1.7408027660463777e-12,1.3930617188312661e-14,6.340615916752644e-15,4.328683964010044e-22,1.2850500347018932e-22,9.982486488426403e-15,3.097611533715173e-15,1.1058825334982393e-17,4.8699041078847585e-18,4.796293511492881e-17,2.517682934883214e-17,9.154796255923617e-10,4.6263246336734157e-10,1.7211045602285323e-15,8.384774356782205e-16,7.793850908017527e-17,2.5941077847081082e-17,2.047386299902574e-18,6.499023499976399e-19,4.398563362698238e-14,1.3962370785460153e-14,9.528157236975487e-11,3.0245253569158176e-11,1.8946634424388904e-16,6.158518186406637e-17,0.010328643947689871,0.00503543942281134,9.999999999999997e-31,3.418632443242903e-31,1.3103151627844349e-08,4.153158874849745e-09,6.5283759762663446e-06,2.0219262323295466e-06,6.958337243415516e-10,2.2077604789918897e-10,4.87034818165876e-12,1.5099192237375972e-12
0.151,1308.0935185553494,5.29839347079188,0.2653378764879887,0.5780225956341013,0.0615135006937579,0.4166546193995736,2.983197011585835e-07,4.041268344145374e-06,5.625572659096979e-13,4.801425401449096e-13,2.0063963592611125e-13,8.562294924013725e-14,7.683552561933572e-08,6.169225437380966e-08,0.22685196004423835,0.1719509404042976,1.4804970777350313e-15,6.125068428544113e-16,3.057438937504293e-13,1.227428973411218e-13,5.259500944939702e-17,5.979455749731345e-17,1.0203153262280553e-14,1.070170731343766e-14,3.304651900502693e-10,3.21704553512799e-10,8.287223513311609e-12,8.06752910890594e-12,4.0349759648265566e-05,3.664660992311159e-05,0.21872670756983764,0.18617120852959596,0.3859031513484063,0.1881314930108147,0.08549637521135137,0.02652787654502086,9.768076578300715e-08,4.596612196674789e-08,4.833483028567438e-06,2.1981584958383545e-06,1.2284991809990728e-09,5.405469251848794e-10,1.4843090537642002e-11,6.531047862675962e-12,1.9397927395996113e-06,8.266696609898529e-07,7.277360090016233e-11,3.970171805807163e-11,0.0025768907308249805,0.001351402339605527,3.7639690564097255e-07,1.9003749037813462e-07,0.007696466516646485,0.003746216543998667,1.6273708994190224e-06,7.646405631699372e-07,0.000840704827800318,0.0003817740446714071,6.256866374079988e-10,2.0823907872682072e-10,9.478474027061581e-06,3.078952545853078e-06,5.090575185420298e-10,1.6536036689299565e-10,6.128376727627064e-18,5.974431854085185e-18,4.4666809492579245e-17,4.0621493018263074e-17,4.28426905215938e-14,3.651145917521581e-14,2.0638401965805923e-09,1.6547492907625297e-09,3.684932073741155e-12,1.7337977487567314e-12,1.3809160928538682e-14,6.284279198333162e-15,4.272514738032033e-22,1.2681622472314874e-22,9.917296120847836e-15,3.07686608663298e-15,1.0966193289377137e-17,4.828301702329529e-18,4.763864312863045e-17,2.5002403491753334e-17,9.140741036925752e-10,4.6184465159787023e-10,1.7156412790256339e-15,8.356755652177486e-16,7.717720084873858e-17,2.5683371788794854e-17,2.0213549753291254e-18,6.415315131897162e-19,4.380827929577861e-14,1.3903738853331533e-14,9.511435609727063e-11,3.018710594521489e-11,1.8829458110079454e-16,6.119403165142585e-17,0.010328643947149913,0.005034594163343,1.0000000000000003e-30,3.418058584578543e-31,1.300208288509949e-08,4.1204324696825215e-09,6.501429350423884e-06,2.01324249452282e-06,6.929752051940168e-10,2.1983218136389535e-10,4.8182922856353775e-12,1.4935299573956065e-12
0.152,1307.7542538667676,5.298648622719284,0.2653250993677417,0.5817915568156214,0.0615484524280052,0.41682198627328637,2.9733455539326097e-07,4.027252516598177e-06,5.575228193175687e-13,4.757664555227964e-13,1.9865847345716209e-13,8.47633805303018e-14,7.641494399927237e-08,6.134435387646843e-08,0.2267187040582542,0.17182133657923462,1.4656367661121474e-15,6.062579751071107e-16,3.0342850098652697e-13,1.2179309678549985e-13,5.186663982200395e-17,5.895667130086899e-17,1.0084301417997454e-14,1.0575287920964556e-14,3.276592718925665e-10,3.1891994014627625e-10,8.21321998020516e-12,7.994156885491923e-12,4.018426005292934e-05,3.649022593003363e-05,0.21867704582504693,0.18609796486707533,0.38612196650565467,0.1882068428852102,0.0854872643696386,0.02652063560667357,9.751588658809563e-08,4.5880897659702806e-08,4.832326302797364e-06,2.1972667363000027e-06,1.220528260894263e-09,5.369503045721236e-10,1.4731876770334503e-11,6.481034460401887e-12,1.931494070870667e-06,8.22996090715764e-07,7.174990376351976e-11,3.913672515235709e-11,0.0025553116806067396,0.001339862605752336,3.729292199645412e-07,1.8825537208162456e-07,0.00765842319988652,0.003727078825536011,1.6179864572173325e-06,7.601046559962758e-07,0.0008388352126692837,0.0003808616407027585,6.212586586675662e-10,2.0673096490872716e-10,9.448295266526517e-06,3.068638653011817e-06,5.063526226114788e-10,1.6445434715660813e-10,6.054974251412422e-18,5.90189095457493e-18,4.434564247402543e-17,4.0322701774725223e-17,4.269798315531012e-14,3.638208112487892e-14,2.0654501233238643e-09,1.6557645197747097e-09,3.6708041842005765e-12,1.726863019858937e-12,1.3689563588530956e-14,6.2288160801784285e-15,4.2174433770953717e-22,1.2516077237055867e-22,9.852949423028163e-15,3.0563936641039223e-15,1.0874946943470475e-17,4.787330088425246e-18,4.7318481176964996e-17,2.4830238778662076e-17,9.126784676266473e-10,4.6106275519010707e-10,1.7102259238730612e-15,8.328991623200978e-16,7.642800296852656e-17,2.5429817922376115e-17,1.995830879886469e-18,6.333253442832823e-19,4.3632804712126675e-14,1.3845742815606088e-14,9.494856755028544e-11,3.012947381413883e-11,1.8713751478060656e-16,6.080787489677362e-17,0.01032864394661708,0.0050337563588602275,1.0000000000000003e-30,3.4174897872089784e-31,1.2902437028840501e-08,4.088173718833034e-09,6.474771087664321e-06,2.0046538074268566e-06,6.901475331053348e-10,2.18898727459392e-10,4.767119557173911e-12,1.4774220074042376e-12
0.153,1307.41718435329,5.29890425509204,0.26531229942242507,0.5855606998300122,0.06158311580508194,0.4169879301737404,2.9635830192287174e-07,4.013367407383595e-06,5.525641063074648e-13,4.714571058632568e-13,1.967094496858866e-13,8.391792625167224e-14,7.599934734135614e-08,6.10006559193364e-08,0.22658667990564954,0.17169295024878045,1.4510208624887066e-15,6.0011311109047175e-16,3.0114589137111957e-13,1.2085693853751802e-13,5.115274955127799e-17,5.813560142097766e-17,9.967549854582021e-15,1.0451127437272275e-14,3.2489457604528773e-10,3.161768132909834e-10,8.140325494242984e-12,7.921899482748925e-12,4.002044202748197e-05,3.633547170461417e-05,0.21862762321938756,0.1860252101334093,0.38633870039745444,0.18828141763147258,0.0854782836788928,0.02651347465825892,9.735200711411024e-08,4.579623627232452e-08,4.831195434280678e-06,2.19639011142481e-06,1.2126639216332064e-09,5.334025099890978e-10,1.462224142538906e-11,6.4317410115283435e-12,1.923288800107199e-06,8.193646824123536e-07,7.074693238853388e-11,3.858327760520945e-11,0.002534050268361506,0.001328495100274102,3.6951512806495996e-07,1.865011582935977e-07,0.007620811976011696,0.0037081629287176393,1.608714782104346e-06,7.556242860883951e-07,0.0008369817911192899,0.0003799574248531324,6.168908027281291e-10,2.0524364421147427e-10,9.418423900922316e-06,3.0584323044442617e-06,5.036799204599368e-10,1.6355931268752235e-10,5.982895787871522e-18,5.830672701080915e-18,4.40287748701843e-17,4.002797486623327e-17,4.255451747550331e-14,3.6253854847267104e-14,2.0670446621251585e-09,1.6567694024951848e-09,3.656813327363375e-12,1.7199974663440904e-12,1.3571785028461894e-14,6.174207499134697e-15,4.163441484282328e-22,1.2353777752222465e-22,9.789430284006306e-15,3.036188981974173e-15,1.0785056820551685e-17,4.746975702835525e-18,4.7002373051481927e-17,2.4660292845231592e-17,9.112926028102172e-10,4.6028670033554204e-10,1.7048578283950517e-15,8.30147860545776e-16,7.569065066662596e-17,2.5180324481366828e-17,1.970800848242944e-18,6.252795359356152e-19,4.3459178572412324e-14,1.3788371886549545e-14,9.478418630577752e-11,3.007234956294557e-11,1.8599487274908024e-16,6.042661765029326e-17,0.010328643946091225,0.005032925896665476,1.0000000000000006e-30,3.416925974622274e-31,1.2804185444252642e-08,4.056373100889957e-09,6.448396378349173e-06,1.9961585562275597e-06,6.87350174073806e-10,2.1797550308975354e-10,4.716809693393285e-12,1.461588842690146e-12
0.154,1307.0822831085093,5.299160341198773,0.2652994779961136,0.5893300250000175,0.061617494986806035,0.4171524721244575,2.953908111014603e-07,3.99961105592521e-06,5.476795407953007e-13,4.672130773670422e-13,1.9479184598299507e-13,8.308626763340922e-14,7.558864595520681e-08,6.066108375393296e-08,0.22645586792746675,0.17156576185768802,1.4366438319848406e-15,5.940698725458919e-16,2.988953936392707e-13,1.1993414009533275e-13,5.045296561053235e-17,5.733091102467816e-17,9.852849132282514e-15,1.0329172180171411e-14,3.221702489506205e-10,3.1347430392196756e-10,8.068516921569744e-12,7.850733374388512e-12,3.9858278777528606e-05,3.618232072360657e-05,0.21857843849227188,0.18595293889446776,0.3865533862849794,0.188355230291489,0.08546943102621575,0.026506392431194434,9.718911800518695e-08,4.571213183174181e-08,4.830089863968432e-06,2.1955283108906733e-06,1.20490408365954e-09,5.299025769074583e-10,1.4514152424109802e-11,6.383152713537176e-12,1.9151752975325025e-06,8.157746889904551e-07,6.976414290123428e-11,3.804107002916057e-11,0.002513099889255118,0.0013172962010061916,3.661534798665122e-07,1.8477424366170618e-07,0.0075836253348244955,0.0036894649347393262,1.5995538502207971e-06,7.511984412320601e-07,0.0008351443299624215,0.0003790612756494382,6.125818727336662e-10,2.037766977685518e-10,9.3888547277243e-06,3.048331652319001e-06,5.010388225059395e-10,1.6267505952301565e-10,5.912109636415016e-18,5.760745132161752e-18,4.371612334431312e-17,3.9737232474180865e-17,4.241227686467428e-14,3.612676433696793e-14,2.0686240576915516e-09,1.6577641103816547e-09,3.642957395071383e-12,1.7131999985258513e-12,1.3455786214343121e-14,6.120434922114096e-15,4.110481568871955e-22,1.2194639921104698e-22,9.726722993040942e-15,3.0162468889542945e-15,1.0696494245809879e-17,4.707225354732442e-18,4.66902443496938e-17,2.4492524346113448e-17,9.099163963385605e-10,4.5951641443489857e-10,1.6995363381351857e-15,8.274213002998016e-16,7.49648864539188e-17,2.49348022488305e-17,1.9462521379625103e-18,6.173899201054627e-19,4.3287370267263637e-14,1.3731615523803355e-14,9.462119233146181e-11,3.001572572963828e-11,1.8486638901419895e-16,6.005016824875582e-17,0.010328643945572242,0.00503210266643222,1.0000000000000004e-30,3.4163670719161934e-31,1.2707300242358805e-08,4.0250213389306854e-09,6.4223005138369185e-06,1.987755160797434e-06,6.84582606436342e-10,2.1706232944986744e-10,4.6673429698050605e-12,1.4460241199770563e-12
0.155,1306.7495236835189,5.299416855270535,0.26528663638519756,0.5930995326300513,0.06165159404863079,0.4173156327045254,2.9443195584098515e-07,3.9859815414761506e-06,5.428675789186715e-13,4.630329942676433e-13,1.9290496402750833e-13,8.226809499350364e-14,7.51827522927238e-08,6.032556248927538e-08,0.22632624891312106,0.1714397522972131,1.4225002982090062e-15,5.88125949898754e-16,2.966763544040654e-13,1.1902442655338217e-13,4.9766926706723894e-17,5.654217712386703e-17,9.740151253700603e-15,1.0209370047345486e-14,3.194854596650909e-10,3.1081156627924684e-10,7.997771741425915e-12,7.78063566430314e-12,3.969774408138178e-05,3.603074704238799e-05,0.2185294903635062,0.18588114579277154,0.3867660566791838,0.18842829360156613,0.08546070434031017,0.02649938768324399,9.70272099941675e-08,4.562857844185211e-08,4.829009047400777e-06,2.194681032346242e-06,1.1972467203286761e-09,5.264495656107697e-10,1.4407578529320653e-11,6.335255156248549e-12,1.9071519717091217e-06,8.122253811681628e-07,6.880100893373895e-11,3.750980693583587e-11,0.002492454117113382,0.0013062623846817774,3.6284315699902417e-07,1.830740396762665e-07,0.007546855947500313,0.003670981020521735,1.5905016870237986e-06,7.468261341728638e-07,0.0008333226012506744,0.00037817307437942833,6.083307030514164e-10,2.0232971775045222e-10,9.359582666953052e-06,3.0383348928134957e-06,4.984287536208636e-10,1.6180138875794678e-10,5.8425850356376754e-18,5.692077241302296e-18,4.3407606652500825e-17,3.945039680843851e-17,4.2271244992347736e-14,3.6000793878878e-14,2.0701885492611654e-09,1.6587488109428576e-09,3.629234322817249e-12,1.7064695498161054e-12,1.3341529182282947e-14,6.067480328848709e-15,4.058537012993105e-22,1.203858233589724e-22,9.664812229207311e-15,2.996562363112223e-15,1.0609231324001266e-17,4.66806621526348e-18,4.638202243986316e-17,2.432689293421697e-17,9.085497370862148e-10,4.587518261432062e-10,1.6942608109581415e-15,8.247191290049349e-16,7.425045989997866e-17,2.4693164477765533e-17,1.9221724143034e-18,6.096524630084724e-19,4.31173498713522e-14,1.367546342454105e-14,9.445956599631009e-11,2.9959595006065914e-11,1.8375180401436679e-16,5.96784372741823e-17,0.01032864394506001,0.005031286560194172,1.0000000000000017e-30,3.4158130057909173e-31,1.2611754266465377e-08,3.9941094020673404e-09,6.396478897720455e-06,1.979442079083658e-06,6.818443209105495e-10,2.1615903202851092e-10,4.6187002317862675e-12,1.4307216808102107e-12
0.156,1306.4188800958204,5.299673772356654,0.2652737758446183,0.5968692230067802,0.06168541698275943,0.41747743206399607,2.934816115149969e-07,3.972476981634997e-06,5.381267175810206e-13,4.589155175100424e-13,1.9104812514033596e-13,8.146310743705106e-14,7.478158087437813e-08,5.999401902765014e-08,0.2261978040719103,0.17131490287954235,1.4085850375909168e-15,5.822790997850799e-16,2.94488137433305e-13,1.1812753029566032e-13,4.909428284861208e-17,5.576899006171814e-17,9.629409616372524e-15,1.0091670463781493e-14,3.1683939910321935e-10,3.081877770824831e-10,7.928068025645588e-12,7.711584065296245e-12,3.95388122724455e-05,3.588072527689813e-05,0.21848077755054002,0.18580982555867753,0.38697674337733706,0.18850062000781956,0.08545210159757718,0.02649245919989716,9.686627388862778e-08,4.5545570275557736e-08,4.827952454227192e-06,2.1938479811408814e-06,1.1896898558535056e-09,5.230425602324142e-10,1.4302489314139758e-11,6.288034307224996e-12,1.8992172680526303e-06,8.087160467839815e-07,6.785702079686725e-11,3.698920226878508e-11,0.002472106692668305,0.001295390220564492,3.5958307092761544e-07,1.8139997369276983e-07,0.0075104966452714675,0.00365270744806835,1.5815563625654368e-06,7.425064003329524e-07,0.0008315163808847761,0.0003772927044467578,6.041361580456025e-10,2.0090230693171158e-10,9.330602755225327e-06,3.0284402640292443e-06,4.958491526203225e-10,1.6093810636608793e-10,5.774292131761552e-18,5.624638944468514e-18,4.310314557770369e-17,3.9167392042617453e-17,4.2131405807763305e-14,3.5875928040429104e-14,2.0717383709096444e-09,1.6597236679661223e-09,3.6156420882618084e-12,1.699805075937937e-12,1.322897700615638e-14,6.0153261961415746e-15,4.00758203982281e-22,1.1885526178901409e-22,9.603683049861182e-15,2.9771305079777884e-15,1.0523240912482851e-17,4.629485804933782e-18,4.6077636402130126e-17,2.4163359227270394e-17,9.071925155746736e-10,4.579928652905641e-10,1.6890306162039047e-15,8.220410006549755e-16,7.354712741100657e-17,2.4455326812333002e-17,1.898549734642865e-18,6.020632599549528e-19,4.2949088120873676e-14,1.3619905517518555e-14,9.429928804508575e-11,2.990395022890206e-11,1.8265086438171507e-16,5.931133747116756e-17,0.01032864394455434,0.005030477472254797,1.0000000000000015e-30,3.4152637044875973e-31,1.251752104000527e-08,3.9636284883837776e-09,6.370927027820633e-06,1.971217801415266e-06,6.791348198786755e-10,2.1526544036792908e-10,4.5708628642908575e-12,1.4156755418295697e-12
0.157,1306.0903267801032,5.299931068418657,0.265260897583185,0.6006390963997722,0.06171896770115178,0.417637889940298,2.92539655903248e-07,3.959095531437845e-06,5.334554930742992e-13,4.548593435017513e-13,1.8922066949168075e-13,8.06710125018435e-14,7.438504822401045e-08,5.96663820076518e-08,0.22607051503363781,0.17119119533506644,1.3948929738290799e-15,5.765271426339253e-16,2.92330123180333e-13,1.1724319079214856e-13,4.843469489911754e-17,5.5010952982511574e-17,9.520578956528736e-15,9.976024320128333e-15,3.1423127926393517e-10,3.0560213473227664e-10,7.85938441799955e-12,7.643556877750705e-12,3.9381458220688973e-05,3.573223058497027e-05,0.2184322987463641,0.18573897298890601,0.387185477471682,0.18857222166876123,0.08544362081455877,0.026485605791630847,9.670630058352516e-08,4.546310157973502e-08,4.826919567744414e-06,2.193028870072846e-06,1.1822315639251725e-09,5.196806680949198e-10,1.4198855137291606e-11,6.2414765001129e-12,1.8913696678548398e-06,8.052459903322527e-07,6.693168503055484e-11,3.647897914326538e-11,0.0024520515250815353,0.0012846763710544376,3.5637216289393514e-07,1.7975148887071382e-07,0.007474540433843846,0.0036346405712315765,1.5727159940146456e-06,7.382382989348042e-07,0.0008297254500535038,0.00037642005201263143,5.999971312282093e-10,1.9949407838524636e-10,9.301910143925632e-06,3.018646045262452e-06,4.932994718051804e-10,1.6008502303875506e-10,5.7072019419787224e-18,5.558401042796289e-18,4.280266285697094e-17,3.88881442435008e-17,4.199274353052839e-14,3.575215166227225e-14,2.0732737515732543e-09,1.6606888415245687e-09,3.6021787100542846e-12,1.693205554290983e-12,1.3118093753541673e-14,5.963955476851906e-15,3.9575916782877533e-22,1.1735395113624536e-22,9.543320876188413e-15,2.9579465477685844e-15,1.0438496594178452e-17,4.5914719810105106e-18,4.5777016976328335e-17,2.400188477809049e-17,9.058446240232489e-10,4.572394628975742e-10,1.6838451349601618e-15,8.193865759168503e-16,7.285465196161122e-17,2.4221207194052254e-17,1.875372532492941e-18,5.946185300715036e-19,4.278255639207296e-14,1.3564931955540085e-14,9.414033960073147e-11,2.9848784379606885e-11,1.8156332277006952e-16,5.894878368567871e-17,0.010328643944055199,0.005029675299118934,1.0000000000000029e-30,3.414719097741898e-31,1.2424574778385822e-08,3.9335700281839825e-09,6.345640511459448e-06,1.9630808551223734e-06,6.764536173721339e-10,2.1438138804690327e-10,4.5238127847183486e-12,1.400879892238751e-12
0.158,1305.763838615851,5.3001887202065685,0.2652480027697863,0.6044091530620571,0.06175225003597197,0.4177970256604284,2.916059691568243e-07,3.9458353827618615e-06,5.288524800224721e-13,4.5086320314389544e-13,1.8742195561396495e-13,7.989152593556391e-14,7.399307282513114e-08,5.934258176508035e-08,0.2259443638322894,0.17106861179814514,1.381419173491115e-15,5.708679607359623e-16,2.9020170825366095e-13,1.1637115437216841e-13,4.778783422030243e-17,5.426768140813153e-17,9.413615312119633e-15,9.862383931444064e-15,3.1166033269099494e-10,3.030538587432414e-10,7.791700119430963e-12,7.57653297413667e-12,3.922565732586043e-05,3.558523865864005e-05,0.2183840526389364,0.18566858296180486,0.38739228937256903,0.18864311046633347,0.08543526004970074,0.02647882629426362,9.654728105781264e-08,4.538116667301735e-08,4.82590988452978e-06,2.1922234191979485e-06,1.1748699662804878e-09,5.163630190317136e-10,1.4096647120739888e-11,6.195568424082244e-12,1.8836076874151928e-06,8.018145325522307e-07,6.602452369674514e-11,3.5978869446611836e-11,0.0024322826820945324,0.0012741175863504378,3.532094023892458e-07,1.7812804337424657e-07,0.007438980475997285,0.003616776827036595,1.5639787418484147e-06,7.340209111597689e-07,0.0008279495940654912,0.00037555500545711216,5.9591254438503e-10,1.9810465517084043e-10,9.273500095540484e-06,3.0089505557047587e-06,4.907791766573467e-10,1.5924195407531072e-10,5.64128632959365e-18,5.493335196889668e-18,4.250608313872214e-17,3.86125813282442e-17,4.1855242651875477e-14,3.5629449858293426e-14,2.074794915230099e-09,1.6616444881231696e-09,3.5888422472424763e-12,1.6866699836091091e-12,1.300884446275299e-14,5.913351588559775e-15,3.908541737142209e-22,1.1588115203981201e-22,9.483711485781223e-15,2.939005824827449e-15,1.0354972658039783e-17,4.5540129282878795e-18,4.5480096524758296e-17,2.3842432052960484e-17,9.045059562928856e-10,4.5649155114031166e-10,1.6787037595554112e-15,8.167555218602127e-16,7.217280293225027e-17,2.399072580350961e-17,1.85262960482119e-18,5.873146120853614e-19,4.261772669058669e-14,1.3510533111478422e-14,9.398270215177299e-11,2.979409057987611e-11,1.8048893770387853e-16,5.859069281128937e-17,0.010328643943562374,0.00502887993946227,1.000000000000002e-30,3.4141791167633416e-31,1.2332890346747368e-08,3.903925670157857e-09,6.320615050488782e-06,1.9550297998132055e-06,6.738002385764528e-10,2.1350671251375119e-10,4.477532418408114e-12,1.3863290859158614e-12
0.159,1305.4393909366167,5.300446705163593,0.2652350925381771,0.6081793932306203,0.061785267741561616,0.4179548581508164,2.906804337288061e-07,3.93269476324099e-06,5.243162901662666e-13,4.4692586072676385e-13,1.8565135985510865e-13,7.912437144764958e-14,7.360557506256815e-08,5.9022550281850287e-08,0.22581933288632777,0.1709471347892798,1.3681588412405172e-15,5.652994961588081e-16,2.8810230483356546e-13,1.1551117397630162e-13,4.715338230198232e-17,5.3538802796557056e-17,9.30847598174685e-15,9.750702991695023e-15,3.0912581184179724e-10,3.0054218908770314e-10,7.724994870854013e-12,7.510491781145484e-12,3.9071385504135584e-05,3.543972571031785e-05,0.21833603792456585,0.18559865044630883,0.3875972088350497,0.1887132980174181,0.08542701740653773,0.02647211956958605,9.638920636597064e-08,4.529975994091716e-08,4.824922914026254e-06,2.1914313556031063e-06,1.1676032310516227e-09,5.13088764611785e-10,1.399583712416753e-11,6.1502971118699995e-12,1.8759298768986512e-06,7.984210098970621e-07,6.513507370742996e-11,3.548861345827477e-11,0.002412794381241021,0.0012637106996701269,3.5009378570328844e-07,1.765291096113909e-07,0.007403810075990653,0.0035991127278730837,1.5553428063597684e-06,7.298533384536696e-07,0.0008261886013389106,0.0003746974549103583,5.918813465936826e-10,1.9673366998728914e-10,9.245367979311192e-06,2.999352152907672e-06,4.882877454488141e-10,1.584087192448826e-10,5.5765179767404185e-18,5.4294138987857045e-18,4.221333292835058e-17,3.8340633010869386e-17,4.171888792982483e-14,3.5507808010240836e-14,2.0763020811159735e-09,1.6625907608617818e-09,3.57563079817105e-12,1.6801973833687358e-12,1.2901195117741428e-14,5.8634984012578744e-15,3.8604087784071945e-22,1.1443614831704838e-22,9.424841003820029e-15,2.920303796618216e-15,1.0272644076675784e-17,4.517097148603122e-18,4.518680898479768e-17,2.368496440460288e-17,9.031764078040708e-10,4.5574906329950616e-10,1.6736058929661834e-15,8.141475116408886e-16,7.150135591895617e-17,2.3763804992867035e-17,1.8303100994493184e-18,5.801479601387118e-19,4.24545716345503e-14,1.3456699572251459e-14,9.382635753550531e-11,2.9739862085581046e-11,1.7942747339149496e-16,5.82369837236411e-17,0.010328643943075793,0.005028091294069802,1.0000000000000022e-30,3.4136436941934683e-31,1.224244322039719e-08,3.874687268393727e-09,6.2958464282036295e-06,1.9470632232282183e-06,6.711742193010582e-10,2.1264125490723646e-10,4.432004674967748e-12,1.3720176337888836e-12
0.16,1305.116959478928,5.300705001501672,0.26522216798321446,0.611949817126949,0.06181802449847084,0.41811140595854446,2.897629342941836e-07,3.9196719350166665e-06,5.198455709890933e-13,4.4304611269011173e-13,1.8390827561542988e-13,7.836928036909963e-14,7.322247715106097e-08,5.870622112423058e-08,0.22569540499204135,0.17082674720618443,1.3551073145122739e-15,5.598197484361412e-16,2.860313401723828e-13,1.1466300894176058e-13,4.653103034978529e-17,5.2823956054927995e-17,9.205119472114792e-15,9.640936516280681e-15,3.066269883191232e-10,2.9806638540605496e-10,7.659248932678997e-12,7.445413258642481e-12,3.8918619166606674e-05,3.529566845139967e-05,0.21828825328847062,0.18552917048188491,0.38780026497445846,0.18878279567881895,0.08541889102957415,0.026465484503569992,9.623206764313281e-08,4.521887583708008e-08,4.82395817809633e-06,2.1906524131531513e-06,1.1604295712629636e-09,5.098570774278996e-10,1.38963977193841e-11,6.105649927784669e-12,1.8683348191701113e-06,7.950647739895054e-07,6.426288637836663e-11,3.500795959330267e-11,0.00239358098962516,0.0012534526269570986,3.470243356734988e-07,1.749541740788348e-07,0.007369022689319369,0.00358164486600028,1.5468064292367464e-06,7.257347032101862e-07,0.0008244422644802256,0.00037384729272953247,5.879025133133709e-10,1.9538076484807132e-10,9.217509268355083e-06,2.9898492317093576e-06,4.858246687395067e-10,1.575851426114684e-10,5.512870350238042e-18,5.366610437271623e-18,4.192434051416361e-17,3.807223073082452e-17,4.1583664376743245e-14,3.5387211755698516e-14,2.0777954638195433e-09,1.6635278094911449e-09,3.562542498999722e-12,1.6737867930106442e-12,1.2795112604102407e-14,5.814380216457113e-15,3.813170084445444e-22,1.130182459500602e-22,9.366695887741736e-15,2.901836030695575e-15,1.0191486479587968e-17,4.480713448419888e-18,4.4897089812653565e-17,2.3529446040447585e-17,9.018558755324867e-10,4.5501193374638395e-10,1.6685509488460007e-15,8.115622244827012e-16,7.084009247639058e-17,2.3540369196246505e-17,1.8084034998627264e-18,5.731151387879183e-19,4.229306442970965e-14,1.3403422130204546e-14,9.367128793217474e-11,2.968609228403202e-11,1.7837869953178772e-16,5.788757721257322e-17,0.010328643942595332,0.005027309265744025,1.000000000000002e-30,3.41311276404353e-31,1.2153209488957518e-08,3.845846883224692e-09,6.271330520355478e-06,1.9391797445406978e-06,6.685751058370815e-10,2.1178485999953293e-10,4.387212939114456e-12,1.3579402007097917e-12
0.161,1304.796520335924,5.300963588303006,0.2652092301557952,0.6157204249576513,0.06185052391580569,0.4182666872643938,2.888533577130482e-07,3.906765194108859e-06,5.154390045816053e-13,4.392227865932149e-13,1.8219211265583144e-13,7.76259913439766e-14,7.284370308287801e-08,5.839352939695777e-08,0.22557256332792697,0.17070743232458008,1.3422600588842176e-15,5.544267725536344e-16,2.83988256232126e-13,1.1382642484425872e-13,4.5920478912096257e-17,5.2122791098124776e-17,9.10350545044376e-15,9.533040789947425e-15,3.041631522264716e-10,2.9562572634140806e-10,7.59444306765013e-12,7.381277881947026e-12,3.8767335204455274e-05,3.515304407727463e-05,0.21824069738223417,0.18546013815732185,0.3880014862706557,0.18885161454817556,0.0854108790956061,0.026458920003375797,9.607585612035901e-08,4.513850888967236e-08,4.823015210644173e-06,2.1898863322863488e-06,1.1533472437672393e-09,5.06667150583705e-10,1.3798302170576792e-11,6.0616145583558525e-12,1.8608211290639022e-06,7.917451912705598e-07,6.340752708660267e-11,3.4536664203234255e-11,0.0023746370265237825,0.0012433403680813524,3.440001018106983e-07,1.7340273739875734e-07,0.0073346119388021346,0.0035643699211571284,1.5383678964706147e-06,7.216641500842173e-07,0.0008227103818420047,0.00037300441419558486,5.839750457187514e-10,1.9404559084050995e-10,9.189919538640884e-06,2.9804402237898936e-06,4.833894489960741e-10,1.5677105239994325e-10,5.45031767065258e-18,5.304898866435622e-18,4.1639035906546193e-17,3.78073075940203e-17,4.144955725218518e-14,3.526764698086991e-14,2.0792752732667634e-09,1.6644557803928968e-09,3.5495755228115408e-12,1.6674372714544988e-12,1.2690564670137227e-14,5.765981748676755e-15,3.7668036280820567e-22,1.1162677216538109e-22,9.309262914930403e-15,2.8835982006454114e-15,1.0111476130710247e-17,4.4448509283671105e-18,4.461087594092261e-17,2.337584199840474e-17,9.005442580770806e-10,4.5428009796875413e-10,1.6635383518990502e-15,8.089993458338971e-16,7.01887998904736e-17,2.3320344850318686e-17,1.7868996116075694e-18,5.662128185198362e-19,4.213317885205852e-14,1.335069177700601e-14,9.351747587074427e-11,2.9632774695159366e-11,1.7734239117946615e-16,5.754239593394366e-17,0.0103286439421209,0.005026533759252779,1.0000000000000024e-30,3.4125862616590715e-31,1.2065165872849073e-08,3.817396786019135e-09,6.247063311780729e-06,1.9313780194077073e-06,6.660024550267175e-10,2.109373762081603e-10,4.343141066514333e-12,1.344091603896585e-12
0.162,1304.4780500684906,5.301222445171789,0.26519628008029833,0.6194912169148281,0.06188276952843172,0.41842071986731305,2.879515930206217e-07,3.893972870211374e-06,5.110953070353243e-13,4.354547405446979e-13,1.805022970197257e-13,7.689425028413945e-14,7.24691786126747e-08,5.808441172819779e-08,0.22545079142343508,0.17058917377459562,1.3296126654180762e-15,5.491186777609826e-16,2.8197250915176786e-13,1.1300119327376916e-13,4.532143766075102e-17,5.143496858347113e-17,9.003594731595273e-15,9.426973351292802e-15,3.0173361193837824e-10,2.932195092834706e-10,7.530558533843191e-12,7.318066634137216e-12,3.861751099557922e-05,3.501183027235359e-05,0.21819336888704796,0.18539154866520544,0.388200900602034,0.18891976548216333,0.08540297982517951,0.026452425000995625,9.592056310282748e-08,4.505865369102697e-08,4.822093557363212e-06,2.189132859900072e-06,1.1463545479115558e-09,5.035181970712887e-10,1.3701524416862984e-11,6.018179004109787e-12,1.8533874527454876e-06,7.884616427003158e-07,6.25685743925214e-11,3.407449108638493e-11,0.002355957142907264,0.001233370995977713,3.4102015739067204e-07,1.7187431282965822e-07,0.00730057156441153,0.0035472846360298568,1.5300255280894484e-06,7.176408411365436e-07,0.0008209927535715253,0.00037216871571770914,5.800979699136428e-10,1.9272780784858745e-10,9.162594464018587e-06,2.9711235959941985e-06,4.809816005146582e-10,1.5596628096332795e-10,5.388834902477925e-18,5.2442539949109874e-18,4.135735083222171e-17,3.7545798364591176e-17,4.1316552075126755e-14,3.5149099830412947e-14,2.0807417150348643e-09,1.6653748168480198e-09,3.536728079720654e-12,1.661147897109461e-12,1.2587519932985823e-14,5.7182881275324096e-15,3.72128806069412e-22,1.1026107504942833e-22,9.252529184796886e-15,2.865586086533981e-15,1.003258991927664e-17,4.409498978725754e-18,4.432810576174552e-17,2.322411813646377e-17,8.992414555035975e-10,4.5355349249070393e-10,1.6585675365869325e-15,8.064585667254404e-16,6.954727114466947e-17,2.310366037973971e-17,1.765788555586919e-18,5.594377734707886e-19,4.197488925112524e-14,1.3298499704301969e-14,9.336490420331833e-11,2.95799029632157e-11,1.763183286360441e-16,5.720136437077286e-17,0.010328643941652355,0.0050257646813522345,1.0000000000000032e-30,3.4120641237355625e-31,1.1978289627753903e-08,3.78932942859612e-09,6.223040849876586e-06,1.9236567255254725e-06,6.634558333177826e-10,2.100986552899056e-10,4.299773344208423e-12,1.3304668004456485e-12
0.163,1304.1615255901252,5.30148155247525,0.2651833187425403,0.623262193176615,0.06191476480383509,0.4185735212206933,2.8705753131616095e-07,3.881293324996443e-06,5.068132268828992e-13,4.317408618079928e-13,1.788382700859389e-13,7.617380995168252e-14,7.20988311671712e-08,5.777880619247278e-08,0.2253300731608199,0.1704719555367587,1.317160844861722e-15,5.43893625073393e-16,2.799835687991736e-13,1.1218709164102409e-13,4.4733624955663135e-17,5.07601593992453e-17,8.905349215764414e-15,9.322692925279374e-15,2.993376931858858e-10,2.9084704943858236e-10,7.467577060637421e-12,7.255760981604454e-12,3.846912437225503e-05,3.4872005178668686e-05,0.21814626646232912,0.18532339725299954,0.3883985352536368,0.18898725909598355,0.08539519147395681,0.026445998449820474,9.57661799828999e-08,4.4979304902232595e-08,4.821192775256673e-06,2.188391749063277e-06,1.139449824065003e-09,5.004094490731777e-10,1.3606039045481243e-11,5.975331567060734e-12,1.8460324663736476e-06,7.852135231368278e-07,6.17456198309261e-11,3.3621211362063226e-11,0.0023375361294404075,0.0012235416606651529,3.3808360026601737e-07,1.7036842664830225e-07,0.007266895455498868,0.003530385831660016,1.521777684184995e-06,7.136639586017753e-07,0.0008192891845705837,0.0003713400961600556,5.762703360404211e-10,1.9142708423553803e-10,9.135529814195737e-06,2.961897849517795e-06,4.786006487816984e-10,1.551706645630527e-10,5.3283977143305495e-18,5.1846513458130504e-18,4.1079218638577464e-17,3.728763937389294e-17,4.1184634601140036e-14,3.5031556686327366e-14,2.0821949903690077e-09,1.6662850590133023e-09,3.523998414752101e-12,1.6549177667860114e-12,1.2485947820701592e-14,5.671284870558782e-15,3.6766026757323914e-22,1.0892052243369427e-22,9.19648209848316e-15,2.8477955683402996e-15,9.954805328592306e-18,4.374647265079283e-18,4.4048719057995245e-17,2.307424109436979e-17,8.979473693874176e-10,4.5283205487833577e-10,1.6536379476234358e-15,8.039395839735318e-16,6.891530459993767e-17,2.2890246086831816e-17,1.745060751861371e-18,5.527868761254988e-19,4.1818170514585536e-14,1.324683729170111e-14,9.321355610561883e-11,2.952747085579249e-11,1.7530629723236152e-16,5.686440875748887e-17,0.010328643941189632,0.005025001940648176,1.0000000000000036e-30,3.4115462882241717e-31,1.189255858704024e-08,3.761637456192912e-09,6.199259277118037e-06,1.916014572566885e-06,6.609348169306326e-10,2.0926855238062412e-10,4.2570944943230956e-12,1.3170608882097977e-12
0.164,1303.8469241978414,5.301740891235831,0.26517034709518517,0.6270333539076489,0.06194651314151833,0.41872510842927396,2.861710657506553e-07,3.8687249518634335e-06,5.025915443495381e-13,4.280800661122258e-13,1.7719948822701211e-13,7.546442980198304e-14,7.173258981821132e-08,5.747665228609284e-08,0.22521039276540186,0.17035576193380567,1.3049004244644276e-15,5.38749825871452e-16,2.780209183919138e-13,1.1138390301513505e-13,4.4156767583575957e-17,5.0098044353034745e-17,8.808731861839094e-15,9.220159393452124e-15,2.969747386811367e-10,2.8850767943318206e-10,7.405480838313733e-12,7.194342863090462e-12,3.832215361876116e-05,3.473354739262934e-05,0.21809938876373644,0.18525567923807712,0.388594416932442,0.18905410577135984,0.08538751233260881,0.026439639324557455,9.561269823941895e-08,4.49004572524694e-08,4.8203124323595515e-06,2.1876627588794104e-06,1.1326314526122886e-09,4.973401574842102e-10,1.351182127597778e-11,5.933060843219942e-12,1.83875487556395e-06,7.820002410783728e-07,6.09382673780091e-11,3.3176603169665955e-11,0.0023193689088389256,0.001213849585111974,3.351895516792355e-07,1.6888461752951355e-07,0.007233577636600686,0.0035136704003908333,1.5136227618441883e-06,7.09732703409445e-07,0.0008175994835046377,0.0003705184563869982,5.724912176673808e-10,1.9014309662469712e-10,9.108721452387861e-06,2.9527615190695624e-06,4.762461302874433e-10,1.543840433006e-10,5.268982460992847e-18,5.1260671381426716e-18,4.0804574265754974e-17,3.703276849218334e-17,4.1053790825802787e-14,3.491500417013833e-14,2.083635296294775e-09,1.66718664401867e-09,3.5113848076056396e-12,1.648745995539354e-12,1.2385818557785892e-14,5.6249578759679254e-15,3.632727390243531e-22,1.0760450131796266e-22,9.141109354455472e-15,2.830222624396798e-15,9.878100422474761e-18,4.340285721874067e-18,4.3772656978820193e-17,2.2926178279238e-17,8.96661902788601e-10,4.5211572372356247e-10,1.6487490396268485e-15,8.014420999945355e-16,6.829270388097157e-17,2.2680034110589487e-17,1.7247069106665532e-18,5.462570943258904e-19,4.1662998063351266e-14,1.3195696104792567e-14,9.306341507045665e-11,2.947547226142032e-11,1.743060872291216e-16,5.653145704415902e-17,0.010328643940732594,0.005024245447591522,1.0000000000000043e-30,3.411032694328784e-31,1.1807951128409947e-08,3.734313696567807e-09,6.175714818626584e-06,1.908450298273303e-06,6.584389915027001e-10,2.0844692587548167e-10,4.2150896552105175e-12,1.3038690997362942e-12
0.165,1303.5342235889866,5.3020004430195415,0.26515736606334345,0.6308046992594545,0.06197801787460489,0.41887549825691783,2.8529209146234017e-07,3.856266174946877e-06,4.984290703759479e-13,4.244712967662085e-13,1.755854224090453e-13,7.476587580153961e-14,7.137038523449305e-08,5.717789088503548e-08,0.2250917347850364,0.1702405776127091,1.2928273442441782e-15,5.336855402728713e-16,2.76084053997741e-13,1.1059141591232303e-13,4.3590600474541693e-17,4.944831383498756e-17,8.713706656620435e-15,9.11933375980726e-15,2.946441076198516e-10,2.8620074879697404e-10,7.344252504398722e-12,7.133794675523825e-12,3.817657746046273e-05,3.4596435953731996e-05,0.21805273446022078,0.185188390020135,0.38878857179297177,0.18912031566771403,0.0853799407317718,0.026433346622461364,9.546010942585682e-08,4.4822105532683304e-08,4.819452107405104e-06,2.186945654303407e-06,1.1258978525350116e-09,4.943095912488351e-10,1.341884693897727e-11,5.891355712689104e-12,1.8315534143937212e-06,7.788212182040887e-07,6.014613287708129e-11,3.274045134553227e-11,0.0023014505267152895,0.001204292060305649,3.3233715484095344e-07,1.6742243580709666e-07,0.0072006122492267845,0.003497135296837889,1.5055591912062374e-06,7.058462932905293e-07,0.0008159234615159941,0.000369703698671254,5.687597109545289e-10,1.8887552960549623e-10,9.082165331199462e-06,2.943713171434897e-06,4.739175922114608e-10,1.5360626100640965e-10,5.210566162929267e-18,5.068478265725543e-18,4.0533354204051515e-17,3.678112508671044e-17,4.092400698063782e-14,3.479942913840384e-14,2.08506282583702e-09,1.6680797061332766e-09,3.4988855716934825e-12,1.6426317161571547e-12,1.2287103146654573e-14,5.579293413528322e-15,3.589642724924897e-22,1.0631241725025109e-22,9.086398941560298e-15,2.812863329023093e-15,9.802453827632277e-18,4.306404544170082e-18,4.349986200018288e-17,2.2779897843138076e-17,8.953849601526142e-10,4.514044385861562e-10,1.643900276449566e-15,7.989658224558346e-16,6.76792777329185e-17,2.2472958375777515e-17,1.7047180227937367e-18,5.398454880791173e-19,4.150934783774697e-14,1.3145067890225334e-14,9.291446488943247e-11,2.942390118316638e-11,1.73317493656387e-16,5.620243884049399e-17,0.010328643940281108,0.005023495114425561,1.0000000000000048e-30,3.410523282470147e-31,1.1724446132563698e-08,3.7073511465607377e-09,6.152403766285475e-06,1.900962663465854e-06,6.559679515532375e-10,2.0763363725054216e-10,4.173744359672572e-12,1.290886795301071e-12
0.166,1303.2234017711648,5.302260190165412,0.26514437653311085,0.634576229370994,0.062009282273558404,0.41902470714718587,2.8442050553821096e-07,3.843915448465787e-06,4.943246455225024e-13,4.209135236719565e-13,1.7399555743042144e-13,7.407792009226365e-14,7.101214962626381e-08,5.6882464197108685e-08,0.22497408410479952,0.17012638755278361,1.280937652611077e-15,5.286990752402581e-16,2.7417248429290384e-13,1.0980942418799428e-13,4.303486635563156e-17,4.8810667410383067e-17,8.620238565398674e-15,9.020178097198851e-15,2.923451750209445e-10,2.83925623288222e-10,7.283875126408981e-12,7.074099256370771e-12,3.803237504467849e-05,3.446065032574395e-05,0.21800630218741843,0.18512152503890777,0.388981025432111,0.18918589871768374,0.0853724750281838,0.0264271193586486,9.530840519571164e-08,4.474424460660699e-08,4.8186113894810965e-06,2.1862402059468917e-06,1.1192474806239082e-09,4.91317036975217e-10,1.3327092459267702e-11,5.850205331650309e-12,1.8244268447611983e-06,7.756758890637034e-07,5.936884393094788e-11,3.231254735421963e-11,0.002283776160919177,0.0011948664500026696,3.29525576000554e-07,1.6598144399082582e-07,0.007167993586634139,0.003480777554589826,1.4975854421213794e-06,7.020039658538662e-07,0.0008142609353325683,0.0003688957280927819,5.650749341432677e-10,1.8762407554701818e-10,9.055857492981994e-06,2.934751405482861e-06,4.716145920047819e-10,1.5283716509506378e-10,5.153126474672347e-18,5.011862265356424e-18,4.026549642624831e-17,3.653264995704118e-17,4.079526952105538e-14,3.468481867132649e-14,2.0864777679069607e-09,1.6689643766600747e-09,3.486499053084721e-12,1.636574078599508e-12,1.2189773320688866e-14,5.53427810254925e-15,3.547329774365348e-22,1.0504369341706727e-22,9.032339123718749e-15,2.7957138475692114e-15,9.727844711071553e-18,4.2729941772131675e-18,4.323027788130208e-17,2.2635368658516758e-17,8.941164474360947e-10,4.5069814004782235e-10,1.6390911320230655e-15,7.965104646610618e-16,6.707483977463196e-17,2.2268954507728343e-17,1.6850853463867265e-18,5.335492052355351e-19,4.135719627597415e-14,1.3094944568316174e-14,9.276668966728744e-11,2.937275174248267e-11,1.7234031619313274e-16,5.587728537278801e-17,0.01032864393983512,0.005022750855115911,1.0000000000000041e-30,3.410017994238294e-31,1.1642023032710922e-08,3.6807429873835224e-09,6.129322513071131e-06,1.8935504625697686e-06,6.535213008653668e-10,2.0682855117430117e-10,4.133044542824305e-12,1.278109465116263e-12
0.167,1302.914437178791,5.302520115408603,0.26513137937043135,0.6383479443689491,0.062040309543765694,0.4191727512093826,2.8355620698224474e-07,3.831671256230493e-06,4.902771394225956e-13,4.1740574281494053e-13,1.7242939192968767e-13,7.340034098500203e-14,7.065781672825397e-08,5.6590315745806505e-08,0.22485742590990296,0.170013177037496,1.2692275041877862e-15,5.237887836081437e-16,2.722857300257685e-13,1.0903772681299227e-13,4.2489315580659677e-17,4.818481361334924e-17,8.52829352449244e-15,8.922655537893369e-15,2.9007733153910895e-10,2.8168168468445e-10,7.2243321958540975e-12,7.01523987707373e-12,3.788952594549477e-05,3.432617040020159e-05,0.21796009061627455,0.18505507983284372,0.38917180292693154,0.18925086464669197,0.08536511362027109,0.026420956570971512,9.515757727085422e-08,4.466686939574681e-08,4.8177898777862264e-06,2.1855461899656614e-06,1.1126788300921925e-09,4.883617982959247e-10,1.323653483865764e-11,5.809599124374374e-12,1.817373955636725e-06,7.725637007353322e-07,5.860603906941091e-11,3.189268882616553e-11,0.0022663410997722402,0.0011855701792253697,3.2675400137249173e-07,1.6456121519910783e-07,0.007135716037647204,0.00346459425879564,1.4897000127224799e-06,6.982049731953093e-07,0.0008126117227514934,0.0003680944504887086,5.614360267676722e-10,1.8638843432281223e-10,9.02979406417749e-06,2.925874850275369e-06,4.693366973192872e-10,1.5207660653586453e-10,5.0966416786454075e-18,4.956197309818241e-18,4.000094038436475e-17,3.6287285329576505e-17,4.066756513589251e-14,3.4571160080332247e-14,2.087880307667998e-09,1.669840784240944e-09,3.4742236303845142e-12,1.6305722499065907e-12,1.2093801555728043e-14,5.489898916522888e-15,3.5057701996267444e-22,1.0379777039838462e-22,8.97891844330672e-15,2.7787704372975707e-15,9.654252772658907e-18,4.240045312755002e-18,4.296384964697452e-17,2.2492560307608302e-17,8.92856271902064e-10,4.4999676960723524e-10,1.6343210888054353e-15,7.940757447838305e-16,6.647920848623096e-17,2.2067959825444576e-17,1.6658004024081664e-18,5.273654799274882e-19,4.1206520316602967e-14,1.3045318233500134e-14,9.262007378980829e-11,2.9322018168845034e-11,1.7137435904935934e-16,5.555592944274796e-17,0.010328643939394555,0.005022012585364186,1.000000000000004e-30,3.4095167724018667e-31,1.1560661710795415e-08,3.654482551511253e-09,6.106467500634387e-06,1.886212507366519e-06,6.510986514242888e-10,2.0603153516586747e-10,4.092976501529683e-12,1.2655327165889589e-12
0.168,1302.6073085543185,5.302780202151695,0.26511837540754335,0.6421198443681958,0.0620711028317937,0.4193196462518701,2.8269909662966837e-07,3.819532110319048e-06,4.862854494777215e-13,4.139469750990778e-13,1.7088643753147977e-13,7.273292258444834e-14,7.030732172346959e-08,5.6301390305349284e-08,0.22474174569408148,0.16990093165609896,1.2576931549239163e-15,5.189530619818789e-16,2.7042332369970517e-13,1.0827612773510414e-13,4.1953705764913955e-17,4.757046951867494e-17,8.437838386705181e-15,8.82673021467758e-15,2.8783998267887376e-10,2.7946832998523945e-10,7.16560760777765e-12,6.957200222282135e-12,3.774801013541847e-05,3.419297646896125e-05,0.21791409839695566,0.1849890499868666,0.3893609288363345,0.1893152229697843,0.08535785493661567,0.026414857315783587,9.500761746103335e-08,4.458997488719216e-08,4.816987181251593e-06,2.184863387827253e-06,1.10619042949323e-09,4.854431953502676e-10,1.3147151634812112e-11,5.769526773325555e-12,1.8103935620292108e-06,7.694841123422619e-07,5.7857367666652495e-11,3.1480679503130826e-11,0.002249140752219242,0.0011764007394332364,3.2402163830216643e-07,1.6316133372386102e-07,0.007103774124415593,0.0034485825642882333,1.4819014366085217e-06,6.944485852154545e-07,0.0008109756460489355,0.00036729977398508633,5.578421489826442e-10,1.8516831307002562e-10,9.003971254498985e-06,2.9170821646674756e-06,4.670834854536425e-10,1.5132443966285814e-10,5.041090650514492e-18,4.9014621731144045e-18,3.97396269256325e-17,3.6044974777881206e-17,4.05408807270833e-14,3.445844088933411e-14,2.0892706264885276e-09,1.670709054786048e-09,3.4620577129667098e-12,1.6246254132905459e-12,1.1999161015795197e-14,5.4461431577775745e-15,3.464946196456204e-22,1.0257410519922152e-22,8.926125702151023e-15,2.762029441266676e-15,9.581658218410716e-18,4.207548876809254e-18,4.2700523529552284e-17,2.23514430501599e-17,8.916043421976767e-10,4.4930026970544983e-10,1.6295896385021697e-15,7.916613861853474e-16,6.589220692593195e-17,2.1869913244321266e-17,1.646854960590251e-18,5.212916279861776e-19,4.1057297367169576e-14,1.2996181143707655e-14,9.247460193027167e-11,2.9271694800814394e-11,1.7041943079317917e-16,5.523830536709171e-17,0.010328643938959294,0.005021280222486133,1.0000000000000038e-30,3.409019560825372e-31,1.1480342550990673e-08,3.6285633392189448e-09,6.083835256850325e-06,1.8789476384967161e-06,6.486996237422986e-10,2.0524245968679282e-10,4.053526903333916e-12,1.2531522768635433e-12
0.169,1302.3019949694003,5.303040434404149,0.2651053654460217,0.6458919294722357,0.062101665224378745,0.41946540777718344,2.8184907715151835e-07,3.807496551077136e-06,4.823485002852846e-13,4.1053626581857566e-13,1.6936621856198075e-13,7.207545465894916e-14,6.996060122574654e-08,5.6015633884387863e-08,0.22462702925771108,0.1697896373019666,1.2463309595919417e-15,5.141903496366381e-16,2.6858480931383524e-13,1.075244357669639e-13,4.142780157460092e-17,4.696736049100698e-17,8.348840899057195e-15,8.732367236054485e-15,2.856325485026096e-10,2.772849711033963e-10,7.107685652653202e-12,6.8999643813000585e-12,3.76078079848113e-05,3.406104922286318e-05,0.21786832416901641,0.18492343114126325,0.3895484272080069,0.18937898299598133,0.0853506974327872,0.026408820666987912,9.485851766894444e-08,4.45135561358218e-08,4.8162029183165815e-06,2.1841915862060983e-06,1.099780842046034e-09,4.825605644597171e-10,1.3058920949953265e-11,5.729978213768975e-12,1.8034845046956852e-06,7.66436594906941e-07,5.7122489565281144e-11,3.107632902518132e-11,0.0022321706436151554,0.0011673556862120114,3.213277145552665e-07,1.6178139465494365e-07,0.007072162495969098,0.003432739692331314,1.4741882813810513e-06,6.907340889021463e-07,0.0008093525315819154,0.0003665116088126462,5.542924811463966e-10,1.839634260384241e-10,8.978385355887346e-06,2.9083720369141063e-06,4.6485454322947096e-10,1.5058052212857552e-10,4.9864528442836415e-18,4.847636215081343e-18,3.9481498271037115e-17,3.580566320085099e-17,4.041520341355298e-14,3.434664883752365e-14,2.090648901975701e-09,1.6715693115113827e-09,3.4499997409452734e-12,1.6187327680879188e-12,1.1905825541124186e-14,5.402998451510132e-15,3.4248404804078463e-22,1.0137217078596322e-22,8.87394995841441e-15,2.7454872872136826e-15,9.510041750073592e-18,4.175496024693418e-18,4.244024695195564e-17,2.221198781329139e-17,8.903605683744361e-10,4.486085837341755e-10,1.6248962819850205e-15,7.892671173634394e-16,6.531366263527248e-17,2.1674755242127876e-17,1.6282410323969856e-18,5.153250445987731e-19,4.090950530209834e-14,1.2947525719384766e-14,9.233025905035004e-11,2.9221776086120205e-11,1.6947534428751367e-16,5.492434895426664e-17,0.01032864393852923,0.005020553685421218,1.0000000000000041e-30,3.4085263044756812e-31,1.140104642158523e-08,3.602979012577529e-09,6.061422390431407e-06,1.871754723745182e-06,6.463238466898362e-10,2.0446119808213634e-10,4.0146827742855175e-12,1.2409639888749635e-12
0.17,1301.9984758787486,5.303300796570303,0.2650923502673897,0.6496641997734773,0.06213199974867697,0.41961005098237975,2.810060529985052e-07,3.7955631462697576e-06,4.784652429111763e-13,4.071726839958279e-13,1.6786827184637832e-13,7.142773254495321e-14,6.961759324534092e-08,5.5732993695754e-08,0.22451326268001057,0.1696792801500322,1.235137369073096e-15,5.094991273282426e-16,2.66769741884636e-13,1.0678246438567707e-13,4.091137452500476e-17,4.6375219944050625e-17,8.261269684805494e-15,8.639532665910706e-15,2.834544632967517e-10,2.751310345142211e-10,7.050551006877783e-12,6.843516838141095e-12,3.746890025673467e-05,3.393036974599205e-05,0.2178227665979717,0.1848582190215326,0.38973432160824784,0.18944215384225627,0.08534363960187191,0.02640284571911871,9.47102698684001e-08,4.443760825354455e-08,4.815436716654698e-06,2.1835305768392334e-06,1.0934486643070215e-09,4.797132575136627e-10,1.2971821412725217e-11,5.690943625348517e-12,1.796645649254743e-06,7.634206309463047e-07,5.6401074464241645e-11,3.0679452589357796e-11,0.002215426401927377,0.0011584326319461658,3.1867147633803813e-07,1.6042100286517842e-07,0.0070408758952686425,0.0034170629144820793,1.4665591418373753e-06,6.87060785105659e-07,0.0008077422072095671,0.00036572986613262284,5.507862230585926e-10,1.8277349432410968e-10,8.95303273779528e-06,2.8997431830660745e-06,4.6264946678382486e-10,1.498447148296607e-10,4.932708279910692e-18,4.794699368446748e-18,3.922649799078649e-17,3.556929679788387e-17,4.0290520531373625e-14,3.4235771878726184e-14,2.0920153082554537e-09,1.672421675160013e-09,3.4380481845004214e-12,1.6128935293974903e-12,1.1813769641990785e-14,5.3604527424266025e-15,3.3854362741146223e-22,1.0019145568645389e-22,8.822380523571454e-15,2.7291404864479273e-15,9.439384553027104e-18,4.143878135314374e-18,4.218296849840266e-17,2.2074166174789366e-17,8.891248617359203e-10,4.4792165595369434e-10,1.6202405282459753e-15,7.868926714271026e-16,6.47434075616672e-17,2.1482427830658373e-17,1.609950864391634e-18,5.094632020943723e-19,4.076312245507952e-14,1.2899344540665438e-14,9.218703037509707e-11,2.9172256573318176e-11,1.6854191655226066e-16,5.461399745666838e-17,0.01032864393810424,0.005019832894703065,1.000000000000004e-30,3.4080369494019675e-31,1.1322754610951735e-08,3.577723374924546e-09,6.039225560717e-06,1.8646326486496041e-06,6.43970956759172e-10,2.0368762634064488e-10,3.976431471518135e-12,1.228963802689621e-12
0.171,1301.696731022254,5.30356127368738,0.26507933062123246,0.6534366553536858,0.06216210937680982,0.4197535907835606,2.801699303465852e-07,3.7837304902150538e-06,4.746346538425103e-13,4.0385532144411007e-13,1.6639214601280453e-13,7.07895568409905e-14,6.927823713087932e-08,5.545341810673774e-08,0.2244004323307697,0.1695698466621869,1.2241089263459916e-15,5.048779155658018e-16,2.649776872142187e-13,1.0605003163032955e-13,4.040420267476958e-17,4.5793788982005905e-17,8.17509419800788e-15,8.548193474430862e-15,2.8130517493691067e-10,2.7300596061034324e-10,6.994188716247484e-12,6.78784245471989e-12,3.73312680856538e-05,3.380091949496274e-05,0.2177774243269986,0.1847934093940816,0.38991863511948677,0.1895047444296164,0.08533667996209593,0.026396931583033408,9.456286612581824e-08,4.436212641836915e-08,4.8146882128667636e-06,2.1828801563425345e-06,1.0871925253835083e-09,4.769006415885724e-10,1.2885832161847902e-11,5.6524134244026166e-12,1.7898758854695005e-06,7.604357141313389e-07,5.569280186598139e-11,3.028987091265669e-11,0.002198903767309034,0.001149629250705938,3.1605218937641247e-07,1.5907977353447826e-07,0.007009909193408952,0.003401549569017154,1.4590126464928432e-06,6.834279915531813e-07,0.0008061445053787416,0.00036495445942385255,5.473225934616753e-10,1.815982456890167e-10,8.927909847212424e-06,2.891194346871182e-06,4.604678611438126e-10,1.4911688176046377e-10,4.879837514433392e-18,4.7426321098400236e-18,3.8974570937215484e-17,3.533582300513663e-17,4.016681961902858e-14,3.412579816772853e-14,2.0933700158891653e-09,1.6732662639133528e-09,3.4262015426200963e-12,1.6071069274266842e-12,1.1722968456018368e-14,5.318494274767045e-15,3.346717281378766e-22,9.903146319980568e-23,8.771406947979865e-15,2.7129856291907442e-15,9.369668274809698e-18,4.112686801305285e-18,4.19286378696182e-17,2.1937950338074776e-17,8.878971349369237e-10,4.472394315324376e-10,1.6156218951490599e-15,7.845377864358485e-16,6.418127782493306e-17,2.1292874475458882e-17,1.591976927027527e-18,5.037036462807776e-19,4.061812759542854e-14,1.2851630339339375e-14,9.204490140348273e-11,2.9123130914376153e-11,1.6761896863717745e-16,5.4307189525819496e-17,0.010328643937684269,0.005019117772372556,1.000000000000004e-30,3.407551442676679e-31,1.124544887632445e-08,3.5527903859582247e-09,6.017241511540981e-06,1.8575803268787819e-06,6.416405984171371e-10,2.0292162319737152e-10,3.938760691899712e-12,1.2171477779895542e-12
0.17200000000000001,1301.3967405012495,5.30382185118243,0.2650663072373593,0.6572092962842606,0.06219199702408535,0.41989604180595436,2.7934061707902884e-07,3.7719972034888034e-06,4.708557345128471e-13,4.005832923272367e-13,1.6493740140031233e-13,7.016073336049959e-14,6.894247355468792e-08,5.517685662529252e-08,0.2242885248478278,0.1694613235701738,1.2132422645517861e-15,5.003252737539486e-16,2.632082215088656e-13,1.0532695994199197e-13,3.9906070472215333e-17,4.522281621480698e-17,8.090284713140185e-15,8.458317525909913e-15,2.7918414469920587e-10,2.709092034962039e-10,6.938584190233243e-12,6.73292646469113e-12,3.719489298005656e-05,3.36726803005702e-05,0.21773229602078417,0.1847289981038033,0.3901013903642995,0.1895667634958007,0.08532981706547048,0.0263910773886337,9.441629858236552e-08,4.428710586589968e-08,4.813957052270183e-06,2.182240126114091e-06,1.0810110859374398e-09,4.741220984857349e-10,1.280093283304304e-11,5.61437825784568e-12,1.7831741267266275e-06,7.574813490459835e-07,5.4997360492556003e-11,2.99074099070606e-11,0.002182598577842976,0.001140943270699169,3.13469136932059e-07,1.5775733113561112e-07,0.006979257354530478,0.003386197043796974,1.4515474504337778e-06,6.798350394730983e-07,0.0008045592603026087,0.0003641853032022326,5.439008294668216e-10,1.804374143595003e-10,8.903013205006435e-06,2.882724298541624e-06,4.583093401474881e-10,1.4839688998201226e-10,4.827821634362747e-18,4.6914154516107456e-18,3.8725663236790706e-17,3.51051904861779e-17,4.004408842397211e-14,3.4016716065403013e-14,2.0947131920989936e-09,1.6741031935821439e-09,3.414458343018086e-12,1.601372207423348e-12,1.1633397748763461e-14,5.277111592099699e-15,3.308667678166925e-22,9.78917111095754e-23,8.721019020749632e-15,2.6970193843991056e-15,9.300875017908612e-18,4.081913825522854e-18,4.1677205867627204e-17,2.180331312313964e-17,8.866773018649309e-10,4.46561856485859e-10,1.6110399084793226e-15,7.82202204927952e-16,6.362711368404015e-17,2.1106040082531963e-17,1.574311909569402e-18,4.98043994736694e-19,4.0474499928976455e-14,1.2804375998852101e-14,9.190385788941963e-11,2.907439385850759e-11,1.667063255351788e-16,5.4003865181835036e-17,0.010328643937269271,0.005018408241990355,1.000000000000004e-30,3.407069732404066e-31,1.1169111378111689e-08,3.528174140738591e-09,5.995467038572439e-06,1.8505966901057112e-06,6.393324234286706e-10,2.021630699149583e-10,3.901658445164527e-12,1.2055120756094111e-12
0.17300000000000001,1301.0984847079135,5.304082515024884,0.2650532808181899,0.6609821226266214,0.06222166555296764,0.42003741840496733,2.785180227262616e-07,3.7603619319899495e-06,4.671275103408812e-13,3.9735573229907347e-13,1.6350360948643149e-13,6.954107287923615e-14,6.861024445874709e-08,5.490325985376069e-08,0.2241775271400626,0.16935369787461949,1.2025341033905387e-15,4.958397986397248e-16,2.6146093110519054e-13,1.0461307604512096e-13,3.941676848576741e-17,4.4662057441608935e-17,8.006812286636337e-15,8.369873537098048e-15,2.7709084669692263e-10,2.68840230414644e-10,6.88372318717984e-12,6.678754458375289e-12,3.70597568036384e-05,3.3545634349424834e-05,0.21768738033336288,0.18466498104370227,0.39028260950994886,0.1896282195949608,0.08532304949057709,0.026385282282188442,9.427055946541772e-08,4.4212541893766e-08,4.813242888611302e-06,2.1816102921622895e-06,1.0749030373000678e-09,4.71377024309771e-10,1.2717103542656385e-11,5.5768289955098415e-12,1.7765393092638605e-06,7.545570508257367e-07,5.4314448146125436e-11,2.95319005960799e-11,0.00216650677466247,0.0011323724768380259,3.109216202900961e-07,1.5645330966195118e-07,0.006948915456618028,0.003371002786195282,1.4441622391754747e-06,6.762812753635939e-07,0.0008029863099188111,0.00036342231389772386,5.405201860130029e-10,1.792907408329574e-10,8.87833940492359e-06,2.8743318343308174e-06,4.5617352606141673e-10,1.4768460949016329e-10,4.7766422311291154e-18,4.641030917118403e-18,3.8479722231881375e-17,3.4877349076510036e-17,3.9922314889887445e-14,3.390851412680927e-14,2.096045000764939e-09,1.6749325775835435e-09,3.402817140924368e-12,1.5956886290495605e-12,1.1545033879792528e-14,5.236293521375958e-15,3.2712720907235197e-22,9.677173101475173e-23,8.67120675804649e-15,2.6812384959659184e-15,9.232987320635487e-18,4.051551212250895e-18,4.142862435386358e-17,2.1670227943151527e-17,8.854652776806457e-10,4.4588887768717553e-10,1.6064941023089042e-15,7.798856740741332e-16,6.308075933990387e-17,2.0921870930329734e-17,1.5569487105261748e-18,4.92481933678604e-19,4.033221907694175e-14,1.2757574547108006e-14,9.176388584403589e-11,2.902604025219348e-11,1.6580381605182165e-16,5.3703965767770225e-17,0.010328643936859104,0.005017704228555914,1.0000000000000038e-30,3.406591767665222e-31,1.1093724706371064e-08,3.5038688777549696e-09,5.973899010399462e-06,1.8436806944420736e-06,6.370460909870605e-10,2.0141185031649176e-10,3.865113055869203e-12,1.1940529579663425e-12
0.17400000000000002,1300.8019443404596,5.304343251657023,0.2650402520422418,0.6647551344325436,0.06225111777334486,0.42017773466748426,2.7770205844017407e-07,3.7488233465215747e-06,4.634490301254571e-13,3.941717979528697e-13,1.6209035261176883e-13,6.893039101031234e-14,6.828149302845077e-08,5.463257946564056e-08,0.22406742637820004,0.16924695683701482,1.1919812467277457e-15,4.914201232675789e-16,2.597354121743718e-13,1.0390821082181618e-13,3.8936093218242125e-17,4.411127543037991e-17,7.924648736623606e-15,8.28283105473941e-15,2.750247675723625e-10,2.667985214255608e-10,6.829591805800543e-12,6.625312373905693e-12,3.692584177049195e-05,3.3419764178725656e-05,0.21764267591907285,0.18460135416344592,0.3904623142815358,0.189689121103894,0.0853163758434578,0.026379545426497366,9.41256410852822e-08,4.413842985970475e-08,4.8125453838420415e-06,2.1809904649907953e-06,1.0688671006438033e-09,4.686648290792547e-10,1.263432487489168e-11,5.539756724158104e-12,1.7699703916494687e-06,7.516623449137079e-07,5.364377134801488e-11,2.916317891154394e-11,0.0021506243965561615,0.001123914707824964,3.0840895792298615e-07,1.5516735219139862e-07,0.006918878681525301,0.0033559642981392432,1.4368557264890286e-06,6.727660599451965e-07,0.0008014254951982143,0.0003626654095363893,5.371799353757569e-10,1.7815797170367635e-10,8.853885111487048e-06,2.8660157757916047e-06,4.5406004940240595e-10,1.4697991315198403e-10,4.726281387614955e-18,4.591460526892858e-18,3.8236696455373364e-17,3.465224975840373e-17,3.98014871562548e-14,3.3801181100204716e-14,2.097365602528138e-09,1.6757545270239647e-09,3.3912765186680294e-12,1.5900554661487286e-12,1.1457853789735746e-14,5.1960291665909095e-15,3.234515582221351e-22,9.567106791557242e-23,8.621960398693797e-15,2.6656397812178286e-15,9.165988146236471e-18,4.021591162084834e-18,4.11828462264423e-17,2.1538668791406693e-17,8.842609787821488e-10,4.4522044284534733e-10,1.6019840186808994e-15,7.77587945510174e-16,6.254206284322952e-17,2.0740314636968607e-17,1.5398804311585084e-18,4.870152158115759e-19,4.019126506935054e-14,1.271121915405078e-14,9.162497152825593e-11,2.8978065036511782e-11,1.6491127271572254e-16,5.3407433918013927e-17,0.010328643936453734,0.005017005658489809,1.0000000000000036e-30,3.4061174985060277e-31,1.1019271857254763e-08,3.4798689712384218e-09,5.952534359894562e-06,1.836831317721437e-06,6.347812674290242e-10,2.006678506897836e-10,3.829113150089568e-12,1.1827667847955162e-12
0.17500000000000002,1300.5071004099054,5.3046040479492795,0.26502722156637465,0.6685283317444641,0.062280356443046504,0.4203170044145537,2.7689263696734537e-07,3.7373801423564287e-06,4.598193654341172e-13,3.9103066626609585e-13,1.606972237040384e-13,6.832850807922892e-14,6.795616366524831e-08,5.4364768181489696e-08,0.2239582099877081,0.1691410879731758,1.181580580205701e-15,4.870649159382115e-16,2.5803127044460786e-13,1.0321219919356616e-13,3.8463846921122e-17,4.357023969786574e-17,7.843766621722593e-15,8.197160432175827e-15,2.7298540617891777e-10,2.6478356907567185e-10,6.77617647644691e-12,6.572586488173915e-12,3.679313043930102e-05,3.329505267013194e-05,0.21759818143886445,0.18453811347384866,0.3906405259731429,0.18974947622716065,0.0853097947575486,0.026373866000742145,9.398153583369696e-08,4.4064765180450886e-08,4.8118642079018715e-06,2.180380459484762e-06,1.0629020261963378e-09,4.659849363564472e-10,1.2552577869391837e-11,5.503152741659583e-12,1.7634663542784856e-06,7.487967668239594e-07,5.2985045019488716e-11,2.8801085513376467e-11,0.00213494757594597,0.0011155678539598534,3.059304848333994e-07,1.5389911054093546e-07,0.006889142308618835,0.0033410791329093093,1.429626652948111e-06,6.692887674514321e-07,0.0007998766597466911,0.0003619145095551324,5.338793667003754e-10,1.7703885949705475e-10,8.829647058196337e-06,2.857774969131853e-06,4.519685487577704e-10,1.4628267664173774e-10,4.676721664174077e-18,4.542686784321795e-18,3.7996535603407086e-17,3.442984463407757e-17,3.9681593556868997e-14,3.369470592515298e-14,2.0986751548740606e-09,1.676569150764568e-09,3.379835085216213e-12,1.5844720064919378e-12,1.1371834986847777e-14,5.156307902232623e-15,3.1983836394631634e-22,9.458927980157277e-23,8.57327039938561e-15,2.6502201292953944e-15,9.099860871772591e-18,3.992026066724518e-18,4.093982539683603e-17,2.1408610227993433e-17,8.830643227818297e-10,4.44556500489268e-10,1.5975092073844926e-15,7.753087752137114e-16,6.201087599607431e-17,2.05613201254244e-17,1.5231003692487772e-18,4.816416582667071e-19,4.0051618337671806e-14,1.2665303128996002e-14,9.148710144724797e-11,2.8930463245045496e-11,1.640285316904609e-16,5.311421352720973e-17,0.01032864393605302,0.005016312459612633,1.0000000000000038e-30,3.405646875922891e-31,1.0945736215769477e-08,3.456168925477624e-09,5.931370078984447e-06,1.8300475578349111e-06,6.325376260113807e-10,1.9993095971117863e-10,3.7936476446305295e-12,1.1716500096680397e-12
0.176,1300.2139342392702,5.304864891159161,0.2650141900278534,0.6723017145957556,0.06230938426934783,0.42045524120897515,2.7608967260219824e-07,3.7260310385178913e-06,4.562376099125202e-13,3.879315339776354e-13,1.5932382595623786e-13,6.773524897940799e-14,6.763420195110181e-08,5.409977973812382e-08,0.22384986563753112,0.16903607904288206,1.1713290686603501e-15,4.827728790873904e-16,2.563481208839188e-13,1.0252487998696659e-13,3.7999837402986403e-17,4.303872628316074e-17,7.764139218409116e-15,8.112832804461907e-15,2.709722732181023e-10,2.6279487802426495e-10,6.723463951229075e-12,6.520563406653926e-12,3.666160570410925e-05,3.3171483040420594e-05,0.2175538955651745,0.18447525504937642,0.39081726546284246,0.18980929300327923,0.08530330489564839,0.026368243200858246,9.383823617847598e-08,4.399154332864664e-08,4.811199038479382e-06,2.179780094779037e-06,1.0570065923092155e-09,4.6333678281217446e-10,1.2471844006903134e-11,5.467008550314994e-12,1.7570261986867271e-06,7.459598618250554e-07,5.233799215423791e-11,2.8445465605052667e-11,0.002119472534429211,0.0011073298547186912,3.0348555184575904e-07,1.5264824489535476e-07,0.006859701707610426,0.0033263448915368497,1.422473784295577e-06,6.658487848335819e-07,0.0007983396493597558,0.0003611695345938461,5.306177854554518e-10,1.7593316247706027e-10,8.805622045019836e-06,2.8496082843311613e-06,4.4989867054462656e-10,1.4559277835671127e-10,4.627946083790417e-18,4.494692660512379e-18,3.7759190502351315e-17,3.421008689358207e-17,3.956262261530027e-14,3.358907772791106e-14,2.099973812256318e-09,1.6773765555120706e-09,3.368491475429989e-12,1.5789375513860043e-12,1.1286955530067376e-14,5.1171193651385704e-15,3.1628621586062047e-22,9.352593721112549e-23,8.525127428369302e-15,2.6349764990536705e-15,9.034589275453194e-18,3.962848503083704e-18,4.069951676084405e-17,2.12800273634186e-17,8.818752284531796e-10,4.43896999935016e-10,1.5930692256198954e-15,7.730479233247117e-16,6.148705424235851e-17,2.0384837585056935e-17,1.5066020122423398e-18,4.763591403416404e-19,3.9913259703587986e-14,1.261981991669843e-14,9.135026234011809e-11,2.8883230000175008e-11,1.6315543266357542e-16,5.282424971162186e-17,0.01032864393565694,0.005015624561103391,1.0000000000000025e-30,3.4051798518344195e-31,1.0873101536846069e-08,3.432763368596879e-09,5.910403212814991e-06,1.823328430875058e-06,6.303148466265979e-10,1.9920106834939542e-10,3.75870573530076e-12,1.1606991762215576e-12
0.177,1299.9224274162766,5.3051257690287965,0.2650011580394845,0.6760752830110718,0.0623382039117426,0.4205924583699754,2.7529308114232867e-07,3.714774777079728e-06,4.5270287852046425e-13,3.848736169026059e-13,1.5796977238991847e-13,6.715044297894934e-14,6.731555460691968e-08,5.383756885289012e-08,0.22374238124121826,0.1689319180483168,1.1612237532399362e-15,4.785427480424893e-16,2.5468558746400373e-13,1.0184609583178406e-13,3.754387781404169e-17,4.251651749447797e-17,7.68574049116596e-15,8.029820055969348e-15,2.689848907991196e-10,2.6083196459376507e-10,6.6714412923786475e-12,6.469230051522228e-12,3.6531250780597684e-05,3.304903882799467e-05,0.21750981696091967,0.18441277500807973,0.3909925532179747,0.1898685793055299,0.08529690494439675,0.026362676237501742,9.369573467172294e-08,4.391875983596941e-08,4.810549560780534e-06,2.1791891941221974e-06,1.051179604716111e-09,4.607198178732326e-10,1.2392105195904219e-11,5.4313158506008316e-12,1.7506489469406493e-06,7.431511846540322e-07,5.170234366574988e-11,2.8096168844302114e-11,0.0021041955856132524,0.0010991987001421784,3.0107352581469393e-07,1.514144238972526e-07,0.006830552351774933,0.003311759229079809,1.4153959138340222e-06,6.624455128478176e-07,0.0007968143133197545,0.00036043040707482216,5.273945129815202e-10,1.7484064448503296e-10,8.781806937431482e-06,2.8415146147495442e-06,4.4785006871830826e-10,1.449100993162877e-10,4.579938112956793e-18,4.4474615750111525e-18,3.752461306435207e-17,3.399293077229393e-17,3.9444563036127954e-14,3.348428581313093e-14,2.1012617261080332e-09,1.6781768458137917e-09,3.357244349168576e-12,1.5734514152062271e-12,1.120319400405428e-14,5.0784534427153804e-15,3.127937428165512e-22,9.248062271100337e-23,8.477522356969463e-15,2.6199059162916926e-15,8.970157521667e-18,3.93405122638891e-18,4.046187616582412e-17,2.1152895840248385e-17,8.806936157563601e-10,4.4324189129133125e-10,1.5886636382171763e-15,7.708051542324945e-16,6.097045651632832e-17,2.0210818419209767e-17,1.4903790297799117e-18,4.71165601050979e-19,3.9776170363301506e-14,1.2574763091975771e-14,9.121444118075901e-11,2.883636051280729e-11,1.6229181874205712e-16,5.253748877251598e-17,0.010328643935265381,0.005014941893440616,1.000000000000002e-30,3.4047163790415324e-31,1.0801351960238291e-08,3.409647057011959e-09,5.889630873408653e-06,1.8166729752887112e-06,6.281126158561114e-10,1.9847806987562415e-10,3.724276896175154e-12,1.149910917786109e-12
0.178,1299.632561829144,5.305386669684175,0.26498812619466083,0.6798490370066202,0.062366817980469,0.42072866896567906,2.7450277989437124e-07,3.703610123207029e-06,4.492143071650994e-13,3.81856149592111e-13,1.56634685700888e-13,6.657392364879525e-14,6.70001694837664e-08,5.357809121505972e-08,0.223635744951617,0.16882859323026617,1.151261749802852e-15,4.743732903157945e-16,2.530433029531067e-13,1.0117569307243642e-13,3.709578651204154e-17,4.200340174915618e-17,7.608545079890745e-15,7.948094806195929e-15,2.6702279226801513e-10,2.5889435658656704e-10,6.6200958673178655e-12,6.4185736564029905e-12,3.640204920797364e-05,3.292770389405269e-05,0.2174659442975018,0.1843506695274594,0.3911664093034114,0.18992734284711998,0.08529059361426122,0.02635716433612698,9.355402394895208e-08,4.3846410292679026e-08,4.809915467367594e-06,2.178607584806435e-06,1.045419896002898e-09,4.581335034705776e-10,1.231334376453421e-11,5.3960665373332545e-12,1.7443336414344895e-06,7.403702994154242e-07,5.10778380601909e-11,2.7753049159660124e-11,0.002089113129104169,0.0010911724276217998,2.9869378877652234e-07,1.5019732420812636e-07,0.006801689805468678,0.0032973198484883694,1.408391859837328e-06,6.590783648223087e-07,0.0007953005034258203,0.00035969705076191515,5.242088861712848e-10,1.7376107482518327e-10,8.758198665178063e-06,2.83349287669435e-06,4.458224047131728e-10,1.4423452313865021e-10,4.532681653072819e-18,4.400977386838338e-18,3.729275627715838e-17,3.37783315400642e-17,3.9327403709861826e-14,3.338031966771528e-14,2.1025390449027883e-09,1.678970124117998e-09,3.3460923913739224e-12,1.5680129254139871e-12,1.112052951301288e-14,5.04030026977192e-15,3.093596119713611e-22,9.145293060573315e-23,8.430446257515077e-15,2.6050054730064192e-15,8.90655015475114e-18,3.905627167183771e-18,4.0226860400557585e-17,2.1027191826947016e-17,8.795194058269225e-10,4.4259112545344316e-10,1.5842920173762827e-15,7.685802364425766e-16,6.046094519324653e-17,2.0039215227096326e-17,1.474425268978294e-18,4.660590375567807e-19,3.964033188843209e-14,1.2530126359782294e-14,9.10796251750421e-11,2.8789850081399657e-11,1.6143753640777222e-16,5.22538781798356e-17,0.01032864393487829,0.005014264388420974,1.0000000000000017e-30,3.4042564112400192e-31,1.0730471984832359e-08,3.3868148671293753e-09,5.869050228239395e-06,1.8100802483197869e-06,6.259306267270085e-10,1.9776185978307487e-10,3.690350867046284e-12,1.1392819533851382e-12
0.179,1299.3443196117428,5.305647581712388,0.2649750950635137,0.6836229765904905,0.06239522904124231,0.4208638858373135,2.737186875816948e-07,3.6925358637846273e-06,4.457710517705681e-13,3.7887838450570183e-13,1.553181977923782e-13,6.600552865667112e-14,6.668799550379727e-08,5.332130343577515e-08,0.22352994514998992,0.16872609305605726,1.141440245688437e-15,4.702633042176633e-16,2.5142090856820595e-13,1.0051352162099576e-13,3.6655386839057894e-17,4.1499173312036656e-17,7.532528268581487e-15,7.867630375862372e-15,2.650855216838399e-10,2.569815927539752e-10,6.5694153347870086e-12,6.368581752305001e-12,3.627398482832289e-05,3.280746240259442e-05,0.2174222762361757,0.18428893482483052,0.39133885339719277,0.1899855911853467,0.08528436964055373,0.026351706736748474,9.341309672489721e-08,4.377449034456134e-08,4.809296457883311e-06,2.1780350979932222e-06,1.0397263244890017e-09,4.555773135191735e-10,1.2235542442623134e-11,5.361252691374977e-12,1.738079343855546e-06,7.376167791098699e-07,5.0464221232520476e-11,2.741596463357493e-11,0.0020742216511979933,0.00108324912216426,2.9634573781943097e-07,1.489966304278268e-07,0.006773109730794103,0.003283024503678552,1.401460466571541e-06,6.557467670987621e-07,0.0007937980747868068,0.0003589693911087195,5.210602568196581e-10,1.7269422803675444e-10,8.73479421949132e-06,2.8255420084171296e-06,4.438153470439573e-10,1.4356593590432147e-10,4.4861610204486e-18,4.355224374375378e-18,3.7063574149419476e-17,3.356624544927165e-17,3.9211133697947004e-14,3.327716894697245e-14,2.103805914279864e-09,1.6797564908450346e-09,3.3350343105468685e-12,1.5626214217835036e-12,1.103894165420731e-14,5.0026502160382554e-15,3.059825270637132e-22,9.044246641054945e-23,8.383890394109872e-15,2.590272324375762e-15,8.843752081201423e-18,3.877569423179653e-18,3.999442715037625e-17,2.0902891993077743e-17,8.783525209184269e-10,4.4194465406309205e-10,1.5799539425086546e-15,7.663729424745867e-16,5.995838592302202e-17,1.9869981746463774e-17,1.458734746748341e-18,4.610375026544395e-19,3.950572620276784e-14,1.2485903547354335e-14,9.094580174879435e-11,2.874369408738264e-11,1.6059243535952347e-16,5.197336651798867e-17,0.010328643934495566,0.005013591979057106,1.0000000000000017e-30,3.40379990295123e-31,1.0660446471457677e-08,3.3642617959695656e-09,5.84865850799767e-06,1.8035493283298117e-06,6.23768578555715e-10,1.9705233572940186e-10,3.656917648322702e-12,1.1288090860137432e-12
0.18,1299.057683277415,5.305908493821536,0.26496206520990706,0.6873971017627404,0.062423439608946196,0.4209981215662825,2.729407243984804e-07,3.681550808175355e-06,4.4237228834006014e-13,3.759395920443657e-13,1.540199499735196e-13,6.544509984679243e-14,6.637898268660618e-08,5.3067163068578286e-08,0.22342497043160867,0.16862440621183128,1.1317564995608328e-15,4.662116187574283e-16,2.498180537835206e-13,9.985943487711772e-14,3.622250707980705e-17,4.1003632241496413e-17,7.45766599231101e-15,7.78840079337656e-15,2.631726339465495e-10,2.550932229084295e-10,6.519387647243005e-12,6.319242169618548e-12,3.614704180529327e-05,3.268829883738698e-05,0.21737881149304253,0.1842275672161912,0.3915099048038639,0.1900433317324732,0.08527823179054807,0.026346302696676777,9.32729457783215e-08,4.370299568653699e-08,4.808692238952185e-06,2.1774715687094135e-06,1.0340977738727181e-09,4.5305073375239333e-10,1.2158684358950256e-11,5.3268665782508246e-12,1.731885135383064e-06,7.348902057175649e-07,4.986124593632865e-11,2.7084777209653337e-11,0.0020595177081595703,0.0010754269076103011,2.9402878295264273e-07,1.4781203401464403e-07,0.0067448078434258155,0.003268870978102896,1.394600595570752e-06,6.524501549422982e-07,0.0007923068820181157,0.00035824735354324173,5.179479914280672e-10,1.7163988382430128e-10,8.711590651292568e-06,2.8176609695504633e-06,4.4182857151338127e-10,1.4290422622196744e-10,4.440360949648246e-18,4.310187238120695e-18,3.6837021738566184e-17,3.3356629759136974e-17,3.909574225220544e-14,3.317482349139373e-14,2.105062477179071e-09,1.6805360445352638e-09,3.324068839841078e-12,1.55727625692106e-12,1.0958410536143069e-14,4.9654938941513815e-15,3.026612284488959e-22,8.944884684894068e-23,8.337846227443779e-15,2.5757036901919655e-15,8.781748573236046e-18,3.8498712606419636e-18,3.976453501124484e-17,2.0779973516223823e-17,8.771928843342755e-10,4.413024294814931e-10,1.5756489993326336e-15,7.641830484303469e-16,5.946264769627033e-17,1.9703072874190864e-17,1.4433016489105195e-18,4.560991044297843e-19,3.937233560171354e-14,1.2442088610378762e-14,9.081295853885791e-11,2.869788799275468e-11,1.5975636852948776e-16,5.1695903490313355e-17,0.010328643934117155,0.005012924599682726,1.0000000000000004e-30,3.4033468095933895e-31,1.0591260567606397e-08,3.341982937293283e-09,5.828452964175491e-06,1.7970793017204048e-06,6.216261763184957e-10,1.9634939733798326e-10,3.623967474648756e-12,1.1184891944010541e-12
0.181,1298.7726354462056,5.306169395481469,0.2649490371594473,0.6911714125159371,0.0624514521618665,0.42113138854876575,2.7216881184537447e-07,3.6706537857608937e-06,4.3901721130946893e-13,3.7303905910455234e-13,1.5273959179084734e-13,6.489248273401596e-14,6.607308202846305e-08,5.2815628508437755e-08,0.2233208096250449,0.16852352160782774,1.1222078357299568e-15,4.622170912359724e-16,2.4823439608912577e-13,9.921328962081587e-14,3.5796980082038957e-17,4.051658395014989e-17,7.383934767718869e-15,7.71038072087162e-15,2.6128369372648175e-10,2.532288068556222e-10,6.470001023914789e-12,6.270543011213335e-12,3.6021204571240406e-05,3.2570197951830114e-05,0.21733554871124394,0.18416656299809278,0.39167958244990836,0.19010057174389922,0.08527217884350359,0.026340951482941615,9.313356398871227e-08,4.3631922077361496e-08,4.808102523850942e-06,2.1769168355784897e-06,1.028533152152842e-09,4.505532612064173e-10,1.208275301724025e-11,5.292900637062106e-12,1.7257501151447845e-06,7.321901694884414e-07,4.9268672150827063e-11,2.6759352885512598e-11,0.0020449979531679077,0.0010677039605808234,2.917423502680129e-07,1.4664323485576115e-07,0.006716779996821758,0.0032548571253118636,1.3878111418021876e-06,6.491879800493932e-07,0.0007908267868595059,0.00035753086689095285,5.148714705163221e-10,1.705978268123279e-10,8.68858507128132e-06,2.809848740947256e-06,4.39861760324702e-10,1.4224928492953579e-10,4.395266550457012e-18,4.26585105812478e-18,3.661305502289953e-17,3.314944261652698e-17,3.898121877134245e-14,3.3073273287578286e-14,2.1063088737072805e-09,1.6813088816588479e-09,3.313194733767309e-12,1.5519767946130444e-12,1.0878916701154155e-14,4.9288221239639376e-15,2.993944895519145e-22,8.84716987853448e-23,8.292305389955434e-15,2.5612968469475617e-15,8.720525233368464e-18,3.8225260984044074e-18,3.95371434031514e-17,2.0658414034771457e-17,8.760404205558593e-10,4.4066440482855155e-10,1.5713767814663338e-15,7.620103347171377e-16,5.897360244965754e-17,1.9538444532805038e-17,1.4281203156573192e-18,4.512420015701726e-19,3.92401426936122e-14,1.2398675613556316e-14,9.068108340441739e-11,2.865242734196892e-11,1.5892919184224627e-16,5.142143983647077e-17,0.010328643933742995,0.005012262185688183,1.0000000000000004e-30,3.402897087302105e-31,1.0522899834856066e-08,3.319973521456148e-09,5.808430952059156e-06,1.7906692883957446e-06,6.195031315581615e-10,1.956529464700994e-10,3.5914908470949314e-12,1.1083192427733134e-12
0.182,1298.489159147237,5.30643027617354,0.2649360114369596,0.694945908835166,0.06247926912700609,0.4212636989188394,2.714028728664195e-07,3.659843647930522e-06,4.3570503432039293e-13,3.7017608972862234e-13,1.5147678180505666e-13,6.434752683169438e-14,6.577024558827745e-08,5.256665906163527e-08,0.22321745176256116,0.16842342836424729,1.112791646362083e-15,4.582786081389825e-16,2.4666960081500193e-13,9.857494594199125e-14,3.537864336444334e-17,4.003783932207597e-17,7.311311732684953e-15,7.633545495131318e-15,2.59418276093231e-10,2.513879150012086e-10,6.421243965437841e-12,6.222472666518624e-12,3.589645787471197e-05,3.245314481298355e-05,0.21729248660672457,0.184105918580475,0.39184790490516813,0.1901573183386176,0.08526620961000989,0.026335652379594874,9.29949442967282e-08,4.3561265323133286e-08,4.8075270324940675e-06,2.176370740920284e-06,1.0230313915432714e-09,4.48084404187528e-10,1.2007732302042301e-11,5.259347483059497e-12,1.7196734010911316e-06,7.295162693352134e-07,4.868626619570555e-11,2.6439561228444822e-11,0.002030659101562201,0.0010600784923162502,2.8948587757797977e-07,1.4548993907089248e-07,0.006689022083484604,0.003240980821181456,1.3810910143567085e-06,6.459597015261302e-07,0.0007893576495127433,0.00035681985947309743,5.118300886240783e-10,1.6956784654663238e-10,8.665774647195801e-06,2.802104323899056e-06,4.3791460273932203e-10,1.4160100531017953e-10,4.35086333113068e-18,4.2222013162441935e-18,3.6391630993972944e-17,3.294464313978929e-17,3.8867552845365537e-14,3.2972508507220996e-14,2.107545241394798e-09,1.6820750969106669e-09,3.302410771017199e-12,1.54672241120374e-12,1.0800441184730005e-14,4.892625959349979e-15,2.961811184914467e-22,8.751065969616355e-23,8.247259704338878e-15,2.5470491335841883e-15,8.660068014363083e-18,3.7955275165757695e-18,3.931221262521417e-17,2.0538191676950044e-17,8.748950550831396e-10,4.400305339232128e-10,1.5671368884247554e-15,7.598545851064413e-16,5.849112532623917e-17,1.9376053756174632e-17,1.4131852468589648e-18,4.464644049976057e-19,3.910913045116469e-14,1.235565874726087e-14,9.055016440829978e-11,2.860730775731171e-11,1.581107643341236e-16,5.11499273718858e-17,0.010328643933373002,0.0050116046737754055,1.0000000000000003e-30,3.4024506931034256e-31,1.0455350087602712e-08,3.2982288645141496e-09,5.788589835018191e-06,1.784318412307302e-06,6.173991610899525e-10,1.949628868223967e-10,3.5594784820483075e-12,1.0982962650259076e-12
0.183,1298.207237590022,5.306691125903515,0.26492298854088286,0.6987205906984038,0.0625068928930119,0.42139506461584875,2.7064283168488447e-07,3.6491192656424095e-06,4.324349887025082e-13,3.67350003771955e-13,1.5023118658840214e-13,6.381008521708768e-14,6.547042637529604e-08,5.232021485189433e-08,0.22311488608838811,0.1683241158089123,1.1035053863460475e-15,4.5439508295964415e-16,2.451233408396487e-13,9.794426711404285e-14,3.496733877867145e-17,3.956721432147318e-17,7.239774585823482e-15,7.55787106314437e-15,2.575759655513741e-10,2.495701273883e-10,6.373105229430058e-12,6.175019787126312e-12,3.5772786732424455e-05,3.2337124755977676e-05,0.21724962386463278,0.18404563038979083,0.3920148903857733,0.19021357849173998,0.08526032291957318,0.02633040468257527,9.285707972770417e-08,4.3491021285996035e-08,4.80696549111806e-06,2.1758331304973855e-06,1.0175914472920314e-09,4.456436817148367e-10,1.1933606455052775e-11,5.22619989674446e-12,1.7136541284362682e-06,7.268681121211146e-07,4.8113800968604657e-11,2.6125275498434184e-11,0.0020164979514068243,0.0010525487592991148,2.8725881676733e-07,1.4435186017693167e-07,0.006661530100267844,0.0032272399953272185,1.3744391488949537e-06,6.427647916596481e-07,0.0007878993346190097,0.0003561142617892988,5.088232535826606e-10,1.685497372370019e-10,8.643156602690432e-06,2.7944267395976817e-06,4.3598679426878165e-10,1.4095928281999604e-10,4.307137160859101e-18,4.179223858978834e-18,3.617270754241488e-17,3.274219131225597e-17,3.8754734216194764e-14,3.2872519471682115e-14,2.1087717151577457e-09,1.6828347831028712e-09,3.291715751353621e-12,1.541512494038639e-12,1.072296544966172e-14,4.8568966578015554e-15,2.9301995500348747e-22,8.656537674318365e-23,8.202701161930991e-15,2.5329579445934325e-15,8.600363187221867e-18,3.768869242086879e-18,3.908970377495649e-17,2.0419285016839598e-17,8.73756714491753e-10,4.3940077128879973e-10,1.5629289267049607e-15,7.577155872145296e-16,5.801509433075004e-17,1.921585857279619e-17,1.3984910893645213e-18,4.417645737690795e-19,3.897928215796045e-14,1.2313032309816683e-14,9.042018981852274e-11,2.8562524937824122e-11,1.5730094791518737e-16,5.088131890645237e-17,0.010328643933007106,0.005010952001713181,1.000000000000001e-30,3.4020075847477113e-31,1.0388597489787567e-08,3.2767443984153136e-09,5.76892704929097e-06,1.7780258213095826e-06,6.153139876117915e-10,1.9427912410645611e-10,3.527921334352819e-12,1.088417371705829e-12
0.184,1297.9268542594955,5.30695193495889,0.26490996895539665,0.7024954580767181,0.06253432580566635,0.4215254973608963,2.6988861383896627e-07,3.6384795299161806e-06,4.2920632343507076e-13,3.6456013685191554e-13,1.4900248081911763e-13,6.328001456729457e-14,6.517357836433766e-08,5.2076256831895553e-08,0.22301310204874575,0.16822557347186867,1.094346572861266e-15,4.505654559894298e-16,2.435952964236597e-13,9.732111952396364e-14,3.4562912455819667e-17,3.9104529926225476e-17,7.169301588384448e-15,7.483333983365709e-15,2.557563560868259e-10,2.4777503373137e-10,6.325573830972351e-12,6.128173286951906e-12,3.565017644171732e-05,3.222212339521102e-05,0.21720695918552907,0.18398569491079578,0.39218055676459224,0.19026935904272796,0.08525451762459678,0.02632520770131156,9.27199633814134e-08,4.3421185879811115e-08,4.806417632174329e-06,2.1753038534944666e-06,1.0122122973362403e-09,4.4323062335868685e-10,1.1860360071604327e-11,5.1934508221543754e-12,1.7076914497422257e-06,7.242453126920527e-07,4.7551055539564105e-11,2.581637242379743e-11,0.002002511371438252,0.0010451130569147258,2.850606322367542e-07,1.432287182976429e-07,0.0066343001169912675,0.003213632615866427,1.3678545014287728e-06,6.396027329994276e-07,0.0007864517085711515,0.0003554140053048985,5.058503863225626e-10,1.6754329768861298e-10,8.620728215936939e-06,2.7868150286877124e-06,4.3407803679640437e-10,1.403240151256761e-10,4.264074270171299e-18,4.1369048974343356e-18,3.5956243473737307e-17,3.254204799562747e-17,3.864275279118809e-14,3.277329666357795e-14,2.109988427395701e-09,1.6835880312719636e-09,3.281108496330076e-12,1.5363464418013323e-12,1.0646471396767695e-14,4.8216256850537855e-15,2.899098702907785e-22,8.563550671794952e-23,8.158621925430924e-15,2.5190207308016104e-15,8.541397342229134e-18,3.742545148983852e-18,3.8869578755143724e-17,2.03016730774852e-17,8.726253263878221e-10,4.3877507213496647e-10,1.5587525091418734e-15,7.55593132193093e-16,5.754539036181212e-17,1.9057818015288406e-17,1.3840326355618543e-18,4.371408145666927e-19,3.88505814214257e-14,1.2270790711562412e-14,9.029114810222057e-11,2.851807465764244e-11,1.5649960737049342e-16,5.061556824400484e-17,0.01032864393264525,0.005010304108410739,1.0000000000000025e-30,3.4015677207595764e-31,1.0322628500659384e-08,3.255515653773274e-09,5.749440073950073e-06,1.771790677894649e-06,6.132473392447303e-10,1.9360156590303597e-10,3.4968105775883276e-12,1.07867974384057e-12
0.185,1297.64799288812,5.307212693953748,0.26489695314818934,0.7062705109345008,0.06256157016999953,0.42165500866785044,2.6914014614168404e-07,3.6279233512159525e-06,4.26018304565847e-13,3.618058398276165e-13,1.4779034697186325e-13,6.275717502216514e-14,6.487965646329896e-08,5.183474675541199e-08,0.22291208928875275,0.16812779108114925,1.0853127832469998e-15,4.467886933994422e-16,2.42085155002909e-13,9.670537258407668e-14,3.416521465194087e-17,3.8649611946461053e-17,7.09987154328696e-15,7.409911402942901e-15,2.5395905084030283e-10,2.4600223308315607e-10,6.278639033917593e-12,6.081922333368868e-12,3.552861257016116e-05,3.2108126614121394e-05,0.21716449127472462,0.18392610867572065,0.39234492157840295,0.19032466669745754,0.08524879259852441,0.026320060757890448,9.258358843432467e-08,4.3351755070639505e-08,4.805883194151793e-06,2.1747827624136526e-06,1.0068929416610065e-09,4.408447689390939e-10,1.1787978089873277e-11,5.161093361839121e-12,1.7017845343936098e-06,7.216474936330229e-07,4.699781500044856e-11,2.5512732114867768e-11,0.001988696301517914,0.0010377697196184586,2.828908008396374e-07,1.4212024012083947e-07,0.006607328281725471,0.003200156691875633,1.3613360491813519e-06,6.364730187352018e-07,0.000785014640107805,0.0003547190227136698,5.029109204908609e-10,1.665483311665924e-10,8.59848681837518e-06,2.7792682508009997e-06,4.3218803835410077e-10,1.3969510202732348e-10,4.221661237479437e-18,4.095230993746627e-18,3.574219847569776e-17,3.2344174898739274e-17,3.8531598636534096e-14,3.267483072050334e-14,2.1111955080367343e-09,1.6843349307034033e-09,3.270587848562803e-12,1.531223664135743e-12,1.0570941347115838e-14,4.78680470668737e-15,2.8684976581567324e-22,8.472071567226845e-23,8.115014322882824e-15,2.505234997397212e-15,8.483157377824555e-18,3.716549253301406e-18,3.86518002480309e-17,2.0185335316509484e-17,8.715008194013737e-10,4.3815339234853247e-10,1.5546072549187062e-15,7.534870147192584e-16,5.708189710476067e-17,1.8901892083286203e-17,1.3698048179232226e-18,4.325914799108859e-19,3.872301216078475e-14,1.2228928470727583e-14,9.016302792248552e-11,2.8473952764576045e-11,1.5570661027276536e-16,5.03526301519497e-17,0.01032864393228734,0.005009660933870962,1.000000000000002e-30,3.4011310604061344e-31,1.0257429877942604e-08,3.234538260680096e-09,5.7301264367967405e-06,1.7656121609622762e-06,6.111989494827358e-10,1.9293012164101396e-10,3.4661376008793247e-12,1.0690806318457093e-12
0.186,1297.3706374576127,5.307473393794579,0.2648839415721722,0.7100457492296751,0.06258862825120172,0.4217836098479138,2.683973566476093e-07,3.6174496589416154e-06,4.2287021473349793e-13,3.5908647836996857e-13,1.46594475107294e-13,6.2241430089782e-14,6.458861648865996e-08,5.1595647156100626e-08,0.22281183764452311,0.16803075855558708,1.0764016532489544e-15,4.430637864805002e-16,2.405926109670675e-13,9.609689863848751e-14,3.3774099619810335e-17,3.8202290873255406e-17,7.031463779872988e-15,7.337581040979491e-15,2.521836618586531e-10,2.4425133357858737e-10,6.232290344074087e-12,6.0362563401996084e-12,3.540808094923459e-05,3.1995120558784094e-05,0.21712221884681127,0.18386686826704862,0.39250800203838077,0.19037950803263484,0.08524314673725557,0.026314963187339897,9.24479481351748e-08,4.3282724874271544e-08,4.80536192140348e-06,2.1742697129805087e-06,1.0016324016438696e-09,4.384856682202828e-10,1.1716445780894972e-11,5.1291207722222636e-12,1.6959325681195065e-06,7.19074285047973e-07,4.6453870242199327e-11,2.5214237938777813e-11,0.0019750497494024606,0.001030517119187135,2.8074881135993193e-07,1.410261586258872e-07,0.006580610814980659,0.00318681027048769,1.3548827892873113e-06,6.333751520678434e-07,0.0007835879999274693,0.0003540292477590181,5.000043020721214e-10,1.655646452626887e-10,8.576429792965122e-06,2.7717854839423435e-06,4.303165129604474e-10,1.3907244540179332e-10,4.179884979111552e-18,4.054189050929112e-18,3.5530533095732235e-17,3.214853455563001e-17,3.842126197411771e-14,3.2577112431844246e-14,2.1123930846243694e-09,1.685075568996177e-09,3.260152671210161e-12,1.5261435813724062e-12,1.0496358031695629e-14,4.752425583137389e-15,2.83838572384349e-22,8.382067863567315e-23,8.07187084378363e-15,2.491598302628202e-15,8.425630492019409e-18,3.69087570907457e-18,3.843633169508913e-17,2.007025161469731e-17,8.703831231479245e-10,4.375356884701143e-10,1.5504927893107095e-15,7.513970328596067e-16,5.66245009574404e-17,1.8748041717391468e-17,1.3558027046756798e-18,4.281149667334253e-19,3.859655859955839e-14,1.2187440210799163e-14,9.003581813113623e-11,2.8430155177517953e-11,1.5492182690498714e-16,5.009246033437033e-17,0.010328643931933383,0.0050090224191635824,1.0000000000000034e-30,3.4006975636787885e-31,1.0192988663393005e-08,3.2138079439822907e-09,5.710983709493436e-06,1.7594894642809858e-06,6.091685569843484e-10,1.9226470252729763e-10,3.43589400048154e-12,1.05961735282959e-12
0.187,1297.0947721776884,5.307734025719577,0.2648709346635256,0.7138211729139322,0.06261550227597695,0.42191131201679805,2.676601746287304e-07,3.607057401041696e-06,4.1976135268813776e-13,3.5640143253075154e-13,1.454145626108329e-13,6.173264653051287e-14,6.430041514079078e-08,5.135892132614267e-08,0.22271233714289046,0.1679344660032581,1.0676108752013444e-15,4.3938975085772666e-16,2.391173654965318e-13,9.54955728929672e-14,3.338942547372827e-17,3.776240171968331e-17,6.964058135802036e-15,7.266321168840389e-15,2.5042980982451267e-10,2.4252195215805136e-10,6.186517502003755e-12,5.991164960342684e-12,3.528856766691972e-05,3.188309163052473e-05,0.21708014061662376,0.18380797030865564,0.3926698150348256,0.19043388949725182,0.08523757895576811,0.026309914336411912,9.231303580977304e-08,4.32140913580492e-08,4.804853563998463e-06,2.173764564059891e-06,9.964297195596149e-10,4.361528806756881e-10,1.1645748739902466e-11,5.09752645954659e-12,1.6901347526208362e-06,7.165253243842913e-07,4.5919017822179895e-11,2.4920776443309014e-11,0.001961568791295377,0.0010233536649450097,2.7863416448992684e-07,1.3994621306260215e-07,0.006554144015174412,0.0031735914394515528,1.3484937397190824e-06,6.303086466212562e-07,0.0007821716612812712,0.0003533446154972166,4.971299890872748e-10,1.6459205178789152e-10,8.55455457344242e-06,2.7643658241985605e-06,4.28463180448519e-10,1.3845594914273639e-10,4.138732737668611e-18,4.01376630111003e-18,3.53212087146085e-17,3.195509030021319e-17,3.831173317737453e-14,3.2480132734717897e-14,2.1135812823359394e-09,1.685810032071138e-09,3.24980184748129e-12,1.5211056242679666e-12,1.0422704576587764e-14,4.7184803626706366e-15,2.8087524909866107e-22,8.293507929421962e-23,8.029184133858342e-15,2.4781082560891517e-15,8.36880417319312e-18,3.665518804083963e-18,3.822313727684396e-17,1.9956402264648815e-17,8.692721682395375e-10,4.3692191769533093e-10,1.5464087437635982e-15,7.493229880960499e-16,5.617309093944433e-17,1.8596228767679637e-17,1.342021495098378e-18,4.237097148346649e-19,3.847120525673229e-14,1.2146320657465304e-14,8.990950776856052e-11,2.8386677886071594e-11,1.54145130194294e-16,4.9835015408803194e-17,0.010328643931583276,0.005008388506394178,1.0000000000000045e-30,3.400267191272208e-31,1.0129292186945642e-08,3.193320524422792e-09,5.6920095134941175e-06,1.7534217982757839e-06,6.071559055639867e-10,1.916052215397176e-10,3.4060715774267265e-12,1.050287289769506e-12
0.188,1296.8203815089691,5.307994581213351,0.2648579328459631,0.7175967819329061,0.06264219443239842,0.4220381260937544,2.66928530551634e-07,3.596745543662074e-06,4.166910329206129e-13,3.5375009640648406e-13,1.4425031406082885e-13,6.12306942964689e-14,6.401500998757563e-08,5.112453330181411e-08,0.22261357799163528,0.1678389037135558,1.0589381966473963e-15,4.3576562588901225e-16,2.3765912635143795e-13,9.490127332630514e-14,3.301105408631138e-17,3.7329783898475156e-17,6.897634946536049e-15,7.196110598442416e-15,2.486971238795563e-10,2.4081371438294753e-10,6.141310477987125e-12,5.946638080540206e-12,3.51700590650473e-05,3.1772026482989494e-05,0.21703825531384116,0.18374941147783036,0.3928303771483524,0.19048781741805493,0.08523208819126821,0.026304913564503728,9.21788448532415e-08,4.314585063701235e-08,4.804357877567089e-06,2.173267177579051e-06,9.912839579816828e-10,4.338459752102824e-10,1.1575872877805529e-11,5.066303975913428e-12,1.6843903051905134e-06,7.140002562580378e-07,4.539305970802552e-11,2.4632237213992835e-11,0.0019482505663884278,0.00101627780086056,2.7654637205230745e-07,1.3888014855151786e-07,0.006527924246087131,0.003160498320985949,1.3421679366939478e-06,6.272730252125231e-07,0.000780765498972019,0.00035266506184228574,4.942874512527687e-10,1.6363036665290886e-10,8.532858642483213e-06,2.757008385109039e-06,4.2662776636544495e-10,1.378455191245934e-10,4.098192074976386e-18,3.9739502982633474e-18,3.5114187532591434e-17,3.176380625246627e-17,3.82030027712025e-14,3.238388271351557e-14,2.114760224083516e-09,1.686538404252949e-09,3.239534280337143e-12,1.5161092338425216e-12,1.0349964497384891e-14,4.68496127858442e-15,2.7795878266212886e-22,8.206360977472611e-23,7.986946992705796e-15,2.4647625179091023e-15,8.312666193865828e-18,3.640472956929469e-18,3.801218189830939e-17,1.9843767962472013e-17,8.681678862339995e-10,4.363120378469906e-10,1.5423547554995348e-15,7.472646851264767e-16,5.572755864502914e-17,1.8446415976805683e-17,1.3284565160292942e-18,4.193742057270266e-19,3.8346936943416873e-14,1.2105564637356336e-14,8.97840860552049e-11,2.8343516947677243e-11,1.5337639564955933e-16,4.958025288449604e-17,0.010328643931236935,0.005007759138696718,1.0000000000000045e-30,3.39983990457925e-31,1.0066328042069398e-08,3.1730719107243134e-09,5.673201508542789e-06,1.7474083864542764e-06,6.051607439044869e-10,1.9095159333293669e-10,3.3766623264775897e-12,1.0410878880163038e-12
0.189,1296.5474501141916,5.308255052119386,0.26484493652512664,0.7213725762264289,0.06266870687239569,0.42216406281476676,2.6620235604856793e-07,3.5865130706830703e-06,4.136585851310523e-13,3.511318776635904e-13,1.431014408910804e-13,6.07354463833155e-14,6.373235943410541e-08,5.08924478375395e-08,0.22251555058356878,0.1677440621583116,1.0503814183393171e-15,4.3219047380566157e-16,2.362176077375431e-13,9.431388063171288e-14,3.263885094347322e-17,3.690428105229753e-17,6.832175023718264e-15,7.126928658923813e-15,2.469852413051441e-10,2.391262541115679e-10,6.096659463735517e-12,5.902665812957425e-12,3.505254172858331e-05,3.166191201168166e-05,0.21699656165986633,0.18369118848380733,0.39298970465159055,0.19054129799879804,0.08522667339686611,0.026299960241433606,9.204536874104906e-08,4.3077998878483284e-08,4.803874623163136e-06,2.1727774184402473e-06,9.86194199342584e-10,4.3156452994937047e-10,1.1506804412526928e-11,5.0354470152246984e-12,1.6786984583170383e-06,7.11498732266549e-07,4.487580322639832e-11,2.4348512842372986e-11,0.0019350922808502582,0.001009288007565441,2.744849574147055e-07,1.3782771628226432e-07,0.006501947952534002,0.0031475290792718547,1.3359044375943697e-06,6.242678211944249e-07,0.000779369390858807,0.0003519905242398923,4.914761697011426e-10,1.62679409767828e-10,8.511339531440829e-06,2.74971229752209e-06,4.2481000174873044e-10,1.3724106312571505e-10,4.058250858376346e-18,3.934728904462784e-18,3.490943253585312e-17,3.1574647286521866e-17,3.8095061424818456e-14,3.2288353593200486e-14,2.1159300304945205e-09,1.6872607682417452e-09,3.229348891836923e-12,1.5111538610388376e-12,1.027812167858436e-14,4.651860739572253e-15,2.750881861503532e-22,8.120597027061824e-23,7.945152366901857e-15,2.4515587965194125e-15,8.257204599942663e-18,3.6157327120968056e-18,3.780343116522064e-17,1.9732329794526505e-17,8.67070209672503e-10,4.357060073881342e-10,1.5383304678412555e-15,7.452219320073075e-16,5.5287798130016745e-17,1.8298566941146886e-17,1.315103216555068e-18,4.151069609034863e-19,3.8223738750115455e-14,1.2065167073724397e-14,8.965954239489531e-11,2.830066848823939e-11,1.526155012909187e-16,4.932813113769121e-17,0.010328643930894298,0.005007134260183907,1.0000000000000052e-30,3.399415665657252e-31,1.000408410631857e-08,3.1530581059001078e-09,5.654557408514774e-06,1.7414484702421676e-06,6.031828256974513e-10,1.903037342778626e-10,3.347658438733981e-12,1.032016656003183e-12
0.19,1296.275962916588,5.3085154304597175,0.2648319460975917,0.7251485557286582,0.06269504171020511,0.42228913272405666,2.654815838976676e-07,3.5763589834283934e-06,4.1066335396562185e-13,3.485461972966703e-13,1.4196766138950658e-13,6.024677882574859e-14,6.345242271444425e-08,5.0662630398289724e-08,0.22241824548061076,0.16764993198004022,1.041938393296582e-15,4.2866337929554626e-16,2.3479253007090977e-13,9.373327811921368e-14,3.2272685071487933e-17,3.64857409662667e-17,6.767659651205211e-15,7.058755191854292e-15,2.4529380743203475e-10,2.3745921340042253e-10,6.052554869362879e-12,5.859238491946157e-12,3.493600248711637e-05,3.155273535495291e-05,0.216955058400946,0.18363329809632792,0.39314781352400197,0.19059433732834236,0.08522133354938463,0.026295053749923702,9.191260101138098e-08,4.301053229380372e-08,4.803403567101015e-06,2.1722951544506808e-06,9.811595452905607e-10,4.2930813194442114e-10,1.143852986111778e-11,5.004949409540434e-12,1.6730584593354768e-06,7.090204108309204e-07,4.43670607300763e-11,2.4069498741892794e-11,0.0019220911981770298,0.0010023827972741937,2.7244945415608087e-07,1.3678867283611538e-07,0.006476211634020848,0.003134681907645293,1.3297023156864882e-06,6.212925759733285e-07,0.0007779832156109697,0.000351320940651707,4.886956366360361e-10,1.617390049224443e-10,8.489994817888855e-06,2.742476708779695e-06,4.23009623102667e-10,1.366424908180584e-10,4.018897257681037e-18,3.896090286546408e-18,3.470690749380292e-17,3.138757902719079e-17,3.798789995499553e-14,3.2193536741840706e-14,2.11709082006389e-09,1.6879772052435923e-09,3.219244623022889e-12,1.506238966654072e-12,1.0207160378357323e-14,4.619171331648153e-15,2.722624987958838e-22,8.036186896879546e-23,7.903793351006519e-15,2.4384948488960075e-15,8.202407707376609e-18,3.5912927383280275e-18,3.759685137515553e-17,1.9622069232223315e-17,8.659790719889216e-10,4.351037853763078e-10,1.5343355294702355e-15,7.431945397895874e-16,5.48537059021466e-17,1.8152646106480358e-17,1.301957166231756e-18,4.1090654122840612e-19,3.810159604864736e-14,1.2025122986914531e-14,8.953586636123098e-11,2.8258128697786374e-11,1.518623275961024e-16,4.907860939304444e-17,0.01032864393055533,0.0050065138159631605,1.0000000000000073e-30,3.398994437238859e-31,9.942548495030491e-09,3.1332751925366333e-09,5.636074956454853e-06,1.7355413012740172e-06,6.012219091569589e-10,1.896615623059265e-10,3.3190522845043385e-12,1.023071159886516e-12
0.191,1296.0059050090076,5.308775708663633,0.26481896193946325,0.7289247203683663,0.0627212010264092,0.4224133461956164,2.6476614799481866e-07,3.5662823001977854e-06,4.0770469842221287e-13,3.459924891000878e-13,1.4084870023800265e-13,5.976457049728664e-14,6.317515985488259e-08,5.043504712833077e-08,0.22232165342605467,0.1675565039984218,1.0336070245331123e-15,4.251834485318814e-16,2.333836199012939e-13,9.315935167983967e-14,3.1912428875032726e-17,3.6074015379343375e-17,6.704070557911395e-15,6.991570522153173e-15,2.436224752524391e-10,2.358122421134734e-10,6.00898731364782e-12,5.816346664216578e-12,3.482042840009146e-05,3.1444483879755463e-05,0.2169137442626542,0.18357573710432087,0.3933047194481326,0.1906469413763109,0.08521606763732208,0.02629019348148494,9.178053528851013e-08,4.294344714848919e-08,4.802944480854362e-06,2.171820256241171e-06,9.761791163889849e-10,4.270763770215908e-10,1.1371036031671816e-11,4.97480512526478e-12,1.6674695700583877e-06,7.065649570175447e-07,4.386664966637636e-11,2.3795093181257805e-11,0.0019092446484749166,0.000995560718562499,2.704394071990823e-07,1.3576278074467483e-07,0.006450711877404402,0.003121955044300692,1.3235606663670951e-06,6.183468419039371e-07,0.0007766068557343933,0.00035065625091481586,4.859453551068208e-10,1.6080897970346282e-10,8.468822126308145e-06,2.7353007828694073e-06,4.212263721054137e-10,1.3604971366749605e-10,3.980119728181437e-18,3.858022899201251e-18,3.450657691533539e-17,3.120256780879543e-17,3.788150931542531e-14,3.209942366080771e-14,2.1182427090643493e-09,1.6886877948775275e-09,3.2092204331177762e-12,1.5013640209231502e-12,1.013706519725212e-14,4.586885803671837e-15,2.6948078427615686e-22,7.953102153351892e-23,7.86286317713707e-15,2.425568477231742e-15,8.148264089172272e-18,3.567147822703411e-18,3.7392409489612387e-17,1.9512968116548952e-17,8.648944075986584e-10,4.345053315002655e-10,1.5303695951919734e-15,7.411823228719894e-16,5.4425180774154254e-17,1.8008618717937603e-17,1.2890140484125497e-18,4.0677154477831516e-19,3.798049447411831e-14,1.198542748832539e-14,8.941304770773251e-11,2.82158938331222e-11,1.5111675742939855e-16,4.883164769858569e-17,0.010328643930219967,0.005005897752062314,1.000000000000007e-30,3.3985761826816005e-31,9.881709609131252e-09,3.1137193476865963e-09,5.6177519569059776e-06,1.7296861512984815e-06,5.992777574204206e-10,1.8902499702993556e-10,3.290836424162228e-12,1.0142490267989408e-12
0.192,1295.737261777374,5.309035879217851,0.2648059844238347,0.7327010700689813,0.06274718686360756,0.4225367134099971,2.6405598334630856e-07,3.5562820561794794e-06,4.04781991784926e-13,3.434701995987047e-13,1.397442887238523e-13,5.928870319688467e-14,6.290053168207347e-08,5.0209664857247857e-08,0.22222576531909247,0.1674637691929664,1.0253852648635929e-15,4.2174980907040467e-16,2.3199060964259626e-13,9.259198967552669e-14,3.1557958113083614e-17,3.566895995279754e-17,6.64138992494642e-15,6.9253554649974514e-15,2.419709054854862e-10,2.3418499797730337e-10,5.965947624639342e-12,5.773981089196133e-12,3.4705806766599314e-05,3.1337145190457674e-05,0.21687261801596,0.18351850237409928,0.39346043782977425,0.19069911600558073,0.08521087467613407,0.026285378841457024,9.164916524958665e-08,4.2876739747094574e-08,4.802497140875671e-06,2.171352597209133e-06,9.712520514264845e-10,4.248688694722365e-10,1.1304310016881574e-11,4.945008260195874e-12,1.6619310665267215e-06,7.041320424304383e-07,4.3374392101955365e-11,2.3525197023668482e-11,0.001896550011320235,0.0009888203473946402,2.6845437052359026e-07,1.347498073360436e-07,0.00642544530678733,0.0031093467480195077,1.317478597274612e-06,6.154301776618396e-07,0.0007752401931679641,0.00034999639475551944,4.83224838670017e-10,1.5988916537889937e-10,8.447819124691967e-06,2.72818369933425e-06,4.194599957267278e-10,1.3546264497065686e-10,3.941907014351167e-18,3.820515488236223e-18,3.4308406066573323e-17,3.1019580690526193e-17,3.7775880606883494e-14,3.200600599350345e-14,2.1193858117767924e-09,1.6893926153842629e-09,3.1992752998252635e-12,1.4965285036604174e-12,1.0067821098909377e-14,4.554997076549412e-15,2.6674213117492834e-22,7.871315123449417e-23,7.822355220989574e-15,2.4127775307536617e-15,8.094762577174054e-18,3.543292871302398e-18,3.719007313635456e-17,1.940500865894915e-17,8.638161517472963e-10,4.339106060080208e-10,1.5264323246248406e-15,7.391850983686891e-16,5.400212391947461e-17,1.7866450837561538e-17,1.2762696608657224e-18,4.02700606996979e-19,3.786041993703616e-14,1.194607578422181e-14,8.929107634670138e-11,2.8173960211386215e-11,1.5037867600874874e-16,4.858720691440505e-17,0.010328643929888132,0.005005286015493423,1.0000000000000048e-30,3.3981608660112247e-31,9.821556051799472e-09,3.094386816522762e-09,5.5995862277193205e-06,1.7238822973363275e-06,5.973501377303889e-10,1.8839395948566713e-10,3.2630035805050612e-12,1.0055479362663697e-12
0.193,1295.4700187459848,5.309295935048116,0.26479301390175775,0.7364776047488993,0.06277300123374771,0.4226592443929491,2.6335102601109846e-07,3.5463573025442042e-06,4.018946208142891e-13,3.4097878733391445e-13,1.3865416409628316e-13,5.881906137056123e-14,6.262849976574679e-08,4.998645105178053e-08,0.22213057223184543,0.16737171871111428,1.0172711139389697e-15,4.1836160859090107e-16,2.306132375004122e-13,9.203108290414226e-14,3.12091516984819e-17,3.52704340380948e-17,6.579600348703324e-15,6.860091286534944e-15,2.4033876603011143e-10,2.3257714603436667e-10,5.92342682614109e-12,5.732132725499217e-12,3.459212510041935e-05,3.123070710505046e-05,0.21683167840168202,0.18346159078045549,0.3936149837922448,0.19075086696469737,0.08520575369192537,0.026280609243264447,9.151848465721945e-08,4.28104064471747e-08,4.802061328501243e-06,2.1708920534145664e-06,9.663775070549973e-10,4.2268522187049186e-10,1.1238339183504662e-11,4.915553038596507e-12,1.6564422384099418e-06,7.017213449273817e-07,4.28901149270052e-11,2.3259713833813947e-11,0.0018840047316149061,0.000982160295320149,2.664939090935842e-07,1.3374952569123435e-07,0.0064004086359927635,0.0030968553234279506,1.3114552383515273e-06,6.12542152914076e-07,0.0007738831141243303,0.00034934131396380014,4.805336111095062e-10,1.5897939679578168e-10,8.426983525540184e-06,2.7211246534932735e-06,4.177102457771056e-10,1.3488119970282676e-10,3.90424812699535e-18,3.783557067973377e-18,3.411236090572501e-17,3.0838585395645435e-17,3.767100505763011e-14,3.191327550760393e-14,2.1205202403650173e-09,1.6900917434846063e-09,3.1894082179113804e-12,1.4917319035382504e-12,9.999413365848836e-15,4.523498222878917e-15,2.640456509269435e-22,7.790798832932416e-23,7.782262987401587e-15,2.400119901134946e-15,8.04189224389739e-18,3.5197229009919816e-18,3.6989810567670694e-17,1.9298173418453945e-17,8.627442406255958e-10,4.333195697516089e-10,1.5225233833567388e-15,7.372026866434816e-16,5.3584438664162783e-17,1.7726109273900968e-17,1.263719907500507e-18,3.986923980298571e-19,3.774135859341705e-14,1.190706316582115e-14,8.916994236185801e-11,2.8132324213163544e-11,1.4964797079986001e-16,4.834524867586715e-17,0.010328643929559808,0.005004678554119067,1.0000000000000057e-30,3.397748451830909e-31,9.762076706932647e-09,3.0752739368620987e-09,5.581575651860202e-06,1.7181290375624312e-06,5.95438822076318e-10,1.877683723266331e-10,3.235546658412617e-12,9.969656261672319e-13
0.194,1295.2041617098184,5.309555869163454,0.2647800507199941,0.7402543243215438,0.06279864611271949,0.4227809489868564,2.626512131161957e-07,3.5365071066818116e-06,3.990419857982813e-13,3.385177228960664e-13,1.3757806980901883e-13,5.835553221175068e-14,6.235902643682943e-08,4.9765373830114515e-08,0.22203606538823345,0.1672803438549565,1.009262618374307e-15,4.150180149305889e-16,2.2925124725945453e-13,9.147652451280664e-14,3.086589169140872e-17,3.487830066575694e-17,6.518684850644546e-15,6.79575971362992e-15,2.3872573209336703e-10,2.3098835876079463e-10,5.88141613998726e-12,5.690792732949176e-12,3.4479371143734133e-05,3.11251576676738e-05,0.2167909241982611,0.1834049992671302,0.39376837219274,0.19080219989936995,0.0852007037344105,0.02627588411285982,9.13884873304934e-08,4.2744443646332634e-08,4.801636829802265e-06,2.170438503547371e-06,9.615546572913761e-10,4.205250548503853e-10,1.1173111168566663e-11,4.886433809437791e-12,1.6510023889659324e-06,6.993325486047188e-07,4.2413649399894294e-11,2.2998549628266078e-11,0.0018716063025784274,0.0009755792005791409,2.645575966589523e-07,1.3276171353597227e-07,0.006375598619429035,0.003084479097216725,1.305489732201333e-06,6.096823438110854e-07,0.0007725355047307998,0.00034869095042923664,4.778712062007491e-10,1.5807951229968326e-10,8.406313083171342e-06,2.714122855594103e-06,4.1597687908557577e-10,1.343052945749836e-10,3.867132348617111e-18,3.747136926175503e-18,3.3918408108007284e-17,3.0659550333545443e-17,3.7566874036954346e-14,3.1821224106810123e-14,2.121646105064695e-09,1.690785254562607e-09,3.179618199830084e-12,1.4869737183886428e-12,9.931827620544772e-15,4.492382476349147e-15,2.6139047818604886e-22,7.711527016507262e-23,7.74258011629944e-15,2.3875935243045516e-15,7.989642406388962e-18,3.496433041022085e-18,3.6791590669712783e-17,1.9192445306336178e-17,8.616786112467116e-10,4.3273218413155246e-10,1.5186424417507536e-15,7.352349107380566e-16,5.317203055918064e-17,1.7587561605209088e-17,1.2513607991457871e-18,3.9474562293511645e-19,3.7623296861127066e-14,1.1868385014503045e-14,8.904963599188891e-11,2.8090982277660635e-11,1.4892453151095103e-16,4.810573539153721e-17,0.01032864392923492,0.0050040753167388706,1.0000000000000046e-30,3.3973389053799864e-31,9.703260658503733e-09,3.0563771136946674e-09,5.563718129926375e-06,1.7124256766936578e-06,5.93543586442171e-10,1.8714815958749435e-10,3.208458718592734e-12,9.884998845882855e-13
0.195,1294.939676604312,5.30981567497838,0.26476709520495095,0.7440312286956539,0.06282412344646056,0.42290183688292615,2.6195648280865626e-07,3.526730551444335e-06,3.962234998508654e-13,3.3608648830533174e-13,1.3651575498437464e-13,5.789800542915646e-14,6.209207473870714e-08,4.954640192084602e-08,0.22194223617876824,0.16718963608839654,1.0013578691799252e-15,4.1171821499255078e-16,2.2790438821383307e-13,9.09282099646765e-14,3.052806312460956e-17,3.4492426342811434e-17,6.458626845606543e-15,6.732342900100233e-15,2.3713148572058333e-10,2.2941831559636471e-10,5.839906974391642e-12,5.649952460902152e-12,3.4367532846149614e-05,3.1020485128585474e-05,0.21675035415817212,0.18334872478884934,0.3939206176175048,0.19085312034613364,0.08519572386264308,0.02627120288372567,9.125916717299397e-08,4.2678847794241316e-08,4.801223435495401e-06,2.16999182883561e-06,9.567826931900544e-10,4.183879969413464e-10,1.1108613870104666e-11,4.85764504206467e-12,1.6456108345303895e-06,6.969653435552088e-07,4.194483131108142e-11,2.2741612960943114e-11,0.001859352279254412,0.000969075735079726,2.626450173508381e-07,1.3178615403157423e-07,0.006351012096245721,0.003072216439384367,1.2995812425303978e-06,6.068503369027395e-07,0.000771197255125518,0.0003480452479804247,4.752371674638825e-10,1.5718935364441178e-10,8.385805594606652e-06,2.707177531011673e-06,4.142596571210289e-10,1.337348479058384e-10,3.830549213773695e-18,3.711244604594572e-18,3.3726515010242564e-17,3.048244454798311e-17,3.746347903883661e-14,3.172984381601875e-14,2.122763514074925e-09,1.6914732225445695e-09,3.169904274531029e-12,1.4822534545956148e-12,9.865049789961852e-15,4.461643215384738e-15,2.587757691901547e-22,7.633474068591688e-23,7.703300371586573e-15,2.375196376901482e-15,7.938002610686537e-18,3.473418525993724e-18,3.6595382926808495e-17,1.9087807566524322e-17,8.606192015479015e-10,4.3214841113692853e-10,1.5147891759276551e-15,7.332815968252956e-16,5.276480720242695e-17,1.7450776119172356e-17,1.2391884468346738e-18,3.9085901951566466e-19,3.7506221394776044e-14,1.1830036793471998e-14,8.893014764172066e-11,2.8049930905515955e-11,1.4820825000196753e-16,4.7868630211584367e-17,0.010328643928913403,0.005003476252977724,1.0000000000000032e-30,3.3969321924580954e-31,9.645097255960394e-09,3.0376928396064696e-09,5.546011623808646e-06,1.7067715393683464e-06,5.916642113481253e-10,1.8653324684822424e-10,3.1817329936846224e-12,9.801485546964577e-13
0.196,1294.6765496285693,5.310075345972533,0.2647541476796615,0.7478083177753307,0.06284943514630889,0.4230219175965021,2.612667742584837e-07,3.517026735205816e-06,3.934385889120457e-13,3.3368457700089574e-13,1.3546697461461673e-13,5.744637332965676e-14,6.182760843983747e-08,4.9329504672785663e-08,0.2218490761378453,0.167099587022218,9.935550017615215e-16,4.0846141472703773e-16,2.265724149405448e-13,9.038603694666309e-14,3.019555399218565e-17,3.41126810365621e-17,6.39941015011959e-15,6.669823434949451e-15,2.355557158910345e-10,2.2786670303063052e-10,5.798890925412621e-12,5.609603449483982e-12,3.425659837582458e-05,3.0916677954279934e-05,0.21670996707228166,0.18329276436836403,0.39407173439913373,0.1909036337437428,0.08519081315916313,0.026266565001607872,9.113051814236555e-08,4.261361537889405e-08,4.800820940783661e-06,2.1695519130021903e-06,9.520608222816465e-10,4.16273684317294e-10,1.1044835442415708e-11,4.829181324018913e-12,1.6402669043765106e-06,6.946194258088922e-07,4.14835005439941e-11,2.2488814682516464e-11,0.0018472402619819715,0.0009626485957552876,2.60755763552981e-07,1.3082263470197472e-07,0.006326645942694939,0.0030600657401811775,1.2937289447968517e-06,6.040457247667842e-07,0.0007698682552256297,0.0003474041504779334,4.726310478924187e-10,1.5630876589965234e-10,8.365458896597563e-06,2.7002879193026255e-06,4.125583461288365e-10,1.3316977966531763e-10,3.794488513574869e-18,3.675869903068138e-18,3.3536649631273475e-17,3.030723773502451e-17,3.7360811693104636e-14,3.1639126790966657e-14,2.123872573760875e-09,1.6921557200880613e-09,3.16026548789376e-12,1.477570627303709e-12,9.799066123345995e-15,4.431273971056665e-15,2.5620070202165746e-22,7.55661505032626e-23,7.664417645868515e-15,2.3629264777037176e-15,7.886962634571209e-18,3.4506746969681963e-18,3.6401157427106724e-17,1.8984243778307475e-17,8.595659502557328e-10,4.315682132826232e-10,1.5109632665548985e-15,7.313425736277755e-16,5.236267830072921e-17,1.7315721832709158e-17,1.2271990620985236e-18,3.8703135837890703e-19,3.7390119099274456e-14,1.179201405206054e-14,8.881146786408237e-11,2.80091666532751e-11,1.4749902026653306e-16,4.763389702150098e-17,0.010328643928595239,0.0050028813133580164,1.0000000000000045e-30,3.396528279474191e-31,9.587576036107373e-09,3.019217670108362e-09,5.528454110698565e-06,1.7011659559926504e-06,5.898004810939258e-10,1.8592356099583127e-10,3.1553628626911927e-12,9.719095268099164e-13
0.197,1294.414767154748,5.310334875905128,0.26474120845309534,0.7515855914602364,0.0628745830936081,0.4231412004912085,2.605820276145104e-07,3.50739477117731e-06,3.9068669115913096e-13,3.313114933203962e-13,1.3443148915787123e-13,5.700053064264463e-14,6.156559199375603e-08,4.911465202122379e-08,0.22175657695121415,0.16701018841657428,9.858521937974514e-16,4.052468382274693e-16,2.2525508719973304e-13,8.98499053249366e-14,2.986825510540297e-17,3.3738938007129655e-17,6.341018957613504e-15,6.6081843158786964e-15,2.339981181392125e-10,2.263332142229867e-10,5.758359767427612e-12,5.569737420019953e-12,3.4146556103089306e-05,3.081372481179137e-05,0.21666976172692073,0.1832371150568852,0.39422173661640725,0.1909537454300214,0.08518597072099643,0.026261969921273918,9.100253426771396e-08,4.254874293387697e-08,4.800429145261764e-06,2.1691186421817265e-06,9.473882681890871e-10,4.141817606103719e-10,1.0981764287377036e-11,4.801037356994285e-12,1.6349699402312676e-06,6.922944971065302e-07,4.102950114170849e-11,2.2240067973485536e-11,0.0018352679048392153,0.0009562965089098594,2.588894368752155e-07,1.2987094791361557e-07,0.006302497100965693,0.0030480254239565597,1.2879320316762428e-06,6.01268108538444e-07,0.0007685483974417646,0.0003467676030317338,4.700524096933555e-10,1.554375973575184e-10,8.345270865728012e-06,2.6934532741668793e-06,4.1087271683033345e-10,1.326100113727059e-10,3.758940280234494e-18,3.641002864179109e-18,3.334878062845867e-17,3.0133900202263433e-17,3.725886375293328e-14,3.1549065306829904e-14,2.1249733886076676e-09,1.6928328185187608e-09,3.150700901743778e-12,1.4729247599163772e-12,9.73386316595937e-15,4.401268414927923e-15,2.536644753219241e-22,7.480925650759701e-23,7.625925951573507e-15,2.3507818847877167e-15,7.836512474984334e-18,3.42819699575857e-18,3.620888483285826e-17,1.8881737839996492e-17,8.585187969395568e-10,4.30991553627403e-10,1.5071643994389134e-15,7.294176726861379e-16,5.196555553182652e-17,1.718236844508158e-17,1.2153889516235917e-18,3.832614412070092e-19,3.727497711023531e-14,1.175431241919952e-14,8.869358736448915e-11,2.7968686134363957e-11,1.467967383492555e-16,4.740150041344508e-17,0.010328643928280356,0.005002290449212581,1.0000000000000038e-30,3.39612713338744e-31,9.530686764500233e-09,3.0009482365183456e-09,5.511043611823879e-06,1.6956082715347776e-06,5.879521840742034e-10,1.8531903031822187e-10,3.1293418602838684e-12,9.637807411847944e-13
0.198,1294.154315733791,5.310594258788204,0.2647282778214991,0.7553630496457736,0.06289956913977784,0.4232596947792962,2.599021839917826e-07,3.4978337872036784e-06,3.8796725673359546e-13,3.2896675225312104e-13,1.3340906441277348e-13,5.65603744636798e-14,6.130599052689486e-08,4.890181447722474e-08,0.22166473045277374,0.1669214321781149,9.782476642049427e-16,4.020737272818546e-16,2.2395216980882108e-13,8.931971709158192e-14,2.95460600161047e-17,3.337107371711572e-17,6.2834378294793374e-15,6.547408939460492e-15,2.3245839441468514e-10,2.248175488576724e-10,5.71830544924457e-12,5.530346271020366e-12,3.403739459792972e-05,3.071161456602597e-05,0.21662973690802476,0.18318177393727764,0.39437063809977324,0.19100346064448964,0.0851811956592709,0.026257417106349344,9.087520964845509e-08,4.2484227037648955e-08,4.800047852811005e-06,2.1686919048674354e-06,9.42764270264301e-10,4.1211187674079226e-10,1.0919389048824957e-11,4.773207954213776e-12,1.6297192960468993e-06,6.89990264792685e-07,4.058268116818911e-11,2.1995288266313282e-11,0.0018234329135483202,0.0009500182290863884,2.570456478249707e-07,1.2893089070420538e-07,0.006278562575445659,0.0030360939472961375,1.2821897122343183e-06,5.985170975108197e-07,0.0007672375764228044,0.0003461355518836077,4.675008240754723e-10,1.5457569945774808e-10,8.325239417567366e-06,2.686672863146885e-06,4.0920254434232887e-10,1.3205546606807824e-10,3.723894781216085e-18,3.606633767285474e-18,3.316287728561851e-17,2.996240285699705e-17,3.7157627094231115e-14,3.145965175741061e-14,2.126066061259897e-09,1.6935045878624842e-09,3.1412095936416842e-12,1.4683153839802733e-12,9.669427752780595e-15,4.3716203560109045e-15,2.5116630773795705e-22,7.406382169793313e-23,7.587819418931798e-15,2.338760694843656e-15,7.786642343204231e-18,3.4059809626788075e-18,3.601853636959717e-17,1.8780273962771314e-17,8.574776819991866e-10,4.304183957658938e-10,1.5033922653979485e-15,7.275067282910253e-16,5.1573352502067327e-17,1.7050686322988663e-17,1.2037545145819963e-18,3.795480998787948e-19,3.7160782790895776e-14,1.1716927602295081e-14,8.857649699862959e-11,2.7928486018117936e-11,1.4610130230520474e-16,4.717140567201593e-17,0.01032864392796874,0.005001703612677684,1.0000000000000036e-30,3.3957287217024765e-31,9.474419426322895e-09,2.982881242981843e-09,5.4937781892594566e-06,1.6900978445196707e-06,5.861191126647666e-10,1.8471958446583736e-10,3.1036636715475406e-12,9.557601863336013e-13
0.199,1293.8951821260189,5.310853488797057,0.2647153560728671,0.7591406922232021,0.06292439510524557,0.42337740951603525,2.592271854651294e-07,3.488342925658418e-06,3.852797475442505e-13,3.266498792596957e-13,1.3239947147788984e-13,5.6125804234406397e-14,6.104876983300933e-08,4.869096312241469e-08,0.22157352861832713,0.1668333103555056,9.707396723940029e-16,3.9894134104484177e-16,2.2266343250852127e-13,8.879537630847175e-14,2.922886495754892e-17,3.3008967761219733e-17,6.226651690098738e-15,6.487481095489834e-15,2.3093625300095116e-10,2.2331941305701542e-10,5.67872009158584e-12,5.491422075523186e-12,3.3929102630738245e-05,3.061033628017393e-05,0.2165898914175027,0.18312673813833366,0.39451845243808364,0.19105278453236654,0.0851764871015461,0.026252906030097143,9.07485384476979e-08,4.242006431044129e-08,4.799676871484884e-06,2.1682715918627382e-06,9.381880832208345e-10,4.100636907469074e-10,1.0857698607612582e-11,4.74568803812781e-12,1.6245143378249109e-06,6.877064417340651e-07,4.014289252010837e-11,2.1754393140975838e-11,0.0018117330406585978,0.0009438125365223847,2.5522401514856655e-07,1.280022644466369e-07,0.006254839420471819,0.003024269793058208,1.2765012094615891e-06,5.957923079736105e-07,0.0007659356880089198,0.0003455079439339313,4.6497587104802293e-10,1.5372292671710292e-10,8.305362505561155e-06,2.6799459672537935e-06,4.0754760815549054e-10,1.3150606830332938e-10,3.689342515787927e-18,3.572753124908086e-18,3.29789095087201e-17,2.9792717201539786e-17,3.7057093717751016e-14,3.137087865676232e-14,2.12715069258428e-09,1.6941710969024149e-09,3.131790656847176e-12,1.463742039157567e-12,9.605747008336116e-15,4.342323740519895e-15,2.4870543758566728e-22,7.332961507568437e-23,7.550092295201639e-15,2.3268610428859675e-15,7.737342661977513e-18,3.3840222351657867e-18,3.58300838198522e-17,1.867983666697953e-17,8.564425466342109e-10,4.2984870381311436e-10,1.4996465599394824e-15,7.256095773235476e-16,5.118598472788347e-17,1.692064649361648e-17,1.192292240911444e-18,3.758901958936238e-19,3.704752373313983e-14,1.1679855387449365e-14,8.846018776761188e-11,2.7888563028251783e-11,1.4541261216901598e-16,4.6943578763358553e-17,0.010328643927660265,0.005001120756706171,1.0000000000000029e-30,3.3953330124783475e-31,9.418764204290777e-09,2.965013459423822e-09,5.476655934353199e-06,1.684634043452384e-06,5.843010629953183e-10,1.841251543783177e-10,3.078322123285467e-12,9.47845896290674e-13
0.2,1293.6373532967973,5.311112560253901,0.26470244348776023,0.7629185190797428,0.06294906278063032,0.4234943536056618,2.585569750352104e-07,3.478921342939023e-06,3.8262363691103066e-13,3.243604099542574e-13,1.3140248659212109e-13,5.569672167161461e-14,6.079389635231898e-08,4.8482069591183564e-08,0.2214829635583692,0.16674581513280948,9.633265170379879e-16,3.95848955508398e-16,2.2138864980023942e-13,8.827678903906898e-14,2.891656876027012e-17,3.2652502767490146e-17,6.170645816121044e-15,6.4283849553004925e-15,2.2943140832718978e-10,2.2183851918943334e-10,5.6395959819666714e-12,5.452957075876956e-12,3.3821669165994046e-05,3.0509879209488283e-05,0.21655022407471286,0.1830720048348925,0.3946651929869362,0.1911017221477213,0.0851718441940759,0.026248436175953325,9.062251488710236e-08,4.2356251411489767e-08,4.799316013380573e-06,2.167857596208145e-06,9.336589766306703e-10,4.0803686755273713e-10,1.0796682074100154e-11,4.718472636954346e-12,1.6193544432025969e-06,6.854427461317134e-07,3.970999079095868e-11,2.1517302248783055e-11,0.001800166083500566,0.0009376782360433445,2.5342416549444635e-07,1.2708487467359964e-07,0.006231324736587238,0.003012551468501746,1.2708657594269427e-06,5.930933628033641e-07,0.0007646426289875446,0.00034488472662803736,4.6247713913453397e-10,1.5287913662952297e-10,8.285638119546227e-06,2.673271880450296e-06,4.059076919941278e-10,1.309617440938645e-10,3.655274208096946e-18,3.5393516757250255e-18,3.2796847807584495e-17,2.962481531567617e-17,3.6957255744998734e-14,3.128273863530123e-14,2.128227381745126e-09,1.6948324132320854e-09,3.1224431998034646e-12,1.4592042729619438e-12,9.542808338463959e-15,4.313372647943486e-15,2.4628112223615274e-22,7.260641145646053e-23,7.512738941524529e-15,2.315081101214693e-15,7.688604059099111e-18,3.362316544822833e-18,3.56434995064417e-17,1.8580410772856746e-17,8.554133328031616e-10,4.2928244238029183e-10,1.4959269830395402e-15,7.237260591390716e-16,5.080336958056404e-17,1.6792220625434192e-17,1.1809987083958492e-18,3.722866194151348e-19,3.6935187750305026e-14,1.164309163699394e-14,8.834465081081878e-11,2.7848913940341336e-11,1.4473056989156124e-16,4.6717986313425375e-17,0.010328643927354957,0.005000541835038345,1.0000000000000018e-30,3.3949399743086696e-31,9.363711469288057e-09,2.947341718490548e-09,5.459674964665036e-06,1.6792162458483095e-06,5.824978347883405e-10,1.8353567223053467e-10,3.0533111784805384e-12,9.400359488443277e-13
0.201,1293.3808163551726,5.311371467774585,0.2646895403319975,0.7666965300987869,0.06297357392975336,0.4236105358171845,2.578914966024649e-07,3.46956820904999e-06,3.7999840913530093e-13,3.220978897230691e-13,1.3041789084364703e-13,5.5273030640393154e-14,6.054133714397673e-08,4.827510604732698e-08,0.2213930275240653,0.16665893883185992,9.560065344857595e-16,3.9279586282387355e-16,2.20127600868028e-13,8.776386331355559e-14,2.8609072742666586e-17,3.230156427000493e-17,6.115405818335947e-15,6.370105052351418e-15,2.2794358069485983e-10,2.2037458559420048e-10,5.600925567788896e-12,5.4149436767765655e-12,3.3715083351477404e-05,3.0410232790875686e-05,0.21651073368704205,0.18301757122080162,0.3948108728689803,0.1911502784516377,0.0851672660942624,0.026244007034890313,9.049713326087908e-08,4.2292785044977226e-08,4.798965094577136e-06,2.1674498131260414e-06,9.291762346461725e-10,4.060310788319754e-10,1.073632878181135e-11,4.691556881707863e-12,1.6142390011383131e-06,6.831989013714515e-07,3.928383529440968e-11,2.1283937322464482e-11,0.0017887298897971806,0.0009316141599405357,2.5164573405327725e-07,1.2617853139154927e-07,0.006208015690660896,0.0030009375149351158,1.2652826150658396e-06,5.90419893213577e-07,0.0007633582990163004,0.000344265848818009,4.6000422518028253e-10,1.5204418959655618e-10,8.266064285896984e-06,2.666649909645421e-06,4.042825836114233e-10,1.3042242084881542e-10,3.6216807958285125e-18,3.5064203732837445e-18,3.261666326522535e-17,2.945866982780816e-17,3.685810541043443e-14,3.1195224432611835e-14,2.1292962261688084e-09,1.6954886032102078e-09,3.113166345505206e-12,1.4547016404324599e-12,9.480599411022047e-15,4.284761282103127e-15,2.438926371451788e-22,7.189399117656587e-23,7.47575382664512e-15,2.3034190773998013e-15,7.640417358287273e-18,3.3408597132665822e-18,3.545875627152273e-17,1.8481981388946753e-17,8.54389983267153e-10,4.287195765906744e-10,1.4922332395768956e-15,7.218560157639222e-16,5.0425426186900506e-17,1.666538099434452e-17,1.1698705785560897e-18,3.687362879392873e-19,3.682376286386652e-14,1.1606632285032463e-14,8.82298774102346e-11,2.780953558276742e-11,1.440550792819078e-16,4.649459558772056e-17,0.010328643927052737,0.00499996680214415,1.0000000000000025e-30,3.394549576282466e-31,9.309251808475402e-09,2.9298629242720332e-09,5.442833444103487e-06,1.67384384438902e-06,5.807092315832886e-10,1.8295107149906797e-10,3.0286249422309893e-12,9.323284672985473e-13
0.202,1293.125558590878,5.311630206171091,0.2646766468615225,0.7704747251600353,0.06299793028793567,0.42372596477556723,2.572306949715042e-07,3.460282707654707e-06,3.7740355937523443e-13,3.198618736077178e-13,1.2944547015402126e-13,5.485463714496987e-14,6.029105988616363e-08,4.8070045183564716e-08,0.2213037129029027,0.16657267390965946,9.487780982363878e-16,3.897813710681882e-16,2.1888006947352895e-13,8.725650908476523e-14,2.83062806658286e-17,3.1956040654788784e-17,6.060917638845341e-15,6.312626278879511e-15,2.264724962376636e-10,2.1892733653591752e-10,5.562701454898162e-12,5.377374443682211e-12,3.360933452121684e-05,3.0311386645400028e-05,0.21647141906829365,0.1829634345253765,0.39495550497889825,0.19119845831584031,0.08516275197205694,0.02623961810597911,9.037238793032945e-08,4.2229661957592415e-08,4.798623935032095e-06,2.167048139983104e-06,9.247391557276609e-10,4.0404600288163543e-10,1.0676628283936574e-11,4.664936004556978e-12,1.6091674118386454e-06,6.809746359885091e-07,3.886428888847692e-11,2.1054222078754527e-11,0.0017774223528366968,0.0009256191654274261,2.4988836390646074e-07,1.2528304874917935e-07,0.0061849095031189655,0.0029894265015133767,1.259751043640348e-06,5.8777153756124e-07,0.0007620825995138377,0.00034365126026242933,4.575567342055013e-10,1.5121794887561504e-10,8.246639066728864e-06,2.660079374430633e-06,4.0267207480010757e-10,1.2988802737305156e-10,3.5885534281134714e-18,3.473950383738445e-18,3.2438327538218803e-17,2.929425391466293e-17,3.6759635065359785e-14,3.1108328900677626e-14,2.1303573215880376e-09,1.6961397320074089e-09,3.103959231629872e-12,1.4502337041891626e-12,9.41910815765036e-15,4.256483971808528e-15,2.4153927562493774e-22,7.119214001984902e-23,7.439131527205367e-15,2.2918732143324704e-15,7.592773577724571e-18,3.3196476513877814e-18,3.527582747437609e-17,1.838453391061695e-17,8.533724415715019e-10,4.281600720714475e-10,1.488565039043325e-15,7.199992917540587e-16,5.005207542304281e-17,1.6540100480960914e-17,1.158904595363781e-18,3.652381458600023e-19,3.6713237307020316e-14,1.1570473338510875e-14,8.81158589878271e-11,2.7770424835940042e-11,1.4338604599154577e-16,4.6273374485507463e-17,0.010328643926753579,0.004999395613249426,1.0000000000000029e-30,3.394161788001914e-31,9.255376002951089e-09,2.912574045195096e-09,5.426129570741803e-06,1.6685162431640973e-06,5.789350605280932e-10,1.8237128689546284e-10,3.0042576531506896e-12,9.247216177764787e-13
0.203,1292.871567526182,5.311888770289469,0.26466376333048286,0.7742531041395231,0.0630221335607599,0.42384064895492074,2.565745158264739e-07,3.4510640357278325e-06,3.7483859345165764e-13,3.176519261287953e-13,1.2848501529706594e-13,5.444144933419773e-14,6.004303286884897e-08,4.786686021509365e-08,0.22121501220347328,0.16648701294716237,9.416396183342882e-16,3.868048039767518e-16,2.1764584376585364e-13,8.675463815004271e-14,2.800809868900336e-17,3.1615823106454234e-17,6.007167549344237e-15,6.2559338836995746e-15,2.2501788686216412e-10,2.174965021398385e-10,5.5249164054350995e-12,5.340242100545637e-12,3.350441219598143e-05,3.0213330578493003e-05,0.21643227906834497,0.18290959203888926,0.39509910199562054,0.19124626652931426,0.08515830101895346,0.026235268899220923,9.024827330474726e-08,4.2166878929606534e-08,4.798292358431182e-06,2.1666524762259222e-06,9.203470521011291e-10,4.0208132437693254e-10,1.0617570347030678e-11,4.638605335946949e-12,1.6041390864307776e-06,6.787696835226406e-07,3.845121772464027e-11,2.082808208037257e-11,0.0017662414030703746,0.0009196921302342594,2.4815170490736816e-07,1.2439824447162129e-07,0.006162003424084737,0.002978017013672103,1.2542703220145456e-06,5.851479391335856e-07,0.00076081543154648,0.00034304091067279913,4.551342791268276e-10,1.5040028048437897e-10,8.227360557646034e-06,2.6535596063397183e-06,4.0107596137610306e-10,1.2935849386015018e-10,3.555883464070198e-18,3.441933084198408e-18,3.22618128552239e-17,2.913154129926283e-17,3.6661837179419265e-14,3.102204500500959e-14,2.1314107621805534e-09,1.6967858637236063e-09,3.094821010359788e-12,1.4458000343404267e-12,9.358322778083423e-15,4.228535172655916e-15,2.392203486894445e-22,7.050064916621565e-23,7.402866728079965e-15,2.280441790283592e-15,7.545663927860467e-18,3.298676358282568e-18,3.509468698405158e-17,1.828805401585268e-17,8.523606519541166e-10,4.2760389490778883e-10,1.4849220948370583e-15,7.181557338503935e-16,4.968323991269855e-17,1.6416352569288877e-17,1.148097584191949e-18,3.6179116410927897e-19,3.66035995262253e-14,1.153461087761408e-14,8.800258709217964e-11,2.7731578628062707e-11,1.4272337746852232e-16,4.6054291524197705e-17,0.010328643926457411,0.004998828224348819,1.0000000000000029e-30,3.39377657959117e-31,9.20207498766154e-09,2.8954721013294703e-09,5.4095615539656595e-06,1.6632328506311797e-06,5.771751319383753e-10,1.8179625422590564e-10,2.980203669502354e-12,9.172136049030724e-13
0.20400000000000001,1292.6188308090536,5.312147155274735,0.26465088997803426,0.7780316669098315,0.06304618542906873,0.42395459670475755,2.55922905698906e-07,3.4419114030351277e-06,3.7230302733062885e-13,3.154676208293767e-13,1.2753632148497286e-13,5.403337732258745e-14,5.97972249569954e-08,4.7665524848599176e-08,0.2211269180677101,0.16640194865524333,9.345895394491252e-16,3.838655001286438e-16,2.1642471624167523e-13,8.625816413125855e-14,2.7714435241985496e-17,3.1280805460514985e-17,5.954142127403598e-15,6.200013446976698e-15,2.2357948989329227e-10,2.1608181803762668e-10,5.487563329165935e-12,5.303539521128325e-12,3.3400306067401226e-05,3.011605456477583e-05,0.21639331252091254,0.18285604106501235,0.39524167637915275,0.1912937077934658,0.08515391243553043,0.026230958931220006,9.012478386654316e-08,4.2104432785734996e-08,4.797970192161912e-06,2.166262723327261e-06,9.159992495583274e-10,4.0013673426764847e-10,1.0559144944489857e-11,4.6125603015331765e-12,1.5991534466041322e-06,6.765837823462804e-07,3.804449137997362e-11,2.0605444805147985e-11,0.0017551850189008733,0.0009138319581785677,2.464354149736905e-07,1.2352394050107873e-07,0.006139294769753812,0.00296670767061513,1.248839743586344e-06,5.825487493616798e-07,0.0007595566992608621,0.0003424347512537775,4.5273648058538446e-10,1.4959105313742143e-10,8.20822688855077e-06,2.6470899490413834e-06,3.9949404288401193e-10,1.2883375179299963e-10,3.523662458144216e-18,3.4103600482323758e-18,3.208709197476436e-17,2.897050621151985e-17,3.65647043284291e-14,3.093636581356101e-14,2.13245664048267e-09,1.6974270612905297e-09,3.085750847506081e-12,1.441400208034244e-12,9.298231711743137e-15,4.20090945395708e-15,2.36935183812034e-22,6.981931481824214e-23,7.366954213311982e-15,2.2691231160201963e-15,7.499079799658762e-18,3.2779419159410234e-18,3.4915309152372004e-17,1.8192527650445568e-17,8.513545594275328e-10,4.270510116751257e-10,1.4813041250890343e-15,7.163251913606283e-16,4.931884389245345e-17,1.6294111301178576e-17,1.137446446629548e-18,3.583943384873272e-19,3.649483816117291e-14,1.1499041049125957e-14,8.789005340758413e-11,2.7692993937398e-11,1.4206698289031473e-16,4.5837315815944613e-17,0.010328643926164203,0.004998264592114165,1.000000000000002e-30,3.393393921634125e-31,9.149339904682311e-09,2.878554181019661e-09,5.393127650574746e-06,1.6579930906703099e-06,5.754292597527501e-10,1.8122591052943967e-10,2.956457482294116e-12,9.098026757700116e-13
0.20500000000000002,1292.367336232221,5.312405356509484,0.26463802703140576,0.7818104133402579,0.06307008754847677,0.42406781624733914,2.55275811955367e-07,3.432824031946135e-06,3.6979638692686646e-13,3.133085400970299e-13,1.2659918831564474e-13,5.363033316559685e-14,5.955360558271539e-08,4.7466013275295525e-08,0.2210394232655408,0.16631747387058834,9.276263401678583e-16,3.809628126380264e-16,2.1521648362567088e-13,8.576700242481553e-14,2.742520097260143e-17,3.095088414122666e-17,5.901828251407021e-15,6.144850874567664e-15,2.2215704798628445e-10,2.1468302527516772e-10,5.450635280866613e-12,5.267259726282694e-12,3.329700599708748e-05,3.0019548746997706e-05,0.21635451825466306,0.1828027789302792,0.3953832403767008,0.191340786725395,0.08514958543317465,0.026226687725723955,9.000191416540204e-08,4.2042320392329326e-08,4.797657267210985e-06,2.165878784739009e-06,9.116950871140739e-10,3.9821192962010487e-10,1.0501342251843818e-11,4.586796420001582e-12,1.5942099244100185e-06,6.744166755727778e-07,3.7643982714020796e-11,2.0386239566483062e-11,0.0017442512233008648,0.0009080375773736539,2.447391595833533e-07,1.226599627391861e-07,0.006116780913417619,0.0029554971209353,1.2434586164572325e-06,5.799736269564514e-07,0.0007583063091331495,0.0003418327343631088,4.503629667602111e-10,1.487901381810086e-10,8.189236222636987e-06,2.6406697579971347e-06,3.9792612255672333e-10,1.2831373392893031e-10,3.491882156698842e-18,3.3792230423426326e-18,3.1914138178931257e-17,2.8811123381860637e-17,3.646822919473704e-14,3.085128449684626e-14,2.1334950474445303e-09,1.6980633865190873e-09,3.0767479223670718e-12,1.4370338093807043e-12,9.238823636851232e-15,4.1736014981938954e-15,2.346831246248057e-22,6.91479381070742e-23,7.331388866349271e-15,2.257915534833059e-15,7.453012761577204e-18,3.257440487821718e-18,3.4737668806483216e-17,1.8097941023734837e-17,8.503541097507647e-10,4.265013894242463e-10,1.4777108523994026e-15,7.145075160276914e-16,4.8958813189873637e-17,1.6173351268397984e-17,1.1269481590086991e-18,3.5504668917116236e-19,3.6386942044108695e-14,1.1463760066113239e-14,8.777824974956353e-11,2.7654667790784655e-11,1.4141677313098036e-16,4.562241705621245e-17,0.01032864392587394,0.0049977046738974035,1.000000000000003e-30,3.3930137851764133e-31,9.097162086518631e-09,2.8618174355482758e-09,5.376826156391496e-06,1.6527963999861194e-06,5.736972613499974e-10,1.8066019401864488e-10,2.9330137083814863e-12,9.02487117764414e-13
0.20600000000000002,1292.1170718264484,5.312663369374009,0.2646251747178543,0.7855893432968133,0.06309384154510303,0.4241803156554768,2.546331828154629e-07,3.4238011577028442e-06,3.6731820815071647e-13,3.111742751967656e-13,1.25673419919271e-13,5.3232230920107253e-14,5.931214476013289e-08,4.7268300182730954e-08,0.22095252068373653,0.16623358154952356,9.207485331033114e-16,3.7809610918661374e-16,2.1402094675095565e-13,8.528107015290625e-14,2.7140308740633675e-17,3.06259581523507e-17,5.850213106403475e-15,6.090432403821723e-15,2.2075030921758263e-10,2.1329987039644184e-10,5.414125461935938e-12,5.231395885397155e-12,3.3194502026784904e-05,2.9923803445338246e-05,0.21631589513900704,0.1827498030253674,0.39552380603043996,0.19138750786460648,0.08514531924159721,0.026222454816310335,8.987965880032339e-08,4.1980538649493226e-08,4.79735341803887e-06,2.1655005658648474e-06,9.074339167325603e-10,3.9630661349500093e-10,1.0444152644873653e-11,4.561309302189781e-12,1.5893079623090322e-06,6.722681110789093e-07,3.7249567585945616e-11,2.017039735852519e-11,0.0017334380727276378,0.0009023079344411292,2.4306261041294243e-07,1.2180614036159903e-07,0.00609445925381392,0.0029443840273256673,1.238126257287478e-06,5.77422235041297e-07,0.0007570641670726458,0.00034123481220942373,4.4801337324652597e-10,1.4799740955146723e-10,8.170386754968393e-06,2.634298400022198e-06,3.9637200745058335e-10,1.277983743432593e-10,3.460534501193125e-18,3.3485140288659717e-18,3.1742925290701434e-17,2.8653368056581106e-17,3.6372404577097516e-14,3.076679433653707e-14,2.1345260725260555e-09,1.6986949002025523e-09,3.067811428246742e-12,1.4327004297027891e-12,9.180087482671198e-15,4.146606106463659e-15,2.324635310898238e-22,6.848632513842264e-23,7.296165671623845e-15,2.2468174230097073e-15,7.407454562367884e-18,3.2371683200176185e-18,3.456174125671808e-17,1.8004280612584472e-17,8.493592493682237e-10,4.259549956558091e-10,1.4741420031096504e-15,7.127025616836741e-16,4.86030752695096e-17,1.6054047627374423e-17,1.116599772610735e-18,3.5174726075775165e-19,3.627990021254726e-14,1.1428764211988505e-14,8.766716805729488e-11,2.76165972615625e-11,1.4077266076710748e-16,4.540956552551164e-17,0.010328643925586557,0.004997148427802619,1.0000000000000032e-30,3.3926361417743034e-31,9.045533005615685e-09,2.845259063215061e-09,5.360655375399452e-06,1.6476422186283963e-06,5.719789570862251e-10,1.800990439347114e-10,2.909867074453643e-12,8.952652536076787e-13
0.20700000000000002,1291.8680257637197,5.3129211894583515,0.2646123332541036,0.789368456642372,0.06311744902128807,0.42429210288206176,2.539949672879942e-07,3.4148420274633037e-06,3.6486803632370304e-13,3.090644257579147e-13,1.2475882458098528e-13,5.283898648105523e-14,5.9072813040450315e-08,4.707236071722326e-08,0.22086620332744267,0.16615026476534953,9.13954662919006e-16,3.752647711869934e-16,2.12837910436573e-13,8.480028611054991e-14,2.685967349444072e-17,3.030592893449386e-17,5.799284161804417e-15,6.0367445798521654e-15,2.1935902671114992e-10,2.1193210507079594e-10,5.378027211047995e-12,5.195941307062195e-12,3.3092784359482394e-05,2.9828809139439583e-05,0.21627744204121863,0.182697110764809,0.39566338518135535,0.19143387567086254,0.0851411131039475,0.02621825974429996,8.975801243121412e-08,4.1919084495479036e-08,4.797058482509128e-06,2.1651279739790146e-06,9.032151028593951e-10,3.9442049472615747e-10,1.0387566690312597e-11,4.536094646805132e-12,1.5844470125423904e-06,6.701378412170295e-07,3.6861124928152435e-11,1.9957850893740516e-11,0.0017227436650837698,0.0008966419986077446,2.414054461918319e-07,1.2096230623889478e-07,0.0060723272412972155,0.002933367079125184,1.2328419961938002e-06,5.748942434149456e-07,0.0007558301809573938,0.00034064093798662177,4.456873427553466e-10,1.4721274366922126e-10,8.151676711860895e-06,2.6279752530103092e-06,3.9483150811627733e-10,1.272876083184912e-10,3.4296116143793566e-18,3.3182251523247763e-18,3.157342762956736e-17,2.849721595647638e-17,3.627722337547825e-14,3.068288871173154e-14,2.1355498037032616e-09,1.6993216620866518e-09,3.0589405712273005e-12,1.4283996669196747e-12,9.122012405172902e-15,4.119918187251491e-15,2.302757783965116e-22,6.783428666087448e-23,7.261279707959542e-15,2.2358271877095786e-15,7.362397118661647e-18,3.2171217356556404e-18,3.438750226414762e-17,1.791153314370782e-17,8.483699254193469e-10,4.254117983148422e-10,1.4705973077270953e-15,7.109101844351623e-16,4.825155910301412e-17,1.5936176055259348e-17,1.1063984091138815e-18,3.484951207958993e-19,3.617370188661464e-14,1.1394049833013677e-14,8.755680039198426e-11,2.7578779468369867e-11,1.4013455997982144e-16,4.5198732055961395e-17,0.01032864392530195,0.004996595812576527,1.0000000000000029e-30,3.3922609634203847e-31,8.994444310901076e-09,2.828876320696585e-09,5.34461364610838e-06,1.6425299980463045e-06,5.7027417052972e-10,1.7954240061572628e-10,2.887012424937991e-12,8.881354437236247e-13
0.20800000000000002,1291.6201863446627,5.31317881259448,0.2645995028447468,0.7931477532368435,0.06314091155600379,0.4244031857623256,2.5336111516971534e-07,3.405945900256753e-06,3.6244542597532563e-13,3.0697859959083365e-13,1.238552146099653e-13,5.2450517523674964e-14,5.8835581502807744e-08,4.687817047580872e-08,0.22078046432314175,0.16606751671007206,9.072433055097153e-16,3.7246819342908275e-16,2.116671834331231e-13,8.432457074159024e-14,2.6583212210558312e-17,2.999070029428724e-17,5.7490291629500554e-15,5.9837742463921216e-15,2.179829585187276e-10,2.1057948597027292e-10,5.342334001019033e-12,5.160889435856741e-12,3.299184335699186e-05,2.9734556465901197e-05,0.21623915781975567,0.18264469958094542,0.39580198947039275,0.19147989452453787,0.08513696627229272,0.026214102057306385,8.963696978578256e-08,4.185795490972927e-08,4.796772301839546e-06,2.164760918198123e-06,8.990380222633126e-10,3.9255328784282166e-10,1.0331575142572212e-11,4.511148238871758e-12,1.5796265370369496e-06,6.680256227668017e-07,3.6478536696569034e-11,1.9748534574146667e-11,0.0017121661405477282,0.0008910387621078671,2.397673527894805e-07,1.201282969755774e-07,0.006050382383128396,0.0029224449948304374,1.227605177709373e-06,5.723893289886931e-07,0.000754604261184778,0.00034005106611985136,4.4338452500564884e-10,1.4643601939956608e-10,8.133104350911021e-06,2.621699705920224e-06,3.9330443852582596e-10,1.2678137231877226e-10,3.3991057949160992e-18,3.288348734001937e-18,3.140561999998601e-17,2.8342643265712664e-17,3.61826785902487e-14,3.059956109801804e-14,2.1365663274539176e-09,1.6999437308569462e-09,3.0501345700496914e-12,1.42413112547684e-12,9.064587778943236e-15,4.0935327526343375e-15,2.281192564627782e-22,6.719163791377308e-23,7.22672614537867e-15,2.224943265933569e-15,7.31783251093305e-18,3.1972971330296214e-18,3.4214928032449944e-17,1.781968558904225e-17,8.473860857629787e-10,4.2487176580118275e-10,1.4670765010722268e-15,7.091302427288899e-16,4.7904195126817176e-17,1.5819712735279327e-17,1.096341258308633e-18,3.4528935904109577e-19,3.606833646555329e-14,1.1359613337076041e-14,8.74471389396589e-11,2.7541211575887208e-11,1.3950238653170417e-16,4.4989888022971227e-17,0.010328643925020121,0.004996046787598598,1.0000000000000017e-30,3.3918882225367884e-31,8.943887833734276e-09,2.812666524836932e-09,5.328699347036961e-06,1.6374592027537742e-06,5.685827285156081e-10,1.7899020551185342e-10,2.8644447219844187e-12,8.810960861880773e-13
0.209,1291.3735420645676,5.313436234678564,0.26458668369110283,0.7969272329372182,0.06316423070212346,0.42451357199954154,2.5273157704577685e-07,3.397112046998247e-06,3.6004994079568343e-13,3.049164126391766e-13,1.229624064213371e-13,5.2066743536490057e-14,5.860042175939536e-08,4.6685705510065566e-08,0.22069529690840287,0.1659853306879768,9.006130678375375e-16,3.6970578400020037e-16,2.1050857829701438e-13,8.385384608721965e-14,2.6310843874241225e-17,2.96801783801656e-17,5.699436133289376e-15,5.931508547772961e-15,2.1662186764395318e-10,2.092417747883564e-10,5.307039438811955e-12,5.1262338522258314e-12,3.289166954525371e-05,2.964103622306253e-05,0.21620104135794002,0.1825925669539306,0.3959396303461042,0.191525568732165,0.0851328780141286,0.026209981311463567,8.951652564359282e-08,4.179714690570169e-08,4.796494720478267e-06,2.164399309442391e-06,8.949020637092099e-10,3.9070471292272606e-10,1.027616894058223e-11,4.486465948278598e-12,1.5748460073228113e-06,6.659312168995556e-07,3.6101687646390727e-11,1.954238436832955e-11,0.0017017036732622788,0.0008854972358385201,2.381480221458105e-07,1.1930395237085017e-07,0.006028622219174036,0.0029116165103465885,1.2224151560359174e-06,5.699071735685365e-07,0.0007533863184560434,0.00033946515126863944,4.4110457656927207e-10,1.4566711799949152e-10,8.114667959577997e-06,2.6154711583244343e-06,3.917906161406699e-10,1.2627960401122467e-10,3.369009518362761e-18,3.258877272731327e-18,3.123947769954177e-17,2.818962663881106e-17,3.608876332763875e-14,3.0516805072172676e-14,2.1375757288480743e-09,1.7005611642278313e-09,3.041392656313515e-12,1.419894416440789e-12,9.007803205300901e-15,4.067444921850706e-15,2.2599336997542855e-22,6.655819863483898e-23,7.192500246785128e-15,2.2141641250200277e-15,7.273752984155036e-18,3.1776909858193487e-18,3.404399520936013e-17,1.7728725166313393e-17,8.464076789192236e-10,4.2433486694310127e-10,1.4635793216698727e-15,7.073625970595486e-16,4.756091526391666e-17,1.5704634363448937e-17,1.0864255779337071e-18,3.4212908738281898e-19,3.5963793535042344e-14,1.1325451195994358e-14,8.73381760034446e-11,2.7503890792565487e-11,1.388760577546884e-16,4.4783005340962846e-17,0.010328643924741079,0.004995501312924586,1.0000000000000018e-30,3.3915178920047984e-31,8.893855548581049e-09,2.7966270402322005e-09,5.312910873106602e-06,1.632429303073849e-06,5.669044607632821e-10,1.7844240106482332e-10,2.8421590326812197e-12,8.741456127616565e-13
0.21,1291.1280815553682,5.3136934518039105,0.26457387598459864,0.8007068955977079,0.06318740798955844,0.42462326918134013,2.5210630426045547e-07,3.3883397500334246e-06,3.5768115326087053e-13,3.0287748864889236e-13,1.2208022027770765e-13,5.1687585709119176e-14,5.836730592938323e-08,4.649494230413041e-08,0.22061069443517015,0.1659037001159422,8.94062586589933e-16,3.66976963714175e-16,2.0936191131698549e-13,8.338803575363659e-14,2.604248939181453e-17,2.937427158066873e-17,5.65049335932128e-15,5.87993491284396e-15,2.1527552180263222e-10,2.0791873799959848e-10,5.272137259534827e-12,5.091968266453133e-12,3.2792253603893386e-05,2.9548239360976944e-05,0.2161630915371724,0.1825407103868605,0.39607631906620344,0.19157090252505102,0.08512884760714516,0.026205897069492265,8.939667484710411e-08,4.1736657535428814e-08,4.796225586054374e-06,2.1640430603855583e-06,8.908066276890225e-10,3.88874495462451e-10,1.0221339202031627e-11,4.462043727101923e-12,1.5701049041994536e-06,6.638543890225555e-07,3.5730465359794815e-11,1.933933782454116e-11,0.0016913544762556763,0.0008800164518842327,2.3654715281594435e-07,1.1848911568596507e-07,0.006007044339309636,0.0029008803873251604,1.217271298303888e-06,5.674474653600764e-07,0.0007521762654791143,0.0003388831490889635,4.3884716068816687e-10,1.4490592305241389e-10,8.096365855039213e-06,2.6092890203143315e-06,3.9028986170917466e-10,1.2578224219745514e-10,3.339315427803631e-18,3.2298034355923935e-18,3.107497649146745e-17,2.8038143174888633e-17,3.5995470791890964e-14,3.043461430496937e-14,2.1385780915341746e-09,1.7011740189130914e-09,3.032714073836402e-12,1.4156891571718856e-12,8.951648495751472e-15,4.04164991365128e-15,2.238975376048057e-22,6.59337928232994e-23,7.158597362948104e-15,2.203488261032674e-15,7.230150939819494e-18,3.158299839472916e-18,3.387468086718118e-17,1.7638639328330853e-17,8.454346540933488e-10,4.2380107100325674e-10,1.4601055120901832e-15,7.056071101221095e-16,4.722165283894664e-17,1.559091811972455e-17,1.0766486903044394e-18,3.390134387551302e-19,3.5860062854122976e-14,1.129155994116683e-14,8.722990400514023e-11,2.7466814370712248e-11,1.3825549249369846e-16,4.457805644390238e-17,0.010328643924464753,0.004994959349226304,1.0000000000000025e-30,3.39114994512396e-31,8.84433959697218e-09,2.7807552866630592e-09,5.297246653201401e-06,1.6274397805011976e-06,5.652392000523748e-10,1.778989307595974e-10,2.820150533778656e-12,8.672824902916888e-13
0.211,1290.8837936323507,5.313950460127442,0.264561079913422,0.8044867410697903,0.06321044492362114,0.42473228477104663,2.5148524890705625e-07,3.37962830299883e-06,3.5533864452353515e-13,3.008614590673165e-13,1.2120848032742207e-13,5.13129669466967e-14,5.813620663754964e-08,4.630585777320244e-08,0.22052665036016844,0.16582261851685332,8.875905278301736e-16,3.6428116595470926e-16,2.0822700238684202e-13,8.292706485976356e-14,2.577807156174769e-17,2.90728904895924e-17,5.602189390176199e-15,5.829041054243298e-15,2.1394369340116574e-10,2.0661014683375105e-10,5.2376213253696266e-12,5.05808651748885e-12,3.269358636832577e-05,2.945615698320225e-05,0.21612530726184986,0.18248912742763815,0.39621206670520126,0.19161590006404247,0.08512487434494627,0.026201848902578803,8.927741228786385e-08,4.167648388317988e-08,4.795964749262143e-06,2.163692085411247e-06,8.867511260689143e-10,3.8706236621809226e-10,1.0167077219439266e-11,4.437877607806264e-12,1.5654027175720046e-06,6.617949087066506e-07,3.536476005908044e-11,1.9139333968028062e-11,0.0016811167949179959,0.0008745954601016001,2.3496444911806663e-07,1.1768363321386803e-07,0.005985646364629182,0.002890235404069651,1.2121729808785138e-06,5.650098972408101e-07,0.0007509740152641581,0.0003383050154656307,4.3661194709933547e-10,1.4415232040801602e-10,8.078196382789873e-06,2.603152712045093e-06,3.888019992890155e-10,1.2528922681973893e-10,3.310016333292313e-18,3.201120057200352e-18,3.0912092606504436e-17,2.78881704188745e-17,3.590279428787448e-14,3.035298256335658e-14,2.139573497825931e-09,1.7017823507050656e-09,3.024098078651162e-12,1.4115149713192276e-12,8.896113676615837e-15,4.016143048284678e-15,2.218311919357056e-22,6.531824871530649e-23,7.125012933014468e-15,2.1929141988893963e-15,7.1870189350933e-18,3.1391203107637117e-18,3.370696249993109e-17,1.7549415761258968e-17,8.444669611195369e-10,4.2327034765162047e-10,1.4566548184351069e-15,7.038636465631284e-16,4.688634258303778e-17,1.5478541669098572e-17,1.0670079817838993e-18,3.359415669492818e-19,3.575713435867583e-14,1.1257936164625999e-14,8.7122315477341e-11,2.7429979604065638e-11,1.376406110826219e-16,4.4375014277040193e-17,0.010328643924191158,0.0049944208578152965,1.0000000000000043e-30,3.390784355628121e-31,8.795332256607666e-09,2.765048729326158e-09,5.281705132003561e-06,1.6224901221146617e-06,5.6358678190227e-10,1.7735973902280083e-10,2.7984145014455286e-12,8.605052175265471e-13
0.212,1290.6406672226885,5.314207256041726,0.26454829565395915,0.8082667692023777,0.06323334298856455,0.4248406261261392,2.508683638033061e-07,3.370977010426634e-06,3.530220040418113e-13,2.9886796271556017e-13,1.2034701431944839e-13,5.09428117465079e-14,5.7907096987894217e-08,4.6118429241299276e-08,0.22044315825153019,0.16574207952222753,8.811955856324506e-16,3.6161783609584775e-16,2.0710367495912456e-13,8.247086001576093e-14,2.55175149859381e-17,2.877594780325257e-17,5.554513021541382e-15,5.778814951281145e-15,2.126261592877209e-10,2.0531577702683685e-10,5.203485619463538e-12,5.024582566825424e-12,3.2595658818754456e-05,2.9364780336255657e-05,0.21608768742522297,0.1824378156376708,0.39634688415421526,0.19166056543704524,0.08512095752910409,0.026197836387574655,8.915873292284321e-08,4.161662307244552e-08,4.795712063843228e-06,2.1633463005745297e-06,8.827349819004484e-10,3.8526806111072437e-10,1.0113374455075314e-11,4.413963700866465e-12,1.5607389461655608e-06,6.597525495505673e-07,3.500446467252411e-11,1.894231333486337e-11,0.0016709889136903612,0.0008692333315638945,2.3339962190871266e-07,1.1688735466208467e-07,0.0059644259706058324,0.0028796803666497443,1.2071195937330904e-06,5.625941687833129e-07,0.0007497794833670625,0.0003377307075173631,4.3439861188647884e-10,1.4340619812838798e-10,8.060157916928348e-06,2.5970616637772705e-06,3.873268560342767e-10,1.2480049888915098e-10,3.2811052018966255e-18,3.1728201298529145e-18,3.075080271367364e-17,2.7739686334185935e-17,3.581072721280756e-14,3.027190370288037e-14,2.140562028661436e-09,1.7023862144214456e-09,3.0155439383773714e-12,1.407371488498235e-12,8.841188970045933e-15,3.990919738752627e-15,2.197937786259831e-22,6.471139853088823e-23,7.091742478839605e-15,2.182440490549645e-15,7.144349674555333e-18,3.120149084052347e-18,3.354081800376717e-17,1.7461042373871114e-17,8.435045505054054e-10,4.227426669812939e-10,1.4532269908450932e-15,7.02132073212486e-16,4.6554920542245707e-17,1.536748313059142e-17,1.0575008992012069e-18,3.3291264545971364e-19,3.5654998147195545e-14,1.1224576514318024e-14,8.701540306785965e-11,2.739338382874765e-11,1.3703133529238541e-16,4.4173852278873285e-17,0.010328643923920161,0.004993885800576254,1.0000000000000046e-30,3.3904210976402843e-31,8.746825974205575e-09,2.7495048890606935e-09,5.266284793188047e-06,1.6175798276681512e-06,5.619470448448705e-10,1.7682477130471856e-10,2.7769463186562155e-12,8.538123273379135e-13
0.213,1290.39869141822,5.314463836034986,0.26453552337776914,0.812046979841884,0.06325610364528964,0.4249483004862956,2.502556024932049e-07,3.3623851877756432e-06,3.5073082953008046e-13,2.968966457400063e-13,1.1949565365899112e-13,5.0577046220028976e-14,5.7679950567648614e-08,4.593263444420913e-08,0.22036021178148274,0.16566207686779508,8.748764818976669e-16,3.589864314151808e-16,2.0599175594462939e-13,8.20193492817614e-14,2.5260746049833436e-17,2.8483358296091156e-17,5.507453296740753e-15,5.729244850807327e-15,2.1132270076439562e-10,2.0403540882880037e-10,5.1697242457403106e-12,4.991450498201768e-12,3.249846208447414e-05,2.9274100813476963e-05,0.21605023093596276,0.18238677261561576,0.39648078212674154,0.1917049026633891,0.08511709647356075,0.0261938591085398,8.90406317625637e-08,4.1557072260617886e-08,4.7954673864796275e-06,2.163005623568103e-06,8.787576291584065e-10,3.8349132110810994e-10,1.0060222538322848e-11,4.390298193550658e-12,1.5561130974669957e-06,6.57727089155312e-07,3.464947465474483e-11,1.8748217873358647e-11,0.0016609691495375158,0.00086392915514773,2.318523877488917e-07,1.1610013273210408e-07,0.005943380868233081,0.0028692140997838324,1.2021105367679262e-06,5.601999845356018e-07,0.0007485925861638124,0.0003371601828206248,4.322068373548639e-10,1.4266744644492863e-10,8.042248859098942e-06,2.5910153155401364e-06,3.8586426224789635e-10,1.2431600050186845e-10,3.2525751580761623e-18,3.1448968037445486e-18,3.05910839261807e-17,2.759266930770515e-17,3.5719263060768623e-14,3.019137167155538e-14,2.1415437636688312e-09,1.7029856639719948e-09,3.0070509323930955e-12,1.4032583443713581e-12,8.786864799798034e-15,3.9659754933313105e-15,2.1778475639921383e-22,6.411307846805262e-23,7.058781606014087e-15,2.1720657153097985e-15,7.102136010497629e-18,3.1013829113579898e-18,3.3376225677898265e-17,1.7373507297847456e-17,8.425473733915005e-10,4.222179994904967e-10,1.4498217830364345e-15,7.004122588613637e-16,4.622732409184108e-17,1.525772108153857e-17,1.048124949540642e-18,3.2992586736782645e-19,3.555364448676034e-14,1.1191477695977604e-14,8.69091595344277e-11,2.7357024421727134e-11,1.3642758832140176e-16,4.3974544377714407e-17,0.010328643923651758,0.004993354140004065,1.0000000000000046e-30,3.390060145697693e-31,8.698813334976885e-09,2.734121332708248e-09,5.250984141092859e-06,1.6127084039577693e-06,5.603198301299864e-10,1.7629397398643744e-10,2.755741465172135e-12,8.472023836093271e-13
0.214,1290.1578554679254,5.314720196698067,0.26452276325123913,0.8158273728322983,0.06327872833209006,0.42505531497722493,2.496469192301231e-07,3.353852161173762e-06,3.4846472673952883e-13,2.949471614166345e-13,1.186542333019505e-13,5.021559804622181e-14,5.745474143476086e-08,4.5748451518785626e-08,0.22027780472414366,0.16558260439111933,8.686319655829789e-16,3.5638642076282693e-16,2.0489107562663817e-13,8.157246213161128e-14,2.5007692869564627e-17,2.8195038758823576e-17,5.460999499513887e-15,5.680319259385543e-15,2.1003310346670586e-10,2.0276882688090033e-10,5.136331425662199e-12,4.958684514310963e-12,3.2401987439977004e-05,2.9184109951189494e-05,0.21601293671594723,0.18233599599483144,0.3966137711623328,0.1917489156950908,0.08511329050442872,0.026189916656584267,8.89231038708512e-08,4.1497828638647354e-08,4.7952305767220365e-06,2.162669973680917e-06,8.748185124733241e-10,3.817318921000606e-10,1.0007613261400995e-11,4.366877347942211e-12,1.5515246875075796e-06,6.557183090241839e-07,3.429968792293131e-11,1.8556990908040173e-11,0.001651055851573626,0.0008586820373129222,2.303224688099839e-07,1.1532182306821159e-07,0.005922508804494207,0.0028588354470262325,1.1971452198271833e-06,5.578270540196396e-07,0.0007474132409514368,0.0003365933994528624,4.300363118755969e-10,1.419359577036486e-10,8.02446763787682e-06,2.5850131169095333e-06,3.844140512975567e-10,1.2383567481012904e-10,3.2244194790662166e-18,3.1173433823207827e-18,3.043291378943644e-17,2.744709813832726e-17,3.562839542023268e-14,3.011138050750995e-14,2.142518781193469e-09,1.7035807523760745e-09,2.9986183515459867e-12,1.3991751804985488e-12,8.733131785467152e-15,3.941305912841574e-15,2.158035966510625e-22,6.352312858254681e-23,7.0261260015728936e-15,2.1617884790542684e-15,7.060370938871036e-18,3.082818610494962e-18,3.3213164214404854e-17,1.7286798882112492e-17,8.415953815411492e-10,4.216963160751786e-10,1.4464389522554392e-15,6.987040742340887e-16,4.5903491898619874e-17,1.514923454456024e-17,1.0388776981604287e-18,3.2698044475973976e-19,3.545306380848645e-14,1.1158636471570659e-14,8.680357774247814e-11,2.7320898799955844e-11,1.3582929475998602e-16,4.377706497940002e-17,0.010328643923385903,0.00499282583918629,1.0000000000000045e-30,3.389701474739977e-31,8.651287061202114e-09,2.718895672595638e-09,5.235801701515277e-06,1.6078753650485062e-06,5.587049816784356e-10,1.7576729436306483e-10,2.7347955155492073e-12,8.40673980585129e-13
0.215,1289.9181487628775,5.314976334742585,0.26451001543468405,0.8196079480152707,0.06330121846607792,0.4251616766179124,2.490422689490809e-07,3.3453772670066814e-06,3.4622330919562394e-13,2.9301916991841016e-13,1.1782259162802493e-13,4.985839641572587e-14,5.7231444100729046e-08,4.5565858988436396e-08,0.2201959309515231,0.16550365602742625,8.624608118197163e-16,3.5381728418416833e-16,2.038014675581177e-13,8.113012940967613e-14,2.47582852346622e-17,2.7910907931615824e-17,5.415141145770901e-15,5.632026934398457e-15,2.087571572168495e-10,2.015158200674423e-10,5.103301494339919e-12,4.926278932870557e-12,3.230622629899445e-05,2.9094799422930458e-05,0.21597580369559027,0.18228548343826384,0.3967458616318336,0.191792608418346,0.08510953896076434,0.026186008629938407,8.88061443631923e-08,4.143888942993719e-08,4.795001496914889e-06,2.1623392717495165e-06,8.709170867997929e-10,3.7998952474496957e-10,9.955538574174478e-12,4.34369749855466e-12,1.5469732405547605e-06,6.537259944228298e-07,3.395500479681819e-11,1.836857710565678e-11,0.001641247400948356,0.0008534911020160206,2.2880959279648972e-07,1.145522842145602e-07,0.005901807563535099,0.002848543271286739,1.1922230628342163e-06,5.554750917837174e-07,0.000746241366130094,0.00033603031607137114,4.2788672969386895e-10,1.4121162629829802e-10,8.006812707863142e-06,2.579054526685885e-06,3.8297605949941447e-10,1.233594659825494e-10,3.1966315896464815e-18,3.090153317035999e-18,3.027627026560813e-17,2.7302952022325225e-17,3.553811796974348e-14,3.003192433498016e-14,2.1434871583424485e-09,1.7041715317893086e-09,2.990245497703076e-12,1.3951216441090256e-12,8.679980735183275e-15,3.9169066872186064e-15,2.1384978300911714e-22,6.294139265391266e-23,6.993771431762789e-15,2.151607413519965e-15,7.019047594343213e-18,3.064453062816473e-18,3.3051612684927055e-17,1.7200905685506375e-17,8.406485273163812e-10,4.2117758801353714e-10,1.4430782592014676e-15,6.970073919431575e-16,4.5583363875863365e-17,1.504200297208471e-17,1.0297567667962223e-18,3.2407560807621564e-19,3.535324670056861e-14,1.112604965695018e-14,8.669865066064301e-11,2.728500441871372e-11,1.352363805429878e-16,4.358138895110554e-17,0.010328643923122617,0.004992300861772253,1.0000000000000043e-30,3.38934506008813e-31,8.604240011593372e-09,2.7038255662589174e-09,5.2207360232915985e-06,1.6030802327373058e-06,5.571023460215682e-10,1.7524468062224534e-10,2.7141041372160176e-12,8.342257422400545e-13
0.216,1289.6795607949152,5.315232247109846,0.26449728007692974,0.8233887052302755,0.06332357544477277,0.4252673923290496,2.4844160726480354e-07,3.3369598518544294e-06,3.4400619797823037e-13,2.911123381191934e-13,1.1700057026681552e-13,4.950537195525628e-14,5.701003351768599e-08,4.538483575203193e-08,0.2201145844410413,0.16542522581413555,8.56361821033166e-16,3.5127851254400013e-16,2.0272276854595637e-13,8.069228332238367e-14,2.4512454546803818e-17,2.7630886432884427e-17,5.369867973076601e-15,5.5843568728051386e-15,2.0749465587455167e-10,2.0027618136545663e-10,5.070628896864222e-12,4.894228182914151e-12,3.2211170209506944e-05,2.9006161034570644e-05,0.21593883079258286,0.18223523261938349,0.3968770637358643,0.19183598465179924,0.0851058411865743,0.026182134631332513,8.868974842124584e-08,4.1380251896789616e-08,4.794780012195307e-06,2.1620134401433005e-06,8.670528173578417e-10,3.7826397443583823e-10,9.903990581549881e-12,4.3207550510801475e-12,1.5424582890351407e-06,6.517499343373945e-07,3.3615328030605677e-11,1.8182922490979204e-11,0.0016315422151960894,0.0008483554929453785,2.2731349345911574e-07,1.1379137786790476e-07,0.005881274982428677,0.0028383364623933683,1.1873434987663684e-06,5.531438187779505e-07,0.0007450768827358695,0.00033547089260038644,4.257577908634465e-10,1.404943486453017e-10,7.98928255030567e-06,2.573139013064788e-06,3.815501260108277e-10,1.2288731916743685e-10,3.1692050555903458e-18,3.0633202008439063e-18,3.0121131716923e-17,2.7160210537619917e-17,3.5448424474760515e-14,2.9952997361311545e-14,2.144448970932627e-09,1.704758053453861e-09,2.981931683526036e-12,1.3910973879789948e-12,8.627402634007447e-15,3.892773590147268e-15,2.1192281077414783e-22,6.236771801683903e-23,6.961713738168899e-15,2.1415211750579753e-15,6.978159245370137e-18,3.046283210968457e-18,3.2891550530419295e-17,1.7115816471068873e-17,8.397067637300079e-10,4.206617869888278e-10,1.439739468439106e-15,6.953220866807986e-16,4.5266881125875153e-17,1.4936006226799034e-17,1.020759831227575e-18,3.2121060535747703e-19,3.525418390123832e-14,1.109371411949294e-14,8.659437136716883e-11,2.7249338773399674e-11,1.3464877292706324e-16,4.338749161313895e-17,0.010328643922861756,0.004991779171943217,1.0000000000000034e-30,3.388990877424342e-31,8.557665203422258e-09,2.6889087233230385e-09,5.205785694049674e-06,1.5983225413680504e-06,5.555117725173051e-10,1.7472608190974684e-10,2.6936630954679855e-12,8.278563237758011e-13
0.217,1289.4420812496705,5.315487930718859,0.26448455732785653,0.8271696443145956,0.06334580064240852,0.4253724689136624,2.4784489046663715e-07,3.3285992724464576e-06,3.4181302173530963e-13,2.892263396008492e-13,1.161880142448105e-13,4.915645678873573e-14,5.679048508751176e-08,4.520536109118675e-08,0.2200337592597881,0.16534730788090127,8.503338190685222e-16,3.487696075702067e-16,2.0165481850471566e-13,8.025885737933222e-14,2.4270133821157468e-17,2.73548967592319e-17,5.3251699469336595e-15,5.537298317480209e-15,2.0624539741366874e-10,1.9904970791607846e-10,5.038308189476048e-12,4.86252680584633e-12,3.211681086090279e-05,2.8918186730904614e-05,0.21590201695975123,0.1821852412647488,0.39700738751441444,0.1918790481536447,0.08510219654250929,0.026178294271906984,8.857391126649127e-08,4.1321913328533415e-08,4.794565990323504e-06,2.1616924027128644e-06,8.632251792394728e-10,3.76555001127221e-10,9.852961540389546e-12,4.298046481008156e-12,1.5379793734184995e-06,6.497899214281302e-07,3.3280562548148056e-11,1.7999974302456863e-11,0.0016219387367960502,0.0008432743675615721,2.2583390915537975e-07,1.1303896815501011e-07,0.00586090891620262,0.0028282139202189904,1.1825059668897865e-06,5.508329592019984e-07,0.0007439197111796655,0.0003349150887655954,4.23649201076788e-10,1.3978402312686455e-10,7.971875671029178e-06,2.567266052987926e-06,3.801360929347151e-10,1.2241918052652798e-10,3.142133587183731e-18,3.036837771482771e-18,2.996747692026735e-17,2.7018853656777638e-17,3.5359308794218797e-14,2.9874593882713356e-14,2.14540429362223e-09,1.7053403678254257e-09,2.97367623270936e-12,1.3871020705507068e-12,8.575388656792506e-15,3.868902484810835e-15,2.1002218716447717e-22,6.180195563015078e-23,6.9299488406747655e-15,2.1315284455372683e-15,6.937699296583428e-18,3.0283060598947854e-18,3.273295756555089e-17,1.7031520208262604e-17,8.387700443508215e-10,4.201488850462005e-10,1.436422347490152e-15,6.936480347855267e-16,4.495398598492464e-17,1.4831224596178085e-17,1.011884621844293e-18,3.1838470240712204e-19,3.5155866309422705e-14,1.1061626781509176e-14,8.649073303747642e-11,2.7213899395882073e-11,1.3406640048065466e-16,4.319534873563075e-17,0.010328643922603355,0.00499126073447299,1.0000000000000024e-30,3.3886389028330335e-31,8.511555757923888e-09,2.674142888322046e-09,5.190949305992315e-06,1.5936018273323362e-06,5.539331128013242e-10,1.7421144815764475e-10,2.6734682366361586e-12,8.215644064253066e-13
0.218,1289.2056999178067,5.315743382684951,0.2644718473275224,0.830950765103462,0.06336789541417653,0.42547691307923446,2.472520754959913e-07,3.3202948952896137e-06,3.396434163176496e-13,2.8736085433174745e-13,1.1538477169544598e-13,4.8811584412204575e-14,5.657277463418027e-08,4.50274146470194e-08,0.21995344957394572,0.16526989645397638,8.443756558443467e-16,3.462900812839463e-16,2.0059746043820014e-13,7.982978638308382e-14,2.4031257600459323e-17,2.708286318629849e-17,5.281037244019088e-15,5.490840739435645e-15,2.050091836646961e-10,1.9783620076798327e-10,5.00633403338331e-12,4.831169449266809e-12,3.2023140071880217e-05,2.8830868584096547e-05,0.21586536114207636,0.1821355071148414,0.3971368428451196,0.19192180261792968,0.08509860439570607,0.02617448716767241,8.845862818184245e-08,4.1263871050885226e-08,4.7943593017098965e-06,2.1613760847670817e-06,8.594336573013482e-10,3.7486236927666245e-10,9.80244385515604e-12,4.275568331572589e-12,1.5335360419655002e-06,6.478457519074121e-07,3.295061555588508e-11,1.7819681051763663e-11,0.001612435441916959,0.0008382469016114702,2.2437058387692317e-07,1.1229492214195581e-07,0.005840707267407804,0.0028181745688812634,1.1777099183542473e-06,5.485422430963994e-07,0.0007427697741063348,0.00033436286537532966,4.2156067155286593e-10,1.3908055004928215e-10,7.954590601145733e-06,2.5614351323182296e-06,3.787338050981734e-10,1.2195499716041936e-10,3.1154110289216846e-18,3.0106999013182e-18,2.981528503586231e-17,2.68788617178513e-17,3.527076487127047e-14,2.9796708275815796e-14,2.1463531998472784e-09,1.7059185244976842e-09,2.9654784793236278e-12,1.3831353555955071e-12,8.523930148133259e-15,3.845289314682972e-15,2.0814743047980552e-22,6.12439598261476e-23,6.89847273135539e-15,2.1216279304002283e-15,6.897661280284673e-18,3.0105186730039867e-18,3.257581395860256e-17,1.6948006061974425e-17,8.378383233649515e-10,4.196388546161058e-10,1.4331266675082869e-15,6.919851145538981e-16,4.46446219256333e-17,1.4727638759569004e-17,1.0031289202929136e-18,3.1559718171405516e-19,3.5058284968591456e-14,1.1029784614907635e-14,8.638772895077483e-11,2.717868385609022e-11,1.3348919303465334e-16,4.300493652136237e-17,0.010328643922347381,0.004990745514649681,1.0000000000000013e-30,3.3882891127478134e-31,8.46590494282828e-09,2.659525853968182e-09,5.176225485400951e-06,1.5889176380924005e-06,5.523662211634431e-10,1.7370073019871954e-10,2.6535154986725193e-12,8.153487006620523e-13
0.219,1288.970406734586,5.315998600202568,0.26445915021199795,0.8347320674301101,0.06338986109501756,0.4255807314312526,2.466631199305479e-07,3.3120460964508538e-06,3.3749702467092194e-13,2.855155685688622e-13,1.14590693877423e-13,4.84706897001746e-14,5.635687840060997e-08,4.485097641730112e-08,0.21987364963918724,0.16519298584941405,8.38486205036237e-16,3.4383945585958784e-16,1.9955054032133132e-13,7.940500638086138e-14,2.379576193161933e-17,2.6814711740701664e-17,5.237460251803705e-15,5.444973837197529e-15,2.0378582028909222e-10,1.966354648485789e-10,4.9747011936429664e-12,4.800150865781921e-12,3.193014979126958e-05,2.8744198794319112e-05,0.21582886229850168,0.18208602794303186,0.39726543945032583,0.19196425167872944,0.08509506412596386,0.02617071294149072,8.834389449741557e-08,4.120612241937111e-08,4.7941598192975405e-06,2.1610644130258992e-06,8.556777458210788e-10,3.7318584769038357e-10,9.75243007409226e-12,4.253317212017711e-12,1.5291278505313373e-06,6.459172254539352e-07,3.2625396388170445e-11,1.764199243897518e-11,0.0016030308347644994,0.0008332722861722588,2.229232664975918e-07,1.1155910945496532e-07,0.005820667969105892,0.0028082173485149825,1.1729548128600137e-06,5.462714047849914e-07,0.0007416269948374662,0.00033381418361949373,4.194919188687282e-10,1.3838383158544136e-10,7.937425895626927e-06,2.555645745375603e-06,3.773431100540744e-10,1.2149471710819984e-10,3.089031359041042e-18,2.984900596758249e-18,2.9664535607741585e-17,2.6740215424433513e-17,3.518278673447355e-14,2.971933499862864e-14,2.1472957619066877e-09,1.7064925722771499e-09,2.9573377677233228e-12,1.3791969121669603e-12,8.473018625838999e-15,3.821930105011838e-15,2.0629807004373657e-22,6.069358829045851e-23,6.867281475621397e-15,2.111818358990637e-15,6.858038855499768e-18,2.992918171697081e-18,3.2420100227754515e-17,1.6865263390381855e-17,8.369115555176233e-10,4.1913166848577074e-10,1.4298522027871994e-15,6.903332060021121e-16,4.433873355994487e-17,1.4625229788768317e-17,9.944905589611017e-19,3.1284734227433253e-19,3.4961431069002103e-14,1.099818464186385e-14,8.628535248184657e-11,2.714368975945756e-11,1.3291708165633918e-16,4.2816231596940495e-17,0.010328643922093829,0.004990233478292073,9.999999999999994e-31,3.387941483962559e-31,8.420706144747083e-09,2.645055452431667e-09,5.161612876169968e-06,1.5842695271195207e-06,5.508109542461043e-10,1.731938796709714e-10,2.633800901908172e-12,8.092079433321329e-13
0.22,1288.7361917650223,5.316253580578856,0.26444646611169836,0.8385135511258597,0.06341169900036969,0.42568393047713793,2.4607798197799724e-07,3.303852261446755e-06,3.353734966634945e-13,2.8369017470384897e-13,1.138056350686915e-13,4.813370885910236e-14,5.614277303922905e-08,4.467602674832063e-08,0.21979435380207288,0.16511657047346978,8.326643634262321e-16,3.414172633456243e-16,1.9851390705411125e-13,7.898445464446633e-14,2.3563584320564764e-17,2.655037014732754e-17,5.194429561795152e-15,5.399687529523322e-15,2.0257511667592064e-10,1.9544730885906026e-10,4.943404536493194e-12,4.769465910292183e-12,3.1837832095011675e-05,2.8658169686748237e-05,0.21579251939483035,0.1820368015489716,0.39739318689868763,0.19200639891043847,0.08509157512279163,0.026166971222078915,8.822970559557844e-08,4.114866482147878e-08,4.793967418529769e-06,2.160757315597634e-06,8.519569483545301e-10,3.7152520945438487e-10,9.702912886395935e-12,4.231289796272405e-12,1.5247543624494505e-06,6.440041451566684e-07,3.230481647809065e-11,1.7466859335554965e-11,0.0015937234484294965,0.0008283497280709713,2.21491710874114e-07,1.108314023274212e-07,0.005800788989824085,0.0027983412176288006,1.1682401195602482e-06,5.440201832872389e-07,0.0007404912978870137,0.00033326900529969473,4.174426648639412e-10,1.376937717405335e-10,7.920380133198704e-06,2.549897394882364e-06,3.7596385800826204e-10,1.210382893223617e-10,3.062988685245599e-18,2.9594339939730262e-18,2.9515208553090775e-17,2.6602895835503514e-17,3.509536849610638e-14,2.964246858888098e-14,2.1482320509596014e-09,1.707062559177195e-09,2.949253452370964e-12,1.3752864145061598e-12,8.422645773989095e-15,3.798820959581646e-15,2.0447364582154846e-22,6.015070194603638e-23,6.8363712088124954e-15,2.1020984834689175e-15,6.818825804510937e-18,2.975501733776694e-18,3.2265797233218246e-17,1.6783281740553206e-17,8.359896961248369e-10,4.18627299803006e-10,1.4265987308692225e-15,6.886921909132303e-16,4.403626660342638e-17,1.452397913575687e-17,9.859674192519534e-19,3.101344990307289e-19,3.486529594355401e-14,1.0966823933407376e-14,8.618359710205567e-11,2.7108914747092702e-11,1.3234999862600709e-16,4.2629211004572685e-17,0.010328643921842625,0.004989724591733678,1.0000000000000004e-30,3.3875959936206434e-31,8.375952875036215e-09,2.6307295571236455e-09,5.147110144941965e-06,1.5796570554547835e-06,5.49267171087546e-10,1.7269084902945843e-10,2.614320549497213e-12,8.03140897758834e-13
0.221,1288.5030451883395,5.316508321269027,0.26443379514962706,0.8422952160202207,0.06343341042693595,0.425786516630255,2.454966204668639e-07,3.2957127850940572e-06,3.3327248890943804e-13,2.8188437110527896e-13,1.1302945246558096e-13,4.780057938309475e-14,5.5930435601923657e-08,4.4502546326269315e-08,0.21971555650146418,0.16504064482300215,8.269090502529333e-16,3.3902304538625063e-16,1.9748741241235495e-13,7.856806964894802e-14,2.333466368770395e-17,2.6289767777386044e-17,5.151935962855574e-15,5.354971948205661e-15,2.013768858372421e-10,1.9427154516840231e-10,4.912439026624595e-12,4.739109537224892e-12,3.1746179182780495e-05,2.8572773708241227e-05,0.21575633139658337,0.1819878257519365,0.3975200946065379,0.19204824782792823,0.08508813678259614,0.026163261643054027,8.811605691503615e-08,4.109149567835677e-08,4.793781977309781e-06,2.1604547219524605e-06,8.482707775795562e-10,3.6988023185975633e-10,9.653885119249716e-12,4.209482821563597e-12,1.5204151484014368e-06,6.421063174530563e-07,3.1988789335639535e-11,1.7294233771350267e-11,0.0015845118460868575,0.000823478450486376,2.2007567593767286e-07,1.1011167564234869e-07,0.005781068338256005,0.002788545155338328,1.1635653179008499e-06,5.41788322701254e-07,0.0007393626094535651,0.00033272729304870575,4.154126365423687e-10,1.3701027631694687e-10,7.90345191624939e-06,2.5441895919129916e-06,3.7459590174881467e-10,1.2058566364440736e-10,3.0372772404889363e-18,2.9342943546752304e-18,2.936728415139465e-17,2.6466884355114633e-17,3.500850435003157e-14,2.956610366198163e-14,2.1491621370217243e-09,1.7076285324110682e-09,2.941224897625059e-12,1.3714035419302725e-12,8.372803437374914e-15,3.775958058103008e-15,2.0267370807877865e-22,5.961516484929145e-23,6.8057381349531965e-15,2.0924670783932978e-15,6.7800160294019445e-18,2.9582665918640466e-18,3.2112886169090565e-17,1.6702050843909754e-17,8.350727010858025e-10,4.1812572208036213e-10,1.4233660326426633e-15,6.870619528789079e-16,4.373716783960122e-17,1.4423868620460792e-17,9.775574301433979e-19,3.0745798240262382e-19,3.47698710636236e-14,1.0935699608004541e-14,8.608245638047877e-11,2.7074356495987626e-11,1.3178787741247535e-16,4.2443852193495937e-17,0.010328643921593748,0.004989218821806393,1.000000000000002e-30,3.387252619203762e-31,8.331638775144092e-09,2.6165460843173136e-09,5.1327159859879266e-06,1.575079793190705e-06,5.477347331612478e-10,1.7219159155696547e-10,2.5950706277066595e-12,7.971463538003968e-13
0.222,1288.2709573329744,5.316762819771558,0.26442113744659135,0.8460770619409236,0.0634549966516744,0.4258884962045311,2.449189948315193e-07,3.28762707130231e-06,3.3119366466329674e-13,2.800978620234925e-13,1.1226200619417899e-13,4.747124005742237e-14,5.57198435365823e-08,4.4330516174155466e-08,0.2196372522596459,0.16496520347913315,8.212192069035196e-16,3.366563530855152e-16,1.9647091093975878e-13,7.815579102844929e-14,2.3108940345334906e-17,2.6032835621409545e-17,5.109970440528067e-15,5.310817437162134e-15,2.001909443797655e-10,1.9310798978222923e-10,4.881799726044079e-12,4.7090767993354615e-12,3.165518337847648e-05,2.84880034276751e-05,0.21572029728829853,0.18193909840756492,0.3976461718442282,0.19208980189025152,0.0850847485145513,0.02615958384480436,8.800294393804598e-08,4.103461243889332e-08,4.793603375891684e-06,2.1601565628779694e-06,8.446187549794331e-10,3.6825069626046375e-10,9.605339734252135e-12,4.187893086796041e-12,1.5161097862293802e-06,6.402235520468831e-07,3.1677230408229334e-11,1.7124068858115236e-11,0.0015753946158527732,0.0008186576902603019,2.186749250297392e-07,1.0939980659750736e-07,0.005761504048193612,0.0027788281540803324,1.158929894674931e-06,5.395755708275656e-07,0.0007382408560338927,0.00033218900970643383,4.134015659157701e-10,1.3633325286085886e-10,7.88663986950778e-06,2.538521855463495e-06,3.7323909664225693e-10,1.2013679080276734e-10,3.0118913823490354e-18,2.9094760653931428e-18,2.922074304421248e-17,2.6332162731832757e-17,3.492218857258296e-14,2.949023491171363e-14,2.150086089043377e-09,1.708190538460026e-09,2.933251477642931e-12,1.367547978783086e-12,8.323483623756613e-15,3.75333765715329e-15,2.0089781730141602e-22,5.90868441636506e-23,6.775378526892518e-15,2.0829229407398223e-15,6.741603551014754e-18,2.941210032887992e-18,3.196134855952164e-17,1.6621560614039233e-17,8.341605268291821e-10,4.1762690916866035e-10,1.420153891899832e-15,6.854423770849814e-16,4.344138512070367e-17,1.4324880430624793e-17,9.692585675749215e-19,3.048171380785089e-19,3.467514804074008e-14,1.0904808832045739e-14,8.598192397627858e-11,2.7040012716634856e-11,1.3123065264809492e-16,4.2260133011514935e-17,0.010328643921347167,0.004988716135853913,1.0000000000000027e-30,3.3869113385410853e-31,8.287757592259963e-09,2.6025029854584487e-09,5.118429106615204e-06,1.570537314986762e-06,5.462135041049792e-10,1.716960612781517e-10,2.5760473977938364e-12,7.912231253292098e-13
0.223,1288.039918659375,5.317017073663328,0.2644084931194563,0.8498590887139751,0.06347645893285074,0.42598987541990213,2.443450650993395e-07,3.27959453287231e-06,3.2913669363369985e-13,2.7833035742499485e-13,1.1150315920351368e-13,4.714563091174053e-14,5.5510974675561746e-08,4.415991764198561e-08,0.21955943568237882,0.16489024110645234,8.155937962473466e-16,3.3431674672240997e-16,1.9546425989295834e-13,7.774755955262249e-14,2.2886355953317977e-17,2.577950623762571e-17,5.068524170232747e-15,5.267214545120778e-15,1.990171123939327e-10,1.9195646223076045e-10,4.8514817912078735e-12,4.679362844808351e-12,3.156483712619833e-05,2.8403851532016295e-05,0.21568441606603952,0.18189061740070495,0.3977714277384511,0.19213106450104303,0.08508140973870601,0.02615593747378838,8.789036219374577e-08,4.097801258102153e-08,4.793431496845415e-06,2.1598627704527663e-06,8.410004106661233e-10,3.6663638798964344e-10,9.557269824199312e-12,4.166517451057409e-12,1.511837860771727e-06,6.383556618316504e-07,3.137005705506875e-11,1.6956318774524953e-11,0.001566370371674551,0.0008138866983396052,2.1728922598943015e-07,1.0869567474589208e-07,0.005742094183107333,0.0027691892217875306,1.1543333448440888e-06,5.37381679543549e-07,0.0007371259649054291,0.00033165411853480623,4.114091898919155e-10,1.356626106226049e-10,7.86994263976317e-06,2.5328937123385447e-06,3.71893300549749e-10,1.196916223841289e-10,2.986825588741885e-18,2.8849736331893373e-18,2.9075566223348543e-17,2.619871304753804e-17,3.483641551986809e-14,2.9414857107694004e-14,2.1510039749179707e-09,1.7087486230740395e-09,2.925332576117426e-12,1.3637194142985443e-12,8.274678497237711e-15,3.7309560870861814e-15,1.991455438329012e-22,5.856561004948197e-23,6.745288723259826e-15,2.0734648889292825e-15,6.703582505242148e-18,2.924329396392313e-18,3.1811166249549504e-17,1.6541801141622596e-17,8.332531303151374e-10,4.1713083525552357e-10,1.4169620954077514e-15,6.838333503397806e-16,4.3148867330630876e-17,1.4226997109126087e-17,9.610688528479212e-19,3.0221132649653957e-19,3.45811186214545e-14,1.0874148818115614e-14,8.588199363823675e-11,2.700588115270647e-11,1.3067826009979552e-16,4.207803169497683e-17,0.010328643921102816,0.0049882165017098405,1.0000000000000018e-30,3.3865721297944003e-31,8.244303184554434e-09,2.5885982487543667e-09,5.1042482319587705e-06,1.566029201523596e-06,5.447033497465119e-10,1.7120421296579053e-10,2.557247196299801e-12,7.853700502920374e-13
0.224,1287.8099197159127,5.317271080705985,0.2643958622758579,0.85364129616379,0.06349779851218873,0.4260906604134708,2.437747918770934e-07,3.2716145912721274e-06,3.2710125175369727e-13,2.7658157278945157e-13,1.1075277710046977e-13,4.682369314855618e-14,5.530380721965085e-08,4.3990732393212395e-08,0.2194821014631949,0.16481575245477495,8.100318017901187e-16,3.320037953915452e-16,1.9446731920962679e-13,7.734331711195808e-14,2.266685346463762e-17,2.552971368890923e-17,5.027588507544757e-15,5.224154015262593e-15,1.9785521330127277e-10,1.9081678541594166e-10,4.821480469266622e-12,4.649962913488135e-12,3.1475132983740135e-05,2.8320310820061847e-05,0.21564868671643486,0.18184238062620753,0.3978958712727078,0.19217203900727928,0.08507811988037456,0.02615232218059063,8.777830726906954e-08,4.09216936164051e-08,4.793266225055353e-06,2.159573278026962e-06,8.374152832610359e-10,3.650370962997256e-10,9.509668609908671e-12,4.145352832128361e-12,1.5075989636960999e-06,6.365024628103715e-07,3.1067188580600206e-11,1.6790938783076502e-11,0.0015574377574158987,0.0008091647418753477,2.1591835160031707e-07,1.0799916221564816e-07,0.005722836850303036,0.0027596273886701097,1.149775174181101e-06,5.352064060235622e-07,0.0007360178655343733,0.00033112258384769897,4.0943525018054356e-10,1.3499826052248535e-10,7.853358896079467e-06,2.5273046971882377e-06,3.7055837370201306e-10,1.192501107910726e-10,2.962074451899794e-18,2.8607816796978107e-18,2.893173501312687e-17,2.6066517700831207e-17,3.4751179623022665e-14,2.9339965090996675e-14,2.151915861457703e-09,1.7093028312398315e-09,2.9174675859079204e-12,1.3599175424100624e-12,8.226380367461816e-15,3.708809747047309e-15,1.9741646738200316e-22,5.805133551595865e-23,6.715465126064849e-15,2.0640917620454564e-15,6.66594713798042e-18,2.9076220722498242e-18,3.166232139302556e-17,1.6462762687793675e-17,8.323504690639075e-10,4.166374748756023e-10,1.4137904332232979e-15,6.822347612178261e-16,4.2859564329469377e-17,1.4130201535176196e-17,9.529863505901969e-19,2.9963992218752794e-19,3.448777467863972e-14,1.0843716822102096e-14,8.578265920763347e-11,2.6971959581683154e-11,1.3013063663691198e-16,4.18975268575668e-17,0.01032864392086075,0.004987719887656658,1.0000000000000018e-30,3.386234971430219e-31,8.201269540577428e-09,2.574829905197906e-09,5.090172119258209e-06,1.5615550438605932e-06,5.432041382723177e-10,1.7071600219131425e-10,2.5386664392508405e-12,7.795859919679182e-13
0.225,1287.5809511868256,5.3175248387223615,0.26438324502035193,0.8574236841132344,0.0635190166126472,0.4261908572280015,2.43208136354417e-07,3.2636866766944062e-06,3.2508702116617233e-13,2.7485122909315693e-13,1.1001072820121172e-13,4.65053691640314e-14,5.50983197432661e-08,4.382294240878083e-08,0.21940524437788833,0.16474173235613018,8.045322276186145e-16,3.297170769734849e-16,1.9347995143676415e-13,7.694300668854135e-14,2.2450377115664637e-17,2.528339353054802e-17,4.9871549898941795e-15,5.1816267868246175e-15,1.9670507387958109e-10,1.8968878563325115e-10,4.791791098285998e-12,4.620872337022349e-12,3.138606362673821e-05,2.8237374206215647e-05,0.2156131082402357,0.1817943860101251,0.39801951129107016,0.19221272870264544,0.08507487837390804,0.026148737621273004,8.766677479808199e-08,4.086565308570678e-08,4.793107447619063e-06,2.1592880201916386e-06,8.338629197058698e-10,3.6345261427798515e-10,9.462529438525724e-12,4.124396205706902e-12,1.5033926934769434e-06,6.346637740866807e-07,3.076854609701763e-11,1.6627885154899194e-11,0.0015485954413378684,0.0008044911013444414,2.14562078909164e-07,1.0731015336743275e-07,0.005703730184625146,0.002750141699353422,1.1452548961255647e-06,5.330495112733844e-07,0.0007349164880430403,0.0003305943703228546,4.0747949320971273e-10,1.3434011512219556e-10,7.836887328988068e-06,2.521754352256282e-06,3.6923417875220754e-10,1.1881220925890014e-10,2.9376326792085548e-18,2.8368949418361623e-18,2.878923107684077e-17,2.593555941264863e-17,3.466647539226958e-14,2.9265553777675915e-14,2.152821814440724e-09,1.7098532072325031e-09,2.909655909222907e-12,1.3561420618386328e-12,8.17858169470997e-15,3.686895107221142e-15,1.9571017705622158e-22,5.75438964285088e-23,6.685904201141289e-15,2.054802419960917e-15,6.628691805916395e-18,2.8910855009696885e-18,3.1514796454748656e-17,1.638443568515456e-17,8.314525011257549e-10,4.161468028980175e-10,1.4106386983039365e-15,6.806464998743673e-16,4.257342696967976e-17,1.4034476929388e-17,9.45009168634166e-19,2.971023137250254e-19,3.439510821754346e-14,1.08135101451177e-14,8.56839146146048e-11,2.693824581385785e-11,1.2958772022854848e-16,4.17185974892915e-17,0.01032864392062087,0.004987226262462876,1.0000000000000011e-30,3.3858998422450584e-31,8.158650753764369e-09,2.5611960205368558e-09,5.076199541882683e-06,1.5571144385359471e-06,5.417157399816e-10,1.702313852477343e-10,2.520301614047172e-12,7.738698364574956e-13
0.226,1287.353003885552,5.317778345596991,0.2643706414543901,0.8612062523836698,0.06354011443935173,0.42629047181662616,2.4264506028102975e-07,3.255810227723259e-06,3.2309369003478896e-13,2.731390526418685e-13,1.0927688345929118e-13,4.6190602516119734e-14,5.489449118195622e-08,4.365652997659365e-08,0.21932885928034215,0.16466817572083592,7.990940977962999e-16,3.274561778763283e-16,1.9250202164763723e-13,7.65465723214257e-14,2.2236872387440905e-17,2.5040482765108425e-17,4.947215331167816e-15,5.1396239892696045e-15,1.9556652416154143e-10,1.8857229246928198e-10,4.762409104501417e-12,4.592086536091423e-12,3.129762184439003e-05,2.8155034716352142e-05,0.2155776796513458,0.1817466315081022,0.3981423565023874,0.1922531368288781,0.08507168466448843,0.026145183457813276,8.755576045860826e-08,4.080988855678341e-08,4.792955053787525e-06,2.1590069327418913e-06,8.303428749973205e-10,3.6188273872475385e-10,9.415845779594053e-12,4.1036446036107745e-12,1.4992186551571223e-06,6.328394177573702e-07,3.047405247297195e-11,1.646711514100073e-11,0.0015398421155104363,0.0007998650702249609,2.1322018909470222e-07,1.066285347258177e-07,0.005684772347327413,0.0027407312123010072,1.1407720314939384e-06,5.30910759987772e-07,0.0007338217631498057,0.00033006944297272344,4.0554166997806237e-10,1.3368808857359238e-10,7.820526649711747e-06,2.5162422271089336e-06,3.679205807014249e-10,1.1837787183008813e-10,2.913495089775072e-18,2.8133082683628443e-18,2.864803640620406e-17,2.5805821216262454e-17,3.458229741372227e-14,2.9191618155821806e-14,2.1537218986527458e-09,1.7103997946428212e-09,2.9018969572762533e-12,1.3523926759197899e-12,8.13127508612716e-15,3.6652087070356915e-15,1.9402627109417914e-22,5.704317142712683e-23,6.656602477080931e-15,2.0455957429750815e-15,6.5918109731261705e-18,2.8747171721447784e-18,3.136857420077444e-17,1.6306810732453596e-17,8.305591850556089e-10,4.156587945113106e-10,1.4075066863894188e-15,6.790684579828245e-16,4.2290407066485273e-17,1.393980684358429e-17,9.371354568614611e-19,2.9459790334720456e-19,3.430311137105572e-14,1.078352613190326e-14,8.558575387381319e-11,2.6904737690810266e-11,1.2904944990752075e-16,4.154122294422073e-17,0.010328643920383134,0.004986735595362338,1.0000000000000013e-30,3.385566721351352e-31,8.11644101895157e-09,2.5476946941271775e-09,5.0623292885113455e-06,1.5527069872999634e-06,5.402380272103412e-10,1.697503191240488e-10,2.502149277397947e-12,7.682204920214331e-13
0.227,1287.1260687429753,5.31803159929947,0.26435805167515974,0.864989000795013,0.06356109318032219,0.42638951004661657,2.420855259585756e-07,3.247984691201351e-06,3.2112095239486846e-13,2.714447749379209e-13,1.085511163699627e-13,4.587933788274267e-14,5.469230082370105e-08,4.349147768405617e-08,0.21925294110255228,0.16459507753690178,7.93716455813889e-16,3.2522069280051105e-16,1.915333973961375e-13,7.615395908701393e-14,2.2026285969141757e-17,2.4800919799835625e-17,4.907761416248909e-15,5.098136936404421e-15,1.9443939734638396e-10,1.8746713871223925e-10,4.7333300000354734e-12,4.563601018093548e-12,3.120980053662597e-05,2.807328548502288e-05,0.2155423999716629,0.18169911510042694,0.39826441548239194,0.1922932665762901,0.08506853820644313,0.026141659357501436,8.74452599753016e-08,4.075439762592692e-08,4.792808934930901e-06,2.158729952653682e-06,8.268547120417139e-10,3.6032727008445594e-10,9.369611222425769e-12,4.0830951125535065e-12,1.4950764602194135e-06,6.310292188521399e-07,3.0183632303975365e-11,1.630858695529212e-11,0.0015311764962079094,0.0007952859551838429,2.118924675124278e-07,1.0595419499892016e-07,0.005665961529303165,0.002731395001342925,1.1363261090560003e-06,5.287899208119688e-07,0.0007327336225266134,0.00032954776730348856,4.036215359613635e-10,1.3304209658557254e-10,7.804275589898887e-06,2.5107678785312026e-06,3.666174468276298e-10,1.1794705333001445e-10,2.889656610973443e-18,2.7900166164211006e-18,2.8508133312169234e-17,2.5677286448553952e-17,3.449864034768518e-14,2.91181532839149e-14,2.1546161778948478e-09,1.710942636379392e-09,2.894190150106373e-12,1.348669092508196e-12,8.084453289523148e-15,3.643747152280621e-15,1.9236435654596247e-22,5.654904182955031e-23,6.627556542432017e-15,2.0364706309218956e-15,6.555299208099013e-18,2.858514623089676e-18,3.1223637691257265e-17,1.6229878590605155e-17,8.29670479914726e-10,4.151734252223747e-10,1.4043941960549993e-15,6.775005287557932e-16,4.2010457368579066e-17,1.3846175150740222e-17,9.293634056738415e-19,2.9212610646210314e-19,3.4211776395879984e-14,1.0753762169529551e-14,8.548817108409552e-11,2.6871433085162083e-11,1.285157657476515e-16,4.1365382932589374e-17,0.010328643920147547,0.004986247856038642,1.0000000000000003e-30,3.385235588166848e-31,8.074634635787341e-09,2.534324059954867e-09,5.0485601665846475e-06,1.548332298160214e-06,5.387708743448897e-10,1.6927276150799985e-10,2.484206055068048e-12,7.626368889767764e-13
0.228,1286.9001368052668,5.318284597883356,0.26434547577564144,0.8687719291657967,0.06358195400675043,0.4264879777007862,2.415294962303601e-07,3.2402095220741263e-06,3.191685080188364e-13,2.6976813256027535e-13,1.078333029189903e-13,4.55715210388891e-14,5.4491728301598894e-08,4.332776841180507e-08,0.21917748485346802,0.16452243286879875,7.883983641259649e-16,3.2301022453968976e-16,1.9057394866144246e-13,7.57651130757393e-14,2.1818565726327783e-17,2.456464440953692e-17,4.86878529677778e-15,5.057157121781825e-15,1.933235297282165e-10,1.8637316027893144e-10,4.7045493809322476e-12,4.5354113751455066e-12,3.112259271194512e-05,2.79921197533089e-05,0.21550726823088712,0.1816518347915519,0.39838569667613594,0.1923331210847478,0.08506543846275244,0.026138164992743164,8.733526911902456e-08,4.0699177917450905e-08,4.792668984492537e-06,2.1584570180587285e-06,8.233980014848017e-10,3.587860123665108e-10,9.323819473442624e-12,4.062744872916049e-12,1.49096572646094e-06,6.292330052756835e-07,2.989721187001543e-11,1.6152259750756203e-11,0.0015225973235328267,0.0007907530758653437,2.10578703603964e-07,1.0528702503051975e-07,0.005647295950608145,0.0027221321554207955,1.131916665389101e-06,5.266867662679455e-07,0.0007316519987878499,0.0003290293093087441,4.0171885101645906e-10,1.324020563903552e-10,7.78813290127656e-06,2.5053308704011e-06,3.6532464664412233e-10,1.1751970935240107e-10,2.8661122757352673e-18,2.7670150488100166e-18,2.836950441800322e-17,2.55499387433728e-17,3.4415498927328924e-14,2.9045154289545723e-14,2.155504714999689e-09,1.7114817746801058e-09,2.8865349164068736e-12,1.344971023889861e-12,8.038109190993904e-15,3.622507113956061e-15,1.907240490640798e-22,5.606139156714891e-23,6.598763044939455e-15,2.0274260029090483e-15,6.519151181367302e-18,2.8424754377492762e-18,3.1079970274336e-17,1.6153630179283796e-17,8.287863452652803e-10,4.1469067085250204e-10,1.4013010286668303e-15,6.759426069199513e-16,4.1733531536157433e-17,1.3753566037374845e-17,9.216912451232267e-19,2.896863513610346e-19,3.412109567020131e-14,1.0724215686588084e-14,8.539116042732003e-11,2.6838329900126048e-11,1.2798660884226764e-16,4.119105751336439e-17,0.010328643919914116,0.004985763014617197,1.000000000000002e-30,3.3849064224092677e-31,8.033226006588455e-09,2.5210822859187635e-09,5.034891002031126e-06,1.5439899852864932e-06,5.373141577854031e-10,1.68798670773359e-10,2.46646864041332e-12,7.571179792231247e-13
0.229,1286.6751992049044,5.318537339552519,0.2643329138413129,0.872555037313276,0.06360269807455479,0.42658588048552715,2.409769344689988e-07,3.232484183191802e-06,3.172360622325494e-13,2.681088670020267e-13,1.0712332145609378e-13,4.526709880170169e-14,5.429275358129248e-08,4.3165385323070605e-08,0.21910248562071571,0.16445023685765417,7.831389034850174e-16,3.2082438369747015e-16,1.8962354780970335e-13,7.537998137521148e-14,2.1613660658619254e-17,2.4331597687494353e-17,4.830279183953006e-15,5.016676211012161e-15,1.9221876057879424e-10,1.8529019609711754e-10,4.676062924232382e-12,4.50751328114153e-12,3.103599148257378e-05,2.7911530864143657e-05,0.21547228345321734,0.1816047885977456,0.39850620839944756,0.1923727034433045,0.08506238490179553,0.026134700039897145,8.722578371342444e-08,4.064422708644766e-08,4.792535097977991e-06,2.1581880682254766e-06,8.199723215806618e-10,3.572587730817926e-10,9.278464353343205e-12,4.042591077426337e-12,1.486886077839399e-06,6.274506077351518e-07,2.961471914148082e-11,1.5998093621673216e-11,0.0015141033637345246,0.0007862657660756843,2.0927869113994882e-07,1.046269179185202e-07,0.005628773869072902,0.0027129417827021127,1.1275432464649793e-06,5.246010734845057e-07,0.0007305768263734693,0.00032851403586382484,3.998333792886308e-10,1.3176788671035457e-10,7.77209735559004e-06,2.49993077364502e-06,3.6404205180088676e-10,1.1709579622588503e-10,2.84285721806818e-18,2.744298729536457e-18,2.8232132645997874e-17,2.542376201906049e-17,3.43328679552337e-14,2.897261636620763e-14,2.156387571826656e-09,1.7120172510991026e-09,2.8789306932342625e-12,1.34129818663122e-12,7.992235806788857e-15,3.6014853245142874e-15,1.8910497252506682e-22,5.558010707087383e-23,6.570218689688365e-15,2.0184607967117906e-15,6.4833616616036754e-18,2.8265972449280306e-18,3.0937555576506156e-17,1.6078056571625786e-17,8.279067411821975e-10,4.142105075402031e-10,1.39822698855634e-15,6.74394588793609e-16,4.1459584100100063e-17,1.3661963989679455e-17,9.14117243256098e-19,2.872780786842075e-19,3.4031061687191716e-14,1.0694884151027052e-14,8.529471616915639e-11,2.680542606953673e-11,1.2746192127628201e-16,4.1018227084575164e-17,0.010328643919682752,0.004985281041634789,1.0000000000000024e-30,3.3845792040756255e-31,7.992209647548643e-09,2.50796757729314e-09,5.021320648070251e-06,1.5396796716920432e-06,5.358677560336992e-10,1.6832800600555855e-10,2.448933796316838e-12,7.516627368100208e-13
0.23,1286.4512472060946,5.318789822543025,0.2643203659560228,0.876338325053451,0.06362332652231836,0.4266832240201313,2.4042780457723947e-07,3.224808145330547e-06,3.153233258997938e-13,2.664667246537364e-13,1.0642105274927578e-13,4.4966019052637066e-14,5.4095356965349404e-08,4.3004311867094243e-08,0.21902793856501807,0.16437848471810626,7.779371729022963e-16,3.1866278866542216e-16,1.8868206952534623e-13,7.499851204230185e-14,2.141152089176751e-17,2.410172203546817e-17,4.792235450187455e-15,4.976686043344376e-15,1.9112493217056571e-10,1.8421808812562148e-10,4.647866388152626e-12,4.479902491866925e-12,3.0949990068048234e-05,2.7831512265581325e-05,0.21543744467980763,0.18155797456725076,0.39862595884250596,0.19241201669335622,0.08505937700136,0.026131264180684562,8.711679962389613e-08,4.058954281386794e-08,4.792407172855639e-06,2.1579230435283486e-06,8.165772580054921e-10,3.557453631598677e-10,9.233539795445658e-12,4.0226309704057585e-12,1.4828371444389262e-06,6.256818597263982e-07,2.933608365333614e-11,1.584604953490564e-11,0.0015056934039567337,0.0007818233710463922,2.0799222757927337e-07,1.039737686930271e-07,0.005610393564663184,0.0027038230030401868,1.1232054046405397e-06,5.22532622795772e-07,0.0007295080400596958,0.000328001914057512,3.9796488913077174e-10,1.3113950773071882e-10,7.756167743799748e-06,2.494567165987097e-06,3.627695361351807e-10,1.1667527103015629e-10,2.8198866738909293e-18,2.721862924539302e-18,2.809600122330058e-17,2.5298740483536527e-17,3.4250742306832717e-14,2.89005347762938e-14,2.15726480930883e-09,1.712549106557117e-09,2.871376926150732e-12,1.3376503016486013e-12,7.946826288289324e-15,3.580678580059688e-15,1.875067590733183e-22,5.51050772821343e-23,6.541920239092657e-15,2.0095739687606984e-15,6.44792551635081e-18,2.8108777185777125e-18,3.079637750434342e-17,1.6003148995046222e-17,8.270316282218107e-10,4.137329117278299e-10,1.3951718826352358e-15,6.728563721032818e-16,4.118857047712482e-17,1.3571353798282547e-17,9.066397060937503e-19,2.849007414047015e-19,3.394166706055217e-14,1.0665765071911523e-14,8.519883265524e-11,2.6772719556783918e-11,1.269416461224542e-16,4.084687238197394e-17,0.010328643919453472,0.004984801908074142,1.0000000000000018e-30,3.3842539134656716e-31,7.95158016456317e-09,2.494978169119373e-09,5.007847969831647e-06,1.5354009845188025e-06,5.344315494547592e-10,1.6786072692701924e-10,2.4315983477311402e-12,7.462701556312079e-13
0.231,1286.2282722112755,5.3190420450940845,0.26430783220343473,0.8801217922010697,0.06364384047146573,0.42678001383763625,2.398820709723107e-07,3.2171808869662276e-06,3.1343001529143444e-13,2.6484145668715747e-13,1.0572637994144214e-13,4.4668230717973325e-14,5.389951908573126e-08,4.2844531772723975e-08,0.21895383891569048,0.1643071717346209,7.727922892313582e-16,3.1652506544401977e-16,1.8774939073837535e-13,7.462065407304699e-14,2.121209765028628e-17,2.3874961131641452e-17,4.754646625902564e-15,4.937178628158522e-15,1.9004188971355236e-10,1.8315668128989988e-10,4.619955610281271e-12,4.452574843163269e-12,3.0864581793110265e-05,2.7752057508720877e-05,0.21540275097359213,0.18151139078408493,0.39874495607364924,0.19245106383033192,0.08505641425115375,0.02612785710292359,8.700831275244858e-08,4.0535122804020526e-08,4.7922851084889206e-06,2.1576618854135946e-06,8.132124036304934e-10,3.542455968455584e-10,9.189039842608672e-12,4.002861846364076e-12,1.478818562292045e-06,6.239265974543833e-07,2.906123643999535e-11,1.5696089293885777e-11,0.0014973662504657531,0.0007774252464999988,2.0671911382627143e-07,1.0332747419268853e-07,0.005592153334856007,0.002694774945724588,1.1189026977271976e-06,5.204811973030956e-07,0.0007284455745494105,0.0003274929110068347,3.961131529819759e-10,1.3051684105744533e-10,7.740342875303849e-06,2.4892396316864873e-06,3.6150697562731087e-10,1.1625809158063923e-10,2.79719597894455e-18,2.6997029995699064e-18,2.7961093676096573e-17,2.517485862868822e-17,3.416911692901494e-14,2.882890484977074e-14,2.1581364874950105e-09,1.7130773813738444e-09,2.863873069021088e-12,1.3340270941055668e-12,7.901873919936243e-15,3.560083739341957e-15,1.8592904893761597e-22,5.463619359644671e-23,6.513864511665628e-15,2.000764493738929e-15,6.412837709876481e-18,2.795314576809203e-18,3.065642023826768e-17,1.592889882778945e-17,8.261609673946515e-10,4.132578601468776e-10,1.3921355202167243e-15,6.713278558942829e-16,4.0920446953501743e-17,1.3481720552544596e-17,8.992569767145978e-19,2.825538045280953e-19,3.3852904522511995e-14,1.0636855998725167e-14,8.510350430694924e-11,2.6740208353405262e-11,1.2642572741559215e-16,4.0676974470265824e-17,0.010328643919226218,0.004984325585357431,1.0000000000000025e-30,3.3839305311775328e-31,7.9113322450258e-09,2.482112323592958e-09,4.994471840009663e-06,1.5311535536958922e-06,5.330054201635239e-10,1.673967938604934e-10,2.4144591783978113e-12,7.409392483962116e-13
0.232,1286.0062656687314,5.319294005673525,0.26429531265582534,0.88390543856979,0.06366424103080341,0.4268762554082846,2.3933969856516197e-07,3.209601893930082e-06,3.1155585178007346e-13,2.6323281878760465e-13,1.0503918829686148e-13,4.437368365987669e-14,5.3705220878210636e-08,4.2686029027008e-08,0.21888018197933437,0.16423629326516084,7.677033860477193e-16,3.144108471706646e-16,1.868253906216981e-13,7.424635739926241e-14,2.1015343190487163e-17,2.3651259853675372e-17,4.717505385440799e-15,4.898146130088764e-15,1.8896948113050002e-10,1.8210582325902306e-10,4.592326502321639e-12,4.425526245700917e-12,3.0779760076181056e-05,2.7673160236733083e-05,0.21536820137527604,0.18146503532787114,0.3988632080386201,0.1924898478001854,0.08505349614277712,0.026124478497005586,8.690031906000925e-08,4.048096479422601e-08,4.792168806213164e-06,2.157404536396708e-06,8.098773584707029e-10,3.527592916667941e-10,9.144958643868748e-12,3.983281048410694e-12,1.474829973156351e-06,6.221846597249213e-07,2.879011016028056e-11,1.5548175605053173e-11,0.0014891207376091704,0.000773070763275212,2.0545915524336204e-07,1.026879335670216e-07,0.005574051524266613,0.00268579676369485,1.1146346945565703e-06,5.184465854508615e-07,0.0007273893674122259,0.00032698699517270464,3.942779472843344e-10,1.2989980968611866e-10,7.724621578662707e-06,2.483947761719287e-06,3.6025424819111077e-10,1.1584421635824542e-10,2.7747805602039587e-18,2.6778144117615243e-18,2.782739380130418e-17,2.5052101204135885e-17,3.408798683116247e-14,2.87577219760249e-14,2.1590026654945302e-09,1.7136021151964568e-09,2.8564185833885998e-12,1.3304282930936106e-12,7.85737210193098e-15,3.5396977158364303e-15,1.8437148976426088e-22,5.417334966428194e-23,6.4860483788145464e-15,1.992031363542262e-15,6.378093295766624e-18,2.7799055785690726e-18,3.051766821434218e-17,1.5855297589021994e-17,8.25294720218492e-10,4.1278532983702335e-10,1.3891177136870102e-15,6.698089408409842e-16,4.065517060002718e-17,1.3393049612008752e-17,8.91967432673898e-19,2.802367442657754e-19,3.376476690760913e-14,1.0608154516041077e-14,8.500872562682065e-11,2.6707890480293247e-11,1.2591411010833696e-16,4.050851472779655e-17,0.010328643919000985,0.004983852045262431,1.0000000000000022e-30,3.3836090380507296e-31,7.871460699720454e-09,2.469368343129559e-09,4.981191168596267e-06,1.5269370210216445e-06,5.315892524058789e-10,1.669361678450407e-10,2.3975132412632124e-12,7.356690497940669e-13
0.233,1285.7852191927336,5.319545702675282,0.26428280738911797,0.8876892639721274,0.06368452929079803,0.42697195410995004,2.3880065277390936e-07,3.2020706596426212e-06,3.0970056199311646e-13,2.6164057128367104e-13,1.0435936542373515e-13,4.4082328770320955e-14,5.3512443603674024e-08,4.252878789265727e-08,0.21880696312713618,0.1641658447348814,7.626696142332423e-16,3.1231977435797313e-16,1.8590995049428632e-13,7.387557285052739e-14,2.0821210827161686e-17,2.3430564308099556e-17,4.680804557488636e-15,4.859580879787926e-15,1.8790755721977758e-10,1.8106536460326594e-10,4.5649750533671705e-12,4.398752688142248e-12,3.069551844126518e-05,2.75948141959878e-05,0.21533379496157734,0.18141890632655305,0.3989807225660353,0.19252837150600927,0.08505062218094217,0.02612112805986549,8.679281453747049e-08,4.042706654209122e-08,4.792058169147059e-06,2.1571509400202337e-06,8.065717294489851e-10,3.512862683351803e-10,9.101290454025368e-12,3.963885968100233e-12,1.470871024604404e-06,6.204558879917875e-07,2.8522638844220048e-11,1.540227194064468e-11,0.0014809557150110323,0.0007687593006811568,2.0421216014453704e-07,1.0205504752337841e-07,0.005556086484864025,0.0026768876144043076,1.1104009674104724e-06,5.164285775110178e-07,0.000726339355210542,0.00032648413462408953,3.924590524162881e-10,1.292883379809914e-10,7.709002700058983e-06,2.478691153324629e-06,3.590112338716633e-10,1.1543360457443381e-10,2.7526359419798613e-18,2.6561927154811807e-18,2.7694885691339004e-17,2.4930453239724378e-17,3.4007347095354934e-14,2.8686981612952146e-14,2.159863401574182e-09,1.7141233471122206e-09,2.849012939047331e-12,1.3268536319198e-12,7.813314367000071e-15,3.5195174853063767e-15,1.8283373705205812e-22,5.371644151782109e-23,6.458468766399099e-15,1.983373587777276e-15,6.343687422249699e-18,2.7646485259710676e-18,3.038010613735811e-17,1.5782336945777878e-17,8.244328486445433e-10,4.123152981170237e-10,1.3861182775620136e-15,6.682995288032572e-16,4.0392699342626877e-17,1.3305326629637923e-17,8.84769487391079e-19,2.779490484658335e-19,3.367724717031783e-14,1.057965824922378e-14,8.491449119025238e-11,2.6675763985584548e-11,1.25406740091878e-16,4.034147485365136e-17,0.010328643918777745,0.004983381260023008,1.0000000000000025e-30,3.3832894152344465e-31,7.831960403778067e-09,2.4567445518549303e-09,4.96800486336151e-06,1.5227510280706534e-06,5.301829319951675e-10,1.6647881046158798e-10,2.38075754180853e-12,7.304586113727608e-13
0.234,1285.5651244465707,5.319797134702448,0.2642703164688207,0.891473268219604,0.06370470632948529,0.42706711525864416,2.3826489949628055e-07,3.194586684662909e-06,3.078638774509415e-13,2.6006447883089436e-13,1.0368680095667467e-13,4.3794117834979246e-14,5.332116881626288e-08,4.2372792881460514e-08,0.21873417780462634,0.1640958216397889,7.576901406581258e-16,3.1025149433980713e-16,1.8500295382299615e-13,7.350825215227942e-14,2.0629654857099347e-17,2.3212821742622283e-17,4.644537108362318e-15,4.8214753563105674e-15,1.8685597138431018e-10,1.800351585258561e-10,4.537897323632902e-12,4.37225023092255e-12,3.061185050338141e-05,2.751701322221627e-05,0.21529953078986136,0.1813730019057614,0.39909750736645777,0.19256663780348282,0.08504779187227977,0.026117805490971244,8.668579523283002e-08,4.0373425837217e-08,4.7919531022913e-06,2.1569010408503593e-06,8.032951303412571e-10,3.4982635071075494e-10,9.058029629684084e-12,3.944674043568677e-12,1.4669413697273615e-06,6.187401262147631e-07,2.825875805764284e-11,1.525834262650714e-11,0.0014728700587984984,0.0007644902522964922,2.0297794106656546e-07,1.0142871895807502e-07,0.00553825661285589,0.0026680466775173754,1.1062010989578656e-06,5.144269687941455e-07,0.0007252954771703684,0.0003259842986804426,3.9065625259454434e-10,1.2868235163827371e-10,7.693485104087853e-06,2.4734694101959127e-06,3.5777781457544217e-10,1.1502621608104388e-10,2.7307577357599494e-18,2.6348335523770787e-18,2.7563553699426515e-17,2.4809900013439006e-17,3.3927192864867636e-14,2.861667927652579e-14,2.1607187530962445e-09,1.7146411155630683e-09,2.8416556132467285e-12,1.3233028477014606e-12,7.769694358730462e-15,3.499540075903758e-15,1.8131545335653039e-22,5.326536733381959e-23,6.4311226511146595e-15,1.974790192586549e-15,6.309615323245408e-18,2.7495412602889207e-18,3.024371895849073e-17,1.5710008700831507e-17,8.235753151161782e-10,4.1184774260457337e-10,1.3831370293108026e-15,6.667995232067615e-16,4.013299185999981e-17,1.3218537517511075e-17,8.776615870076247e-19,2.756902156092699e-19,3.3590338364417136e-14,1.0551364857664712e-14,8.482079565113136e-11,2.6643826945803288e-11,1.2490356414119957e-16,4.0175836848775464e-17,0.010328643918556422,0.004982913202220483,1.0000000000000029e-30,3.382971644113772e-31,7.792826348986486e-09,2.4442393119279817e-09,4.954911866900023e-06,1.5185952275097674e-06,5.287863467810501e-10,1.6602468397570964e-10,2.364189150982413e-12,7.25307005472592e-13
0.23500000000000001,1285.3459732419333,5.320048300316689,0.2642578399624782,0.8952574511227186,0.06372477320773523,0.42716174408405705,2.3773240511868847e-07,3.1871494768527448e-06,3.0604553467545103e-13,2.585043105031316e-13,1.0302138674193782e-13,4.350900361124808e-14,5.313137837997524e-08,4.221802876786833e-08,0.21866182152117536,0.1640262195415091,7.527641486119686e-16,3.082056614459743e-16,1.841042861358428e-13,7.314434789160553e-14,2.044063057728517e-17,2.2997980565945575e-17,4.608696150055843e-15,4.7838221954005056e-15,1.8581457975707219e-10,1.7901506098398346e-10,4.511089446895506e-12,4.346015008596049e-12,3.0528749978034004e-05,2.743975124935573e-05,0.21526540794637794,0.1813273202324513,0.3992135700369923,0.19260464950638265,0.0850450047345609,0.026114510495587887,8.65792572268002e-08,4.032004049045785e-08,4.791853512366201e-06,2.1566547844389387e-06,8.000471815605467e-10,3.48379365710219e-10,9.015170628591545e-12,3.925642759258235e-12,1.4630406671962961e-06,6.170372208925972e-07,2.7998404690593044e-11,1.511635272737266e-11,0.0014648626610240354,0.0007602630204787224,2.0175631351807608e-07,1.0080885233095707e-07,0.005520560315709555,0.002659273139046806,1.1020346759748698e-06,5.124415567329124e-07,0.0007242576719588967,0.0003254874564679019,3.8886933580892666e-10,1.2808177766531636e-10,7.67806767247686e-06,2.468282142102001e-06,3.5655387423426187e-10,1.1462201142410728e-10,2.7091416448959676e-18,2.6137326558593676e-18,2.7433382459133077e-17,2.4690427069106104e-17,3.384751935231016e-14,2.854681054804251e-14,2.1615687765988794e-09,1.7151554584390096e-09,2.8343460911346164e-12,1.3197756815889926e-12,7.726505845500022e-15,3.479762574443807e-15,1.7981630863312536e-22,5.282002753330221e-23,6.40400706167153e-15,1.966280221024052e-15,6.275872322477716e-18,2.7345816637516757e-18,3.010849188530776e-17,1.5638304797994206e-17,8.227220825083253e-10,4.1138264119235826e-10,1.3801737885677765e-15,6.65308828672109e-16,3.9876007638967664e-17,1.3132668464997864e-17,8.706422115324623e-19,2.734597551644015e-19,3.350403365735742e-14,1.0523272039422842e-14,8.472763373501758e-11,2.6612077464122705e-11,1.244045299295359e-16,4.001158302092911e-17,0.010328643918337044,0.0049824478448666455,1.0000000000000025e-30,3.382655706366009e-31,7.754053594818858e-09,2.4318510081860175e-09,4.9419111238481306e-06,1.5144692730670288e-06,5.273993861803733e-10,1.655737511922843e-10,2.347805191487652e-12,7.202133210120444e-13
0.23600000000000002,1285.1277574827573,5.320299198162011,0.2642453779335234,0.8990418124910055,0.06374473097259373,0.4272558457467016,2.3720313648720872e-07,3.1797585509360864e-06,3.0424527492967606e-13,2.569598395646477e-13,1.0236301666318475e-13,4.3226939753140114e-14,5.294305444686046e-08,4.206448057080845e-08,0.21858988985065855,0.16395703406561515,7.478908369273003e-16,3.0618193663245093e-16,1.8321383497402783e-13,7.278381349628869e-14,2.0254094234011293e-17,2.2785990289173726e-17,4.573274930390381e-15,4.746614179055993e-15,1.8478324102800263e-10,1.7800493051683296e-10,4.484547626283516e-12,4.320043225646491e-12,3.0446210671909737e-05,2.7363022300706406e-05,0.21523142552145208,0.1812818594916621,0.3993289180636947,0.19264240938537916,0.0850422602939907,0.026111242783610582,8.647319664132764e-08,4.026690833732538e-08,4.791759307823109e-06,2.1564121173004087e-06,7.968275099718251e-10,3.4694514321833765e-10,8.972708005644408e-12,3.906789644078299e-12,1.459168580969356e-06,6.153470209284022e-07,2.7741517005187585e-11,1.4976268071816742e-11,0.00145693243420696,0.0007560770187003609,2.0054709645059949e-07,1.0019535389765133e-07,0.005502996027170118,0.0026505661985395607,1.0979012921231788e-06,5.104721421637662e-07,0.0007232258792125188,0.0003249935776014067,3.8709809369187924e-10,1.2748654433450306e-10,7.662749303854919e-06,2.4631289647731334e-06,3.5533929863956884e-10,1.1422095178828047e-10,2.687783458557228e-18,2.592885845146964e-18,2.7304356863180882e-17,2.4572020196713037e-17,3.3768321832177116e-14,2.847737106737678e-14,2.1624135278020417e-09,1.7156664130620347e-09,2.827083865166618e-12,1.316271878468408e-12,7.68374270934586e-15,3.460182121287293e-15,1.7833597977542202e-22,5.2380324643209746e-23,6.377119077028602e-15,1.9578427324679685e-15,6.242453827726957e-18,2.7197676569610325e-18,2.997441036617558e-17,1.5567217313649362e-17,8.21873114129489e-10,4.1091997204332614e-10,1.3772283773926173e-15,6.638273511296469e-16,3.962170691480115e-17,1.304770591865787e-17,8.637098729842925e-19,2.7125718698990384e-19,3.34183263180039e-14,1.0495377527191083e-14,8.463500023776808e-11,2.6580513669552922e-11,1.2390958598173158e-16,3.984869596881091e-17,0.010328643918119575,0.004981985161340203,1.0000000000000036e-30,3.3823415839175955e-31,7.715637288717814e-09,2.4195780544450145e-09,4.929001596165566e-06,1.5103728241898134e-06,5.260219413247366e-10,1.651259754989399e-10,2.3316028421642892e-12,7.15176664805567e-13
0.23700000000000002,1284.9104691400407,5.320549827030286,0.2642329304380254,0.9028263521331397,0.06376458065827831,0.42734942534311243,2.366770609095008e-07,3.1724134285023603e-06,3.0246284410505423e-13,2.554308433695017e-13,1.0171158653587075e-13,4.294788076561861e-14,5.2756179450287585e-08,4.191213354787476e-08,0.21851837843582927,0.163888260904199,7.430694195086776e-16,3.0417998728079877e-16,1.823314898872869e-13,7.24266032317593e-14,2.0070002991992333e-17,2.257680148999068e-17,4.538266827542956e-15,4.709844229692594e-15,1.8376181636410276e-10,1.7700462816516356e-10,4.45826813237296e-12,4.294331154562034e-12,3.0364226480393693e-05,2.728682048647115e-05,0.21519758259663907,0.1812366178749791,0.3994435588216035,0.19267992016739371,0.08503955807984495,0.02610800206781439,8.636760964960644e-08,4.0214027242446847e-08,4.791670398861971e-06,2.1561729869106572e-06,7.936357488763321e-10,3.4552351607641484e-10,8.93063641163663e-12,3.888112270796385e-12,1.4553247802606536e-06,6.136693776111121e-07,2.748803465018021e-11,1.483805525938444e-11,0.0014490783136591734,0.0007519316727411762,1.9935011255027731e-07,9.958813185305992e-08,0.005485562216764562,0.002641925073627421,1.0938005497314307e-06,5.085185301490988e-07,0.0007222000405073564,0.0003245026326188652,3.853423214848642e-10,1.2689658117027141e-10,7.647528914085694e-06,2.4580094999906307e-06,3.541339753745921e-10,1.1382299897381487e-10,2.6666790483347685e-18,2.5722890219003427e-18,2.7176462054439886e-17,2.4454665423927287e-17,3.3689595639510556e-14,2.8408356531651373e-14,2.1632530615808583e-09,1.7161740161594041e-09,2.819868435010783e-12,1.3127911869065724e-12,7.641398938424403e-15,3.4407959068759335e-15,1.7687415029972378e-22,5.194616320164377e-23,6.350455823609781e-15,1.949476801739812e-15,6.209355328170832e-18,2.705097197681617e-18,2.984146008471218e-17,1.549673845365514e-17,8.210283737501178e-10,4.104597136028164e-10,1.374300620523964e-15,6.623549979371711e-16,3.937005064071955e-17,1.2963636571883102e-17,8.568631139435216e-19,2.6908204086953506e-19,3.333320971239633e-14,1.046767908687806e-14,8.454289002899485e-11,2.6549133717885838e-11,1.2341868166232752e-16,3.9687158577726864e-17,0.010328643917903989,0.004981525125367629,1.0000000000000032e-30,3.3820292589310563e-31,7.677572679009743e-09,2.407418897508235e-09,4.916182272764561e-06,1.506305548982195e-06,5.246539051901062e-10,1.6468132090534714e-10,2.3155793406310835e-12,7.101961623534239e-13
0.23800000000000002,1284.6941003220782,5.3208001856817955,0.26422049753360494,0.9066110698569143,0.06378432328290924,0.42744248788895495,2.3615414615526253e-07,3.1651136380385304e-06,3.0069799276089255e-13,2.5391710339346104e-13,1.010669942319778e-13,4.2671782056878775e-14,5.257073611420158e-08,4.176097320286288e-08,0.218447282980241,0.16381989581159645,7.382991255315687e-16,3.021994872765933e-16,1.8145714235579678e-13,7.207267216999664e-14,1.9888314940380857e-17,2.2370365818723438e-17,4.503665354752373e-15,4.673505414944483e-15,1.8275016947938953e-10,1.760140175380054e-10,4.432247304374781e-12,4.268875136955665e-12,3.028279139333124e-05,2.7211140009123233e-05,0.21516387827923827,0.1811915936116383,0.39955749957841924,0.19271718453964293,0.08503689763144538,0.026104788066289797,8.626249245718854e-08,4.0161395091177196e-08,4.791586697292014e-06,2.155937341668095e-06,7.904715378002949e-10,3.4411431999093516e-10,8.888950591974994e-12,3.8696082554755765e-12,1.4515089395312266e-06,6.120041446156438e-07,2.7237898506740155e-11,1.470168157684834e-11,0.0014412992500167285,0.0007478264168096664,1.9816518732274742e-07,9.89870958734926e-08,0.005468257365823282,0.00263334898849135,1.0897320552187416e-06,5.065805278512164e-07,0.0007211800970082306,0.0003240145919277044,3.8360181796460065e-10,1.2631181892487305e-10,7.632405435232713e-06,2.4529233752743307e-06,3.529377939201752e-10,1.1342811543110275e-10,2.6458243709360733e-18,2.551938172771214e-18,2.7049683437789255e-17,2.4338349026774822e-17,3.361133617481416e-14,2.8339762699613525e-14,2.164087432028025e-09,1.7166783039336326e-09,2.8126993077797026e-12,1.309333359268988e-12,7.599468637307408e-15,3.4216011763535386e-15,1.7543051056740434e-22,5.1517449821905555e-23,6.324014476681496e-15,1.941181519531276e-15,6.1765723967100855e-18,2.6905682818451675e-18,2.9709626965018637e-17,1.5426860556084178e-17,8.201878255563262e-10,4.1000184457961733e-10,1.3713903447869294e-15,6.608916775999079e-16,3.912100052157125e-17,1.2880447375879478e-17,8.50100508368006e-19,2.6693385676222177e-19,3.3248677313280895e-14,1.0440174520675157e-14,8.445129804669591e-11,2.6517935790272065e-11,1.2293176717900427e-16,3.952695402080944e-17,0.010328643917690247,0.004981067711079717,1.0000000000000032e-30,3.3817187138434328e-31,7.639855079155347e-09,2.395372005951966e-09,4.903452145678119e-06,1.5022671169123552e-06,5.232951722457034e-10,1.6423975193412967e-10,2.299731973188612e-12,7.05270954735686e-13
0.23900000000000002,1284.478643228796,5.3210502729432925,0.26420807927456397,0.9103959654692881,0.06380395985134522,0.4275350383335599,2.3563436043084052e-07,3.157858714544322e-06,2.989504758997043e-13,2.5241840503724406e-13,1.00429139526016e-13,4.2398599871981135e-14,5.238670743443222e-08,4.161098527017285e-08,0.21837659924787112,0.16375193460225015,7.335791986859926e-16,3.00240116690147e-16,1.8059068574304567e-13,7.172197616914165e-14,1.970898904921495e-17,2.2166635948162786e-17,4.469464152052009e-15,4.637590938898714e-15,1.8174816648736598e-10,1.750329646659609e-10,4.406481546535307e-12,4.24367157998008e-12,3.020189948718339e-05,2.713597515593989e-05,0.215130311682428,0.18114678494980002,0.39967074749712816,0.1927542051488926,0.08503427849655708,0.02610160050166407,8.615784130850598e-08,4.010900979215199e-08,4.791508116538189e-06,2.1557051308724555e-06,7.873345223194661e-10,3.427173934501917e-10,8.84764538310306e-12,3.851275255828743e-12,1.4477207382264826e-06,6.10351177882553e-07,2.6991050718400534e-11,1.4567115013587378e-11,0.001433594212636365,0.0007437606952868874,1.9699214944810555e-07,9.839215729122245e-08,0.005451079979247732,0.002624837179486263,1.0856954212635393e-06,5.046579455315797e-07,0.0007201659906830594,0.0003235294263465355,3.818763853214492e-10,1.2573218953558056e-10,7.617377815228739e-06,2.4478702237419157e-06,3.5175064550952545e-10,1.1303626421199243e-10,2.6252154630993042e-18,2.5318293643907483e-18,2.6924006662182934e-17,2.4223057512964128e-17,3.353353889783916e-14,2.827158538599533e-14,2.1649166924668262e-09,1.7171793120551626e-09,2.8055759975254928e-12,1.305898151465234e-12,7.557946016727599e-15,3.4025952248568022e-15,1.7400475737146995e-22,5.1094093068677624e-23,6.297792258644276e-15,1.9329559918404903e-15,6.144100685030312e-18,2.676178941330454e-18,2.957889715820463e-17,1.5357576083906055e-17,8.193514341454348e-10,4.0954634393881764e-10,1.3684973792825382e-15,6.594372998527164e-16,3.887451896381454e-17,1.2798125522801185e-17,8.434206598116268e-19,2.6481218423068543e-19,3.316472268965792e-14,1.0412861663614916e-14,8.436021929518023e-11,2.6486918092243216e-11,1.2244879354115836e-16,3.9368065744930994e-17,0.010328643917478342,0.004980612892957496,1.0000000000000017e-30,3.3814099313295235e-31,7.602479883364816e-09,2.3834358749673683e-09,4.89081022210806e-06,1.4982572024820294e-06,5.219456385591644e-10,1.6380123365136834e-10,2.2840580779189584e-12,7.004001995390158e-13
0.24,1284.264090134126,5.321300087755462,0.2641956757095311,0.9141810387764662,0.06382349135577792,0.42762708156304097,2.3511767238190702e-07,3.150648199550995e-06,2.972200528755066e-13,2.5093453754441114e-13,9.979792402593581e-14,4.2128291262753176e-14,5.220407667381083e-08,4.1462155710551605e-08,0.21830632306700384,0.1636843731531567,7.289088967978316e-16,2.983015616147189e-16,1.7973201528986322e-13,7.137447187010614e-14,1.953198514356666e-17,2.1965565543532282e-17,4.435656981881846e-15,4.602094137402509e-15,1.8075567583829463e-10,1.7406133793782551e-10,4.380967326607357e-12,4.218716954776924e-12,3.0121544923362982e-05,2.7061320297328154e-05,0.21509688191603155,0.18110219014831816,0.3997833096360225,0.19279098460108332,0.08503170022663292,0.02609843909957627,8.605365249476922e-08,4.005686928082214e-08,4.791434571653886e-06,2.155476304724679e-06,7.842243540441327e-10,3.4133257771383167e-10,8.80671571147476e-12,3.833110970717718e-12,1.4439598607652245e-06,6.087103356091109e-07,2.6747434697657163e-11,1.4434324264497674e-11,0.001425962191319073,0.0007397339636081383,1.958308309886333e-07,9.780322919630546e-08,0.005434028592554406,0.0026163888985112345,1.0816902681139016e-06,5.027505971549161e-07,0.0007191576650217644,0.00032304710742671615,3.801658291331107e-10,1.25157626114414e-10,7.602445018207611e-06,2.4428496842022795e-06,3.5057242308610187e-10,1.1264740895526001e-10,2.604848438861273e-18,2.511958740654176e-18,2.679941761384008e-17,2.4108777615442857e-17,3.345619932682389e-14,2.820382046071889e-14,2.1657408954273967e-09,1.7176770756403622e-09,2.7984980251834656e-12,1.3024853229146898e-12,7.516825388940755e-15,3.383775395367683e-15,1.7259659370950133e-22,5.0676003389481685e-23,6.2717864367280195e-15,1.9247993392426527e-15,6.111935921551573e-18,2.661927243026204e-18,2.9449257038184575e-17,1.528887762262277e-17,8.185191645515756e-10,4.090931909131805e-10,1.365621555583843e-15,6.579917757511482e-16,3.8630569051557335e-17,1.2716658437589416e-17,8.368222004911279e-19,2.627165821391982e-19,3.3081339503924916e-14,1.0385738382606085e-14,8.426964884833646e-11,2.6456078854638478e-11,1.2196971255123522e-16,3.9210477467502284e-17,0.010328643917268265,0.004980160645820279,1.0000000000000024e-30,3.3811028942938125e-31,7.565442575989952e-09,2.3716090292701466e-09,4.878255531556763e-06,1.4942754874009813e-06,5.206052018970768e-10,1.6336573169705828e-10,2.268555046686906e-12,6.955830714525815e-13
0.241,1284.050433384968,5.321549629170137,0.26418328688160286,0.9179662895839791,0.0638429187759397,0.42771862240133346,2.3460405108522255e-07,3.1434816409979056e-06,2.9550648729875607e-13,2.4946529391684835e-13,9.917325112695031e-14,4.186081406744504e-14,5.2022827356830784e-08,4.131447070653175e-08,0.21823645032904834,0.1636172074027148,7.242874915033061e-16,2.963835140270477e-16,1.7888102807294887e-13,7.103011667919032e-14,1.935726388247033e-17,2.176710923789236e-17,4.4022377262835666e-15,4.567008475023504e-15,1.797725682690356e-10,1.7309900804960426e-10,4.3557011744734535e-12,4.194007795079801e-12,3.004172194664791e-05,2.698716988525619e-05,0.21506358808681392,0.18105780747675745,0.3998951929505985,0.1928275254620934,0.08502916237676035,0.026095303588627803,8.594992235304891e-08,4.000497151893277e-08,4.791365979280039e-06,2.1552508143053003e-06,7.81140690487784e-10,3.3995971675225175e-10,8.766156591575142e-12,3.815113139243609e-12,1.4402259964365617e-06,6.070814782023545e-07,2.6506995095591833e-11,1.430327871297884e-11,0.0014184021959822552,0.0007357456880811851,1.9468106730536117e-07,9.722022639309507e-08,0.005417101771074966,0.002608003412605029,1.0777162233944981e-06,5.008583002949987e-07,0.0007181550649955489,0.00032256760743294596,3.784699582915561e-10,1.2458806292265588e-10,7.587606024179054e-06,2.4378614010408643e-06,3.494030212668403e-10,1.1226151387395616e-10,2.5847194877656205e-18,2.492322520917944e-18,2.6675902411389262e-17,2.3995496287749936e-17,3.3379313037475875e-14,2.8136463847920876e-14,2.166560092661047e-09,1.7181716292617826e-09,2.7914649184423947e-12,1.2990946364798029e-12,7.476101165610656e-15,3.3651390777076722e-15,1.7120572863418944e-22,5.0263093069049186e-23,6.245994323527712e-15,1.9167106970354144e-15,6.080073909766636e-18,2.64781128806776e-18,2.932069319721935e-17,1.522075787779501e-17,8.17690982239461e-10,4.086423649991095e-10,1.3627627076892947e-15,6.56555017646346e-16,3.838911453179144e-17,1.2636033772862232e-17,8.303037905734844e-19,2.6064661842121426e-19,3.299852151019106e-14,1.0358802575850449e-14,8.417958184848995e-11,2.642541633317869e-11,1.2149447678870504e-16,3.905417317096204e-17,0.010328643917059977,0.0049797109448197485,1.0000000000000032e-30,3.3807975858664254e-31,7.528738729235667e-09,2.3598900223507992e-09,4.865787125216288e-06,1.4903216603907991e-06,5.192737616886097e-10,1.6293321227280499e-10,2.2532203236446078e-12,6.908187617928021e-13
0.242,1283.8376654921526,5.321798896117231,0.2641709128399151,0.9217517176965965,0.06386224307495336,0.42780966558879646,2.3409346604985204e-07,3.136358593285525e-06,2.938095471141311e-13,2.4801047098019125e-13,9.855502617249094e-14,4.1596126978490815e-14,5.184294328256628e-08,4.116791667302698e-08,0.21816697697751244,0.16355043334478025,7.197142686025986e-16,2.94485671930608e-16,1.7803762291608251e-13,7.068886873305497e-14,1.9184786773767608e-17,2.1571222648298498e-17,4.369200393752679e-15,4.532327552103064e-15,1.7879871690602646e-10,1.7214584810376392e-10,4.330679684054465e-12,4.16954069904832e-12,2.9962424892757692e-05,2.6913518460343706e-05,0.21503042934301436,0.18101363525550937,0.4000064042978728,0.1928638302627134,0.085026664515748,0.026092193703857125,8.58466472414774e-08,3.995331448352064e-08,4.791302257473274e-06,2.1550286115280207e-06,7.78083194826974e-10,3.385986571440836e-10,8.725963124792619e-12,3.797279540268956e-12,1.4365188393994175e-06,6.054644682850249e-07,2.6269677611439806e-11,1.417394832780517e-11,0.0014109132468024153,0.0007317953407737144,1.935426959120332e-07,9.664306482774259e-08,0.005400298079141324,0.0025996799891341298,1.0737729162617423e-06,4.989808734220553e-07,0.0007171581340057894,0.0003220908979769495,3.7678858492422395e-10,1.2402343534547627e-10,7.572859827651193e-06,2.4329050238055696e-06,3.4824233647830073e-10,1.1187854380009415e-10,2.564824878844603e-18,2.472917003804928e-18,2.6553447422123516e-17,2.388320071874018e-17,3.330287566931464e-14,2.8069511531626926e-14,2.167374335223006e-09,1.7186630070398021e-09,2.78447621205909e-12,1.2957258586267088e-12,7.43576786970812e-15,3.3466837138938374e-15,1.69831877541943e-22,4.985527631313305e-23,6.220413276493129e-15,1.9086892150936824e-15,6.048510531605955e-18,2.6338292133053324e-18,2.919319245359689e-17,1.5153209679112648e-17,8.168668530399271e-10,4.08193845929978e-10,1.3599206712558862e-15,6.551269388233821e-16,3.8150119861555753e-17,1.2556239424392352e-17,8.238641191046461e-19,2.5860187036657156e-19,3.291626256661071e-14,1.0332052176824425e-14,8.409001349882357e-11,2.6394928806438164e-11,1.2102303961739328e-16,3.8899137105396604e-17,0.010328643916853434,0.004979263765512763,1.000000000000002e-30,3.380493989452567e-31,7.49236395798194e-09,2.348277422320361e-09,4.853404045255939e-06,1.4863954077935666e-06,5.179512185737327e-10,1.625036420017758e-10,2.238051392754571e-12,6.861064746728843e-13
0.243,1283.6257789937263,5.3220478877346675,0.2641585536232649,0.9255373229184746,0.06388146520632171,0.4279002158181705,2.3358588718936808e-07,3.1292786168128854e-06,2.921290042355809e-13,2.4656986906550206e-13,9.794315611577986e-14,4.1334189397802444e-14,5.166440849034779e-08,4.102248022874418e-08,0.21809789901871568,0.1634840470324127,7.151885267214892e-16,2.9260773879464844e-16,1.7720170040723632e-13,7.035068690289739e-14,1.901451609967924e-17,2.137786229071496e-17,4.336539102030413e-15,4.498045086666759e-15,1.7783399698133265e-10,1.7120173332897392e-10,4.305899506887538e-12,4.145312322912602e-12,2.9883648172398182e-05,2.6840360636724314e-05,0.21499740480995963,0.18096967179689455,0.40011695043580775,0.19289990149347297,0.08502420621348353,0.026089109182184468,8.574382357161789e-08,3.9901896180905745e-08,4.791243325865507e-06,2.15480964915534e-06,7.750515358957297e-10,3.372492480620996e-10,8.686130495795121e-12,3.7796079907004764e-12,1.432838088382076e-06,6.038591705505975e-07,2.6035429187484062e-11,1.4046303767369723e-11,0.0014034943871796724,0.0007278824062098386,1.924155579306372e-07,9.60716623110431e-08,0.0053836161226844806,0.0025914179162214493,1.069859985389437e-06,4.97118139597886e-07,0.0007161668181818344,0.00032161695193912496,3.751215243087276e-10,1.2346367985941911e-10,7.558205438585241e-06,2.4279802074436913e-06,3.470902666589409e-10,1.114984640854119e-10,2.5451609502120342e-18,2.4537385570359457e-18,2.6432039224830782e-17,2.3771878298286946e-17,3.322688291306665e-14,2.80029595443184e-14,2.1681836734064463e-09,1.7191512425469112e-09,2.777531447002789e-12,1.2923787589888666e-12,7.395820112296346e-15,3.3284067875541996e-15,1.6847476136744598e-22,4.9452469009131485e-23,6.195040695502592e-15,1.900734057059452e-15,6.01724173804171e-18,2.6199791871087203e-18,2.9066741827874193e-17,1.508622596753278e-17,8.16046743211799e-10,4.0774761369609306e-10,1.3570952845546562e-15,6.537074539429456e-16,3.791355010028791e-17,1.2477263495121218e-17,8.175019008679965e-19,2.5658192362062673e-19,3.283455661181044e-14,1.0305485146570995e-14,8.400093906901908e-11,2.636461457690017e-11,1.2055535512816685e-16,3.8745353768808416e-17,0.01032864391664866,0.004978819083733039,1.000000000000002e-30,3.3801920886454033e-31,7.456313979701926e-09,2.336769830605371e-09,4.841105367731791e-06,1.482496426670783e-06,5.166374749509031e-10,1.6207698809570153e-10,2.223045792630045e-12,6.814454315205168e-13
0.244,1283.4147665633127,5.3222966030957135,0.2641462092736471,0.9293231050531106,0.06390058610874474,0.4279902777078527,2.3308128482762392e-07,3.1222412781039034e-06,2.904646346700988e-13,2.4514329211468164e-13,9.733754972625544e-14,4.107496152392553e-14,5.148720727741757e-08,4.087814821070995e-08,0.21802921251047816,0.16341804457233283,7.10709577826043e-16,2.9074942376481367e-16,1.7637316281018995e-13,7.001553075989871e-14,1.8846414940122433e-17,2.1186985605836882e-17,4.304248086992878e-15,4.4641549236154715e-15,1.768782859714445e-10,1.7026654121463492e-10,4.2813573548301155e-12,4.121319383592674e-12,2.9805386281000984e-05,2.6767691111185648e-05,0.21496451364258623,0.18092591545268172,0.4002268380275141,0.19293574161027724,0.0850217870514532,0.02608604976611677,8.5641447780032e-08,3.9850714634149605e-08,4.791189105470995e-06,2.1545938807507307e-06,7.720453879541957e-10,3.3591134117596784e-10,8.646653971926756e-12,3.762096345256254e-12,1.429183446735509e-06,6.022654517943299e-07,2.5804197797535377e-11,1.3920316265271341e-11,0.001396144672476607,0.0007240063755328642,1.9129949677452997e-07,9.550593786110022e-08,0.0053670545133524756,0.0025832164855058917,1.0659770721728287e-06,4.952699233234196e-07,0.0007151810628106749,0.00032114574187029605,3.734685948105716e-10,1.2290873401300506e-10,7.543641881012761e-06,2.4230866118956657e-06,3.459467114390005e-10,1.111212406605702e-10,2.5257241142775984e-18,2.434783622437111e-18,2.6311664630831824e-17,2.366151663641266e-17,3.3151330518713655e-14,2.7936803974153837e-14,2.1689881568261866e-09,1.7196363689064884e-09,2.7706301708896672e-12,1.2890531105886064e-12,7.35625260791942e-15,3.3103058308697585e-15,1.6713410698198422e-22,4.905458884240361e-23,6.1698740234881704e-15,1.89284440055319e-15,5.986263553675507e-18,2.6062594113800487e-18,2.8941328553778316e-17,1.5019799801086656e-17,8.152306193758756e-10,4.073036485187968e-10,1.3542863876006543e-15,6.522964786325329e-16,3.7679370970073563e-17,1.2399094315004908e-17,8.112158778079902e-19,2.5458637262830065e-19,3.2753397680574865e-14,1.027909947877455e-14,8.391235388794945e-11,2.633447196911475e-11,1.20091378155107e-16,3.8592807912741555e-17,0.010328643916445576,0.004978376875682474,1.0000000000000011e-30,3.3798918672880774e-31,7.420584562188118e-09,2.325365865580331e-09,4.828890166736114e-06,1.478624413844526e-06,5.15332434466611e-10,1.6165321819706892e-10,2.2082011023698147e-12,6.768348667334575e-13
0.245,1283.2046208951633,5.322545041495081,0.264133879822056,0.9331090639034999,0.06391960671159555,0.42807985583013247,2.3257962968890184e-07,3.1152461496040216e-06,2.8881621824525555e-13,2.437305474419758e-13,9.673811730278648e-14,4.081840422945421e-14,5.131132417397325e-08,4.073490765338349e-08,0.21796091357435765,0.16335242213074921,7.062767461525169e-16,2.8891044121416196e-16,1.755519141034897e-13,6.968336058853484e-14,1.8680447111846232e-17,2.0998550889455133e-17,4.27232168846286e-15,4.430651019806851e-15,1.7593146337399098e-10,1.69340151290244e-10,4.257049995115457e-12,4.097558653795393e-12,2.9727633787068483e-05,2.6695504652060216e-05,0.2149317549698956,0.18088236456368098,0.4003360736395337,0.19297135302977697,0.08501940660914169,0.02608301519904861,8.553951636039555e-08,3.979976789715797e-08,4.791139518847639e-06,2.1543812607073562e-06,7.690644307743338e-10,3.345847906800363e-10,8.60752890118969e-12,3.744742495472367e-12,1.4255546222875303e-06,6.006831808371507e-07,2.557593261513605e-11,1.3795957720254898e-11,0.0013888631812606985,0.0007201667523120076,1.9019435944830833e-07,9.494581234894561e-08,0.005350611906539123,0.002575075010382328,1.062123827871852e-06,4.934360538446423e-07,0.0007142008161792027,0.00032067724171021636,3.718296178523651e-10,1.2235853641296544e-10,7.529168194259079e-06,2.4182239024327424e-06,3.448115719078079e-10,1.1074683995752094e-10,2.5065108491665025e-18,2.416048707553842e-18,2.6192310654757796e-17,2.3552103536301546e-17,3.307621428669919e-14,2.7871040956918095e-14,2.1697878343385977e-09,1.720118418695635e-09,2.7637719374287e-12,1.2857486895489273e-12,7.317060154168669e-15,3.2923784152665458e-15,1.6580964649717234e-22,4.8661555089392884e-23,6.1449107433985506e-15,1.8850194361885867e-15,5.955572069347228e-18,2.5926681182500127e-18,2.8816940060711156e-17,1.4953924345368105e-17,8.144184485884041e-10,4.0686193087859407e-10,1.351493823069092e-15,6.508939299129656e-16,3.7447548767808955e-17,1.2321720411644441e-17,8.050048162306934e-19,2.5261481974285283e-19,3.2672779885433313e-14,1.0252893193736334e-14,8.38242533516679e-11,2.630449933164442e-11,1.1963106423879756e-16,3.844148452942138e-17,0.01032864391624422,0.004977937117831326,1.0000000000000017e-30,3.379593309405905e-31,7.3851715771437876e-09,2.314064179290872e-09,4.816757552667333e-06,1.4747790775814518e-06,5.140360025328606e-10,1.6123230053758786e-10,2.193514954882718e-12,6.722740317364459e-13
0.246,1282.9953348460922,5.322793202089365,0.2641215653063312,0.9368951992720382,0.06393852792827902,0.4281689546769621,2.32080892900701e-07,3.1082928097829854e-06,2.871835387771881e-13,2.4233144587808375e-13,9.614477094000137e-14,4.0564479173690045e-14,5.113674396560344e-08,4.0592745807194996e-08,0.21789299837963572,0.16328717592515338,7.018893689268412e-16,2.8709051103924723e-16,1.7473785986409404e-13,6.935413734131682e-14,1.851657720331889e-17,2.0812517331427067e-17,4.240754362327238e-15,4.397527456620661e-15,1.749934108931567e-10,1.6842244530573682e-10,4.232974253991344e-12,4.074026965556616e-12,2.965038534437693e-05,2.6623796110718102e-05,0.21489912796418037,0.18083901752226528,0.40044466374695303,0.19300673813645985,0.0850170644795768,0.026080005230645957,8.543802582400434e-08,3.9749054037203505e-08,4.79109448982435e-06,2.154171744175815e-06,7.661083493215689e-10,3.33269453160091e-10,8.568750711389132e-12,3.7275443693815354e-12,1.4219513273736462e-06,5.991122285504404e-07,2.5350583746954826e-11,1.3673200552204216e-11,0.0013816490006458733,0.000716363044948733,1.8909999481852039e-07,9.439120763599365e-08,0.005334286953628936,0.002566992803063902,1.0582999045835368e-06,4.916163609666123e-07,0.0007132260248052124,0.00032021142465308785,3.702044178294821e-10,1.2181302669826704e-10,7.514783430978576e-06,2.4133917490767044e-06,3.4368475083957143e-10,1.103752289840366e-10,2.4875177058611645e-18,2.3975303925306153e-18,2.6073964542155483e-17,2.3443627019462288e-17,3.300153007773021e-14,2.7805666684866926e-14,2.1705827541571784e-09,1.720597424078265e-09,2.756956306938177e-12,1.2824652753599728e-12,7.278237652122602e-15,3.274622160648331e-15,1.645011178175362e-22,4.827328877952014e-23,6.120148380131244e-15,1.8772583681952783e-15,5.925163448269957e-18,2.5792035727785483e-18,2.869356398789842e-17,1.4888592881106864e-17,8.136101982475223e-10,4.064224414776414e-10,1.34871743511837e-15,6.494997256452652e-16,3.7218050445908616e-17,1.2245130536932299e-17,7.988675087707967e-19,2.506668758420473e-19,3.2592697436942505e-14,1.0226864344945477e-14,8.37366329127919e-11,2.6274695034322822e-11,1.19174369646087e-16,3.8291368858741396e-17,0.010328643916044579,0.0049774997870357714,1.0000000000000024e-30,3.3792963992862086e-31,7.350070931053444e-09,2.302863435820494e-09,4.804706624475066e-06,1.4709601229988892e-06,5.127480856399257e-10,1.6081420372581843e-10,2.178985018126941e-12,6.677621892332083e-13
0.247,1282.786901306963,5.323041084204832,0.2641092657558838,0.9406815109606418,0.06395735066292602,0.4282575786943473,2.3158504596663738e-07,3.1013808426865154e-06,2.8556638373177564e-13,2.4094580147477725e-13,9.555742422904077e-14,4.0313148674665895e-14,5.0963451660901764e-08,4.045165011158808e-08,0.21782546315241322,0.16322230222703596,6.975467951380487e-16,2.852893581461608e-16,1.7393090727999747e-13,6.902782264137004e-14,1.8354770507069935e-17,2.062884493836483e-17,4.209540664802435e-15,4.364778423424426e-15,1.7406401217670036e-10,1.6751330697201643e-10,4.20912701077719e-12,4.050721204362228e-12,2.9573635676968433e-05,2.655256040732993e-05,0.21486663178084595,0.1807958727172281,0.4005526147334804,0.19304189927798412,0.08501476025815904,0.026077019612771698,8.533697272974301e-08,3.969857114784596e-08,4.791053943671671e-06,2.153965287087056e-06,7.63176833747343e-10,3.319651875792306e-10,8.530314906764556e-12,3.710499929917274e-12,1.4183732785565107e-06,5.975524677205322e-07,2.5128102410043176e-11,1.3552017796928624e-11,0.0013745012382304883,0.0007125947728408698,1.8801625494950303e-07,9.384204723721387e-08,0.005318078341502623,0.0025589691935200805,1.0545049626247116e-06,4.898106784682701e-07,0.0007122566374433892,0.0003197482649379814,3.685928220275954e-10,1.2127214550884447e-10,7.50048665800358e-06,2.408589826806393e-06,3.4256615242214174e-10,1.1000637523323024e-10,2.4687412986922207e-18,2.379225320823501e-18,2.5956613734911726e-17,2.3336075293834212e-17,3.292727380092163e-14,2.7740677395971914e-14,2.171372963798966e-09,1.7210734167209047e-09,2.7501828455334767e-12,1.2792026504650808e-12,7.239780085354334e-15,3.257034725825497e-15,1.6320826391500012e-22,4.788971247961668e-23,6.095584498288403e-15,1.8695604136690507e-15,5.895033917305901e-18,2.5658640690611047e-18,2.857118816201795e-17,1.4823798792065607e-17,8.128058361445571e-10,4.0598516125492626e-10,1.3459570702637095e-15,6.481137849337342e-16,3.6990843513262146e-17,1.2169313633954166e-17,7.928027716339096e-19,2.487421594494238e-19,3.251314462129231e-14,1.0201011011760388e-14,8.364948808476711e-11,2.6245057468910924e-11,1.1872125131495686e-16,3.814244636932393e-17,0.010328643915846617,0.004977064860414835,1.0000000000000036e-30,3.379001121394779e-31,7.31527862037566e-09,2.2917623285049606e-09,4.792736509506255e-06,1.4671672642239665e-06,5.114685918613956e-10,1.6039889690101387e-10,2.1646090089404244e-12,6.632986174158555e-13
0.248,1282.5793132912763,5.323288687118591,0.2640969812025568,0.9444679987707126,0.06397607580596189,0.42834573225957456,2.310920607772782e-07,3.0945098381227305e-06,2.83964544334031e-13,2.3957343159778696e-13,9.497599240086654e-14,4.006437576959511e-14,5.07914325072989e-08,4.031160820800355e-08,0.21775830416798456,0.16315779735869518,6.932483859457788e-16,2.835067126169382e-16,1.7313096508966144e-13,6.870437875880977e-14,1.8194993037391814e-17,2.0447494553158775e-17,4.178675259378349e-15,4.332398224742607e-15,1.731431529303883e-10,1.6661262207171708e-10,4.185505200146214e-12,4.027638311354642e-12,2.949737958775633e-05,2.6481792538921686e-05,0.21483426560052585,0.18075292857206776,0.40065993289414636,0.19307683876959642,0.0850124935498538,0.026074058102102338,8.523635366324229e-08,3.964831733982489e-08,4.791017806935628e-06,2.1537618461112166e-06,7.602695792329179e-10,3.3067185521268137e-10,8.492217067808363e-12,3.6936071748580146e-12,1.414820196700026e-06,5.960037730871019e-07,2.4908440762210625e-11,1.3432383014407289e-11,0.0013674190130027936,0.0007088614616697828,1.8694299408317002e-07,9.32982558119969e-08,0.0053019847645054685,0.002551003516014609,1.0507386652539878e-06,4.880188416552342e-07,0.0007112926022857781,0.0003192877365964436,3.6699466058539124e-10,1.2073583447420194e-10,7.48627695534095e-06,2.403817815267559e-06,3.4145568239606856e-10,1.0964024672937432e-10,2.450178309398298e-18,2.3611302030925664e-18,2.5840245888699558e-17,2.3229436769636326e-17,3.285344142109668e-14,2.7676069380440247e-14,2.1721585101401693e-09,1.7215464278647819e-09,2.743451125552186e-12,1.2759606004747838e-12,7.201682530330296e-15,3.23961381320459e-15,1.6193083309450877e-22,4.751075037127581e-23,6.071216700911246e-15,1.8619248021993702e-15,5.865179770735017e-18,2.5526479318799544e-18,2.844980060688956e-17,1.475953557018617e-17,8.120053304208569e-10,4.0555007137076236e-10,1.3432125767261114e-15,6.467360278211552e-16,3.6765896083277924e-17,1.2094258852797217e-17,7.868094453292855e-19,2.4684029696146034e-19,3.2434115813616065e-14,1.017533130371204e-14,8.356281443752428e-11,2.621558504811986e-11,1.1827166687229817e-16,3.799470276457806e-17,0.010328643915650245,0.004976632315429109,1.0000000000000041e-30,3.3787074604293124e-31,7.28079069106511e-09,2.2807595672625234e-09,4.780846335472598e-06,1.4634002158288595e-06,5.101974304628835e-10,1.5998634961236443e-10,2.1503846818202393e-12,6.588826065239464e-13
0.249,1282.3725638372448,5.323536010301916,0.26408471166855324,0.948254662503277,0.06399470423877564,0.42843341970523335,2.3060190959937987e-07,3.0876793914567714e-06,2.8237781533054617e-13,2.3821415671900937e-13,9.440039210561251e-14,3.981812412044277e-14,5.062067196932084e-08,4.0172607921700935e-08,0.21769151776111814,0.1630936576980703,6.889935137736244e-16,2.817423093290949e-16,1.723379436091522e-13,6.838376861965197e-14,1.8037211478683833e-17,2.02684277958778e-17,4.148152904875296e-15,4.3003812676984214e-15,1.7223072072748111e-10,1.6572027827096285e-10,4.162105807861099e-12,4.004775279105456e-12,2.9421611948396238e-05,2.6411487569730034e-05,0.2148020285821101,0.18071018350233142,0.4007666244340862,0.19311155889028458,0.08501026395759236,0.026071120456119243,8.513616526338973e-08,3.959829075267e-08,4.790986007581872e-06,2.1535613786848192e-06,7.57386286048471e-10,3.2938931966531353e-10,8.454452849404085e-12,3.676864135917906e-12,1.4112918068423695e-06,5.944660212770941e-07,2.4691552045156593e-11,1.3314270365283622e-11,0.0013604014650777107,0.0007051626484276801,1.8588006971473639e-07,9.275975969812717e-08,0.005286004956291455,0.0025430951243721254,1.0470006846215907e-06,4.862406901120451e-07,0.0007103338701920247,0.000318829814896623,3.654097664642196e-10,1.2020403620029702e-10,7.4721534172481435e-06,2.399075399070922e-06,3.403532478684517e-10,1.0927681196564675e-10,2.431825479909083e-18,2.3432418101481253e-18,2.572484884811361e-17,2.3123700036404858e-17,3.27800289510415e-14,2.7611838973640426e-14,2.1729394393496658e-09,1.7220164882442534e-09,2.7367607250548497e-12,1.272738913908523e-12,7.163940141592269e-15,3.2223571620254338e-15,1.6066857846372943e-22,4.713632809308867e-23,6.047042628801546e-15,1.854350775615369e-15,5.8355973640070934e-18,2.5395535139109237e-18,2.8329389528288507e-17,1.4695796807338786e-17,8.112086496296547e-10,4.0511715323032927e-10,1.3404838051924814e-15,6.453663756421179e-16,3.654317679967136e-17,1.2019955525736162e-17,7.808863927684703e-19,2.4496092204015064e-19,3.2355605462332314e-14,1.0149823355380511e-14,8.347660760419985e-11,2.6186276207237676e-11,1.1782557460118552e-16,3.784812397127166e-17,0.010328643915455533,0.004976202129795162,1.0000000000000032e-30,3.378415401261241e-31,7.246603283006474e-09,2.2698538924520493e-09,4.769035262519693e-06,1.4596587026173529e-06,5.089345123363683e-10,1.595765319518803e-10,2.136309840123646e-12,6.545134622529652e-13
0.25,1282.1666461115587,5.323783053152241,0.26407245717973454,0.952041501958932,0.06401323682909393,0.4285206452953757,2.3011456507112515e-07,3.080889103590077e-06,2.8080599507875776e-13,2.3686780049264116e-13,9.383054158264364e-14,3.9574358085696365e-14,5.045115574225324e-08,4.0034637273046643e-08,0.2176251003125831,0.1630298796712578,6.847815627369543e-16,2.799958881306575e-16,1.7155175463002447e-13,6.806595576576371e-14,1.7881393205795574e-17,2.0091607086302958e-17,4.117968463499337e-15,4.268722070340783e-15,1.7132660512641045e-10,1.6483616523339333e-10,4.138925872952963e-12,3.982129153726349e-12,2.9346327707145294e-05,2.6341640638601735e-05,0.21476991991395153,0.1806676359616394,0.40087269547308746,0.19314606188818845,0.08500807109515605,0.026068206437485086,8.503640419139896e-08,3.9548489540923636e-08,4.790958474773985e-06,2.1533638429458363e-06,7.545266592588831e-10,3.28117446746689e-10,8.41701797939295e-12,3.660268878149484e-12,1.4077878381508903e-06,5.929390907932556e-07,2.4477390380759874e-11,1.3197654500772978e-11,0.0013534477446018487,0.0007014978756691731,1.8482734129316148e-07,9.222648626341464e-08,0.005270137653997931,0.0025352433747699845,1.0432906950007634e-06,4.844760645633762e-07,0.0007093803911054148,0.00031837447473913116,3.6383797535395946e-10,1.1967669423953787e-10,7.458115150509671e-06,2.3943622672722223e-06,3.3925875745632975e-10,1.089160399514056e-10,2.4136796170584712e-18,2.325556977475955e-18,2.5610410664787462e-17,2.301885387946181e-17,3.270703245774746e-14,2.7547982561745166e-14,2.1737157969875597e-09,1.722483628193827e-09,2.7301112281123836e-12,1.2695373823453107e-12,7.12654816446172e-15,3.2052625540902626e-15,1.5942125826277632e-22,4.6766372836879477e-23,6.02305996161844e-15,1.8468375883392946e-15,5.806283117581684e-18,2.5265791974078635e-18,2.820994332228851e-17,1.4632576199779803e-17,8.104157626562425e-10,4.0468638845007847e-10,1.3377706079019703e-15,6.440047505921808e-16,3.6322654890689554e-17,1.1946393185085979e-17,7.750325002372541e-19,2.43103675915621e-19,3.227760810291447e-14,1.012448533084776e-14,8.339086327158562e-11,2.615712940153287e-11,1.1738293344714773e-16,3.770269614191927e-17,0.010328643915262406,0.004975774281566794,1.0000000000000038e-30,3.3781249289910053e-31,7.212712578179846e-09,2.259044058649654e-09,4.757302447428518e-06,1.4559424486851825e-06,5.076797494665368e-10,1.5916941438910797e-10,2.1223823217757596e-12,6.501905013736114e-13
0.251,1281.9615533650476,5.324029815095526,0.26406021776054184,0.955828516937867,0.06403167443343222,0.42860741323809026,2.2963000018820905e-07,3.074138580737874e-06,2.792488853840803e-13,2.355341896124957e-13,9.326636054767476e-14,3.9333042671753774e-14,5.028286973823308e-08,3.989768446588623e-08,0.21755904825118286,0.16296645975246854,6.806119280747698e-16,2.782671936006775e-16,1.7077231140191073e-13,6.775090434668296e-14,1.7727506251154528e-17,1.9916995606144003e-17,4.0881168941533736e-15,4.237415254574109e-15,1.7043069755618152e-10,1.6396017450641846e-10,4.115962485013828e-12,3.959697032175072e-12,2.9271521882873032e-05,2.6272246953281448e-05,0.2147379387935818,0.1806252844229226,0.40097815204683296,0.19318034997947228,0.08500591458371617,0.026065315812738767,8.4937067140378e-08,3.9498911878188285e-08,4.790935138914643e-06,2.1531691977317716e-06,7.516904086528146e-10,3.2685610443480663e-10,8.379908256418968e-12,3.643819498938502e-12,1.4043080237695119e-06,5.914228619421426e-07,2.4265910814249833e-11,1.3082510585389494e-11,0.0013465570154906406,0.000697866693434593,1.8378467062988922e-07,9.169836410762623e-08,0.005254381611185867,0.002527447631930742,1.0396083751846138e-06,4.827248079801938e-07,0.0007084321153859385,0.0003179216912521556,3.6227912560669934e-10,1.1915375306685632e-10,7.44416127452702e-06,2.389678113373113e-06,3.381721211768957e-10,1.0855790017536038e-10,2.395737588498933e-18,2.308072601223378e-18,2.5496919583155154e-17,2.2914887266701605e-17,3.263444805780067e-14,2.7484496577522076e-14,2.1744876279980418e-09,1.722947877627296e-09,2.7235022244574526e-12,1.266355800245882e-12,7.08950192775523e-15,3.1883278104176438e-15,1.5818863556775883e-22,4.640081325901294e-23,5.9992664155965335e-15,1.839384506656219e-15,5.777233513142491e-18,2.51372339250309e-18,2.809145056525635e-17,1.456986754271296e-17,8.096266387288187e-10,4.042577588590426e-10,1.3350728389108488e-15,6.426510758479827e-16,3.610430012821242e-17,1.1873561549453768e-17,7.692466762934968e-19,2.412682070317942e-19,3.220011834921135e-14,1.0099315420846463e-14,8.33055771804992e-11,2.6128143106099383e-11,1.169437029905054e-16,3.755840564529801e-17,0.010328643915070865,0.004975348749089062,1.0000000000000038e-30,3.377836028916747e-31,7.179114818164588e-09,2.2483288400905755e-09,4.745647056773217e-06,1.45225118143004e-06,5.064330550810127e-10,1.5876496781623035e-10,2.108600003346257e-12,6.459130529634385e-13
0.252,1281.757278900042,5.324276295667865,0.264047993429949,0.9596157072399409,0.06405001789858024,0.4286937276931511,2.2914818830304234e-07,3.067427434393921e-06,2.777062913954542e-13,2.3421315371962424e-13,9.270777008895313e-14,3.909414348832248e-14,5.0115800078435164e-08,3.9761737880912466e-08,0.21749335805781425,0.16290339446609434,6.764840157266824e-16,2.7655597487035937e-16,1.6999952863422492e-13,6.743857911929585e-14,1.7575519279431248e-17,1.9744557269834455e-17,4.0585932473860405e-15,4.206455540807646e-15,1.6954289123773063e-10,1.630921994427854e-10,4.093212782389378e-12,3.937476060445072e-12,2.919718956182792e-05,2.6203301787275288e-05,0.21470608441178005,0.18058312736398519,0.4010830001071922,0.19321442534743372,0.08500379404664524,0.026062448350555288,8.483815084607651e-08,3.94495559618656e-08,4.7909159316898935e-06,2.1529774025869455e-06,7.488772487444887e-10,3.256051628727577e-10,8.343119548899116e-12,3.6275141275029663e-12,1.4008521007758954e-06,5.899172168106303e-07,2.4057069346616387e-11,1.2968814313920015e-11,0.0013397284584186326,0.0006942686607881098,1.8275192224972009e-07,9.117532323581915e-08,0.005238735608966035,0.0025197072744485853,1.0359534105595376e-06,4.809867665370543e-07,0.0007074889949626117,0.0003174714403063384,3.607330582102868e-10,1.186351580693766e-10,7.4302909216592816e-06,2.385022635411472e-06,3.370932503720731e-10,1.0820236258021009e-10,2.3779963196060447e-18,2.2907856351513538e-18,2.5384364030911266e-17,2.281178933969801e-17,3.2562271915257864e-14,2.742137749832377e-14,2.1752549766859457e-09,1.7234092660101543e-09,2.7169333093399165e-12,1.2631939648746082e-12,7.052796836271717e-15,3.1715507878084776e-15,1.5697047801371977e-22,4.603957939764081e-23,5.9756597421173175e-15,1.831990808252942e-15,5.7484450909786146e-18,2.5009845360265386e-18,2.7973900007886176e-17,1.4507664727005903e-17,8.088412474430203e-10,4.0383124650846104e-10,1.3323903543703571e-15,6.413052756959474e-16,3.588808279788081e-17,1.1801450513673285e-17,7.635278505280563e-19,2.3945417065036833e-19,3.212313088800611e-14,1.007431184096419e-14,8.322074512855216e-11,2.6099315816549756e-11,1.1650784343315726e-16,3.7415239061755106e-17,0.010328643914880888,0.004974925510970171,1.0000000000000045e-30,3.377548686515281e-31,7.145806319253318e-09,2.237707035368834e-09,4.734068278218027e-06,1.4485846349955934e-06,5.05194343799726e-10,1.5836316359347532e-10,2.0949608033910805e-12,6.416804594154556e-13
0.253,1281.55381610008,5.324522494437875,0.26403578420531454,0.9634030726647063,0.06406826806026121,0.4287795927650934,2.2866910311959642e-07,3.0607552812683276e-06,2.7617802158519417e-13,2.3290452538352916e-13,9.215469270703821e-14,3.885762676480181e-14,4.99499330946226e-08,3.962678607687544e-08,0.21742802626168065,0.16284068038455368,6.72397242305998e-16,2.748619856091135e-16,1.6923332244834428e-13,6.712894542857135e-14,1.7425401583174783e-17,1.957425671911203e-17,4.029392666315655e-15,4.175837748844561e-15,1.686630811941017e-10,1.622321352093212e-10,4.070673952135181e-12,3.915463433493536e-12,2.912332589917246e-05,2.6134800481264015e-05,0.2146743559674676,0.1805411632808341,0.40118724552419255,0.19324829014438286,0.08500170911259884,0.02605960382280681,8.473965207756099e-08,3.940042000896262e-08,4.79090078598538e-06,2.152788417734093e-06,7.460868986310641e-10,3.243644943059688e-10,8.306647793713993e-12,3.611350924308601e-12,1.3974198101304859e-06,5.884220392450706e-07,2.385082286503559e-11,1.2856541873556713e-11,0.0013329612676306708,0.0006907033441604777,1.8172896298553117e-07,9.065729485532844e-08,0.00522319844543576,0.0025120216897077646,1.0323254910867528e-06,4.792617886742001e-07,0.0007065509822823419,0.00031702369804395883,3.5919961673114086e-10,1.181208555272127e-10,7.4165032366692e-06,2.380395535788948e-06,3.360220577415901e-10,1.0784939757323185e-10,2.3604527939515547e-18,2.2736930910499717e-18,2.5272732621965174e-17,2.2709549416279348e-17,3.2490500242944364e-14,2.7358621847241312e-14,2.1760178867470246e-09,1.7238678223920646e-09,2.7104040835494837e-12,1.2600516763121324e-12,7.016428374607445e-15,3.154929380540431e-15,1.557665578443175e-22,4.5682602686311685e-23,5.9522377284224e-15,1.8246557824326683e-15,5.719914450349219e-18,2.488361091649505e-18,2.7857280575579e-17,1.4445961739349154e-17,8.080595587401534e-10,4.034068336624012e-10,1.3297230122487155e-15,6.399672753999707e-16,3.567397370740224e-17,1.1730050151421996e-17,7.578749737445455e-19,2.3766122890249247e-19,3.2046640482438545e-14,1.0049472832731236e-14,8.313636296753379e-11,2.6070646048285552e-11,1.160753155936099e-16,3.727318318155157e-17,0.010328643914692428,0.004974504546103939,1.0000000000000043e-30,3.3772628874573224e-31,7.1127834566909426e-09,2.2271774624901127e-09,4.722565310005118e-06,1.4449425470557869e-06,5.039635314708196e-10,1.5796397349787306e-10,2.0814626779274086e-12,6.374920750436521e-13
0.254,1281.3511584477424,5.3247684109558335,0.26402359010490356,0.9671906130113953,0.06408642574251125,0.4288650125000124,2.2819271868622127e-07,3.054121743190332e-06,2.7466388770425867e-13,2.3160814006207077e-13,9.160705231975402e-14,3.862345935187544e-14,4.9785255327854006e-08,3.9492817789433886e-08,0.21736304943663265,0.16277831412581406,6.683510349791329e-16,2.7318498397164386e-16,1.6847361033291738e-13,6.682196918937437e-14,1.727712307391833e-17,1.9406059312468692e-17,4.00051038630585e-15,4.145556797466826e-15,1.6779116423896935e-10,1.6137987877443274e-10,4.0483432295223684e-12,3.893656394726189e-12,2.9049926119189197e-05,2.6066738443255082e-05,0.21464275267705143,0.18049939069586807,0.4012908940881249,0.19328194649308786,0.0849996594183268,0.026056782005473057,8.464156763072028e-08,3.935150225311364e-08,4.790889635823988e-06,2.1526022040500833e-06,7.433190818555043e-10,3.231339730210325e-10,8.2704889946983e-12,3.5953280803883574e-12,1.3940108965972565e-06,5.869372148170227e-07,2.3647129087511328e-11,1.2745669913681877e-11,0.0013262546485921622,0.0006871703161256174,1.8071566169897688e-07,9.014421123547099e-08,0.005207768928735509,0.002504390270537872,1.0287243099728277e-06,4.775497244787362e-07,0.0007056180296275801,0.00031657844057299294,3.576786472497148e-10,1.1761079259155528e-10,7.402797376162886e-06,2.3757965210903875e-06,3.349584573443493e-10,1.0749897602641044e-10,2.343104053025557e-18,2.256792038424996e-18,2.516201415638223e-17,2.2608156990336864e-17,3.241912930274104e-14,2.7296226193334635e-14,2.1767764012981236e-09,1.7243235754347912e-09,2.7039141533705796e-12,1.2569287374332153e-12,6.980392107913716e-15,3.138461520678896e-15,1.5457665187721604e-22,4.53298159427466e-23,5.9289981965046254e-15,1.817378729766345e-15,5.691638249084383e-18,2.4758515496897243e-18,2.7741581366878988e-17,1.438475266137016e-17,8.072815428853984e-10,4.029845027873264e-10,1.3270706721287693e-15,6.386370011039104e-16,3.546194418667942e-17,1.1659350715118796e-17,7.522870176976778e-19,2.358890507014393e-19,3.197064197314195e-14,1.0024796663965246e-14,8.305242660045191e-11,2.6042132335593066e-11,1.1564608089691284e-16,3.7132225001474596e-17,0.010328643914505563,0.004974085833679511,1.0000000000000045e-30,3.3769786176140633e-31,7.080042654123271e-09,2.216738955552576e-09,4.7111373541074566e-06,1.4413246567183137e-06,5.027405350489066e-10,1.5756736968490354e-10,2.0681036171541952e-12,6.333472650691042e-13
0.255,1281.1492994728183,5.3250140448827095,0.2640114111414908,0.9709783280789992,0.06410449176012264,0.4289499908981266,2.2771900939313262e-07,3.047526447039965e-06,2.7316370464814656e-13,2.303238359835219e-13,9.10647741308219e-14,3.839160866521475e-14,4.9621753517094314e-08,3.935982192156548e-08,0.21729842420690046,0.1627162923561516,6.643448309339415e-16,2.715247323740909e-16,1.6772031115579492e-13,6.651761689001472e-14,1.7130654251372443e-17,1.9239931089790318e-17,3.971941728238491e-15,4.115607697341549e-15,1.669270388702919e-10,1.6053532880261918e-10,4.026217895654931e-12,3.872052233623998e-12,2.8976985510236093e-05,2.5999111143736795e-05,0.2146112737493759,0.18045780813515097,0.401393951509452,0.19331539648502685,0.08499764460174437,0.026053982676278096,8.45438943439367e-08,3.9302800951473884e-08,4.790882416443678e-06,2.152418723080855e-06,7.405735264346762e-10,3.219134753528535e-10,8.234639221518905e-12,3.5794438167914842e-12,1.3906251086814622e-06,5.854626307897058e-07,2.3445946627528367e-11,1.2636175580213383e-11,0.001319607822898043,0.0006836691579309609,1.7971188984132822e-07,8.963600598538236e-08,0.005192445894245025,0.002496812423450908,1.0251495668768438e-06,4.758504271666804e-07,0.0007046900908895378,0.0003161356447594434,3.5616999833770557e-10,1.1710491727520984e-10,7.389172509146914e-06,2.371225302235764e-06,3.3390236449232487e-10,1.0715106924089911e-10,2.3259471921488333e-18,2.2400796004912213e-18,2.5052197606888903e-17,2.2507601719314764e-17,3.234815540200427e-14,2.7234187148306697e-14,2.177530562842257e-09,1.7247765533695093e-09,2.6974631303508964e-12,1.2538249537841554e-12,6.944683672678451e-15,3.1221451738686667e-15,1.534005411739251e-22,4.4981153270474303e-23,5.905939001529027e-15,1.8101589615801787e-15,5.663613200068606e-18,2.4634544255336632e-18,2.7626791645193867e-17,1.4324031665108302e-17,8.06507170502138e-10,4.025642365652366e-10,1.3244331956292494e-15,6.373143800271728e-16,3.525196604673225e-17,1.1589342622148579e-17,7.4676297376063095e-19,2.34137311317012e-19,3.189513026985895e-14,1.0000281626020165e-14,8.296893198529984e-11,2.6013773232561254e-11,1.1522010135689924e-16,3.6992351718574546e-17,0.010328643914320137,0.004973669353135908,1.0000000000000032e-30,3.3766958630264026e-31,7.047580407228393e-09,2.206390372106772e-09,4.699783633641374e-06,1.437730709834676e-06,5.015252728289414e-10,1.5717332475987576e-10,2.0548816510864137e-12,6.29245407329312e-13
0.256,1280.9482327943929,5.3252593958762935,0.2639992473280075,0.9747662176662659,0.06412246691696205,0.4290345319050762,2.272479499603492e-07,3.040969024597401e-06,2.716772904389584e-13,2.2905145413011845e-13,9.052778468671136e-14,3.8162042709139225e-14,4.945941460083743e-08,3.922778754489213e-08,0.21723414724000908,0.1626546117857224,6.603780774025702e-16,2.6988099750105113e-16,1.6697334509555823e-13,6.621585556491415e-14,1.698596620270731e-17,1.9075838771105336e-17,3.943682100513314e-15,4.085985553035833e-15,1.6607060529101807e-10,1.5969838567364924e-10,4.004295277583073e-12,3.850648285830148e-12,2.8904499426433856e-05,2.5931914117262923e-05,0.21457991840737917,0.1804164141476368,0.4014964234216936,0.19334864218293152,0.08499566430832184,0.026051205616795865,8.444662908258005e-08,3.925431437770097e-08,4.790879064175647e-06,2.15223793699851e-06,7.378499646470195e-10,3.207028795921304e-10,8.19909460785104e-12,3.5636963837818346e-12,1.3872621985249969e-06,5.839981760753695e-07,2.3247234901268388e-11,1.252803646528664e-11,0.0013130200236150652,0.0006801994570809364,1.7871752086431536e-07,8.913261375953384e-08,0.005177228188689194,0.002489287561001298,1.0216009648882123e-06,4.741637516801349e-07,0.0007037671199750821,0.0003156952875139089,3.5467352097442387e-10,1.166031784249032e-10,7.375627816051391e-06,2.3666815941751216e-06,3.3285369579013084e-10,1.0680564895984702e-10,2.3089793615869573e-18,2.2235529552116984e-18,2.4943272123348116e-17,2.2407873428189646e-17,3.227757489474799e-14,2.7172501367594156e-14,2.1782804133225447e-09,1.7252267840500032e-09,2.6910506312836338e-12,1.2507401335783085e-12,6.909298782196256e-15,3.1059783417780786e-15,1.5223801114087533e-22,4.463655008765156e-23,5.883058033342221e-15,1.8029958004171586e-15,5.6358360719395515e-18,2.451168259930222e-18,2.7512900839286085e-17,1.426379301325504e-17,8.057364125294997e-10,4.021460178744543e-10,1.3218104459633841e-15,6.359993402546291e-16,3.50440115944182e-17,1.1520016459612946e-17,7.413018532573941e-19,2.3240569247577216e-19,3.182010035588469e-14,9.975926035207415e-15,8.288587512961432e-11,2.5985567311498226e-11,1.1479733956741015e-16,3.685355072734498e-17,0.01032864391413625,0.004973255084190595,1.0000000000000041e-30,3.376414609924215e-31,7.015393260405938e-09,2.1961305858502064e-09,4.6885033770195435e-06,1.4341604541553106e-06,5.003176641909824e-10,1.5678181169834932e-10,2.04179484293125e-12,6.251858902429607e-13
0.257,1280.7479521154796,5.325504463603191,0.26398709867694786,0.978554281571706,0.06414035200624435,0.4291186394133596,2.2677951543755682e-07,3.0344491125309473e-06,2.702044661687626e-13,2.277908381874251e-13,8.999601184104214e-14,3.793473006103551e-14,4.929822571409944e-08,3.9096703897062357e-08,0.2171702152473139,0.16259326916872166,6.564502314450407e-16,2.682535502129736e-16,1.6623263362742032e-13,6.59166527883916e-14,1.6843030588207336e-17,1.8913749739903634e-17,3.915726996813072e-15,4.056685560615997e-15,1.6522176537402549e-10,1.58868951447008e-10,3.982572747418168e-12,3.829441932250544e-12,2.8832463286820702e-05,2.5865142961585408e-05,0.21454868588538906,0.18037520730266277,0.4015983153823929,0.19338168562107624,0.0849937181896696,0.026048450611983603,8.43497687418221e-08,3.9206040823184285e-08,4.790879516445784e-06,2.152059808599007e-06,7.351481329934e-10,3.1950206596594205e-10,8.163851350511042e-12,3.548084060427779e-12,1.3839219218790427e-06,5.825437412211886e-07,2.305095411402676e-11,1.2421230599556484e-11,0.0013064904953406903,0.0006767608073601907,1.7773243025883875e-07,8.863397027589982e-08,0.005162114672192621,0.0024818151027618334,1.0180782109001828e-06,4.7248955485782683e-07,0.0007028490710324686,0.00031525734589215687,3.531890685154107e-10,1.1610552570997567e-10,7.362162488704947e-06,2.3621651158727635e-06,3.31812369110476e-10,1.064626873599116e-10,2.292197765142928e-18,2.207209333893403e-18,2.4835227029119918e-17,2.2308962106004257e-17,3.220738418135507e-14,2.7111165550031874e-14,2.1790259941225898e-09,1.72567429495156e-09,2.6846762781678817e-12,1.2476740876728032e-12,6.874233223267511e-15,3.089959060578052e-15,1.5108885138640495e-22,4.429594308400742e-23,5.8603532133945064e-15,1.7958885790801593e-15,5.608303687892831e-18,2.438991618443785e-18,2.739989854054877e-17,1.420403105762876e-17,8.049692402258027e-10,4.017298297905554e-10,1.3192022879877405e-15,6.346918107580985e-16,3.48380536203811e-17,1.1451362980199784e-17,7.359026867680945e-19,2.306938821376977e-19,3.174554728650048e-14,9.951728232263557e-15,8.280325209076122e-11,2.5957513162965023e-11,1.143777586944546e-16,3.671580961695015e-17,0.010328643913953842,0.004972843006833377,1.0000000000000053e-30,3.376134844722304e-31,6.983477809163949e-09,2.1859584873542833e-09,4.67729582011113e-06,1.4306136399849783e-06,4.991176296205566e-10,1.5639280385186959e-10,2.0288412893863595e-12,6.211681128907629e-13
0.258,1280.5484511736313,5.325749247858934,0.26397496519441455,0.9823425195936848,0.06415814781298074,0.42920231727486097,2.263136811965305e-07,3.02796635226126e-06,2.687450558611054e-13,2.2654183442295049e-13,8.946938463209616e-14,3.7709639818867836e-14,4.9138174176278755e-08,3.896656037158261e-08,0.2171066249884257,0.16253226130514867,6.525607594292173e-16,2.6664216532746625e-16,1.6549809952479283e-13,6.561997667414555e-14,1.6701819612025712e-17,1.8753632009591995e-17,3.888071989770542e-15,4.0277030009717e-15,1.6438042255706223e-10,1.5804692975782037e-10,3.961047719935624e-12,3.8084305966711e-12,2.8760872569964717e-05,2.579879333250698e-05,0.21451757540589858,0.18033418616874355,0.40169963287352706,0.19341452880374327,0.08499180589781077,0.026045717448184524,8.425331025964975e-08,3.915797860269971e-08,4.790883711838308e-06,2.1518843013104954e-06,7.324677721885218e-10,3.1831091662910006e-10,8.128905708005847e-12,3.5326051539109785e-12,1.380604038006065e-06,5.810992183607894e-07,2.285706532130376e-11,1.231573648464588e-11,0.0013000184989087696,0.0006733528112583361,1.7675649604774574e-07,8.814001255984699e-08,0.005147104233633517,0.0024743944826728604,1.0145810184547239e-06,4.708276967486888e-07,0.0007019359000489693,0.0003148217978084253,3.517164966559837e-10,1.1561190960849805e-10,7.348775730724841e-06,2.357675590405758e-06,3.3077830348780095e-10,1.0612215701568217e-10,2.2755996563130837e-18,2.1910460174206346e-18,2.4728051807739753e-17,2.2210857893530742e-17,3.2137579704521454e-14,2.7050176434130287e-14,2.179767346041507e-09,1.7261191131358971e-09,2.678339697927052e-12,1.2446266294228974e-12,6.839482848715231e-15,3.074085397518034e-15,1.4995285543918215e-22,4.395927013685359e-23,5.8378224954594336e-15,1.7888366408249622e-15,5.581012922237216e-18,2.42692308991023e-18,2.728777449433837e-17,1.414474023445769e-17,8.04205625194289e-10,4.0131565559519905e-10,1.316608588558583e-15,6.333917215606958e-16,3.463406535989595e-17,1.1383373089057734e-17,7.305645230650967e-19,2.2900157415546475e-19,3.167146618062745e-14,9.92768657961371e-15,8.272105897848313e-11,2.592960939631029e-11,1.1396132245538108e-16,3.6579116163994705e-17,0.010328643913772872,0.004972433101280612,1.0000000000000046e-30,3.375856553989275e-31,6.951830720917267e-09,2.1758729905363916e-09,4.666160221839661e-06,1.4270900249361926e-06,4.97925090908563e-10,1.560062750087068e-10,2.0160191254227988e-12,6.171914864644264e-13
0.259,1280.3497238202694,5.325993748365798,0.2639628468901433,0.9861309315303699,0.06417585511030068,0.4292855692819679,2.2585042292746116e-07,3.021520389945736e-06,2.6729888653290833e-13,2.2530429173886126e-13,8.894783341485558e-14,3.7486741656840015e-14,4.897924750146712e-08,3.883734652633217e-08,0.2170433732620236,0.16247158503601145,6.487091373375654e-16,2.650466217445758e-16,1.64769666785232e-13,6.532579584623729e-14,1.6562306035566034e-17,1.8595454238257823e-17,3.860712736599789e-15,3.999033245628288e-15,1.6354648192794512e-10,1.572322258993143e-10,3.939717654105367e-12,3.787611747238486e-12,2.8689722819799484e-05,2.5732860949381855e-05,0.21448658621825614,0.18029334934844676,0.4018003813041747,0.19344717370909,0.08498992709430794,0.026043005916264596,8.415725059333975e-08,3.9110126043956905e-08,4.790891589918618e-06,2.1517113791415358e-06,7.298086269449003e-10,3.1712931557253804e-10,8.094253999478902e-12,3.5172579990875095e-12,1.3773083096579992e-06,5.796645012109103e-07,2.266553028163079e-11,1.221153301365523e-11,0.0012936033031648998,0.0006699750757119418,1.7578959783961117e-07,8.765067847240224e-08,0.005132195763990356,0.002467025136250739,1.011109102728549e-06,4.6917803828869683e-07,0.0007010275621354227,0.00031438862082113807,3.5025566336551273e-10,1.1512228138638344e-10,7.335466756328897e-06,2.353212744608965e-06,3.2975141923286664e-10,1.0578403093738776e-10,2.2591823415735277e-18,2.1750603394053676e-18,2.4621736116188904e-17,2.2113551095324503e-17,3.2068157953834875e-14,2.6989530802228263e-14,2.1805045093593524e-09,1.726561265326193e-09,2.672040522622971e-12,1.241597574794638e-12,6.805043587080051e-15,3.0583554552934857e-15,1.4882982098870082e-22,4.362647038117907e-23,5.815463865056792e-15,1.7818393391962347e-15,5.55396070321253e-18,2.414961287671729e-18,2.7176518606230698e-17,1.408591506771907e-17,8.034455393298402e-10,4.009034787545017e-10,1.3140292158572945e-15,6.320990034193691e-16,3.443202053153806e-17,1.1316037856512522e-17,7.252864298979967e-19,2.2732846851864536e-19,3.159785223155519e-14,9.903799464837806e-15,8.26392919487937e-11,2.5901854638072526e-11,1.135479951246291e-16,3.644345833465155e-17,0.010328643913593366,0.004972025348040374,1.000000000000004e-30,3.375579724491777e-31,6.920448696978299e-09,2.1658730207730986e-09,4.6550958374117204e-06,1.4235893657552756e-06,4.967399707593314e-10,1.556221992726478e-10,2.0033265141372276e-12,6.132554311583835e-13
0.26,1280.1517639439667,5.326237964961606,0.26395074376814404,0.9899195171798136,0.06419347466321594,0.42936839918688663,2.2538971663406524e-07,3.0151108763647775e-06,2.6586578802434214e-13,2.2407806152300196e-13,8.843128968635166e-14,3.7266005750770846e-14,4.882143338241045e-08,3.870905207012833e-08,0.21698045691315146,0.16241123724648163,6.448948500982874e-16,2.6346670216623514e-16,1.6404726065394984e-13,6.503407944699448e-14,1.6424463140492977e-17,1.8439185686373134e-17,3.833644970392262e-15,3.9706717476003506e-15,1.6271985008374535e-10,1.564247466837086e-10,3.918580050012697e-12,3.7669828934060775e-12,2.8619009638276595e-05,2.5667341588092898e-05,0.214455717561989,0.18025269544503378,0.40190056601043106,0.19347962228646684,0.0849880814414174,0.02604031580853761,8.406158674147864e-08,3.906248149725788e-08,4.790903091364145e-06,2.15154100670956e-06,7.271704460326842e-10,3.1595714864300336e-10,8.059892603472895e-12,3.502040957874225e-12,1.3740345029857836e-06,5.782394850234657e-07,2.2476311558303712e-11,1.2108599525473898e-11,0.0012872441921547996,0.0006666272158124118,1.7483161764359302e-07,8.716590711439501e-08,0.005117388181111073,0.0024597065124523096,1.007662185148584e-06,4.675404434340464e-07,0.0007001240140921786,0.0003139577932790561,3.48806428865699e-10,1.1463659308784778e-10,7.322234791095464e-06,2.3487763092813757e-06,3.2873163778284357e-10,1.0544828252087429e-10,2.242943175123959e-18,2.1592496810533007e-18,2.4516269766404298e-17,2.2017032162649257e-17,3.1999115460378017e-14,2.6929225475517493e-14,2.181237523793014e-09,1.7270007778487416e-09,2.6657783891119822e-12,1.2385867421845645e-12,6.770911430283215e-15,3.042767366427358e-15,1.4771954947046348e-22,4.3297484086453847e-23,5.793275337987931e-15,1.7748960375432925e-15,5.527144008316342e-18,2.403104847488387e-18,2.7066120930714786e-17,1.4027550162992536e-17,8.026889548612674e-10,4.004932829342611e-10,1.3114640399853064e-15,6.308135881011072e-16,3.423189328257646e-17,1.1249348499817543e-17,7.20067492363247e-19,2.256742708346382e-19,3.15247006945747e-14,9.880065296628406e-15,8.255794720831408e-11,2.5874247532954995e-11,1.1313774150929046e-16,3.630882427611148e-17,0.010328643913415229,0.004971619727843171,1.0000000000000045e-30,3.37530434314751e-31,6.889328506633066e-09,2.155957525518919e-09,4.644101943413688e-06,1.4201114259745025e-06,4.955621931260469e-10,1.552405511654869e-10,1.9907616550385292e-12,6.093593786890804e-13
0.261,1279.9545655469442,5.326481897400155,0.2639386558365929,0.9937082763398932,0.06421100722528456,0.4294508106844791,2.2493153862233153e-07,3.0087374668008695e-06,2.644455930373455e-13,2.2286299768168432e-13,8.79196862065554e-14,3.704740282901757e-14,4.8664719698202865e-08,3.858166686911788e-08,0.21691787282266,0.16235121485985904,6.4111739183787515e-16,2.6190219319916345e-16,1.6333080753830243e-13,6.474479710338806e-14,1.6288264740098768e-17,1.8284796229292417e-17,3.806864505305122e-15,3.9426140467420625e-15,1.6190043520307165e-10,1.5562440051209067e-10,3.897632450048428e-12,3.7465415870836996e-12,2.854872868998391e-05,2.5602231085426747e-05,0.21442496870488892,0.18021222309658105,0.4020001922585816,0.19351187646026977,0.08498626861249176,0.026037646922257747,8.39663157184984e-08,3.9015043324093235e-08,4.790918157773545e-06,2.151373149180131e-06,7.245529820183284e-10,3.1479430343141834e-10,8.025817956295951e-12,3.4869524185543187e-12,1.3707823874560178e-06,5.768240665555867e-07,2.2289372375519e-11,1.2006915727087907e-11,0.0012809404570651563,0.000663308850633824,1.7388243891537897e-07,8.668563835082786e-08,0.005102680402782416,0.0024524380607493907,1.0042399883207975e-06,4.65914776811323e-07,0.0006992252116623833,0.00031352929309278566,3.4736865554296577e-10,1.141547975072055e-10,7.309079070574082e-06,2.344366018763614e-06,3.2771888179837736e-10,1.0511488557955643e-10,2.2268795619084558e-18,2.1436114740568686e-18,2.4411642736832482e-17,2.192129170396278e-17,3.193044880010723e-14,2.6869257317149664e-14,2.181966428572053e-09,1.7274376767139092e-09,2.659552939156858e-12,1.235593952483285e-12,6.737082443199998e-15,3.0273192975792645e-15,1.466218462988164e-22,4.297225272445373e-23,5.77125496101324e-15,1.7680061092384727e-15,5.5005598666972705e-18,2.391352428585804e-18,2.695657167577505e-17,1.396964020991507e-17,8.019358442886897e-10,4.000850519731446e-10,1.308912932251448e-15,6.295354080464027e-16,3.403365822434255e-17,1.1183296394773686e-17,7.149068136717788e-19,2.240386925673055e-19,3.1452006896553406e-14,9.856482507882222e-15,8.247702100667234e-11,2.5846786741725655e-11,1.127305269480996e-16,3.617520231649816e-17,0.010328643913238521,0.0049712162217006115,1.0000000000000048e-30,3.3750303970649556e-31,6.858466948717406e-09,2.146125462289678e-09,4.633177810777811e-06,1.416655967657566e-06,4.943916828004287e-10,1.5486130549988612e-10,1.9783227736737786e-12,6.055027691175976e-13
0.262,1279.75812261717,5.326725545673569,0.26392658309185874,0.9974972088084804,0.0642284535445534,0.42953280744274663,2.2447586550284163e-07,3.002399820998101e-06,2.630381369154501e-13,2.2165895644696912e-13,8.741295674092214e-14,3.683090406271573e-14,4.850909449216322e-08,3.845518092823002e-08,0.2168556179219449,0.16229151484501866,6.373762649568407e-16,2.603528849682121e-16,1.6262023507848387e-13,6.445791895316333e-14,1.615368512871504e-17,1.8132256299588948e-17,3.780367223641609e-15,3.914855756210425e-15,1.6108814684448834e-10,1.5483109717579977e-10,3.87687243468147e-12,3.726285418453706e-12,2.8478875691567288e-05,2.55375253289589e-05,0.21439433888092993,0.18017193091985526,0.4020992652436111,0.1935439381250509,0.08498448827515126,0.02603499905389401,8.387143459429573e-08,3.8967809914671576e-08,4.790936731922221e-06,2.151207772334432e-06,7.219559914721228e-10,3.136406693543957e-10,7.992026551424704e-12,3.4719907954164223e-12,1.3675517358078858e-06,5.754181440372243e-07,2.2104676806120246e-11,1.1906461794142104e-11,0.0012746914087420722,0.0006600196096953261,1.729419479845331e-07,8.620981351966828e-08,0.005088071389466476,0.002445219251607664,1.0008422440054644e-06,4.6430090740551676e-07,0.0006983311139520342,0.00031310309970963444,3.4594220796951827e-10,1.1367684819254812e-10,7.295998841978333e-06,2.339981611425344e-06,3.2671307494683116e-10,1.0478381427216866e-10,2.2109889498624634e-18,2.1281431930448073e-18,2.4307845145174307e-17,2.1826320459812916e-17,3.186215458623784e-14,2.6809623225188278e-14,2.1826912623443133e-09,1.7278719875043112e-09,2.6533638189959916e-12,1.2326190288453449e-12,6.7035527452913075e-15,3.0120094411961028e-15,1.4553652027542908e-22,4.2650718794026966e-23,5.749400810091848e-15,1.7611689370891796e-15,5.474205352502913e-18,2.3797027106895835e-18,2.6847861187532987e-17,1.3912179973831986e-17,8.011861804697655e-10,3.99678769916703e-10,1.3063757662437849e-15,6.282643968699123e-16,3.383729035024144e-17,1.1117873048407614e-17,7.098035129786851e-19,2.224214503473586e-19,3.137976621697776e-14,9.833049549517841e-15,8.239650964622272e-11,2.5819470943676948e-11,1.1232631728457093e-16,3.6042580955270787e-17,0.01032864391306317,0.004970814810796862,1.0000000000000036e-30,3.3747578734697934e-31,6.827860910791269e-09,2.1363758171171134e-09,4.62232274798841e-06,1.4132227645765468e-06,4.93228366020427e-10,1.5448443756594386e-10,1.9660081365290262e-12,6.01685055388683e-13
0.263,1279.5624293112169,5.326968909551667,0.26391452554132955,1.0012863143832829,0.06424581435490655,0.4296143930584829,2.2402267418715712e-07,2.9960976032021773e-06,2.616432578574029e-13,2.2046579656145186e-13,8.691103637422063e-14,3.661648119873716e-14,4.835454599939496e-08,3.832958441407319e-08,0.21679368917317424,0.1622321342066426,6.336709810676861e-16,2.58818571504496e-16,1.6191547201197225e-13,6.41734155926627e-14,1.602069912792753e-17,1.798153693905071e-17,3.7541490907126276e-15,3.887392577913121e-15,1.602828961787534e-10,1.5404474808313705e-10,3.856297626986441e-12,3.706212020403148e-12,2.8409446426094204e-05,2.547322027066822e-05,0.21436382737869977,0.1801318175902538,0.4021977900930386,0.19357580915345737,0.08498274011241931,0.026032372006418066,8.377694044019487e-08,3.8920779664000854e-08,4.790958757363792e-06,2.1510448424571768e-06,7.193792345706599e-10,3.1249613748962945e-10,7.95851493856449e-12,3.4571545284306317e-12,1.3643423240683477e-06,5.740216171939377e-07,2.1922189467065207e-11,1.1807218206957692e-11,0.0012684963593929159,0.0006567591235005782,1.7201003197473939e-07,8.573837439680564e-08,0.0050735600839018355,0.0024380495475253288,9.974686818142589e-07,4.6269870332841425e-07,0.0006974416772130742,0.00031267919133536325,3.445269528100185e-10,1.1320269941791454e-10,7.2829933616966816e-06,2.3356228289358227e-06,3.257141421827922e-10,1.044550431956114e-10,2.195268838699806e-18,2.1128423640690456e-18,2.4204867282261475e-17,2.1732109333799554e-17,3.17942294801777e-14,2.6750320142597125e-14,2.1834120633091614e-09,1.7283037355348406e-09,2.6472106799161315e-12,1.229661796991022e-12,6.670318533169933e-15,2.9968360257191693e-15,1.4446338422290876e-22,4.2332826007254264e-23,5.727710990104553e-15,1.7543839132986209e-15,5.448077592554712e-18,2.3681543974163096e-18,2.6739979968062148e-17,1.3855164305384072e-17,8.004399365059925e-10,3.992744209728749e-10,1.303852416323006e-15,6.270004886543793e-16,3.3642765134661014e-17,1.105307013169263e-17,7.047567274730023e-19,2.208222666298902e-19,3.130797411401743e-14,9.809764898926912e-15,8.231640946946216e-11,2.579229883346821e-11,1.1192507889305524e-16,3.5910948872535197e-17,0.010328643912889212,0.004970415476644129,1.0000000000000032e-30,3.3744867598103897e-31,6.797507284406811e-09,2.126707578085516e-09,4.611536040181814e-06,1.4098115836310351e-06,4.92072169599704e-10,1.5410992286294683e-10,1.9538160288768586e-12,5.979056965609211e-13
0.264,1279.3674797550402,5.327211989069683,0.26390248317924636,1.0050755928620336,0.06426309038604978,0.42969557110838014,2.235719418721371e-07,2.989830481834777e-06,2.602607965482497e-13,2.1928337895704997e-13,8.641386111885216e-14,3.6404106392862305e-14,4.8201062607592445e-08,3.820486762229397e-08,0.21673208358638543,0.16217306999201658,6.300010595603554e-16,2.572990501466548e-16,1.6121644825205623e-13,6.389125810512766e-14,1.5889282011598336e-17,1.78326097134035e-17,3.728206135339867e-15,3.860220282107444e-15,1.5948459566648718e-10,1.5326526594248344e-10,3.835905685784559e-12,3.686319061757472e-12,2.8340436724316998e-05,2.5409311909130563e-05,0.21433343344708392,0.18009188175591243,0.40229577186621407,0.1936074913888353,0.08498102380239575,0.0260297655821198,8.368283038293093e-08,3.887395099551152e-08,4.790984178800105e-06,2.150884326423476e-06,7.168224753041631e-10,3.1136060065274976e-10,7.925279721565338e-12,3.442442082191378e-12,1.3611539313335076e-06,5.726343871321597e-07,2.174187580651757e-11,1.1709165904440991e-11,0.0012623546415333347,0.0006535270333188303,1.7108658089299236e-07,8.527126423348401e-08,0.005059145473845194,0.002430928433088568,9.941190408859647e-07,4.61108037216222e-07,0.0006965568613592196,0.00031225754784390975,3.431227588032194e-10,1.1273230617236506e-10,7.2700618972421805e-06,2.3312894167990623e-06,3.2472200938632075e-10,1.0412854726466952e-10,2.179716768235044e-18,2.0977065532480043e-18,2.410269956806128e-17,2.1638649352125115e-17,3.1726670177202975e-14,2.6691345044150928e-14,2.184128869112875e-09,1.7287329457069893e-09,2.6410931773571697e-12,1.2267220847422912e-12,6.637376053959517e-15,2.9817973034752886e-15,1.4340225413527707e-22,4.2018519038041377e-23,5.7061836356069016e-15,1.7476504396221982e-15,5.422173755681447e-18,2.356706211528964e-18,2.6632918648775044e-17,1.379858812612482e-17,7.996970858386574e-10,3.9887198954491e-10,1.30134275910758e-15,6.257436186407397e-16,3.345005840676909e-17,1.098887943754406e-17,6.997656093554005e-19,2.192408687348109e-19,3.123662609301157e-14,9.786627049712793e-15,8.223671686832594e-11,2.5765269123069274e-11,1.1152677862205758e-16,3.578029490935303e-17,0.010328643912716649,0.004970018200900145,1.000000000000003e-30,3.374217043633911e-31,6.7674030515738275e-09,2.117119762293233e-09,4.600817012701679e-06,1.4064222042247946e-06,4.909230217812426e-10,1.5373773736067063e-10,1.9417447763522352e-12,5.941641643798485e-13
0.265,1279.1732682095317,5.327454784124272,0.263890456006721,1.008865044042392,0.06428028235504334,0.42977634510571305,2.2312364605440124e-07,2.9835981297738552e-06,2.588905963975416e-13,2.1811156696043972e-13,8.592136820681881e-14,3.619375233350908e-14,4.804863288715988e-08,3.808102100248364e-08,0.2166707982066974,0.16211431928641173,6.263660285300197e-16,2.5579412192476116e-16,1.6052309480129645e-13,6.36114180279352e-14,1.5759409549762637e-17,1.7685446761709988e-17,3.7025344634922626e-15,3.833334721578363e-15,1.5869315928770458e-10,1.5249256498634654e-10,3.81569431030849e-12,3.666604251843341e-12,2.8271842479897742e-05,2.534579630389208e-05,0.21430315637320504,0.1800521221087326,0.40239321555601404,0.19363898665204443,0.08497933903254203,0.02602717958778323,8.358910156229441e-08,3.8827322342548254e-08,4.791012941754344e-06,2.150726191617906e-06,7.142854812443987e-10,3.1023395330449e-10,7.892317559009383e-12,3.4278519462558717e-12,1.3579863399319766e-06,5.712563564240661e-07,2.156370184043672e-11,1.1612286142276332e-11,0.0012562655919850937,0.0006503229829140413,1.7017148587838183e-07,8.480842688512799e-08,0.005044826540768945,0.002423855390383733,9.90793060320469e-07,4.5952878180408436e-07,0.0006956766246553793,0.00031183814840563955,3.417294967378637e-10,1.122656241548624e-10,7.257203725649535e-06,2.326981123907568e-06,3.2373660364652054e-10,1.0380430180578607e-10,2.1643303264566054e-18,2.082733374565875e-18,2.400133258481581e-17,2.1545931693883686e-17,3.165947341860209e-14,2.6632694947427917e-14,2.184841716930918e-09,1.7291596426276758e-09,2.6350109716445506e-12,1.2237997223981728e-12,6.604721625083933e-15,2.966891559634472e-15,1.4235294973957127e-22,4.1707743687170644e-23,5.684816907387932e-15,1.7409679263583535e-15,5.396491060338676e-18,2.345356898302834e-18,2.6526668009854142e-17,1.3742446438938705e-17,7.989576021789514e-10,3.984714602085372e-10,1.2988466722732256e-15,6.244937226690123e-16,3.325914644247751e-17,1.0925292911253329e-17,6.948293276936066e-19,2.176769894309423e-19,3.116571773208248e-14,9.763634519995047e-15,8.215742827787304e-11,2.5738380540554903e-11,1.1113138383394653e-16,3.565060808141821e-17,0.010328643912545414,0.004969622965521087,1.0000000000000018e-30,3.373948712690164e-31,6.737545213336988e-09,2.1076113935557592e-09,4.590164979229998e-06,1.403054402447342e-06,4.897808515353258e-10,1.5336785728386378e-10,1.929792726649219e-12,5.904599376868469e-13
0.266,1278.979788978137,5.3276972946870815,0.26387844402115457,1.0126546677219974,0.0642973909715122,0.4298567185269482,2.22677764504558e-07,2.977400223945498e-06,2.575325032997493e-13,2.1695022608483024e-13,8.543349589126052e-14,3.5985392156991514e-14,4.78972455668346e-08,3.795803513796188e-08,0.2166098301175368,0.16205587921231437,6.227654239488658e-16,2.543035912140072e-16,1.5983534374420321e-13,6.333386734801789e-14,1.5631057965993647e-17,1.754002074774535e-17,3.677130248219535e-15,3.8067318210765844e-15,1.5790850236005544e-10,1.517265607923797e-10,3.795661236096613e-12,3.6470653364360715e-12,2.8203659638229483e-05,2.5282669564888227e-05,0.21427299544072032,0.18001253734583011,0.4024901260904757,0.19367029673853664,0.08497768549445765,0.02602461383258022,8.349575114989911e-08,3.878089215630769e-08,4.791044992698381e-06,2.1505704059496886e-06,7.117680234895491e-10,3.09116091519068e-10,7.85962516139526e-12,3.4133826338309782e-12,1.3548393351625316e-06,5.698874289845353e-07,2.1387634268031616e-11,1.151656055460202e-11,0.0012502285600993486,0.0006471466227846285,1.6926464003595376e-07,8.434980722450649e-08,0.00503060228575199,0.002416829911384531,9.87490483953572e-07,4.579608121302234e-07,0.0006948009264357583,0.0003114209726996309,3.4034703937043554e-10,1.1180260974437188e-10,7.244418133733579e-06,2.322697702575905e-06,3.227578530595846e-10,1.0348228248988018e-10,2.149107143461249e-18,2.067920483957707e-18,2.390075705294326e-17,2.1453947668866622e-17,3.1592635982666163e-14,2.6574366904661225e-14,2.1855506434559256e-09,1.7295838505667636e-09,2.628963727342043e-12,1.2208945424074795e-12,6.572351622039336e-15,2.952117106631618e-15,1.4131529407381818e-22,4.1400446756984375e-23,5.663608995630525e-15,1.7343357932734165e-15,5.371026768578955e-18,2.3341052228393914e-18,2.642121896363008e-17,1.3686734319082943e-17,7.982214595226042e-10,3.980728177112651e-10,1.29636403508337e-15,6.232507374201984e-16,3.3070005899137145e-17,1.086230262869569e-17,6.899470669013294e-19,2.1613036645105676e-19,3.1095244665308986e-14,9.74078584692299e-15,8.207854017598158e-11,2.5711631829488833e-11,1.1073886235975589e-16,3.552187756368858e-17,0.010328643912375502,0.0049692297526653054,1.0000000000000013e-30,3.3736817548662047e-31,6.707930824678923e-09,2.098181513270553e-09,4.579579268174539e-06,1.399707959110728e-06,4.886455888699539e-10,1.530002592061058e-10,1.917958257710293e-12,5.867925049060352e-13
0.267,1278.7870364165974,5.327939520782939,0.26386644721731944,1.0164444636985066,0.06431441693700271,0.42993669480846036,2.222342752729738e-07,2.9712364454024618e-06,2.561863656268801e-13,2.1579922402224728e-13,8.495018344401693e-14,3.577899944618076e-14,4.7746889535405686e-08,3.783590074708006e-08,0.2165491764411517,0.16199774693012467,6.191987896125053e-16,2.5282726571050932e-16,1.5915312823894031e-13,6.305857849829764e-14,1.550420393210298e-17,1.7396304853685894e-17,3.651989729365393e-15,3.780407576970664e-15,1.5713054153874366e-10,1.5096717028239905e-10,3.775804234925475e-12,3.627700097669728e-12,2.813588419770653e-05,2.5219927853578163e-05,0.21424294993383872,0.1799731261732918,0.4025865083335,0.19370142341915644,0.08497606288270008,0.026022068127764413,8.340277634949223e-08,3.873465890604037e-08,4.791080279036931e-06,2.1504169378499375e-06,7.092698766483015e-10,3.0800691297640005e-10,7.827199290932355e-12,3.3990326816693168e-12,1.351712705323258e-06,5.685275100831947e-07,2.1213640442202818e-11,1.1421971137840232e-11,0.0012442429065658005,0.0006439976095429389,1.683659383444702e-07,8.389535109510433e-08,0.005016471727457102,0.0024098514969768748,9.842110599784967e-07,4.5640400535935146e-07,0.0006939297269103308,0.00031100600082719824,3.3897526141499504e-10,1.1134321999611579e-10,7.231704418072816e-06,2.318438908536606e-06,3.217856867390656e-10,1.0316246533550035e-10,2.1340448912319685e-18,2.0532655790660586e-18,2.380096383193315e-17,2.1362688718284972e-17,3.1526154686118996e-14,2.6516358003953527e-14,2.1862556848969564e-09,1.7300055934607313e-09,2.6229511133408805e-12,1.2180063794102838e-12,6.540262477485238e-15,2.937472283740045e-15,1.4028911343305725e-22,4.1096576034878535e-23,5.642558116812889e-15,1.7277534686476631e-15,5.345778186034824e-18,2.3229499700458467e-18,2.631656255510844e-17,1.3631446914417362e-17,7.974886321534398e-10,3.9767604697477597e-10,1.2938947283630378e-15,6.220146004040659e-16,3.288261381579377e-17,1.079990079632282e-17,6.851180263773464e-19,2.146007423754123e-19,3.1025202584190875e-14,9.718079587133559e-15,8.200004908410494e-11,2.5685021749197148e-11,1.1034918250084552e-16,3.5394092690834565e-17,0.010328643912206932,0.004968838544704132,1.0000000000000022e-30,3.37341615819367e-31,6.678556991382707e-09,2.0888291794251427e-09,4.569059220688831e-06,1.3963826591434272e-06,4.875171648063022e-10,1.5263492004208616e-10,1.9062397766672484e-12,5.831613637137789e-13
0.268,1278.5950049502972,5.3281814624458725,0.26385446558953857,1.0202344317696008,0.06433136094411862,0.43001627734210274,2.2179315668695589e-07,2.965106479290112e-06,2.5485203421026083e-13,2.1465843062687049e-13,8.44713711740944e-14,3.5574548238000536e-14,4.7597553842443835e-08,3.771460868376944e-08,0.2164888343370277,0.1619399196374079,6.156656770987589e-16,2.513649564123873e-16,1.5847638248981735e-13,6.278552434655913e-14,1.537882456382571e-17,1.7254272774922405e-17,3.627109213762546e-15,3.754358057401338e-15,1.5635919481824683e-10,1.5021431172325124e-10,3.756121114670414e-12,3.6085063538811705e-12,2.8068512210550412e-05,2.515756738369931e-05,0.21421301914580176,0.17993388731381466,0.4026823670857964,0.19373236844120384,0.08497447089597905,0.02601954228711197,8.331017439180092e-08,3.8688621076744154e-08,4.791118749053978e-06,2.150265756253606e-06,7.067908187566606e-10,3.0690631692534523e-10,7.795036760724052e-12,3.3848006497027625e-12,1.3486062416861346e-06,5.671765063339433e-07,2.1041688331045964e-11,1.1328500229733561e-11,0.0012383080016537655,0.0006408756050015262,1.6747527743716398e-07,8.344500520130371e-08,0.005002433896318119,0.002402919654165413,9.809545398410984e-07,4.548582402697404e-07,0.0006930629865710403,0.00031059321304630934,3.376140395095817e-10,1.1088741263021964e-10,7.219061884736931e-06,2.31420450085575e-06,3.2082003483454515e-10,1.0284482671474677e-10,2.1191412837034667e-18,2.0387663992762637e-18,2.3701943921638085e-17,2.1272146415864126e-17,3.146002638482954e-14,2.645866536990739e-14,2.1869568769925266e-09,1.730424894928554e-09,2.616972802870858e-12,1.215135070244035e-12,6.508450683134871e-15,2.922955457904745e-15,1.392742373817659e-22,4.079608029629272e-23,5.621662513641983e-15,1.7212203892514703e-15,5.320742662009278e-18,2.3118899446632832e-18,2.6212689961974835e-17,1.3576579445374447e-17,7.9675909463485e-10,3.9728113309159247e-10,1.2914386343494355e-15,6.2078524988813e-16,3.269694761620776e-17,1.0738079752071997e-17,6.803414205472059e-19,2.130878646416406e-19,3.095558723971556e-14,9.695514317404878e-15,8.192195156639791e-11,2.565854907455014e-11,1.0996231302599365e-16,3.526724295624953e-17,0.01032864391203966,0.004968449324236378,1.0000000000000013e-30,3.3731519108586475e-31,6.649420861489865e-09,2.079553463917154e-09,4.558604184848586e-06,1.3930782898110075e-06,4.863955112897991e-10,1.5227181701984684e-10,1.8946357174167127e-12,5.795660202911937e-13
0.269,1278.4036890830616,5.328423119689746,0.2638424991331394,1.024024571732971,0.06434822367640425,0.4300954694745874,2.2135438734057388e-07,2.9590100147057767e-06,2.535293622900629e-13,2.1352771787062814e-13,8.399700041834871e-14,3.5372013019123164e-14,4.744922769526798e-08,3.759414993500348e-08,0.2164288009985916,0.16188239456641873,6.121656456336689e-16,2.4991647756230475e-16,1.5780504170962117e-13,6.251467818013208e-14,1.5254897412693615e-17,1.7113898710555765e-17,3.6024850745078115e-15,3.728579401473781e-15,1.5559438151236417e-10,1.494679047064548e-10,3.7366097186621325e-12,3.589481958960218e-12,2.8001539781948287e-05,2.5095584420439644e-05,0.214183202384115,0.17989481951111636,0.40277770708654387,0.19376313352930774,0.08497290923987641,0.026017036127757503,8.321794252920193e-08,3.8642777166669617e-08,4.791160351860311e-06,2.150116830576018e-06,7.043306311537735e-10,3.05814204128329e-10,7.763134433304753e-12,3.370685120386305e-12,1.3455197383969852e-06,5.658343256515313e-07,2.087174648494256e-11,1.1236130491370602e-11,0.0012324232238577573,0.0006377802754674507,1.6659255542510804e-07,8.299871701962352e-08,0.004988487830138118,0.0023960338939524746,9.77720677394385e-07,4.533233968595113e-07,0.0006922006657554751,0.00031018258957583655,3.362632521567105e-10,1.1043514601155226e-10,7.206489848781046e-06,2.3099942417674166e-06,3.198608285172039e-10,1.02529343348298e-10,2.1043940762713937e-18,2.024420725211241e-18,2.3603688460615374e-17,2.1182312466232198e-17,3.1394247973062986e-14,2.640128616295315e-14,2.187654255037055e-09,1.7308417782934183e-09,2.6110284733926644e-12,1.2122804538911784e-12,6.476912789599334e-15,2.908565023648439e-15,1.382704987098764e-22,4.049890929107142e-23,5.60092045506583e-15,1.7147360003409045e-15,5.295917588801346e-18,2.3009239709561622e-18,2.610959249211714e-17,1.3522127203606348e-17,7.96032821789597e-10,3.9688806131482845e-10,1.2889956365406253e-15,6.19562624824036e-16,3.251298510538401e-17,1.0676831964114804e-17,6.756164785933461e-19,2.1159148545649437e-19,3.088639444208565e-14,9.673088634550185e-15,8.184424422679628e-11,2.5632212595032603e-11,1.0957822315938387e-16,3.5141318008043734e-17,0.010328643911873669,0.004968062074089244,1.0000000000000017e-30,3.3728890012022906e-31,6.620519618596156e-09,2.0703534504446297e-09,4.548213511323937e-06,1.38979463939087e-06,4.852805611014874e-10,1.5191092765270617e-10,1.8831445384415547e-12,5.760059886506657e-13
0.27,1278.2130833444744,5.328664492639787,0.2638305478379416,1.0278148833863974,0.06436500581082741,0.4301742745201818,2.2091794609539834e-07,2.952946744676289e-06,2.522182054094338e-13,2.1240695975018541e-13,8.352701343026405e-14,3.5171368678431836e-14,4.730190044913234e-08,3.747451561253851e-08,0.21636907365898259,0.16182516898688207,6.086982616568281e-16,2.484816464649855e-16,1.5713904214034952e-13,6.224601371313286e-14,1.5132400441908775e-17,1.697515733579439e-17,3.5781137452838955e-15,3.7030678132898356e-15,1.5483602216362397e-10,1.4872787005860994e-10,3.717267923738521e-12,3.570624800413574e-12,2.7934963065627264e-05,2.5033975276180953e-05,0.214153498945176,0.1798559215069447,0.40287253301358655,0.19379372038376486,0.08497137761964327,0.026014549467746326,8.312607805243126e-08,3.859712569469639e-08,4.791205037500911e-06,2.1499701307408608e-06,7.018890985456429e-10,3.047304768847094e-10,7.731489220063937e-12,3.3566846983959305e-12,1.3424529924465835e-06,5.645008772327714e-07,2.070378410332995e-11,1.1144844942775789e-11,0.0012265879648352283,0.0006347112942869338,1.657176724532072e-07,8.255643507420582e-08,0.004974632591431937,0.002389193739638817,9.7450923211423e-07,4.517993578317061e-07,0.0006913427264723302,0.00030977411141043195,3.34922779717912e-10,1.0998637914629348e-10,7.1939876348774125e-06,2.305807896851082e-06,3.1890799988522003e-10,1.022159922737836e-10,2.0898010623661126e-18,2.0102263753843427e-18,2.350618871427694e-17,2.1093178693966297e-17,3.13288163804262e-14,2.6344217576490348e-14,2.1883478538469113e-09,1.7312562665403105e-09,2.6051178064127816e-12,1.2094423713794657e-12,6.4456453986186684e-15,2.8942993995321816e-15,1.3727773316923094e-22,4.0205013665159136e-23,5.580330235443685e-15,1.7082997553795056e-15,5.271300398712682e-18,2.2900508913731534e-18,2.6007261576568305e-17,1.3468085548134807e-17,7.953097887328796e-10,3.9649681707076033e-10,1.2865656201277187e-15,6.18346665048601e-16,3.2330704433987526e-17,1.0616150018962702e-17,6.70942443455617e-19,2.1011136147722652e-19,3.081762005261312e-14,9.650801152767961e-15,8.176692371263852e-11,2.5606011115621823e-11,1.0919688256671066e-16,3.5016307644108376e-17,0.010328643911708919,0.0049676767772722855,1.0000000000000008e-30,3.3726274176895466e-31,6.591850505342681e-09,2.0612282418199412e-09,4.5378865710153515e-06,1.3865315025454656e-06,4.841722481002547e-10,1.5155222981333666e-10,1.8717647284779e-12,5.724807923569681e-13
0.271,1278.0231823356717,5.32890558141787,0.26381861169393833,1.0316053665277465,0.06438170801553612,0.43025269574922925,2.2048381207833306e-07,2.9469163661478953e-06,2.50918421439935e-13,2.1129603230827864e-13,8.306135344467956e-14,3.4972590534206e-14,4.71555616128661e-08,3.7355696957552036e-08,0.21630964958671664,0.16176824020400718,6.052630989557312e-16,2.4706028354145975e-16,1.5647832101080444e-13,6.197950506978257e-14,1.5011312031197942e-17,1.683802380717542e-17,3.553991723074515e-15,3.677819564734396e-15,1.5408403858587778e-10,1.4799412988238178e-10,3.698093640949496e-12,3.5519328000405292e-12,2.786877826707776e-05,2.4972736313532936e-05,0.21412390813630336,0.17981719206100727,0.40296684948455214,0.1938241306826635,0.08496987574461837,0.026012082127594118,8.303457827726444e-08,3.855166519443127e-08,4.791252756837786e-06,2.1498256271444916e-06,6.994660088766035e-10,3.036550389759946e-10,7.700098080513168e-12,3.3427980103171773e-12,1.3394058036571743e-06,5.631760715540425e-07,2.0537770954221612e-11,1.1054626919423649e-11,0.001220801624892324,0.0006316683395092972,1.6485053017964345e-07,8.211810867735775e-08,0.0049608672525159984,0.002382398719673086,9.713199663069956e-07,4.502860073013014e-07,0.0006904891308578479,0.0003093677596309224,3.33592504374889e-10,1.0954107166946299e-10,7.181554576695708e-06,2.3016452348478293e-06,3.1796148202668476e-10,1.0190475086643369e-10,2.07536007502044e-18,1.9961812076928748e-18,2.340943608187851e-17,2.1004737049916745e-17,3.126372857438891e-14,2.6287456839175648e-14,2.1890377077905216e-09,1.7316683823541237e-09,2.5992404876009678e-12,1.206620665843774e-12,6.4146451680596005e-15,2.880157030400583e-15,1.3629577958503586e-22,3.991434499286596e-23,5.559890174325806e-15,1.7019111159766067e-15,5.2468885654831184e-18,2.2792695671726826e-18,2.590568877280828e-17,1.3414449907102318e-17,7.945899708483596e-10,3.9610738594981373e-10,1.284148471624085e-15,6.171373111095839e-16,3.215008411783996e-17,1.0556026627850103e-17,6.663185721630035e-19,2.0864725391369446e-19,3.074925999004424e-14,9.628650505679531e-15,8.168998671218191e-11,2.5579943456196095e-11,1.0881826135848043e-16,3.4892201813306285e-17,0.01032864391154543,0.004967293417017129,9.999999999999997e-31,3.3723671489361224e-31,6.563410802401443e-09,2.0521769534008556e-09,4.527622740014828e-06,1.3832886757342368e-06,4.830705070056266e-10,1.5119570166664052e-10,1.8604948008847095e-12,5.689899628026206e-13
0.272,1277.8339807397256,5.3291463861081025,0.2638066906930005,1.0353960209549449,0.06439833094972684,0.43033073638745806,2.2005196466932238e-07,2.940918579817885e-06,2.496298705300298e-13,2.1019481358859174e-13,8.259996467765555e-14,3.477565433371376e-14,4.7010200845572e-08,3.723768533790451e-08,0.216250526081694,0.1617116055555062,6.018597385436579e-16,2.456522122766749e-16,1.5582281649505478e-13,6.171512676759214e-14,1.489161096940313e-17,1.670247375389778e-17,3.5301155675958185e-15,3.652830994833968e-15,1.5333835384540553e-10,1.472666075372521e-10,3.6790848149179055e-12,3.5334039132898457e-12,2.7802981642556835e-05,2.4911863944389843e-05,0.21409442928192676,0.17977862995619914,0.403060661058565,0.1938543660827941,0.08496840333175931,0.02600963393137312,8.294344053787231e-08,3.850639421110867e-08,4.791303461494237e-06,2.1496832906311955e-06,6.970611531929803e-10,3.0258779560531897e-10,7.668958020730513e-12,3.3290237039506065e-12,1.3363779745723325e-06,5.618598203237642e-07,2.0373677339050004e-11,1.0965460053081023e-11,0.0012150636114318005,0.0006286510930796185,1.6399103157362284e-07,8.168368782811744e-08,0.004947190890285186,0.002375648365137731,9.68152644108279e-07,4.4878323032957056e-07,0.0006896398406480475,0.00030896351516770113,3.322723100655716e-10,1.0909918382335651e-10,7.1691900163335515e-06,2.297506027474815e-06,3.1702120900864773e-10,1.0159559683524975e-10,2.06106898647511e-18,1.982283119008091e-18,2.3313422094962154e-17,2.0916979609695802e-17,3.119898155933581e-14,2.6231001214087953e-14,2.1897238508193755e-09,1.732078148145084e-09,2.59339620666231e-12,1.203815182464553e-12,6.3839088124542365e-15,2.8661363876015184e-15,1.353244798305193e-22,3.962685576874988e-23,5.539598616300257e-15,1.695569551832894e-15,5.2226796036536474e-18,2.2685788781301e-18,2.5804865762159662e-17,1.3361215776359265e-17,7.938733437637207e-10,3.957197536942433e-10,1.2817440786837675e-15,6.15934504177649e-16,3.197110303526058e-17,1.0496454625757971e-17,6.617441356870006e-19,2.0719892847901858e-19,3.068131023032766e-14,9.606635346237679e-15,8.161342995107686e-11,2.55540084504186e-11,1.0844233007683394e-16,3.476899061110579e-17,0.010328643911383207,0.004966911976778679,9.999999999999997e-31,3.372108183709316e-31,6.535197820664639e-09,2.0431987106366813e-09,4.517421394431473e-06,1.3800659556304638e-06,4.819752732946029e-10,1.5084132163716919e-10,1.849333291293859e-12,5.655330384827944e-13
0.273,1277.6454732828252,5.32938690685132,0.26379478482419794,1.0391868464660194,0.06441487526558519,0.4304083996258994,2.1962238350011458e-07,2.934953090091995e-06,2.4835241501565524e-13,2.091031835571788e-13,8.21427922384649e-14,3.458053621555521e-14,4.6865807948510656e-08,3.712047224131124e-08,0.2161917004786381,0.16165526241295428,5.984877683053025e-16,2.4425725907053765e-16,1.5517246772096848e-13,6.145285371992634e-14,1.4773276434899153e-17,1.6568483255387324e-17,3.5064818968751794e-15,3.62809850510269e-15,1.52598892188174e-10,1.4654522756748014e-10,3.660239422245731e-12,3.5150361276740093e-12,2.7737569495542276e-05,2.485135462651703e-05,0.2140650617051348,0.17974023398178457,0.4031539722369355,0.19388442821860682,0.08496696010089856,0.026007204705069033,8.285266219868682e-08,3.846131130679553e-08,4.791357103930421e-06,2.1495430925111814e-06,6.946743256680657e-10,3.015286534047157e-10,7.638066092647352e-12,3.31536044795854e-12,1.3333693104126857e-06,5.605520364583772e-07,2.021147413542368e-11,1.0877328294511112e-11,0.0012093733423445211,0.0006256592425846183,1.6313908130401118e-07,8.125312340456209e-08,0.0049336025986169586,0.0023689422156822964,9.650070337781184e-07,4.472909139832551e-07,0.0006887948184959255,0.0003085613593884035,3.309620824674381e-10,1.086606764506989e-10,7.156893304665174e-06,2.293390049516809e-06,3.1608711579984163e-10,1.0128850819716645e-10,2.046925705500849e-18,1.9685300425550406e-18,2.3218138407978644e-17,2.0829898564995934e-17,3.1134572374124106e-14,2.617484799644085e-14,2.190406316450056e-09,1.7324855860223753e-09,2.587584657176799e-12,1.2010257683822134e-12,6.3534330966315014e-15,2.852235966083686e-15,1.3436367861067027e-22,3.934249934331429e-23,5.51945392966991e-15,1.6892745403153382e-15,5.1986710661412185e-18,2.2579777214515116e-18,2.5704784343875815e-17,1.330837871623993e-17,7.931598833694279e-10,3.95333906204377e-10,1.2793523303999871e-15,6.147381861844358e-16,3.179374039944598e-17,1.0437426962166259e-17,6.572184180645492e-19,2.057661551100713e-19,3.0613766800198615e-14,9.584754344627221e-15,8.153725019416593e-11,2.5528204946096942e-11,1.0806905968221734e-16,3.464666427490899e-17,0.0103286439112222,0.00496653244019893,9.999999999999992e-31,3.3718505109034537e-31,6.507208917872948e-09,2.034292654240532e-09,4.507281923057227e-06,1.3768631429782176e-06,4.808864833678931e-10,1.5048906845973361e-10,1.838278761494293e-12,5.621095661726644e-13
0.274,1277.4576547146366,5.329627143897295,0.26378289407121674,1.0429778428591745,0.06443134160901494,0.43048568862459485,2.1919504845820302e-07,2.9290196051242395e-06,2.470859193735931e-13,2.0802102406094277e-13,8.16897820806185e-14,3.438721268861918e-14,4.6722372861936266e-08,3.700404927260864e-08,0.21613317015077874,0.16159920818404652,5.951467827877786e-16,2.4287525314951635e-16,1.5452721477888408e-13,6.119266123890775e-14,1.4656287983039485e-17,1.6436028826837214e-17,3.483087384670596e-15,3.6036185568124705e-15,1.5186557900156717e-10,1.4582991566388765e-10,3.641555470667028e-12,3.496827461917893e-12,2.767253817547841e-05,2.4791204862304733e-05,0.21403580471780953,0.1797020029245889,0.403246787463311,0.19391431870176312,0.08496554577012737,0.026004794275092575,8.276224066249088e-08,3.841641506401264e-08,4.79141363748354e-06,2.1494050045721746e-06,6.923053236331318e-10,3.0047752044639365e-10,7.607419393809613e-12,3.3018069317332703e-12,1.330379619088716e-06,5.592526340848657e-07,2.005113281892906e-11,1.0790215924944985e-11,0.0012037302480016607,0.0006226924822768258,1.622945859569295e-07,8.082636727123028e-08,0.004920101495527632,0.002362279822945125,9.618829090202305e-07,4.458089479429617e-07,0.0006879540287362002,0.0003081612744392241,3.296617089970859e-10,1.0822551099363893e-10,7.144663801715107e-06,2.2892970789360197e-06,3.151591382372603e-10,1.0098346326573909e-10,2.032928175825807e-18,1.9549199463661958e-18,2.3123576793685386e-17,2.074348621929282e-17,3.107049809145743e-14,2.6118994512940987e-14,2.1910851377423826e-09,1.7328907177723138e-09,2.5818055365688428e-12,1.198252272677285e-12,6.3232148325134706e-15,2.8384542829296162e-15,1.3341322333865187e-22,3.906122988606264e-23,5.499454506550542e-15,1.6830255664750183e-15,5.174860543001944e-18,2.2474650112148317e-18,2.560543643256456e-17,1.3255934350128369e-17,7.924495658408198e-10,3.9494982954827696e-10,1.2769731175039326e-15,6.135482999154225e-16,3.161797574317813e-17,1.0378936695907214e-17,6.527407159126745e-19,2.043487078117323e-19,3.0546625774531394e-14,9.563006187389636e-15,8.146144424833384e-11,2.550253180598514e-11,1.0769842154971616e-16,3.452521318263914e-17,0.010328643911062389,0.004966154791092766,9.999999999999994e-31,3.3715941195302375e-31,6.4794415080642696e-09,2.02545794312438e-09,4.497203734671859e-06,1.3736800448163262e-06,4.798040746569578e-10,1.5013892121214975e-10,1.827329801556511e-12,5.587191015688903e-13
0.275,1277.2705199191205,5.3298670973222935,0.26377101842633993,1.0467690099326687,0.06444773061453817,0.4305626064865499,2.187699396744196e-07,2.9231178367008324e-06,2.4583025031004285e-13,2.0694821890440873e-13,8.124088117860194e-14,3.4195660706792866e-14,4.657988567834223e-08,3.6888408164808336e-08,0.21607493249674017,0.16154344030574622,5.918363836654064e-16,2.4150602675844075e-16,1.5388699862407126e-13,6.093452499757263e-14,1.4540625568043463e-17,1.6305087443730598e-17,3.459928768294008e-15,3.579387679105006e-15,1.5113834093280445e-10,1.4512059877923372e-10,3.6230310011687516e-12,3.478775968032454e-12,2.7607884084854297e-05,2.4731411205516117e-05,0.21400665767459806,0.17966393561762262,0.4033391111256822,0.19394403912571848,0.08496416007023774,0.02600240247317923,8.267217333422606e-08,3.837170406962105e-08,4.791473016084116e-06,2.1492689989915904e-06,6.899539472707543e-10,2.9943430611388153e-10,7.577015065934897e-12,3.2883618648134265e-12,1.32740871113335e-06,5.579615285215097e-07,1.9892625283559464e-11,1.0704107459423584e-11,0.0011981337602184519,0.0006197505073724766,1.6145745278105693e-07,8.040337165504936e-08,0.004906686685943251,0.0023556607327149316,9.587800420419898e-07,4.4433722129314264e-07,0.0006871174334821459,0.00030776324150187954,3.283710787248467e-10,1.0779364946717166e-10,7.132500874947151e-06,2.2852268963628116e-06,3.142372131793735e-10,1.0068044070179239e-10,2.019074380735229e-18,1.9414508377127994e-18,2.3029729160960122e-17,2.0657735004101144e-17,3.100675582288976e-14,2.6063438126436853e-14,2.191760347385942e-09,1.733293564959228e-09,2.5760585463197327e-12,1.1954945464889275e-12,6.293250892159428e-15,2.8247898832431112e-15,1.3247296447860657e-22,3.8783002485953284e-23,5.47959876157812e-15,1.6768221226753239e-15,5.151245665370035e-18,2.237039680106883e-18,2.550681406666253e-17,1.3203878369028924e-17,7.917423675633998e-10,3.9456750993158636e-10,1.2746063314007818e-15,6.12364788557213e-16,3.144378897164613e-17,1.0320977012600993e-17,6.483103395793045e-19,2.029463650178039e-19,3.047988329118746e-14,9.541389582229108e-15,8.138600895396485e-11,2.5476987905563347e-11,1.0733038747645677e-16,3.4404627855614583e-17,0.010328643910903794,0.004965779013539711,1.0000000000000003e-30,3.371338998781019e-31,6.4518930100562765e-09,2.0166937383197026e-09,4.487186220346824e-06,1.370516462986029e-06,4.787279850721117e-10,1.497908591449985e-10,1.8164850165607266e-12,5.553612052356271e-13
0.276,1277.0840637287815,5.3301067674861065,0.2637591578678271,1.050560347485017,0.0644640429145258,0.4306391563048315,2.1834703751996493e-07,2.9172475000965047e-06,2.4458527646945937e-13,2.058846535959087e-13,8.079603718812976e-14,3.400585752445604e-14,4.643833661004845e-08,3.6773540752048646e-08,0.216016984957073,0.16148795625111448,5.885561785499943e-16,2.401494146643988e-16,1.5325176116569627e-13,6.067842106267982e-14,1.4426269482459965e-17,1.6175636473074822e-17,3.437002832236967e-15,3.5554024518802765e-15,1.5041710561854443e-10,1.44417204862587e-10,3.604664082424228e-12,3.4608797258234764e-12,2.7543603663717125e-05,2.467197024651894e-05,0.21397761988483807,0.1796260308600077,0.40343094755649533,0.19397359105921208,0.08496280272443642,0.026000029129294278,8.258245767513975e-08,3.832717693862635e-08,4.791535194661452e-06,2.1491350484450404e-06,6.876199998823768e-10,2.98398921206665e-10,7.546850294015069e-12,3.275023976364151e-12,1.324456399586629e-06,5.566786362091553e-07,1.973592409973394e-11,1.0618987785066598e-11,0.001192583329728069,0.0006168330230654844,1.6062759159890198e-07,7.998409009379513e-08,0.004893357320439112,0.0023490845130468,9.556982144334298e-07,4.428756275475713e-07,0.0006862849988382416,0.0003073672435657669,3.2709008238951014e-10,1.0736505445975623e-10,7.1204039012723026e-06,2.2811792856579472e-06,3.133212781917468e-10,1.0037941940894265e-10,2.005362333293606e-18,1.92812075360816e-18,2.293658751739839e-17,2.0572637444609593e-17,3.09433427074409e-14,2.6008176225419917e-14,2.1924319776018377e-09,1.7336941487892079e-09,2.5703433912906643e-12,1.1927524426577526e-12,6.263538184474959e-15,2.8112413295771158e-15,1.3154275483133222e-22,3.850777294030214e-23,5.459885134995942e-15,1.6706637094722224e-15,5.127824096475992e-18,2.2267006754311953e-18,2.5408909386406915e-17,1.3152206519650544e-17,7.910382652239588e-10,3.941869337292922e-10,1.272251865595866e-15,6.111875963610455e-16,3.127116025521524e-17,1.0263541189008419e-17,6.439266106096985e-19,2.015589087878006e-19,3.041353552263048e-14,9.519903248781939e-15,8.131094119391769e-11,2.545157213496316e-11,1.0696492963801517e-16,3.428489894326558e-17,0.01032864391074637,0.004965405091714884,1e-30,3.3710851379120686e-31,6.42456092718755e-09,2.0079992278241276e-09,4.477228813206348e-06,1.3673722123357656e-06,4.776581538180865e-10,1.4944486193142011e-10,1.805743046221904e-12,5.520354485800483e-13
0.277,1276.8982811521396,5.330346154470453,0.26374731238770893,1.0543518553147915,0.06448027912788207,0.43071534110484117,2.179263226081902e-07,2.9114083142150126e-06,2.4335086871916865e-13,2.0483021559419199e-13,8.035519882361411e-14,3.381778085647441e-14,4.6297716025545016e-08,3.665943899978853e-08,0.21595932499420098,0.16143275352096573,5.853057821859039e-16,2.3880525465215696e-16,1.5262144513161835e-13,6.0424325843364e-14,1.431320041426414e-17,1.6047653737794677e-17,3.4143064258029743e-15,3.5316595241399763e-15,1.4970180197604602e-10,1.4371966314392277e-10,3.5864528165371345e-12,3.4431368485248215e-12,2.7479693407874626e-05,2.4612878629565792e-05,0.21394869072037973,0.17958828751491648,0.403522301034115,0.19400297605502256,0.08496147347169357,0.02599767407985274,8.249309113774414e-08,3.828283228555448e-08,4.7916001286234455e-06,2.1490031259616135e-06,6.853032874811462e-10,2.973712777746307e-10,7.516922306078922e-12,3.261792015192704e-12,1.3215225000885677e-06,5.554038747721448e-07,1.9581002171831778e-11,1.0534841977024528e-11,0.0011870784042790335,0.0006139397332193138,1.5980491243099534e-07,7.956847625563417e-08,0.004880112523516301,0.002342550719918617,9.526372038659308e-07,4.4142405850168284e-07,0.0006854566873360253,0.00030697326205232005,3.2581861233092184e-10,1.0693968911513147e-10,7.108372264444755e-06,2.277154033169623e-06,3.1241127190633557e-10,1.0008037865258494e-10,1.9917900867832056e-18,1.914927770898889e-18,2.284414401132628e-17,2.0488186198119226e-17,3.088025592535097e-14,2.5953206236625978e-14,2.1931000602678486e-09,1.734092490281154e-09,2.564659780501137e-12,1.1900258161343827e-12,6.234073680681461e-15,2.7978072134635728e-15,1.306224502591974e-22,3.823549796801778e-23,5.4403120856669e-15,1.6645498335383473e-15,5.104593541317454e-18,2.216446963386042e-18,2.5311714657567213e-17,1.3100914617179638e-17,7.903372357001209e-10,3.938080874467898e-10,1.2699096139480804e-15,6.100166678281498e-16,3.110007014810582e-17,1.0206622632322627e-17,6.395888640986789e-19,2.0018612554873132e-19,3.0347578709617554e-14,9.498545929539823e-15,8.123623788263966e-11,2.5426283396597208e-11,1.0660202063144609e-16,3.4166017238220876e-17,0.01032864391059015,0.004965033010094393,9.999999999999996e-31,3.370832526383982e-31,6.39744274924655e-09,1.999373596018343e-09,4.467330915586556e-06,1.3642470985268322e-06,4.765945203847511e-10,1.4910090935721056e-10,1.7951025402040128e-12,5.487414063220037e-13
0.278,1276.713167161436,5.3305852585935005,0.26373548196632457,1.0581435332207916,0.06449643987098906,0.4307911639001156,2.175077757792249e-07,2.9056000012616126e-06,2.4212689979327737e-13,2.03784793998786e-13,7.991831547486752e-14,3.3631408715183275e-14,4.6158014409351244e-08,3.6546094971417385e-08,0.21590195010807417,0.16137782964901606,5.82084815065776e-16,2.374733869473554e-16,1.5199599414853363e-13,6.017221612008879e-14,1.4201399377826626e-17,1.5921117438367374e-17,3.39183644449872e-15,3.5081555945468525e-15,1.489923598854059e-10,1.4302790382219794e-10,3.5683953323992398e-12,3.425545476254794e-12,2.74161498497674e-05,2.4554133034613073e-05,0.21391986951633846,0.17955070441898552,0.4036131757837427,0.19403219564261026,0.08496017204690069,0.025995337160595697,8.24040712230131e-08,3.8238668749428106e-08,4.791667774298959e-06,2.1488732050352797e-06,6.830036190204505e-10,2.963512892039592e-10,7.48722837134429e-12,3.2486647487967458e-12,1.3186068306557214e-06,5.541371629007179e-07,1.942783302937511e-11,1.0451655454527366e-11,0.001181618448419492,0.0006110703505715835,1.589893275965198e-07,7.915648498133163e-08,0.004866951458448341,0.0023360589282620005,9.495967960717992e-07,4.399824097649379e-07,0.0006846324648122851,0.0003065812798830782,3.2455656247295115e-10,1.0651751712186853e-10,7.0964053569785084e-06,2.2731509282521947e-06,3.1150713364943187e-10,9.978329793633449e-11,1.978355723596302e-18,1.9018699954799983e-18,2.275239088782615e-17,2.040437401366432e-17,3.081749268353258e-14,2.589852561171669e-14,2.193764626829149e-09,1.7344886101265759e-09,2.5590074262141963e-12,1.1873145235045755e-12,6.204854389286661e-15,2.784486144045602e-15,1.2971190890994189e-22,3.796613498020919e-23,5.420878097881225e-15,1.6584800096717117e-15,5.0815517361094884e-18,2.2062775243786845e-18,2.5215222244424773e-17,1.3049998530702416e-17,7.896392561439527e-10,3.934309577454162e-10,1.2675794721913823e-15,6.088519484151898e-16,3.0930499465449054e-17,1.0150214839309165e-17,6.352964460402027e-19,1.9882780525432667e-19,3.0282009127633153e-14,9.477316378939375e-15,8.116189597327209e-11,2.5401120606338903e-11,1.0624163341599763e-16,3.4047973655788093e-17,0.010328643910435108,0.0049646627532547285,9.99999999999999e-31,3.3705811537255283e-31,6.370536040088854e-09,1.9908160509603798e-09,4.457491965090092e-06,1.3611409381502258e-06,4.755370254246807e-10,1.4875898158907038e-10,1.7845621795186153e-12,5.454786630081387e-13
0.279,1276.5287167927959,5.330824080172263,0.26372366658408125,1.0619353810020418,0.06451252575220986,0.4308666276642924,2.1709137811423046e-07,2.899822286987985e-06,2.409132444381927e-13,2.027482796751604e-13,7.948533737176544e-14,3.344671948009003e-14,4.601922238139095e-08,3.643350084422802e-08,0.215844857831456,0.16132318220156416,5.788929039643359e-16,2.3615365443703946e-16,1.5137535270370801e-13,5.992206903039766e-14,1.4090847737509625e-17,1.579600617931743e-17,3.3695898375536134e-15,3.4848874192318765e-15,1.4828871032518032e-10,1.423418581975449e-10,3.5504897884519355e-12,3.4081037787125422e-12,2.7352969568113304e-05,2.449573018640878e-05,0.21389115561704816,0.17951328042448303,0.4037035759774257,0.19406125133203733,0.0849588981866206,0.02599301820887003,8.231539545723259e-08,3.8194684983768295e-08,4.791738088732203e-06,2.148745259575463e-06,6.807208062941788e-10,2.953388701786502e-10,7.457765800920783e-12,3.2356409637184846e-12,1.3157092118273202e-06,5.528784204224729e-07,1.9276390678809184e-11,1.0369413901143409e-11,0.0011762029341846026,0.0006082245919253255,1.581807507478609e-07,7.874807180445139e-08,0.00485387329819368,0.0023296087180381046,9.465767794662318e-07,4.3855057827574644e-07,0.0006838122973348993,0.00030619128010859353,3.2330382832882613e-10,1.0609850271678457e-10,7.084502579469291e-06,2.269169763091636e-06,3.106088036172877e-10,9.948815706002842e-11,1.9650573596759646e-18,1.8889455665787628e-18,2.2661320508504966e-17,2.03211937500605e-17,3.0755050223399155e-14,2.584413183434464e-14,2.1944257083255734e-09,1.7348825287462572e-09,2.5533860444361134e-12,1.1846184232429979e-12,6.175877366509289e-15,2.7712767527948282e-15,1.2881099150591667e-22,3.7699642165073383e-23,5.4015816758876336e-15,1.6524537591492127e-15,5.058696452822759e-18,2.1961913550272846e-18,2.5119424622126574e-17,1.2999454189808283e-17,7.889443039591306e-10,3.930555314387715e-10,1.2652613372893678e-15,6.076933842356273e-16,3.0762429335400594e-17,1.0094311413532066e-17,6.310487142249909e-19,1.9748374166728888e-19,3.021682310311554e-14,9.456213368615267e-15,8.108791245684495e-11,2.537608269376477e-11,1.0588374134232281e-16,3.393075924388183e-17,0.010328643910281217,0.004964294305972233,9.999999999999994e-31,3.370331009601158e-31,6.343838397989771e-09,1.9823258120218774e-09,4.447711404996014e-06,1.3580535497133404e-06,4.744856103708179e-10,1.4841905905768367e-10,1.7741206666380087e-12,5.42246809994546e-13
0.28,1276.344925175756,5.331062619437891,0.26371186622564496,1.065727398457731,0.06452853737096648,0.4309417353263952,2.1667711091710227e-07,2.8940749004529106e-06,2.397097793773099e-13,2.0172056522416008e-13,7.905621561018291e-14,3.3263691908596946e-14,4.588133069537619e-08,3.63216489081411e-08,0.21578804572292118,0.16126880877273983,5.757296819137031e-16,2.3484590265819216e-16,1.5075946608472882e-13,5.967386204494028e-14,1.398152720599735e-17,1.567229896710379e-17,3.3475636089269386e-15,3.461851812802716e-15,1.4759078537510951e-10,1.416614586733931e-10,3.532734372435396e-12,3.390809954923048e-12,2.7290149187693413e-05,2.443766685433047e-05,0.21386254839189042,0.17947601441315117,0.40379350573573786,0.19409014461542587,0.08495765163632073,0.02599071706592313,8.222706137731904e-08,3.815087964988224e-08,4.791811029564196e-06,2.148619263860504e-06,6.784546637335761e-10,2.943339365921439e-10,7.428531945910532e-12,3.2227194647142336e-12,1.3128294665173795e-06,5.516275682408302e-07,1.9126649544011942e-11,1.0288103232620344e-11,0.0011708313377995015,0.0006054021764423918,1.5737909644525123e-07,7.834319273926928e-08,0.0048408772131649834,0.002323199668369652,9.435769428454085e-07,4.371284612350624e-07,0.000682996149926482,0.00030580324533770783,3.2206030691931197e-10,1.0568261065793217e-10,7.07266333963813e-06,2.265210332403349e-06,3.097162228868108e-10,9.919493612317735e-11,1.951893145063953e-18,1.8761526572620316e-18,2.257092535293465e-17,2.0238638377161113e-17,3.069292582020224e-14,2.5790022419640338e-14,2.19508333544066e-09,1.7352742663349459e-09,2.5477953547827767e-12,1.1819373756529042e-12,6.147139719233001e-15,2.7581776948267486e-15,1.279195613928846e-22,3.743597850172525e-23,5.382421345758534e-15,1.6464706102959844e-15,5.036025499268094e-18,2.1861874681907273e-18,2.5024314375372885e-17,1.294927758389516e-17,7.88252356759542e-10,3.926817954731406e-10,1.2629551070594827e-15,6.065409218803728e-16,3.059584120640838e-17,1.0038906067683064e-17,6.268450383405093e-19,1.9615373238838681e-19,3.015201701564741e-14,9.435235688097769e-15,8.101428435664645e-11,2.535116860045719e-11,1.0552831813927653e-16,3.381436517877463e-17,0.010328643910128448,0.004963927653238895,9.99999999999999e-31,3.3700820838217187e-31,6.3173474383512236e-09,1.9739021044805336e-09,4.4379886719509925e-06,1.3549847498837893e-06,4.734402172248707e-10,1.480811223917215e-10,1.7637767206723537e-12,5.390454439690355e-13
0.281,1276.161787466925,5.331300876700145,0.26370008087180286,1.0695195853872683,0.06454447532096155,0.43101648978727325,2.162649557176358e-07,2.8883575740259597e-06,2.3851638320281137e-13,2.0070154488708393e-13,7.863090203112078e-14,3.3082305084451893e-14,4.5744330227717583e-08,3.621053155638268e-08,0.21573151137342617,0.16121470698745893,5.725947877479149e-16,2.335499796070338e-16,1.5014828041197937e-13,5.942757297930878e-14,1.3873419819959852e-17,1.5549975182368614e-17,3.3257548111230267e-15,3.4390456418629445e-15,1.4689851811638368e-10,1.4098663865812132e-10,3.5151272993289455e-12,3.3736622311952024e-12,2.7227685374269154e-05,2.437993984749433e-05,0.21383404720348836,0.17943890526735443,0.4038829691282197,0.1941188769648827,0.08495643214199905,0.025988433574029104,8.213906655218543e-08,3.8107251426300726e-08,4.791886555188486e-06,2.1484951925816132e-06,6.76205008512558e-10,2.933364055883494e-10,7.399524197112653e-12,3.2098990745714548e-12,1.3099674199960026e-06,5.503845283194669e-07,1.8978584549866295e-11,1.0207709641534103e-11,0.001165503145708342,0.0006026028287503773,1.5658428084345016e-07,7.794180462113096e-08,0.004827962392823711,0.0023168313678724535,9.405970793806203e-07,4.357159579503829e-07,0.0006821839888671518,0.00030541715876484653,3.2082589677832275e-10,1.0526980622469518e-10,7.0608870531232695e-06,2.26127243365578e-06,3.088293333051828e-10,9.890361548814183e-11,1.9388612601892366e-18,1.8634894708214405e-18,2.2481198005195646e-17,2.015670096345147e-17,3.063111677960094e-14,2.5736194910983985e-14,2.195737538463979e-09,1.7356638428112282e-09,2.542235080283105e-12,1.1792712427587624e-12,6.1186385961735235e-15,2.745187644885745e-15,1.2703748425894386e-22,3.717510367692977e-23,5.363395653939282e-15,1.640530098015389e-15,5.013536715777518e-18,2.176264891488113e-18,2.4929884190562843e-17,1.2899464757894693e-17,7.875633924056758e-10,3.9230973694073273e-10,1.2606606807120639e-15,6.053945086686642e-16,3.0430716807512644e-17,9.983992610349302e-18,6.226847989448079e-19,1.9483757853023753e-19,3.0087587287879824e-14,9.41438214152914e-15,8.094100873201657e-11,2.5326377280873268e-11,1.0517533789915197e-16,3.369878275983958e-17,0.010328643909976802,0.004963562780203053,9.999999999999968e-31,3.3698343663042005e-31,6.291060822752524e-09,1.9655441685646195e-09,4.428323217996494e-06,1.3519343601969346e-06,4.724007888613167e-10,1.4774515251089482e-10,1.7535290844801819e-12,5.358741691127764e-13
0.28200000000000003,1275.9792988874783,5.331538852248423,0.26368831050436004,1.073311941590269,0.0645603401885786,0.4310908939114107,2.1585489426032976e-07,2.882670043250505e-06,2.373329363720486e-13,1.9969111454240392e-13,7.820934926572104e-14,3.290253843660639e-14,4.5608211979453074e-08,3.610014128711422e-08,0.21567525240081703,0.16116087449819988,5.6948786616395835e-16,2.3226573576326913e-16,1.4954174258872946e-13,5.918317997432638e-14,1.3766507942267627e-17,1.5429014582239498e-17,3.304160547075043e-15,3.416465826939253e-15,1.4621184265470748e-10,1.403173325871285e-10,3.497666811589174e-12,3.356658861346469e-12,2.7165574835957824e-05,2.4322546016081207e-05,0.21380565142656263,0.17940195188690725,0.4039719701747257,0.19414744983427185,0.08495523945583601,0.025986167578363525,8.205140856838142e-08,3.806379900231053e-08,4.791964624632604e-06,2.148373020801618e-06,6.739716603841177e-10,2.923461954912379e-10,7.370739983745706e-12,3.1971786335572512e-12,1.307122899808279e-06,5.491492236502982e-07,1.88321710560694e-11,1.0128219561559721e-11,0.0011602178507555648,0.0005998262769677196,1.5579622122938e-07,7.754386487614991e-08,0.00481512803216998,0.002310503408178775,9.37636984089138e-07,4.343129686651146e-07,0.0006813757802759177,0.00030503300353629183,3.196004978947589e-10,1.0486005519883999e-10,7.049173142703339e-06,2.2573558668315737e-06,3.0794807752717177e-10,9.861417579237923e-11,1.925959916946355e-18,1.8509542417973103e-18,2.2392131158039283e-17,2.0075374679804463e-17,3.056962043841016e-14,2.5682646880745238e-14,2.1963883473294387e-09,1.7360512778579634e-09,2.5367049473594354e-12,1.1766198883019145e-12,6.090371191870247e-15,2.7323052991344694e-15,1.2616462821837325e-22,3.691697810932587e-23,5.344503168332724e-15,1.634631764123884e-15,4.9912279759851145e-18,2.1664226676373875e-18,2.48361268567968e-17,1.2850011812811956e-17,7.8687738897241e-10,3.919393430656643e-10,1.2583779584756828e-15,6.042540924708066e-16,3.0267038161709236e-17,9.929564950374734e-18,6.185673877090107e-19,1.935350847916959e-19,3.0023530389805825e-14,9.393651549037986e-15,8.086808267437937e-11,2.5301707701231755e-11,1.0482477507286696e-16,3.358400340808308e-17,0.010328643909826244,0.0049631996721973696,9.99999999999997e-31,3.3695878470907613e-31,6.264976240077687e-09,1.9572512535567877e-09,4.418714496912496e-06,1.3489022028913036e-06,4.713672688140945e-10,1.4741113055980493e-10,1.7433765196014617e-12,5.327325955495245e-13
0.28300000000000003,1275.7974546674272,5.331776546494588,0.26367655509907606,1.0771044668666412,0.0645761325553457,0.43116495053948506,2.1544690851393872e-07,2.8770120469410964e-06,2.36159321132525e-13,1.9868917163945533e-13,7.779151063286753e-14,3.272437169556551e-14,4.5472967068887455e-08,3.599047069717404e-08,0.21561926645727358,0.1611073089890594,5.664085673627041e-16,2.309930239395585e-16,1.489398003400282e-13,5.894066151060908e-14,1.3660774242300848e-17,1.530939727785442e-17,3.2827779650849844e-15,3.3941093371780374e-15,1.455306940437228e-10,1.396534758471974e-10,3.4803511776291407e-12,3.339798125189803e-12,2.7103814319869475e-05,2.4265482248058695e-05,0.21377736042053772,0.17936515316443075,0.4040605128454909,0.1941758646574943,0.08495407332705084,0.02598391892396696,8.196408505069862e-08,3.802052108714437e-08,4.792045197702206e-06,2.148252723999667e-06,6.717544418116057e-10,2.913632258580267e-10,7.342176773677856e-12,3.184556999473643e-12,1.3042957358121293e-06,5.479215782632941e-07,1.8687384929507883e-11,1.0049619706126179e-11,0.001154974957445587,0.000597072255413928,1.55014836632167e-07,7.714933182358307e-08,0.004802373350967775,0.002304215393135929,9.346964573940634e-07,4.3291939620221987e-07,0.0006805714921674038,0.0003046507636679102,3.183840117367678e-10,1.0445332387106007e-10,7.037521039184847e-06,2.253460434688278e-06,3.0707239893109896e-10,9.832659792036627e-11,1.9131873556607396e-18,1.8385452330221754e-18,2.2303717602584294e-17,1.999465278996851e-17,3.050843416264927e-14,2.562937592837358e-14,2.1970357915706143e-09,1.7364365908714027e-09,2.531204685745548e-12,1.173983177689855e-12,6.062334739053015e-15,2.719529371687121e-15,1.2530086357246332e-22,3.666156287858494e-23,5.3257424767237226e-15,1.6287751568479756e-15,4.969097184292814e-18,2.1566598533229166e-18,2.474303526048139e-17,1.2800914902764581e-17,7.86194324791531e-10,3.9157060122135493e-10,1.2561068421082089e-15,6.031196219472989e-16,3.0104787553884894e-17,9.875617086170228e-18,6.144922065195879e-19,1.9224605917263446e-19,2.995984283106721e-14,9.373042744229787e-15,8.079550331229217e-11,2.527715884084622e-11,1.0447660446330809e-16,3.347001866358998e-17,0.010328643909676827,0.004962838314693328,9.999999999999978e-31,3.369342516317759e-31,6.239091432373239e-09,1.949022625844759e-09,4.409161983824218e-06,1.345888106879301e-06,4.703396015607346e-10,1.4707903799518948e-10,1.7333178125636583e-12,5.296203412627009e-13
0.28400000000000003,1275.6162501409453,5.3320139597317855,0.26366481463759345,1.0808971610165015,0.06459185299344813,0.4312386624654928,2.150409806598642e-07,2.8713833270717343e-06,2.3499542159378635e-13,1.9769561526085446e-13,7.737734028012089e-14,3.254778495295475e-14,4.5338586742735187e-08,3.588151249138662e-08,0.2155635512188284,0.16105400817052012,5.633565474292053e-16,2.2973169943851097e-16,1.4834240213166774e-13,5.869999637717671e-14,1.3556201713614566e-17,1.5191103754154954e-17,3.2616042652054924e-15,3.371973196960961e-15,1.4485500838322114e-10,1.3899500487219782e-10,3.4631786935490113e-12,3.323078330227027e-12,2.704240061795614e-05,2.4208745474772017e-05,0.21374917357567558,0.17932850802697792,0.4041486010621948,0.1942041228521934,0.08495293351386622,0.02598168745982758,8.187709363073834e-08,3.7977416395999996e-08,4.792128234722465e-06,2.148134277990103e-06,6.695531777071737e-10,2.903874173694318e-10,7.313832072175341e-12,3.17203304715189e-12,1.3014857601190833e-06,5.467015172095249e-07,1.8544202398083972e-11,9.971896989793377e-12,0.0011497739727110482,0.0005943404998430601,1.5424004677997403e-07,7.675816415733325e-08,0.004789697562172922,0.0022979669236886874,9.317752992631168e-07,4.3153514325503375e-07,0.0006797710910977297,0.00030427042254832135,3.1717634118128197e-10,1.0404957901912319e-10,7.025930179984747e-06,2.249585942338486e-06,3.0620224174793664e-10,9.804086304629123e-11,1.900541848838014e-18,1.8262607392319546e-18,2.221595024314043e-17,1.9914528664096635e-17,3.0447555351559255e-14,2.5576379684158125e-14,2.197679900387646e-09,1.736819801042722e-09,2.5257340286552197e-12,1.171360978091725e-12,6.03452651897202e-15,2.7068585992716883e-15,1.2444606307946567e-22,3.640881980450003e-23,5.307112185947738e-15,1.6229598305906729e-15,4.9471422791497126e-18,2.1469755206419213e-18,2.465060239249767e-17,1.2752170238850479e-17,7.85514178393242e-10,3.9120349890760024e-10,1.2538472340815807e-15,6.019910461664934e-16,2.994394757427856e-17,9.822143120056476e-18,6.10458668337199e-19,1.9097031324332781e-19,2.989652117386083e-14,9.352554578362236e-15,8.072326780496846e-11,2.5252729690496705e-11,1.0413080123218155e-16,3.335682018815377e-17,0.010328643909528472,0.004962478693382035,9.999999999999989e-31,3.3690983642707043e-31,6.213404151696089e-09,1.940857555462144e-09,4.399665143114998e-06,1.3428918979714113e-06,4.693177320558594e-10,1.467488564421785e-10,1.7233517638625154e-12,5.265370287318799e-13
0.28500000000000003,1275.4356806522287,5.332251092363215,0.2636530890961237,1.0846900238402533,0.06460750207054713,0.431312032461293,2.1463709308920926e-07,2.8657836286815173e-06,2.338411235712525e-13,1.9671034598624805e-13,7.696679301784272e-14,3.237275859089537e-14,4.5205062359010296e-08,3.5773259468279e-08,0.21550810439260817,0.1610009697819586,5.603314677126785e-16,2.2848161979381796e-16,1.477494972061694e-13,5.846116368436507e-14,1.3452773642469404e-17,1.5074114834091883e-17,3.2406366909923175e-15,3.350054477278334e-15,1.441847226792085e-10,1.3834185700547502e-10,3.446147680223871e-12,3.3064978087725465e-12,2.6981330559043335e-05,2.415233266333401e-05,0.21372109026892142,0.17929201539577277,0.40423623869884134,0.1942322258167412,0.08495181977397087,0.02597947303549912,8.179043197397961e-08,3.7934483661898854e-08,4.792213696748563e-06,2.1480176589783026e-06,6.673676955429906e-10,2.8941869187166553e-10,7.285703421160415e-12,3.1596056680590887e-12,1.2986928070160225e-06,5.454889665174899e-07,1.8402600171331107e-11,9.895038592772365e-12,0.001144614414495135,0.00059163075186663,1.5347177301925103e-07,7.637032140157308e-08,0.004777099900955937,0.0022917576117591457,9.288733145538589e-07,4.3016011485414117e-07,0.0006789745452790972,0.00030389196432753946,3.1597739050776796e-10,1.0364878790351817e-10,7.0144000100299925e-06,2.2457321974949524e-06,3.053375508995637e-10,9.775695258024958e-11,1.8880216962314684e-18,1.8140990822708137e-18,2.2128822078049187e-17,1.983499576112555e-17,3.0386981431794835e-14,2.552365580385691e-14,2.1983207026076705e-09,1.7372009272961085e-09,2.520292712421624e-12,1.1687531582482412e-12,6.0069438504243155e-15,2.694291736241955e-15,1.2360010160757107e-22,3.615871134429587e-23,5.28861092377619e-15,1.6171853464730954e-15,4.925361228401934e-18,2.1373687550355265e-18,2.455882133645208e-17,1.2703774082790592e-17,7.848369285446247e-10,3.9083802376255725e-10,1.2515990382748744e-15,6.008683149259065e-16,2.978450106434734e-17,9.769137240252207e-18,6.064661960063039e-19,1.897076617661358e-19,2.9833562018154845e-14,9.332185915536708e-15,8.06513733456558e-11,2.5228419253021264e-11,1.0378734087479552e-16,3.32443997564892e-17,0.010328643909381202,0.004962120794085758,9.999999999999992e-31,3.368855381324119e-31,6.1879121988710935e-09,1.932755328152443e-09,4.390223458087567e-06,1.3399134079045017e-06,4.683016061275554e-10,1.464205678153734e-10,1.7134771973089867e-12,5.234822877746705e-13
0.28600000000000003,1275.2557416262339,5.3324879447249165,0.2636413784542114,1.088483055138539,0.064623080346353,0.4313850632591488,2.142352283977177e-07,2.860212699839315e-06,2.3269631464259317e-13,1.957332659409518e-13,7.655982442022047e-14,3.219927332465937e-14,4.5072385395999e-08,3.5665704527535105e-08,0.21545292370987915,0.16094819158842624,5.573329951014828e-16,2.272426448834586e-16,1.4716103552747024e-13,5.822414284240167e-14,1.3350473620008912e-17,1.495841169221877e-17,3.2198725340754802e-15,3.3283503004604255e-15,1.43519774916953e-10,1.3769397057088449e-10,3.429256484612103e-12,3.2900549192292348e-12,2.6920601013556366e-05,2.4096240821117253e-05,0.2136931098977261,0.1792556742168082,0.40432342958262085,0.19426017493309536,0.08495073187234313,0.025977275503815907,8.170409775799555e-08,3.7891721626035566e-08,4.792301545381357e-06,2.1479028435045594e-06,6.651978251757124e-10,2.884569723029214e-10,7.257788398452751e-12,3.1472737699945645e-12,1.2959167129450573e-06,5.442838531904994e-07,1.8262555329858967e-11,9.81903190143446e-12,0.0011394958048117733,0.0005889427553702274,1.527099375625451e-07,7.598576353684149e-08,0.004764579601962635,0.0022855870693599604,9.259903088017633e-07,4.2879421642074203e-07,0.0006781818221606489,0.000303515372837664,3.1478706535237833e-10,1.0325091825329014e-10,7.00292998078904e-06,2.2418990101858874e-06,3.044782720959446e-10,9.747484820033798e-11,1.875625227519248e-18,1.8020586136655134e-18,2.2042326210796923e-17,1.9756047638902486e-17,3.032670986087877e-14,2.5471201971884977e-14,2.1989582267296916e-09,1.7375799883461585e-09,2.5148804766621146e-12,1.1661595885609342e-12,5.979584096499075e-15,2.681827557621237e-15,1.2276285630965419e-22,3.591120064373409e-23,5.270237336216763e-15,1.6114512715233762e-15,4.903752031719999e-18,2.1278386563573887e-18,2.446768527431215e-17,1.265572274995545e-17,7.841625542108107e-10,3.9047416354809996e-10,1.2493621593997937e-15,5.997513784831815e-16,2.9626431148411123e-17,9.716593731303976e-18,6.025142227388211e-19,1.8845792284684258e-19,2.977096201144966e-14,9.311935635853268e-15,8.057981715753317e-11,2.5204226542333228e-11,1.0344619922708254e-16,3.313274925879128e-17,0.010328643909234997,0.004961764602819558,1e-30,3.3686135579834377e-31,6.162613392496554e-09,1.92471523570201e-09,4.380836407847076e-06,1.336952467300056e-06,4.672911701456815e-10,1.4609415421671175e-10,1.7036929521399605e-12,5.204557531380814e-13
0.28700000000000003,1275.0764284908596,5.332724517280675,0.26362968268509707,1.0922762547123308,0.06463858837630787,0.4314577575704667,2.1383536939237917e-07,2.854670291689258e-06,2.3156088403946126e-13,1.94764278700945e-13,7.615639068704723e-14,3.202731014384632e-14,4.494054744063999e-08,3.555884066021769e-08,0.2153980069344579,0.16089567138470282,5.543608015420138e-16,2.260146367286248e-16,1.4657696782602084e-13,5.798891357818655e-14,1.3249285517263809e-17,1.4843975826239274e-17,3.199309127509599e-15,3.306857833221197e-15,1.428601039546445e-10,1.3705128476808424e-10,3.4125034776217233e-12,3.2737480439752098e-12,2.686020888810397e-05,2.4040466990534814e-05,0.21366523184265132,0.17921948342701072,0.4044101774942617,0.19428797156433641,0.0849496695706932,0.025975094717307586,8.161808869832006e-08,3.7849129049237094e-08,4.792391742960164e-06,2.147789808500909e-06,6.630433989952112e-10,2.875021827529241e-10,7.230084617791407e-12,3.1350362770422263e-12,1.2931573165089373e-06,5.430861052005185e-07,1.8124045427589094e-11,9.743864562988685e-12,0.0011344176770474647,0.0005862762602764068,1.5195446429394587e-07,7.560445139930065e-08,0.004752135924754403,0.0022794549207626595,9.231260929144706e-07,4.274373559334562e-07,0.0006773928911635893,0.0003031406328126798,3.136052727283791e-10,1.0285593827090793e-10,6.991519551300514e-06,2.2380861930509753e-06,3.0362435171288226e-10,9.719453181193666e-11,1.8633507983297685e-18,1.7901377107608513e-18,2.195645583544704e-17,1.9677677940773337e-17,3.02667381236148e-14,2.5419015897919967e-14,2.1995925008753943e-09,1.7379570026355576e-09,2.509497064088978e-12,1.16358014098663e-12,5.952444654970735e-15,2.6694648547409997e-15,1.2193420632717367e-22,3.566625144952867e-23,5.251990088312192e-15,1.6057571788932504e-15,4.882312717072531e-18,2.1183843373027335e-18,2.4377187478243548e-17,1.2608012604921408e-17,7.834910346017875e-10,3.901119061676063e-10,1.2471365036494625e-15,5.986401878586533e-16,2.946972119050814e-17,9.664506959729172e-18,5.986021910501152e-19,1.8722091759692485e-19,2.970871783751225e-14,9.29180263174398e-15,8.050859649883909e-11,2.5180150584666537e-11,1.0310735245213411e-16,3.302186069586208e-17,0.010328643909089864,0.004961410105723396,1.0000000000000006e-30,3.3683728848388734e-31,6.137505602969687e-09,1.9167365865323175e-09,4.37150349328681e-06,1.334008913574596e-06,4.662863713872601e-10,1.457695980474681e-10,1.6939978912402771e-12,5.174570669986781e-13
0.28800000000000003,1274.897736765046,5.332960810400163,0.2636180017666868,1.096069622362864,0.06465402670737944,0.43153011806437536,2.1343749908010922e-07,2.849156158340002e-06,2.3043472271175434e-13,1.9380328934872032e-13,7.575644877615388e-14,3.1856850368339795e-14,4.480954019870131e-08,3.5452660957277175e-08,0.2153433518534405,0.16084340699080796,5.514145643849642e-16,2.2479745963666895e-16,1.459972455248397e-13,5.775545590666993e-14,1.3149193500959893e-17,1.4730789074717857e-17,3.1789438515294826e-15,3.2855742926238727e-15,1.422056496126755e-10,1.364137397595425e-10,3.395887055665945e-12,3.2575755908865233e-12,2.6800151130772116e-05,2.398500825410854e-05,0.21363745550990537,0.17918344199265643,0.4044964861687532,0.1943156170580141,0.08494863263822414,0.025972930531886568,8.153240251919538e-08,3.780670469895771e-08,4.792484252319283e-06,2.1476785312146813e-06,6.609042516837775e-10,2.8655424836195927e-10,7.202589727674023e-12,3.122892129101822e-12,1.2904144584178387e-06,5.418956514732117e-07,1.798704836014829e-11,9.669524414714915e-12,0.0011293795675579674,0.0005836310182071661,1.5120527781884865e-07,7.522634620856865e-08,0.00473976812480322,0.0022733607886133143,9.202804777940326e-07,4.260894414433397e-07,0.0006766077205795671,0.0003027677285047261,3.124319209627784e-10,1.0246381661265458e-10,6.980168186905711e-06,2.23429356096739e-06,3.027757369132924e-10,9.691598558779308e-11,1.8511967936230692e-18,1.778334779975976e-18,2.1871204250155228e-17,1.959988040791867e-17,3.020706373566143e-14,2.5367095320262583e-14,2.200223552847502e-09,1.7383319884081082e-09,2.5041422206568744e-12,1.1610146891219586e-12,5.9255229681695875e-15,2.6572024396939123e-15,1.211140330437307e-22,3.5423828183618043e-23,5.233867863116697e-15,1.6001026475643332e-15,4.861041343731079e-18,2.1090049247337083e-18,2.428732131717882e-17,1.2560640065016125e-17,7.828223491212338e-10,3.897512396462858e-10,1.2449219779501183e-15,5.975346944846262e-16,2.931435483376029e-17,9.61287138700596e-18,5.947295536193411e-19,1.8599647040331324e-19,2.9646826228394615e-14,9.271785811860222e-15,8.043770865733644e-11,2.5156190417217e-11,1.027707770467618e-16,3.2911726181617326e-17,0.010328643908945747,0.004961057289138,1.0000000000000008e-30,3.3681333526169694e-31,6.112586713044199e-09,1.9088186934014504e-09,4.3622242075536866e-06,1.331082581944202e-06,4.652871576093989e-10,1.4544688187672928e-10,1.6843908911902136e-12,5.144858759256031e-13
0.289,1274.7196620155155,5.333196824456816,0.2636063356767127,1.0998631578916398,0.06466939588063188,0.431602147380815,2.1304160065763772e-07,2.8436700566989756e-06,2.2931772322278037e-13,1.92850204382036e-13,7.535995631704752e-14,3.1687875611439435e-14,4.467935548383887e-08,3.534715860046156e-08,0.21528895627775746,0.1607913962508497,5.484939660210362e-16,2.2359098004868876e-16,1.4542182073460954e-13,5.752375012810369e-14,1.3050182015261096e-17,1.4618833596252582e-17,3.15877412925147e-15,3.2644969415705186e-15,1.4155635259333998e-10,1.3578127659141905e-10,3.3794056388780885e-12,3.2415359915729816e-12,2.6740424726249584e-05,2.3929861729835964e-05,0.21360978031202985,0.1791475488914405,0.4045823592967386,0.19434311274498267,0.08494762084986024,0.02597078280605627,8.144703696302491e-08,3.7764447353282884e-08,4.792579036865078e-06,2.147568989222307e-06,6.587802201936272e-10,2.856130953074141e-10,7.175301410117477e-12,3.1108402813080247e-12,1.2876879813718971e-06,5.407124218324665e-07,1.7851542409109576e-11,9.595999507509752e-12,0.0011243810191694061,0.0005810067842850591,1.5046230382067146e-07,7.48514097440419e-08,0.004727475465265627,0.0022673042995549047,9.17453276486687e-07,4.2475038206428546e-07,0.0006758262788541027,0.0003023966442554794,3.112669196560392e-10,1.0207452237402643e-10,6.968875359302258e-06,2.230520931043033e-06,3.019323755534007e-10,9.663919193682281e-11,1.8391616250999618e-18,1.766648254277825e-18,2.178656484649912e-17,1.9522648869520493e-17,3.0147684239751575e-14,2.531543800238618e-14,2.2008514101324285e-09,1.7387049636945015e-09,2.498815695286746e-12,1.1584631080624501e-12,5.8988165174364716e-15,2.645039142805779e-15,1.2030221989947312e-22,3.518389588807814e-23,5.215869362860813e-15,1.59448726268341e-15,4.839935999571714e-18,2.099699558477002e-18,2.4198080249253457e-17,1.2513601596239047e-17,7.821564773664972e-10,3.893921521272628e-10,1.242718490199187e-15,5.964348503132806e-16,2.9160315972127635e-17,9.561681560146407e-18,5.90895772590912e-19,1.8478440870587095e-19,2.958528395636933e-14,9.251884098446293e-15,8.036715094910473e-11,2.5132345087510265e-11,1.024364498201945e-16,3.2802337935844685e-17,0.010328643908802691,0.004960706139557421,1.0000000000000017e-30,3.367894952148331e-31,6.087854633161897e-09,1.9009608781664183e-09,4.352998048180261e-06,1.3281733091127595e-06,4.642934771875873e-10,1.4512598848301075e-10,1.6748708456953123e-12,5.115418319192103e-13
0.29,1274.5421997808085,5.333432560025738,0.2635946843829515,1.103656861100568,0.06468469643443236,0.4316738481468301,2.1264765753087264e-07,2.838211746693701e-06,2.282097796785901e-13,1.9190493165105152e-13,7.496687148002386e-14,3.152036772422518e-14,4.4549985210025264e-08,3.524232685581979e-08,0.2152348180534807,0.16073963703952363,5.455986934778648e-16,2.223950663709282e-16,1.4485064632074247e-13,5.729377685364064e-14,1.2952235760200117e-17,1.4508091844921534e-17,3.138797420629103e-15,3.2436230824835427e-15,1.409121543932338e-10,1.351538371072043e-10,3.363057669502852e-12,3.225627699777385e-12,2.6681026692263428e-05,2.3875024567678046e-05,0.213582205630192,0.17911180307870478,0.40466780052450474,0.19437045993709823,0.0849466339724406,0.02596865139637882,8.136198982050038e-08,3.772235581442963e-08,4.792676060797274e-06,2.1474611605026335e-06,6.566711439772908e-10,2.84678650899341e-10,7.148217381666246e-12,3.0988797044176797e-12,1.2849777301672912e-06,5.395363470375998e-07,1.771750634443347e-11,9.523278160688996e-12,0.0011194215884683704,0.0005784033208901148,1.4972546990879447e-07,7.44796047653471e-08,0.004715257243776735,0.0022612850970454203,9.146443091395214e-07,4.234200902614897e-07,0.0006750485374781611,0.00030202736578610633,3.101101797404218e-10,1.0168802510726585e-10,6.95764054792964e-06,2.2267681230309808e-06,3.010942160811403e-10,9.636413347021698e-11,1.827243727598172e-18,1.7550765896794044e-18,2.1702531097328286e-17,1.9445977231566495e-17,3.008859720396665e-14,2.5264041731155988e-14,2.2014760998318227e-09,1.7390759462377596e-09,2.4935172398387616e-12,1.1559252743745489e-12,5.8723228130932674e-15,2.6329738080925887e-15,1.1949865209825724e-22,3.494642013863335e-23,5.1979933077980684e-15,1.5889106151855796e-15,4.818994798170769e-18,2.090467390028388e-18,2.4109457816209592e-17,1.2466893710174715e-17,7.814933991927455e-10,3.890346318987022e-10,1.2405259500007624e-15,5.953406081618948e-16,2.9007588711651917e-17,9.510932098808548e-18,5.8710031846478105e-19,1.8358456264605254e-19,2.952408782423433e-14,9.23209642418351e-15,8.029692072643152e-11,2.5108613655557026e-11,1.0210434789167547e-16,3.269368828294651e-17,0.010328643908660663,0.004960356643569645,1.0000000000000017e-30,3.367657674327354e-31,6.063307337371419e-09,1.8931624829674443e-09,4.343824544446606e-06,1.3252809416022235e-06,4.6330527952386387e-10,1.4480690097988023e-10,1.6654366743631153e-12,5.08624595081221e-13
0.291,1274.365345737794,5.333668017465398,0.2635830478639013,1.1074507317918134,0.06469992889648872,0.4317452229360565,2.1225565329370995e-07,2.832780991068584e-06,2.2711078786897388e-13,1.9096738048139613e-13,7.457715323386597e-14,3.135430890462044e-14,4.442142141161586e-08,3.5138159090521406e-08,0.21518093504446534,0.16068812725380827,5.42728439144222e-16,2.212095892749102e-16,1.4428367577340634e-13,5.706551695535604e-14,1.2855339725882833e-17,1.439854660881092e-17,3.1190112338323036e-15,3.2229500691283146e-15,1.402729974818475e-10,1.3453136412227227e-10,3.3468416151078505e-12,3.209849194531647e-12,2.662195408966474e-05,2.3820493959245166e-05,0.21355473089438198,0.17907620355990744,0.40475281345444436,0.19439765993312713,0.08494567178556267,0.025966536164603586,8.127725887477655e-08,3.76804288839445e-08,4.792775288649677e-06,2.1473550232935176e-06,6.545768645596612e-10,2.837508434023323e-10,7.121335391618808e-12,3.08700938411877e-12,1.2822835516099676e-06,5.383673587619972e-07,1.7584919187195097e-11,9.451348834576694e-12,0.0011145008301232536,0.0005758203895719651,1.4899470385777489e-07,7.411089413809728e-08,0.004703112737885975,0.002255302815249648,9.118533929082069e-07,4.220984771902264e-07,0.000674274465114354,0.00030165987757760425,3.089616133769116e-10,1.0130429479015459e-10,6.946463237637967e-06,2.223034958645921e-06,3.0026120777188843e-10,9.609079307949003e-11,1.8154415658070295e-18,1.743618271722572e-18,2.1619096583119924e-17,1.936985950096077e-17,3.002980022838826e-14,2.5212904323122726e-14,2.202097648768384e-09,1.7394449536277938e-09,2.488246609399875e-12,1.1534010662610585e-12,5.846039413339722e-15,2.621005301796995e-15,1.1870321711262643e-22,3.4711367192951406e-23,5.180238434085554e-15,1.583372301187775e-15,4.798215884802063e-18,2.08130758520527e-18,2.4021447656695948e-17,1.242051297119195e-17,7.808330946179566e-10,3.88678667357692e-10,1.2383442672593189e-15,5.94251921054639e-16,2.88561574474008e-17,9.460617720739997e-18,5.833426718520116e-19,1.823967656192232e-19,2.9463234688321573e-14,9.212421739641376e-15,8.022701536760524e-11,2.5084995191380746e-11,1.0177444870607688e-16,3.258576965779947e-17,0.010328643908519624,0.004960008788001147,1.0000000000000027e-30,3.3674215102103594e-31,6.038942789742277e-09,1.8854228472971257e-09,4.334703201695306e-06,1.322405318798489e-06,4.623225142478222e-10,1.4448960257021553e-10,1.6560873044286237e-12,5.057338280439086e-13
0.292,1274.189095581081,5.33390319720837,0.26357142609440976,1.111244769767849,0.0647150937901837,0.43181627430096875,2.1186557172598572e-07,2.8273775552879444e-06,2.2602064508493496e-13,1.9003746151504477e-13,7.419076113706998e-14,3.118968160864161e-14,4.4293656222246e-08,3.5034648755250094e-08,0.21512730514041759,0.16063686481521075,5.398829000351947e-16,2.2003442139106777e-16,1.4372086325627493e-13,5.683895158395213e-14,1.2759479156353746e-17,1.429018096898354e-17,3.099413115406898e-15,3.2024752963342983e-15,1.3963882513234138e-10,1.3391380125767425e-10,3.3307559651390235e-12,3.1941989767581866e-12,2.6563204012601005e-05,2.3766267128405983e-05,0.21352735552706104,0.17904074933916475,0.4048374016464669,0.19442471401490877,0.08494473407061633,0.02596443697370657,8.119284193639374e-08,3.7638665377997366e-08,4.792876685574483e-06,2.1472505561688856e-06,6.524972256927323e-10,2.828296020950478e-10,7.09465322132169e-12,3.0752283206391457e-12,1.279605294418848e-06,5.372053895389588e-07,1.7453760359663495e-11,9.380200210820081e-12,0.00110961830757403,0.0005732577565575008,1.4826993476195038e-07,7.37452414061181e-08,0.004691041241840523,0.0022493570966241627,9.090803487227016e-07,4.207854558173218e-07,0.0006735040315840652,0.00030129416464768434,3.078211339514946e-10,1.0092330182203348e-10,6.93534291975023e-06,2.2193212618496956e-06,2.99433300520483e-10,9.581915386742985e-11,1.8037536283943646e-18,1.7322718097764735e-18,2.1536254968465403e-17,1.9294289763921747e-17,2.9971290938023186e-14,2.516202361796019e-14,2.2027160834436488e-09,1.7398120032277332e-09,2.4830035618498375e-12,1.1508903633312504e-12,5.819963909884407e-15,2.6091325058690173e-15,1.1791580425370356e-22,3.447870386361058e-23,5.162603496079333e-15,1.5778719226481425e-15,4.777597430756191e-18,2.0722193216227422e-18,2.3934043491867413e-17,1.2374455988661261e-17,7.80175543864005e-10,3.883242470214407e-10,1.2361733530548476e-15,5.931687426280527e-16,2.8706006798013684e-17,9.410733220026295e-18,5.796223219192066e-19,1.812208537818138e-19,2.9402721439448285e-14,9.192859007090452e-15,8.0157432279971e-11,2.5061488775373753e-11,1.0144673000269401e-16,3.247857459489973e-17,0.010328643908379613,0.004959662559801008,1.0000000000000034e-30,3.3671864509368766e-31,6.014758993204656e-09,1.8777413231994166e-09,4.3256335390290985e-06,1.319546284421293e-06,4.613451317163863e-10,1.4417407669882196e-10,1.646821682401775e-12,5.028691995116969e-13
0.293,1274.0134450284008,5.334138099748871,0.2635598190462915,1.1150389748314984,0.06473019163421137,0.4318870047709893,2.114773967939518e-07,2.8220012075426517e-06,2.2493925010765265e-13,1.8911508670021527e-13,7.38076553356227e-14,3.1026468549298824e-14,4.416668187510785e-08,3.493178938438494e-08,0.21507392625716368,0.16058584767012754,5.370617777489476e-16,2.1886943728989271e-16,1.431621635980107e-13,5.661406216522983e-14,1.2664639546411435e-17,1.4182978295730158e-17,3.080000650047865e-15,3.182196199734451e-15,1.3900958141838747e-10,1.3330109293661002e-10,3.314799230784487e-12,3.1786755691256147e-12,2.650477358888081e-05,2.3712341331607428e-05,0.21350007894562656,0.17900543942151606,0.40492156861862866,0.19445162344790137,0.0849438206099617,0.025962353687667954,8.110873684254362e-08,3.759706412706727e-08,4.792980217325768e-06,2.1471477380336068e-06,6.504320733304138e-10,2.8191485725877634e-10,7.0681686838647684e-12,3.0635355286061584e-12,1.276942809225411e-06,5.360503727613232e-07,1.7324009671286376e-11,9.309821184727262e-12,0.0011047735924773925,0.0005707151924617128,1.4755109297396638e-07,7.338261076048825e-08,0.0046790420651163,0.0022434475912099716,9.063250010072314e-07,4.19480940790762e-07,0.0006727372077216192,0.0003009302124855676,3.066886560634215e-10,1.0054501701971802e-10,6.924279092017904e-06,2.215626858837421e-06,2.9861044484477406e-10,9.554919914914386e-11,1.792178427847427e-18,1.7210357368695664e-18,2.145400000218383e-17,1.921926218603729e-17,2.9913066983208154e-14,2.511139747880714e-14,2.203331430038604e-09,1.7401771121766685e-09,2.4777878578767984e-12,1.1483930466079319e-12,5.794093927998346e-15,2.5973543179802785e-15,1.171363046543675e-22,3.4248397512833555e-23,5.14508726597922e-15,1.572409087254423e-15,4.757137633258719e-18,2.06320178865092e-18,2.384723912523974e-17,1.2328719416854136e-17,7.795207273577938e-10,3.8797135952813556e-10,1.2340131196121776e-15,5.920910271163915e-16,2.855712160520938e-17,9.361273466880574e-18,5.759387662849547e-19,1.8005666601723282e-19,2.93425450036426e-14,9.17340720072747e-15,8.008816890027118e-11,2.503809349842087e-11,1.0112116981449047e-16,3.2372095728070016e-17,0.010328643908240549,0.004959317946046455,1.0000000000000027e-30,3.3669524877334675e-31,5.9907539873004845e-09,1.870117274560962e-09,4.31661508785854e-06,1.3167036860799852e-06,4.6037308299259263e-10,1.4386030704575186e-10,1.637638773323614e-12,5.000303840304541e-13
0.294,1273.8383898449133,5.334372725585963,0.26354822669113587,1.1188333467859413,0.06474522294116532,0.43195741684530453,2.1109111265386531e-07,2.816651718809378e-06,2.2386650322849152e-13,1.882001693081157e-13,7.34277965948366e-14,3.086465270993559e-14,4.404049070705296e-08,3.482957459934436e-08,0.2150207963361542,0.1605350737902653,5.342647785388475e-16,2.1771451351096833e-16,1.4260753227988283e-13,5.639083039525651e-14,1.2570806643504934e-17,1.4076922250569388e-17,3.060771461798404e-15,3.1621102569904416e-15,1.3838521123798768e-10,1.3269318440729224e-10,3.298969945401242e-12,3.1632775164567312e-12,2.6446659982162437e-05,2.365871385991918e-05,0.21347290057333332,0.178970272822981,0.40500531784729144,0.19447838948226634,0.08494293118740982,0.025960286171749877,8.102494145201734e-08,3.7555623973774564e-08,4.793085850205268e-06,2.1470465481099125e-06,6.483812555953368e-10,2.810065401636397e-10,7.041879624042406e-12,3.0519300370336312e-12,1.2742959486094823e-06,5.349022426983957e-07,1.7195647280433205e-11,9.24020084461927e-12,0.0010999662624313275,0.0005681924711121461,1.468381098817509e-07,7.302296692854258e-08,0.0046671145257593215,0.0022375739534461663,9.035871764532802e-07,4.181848478727342e-07,0.0006719739646575976,0.0003005680067326526,3.055640955200739e-10,1.0016941161597523e-10,6.913271258492043e-06,2.2119515780052673e-06,2.9779259192558736e-10,9.52809124651303e-11,1.78071450116001e-18,1.7099086103411333e-18,2.1372325521213512e-17,1.9144771015779486e-17,2.985512604147396e-14,2.506102379393251e-14,2.203943714416935e-09,1.7405402974013087e-09,2.4725992610922228e-12,1.1459089985850443e-12,5.768427128086529e-15,2.585669652228863e-15,1.163646113004437e-22,3.402041606139821e-23,5.127688531117463e-15,1.5669834075985481e-15,4.736834716275654e-18,2.0542541877652185e-18,2.3761028445062914e-17,1.2283299956192856e-17,7.788686257298361e-10,3.876199936380542e-10,1.2318634801575975e-15,5.910187292852328e-16,2.840948694310416e-17,9.312233410686027e-18,5.722915110564585e-19,1.789040439463346e-19,2.928270234598173e-14,9.154065307909355e-15,8.001922269509114e-11,2.5014808462154215e-11,1.0079774647378916e-16,3.22663257923572e-17,0.010328643908102491,0.004958974933968085,1.0000000000000025e-30,3.3667196119307902e-31,5.966925839148808e-09,1.8625500742919844e-09,4.307647385104436e-06,1.313877373204305e-06,4.594063197586924e-10,1.4354827749966896e-10,1.628537558518801e-12,4.972170612997827e-13
0.295,1273.6639258149262,5.334607075289595,0.26353664899704404,1.122627885434762,0.06476018821909107,0.4320275130007266,2.1070670364525648e-07,2.8113288627411873e-06,2.2280230617826615e-13,1.8729262387133735e-13,7.305114624622839e-14,3.070421732151611e-14,4.3915075151567064e-08,3.472799810274616e-08,0.2149679133456924,0.1604845411725895,5.314916130675451e-16,2.1656952846000805e-16,1.42056925431795e-13,5.616923823824183e-14,1.2477966435284697e-17,1.3971996772030032e-17,3.0417232112206126e-15,3.1422149848212435e-15,1.3776566026073165e-10,1.3209002169093857e-10,3.2832666633193766e-12,3.148003384545958e-12,2.6388860388818018e-05,2.3605382036054683e-05,0.21344581982670066,0.17893524855893925,0.4050886527678991,0.19450501335211842,0.08494206558611236,0.025958234291697926,8.094145365141803e-08,3.7514343775522734e-08,4.793193551104151e-06,2.146946965943304e-06,6.463446227596413e-10,2.801045830577772e-10,7.015783917478118e-12,3.0404108889128274e-12,1.2716645670240533e-06,5.337609344604194e-07,1.7068653726615183e-11,9.171328488958642e-12,0.001095195903619863,0.000565689370908966,1.4613091813529802e-07,7.26662752857959e-08,0.004655257958038298,0.0022317358458211747,9.008667054011122e-07,4.168970945754688e-07,0.0006712142746622058,0.00030020753355776853,3.044473693115788e-10,9.979645725026244e-11,6.902318929636537e-06,2.208295249971453e-06,2.969796935492223e-10,9.501427756211486e-11,1.7693604081292525e-18,1.6988890101786896e-18,2.1291225443759368e-17,1.9070810578184143e-17,2.979746581507027e-14,2.5010900474482446e-14,2.2045529621208458e-09,1.7409015756027145e-09,2.467437537849518e-12,1.143438103135349e-12,5.7429612035399284e-15,2.574077438148366e-15,1.156006189380805e-22,3.3794727960976624e-23,5.110406097833671e-15,1.56159450234694e-15,4.7166869288035244e-18,2.0453757317831327e-18,2.3675405419464166e-17,1.2238194350627368e-17,7.78219219820059e-10,3.872701382340183e-10,1.2297243490809029e-15,5.899518045051462e-16,2.8263088099739436e-17,9.263608073826269e-18,5.686800705853888e-19,1.7776283184815962e-19,2.922319046568794e-14,9.134832327553517e-15,7.995059116099949e-11,2.4991632778837997e-11,1.004764385991289e-16,3.2161257619546185e-17,0.010328643907965411,0.004958633510920541,1.000000000000003e-30,3.3664878149437386e-31,5.9432726531780485e-09,1.8550391073454864e-09,4.298729981095205e-06,1.311067199443402e-06,4.5844479440978805e-10,1.4323797218605438e-10,1.6195170376804042e-12,4.944289168027637e-13
0.296,1273.4900488490975,5.33484114922847,0.2635250859420733,1.1264225905818075,0.06477508796651975,0.43209729566651695,2.1032415427694272e-07,2.806032415529488e-06,2.2174656220697962e-13,1.8639236625330926e-13,7.267766633193325e-14,3.054514592368981e-14,4.379042775081266e-08,3.462705368848993e-08,0.21491527526867277,0.16043424783308566,5.287419968286572e-16,2.1543436258321818e-16,1.415102997456659e-13,5.594926789310183e-14,1.2386105169116062e-17,1.3868186097568034e-17,3.022853602228328e-15,3.1225079460902644e-15,1.3715087503460467e-10,1.3149155168596157e-10,3.2676879617311807e-12,3.1328517620114248e-12,2.6331372044157905e-05,2.3552343220337704e-05,0.21341883616702875,0.17890036569058362,0.40517157677549215,0.19453149627935498,0.08494122360313379,0.02595619791866874,8.085827131936036e-08,3.747322238857654e-08,4.793303287206285e-06,2.146848971308776e-06,6.443220269598466e-10,2.792089190480973e-10,6.989879469304319e-12,3.0289771406846084e-12,1.269048520723039e-06,5.326263839772271e-07,1.6943009770439593e-11,9.103193540394142e-12,0.0010904621001860209,0.000563205669343549,1.4542945052426333e-07,7.231250129872514e-08,0.004643471677511028,0.002225932922162125,8.98163415407439e-07,4.156175971911366e-07,0.0006704581073685984,0.0002998487779733215,3.033383955334923e-10,9.942612594487097e-11,6.8914216206721866e-06,2.2046577070847277e-06,2.961717022433835e-10,9.474927843808073e-11,1.7581147353659708e-18,1.687975542883107e-18,2.1210693785243152e-17,1.8997375289419217e-17,2.974008403515227e-14,2.496102545842545e-14,2.2051591984467178e-09,1.74126096334818e-09,2.462302457417692e-12,1.140980245610368e-12,5.717693889688784e-15,2.5625766247553144e-15,1.148442243192474e-22,3.3571302266150596e-23,5.093238785433908e-15,1.5562419944184287e-15,4.696692548374286e-18,2.036565646412268e-18,2.3590364104238662e-17,1.2193399391847606e-17,7.77572490609866e-10,3.8692178229452717e-10,1.2275956410244943e-15,5.888902083249171e-16,2.8117910623817555e-17,9.215392567114992e-18,5.651039680615398e-19,1.7663287684691385e-19,2.916400641023547e-14,9.115707274702324e-15,7.988227181686809e-11,2.4968565569413945e-11,1.0015722510239705e-16,3.205688414094538e-17,0.010328643907829303,0.004958293664473292,1.0000000000000041e-30,3.3662570883330473e-31,5.919792524359232e-09,1.8475837561467602e-09,4.289862403909542e-06,1.3082730118128184e-06,4.574884595331604e-10,1.4292937530694796e-10,1.6105762171738437e-12,4.916656382405606e-13
0.297,1273.316754807036,5.335074948015615,0.2635135374922247,1.1302174620313608,0.0647899226808693,0.4321667672670246,2.09943449248262e-07,2.8007621560968547e-06,2.2069917589458916e-13,1.854993134823934e-13,7.2307319342539e-14,3.0387422253446696e-14,4.366654113262438e-08,3.45267352224065e-08,0.2148628801216346,0.1603841918159627,5.26015649254673e-16,2.1430889799562987e-16,1.4096761259527508e-13,5.573090183888489e-14,1.2295209307418613e-17,1.3765474712936903e-17,3.0041603689976085e-15,3.1029867361566335e-15,1.3654080277742907e-10,1.3089772196325371e-10,3.2522324367232483e-12,3.1178212563757317e-12,2.6274192211421333e-05,2.349959480008528e-05,0.21339194901526495,0.1788656232479663,0.40525409322558525,0.19455783946804026,0.08494040502549086,0.02595417692109807,8.077539238660505e-08,3.7432258694748914e-08,4.7934150264758485e-06,2.146752544362206e-06,6.423133226025179e-10,2.7831948226655727e-10,6.964164215272811e-12,3.017627862614749e-12,1.266447667836938e-06,5.314985280125796e-07,1.681869663078261e-11,9.035785672792503e-12,0.001085764450914453,0.0005607411515953961,1.4473364179373856e-07,7.196161142505238e-08,0.00463175503877017,0.002220164855245232,8.954771418630426e-07,4.1434627569153426e-07,0.0006697054360436313,0.0002994917266304875,3.022370934704697e-10,9.905839012890881e-11,6.8805788540987534e-06,2.2010387841603512e-06,2.9536857103149523e-10,9.448589926050599e-11,1.746976088525338e-18,1.6771668339393113e-18,2.113072462873468e-17,1.892445962963798e-17,2.9682978454687896e-14,2.4911396703792798e-14,2.2057624483341343e-09,1.741618476929634e-09,2.4571937916471234e-12,1.1385353126484099e-12,5.692622945681762e-15,2.5511661723343336e-15,1.140953256657195e-22,3.335010847629222e-23,5.076185429887984e-15,1.5509255120610142e-15,4.676849874140692e-18,2.0278231671788493e-18,2.3505898627034745e-17,1.2148911910688569e-17,7.769284193261887e-10,3.8657491493332683e-10,1.2254772723715234e-15,5.878338971665411e-16,2.7973940237767836e-17,9.167582060955418e-18,5.615627338493308e-19,1.7551402838463064e-19,2.910514725059661e-14,9.096689172488178e-15,7.981426221524635e-11,2.494560596626705e-11,9.984008516673904e-17,3.1953198379228124e-17,0.010328643907694121,0.004957955382256126,1.0000000000000034e-30,3.366027423700408e-31,5.896483614886109e-09,1.8401834244626523e-09,4.281044218465897e-06,1.305494668673919e-06,4.5653726875295217e-10,1.4262247140021005e-10,1.6017141289257107e-12,4.889269212801599e-13
0.298,1273.1440396404587,5.335308472143681,0.26350200361946036,1.134012499588055,0.06480469285183442,0.43223593018808815,2.0956457342062483e-07,2.795517865782759e-06,2.1966005324423482e-13,1.8461338383383927e-13,7.194006839772194e-14,3.0231030321599606e-14,4.354340802479355e-08,3.442703665432229e-08,0.21481072593789896,0.16033437118492666,5.233122942599977e-16,2.131930187062718e-16,1.404288219093986e-13,5.5514122785765615e-14,1.2205265554306856e-17,1.3663847382178851e-17,2.9856412851993115e-15,3.0836489924616027e-15,1.359353915151838e-10,1.3030848090140535e-10,3.236898705632389e-12,3.1029104963851004e-12,2.6217318189023215e-05,2.344713419662992e-05,0.21336515782176013,0.1788310202927998,0.40533620543462173,0.19458404410935246,0.08493960965038881,0.025952171171512422,8.069281478425001e-08,3.739145157828152e-08,4.793528737217825e-06,2.1466576654952976e-06,6.403183659293624e-10,2.774362076877018e-10,6.93863611943285e-12,3.006362137850538e-12,1.2638618682089313e-06,5.303773041075354e-07,1.6695695783236233e-11,8.969094703040764e-12,0.0010811025557477148,0.0005582956035786052,1.440434271042347e-07,7.161357234930529e-08,0.004620107387222428,0.002214431313728436,8.928077190955413e-07,4.130830496197652e-07,0.00066895623237271,0.0002991363654937444,3.011433834760007e-10,9.869322260097239e-11,6.869790157317613e-06,2.1974383177709045e-06,2.9457025360158975e-10,9.422412442250952e-11,1.7359430977422535e-18,1.6664615330606905e-18,2.105131214568205e-17,1.885205816194526e-17,2.9626146852689555e-14,2.4862012192810497e-14,2.2063627364690286e-09,1.7419741324874882e-09,2.4521113150899454e-12,1.1361031922566442e-12,5.66774616896986e-15,2.539845058980452e-15,1.133538230569371e-22,3.313111664941962e-23,5.059244885204191e-15,1.5456446893052032e-15,4.657157231516057e-18,2.0191475414804633e-18,2.3422003196919266e-17,1.2104728782334296e-17,7.762869873480904e-10,3.862295253621658e-10,1.2233691599671711e-15,5.867828277254925e-16,2.7831162900120415e-17,9.120171805953546e-18,5.580559066265585e-19,1.7440613857970417e-19,2.904661010007152e-14,9.077777058228911e-15,7.974655993173076e-11,2.4922753110496698e-11,9.952499825206264e-17,3.1850193450891344e-17,0.010328643907559871,0.0049576186520791715,1.0000000000000027e-30,3.3657988127699464e-31,5.873344089510517e-09,1.832837517255865e-09,4.27227497728853e-06,1.3027320247478479e-06,4.5559117600209725e-10,1.4231724511531633e-10,1.592929813873154e-12,4.862124645099901e-13
0.299,1272.9718993387537,5.3355417221231685,0.26349048429487437,1.1378077030568865,0.06481939896389892,0.4323047867898353,2.0918751183099542e-07,2.7902993284945773e-06,2.186291016270015e-13,1.83734496780668e-13,7.157587717856927e-14,3.0075954383867655e-14,4.3421021249069554e-08,3.432795201292057e-08,0.21475881077414627,0.16028478402658125,5.206316599603191e-16,2.1208661050047094e-16,1.3989388621469643e-13,5.529891369128006e-14,1.2116260839877383e-17,1.356328912972543e-17,2.967294159674191e-15,3.0644923900044056e-15,1.3533459001757546e-10,1.297237776231047e-10,3.221685405845433e-12,3.088118130813561e-12,2.6160747307891584e-05,2.339495886268694e-05,0.21333846203940812,0.178796555894269,0.4054179166805699,0.19461011138008583,0.08493883727672495,0.025950180543690863,8.06105364652724e-08,3.735079993546592e-08,4.793644388254795e-06,2.146564315394706e-06,6.383370151739885e-10,2.765590311932382e-10,6.91329317475365e-12,2.995179062651676e-12,1.2612909834643398e-06,5.29262650603898e-07,1.65739890229899e-11,8.903110624633996e-12,0.0010764760204348468,0.0005558688143353856,1.4335874261769573e-07,7.126835127317866e-08,0.004608528078034364,0.0022087319712097444,8.901549838614018e-07,4.1182783970149363e-07,0.0006682104685173225,0.000298782680758202,3.000571870076764e-10,9.833059653946208e-11,6.859055063558322e-06,2.1938561465202106e-06,2.93776704241846e-10,9.396393852115689e-11,1.725014415046175e-18,1.6558583116755836e-18,2.097245058693839e-17,1.8780165524118983e-17,2.956958703300369e-14,2.4812869930625453e-14,2.206960087246375e-09,1.742327945965276e-09,2.4470548049740043e-12,1.133683773787025e-12,5.6430613883196564e-15,2.5286122774317547e-15,1.1261961822271408e-22,3.291429734093768e-23,5.0424160174585145e-15,1.5403991641209223e-15,4.6376129699871294e-18,2.010538027609871e-18,2.33386720998697e-17,1.2060846923837298e-17,7.756481762427251e-10,3.85885602904956e-10,1.2212712216240185e-15,5.857369572071608e-16,2.7689564777655715e-17,9.073157123648899e-18,5.5458303267994e-19,1.7330906200332824e-19,2.898839210671437e-14,9.058969980963635e-15,7.9679162569063e-11,2.4900006152955104e-11,9.921194409057436e-17,3.174786256444677e-17,0.010328643907426537,0.004957283461886839,1.0000000000000029e-30,3.3655712473569566e-31,5.850372140708327e-09,1.8255454485160642e-09,4.263554239901191e-06,1.2999849370167176e-06,4.5465013580750546e-10,1.420136813009474e-10,1.5842223284906123e-12,4.835219714245241e-13
0.3,1272.8003299178358,5.335774698504416,0.2634789794876078,1.1416030722432433,0.06483404149711422,0.4323733394105896,2.0881224968106018e-07,2.7851063305518726e-06,2.176062297259761e-13,1.8286257294517965e-13,7.121470988857338e-14,2.9922178924215173e-14,4.3299373715905655e-08,3.422947540141206e-08,0.21470713270946046,0.16023542844920133,5.179734785010301e-16,2.1098956086801132e-16,1.3936276461698857e-13,5.508525775255793e-14,1.2028182312092563e-17,1.3463785231100195e-17,2.9491168348843982e-15,3.045514639707448e-15,1.3473834776396398e-10,1.291435619614993e-10,3.2065911939436197e-12,3.073442827618007e-12,2.6104476929170208e-05,2.3343066280197446e-05,0.21331186111953362,0.1787622291250283,0.40549923020383444,0.194636042442511,0.0849380877055342,0.025948204912720735,8.052855540414379e-08,3.7310302674335607e-08,4.793761948919644e-06,2.1464724750320393e-06,6.363691304922494e-10,2.7568788954026663e-10,6.888133402025241e-12,2.9840777458945017e-12,1.2587348769162599e-06,5.281545066022618e-07,1.645355847420676e-11,8.837823612569705e-12,0.0010718844575867469,0.0005534605765768648,1.4267952553519287e-07,7.092591593367223e-08,0.0045970164778055345,0.0022030665070181745,8.875187756243717e-07,4.1058056797151593e-07,0.0006674681173149818,0.00029843065893788616,2.989784265876714e-10,9.797048548901967e-11,6.84837311167189e-06,2.190292110968499e-06,2.929878778004775e-10,9.370532634416052e-11,1.7141887134192165e-18,1.645355862003082e-18,2.089413427856908e-17,1.8708776424736556e-17,2.951329682226367e-14,2.4763967943486764e-14,2.2075545247797016e-09,1.7426799331120618e-09,2.4420240410303572e-12,1.131276947851545e-12,5.618566463116408e-15,2.5174668347379724e-15,1.1189261449716443e-22,3.2699621589738026e-23,5.025697710295231e-15,1.5351885800891818e-15,4.618215462020676e-18,2.001993894266351e-18,2.3255899695176784e-17,1.201726329218701e-17,7.750119677583594e-10,3.855431369929803e-10,1.2191833761232987e-15,5.846962433251169e-16,2.7549132235272388e-17,9.026533403113871e-18,5.511436657443097e-19,1.722226556270604e-19,2.893049045069342e-14,9.040267000588629e-15,7.961206775576188e-11,2.487736425373285e-11,9.89009026743838e-17,3.164619901627795e-17,0.010328643907294186,0.004956949799742625,1.0000000000000034e-30,3.3653447193575487e-31,5.827565990404878e-09,1.818306641785698e-09,4.254881574626313e-06,1.2972532652663013e-06,4.537141032920373e-10,1.417117650049839e-10,1.5755907447095022e-12,4.808551503948437e-13
0.301,1272.6293274011164,5.336007401933941,0.26346748916206736,1.1453986069529731,0.06484862092753954,0.43244159036909036,2.084387723546699e-07,2.7799386609116034e-06,2.1659134753740063e-13,1.8199753409872473e-13,7.085653122220182e-14,2.9769688641424646e-14,4.317845842550164e-08,3.4131600998232546e-08,0.21465568985114875,0.16018630258677669,5.153374859712587e-16,2.099017589665051e-16,1.388354168349418e-13,5.48731384193515e-14,1.1941017330765634e-17,1.3365321205998841e-17,2.9311071853350593e-15,3.0267134867559444e-15,1.3414661492871654e-10,1.28567784445379e-10,3.1916147455335994e-12,3.0588832737561424e-12,2.6048504444857544e-05,2.3291453960829896e-05,0.2132853545012231,0.17872803905194254,0.4055801492072758,0.19466183844406362,0.08493736073286941,0.025946244152776732,8.044686960960436e-08,3.726995872050462e-08,4.793881389139238e-06,2.146382125697425e-06,6.344145740870202e-10,2.748227204141372e-10,6.863154850797922e-12,2.973057309463781e-12,1.2561934136807156e-06,5.270528120087063e-07,1.6334386612369102e-11,8.773224035220287e-12,0.0010673274884864658,0.0005510706876142526,1.4200571436311355e-07,7.058623473490277e-08,0.004585571973299462,0.0021974346103896024,8.848989381780761e-07,4.093411585226479e-07,0.0006667291532380773,0.00029808028729368195,2.97907025844574e-10,9.761286337376527e-11,6.837743846825284e-06,2.1867460538487916e-06,2.9220372967346663e-10,9.34482728656213e-11,1.7034646858463881e-18,1.6349528961242083e-18,2.081635762000161e-17,1.8637885641426868e-17,2.945727407118599e-14,2.4715304279766712e-14,2.2081460728656387e-09,1.743030109451653e-09,2.4370188056327346e-12,1.1288826063835816e-12,5.594259279674907e-15,2.506407750592243e-15,1.1117271671440815e-22,3.248706088734237e-23,5.009088860667755e-15,1.5300125850941465e-15,4.598963102576341e-18,1.993514420332934e-18,2.3173680415627477e-17,1.1973974884349361e-17,7.743783438583831e-10,3.8520211718100777e-10,1.2171055435004263e-15,5.836606444364993e-16,2.7409851826864506e-17,8.98029609789849e-18,5.477373665396189e-19,1.7114677867624982e-19,2.887290234284337e-14,9.021667187378499e-15,7.954527315091668e-11,2.485482658360328e-11,9.859185426308986e-17,3.1545196192936685e-17,0.010328643907162703,0.0049566176538203,1.0000000000000027e-30,3.365119220742761e-31,5.804923901593511e-09,1.811120533774845e-09,4.246256567530058e-06,1.2945368748088114e-06,4.5278303432606017e-10,1.4141148152141284e-10,1.567034152801436e-12,4.782117155443221e-13
0.302,1272.4588879385346,5.336239832845786,0.26345601329316604,1.1491943069922326,0.06486313772203078,0.43250954193807184,2.0806706538282663e-07,2.7747961107518148e-06,2.1558436641680998e-13,1.8113930320308032e-13,7.050130653055907e-14,2.961846851909869e-14,4.305826847639389e-08,3.40343230644193e-08,0.21460448031844803,0.16013740458990183,5.127234228042724e-16,2.0882309578726232e-16,1.383118030764919e-13,5.466253934605391e-14,1.1854753486786894e-17,1.326788283990265e-17,2.913263124723202e-15,3.0080867180130374e-15,1.3355934248161836e-10,1.279963963973188e-10,3.176754756767833e-12,3.0444381766875305e-12,2.599282728226394e-05,2.3240119450382085e-05,0.21325894167012746,0.17869398478878043,0.40566067685647333,0.19468750052122033,0.08493665616949536,0.025944298143633738,8.036547707729126e-08,3.722976699591999e-08,4.794002679044671e-06,2.1462932488659944e-06,6.324732097804325e-10,2.739634622476923e-10,6.838355596669235e-12,2.9621168871243923e-12,1.2536664604652384e-06,5.259575074554798e-07,1.6216456097110742e-11,8.70930236460405e-12,0.001062804731825259,0.0005486989435512674,1.4133724759986777e-07,7.024927609628526e-08,0.004574193930024804,0.0021918359606563783,8.822953119956513e-07,4.081095339736198e-07,0.0006659935478709169,0.0002977315518167013,2.9684290938595604e-10,9.725770445711346e-11,6.827166818309229e-06,2.183217819405792e-06,2.914242159432071e-10,9.319276329198278e-11,1.6928410495135684e-18,1.6246481500280929e-18,2.0739115099344004e-17,1.8567488034883548e-17,2.9401516656457776e-14,2.466687701199397e-14,2.208734755083221e-09,1.7433784903946286e-09,2.4320388837577638e-12,1.126500642639792e-12,5.570137764604724e-15,2.4954340633563733e-15,1.1045983154577884e-22,3.2276587276747216e-23,4.992588380082248e-15,1.5248708317284117e-15,4.579854312493898e-18,1.985098896374751e-18,2.309200877341479e-17,1.1930978740515573e-17,7.737472866310511e-10,3.848625331096437e-10,1.2150376439023775e-15,5.826301190047271e-16,2.727171034351639e-17,8.934440741942085e-18,5.443637039602354e-19,1.700812930033575e-19,2.8815625039282814e-14,9.003169626715511e-15,7.947877643334899e-11,2.483239232110197e-11,9.828477937958329e-17,3.1444847570328024e-17,0.010328643907032165,0.004956287012499056,1.0000000000000024e-30,3.364894743623035e-31,5.782444122965584e-09,1.803986557113642e-09,4.237678780032637e-06,1.2918356235825154e-06,4.518568848878125e-10,1.4111281619308532e-10,1.5585516476131964e-12,4.755913825537653e-13
0.303,1272.2890076360486,5.336471991885006,0.2634445518454126,1.152990172167637,0.06487759234660113,0.43257719638668946,2.07697114465904e-07,2.769678473679455e-06,2.1458519890480182e-13,1.8028780425754897e-13,7.014900155635181e-14,2.946850371321451e-14,4.293879704356892e-08,3.393763592518706e-08,0.2145535022586984,0.1600887326328735,5.101310329396559e-16,2.0775346380631083e-16,1.3779188415097621e-13,5.445344443413759e-14,1.176937856127168e-17,1.317145613777944e-17,2.8955825938229844e-15,2.9896321493910684e-15,1.3297648199167356e-10,1.2742934974110616e-10,3.1620099406802398e-12,3.0301062607523832e-12,2.593744289374755e-05,2.3189060318853337e-05,0.21323262207703989,0.17866006542244733,0.40574081628151365,0.1947130297943584,0.08493597381972692,0.025942366763399054,8.028437584811051e-08,3.718972644473914e-08,4.794125789456961e-06,2.1462058263488616e-06,6.30544903400342e-10,2.731100543794875e-10,6.8137337423658625e-12,2.951255624888269e-12,1.2511538856301022e-06,5.248685343096973e-07,1.609974998616685e-11,8.64604929092477e-12,0.0010583158190248685,0.0005463451471761593,1.4067406543609277e-07,6.991500929514855e-08,0.004562881747085135,0.002186270253461168,8.797077443052494e-07,4.068856201165138e-07,0.000665261275937129,0.0002973844399137392,2.957860028700299e-10,9.69049833619407e-11,6.816641581722756e-06,2.179707254025034e-06,2.9064929312739657e-10,9.29387829786591e-11,1.6823165386143778e-18,1.6144403766431986e-18,2.066240126543844e-17,1.8497578523207177e-17,2.934602247437534e-14,2.461868423072778e-14,2.2093205947040656e-09,1.7437250911137834e-09,2.4270840626888627e-12,1.124130951026739e-12,5.546199865607949e-15,2.484544821368818e-15,1.0975386695905504e-22,3.206817319307392e-23,4.976195196333048e-15,1.5197629777716757e-15,4.560887531892511e-18,1.976746621708013e-18,2.3010879344980153e-17,1.1888271935865656e-17,7.731187783747262e-10,3.845243745356909e-10,1.2129795989931568e-15,5.816046262549575e-16,2.7134694732484598e-17,8.888962922700477e-18,5.410222531436461e-19,1.6902606247762574e-19,2.8758655817027175e-14,8.984773411179341e-15,7.941257531024624e-11,2.4810060654445893e-11,9.797965878726269e-17,3.1345146705369334e-17,0.010328643906902505,0.004955957864210063,1.0000000000000018e-30,3.3646712801441503e-31,5.760124961216835e-09,1.7969041628502748e-09,4.229147805251492e-06,1.289149379287894e-06,4.509356118558399e-10,1.4081575465466972e-10,1.5501423459074074e-12,4.729938739355468e-13
0.304,1272.1196826931655,5.336703879566741,0.2634331047897446,1.156786202286168,0.06489198525957789,0.4326445559457762,2.0732890545740403e-07,2.764585545581007e-06,2.1359375884196386e-13,1.7944296239925952e-13,6.979958263461375e-14,2.9319779637040267e-14,4.282003739530108e-08,3.3841533984029515e-08,0.21450275383513961,0.1600402849085837,5.075600643969042e-16,2.0669275722210983e-16,1.3727562137173854e-13,5.424583779485736e-14,1.16848805517954e-17,1.3076027353629243e-17,2.878063569267049e-15,2.971347634971409e-15,1.3239798577024618e-10,1.2686659714162422e-10,3.147379029745704e-12,3.0158862696873334e-12,2.58823487649654e-05,2.313827416837819e-05,0.21320639520329637,0.17862628007226555,0.4058205705764734,0.1947384273724097,0.08493531349674525,0.025940449893841325,8.020356396281213e-08,3.714983601320639e-08,4.794250691493322e-06,2.146119840170558e-06,6.286295224504662e-10,2.722624369171146e-10,6.789287416473318e-12,2.940472680529222e-12,1.2486555591383286e-06,5.23785834664914e-07,1.598425155158392e-11,8.583455623975191e-12,0.0010538603816210794,0.0005440091014593754,1.4001610838218746e-07,6.958340378596138e-08,0.004551634813485038,0.002180737179870182,8.771360810598974e-07,4.056693422115642e-07,0.0006645323105068945,0.0002970389382718548,2.947362329335367e-10,9.655467504912205e-11,6.806167697230576e-06,2.176214205728621e-06,2.8987891837470056e-10,9.268631749478615e-11,1.671889909526974e-18,1.6043283508332818e-18,2.0586210749033417e-17,1.8428152101272636e-17,2.9290789446226426e-14,2.4570724049670932e-14,2.209903614763158e-09,1.744069926643964e-09,2.422154132261473e-12,1.1217734272415619e-12,5.522443565471486e-15,2.4737390892660608e-15,1.090547325901309e-22,3.1861791572690483e-23,4.959908249246923e-15,1.5146886849254146e-15,4.5420612249988e-18,1.9684569065350933e-18,2.2930286782168646e-17,1.1845851586600083e-17,7.724928015331239e-10,3.841876313094761e-10,1.2109313308408566e-15,5.805841256545322e-16,2.6998792157426234e-17,8.843858301055513e-18,5.377125967090908e-19,1.6798095337489687e-19,2.870199199339556e-14,8.966477646826774e-15,7.934666751083921e-11,2.4787830780171835e-11,9.767647350570931e-17,3.124608724172442e-17,0.010328643906773755,0.004955630197560929,1.0000000000000025e-30,3.3644488225716385e-31,5.737964723187677e-09,1.7898728024382298e-09,4.220663223169874e-06,1.2864780057510199e-06,4.5001917237652773e-10,1.4052028263850127e-10,1.5418053723419502e-12,4.704189147638958e-13
0.305,1271.9509092993844,5.33693549653435,0.2634216720907849,1.160582397155265,0.06490631691661768,0.4327116228332693,2.0696242437816427e-07,2.7595171247578474e-06,2.1260996125998997e-13,1.786047038074916e-13,6.945301652689995e-14,2.9172281890768945e-14,4.270198287994027e-08,3.3746011711579075e-08,0.21445223323721244,0.1599920596332055,5.05010268750533e-16,2.0564087173673405e-16,1.3676297662341454e-13,5.4039703774648446e-14,1.1601247646652802e-17,1.2981582961278574e-17,2.8607040560873787e-15,2.9532310592233663e-15,1.3182380675048112e-10,1.2630809188639523e-10,3.1328607736101913e-12,3.001776964379729e-12,2.5827542408730658e-05,2.3087758627273706e-05,0.21318026051127403,0.1785926278451611,0.40589994280055913,0.19476369434980056,0.08493467500911663,0.02593854741578897,8.01230394978739e-08,3.71100946655693e-08,4.794377356862898e-06,2.1460352726613344e-06,6.267269363443911e-10,2.714205508327969e-10,6.765014774056367e-12,2.9297672237872393e-12,1.2461713525994383e-06,5.227093513490267e-07,1.5869944409203004e-11,8.521512362414129e-12,0.0010494380606789098,0.0005416906144019233,1.393633182972417e-07,6.925442971009224e-08,0.004540452541525206,0.002175236442330586,8.745801730630646e-07,4.0446062781206706e-07,0.0006638066266766704,0.0002966950344976506,2.936935272343168e-10,9.620675482938957e-11,6.795744730925815e-06,2.172738524568556e-06,2.8911304931211664e-10,9.243535257251292e-11,1.6615599363808416e-18,1.5943108650992864e-18,2.0510538245762113e-17,1.8359203825089025e-17,2.92358155145385e-14,2.452299460204039e-14,2.210483838001519e-09,1.744413011804575e-09,2.4172488846904538e-12,1.119427968169828e-12,5.498866870422371e-15,2.4630159427091987e-15,1.0836233941052182e-22,3.165741575516151e-23,4.943726492901178e-15,1.50964761945826e-15,4.523373876106306e-18,1.96022907014868e-18,2.2850225802993346e-17,1.1803714844913941e-17,7.718693387502645e-10,3.8385229339489145e-10,1.2088927627790693e-15,5.795685773146976e-16,2.6863989948749408e-17,8.799122594836176e-18,5.344343235593755e-19,1.6694583399863202e-19,2.86456309113413e-14,8.948281448430505e-15,7.928105079216197e-11,2.476570190446405e-11,9.737520479710579e-17,3.114766290480179e-17,0.010328643906645863,0.004955304001243283,1.0000000000000029e-30,3.364227363228096e-31,5.715961759708698e-09,1.7828919413751441e-09,4.212224634964582e-06,1.2838213733623622e-06,4.491075243481359e-10,1.4022638612294746e-10,1.53353986985547e-12,4.67866235832116e-13
0.306,1271.782683717444,5.337166843348354,0.2634102537172608,1.1643787565827661,0.06492058776679166,0.432778399234348,2.0659765739723691e-07,2.754473011708565e-06,2.1163372242319472e-13,1.7777295574033464e-13,6.91092705399438e-14,2.9025996311629736e-14,4.258462693335113e-08,3.365106365191049e-08,0.21440193867126606,0.15994405504153583,5.024814014180072e-16,2.0459770467497664e-16,1.362539122855926e-13,5.383502692556625e-14,1.1518468237955399e-17,1.2888109669079814e-17,2.8435020926143503e-15,2.935280342082296e-15,1.312538985608496e-10,1.2575378795737344e-10,3.1184539402556708e-12,2.987777124013899e-12,2.577302136877319e-05,2.30375113537064e-05,0.21315421748484403,0.17855910787211118,0.4059789359780209,0.19478883180921985,0.08493405817221102,0.025936659212988992,8.004280053458945e-08,3.7070501370279247e-08,4.794505757598726e-06,2.1459521063678143e-06,6.248370161404273e-10,2.705843378518081e-10,6.740913995111861e-12,2.9191384357315387e-12,1.2437011391641595e-06,5.216390278869753e-07,1.5756812405498816e-11,8.460210633021736e-12,0.0010450484991395067,0.0005393894950902771,1.3871563751190409e-07,6.892805746055445e-08,0.004529334338963118,0.002169767741359542,8.720398708386547e-07,4.032594043966643e-07,0.0006630841985135173,0.0002963527157554521,2.926578143789059e-10,9.586119834072676e-11,6.7853722535213804e-06,2.1692800622377723e-06,2.8835164415060486e-10,9.218587414194802e-11,1.6513254139330646e-18,1.5843867323496178e-18,2.0435378527388727e-17,1.8290728822078127e-17,2.918109864507234e-14,2.4475494042570286e-14,2.211061286921673e-09,1.744754361268578e-09,2.4123681146045554e-12,1.1170944719164025e-12,5.4754678194939065e-15,2.4523744726051583e-15,1.0767659995969246e-22,3.145501955129887e-23,4.9276488955573205e-15,1.50463945220376e-15,4.504823992086671e-18,1.952062442041017e-18,2.2770691196618217e-17,1.1761858901710113e-17,7.712483728202002e-10,3.8351835084977927e-10,1.2068638186632657e-15,5.785579416419141e-16,2.6730275637188947e-17,8.7547515898984e-18,5.311870297286639e-19,1.6592057494575946e-19,2.858956995035691e-14,8.93018394300461e-15,7.921572293348357e-11,2.474367324176087e-11,9.707583416800092e-17,3.1049867502698483e-17,0.010328643906518822,0.004954979264103869,1.0000000000000034e-30,3.364006894541421e-31,5.694114428578102e-09,1.7759610476733643e-09,4.203831634460432e-06,1.2811793503924445e-06,4.482006260021159e-10,1.3993405120352024e-10,1.525344990583339e-12,4.653355708846579e-13
0.307,1271.6150022271272,5.337397920622933,0.26339884963526605,1.1681752803769465,0.06493479825549481,0.4328448873162046,2.062345908364903e-07,2.749453009158162e-06,2.1066495975507936e-13,1.769476464702762e-13,6.876831243093914e-14,2.8880908933631825e-14,4.2467963070443705e-08,3.3556684415421386e-08,0.21435186836472753,0.15989626938836252,4.99973221338887e-16,2.0356315485035294e-16,1.3574839126013765e-13,5.363179201533096e-14,1.1436530905832148e-17,1.279559440194653e-17,2.8264557461811983e-15,2.9174934344604386e-15,1.3068821545252428e-10,1.2520363995948782e-10,3.1041573145746458e-12,2.9738855446595485e-12,2.5718783215942903e-05,2.2987530032021723e-05,0.21312826560287568,0.17852571928401106,0.40605755309926667,0.19481384082007144,0.08493346280223718,0.025934785170004724,7.996284517754501e-08,3.7031055108136385e-08,4.794635866214931e-06,2.145870324100096e-06,6.229596346393623e-10,2.6975374049123753e-10,6.716983284538063e-12,2.9085855087066863e-12,1.2412447935164996e-06,5.205748084911349e-07,1.564483968058854e-11,8.399541724347305e-12,0.0010406913466000367,0.0005371055561559029,1.3807300935870792e-07,6.860425794449862e-08,0.004518279626540921,0.0021643307839153444,8.695150278384985e-07,4.0206560084764665e-07,0.0006623650009989831,0.0002960119696328721,2.916290239291453e-10,9.551798154922641e-11,6.775049840923547e-06,2.1658386722283454e-06,2.8759466159378737e-10,9.193786830080938e-11,1.6411851550028754e-18,1.5745547834082986e-18,2.0360726431731666e-17,1.8222722281801856e-17,2.9126636824408926e-14,2.442822054520101e-14,2.21163598376718e-09,1.745093989527748e-09,2.4075116189119764e-12,1.1147728377299063e-12,5.4522444775359105e-15,2.4418137819390673e-15,1.069974281428918e-22,3.125457718346885e-23,4.911674439759587e-15,1.4996638585704335e-15,4.486410099926501e-18,1.9439563608079017e-18,2.2691677817378234e-17,1.1720280983351523e-17,7.70629886707711e-10,3.8318579383196155e-10,1.2048444233046822e-15,5.775521795391638e-16,2.6597636925288493e-17,8.710741130642793e-18,5.279703175982685e-19,1.6490504885847168e-19,2.8533806517860706e-14,8.912184267007038e-15,7.915068173799826e-11,2.4721744015006257e-11,9.677834335758756e-17,3.0952694922044887e-17,0.010328643906392654,0.004954655975091073,1.000000000000004e-30,3.3637874090085053e-31,5.6724211173815095e-09,1.7690795989533524e-09,4.195483826203136e-06,1.278551808485319e-06,4.4729843614745766e-10,1.3964326416750184e-10,1.5172199011675665e-12,4.628266582293385e-13
0.308,1271.4478611470531,5.337628728977384,0.26338745981065753,1.1719719683465213,0.06494894882305043,0.43291108922094723,2.0587321117712553e-07,2.7444569221564694e-06,2.097035918652571e-13,1.7612870530695136e-13,6.843011043270009e-14,2.873700599813137e-14,4.2351984889787533e-08,3.346286868258844e-08,0.21430202056670292,0.15984870094969733,4.974854910544067e-16,2.0253712259746143e-16,1.352463769676533e-13,5.342998402603486e-14,1.1355424420854373e-17,1.2704024303992997e-17,2.809563114235153e-15,2.8998683193872143e-15,1.301267123240369e-10,1.2465760314441742e-10,3.0899696988611127e-12,2.960101039744412e-12,2.566482555056138e-05,2.2937812374935785e-05,0.21310240434862038,0.1784924612204249,0.40613579712082254,0.19483872243944894,0.0849328887155346,0.025932925172129178,7.988317155139198e-08,3.6991754870967616e-08,4.794767655661006e-06,2.1457899089219307e-06,6.210946663784358e-10,2.689287020581155e-10,6.693220872367556e-12,2.898107646439435e-12,1.238802191929673e-06,5.195166380867725e-07,1.5534010637118685e-11,8.339497069950982e-12,0.0010363662573304605,0.0005348386127521892,1.374353780018033e-07,6.828300249862442e-08,0.004507287832708232,0.002158925280876463,8.670054994864053e-07,4.008791470100354e-07,0.0006616490094512202,0.000295672783883821,2.9060708640853993e-10,9.517708075139392e-11,6.764777074214307e-06,2.1624142098350483e-06,2.8684206087488214e-10,9.169132132654296e-11,1.6311379911137915e-18,1.5648138676267813e-18,2.028657686654433e-17,1.815517945947627e-17,2.9072428062016225e-14,2.4381172304914408e-14,2.212207950518403e-09,1.745431910898294e-09,2.4026791969422808e-12,1.1124629660728954e-12,5.429194936009992e-15,2.431332986133411e-15,1.0632473924991215e-22,3.1056063290958923e-23,4.895802118492406e-15,1.494720517372559e-15,4.468130747562254e-18,1.9359101745132504e-18,2.2613180587504664e-17,1.16789783530981e-17,7.700138635532889e-10,3.8285461260352496e-10,1.2028345023746205e-15,5.765512523625108e-16,2.6466061696100425e-17,8.667087122864475e-18,5.247837958548622e-19,1.6389913041066283e-19,2.847833805298377e-14,8.894281567557823e-15,7.908592503422158e-11,2.4699913456201072e-11,9.648271434581975e-17,3.0856139130690557e-17,0.010328643906267337,0.004954334123279719,1.0000000000000032e-30,3.363568899212093e-31,5.650880236563216e-09,1.7622470802854698e-09,4.187180820042866e-06,1.2759386210124437e-06,4.4640091410859385e-10,1.393540114750996e-10,1.5091637810613658e-12,4.603392402195608e-13
0.309,1271.2812568356744,5.337859269022219,0.26337608420974085,1.1757688203006404,0.06496303990520821,0.43297700706811826,2.055135050375928e-07,2.7394845577761104e-06,2.087495384855618e-13,1.7531606254237756e-13,6.809463324791589e-14,2.859427395121543e-14,4.2236686067352065e-08,3.3369611198896834e-08,0.21425239354333012,0.15980134801898124,4.950179765752441e-16,2.0151950971668594e-16,1.3474783330479062e-13,5.322958813700937e-14,1.1275137738119304e-17,1.261338673175251e-17,2.792822323553543e-15,2.8824030111729505e-15,1.2956934469294759e-10,1.2411563338272519e-10,3.0758899119552875e-12,2.946422439216401e-12,2.5611145999632668e-05,2.2888356120971594e-05,0.2130766332123322,0.1784593328314263,0.40621367096618616,0.19486347771218437,0.08493233573358341,0.025931079106863854,7.980377779241714e-08,3.695259965763817e-08,4.794901099258966e-06,2.14571084411832e-06,6.192419874753393e-10,2.6810916658072216e-10,6.669625011947919e-12,2.8877040632366817e-12,1.2363732120953123e-06,5.184644622387915e-07,1.5424309932831797e-11,8.280068244305647e-12,0.001032072890141257,0.0005325884824831923,1.3680268830456935e-07,6.796426282296597e-08,0.004496358389833674,0.002153550945219499,8.645111424354831e-07,3.996999733466352e-07,0.0006609361991179401,0.00029533514624589184,2.895919332335878e-10,9.483847255121226e-11,6.754553539042484e-06,2.1590065319548315e-06,2.860938017307897e-10,9.144621966770681e-11,1.6211827720056255e-18,1.5551628524004605e-18,2.021292480615623e-17,1.8088095672878445e-17,2.901847038735107e-14,2.433434753523456e-14,2.212777208924384e-09,1.7457681395428368e-09,2.3978706501798457e-12,1.1101647584951234e-12,5.406317315365581e-15,2.4209312140978747e-15,1.0565844998046094e-22,3.08594529370567e-23,4.880030942241616e-15,1.4898091129797235e-15,4.4499845029914785e-18,1.9279232402931877e-18,2.253519449308394e-17,1.1637948308966979e-17,7.694002866451852e-10,3.8252479751606034e-10,1.2008339822240875e-15,5.755551218330724e-16,2.6335538007602733e-17,8.623785531863952e-18,5.216270797452764e-19,1.629026963858487e-19,2.842316202475772e-14,8.876475001846029e-15,7.902145067165123e-11,2.4678180804990864e-11,9.618892933526001e-17,3.076019417177207e-17,0.010328643906142881,0.004954013697861471,1.0000000000000032e-30,3.3633513578142513e-31,5.629490213821361e-09,1.755462982433102e-09,4.1789222273180085e-06,1.273339661905873e-06,4.4550801963352023e-10,1.3906627973033746e-10,1.5011758208509482e-12,4.578730627387668e-13
0.31,1271.1151856847096,5.33808954138549,0.26336472279797174,1.1795658360489003,0.06497707193294573,0.433042642953703,2.0515545919624566e-07,2.734535725414157e-06,2.078027204988941e-13,1.74509649474567e-13,6.776185003583241e-14,2.8452699437985023e-14,4.212206036066092e-08,3.3276906778088016e-08,0.21420298558283019,0.15975420891094472,4.92570447384487e-16,2.005102194745058e-16,1.342527246795351e-13,5.3030589738643866e-14,1.1195659995327122e-17,1.2523669251901254e-17,2.7762315296876745e-15,2.8650955548159903e-15,1.2901606870138235e-10,1.235776871687803e-10,3.061916789543605e-12,2.932848589820668e-12,2.55577422190331e-05,2.2839159036406443e-05,0.21305095168594737,0.17842633327325655,0.4062911775259443,0.19488810767105438,0.0849318036767411,0.025929246862023414,7.972466205977584e-08,3.6913588479266385e-08,4.795036170778298e-06,2.1456331132304065e-06,6.174014757653754e-10,2.6729507886756146e-10,6.646193981258958e-12,2.8773739845494445e-12,1.2339577332786095e-06,5.174182272165495e-07,1.5315722481898973e-11,8.221246963429178e-12,0.001027810908639614,0.0005303549855342988,1.3617488599999023e-07,6.764801106529287e-08,0.004485490739918835,0.0021482074947545334,8.620318156544202e-07,3.9852801143983916e-07,0.0006602265458119762,0.00029499904472444984,2.885834967640313e-10,9.450213387641381e-11,6.744378826239876e-06,2.155615497283623e-06,2.853498444107624e-10,9.120254994665579e-11,1.6113183652898094e-18,1.5456006228271698e-18,2.0139765292340334e-17,1.802146630308486e-17,2.896476185257167e-14,2.4287744470498564e-14,2.21334378047221e-09,1.7461026894476375e-09,2.393085782505558e-12,1.1078781177450913e-12,5.383609760606043e-15,2.41060760623607e-15,1.0499847834013321e-22,3.066472157842127e-23,4.8643599288778075e-15,1.4849293322256923e-15,4.431969954392464e-18,1.9199949244023766e-18,2.2457714586182506e-17,1.1597188184808891e-17,7.687891394488377e-10,3.8219633902544115e-10,1.1988427901099332e-15,5.745637501453704e-16,2.6206054090582293e-17,8.580832381717304e-18,5.184997904559168e-19,1.6191562548214807e-19,2.8368275932562633e-14,8.858763737266292e-15,7.89572565251969e-11,2.465654531005758e-11,9.58969707638947e-17,3.0664854167768184e-17,0.010328643906019263,0.004953694688148165,1.0000000000000036e-30,3.363134777558639e-31,5.608249501883339e-09,1.7487268042733356e-09,4.170707666729009e-06,1.2707548074477146e-06,4.4461971300776205e-10,1.3878005571657888e-10,1.493255224299602e-12,4.554278758216089e-13
0.311,1270.9496441406245,5.338319546646588,0.263353375543222,1.1833630154013095,0.06499104533202438,0.43310799894786906,2.0479906056245586e-07,2.729610236409035e-06,2.0686305988527061e-13,1.737093983617543e-13,6.743173042664484e-14,2.831226930850046e-14,4.200810160405852e-08,3.3184750298413375e-08,0.21415379498837098,0.1597072819565116,4.901426763766335e-16,1.9950915657794488e-16,1.3376101594878364e-13,5.283297440765125e-14,1.1116980510696718e-17,1.2434859638814441e-17,2.7597889174504245e-15,2.8479440264896754e-15,1.2846684110584205e-10,1.2304372161072062e-10,3.0480491835878053e-12,2.919378354544962e-12,2.5504611891415844e-05,2.2790218913408665e-05,0.2130253592758272,0.17839346171926154,0.40636831965837494,0.19491261333738344,0.08493129237248583,0.02592742832829138,7.964582251848139e-08,3.6874720351391096e-08,4.795172844299455e-06,2.1455566999975617e-06,6.155730105734857e-10,2.6648638440847203e-10,6.622926080662778e-12,2.867116645994836e-12,1.2315556361101672e-06,5.163778799067643e-07,1.520823342334659e-11,8.163025067862029e-12,0.001023579979359674,0.0005281379437063731,1.3555191734029423e-07,6.73342196468661e-08,0.004474684323673039,0.002142894646892829,8.595673783733569e-07,3.9736319304182193e-07,0.000659520024712798,0.00029466446705743145,2.8758171021410786e-10,9.416804194931134e-11,6.734252530837445e-06,2.1522409660035386e-06,2.8461014967129384e-10,9.09602989578983e-11,1.6015436567135492e-18,1.5361260819511729e-18,2.0067093433650973e-17,1.795528679385653e-17,2.8911300529813006e-14,2.424136136358811e-14,2.2139076864329856e-09,1.7464355744617356e-09,2.388324399915593e-12,1.105602947640421e-12,5.361070445912167e-15,2.4003613165104805e-15,1.0434474372533823e-22,3.0471845089675043e-23,4.848788112827215e-15,1.4800808672072178e-15,4.414085709859997e-18,1.9121246020956837e-18,2.238073598195165e-17,1.1556695348801879e-17,7.681804055656752e-10,3.81869227671811e-10,1.1968608538187935e-15,5.735770997875306e-16,2.6077598351512064e-17,8.538223756189303e-18,5.154015555551596e-19,1.6093779844941064e-19,2.8313677306979307e-14,8.841146951689037e-15,7.889334048932413e-11,2.4635006227319615e-11,9.560682128686329e-17,3.0570113314639815e-17,0.010328643905896473,0.004953377083579373,1.0000000000000045e-30,3.3629191512756316e-31,5.587156563523507e-09,1.7420380481225049e-09,4.162536753181452e-06,1.268183932871268e-06,4.437359548523105e-10,1.384953263335165e-10,1.48540120425421e-12,4.530034324035099e-13
0.312,1270.7846286644362,5.338549285438703,0.26334204241072445,1.187160358168327,0.0650049605248249,0.43317307710427494,2.0444429619117477e-07,2.7247079042138223e-06,2.0593047969279957e-13,1.7291524239612896e-13,6.71042444631299e-14,2.817297059294161e-14,4.1894803705449146e-08,3.309313669977586e-08,0.2141048200831197,0.15966056550545996,4.877344396699911e-16,1.9851622709584662e-16,1.3327267245469677e-13,5.263672792091496e-14,1.103908877278661e-17,1.2346945862967149e-17,2.7434926980207084e-15,2.8309465305146097e-15,1.279216192352868e-10,1.2251369438901288e-10,3.0342859616162735e-12,2.9060106119090182e-12,2.5451752724896093e-05,2.2741533568682335e-05,0.21299985548278294,0.17836071734193606,0.40644510019037083,0.194936995720171,0.0849308016485187,0.025925623396936322,7.956725735713217e-08,3.683599430191588e-08,4.795311094358137e-06,2.1454815884071795e-06,6.137564728496003e-10,2.6568302943083016e-10,6.599819633603372e-12,2.856931293631337e-12,1.229166802658742e-06,5.15343367839912e-07,1.5101828162558e-11,8.105394544804692e-12,0.0010193797749752664,0.0005259371820681281,1.3493372952419354e-07,6.70228614739431e-08,0.004463938594756159,0.0021376121254507103,8.571176927059801e-07,3.9620545128338333e-07,0.0006588166119562709,0.0002943314014235589,2.865865076844077e-10,9.383617429634605e-11,6.724174252753666e-06,2.148882799986621e-06,2.838746787244792e-10,9.071945365082564e-11,1.591857548429676e-18,1.5267381490816426e-18,1.999490439955521e-17,1.7889552646216527e-17,2.885808451102516e-14,2.419519648560823e-14,2.2144689478348826e-09,1.7467668082639547e-09,2.3835863105589983e-12,1.1033391530766197e-12,5.338697568550012e-15,2.390191509689127e-15,1.0369716675900021e-22,3.0280799714957627e-23,4.8333145397250634e-15,1.4752634136382723e-15,4.396330395951088e-18,1.9043116569785205e-18,2.230425385595506e-17,1.15164672019643e-17,7.675740687595215e-10,3.815434540899898e-10,1.1948881020610694e-15,5.725951337257661e-16,2.5950159353870115e-17,8.495955792517234e-18,5.123320083027678e-19,1.5996909787120373e-19,2.8259363704373772e-14,8.823623831699777e-15,7.882970048109354e-11,2.4613562820704216e-11,9.531846377554263e-17,3.0475965881266276e-17,0.01032864390577447,0.004953060873688517,1.0000000000000032e-30,3.3627044718593246e-31,5.56620989019449e-09,1.7353962255288563e-09,4.154409112484719e-06,1.265626916829702e-06,4.428567063401678e-10,1.3821207866367433e-10,1.4776129871825461e-12,4.505994896989129e-13
0.313,1270.6201357387295,5.338778758433414,0.26333072336383384,1.1909578641608896,0.06501881792984529,0.43323787945747866,2.0409115328274113e-07,2.7198285443961903e-06,2.0500490403349893e-13,1.721271156999392e-13,6.677936260265228e-14,2.8034790502369272e-14,4.178216064701055e-08,3.3002060984296654e-08,0.21405605921077056,0.15961405792706607,4.853455165916785e-16,1.9753133845215766e-16,1.3278766001785453e-13,5.2441836252726553e-14,1.0961974439134258e-17,1.2259916089311567e-17,2.7273411089981913e-15,2.8141011994010415e-15,1.2738036099281674e-10,1.2198756375784246e-10,3.020626006695368e-12,2.8927442559306896e-12,2.5399162453495302e-05,2.269310084387929e-05,0.2129744398052672,0.17832809931588994,0.40652152191770224,0.19496125581655854,0.08493033133191587,0.025923831959595908,7.948896478628444e-08,3.679740937040499e-08,4.795450895921836e-06,2.145407762687653e-06,6.119517451469037e-10,2.648849608900268e-10,6.576872986407296e-12,2.8468171838695586e-12,1.226791116436103e-06,5.143146391925732e-07,1.4996492361260315e-11,8.048347522671379e-12,0.0010152099738266812,0.0005237525287108226,1.343202706295143e-07,6.671390990412297e-08,0.004453253017834787,0.002132359659718503,8.546826232847663e-07,3.950547205051462e-07,0.000658116284423072,0.00029399983634808164,2.855978241550096e-10,9.350650874576492e-11,6.71414359677795e-06,2.1455408627916165e-06,2.831433932473449e-10,9.048000113271117e-11,1.5822589590159023e-18,1.5174357598029395e-18,1.9923193421070902e-17,1.7824259419005437e-17,2.880511190832779e-14,2.4149248126206256e-14,2.2150275854607903e-09,1.7470964043641524e-09,2.378871324752794e-12,1.1010866400348936e-12,5.3164893495131165e-15,2.3800973616289112e-15,1.030556692946627e-22,3.0091562068937734e-23,4.8179382674625286e-15,1.47047667116903e-15,4.378702657781073e-18,1.8965554810454552e-18,2.2228263444450035e-17,1.1476501178292888e-17,7.669701129599072e-10,3.812190090116523e-10,1.1929244644298917e-15,5.71617815385244e-16,2.5823725819212074e-17,8.454024681737967e-18,5.092907876571242e-19,1.5900940816616008e-19,2.8205332708079957e-14,8.80619357297478e-15,7.87663344409121e-11,2.4592214362415166e-11,9.503188131821039e-17,3.0382406209649455e-17,0.01032864390565334,0.004952746048111191,1.0000000000000045e-30,3.362490732273161e-31,5.54540799930239e-09,1.7288008564201761e-09,4.146324379362733e-06,1.26308364079027e-06,4.4198192917080636e-10,1.379302999645214e-10,1.4698898123880972e-12,4.4821580895994985e-13
0.314,1270.4561618922062,5.3390079662777525,0.2633194183671319,1.194755533190394,0.06503261796056721,0.4333024080171992,2.037396191753663e-07,2.7149719745473824e-06,2.0408625808195022e-13,1.7134495332439757e-13,6.645705574652002e-14,2.7897716441035223e-14,4.167016648648499e-08,3.291151821741799e-08,0.2140075107326372,0.15956775760857678,4.829756897208375e-16,1.965543994433862e-16,1.323059449093139e-13,5.224828556382008e-14,1.0885627337676923e-17,1.2173758678795924e-17,2.7113324154579655e-15,2.7974061949298345e-15,1.2684302486996217e-10,1.2146528855887477e-10,3.0070682175713274e-12,2.8795781962624796e-12,2.5346838837915806e-05,2.264491860636119e-05,0.21294911175138562,0.1782956068286331,0.40659758760510734,0.1949853946126895,0.084929881252605,0.02592205390944427,7.941094302890464e-08,3.6758964603802943e-08,4.795592224300279e-06,2.145335207277021e-06,6.101587115237435e-10,2.6409212642754444e-10,6.55408450754011e-12,2.8367735831544183e-12,1.224428462347031e-06,5.13291642768033e-07,1.4892211902150673e-11,7.991876252056123e-12,0.0010110702576383924,0.0005215838135710866,1.337114893488053e-07,6.640733861501767e-08,0.004442627060253634,0.0021271369804779956,8.522620357262711e-07,3.9391093554903454e-07,0.000657419018819299,0.00029366976029309436,2.846155954540207e-10,9.317902341747394e-11,6.70416017213332e-06,2.142215019531539e-06,2.8241625540722035e-10,9.024192867705422e-11,1.5727468240799844e-18,1.5082178665504792e-18,1.9851955793296976e-17,1.7759402731172734e-17,2.87523808543191e-14,2.4103514593911162e-14,2.2155836198661125e-09,1.7474243761246349e-09,2.374179254965174e-12,1.0988453155778733e-12,5.294444035982611e-15,2.3700780603784217e-15,1.0242017446717566e-22,2.990410915149976e-23,4.80265836588949e-15,1.4657203432980632e-15,4.361201159527041e-18,1.888855474899849e-18,2.2152760045146635e-17,1.1436794745175346e-17,7.663685222465794e-10,3.8089588325908965e-10,1.1909698711727839e-15,5.706451085426061e-16,2.569828663484127e-17,8.412426671195243e-18,5.062775384482466e-19,1.580586156414728e-19,2.815158193136366e-14,8.788855381234126e-15,7.870324033078504e-11,2.4570960132480065e-11,9.47470572181435e-17,3.0289428714371547e-17,0.010328643905532982,0.004952432596605366,1.0000000000000053e-30,3.3622779255637004e-31,5.524749423111763e-09,1.7222514656466732e-09,4.138282188913316e-06,1.2605539864362366e-06,4.411115854409174e-10,1.3764997762856053e-10,1.4622309292313478e-12,4.4585215462844705e-13
0.315,1270.2927036850174,5.33923690962912,0.26330812738470477,1.198553365068705,0.06504636102623874,0.43336666477229246,2.033896813460653e-07,2.710138014284561e-06,2.0317446804676356e-13,1.7056869122454757e-13,6.613729520889262e-14,2.7761735993116715e-14,4.155881535448807e-08,3.282150352562742e-08,0.213959173028581,0.1595216629554163,4.806247447722601e-16,1.955853201897201e-16,1.3182749385358273e-13,5.205606220224862e-14,1.081003746073168e-17,1.2088462181476183e-17,2.6954649085672887e-15,2.7808597066980732e-15,1.263095699226755e-10,1.2094682819747814e-10,2.9936115081627434e-12,2.866511357685758e-12,2.5294779664452583e-05,2.259698474813692e-05,0.21292387083202474,0.17826323907428948,0.40667329998684953,0.19500941308341926,0.08492945124179653,0.025920289140636293,7.933319032536698e-08,3.672065905862832e-08,4.7957350551851854e-06,2.1452639068343526e-06,6.083772575574326e-10,2.63304474375606e-10,6.531452587413989e-12,2.8267997678658818e-12,1.2220787266800082e-06,5.122743279903126e-07,1.4788972901144773e-11,7.935973112204572e-12,0.001006960312659134,0.0005194308690158887,1.331073351175379e-07,6.610312166746925e-08,0.004432060196553288,0.0021219438221568177,8.498557974520889e-07,3.927740321359401e-07,0.0006567247921884815,0.00029334116188530293,2.8363975825160554e-10,9.285369672057918e-11,6.69422359258835e-06,2.138905136901626e-06,2.8169322783349533e-10,9.000522371415117e-11,1.5633200954235352e-18,1.4990834377935929e-18,1.978118687230252e-17,1.769497825889516e-17,2.869988950143273e-14,2.405799421550408e-14,2.2161370713754063e-09,1.7477507367525579e-09,2.369509915773205e-12,1.0966150878257565e-12,5.272559899012401e-15,2.3601328051261533e-15,1.0179060662106296e-22,2.97184183265017e-23,4.78747391658981e-15,1.4609941372963176e-15,4.343824583613352e-18,1.881211047389263e-18,2.2077739015183436e-17,1.139734540228489e-17,7.657692808539012e-10,3.8057406774616795e-10,1.1890242533018138e-15,5.696769773766667e-16,2.5573830844938795e-17,8.371158061572345e-18,5.032919110632003e-19,1.5711660839303488e-19,2.8098109014978968e-14,8.77160847144409e-15,7.86404161346069e-11,2.4549799418760733e-11,9.4463974988932e-17,3.0197027880948445e-17,0.010328643905413389,0.0049521205090369376,1.0000000000000053e-30,3.362066044850756e-31,5.504232714453752e-09,1.715747584750752e-09,4.130282181306552e-06,1.2580378370933187e-06,4.4024563770476785e-10,1.3737109920162233e-10,1.4546355983319435e-12,4.4350829469883864e-13
0.316,1270.1297577270825,5.339465589105825,0.263296850382582,1.2023513596081268,0.06506004753115592,0.43343065168712797,2.0304132740144236e-07,2.705326485133083e-06,2.022694611581814e-13,1.6979826624865087e-13,6.582005273746096e-14,2.7626836931343618e-14,4.14481014543286e-08,3.2732012096349636e-08,0.21391104449383244,0.1594757723892172,4.782924706040199e-16,1.94624012137731e-16,1.3135227400058767e-13,5.18651526923106e-14,1.0735194964886409e-17,1.2004015336309558e-17,2.6797369061944977e-15,2.7644599527362326e-15,1.2577995577647618e-10,1.204321426475518e-10,2.980254807509941e-12,2.8535426800588483e-12,2.524298274507618e-05,2.2549297185972754e-05,0.2128987165701629,0.1782309952618502,0.40674866176700436,0.19503331219297598,0.08492904113564055,0.025918537549490733,7.92557049250245e-08,3.668249179715679e-08,4.7958793645755295e-06,2.1451938462118088e-06,6.066072702454218e-10,2.6252195371455653e-10,6.5089756375265206e-12,2.816895023946195e-12,1.2197417970404097e-06,5.112626448769624e-07,1.4686761678270493e-11,7.880630595338782e-12,0.0010028798278246779,0.0005172935288944939,1.325077578974982e-07,6.580123339789089e-08,0.004421551901706064,0.002116779919592753,8.474637764384168e-07,3.916439462881784e-07,0.0006560335811641616,0.0002930140295828185,2.8267025002418117e-10,9.253050734168466e-11,6.684333476010531e-06,2.1356110830407474e-06,2.809742736313196e-10,8.976987383557409e-11,1.5539777413821103e-18,1.4900314583551232e-18,1.9710882076328445e-17,1.763098173665317e-17,2.864763602168801e-14,2.401268533585304e-14,2.2166879601027658e-09,1.7480754993207441e-09,2.364863123805538e-12,1.0943958659316483e-12,5.250835235277938e-15,2.350260806981294e-15,1.0116689134183631e-22,2.9534467330765024e-23,4.77238401272097e-15,1.4562977641589538e-15,4.326571630895212e-18,1.8736216156838164e-18,2.2003195770921467e-17,1.1358150681477735e-17,7.651723731529452e-10,3.802535534703172e-10,1.18708754239277e-15,5.687133863732843e-16,2.545034765506989e-17,8.330215208351524e-18,5.003335615504849e-19,1.5618327633730004e-19,2.8044911628926345e-14,8.754452068380376e-15,7.857785985585036e-11,2.4528731516287816e-11,9.41826183495929e-17,3.0105198264289096e-17,0.010328643905294607,0.0049518097753925945,1.0000000000000053e-30,3.3618550833361333e-31,5.483856437667228e-09,1.7092887491429818e-09,4.1223239948583975e-06,1.2555350756220656e-06,4.393840488624053e-10,1.370936523482054e-10,1.4471030892980396e-12,4.41184000024691e-13
0.317,1269.9673206644056,5.339694005319854,0.26328558732712043,1.206149516621399,0.06507367787537753,0.43349437070521085,2.0269454507923876e-07,2.700537210537797e-06,2.0137116564273778e-13,1.6903361611581045e-13,6.550530048853496e-14,2.749300720634019e-14,4.1338019059654934e-08,3.2643039175947774e-08,0.21386312353999734,0.159430084348123,4.759786591123983e-16,1.9367038801618525e-16,1.308802529294647e-13,5.1675543735768605e-14,1.0661090165413411e-17,1.1920407064760467e-17,2.6641467516205344e-15,2.7482051781532264e-15,1.2525414260454796e-10,1.1992119242981517e-10,2.9669970593177838e-12,2.840671117860691e-12,2.5191445916499522e-05,2.2501853860474662e-05,0.21287364849439108,0.17819887460925773,0.4068236756201086,0.1950570928947585,0.08492865077348755,0.025916799033888376,7.917848509117162e-08,3.664446188960794e-08,4.796025128816766e-06,2.1451250104662903e-06,6.048486380218103e-10,2.61744514078775e-10,6.486652090319911e-12,2.807058646824022e-12,1.21741756234583e-06,5.102565440351872e-07,1.4585564768556035e-11,7.825841312405341e-12,0.000998828495783013,0.0005151716290643838,1.319127082996136e-07,6.550164847884565e-08,0.0044111016554432845,0.002111645010097586,8.450858420042513e-07,3.9052061469214343e-07,0.0006553453624600275,0.00029268835189322933,2.8170700905054247e-10,9.22094342431534e-11,6.674489444489845e-06,2.132332727563663e-06,2.802593563567124e-10,8.953586678584109e-11,1.5447187460464984e-18,1.4810609286503316e-18,1.964103688295622e-17,1.7567408954606023e-17,2.859561860618711e-14,2.3967586317407642e-14,2.2172363059483478e-09,1.7483986767603903e-09,2.3602386977109906e-12,1.092187560063052e-12,5.229268365090877e-15,2.3404612880704422e-15,1.0054895539256798e-22,2.935223425524846e-23,4.7573877577397204e-15,1.4516309382095418e-15,4.309441019919061e-18,1.8660866049447898e-18,2.192912578613087e-17,1.1319208145800531e-17,7.645777836559598e-10,3.799343315136168e-10,1.1851596706925855e-15,5.677543003749082e-16,2.532782642396028e-17,8.289594519062175e-18,4.974021513613349e-19,1.5525851112897313e-19,2.7991987470199367e-14,8.73738540589243e-15,7.851556951790286e-11,2.4507755727291734e-11,9.390297122058172e-17,3.001393448728193e-17,0.010328643905176575,0.004951500385766319,1.0000000000000036e-30,3.3616450342945096e-31,5.463619174086297e-09,1.7028744998037641e-09,4.114407270530789e-06,1.253045585784289e-06,4.3852678221875257e-10,1.3681762486941575e-10,1.439632681940908e-12,4.388790446856428e-13
0.318,1269.80538912689,5.339922159006076,0.263274338178633,1.209947835921784,0.06508725245727492,0.4335578237620287,2.0234932225395192e-07,2.6957700159100533e-06,2.004795106646233e-13,1.6827467936451323e-13,6.519301094452281e-14,2.7360234911608374e-14,4.122856250749725e-08,3.2554580063866974e-08,0.21381540859995188,0.15938459728888976,4.736831049607412e-16,1.9272436172299898e-16,1.3041139867691395e-13,5.148722222241493e-14,1.0587713523396923e-17,1.1837626456183676e-17,2.6486928099249284e-15,2.7320936513648066e-15,1.2473209106671893e-10,1.1941393855184415e-10,2.9538372207818574e-12,2.8278956390294194e-12,2.514016703700656e-05,2.2454652733017836e-05,0.21284866611439487,0.1781668763211624,0.4068983441923401,0.19508075613004022,0.08492827999098097,0.02591507349091439,7.91015291186091e-08,3.660656842191125e-08,4.796172324752037e-06,2.1450573849063392e-06,6.031012508591681e-10,2.60972105797715e-10,6.464480399323737e-12,2.7972899414422156e-12,1.215105912837614e-06,5.092559766612655e-07,1.4485368984041016e-11,7.771598026197601e-12,0.0009948060176728996,0.0005130650098492674,1.313221380658455e-07,6.520434215744406e-08,0.0044007089584410285,0.0021065388411821585,8.427218677513566e-07,3.894039760524483e-07,0.000654660114690973,0.0002923641181839534,2.8074997442608837e-10,9.189045666666661e-11,6.664691124977131e-06,2.129069941743074e-06,2.795484399397929e-10,8.930319043690483e-11,1.5355421071160796e-18,1.4721708626047042e-18,1.9571646820591625e-17,1.7504255750763915e-17,2.854383546312943e-14,2.3922695538286857e-14,2.217782128573621e-09,1.748720281824909e-09,2.3556364580551553e-12,1.0899900813425775e-12,5.207857627556768e-15,2.330733479340205e-15,9.993672656869459e-23,2.917169750216439e-23,4.7424842699387076e-15,1.4469933784675157e-15,4.292431484899751e-18,1.85860544742508e-18,2.18555245871109e-17,1.128051538683831e-17,7.639854970410053e-10,3.796163930512865e-10,1.1832405715319905e-15,5.667996847724195e-16,2.5206256639229243e-17,8.249292445223657e-18,4.944973468701573e-19,1.5434220600875771e-19,2.793933425536142e-14,8.720407724494455e-15,7.845354316654809e-11,2.448687136173407e-11,9.362501771549723e-17,2.99232312378009e-17,0.010328643905059361,0.004951192330311849,1.0000000000000052e-30,3.361435891041108e-31,5.4435195427704585e-09,1.6965043897232603e-09,4.106531668666787e-06,1.250569257326345e-06,4.3767380171587717e-10,1.3654300477398822e-10,1.4322236709818537e-12,4.365932074158385e-13
0.319,1269.6439598076727,5.340150050828479,0.2632631029009445,1.2137463173230165,0.06510077166942148,0.4336210127642559,2.0200564693029428e-07,2.691024728579575e-06,1.995944263907693e-13,1.6752139540922682e-13,6.488315702434333e-14,2.722850833017211e-14,4.111972620833994e-08,3.246663012103555e-08,0.21376789812218952,0.1593393096850697,4.71405605890753e-16,1.9178584845400264e-16,1.299456796882631e-13,5.130017521140157e-14,1.0515055658995964e-17,1.1755662782728736e-17,2.6333734725693643e-15,2.7161236688468843e-15,1.2421376238847135e-10,1.189103425851569e-10,2.9407742639990248e-12,2.8152152263459035e-12,2.5089143991351062e-05,2.2407691790442365e-05,0.21282376895795577,0.17813499962258908,0.40697267010069477,0.19510430283053962,0.08492792862761071,0.02591336081955516,7.902483530880548e-08,3.6568810484753925e-08,4.796320929488814e-06,2.1449909550201244e-06,6.013650000986063e-10,2.6020467982583485e-10,6.4424590385775965e-12,2.7875882220436266e-12,1.2128067400719679e-06,5.082608945440528e-07,1.4386161311960625e-11,7.717893596770646e-12,0.0009908120958829307,0.0005109735123103641,1.307359993345619e-07,6.490928989128742e-08,0.004390373308303899,0.002101461159088115,8.403717271883118e-07,3.882939690749186e-07,0.000653977815685573,0.0002920413174861753,2.7979908603003576e-10,9.157355412368158e-11,6.6549381484075985e-06,2.125822598260518e-06,2.7884148879763266e-10,8.907183282544147e-11,1.5264468385910065e-18,1.4633602902482213e-18,1.950270748026611e-17,1.744151802176905e-17,2.84922848211278e-14,2.3878011395404418e-14,2.2183254474316484e-09,1.749040327140431e-09,2.351056227488803e-12,1.0878033419414806e-12,5.186601387065976e-15,2.3210766234904733e-15,9.933013386992888e-23,2.899283583540043e-23,4.7276726755939855e-15,1.4423848065763594e-15,4.275541778383079e-18,1.8511775836448994e-18,2.1782387759249117e-17,1.1242070028247983e-17,7.633954981240018e-10,3.7929972934345e-10,1.1813301787276553e-15,5.658495052269344e-16,2.5085627949614844e-17,8.209305492984125e-18,4.916188198762029e-19,1.5343425596126598e-19,2.7886949731931504e-14,8.703518275044082e-15,7.839177886776299e-11,2.446607773698358e-11,9.334874215221129e-17,2.98330832726645e-17,0.010328643904942925,0.004950885599317475,1.0000000000000076e-30,3.3612276469825165e-31,5.423556169362139e-09,1.6901779742157575e-09,4.098696844214684e-06,1.2481059784509208e-06,4.36825071590999e-10,1.3626978017352658e-10,1.424875358750503e-12,4.3432626938229996e-13
0.32,1269.4830294498502,5.340377681407245,0.2632518814600547,1.2175449606392723,0.0651142358995444,0.4336839395946043,2.0166350723550352e-07,2.6863011776805655e-06,1.987158439458432e-13,1.6677370450141165e-13,6.457571205416315e-14,2.7097815922076943e-14,4.101150464142957e-08,3.237918476599521e-08,0.21372059056964912,0.15929422002556198,4.691459625854868e-16,1.9085476464564897e-16,1.294830648059601e-13,5.111438992638445e-14,1.0443107344963585e-17,1.1674505491943387e-17,2.6181871560026925e-15,2.70029355366946e-15,1.2369911833096845e-10,1.1841036663569838e-10,2.9278071752573067e-12,2.8026288767334974e-12,2.5038374688697552e-05,2.236096904311239e-05,0.21279895656557207,0.17810324375379752,0.4070466559335468,0.19512773391801708,0.08492759652770467,0.02591166092090897,7.894840197104513e-08,3.6531187173973184e-08,4.796470920412887e-06,2.1449257064740723e-06,5.996397784088181e-10,2.5944218772345386e-10,6.4205865018622936e-12,2.7779528118215563e-12,1.2105199368472752e-06,5.072712500322077e-07,1.4287928925411793e-11,7.664720987070363e-12,0.0009868464350869968,0.0005088969787773957,1.301542447129403e-07,6.46164673839771e-08,0.004380094202266827,0.002096411710072255,8.380352942055102e-07,3.871905326842701e-07,0.0006532984427957515,0.0002917199386321116,2.788542844970834e-10,9.125870638562211e-11,6.64523014956203e-06,2.122590571153133e-06,2.7813846779846205e-10,8.884178214096992e-11,1.5174319699286719e-18,1.4546282568914758e-18,1.9434214511740642e-17,1.7379191719305863e-17,2.8440964927475265e-14,2.383353230291326e-14,2.21886628177664e-09,1.749358825207366e-09,2.3464978306081352e-12,1.0856272550101743e-12,5.165498032146702e-15,2.3114899744448707e-15,9.872910745173303e-23,2.88156283660328e-23,4.712952111488556e-15,1.4378049475657672e-15,4.258770670246987e-18,1.8438024619469185e-18,2.170971094383834e-17,1.1203869724050665e-17,7.628077718510552e-10,3.7898433172988263e-10,1.1794284266132843e-15,5.649037276823425e-16,2.496593015558727e-17,8.16963021998314e-18,4.887662474397181e-19,1.5253455766226068e-19,2.7834831675444963e-14,8.686716317785696e-15,7.833027470613819e-11,2.444537417722931e-11,9.307412904224693e-17,2.9743485414080175e-17,0.010328643904827217,0.004950580183188645,1.0000000000000078e-30,3.3610202956048585e-31,5.40372768929889e-09,1.6838948119112353e-09,4.090902449567495e-06,1.2456556366769127e-06,4.3598055639672954e-10,1.3599793928821671e-10,1.4175870557079048e-12,4.3207801434087937e-13
0.321,1269.3225947815276,5.340605051480006,0.2632406738161894,1.221343765685252,0.06512764553370091,0.4337466061278497,2.013228914302415e-07,2.681599194263107e-06,1.978436953511331e-13,1.6603154767566003e-13,6.427064966929518e-14,2.696814628278755e-14,4.090389234713268e-08,3.2292239468435507e-08,0.21367348442589942,0.15924932681731374,4.669039783627613e-16,1.89931027847201e-16,1.2902352331108788e-13,5.092985377117766e-14,1.0371859492039149e-17,1.159414419020104e-17,2.6031322973801166e-15,2.684601651033007e-15,1.2318812112064596e-10,1.1791397327465976e-10,2.9149349537444657e-12,2.7901355999786528e-12,2.4987857059177704e-05,2.2314482521553922e-05,0.21277422845963034,0.17807160794235494,0.4071203042520304,0.1951510503026303,0.08492728353178815,0.025909973695240854,7.88722274456807e-08,3.6493697600871066e-08,4.796622275387725e-06,2.1448616251764264e-06,5.979254799365679e-10,2.5868458171829816e-10,6.39886130316839e-12,2.768383043082766e-12,1.2082453972408216e-06,5.06286996043061e-07,1.4190659258756126e-11,7.612073303224361e-12,0.0009829087480135751,0.0005068352558161811,1.2957682789021742e-07,6.43258508885732e-08,0.004369871157804621,0.0020913902502435484,8.357124468278119e-07,3.860936077527541e-07,0.000652621975223297,0.00029139997129032504,2.779155112446415e-10,9.094589349150314e-11,6.63556676790859e-06,2.119373736055972e-06,2.774393421689372e-10,8.861302669505319e-11,1.5084965435037452e-18,1.4459738206641748e-18,1.9366163613538466e-17,1.7317272840940542e-17,2.838987404622272e-14,2.378925669029412e-14,2.219404650632319e-09,1.7496757883548235e-09,2.3419610938742147e-12,1.0834617346271198e-12,5.144545968952241e-15,2.3019727944014535e-15,9.813357844090473e-23,2.864005449795336e-23,4.698321727934177e-15,1.4332535307536431e-15,4.242116945339177e-18,1.836479537446091e-18,2.163748983264766e-17,1.1165912155673212e-17,7.622223033297126e-10,3.7867019164093744e-10,1.177535250575445e-15,5.63962318614875e-16,2.4847153180535802e-17,8.130263225792126e-18,4.859393112348765e-19,1.5164300927388407e-19,2.7782977880339762e-14,8.670001119395132e-15,7.826902878804281e-11,2.4424760014170317e-11,9.280116308292011e-17,2.9654432546727247e-17,0.01032864390471226,0.004950276072389107,1.0000000000000099e-30,3.3608138304338437e-31,5.384032774273925e-09,1.6776544729768261e-09,4.0831481558914e-06,1.2432181253180566e-06,4.351402213008246e-10,1.357274705385929e-10,1.4103580865263306e-12,4.2984823048219456e-13
0.322,1269.1626525949564,5.340832161706013,0.2632294799334546,1.2251427322761246,0.06514100095230405,0.433809014210737,2.0098378789600266e-07,2.676918611163002e-06,1.9697791357600493e-13,1.652948667947642e-13,6.396794392578873e-14,2.683948819030497e-14,4.0796883935428614e-08,3.2205789756328913e-08,0.2136265781884394,0.15920462858264411,4.646794594632098e-16,1.8901455683992967e-16,1.2856702486570217e-13,5.074655430761656e-14,1.0301303161316613e-17,1.1514568656599845e-17,2.5882073589815214e-15,2.66904633284946e-15,1.2268073352203695e-10,1.1742112560956973e-10,2.9021566127712263e-12,2.777734419933516e-12,2.4937589057992256e-05,2.2268230280425846e-05,0.2127495841818205,0.17804009143705363,0.4071936175891883,0.19517425288539497,0.08492698948543599,0.025908299045062352,7.879631007697236e-08,3.6456340880170744e-08,4.796774972507417e-06,2.1447986971980643e-06,5.962220001031205e-10,2.579318146207545e-10,6.377281975737785e-12,2.7588782568670404e-12,1.2059830165599216e-06,5.053080860490939e-07,1.409433990750969e-11,7.559943740881139e-12,0.0009789987482871172,0.0005047881905428501,1.290037028837054e-07,6.403741683396899e-08,0.004359703687858407,0.002086396533733517,8.334030626932186e-07,3.850031350161737e-07,0.0006519483912339036,0.0002910814047257895,2.7698270842652203e-10,9.063509573391719e-11,6.625947646605284e-06,2.1161719699131553e-06,2.7674407760316735e-10,8.838555495731054e-11,1.4996396172020608e-18,1.4373960550141673e-18,1.9298550543913998e-17,1.7255757440146466e-17,2.8339010460635974e-14,2.374518300474728e-14,2.219940572828513e-09,1.7499912287952249e-09,2.3374458457080477e-12,1.0813066958578403e-12,5.1237436284976294e-15,2.292524357097975e-15,9.75434791194116e-23,2.8466093981752475e-23,4.6837806837398985e-15,1.4287302882294654e-15,4.225579405949304e-18,1.829208273121803e-18,2.156572017355281e-17,1.1128195034995732e-17,7.616390777949551e-10,3.783573005861051e-10,1.1756505864138906e-15,5.630252447346276e-16,2.472928710166619e-17,8.09120116211284e-18,4.831376981641014e-19,1.5075951063764434e-19,2.773138617088861e-14,8.6533719565114e-15,7.820803923845744e-11,2.4404234586378228e-11,9.252982916435554e-17,2.9565919620384725e-17,0.010328643904598058,0.004949973257513301,1.0000000000000095e-30,3.360608245083885e-31,5.364470100123869e-09,1.671456529130019e-09,4.075433627537541e-06,1.2407933357081809e-06,4.3430403172515305e-10,1.3545836243478664e-10,1.4031877825973336e-12,4.2763670815227403e-13
0.323,1269.0031997046176,5.341059012766743,0.2632182997748763,1.2289418602275446,0.06515430253236643,0.4338711656733432,2.0064618513746529e-07,2.6722592630089395e-06,1.9611843248366446e-13,1.645636045022433e-13,6.366756922751714e-14,2.6711830574234852e-14,4.069047407945269e-08,3.211983121051799e-08,0.21357987037116236,0.15916012385974096,4.624722148178025e-16,1.8810527154016074e-16,1.2811353952979158e-13,5.0564479261705845e-14,1.0231429553392073e-17,1.1435768830634362e-17,2.5734108252410104e-15,2.653625994640311e-15,1.22176918785134e-10,1.1693178723255961e-10,2.88947117873884e-12,2.7654243734947916e-12,2.4887568662548183e-05,2.2222210395756652e-05,0.21272502327372295,0.1780086934901726,0.407266598450982,0.19519734255705717,0.08492671423547005,0.025906636873754968,7.872064822634487e-08,3.6419116135836735e-08,4.796928990211702e-06,2.144736908805997e-06,5.945292356660292e-10,2.571838398479802e-10,6.355847071947692e-12,2.7494378028674115e-12,1.2037326913230619e-06,5.043344740653381e-07,1.39989586737312e-11,7.508325609430746e-12,0.0009751161540068566,0.0005027556324637636,1.2843482440583516e-07,6.375114200636029e-08,0.0043495913133275235,0.0020814303186556075,8.311070213221893e-07,3.8391905611861127e-07,0.0006512776695763167,0.00029076422843108595,2.7605581893268655e-10,9.032629365799779e-11,6.616372432845265e-06,2.112985151069201e-06,2.7605264019017174e-10,8.815935553138822e-11,1.4908602626501643e-18,1.428894046989163e-18,1.9231371113544048e-17,1.7194641619584324e-17,2.8288372471332733e-14,2.370130970941617e-14,2.220474066990552e-09,1.7503051586015417e-09,2.3329519163807085e-12,1.0791620546941488e-12,5.103089462082849e-15,2.2831439457374066e-15,9.695874279245019e-23,2.8293726875772536e-23,4.669328148817732e-15,1.4242349556346183e-15,4.209156870030379e-18,1.82198813902721e-18,2.1494397766026733e-17,1.1090716101908359e-17,7.610580806205823e-10,3.7804565015642033e-10,1.1737743706465036e-15,5.620924731265688e-16,2.4612322129932763e-17,8.052440726109814e-18,4.803610998444319e-19,1.4988396311187526e-19,2.7680054394688762e-14,8.636828113625033e-15,7.814730420161785e-11,2.4383797239287536e-11,9.226011235983087e-17,2.9477941646547467e-17,0.010328643904484566,0.004949671729245106,1.0000000000000073e-30,3.3604035332301495e-31,5.3450383627363165e-09,1.6653005585778683e-09,4.067758535013915e-06,1.2383811611398528e-06,4.3347195351609607e-10,1.35190603628432e-10,1.3960754854819718e-12,4.2544324089864417e-13
0.324,1268.844232970243,5.341285605307407,0.2632071333052841,1.232741149355625,0.06516755064640427,0.4339330623235377,2.0031007177641546e-07,2.6676209861505243e-06,1.9526518683315733e-13,1.6383770422413451e-13,6.336950036028386e-14,2.6585162530099263e-14,4.058465751699061e-08,3.203435946597986e-08,0.2135333595019363,0.1591158112014794,4.602820560982001e-16,1.8720309301974853e-16,1.2766303773805943e-13,5.0383616514539405e-14,1.0162230009961583e-17,1.1357734813931656e-17,2.558741203730757e-15,2.6383390565466225e-15,1.21676640660077e-10,1.1644592223454167e-10,2.87687769130921e-12,2.753204510768484e-12,2.48377938732773e-05,2.2176420965744735e-05,0.2127005452878691,0.17797741336743828,0.4073392493163413,0.1952203201989092,0.0849264576328755,0.025904987086562643,7.864524026380924e-08,3.638202249724177e-08,4.797084307212727e-06,2.144676246439096e-06,5.928470846401676e-10,2.5644061139031956e-10,6.334555162762296e-12,2.7400610391977063e-12,1.2014943192300938e-06,5.033661146384459e-07,1.3904503533388784e-11,7.457212314467635e-12,0.0009712606855456989,0.0005007374323411851,1.2787014763196617e-07,6.346700343402359e-08,0.004339533555606801,0.00207649136353981,8.288242027475319e-07,3.8284131298046594e-07,0.0006506097886397253,0.00029044843175125726,2.751347863655879e-10,9.001946805385107e-11,6.606840777518362e-06,2.1098131591681205e-06,2.753649964451887e-10,8.793441716519816e-11,1.482157565781164e-18,1.4204668977761714e-18,1.9164621187985795e-17,1.713392153333104e-17,2.8237958396674935e-14,2.365763528379482e-14,2.2210051515540206e-09,1.750617589726065e-09,2.3284791380085078e-12,1.0770277280553653e-12,5.082581943305742e-15,2.2738308538908532e-15,9.637930383054635e-23,2.812293355831741e-23,4.6549633022389754e-15,1.4197672715726227e-15,4.1928481716997355e-18,1.8148186125083133e-18,2.1423518462032153e-17,1.1053473124794339e-17,7.604792973061659e-10,3.777352320194008e-10,1.171906540305379e-15,5.611639711547895e-16,2.4496248617242e-17,8.013978662768177e-18,4.776092127634658e-19,1.4901626962005763e-19,2.7628980425523123e-14,8.620368883998184e-15,7.808682183960059e-11,2.4363447324844877e-11,9.199199792491485e-17,2.9390493698220106e-17,0.010328643904371866,0.0049493714783776475,1.0000000000000076e-30,3.360199688621947e-31,5.3257362682739396e-09,1.6591861429737188e-09,4.06012254727803e-06,1.2359814945217646e-06,4.3264395283172444e-10,1.3492418287790272e-10,1.3890205446938672e-12,4.2326762479445866e-13
0.325,1268.6857492636195,5.341511940016052,0.2631959804874117,1.2365405994769685,0.06518074566422838,0.433994705956026,1.999754365522336e-07,2.663003618645147e-06,1.9441811223219754e-13,1.6311711012777314e-13,6.30737124313031e-14,2.645947329366287e-14,4.047942904499868e-08,3.194937020724238e-08,0.21348704412439587,0.15907168917567677,4.581087975211097e-16,1.8630794342449145e-16,1.2721549031047758e-13,5.020395410601123e-14,1.0093696004803158e-17,1.1280456860001504e-17,2.5441970227638195e-15,2.623183960824424e-15,1.211798633534213e-10,1.1596349516222898e-10,2.8643752025299852e-12,2.7410738942050186e-12,2.4788262711211574e-05,2.2130860108425153e-05,0.21267614977256497,0.17794625033412415,0.4074115726381673,0.19524318668197307,0.08492621952982522,0.02590334958950967,7.857008457799066e-08,3.634505910355229e-08,4.797240902573307e-06,2.144616696728619e-06,5.911754463317655e-10,2.557020838238628e-10,6.313404837466639e-12,2.730747332252882e-12,1.1992677991267808e-06,5.024029628280055e-07,1.3810962671988156e-11,7.406597376787684e-12,0.0009674320684268919,0.0004987334436717093,1.2730962847888908e-07,6.318497852491755e-08,0.004329529946168188,0.00207157943190165,8.265544892521269e-07,3.8176984859806496e-07,0.0006499447275543724,0.0002901340043731382,2.7421955503427386e-10,8.971459995383633e-11,6.597352335424464e-06,2.1066558752061668e-06,2.7468111324635444e-10,8.771072872999331e-11,1.4735306254055623e-18,1.412113721313671e-18,1.9098296681702004e-17,1.707359338138548e-17,2.8187766571125778e-14,2.361415822217655e-14,2.2215338447580935e-09,1.750928533983562e-09,2.3240273444493202e-12,1.0749036337322782e-12,5.062219564969488e-15,2.264584384091859e-15,9.580509757444986e-23,2.795369469952322e-23,4.640685335403486e-15,1.4153269785637221e-15,4.176652159786437e-18,1.80769917755798e-18,2.135307816219481e-17,1.1016463898459646e-17,7.599027134845814e-10,3.7742603792016426e-10,1.170047033167034e-15,5.602397065686434e-16,2.438105704023778e-17,7.975811759503838e-18,4.748817379265255e-19,1.4815633453879721e-19,2.7578162158108072e-14,8.60399356796077e-15,7.802659033261877e-11,2.4343184201431116e-11,9.172547128871384e-17,2.930357090687477e-17,0.010328643904259856,0.004949072495779935,1.000000000000008e-30,3.3599967050601396e-31,5.306562545267978e-09,1.6531128711700613e-09,4.052525341725826e-06,1.2335942314104966e-06,4.3181999626922525e-10,1.3465908908703565e-10,1.3820223201678622e-12,4.211096591860664e-13
0.326,1268.527745465762,5.341738017637018,0.26318484128123576,1.240340210408707,0.06519388795271125,0.43405609835112213,1.996422683334993e-07,2.6584070004127645e-06,1.9357714515005275e-13,1.6240176713220813e-13,6.278018086984616e-14,2.6334752241127067e-14,4.0374783521849636e-08,3.186485917013874e-08,0.213440922801237,0.1590277563676445,4.559522558461759e-16,1.8541974597269787e-16,1.2677086846932258e-13,5.002548024146147e-14,1.0025819142460481e-17,1.1203925372684056e-17,2.5297768311038152e-15,2.6081591715332335e-15,1.2068655153106324e-10,1.154844710206948e-10,2.851962776965005e-12,2.729031598717466e-12,2.473897321916953e-05,2.208552596272638e-05,0.21265183626940465,0.1779152036530901,0.4074835708437154,0.19526594286733048,0.08492599977535122,0.025901724288097942,7.849517958193072e-08,3.6308225106427856e-08,4.797398755754645e-06,2.1445582465209394e-06,5.895142214104578e-10,2.5496821234136056e-10,6.29239470435569e-12,2.721496057003102e-12,1.1970530311007359e-06,5.014449742466556e-07,1.3718324485210149e-11,7.356474432671757e-12,0.0009636300335213719,0.0004967435227867545,1.267532236843564e-07,6.290504510596799e-08,0.004319580029408496,0.0020666942936032147,8.242977658946335e-07,3.807046072860763e-07,0.0006492824665090654,0.00028982093646711104,2.733100699816058e-10,8.94116706413566e-11,6.587906765677443e-06,2.103513181661099e-06,2.7400095784925955e-10,8.748827922497417e-11,1.464978553031752e-18,1.4038336441126088e-18,1.9032393558582086e-17,1.701365341011161e-17,2.8137795346680197e-14,2.357087703485412e-14,2.2220601646267346e-09,1.751238003037813e-09,2.319596371427239e-12,1.0727896904447514e-12,5.042000837382598e-15,2.2554038470712533e-15,9.523606029235394e-23,2.778599124872012e-23,4.626493447759982e-15,1.410913821738094e-15,4.160567697916438e-18,1.800629324849378e-18,2.128307281692225e-17,1.0979686244697633e-17,7.593283149405451e-10,3.7711805969081263e-10,1.1681957878688058e-15,5.593196475585335e-16,2.4266737999270027e-17,7.937936845802928e-18,4.721783806428473e-19,1.4730406363034925e-19,2.7527597508625526e-14,8.587701473075994e-15,7.796660788191544e-11,2.4323007234774664e-11,9.146051806080218e-17,2.9217168464640336e-17,0.010328643904148588,0.004948774772400415,1.000000000000009e-30,3.3597945763994843e-31,5.2875159483215425e-09,1.647080340368919e-09,4.044966607109952e-06,1.231219270898207e-06,4.310000509261875e-10,1.343953113242217e-10,1.375080183354529e-12,4.1896914702483166e-13
0.327,1268.3702185208008,5.341963838831473,0.2631737156508471,1.2441399819684424,0.06520697787339086,0.4341172412626608,1.993105560958819e-07,2.6538309729633746e-06,1.927422229195323e-13,1.6169162091079434e-13,6.248888149148539e-14,2.621098891621449e-14,4.027071586950806e-08,3.178082214376524e-08,0.2133949941070591,0.1589840113762494,4.538122505049237e-16,1.8453842500855288e-16,1.2632914377821814e-13,4.98481832679517e-14,9.958591164157018e-18,1.1128130912769184e-17,2.5154792005759372e-15,2.5932631772369994e-15,1.201966703526555e-10,1.1500881530700152e-10,2.8396394920783477e-12,2.7170767120646042e-12,2.4689923462814132e-05,2.2040416689591776e-05,0.2126276043399612,0.17788427260868295,0.4075552463339212,0.19528858960753956,0.08492579822462172,0.025900111090365368,7.842052368931728e-08,3.6271519659337465e-08,4.797557846400648e-06,2.1445008828000154e-06,5.878633116839984e-10,2.542389526566127e-10,6.271523389091003e-12,2.7123065963011474e-12,1.1948499163419008e-06,5.004921050056408e-07,1.3626577512717858e-11,7.30683719839355e-12,0.0009598543123544033,0.0004947675264360971,1.262008902355797e-07,6.262718113977586e-08,0.004309683343761472,0.0020618357158317634,8.22053917048297e-07,3.79645533081682e-07,0.0006486229846195196,0.00028950921773800137,2.724062769160906e-10,8.911066162917029e-11,6.578503730659137e-06,2.100384962175601e-06,2.733244979399496e-10,8.726705779488023e-11,1.4565004743909893e-18,1.3956258067221498e-18,1.89669078375141e-17,1.695409791733493e-17,2.8088043092666347e-14,2.3527790248146774e-14,2.222584129009272e-09,1.751546008449235e-09,2.3151860564346975e-12,1.0706858178051315e-12,5.021924294684027e-15,2.24628856460024e-15,9.467212932389052e-23,2.7619804476515523e-23,4.6123868490530235e-15,1.4065275495313007e-15,4.1445936657334974e-18,1.793608552275561e-18,2.121349842805855e-17,1.0943138013219281e-17,7.587560875730039e-10,3.7681128923500354e-10,1.1663527433741238e-15,5.58403762504502e-16,2.4153282236367027e-17,7.900350799141924e-18,4.694988510890739e-19,1.464593642188472e-19,2.7477284421129595e-14,8.571491916208288e-15,7.790687270530908e-11,2.4302915796770447e-11,9.119712402622068e-17,2.9131281622917207e-17,0.010328643904037964,0.004948478299310597,1.0000000000000073e-30,3.359593296578318e-31,5.268595233521788e-09,1.6410881484729737e-09,4.037446024034614e-06,1.228856509685132e-06,4.3018408410331937e-10,1.3413283873078166e-10,1.3681935111981187e-12,4.168458930340557e-13
0.328,1268.2131653680963,5.342189404345393,0.2631626035561743,1.247939913974308,0.06522001578585367,0.43417813643509157,1.989802889365919e-07,2.649275379554395e-06,1.919132836820004e-13,1.609866178425109e-13,6.219979039803738e-14,2.6088172987767696e-14,4.0167221066259e-08,3.1697254964300646e-08,0.2133492566344172,0.1589404528164108,4.516886033048185e-16,1.8366390587873e-16,1.2589028818860468e-13,4.9672051691863964e-14,9.892003933785068e-18,1.1053064182110021e-17,2.5013027218289903e-15,2.578494486587891e-15,1.1971018540254738e-10,1.145364939423399e-10,2.827404437021489e-12,2.705208333647485e-12,2.464111152745992e-05,2.1995530468832962e-05,0.21260345353344967,0.17785345647743817,0.4076266014849346,0.19531112774492676,0.08492561473034045,0.02589850990393647,7.834611533987505e-08,3.6234941928838474e-08,4.797718154561785e-06,2.1444445927604307e-06,5.862226202713238e-10,2.5351426107569487e-10,6.250789535392445e-12,2.7031783411415706e-12,1.1926583571975686e-06,4.995443117311257e-07,1.3535710512644452e-11,7.2576795100140754e-12,0.0009561046428664089,0.000492805314750037,1.2565258600770562e-07,6.235136504049528e-08,0.004299839443404908,0.0020570034734575743,8.198228303521169e-07,3.7859257156417975e-07,0.0006479662624014526,0.0002891988385252875,2.7150812224513256e-10,8.881155466896967e-11,6.569142896896583e-06,2.0972711018097558e-06,2.726517015393969e-10,8.704705369828063e-11,1.4480955269235975e-18,1.3874893612951036e-18,1.890183558248614e-17,1.6894923243244407e-17,2.803850819420873e-14,2.3484896402801217e-14,2.2231057555501723e-09,1.7518525616291878e-09,2.3107962386858685e-12,1.0685919362823933e-12,5.00198848730678e-15,2.237237866084307e-15,9.411324287892521e-23,2.745511591556435e-23,4.5983647602681275e-15,1.4021679139522788e-15,4.12872895653837e-18,1.7866363639003472e-18,2.1144351043638187e-17,1.090681707878819e-17,7.581860174251255e-10,3.7650571853801734e-10,1.1645178395420324e-15,5.574920202415622e-16,2.404068060656494e-17,7.863050535480016e-18,4.668428635346647e-19,1.4562214494592792e-19,2.742722085799397e-14,8.555364220428328e-15,7.784738304007494e-11,2.4282909266066575e-11,9.093527513859093e-17,2.904590568976465e-17,0.010328643903928082,0.00494818306764297,1.000000000000008e-30,3.359392859576347e-31,5.249799186177443e-09,1.6351359027017348e-09,4.0299632874811e-06,1.2265058489197292e-06,4.2937206362143194e-10,1.338716606180136e-10,1.3613616924888752e-12,4.1473970563744155e-13
0.329,1268.056583028877,5.342414714793348,0.2631515049636356,1.2517400062448734,0.0652330020434864,0.43423878558205475,1.9865145605664854e-07,2.644740064994736e-06,1.9109026643507599e-13,1.6028670505402705e-13,6.191288409219069e-14,2.596629429814732e-14,4.0064294154907154e-08,3.161415352193718e-08,0.21330370898568674,0.1588970793155296,4.495811387254877e-16,1.8279611505506426e-16,1.2545427397260654e-13,4.9497074153088146e-14,9.826049450731091e-18,1.0978716038044105e-17,2.487246008967645e-15,2.5638516331289447e-15,1.1922706276456235e-10,1.1406747334507374e-10,2.815256713842184e-12,2.6934255757006022e-12,2.4592535521988832e-05,2.1950865502954416e-05,0.21257938342786975,0.17782275456529376,0.40769763864692804,0.19533355811410139,0.08492544915362027,0.025896920639745753,7.827195296805944e-08,3.619849108065856e-08,4.797879660410529e-06,2.1443893637138754e-06,5.845920513610733e-10,2.5279409439611623e-10,6.2301918037716414e-12,2.694110690149953e-12,1.1904782570905708e-06,4.98601551537386e-07,1.344571235417945e-11,7.208995265842824e-12,0.0009523807615506268,0.0004908567471931816,1.251082689410642e-07,6.20775752663312e-08,0.004290047870828854,0.0020521973359403714,8.176043917191765e-07,3.775456675551662e-07,0.0006473122786562258,0.0002888897884174868,2.706155530159002e-10,8.851433173326828e-11,6.559823933859775e-06,2.094171486689107e-06,2.7198253711494645e-10,8.682825634442678e-11,1.4397628624955584e-18,1.3794234742051708e-18,1.8837172913871214e-17,1.683612578071236e-17,2.798918905430744e-14,2.3442194056088795e-14,2.2236250617330596e-09,1.7521576739023782e-09,2.3064267591723474e-12,1.06650796724395e-12,4.98219198924938e-15,2.228251091844908e-15,9.355934022326808e-23,2.729190741501354e-23,4.58442640782515e-15,1.3978346688324926e-15,4.1129724798167194e-18,1.7797122710759206e-18,2.1075626763412162e-17,1.0870721344223561e-17,7.576180906429032e-10,3.7620133965204676e-10,1.1626910164035746e-15,5.565843897217369e-16,2.3928924110285432e-17,7.826033019945561e-18,4.642101369205938e-19,1.4479231595272166e-19,2.737740481148296e-14,8.539317718750888e-15,7.778813713878042e-11,2.4262987027141474e-11,9.067495752507938e-17,2.896103603190056e-17,0.010328643903818895,0.00494788906866872,1.0000000000000073e-30,3.3591932594674564e-31,5.231126585582651e-09,1.6292232086382125e-09,4.022518078408238e-06,1.2241671855732587e-06,4.28563957414665e-10,1.3361176634236568e-10,1.354584119675792e-12,4.1265039446950717e-13
0.33,1267.900468500673,5.342639770917081,0.2631404198334002,1.2555402585992366,0.06524593699886105,0.43429919041353876,1.9832404677369623e-07,2.640224875760666e-06,1.9027311093418523e-13,1.5959183033339573e-13,6.162813933001072e-14,2.584534280074906e-14,3.9961930229588964e-08,3.1531513749796994e-08,0.21325834978126346,0.1588538895163936,4.474896834518654e-16,1.819349799403486e-16,1.250210737830314e-13,4.932323944759296e-14,9.760719828616195e-18,1.0905077469331814e-17,2.4733076930910883e-15,2.5493331685678693e-15,1.1874726891092743e-10,1.1360172032185445e-10,2.803195435444097e-12,2.681727561277116e-12,2.4544193572819744e-05,2.190642001131075e-05,0.2125553935806883,0.17779216616275575,0.40776836014636925,0.19535588153913463,0.08492530135218403,0.025895343207918788,7.819803503846464e-08,3.616216629533563e-08,4.7980423445625645e-06,2.14433518318959e-06,5.82971510430218e-10,2.520784099958725e-10,6.209728872099516e-12,2.6851030497684683e-12,1.1883095205446838e-06,4.976637820270019e-07,1.3356572139858404e-11,7.1607784918085714e-12,0.0009486824128526107,0.0004889216873982139,1.2456789798844404e-07,6.180579078816435e-08,0.004280308188994745,0.0020474170826710204,8.153984911630503e-07,3.765047678011366e-07,0.0006466610141359957,0.00028858205788212873,2.6972851695047887e-10,8.821897502494675e-11,6.550546515169753e-06,2.091086004347106e-06,2.7131697342950953e-10,8.661065524325348e-11,1.43150164357775e-18,1.371427322350462e-18,1.8772915992485845e-17,1.6777701960671992e-17,2.7940084090149134e-14,2.339968177822911e-14,2.2241420648407794e-09,1.7524613564403556e-09,2.3020774604813707e-12,1.0644338328493405e-12,4.962533389528847e-15,2.219327589245417e-15,9.301036143300492e-23,2.7130161068113183e-23,4.5705710319755036e-15,1.3935275723560438e-15,4.097323157520805e-18,1.7728357907933153e-18,2.100732172976938e-17,1.0834848735478273e-17,7.570522935147428e-10,3.758981447082116e-10,1.1608722149766468e-15,5.556808403926578e-16,2.381800384889767e-17,7.789295252115285e-18,4.616003941178644e-19,1.4396978864479764e-19,2.732783428862549e-14,8.523351749238035e-15,7.772913327268321e-11,2.4243148470870033e-11,9.041615747092482e-17,2.8876668069131936e-17,0.010328643903710405,0.004947596293698433,1.0000000000000085e-30,3.358994490352287e-31,5.2125762458761505e-09,1.6233496829191673e-09,4.015110097118746e-06,1.2218404225694823e-06,4.2775973399073955e-10,1.333531454461475e-10,1.3478601981506257e-12,4.10577773194004e-13
0.331,1267.744818806028,5.34286457346868,0.26312934812514444,1.25934067085703,0.06525882100106627,0.4343593526223675,1.979980505201729e-07,2.6357296599957856e-06,1.8946175773374814e-13,1.5890194216571673e-13,6.134553318241026e-14,2.5725308585955468e-14,3.9860124442407605e-08,3.144933162944086e-08,0.2132131776572619,0.1588108820770002,4.454140665548495e-16,1.8108042894295348e-16,1.245906606279069e-13,4.915053651776174e-14,9.696007302677299e-18,1.0832139604432908e-17,2.4594864249156182e-15,2.5349376654933546e-15,1.1827077075005356e-10,1.13139202114166e-10,2.791219726445946e-12,2.6701134250896225e-12,2.4496083827114172e-05,2.1862192233166534e-05,0.2125314835511667,0.17776169056530666,0.407838768285538,0.19537809883524174,0.08492517118355142,0.025893777518996297,7.81243600316481e-08,3.612596676200559e-08,4.798206187936858e-06,2.144282038892641e-06,5.813609041553055e-10,2.513671657971483e-10,6.189399435390742e-12,2.6761548341837223e-12,1.186152053199864e-06,4.967309613017224e-07,1.3268279145244513e-11,7.113023309130745e-12,0.0009450093447922199,0.00048700000091262595,1.2403143269166184e-07,6.153599087982814e-08,0.004270619967262198,0.0020426624962560837,8.132050202479058e-07,3.754698197989829e-07,0.0006460124499474853,0.00028827563755595264,2.6884696243222286e-10,8.792546697349456e-11,6.5413103181618145e-06,2.088014543605029e-06,2.70654979612422e-10,8.639424002875747e-11,1.423311044783309e-18,1.363500094633005e-18,1.8709061026787548e-17,1.671964825868446e-17,2.789119173537619e-14,2.3357358154506272e-14,2.2246567819668276e-09,1.7527636202877224e-09,2.297748186921837e-12,1.0623694561182034e-12,4.943011295286664e-15,2.2104667140966225e-15,9.246624747851723e-23,2.696985923684025e-23,4.55679788147563e-15,1.3892463854468523e-15,4.08177992568264e-18,1.766006446393713e-18,2.0939432131978785e-17,1.0799197203915224e-17,7.564886124610215e-10,3.7559612591496684e-10,1.1590613769276346e-15,5.54781342040703e-16,2.3707911043575486e-17,7.752834272233062e-18,4.590133621112438e-19,1.431544757501231e-19,2.7278507318454097e-14,8.507465657334808e-15,7.767036973144781e-11,2.422339299466611e-11,9.015886142803127e-17,2.879279727734185e-17,0.0103286439036026,0.004947304734130278,1.0000000000000083e-30,3.358796546390925e-31,5.194146998041366e-09,1.6175149476404558e-09,4.007739048682771e-06,1.2195254643587718e-06,4.269593622355249e-10,1.3309578759779613e-10,1.3411893420901788e-12,4.0852165823947843e-13
0.332,1267.5896310524213,5.343089123060058,0.26311828980546453,1.2631412428383215,0.0652716543928347,0.43441927386976037,1.976734568299068e-07,2.6312542673592905e-06,1.8865614821379697e-13,1.5821698975668796e-13,6.106504310739046e-14,2.5606181911613762e-14,3.975887200854599e-08,3.136760319520024e-08,0.21316819125941158,0.15876805566769966,4.4335411967679944e-16,1.8023239155351937e-16,1.2416300782143197e-13,4.897895443346675e-14,9.631904237629583e-18,1.0759893720324893e-17,2.445780877789555e-15,2.5206637204965003e-15,1.1779753567437815e-10,1.126798864449987e-10,2.7793287239220513e-12,2.658582314239174e-12,2.4448204455264375e-05,2.181818043013347e-05,0.21250765292885873,0.17773132709913958,0.40790886534158455,0.19540021081043582,0.0849250585132403,0.025892223486711757,7.805092642211127e-08,3.6089891668598524e-08,4.798371171551658e-06,2.1442299186356606e-06,5.797601402350775e-10,2.5066032019192014e-10,6.169202204784667e-12,2.667265464909351e-12,1.1840057617413282e-06,4.958030479376797e-07,1.3180822743400246e-11,7.065723893853486e-12,0.0009413613034271493,0.000485091552349663,1.2349883261201197e-07,6.126815483601565e-08,0.004260982762339656,0.002037933353426512,8.110238686297545e-07,3.7444077020261255e-07,0.0006453665653832398,0.0002879705172801572,2.679708384586997e-10,8.763379022039761e-11,6.532115022982783e-06,2.0849569943050733e-06,2.6999652522959926e-10,8.617900048221531e-11,1.4151902546278309e-18,1.3556409936521237e-18,1.864560428021447e-17,1.6661961201643878e-17,2.7842510441341323e-14,2.33152217865552e-14,2.2251692300483096e-09,1.7530644764070244e-09,2.2934387845467456e-12,1.0603147609512532e-12,4.9236243359647226e-15,2.2016678325418673e-15,9.192694033182285e-23,2.681098458333358e-23,4.543106208588694e-15,1.3849908702575813e-15,4.066341736016928e-18,1.7592237682764286e-18,2.0871954209606964e-17,1.076376472816624e-17,7.559270340032255e-10,3.752952755467211e-10,1.1572584440632897e-15,5.538858645534271e-16,2.359863705653428e-17,7.716647168210351e-18,4.564487722593215e-19,1.4234629140090306e-19,2.7229421959747594e-14,8.491658798368528e-15,7.761184481989487e-11,2.4203720001722073e-11,8.990305601685859e-17,2.870941918935862e-17,0.010328643903495447,0.00494701438150299,1.0000000000000092e-30,3.358599421838914e-31,5.1758376655250145e-09,1.611718622778484e-09,4.00040462321321e-06,1.2172222109283785e-06,4.2616281112636275e-10,1.3283968250383666e-10,1.3345709687297846e-12,4.064818670577567e-13
0.333,1267.4349022986526,5.343313420487863,0.2631072448318746,1.2669419743637458,0.06528443751748143,0.43447895582029866,1.97350255348945e-07,2.6267985491004294e-06,1.878562244489301e-13,1.5753692291812814e-13,6.078664677074113e-14,2.5487953127092314e-14,3.9658168188521745e-08,3.128632451932559e-08,0.21312338925232552,0.1587254089739774,4.413096764429914e-16,1.7939079810036725e-16,1.2373808905183187e-13,4.8808482417466943e-14,9.56840310140113e-18,1.0688331212801282e-17,2.4321897396831353e-15,2.5065099458367698e-15,1.173275314187362e-10,1.1222374138014519e-10,2.7675215747555556e-12,2.647133385606564e-12,2.4400553642699625e-05,2.177438287827514e-05,0.21248390127183633,0.1777010750648839,0.40797865356938806,0.19542221826185235,0.08492496320119149,0.02589068102318171,7.797773272078985e-08,3.605394022054374e-08,4.798537276920045e-06,2.1441788104600653e-06,5.781691276371289e-10,2.4995783214172424e-10,6.1491359079711395e-12,2.6584343708956527e-12,1.181870553896974e-06,4.948800009710663e-07,1.30941925611676e-11,7.018874560391023e-12,0.0009377380449235788,0.0004831962115950488,1.2297005849267118e-07,6.100226254721681e-08,0.00425139615791631,0.002033229443939161,8.088549312120846e-07,3.7341756811665977e-07,0.0006447233424528752,0.00028766668811488946,2.6710009467569174e-10,8.734392762782453e-11,6.5229603140130256e-06,2.0819132477091718e-06,2.6934158009286874e-10,8.596492646898918e-11,1.407138470800574e-18,1.3478492311319067e-18,1.8582542050817254e-17,1.660463734911043e-17,2.7794038671750966e-14,2.3273271287257466e-14,2.2256794258221095e-09,1.7533639355989955e-09,2.2891491008629946e-12,1.0582696719678769e-12,4.904371154516285e-15,2.1929303170636505e-15,9.139238269939167e-23,2.665351999110864e-23,4.529495284055766e-15,1.3807607946957859e-15,4.051007551213456e-18,1.752487291812167e-18,2.080488424051693e-17,1.0728549307644637e-17,7.553675448076323e-10,3.7499558595572673e-10,1.1554633593160304e-15,5.529943783765275e-16,2.3490173335419846e-17,7.680731057213607e-18,4.539063596480234e-19,1.4154515092747577e-19,2.718057628166337e-14,8.475930531282134e-15,7.755355686129096e-11,2.4184128901402155e-11,8.964872800382546e-17,2.8626529386952973e-17,0.010328643903388971,0.004946725227367866,1.0000000000000087e-30,3.3584031109602915e-31,5.1576471142944194e-09,1.605960341733551e-09,3.9931065370170095e-06,1.2149305702921554e-06,4.253700502928907e-10,1.3258482008016736e-10,1.3280045096782484e-12,4.044582215582909e-13
0.334,1267.2806296983695,5.343537466383321,0.2630962131700513,1.270742865254386,0.06529717071146723,0.43453840010444555,1.9702843582383597e-07,2.6223623579738196e-06,1.8706192932962318e-13,1.5686169217365474e-13,6.05103222287363e-14,2.537061275051645e-14,3.955800830629329e-08,3.120549172710308e-08,0.21307877030949865,0.1586829406933783,4.392805730246604e-16,1.7855557998277033e-16,1.233158783014937e-13,4.863910981516115e-14,9.505496489197662e-18,1.0617443623577835e-17,2.4187117211596637e-15,2.492474977715144e-15,1.168607262012839e-10,1.1177073546584236e-10,2.7557974381887585e-12,2.635765808358101e-12,2.4353129598495257e-05,2.1730797876377225e-05,0.21246022817299268,0.17767093379796325,0.4080481351992335,0.19544412198004185,0.08492488511581973,0.02588915004390434,7.790477743008946e-08,3.601811162096674e-08,4.798704485623426e-06,2.144128702504598e-06,5.765877763127096e-10,2.492596610609093e-10,6.129199288383111e-12,2.6496609882491966e-12,1.1797463384284545e-06,4.939617799077238e-07,1.3008378302770422e-11,6.972469667109681e-12,0.0009341393222899984,0.00048131384698282256,1.224450710013103e-07,6.073829387741864e-08,0.004241859722231706,0.002028550550336913,8.066981004822147e-07,3.7240016156802207e-07,0.0006440827610407889,0.0002873641401863433,2.662346813266958e-10,8.705586226438154e-11,6.5138458782869985e-06,2.0788831960514167e-06,2.6869011445715623e-10,8.575200800375818e-11,1.3991549048454984e-18,1.340124032436075e-18,1.8519870692021766e-17,1.6547673312295124e-17,2.774577490842519e-14,2.3231505286195842e-14,2.22618738587513e-09,1.7536620085906674e-09,2.2848789851322436e-12,1.0562341146738272e-12,4.885250415518027e-15,2.1842535501665507e-15,9.086251826293152e-23,2.649744863587815e-23,4.515964378440141e-15,1.3765559267726294e-15,4.035776349610675e-18,1.745796559409583e-18,2.0738218552768928e-17,1.069354896896258e-17,7.548101316370816e-10,3.7469704955842674e-10,1.1536760656859845e-15,5.521068540224905e-16,2.3382511469574125e-17,7.645083104251879e-18,4.513858635364935e-19,1.407509710005629e-19,2.7131968384118753e-14,8.4602802252192e-15,7.749550419363746e-11,2.4164619108747998e-11,8.939586432241196e-17,2.854412350833121e-17,0.010328643903283169,0.004946437263425306,1.0000000000000102e-30,3.3582076081203536e-31,5.139574199059277e-09,1.6002397346243856e-09,3.985844488588601e-06,1.2126504451327508e-06,4.245810494122479e-10,1.3233119026710838e-10,1.3214893986528387e-12,4.0245054438204447e-13
0.335,1267.1268103682992,5.343761261534963,0.263085194777941,1.2745439153318867,0.06530985431111701,0.4345976083523734,1.9670798811526692e-07,2.617945548353496e-06,1.862732064408408e-13,1.561912486524792e-13,6.02360477530232e-14,2.5254151394615864e-14,3.9458387732676296e-08,3.112510098294873e-08,0.21303433312339054,0.15864064953901805,4.372666475740939e-16,1.7772666943619003e-16,1.228963499188852e-13,4.847082612163358e-14,9.443177098269309e-18,1.0547222611760814e-17,2.4053455476004243e-15,2.4785574681860308e-15,1.1639708858778802e-10,1.1132083759585483e-10,2.744155483321426e-12,2.624478761478654e-12,2.430593054771124e-05,2.1687423738546758e-05,0.21243663319888823,0.1776409026129822,0.4081173124396033,0.19546592274541016,0.0849248241194978,0.02588763046268333,7.783205908693155e-08,3.598240508967837e-08,4.7988727797086e-06,2.1440795831288444e-06,5.750159974588996e-10,2.4856576692333255e-10,6.109391105835387e-12,2.640944760437041e-12,1.1776330251533047e-06,4.930483447195911e-07,1.2923369905307723e-11,6.926503699453388e-12,0.0009305648973994272,0.0004794443314770395,1.2192383188705623e-07,6.047622923635098e-08,0.004232373047560306,0.0020238964667796924,8.045532736393918e-07,3.713885007868809e-07,0.0006434448034263379,0.0002870628646963477,2.6537454929537094e-10,8.676957741664318e-11,6.504771406999505e-06,2.075866732965458e-06,2.6804209883730354e-10,8.554023518979595e-11,1.3912387775750107e-18,1.3324646321340376e-18,1.845758659307926e-17,1.6491065736141846e-17,2.7697717646429692e-14,2.318992242497949e-14,2.2266931265951153e-09,1.7539587059527317e-09,2.2806282881213612e-12,1.0542080153185302e-12,4.866260796637219e-15,2.1756369205011027e-15,9.03372914212629e-23,2.6342753909450576e-23,4.5025127772170645e-15,1.3723760391662323e-15,4.020647120697325e-18,1.7391511185210035e-18,2.0671953513367814e-17,1.0658761759840438e-17,7.542547813996988e-10,3.743996588501455e-10,1.1518965072370917e-15,5.512232625331469e-16,2.3275643136100063e-17,7.609700504322253e-18,4.488870267426608e-19,1.3996366943536098e-19,2.7083596379089976e-14,8.444707253473029e-15,7.74376851738331e-11,2.4145190045163487e-11,8.914445205356106e-17,2.8462197241117024e-17,0.01032864390317804,0.0049461504814005824,1.0000000000000104e-30,3.3580129077012567e-31,5.121617813107176e-09,1.5945564437624908e-09,3.978618199612606e-06,1.2103817452459562e-06,4.2379577877419293e-10,1.320787832021224e-10,1.3150250827371373e-12,4.004586623185659e-13
0.336,1266.9734415172443,5.343984806567029,0.26307418962159584,1.2783451244183364,0.06532248864629432,0.4346565821621248,1.9638890217239483e-07,2.613547975951694e-06,1.8549000013740478e-13,1.555255441558851e-13,5.996380199042047e-14,2.513855983424328e-14,3.9359301897729803e-08,3.10451485008807e-08,0.21299007639343173,0.15859853423437856,4.3526774067061616e-16,1.7690399971718572e-16,1.2247947852339498e-13,4.8303620945174115e-14,9.381437747429033e-18,1.047765997582739e-17,2.3920899660409897e-15,2.464756092249416e-15,1.1593658760347528e-10,1.1087401712082106e-10,2.7325948909526565e-12,2.6132714355883903e-12,2.425895473722208e-05,2.1644258799911133e-05,0.2124131159507142,0.1776109808588889,0.4081861874749096,0.19548762133174608,0.08492478008499262,0.025886122197247913,7.775957621630977e-08,3.594681984254248e-08,4.799042141259369e-06,2.144031440772264e-06,5.734537031709053e-10,2.478761101175671e-10,6.089710134776833e-12,2.632285137588753e-12,1.1755305248260646e-06,4.921396558062091e-07,1.283915738236861e-11,6.880971186235609e-12,0.0009270145292492838,0.00047758753663275556,1.2140630278580264e-07,6.021604898811396e-08,0.004222935709813546,0.0020192669797707533,8.02420345274326e-07,3.7038253483556845e-07,0.0006428094496637269,0.0002867628518676927,2.64519650022386e-10,8.648505656386695e-11,6.4957365937076295e-06,2.0728637529586354e-06,2.673975041682409e-10,8.532959827202317e-11,1.383389323079723e-18,1.3248702778665859e-18,1.83956861958063e-17,1.643481131464576e-17,2.764986539716464e-14,2.314852136036501e-14,2.227196664233644e-09,1.7542540381905929e-09,2.2763968621925555e-12,1.0521913009609617e-12,4.8474009979432965e-15,2.1670798270733546e-15,8.981664753906554e-23,2.6189419492751914e-23,4.489139770214996e-15,1.3682209060334068e-15,4.005618868863013e-18,1.7325505233021167e-18,2.0606085536671263e-17,1.0624185753677504e-17,7.537014810887215e-10,3.741034063839729e-10,1.1501246280332102e-15,5.503435749832581e-16,2.316956014766065e-17,7.574580498194563e-18,4.464095962979381e-19,1.391831653982952e-19,2.7035458407814164e-14,8.429210999044354e-15,7.738009817164559e-11,2.4125841137098813e-11,8.88944784340958e-17,2.8380746325673805e-17,0.01032864390307354,0.004945864873160316,1.0000000000000113e-30,3.357819004181151e-31,5.1037768369238525e-09,1.588910107688935e-09,3.971427373058684e-06,1.208124374818949e-06,4.2301420868146217e-10,1.3182758903594492e-10,1.3086110104851268e-12,3.984824026910767e-13
0.337,1266.8205202998688,5.3442081023045045,0.2630631976572004,1.2821464923364103,0.06533507404751114,0.4347153231353885,1.9607116806573588e-07,2.6091694981855274e-06,1.8471225544856328e-13,1.5486453107262855e-13,5.96935637764148e-14,2.502382892742818e-14,3.926074627679508e-08,3.096563053264374e-08,0.2129459988401998,0.15855659351963403,4.3328369476714935e-16,1.7608750487315284e-16,1.2206523911180553e-13,4.81374840478903e-14,9.32027135161972e-18,1.0408747624866457e-17,2.378943736940722e-15,2.451069539292221e-15,1.1547919259965215e-10,1.1043024371745552e-10,2.7211148513335855e-12,2.60214303071652e-12,2.421220042943122e-05,2.1601301410416905e-05,0.21238967599484024,0.17758116785616754,0.40825476246884557,0.19550921850263747,0.0849247528755129,0.02588462516248166,7.768732738612072e-08,3.5911355115859735e-08,4.799212552893147e-06,2.1439842641189766e-06,5.719008068387701e-10,2.471906516114265e-10,6.07015516618568e-12,2.6236815772405815e-12,1.1734387492896032e-06,4.912356740445964e-07,1.27557309917398e-11,6.835866789294664e-12,0.000923487986914092,0.0004757433392557417,1.2089244657677578e-07,5.99577341222879e-08,0.004213547314963266,0.0020146618903006835,8.00299215779204e-07,3.693822154804262e-07,0.0006421766829099733,0.00028646409331342887,2.636699355953703e-10,8.620228340494868e-11,6.4867411364128915e-06,2.069874152020236e-06,2.6675630162163597e-10,8.51200875761281e-11,1.3756057838768303e-18,1.3173402256571477e-18,1.8334165975081502e-17,1.6378906772959415e-17,2.7602216685423847e-14,2.3107300761164235e-14,2.2276980148341305e-09,1.7545480156411275e-09,2.2721845612374836e-12,1.0501838994104467e-12,4.828669729755239e-15,2.158581673748334e-15,8.930053261685328e-23,2.6037429258743748e-23,4.475844659553463e-15,1.3640903053906768e-15,3.990690608906502e-18,1.7259943326188076e-18,2.0540611074490184e-17,1.0589819044146727e-17,7.531502178529983e-10,3.7380828479572546e-10,1.1483603733707472e-15,5.494677630554399e-16,2.306425439591307e-17,7.539720353690923e-18,4.439533224321352e-19,1.3840937908607752e-19,2.6987552621158227e-14,8.413790848289809e-15,7.732274157695524e-11,2.4106571817661288e-11,8.864593084670233e-17,2.8299766551110744e-17,0.010328643902969715,0.004945580430580953,1.0000000000000102e-30,3.3576258920448176e-31,5.08605019700336e-09,1.5833003794389128e-09,3.964271741406926e-06,1.2058782470686708e-06,4.222363101403377e-10,1.315775981442015e-10,1.302246645476924e-12,3.9652159747244743e-13
0.338,1266.6680439811917,5.344431149361392,0.26305221885134195,1.2859480189092203,0.06534761083793182,0.4347738328372461,1.9575477594678068e-07,2.604809973715997e-06,1.8393991816059597e-13,1.542081624524253e-13,5.942531233296239e-14,2.4909949698973724e-14,3.916271640462248e-08,3.088654337974325e-08,0.21290209918940817,0.15851482614443727,4.313143547346606e-16,1.7527711996831105e-16,1.2165360692795335e-13,4.79724052956521e-14,9.259670946251314e-18,1.0340477606003173e-17,2.36590564278709e-15,2.4374965220164994e-15,1.1502487339056302e-10,1.0998948752247594e-10,2.7097145663312267e-12,2.591092758441687e-12,2.4165665908775017e-05,2.1558549941262216e-05,0.21236631294117717,0.17755146296764376,0.4083230395611498,0.19553071501574792,0.08492474236681166,0.025883139277929713,7.761531114479018e-08,3.5876010138594713e-08,4.7993839971861436e-06,2.143938041904689e-06,5.703572226641036e-10,2.4650935275010537e-10,6.0507250049082744e-12,2.6151335432587846e-12,1.171357611273438e-06,4.903363607191131e-07,1.267308104242471e-11,6.791185200224638e-12,0.0009199850349565826,0.00047391161389940916,1.203822258379064e-07,5.970126548942659e-08,0.004204207446505196,0.0020100809887838656,7.981897818211733e-07,3.683874928050235e-07,0.0006415464833988371,0.00028616657935697,2.628253586285413e-10,8.592124182149889e-11,6.477784735130305e-06,2.066897826906469e-06,2.6611846280171184e-10,8.491169357351046e-11,1.3678874159605402e-18,1.309873744781833e-18,1.8273022459433824e-17,1.6323348886247905e-17,2.7554770052237198e-14,2.3066259311300617e-14,2.228197194315243e-09,1.7548406485907069e-09,2.2679912407026154e-12,1.0481857392690432e-12,4.8100657260243395e-15,2.1501418752925273e-15,8.878889363652689e-23,2.5886767373826748e-23,4.462626751446819e-15,1.3599840166549283e-15,3.975861370679903e-18,1.7194821121037624e-18,2.0475526625941507e-17,1.0555659750574578e-17,7.526009789169542e-10,3.7351428677528257e-10,1.1466036883742686e-15,5.485957983842516e-16,2.2959717911368402e-17,7.505117385457834e-18,4.415179596053485e-19,1.3764223205090268e-19,2.693987720131367e-14,8.39844619793156e-15,7.726561379153353e-11,2.4087381524764713e-11,8.839879682681217e-17,2.821925375828815e-17,0.01032864390286654,0.004945297145695842,1.0000000000000115e-30,3.357433565883604e-31,5.068436799084604e-09,1.5777269058006776e-09,3.9571510121035275e-06,1.203643267683958e-06,4.2146205407221356e-10,1.313288008855313e-10,1.2959314507343029e-12,3.9457607854991116e-13
0.339,1266.5160097614444,5.344653948575768,0.26304125315959387,1.2897497039604744,0.06536009934202867,0.43483211283974577,1.9543971608571763e-07,2.600469262864339e-06,1.8317293470116422e-13,1.535563919035728e-13,5.91590270503567e-14,2.4796913248125456e-14,3.9065207858236655e-08,3.080788337889623e-08,0.21285837618781475,0.15847323087463305,4.293595672069394e-16,1.7447278081115862e-16,1.212445575866042e-13,4.7808374705299416e-14,9.199629657287408e-18,1.0272842070585962e-17,2.3529744783649474e-15,2.4240357663231002e-15,1.1457360009393775e-10,1.0955171897628824e-10,2.698393246735598e-12,2.5801198392258033e-12,2.4119349474021842e-05,2.1516002777312965e-05,0.21234302636025207,0.17752186552340782,0.4083910208716613,0.19555211161845393,0.08492474842456572,0.025881664460067465,7.754352608616358e-08,3.584078416120447e-08,4.7995564572720065e-06,2.1438927631148247e-06,5.688228661251441e-10,2.458321754488666e-10,6.031418471842113e-12,2.6066405066937295e-12,1.1692870245629761e-06,4.894416775760862e-07,1.2591198092959265e-11,6.74692124638986e-12,0.0009165054488000103,0.0004720922407677412,1.1987560445128491e-07,5.9446624595216056e-08,0.004194915720599125,0.002005524081356875,7.960919463198839e-07,3.673983198030876e-07,0.0006409188347826187,0.0002858703018517929,2.61985872365613e-10,8.564191590855897e-11,6.46886709430906e-06,2.0639346758450525e-06,2.6548395952663127e-10,8.470440680868316e-11,1.3602334830674927e-18,1.3024701122287203e-18,1.8212252207640068e-17,1.6268134458223704e-17,2.7507524051163652e-14,2.3025395705946515e-14,2.2286942183914454e-09,1.7551319471560653e-09,2.2638167574922014e-12,1.0461967498520848e-12,4.791587730004532e-15,2.1417598508929408e-15,8.828167817333318e-23,2.5737418183717054e-23,4.449485365902501e-15,1.355901823553094e-15,3.961130193697233e-18,1.713013431764985e-18,2.0410828725366752e-17,1.052170601135331e-17,7.520537516585958e-10,3.7322140509315505e-10,1.1448545194497843e-15,5.47727653233558e-16,2.2855942796226937e-17,7.470768932742451e-18,4.391032653331257e-19,1.3688164682900832e-19,2.68924303379881e-14,8.383176447356965e-15,7.720871323668862e-11,2.406826970272888e-11,8.81530640489453e-17,2.8139203834505746e-17,0.010328643902763984,0.004945015010535506,1.0000000000000118e-30,3.3572420202869165e-31,5.050935597829936e-09,1.5721893489530023e-09,3.950064924877994e-06,1.2014193522213212e-06,4.206914121302577e-10,1.3108118785174154e-10,1.2896649048063032e-12,3.926456826088453e-13
0.34,1266.3644149684878,5.3448765005321395,0.26303030055002635,1.2935515473142967,0.0653725398760216,0.4348901646737835,1.9512597883211593e-07,2.596147227180256e-06,1.82411252253054e-13,1.529091736934078e-13,5.889468771668164e-14,2.4684710845567672e-14,3.896821627542449e-08,3.072964691767975e-08,0.212814828586226,0.15843180648523386,4.274191812438102e-16,1.736744242296925e-16,1.2083806693489012e-13,4.76453823916229e-14,9.140140730506895e-18,1.0205833307166247e-17,2.3401490608712355e-15,2.4106860218087477e-15,1.1412534329749361e-10,1.0911690898586817e-10,2.6871501150053334e-12,2.5692235051251903e-12,2.4073249446813328e-05,2.1473658325475482e-05,0.21231981587402218,0.1774923749030547,0.40845870849641996,0.19557340905294368,0.08492477092820437,0.025880200630483737,7.747197077972938e-08,3.580567642465434e-08,4.799729916183281e-06,2.1438484167665635e-06,5.672976534600494e-10,2.451590819781615e-10,6.012234401352788e-12,2.5982019447520426e-12,1.1672269038154391e-06,4.885515867638657e-07,1.2510072726540244e-11,6.7030697706174266e-12,0.000913048997571053,0.0004702850968928382,1.1937254584588097e-07,5.9193792730934946e-08,0.004185671726018774,0.002000990961237016,7.940056075885081e-07,3.6641464737936555e-07,0.0006402937172298392,0.0002855752511126463,2.6115143055948975e-10,8.53642899381925e-11,6.459987920176723e-06,2.0609845977604295e-06,2.6485276406185485e-10,8.449821797667188e-11,1.3526432626150914e-18,1.2951286184250218e-18,1.8151851833628207e-17,1.6213260343947103e-17,2.7460477252649867e-14,2.2984708655980796e-14,2.229189102659395e-09,1.7554219214148982e-09,2.2596609700907298e-12,1.0442168612814416e-12,4.773234508312705e-15,2.1334350305139886e-15,8.777883477200317e-23,2.5589366323903224e-23,4.4364198224473104e-15,1.3518435098187863e-15,3.946496132756953e-18,1.7065878684750487e-18,2.034651395501901e-17,1.0487955990841362e-17,7.515085235261019e-10,3.7292963257231093e-10,1.1431128127084482e-15,5.468632997615964e-16,2.275292129512217e-17,7.43667238276281e-18,4.3670900118906365e-19,1.3612754725748897e-19,2.684521025435872e-14,8.36798100700325e-15,7.715203834525726e-11,2.404923580063506e-11,8.790872034047618e-17,2.8059612718866064e-17,0.010328643902662074,0.004944734017303607,1.0000000000000132e-30,3.3570512499617053e-31,5.0335455208850396e-09,1.5666873628789493e-09,3.943013189357991e-06,1.1992064071709752e-06,4.1992435580904297e-10,1.3083474959494903e-10,1.2834464841455614e-12,3.90730245779396e-13
0.341,1266.2132568563384,5.345098806056931,0.2630193609788189,1.2973535487953989,0.0653849327580965,0.4349479898805334,1.9481355464714845e-07,2.5918437297701813e-06,1.8165481860097185e-13,1.522664626136163e-13,5.863227427078692e-14,2.4573333828856417e-14,3.887173733246201e-08,3.0651830415757553e-08,0.212771455155564,0.15839055176633046,4.254930475524616e-16,1.7288198774778027e-16,1.2043411117752614e-13,4.748341861483006e-14,9.081197496681836e-18,1.0139443702154679e-17,2.3274282187310628e-15,2.3974460501407875e-15,1.1368007386832018e-10,1.0868502873806338e-10,2.6759844019205306e-12,2.558402996484962e-12,2.402736416150978e-05,2.1431515004802335e-05,0.21229668106165003,0.17746299045013592,0.40852610451228943,0.19559460805098605,0.08492480974764319,0.0258787477078029,7.740064384063608e-08,3.577068619140655e-08,4.799904357514203e-06,2.1438049921231324e-06,5.657815021372085e-10,2.444900351571862e-10,5.993171643100762e-12,2.589817341482139e-12,1.1651771646798634e-06,4.876660508640483e-07,1.2429695780884206e-11,6.659625754068311e-12,0.0009096154620123794,0.00046849006534292514,1.1887301478293277e-07,5.8942751856436036e-08,0.004176475085658102,0.0019964814380502125,7.919306704286374e-07,3.654364294556749e-07,0.0006396711145110614,0.00028528141906517435,2.603219875652235e-10,8.50883483864681e-11,6.451146923270879e-06,2.0580474930018663e-06,2.6422484886213954e-10,8.429311783737995e-11,1.3451160391140692e-18,1.287848560873412e-18,1.8091817978583094e-17,1.6158723424260472e-17,2.7413628238283612e-14,2.2944196882287952e-14,2.2296818625202226e-09,1.7557105812778692e-09,2.2555237383221297e-12,1.0422460043336762e-12,4.755004837003248e-15,2.125166848586137e-15,8.728031254963354e-23,2.5442596602752857e-23,4.423429458108846e-15,1.3478088646183003e-15,3.931958251545221e-18,1.7002050031356577e-18,2.0282578929744793e-17,1.0454407871049092e-17,7.509652821146736e-10,3.72638962112014e-10,1.1413785155483198e-15,5.460027107566066e-16,2.2650645717268336e-17,7.402825144952344e-18,4.34334931797414e-19,1.3537985815436915e-19,2.6798215179016912e-14,8.352859289286324e-15,7.709558756835925e-11,2.4030279273508717e-11,8.76657536587599e-17,2.798047639386326e-17,0.010328643902560768,0.0049444541581883565,1.000000000000013e-30,3.3568612496044423e-31,5.016265546219088e-09,1.5612206173771693e-09,3.935995549035707e-06,1.197004349366341e-06,4.1916085734082514e-10,1.3058947690177027e-10,1.2772756808343447e-12,3.8882960901707666e-13
0.342,1266.0625327842677,5.345320865776723,0.2630084344120017,1.3011557082289382,0.06539727829935446,0.43500558996589644,1.945024340735944e-07,2.5875586349844163e-06,1.809035822495178e-13,1.5162821408391664e-13,5.837176701154392e-14,2.446277369089101e-14,3.8775766762827186e-08,3.0574430340642794e-08,0.2127282546723659,0.1583494655176222,4.2358101911869987e-16,1.7209540984701528e-16,1.2003266675827515e-13,4.732247373533169e-14,9.022793399101338e-18,1.0073665770837126e-17,2.3148108010029058e-15,2.384314634817502e-15,1.1323776311206393e-10,1.0825604985524128e-10,2.6648953492865977e-12,2.547657564604751e-12,2.3981691973895975e-05,2.138957125496831e-05,0.21227362154332255,0.17743371154820514,0.40859321097340434,0.1956157093388234,0.08492486476379786,0.025877305614807614,7.732954386749307e-08,3.5735812717871205e-08,4.800079764826954e-06,2.1437624785007186e-06,5.642743304146038e-10,2.43824998171406e-10,5.9742290600659915e-12,2.581486187003859e-12,1.1631377236735183e-06,4.867850328558929e-07,1.2350058137809356e-11,6.6165842036722155e-12,0.0009062046183481903,0.00046670702692649284,1.1837697575850692e-07,5.869348380983058e-08,0.004167325401808924,0.001991995311735267,7.898670362564386e-07,3.644636184261279e-07,0.0006390510076983537,0.00028498879644526224,2.594974982432554e-10,8.481407590457897e-11,6.442343816115892e-06,2.055123262670787e-06,2.6360018679261267e-10,8.408909728889232e-11,1.3376511096883192e-18,1.2806292494753267e-18,1.803214733467453e-17,1.6104520627503948e-17,2.7366975605721327e-14,2.2903859120645915e-14,2.230172513252075e-09,1.755997936604952e-09,2.251404923539662e-12,1.040284110562386e-12,4.7368975128884716e-15,2.116954749133164e-15,8.678606151187299e-23,2.5297094094429645e-23,4.410513609918359e-15,1.3437976772625457e-15,3.9175156279761954e-18,1.6938644230411538e-18,2.02190203096208e-17,1.0421059858491416e-17,7.504240150961953e-10,3.723493866654144e-10,1.1396515752403101e-15,5.4514585897850495e-16,2.2549108502619803e-17,7.36922467281431e-18,4.3198082552823176e-19,1.3463850553927125e-19,2.675144337048226e-14,8.337810716519372e-15,7.703935936909776e-11,2.401139958116102e-11,8.742415210811835e-17,2.7901790891717433e-17,0.010328643902460114,0.004944175425529087,1.000000000000012e-30,3.356672014014174e-31,4.9990946331806225e-09,1.5557887766522677e-09,3.929011724389992e-06,1.1948130887244764e-06,4.184008888926024e-10,1.303453605474694e-10,1.2711519866678131e-12,3.8694361326877247e-13
0.343,1265.9122400486485,5.345542680534921,0.262997520804952,1.304958025440672,0.0654095768121653,0.4350629664424935,1.9419260776773957e-07,2.5832918087592065e-06,1.80157492306489e-13,1.509943840490975e-13,5.811314639803549e-14,2.435302199532876e-14,3.868030034001061e-08,3.0497443193153136e-08,0.21268522593357106,0.15830854655446294,4.2168295057900043e-16,1.713146297056392e-16,1.196337104718167e-13,4.716253825628075e-14,8.964921965263562e-18,1.0008492125386773e-17,2.3022956681978705e-15,2.3712905716257037e-15,1.127983826194062e-10,1.0782994424486685e-10,2.653882207294853e-12,2.5369864691288126e-12,2.3936231253386787e-05,2.1347825528633365e-05,0.21225063690120924,0.17740453754919058,0.4086600299151934,0.1956367136329921,0.08492493584735313,0.02587587427115964,7.725866950283114e-08,3.5701055281222606e-08,4.800256122218597e-06,2.1437208654546145e-06,5.627760577610714e-10,2.431639347466309e-10,5.9554055303958456e-12,2.57320797822162e-12,1.1611084983204884e-06,4.859084961587397e-07,1.2271150915239094e-11,6.573940254752135e-12,0.0009028162533080492,0.00046493586791473436,1.1788439450915079e-07,5.8445971052081025e-08,0.004158222308175018,0.0019875323973445554,7.878146124829432e-07,3.6349616947392205e-07,0.0006384333811693073,0.0002846973754677741,2.586779180504037e-10,8.45414573457888e-11,6.433578315501506e-06,2.0522118092824253e-06,2.6297875092263697e-10,8.388614729899464e-11,1.3302477786708384e-18,1.273470001310755e-18,1.7972836622548416e-17,1.6050648908879043e-17,2.7320517964601563e-14,2.2863694117576096e-14,2.230661069937419e-09,1.7562839970934109e-09,2.247304388485537e-12,1.0383311122000969e-12,4.718911342120277e-15,2.108798180597609e-15,8.629603222796996e-23,2.5152844043244223e-23,4.3976716292173475e-15,1.3398097415224211e-15,3.90316734905052e-18,1.687565719598512e-18,2.0155834788003885e-17,1.0387910177685554e-17,7.498847102910728e-10,3.7206089926347547e-10,1.1379319402868481e-15,5.442927177915165e-16,2.2448302158102205e-17,7.335868442826781e-18,4.296464536979388e-19,1.3390341637937075e-19,2.670489309433486e-14,8.322834713518452e-15,7.698335222946482e-11,2.3992596189584796e-11,8.718390392466058e-17,2.7823552288619614e-17,0.01032864390236009,0.004943897811661563,1.0000000000000122e-30,3.356483537987555e-31,4.982031787816776e-09,1.5503915195929901e-09,3.92206146699878e-06,1.1926325446647497e-06,4.176444233338573e-10,1.3010239153098524e-10,1.2650749081745132e-12,3.8507210403189883e-13
0.34400000000000003,1265.762376055619,5.345764250961681,0.2629866201235553,1.308760500256806,0.06542182860166217,0.4351201207869056,1.9388406646068234e-07,2.5790431181828856e-06,1.794164985756485e-13,1.5036492906123074e-13,5.785639324387253e-14,2.4244070458730712e-14,3.8585333893083496e-08,3.042086552062722e-08,0.21264236774068251,0.15826779370108454,4.1979869878945904e-16,1.705395874346745e-16,1.1923721933543639e-13,4.700360277440858e-14,8.907576832051053e-18,9.943915503231902e-18,2.2898817011107135e-15,2.3583726778031182e-15,1.1236190440994961e-10,1.0740668424027016e-10,2.6429442368440644e-12,2.5263889803403474e-12,2.3890980390174923e-05,2.1306276298483424e-05,0.2122277267611004,0.17737546784726074,0.40872656335061996,0.19565762164473585,0.08492502288106671,0.02587445360101672,7.71880193691839e-08,3.566641315098693e-08,4.800433413714443e-06,2.1436801425762256e-06,5.612866043739242e-10,2.42506808948011e-10,5.936699944857629e-12,2.5649822178014202e-12,1.1590894069592512e-06,4.850364045666142e-07,1.2192965267202516e-11,6.531689064040762e-12,0.0008994501487465777,0.00046317647213412085,1.1739523643709144e-07,5.8200195887881526e-08,0.004149165415727934,0.001983092499223773,7.857733027370308e-07,3.625340360710422e-07,0.0006378182163596141,0.0002844071470493622,2.5786320292294786e-10,8.427047772978438e-11,6.424850139991959e-06,2.049313036035559e-06,2.623605147251148e-10,8.368425897134622e-11,1.3229053627833133e-18,1.26637014563229e-18,1.791388261295277e-17,1.5997105270249545e-17,2.7274253939924535e-14,2.2823700633887625e-14,2.231147547543125e-09,1.7565687723966642e-09,2.2432219973577316e-12,1.036386942221563e-12,4.701045152146013e-15,2.1006966012467728e-15,8.58101761511691e-23,2.5009831957731056e-23,4.384902869198683e-15,1.3358448518736264e-15,3.888912515713268e-18,1.6813084904783111e-18,2.009301910229502e-17,1.0354957077015144e-17,7.493473555906442e-10,3.7177349298822376e-10,1.1362195589890582e-15,5.434432604958341e-16,2.234821931947306e-17,7.302753974873232e-18,4.273315913578292e-19,1.3317451883883812e-19,2.6658562646170442e-14,8.307930715016928e-15,7.692756464267825e-11,2.3973868569323118e-11,8.694499748616554e-17,2.774575670873877e-17,0.010328643902260657,0.0049436213090748235,1.0000000000000148e-30,3.3562958164253033e-31,4.9650759946601955e-09,1.5450285185894385e-09,3.915144503238927e-06,1.190462629024649e-06,4.1689143342700603e-10,1.2986056082678074e-10,1.2590439507215892e-12,3.832149265268441e-13
0.34500000000000003,1265.6129382053896,5.345985577755557,0.26297573233034716,1.3125631325040423,0.0654340339717897,0.43517705447015476,1.9357680097526323e-07,2.574812431661742e-06,1.7868055146226922e-13,1.4973980619672876e-13,5.760148858205674e-14,2.413591089330613e-14,3.8490863293203416e-08,3.034469390556702e-08,0.21259967890763964,0.1582272057928911,4.179281223711985e-16,1.6977022388885565e-16,1.1884317065521363e-13,4.6845658004977816e-14,8.850751725231177e-18,9.879928743881301e-18,2.2775677943625452e-15,2.3455597853235555e-15,1.1192830082012593e-10,1.0698624249081634e-10,2.632080707541737e-12,2.5158643771873073e-12,2.384593778917599e-05,2.1264922051335357e-05,0.21220489073855267,0.17734650182981612,0.40879281327302336,0.1956784340769814,0.08492512574792126,0.02587304352884046,7.711759210871421e-08,3.563188560654535e-08,4.800611623652782e-06,2.1436402996166974e-06,5.598058914333665e-10,2.418535852841923e-10,5.918111207704813e-12,2.5568084144829674e-12,1.1570803687949024e-06,4.841687222588308e-07,1.2115492509917723e-11,6.489825877044284e-12,0.0008961060916238063,0.0004614287260951865,1.1690946761278071e-07,5.7956140961296644e-08,0.004140154347591805,0.001978675427641348,7.837430131459128e-07,3.6157717286778e-07,0.0006372054957983141,0.00028411810260161474,2.570533093212361e-10,8.4001122255223e-11,6.416159011283773e-06,2.046426847198613e-06,2.617454519281426e-10,8.348342349618782e-11,1.3156231873270077e-18,1.2593290201839124e-18,1.7855282110365182e-17,1.5943886745131206e-17,2.7228182168588433e-14,2.2783877441252324e-14,2.2316319608849357e-09,1.7568522720569752e-09,2.239157615651977e-12,1.0344515342467679e-12,4.683297783518088e-15,2.0926494754600427e-15,8.532844538476049e-23,2.4868043541762256e-23,4.3722066934461064e-15,1.331902806066564e-15,3.874750239058535e-18,1.6750923379321538e-18,2.0030570024616825e-17,1.03221988236761e-17,7.488119389930886e-10,3.714871609821364e-10,1.1345143803301743e-15,5.425974607377225e-16,2.224885270629871e-17,7.269878817341795e-18,4.2503601669047463e-19,1.324517420870769e-19,2.6612450335001087e-14,8.293098160299276e-15,7.687199511573805e-11,2.3955216195721875e-11,8.670742129621549e-17,2.7668400318497632e-17,0.010328643902161809,0.004943345910300131,1.0000000000000148e-30,3.3561088442567704e-31,4.948226260366228e-09,1.5396994530765353e-09,3.908260570620093e-06,1.1883032570818435e-06,4.1614189233054923e-10,1.2961985953858882e-10,1.2530586285695088e-12,3.8137192874784314e-13
0.34600000000000003,1265.4639238635832,5.346206661763336,0.2629648573805874,1.3163659220096862,0.06544619322620508,0.4352337689621016,1.9327080224733845e-07,2.5705996191924188e-06,1.77949601982174e-13,1.491189730630438e-13,5.734841362424879e-14,2.4028535189697462e-14,3.839688445464475e-08,3.026892496631265e-08,0.21255715826756688,0.15818678168088848,4.1607108163572885e-16,1.6900648063523951e-16,1.1845154206826252e-13,4.668869479818629e-14,8.794440455423426e-18,9.816524784331607e-18,2.2653528549665538e-15,2.3328507394026326e-15,1.1149754448883553e-10,1.0656859194758255e-10,2.6212908976244735e-12,2.505411947191595e-12,2.3801101870686872e-05,2.1223761288634247e-05,0.212182128423989,0.17731763886438212,0.40885878165747597,0.19569915162427237,0.0849252443218112,0.025871643976463302,7.704738640019427e-08,3.5597471944840655e-08,4.800790736818981e-06,2.143601326538809e-06,5.583338412620896e-10,2.412042287750911e-10,5.899638237927471e-12,2.5486860836066514e-12,1.1550813040353784e-06,4.833054138549278e-07,1.203872415352539e-11,6.448346044973799e-12,0.0008927838765712946,0.00045969252031089066,1.1642705509773277e-07,5.771378941541483e-08,0.004131188750346004,0.0019742810041800986,7.817236543964884e-07,3.606255366418101e-07,0.0006365952044302107,0.000283830234619432,2.5624819428118935e-10,8.37333763161374e-11,6.407504655008718e-06,2.043553148357416e-06,2.611335364914214e-10,8.328363214244506e-11,1.3084005853385412e-18,1.2523459703833863e-18,1.7797031950912115e-17,1.5890990396753286e-17,2.7182301300874947e-14,2.2744223323354183e-14,2.23211432459156e-09,1.7571345054707868e-09,2.2351111103233938e-12,1.0325248226112632e-12,4.6656680861705626e-15,2.084656272053594e-15,8.485079259371028e-23,2.472746466859472e-23,4.3595824739929576e-15,1.3279834045282741e-15,3.860679639853125e-18,1.6689168685776344e-18,1.9968484361989708e-17,1.0289633703716349e-17,7.482784486385992e-10,3.712018964641629e-10,1.1328163543348816e-15,5.417552926791321e-16,2.2150195112837553e-17,7.237240544101797e-18,4.227595106153349e-19,1.3173501617479203e-19,2.6566554480747057e-14,8.278336492384897e-15,7.681664217435502e-11,2.3936638550373052e-11,8.647116399268003e-17,2.7591479329148582e-17,0.010328643902063592,0.004943071607892704,1.0000000000000153e-30,3.3559226164275815e-31,4.931481628006327e-09,1.5344040139723257e-09,3.901409429575002e-06,1.1861543511330529e-06,4.153957737900554e-10,1.2938027895833872e-10,1.2471184681011493e-12,3.7954296244292293e-13
0.34700000000000003,1265.3153305108567,5.34642750360267,0.26295399524082297,1.3201688686014812,0.0654583066611508,0.4352902656956644,1.9296606127859736e-07,2.566404551801762e-06,1.7722360181266686e-13,1.485023878449913e-13,5.709714993787383e-14,2.392193539176713e-14,3.8303393344918525e-08,3.0193555365799946e-08,0.21251480465693756,0.15814652022410633,4.142274390308726e-16,1.6824830013839407e-16,1.180623114124801e-13,4.6532704088996104e-14,8.738636937922644e-18,9.753696681401134e-18,2.2532358096375104e-15,2.3202444060785847e-15,1.1106960846951281e-10,1.0615370597310294e-10,2.6105740955688353e-12,2.4950309880499825e-12,2.3756471074845785e-05,2.118279253098413e-05,0.21215943945448418,0.17728887836332496,0.40892447045706753,0.1957197749762152,0.08492537848980951,0.025870254870561705,7.697740089813776e-08,3.55631714531961e-08,4.800970737887998e-06,2.143563213325123e-06,5.568703768353732e-10,2.405587047463943e-10,5.881279966240159e-12,2.5406147458763164e-12,1.1530921336436762e-06,4.824464443235811e-07,1.1962651733436573e-11,6.4072449345395215e-12,0.0008894832928735689,0.0004579677426044181,1.1594796553745322e-07,5.747312419621877e-08,0.004122268245379982,0.001969909038539735,7.797151329278286e-07,3.5967908224413417e-07,0.0006359873239639158,0.0002835435341684239,2.5544781528544014e-10,8.346722546194182e-11,6.3988867983619325e-06,2.0406918457123854e-06,2.605247427771305e-10,8.308487631437792e-11,1.3012369018741593e-18,1.2454203534514364e-18,1.7739129019405958e-17,1.5838413333672104e-17,2.7136610001446383e-14,2.2704737077319823e-14,2.232594653185338e-09,1.7574154819991614e-09,2.2310823496820088e-12,1.0306067423448814e-12,4.648154932040184e-15,2.0767164699713058e-15,8.437717131737288e-23,2.458808147255429e-23,4.347029585790975e-15,1.3240864487113788e-15,3.8466998523687466e-18,1.6627816950964113e-18,1.990675896372899e-17,1.025726002610843e-17,7.477468727313513e-10,3.7091769270085083e-10,1.1311254307347704e-15,5.409167303736595e-16,2.2052239458929983e-17,7.204836771306077e-18,4.2050185780424546e-19,1.3102427235340142e-19,2.652087343330386e-14,8.263645164186028e-15,7.676150435455546e-11,2.3918135119132264e-11,8.623621434768177e-17,2.7514989997467942e-17,0.010328643901965948,0.0049427983945633846,1.0000000000000165e-30,3.355737127989042e-31,4.914841115770803e-09,1.5291418846430366e-09,3.894590812775631e-06,1.1840158251146374e-06,4.1465305139623223e-10,1.2914181033843713e-10,1.2412229937220893e-12,3.7772787883155945e-13
0.34800000000000003,1265.1671555855223,5.346648104049564,0.2629431458698276,1.3239719721077239,0.06547037457345989,0.4353465461071126,1.9266256917052537e-07,2.5622271019207453e-06,1.7650250319136727e-13,1.4789000921517556e-13,5.684767925075084e-14,2.3816103613951697e-14,3.821038596935565e-08,3.011858179847506e-08,0.21247261692813404,0.15810642029422364,4.12397058569554e-16,1.6749562552284523e-16,1.1767545683294437e-13,4.637767693760516e-14,8.683335167192168e-18,9.691437582907243e-18,2.2412155964222825e-15,2.307739663514042e-15,1.1064446608990749e-10,1.0574155820394061e-10,2.5999295977510825e-12,2.4847208053166347e-12,2.3712043854847694e-05,2.1142014311451755e-05,0.21213682343974236,0.17726021971670144,0.40898988160694133,0.19574030481358987,0.08492552813365395,0.025868876136244605,7.690763429093317e-08,3.5528983435107694e-08,4.801151611962817e-06,2.1435259501545075e-06,5.55415422183747e-10,2.399169789960362e-10,5.863035336917408e-12,2.5325939280722304e-12,1.1511127794670717e-06,4.815917790219623e-07,1.1887266980815933e-11,6.3665180190417586e-12,0.0008862041379782215,0.00045625428505122634,1.1547216655637972e-07,5.723412874224504e-08,0.004113392477590035,0.0019655593517496897,7.777173597180568e-07,3.587377666417425e-07,0.000635381838546005,0.0002832579934063733,2.5465213034728177e-10,8.320265542224583e-11,6.390305172103322e-06,2.037842846655098e-06,2.599190453453749e-10,8.288714748378063e-11,1.2941314890793335e-18,1.238551533649687e-18,1.7681570228723637e-17,1.5786152690858843e-17,2.7091106946187507e-14,2.266541751038667e-14,2.233072961023138e-09,1.7576952108690175e-09,2.2270712033102807e-12,1.0286972291022597e-12,4.630757202658059e-15,2.068829552673738e-15,8.390753563787005e-23,2.444988025153589e-23,4.334547416455339e-15,1.320211744021281e-15,3.832810019616749e-18,1.656686434121127e-18,1.984539071055102e-17,1.022507611681445e-17,7.472171995984545e-10,3.70634543024465e-10,1.1294415602450742e-15,5.400817483607772e-16,2.1954978731718298e-17,7.172665138112218e-18,4.182628456540161e-19,1.3031944275037034e-19,2.6475405550818112e-14,8.249023631486282e-15,7.670658020779926e-11,2.389970539299563e-11,8.600256125374816e-17,2.7438928620482204e-17,0.010328643901868884,0.004942526263031445,1.0000000000000167e-30,3.355552373998152e-31,4.898303777870209e-09,1.5239127598048899e-09,3.887804475954241e-06,1.1818876000185966e-06,4.139136992995707e-10,1.2890444511042997e-10,1.2353717415842402e-12,3.759265327689698e-13
0.34900000000000003,1265.019396589335,5.346868463777642,0.26293230923142585,1.3277752323571892,0.06548239725516579,0.43540261160894145,1.9236031710339964e-07,2.558067143155395e-06,1.7578625897595832e-13,1.4728179638671114e-13,5.659998357516633e-14,2.3711032093665943e-14,3.8117858381286096e-08,3.004400099889681e-08,0.21243059394117292,0.15806648077256508,4.1057980617703983e-16,1.6674840071705286e-16,1.1729095670883356e-13,4.622360450150324e-14,8.62852923171383e-18,9.62974074438404e-18,2.229291169960168e-15,2.2953354074508906e-15,1.1022209104078558e-10,1.0533212263738837e-10,2.5893567098882054e-12,2.474480713825015e-12,2.366781868160301e-05,2.110142518013283e-05,0.21211428001165084,0.17723166233721213,0.4090550170221241,0.19576074181123249,0.08492569314155703,0.025867507701168146,7.68380852629698e-08,3.5494907193450786e-08,4.80133334421956e-06,2.1434895272864883e-06,5.539689021215224e-10,2.39279017681469e-10,5.84490330647194e-12,2.5246231625272303e-12,1.1491431641569743e-06,4.807413836715794e-07,1.1812561701692423e-11,6.326160813711215e-12,0.0008829462081179369,0.0004545520391586656,1.1499962582341403e-07,5.6996786522381804e-08,0.0041045610830267275,0.0019612317607458694,7.757302444512995e-07,3.578015462335561e-07,0.0006347787309971121,0.00028297360391067543,2.5386109794939303e-10,8.293965208839033e-11,6.381759509206836e-06,2.0350060593775697e-06,2.593164190874152e-10,8.26904372340678e-11,1.2870837092719388e-18,1.2317388852517712e-18,1.7624352533139602e-17,1.5734205641899246e-17,2.7045790824588235e-14,2.2626263442341047e-14,2.2335492623371306e-09,1.7579737012404593e-09,2.2230775421337006e-12,1.0267962192155523e-12,4.613473796053174e-15,2.060995011260263e-15,8.344184036407074e-23,2.4312847521005342e-23,4.322135356448865e-15,1.3163590968511366e-15,3.819009296344851e-18,1.6506307075611575e-18,1.9784376521496383e-17,1.0193080322545804e-17,7.466894176502989e-10,3.703524408206796e-10,1.1277646937194813e-15,5.392503212722448e-16,2.185840602289269e-17,7.14072331897817e-18,4.1604226474400024e-19,1.2962046051388962e-19,2.643014921406767e-14,8.234471357582606e-15,7.665186829756055e-11,2.3881348867508535e-11,8.577019373216695e-17,2.73632915386557e-17,0.010328643901772454,0.004942255206123398,1.0000000000000167e-30,3.3553683495847148e-31,4.881868664019669e-09,1.5187163329460547e-09,3.881050164174599e-06,1.1797695936609532e-06,4.131776917346342e-10,1.2866817473935065e-10,1.229564250404027e-12,3.741387799581845e-13
0.35000000000000003,1264.8720509876175,5.3470885836078095,0.2629214852822152,1.3315786491792363,0.06549437499834035,0.4354584636141272,1.9205929636104708e-07,2.5539245505682347e-06,1.75074822586577e-13,1.466777090619296e-13,5.635404509129184e-14,2.3606713141964685e-14,3.8025806673307764e-08,2.9969809734278434e-08,0.21238873457349203,0.15802670055449375,4.0877554933916286e-16,1.6600657030703463e-16,1.1690878972632762e-13,4.607047806328659e-14,8.574213298042149e-18,9.568599511054793e-18,2.2174614962415997e-15,2.2830305457625455e-15,1.0980245729062986e-10,1.0492537354781209e-10,2.5788547456392876e-12,2.4643100363004456e-12,2.3623794039900493e-05,2.1061023700333017e-05,0.21209180877700473,0.17720320561746356,0.40911987860034205,0.19578108663582405,0.08492587339404041,0.025866149490749057,7.676875253293901e-08,3.5460942047519995e-08,4.80151592026107e-06,2.143453935180004e-06,5.525307425241707e-10,2.3864478743482964e-10,5.826882845057606e-12,2.5167019876827895e-12,1.1471832112875181e-06,4.798952243988277e-07,1.1738527887747817e-11,6.286168934893125e-12,0.0008797093071513486,0.0004528609004084625,1.1453031195054214e-07,5.676108148009906e-08,0.004095773720353167,0.0019569260933654966,7.737537011831987e-07,3.568703794568678e-07,0.0006341779864776342,0.00028269035830730564,2.53074677108705e-10,8.267820153301006e-11,6.373249546328155e-06,2.0321813933023594e-06,2.587168391083086e-10,8.249473722126772e-11,1.2800929318589378e-18,1.224981789564875e-18,1.75674729158017e-17,1.5682569387501278e-17,2.700066033818912e-14,2.2587273703794074e-14,2.2340235711870543e-09,1.7582509621372742e-09,2.2191012384071772e-12,1.0249036496688395e-12,4.596303619722352e-15,2.0532123412865644e-15,8.298004083724804e-23,2.4176969956816415e-23,4.3097928065613305e-15,1.3125283168343566e-15,3.8052968461755116e-18,1.6446141413324565e-18,1.972371334765547e-17,1.0161271007330486e-17,7.461635154280715e-10,3.700713795453328e-10,1.1260947829929675e-15,5.384224242250737e-16,2.176251449238001e-17,7.109009011650055e-18,4.13839908317921e-19,1.2892725964851936e-19,2.638510281331337e-14,8.219987809033692e-15,7.659736720425926e-11,2.386306504386219e-11,8.553910092751984e-17,2.728807513361634e-17,0.01032864390167658,0.0049419852166828334,1.0000000000000185e-30,3.35518504989017e-31,4.865534858674791e-09,1.5135523085031362e-09,3.874327644641762e-06,1.1776617306336849e-06,4.1244500349199147e-10,1.284329908682709e-10,1.2238000704034706e-12,3.723644796628467e-13
0.35100000000000003,1264.725116332575,5.347308464198275,0.26291067398680984,1.3353822224036926,0.06550630808916179,0.4355141035063655,1.9175949829443405e-07,2.5497992002498004e-06,1.7436814805067824e-13,1.460777074729241e-13,5.610984627949916e-14,2.3503139199440313e-14,3.79342269860686e-08,2.98960048120504e-08,0.21234703770743454,0.1579870785435983,4.069841574622508e-16,1.652700796858161e-16,1.1652893477555148e-13,4.5918288991000214e-14,8.520381626782717e-18,9.508007335826448e-18,2.2057255585136997e-15,2.270824004577058e-15,1.093855391776286e-10,1.0452128557669726e-10,2.5684230279548348e-12,2.4542081046992434e-12,2.3579968432315537e-05,2.1020808452509004e-05,0.21206940937635746,0.17717484898307212,0.40918446821891497,0.19580133994875693,0.08492606878166511,0.0258648014341391,7.669963480474485e-08,3.5427087311133884e-08,4.801699325649924e-06,2.1434191643324504e-06,5.511008699348568e-10,2.380142551980316e-10,5.8089729340765435e-12,2.5088299471078433e-12,1.1452328451554474e-06,4.790532676616659e-07,1.1665157577720273e-11,6.246538025926836e-12,0.0008764932357791736,0.00045118076271418535,1.1406419335422159e-07,5.6526997470249706e-08,0.0040870300312556,0.0019526421694723024,7.717876411973696e-07,3.5594422349995544e-07,0.0006335795878810764,0.00028240824822342326,2.5229282727324947e-10,8.241828997806239e-11,6.3647750218457e-06,2.029368758502279e-06,2.581202808583045e-10,8.230003921769034e-11,1.2731585367938781e-18,1.2182796382611638e-18,1.751092840278259e-17,1.563124116836702e-17,2.6955714201693897e-14,2.2548447137604802e-14,2.234495901523204e-09,1.7585270025356277e-09,2.2151421656556616e-12,1.0230194580929694e-12,4.579245599820707e-15,2.0454810469121894e-15,8.25220931641399e-23,2.4042234463555474e-23,4.297519171747566e-15,1.3087192149955457e-15,3.791671844745762e-18,1.6386363667483684e-18,1.9663398178470927e-17,1.0129646555973575e-17,7.45639481542563e-10,3.6979135270223827e-10,1.1244317798054766e-15,5.375980323186242e-16,2.1667297409719167e-17,7.077519950819597e-18,4.116555729253943e-19,1.2823977521742199e-19,2.634026476409818e-14,8.205572460760816e-15,7.654307551881878e-11,2.384485342741233e-11,8.530927210905738e-17,2.7213275829172685e-17,0.010328643901581301,0.004941716287680218,1.00000000000002e-30,3.355002470142049e-31,4.8493014314046145e-09,1.5084203864535727e-09,3.867636665448485e-06,1.1755639297896568e-06,4.117156093144736e-10,1.2819888513307118e-10,1.2180787517456892e-12,3.7060349119543115e-13
0.352,1264.5785901658187,5.347528106287465,0.2628998753058947,1.3391859518609108,0.06551819681271483,0.4355695326642005,1.9146091434978453e-07,2.5456909696456168e-06,1.7366618995383404e-13,1.4548175233736902e-13,5.5867369813106324e-14,2.340030279080555e-14,3.7843115500447523e-08,2.982258307313221e-08,0.21230550223937084,0.15794761365563822,4.0520550154781984e-16,1.6453887491788923e-16,1.1615137102579936e-13,4.576702876688547e-14,8.467028557473283e-18,9.447957762191723e-18,2.1940823522336e-15,2.2587147230312145e-15,1.0897131132942178e-10,1.0411983365386283e-10,2.5580608878117177e-12,2.4441742589500867e-12,2.35363403759042e-05,2.0980778030930496e-05,0.2120470814375407,0.17714659185064527,0.40924878773756884,0.19582150240397944,0.08492627919167778,0.025863463459693523,7.663073080645232e-08,3.5393342309984215e-08,4.801883546281312e-06,2.143385205407681e-06,5.496792118592265e-10,2.3738738834553765e-10,5.791172567816091e-12,2.501006590156912e-12,1.143291990927313e-06,4.782154803022961e-07,1.1592442959636448e-11,6.20726381174925e-12,0.0008732977997259415,0.0004495115226244109,1.1360123914329204e-07,5.629451869799992e-08,0.004078329671681178,0.001948379815846116,7.698319786372062e-07,3.550230368930068e-07,0.0006329835194771551,0.0002821272659062903,2.5151550839228895e-10,8.21599038161412e-11,6.356335677337902e-06,2.0265680661342088e-06,2.5752672002502956e-10,8.210633507599541e-11,1.266279911603893e-18,1.2116318305056923e-18,1.7454716051149018e-17,1.5580218254236783e-17,2.6910951142020568e-14,2.25097825976704e-14,2.2349662671427667e-09,1.7588018312982778e-09,2.2112001987070216e-12,1.0211435827617916e-12,4.5622986726982e-15,2.037800637078706e-15,8.20679539979175e-23,2.3908628110181083e-23,4.2853138630717545e-15,1.304931604317644e-15,3.7781334769420616e-18,1.6326970192919194e-18,1.9603428035949966e-17,1.0098205370879418e-17,7.451173047177722e-10,3.695123538581144e-10,1.122775636642641e-15,5.36777121026724e-16,2.1572748119192566e-17,7.046253896587062e-18,4.094890577225355e-19,1.2755794312162392e-19,2.6295633494253394e-14,8.19122479184735e-15,7.648899184700484e-11,2.3826713528598522e-11,8.508069666657045e-17,2.7138890089476978e-17,0.01032864390148655,0.004941448412124178,1.0000000000000188e-30,3.354820605593819e-31,4.833167475888848e-09,1.503320274418016e-09,3.86097698816857e-06,1.1734761141287795e-06,4.109894843687579e-10,1.2796584930692146e-10,1.2123998536155563e-12,3.688556766725909e-13
0.353,1264.43247004867,5.347747510616008,0.2628890892000621,1.3429898373817701,0.0655300414515909,0.43562475245396004,1.9116353605195495e-07,2.5415997373471778e-06,1.7296890343183636e-13,1.448898048523578e-13,5.562659858337762e-14,2.32981965354316e-14,3.775246843783625e-08,2.974954139228346e-08,0.21226412707595385,0.15790830481655807,4.034394542373932e-16,1.638129027578579e-16,1.1577607788826004e-13,4.561668897286061e-14,8.414148510866456e-18,9.38844442677674e-18,2.182530886285896e-15,2.2467016545278156e-15,1.0855974867721446e-10,1.0372099301129683e-10,2.5477676642847302e-12,2.4342078470300415e-12,2.349290840223096e-05,2.094093104380165e-05,0.21202482459085528,0.1771184336413779,0.4093128389977893,0.1958415746486949,0.08492650451309082,0.025862135496650455,7.656203927529157e-08,3.53597063748841e-08,4.8020685682363345e-06,2.143352049181427e-06,5.482656966188365e-10,2.367641546220208e-10,5.7734807522853354e-12,2.4932314714770038e-12,1.1413605745322716e-06,4.773818295045125e-07,1.1520376339446426e-11,6.168342082095375e-12,0.0008701228074131873,0.00044785307812627147,1.1314141880479423e-07,5.6063629563276026e-08,0.00406967230095997,0.0019441388609935774,7.678866285265999e-07,3.5410677859664826e-07,0.0006323897656495122,0.0002818474036619225,2.507426808712548e-10,8.190302959607314e-11,6.347931256938135e-06,2.0237792282430714e-06,2.5693613255453455e-10,8.191361673626311e-11,1.2594564520995483e-18,1.2050377736375006e-18,1.7398832951459097e-17,1.5529497946178188e-17,2.6866369897524337e-14,2.2471278948382453e-14,2.235434681709854e-09,1.759075457199423e-09,2.2072752135856826e-12,1.0192759625477826e-12,4.5454617890136746e-15,2.0301706273543036e-15,8.161758062411636e-23,2.3776138155086972e-23,4.2731763020602045e-15,1.3011653010726511e-15,3.764680937458917e-18,1.6267957388629273e-18,1.9543799975085455e-17,1.0066945872308453e-17,7.445969737719545e-10,3.6923437663502373e-10,1.1211263064205655e-15,5.359596660494957e-16,2.1478860048287586e-17,7.015208637245106e-18,4.073401648386565e-19,1.268817002144261e-19,2.6251207447483724e-14,8.176944286693741e-15,7.643511480725348e-11,2.3808644862385583e-11,8.485336410594025e-17,2.706491441771783e-17,0.010328643901392352,0.004941181583086851,1.0000000000000181e-30,3.3546394515420574e-31,4.817132096087685e-09,1.4982516833631703e-09,3.854348376536305e-06,1.17139820736201e-06,4.102666040698392e-10,1.2773387524620879e-10,1.2067629407626803e-12,3.6712089996405684e-13
0.354,1264.2867535707683,5.34796667790753,0.2628783156307561,1.3467938787976648,0.06554184228534832,0.4356797642270605,1.908673550110671e-07,2.537525383184228e-06,1.722762441854264e-13,1.44301826706733e-13,5.538751570616402e-14,2.319681315011932e-14,3.766228206253597e-08,2.9676876680027314e-08,0.2122229111344782,0.15786915096306423,4.016858898458678e-16,1.6309211066390452e-16,1.154030350195522e-13,4.546726129193985e-14,8.361735989677023e-18,9.329461060144515e-18,2.1710701833158435e-15,2.234783767075126e-15,1.0815082646583356e-10,1.0332473919278137e-10,2.5375427047829603e-12,2.4243082251902564e-12,2.344967105867199e-05,2.090126611445347e-05,0.21200263847229467,0.1770903737840976,0.40937662382298384,0.19586155732384083,0.08492674463612017,0.025860817475011386,7.649355895820615e-08,3.532617884208638e-08,4.8022543777793116e-06,2.1433196865443706e-06,5.468602533700903e-10,2.36144522150766e-10,5.755896505514148e-12,2.4855041511383e-12,1.139438522707695e-06,4.7655228281347544e-07,1.1448950125049282e-11,6.129768682924668e-12,0.0008669680687829339,0.0004462053280399893,1.1268470216063167e-07,5.583431463928332e-08,0.004061057580486103,0.0019399191345206897,7.659515065508515e-07,3.5319540790131095e-07,0.000631798310748985,0.00028156865379020275,2.499743055799224e-10,8.1647654025647e-11,6.339561507363214e-06,2.021002157774252e-06,2.5634849466553393e-10,8.172187623063358e-11,1.2526875625597717e-18,1.1984968833444093e-18,1.7343276229290103e-17,1.547907757795987e-17,2.6821969219336768e-14,2.2432935065782663e-14,2.2359011587537894e-09,1.7593478889269886e-09,2.203367087612382e-12,1.0174165369696546e-12,4.528733911600029e-15,2.022590538980513e-15,8.117093092107616e-23,2.3644752034525534e-23,4.261105913336095e-15,1.297420122579897e-15,3.751313431074586e-18,1.6209321698976004e-18,1.948451108513106e-17,1.0035866499041845e-17,7.440784776197056e-10,3.68957414712094e-10,1.119483742475485e-15,5.351456433092868e-16,2.1385626710646377e-17,6.98438199023925e-18,4.052086990421781e-19,1.26210984197096e-19,2.6206985084731458e-14,8.162730435454655e-15,7.638144303124341e-11,2.3790646948485694e-11,8.462726405358234e-17,2.6991345357564524e-17,0.010328643901298727,0.00494091579371377,1.0000000000000176e-30,3.3544590033331603e-31,4.801194404690574e-09,1.4932143271201328e-09,3.847750595098675e-06,1.1693301335035188e-06,4.095469440699689e-10,1.2750295488728416e-10,1.2011675832203695e-12,3.6539902660684855e-13
0.355,1264.141438351532,5.348185608860549,0.2628675545606703,1.3505980759404856,0.06555359959065685,0.43573456932074406,1.905723629105904e-07,2.5334677880638582e-06,1.7158816845241547e-13,1.4371778005735154e-13,5.515010452479879e-14,2.3096145450241283e-14,3.757255267888206e-08,2.9604585880342693e-08,0.21218185334084697,0.1578301510410168,3.999446843108969e-16,1.623764467767336e-16,1.1503222230190806e-13,4.531873750033472e-14,8.309785576428094e-18,9.27100148433749e-18,2.159699279457068e-15,2.2229600429972337e-15,1.0774452024234274e-10,1.0293104804276331e-10,2.5273853646803047e-12,2.4144747575965337e-12,2.3406626907018362e-05,2.0861781880075423e-05,0.21198052272527973,0.17706241171661063,0.409440144018437,0.19588145106396665,0.08492699945470118,0.025859509326292607,7.642528860680307e-08,3.529275905092578e-08,4.802440961320182e-06,2.1432881084841356e-06,5.454628120292149e-10,2.355284594008877e-10,5.738418856717765e-12,2.4778241942685342e-12,1.1375257629179395e-06,4.7572680810120344e-07,1.1378156825431994e-11,6.091539515925657e-12,0.0008638333953758501,0.00044456817205816877,1.1223105930333176e-07,5.560655864053236e-08,0.004052485171582757,0.001935720466110736,7.640265286448319e-07,3.522888842368403e-07,0.0006312091388388895,0.00028129100847116835,2.4921034382234337e-10,8.13937639616412e-11,6.331226177652532e-06,2.018236768488576e-06,2.5576378284257664e-10,8.153110568101794e-11,1.2459726555654387e-18,1.1920085834985425e-18,1.728804304387426e-17,1.5428954514803734e-17,2.6777747869807528e-14,2.23947498362372e-14,2.236365711681393e-09,1.7596191350914102e-09,2.1994756992660745e-12,1.0155652461275028e-12,4.512114017724888e-15,2.015059899876989e-15,8.072796339360972e-23,2.3514457372304367e-23,4.249102129789291e-15,1.2936958887781569e-15,3.738030172325639e-18,1.6151059612241798e-18,1.9425558487866255e-17,1.0004965707469698e-17,7.435618052607175e-10,3.6868146181968067e-10,1.1178478984682847e-15,5.343350289045284e-16,2.1293041704009845e-17,6.953771801475234e-18,4.030944680168971e-19,1.2554573370436677e-19,2.616296488361524e-14,8.14858273385526e-15,7.632797516214808e-11,2.3772719310796583e-11,8.440238624843606e-17,2.6918179490568936e-17,0.010328643901205711,0.004940651037221122,1.0000000000000185e-30,3.354279256361493e-31,4.785353520192754e-09,1.4882079214722814e-09,3.8411834069831316e-06,1.1672718161912004e-06,4.088304802117022e-10,1.2727308023170793e-10,1.1956133555633495e-12,3.6368992357826565e-13
0.356,1263.996522017998,5.34840430420605,0.2628568059509175,1.3544024286426437,0.0655653136422556,0.43578916906287535,1.902785515210679e-07,2.529426834142755e-06,1.7090463300653316e-13,1.4313762752730607e-13,5.4914348578871045e-14,2.2996186336524353e-14,3.748327663097924e-08,2.9532665970323334e-08,0.21214095263283209,0.1577913040072723,3.9821571512447917e-16,1.616658598908063e-16,1.1466361986890429e-13,4.517110947736285e-14,8.258291929886796e-18,9.213059608819631e-18,2.1484172231642576e-15,2.211229477716619e-15,1.0734080584114463e-10,1.0253989569156002e-10,2.5172950071540445e-12,2.404706816161425e-12,2.3363774523584062e-05,2.082247699172452e-05,0.21195847698945144,0.1770345468756917,0.40950340137236885,0.19590125649703397,0.08492726886167626,0.02585821098196523,7.635722698938729e-08,3.525944634924212e-08,4.8026283055171924e-06,2.143257306123269e-06,5.440733033739083e-10,2.3491593523011967e-10,5.721046847018197e-12,2.470191171352111e-12,1.1356222234305414e-06,4.749053735964495e-07,1.1307989069658485e-11,6.053650548629147e-12,0.0008607186019354872,0.00044294151156906665,1.1178046082269774e-07,5.5380346534824684e-08,0.004043954743661138,0.0019315426894133544,7.621116124781487e-07,3.5138716785574073e-07,0.0006306222346624655,0.0002810144601950804,2.4845075736446213e-10,8.11413464184445e-11,6.322925019619147e-06,2.015482975098036e-06,2.5518197381170247e-10,8.134129729097725e-11,1.2393111513056294e-18,1.185572305483855e-18,1.7233130585923925e-17,1.5379126151367125e-17,2.6733704623314344e-14,2.2356722157023147e-14,2.2368283537613593e-09,1.7598892042070232e-09,2.1956009282750623e-12,1.0137220307406876e-12,4.495601095248626e-15,2.007578242914607e-15,8.028863708573668e-23,2.338524195418493e-23,4.237164388965877e-15,1.2899924211201681e-15,3.724830384956567e-18,1.6093167658165135e-18,1.9366939337017285e-17,9.974241971244265e-18,7.430469457955875e-10,3.6840651174580877e-10,1.1162187286275055e-15,5.335277992237519e-16,2.120109870259553e-17,6.923375942787832e-18,4.0099728192406446e-19,1.2488588816710462e-19,2.611914533578403e-14,8.13450068233324e-15,7.627470985659307e-11,2.375486147792063e-11,8.417872054479204e-17,2.6845413436942363e-17,0.010328643901113165,0.0049403873068776406,1.0000000000000188e-30,3.3541002060571386e-31,4.769608577103344e-09,1.4832321873225025e-09,3.834646582459237e-06,1.1652231812837251e-06,4.08117188658024e-10,1.270442433862326e-10,1.1900998392097416e-12,3.619934599938242e-13
0.357,1263.8520022038433,5.348622764708361,0.26284606976098784,1.3582069367370935,0.06557698471304405,0.4358435647723559,1.899859126932592e-07,2.5254024047338954e-06,1.7022559513794907e-13,1.4256133218926637e-13,5.4680231601635513e-14,2.2896928793903058e-14,3.7394450300837186e-08,2.9461113958671987e-08,0.2121002079596453,0.15775260882928277,3.964988612877139e-16,1.6096029943551882e-16,1.142972080946056e-13,4.5024369201087495e-14,8.20724978312537e-18,9.155629428263873e-18,2.137223074909814e-15,2.199591079433601e-15,1.069396593748226e-10,1.0215125854638684e-10,2.507271002910739e-12,2.395003780276614e-12,2.3321112498297403e-05,2.0783350113495308e-05,0.21193650090085228,0.17700677869715015,0.4095663976561047,0.1959209742444123,0.08492755274918398,0.02585692237356146,7.628937288868615e-08,3.522624009230671e-08,4.802816397256793e-06,2.1432272707092174e-06,5.426916590010655e-10,2.343069188662116e-10,5.703779528930774e-12,2.462604658003998e-12,1.1337278332703006e-06,4.7408794786502895e-07,1.1238439609906049e-11,6.0160978159987564e-12,0.0008576235067917937,0.0004413252498528716,1.1133287778264366e-07,5.5155663531621664e-08,0.0040354659735195655,0.0019273856417070137,7.602066773074861e-07,3.504902197645282e-07,0.0006300375835609484,0.000280739001725662,2.4769550841695786e-10,8.089038856231553e-11,6.314657787750303e-06,2.012740693232441e-06,2.5460304453398195e-10,8.115244334356641e-11,1.2327024773959898e-18,1.1791874880176728e-18,1.7178536076570114e-17,1.5329589910769075e-17,2.6689838265274878e-14,2.2318850935482798e-14,2.237289098127566e-09,1.760158104693923e-09,2.191742655531556e-12,1.01188683210744e-12,4.479194144444289e-15,2.0001451067239305e-15,7.985291160650339e-23,2.3257093735303198e-23,4.225292138188436e-15,1.2863095441295903e-15,3.7117133016783936e-18,1.6035642406864478e-18,1.9308650817094665e-17,9.943693780665174e-18,7.425338884232454e-10,3.6813255833467303e-10,1.1145961877113874e-15,5.32723930926993e-16,2.110979145497404e-17,6.893192311228705e-18,3.9891695362593792e-19,1.2423138788143178e-19,2.6075524946518584e-14,8.120483785907144e-15,7.62216457842632e-11,2.3737072983027537e-11,8.395625690767395e-17,2.6773043854044454e-17,0.010328643901021206,0.004940124596002485,1.0000000000000199e-30,3.353921847884344e-31,4.753958724842131e-09,1.4782868503468746e-09,3.828139898208388e-06,1.1631841566371325e-06,4.0740704587410715e-10,1.2681643655699718e-10,1.1846266220499729e-12,3.6030950699313613e-13
0.358,1263.7078765932488,5.348840991056898,0.2628353459540684,1.3620116000572802,0.06558861307187078,0.43589775774806144,1.8969443835172578e-07,2.5213943842412965e-06,1.695510126778106e-13,1.4198885758693688e-13,5.4447737566396615e-14,2.2798365911080655e-14,3.7306070112762954e-08,2.938992688938245e-08,0.21205961827845815,0.15771406448380962,3.947940034455858e-16,1.602597155308781e-16,1.139329675656537e-13,4.487850873763543e-14,8.156653948872476e-18,9.098705028552924e-18,2.126115909181794e-15,2.1880438711935068e-15,1.0654105726925751e-10,1.0176511332557312e-10,2.4973127307650946e-12,2.3853650373811186e-12,2.3278639436795735e-05,2.074439992454858e-05,0.21191459411214453,0.1769791066341824,0.4096291346231077,0.19594060492204995,0.08492785101367194,0.025855643434415217,7.622172508719859e-08,3.5193139636344054e-08,4.8030052235088334e-06,2.1431979935674616e-06,5.413178112231493e-10,2.3370137986389666e-10,5.686615965878979e-12,2.4550642347774827e-12,1.1318425221929632e-06,4.7327449980250476e-07,1.116950126865997e-11,5.978877392182525e-12,0.0008545479277148483,0.00043971928995092935,1.108882813513e-07,5.493249489913583e-08,0.00402701853244218,0.0019232491577517528,7.58311641669372e-07,3.4959800066256776e-07,0.0006294551699617868,0.0002804646254287139,2.469445596113038e-10,8.064087770413767e-11,6.306424238647054e-06,2.010009839276826e-06,2.540269722571269e-10,8.096453621839863e-11,1.2261460700409022e-18,1.1728535782680456e-18,1.7124256772691195e-17,1.5280343249453296e-17,2.664614759341147e-14,2.228113509025773e-14,2.237747957796015e-09,1.7604258449059956e-09,2.187900763144121e-12,1.010059592137006e-12,4.462892179026704e-15,1.9927600361678463e-15,7.942074716801219e-23,2.3130000851348e-23,4.213484826387753e-15,1.2826470829235011e-15,3.6986781653140304e-18,1.5978480473893935e-18,1.925069014625012e-17,9.913319644221822e-18,7.420226224246154e-10,3.6785959548154176e-10,1.112980230675209e-15,5.319234007910242e-16,2.1019113798558484e-17,6.863218833839425e-18,3.968532986223536e-19,1.235821739895502e-19,2.603210224053413e-14,8.106531556046987e-15,7.616878162646804e-11,2.371935336360088e-11,8.373498541664087e-17,2.6701067437792398e-17,0.01032864390092975,0.004939862898006019,1.0000000000000192e-30,3.35374417736933e-31,4.7384031117924145e-09,1.4733716360458094e-09,3.821663123860356e-06,1.1611546680229147e-06,4.0670002843771114e-10,1.265896519914975e-10,1.1791932948764144e-12,3.586379366559644e-13
0.359,1263.564142869724,5.349058983989327,0.2628246344909901,1.3658164184371733,0.06560019898627482,0.43595174928260644,1.8940412049919535e-07,2.517402658191134e-06,1.6888084395038876e-13,1.4142016769323675e-13,5.421685062110817e-14,2.2700490852854467e-14,3.721813252673506e-08,2.9319101836193157e-08,0.21201918255724692,0.15767566995741353,3.9310102367414075e-16,1.5956405889906962e-16,1.1357087910385316e-13,4.4733520249571173e-14,8.10649931040816e-18,9.042280576482901e-18,2.1150948117150484e-15,2.176586888006915e-15,1.061449762123975e-10,1.0138143700839654e-10,2.4874195766912355e-12,2.375789982025744e-12,2.323635395746023e-05,2.0705625116244612e-05,0.21189275626930842,0.17695153013608997,0.4096916140104203,0.1959601491391609,0.08492816355128877,0.025854374097993543,7.615428238345535e-08,3.516014434567293e-08,4.803194771485233e-06,2.1431694661502976e-06,5.399516931555756e-10,2.330992881399819e-10,5.669555232311499e-12,2.4475694871862146e-12,1.1299662206809203e-06,4.7246499862727386e-07,1.110116699375373e-11,5.941985419886885e-12,0.0008514916864785785,0.00043812353700904846,1.1044664320915565e-07,5.4710826165863064e-08,0.004018612100782359,0.0019191330767336966,7.564264259826404e-07,3.487104721380915e-07,0.000628874979100587,0.0002801913240364962,2.461978740087402e-10,8.039280130142083e-11,6.298224131510246e-06,2.0072903305050088e-06,2.534537344426444e-10,8.07775683675313e-11,1.2196413724018516e-18,1.1665700302765902e-18,1.7070289959553418e-17,1.5231383650443424e-17,2.6602631415869248e-14,2.2243573549476793e-14,2.238204945653767e-09,1.7606924331042396e-09,2.184075134333035e-12,1.0082402532904658e-12,4.446694223843549e-15,1.985422581286452e-15,7.899210450719229e-23,2.3003951595446983e-23,4.201741912703775e-15,1.2790048658163168e-15,3.685724227100819e-18,1.59216785127188e-18,1.9193054571769466e-17,9.883118086158487e-18,7.415131371744614e-10,3.675876171347995e-10,1.1113708130314073e-15,5.311261858758216e-16,2.092905964004957e-17,6.8334534611792045e-18,3.948061349178459e-19,1.2293818843663657e-19,2.598887575454696e-14,8.09264350827191e-15,7.611611607666467e-11,2.3701702161353433e-11,8.351489625664959e-17,2.6629480919446137e-17,0.010328643900838862,0.00493960220633928,1.0000000000000206e-30,3.353567190065904e-31,4.722940903130919e-09,1.4684862752714664e-09,3.815216037273041e-06,1.1591346437585185e-06,4.059961132433818e-10,1.263638820407875e-10,1.1737994551906852e-12,3.569786231556379e-13
0.36,1263.420798723891,5.3492767442770806,0.2628139353309407,1.3696213917112912,0.06561174272180859,0.4360055406588868,1.891149512243193e-07,2.5134271133399172e-06,1.6821504779125882e-13,1.408552269256026e-13,5.398755510507856e-14,2.260329686711736e-14,3.713063404125886e-08,2.924863590488481e-08,0.2119788997765016,0.1576374242480909,3.9141980552273004e-16,1.5887328088163463e-16,1.1321092377341816e-13,4.458939599879928e-14,8.056780822557834e-18,8.986350320851812e-18,2.1041588798472423e-15,2.165219177214472e-15,1.0575139316610356e-10,1.0100020684647555e-10,2.4775909340979203e-12,2.3662780161372936e-12,2.3194254692861265e-05,2.066702439347048e-05,0.2118709870143688,0.17692404865097291,0.4097538375390149,0.19597960749886104,0.08492849025551863,0.025853114297237433,7.608704359328612e-08,3.5127253593368714e-08,4.803385028642427e-06,2.143141680042947e-06,5.385932387480665e-10,2.3250061398721115e-10,5.652596414131056e-12,2.4401200058921023e-12,1.1280988600065689e-06,4.7165941390794893e-07,1.1033429846983417e-11,5.905418104265368e-12,0.0008484546080193461,0.000436537897844683,1.1000793552206372e-07,5.449064310721561e-08,0.004010246367152214,0.001915037241880642,7.545509524137443e-07,3.478275966065307e-07,0.0006282969969256221,0.000279919090605714,2.454554151168301e-10,8.014614696380597e-11,6.2900572283224125e-06,2.0045820851416594e-06,2.528833087895931e-10,8.059153232317474e-11,1.2131878348023754e-18,1.1603363051534796e-18,1.701663295259056e-17,1.518270862494929e-17,2.6559288552658644e-14,2.220616525200682e-14,2.238660074449556e-09,1.7609578774536185e-09,2.180265653542133e-12,1.006428758634316e-12,4.430599314176124e-15,1.978132296986418e-15,7.856694487439575e-23,2.2878934414817024e-23,4.190062860318769e-15,1.2753827224441517e-15,3.6728507470742425e-18,1.5865233216387231e-18,1.9135741371679703e-17,9.853087647314758e-18,7.410054221508322e-10,3.6731661730145014e-10,1.1097678908622872e-15,5.303322635317039e-16,2.0839622958567433e-17,6.8038941683494525e-18,3.9277528291773104e-19,1.2229937393835664e-19,2.5945844038980548e-14,8.078819162697161e-15,7.606364784224873e-11,2.3684118922837415e-11,8.329597972445436e-17,2.65582810676883e-17,0.010328643900748488,0.004939342514505511,1.0000000000000206e-30,3.3533908815633282e-31,4.707571279897603e-09,1.4636305039395025e-09,3.8087984236789987e-06,1.1571240144497876e-06,4.0529527750619035e-10,1.2613911916087785e-10,1.1684447072092992e-12,3.5533144276058913e-13
0.361,1263.277841919155,5.349494272555668,0.26280324843980135,1.3734265197146045,0.06562324453912836,0.4360591331355649,1.8882692267152289e-07,2.5094676373005282e-06,1.6755358354647159e-13,1.4029400014657878e-13,5.375983560679072e-14,2.2506777309263865e-14,3.7043571195207044e-08,2.917852623502964e-08,0.21193876892050936,0.15759932636052099,3.8975023415249683e-16,1.5818733349706625e-16,1.1285308281112594e-13,4.4446128319486476e-14,8.007493518163893e-18,8.93090859973395e-18,2.0933072252800462e-15,2.153939801344999e-15,1.0536028540300404e-10,1.00621400399909e-10,2.467826204200611e-12,2.3568285493954943e-12,2.3152340290416987e-05,2.062859647544408e-05,0.21184928601754008,0.1768966616545186,0.4098158069116313,0.19599898059930035,0.08492883102953061,0.025851863968605733,7.60200075193453e-08,3.5094466747575364e-08,4.803575982395836e-06,2.1431146268597297e-06,5.372423825137807e-10,2.3190532795966848e-10,5.635738606719678e-12,2.4327153858766297e-12,1.126240372047008e-06,4.708577154908371e-07,1.0966282933053963e-11,5.869171674925378e-12,0.0008454365148361728,0.00043496227806991285,1.0957213030618718e-07,5.4271931431450213e-08,0.004001921005987145,0.001910961489768126,7.526851408301207e-07,3.4694933544865555e-07,0.0006277212074570615,0.00027964791734401857,2.447171468081321e-10,7.990090242729765e-11,6.28192329251985e-06,2.001885021960516e-06,2.523156732872565e-10,8.040642071530766e-11,1.2067849163368454e-18,1.1541518726249222e-18,1.6963283103303582e-17,1.5134315717779042e-17,2.651611783470698e-14,2.2168909146895432e-14,2.239113356838069e-09,1.7612221860773816e-09,2.176472206277732e-12,1.0046250517767386e-12,4.414606501063375e-15,1.970888745436497e-15,7.814523015722298e-23,2.2754937946988915e-23,4.17844713703847e-15,1.271780483954609e-15,3.66005699535371e-18,1.5809141323234112e-18,1.9078747856432598e-17,9.823226886089787e-18,7.404994668920618e-10,3.670465900297972e-10,1.1081714201736042e-15,5.295416110960763e-16,2.0750797824872944e-17,6.774538961329166e-18,3.907605657925801e-19,1.2166567409527473e-19,2.590300566554976e-14,8.065058046480783e-15,7.601137563938637e-11,2.3666603198092432e-11,8.307822622198541e-17,2.6487464686780525e-17,0.010328643900658623,0.004939083816114635,1.0000000000000199e-30,3.353215247523291e-31,4.692293411034255e-09,1.458804054349663e-09,3.8024100522444243e-06,1.1551227058816637e-06,4.0459749840276114e-10,1.259153558023417e-10,1.1631286552212932e-12,3.5369627181734047e-13
0.362,1263.1352701822152,5.34971156959806,0.26279257377671456,1.3772318022826335,0.06563470469935773,0.43611252797394734,1.8854002707469866e-07,2.5055241189384956e-06,1.6689641102542298e-13,1.3973645262125434e-13,5.3533676851110526e-14,2.2410925594461228e-14,3.695694055981522e-08,2.91087699930748e-08,0.21189878898774556,0.15756137531061198,3.880921959975196e-16,1.5750616929971237e-16,1.1249733771170135e-13,4.430370965073668e-14,7.958632492646393e-18,8.875949823035982e-18,2.08253896877869e-15,2.142747832610568e-15,1.0497163042204061e-10,1.0024499545441316e-10,2.458124794739918e-12,2.347440997956952e-12,2.311060940909548e-05,2.0590340092349137e-05,0.2118276529251773,0.17686936860297056,0.40987752381638515,0.1960182690314491,0.08492918577065076,0.025850623046827316,7.595317299563607e-08,3.5061783191348674e-08,4.803767620545722e-06,2.143088298390893e-06,5.358990598659562e-10,2.3131340101320014e-10,5.618980916877761e-12,2.4253552272257546e-12,1.1243906894588074e-06,4.700598735632799e-07,1.0899719512218114e-11,5.833242446070594e-12,0.0008424372362047491,0.0004333965868227633,1.0913920040215862e-07,5.405467726101267e-08,0.003993635712390247,0.0019069056669195241,7.508289150565513e-07,3.460756518873694e-07,0.0006271475969028669,0.00027937779743807546,2.4398303340248536e-10,7.965705557942575e-11,6.273822090681561e-06,1.9991990607816177e-06,2.5175080609858085e-10,8.022222623284837e-11,1.200432081755976e-18,1.1480162080269963e-18,1.6910237786630534e-17,1.5086202495745623e-17,2.647311810319523e-14,2.2131804192360674e-14,2.23956480533172e-09,1.7614853669837504e-09,2.1726946791745806e-12,1.0028290768773215e-12,4.398714843157822e-15,1.9636914923881923e-15,7.772692266845987e-23,2.2631950957507122e-23,4.1668942195995736e-15,1.2681979842908956e-15,3.647342249246822e-18,1.5753399604028377e-18,1.9022071362901972e-17,9.79353437514204e-18,7.399952610451839e-10,3.6677752942599684e-10,1.106581357840722e-15,5.28754206334726e-16,2.0662578364423054e-17,6.74538586476081e-18,3.8876180887555846e-19,1.2103703320231246e-19,2.5860359212941085e-14,8.05135968919828e-15,7.595929819786685e-11,2.364915454167593e-11,8.286162625319417e-17,2.6417028614998352e-17,0.010328643900569309,0.0049388261047837966,1.0000000000000208e-30,3.3530402836123753e-31,4.677106496381112e-09,1.4540066685227593e-09,3.796050712552271e-06,1.1531306500782987e-06,4.039027536007264e-10,1.2569258457249987e-10,1.157850913463736e-12,3.5207298974572785e-13
0.363,1262.993081274206,5.349928636139129,0.2627819113027101,1.3810372392514212,0.06564612346044446,0.4361657264196654,1.882542567386494e-07,2.5015964481583805e-06,1.6624349053034805e-13,1.39182550043612e-13,5.330906376501108e-14,2.2315735225426102e-14,3.687073874442713e-08,2.903936437724174e-08,0.21185895898538185,0.15752357012353527,3.864455789635972e-16,1.568297414622683e-16,1.121436701749943e-13,4.416213251633175e-14,7.91019291268827e-18,8.821468482265786e-18,2.071853243407456e-15,2.1316423562586454e-15,1.0458540600160319e-10,9.987097007327448e-11,2.4484861207811228e-12,2.338114785246529e-12,2.3069060721922088e-05,2.0552253987838542e-05,0.2118060873932745,0.17684216896348492,0.40993898992502525,0.1960374733809123,0.08492955437843756,0.025849391467707674,7.588653886032517e-08,3.5029202310573366e-08,4.803959931006061e-06,2.1430626865104807e-06,5.345632069101445e-10,2.307248044186455e-10,5.602322461628177e-12,2.4180391346436605e-12,1.1225497455844902e-06,4.692658586206891e-07,1.0833732924836359e-11,5.797626776174332e-12,0.0008394566021550285,0.0004318407336736999,1.0870911885351685e-07,5.383886682527636e-08,0.003985390180077872,0.001902869619298403,7.489821989192798e-07,3.452065091684805e-07,0.0006265761510618013,0.00027910872390021367,2.4325303961630013e-10,7.941459444367975e-11,6.265753391512118e-06,1.9965241221735536e-06,2.5118868563441173e-10,8.00389416483473e-11,1.194128803359973e-18,1.1419287941283202e-18,1.6857494409130418e-17,1.503836655515612e-17,2.643028821045506e-14,2.2094849356832412e-14,2.2400144323264997e-09,1.7617474281100666e-09,2.1689329599882764e-12,1.0010407786567021e-12,4.382923411308023e-15,1.9565401092453745e-15,7.731198526334238e-23,2.250996237430738e-23,4.155403589731222e-15,1.2646350590089356e-15,3.63470579508725e-18,1.5698004870103036e-18,1.8965709258414677e-17,9.764008703587504e-18,7.394927943405616e-10,3.665094296463864e-10,1.1049976610237652e-15,5.279700271693019e-16,2.0574958780437956e-17,6.716432929559522e-18,3.867788399267803e-19,1.2041339633231742e-19,2.581790327633678e-14,8.037723625913706e-15,7.59074142589976e-11,2.3631772512323562e-11,8.264617042756523e-17,2.6346969726085984e-17,0.010328643900480489,0.004938569374203853,1.0000000000000215e-30,3.352865985547226e-31,4.662009739412712e-09,1.4492380897414167e-09,3.7897201915385228e-06,1.1511477783109572e-06,4.032110209274087e-10,1.254707981339453e-10,1.1526110997499928e-12,3.5046147710505116e-13
0.364,1262.851272985598,5.350145472887311,0.2627712609801317,1.3848428304575144,0.06565750107746769,0.43621872970424014,1.879696040394008e-07,2.497684515904177e-06,1.655947828460656e-13,1.3863225852752522e-13,5.3085981477869673e-14,2.222119979247371e-14,3.678496239550124e-08,2.8970306616688428e-08,0.21181927792934496,0.15748590983358374,3.848102723949597e-16,1.5615800376173467e-16,1.1179206210601786e-13,4.402138952464032e-14,7.862170014324064e-18,8.767459148349612e-18,2.061249194094724e-15,2.1206224701152156e-15,1.0420159019161305e-10,9.949930258950822e-11,2.4389096045397388e-12,2.328849341783742e-12,2.3027692915604457e-05,2.0514336918666594e-05,0.21178458908511483,0.17681506221196333,0.4100002068931692,0.19605659422782773,0.08492993675442655,0.025848169168021688,7.58201039574989e-08,3.499672349472898e-08,4.80415290182588e-06,2.1430377831834097e-06,5.332347604492626e-10,2.301395097635397e-10,5.5857623681557145e-12,2.410766717420892e-12,1.1207174744537418e-06,4.68475641466288e-07,1.0768316593936178e-11,5.762321069317611e-12,0.0008364944437771069,0.00043029462878197333,1.0828185894534216e-07,5.362448647952795e-08,0.00397718410290271,0.0018988531930328914,7.471449165127859e-07,3.443418706830724e-07,0.0006260068554986504,0.00027884068964616145,2.4252713056072855e-10,7.917350717873013e-11,6.257716965906175e-06,1.9938601274711104e-06,2.5062929055069537e-10,7.985655981694586e-11,1.1878745607360331e-18,1.1358891208738073e-18,1.6805050407919376e-17,1.499080552082691e-17,2.6387627019761524e-14,2.205804361874526e-14,2.2404622501026343e-09,1.7620083773214056e-09,2.165186937580453e-12,9.992601023881393e-13,4.3672312879753715e-15,1.9494341727983987e-15,7.690038132055246e-23,2.2388961282074074e-23,4.143974732935039e-15,1.2610915449034677e-15,3.622146927954608e-18,1.5642953972102942e-18,1.8909658939989237e-17,9.734648476585675e-18,7.389920565918047e-10,3.6624228489697787e-10,1.103420287201876e-15,5.27189051692913e-16,2.0487933351044284e-17,6.687678231957988e-18,3.848114890848734e-19,1.197947093204355e-19,2.5775636466521246e-14,8.024149396888443e-15,7.585572257545728e-11,2.361445667287305e-11,8.24318494581118e-17,2.627728492856307e-17,0.010328643900392233,0.004938313618133897,1.000000000000023e-30,3.3526923490907806e-31,4.6470023490467224e-09,1.4444980631092073e-09,3.783418275080214e-06,1.1491740215788867e-06,4.025222783913248e-10,1.2524998921103742e-10,1.1474088360084043e-12,3.488616157566787e-13
0.365,1262.709843108039,5.350362080593185,0.262760622769268,1.388648575737994,0.0656688378040979,0.4362715390523969,1.8768606142845935e-07,2.493788214201258e-06,1.6495024921586922e-13,1.3808554458556278e-13,5.286441528084854e-14,2.2127312956345113e-14,3.6699608193368846e-08,2.890159396877541e-08,0.21177974484626005,0.15744839348474313,3.8318616695586635e-16,1.5549091053017068e-16,1.1144249562907611e-13,4.388147337388408e-14,7.814559097878786e-18,8.713916465900232e-18,2.0507259761183247e-15,2.1096872830082243e-15,1.0382016128608045e-10,9.912997157894614e-11,2.4293946748884315e-12,2.3196441046949305e-12,2.298650468913522e-05,2.0476587653321443e-05,0.21176315765832862,0.1767880478212712,0.4100611763612665,0.19607563214625406,0.08493033279900035,0.02584695608441848,7.575386714693441e-08,3.4964346141202264e-08,4.804346521276403e-06,2.1430135804925147e-06,5.319136580371749e-10,2.2955748897376082e-10,5.569299773922584e-12,2.4035375894680467e-12,1.1188938107870994e-06,4.6768919320984877e-07,1.0703464054469619e-11,5.727321790788278e-12,0.000833550595718118,0.0004287581841770599,1.0785739443065047e-07,5.341152281669517e-08,0.003969017183069003,0.0018948562383264678,7.453169936675556e-07,3.4348170064182326e-07,0.000625439696528788,0.00027857368793202765,2.418052717482993e-10,7.893378208007007e-11,6.2497125872280175e-06,1.99120699885274e-06,2.500725997051845e-10,7.967507366208676e-11,1.1816688398641648e-18,1.1298966845196306e-18,1.6752903246794194e-17,1.494351704252527e-17,2.634513340457278e-14,2.202138596577327e-14,2.2409082708167724e-09,1.762268222394811e-09,2.1614565018827535e-12,9.974869938749478e-13,4.351637565772965e-15,1.942373264558014e-15,7.64920746946767e-23,2.2268936908195567e-23,4.132607143111628e-15,1.2575672814078924e-15,3.6096649507718966e-18,1.5588243795977402e-18,1.885391783204425e-17,9.705452314095809e-18,7.384930377041726e-10,3.6597608943555885e-10,1.1018491943838932e-15,5.26411258267712e-16,2.040149641867801e-17,6.659119869996328e-18,3.8285958874723474e-19,1.1918091872577784e-19,2.5733557405875412e-14,8.010636546286391e-15,7.580422191190516e-11,2.359720659032038e-11,8.221865415730227e-17,2.6207971164258107e-17,0.010328643900304434,0.0049380588303739184,1.0000000000000222e-30,3.3525193700337874e-31,4.632083549619306e-09,1.4397863386417507e-09,3.7771447566449186e-06,1.1472093132297683e-06,4.0183650429848526e-10,1.2503015062534537e-10,1.1422437502881167e-12,3.4727328947115406e-13
0.366,1262.5687894856155,5.350578459922129,0.2627499966346073,1.392454474930414,0.06568013389004054,0.43632415566927146,1.8740362142055078e-07,2.489907436016499e-06,1.643098513621384e-13,1.3754237514732887e-13,5.264435068810186e-14,2.2034068473994545e-14,3.661467285635036e-08,2.8833223722564244e-08,0.21174035876909877,0.15741102012895744,3.8157315477851875e-16,1.5482841671588304e-16,1.1109495305035886e-13,4.3742376837776504e-14,7.76735553383254e-18,8.660835159802167e-18,2.0402827573445238e-15,2.09883591708494e-15,1.0344109786086226e-10,9.876295589708709e-11,2.4199407679203044e-12,2.3104985182693407e-12,2.2945494755646928e-05,2.043900497386435e-05,0.21174179278882202,0.1767611252829042,0.410121899953261,0.19609458770541421,0.08493074241775452,0.025845752155606,7.568782728502431e-08,3.493206964681232e-08,4.804540777672396e-06,2.142990070579339e-06,5.305998378383354e-10,2.2897871425495055e-10,5.552933825893391e-12,2.396351369001543e-12,1.1170786899442293e-06,4.669064852503382e-07,1.0639168895571923e-11,5.692625436212649e-12,0.0008306248915480811,0.00042723131137835537,1.0743569909228096e-07,5.319996245079979e-08,0.003960889115586561,0.0018908786020528947,7.434983551631854e-07,3.426259627936385e-07,0.0006248746593672794,0.00027830771153248836,2.410874290592844e-10,7.869540756970763e-11,6.241740030639993e-06,1.9885646591450583e-06,2.4951859222212425e-10,7.949447619683503e-11,1.175511134422365e-18,1.123950988888526e-18,1.670105042197199e-17,1.4896498800215626e-17,2.630280624930593e-14,2.198487539568154e-14,2.241352506522788e-09,1.7625269710526031e-09,2.157741543902005e-12,9.957213994620266e-13,4.336141349888643e-15,1.9353569718525567e-15,7.608702978255757e-23,2.2149878642218254e-23,4.121300315093993e-15,1.2540621083329414e-15,3.597259175561652e-18,1.5533871268532115e-18,1.8798483389216983e-17,9.676418852410924e-18,7.379957276542552e-10,3.657108375650809e-10,1.1002843406927899e-15,5.256366253312262e-16,2.0315642406210936e-17,6.630755968836384e-18,3.8092297369023077e-19,1.1857197186960014e-19,2.5691664735055233e-14,7.997184624326304e-15,7.575291104310543e-11,2.3580021835458487e-11,8.200657543929624e-17,2.613902540925003e-17,0.010328643900217158,0.004937805004812233,1.0000000000000232e-30,3.352347044226928e-31,4.617252561770845e-09,1.435102665337229e-09,3.770899420981977e-06,1.1452535840166597e-06,4.0115367702148155e-10,1.2481127522494052e-10,1.1371154726545234e-12,3.456963826827582e-13
0.367,1262.4281099540676,5.350794611600716,0.2627393825376471,1.3962605278728453,0.06569138958430311,0.43637658075680646,1.8712227660060088e-07,2.486042075319751e-06,1.6367355143622503e-13,1.3700271751558637e-13,5.2425773358316894e-14,2.1941460165432637e-14,3.6530153133457025e-08,2.876519319269662e-08,0.21170111874045874,0.15737378882663952,3.799711292275756e-16,1.5417047778564366e-16,1.107494168868657e-13,4.3604092776324315e-14,7.72055475300941e-18,8.60821002412684e-18,2.0299187151430945e-15,2.0880675046061684e-15,1.0306437871649542e-10,9.839823462314743e-11,2.4105473259262336e-12,2.3014120329503083e-12,2.290466183917757e-05,2.0401587672788996e-05,0.21172049414309696,0.17673429408171873,0.41018237927836554,0.19611346146815828,0.08493116551609753,0.025844557320391932,7.562198324466801e-08,3.489989341656017e-08,4.804735659564884e-06,2.1429672457039243e-06,5.292932387395965e-10,2.2840315813776425e-10,5.536663680789912e-12,2.3892076786214762e-12,1.1152720479258984e-06,4.6612748927081856e-07,1.0575424824566063e-11,5.658228565710169e-12,0.0008277171691293859,0.00042571392415135297,1.0701674722206879e-07,5.29897922535104e-08,0.00395279960557397,0.001886920135993121,7.416889278133156e-07,3.417746218429631e-07,0.0006243117301962562,0.000278042753658197,2.4037356875545626e-10,7.845837219960849e-11,6.233799073668994e-06,1.9859330319784327e-06,2.489672474040967e-10,7.931476049476471e-11,1.1694009439720232e-18,1.1180515436172876e-18,1.6649489453814908e-17,1.4849748496478257e-17,2.6260644447398087e-14,2.1948510914428737e-14,2.2417949691594265e-09,1.7627846309312374e-09,2.1540419556199037e-12,9.93963265976972e-13,4.320741755447825e-15,1.9283848866240302e-15,7.568521143645428e-23,2.2031776010215584e-23,4.110053755197575e-15,1.250575869060587e-15,3.584928921548376e-18,1.5479833349021646e-18,1.8743353091385063e-17,9.647546741466542e-18,7.375001165031363e-10,3.654465236356709e-10,1.0987256847982981e-15,5.248651315964623e-16,2.0230365794980703e-17,6.602584673495566e-18,3.790014809127932e-19,1.179678167847757e-19,2.564995710424619e-14,7.983793184458063e-15,7.570178875440005e-11,2.3562901982733163e-11,8.179560431025361e-17,2.607044467043681e-17,0.010328643900130422,0.00493755213536512,1.0000000000000244e-30,3.3521753675398656e-31,4.602508623462616e-09,1.4304467976899205e-09,3.764682062314973e-06,1.1433067676092467e-06,4.004737752425351e-10,1.2459335595844328e-10,1.1320236395535154e-12,3.4413078181136813e-13
0.368,1262.287802351936,5.351010536394829,0.26272878043797016,1.4000667344039037,0.06570260513429867,0.4364288155091867,1.8684201963347878e-07,2.482192027220407e-06,1.6304131204366616e-13,1.3646653938757965e-13,5.220866911395793e-14,2.184948192181159e-14,3.6446045808165225e-08,2.869749972243977e-08,0.21166202381444577,0.15733669864856192,3.7837998496108263e-16,1.5351704974960928e-16,1.1040586987530553e-13,4.3466614139420204e-14,7.674152248330432e-18,8.556035924079787e-18,2.019633036936973e-15,2.077381188512717e-15,1.0268998289478363e-10,9.803578707607359e-11,2.4012137977820806e-12,2.2923841057086395e-12,2.2864004676575225e-05,2.03643345547745e-05,0.2116992613822966,0.17670755369986738,0.410242615931494,0.19613225399179524,0.08493160199661326,0.025843371516962647,7.555633391646589e-08,3.48678168642851e-08,4.804931155741125e-06,2.1429450982515325e-06,5.279938003884739e-10,2.278307934949169e-10,5.520488505646192e-12,2.382106145556167e-12,1.1134738214527129e-06,4.653521772726389e-07,1.0512225650840769e-11,5.624127795258359e-12,0.000824827269354908,0.00042420593785911386,1.0660051357711228e-07,5.27809993325435e-08,0.003944748366858814,0.0018829806961712149,7.398886402323756e-07,3.4092764334299704e-07,0.0006237508960006556,0.0002777788078833696,2.396636575004e-10,7.822266465849659e-11,6.2258894963958735e-06,1.983312041853063e-06,2.4841854476155463e-10,7.913591969957407e-11,1.1633377742760547e-18,1.1121978644613231e-18,1.6598217889260583e-17,1.4803263858709368e-17,2.621864690318393e-14,2.1912291537799033e-14,2.2422356705402013e-09,1.763041209579002e-09,2.150357630137511e-12,9.92212540799535e-13,4.305437906065173e-15,1.921456604785172e-15,7.528658494230755e-23,2.1914618668461626e-23,4.098866972574983e-15,1.2471084079160864e-15,3.572673515679303e-18,1.5426127031427453e-18,1.8688524445810893e-17,9.618834645966188e-18,7.370061944065555e-10,3.6518314205078273e-10,1.0971731859223094e-15,5.240967560559772e-16,2.0145661129375153e-17,6.574604150352224e-18,3.770949494264815e-19,1.1736840215047283e-19,2.560843317543877e-14,7.970461784093409e-15,7.565085384372013e-11,2.354584661094074e-11,8.158573187654161e-17,2.6002225988213865e-17,0.010328643900044199,0.0049373002159924274,1.0000000000000276e-30,3.35200433587187e-31,4.5878509883831375e-09,1.425818495197118e-09,3.7584924828750275e-06,1.1413688001510216e-06,3.9979677795160414e-10,1.243763858747721e-10,1.12696789370526e-12,3.4257637523035487e-13
0.369,1262.1478645673615,5.35122623499149,0.262718190299046,1.4038730943626936,0.0657137807835944,0.4364808611015633,1.8656284324510522e-07,2.4783571877364567e-06,1.6241309624806842e-13,1.3593380885920476e-13,5.1993023983382013e-14,2.1758127723192012e-14,3.636234770043534e-08,2.863014068549784e-08,0.21162307305186648,0.15729974867359905,3.7679961803179465e-16,1.5286808920341226e-16,1.100642949277732e-13,4.332993394970681e-14,7.628143579301526e-18,8.504307801040303e-18,2.0094249221082766e-15,2.066776124397456e-15,1.023178897065217e-10,9.767559284168817e-11,2.3919396392596044e-12,2.2834142003548753e-12,2.2823522018264808e-05,2.0327244437530516e-05,0.21167809418473582,0.17668090363708766,0.4103026114917463,0.19615096582902253,0.08493205176612038,0.025842194685248444,7.549087818815777e-08,3.483583940346347e-08,4.805127255025851e-06,2.142923620661974e-06,5.267014630192122e-10,2.272615934678452e-10,5.504407476596668e-12,2.375046401156569e-12,1.1116839478587885e-06,4.645805215346977e-07,1.0449565238018933e-11,5.590319771125322e-12,0.0008219550323094516,0.00042270726749102583,1.061869729519822e-07,5.257357082019558e-08,0.003936735106642646,0.0018790601355487965,7.380974200786718e-07,3.400849924279158e-07,0.000623192142742918,0.00027751586733515876,2.389576623108302e-10,7.798827375654002e-11,6.218011080646097e-06,1.9807016138972313e-06,2.478724640558942e-10,7.895794703942189e-11,1.1573211384100228e-18,1.1063894743629326e-18,1.6547233306257437e-17,1.475704264318502e-17,2.617681253152725e-14,2.1876216291270655e-14,2.242674622376319e-09,1.76329671448893e-09,2.146688461589939e-12,9.904691718301908e-13,4.2902289375396435e-15,1.914571727881948e-15,7.489111610458691e-23,2.179839642824211e-23,4.087739478976646e-15,1.2436595701047267e-15,3.560492293607111e-18,1.5372749348809534e-18,1.8633994988765754e-17,9.590281246288583e-18,7.365139515924665e-10,3.6492068725910105e-10,1.0956268034091642e-15,5.233314777808483e-16,2.0061523030346096e-17,6.5468125915984536e-18,3.7520322051480544e-19,1.1677367737350334e-19,2.5567091628229266e-14,7.957189986475164e-15,7.560010511924574e-11,2.3528855302694253e-11,8.137694934254749e-17,2.5934366435973952e-17,0.010328643899958452,0.004937049240739062,1.0000000000000278e-30,3.3518339451799366e-31,4.573278907023392e-09,1.4212175164876707e-09,3.7523304768180963e-06,1.13943961538423e-06,3.9912266420708156e-10,1.2416035804968636e-10,1.1219478796980287e-12,3.4103305192922496e-13
0.37,1262.0082944818246,5.351441708135086,0.2627076120815429,1.4076796075888487,0.06572491677490892,0.4365327187051,1.8628474023095244e-07,2.474537453878843e-06,1.617888675292588e-13,1.354044943882276e-13,5.1778824141030046e-14,2.1667391613224575e-14,3.627905566047409e-08,2.8563113480759756e-08,0.2115842655235141,0.15726293798940455,3.752299256855603e-16,1.5222355324433337e-16,1.0972467516118362e-13,4.319404531362922e-14,7.582524363302037e-18,8.453020662717172e-18,1.9992935792167167e-15,2.0562514776148964e-15,1.0194807868124984e-10,9.731763172347765e-11,2.3827243121458054e-12,2.274501786669074e-12,2.2783212625519705e-05,2.0290316149130296e-05,0.2116569922200993,0.176654343387186,0.4103623675240737,0.19616959752653632,0.0849325147303547,0.025841026765016258,7.542561496382816e-08,3.480396045567724e-08,4.805323946476021e-06,2.142902805492488e-06,5.254161675712917e-10,2.2669553151510487e-10,5.488419779283269e-12,2.3680280810426615e-12,1.1099023651171321e-06,4.63812494618641e-07,1.038743756180244e-11,5.556801200731829e-12,0.0008191003021520017,0.00042121783016847567,1.0577610062829685e-07,5.236749409527014e-08,0.003928759541828625,0.0018751583117970808,7.363151969594513e-07,3.3924663514747023e-07,0.0006226354573096457,0.0002772539255574553,2.3825555057615636e-10,7.775518843078132e-11,6.210163610616923e-06,1.9781016740443457e-06,2.4732898522986883e-10,7.87808358038237e-11,1.1513505551273844e-18,1.1006259018725552e-18,1.649653330640663e-17,1.471108262831674e-17,2.6135140256320447e-14,2.1840284208509115e-14,2.2431118362638548e-09,1.7635511530690848e-09,2.143034345078143e-12,9.88733107447169e-13,4.2751139955256845e-15,1.9077298620297888e-15,7.449877116925241e-23,2.1683099233111018e-23,4.076670796683016e-15,1.2402292041101422e-15,3.548384598007208e-18,1.5319697365846718e-18,1.8579762281227995e-17,9.561885236156323e-18,7.360233783746949e-10,3.6465915375718147e-10,1.0940864971391478e-15,5.22569276112178e-16,1.9977946175633586e-17,6.519208208699634e-18,3.733261376385146e-19,1.1618359255716643e-19,2.5525931151874647e-14,7.943977358111793e-15,7.554954140008546e-11,2.3511927644368494e-11,8.116924800301832e-17,2.58668631173535e-17,0.010328643899873173,0.004936799203679818,1.0000000000000281e-30,3.351664191441371e-31,4.558791646474397e-09,1.4166436254573272e-09,3.7461958473722677e-06,1.1375191498441105e-06,3.9845141337094864e-10,1.23945265657502e-10,1.1169632483422803e-12,3.395007028326307e-13
0.371,1261.8690900175097,5.351656956511769,0.2626970457490029,1.411486273922491,0.065736013347637,0.43658438947458167,1.8600770345050354e-07,2.4707327236000175e-06,1.6116858981175994e-13,1.3487856481915868e-13,5.156605595225248e-14,2.1577267718069825e-14,3.619616657376509e-08,2.8496415536506608e-08,0.21154560030714012,0.15722626569160955,3.7367080650364005e-16,1.5158339953016252e-16,1.0938699387075103e-13,4.3058941411347104e-14,7.537290281225168e-18,8.402169589481522e-18,1.9892382280653966e-15,2.0458064254194376e-15,1.0158052960494392e-10,9.696188377933835e-11,2.373567284879154e-12,2.2656463410256825e-12,2.274307527283127e-05,2.0253548530300626e-05,0.211635955170993,0.17662787245765774,0.4104218855782166,0.1961881496263435,0.08493299079850126,0.025839867697487494,7.53605431487643e-08,3.477217944394405e-08,4.805521219217592e-06,2.142882645364735e-06,5.241378555856808e-10,2.26132581369522e-10,5.472524608404913e-12,2.3610508249285175e-12,1.1081290118148725e-06,4.630480693626138e-07,1.0325836655329042e-11,5.5235688234464775e-12,0.0008162629226752955,0.00041973754286454173,1.0536787199661201e-07,5.21627565962685e-08,0.003920821385552596,0.001871275080884163,7.345419000406117e-07,3.3841253736851525e-07,0.000622080825916434,0.00027699297580303673,2.3755729003672204e-10,7.752339773867973e-11,6.202346872311773e-06,1.9755121488705385e-06,2.4678808846039815e-10,7.860457936115683e-11,1.1454255500600846e-18,1.0949066823035752e-18,1.6446115520692365e-17,1.4665381619883134e-17,2.6093629011974936e-14,2.180449433280796e-14,2.2435473236974827e-09,1.7638045326697361e-09,2.1393951767392817e-12,9.870042965477017e-13,4.260092235995739e-15,1.9009306181349926e-15,7.41095168526678e-23,2.156871716743907e-23,4.065660448186676e-15,1.2368171585655333e-15,3.536349779810249e-18,1.5266968184280284e-18,1.8525823912118588e-17,9.533645324380796e-18,7.355344651394049e-10,3.643985360860789e-10,1.0925522271884299e-15,5.218101305033452e-16,1.9894925314906364e-17,6.4917892373837805e-18,3.7146354628920916e-19,1.1559809845642426e-19,2.5484950451647955e-14,7.930823470825929e-15,7.549916151538718e-11,2.349506322603784e-11,8.0962619248342e-17,2.5799713168135316e-17,0.010328643899788336,0.004936550098965003,1.0000000000000283e-30,3.351495070684741e-31,4.544388474042827e-09,1.4120965861884115e-09,3.7400883927416593e-06,1.1356073385884102e-06,3.9778300491257486e-10,1.2373110191115462e-10,1.1120136530147507e-12,3.379792196914805e-13
0.372,1261.7302491087626,5.351871980817577,0.2626864912644968,1.4152930932042374,0.06574707073940332,0.4366358745561955,1.8573172582781498e-07,2.4669428957861282e-06,1.6055222743543235e-13,1.343559893576685e-13,5.1354705945077827e-14,2.148775023441484e-14,3.611367735704922e-08,2.843004430706041e-08,0.21150707648878397,0.15718973088388477,3.721221602856713e-16,1.509475862305264e-16,1.0905123453954992e-13,4.2924615500197336e-14,7.49243707243451e-18,8.35174972865997e-18,1.979258098204879e-15,2.0354401554088806e-15,1.0121522249123855e-10,9.660832929339273e-11,2.3644680319931194e-12,2.256847345845283e-12,2.2703108746080702e-05,2.0216940432665997e-05,0.2116149827201948,0.1766014903580086,0.410481167189574,0.19620662266503588,0.08493347988088461,0.025838717424483796,7.52956616577053e-08,3.4740495796315534e-08,4.805719062538586e-06,2.1428631329937487e-06,5.228664692458374e-10,2.2557271705436985e-10,5.456721167709492e-12,2.354114276602416e-12,1.1063638271485186e-06,4.622872188763613e-07,1.0264756639775714e-11,5.49061942690358e-12,0.0008134427399307779,0.0004182663237509564,1.0496226276931236e-07,5.195934592640539e-08,0.003912920354935934,0.0018674103007637628,7.327774594136027e-07,3.375826654026291e-07,0.0006215282350268802,0.0002767330114411681,2.368628487862497e-10,7.729289085837534e-11,6.19456065381374e-06,1.972932965669646e-06,2.462497541236677e-10,7.842917114703209e-11,1.1395456548396766e-18,1.0892313568823957e-18,1.639597760534675e-17,1.4619937447240036e-17,2.605227774215064e-14,2.1768845715891636e-14,2.24398109606613e-09,1.7640568605696994e-09,2.135770853668559e-12,9.852826885057789e-13,4.245162825049738e-15,1.8941736117957475e-15,7.372332031832589e-23,2.145524044944224e-23,4.05470796272389e-15,1.233423284232553e-15,3.524387197265147e-18,1.5214558938757934e-18,1.8472177495632404e-17,9.505560233423345e-18,7.350472023501e-10,3.6413882883164766e-10,1.0910239540138057e-15,5.210540206050355e-16,1.9812455259084934e-17,6.4645539341065476e-18,3.696152940701012e-19,1.1501714650201035e-19,2.544414824472316e-14,7.917727900423814e-15,7.544896430439023e-11,2.3478261641351742e-11,8.075705455852252e-17,2.5732913754156225e-17,0.010328643899703976,0.004936301920791603,1.0000000000000285e-30,3.3513265789702844e-31,4.530068666553682e-09,1.4075761658309933e-09,3.734007914231167e-06,1.1337041176575854e-06,3.971174185169808e-10,1.2351786009510288e-10,1.1070987517079794e-12,3.364684957032202e-13
0.373,1261.591769670757,5.352086781837356,0.26267594858675153,1.4191000652752632,0.06575808918754657,0.4366871750949219,1.8545680036174102e-07,2.4631678703781135e-06,1.5993974514123886e-13,1.3383673755770917e-13,5.114476077196529e-14,2.1398833413310255e-14,3.60315849561689e-08,2.8363997270908696e-08,0.21146869316606742,0.15715333267949216,3.705838879448787e-16,1.5031607198324982e-16,1.0871738086214801e-13,4.279106092370715e-14,7.447960530154686e-18,8.301756289317023e-18,1.9693524274313666e-15,2.0251518639631503e-15,1.0085213755709384e-10,9.625694875208635e-11,2.355426033742301e-12,2.2481042892215322e-12,2.2663311841707404e-05,2.0180490717885516e-05,0.21159407453581602,0.17657519658636858,0.4105402138805882,0.1962250171733451,0.08493398188385998,0.025837575886726166,7.523096942795494e-08,3.470890895172572e-08,4.80591746601007e-06,2.142844261229694e-06,5.216019514714242e-10,2.2501591292234258e-10,5.441008670511368e-12,2.347218084134355e-12,1.1046067509743436e-06,4.6152991655947626e-07,1.0204191755381357e-11,5.457949863542762e-12,0.0008106396049033956,0.0004168040935704172,1.0455924924995374e-07,5.1757249986553106e-08,0.0039050561809911557,0.001863563836090671,7.31021807864386e-07,3.3675698681884833e-07,0.0006209776725461111,0.00027647402648735823,2.361721952936386e-10,7.70636570952904e-11,6.186804745762496e-06,1.970364052593394e-06,2.4571396275851684e-10,7.825460465214418e-11,1.1337104062135546e-18,1.0835994718945191e-18,1.6346117238313304e-17,1.4574747960069896e-17,2.60110853996871e-14,2.173333741772779e-14,2.2444131646385382e-09,1.7643081439550486e-09,2.132161273944625e-12,9.835682331779276e-13,4.230324936776833e-15,1.8874584623347443e-15,7.334014911854163e-23,2.1342659414026118e-23,4.043812879161035e-15,1.2300474348711749e-15,3.512496215122057e-18,1.5162466793201642e-18,1.8418820669536605e-17,9.477628698457233e-18,7.345615805625357e-10,3.638800266298251e-10,1.0895016387254135e-15,5.203009263923789e-16,1.9730530869913654e-17,6.437500572600749e-18,3.6778123052001507e-19,1.1444068874468075e-19,2.54035232561413e-14,7.904690225392328e-15,7.539894861803799e-11,2.346152248790053e-11,8.055254550243935e-17,2.5666462070906037e-17,0.010328643899620068,0.0049360546633752155,1.0000000000000281e-30,3.351158712370894e-31,4.515831522352018e-09,1.4030821383222162e-09,3.7279542266810296e-06,1.1318094272357849e-06,3.964546342351001e-10,1.23305533611315e-10,1.1022182096061633e-12,3.34968426292e-13
0.374,1261.45364967467,5.352301360259809,0.26266541767922774,1.4229071899772339,0.06576906892525672,0.43673829221519067,1.8518292011029163e-07,2.4594075481987728e-06,1.5933110810754728e-13,1.333207793536259e-13,5.0936207285865215e-14,2.1310511592267382e-14,3.5949886352741654e-08,2.829827193635055e-08,0.21143044944272676,0.15711707019948226,3.690558917271863e-16,1.4968881598513622e-16,1.0838541669552308e-13,4.2658271092846897e-14,7.403856510399906e-18,8.252184552295889e-18,1.9595204650554856e-15,2.0149407596298896e-15,1.0049125527957737e-10,9.590772289964736e-11,2.3464407769966253e-12,2.2394166658037596e-12,2.2623683369687637e-05,2.0144198260588806e-05,0.21157323030608946,0.17654899066106888,0.4105990271586252,0.19624333367796423,0.08493449671815681,0.02583644302674584,7.516646539234727e-08,3.467741834801393e-08,4.80611641921132e-06,2.1428260229661925e-06,5.203442457249034e-10,2.2446214357519167e-10,5.425386338687274e-12,2.340361899474395e-12,1.1028577237359083e-06,4.607761360775925e-07,1.0144136280568127e-11,5.425557007403891e-12,0.0008078533668445599,0.00041535077221386646,1.0415880771460227e-07,5.155645666964627e-08,0.0038972285862979954,0.0018597355475925372,7.292748768993392e-07,3.359354686174395e-07,0.0006204291251552158,0.00027621601442044257,2.3548529835918565e-10,7.683568586888413e-11,6.179078940376352e-06,1.9678053383678475e-06,2.451806951505706e-10,7.80808734501532e-11,1.1279193479522914e-18,1.078010580520369e-18,1.6296532127886163e-17,1.452981103628144e-17,2.5970050948006234e-14,2.1697968508006444e-14,2.2448435405874743e-09,1.7645583899636587e-09,2.1285663366640318e-12,9.818608809329502e-13,4.215577756045874e-15,1.880784794069082e-15,7.295997127949246e-23,2.123096453777982e-23,4.032974734644295e-15,1.2266894638037494e-15,3.500676206536557e-18,1.5110688949228181e-18,1.836575109971825e-17,9.449849469836255e-18,7.340775904005574e-10,3.636221241598728e-10,1.0879852425037195e-15,5.195508278938714e-16,1.9649147083597844e-17,6.410627451670621e-18,3.659612071676388e-19,1.1386867787343437e-19,2.5363074228861152e-14,7.891710030137807e-15,7.5349113317118e-11,2.344484536697232e-11,8.03490837433644e-17,2.560035534563722e-17,0.010328643899536668,0.004935808321021306,1.0000000000000292e-30,3.350991467020457e-31,4.501676334166923e-09,1.398614275973172e-09,3.721927135032811e-06,1.1299232045516496e-06,3.9579463215333894e-10,1.2309411587822072e-10,1.0973716930661512e-12,3.3347890728348486e-13
0.375,1261.3158871119217,5.352515716761833,0.2626548985059799,1.4267144671522958,0.06578001018360628,0.4367892270310998,1.8491007819016279e-07,2.4556618309271753e-06,1.5872628191100245e-13,1.3280808502618834e-13,5.072903250472554e-14,2.1222779180203477e-14,3.586857855875665e-08,2.823286583701e-08,0.21139234442961313,0.15708094257224872,3.6753807506283327e-16,1.4906577793034933e-16,1.0805532606869411e-13,4.25262394894519e-14,7.360120925690053e-18,8.203029863117704e-18,1.9497614700346547e-15,2.004806061182802e-15,1.0013255635884794e-10,9.556063270188819e-11,2.337511754516756e-12,2.2307839760847583e-12,2.258422215107673e-05,2.010806194602635e-05,0.21155244972348952,0.1765228721060553,0.4106576085168447,0.19626157270049302,0.08493502429697178,0.025835318788109254,7.510214848906171e-08,3.464602342618769e-08,4.806315911838429e-06,2.142808411172604e-06,5.190932960529859e-10,2.2391138387973117e-10,5.409853402561807e-12,2.3335453783830827e-12,1.101116686442004e-06,4.60025851349493e-07,1.0084584569388559e-11,5.393437774097017e-12,0.000805083876497842,0.00041390628037560215,1.0376091467174598e-07,5.135695398888833e-08,0.003889437294521612,0.0018559252965979194,7.275365984198305e-07,3.3511807799868727e-07,0.0006198825794429818,0.0002759589686844231,2.348021271136891e-10,7.660896671170261e-11,6.171383031739306e-06,1.9652567523694396e-06,2.446499322859381e-10,7.790797118229757e-11,1.1221720297504065e-18,1.0724642417731859e-18,1.624722000736689e-17,1.4485124577119453e-17,2.5929173359354832e-14,2.1662738064500065e-14,2.2452722349875325e-09,1.7648076056702709e-09,2.124985941828833e-12,9.801605825922666e-13,4.2009204781616255e-15,1.8741522361398325e-15,7.258275526995265e-23,2.112014642964715e-23,4.0221930727082686e-15,1.2233492263713929e-15,3.48892655184956e-18,1.5059222640747139e-18,1.8312966476616295e-17,9.422221311177941e-18,7.335952225591024e-10,3.633651161430793e-10,1.086474726818558e-15,5.188037052919225e-16,1.956829889735452e-17,6.383932890742451e-18,3.6415507761712197e-19,1.1330106724094873e-19,2.5322799918323453e-14,7.878786903231571e-15,7.529945727176939e-11,2.342822988321982e-11,8.014666103020368e-17,2.5534590834359963e-17,0.010328643899453779,0.004935562888087983,1.0000000000000286e-30,3.3508248390885996e-31,4.4876024004840165e-09,1.3941723529908488e-09,3.715926444318932e-06,1.128045386902727e-06,3.9513739252289947e-10,1.2288360036996144e-10,1.0925588721146879e-12,3.319998356606684e-13
0.376,1261.1784799676989,5.352729852074269,0.26264439102842946,1.4305218966431155,0.06579091319286336,0.4368399806529751,1.8463826778588826e-07,2.4519306212072925e-06,1.5812523251536122e-13,1.3229862519239163e-13,5.0523223577329497e-14,2.1135630643006895e-14,3.578765861479514e-08,2.8167776530278028e-08,0.21135437724707998,0.15704494893451634,3.660303424797345e-16,1.484469179742653e-16,1.0772709320280177e-13,4.239495967387029e-14,7.31674974122298e-18,8.154287627643668e-18,1.9400747097200218e-15,1.9947469963180778e-15,9.977602169785394e-11,9.521565932622906e-11,2.328638464652604e-12,2.222205726098663e-12,2.25449270173636e-05,2.007208066938705e-05,0.21153173247219645,0.1764968404395487,0.41071595943537204,0.19627973475702812,0.08493556453213412,0.02583420311412304,7.503801767286958e-08,3.461472363543455e-08,4.806515933810857e-06,2.142791418930861e-06,5.178490471677162e-10,2.2336360900153228e-10,5.394409101366145e-12,2.3267681806154173e-12,1.099383580710157e-06,4.5927903656281995e-07,1.0025531076093909e-11,5.361589133894236e-12,0.0008023309882335654,0.00041247054064809315,1.0336554708787175e-07,5.115873018906682e-08,0.0038816820387557716,0.0018521329490072335,7.258069062159024e-07,3.3430478304902855e-07,0.0006193380229175131,0.00027570288313740425,2.341226510362627e-10,7.638348927473982e-11,6.163716816169111e-06,1.9627182247319105e-06,2.441216553179955e-10,7.7735891546385e-11,1.1164680064882126e-18,1.0669600197853182e-18,1.61981786321019e-17,1.444068650443743e-17,2.5888451614834313e-14,2.1627645172974177e-14,2.24569925880542e-09,1.7650557980701525e-09,2.1214199903743045e-12,9.784672894374808e-13,4.186352306626756e-15,1.867560421501732e-15,7.220846994470227e-23,2.101019581429124e-23,4.011467444730983e-15,1.2200265803693297e-15,3.477246637890197e-18,1.5008065130858622e-18,1.8260464513797336e-17,9.394742998575618e-18,7.331144678144519e-10,3.631089973459937e-10,1.0849700536585956e-15,5.180595390297061e-16,1.948798136071287e-17,6.3574152269836e-18,3.6236269733584273e-19,1.1273781079666482e-19,2.5282699088964108e-14,7.865920436283024e-15,7.524997936245348e-11,2.3411675644843132e-11,7.994526919675081e-17,2.5469165821458866e-17,0.010328643899371317,0.004935318358961447,1.0000000000000276e-30,3.3506588247640655e-31,4.4736090356541425e-09,1.389756148610186e-09,3.709951968471329e-06,1.126175914323484e-06,3.9448289588524537e-10,1.2267398065475194e-10,1.08777942257874e-12,3.3053111020888837e-13
0.377,1261.0414262434656,5.352943766927378,0.26263389520804103,1.4343294782928788,0.06580177818126551,0.43689055418119915,1.843674821459657e-07,2.448213822606888e-06,1.5752792628131713e-13,1.3179237081408358e-13,5.03187678067804e-14,2.104906051342303e-14,3.5707123592155604e-08,2.810300159909608e-08,0.21131654702388208,0.15700908843122274,3.645325996620319e-16,1.478321967576346e-16,1.074007024970205e-13,4.226442527956645e-14,7.273738977065288e-18,8.105953314523949e-18,1.9304594607577355e-15,1.984762802585255e-15,9.942163241855333e-11,9.487278415748655e-11,2.3198204115902685e-12,2.2136814276634633e-12,2.250579681144394e-05,2.0036253336747582e-05,0.21151107823841606,0.1764708951834469,0.41077408138092397,0.19629782035886978,0.08493611733574219,0.025833095948447668,7.497407190752406e-08,3.4583518429762335e-08,4.806716475189606e-06,2.1427750394085674e-06,5.166114443906344e-10,2.228187943816757e-10,5.3790526829408775e-12,2.320029969800903e-12,1.0976583487502486e-06,4.5853566616912223e-07,9.966970330521467e-12,5.330008098568811e-12,0.0007995945580644137,0.0004110434765029771,1.0297268220611381e-07,5.0961773656932907e-08,0.003873962555032067,0.0018483583722024867,7.240857348102683e-07,3.334955522097817e-07,0.0006187954432308855,0.00027544775170756485,2.3344683994222024e-10,7.615924332375996e-11,6.1560800919682e-06,1.960189686275317e-06,2.4359584559419875e-10,7.75646283056399e-11,1.1108068387549845e-18,1.0614974843102861e-18,1.614940578202853e-17,1.439649476301927e-17,2.584788470492593e-14,2.1592688927717125e-14,2.246124622904862e-09,1.7653029740909345e-09,2.117868384187313e-12,9.76780953222922e-13,4.171872453975572e-15,1.8610089873012382e-15,7.183708456725113e-23,2.0901103538742404e-23,4.000797406155917e-15,1.2167213849022595e-15,3.4656358585288315e-18,1.495721371429039e-18,1.8208242949324593e-17,9.367413321337168e-18,7.326353170194961e-10,3.628537625796742e-10,1.0834711853658636e-15,5.173183097343292e-16,1.940818958221477e-17,6.331072817506702e-18,3.6058392366901015e-19,1.1217886309154146e-19,2.5242770517299667e-14,7.853110224932431e-15,7.520067847983397e-11,2.3395182263654914e-11,7.974490016370228e-17,2.5404077620431783e-17,0.010328643899289343,0.0049350747280782455,1.0000000000000276e-30,3.3504934202697307e-31,4.459695561984939e-09,1.3853654446415742e-09,3.704003523508557e-06,1.1243147275214425e-06,3.9383112297791416e-10,1.2246525036609223e-10,1.08303302435117e-12,3.290726309895619e-13
0.378,1260.9047239814709,5.353157461989954,0.26262341100930986,1.4381372119452476,0.06581260537379433,0.4369409487000962,1.8409771457639518e-07,2.4445113395422474e-06,1.5693432997191106e-13,1.3128929320290016e-13,5.0115652672825284e-14,2.0963063400452043e-14,3.5626970594480594e-08,2.8038538653348367e-08,0.21127885289511156,0.15697336021470074,3.630447535042059e-16,1.4722157542893894e-16,1.0707613850955044e-13,4.213463000579159e-14,7.231084710201779e-18,8.058022457488285e-18,1.9209150100021072e-15,1.974852728330036e-15,9.906936987694489e-11,9.453198881252569e-11,2.311057105549303e-12,2.2052105985761007e-12,2.2466830388371564e-05,2.0000578865825403e-05,0.2114904867217965,0.17644503587365828,0.41083197580611464,0.19631583001309807,0.0849366826232322,0.02583199723614938,7.491031015655183e-08,3.4552407263906215e-08,4.8069175260842755e-06,2.1427592658273987e-06,5.153804335798497e-10,2.2227691570615343e-10,5.363783403275083e-12,2.3133304132531096e-12,1.0959409333315877e-06,4.5779571487202635e-07,9.908896910837781e-12,5.298691706824267e-12,0.0007968744414315496,0.0004096250111544088,1.0258229734077308e-07,5.0766072819667704e-08,0.0038662785749310124,0.0018446014315295512,7.223730181418254e-07,3.326903536721414e-07,0.0006182548272920148,0.00027519356799950173,2.3277466396340697e-10,7.593621873316024e-11,6.148472659066427e-06,1.957671068400777e-06,2.430724846808282e-10,7.739417529689424e-11,1.1051880933768344e-18,1.056076211229194e-18,1.6100899264078182e-17,1.4352547322773494e-17,2.5807471629751066e-14,2.1557868431849887e-14,2.2465483380562624e-09,1.7655491406083864e-09,2.114331026099082e-12,9.751015261764389e-13,4.157480142355549e-15,1.8544975751420436e-15,7.146856882841436e-23,2.0792860577837148e-23,3.990182512496629e-15,1.2134334991740147e-15,3.4540936151782486e-18,1.4906665719611063e-18,1.815629954683933e-17,9.340231082576013e-18,7.321577610944266e-10,3.6259940669670636e-10,1.0819780844371375e-15,5.165799981242352e-16,1.93289187361522e-17,6.304904041585377e-18,3.5881861580655687e-19,1.1162417926796695e-19,2.5203012995042034e-14,7.840355869853018e-15,7.515155352393955e-11,2.33787493549245e-11,7.954554593898414e-17,2.5339323574091864e-17,0.010328643899207804,0.004934831989947831,1.0000000000000286e-30,3.350328621878001e-31,4.445861300753287e-09,1.381000022683938e-09,3.6980809197736195e-06,1.1224617655258814e-06,3.931820546225026e-10,1.2225740316845337e-10,1.0783193593916803e-12,3.2762429873365033e-13
0.379,1260.7683712119274,5.353370937995565,0.2626129383935671,1.441945097444405,0.0658233949950697,0.4369911652924295,1.8382895844345786e-07,2.4408230772878618e-06,1.563444107067114e-13,1.3078936398031302e-13,4.991386577590008e-14,2.0877633965677954e-14,3.554719675096432e-08,2.797438532419501e-08,0.2112412940045194,0.15693776344469793,3.615667119159137e-16,1.4661501556338576e-16,1.0675338597811225e-13,4.200556762514916e-14,7.188783066561383e-18,8.010490646342093e-18,1.911440652000038e-15,1.9650160300814535e-15,9.871921561442813e-11,9.419325509269457e-11,2.302348061883893e-12,2.1967927617275845e-12,2.2428026612259562e-05,1.996505618299517e-05,0.2114699576117856,0.17641926203846175,0.41088964415095997,0.19633376422117133,0.08493726030935901,0.025830906922197767,7.484673139898709e-08,3.452138960020777e-08,4.80711907682251e-06,2.142744091515409e-06,5.141559612129826e-10,2.2173794893906605e-10,5.3486005266086e-12,2.3066691819864347e-12,1.0942312777739318e-06,4.570591576183436e-07,9.851305499809321e-12,5.267637054309208e-12,0.0007941704980420091,0.00040821507004086885,1.0219437026899466e-07,5.0571616338101705e-08,0.00385862983994232,0.0018408619971290055,7.206686920974529e-07,3.3188915653946046e-07,0.0006177161629919968,0.0002749403260592289,2.3210609355672285e-10,7.571440548785835e-11,6.1408943195087815e-06,1.9551623032240445e-06,2.425515542951991e-10,7.722452640811893e-11,1.0996113419425719e-18,1.05069578112771e-18,1.605265690507329e-17,1.430884217223143e-17,2.5767211396990114e-14,2.1523182795347185e-14,2.2469704149290552e-09,1.7657943044213491e-09,2.1108078197636356e-12,9.734289609324154e-13,4.143174603261885e-15,1.84802583094405e-15,7.110289280885131e-23,2.068545802303181e-23,3.9796223322888635e-15,1.2101627864123766e-15,3.4426193152063676e-18,1.4856418502199638e-18,1.810463209108685e-17,9.313195096799863e-18,7.316817910352037e-10,3.623459245914288e-10,1.0804907138707742e-15,5.158445851690667e-16,1.9250164044332937e-17,6.278907294626676e-18,3.570666349283281e-19,1.1107371510341143e-19,2.5163425321466198e-14,7.827656974288646e-15,7.510260340411347e-11,2.3362376537106084e-11,7.934719860802324e-17,2.527490105117501e-17,0.010328643899126744,0.0049345901390992096,1.0000000000000286e-30,3.350164425874517e-31,4.432105589349314e-09,1.3766596694340375e-09,3.6921839770412613e-06,1.1206169702610234e-06,3.9253567192503226e-10,1.2205043281821286e-10,1.0736381153583674e-12,3.26186015940893e-13
0.38,1260.6323659793693,5.353584195684656,0.26260247732182146,1.4457531346350614,0.06583414726760539,0.4370412050306062,1.8356120718633695e-07,2.437148942158918e-06,1.5575813600425297e-13,1.3029255511379112e-13,4.971339486438896e-14,2.07927669347725e-14,3.546779922267337e-08,2.7910539269209824e-08,0.21120386950596878,0.15690229729044913,3.600983839390658e-16,1.4601247921108363e-16,1.0643242982687597e-13,4.1877231986548584e-14,7.146830225000358e-18,7.963353531428852e-18,1.902035690226081e-15,1.955251973829667e-15,9.83711513890938e-11,9.385656501417099e-11,2.293692801776315e-12,2.188427445775756e-12,2.238938435946088e-05,1.9929684226240524e-05,0.21144949059815216,0.1763935732084057,0.41094708784301986,0.19635162348024665,0.08493785030630957,0.025829824951056204,7.478333462768485e-08,3.4490464908052184e-08,4.807321117906492e-06,2.14272950990123e-06,5.129379744164145e-10,2.2120187033649335e-10,5.33350332609913e-12,2.300045951016415e-12,1.092529326043226e-06,4.5632596964080986e-07,9.794190850152353e-12,5.23684127510121e-12,0.0007914825889831412,0.0004068135793438124,1.0180887908777542e-07,5.0378393036184135e-08,0.0038510160964587894,0.0018371399415579872,7.189726936594126e-07,3.31091930436394e-07,0.0006171794386152681,0.0002746880201137176,2.3144109952565172e-10,7.549379369073407e-11,6.133344877512002e-06,1.9526633236055125e-06,2.4203303634942587e-10,7.70556755928126e-11,1.0940761615193495e-18,1.0453557799840763e-18,1.6004676556321457e-17,1.4265377322721476e-17,2.572710302485108e-14,2.1488631137648455e-14,2.247390864082871e-09,1.7660384722560766e-09,2.1072986698779633e-12,9.717632106391974e-13,4.1289550744135924e-15,1.8415934035595524e-15,7.074002693755475e-23,2.0578887070402565e-23,3.9691164313367776e-15,1.2069091090849597e-15,3.43121237290304e-18,1.4806469448496373e-18,1.8053238391590715e-17,9.286304191852857e-18,7.312073979223007e-10,3.62093311206534e-10,1.0790090370968094e-15,5.151120520594344e-16,1.917192078580846e-17,6.253080991374657e-18,3.553278437135353e-19,1.105274268582539e-19,2.5124006307883014e-14,7.815013145492687e-15,7.505382704121636e-11,2.3346063432670097e-11,7.914985034608292e-17,2.5210807450413852e-17,0.0103286438990461,0.00493434917011221,1.000000000000027e-30,3.3500008285794653e-31,4.418427775475792e-09,1.3723441748915917e-09,3.6863125192928447e-06,1.1187802849664157e-06,3.918919562255396e-10,1.218443331487107e-10,1.0689889845271984e-12,3.2475768655287527e-13
0.381,1260.4967063871404,5.35379723568619,0.26259202776056456,1.4495613233623743,0.0658448624100015,0.4370910689677095,1.832944542821717e-07,2.4334888410634184e-06,1.55175473754713e-13,1.297988388946518e-13,4.951422787239695e-14,2.0708457113401053e-14,3.538877520052606e-08,2.7846998170965885e-08,0.21116657855597462,0.15686696092621197,3.586396797932659e-16,1.4541392891621747e-16,1.0611325510252959e-13,4.174961699029714e-14,7.105222419935842e-18,7.916606826590241e-18,1.892699438605169e-15,1.9455598365998305e-15,9.802515918859403e-11,9.352190082076613e-11,2.2850908521142155e-12,2.1801141850400784e-12,2.2350902517194654e-05,1.9894461944060918e-05,0.21142908539380448,0.17636796893655843,0.4110043082950647,0.19636940828342597,0.08493845253464904,0.02582875127018888,7.472011882261701e-08,3.445963265178597e-08,4.807523639769506e-06,2.142715514420339e-06,5.117264207098053e-10,2.206686563376804e-10,5.31849108169375e-12,2.29346039845546e-12,1.0908350225355546e-06,4.555961263708166e-07,9.737547745537588e-12,5.206301520874818e-12,0.0007888105735431155,0.00040542046435585897,1.0142580175430821e-07,5.018639167380629e-08,0.0038434370788652493,0.0018334351317346046,7.172849578496317e-07,3.302986441038111e-07,0.0006166446407906643,0.00027443664366083874,2.307796529392823e-10,7.527437353666687e-11,6.125824138333066e-06,1.950174062802957e-06,2.4151691297629107e-10,7.688761687872553e-11,1.0885821355401876e-18,1.0400558000215327e-18,1.5956956096014272e-17,1.4222150810591722e-17,2.5687145539335232e-14,2.1454212585515474e-14,2.247809696003742e-09,1.7662816508069494e-09,2.103803481902074e-12,9.701042288363493e-13,4.114820806461471e-15,1.8351999477756086e-15,7.037994212357424e-23,2.0473139059049662e-23,3.958664381392056e-15,1.203672331546116e-15,3.419872210035305e-18,1.4756815978483004e-18,1.8002116282056328e-17,9.259557208664665e-18,7.307345728850432e-10,3.6184156151787015e-10,1.077533017450571e-15,5.143823799590388e-16,1.9094184307155415e-17,6.2274235692961055e-18,3.536021069848336e-19,1.0998527147661307e-19,2.508475478220888e-14,7.80242399620047e-15,7.500522336299431e-11,2.332980966682068e-11,7.895349340618793e-17,2.5147040196847148e-17,0.010328643898965909,0.004934109077651647,1.000000000000026e-30,3.3498378263707087e-31,4.404827196329046e-09,1.3680533259010866e-09,3.6804663568894004e-06,1.1169516487939178e-06,3.912508888137874e-10,1.2163909798265667e-10,1.0643716588841938e-12,3.233392144636517e-13
0.382,1260.3613904991726,5.354010058763591,0.26258158966970635,1.453369663472044,0.06585554064175844,0.4371407581615606,1.8302869328475624e-07,2.4298426819712373e-06,1.5459639219764927e-13,1.2930818791690175e-13,4.9316352823829404e-14,2.0624699346693183e-14,3.5310121900282195e-08,2.7783759732572252e-08,0.21112942032309792,0.15683175353540219,3.5719051062193675e-16,1.44819327611222e-16,1.0579584705776053e-13,4.162271662014976e-14,7.063955929945705e-18,7.870246296291557e-18,1.8834312173336155e-15,1.9359389021160766e-15,9.768122116590075e-11,9.318924492081659e-11,2.2765417446564703e-12,2.171852518663162e-12,2.2312579981824244e-05,1.9859388293570966e-05,0.21140874168786725,0.17634244875616978,0.41106130690901793,0.19638711911809273,0.08493906690874874,0.02582768582516178,7.465708299411345e-08,3.442889231003223e-08,4.807726633195004e-06,2.1427020986630625e-06,5.105212483442071e-10,2.2013828370669292e-10,5.303563082315356e-12,2.2869122064120416e-12,1.0891483122836211e-06,4.5486960351623205e-07,9.681371093096639e-12,5.176015010250835e-12,0.0007861543171013431,0.0004040356535285681,1.0104511694010284e-07,4.999560136847107e-08,0.0038358925411276657,0.0018297474439737328,7.156054233729651e-07,3.2950926799139953e-07,0.0006161117583151909,0.00027418619116622125,2.3012172521889997e-10,7.505613533935113e-11,6.118331909866775e-06,1.9476944549443604e-06,2.410031664321787e-10,7.67203443355214e-11,1.0831288513536546e-18,1.0347954373455359e-18,1.5909493419403886e-17,1.4179160688182952e-17,2.564733797499836e-14,2.1419926273273237e-14,2.248226921063067e-09,1.7665238466723333e-09,2.100322162223677e-12,9.684519695126917e-13,4.10077105513028e-15,1.8288451207735785e-15,7.002260956769301e-23,2.036820541588226e-23,3.948265762659681e-15,1.2004523207759532e-15,3.4085982535886956e-18,1.4707455535651081e-18,1.7951263616214276e-17,9.232952998936682e-18,7.302633071433969e-10,3.61590670548546e-10,1.0760626190532727e-15,5.136555504156141e-16,1.901694999310685e-17,6.201933478878299e-18,3.5188929108560406e-19,1.0944720639035595e-19,2.5045669576449783e-14,7.789889140591982e-15,7.495679130825543e-11,2.3313614868369865e-11,7.875812012055435e-17,2.5083596741802052e-17,0.010328643898886177,0.004933869856377989,1.000000000000026e-30,3.3496754156231597e-31,4.391303216853189e-09,1.3637869180073422e-09,3.674645319879554e-06,1.115131006896025e-06,3.90612451417108e-10,1.214347212815624e-10,1.0597858387045996e-12,3.219305061196385e-13
0.383,1260.2264164274907,5.354222665598096,0.26257116301320255,1.457178154810256,0.06586618217882578,0.43719027365242896,1.8276391779724528e-07,2.4262103735915106e-06,1.5402085994812673e-13,1.2882057510107704e-13,4.911975791543393e-14,2.0541488554287347e-14,3.52318365683377e-08,2.7720821682681516e-08,0.21109239398100288,0.1567966743080334,3.5575078871480716e-16,1.4422863870918067e-16,1.0548019108445444e-13,4.149652491768036e-14,7.023027087161421e-18,7.82426776619273e-18,1.874230356469612e-15,1.926388464520362e-15,9.733931969794514e-11,9.285857994457662e-11,2.268045016844575e-12,2.163641991418259e-12,2.2274415661196408e-05,1.9824462242906084e-05,0.21138845918681326,0.17631701221790758,0.4111180850731616,0.196404756467838,0.08493969334746197,0.025826628563317557,7.459422614767654e-08,3.439824336003088e-08,4.8079300889659674e-06,2.142689256253805e-06,5.09322406033971e-10,2.1961072942031857e-10,5.2887186242237125e-12,2.280401060319985e-12,1.087469140819292e-06,4.5414637701139435e-07,9.625655835982972e-12,5.14597898211237e-12,0.0007835136837842777,0.0004026590747038621,1.0066680329590823e-07,4.98060112323146e-08,0.0038283822298122456,0.0018260767511452086,7.139340278092908e-07,3.2872377204886747e-07,0.000615580778894604,0.00027393665661708575,2.294672880716035e-10,7.483906951083119e-11,6.110868001371821e-06,1.9452244346542626e-06,2.4049177918744987e-10,7.655385210478883e-11,1.077715902320253e-18,1.0295742939615704e-18,1.58622864478703e-17,1.4136405032134514e-17,2.5607679375264672e-14,2.1385771343422475e-14,2.248642549548146e-09,1.7667650664079281e-09,2.096854618091069e-12,9.668063870911512e-13,4.0868050862649905e-15,1.822528584408237e-15,6.966800089024347e-23,2.0264077693088085e-23,3.937920156063778e-15,1.1972489440477594e-15,3.397389937795633e-18,1.4658385595984087e-18,1.7900678272069083e-17,9.206490427474075e-18,7.297935919773119e-10,3.61340633359721e-10,1.0745978060810433e-15,5.129315450203781e-16,1.8940213292353973e-17,6.176609192138334e-18,3.501892641726459e-19,1.0891318961170538e-19,2.5006749538103714e-14,7.777408197965711e-15,7.490852982427683e-11,2.3297478669315624e-11,7.856372290256564e-17,2.502047456392484e-17,0.010328643898806913,0.004933631501029197,1.0000000000000257e-30,3.3495135927643387e-31,4.377855197105672e-09,1.3595447453407366e-09,3.668849229578302e-06,1.1133183018182493e-06,3.899766257912766e-10,1.2123119702051658e-10,1.0552312252779442e-12,3.205314683142605e-13
0.384,1260.0917822951778,5.354435056879588,0.2625607477545987,1.4609867972236859,0.065876787235522,0.4372396164726529,1.8250012148215322e-07,2.422591825487251e-06,1.5344884597674328e-13,1.2833597367642462e-13,4.8924431480653245e-14,2.0458819715029873e-14,3.515391647859419e-08,2.7658181772810756e-08,0.2110554987111034,0.15676172244155215,3.5432042739005525e-16,1.4364182605475285e-16,1.0516627273760407e-13,4.1371035991349744e-14,6.982432272043876e-18,7.778667117243265e-18,1.865096194215502e-15,1.916907826588109e-15,9.699943735618987e-11,9.252988871535411e-11,2.2596002113310386e-12,2.1554821532406493e-12,2.2236408473398733e-05,1.97896827699662e-05,0.21136823759717446,0.17629165887416637,0.41117464416345567,0.19642232081168695,0.08494033176985405,0.025825579432291468,7.453154729848616e-08,3.436768528407702e-08,4.808133998008298e-06,2.142676980899566e-06,5.081298430555484e-10,2.1908597070893709e-10,5.2739570115101824e-12,2.2739266491332616e-12,1.085797454218284e-06,4.534264230323381e-07,9.57039698853657e-12,5.116190714352177e-12,0.0007808885395284025,0.0004012906566850232,1.0029083975367677e-07,4.9617610521099556e-08,0.0038209058953218543,0.001822422928020265,7.122707096102319e-07,3.279421266428896e-07,0.0006150516905032245,0.0002736880341254556,2.2881631351087244e-10,7.462316656760546e-11,6.103432223968852e-06,1.9427639371978536e-06,2.399827338857175e-10,7.638813438648264e-11,1.0723428868025609e-18,1.0243919768001957e-18,1.581533312457386e-17,1.4093881939394218e-17,2.5568168792083314e-14,2.1351746946192422e-14,2.2490565916515703e-09,1.7670053165058176e-09,2.093400757620074e-12,9.65167436424667e-13,4.072922173566281e-15,1.8162500041823534e-15,6.931608806933724e-23,2.016074754996197e-23,3.92762714643577e-15,1.194062069887985e-15,3.3862467031264054e-18,1.4609603663480527e-18,1.7850358149573794e-17,9.180168370915478e-18,7.293254187379385e-10,3.6109144505352507e-10,1.0731385430633758e-15,5.122103455466871e-16,1.8863969705401805e-17,6.151449198607369e-18,3.4850189606218795e-19,1.0838317968427878e-19,2.49679935251388e-14,7.764980791117818e-15,7.486043786764027e-11,2.328140070493166e-11,7.837029424398937e-17,2.495767116809671e-17,0.010328643898728037,0.004933394006385284,1.0000000000000257e-30,3.3493523542503483e-31,4.364482505748214e-09,1.355326604796326e-09,3.6630779104169785e-06,1.1115134770871865e-06,3.893433938880533e-10,1.2102851923936112e-10,1.0507075238955976e-12,3.1914200909265645e-13
0.385,1259.9574862428644,5.354647233288339,0.2625503438579253,1.4647955905594932,0.06588735602431764,0.4372887876455725,1.822372980543642e-07,2.418986947983943e-06,1.528803196003341e-13,1.2785435717306512e-13,4.8730361989532594e-14,2.037668786692163e-14,3.507635893164977e-08,2.7595837776713068e-08,0.21101873370108673,0.15672689713986668,3.528993409860425e-16,1.430588539207142e-16,1.0485407772267865e-13,4.12462440115333e-14,6.942167913171145e-18,7.733440285426256e-18,1.856028077052865e-15,1.9074962998642652e-15,9.666155690586818e-11,9.220315424875282e-11,2.25120687588788e-12,2.147372559139299e-12,2.2198557346322306e-05,1.9755048862036128e-05,0.21134807662905217,0.17626638828213934,0.4112309855432689,0.19643981262413795,0.08494098209721872,0.025824538380645756,7.446904546676062e-08,3.4337217567406386e-08,4.8083383513475555e-06,2.1426652663724186e-06,5.069435091964668e-10,2.1856398503455447e-10,5.259277555626146e-12,2.267488665122557e-12,1.0841331990511887e-06,4.5270971797656124e-07,9.515589629939927e-12,5.086647520467905e-12,0.0007782787516117126,0.00039993032899578195,9.991720545030346e-08,4.943038859645672e-08,0.003813463289133496,0.001818785849954513,7.106154075993638e-07,3.27164302327057e-07,0.0006145244810532045,0.00027344031778116224,2.281687738385034e-10,7.440841712473596e-11,6.09602439040257e-06,1.9403128984064156e-06,2.394760133418548e-10,7.622318543831524e-11,1.0670094082403907e-18,1.0192480977872319e-18,1.5768631414504377e-17,1.4051589527261644e-17,2.5528805285274835e-14,2.1317852239006884e-14,2.2494690574791568e-09,1.7672446034022257e-09,2.0899604897305224e-12,9.635350727673975e-13,4.0591215996509536e-15,1.8100090497189732e-15,6.896684345817799e-23,2.0058206757905606e-23,3.9173863247821326e-15,1.1908915687658185e-15,3.375167996289637e-18,1.4561107270152237e-18,1.7800301170213732e-17,9.153985717519354e-18,7.28858778840078e-10,3.6084310076958555e-10,1.0716847947919407e-15,5.114919339068085e-16,1.8788214785496958e-17,6.1264520056288046e-18,3.468270583114466e-19,1.0785713570828037e-19,2.4929400406451883e-14,7.752606546488704e-15,7.48125144031788e-11,2.3265380613456668e-11,7.817782671172981e-17,2.489518408440413e-17,0.01032864389864964,0.004933157367272517,1.0000000000000248e-30,3.349191696568632e-31,4.351184516612218e-09,1.351132294967039e-09,3.6573311870485696e-06,1.109716476332647e-06,3.887127378050789e-10,1.2082668202717518e-10,1.0462144429387684e-12,3.177620374743344e-13
0.386,1259.8235263955953,5.354859195578681,0.2625399512835958,1.4686045346653744,0.06589788875739784,0.4373377881932916,1.819754412945658e-07,2.415395652332768e-06,1.5231525047261228e-13,1.2737569941323531e-13,4.853753801944922e-14,2.0295088094726004e-14,3.499916125313395e-08,2.7533787488888096e-08,0.21098209814853716,0.15669219761509495,3.5148744476964915e-16,1.4247968696971863e-16,1.0454359192327265e-13,4.11221432211133e-14,6.9022304830061395e-18,7.688583256971991e-18,1.847025358285665e-15,1.898153203150387e-15,9.632566128351216e-11,9.187835973057942e-11,2.242864563097277e-12,2.1393127688861563e-12,2.2160861217125888e-05,1.9720559515183795e-05,0.21132797598028316,0.176241199989555,0.411287110564985,0.19645723237475754,0.08494164424738954,0.025823505355985273,7.440671969268114e-08,3.430683970486746e-08,4.8085431402538354e-06,2.142654106561211e-06,5.057633548698218e-10,2.1804475013871386e-10,5.244679576108691e-12,2.261086804172634e-12,1.0824763224601454e-06,4.519962384921786e-07,9.461228935010396e-12,5.057346765974497e-12,0.000775684191363491,0.00039857802326989195,9.954588001315589e-08,4.9244335066775444e-08,0.0038060541745066913,0.0018151653979833907,7.089680628771996e-07,3.263902707167621e-07,0.0006139991396963907,0.00027319350222943856,2.2752464167368943e-10,7.419481190482642e-11,6.088644315623318e-06,1.937871254850386e-06,2.389716005123114e-10,7.605899956581536e-11,1.061715074296089e-18,1.0141422730188172e-18,1.5722179301134515e-17,1.4009525930309996e-17,2.5489587922853397e-14,2.1284086386620027e-14,2.249879957034409e-09,1.7674829334547794e-09,2.0865337242047144e-12,9.619092517956074e-13,4.045402653846405e-15,1.8038053937649965e-15,6.862023972798318e-23,1.9956447183654983e-23,3.9071972894494955e-15,1.1877373134392643e-15,3.3641532694611152e-18,1.4512893972594807e-18,1.7750505275552267e-17,9.127941366354319e-18,7.283936637782514e-10,3.605955956907882e-10,1.070236526621761e-15,5.107762922924797e-16,1.8712944128480267e-17,6.1016161350035405e-18,3.451646240671028e-19,1.0733501729247412e-19,2.4890969057780326e-14,7.740285092842813e-15,7.476475840575386e-11,2.3249418036505206e-11,7.798631294838522e-17,2.483301086815156e-17,0.01032864389857165,0.004932921578533708,1.0000000000000236e-30,3.3490316162179275e-31,4.337960621547843e-09,1.346961620124154e-09,3.651608895649986e-06,1.1079272467099489e-06,3.880846399532507e-10,1.2062567957353857e-10,1.0417516967779092e-12,3.1639146433131554e-13
0.387,1259.6899009341232,5.3550709444044635,0.26252956999696436,1.472413629389491,0.06590838564294131,0.43738661911807764,1.8171454503416388e-07,2.4118178505434154e-06,1.5175360861683224e-13,1.268999745402187e-13,4.834594832016386e-14,2.021401555742322e-14,3.49223207998855e-08,2.7472028729811944e-08,0.210945591256198,0.15665762308622236,3.500846551321764e-16,1.4190429033548316e-16,1.0423480135641754e-13,4.0998727918436803e-14,6.862616505794243e-18,7.644092077238196e-18,1.8380874009579512e-15,1.888877865525558e-15,9.599173364858771e-11,9.15554885672739e-11,2.234572831155594e-12,2.1313023478102047e-12,2.2123319034938605e-05,1.9686213736933576e-05,0.21130793536921866,0.17621609356446674,0.41134302056784733,0.19647458052988986,0.08494231814221914,0.02582248030759079,7.434456901075881e-08,3.427655118957624e-08,4.808748355974911e-06,2.1426434953824552e-06,5.045893309339185e-10,2.1752824396763234e-10,5.230162399640851e-12,2.254720765406766e-12,1.0808267720897387e-06,4.5128596145521083e-07,9.40731010005242e-12,5.028285828821858e-12,0.0007731047278550945,0.0003972336700141645,9.917684299565034e-08,4.905943950859445e-08,0.0037986783056885207,0.0018115614489286472,7.073286151403238e-07,3.2562000279888773e-07,0.0006134756543055757,0.0002729475815539233,2.268838899128604e-10,7.398234172590147e-11,6.0812918158746015e-06,1.935438943575489e-06,2.384694785717225e-10,7.589557114773548e-11,1.0564594985533615e-18,1.0090741243959872e-18,1.5675974794295645e-17,1.3967689307588017e-17,2.5450515782238014e-14,2.1250448562418666e-14,2.250289300238173e-09,1.7677203129826058e-09,2.0831203717145593e-12,9.602899296332857e-13,4.031764633699512e-15,1.797638712887213e-15,6.827624992644838e-23,1.9855460806513122e-23,3.897059633712936e-15,1.18459917519785e-15,3.3532019820058815e-18,1.4464961359604176e-18,1.7700968431445894e-17,9.10203422958714e-18,7.279300651067999e-10,3.6034892503841393e-10,1.0687937039285929e-15,5.100634029229188e-16,1.863815339409609e-17,6.076940130014525e-18,3.435144679787025e-19,1.0681678452850611e-19,2.4852698371202124e-14,7.728016064328445e-15,7.471716885895616e-11,2.323351261898507e-11,7.779574567764456e-17,2.4771149101910575e-17,0.010328643898494062,0.004932686635096982,1.0000000000000223e-30,3.3488721097548677e-31,4.324810205520927e-09,1.3428143825018323e-09,3.6459108620092055e-06,1.1061457322660628e-06,3.874590827486158e-10,1.2042550607440158e-10,1.0373190003193368e-12,3.150302007356403e-13
0.388,1259.5566080289232,5.355282480476732,0.26251919996059486,1.4762228745805097,0.06591884688875665,0.4374352814205597,1.8145460315791502e-07,2.408253455385518e-06,1.5119536436951886e-13,1.2642715696938525e-13,4.815558174937951e-14,2.0133465460956452e-14,3.484583495144101e-08,2.7410559338851366e-08,0.2109092122346421,0.15662317277894883,3.4869088935532516e-16,1.4133262952575545e-16,1.0392769219670804e-13,4.0875992466209235e-14,6.823322548171346e-18,7.599962840117681e-18,1.829213574847651e-15,1.8796696232266826e-15,9.56597573242339e-11,9.123452432802357e-11,2.226331242775603e-12,2.123340865718388e-12,2.2085929756961802e-05,1.965201054252194e-05,0.21128795450537843,0.1761910685683779,0.41139871687971696,0.19649185755082926,0.08494300370293778,0.025821463184656425,7.428259246901242e-08,3.424635152128832e-08,4.808953989946797e-06,2.1426334268449966e-06,5.034213887911988e-10,2.1701444471174096e-10,5.215725360152388e-12,2.2483902511974554e-12,1.079184496071942e-06,4.505788639569902e-07,9.353828413493184e-12,4.9994621370682834e-12,0.0007705402340607778,0.0003958972017684297,9.881007435312119e-08,4.887569170128598e-08,0.00379133544552767,0.0018079738837737142,7.056970057715024e-07,3.2485347034986234e-07,0.0006129540136054368,0.00027270255022110126,2.26246491739506e-10,7.377099750353946e-11,6.073966709297255e-06,1.9330159022682183e-06,2.3796963083094755e-10,7.573289460889057e-11,1.0512422987604058e-18,1.0040432779302217e-18,1.5630015921495083e-17,1.3926077834679832e-17,2.541158794757719e-14,2.121693794589262e-14,2.250697096920009e-09,1.767956748235572e-09,2.0797203436625123e-12,9.586770627654125e-13,4.0182068458026116e-15,1.791508687813879e-15,6.793484745378577e-23,1.9755239711057166e-23,3.886972964275988e-15,1.1814770294695082e-15,3.342313598563609e-18,1.4417307043703304e-18,1.7651688622497237e-17,9.076263229498684e-18,7.274679744495099e-10,3.6010308407196184e-10,1.0673562925317344e-15,5.093532482395478e-16,1.856383828397276e-17,6.052422548154179e-18,3.4187646652762496e-19,1.0630239809148432e-19,2.481458724567985e-14,7.715799097429189e-15,7.466974475488961e-11,2.32176640087112e-11,7.760611769197438e-17,2.470959639124469e-17,0.01032864389841693,0.004932452531908675,1.0000000000000208e-30,3.348713173748428e-31,4.311732667437832e-09,1.3386903887441162e-09,3.640236920083559e-06,1.1043718795552218e-06,3.86836048858005e-10,1.2022615580675578e-10,1.0329160733887022e-12,3.1367815928588364e-13
0.389,1259.4236458727078,5.355493804485563,0.262508841138093,1.4800322700875888,0.06592927270052065,0.4374837760909423,1.8119560960521495e-07,2.4047023804211827e-06,1.5064048840630276e-13,1.2595722141048542e-13,4.796642730011392e-14,2.0053433069782905e-14,3.47697011143691e-08,2.7349377177842465e-08,0.21087296030083416,0.1565888459256546,3.473060657131152e-16,1.4076467046436373e-16,1.0362225076496834e-13,4.075393128727385e-14,6.784345222887087e-18,7.55619169221296e-18,1.8204032577949432e-15,1.8705278210222293e-15,9.532971582443053e-11,9.091545077118567e-11,2.2181393656934658e-12,2.1154278973907553e-12,2.2048692350610816e-05,1.961794895692776e-05,0.21126803310368983,0.17616612456928274,0.41145420081646594,0.196509063894836,0.08494370085238619,0.0258204539371394,7.422078912085239e-08,3.421624020288046e-08,4.809160033696841e-06,2.1426238950210043e-06,5.02259480345083e-10,2.165033307883868e-10,5.201367798786946e-12,2.2420949671654273e-12,1.0775494430417055e-06,4.4987492331351814e-07,9.300779216257786e-12,4.970873147716627e-12,0.0007679905835132408,0.0003945685513891864,9.844555421238675e-08,4.869308151332198e-08,0.0037840253571569792,0.0018044025837081045,7.040731763887207e-07,3.240906452696346e-07,0.0006124342061772328,0.0002724584026392087,2.2561242061812132e-10,7.356077024933352e-11,6.066668815619903e-06,1.930602069169748e-06,2.374720407737445e-10,7.557096443229975e-11,1.046063097597374e-18,9.990493644809934e-19,1.5584300732009732e-17,1.3884689707434352e-17,2.5372803511428825e-14,2.1183553724173107e-14,2.251103356824251e-09,1.7681922454108075e-09,2.076333552285703e-12,9.570706080920541e-13,4.004728603930213e-15,1.785415002613869e-15,6.759600604464583e-23,1.965577608196451e-23,3.876936888522148e-15,1.1783707519521662e-15,3.331487589891163e-18,1.4369928664858596e-18,1.7602663854674034e-17,9.050627299884577e-18,7.270073834936004e-10,3.5985806808853054e-10,1.0659242584997863e-15,5.086458108165552e-16,1.8489994551684028e-17,6.028061964436843e-18,3.4025049765967154e-19,1.0579181912619296e-19,2.4776634591561542e-14,7.703633832412555e-15,7.462248509408147e-11,2.3201871856529522e-11,7.74174218585577e-17,2.4648350366750197e-17,0.010328643898340194,0.004932219263965921,1.0000000000000208e-30,3.3485548048021184e-31,4.29872741029301e-09,1.3345894468533113e-09,3.634586903281168e-06,1.1026056350005385e-06,3.8621552108316136e-10,1.2002762309337962e-10,1.028542638625195e-12,3.1233525346914247e-13
0.39,1259.2910126683728,5.355704917129781,0.26249849349264925,1.4838418157603832,0.0659396632823678,0.4375321041119159,1.8093755837146176e-07,2.401164540016908e-06,1.5008895173186603e-13,1.2549014285879116e-13,4.7778474090253295e-14,1.9973913702429964e-14,3.469391672094025e-08,2.728848012996676e-08,0.21083683467919972,0.1565546417658273,3.4593010342589296e-16,1.4020037947203408e-16,1.0331846353375565e-13,4.0632538866646254e-14,6.745681186791243e-18,7.512774830551803e-18,1.8116558351110104e-15,1.8614518115962316e-15,9.500159284319847e-11,9.059825183367335e-11,2.209996772466323e-12,2.1075630223798284e-12,2.2011605792916224e-05,1.95840280142874e-05,0.2112481708790302,0.17614126113670514,0.411509473682571,0.19652620001496973,0.08494440951324163,0.025819452515160855,7.415915802904166e-08,3.418621674209375e-08,4.8093664788869526e-06,2.142614894060255e-06,5.011035580229701e-10,2.159948808511082e-10,5.187089063964306e-12,2.2358346221993882e-12,1.07592156214455e-06,4.491741170674442e-07,9.24815791449117e-12,4.942516353487146e-12,0.0007654556514507378,0.00039324765263768776,9.808326296288607e-08,4.851159894718021e-08,0.003776747807409621,0.001800847431751601,7.024570694428152e-07,3.233314998558604e-07,0.0006119162208702212,0.0002722151333406105,2.2498165029837073e-10,7.335165107202101e-11,6.059397956325843e-06,1.9281973831241445e-06,2.369766920451214e-10,7.540977515526751e-11,1.0409215223292502e-18,9.940920194196027e-19,1.553882729534898e-17,1.3843523140551939e-17,2.5334161574394808e-14,2.1150295091672823e-14,2.2515080896058528e-09,1.7684268106454055e-09,2.0729599106369676e-12,9.554705229171044e-13,3.991329229123753e-15,1.7793573447283895e-15,6.72596997603422e-23,1.955706220165798e-23,3.86695101761251e-15,1.1752802195519185e-15,3.3207234325207554e-18,1.4322823888957013e-18,1.7553892154393654e-17,9.025125385556615e-18,7.265482839942662e-10,3.5961387242419965e-10,1.064497568237594e-15,5.079410734010884e-16,1.841661799858087e-17,6.003856970016838e-18,3.3863644083826146e-19,1.0528500926315092e-19,2.473883932896259e-14,7.69151991280656e-15,7.457538888593329e-11,2.3186135816400993e-11,7.722965111772929e-17,2.4587408683485385e-17,0.010328643898263918,0.004931986826305346,1.000000000000022e-30,3.3483969995462084e-31,4.285793845195339e-09,1.330511367435815e-09,3.6289606480536285e-06,1.100846945981087e-06,3.8559748241110755e-10,1.1982990231817618e-10,1.0241984223673876e-12,3.110013979287996e-13
0.391,1259.158706641616,5.355915819085432,0.26248815698858485,1.487651511449029,0.06595001883626002,0.43758026645551445,1.8068044350351542e-07,2.3976398492884e-06,1.4954072567913866e-13,1.2502589659456568e-13,4.7591711371251924e-14,1.9894902735150454e-14,3.461847922962553e-08,2.7227866100194215e-08,0.21080083460052543,0.15652055954560906,3.4456292267806453e-16,1.3963972327370116e-16,1.0301631711589567e-13,4.0511809747066895e-14,6.7073271414735825e-18,7.469708503294245e-18,1.8029706999697887e-15,1.8524409559512487e-15,9.467537226038757e-11,9.028291163658961e-11,2.201903040520909e-12,2.0997458250593355e-12,2.1974669070745462e-05,1.9550246758131693e-05,0.21122836755217947,0.1761164778470746,0.4115645367707597,0.19654326636038744,0.0849451296096407,0.02581845886955979,7.409769826053738e-08,3.415628064923243e-08,4.809573317258361e-06,2.1426064181705503e-06,4.999535747306007e-10,2.1548907377033728e-10,5.172888511041517e-12,2.2296089283134153e-12,1.0743008030086748e-06,4.4847642297733287e-07,9.195959966173816e-12,4.914389275660565e-12,0.0007629353137280372,0.000391934439620958,9.772318114899888e-08,4.833123408613684e-08,0.003769502562894253,0.001797308310886206,7.008486275200506e-07,3.2257600648346114e-07,0.0006114000463272723,0.00027197273677136277,2.2435415480156201e-10,7.314363117319042e-11,6.05215395443914e-06,1.9258017835144286e-06,2.364835684607716e-10,7.524932137252856e-11,1.0358172050304587e-18,9.891708828438012e-19,1.5493593702268347e-17,1.3802576368508929e-17,2.529566124507937e-14,2.1117161250095573e-14,2.251911304835602e-09,1.7686604500247316e-09,2.0695993325658947e-12,9.538767649415144e-13,3.978008050164397e-15,1.7733354051840448e-15,6.692590299981545e-23,1.945909045349281e-23,3.857014965130932e-15,1.1722053099732845e-15,3.310020608964602e-18,1.4275990408708062e-18,1.7505371568863822e-17,8.999756442532603e-18,7.260906677697044e-10,3.59370492452383e-10,1.0630761883777154e-15,5.072390188625445e-16,1.834370447673623e-17,5.979806173154008e-18,3.370341770415819e-19,1.0478193061773974e-19,2.470120038931085e-14,7.67945698589591e-15,7.452845514826763e-11,2.317045554531295e-11,7.70427984823515e-17,2.452676902081492e-17,0.010328643898188036,0.004931755214014558,1.000000000000022e-30,3.3482397546456184e-31,4.272931386619003e-09,1.3264559622296657e-09,3.6233579897677764e-06,1.0990957595818053e-06,3.8498191595269374e-10,1.1963298790732056e-10,1.0198831535512581e-12,3.0967650813009985e-13
0.392,1259.026726033038,5.356126511022813,0.2624778315905156,1.4914613570041388,0.06596033956252087,0.4376282640858064,1.804242590963215e-07,2.3941282240504374e-06,1.4899578189304355e-13,1.2456445816907114e-13,4.7406128520801766e-14,1.9816395598789518e-14,3.4543386123070814e-08,2.7167533013622228e-08,0.21076495930148434,0.15648659851713048,3.43204444571463e-16,1.390826689791244e-16,1.0271579826112268e-13,4.039173852756535e-14,6.669279831319673e-18,7.426989007529215e-18,1.7943472529252317e-15,1.8434946229047064e-15,9.435103813031395e-11,8.996941447411246e-11,2.193857751892912e-12,2.0919758943689027e-12,2.1937881179851905e-05,1.9516604240494754e-05,0.21120862284662656,0.17609177428071235,0.41161939136214615,0.19656026337602422,0.08494586106765302,0.025817472951985842,7.40364088873164e-08,3.412643143747356e-08,4.809780540647957e-06,2.1425984616207437e-06,4.988094838411041e-10,2.149858886281199e-10,5.158765502064367e-12,2.223417600533612e-12,1.0726871157178806e-06,4.4778181900532825e-07,9.144180889045436e-12,4.8864894682883646e-12,0.0007604294475782231,0.0003906288471820298,9.736528951061705e-08,4.815197711418146e-08,0.0037622893915728968,0.0017937851048044002,6.992477936078291e-07,3.218241377261461e-07,0.0006108856711738904,0.00027173120737474784,2.237299084120798e-10,7.293670184428804e-11,6.044936634513938e-06,1.9234152102549544e-06,2.359926539948541e-10,7.508959773217459e-11,1.0307497822992496e-18,9.842855993008235e-19,1.5448598063195854e-17,1.3761847644117064e-17,2.5257301639256484e-14,2.108415140769382e-14,2.2523130120036775e-09,1.7688931695817793e-09,2.06625173265506e-12,9.522892922317267e-13,3.964764404223722e-15,1.7673488788774245e-15,6.659459050262212e-23,1.93618533225394e-23,3.847128350747659e-15,1.1691459028295975e-15,3.299378607352344e-18,1.4229425942037084e-18,1.7457100164791406e-17,8.974519437348015e-18,7.256345266979951e-10,3.5912792358154116e-10,1.0616600858030795e-15,5.065396302022662e-16,1.8271249885413826e-17,5.955908198041939e-18,3.354435888641036e-19,1.0428254582132076e-19,2.466371671390144e-14,7.667444702255077e-15,7.448168290660067e-11,2.3154830703004804e-11,7.685685703352498e-17,2.4466429080980782e-17,0.010328643898112576,0.004931524422222491,1.000000000000023e-30,3.348083066793311e-31,4.260139454160211e-09,1.3224230446462677e-09,3.6177787643665145e-06,1.0973520230949225e-06,3.843688049588403e-10,1.1943687433403522e-10,1.0155965640634865e-12,3.083605004663298e-13
0.393,1258.8950690826973,5.356336993646512,0.2624675172613907,1.4952713522768266,0.06597062566051025,0.4376760979622446,1.8016899930355247e-07,2.3906295809513258e-06,1.4845409233267386e-13,1.2410580340591957e-13,4.7221715023544e-14,1.9738387770642992e-14,3.446863490821874e-08,2.710747881548831e-08,0.21072920802680706,0.1564527579397126,3.4185459108863287e-16,1.3852918406745163e-16,1.0241689387391596e-13,4.027231987033689e-14,6.631536041693887e-18,7.384612687209637e-18,1.7857849012602226e-15,1.834612188411436e-15,9.402857467361729e-11,8.965774480540281e-11,2.1858604931691866e-12,2.0842528237510665e-12,2.1901241125153484e-05,1.948309952210523e-05,0.2111889364808561,0.17606715001494222,0.41167403872725356,0.196577191502576,0.08494660381182378,0.025816494713781293,7.397528899521997e-08,3.409666862685194e-08,4.8099881410650875e-06,2.142591018769379e-06,4.976712392675757e-10,2.1448530474871204e-10,5.144719406302278e-12,2.217260357121164e-12,1.0710804508685383e-06,4.470902833396366e-07,9.092816272136242e-12,4.858814524327117e-12,0.0007579379326652599,0.0003893308114392067,9.700956912785719e-08,4.797381838740004e-08,0.0037551080683073026,0.0017902777005481397,6.976545120919882e-07,3.210758668144041e-07,0.0006103730847076225,0.00027149053989719124,2.231088856970342e-10,7.273085447278117e-11,6.037745822942504e-06,1.9210376038840475e-06,2.3550393276365416e-10,7.493059893022731e-11,1.0257188948729634e-18,9.794358174153238e-19,1.5403838507018925e-17,1.3721335237396575e-17,2.521908188064418e-14,2.1051264779855306e-14,2.2527132205104842e-09,1.7691249752854314e-09,2.062917026298134e-12,9.507080632529367e-13,3.951597634430415e-15,1.761397463483937e-15,6.62657372982506e-23,1.9265343380751277e-23,3.837290797943529e-15,1.1661018789474915e-15,3.2887969211232315e-18,1.418312823070708e-18,1.7409076028148083e-17,8.949413346905987e-18,7.251798527266543e-10,3.58886161258948e-10,1.0602492278158108e-15,5.058428906326677e-16,1.8199250166719418e-17,5.932161683366764e-18,3.3386456025182628e-19,1.0378681793842709e-19,2.4626387252116063e-14,7.655482715172644e-15,7.443507119532584e-11,2.313926095227378e-11,7.667181992296002e-17,2.440638658977971e-17,0.010328643898037466,0.004931294446086533,1.0000000000000211e-30,3.3479269327015746e-31,4.2474174792092014e-09,1.3184124318369217e-09,3.612222814271015e-06,1.0956156858070375e-06,3.8375813290984445e-10,1.1924155614599574e-10,1.0113383901612463e-12,3.070532926885978e-13
0.394,1258.7637340432902,5.356547267661594,0.26245721396414995,1.4990814971187079,0.06598087732799568,0.43772376903650334,1.7991465832876605e-07,2.3871438373605058e-06,1.4791562926470427e-13,1.2364990839570707e-13,4.703846048252249e-14,1.966087477926473e-14,3.439422311606614e-08,2.7047701471028973e-08,0.21069358002783206,0.15641903707914387,3.405132851042511e-16,1.3797923639197582e-16,1.0211959099694844e-13,4.015354849429372e-14,6.594092599475877e-18,7.342575933745379e-18,1.7772830593861055e-15,1.8257930359747783e-15,9.370796628136907e-11,8.934788725863704e-11,2.177910855463551e-12,2.0765762111305963e-12,2.1864747920496216e-05,1.944973167221479e-05,0.21116930817491955,0.17604260462997012,0.4117284801255536,0.19659405117673248,0.08494735776730863,0.025815524106688897,7.39143376767915e-08,3.406699174103316e-08,4.810196110624078e-06,2.1425840840395026e-06,4.965387953964409e-10,2.139873016702244e-10,5.13074959970266e-12,2.2111369193405543e-12,1.0694807595192783e-06,4.4640179437441336e-07,9.041861764489838e-12,4.831362069607973e-12,0.0007554606501750731,0.00038804026931958105,9.665600129517253e-08,4.779674837176136e-08,0.0037479583701850827,0.0017867859862835413,6.960687279153101e-07,3.203311672487327e-07,0.0006098622763253111,0.0002712507291340456,2.2249106148621465e-10,7.252608053573786e-11,6.0305813476889805e-06,1.9186689054833023e-06,2.3501738903603694e-10,7.477231971410463e-11,1.020724187859738e-18,9.74621190110865e-19,1.535931318188052e-17,1.3681037436306729e-17,2.5181001100288154e-14,2.10185005886317e-14,2.2531119396735977e-09,1.7693558730500076e-09,2.059595129633428e-12,9.491330368403794e-13,3.9385070918013914e-15,1.7554808603209515e-15,6.593931874165442e-23,1.916955329729731e-23,3.82750193603567e-15,1.1630731209844164e-15,3.2782750492093948e-18,1.4137095041128434e-18,1.736129726416388e-17,8.924437158488453e-18,7.247266378659541e-10,3.586452009681752e-10,1.058843581997216e-15,5.05148783511474e-16,1.812770130845168e-17,5.908565283242265e-18,3.3229697668493223e-19,1.0329471052356968e-19,2.458921096293786e-14,7.643570681137719e-15,7.438861905700023e-11,2.3123745958803844e-11,7.648768037051587e-17,2.4346639295822097e-17,0.010328643897962751,0.0049310652808038785,1.00000000000002e-30,3.3477713491097164e-31,4.234764899246078e-09,1.3144239429238406e-09,3.6066899834349945e-06,1.0938866975009503e-06,3.831498834395116e-10,1.1904702794199156e-10,1.0071083711576649e-12,3.0575480350687626e-13
0.395,1258.6327191992918,5.3567573337271694,0.2624469216639981,1.5028917913818667,0.06599109476013933,0.43777127824744416,1.7966123042408914e-07,2.383670911359679e-06,1.4738036527369003e-13,1.2319674950495183e-13,4.685635463956822e-14,1.9583852213034832e-14,3.432014830369392e-08,2.6988198967166773e-08,0.21065807456143287,0.15638543520747836,3.391804504374373e-16,1.3743279420166499e-16,1.0182387680168944e-13,4.0035419171491403e-14,6.556946374802277e-18,7.300875187948953e-18,1.7688411495424632e-15,1.817036557368722e-15,9.338919752893792e-11,8.903982664447532e-11,2.1700084346457477e-12,2.0689456591383133e-12,2.1828400589643337e-05,1.941649976954638e-05,0.21114973765892872,0.17601813771663677,0.4117827168050041,0.19661084283171354,0.08494812286154574,0.025814561083458722,7.38535540256559e-08,3.4037400304850146e-08,4.81040444148467e-06,2.142577651900324e-06,4.954121070526323e-10,2.134918591303091e-10,5.116855464764007e-12,2.2050470114116388e-12,1.0678879931917477e-06,4.457163307116521e-07,8.991313052462757e-12,4.804129750711464e-12,0.0007529974808854637,0.00038675715756877156,9.630456738251899e-08,4.762075757459115e-08,0.0037408400714555915,0.0017833098488928656,6.94490385687881e-07,3.195900123913026e-07,0.0006093532349030478,0.00027101176965482586,2.2187641086532565e-10,7.232237159784697e-11,6.02344303810423e-06,1.916309056625631e-06,2.3453300725793446e-10,7.461475489066415e-11,1.0157653111407036e-18,9.698413749955797e-19,1.5315020257290265e-17,1.3640952548668056e-17,2.514305843725084e-14,2.0985858063389052e-14,2.2535091787322478e-09,1.7695858687456103e-09,2.056285959580387e-12,9.475641722195132e-13,3.9254921343261284e-15,1.749598773944514e-15,6.561531050419976e-23,1.9074475835958524e-23,3.817761392861773e-15,1.1600595112092702e-15,3.267812496462171e-18,1.4091324166237831e-18,1.7313761998566095e-17,8.89958987042091e-18,7.242748741844869e-10,3.584050382282403e-10,1.057443116081359e-15,5.044572922832339e-16,1.8056599349454484e-17,5.885117668968832e-18,3.307407250000262e-19,1.0280618756615202e-19,2.4552186817491644e-14,7.631708260656596e-15,7.434232554214573e-11,2.310828539119022e-11,7.630443166647262e-17,2.4287184971334312e-17,0.010328643897888507,0.004930836921630374,1.0000000000000213e-30,3.3476163127968402e-31,4.222181151853171e-09,1.3104573971456587e-09,3.601180111998495e-06,1.0921650068381207e-06,3.8254404026324037e-10,1.1885328435000322e-10,1.0029062482501302e-12,3.0446495223497903e-13
0.396,1258.5020228426197,5.356967192514956,0.2624366403255356,1.506702234918865,0.06600127815080507,0.4378186265276344,1.7940870989246392e-07,2.3802107217602497e-06,1.4684827324254403e-13,1.227463033590166e-13,4.6675387347610725e-14,1.950731570846143e-14,3.4246408051393193e-08,2.692896931010331e-08,0.21062269089128374,0.1563519516031982,3.378560117633265e-16,1.3688982610445223e-16,1.01529738598315e-13,3.991792673079491e-14,6.520094277524639e-18,7.259506936033271e-18,1.7604586006895647e-15,1.8083421514873275e-15,9.307225315451055e-11,8.87335479350451e-11,2.16215283095254e-12,2.061360774727552e-12,2.1792198165000628e-05,1.9383402901057986e-05,0.2111302246621646,0.17599374886646493,0.4118367500028756,0.19662756689669625,0.08494889902206244,0.02581360559705381,7.379293714419305e-08,3.400789384766816e-08,4.81061312593081e-06,2.142571716891708e-06,4.942911295398666e-10,2.1299895708233412e-10,5.1030363906050486e-12,2.198990360526807e-12,1.066302103869981e-06,4.450338711585754e-07,8.941165884964506e-12,4.777115248417081e-12,0.0007505483074282985,0.00038548141391068005,9.59552490110957e-08,4.7445836631189445e-08,0.003733752950135739,0.0017798491771144442,6.929194308472399e-07,3.1885237599815004e-07,0.0006088459496070862,0.0002707736561625347,2.2126490918042048e-10,7.211971931245206e-11,6.016330725153734e-06,1.913957999437893e-06,2.3405077201973305e-10,7.445789931542303e-11,1.0108419187215547e-18,9.650960337360936e-19,1.52709579210329e-17,1.3601078899330154e-17,2.5105253037813182e-14,2.0953336440032227e-14,2.2539049468430823e-09,1.7698149681861039e-09,2.0529894337956225e-12,9.46001428980786e-13,3.912552127121188e-15,1.743750912207731e-15,6.529368856113337e-23,1.898010385134593e-23,3.808068801766409e-15,1.1570609336190323e-15,3.2574087729630808e-18,1.404581342244314e-18,1.7266468375651153e-17,8.87487049103078e-18,7.238245538139698e-10,3.581656685941793e-10,1.0560477981193596e-15,5.037684005550983e-16,1.798594037158221e-17,5.86181752637712e-18,3.291956934742856e-19,1.0232121351590134e-19,2.4515313795618367e-14,7.619895117147787e-15,7.429618970939674e-11,2.3092878920868738e-11,7.612206716759147e-17,2.422802141077007e-17,0.010328643897814632,0.00493060936385604,1.0000000000000211e-30,3.3474618205652943e-31,4.209665682469217e-09,1.3065126162568253e-09,3.5956930432804844e-06,1.0904505634739174e-06,3.8194058727083955e-10,1.1866032005541904e-10,9.987317660539927e-13,3.031836592542261e-13
0.397,1258.3716432736937,5.35717684470402,0.26242636991301616,1.510512827582748,0.0660114276926508,0.43786581480384046,1.7915709108154863e-07,2.37676318802121e-06,1.4631932633924107e-13,1.2229854683082464e-13,4.649554856843254e-14,1.9431260949211746e-14,3.417299996122732e-08,2.687001052416901e-08,0.21058742828654803,0.15631858555019074,3.3653989458845847e-16,1.363503010570437e-16,1.0123716382569751e-13,3.980106605390077e-14,6.4835332562738e-18,7.21846770854744e-18,1.7521348483924522e-15,1.799709224221707e-15,9.275711805358245e-11,8.842903625857639e-11,2.154343648813829e-12,2.0538211690055208e-12,2.1756139686914318e-05,1.9350440161307e-05,0.21111076891410396,0.17596943767246304,0.411890580945541,0.1966442237966617,0.08494968617823946,0.02581265760117868,7.37324861407924e-08,3.3978471902106476e-08,4.810822156345982e-06,2.142566273612549e-06,4.931758186007671e-10,2.1250857567801855e-10,5.0892917725307764e-12,2.19296669666174e-12,1.0647230439533483e-06,4.443543947077415e-07,8.891416072275159e-12,4.75031627705575e-12,0.0007481130142739104,0.0003842129770389373,9.560802801904258e-08,4.727197628779691e-08,0.003726696786809488,0.0017764038609690749,6.913558094340048e-07,3.1811823211565545e-07,0.000608340409750095,0.000270536383429605,2.2065653202166296e-10,7.191811541618867e-11,6.009244241244578e-06,1.9116156765449447e-06,2.335706680493865e-10,7.430174789031512e-11,1.005953668661423e-18,9.60384831987402e-19,1.5227124378504607e-17,1.3561414829566951e-17,2.5067584054690443e-14,2.0920934960339652e-14,2.2542992530875064e-09,1.7700431771344128e-09,2.049705470603303e-12,9.444447670470398e-13,3.8996864434198815e-15,1.7379369866996006e-15,6.49744292051377e-23,1.8886430292793426e-23,3.798423804427281e-15,1.154077274796319e-15,3.247063393862857e-18,1.4000560648912658e-18,1.721941455741673e-17,8.850278038192987e-18,7.233756689422922e-10,3.57927087653475e-10,1.0546575964269686e-15,5.03082092071561e-16,1.7915720498784785e-17,5.838663555520651e-18,3.276617719246419e-19,1.0183975331345487e-19,2.4478590885578166e-14,7.608130916845554e-15,7.425021062438004e-11,2.307752622175896e-11,7.594058029298599e-17,2.416914642947631e-17,0.010328643897741163,0.0049303826028037874,1.0000000000000218e-30,3.347307869239732e-31,4.197217942818879e-09,1.3025894240386538e-09,3.590228622524305e-06,1.0887433176764303e-06,3.8133950849936066e-10,1.184681297925268e-10,9.945846721548033e-13,3.019108458769445e-13
0.398,1258.2415787902542,5.357386291013843,0.2624161103887271,1.5143235692270725,0.0660215435773835,0.43791284399823244,1.7890636840236888e-07,2.373328230493389e-06,1.4579349803750903e-13,1.21853457057884e-13,4.631682836508584e-14,1.935568366289677e-14,3.4099921659599424e-08,2.6811320653799986e-08,0.21055228602547973,0.15628533634024114,3.352320252563604e-16,1.3581418836684963e-16,1.009461400788081e-13,3.968483208603547e-14,6.447260297977127e-18,7.17775407981125e-18,1.7438693344745681e-15,1.791137188098865e-15,9.244377728119413e-11,8.812627690134911e-11,2.1465804970623818e-12,2.0463264574287146e-12,2.1720224205185578e-05,1.9317610653770014e-05,0.21109137013784543,0.17594520372344505,0.41194421084988725,0.19666081395284982,0.08495048425580631,0.025811717048577418,7.36722001409419e-08,3.394913400910688e-08,4.8110315253115015e-06,2.142561316762107e-06,4.920661305316046e-10,2.120206953165184e-10,5.075621013086864e-12,2.18697575302572e-12,1.0631507663809581e-06,4.4367788058833707e-07,8.842059490599585e-12,4.723730586923399e-12,0.0007456914881472772,0.00038295178682977476,9.526288660740367e-08,4.709916747365262e-08,0.0037196713703073355,0.0017729737944644198,6.897994691250893e-07,3.1738755555542246e-07,0.0006078366054973321,0.00027029994661158566,2.2005125526157024e-10,7.171755174131915e-11,6.0021834207260134e-06,1.909282031226348e-06,2.330926802151805e-10,7.414629556445682e-11,1.0011002228659394e-18,9.557074391923348e-19,1.518351785290053e-17,1.3521958697218937e-17,2.5030050649103785e-14,2.0888652873663932e-14,2.2546921064550036e-09,1.7702705012874689e-09,2.046433989178034e-12,9.428941467564665e-13,3.8868944604883044e-15,1.7321567109212784e-15,6.465750897170252e-23,1.8793448182602788e-23,3.7888260417557405e-15,1.1511084211425104e-15,3.236775879374836e-18,1.395556370751845e-18,1.7172598724729815e-17,8.825811539914665e-18,7.22928211830404e-10,3.576892910339807e-10,1.0532724797859676e-15,5.023983508098555e-16,1.7845935895252303e-17,5.8156544700572556e-18,3.2613885125333505e-19,1.0136177224879143e-19,2.444201708336832e-14,7.59641532857737e-15,7.420438736225805e-11,2.3062226971026605e-11,7.575996453225124e-17,2.411055786624043e-17,0.010328643897668063,0.004930156633823744,1.0000000000000213e-30,3.3471544556632913e-31,4.1848373978539645e-09,1.2986876484508721e-09,3.5847867029370855e-06,1.087043222156288e-06,3.807407882385326e-10,1.1827670837710065e-10,9.904647188094161e-13,3.0064643486202813e-13
0.399,1258.1118277400114,5.357595532068862,0.2624058617196249,1.5181344597058395,0.06603162599335187,0.4379597150164107,1.7865653629701694e-07,2.3699057700120325e-06,1.4527076210246263e-13,1.2141101143125457e-13,4.613921694630123e-14,1.9280579639781316e-14,3.402717079702383e-08,2.675289776359041e-08,0.21051726338890075,0.1562522032696093,3.3393233102596603e-16,1.352814577248122e-16,1.0065665504897928e-13,3.956921981280117e-14,6.411272431578768e-18,7.137362672102343e-18,1.7356615088093961e-15,1.782625464134835e-15,9.213221607341871e-11,8.782525532889336e-11,2.1388629890061377e-12,2.038876259888207e-12,2.1684450778478287e-05,1.9284913490486254e-05,0.21107202807604405,0.1759210466272471,0.411997640920651,0.19667733778328136,0.08495129318689838,0.02581078389432438,7.361207825940051e-08,3.391987970541577e-08,4.81124122533714e-06,2.1425568410395243e-06,4.909620219366377e-10,2.1153529654038528e-10,5.0620235201449505e-12,2.181017265254911e-12,1.0615852244380032e-06,4.430043081892671e-07,8.793092036707522e-12,4.697355940077608e-12,0.0007432836141282775,0.000381697782342405,9.491980685855247e-08,4.6927401063265625e-08,0.0037126764794831006,0.0017695588669241538,6.882503559767669e-07,3.166603203983974e-07,0.0006073345256174825,0.000270064340249354,2.194490549832722e-10,7.15180201929546e-11,5.995148098801318e-06,1.906957007087251e-06,2.3261679356465026e-10,7.39915373471709e-11,9.962812481312696e-19,9.510635295850532e-19,1.5140136588843065e-17,1.3482708880037767e-17,2.4992651988699894e-14,2.0856489435380894e-14,2.2550835158722492e-09,1.7704969463152296e-09,2.0431749093181263e-12,9.413495287664675e-13,3.874175565399556e-15,1.7264098028735659e-15,6.434290475593702e-23,1.870115065012887e-23,3.779275157857137e-15,1.1481542600910227e-15,3.2265457556059215e-18,1.391082048653362e-18,1.7126019077848965e-17,8.801470034678097e-18,7.224821747831192e-10,3.5745227439270136e-10,1.051892416901159e-15,5.017171607254079e-16,1.7776582777973923e-17,5.792789001387306e-18,3.246268239524708e-19,1.0088723611877791e-19,2.4405591398711174e-14,7.584748025692066e-15,7.415871900433176e-11,2.3046980848235524e-11,7.558021343756404e-17,2.4052253580982485e-17,0.010328643897595403,0.004929931452338198,1.0000000000000216e-30,3.347001576728083e-31,4.1725235038553365e-09,1.2948071148465337e-09,3.579367126373423e-06,1.0853502262186252e-06,3.801444107345206e-10,1.1808605061541548e-10,9.863716579943287e-13,2.9939034891414046e-13
0.4,1257.982388443877,5.3578045685910105,0.2623956238679035,1.5219454988735637,0.06604167512930992,0.4380064287661655,1.784075892719385e-07,2.366495728304195e-06,1.4475109258009852e-13,1.2097118758490505e-13,4.5962704595921216e-14,1.9205944702994304e-14,3.3954745045024146e-08,2.6694739935461143e-08,0.21048235966749512,0.15621918564222292,3.326407398941623e-16,1.347520791314057e-16,1.0036869659006435e-13,3.9454224285592306e-14,6.375566720201693e-18,7.097290146808332e-18,1.727510826344688e-15,1.774173478749383e-15,9.182241980201554e-11,8.752595714142292e-11,2.1311907418959584e-12,2.031470200170966e-12,2.164881847346677e-05,1.925234779101982e-05,0.21105274245431263,0.1758969659777237,0.41205087235389193,0.19669379570162995,0.08495211289842082,0.025809858091922256,7.35521196352173e-08,3.389070853923677e-08,4.8114512492063195e-06,2.1425528412671444e-06,4.89863450002853e-10,2.1105236015082336e-10,5.048498708752348e-12,2.17509097217676e-12,1.0600263719386689e-06,4.42333657129066e-07,8.744509696497041e-12,4.671190146887045e-12,0.0007408892817260285,0.0003804509049327735,9.457877138205934e-08,4.675666819502456e-08,0.0037057119077774777,0.0017661589746705442,6.867084187870081e-07,3.1593650199743156e-07,0.0006068341605152837,0.0002698295596138581,2.188499075512467e-10,7.131951277104242e-11,5.988138112803514e-06,1.9046405484367364e-06,2.3214299325270893e-10,7.383746828404075e-11,9.914964144034746e-19,9.46452780513834e-19,1.509697884537948e-17,1.3443663769248396e-17,2.4955387248681473e-14,2.08244439075318e-14,2.2554734901727983e-09,1.7707225178118096e-09,2.0399281516123946e-12,9.39810874116876e-13,3.8615291493698985e-15,1.7206959825065297e-15,6.403059368025705e-23,1.8609530893013114e-23,3.769770802885652e-15,1.1452146809575877e-15,3.216372552952212e-18,1.386632889350419e-18,1.7079673833629316e-17,8.777252569873176e-18,7.220375501804068e-10,3.572160334261716e-10,1.0505173770944674e-15,5.010385060756896e-16,1.7707657395638785e-17,5.770065891687782e-18,3.231255836722737e-19,1.0041611109133942e-19,2.436931284550847e-14,7.573128682983199e-15,7.41132046411551e-11,2.30317875359864e-11,7.540132062617926e-17,2.3994231455194488e-17,0.010328643897523082,0.004929707053771524,1.0000000000000211e-30,3.3468492293276756e-31,4.160275737656736e-09,1.290947655021822e-09,3.5739697493808597e-06,1.0836642836454914e-06,3.7955036057276607e-10,1.1789615142146675e-10,9.82305247808774e-13,2.981425126226378e-13
0.401,1257.853259270591,5.358013401212804,0.2623853968001498,1.5257566865852092,0.06605169117073197,0.43805298613910904,1.781595218674386e-07,2.363098027616558e-06,1.442344638050779e-13,1.2053396340377316e-13,4.578728173857532e-14,1.9131774736217345e-14,3.3882642099259435e-08,2.663684527147703e-08,0.2104475741549861,0.15618628276677327,3.313571807538502e-16,1.342260229623759e-16,1.0008225265458792e-13,3.9339840597014676e-14,6.340140267837892e-18,7.057533211954835e-18,1.7194167498386837e-15,1.7657806665978119e-15,9.151437401647697e-11,8.722836811505282e-11,2.1235633773996924e-12,2.0241079064378893e-12,2.161332636582217e-05,1.921991268359881e-05,0.21103351301660397,0.17587296138667277,0.41210390633395205,0.19671018811849741,0.08495294332277128,0.025808939596917376,7.349232339873363e-08,3.386162005549199e-08,4.811661589647203e-06,2.1425493122736962e-06,4.887703722375614e-10,2.1057186709744625e-10,5.035045999344623e-12,2.1691966150685725e-12,1.0584741630583065e-06,4.4166590719187614e-07,8.6963084752435e-12,4.64523102882122e-12,0.0007385083787935332,0.0003792110951334109,9.423976269191664e-08,4.658695996389411e-08,0.0036987774396817943,0.001762774009830006,6.851736049191569e-07,3.1521607505995796e-07,0.000606335499329061,0.00026959559941914406,2.1825378954223256e-10,7.112202154879496e-11,5.981153300976955e-06,1.902332599926329e-06,2.3167126461049317e-10,7.368408347980545e-11,9.867453963717612e-19,9.418748739734093e-19,1.5054042902612852e-17,1.3404821775631873e-17,2.4918255610966594e-14,2.0792515558406158e-14,2.2558620381261585e-09,1.7709472213428696e-09,2.0366936372962752e-12,9.382781441764666e-13,3.848954612287944e-15,1.7150149737601975e-15,6.372055320109959e-23,1.8518582208421436e-23,3.760312627805557e-15,1.1422895733639427e-15,3.206255807576367e-18,1.3822086861799549e-18,1.7033561228145304e-17,8.753158203261785e-18,7.21594330447869e-10,3.5698056386077313e-10,1.0491473296438076e-15,5.003623711117216e-16,1.7639156048335216e-17,5.747483900404938e-18,3.2163502550415424e-19,9.994836379463982e-20,2.4333180451054955e-14,7.561556979655645e-15,7.406784336968852e-11,2.301664671934933e-11,7.52232797780629e-17,2.393648939150809e-17,0.010328643897451134,0.004929483433618588,1.0000000000000192e-30,3.3466974104034558e-31,4.148093568625732e-09,1.2871090985379482e-09,3.5685944182627296e-06,1.0819853451488219e-06,3.7895862231179596e-10,1.1770700570482038e-10,9.782652463291392e-13,2.969028505998815e-13
0.402,1257.7244385864756,5.3582220305996655,0.2623751804813516,1.529568022696214,0.066061674302492,0.43809938802408516,1.7791232867120652e-07,2.3597125908707183e-06,1.4372085037821748e-13,1.2009931700361435e-13,4.561293889222256e-14,1.9058065663636624e-14,3.3810859675521695e-08,2.6579211890421678e-08,0.21041290615110153,0.1561534939573536,3.3008158325280493e-16,1.3370325991004021e-16,9.979731132516347e-14,3.922606389281302e-14,6.3049902134300775e-18,7.018088615526618e-18,1.711378747802844e-15,1.7574464684369469e-15,9.120806440779516e-11,8.693247416630028e-11,2.1159805210492706e-12,2.016789010674248e-12,2.1577973538650232e-05,1.9187607303528163e-05,0.21101433950201678,0.17584903246274666,0.41215674403525726,0.19672651544031555,0.08495378439280156,0.02580802836511116,7.343268869098505e-08,3.383261380442103e-08,4.811872239530899e-06,2.142546248961169e-06,4.87682746600365e-10,2.1009379853291644e-10,5.0216648184384946e-12,2.1633339379328e-12,1.0569285523916774e-06,4.4100103834721336e-07,8.648484443875514e-12,4.619476443112642e-12,0.0007361407956804133,0.00037797829478187134,9.39027635945625e-08,4.641826761273664e-08,0.003691872865524683,0.0017594038673627405,6.836458629122736e-07,3.144990148457265e-07,0.0006058385317577757,0.0002693624546320912,2.1766067777243017e-10,7.09255386807944e-11,5.97419350310297e-06,1.9000331067296344e-06,2.312015930895926e-10,7.353137807985192e-11,9.820278722642942e-19,9.37329495444091e-19,1.5011327056251758e-17,1.3366181324527706e-17,2.488125626379578e-14,2.0760703662001123e-14,2.2562491684273226e-09,1.7711710624197791e-09,2.0334712882648534e-12,9.36751300639327e-13,3.8364513605923896e-15,1.709366503599907e-15,6.341276104726884e-23,1.8428297974898172e-23,3.750900290999667e-15,1.1393788292332954e-15,3.1961950601671293e-18,1.3778092345113367e-18,1.698767951376612e-17,8.729186001381431e-18,7.211525080680205e-10,3.5674586145472154e-10,1.047782244174451e-15,4.996887402596464e-16,1.7571075072681288e-17,5.725041799343789e-18,3.201550458806118e-19,9.948396128476763e-20,2.4297193249250497e-14,7.550032597138382e-15,7.402263429378968e-11,2.3001558085784474e-11,7.504608463221527e-17,2.387902531227208e-17,0.010328643897379612,0.004929260587395513,1.0000000000000192e-30,3.346546116911248e-31,4.135976476100171e-09,1.2832912781182544e-09,3.563240984763692e-06,1.0803133631156987e-06,3.783691807024891e-10,1.1751860843751725e-10,9.742514153234126e-13,2.9567128860529225e-13
0.403,1257.5959247554579,5.358430457455664,0.26236497487461774,1.5333795070625167,0.0660716247085082,0.4381456353052936,1.7766600433251778e-07,2.3563393418536573e-06,1.432102271893632e-13,1.1966722675012863e-13,4.5439666670905346e-14,1.898481345109327e-14,3.373939551292596e-08,2.6521837930323922e-08,0.2103783549645646,0.15612081853584478,3.288138778249649e-16,1.331837609959505e-16,9.951386083298043e-14,3.9112889379152824e-14,6.270113731543913e-18,6.978953146205877e-18,1.703396294595471e-15,1.749170331220264e-15,9.090347681767294e-11,8.663826136088393e-11,2.10844180253574e-12,2.0095131489711143e-12,2.1542759084194713e-05,1.915543079472047e-05,0.2109952216435417,0.17582517881059773,0.41220938662342627,0.19674277807009197,0.08495463603729526,0.025807124351214204,7.337321466992052e-08,3.380368934447991e-08,4.812083191920443e-06,2.142543646328924e-06,4.866005315799218e-10,2.0961813584613658e-10,5.008354599437652e-12,2.1575026878451185e-12,1.0553894950550857e-06,4.403390307929483e-07,8.601033734073386e-12,4.593924280130149e-12,0.0007337864248133696,0.0003767524468052661,9.35677572419114e-08,4.625058255851645e-08,0.0036849979836447865,0.0017560484460990289,6.821251428893123e-07,3.137852973547047e-07,0.0006053432483367315,0.00026913012059520507,2.1707054932694886e-10,7.073005641262175e-11,5.967258560846604e-06,1.8977420146543603e-06,2.3073396427672358e-10,7.33793472749358e-11,9.773435238997814e-19,9.328163339403773e-19,1.4968829618893205e-17,1.332774085698245e-17,2.4844388403696094e-14,2.0729007499678785e-14,2.256634889682594e-09,1.77139404649045e-09,2.0302610272361815e-12,9.35230305600893e-13,3.8240188042420786e-15,1.703750300666705e-15,6.31071951686334e-23,1.8338671637441518e-23,3.7415334491821745e-15,1.1364823400304874e-15,3.1861898561923914e-18,1.3734343318558645e-18,1.694202696081238e-17,8.705335040401018e-18,7.207120755946819e-10,3.5651192200554925e-10,1.0464220907643583e-15,4.99017598171402e-16,1.7503410843112377e-17,5.702738373087468e-18,3.186855422157361e-19,9.902287093395375e-20,2.4261350281402164e-14,7.538555219340293e-15,7.39775765266777e-11,2.2986521325930973e-11,7.486972899497405e-17,2.3821837162208962e-17,0.01032864389730845,0.004929038510644944,1.0000000000000187e-30,3.346395345824905e-31,4.1239239521275615e-09,1.2794940304983026e-09,3.5579093083947116e-06,1.0786482923138397e-06,3.777820207404111e-10,1.1733095467042285e-10,9.702635210228366e-13,2.9444775377937725e-13
0.404,1257.467716186044,5.358638682399939,0.26235477994722833,1.537191139540496,0.06608154256974899,0.43819172885241664,1.7742054352550117e-07,2.3529782047480464e-06,1.4270256939035872e-13,1.1923767123716165e-13,4.526745581742367e-14,1.8912014119857108e-14,3.36682473718734e-08,2.646472154704783e-08,0.21034391990593201,0.15608825582778715,3.275539957334698e-16,1.3266749758917725e-16,9.923188949440245e-14,3.9000312297970616e-14,6.235508034921948e-18,6.940123636250001e-18,1.6954688718871021e-15,1.740951709612928e-15,9.060059725127307e-11,8.634571592645635e-11,2.100946855581219e-12,2.0022799614165746e-12,2.1507682102338353e-05,1.9123382308503878e-05,0.21097615919185708,0.17580140005204722,0.4122618352523747,0.19675897640753195,0.08495549819198632,0.025806227512390343,7.331390048221047e-08,3.37748462296071e-08,4.812294439799165e-06,2.1425414993690778e-06,4.855236859312479e-10,2.0914486055057116e-10,4.995114780453486e-12,2.151702614030606e-12,1.0538569464556216e-06,4.396798648622646e-07,8.553952501066127e-12,4.568572443530972e-12,0.00073144515749691,0.00037553349358015716,9.323472667653572e-08,4.608389616777932e-08,0.003678152583005506,0.001752707640466975,6.806113934445712e-07,3.1307489789747277e-07,0.0006048496382820255,0.00026889859207027,2.1648338147849942e-10,7.053556705485729e-11,5.960348316585356e-06,1.895459269783945e-06,2.302683639164279e-10,7.322798630893162e-11,9.726920375413288e-19,9.283350828312902e-19,1.492654892242893e-17,1.3289498831984883e-17,2.4807651232520356e-14,2.0697426357849318e-14,2.2570192104417328e-09,1.7716161789781253e-09,2.0270627774567204e-12,9.337151214291574e-13,3.8116563634297865e-15,1.6981660982802186e-15,6.280383386473373e-23,1.8249696744980938e-23,3.7322117663337575e-15,1.1335999994842821e-15,3.1762397464676068e-18,1.3690837781211138e-18,1.6896601857038903e-17,8.68160440591611e-18,7.202730256206136e-10,3.5627874133678695e-10,1.0450668394051898e-15,4.983489294713918e-16,1.7436159781896234e-17,5.680572422296927e-18,3.17226413523621e-19,9.856506062330899e-20,2.4225650601184085e-14,7.527124534246936e-15,7.393266918682022e-11,2.2971536132502324e-11,7.469420672836453e-17,2.376492290487782e-17,0.010328643897237673,0.004928817198973746,1.0000000000000211e-30,3.3462450941618646e-31,4.111935480569908e-09,1.275717189951511e-09,3.552599237981361e-06,1.0769900843053753e-06,3.7719712737295987e-10,1.1714403944313475e-10,9.663013292489655e-13,2.9323217316671007e-13
0.405,1257.3398112644845,5.3588467061365765,0.2623445956623174,1.5410029199870319,0.06609142806739918,0.4382376695363867,1.7717594098732004e-07,2.349629104609995e-06,1.4219785240202702e-13,1.1881062929098603e-13,4.5096297151722176e-14,1.8839663724812473e-14,3.359741303338096e-08,2.640786091343772e-08,0.21030960029501253,0.1560558051660162,3.2630186894897937e-16,1.3215444135526715e-16,9.895138577958944e-14,3.888832795345072e-14,6.20117036855471e-18,6.901596954790835e-18,1.687595966229879e-15,1.7327900634717923e-15,9.029941184508782e-11,8.605482422086585e-11,2.093495317697194e-12,1.9950890918392837e-12,2.147274170097459e-05,1.909146100371848e-05,0.21095715188271047,0.1757776957967998,0.41231409106784206,0.19677511084837349,0.08495637078773095,0.025805337804354855,7.32547452976033e-08,3.3746084024645155e-08,4.81250597641041e-06,2.1425398031921387e-06,4.844521689646961e-10,2.0867395440612258e-10,4.981944806454168e-12,2.145933468762313e-12,1.0523308625163062e-06,4.390235211122162e-07,8.507236977960182e-12,4.5434188792120495e-12,0.0007291168887601264,0.0003743213794162737,9.290365542040518e-08,4.5918200047071175e-08,0.003671336465845283,0.0017493813512648984,6.791045656732218e-07,3.1236779294499985e-07,0.0006043576923005081,0.00026866786448441184,2.1589915176800295e-10,7.034206300845637e-11,5.953462614731147e-06,1.8931848188749682e-06,2.29804777862845e-10,7.307729046258896e-11,9.680731024728784e-19,9.238854384687526e-19,1.4884483312868434e-17,1.3251453721688249e-17,2.4771043959724132e-14,2.0665959529618553e-14,2.2574021391670197e-09,1.7718374652359631e-09,2.0238764629538354e-12,9.3220571086957e-13,3.7993634615299236e-15,1.692613631274553e-15,6.250265563578398e-23,1.8161366906821497e-23,3.7229349088688285e-15,1.1307317021050805e-15,3.1663442859366955e-18,1.364757375067851e-18,1.6851402506274118e-17,8.657993192140429e-18,7.198353508094611e-10,3.560463153094776e-10,1.0437164606655874e-15,4.976827190667352e-16,1.7369318342167674e-17,5.658542758108394e-18,3.1577755981010503e-19,9.811049855244854e-20,2.4190093266631977e-14,7.51574023134099e-15,7.388791140144528e-11,2.2956602201100952e-11,7.451951175710399e-17,2.3708280524606232e-17,0.010328643897167209,0.004928596647993985,1.0000000000000206e-30,3.3460953589431017e-31,4.1000105640506565e-09,1.2719605966336952e-09,3.5473106357165764e-06,1.075338694725888e-06,3.7661448586415e-10,1.1695785789584599e-10,9.623646115362332e-13,2.920244755700692e-13
0.406,1257.2122084079433,5.359054529320909,0.26233442198541884,1.5448148482594704,0.06610128138023766,0.4382834582162906,1.7693219149162427e-07,2.346291967039542e-06,1.4169605191092028e-13,1.183860799686376e-13,4.4926181608741706e-14,1.8767758370436757e-14,3.352689030028018e-08,2.6351254220509338e-08,0.2102753954558335,0.15602346588845092,3.2505743024025924e-16,1.3164456429407938e-16,9.867233826159152e-14,3.877693169237291e-14,6.167098013839914e-18,6.8633700125149486e-18,1.6797770708949915e-15,1.724684859746356e-15,8.999990689259534e-11,8.576557275738029e-11,2.0860868303969038e-12,1.9879401880285557e-12,2.1437936996132788e-05,1.9059666047009993e-05,0.2109381994625275,0.17575406566550247,0.4123661552051026,0.1967911817852232,0.08495725375845381,0.025804455184040724,7.319574828345623e-08,3.371740229393455e-08,4.812717794997849e-06,2.1425385529323265e-06,4.833859403318821e-10,2.0820539932885786e-10,4.968844127692378e-12,2.140195006703649e-12,1.0508111995199006e-06,4.383699802627541e-07,8.46088342986484e-12,4.518461550840974e-12,0.0007268015133381747,0.0003731160484966072,9.257452701893563e-08,4.5753485817963814e-08,0.003664549430261148,0.0017460694773781876,6.776046100802122e-07,3.1166395870961883e-07,0.000603867400435717,0.00026843793297501143,2.153178379451221e-10,7.014953674602043e-11,5.946601300749704e-06,1.8909186090635269e-06,2.2934319211829268e-10,7.292725506649276e-11,9.63486412070311e-19,9.194671012173435e-19,1.484263115457218e-17,1.3213604015301096e-17,2.4734565801085783e-14,2.0634606313918495e-14,2.2577836842544925e-09,1.7720579105810803e-09,2.020702008376716e-12,9.307020369806807e-13,3.7871395296148816e-15,1.687092638025719e-15,6.220363927904416e-23,1.8073675820793322e-23,3.7137025466396686e-15,1.1278773435004559e-15,3.1565030346347495e-18,1.3604549267373409e-18,1.6806427229741623e-17,8.634500502664919e-18,7.193990438741505e-10,3.558146398149512e-10,1.0423709251926714e-15,4.970189519143292e-16,1.7302883021069703e-17,5.636648206464059e-18,3.1433888240766215e-19,9.765915334434343e-20,2.4154677346655554e-14,7.504402003697755e-15,7.384330230442945e-11,2.294171922978498e-11,7.434563806465022e-17,2.365190802545448e-17,0.010328643897097138,0.004928376853371272,1.0000000000000187e-30,3.345946137225915e-31,4.088148703243333e-09,1.2682240901686632e-09,3.542043358690492e-06,1.0736940776950418e-06,3.760340815174567e-10,1.1677240518438444e-10,9.584531403981063e-13,2.9082459011631426e-13
0.40700000000000003,1257.0849060525288,5.3592621525889435,0.26232425888302535,1.5486269242156094,0.06611110268527402,0.4383290957425848,1.7668928985507358e-07,2.342966718261231e-06,1.4119714386735265e-13,1.1796400255587285e-13,4.4757100233543364e-14,1.8696294208695876e-14,3.3456676996819205e-08,2.6294899677064413e-08,0.21024130471748462,0.15599123733835443,3.238206131473734e-16,1.3113783872845615e-16,9.839473562694333e-14,3.8666118908158875e-14,6.133288287072381e-18,6.825439759948893e-18,1.672011685362813e-15,1.7166355719480337e-15,8.970206883698713e-11,8.547794819747556e-11,2.078721039107993e-12,1.9808329016444074e-12,2.1403267111960834e-05,1.90279966127646e-05,0.21091930168255799,0.17573050928445588,0.4124180287895233,0.19680718960736995,0.08495814703967787,0.025803579609092027,7.313690861081209e-08,3.368880060403215e-08,4.812929888872717e-06,2.1425377437725347e-06,4.823249600753878e-10,2.077391774118291e-10,4.95581220005357e-12,2.134486985051989e-12,1.0492979141507417e-06,4.3771922321304204e-07,8.414888161419598e-12,4.493698443855356e-12,0.0007244989263834416,0.0003719174452414496,9.224732514434144e-08,4.558974516799465e-08,0.0036577912742790466,0.0017427719177145788,6.761114773004319e-07,3.109633714754901e-07,0.0006033787525675566,0.00026820879261123633,2.147394179807784e-10,6.995798081566771e-11,5.93976422139756e-06,1.8886605879358756e-06,2.2888359282814595e-10,7.277787549923493e-11,9.589316634985896e-19,9.150797751613329e-19,1.4800990829098086e-17,1.3175948218020252e-17,2.4698215979067558e-14,2.060336601575597e-14,2.2581638540311456e-09,1.7722775202882906e-09,2.017539339036084e-12,9.292040631500283e-13,3.774984004603724e-15,1.6816028596213196e-15,6.190676384993593e-23,1.7986617261873262e-23,3.704514350169442e-15,1.1250368195315709e-15,3.1467155573919664e-18,1.3561762393193807e-18,1.676167436558927e-17,8.611125450190248e-18,7.189640975800939e-10,3.555837107755566e-10,1.0410302038255853e-15,4.963576130737483e-16,1.7236850356256032e-17,5.6148876069524365e-18,3.129102838037737e-19,9.721099399158386e-20,2.4119401919407647e-14,7.493109547458907e-15,7.379884103650029e-11,2.292688691907595e-11,7.417257969348997e-17,2.3595803431240085e-17,0.010328643897027463,0.004928157810813213,1.0000000000000178e-30,3.345797426096143e-31,4.0763494016877695e-09,1.2645075111388247e-09,3.5367972632040033e-06,1.0720561871217371e-06,3.7545589974078884e-10,1.1658767650009188e-10,9.545666905408142e-13,2.896324466236763e-13
0.40800000000000003,1256.9579026261786,5.359469576623579,0.26231410631934676,1.5524391477137334,0.06612089215915527,0.43837458296407916,1.7644723094247305e-07,2.3396532851791874e-06,1.4070110446935815e-13,1.1754437655301794e-13,4.45890441506049e-14,1.8625267426096398e-14,3.338677096612405e-08,2.6238795507543858e-08,0.2102073274159205,0.15595911886483152,3.225913518946469e-16,1.306342372681164e-16,9.811856668973248e-14,3.8555885046167376e-14,6.099738536035151e-18,6.78780318361198e-18,1.6642993141989072e-15,1.7086416789840229e-15,8.940588425001195e-11,8.519193733014197e-11,2.0713975928217207e-12,1.9737668878707088e-12,2.136873117965986e-05,1.8996451882054883e-05,0.2109004582866078,0.17570702627444904,0.4124697129376869,0.1968231347002689,0.08495905056543879,0.025802711036788262,7.30782254640329e-08,3.366027852796523e-08,4.813142251506283e-06,2.1425373709739935e-06,4.812691886847298e-10,2.0727527094796356e-10,4.942848485263557e-12,2.1288091636152612e-12,1.047790963506365e-06,4.370712310438463e-07,8.369247543770602e-12,4.469127579833654e-12,0.0007222090259429313,0.00037072551557786255,9.192203379339949e-08,4.542696994811454e-08,0.003651061803438623,0.0017394885748080765,6.746251194304497e-07,3.102660082093108e-07,0.0006028917393616592,0.00026798043881458083,2.1416387007663168e-10,6.976738784370365e-11,5.932951225010985e-06,1.8864107036098487e-06,2.2842596624496669e-10,7.262914717559124e-11,9.544085570559706e-19,9.107231674723227e-19,1.475956073214114e-17,1.313848484822725e-17,2.4661993722319055e-14,2.0572237945683603e-14,2.2585426567485637e-09,1.7724962995756449e-09,2.0143883808870187e-12,9.277117530810235e-13,3.7628963294157944e-15,1.676144039918521e-15,6.16120086497305e-23,1.7900185078476617e-23,3.69536999807838e-15,1.1222100285619051e-15,3.136981423158771e-18,1.3519211208530715e-18,1.6717142267110943e-17,8.587867155562014e-18,7.185305047521227e-10,3.5535352414615833e-10,1.0396942677940599e-15,4.956986877991678e-16,1.7171216917704464e-17,5.5932598101049634e-18,3.1149166772538777e-19,9.67659898819253e-20,2.4084266068652263e-14,7.481862560662177e-15,7.375452674568077e-11,2.291210497197209e-11,7.40003307423134e-17,2.3539964784501058e-17,0.010328643896958131,0.004927939516042994,1.0000000000000158e-30,3.345649222650206e-31,4.064612174610418e-09,1.260810703813664e-09,3.5315722128423973e-06,1.0704249791453623e-06,3.748799261560954e-10,1.1640366710320577e-10,9.507050405600832e-13,2.8844797611463697e-13
0.40900000000000003,1256.831196568327,5.3596768021083365,0.26230396425857555,1.5562515186126125,0.0661306499770179,0.43841992072218144,1.762060096672935e-07,2.336351595393479e-06,1.4020791017848126e-13,1.1712718168854988e-13,4.442200458298841e-14,1.8554674251752117e-14,3.331717007289302e-08,2.6182939954246795e-08,0.21017346289369704,0.15592710982328747,3.2136958145196955e-16,1.3013373283489214e-16,9.784382038602372e-14,3.84462256016409e-14,6.0664461421333636e-18,6.750457308403817e-18,1.6566394678159129e-15,1.7007026659440881e-15,8.911133984847429e-11,8.490752708789755e-11,2.064116144394578e-12,1.9667418057091412e-12,2.1334328338757773e-05,1.896503104384777e-05,0.2108816690195951,0.17568361625862838,0.41252120875715914,0.19683901744626353,0.08495996426879408,0.02580184942430782,7.301969803581072e-08,3.3631835643072406e-08,4.81335487647614e-06,2.1425374298613783e-06,4.802185870753538e-10,2.06813662421794e-10,4.929952450923205e-12,2.123161304834582e-12,1.0462903051175848e-06,4.3642598502765276e-07,8.323957992781326e-12,4.444747004866179e-12,0.0007199317110284215,0.0003695402059501641,9.159863715699583e-08,4.526515210835422e-08,0.0036443608259139133,0.001736219352500602,6.731454891796844e-07,3.0957184617103206e-07,0.0006024063516655943,0.000267752867091533,2.1359117266462074e-10,6.957775053472601e-11,5.926162161383586e-06,1.8841689047036035e-06,2.2797029875584e-10,7.248106555549613e-11,9.499167966151573e-19,9.063969888325809e-19,1.4718339276004873e-17,1.3101212439736312e-17,2.462589826663642e-14,2.0541221420683022e-14,2.2589201005833273e-09,1.7727142536122647e-09,2.0112490605889626e-12,9.262250708243022e-13,3.750875951873381e-15,1.6707159250610034e-15,6.131935321597448e-23,1.781437318971906e-23,3.686269169230694e-15,1.1193968690764018e-15,3.1273002055277063e-18,1.3476893814564598e-18,1.6672829304410875e-17,8.564724748657447e-18,7.180982582740943e-10,3.551240759154182e-10,1.0383630886066318e-15,4.950421614880668e-16,1.7105979313588256e-17,5.5717636793264055e-18,3.100829389441996e-19,9.632411073804157e-20,2.4049268886677908e-14,7.470660744176468e-15,7.371035858779977e-11,2.289737309420194e-11,7.382888537024705e-17,2.3484390147931434e-17,0.010328643896889181,0.004927721964820232,1.0000000000000162e-30,3.345501524009244e-31,4.052936543267493e-09,1.2571335143991433e-09,3.526368073304757e-06,1.0688004105725191e-06,3.743061465344579e-10,1.1622037230316552e-10,9.468679718459904e-13,2.872711104844342e-13
0.41000000000000003,1256.7047863787775,5.359883829601612,0.2622938326710406,1.560064036771414,0.06614037631028401,0.4384651098400176,1.7596562096387325e-07,2.3330615768509006e-06,1.397175377077505e-13,1.1671239790992693e-13,4.4255972893169444e-14,1.8484510974573252e-14,3.324787220335788e-08,2.6127331277511495e-08,0.21013971049381958,0.15589520957218458,3.2015523760600795e-16,1.296362986925128e-16,9.757048572124717e-14,3.83371360993331e-14,6.0334085235247685e-18,6.713399201128115e-18,1.6490316640193686e-15,1.6928180256989587e-15,8.881842251343698e-11,8.462470456572891e-11,2.0568763506202315e-12,1.9597573180624606e-12,2.130005773669799e-05,1.8933733294794826e-05,0.21086293365122796,0.17566027888371283,0.41257251734378236,0.1968548382249691,0.08496088809146002,0.025800994731873646,7.296132550233346e-08,3.3603471519848116e-08,4.813567757219467e-06,2.142537915731164e-06,4.791731163717783e-10,2.0635433441771995e-10,4.91712356883048e-12,2.117543173078268e-12,1.0447958967773557e-06,4.3578346656087274e-07,8.27901592495146e-12,4.4205547660449545e-12,0.0007176668777364065,0.0003683614613312271,9.127711919362538e-08,4.510428348740656e-08,0.003637688136192891,0.0017329641481811323,6.716725369718135e-07,3.0888086158336477e-07,0.0006019225784740476,0.00026752607213142635,2.130213043435391e-10,6.938906165151234e-11,5.9193968807797295e-06,1.8819351400376213e-06,2.275165769180163e-10,7.233362615596177e-11,9.454560905175046e-19,9.021009542942985e-19,1.467732489281758e-17,1.3064129544759618e-17,2.4589928853277507e-14,2.0510315762929377e-14,2.2592961936636438e-09,1.7729313875543346e-09,2.0081213053171772e-12,9.24743980698528e-13,3.7389223282969085e-15,1.665318265093085e-15,6.102877739682599e-23,1.7729175607129537e-23,3.677211541558612e-15,1.1165972393334811e-15,3.1176714834311897e-18,1.3434808336375565e-18,1.6628733864901922e-17,8.541697368708878e-18,7.176673510618378e-10,3.548953620954047e-10,1.0370366375640565e-15,4.943880194533614e-16,1.7041134201274106e-17,5.550398094517755e-18,3.0868400353264567e-19,9.588532669769816e-20,2.4014409479589582e-14,7.459503803407248e-15,7.366633572327413e-11,2.2882690993417257e-11,7.365823778986954e-17,2.3429077602347383e-17,0.010328643896820536,0.004927505152982712,1.000000000000015e-30,3.3453543273474845e-31,4.041322015584922e-09,1.2534757850426023e-09,3.5211846950638357e-06,1.0671824336304132e-06,3.737345465303829e-10,1.160377873770709e-10,9.430552643329639e-13,2.861017812137407e-13
0.41100000000000003,1256.5786704951656,5.360090659842887,0.2622837115182209,1.5638767020498316,0.06615007133271356,0.43851015115249703,1.7572605983633847e-07,2.3297831584395515e-06,1.3922996400409373e-13,1.1630000536610112e-13,4.4090940473895087e-14,1.8414773897232612e-14,3.3178875259948627e-08,2.607196775091166e-08,0.21010606957081635,0.15586341747767402,3.1894825668964293e-16,1.2914190833391205e-16,9.729855186979907e-14,3.8228612131738284e-14,6.000623123751515e-18,6.67662595767175e-18,1.641475423575433e-15,1.6849872543083653e-15,8.852711922037317e-11,8.434345695251846e-11,2.049677871402503e-12,1.952813090899514e-12,2.1265918527203906e-05,1.8902557837338255e-05,0.21084425191835987,0.17563701376793506,0.4126236397873726,0.19687059741147475,0.08496182196581185,0.025800146916694203,7.290310707711906e-08,3.357518574596309e-08,4.81378088757745e-06,2.142538824044757e-06,4.781327383232618e-10,2.058972697941783e-10,4.904361317743727e-12,2.111954535781856e-12,1.04330769680962e-06,4.3514365726585987e-07,8.234417869132854e-12,4.3965489710040695e-12,0.00071541442932353,0.0003671892303854054,9.095746461648367e-08,4.494435629933402e-08,0.0036310435530447463,0.0017297228708334008,6.702062176499342e-07,3.081930327081755e-07,0.0006014404116644052,0.00026730004990510375,2.1245424398516012e-10,6.9201314047953e-11,5.912655235887382e-06,1.8797093592120347e-06,2.270647873446682e-10,7.218682451306599e-11,9.41026148992807e-19,8.97834780795237e-19,1.4636516023713497e-17,1.3027234723968403e-17,2.4554084730299062e-14,2.0479520300431106e-14,2.2596709440252027e-09,1.7731477064697964e-09,2.0050050429879024e-12,9.23268447372612e-13,3.7270349177231e-15,1.6599508113446084e-15,6.074026120347997e-23,1.7644586391335182e-23,3.668196805149776e-15,1.1138110413129068e-15,3.1080948387336283e-18,1.3392952912247035e-18,1.6584854348814524e-17,8.518784161795356e-18,7.172377761091757e-10,3.546673787361746e-10,1.0357148868262143e-15,4.937362474206042e-16,1.6976678255397232e-17,5.529161941543649e-18,3.072947685674387e-19,9.544960821928087e-20,2.3979686952309088e-14,7.448391443463816e-15,7.362245732150809e-11,2.2868058380032204e-11,7.348838226998748e-17,2.3374025247020345e-17,0.010328643896752254,0.004927289076333365,1.0000000000000141e-30,3.345207629815461e-31,4.029768130791309e-09,1.2498373676472599e-09,3.5160219537263013e-06,1.0655710081747932e-06,3.731651122715458e-10,1.1585590775009972e-10,9.392667060397019e-13,2.849399222560332e-13
0.41200000000000003,1256.4528474083886,5.3602972934664725,0.26227360076675477,1.5676895143080098,0.06615973521453444,0.43855504547706864,1.7548732131648183e-07,2.326516269481421e-06,1.3874516626844355e-13,1.1588998442678928e-13,4.3926898848115516e-14,1.8345459378295798e-14,3.311017716715063e-08,2.6016847666426986e-08,0.21007253948164564,0.15583173291028402,3.177485758325412e-16,1.2865053558542076e-16,9.702800808578995e-14,3.8120649324844454e-14,5.968087422020796e-18,6.6401347145779076e-18,1.633970274315659e-15,1.6772098552698385e-15,8.823741710582989e-11,8.406377159636653e-11,2.0425203705711254e-12,1.94590879407408e-12,2.1231909872291833e-05,1.887150388191386e-05,0.21082562357895582,0.1756138205498718,0.4126745771670824,0.1968862953784733,0.08496276582963136,0.025799305938010973,7.284504196223696e-08,3.3546977904536206e-08,4.813994261296003e-06,2.142540150253467e-06,4.770974149314835e-10,2.0544245152776125e-10,4.8916651809577736e-12,2.1063951624497436e-12,1.041825663846e-06,4.345065389072807e-07,8.190160359705205e-12,4.372727730965879e-12,0.0007131742666388207,0.0003660234605652295,9.063965797753663e-08,4.47853626818962e-08,0.0036244268843904173,0.0017264954243373693,6.687464842781454e-07,3.0750833700257925e-07,0.0006009598416185724,0.0002670747957247957,2.118899706408983e-10,6.90145006401405e-11,5.905937080083611e-06,1.877491512096398e-06,2.266149168148855e-10,7.204065621849723e-11,9.366266865459622e-19,8.935981894545381e-19,1.4595911129255457e-17,1.299052655605151e-17,2.4518365151852806e-14,2.0448834366891674e-14,2.260044359647301e-09,1.773363215405815e-09,2.001900202090409e-12,9.217984358085803e-13,3.7152131866872616e-15,1.6546133185965735e-15,6.04537849355474e-23,1.7560599688847318e-23,3.659224647987861e-15,1.1110381764097833e-15,3.0985698585348595e-18,1.3351325703879395e-18,1.6541189173786914e-17,8.495984283384771e-18,7.168095264504682e-10,3.544401219150551e-10,1.0343978084398453e-15,4.930868310752794e-16,1.6912608197763885e-17,5.508054122089172e-18,3.0591514231686233e-19,9.501692614194204e-20,2.394510042304126e-14,7.437323373816157e-15,7.357872255781114e-11,2.285347496676899e-11,7.331931313527867e-17,2.3319231200070792e-17,0.010328643896684324,0.0049270737307487876,1.000000000000011e-30,3.345061428613732e-31,4.018274418133185e-09,1.2462181110933511e-09,3.5108797127019186e-06,1.0639660903986386e-06,3.7259782981851744e-10,1.1567472883028955e-10,9.355020842358169e-13,2.837854673635843e-13
0.41300000000000003,1256.327315627224,5.360503731088662,0.2622635003841748,1.5715024734065315,0.06616936812428754,0.438599793622951,1.7524940047809245e-07,2.3232608399058926e-06,1.3826312194849184e-13,1.1548231567550333e-13,4.3763839638702145e-14,1.8276563819423556e-14,3.304177586975956e-08,2.596196933288137e-08,0.21003911958822527,0.15580015524572205,3.1655613287929455e-16,1.2816215457257391e-16,9.675884373064256e-14,3.801324334868873e-14,5.93579892956981e-18,6.603922644938587e-18,1.6265157497943402e-15,1.6694853381257776e-15,8.79493034459653e-11,8.378563598348355e-11,2.035403515613001e-12,1.93904410105339e-12,2.1198030941767824e-05,1.8840570646368404e-05,0.21080704839540934,0.17559069887333584,0.41272533055283694,0.19690193249559781,0.08496371962189314,0.025798471755641376,7.278712936395111e-08,3.351884758110594e-08,4.814207872184345e-06,2.1425418898543768e-06,4.760671085683221e-10,2.0498986276242288e-10,4.8790346470639195e-12,2.1008648249665912e-12,1.040349756899688e-06,4.338720934198281e-07,8.146239966532179e-12,4.349089176697287e-12,0.0007109462908503574,0.00036486409950830547,9.032368395110607e-08,4.462729483634426e-08,0.003617837938284845,0.0017232817126892012,6.672932900835301e-07,3.068267520098421e-07,0.0006004808585943389,0.0002668503048518314,2.1132846357014812e-10,6.882861441508192e-11,5.8992422679672035e-06,1.875281548985773e-06,2.261669522398567e-10,7.189511690827674e-11,9.322574211704191e-19,8.89390904814369e-19,1.455550868611754e-17,1.2954003634663978e-17,2.448276937859537e-14,2.041825730190602e-14,2.260416448443427e-09,1.773577919369257e-09,1.998806711752482e-12,9.203339112851472e-13,3.7034566065810605e-15,1.6493055438913867e-15,6.016932912048588e-23,1.7477209714309863e-23,3.6502947574974606e-15,1.108278545895678e-15,3.0890961343979493e-18,1.3309924892958844e-18,1.649773677338774e-17,8.473296897511075e-18,7.163825951707564e-10,3.5421358773919366e-10,1.0330853746437272e-15,4.924397562048154e-16,1.6848920787746075e-17,5.487073550486494e-18,3.0454503403581286e-19,9.458725162111263e-20,2.3910649018713298e-14,7.426299306824972e-15,7.353513061411717e-11,2.2838940468722124e-11,7.315102476622877e-17,2.3264693598275498e-17,0.010328643896616753,0.0049268591121454436,1.0000000000000122e-30,3.3449157209699445e-31,4.0068404097855495e-09,1.2426178652334973e-09,3.5057578348893716e-06,1.0623676363666534e-06,3.720326853339054e-10,1.1549424606023178e-10,9.317611882378984e-13,2.8263835093347893e-13
0.41400000000000003,1256.2020736465988,5.360709973383774,0.26225341033518645,1.5753155792064595,0.06617897023055887,0.43864439639975045,1.7501229243795132e-07,2.3200168002473156e-06,1.3778380871228954e-13,1.1507697988663906e-13,4.360175453619775e-14,1.8208083651764608e-14,3.297366932887951e-08,2.5907331072619124e-08,0.21000580925874188,0.15576868386482332,3.1537086627953833e-16,1.276767396746454e-16,9.649104828305545e-14,3.790638992099915e-14,5.90375518553173e-18,6.567986953736812e-18,1.6191113879719188e-15,1.6618132170985263e-15,8.766276562928443e-11,8.350903771160041e-11,2.028326977166752e-12,1.9322186884221554e-12,2.1164280911407853e-05,1.8809757354214362e-05,0.21078852612064003,0.17556764837464536,0.4127759010063774,0.19691750912863407,0.08496468328034029,0.025797644329073704,7.272936850181476e-08,3.3490794367596516e-08,4.814421714214446e-06,2.1425440384205647e-06,4.750417820176683e-10,2.0453948682604882e-10,4.86646920995039e-12,2.0953632975825242e-12,1.0388799353538563e-06,4.332403029004453e-07,8.102653328020115e-12,4.325631476120649e-12,0.000708730406522433,0.00036371109661388466,9.000952754502121e-08,4.447014513141327e-08,0.0036112765310506987,0.0017200816438637835,6.658465898647613e-07,3.0614825600493746e-07,0.0006000034537394451,0.000266626572945511,2.1076970224286486e-10,6.864364843105047e-11,5.892570655625808e-06,1.8730794206730865e-06,2.2572088062214054e-10,7.175020224931628e-11,9.279180735825572e-19,8.852126541022075e-19,1.4515307183141418e-17,1.291766456482481e-17,2.4447296676427186e-14,2.038778844977126e-14,2.260787218257722e-09,1.7737918233123434e-09,1.9957245016635815e-12,9.18874839356106e-13,3.691764655366288e-15,1.6440272472840015e-15,5.988687452452041e-23,1.7394410753526347e-23,3.641406833045103e-15,1.1055320547063752e-15,3.0796732615003176e-18,1.326874867740287e-18,1.6454495594506803e-17,8.450721175374114e-18,7.159569754099088e-10,3.5398777234526805e-10,1.0317775580639372e-15,4.917950087883529e-16,1.678561281246685e-17,5.4662191504768226e-18,3.03184354257402e-19,9.416055621829906e-20,2.387633187051782e-14,7.415318956307161e-15,7.34916806788382e-11,2.2824454603161902e-11,7.298351159318646e-17,2.3210410595014327e-17,0.010328643896549564,0.0049266452164474115,1.0000000000000111e-30,3.3447705041168688e-31,3.9954656501585e-09,1.2390364837699695e-09,3.5006561913172556e-06,1.0607756046265923e-06,3.714696651945729e-10,1.1531445495112706e-10,9.280438112059714e-13,2.8149850855034537e-13
0.41500000000000004,1256.0771199834921,5.3609160209991895,0.26224333058582605,1.5791288315693168,0.06618854169993324,0.4386888546072416,1.7477599235767006e-07,2.316784081686683e-06,1.3730720447865085e-13,1.1467395805165205e-13,4.344063533336726e-14,1.814001535050631e-14,3.2905855526912773e-08,2.5852931225614522e-08,0.2099726078668831,0.1557373181541641,3.1419271520386807e-16,1.2719426557242466e-16,9.622461132999373e-14,3.7800084803921993e-14,5.871953760991249e-18,6.532324882394667e-18,1.611756732603946e-15,1.6541930125263233e-15,8.737779118698576e-11,8.323396451945379e-11,2.0212904295927043e-12,1.925432236438688e-12,2.113065896533848e-05,1.877906323688516e-05,0.2107700565135658,0.17554466869684754,0.41282628958064327,0.19693302564072745,0.08496565674291144,0.025796823618096796,7.267175859990696e-08,3.346281785853472e-08,4.814635781420369e-06,2.1425465915726035e-06,4.740213984400863e-10,2.040913072167111e-10,4.853968368897369e-12,2.0898903569688617e-12,1.037416158995599e-06,4.3261114962568936e-07,8.059397110856339e-12,4.302352812841323e-12,0.0007065265179653008,0.0003625644011719306,8.969717386956943e-08,4.431390598945665e-08,0.003604742478555016,0.001716895125671844,6.64406338485788e-07,3.054728273040979e-07,0.0005995276180106403,0.00026640359558471064,2.1021366633958615e-10,6.845959581808004e-11,5.885922100396188e-06,1.870885078386918e-06,2.2527668910304462e-10,7.16059079550043e-11,9.23608368023992e-19,8.81063168001671e-19,1.4475305125828104e-17,1.2881507967006097e-17,2.441194631833868e-14,2.0357427161178278e-14,2.2611566768667496e-09,1.7740049321475758e-09,1.9926535021933473e-12,9.174211859117157e-13,3.680136814806639e-15,1.6387781906204376e-15,5.960640212267582e-23,1.7312197154859088e-23,3.6325605692455475e-15,1.1027986063812264e-15,3.0703008395700646e-18,1.322779527548682e-18,1.6411464100422574e-17,8.428256296975394e-18,7.155326603606321e-10,3.537626719011769e-10,1.030474331514833e-15,4.911525749055439e-16,1.67226810974768e-17,5.445489858723804e-18,3.018330143516763e-19,9.373681176459824e-20,2.384214811903812e-14,7.404382039182767e-15,7.344837194754303e-11,2.2810017089917457e-11,7.281676810412925e-17,2.315638036290751e-17,0.010328643896482666,0.004926432039623827,1.0000000000000088e-30,3.344625775317925e-31,3.98414968589771e-09,1.235473821162056e-09,3.4955746519026336e-06,1.0591899534164277e-06,3.709087558749734e-10,1.1513535104741929e-10,9.243497482277161e-13,2.8036587640699735e-13
0.41600000000000004,1255.9524531780921,5.3611218745475915,0.26223326110383904,1.5829422303570626,0.06619808269719524,0.4387331690364108,1.7454049542753498e-07,2.313562615835461e-06,1.368332873881977e-13,1.142732313546892e-13,4.3280473920826224e-14,1.807235543301636e-14,3.283833246405082e-08,2.579876814668727e-08,0.2099395147894139,0.1557060575041554,3.1302161949405327e-16,1.2671470722783183e-16,9.595952254489783e-14,3.7694323795411795e-14,5.8403922574619074e-18,6.4969337070595405e-18,1.6044513330353713e-15,1.646624250648325e-15,8.709436778116704e-11,8.296040427542405e-11,2.0142935505903964e-12,1.9186844286674197e-12,2.109716429415549e-05,1.8748487532045602e-05,0.21075163934099786,0.17552175949117524,0.4128764973189386,0.1969484823918553,0.08496663995135513,0.025796009583879842,7.261429887972118e-08,3.343491764775008e-08,4.814850067835319e-06,2.1425495449490894e-06,4.730059212809173e-10,2.0364530756286968e-10,4.841531627595815e-12,2.0844457817929805e-12,1.035958387901478e-06,4.3198461600360195e-07,8.016468014736157e-12,4.2792513886596805e-12,0.0007043345297435683,0.00036142396262360657,8.938660807203261e-08,4.415856985403985e-08,0.003598235593589336,0.001713722064510701,6.629724903826158e-07,3.0480044403776025e-07,0.0005990533418380392,0.000266181368118561,2.0966033571711668e-10,6.827644976670384e-11,5.879296460511562e-06,1.8686984736778325e-06,2.2483436494780492e-10,7.146222978042011e-11,9.193280321421278e-19,8.769421805364438e-19,1.4435501034859524e-17,1.2845532475800481e-17,2.4376717582219953e-14,2.0327172791367124e-14,2.261524831991196e-09,1.7742172507557528e-09,1.9895936442075348e-12,9.159729170931185e-13,3.668572574312335e-15,1.6335581392474454e-15,5.932789315795763e-23,1.723056334637562e-23,3.623755667312115e-15,1.1000781065080223e-15,3.060978472587086e-18,1.318706292453692e-18,1.6368640768899575e-17,8.405901450130436e-18,7.151096432569457e-10,3.535382826000768e-10,1.029175667880587e-15,4.905124406796719e-16,1.666012250485188e-17,5.424884624184277e-18,3.0049092696043804e-19,9.331599049552599e-20,2.3808096913629e-14,7.393488275275831e-15,7.340520362104965e-11,2.2795627650767167e-11,7.265078883563e-17,2.3102601090916444e-17,0.010328643896416188,0.004926219577685703,1.0000000000000097e-30,3.344481531864906e-31,3.9728920625617085e-09,1.2319297315942367e-09,3.4905130826379934e-06,1.0576106398111867e-06,3.7034994388732103e-10,1.1495692990812073e-10,9.206787953725372e-13,2.7924039101701773e-13
0.417,1255.828071754162,5.361327534709678,0.2622232018536564,1.58675577543214,0.06620759338709092,0.4387773404781732,1.743057968953341e-07,2.3103523351016583e-06,1.363620358179676e-13,1.1387478118391585e-13,4.312126225465123e-14,1.800510044517699e-14,3.277109815928888e-08,2.5744840206116003e-08,0.2099065294115456,0.15567490131196912,3.1185751960731387e-16,1.2623803986036966e-16,9.569577173518311e-14,3.758910274761299e-14,5.80906830398202e-18,6.461810735315149e-18,1.5971947428920496e-15,1.6391064622480473e-15,8.68124831905485e-11,8.26883449633098e-11,2.007336021200828e-12,1.9119749519663877e-12,2.106379609593683e-05,1.8718029484360902e-05,0.21073327435790098,0.17549892039941842,0.41292652525758994,0.19696387973876608,0.08496763284258343,0.02579520218617268,7.255698858323371e-08,3.340709333876825e-08,4.8150645677136225e-06,2.1425528942909216e-06,4.719953144710932e-10,2.0320147170836626e-10,4.829158495739193e-12,2.0790293533883417e-12,1.0345065826110984e-06,4.3136068464307214e-07,7.973862801734667e-12,4.2563254392117676e-12,0.00070215434935992,0.0003602897319357145,8.907781569591047e-08,4.400412936706956e-08,0.0035917556999821637,0.0017105623720736639,6.615450020760572e-07,3.041310853036521e-07,0.000598580616906499,0.0002659598864561755,2.091096904667529e-10,6.809420354641727e-11,5.8726935959871545e-06,1.8665195586869376e-06,2.2439389551941436e-10,7.131916351350815e-11,9.150767962237928e-19,8.728494283318926e-19,1.439589344371018e-17,1.2809736737701553e-17,2.434160975311082e-14,2.029702470186211e-14,2.261891691273654e-09,1.7744287839565835e-09,1.9865448592897845e-12,9.14529999388051e-13,3.657071425672696e-15,1.6283668596545736e-15,5.90513290382419e-23,1.714950380575494e-23,3.61499182940447e-15,1.0973704609989946e-15,3.0517057682016007e-18,1.314654987832651e-18,1.632602409212395e-17,8.38365583037445e-18,7.146879173971713e-10,3.5331460066933523e-10,1.0278815405477317e-15,4.898745924804154e-16,1.6597933924216705e-17,5.4044024051429296e-18,2.99158005499047e-19,9.289806489551627e-20,2.3774177408031726e-14,7.382637385901023e-15,7.336217490824635e-11,2.278128601015892e-11,7.248556838039602e-17,2.304907098657498e-17,0.010328643896350029,0.0049260078266524,1.0000000000000094e-30,3.344337771055314e-31,3.9616923412843905e-09,1.2284040741340017e-09,3.4854713606588216e-06,1.056037624281109e-06,3.697932160151668e-10,1.1477918717851347e-10,9.170307533897482e-13,2.781219903342239e-13
0.418,1255.7039742757443,5.361533002088887,0.26221315280350005,1.590569466657421,0.06621707393168977,0.4388213697102764,1.7407189202995556e-07,2.3071531722300364e-06,1.3589342836383775e-13,1.1347858911788217e-13,4.296299240245183e-14,1.793824698078594e-14,3.270415064982535e-08,2.5691145789415382e-08,0.20987365112026568,0.15564384897814326,3.107003566922614e-16,1.2576423897900346e-16,9.54333487789527e-14,3.748441754235397e-14,5.777979560699561e-18,6.4269533102203995e-18,1.5899865218534934e-15,1.6316391844867748e-15,8.653212533150934e-11,8.241777470313248e-11,2.000417525836698e-12,1.9053034965335793e-12,2.1030553575329734e-05,1.8687688344868575e-05,0.21071496133519022,0.17547615107882625,0.41297637442277246,0.1969792180354355,0.0849686353593127,0.025794401386794036,7.249982694223974e-08,3.337934453102328e-08,4.815279275234442e-06,2.1425566353308527e-06,4.709895421633252e-10,2.0275978360079138e-10,4.816848486961726e-12,2.0736408548864997e-12,1.0330607039162713e-06,4.30739338270138e-07,7.931578250612243e-12,4.233573209610321e-12,0.0006999858831643917,0.00035916165950488537,8.877078218304338e-08,4.385057712323162e-08,0.0035853026132051874,0.0017074159561298685,6.601238287236777e-07,3.0346472958445696e-07,0.000598109433709504,0.00026573914598236614,2.085617108380281e-10,6.791285048149141e-11,5.866113367468406e-06,1.8643482857981829e-06,2.239552683206541e-10,7.117670498912879e-11,9.108543942274423e-19,8.687846516070958e-19,1.4356480902230022e-17,1.2774119414413349e-17,2.4306622120657246e-14,2.02669822585502e-14,2.262257262306568e-09,1.7746395365483676e-09,1.983507079476904e-12,9.13092399517935e-13,3.6456328691371624e-15,1.6232041221971073e-15,5.877669145568556e-23,1.7069013095111862e-23,3.606268762392406e-15,1.0946755772439268e-15,3.0424823385632406e-18,1.3106254410770532e-18,1.628361257710879e-17,8.361518641250203e-18,7.142674761153799e-10,3.5309162235992323e-10,1.0265919228221194e-15,4.892390166507839e-16,1.653611228525494e-17,5.3840421733348254e-18,2.9783416468779154e-19,9.248300786372816e-20,2.3740388766827696e-14,7.371829095940143e-15,7.331928502284339e-11,2.276699189442756e-11,7.232110137853368e-17,2.2995788273432833e-17,0.01032864389628423,0.004925796782601008,1.0000000000000095e-30,3.344194490225824e-31,3.9505500758831925e-09,1.2248967056448974e-09,3.480449353550529e-06,1.0544708644319597e-06,3.6923855899723046e-10,1.1460211849313298e-10,9.134054226868846e-13,2.770106122320365e-13
0.419,1255.5801592901762,5.361738277355749,0.2622031139183229,1.5943833038962554,0.06622652449312301,0.43886525751092015,1.7383877615496675e-07,2.303965060722909e-06,1.3542744384880933e-13,1.1308463693116573e-13,4.280565649433427e-14,1.7871791660876667e-14,3.2637487990752524e-08,2.563768329681785e-08,0.2098408793103365,0.15561289990941812,3.0955007249087575e-16,1.2529328034104497e-16,9.517224368285985e-14,3.738026411346487e-14,5.7471237143094586e-18,6.392358805153005e-18,1.5828262337237722e-15,1.6242219589043912e-15,8.625328223241085e-11,8.214868172575968e-11,1.9935377521224783e-12,1.898669755733172e-12,2.0997435944065798e-05,1.8657463371238255e-05,0.21069670003206703,0.1754534511772518,0.41302604583367036,0.19699449763254037,0.08496964744025352,0.025793607146386364,7.244281320804639e-08,3.3351670833181365e-08,4.815494184787634e-06,2.1425607638985233e-06,4.699885689750341e-10,2.0232022739388352e-10,4.8046011206462574e-12,2.0682800719727607e-12,1.0316207130462174e-06,4.301205598006561e-07,7.889611201740087e-12,4.210992978372651e-12,0.0006978290404716602,0.0003580396972663054,8.846549335875435e-08,4.369790590916168e-08,0.003578876159402709,0.0017042827295690307,6.587089274969368e-07,3.028013562971618e-07,0.000597639783955753,0.0002655191426241854,2.0801637730538561e-10,6.773238397194425e-11,5.859555637295104e-06,1.8621846079570014e-06,2.235184709463367e-10,7.103485007311822e-11,9.06660562655091e-19,8.647475930884075e-19,1.431726197251374e-17,1.273867917903492e-17,2.4271753981258246e-14,2.023704483325751e-14,2.262621552608402e-09,1.7748495132709859e-09,1.9804802374880683e-12,9.11660084533741e-13,3.634256407588498e-15,1.6180696984834336e-15,5.850396226739997e-23,1.69890858261353e-23,3.5975861753541726e-15,1.0919933633388226e-15,3.033307799346236e-18,1.3066174811580715e-18,1.6241404744685636e-17,8.339489093699107e-18,7.138483128062666e-10,3.528693439550369e-10,1.0253067884916846e-15,4.886056997701838e-16,1.647465454413162e-17,5.3638029094629354e-18,2.9651932003405905e-19,9.207079255213298e-20,2.370673015866598e-14,7.361063131661097e-15,7.327653318601934e-11,2.2752745032379462e-11,7.215738252374706e-17,2.2942751192778514e-17,0.010328643896218757,0.004925586441615306,1.0000000000000094e-30,3.3440516867176636e-31,3.939464835211927e-09,1.2214074877041983e-09,3.4754469396760567e-06,1.0529103211529536e-06,3.686859598327609e-10,1.1442571956933845e-10,9.098026081562027e-13,2.7590619596412234e-13
0.42,1255.4566253865282,5.361943361100493,0.2621930851670168,1.598197287012412,0.06623594523073238,0.4389090046445768,1.7360644461799566e-07,2.3007879344587045e-06,1.349640613163261e-13,1.1269290658991615e-13,4.2649246771696904e-14,1.7805731154267383e-14,3.2571108255933376e-08,2.5584451144229644e-08,0.20980821337858568,0.15558205351616997,3.084066094341982e-16,1.248251399921128e-16,9.491244652595486e-14,3.7276638425102525e-14,5.71649848218746e-18,6.3580246284632066e-18,1.5757134483093645e-15,1.616854333361631e-15,8.597594205977978e-11,8.188105439866803e-11,1.986696391073616e-12,1.8920734262850933e-12,2.0964442420826446e-05,1.862735382784869e-05,0.21067849022403523,0.1754308203583655,0.4130755404996177,0.1970097188782125,0.0849706690293317,0.025792819427492005,7.238594662285915e-08,3.332407185032275e-08,4.815709290692669e-06,2.142565275818385e-06,4.689923597544025e-10,2.0188278734890718e-10,4.7924159201996326e-12,2.0629467921648745e-12,1.030186571498725e-06,4.2950433227443245e-07,7.847958507372428e-12,4.188583030914107e-12,0.0006956837290658728,0.0003569237963908321,8.816193494623152e-08,4.35461084639915e-08,0.0035724761564807006,0.001701162601413256,6.573002542335042e-07,3.0214094425721793e-07,0.0005971716581819041,0.00026529987179308275,2.0747367050375508e-10,6.755279747325682e-11,5.853020268466084e-06,1.8600284783610194e-06,2.2308349113299632e-10,7.089359467882313e-11,9.02495041643863e-19,8.607379990586179e-19,1.427823523317578e-17,1.2703414719994421e-17,2.4237004636388733e-14,2.0207211802564978e-14,2.2629845696467904e-09,1.7750587188431506e-09,1.9774642665308568e-12,9.102330217363199e-13,3.6229415509199784e-15,1.6129633633402947e-15,5.823312358771863e-23,1.6909716687039717e-23,3.588943777933997e-15,1.0893237275986877e-15,3.024181770712416e-18,1.3026309390545875e-18,1.6199399130699787e-17,8.317566406760622e-18,7.134304209013114e-10,3.526477617620823e-10,1.0240261112756024e-15,4.879746283970793e-16,1.6413557697004337e-17,5.343683607649936e-18,2.9521338816170923e-19,9.166139246865082e-20,2.3673200763202636e-14,7.35033922295036e-15,7.323391862401746e-11,2.2738545154789078e-11,7.19944065581435e-17,2.2889958002225204e-17,0.010328643896153619,0.004925376799838691,1.0000000000000087e-30,3.343909357912527e-31,3.928436180974623e-09,1.2179362797362367e-09,3.4704639879979526e-06,1.0513559525144545e-06,3.681354054806649e-10,1.1424998611513533e-10,9.062221144126679e-13,2.748086807228435e-13
0.421,1255.3333711335672,5.362148253986871,0.2621830665148901,1.602011415870132,0.06624533630422728,0.43895261187770335,1.7337489281497975e-07,2.297621727985578e-06,1.3450326001943594e-13,1.1230338024136546e-13,4.249375553183616e-14,1.7740062154202926e-14,3.250500953508316e-08,2.5531447760624703e-08,0.20977565272879187,0.15555130921418123,3.0726991050437013e-16,1.2435979420867492e-16,9.46539475072734e-14,3.717353648997601e-14,5.6861016066663606e-18,6.3239482170177416e-18,1.5686477392243752e-15,1.6095358597661756e-15,8.57000930825655e-11,8.161488119086226e-11,1.9798931366623324e-12,1.8855142078273057e-12,2.093157223037291e-05,1.8597358984788668e-05,0.21066033167387735,0.17540825827539816,0.4131248594229282,0.19702488211704902,0.08497170006749627,0.025792038191759563,7.232922644681857e-08,3.329654719599033e-08,4.8159245874712276e-06,2.142570167005509e-06,4.680008797812679e-10,2.0144744791864527e-10,4.780292414351023e-12,2.0576408053462312e-12,1.0287582411642833e-06,4.2889063890177246e-07,7.806617086008848e-12,4.1663416885049424e-12,0.0006935498602293244,0.00035581390986062707,8.786009304992598e-08,4.3395177717574026e-08,0.0035661024330102685,0.0016980554857984591,6.558977667643941e-07,3.0148347320431416e-07,0.0005967050481385421,0.0002650813294417867,2.0693357127762247e-10,6.737408451151098e-11,5.846507125563711e-06,1.8578798507314574e-06,2.2265031669794295e-10,7.075293474686423e-11,8.983575736870892e-19,8.567556181255412e-19,1.42393992738429e-17,1.2668324735990305e-17,2.4202373393246157e-14,2.017748254810322e-14,2.2633463208204294e-09,1.775267157927131e-09,1.974459100409707e-12,9.088111787152985e-13,3.6116878132507796e-15,1.6078848935524902e-15,5.796415771583834e-23,1.6830900421321872e-23,3.580341287663248e-15,1.0866665807662308e-15,3.0151038760735358e-18,1.2986656472036089e-18,1.6157594283578915e-17,8.295749806220455e-18,7.130137938880388e-10,3.524268721179779e-10,1.022749865351533e-15,4.873457893143672e-16,1.635281876411407e-17,5.323683270189343e-18,2.939162866642264e-19,9.125478143031539e-20,2.3639799763301508e-14,7.339657100802188e-15,7.319144056970763e-11,2.2724391994611854e-11,7.183216827258628e-17,2.2837406975540683e-17,0.010328643896088757,0.00492516785341557,1.0000000000000076e-30,3.3437675011928145e-31,3.91746368971101e-09,1.2144829458137827e-09,3.465500378248678e-06,1.0498077198661177e-06,3.6758688315030007e-10,1.1407491391804357e-10,9.026637503871675e-13,2.7371800702863366e-13
0.422,1255.210395120454,5.362352956653722,0.2621730579284818,1.6058256903341113,0.06625469787145209,0.4389960799675783,1.731441161816715e-07,2.2944663764275e-06,1.340450194371732e-13,1.1191604022835175e-13,4.2339175164639275e-14,1.767478139380591e-14,3.243918993717085e-08,2.547867159092028e-08,0.2097431967698794,0.1555206664245849,3.0613991933372546e-16,1.2389721953907364e-16,9.439673692306697e-14,3.7070954360691426e-14,5.655930858735035e-18,6.2901270403541296e-18,1.5616286853117917e-15,1.6022660955422995e-15,8.54257236988398e-11,8.135015069892544e-11,1.973127686217766e-12,1.878991803311083e-12,2.0898824604975867e-05,1.85674781192776e-05,0.2106422241500512,0.17538576458790953,0.41317400359776485,0.19703998769120387,0.08497274049581424,0.025791263401096557,7.227265194363578e-08,3.326909648584945e-08,4.816140069691768e-06,2.1425754334141214e-06,4.670140946709521e-10,2.0101419370758942e-10,4.768230136655122e-12,2.0523619035679937e-12,1.0273356842920323e-06,4.2827946305274784e-07,7.7655838830091e-12,4.1442672872746455e-12,0.0006914273451432478,0.00035470999062515887,8.755995386317566e-08,4.3245106646382113e-08,0.003559754816937668,0.001694961296611398,6.545014229411583e-07,3.0082892289785496e-07,0.0005962399453730653,0.00026486351143685397,2.0639606066156094e-10,6.719623867757585e-11,5.840016074303886e-06,1.8557386791852477e-06,2.2221893558451637e-10,7.061286626008416e-11,8.9424790445801e-19,8.528002020135476e-19,1.420075269926528e-17,1.2633407939747852e-17,2.4167859565354248e-14,2.0147856457219747e-14,2.263706813465137e-09,1.7754748351482107e-09,1.9714646735383145e-12,9.07394523362145e-13,3.600494712827435e-15,1.6028340678313308e-15,5.769704714995742e-23,1.675263183198134e-23,3.57177841947153e-15,1.0840218328367508e-15,3.0060737429781548e-18,1.2947214398922551e-18,1.611598876662487e-17,8.274038525852292e-18,7.125984253035881e-10,3.5220667138887235e-10,1.0214780250632832e-15,4.867191693940234e-16,1.6292434800479332e-17,5.30380091106672e-18,2.9262793396908726e-19,9.085093352179314e-20,2.3606526350468866e-14,7.329016499065552e-15,7.314909826266281e-11,2.2710285287194525e-11,7.167066251016415e-17,2.2785096403931095e-17,0.010328643896024229,0.004924959598532139,1.0000000000000062e-30,3.343626113969264e-31,3.906546939737928e-09,1.2110473506185266e-09,3.460555988912443e-06,1.0482655842042386e-06,3.670403801365554e-10,1.1390049879483353e-10,8.991273266697921e-13,2.726341159262639e-13
0.423,1255.0876959679476,5.362557469682523,0.26216305937714685,1.6096401102694593,0.06626403008808772,0.43903940966089744,1.7291411017620708e-07,2.291321815255808e-06,1.3358931925194697e-13,1.1153086907048754e-13,4.2185498158012106e-14,1.7609885648346734e-14,3.2373647587907846e-08,2.5426121094028066e-08,0.20971084491270212,0.15549012457167663,3.0501658018610836e-16,1.234373927959955e-16,9.414080514057288e-14,3.6968888119477355e-14,5.625984037653379e-18,6.256558600246868e-18,1.5546558708191562e-15,1.5950446038107294e-15,8.515282243166642e-11,8.108685164312641e-11,1.9663997401758316e-12,1.872505918763585e-12,2.0866198782975638e-05,1.853771051440576e-05,0.21062416743302925,0.17536333896728964,0.4132229740087994,0.19705503594000537,0.0849737902604504,0.025790495019213933,7.221622237017651e-08,3.324171933293366e-08,4.816355731878565e-06,2.1425810709998887e-06,4.6603197026697e-10,2.005830094259337e-10,4.7562286244871325e-12,2.047109880618021e-12,1.025918863379428e-06,4.2767078821165486e-07,7.724855864293054e-12,4.1223581748476796e-12,0.0006893160943728765,0.00035361199133735534,8.726150353480333e-08,4.3095888207648805e-08,0.003553433130316289,0.0016918799449833365,6.531111796830056e-07,3.0017727267931315e-07,0.0005957763405547364,0.000264646413259194,2.0586111984322343e-10,6.701925361511028e-11,5.8335469810789945e-06,1.8536049180919124e-06,2.2178933586053721e-10,7.04733852431219e-11,8.901657829103699e-19,8.48871505659224e-19,1.4162294128931695e-17,1.259866305768566e-17,2.413346247063638e-14,2.0118332921394824e-14,2.2640660548682656e-09,1.7756817551083113e-09,1.968480920768063e-12,9.059830237921705e-13,3.589361775143067e-15,1.5978106682041091e-15,5.743177463848974e-23,1.6674905796384647e-23,3.5632548928350694e-15,1.081389395228784e-15,2.9970910030386304e-18,1.2907981532270458e-18,1.6074581156775132e-17,8.252431806788199e-18,7.121843087201805e-10,3.5198715596339093e-10,1.0202105647328045e-15,4.860947555080759e-16,1.623240289684077e-17,5.284035556268466e-18,2.9134824965598147e-19,9.044982319416331e-20,2.3573379725516086e-14,7.318417154657613e-15,7.31068909469882e-11,2.2696224769628728e-11,7.150988415829923e-17,2.273302459355146e-17,0.010328643895960119,0.004924752031422687,1.0000000000000078e-30,3.343485193685259e-31,3.895685504825509e-09,1.2076293574817214e-09,3.455630691577739e-06,1.0467295044623683e-06,3.6649588372175206e-10,1.1372673656120802e-10,8.956126540232373e-13,2.715569485341588e-13
0.424,1254.9652722678702,5.3627617937518455,0.2621530708255054,1.6134546755417678,0.06627333311047455,0.4390826017077418,1.7268487031579947e-07,2.2881879807503255e-06,1.331361393615924e-13,1.1114784947292531e-13,4.2032717049576767e-14,1.7545371714872523e-14,3.230838062984276e-08,2.5373794742645487e-08,0.20967859657703636,0.15545968308641764,3.038998378612187e-16,1.229802910163052e-16,9.388614266104291e-14,3.686733390251675e-14,5.5962589664726905e-18,6.2232404256450776e-18,1.5477288834383006e-15,1.5878709513579007e-15,8.488137790394457e-11,8.082497284252821e-11,1.9597090019574956e-12,1.866056263150175e-12,2.0833694009515955e-05,1.8508055459581893e-05,0.21060616128590262,0.1753409810703876,0.41327177163490164,0.19707002719958955,0.08497484930122763,0.025789733007875192,7.215993700843363e-08,3.321441536200088e-08,4.8165715688234464e-06,2.1425870758354513e-06,4.650544729068196e-10,2.0015388000172756e-10,4.744287421055648e-12,2.041884532864048e-12,1.0245077413839616e-06,4.270645980605638e-07,7.684430064705308e-12,4.100612736100895e-12,0.0006872160223336694,0.0003525198666407315,8.696472868289198e-08,4.294751559261276e-08,0.0035471372095700862,0.0016888113489195624,6.517269965642018e-07,2.995285031177447e-07,0.000595314226046295,0.0002644300311435479,2.0532873023795112e-10,6.684312304409488e-11,5.82709971415105e-06,1.8514785224324078e-06,2.213615056725366e-10,7.033448774708527e-11,8.861109601359057e-19,8.449692861113925e-19,1.4124022192987482e-17,1.2564088826141283e-17,2.4099181433864027e-14,2.0088911338061756e-14,2.26442405224093e-09,1.7758879223450661e-09,1.9655077776447425e-12,9.045766484527157e-13,3.578288527537976e-15,1.5928144775920109e-15,5.716832306931779e-23,1.6597717233902496e-23,3.554770430119921e-15,1.0787691802690352e-15,2.988155290988658e-18,1.2868956247131748e-18,1.603337004380576e-17,8.230928897016205e-18,7.11771437774198e-10,3.5176832226318433e-10,1.0189474592658766e-15,4.854725348118744e-16,1.617272016584745e-17,5.264386239222825e-18,2.9007715401221576e-19,9.005142512577418e-20,2.3540359091706738e-14,7.307858805355613e-15,7.306481787462897e-11,2.268221018153121e-11,7.13498281565168e-17,2.2681189867721028e-17,0.010328643895896265,0.0049245451483162506,1.0000000000000099e-30,3.343344737780687e-31,3.8848789778861295e-09,1.2042288357140562e-09,3.4507243725967764e-06,1.0451994440607808e-06,3.6595338150449546e-10,1.1355362313259921e-10,8.921195485088086e-13,2.704864475954606e-13
0.425,1254.8431226444654,5.362965929481253,0.26214309224107407,1.6172693860170695,0.06628260709268902,0.43912565684705884,1.724563921386095e-07,2.2850648095190534e-06,1.3268545986151586e-13,1.1076696431259918e-13,4.18808244700702e-14,1.7481236430503553e-14,3.2243387221922944e-08,2.532169102318462e-08,0.2096464511849206,0.15542934140320946,3.027896377714225e-16,1.2252589149338468e-16,9.363274005355623e-14,3.676628787434378e-14,5.566753495749577e-18,6.19017007685997e-18,1.5408473161572176e-15,1.5807447105515651e-15,8.461137886074202e-11,8.056450323709796e-11,1.9530551780068033e-12,1.8596425484299233e-12,2.0801309535667103e-05,1.8478512249955305e-05,0.21058820548425497,0.17531869056631932,0.41332039744576377,0.1970849618034677,0.08497591756241579,0.025788977330455667,7.210379513299776e-08,3.318718419492414e-08,4.8167875752591156e-06,2.1425934439887277e-06,4.640815691410742e-10,1.9972679046210816e-10,4.732406073207059e-12,2.0366856583302724e-12,1.023102281494738e-06,4.26460876388736e-07,7.644303538907329e-12,4.07902936699333e-12,0.000685127042843255,0.0003514335708911368,8.666961586967424e-08,4.279998196761202e-08,0.0035408668848787316,0.001685755423501934,6.503488321622623e-07,2.9888259433451504e-07,0.0005948535932954797,0.0002642143609226364,2.047988734082519e-10,6.666784073532622e-11,5.820674142418019e-06,1.8493594474273436e-06,2.2093543328681072e-10,7.01961698633556e-11,8.820831904405229e-19,8.410933035656179e-19,1.4085935536078856e-17,1.2529683994924297e-17,2.406501578404587e-14,2.0059591108649355e-14,2.2647808127449056e-09,1.776093341372541e-09,1.9625451801350278e-12,9.03175366007104e-13,3.567274505052895e-15,1.5878452824323625e-15,5.69066755833987e-23,1.6521061139054903e-23,3.5463247596033126e-15,1.0761611021207257e-15,2.9792662455629135e-18,1.2830136936468477e-18,1.5992354030843952e-17,8.209529051730966e-18,7.113598061383498e-10,3.5155016673303784e-10,1.0176886835355746e-15,4.848524944556219e-16,1.611338375522233e-17,5.244852005139493e-18,2.888145685063915e-19,8.965571437017542e-20,2.3507463661607397e-14,7.297341192003303e-15,7.302287830235243e-11,2.2668241264356116e-11,7.11904894877424e-17,2.2629590564399394e-17,0.0103286438958327,0.004924338945491191,1.0000000000000078e-30,3.3432047437288453e-31,3.874126946799264e-09,1.2008456531239075e-09,3.445836911075942e-06,1.0436753642507125e-06,3.6541286106309206e-10,1.1338115442095408e-10,8.886478261363966e-13,2.694225558585068e-13
0.426,1254.7212457511678,5.363169877440852,0.26213312359379887,1.6210842415618025,0.06629185218666295,0.4391685758073186,1.7222867121732218e-07,2.2819522386769446e-06,1.322372610630679e-13,1.1038819665343394e-13,4.172981314891244e-14,1.7417476674733274e-14,3.217866554176795e-08,2.5269808437540403e-08,0.20961440816162655,0.15539909896056095,3.0168592596998275e-16,1.220741717883915e-16,9.338058797173346e-14,3.666574623437519e-14,5.53746550390751e-18,6.1573451459516396e-18,1.5340107672357881e-15,1.573665459312952e-15,8.434281417510562e-11,8.030543189315028e-11,1.946437978021578e-12,1.853264489773082e-12,2.0769044619783258e-05,1.8449080187611314e-05,0.21057029981357614,0.17529646713425417,0.41336885240244947,0.1970998400827275,0.0849769949911125,0.025788227951442408,7.204779601766733e-08,3.3160025453721535e-08,4.8170037459258216e-06,2.1426001715518783e-06,4.631132258099189e-10,1.993017259660978e-10,4.720584132191331e-12,2.031513057025192e-12,1.0217024472253328e-06,4.258596071310998e-07,7.604473356274548e-12,4.0576064718353795e-12,0.0006830490686251206,0.00035035305790197767,8.637615166652494e-08,4.265328050614712e-08,0.003534621982888681,0.0016827120821792483,6.4897664456163e-07,2.98239526234686e-07,0.0005943944331796011,0.00026399939818018154,2.0427153108903627e-10,6.649340051857655e-11,5.8142701356846645e-06,1.8472476486221748e-06,2.205111071000387e-10,7.00584277269141e-11,8.780822313231514e-19,8.372433213424189e-19,1.404803281799398e-17,1.2495447327875126e-17,2.4030964856165627e-14,2.003037164002028e-14,2.2651363434888953e-09,1.776298016677769e-09,1.959593064772883e-12,9.017791454015346e-13,3.556319246042616e-15,1.5829028707243063e-15,5.664681550421359e-23,1.6444932560994536e-23,3.537917603341847e-15,1.073565073101195e-15,2.9704235095666507e-18,1.2791522011439152e-18,1.5951531735471652e-17,8.188231533893349e-18,7.10949407525738e-10,3.513326858427441e-10,1.0164342124879106e-15,4.842346216344863e-16,1.6054390848046145e-17,5.225431911094823e-18,2.8756041529897235e-19,8.926266620401207e-20,2.347469265707391e-14,7.286864058502595e-15,7.29810714923257e-11,2.2654317761565323e-11,7.103186318392335e-17,2.257822503795661e-17,0.010328643895769497,0.004924133419273505,1.0000000000000074e-30,3.343065209035396e-31,3.863428997771602e-09,1.1974796770582836e-09,3.44096818178824e-06,1.0421572249963983e-06,3.6487431001117565e-10,1.132093263519397e-10,8.85197303866597e-13,2.6836521638038015e-13
0.427,1254.5996402169908,5.363373638281935,0.26212316484966847,1.6248992420428685,0.06630106854499969,0.43921135932046773,1.7200170316690558e-07,2.278850205923859e-06,1.317915234627426e-13,1.1001152971936048e-13,4.157967586102429e-14,1.735408934702688e-14,3.211421378048956e-08,2.5218145498743436e-08,0.2095824669388128,0.15536895520175675,3.0058864899376765e-16,1.2162510966518456e-16,9.312967717847415e-14,3.656570522621036e-14,5.508392891440542e-18,6.124763250205358e-18,1.5272188382124838e-15,1.566632779052837e-15,8.407567280875123e-11,8.004774796499938e-11,1.9398571142949077e-12,1.846921804912716e-12,2.0736898525250212e-05,1.8419758579368633e-05,0.21055244404538878,0.17527431044165873,0.41341713745948233,0.19711466236491754,0.08497808153175236,0.02578748483449118,7.199193895323676e-08,3.313293876838539e-08,4.817220075757653e-06,2.142607254701185e-06,4.6214941014553536e-10,1.9887867184644969e-10,4.708821154027708e-12,2.0263665310761497e-12,1.0203082024328771e-06,4.2526077437155004e-07,7.564936654771881e-12,4.036342491985275e-12,0.0006809820163942561,0.00034927828354887867,8.608432302215673e-08,4.250740457021246e-08,0.003528402341096714,0.0016796812435964533,6.476103938494123e-07,2.9759927965067107e-07,0.0005939367378256696,0.00026378513905648274,2.037466852046695e-10,6.631979628739861e-11,5.807887565224017e-06,1.8451430820455246e-06,2.200885155747639e-10,6.992125749507011e-11,8.741078423205606e-19,8.334191047755827e-19,1.401031270788834e-17,1.2461377597587878e-17,2.3997027989938102e-14,2.0001252343215812e-14,2.2654906515180162e-09,1.7765019526934887e-09,1.9566513686024516e-12,9.003879558289489e-13,3.545422294381719e-15,1.5779870329925716e-15,5.638872634798525e-23,1.6369326606271964e-23,3.5295486965040645e-15,1.0709810095366179e-15,2.961626728649374e-18,1.2753109895972106e-18,1.5910901786239303e-17,8.167035612349068e-18,7.105402357013097e-10,3.5111587608897304e-10,1.015184021509641e-15,4.836189037585637e-16,1.5995738647840677e-17,5.206125021115592e-18,2.8631461764218505e-19,8.887225625008398e-20,2.3442045302118495e-14,7.276427149519717e-15,7.293939671263221e-11,2.264043941854436e-11,7.087394431989774e-17,2.252709165697329e-17,0.010328643895706603,0.004923928565983938,1.0000000000000078e-30,3.342926131202455e-31,3.852784731732615e-09,1.1941307794712983e-09,3.436118070517429e-06,1.0406449896110662e-06,3.6433771620449927e-10,1.1303813492786916e-10,8.817678027502843e-13,2.6731437347558994e-13
0.428,1254.4783046968969,5.363577212615491,0.2621132159766536,1.6287143873276033,0.0663102563182166,0.43925400810819654,1.717754836388944e-07,2.2757586494920547e-06,1.3134822776986525e-13,1.0963694691849003e-13,4.143040547291333e-14,1.729107138622331e-14,3.2050030147779174e-08,2.516670073520893e-08,0.20955062695242727,0.15533890957490312,2.9949775399869347e-16,1.2117868314628805e-16,9.28799985236862e-14,3.646616112924668e-14,5.479533585760668e-18,6.09242203757404e-18,1.5204711356763185e-15,1.5596462565036721e-15,8.380994384774063e-11,7.979144072970758e-11,1.9333123023068703e-12,1.840614214725927e-12,2.070487052276898e-05,1.8390546738995015e-05,0.2105346379595305,0.1752522201646546,0.41346525356347175,0.1971294289754282,0.08497917712974534,0.025786747943796706,7.193622323175837e-08,3.31059237699786e-08,4.8174365597096366e-06,2.1426146896422414e-06,4.611900896793722e-10,1.9845761357172588e-10,4.697116699167045e-12,2.0212458846040287e-12,1.018919511307586e-06,4.246643623428992e-07,7.525690589158484e-12,4.015235878245027e-12,0.0006789258020422411,0.0003482092033032689,8.579411692147866e-08,4.236234754223593e-08,0.0035222077946502196,0.0016766628253272805,6.462500398266061e-07,2.969618352933375e-07,0.0005934804989469997,0.00026357157951227865,2.0322431785362462e-10,6.61470219947868e-11,5.8015263032917305e-06,1.8430457040737236e-06,2.1966764729872286e-10,6.978465536701621e-11,8.70159786030506e-19,8.296204221953155e-19,1.3972773889651345e-17,1.2427473590307234e-17,2.396320453119767e-14,1.9972232634816992e-14,2.26584374382058e-09,1.7767051538218156e-09,1.9537200292473785e-12,8.99001766770087e-13,3.5345831970588754e-15,1.5730975612320677e-15,5.613239180456745e-23,1.6294238433434573e-23,3.5212177683980614e-15,1.0684088260154085e-15,2.9528755524269954e-18,1.2714899031722677e-18,1.5870462825942134e-17,8.145940563591594e-18,7.1013228447456e-10,3.5089973399527386e-10,1.0139380860975546e-15,4.830053283002495e-16,1.5937424392065476e-17,5.1869304106217384e-18,2.850770994510106e-19,8.84844603449789e-20,2.340952082962998e-14,7.266030212645368e-15,7.289785323744008e-11,2.2626605982887177e-11,7.071672801973455e-17,2.2476188806481226e-17,0.010328643895644047,0.0049237243819888945,1.000000000000007e-30,3.342787507763105e-31,3.8421937492515855e-09,1.190798832260609e-09,3.431286460001381e-06,1.039138620509936e-06,3.6380306755287317e-10,1.1286757617049653e-10,8.783591449948337e-13,2.6626997182908493e-13
0.429,1254.3572378409117,5.363780601086637,0.2621032769410685,1.6325296772838018,0.06631941565641276,0.43929652289020693,1.7155000832227894e-07,2.272677508143156e-06,1.3090735488336445e-13,1.0926443182294203e-13,4.128199491394945e-14,1.722841975842061e-14,3.198611286821052e-08,2.5115472687665374e-08,0.2095188876440786,0.15530896153295634,2.984131886621306e-16,1.2073487047251851e-16,9.263154295429918e-14,3.6367110262359925e-14,5.45088553762526e-18,6.060319182655162e-18,1.5137672700921605e-15,1.552705482502543e-15,8.354561647786542e-11,7.953649956308544e-11,1.9268032602742275e-12,1.8343414427919753e-12,2.0672959888651902e-05,1.8361443985573003e-05,0.21051688133073834,0.17523019597573752,0.41351320165410566,0.19714414023671692,0.08498028172902497,0.025786017243184974,7.188064815520307e-08,3.307898009440804e-08,4.817653192857261e-06,2.1426224726406087e-06,4.6023523228525586e-10,1.9803853676351154e-10,4.6854703325388114e-12,2.01615092372961e-12,1.0175363383675112e-06,4.2407035542190703e-07,7.486732363912099e-12,3.994285108394662e-12,0.0006768803437604798,0.0003471457738319037,8.550552058482632e-08,4.2218102923155124e-08,0.0035160381840826566,0.0016736567475456555,6.448955433392142e-07,2.9632717436172227e-07,0.0005930257088155067,0.0002633587157588859,2.0270441131242788e-10,6.597507165400892e-11,5.795186223400075e-06,1.840955471505904e-06,2.192484909477501e-10,6.964861757157867e-11,8.662378274326883e-19,8.258470442743458e-19,1.393541505832163e-17,1.2393734102654625e-17,2.392949383069191e-14,1.9943311935808888e-14,2.2661956273239777e-09,1.7769076244197786e-09,1.9507989848373585e-12,8.976205479538019e-13,3.523801506581476e-15,1.568234249967114e-15,5.587779576271061e-23,1.621966326023334e-23,3.5129245568005997e-15,1.065848439729074e-15,2.9441696337343428e-18,1.2676887874765469e-18,1.5830213509265833e-17,8.124945670498077e-18,7.097255477042811e-10,3.5068425611217386e-10,1.012696382046332e-15,4.823938828805949e-16,1.587944534323688e-17,5.167847163498111e-18,2.8384778566971524e-19,8.80992546521635e-20,2.337711847734176e-14,7.255672997095586e-15,7.285644034699594e-11,2.2612817204249124e-11,7.056020945153289e-17,2.2425514886158773e-17,0.010328643895581763,0.004923520863669098,1.0000000000000066e-30,3.342649336260195e-31,3.831655659284062e-09,1.1874837099701128e-09,3.426473238159011e-06,1.0376380816950272e-06,3.6327035212834656e-10,1.1269764615384231e-10,8.749711556186629e-13,2.652319569958732e-13
0.43,1254.236438332378,5.363983804279127,0.26209334771223786,1.6363451117796743,0.06632854670737875,0.4393389043748802,1.7132527293177964e-07,2.2696067210289693e-06,1.3046888589863477e-13,1.0889396817528626e-13,4.1134437204585465e-14,1.71661314688643e-14,3.1922460183292855e-08,2.5064459910941685e-08,0.2094872484577677,0.1552791105324228,2.9733490125908057e-16,1.2029365013457838e-16,9.238430148704454e-14,3.62685489734633e-14,5.422446724030317e-18,6.028452389940374e-18,1.5071068570132692e-15,1.5458100532442455e-15,8.328268000522634e-11,7.92829139598099e-11,1.9203297094091867e-12,1.8281032156506135e-12,2.0641165905622656e-05,1.8332449644340262e-05,0.21049917394615641,0.17520823755961917,0.41356098266241126,0.19715879646891013,0.0849813952774059,0.025785292697925788,7.182521302035361e-08,3.305210737571011e-08,4.817869970230046e-06,2.142630599963324e-06,4.592848060631792e-10,1.9762142714777428e-10,4.673881622795082e-12,2.011081456261936e-12,1.0161586483844704e-06,4.234787381014072e-07,7.4480591955011e-12,3.973488667084442e-12,0.0006748455585545877,0.00034608795121145316,8.521852118327826e-08,4.207466419212582e-08,0.003509893344236813,0.0016706629277646555,6.435468643474088e-07,2.9569527765784613e-07,0.0005925723588673754,0.00026314654364085414,2.0218694800607398e-10,6.58039393294263e-11,5.788867199729963e-06,1.8388723413903357e-06,2.1883103531731738e-10,6.951314037772325e-11,8.623417345856002e-19,8.22098744697196e-19,1.3898234923313098e-17,1.2360157944581539e-17,2.3895895244100794e-14,1.991448967173818e-14,2.2665463089074575e-09,1.777109368822244e-09,1.9478881739742345e-12,8.962442693478151e-13,3.5130767803268555e-15,1.5633968959730095e-15,5.56249223102914e-23,1.6145596363783357e-23,3.504668797869711e-15,1.0632997674186913e-15,2.9355086292858098e-18,1.2639074898523497e-18,1.5790152504258965e-17,8.104050223140543e-18,7.093200192852958e-10,3.5046943901314656e-10,1.0114588851431689e-15,4.817845551272703e-16,1.5821798797990628e-17,5.148874375077028e-18,2.8262660206289865e-19,8.771661559764614e-20,2.33448374921907e-14,7.245355255116029e-15,7.28151573263972e-11,2.259907283412854e-11,7.040438382741226e-17,2.237506831048262e-17,0.010328643895519777,0.004923318007455367,1.000000000000005e-30,3.3425116142705415e-31,3.8211700664146486e-09,1.18418528584418e-09,3.421678286303764e-06,1.0361433351930755e-06,3.6273955799347215e-10,1.1252834095171115e-10,8.716036597717274e-13,2.64200274590417e-13
0.431,1254.115904844094,5.3641868228251255,0.26208342825713205,1.6401606906838808,0.06633764961875924,0.43938115326998695,1.711012732267454e-07,2.266546227922769e-06,1.300328021045571e-13,1.0852553988507274e-13,4.098772542597442e-14,1.7104203549110114e-14,3.185907034999188e-08,2.501366097259104e-08,0.20945570884385895,0.15524935603501971,2.962628405794146e-16,1.1985500083846677e-16,9.213826524448626e-14,3.617047365333487e-14,5.3942151446199004e-18,5.9968193897620026e-18,1.500489515640475e-15,1.5389595687885545e-15,8.302112383407394e-11,7.903067351161885e-11,1.9138913736837178e-12,1.8218992625612026e-12,2.0609487862485286e-05,1.8303563046240475e-05,0.21048151558477804,0.17518634459466895,0.41360859751305934,0.19717339798927902,0.08498251771992082,0.025784574272498247,7.176991713859143e-08,3.302530525488181e-08,4.8180868870255195e-06,2.1426390679563917e-06,4.583387794973813e-10,1.972062706211806e-10,4.662350143416016e-12,2.0060372921564063e-12,1.0147864065037771e-06,4.2288949503662726e-07,7.409668350520136e-12,3.952845066141057e-12,0.0006728213658236206,0.0003450356927611294,8.493310617972273e-08,4.193202497454657e-08,0.0035037731177469007,0.0016676812872400142,6.422039642865674e-07,2.9506612666908767e-07,0.0005921204414073022,0.00026293505939063537,2.016719105490749e-10,6.563361914927967e-11,5.782569107888969e-06,1.8367962712498142e-06,2.184152692907957e-10,6.937822008387846e-11,8.584712777911261e-19,8.183752993557787e-19,1.3861232204919849e-17,1.2326743936152688e-17,2.3862408132772877e-14,1.988576527315905e-14,2.266895795387314e-09,1.7773103913156868e-09,1.9449875358312172e-12,8.948729011968021e-13,3.502408579098352e-15,1.5585852976194823e-15,5.537375569636276e-23,1.60720330693909e-23,3.496450231471073e-15,1.0607627269818742e-15,2.9268921989083324e-18,1.2601458590353214e-18,1.5750278490982405e-17,8.083253518022025e-18,7.08915693164227e-10,3.5025527929949336e-10,1.0102255715514406e-15,4.811773328532806e-16,1.5764482076641626e-17,5.130011148693345e-18,2.8141347519556807e-19,8.733651986295132e-20,2.3312677125338873e-14,7.235076740375631e-15,7.277400346710914e-11,2.2585372626149787e-11,7.024924640530511e-17,2.232484750910429e-17,0.010328643895458121,0.004923115809787987,1.000000000000004e-30,3.3423743393773984e-31,3.810736586421475e-09,1.1809034366409971e-09,3.4169014935220553e-06,1.0346543454011128e-06,3.622106734151714e-10,1.1235965670309041e-10,8.682564861109662e-13,2.6317487130740715e-13
0.432,1253.9956360709361,5.364389657322123,0.26207351854442695,1.6439764138655057,0.06634672453650671,0.43942327027502676,1.7087800499112875e-07,2.2634959689670213e-06,1.2959908497295924e-13,1.0815913102059822e-13,4.084185273869246e-14,1.7042633064924444e-14,3.179594164042518e-08,2.4963074452791832e-08,0.20942426825549895,0.15521969750592932,2.951969559618936e-16,1.1941890151984947e-16,9.18934254199131e-14,3.6072880722029925e-14,5.3661888233838286e-18,5.9654179402051695e-18,1.4939148697401464e-15,1.532153634008992e-15,8.276093747748966e-11,7.87797679178955e-11,1.907487979829035e-12,1.8157293155116733e-12,2.0577925053639435e-05,1.8274783527597036e-05,0.21046390603323784,0.1751645167670855,0.4136560471225417,0.1971879451125297,0.08498364900463024,0.025783861932504773,7.171475981878117e-08,3.2998573372196265e-08,4.818303938427196e-06,2.14264787297639e-06,4.573971213038503e-10,1.9679305318656898e-10,4.6508754714947715e-12,2.0010182430028236e-12,1.0134195781124057e-06,4.2230261099265555e-07,7.371557119006006e-12,3.932352830347306e-12,0.0006708076849271904,0.00034398895579676746,8.464926305438036e-08,4.1790178906753114e-08,0.0034976773442068686,0.0016647117458235938,6.408668041574396e-07,2.9443970269226744e-07,0.0005916699482376372,0.0002627242590213202,2.0115928170128703e-10,6.546410529167019e-11,5.776291824224583e-06,1.8347272188740754e-06,2.1800118185594716e-10,6.924385302356435e-11,8.54626230124491e-19,8.146764868584033e-19,1.3824405636223465e-17,1.2293490909309215e-17,2.3829031862351233e-14,1.9857138174601993e-14,2.2672440935313258e-09,1.7775106961599596e-09,1.942097010008548e-12,8.935064139610901e-13,3.4917964696998084e-15,1.5537992560246138e-15,5.51242803792859e-23,1.599896876459676e-23,3.488268601627129e-15,1.0582372376147875e-15,2.91832000596309e-18,1.256403745342723e-18,1.5710590161696566e-17,8.062554858216864e-18,7.085125633245899e-10,3.500417735950154e-10,1.0089964174858645e-15,4.805722039049957e-16,1.5707492529770247e-17,5.111256597853902e-18,2.8020833260812817e-19,8.695894443983187e-20,2.3280636635555604e-14,7.224837209057606e-15,7.273297806532695e-11,2.2571716335686195e-11,7.009479248408565e-17,2.2274850925425708e-17,0.010328643895396783,0.004922914267145549,1.0000000000000038e-30,3.3422375091900355e-31,3.800354833649367e-09,1.177638038725703e-09,3.4121427451176116e-06,1.033171075592978e-06,3.6168368668555934e-10,1.1219158955720571e-10,8.649294639526078e-13,2.621556940598364e-13
0.433,1253.8756307139402,5.364592308373965,0.26206361854249954,1.6477922811940637,0.06635577160561247,0.43946525608486,1.7065546404796764e-07,2.2604558848586227e-06,1.2916771616850655e-13,1.0779472581678126e-13,4.069681237384209e-14,1.698141711250952e-14,3.1733072342809586e-08,2.491269894501481e-08,0.20939292615070118,0.15519013441491128,2.9413719728188903e-16,1.1898533133865417e-16,9.164977329893908e-14,3.5975766637242856e-14,5.338365807686732e-18,5.934245826000673e-18,1.4873825471661275e-15,1.5253918580962682e-15,8.250211055362011e-11,7.853018698181305e-11,1.901119257395271e-12,1.8095931092689519e-12,2.054647677983158e-05,1.8246110430725983e-05,0.2104463450776992,0.17514275376365773,0.41370333240037016,0.19720243815083108,0.084984789079133,0.025783155643540865,7.165974037775813e-08,3.2971911371935265e-08,4.818521119710691e-06,2.1426570114317296e-06,4.5645980052593987e-10,1.9638176099347543e-10,4.6394571885368985e-12,1.9960241223628587e-12,1.0120581289316822e-06,4.21718070881818e-07,7.333722823668572e-12,3.912010502348915e-12,0.0006688044360559639,0.0003429476980761182,8.436697945174708e-08,4.164911970842274e-08,0.0034916058661181863,0.0016617542247894955,6.395353455842419e-07,2.9381598731892047e-07,0.000591220871418706,0.0002625141386635384,2.0064904439580535e-10,6.529539199342667e-11,5.770035226228155e-06,1.8326651424427928e-06,2.1758876209934275e-10,6.91100355634077e-11,8.508063671532214e-19,8.110020882584907e-19,1.3787753962372064e-17,1.2260397707187395e-17,2.379576580409761e-14,1.9828607815619096e-14,2.2675912100508276e-09,1.7777102875771908e-09,1.939216536656371e-12,8.921447783705517e-13,3.4812400218611e-15,1.5490385736813412e-15,5.487648097255728e-23,1.5926398883385055e-23,3.480123651452881e-15,1.055723218272414e-15,2.9097917171444416e-18,1.2526810005826172e-18,1.5671086221096884e-17,8.041953553465624e-18,7.08110623795222e-10,3.498289185491899e-10,1.0077713994011605e-15,4.799691562506174e-16,1.5650827535037058e-17,5.092609845182325e-18,2.79011102513344e-19,8.658386653586504e-20,2.3248715287624454e-14,7.214636419343666e-15,7.269208042298498e-11,2.255810372010943e-11,6.994101740766431e-17,2.2225077017830646e-17,0.010328643895335773,0.004922713376031361,1.0000000000000046e-30,3.342101121334496e-31,3.7900244279722075e-09,1.1743889702242078e-09,3.4074019289869183e-06,1.031693489846912e-06,3.611585862238483e-10,1.1202413570480203e-10,8.616224248850643e-13,2.611426904669229e-13
0.434,1253.7558874860233,5.364794776574689,0.26205372822021666,1.6516082925394915,0.06636479096990926,0.43950711138872894,1.7043364624857912e-07,2.257425916707107e-06,1.2873867753415362e-13,1.0743230866302452e-13,4.0552597634704706e-14,1.6920552819191566e-14,3.167046075985246e-08,2.4862533054771376e-08,0.20936168199094843,0.155160666235379,2.9308351493433707e-16,1.18554269672163e-16,9.140730024430986e-14,3.587912788835209e-14,5.31074416786131e-18,5.9033008580666224e-18,1.4808921799152338e-15,1.5186738546144679e-15,8.224463278225138e-11,7.82819206070825e-11,1.894784938580238e-12,1.8034903812160172e-12,2.051514234721061e-05,1.8217543103107336e-05,0.21042883250725428,0.17512105527472233,0.4137504542484949,0.1972168774136853,0.08498593789272998,0.025782455371870457,7.160485813424511e-08,3.294531889961239e-08,4.818738426189012e-06,2.1426664797598863e-06,4.5552678647047683e-10,1.959723803107202e-10,4.628094879847286e-12,1.991054745506852e-12,1.0107020249503437e-06,4.211358597360185e-07,7.296162818423125e-12,3.891816641867529e-12,0.0006668115401456306,0.00034191187775478013,8.408624310830748e-08,4.150884114688709e-08,0.0034855585259702324,0.0016588086454452768,6.382095502841206e-07,2.931949621916652e-07,0.0005907732028904551,0.00026230469439762343,2.0014118171723693e-10,6.512747354305477e-11,5.76379919228675e-06,1.8306100004478936e-06,2.1717799920415395e-10,6.897676410247324e-11,8.470114669700793e-19,8.073518870855258e-19,1.3751275940251992e-17,1.2227463183830118e-17,2.376260933364309e-14,1.98001736397546e-14,2.2679371516069797e-09,1.7779091697580335e-09,1.9363460563650487e-12,8.907879653746468e-13,3.4707388108595202e-15,1.5443030556241593e-15,5.463034228671576e-23,1.5854318918336347e-23,3.4720151291994833e-15,1.0532205895024407e-15,2.9013070024322525e-18,1.2489774780335522e-18,1.56317653855164e-17,8.021448919768421e-18,7.077098686440094e-10,3.496167108343107e-10,1.006550493886532e-15,4.793681779302114e-16,1.5594484497397964e-17,5.074070022488585e-18,2.778217140749521e-19,8.621126366087276e-20,2.321691235275887e-14,7.204474131547105e-15,7.265130984686582e-11,2.254453453852837e-11,6.978791656035856e-17,2.2175524258222386e-17,0.010328643895275038,0.004922513132977023,1.0000000000000038e-30,3.3419651734560392e-31,3.779744991285924e-09,1.1711561099367016e-09,3.4026789324744467e-06,1.030221552093898e-06,3.6063536052148244e-10,1.1185729136118745e-10,8.583352019115641e-13,2.601358085941816e-13
0.435,1253.6364050989387,5.364997062542853,0.26204384754525895,1.655424447772166,0.06637378277262042,0.43954883687295937,1.7021254748542269e-07,2.2544060061998836e-06,1.2831195109980403e-13,1.0707186411013715e-13,4.0409201884931794e-14,1.6860037338443697e-14,3.1608105209711055e-08,2.4812575400306618e-08,0.20933053524329925,0.1551312924456261,2.9203585981951574e-16,1.181256961089072e-16,9.116599771439661e-14,3.5782961003585654e-14,5.283321996333765e-18,5.872580872513226e-18,1.4744434037211337e-15,1.511999241079486e-15,8.198849398157221e-11,7.803495879465602e-11,1.8884847582824488e-12,1.7974208713972632e-12,2.0483921068056678e-05,1.8189080897990026e-05,0.21041136810717276,0.17509942098816894,0.4137974135624896,0.19723126320807274,0.08498709539291904,0.02578176108330727,7.15501124179966e-08,3.291879560610779e-08,4.8189558532911885e-06,2.1426762744577793e-06,4.5459804878452717e-10,1.9556489755894804e-10,4.61678813515607e-12,1.986109929677935e-12,1.0093512324922559e-06,4.2055596273397927e-07,7.258874495488084e-12,3.87176982947135e-12,0.0006648289195692066,0.00034088145374023995,8.380704197585536e-08,4.1369337097891144e-08,0.0034795351712980475,0.0016558749315350744,6.368893809699637e-07,2.925766094182464e-07,0.0005903269351322218,0.0002620959225459749,1.9963567692470718e-10,6.496034428805645e-11,5.75758360201044e-06,1.8285617517933715e-06,2.1676888244090738e-10,6.88440350691617e-11,8.432413099525868e-19,8.037256691130857e-19,1.371497033792825e-17,1.2194686203657599e-17,2.3729561832212514e-14,1.9771835095519896e-14,2.268281924802586e-09,1.7781073468514747e-09,1.9334855102765033e-12,8.894359461915899e-13,3.4602924147098037e-15,1.539592508174517e-15,5.438584927679602e-23,1.5782724405321938e-23,3.4639427837706087e-15,1.0507292720824028e-15,2.892865534927849e-18,1.2452930323705642e-18,1.55926263831776e-17,8.001040279493687e-18,7.073102919865388e-10,3.4940514714899597e-10,1.0053336778285318e-15,4.787692571321849e-16,1.553846084643062e-17,5.0556362698841034e-18,2.766400971116059e-19,8.58411135347554e-20,2.318522710705042e-14,7.19435010761463e-15,7.26106656497411e-11,2.253100855209358e-11,6.963548537066515e-17,2.21261911331675e-17,0.010328643895214604,0.0049223135345319545,1.0000000000000025e-30,3.3418296632120144e-31,3.769516153399198e-09,1.1679393391598345e-09,3.3979736478348066e-06,1.0287552277690662e-06,3.6011399822747705e-10,1.1169105279244421e-10,8.550676307119544e-13,2.5913499733504296e-13
0.436,1253.5171822799334,5.365199166878182,0.26203397648623805,1.6592407467628907,0.06638274715560935,0.43959043321723695,1.6999216367729015e-07,2.25139609541215e-06,1.2788751907050503e-13,1.0671337686071416e-13,4.026661856269388e-14,1.6799867855824266e-14,3.1546004024969107e-08,2.4762824611859432e-08,0.20929948537812515,0.1551020125275856,2.9099418335352626e-16,1.1769959045314672e-16,9.092585724045688e-14,3.568726254118025e-14,5.25609740822995e-18,5.8420837313231385e-18,1.4680358584889545e-15,1.5053676394072506e-15,8.17336840714567e-11,7.778929164602577e-11,1.8822184540166533e-12,1.7913843224419783e-12,2.045281226001573e-05,1.8160723173760403e-05,0.21039395166738037,0.1750778505969904,0.4138442112304308,0.19724559583847734,0.08498826152903974,0.025781072744393365,7.149550255900305e-08,3.289234114279214e-08,4.8191733964678985e-06,2.1426863920458474e-06,4.536735573624266e-10,1.9515929927111932e-10,4.605536547849162e-12,1.9811894937657486e-12,1.008005718139799e-06,4.199783651704344e-07,7.221855274423234e-12,3.851868660732054e-12,0.0006628564971413756,0.00033985638518208553,8.352936406790834e-08,4.1230601469861745e-08,0.003473535648500529,0.001652953006301819,6.355748002474568e-07,2.9196091106556114e-07,0.0005898820603594371,0.00026188781931710064,1.9913251342343886e-10,6.479399862583844e-11,5.751388335849627e-06,1.8265203556787091e-06,2.1636140117990733e-10,6.871184492533293e-11,8.394956790171631e-19,8.00123222602369e-19,1.3678835935311488e-17,1.2162065642089653e-17,2.3696622685288645e-14,1.9743591635333547e-14,2.268625536191395e-09,1.7783048229771778e-09,1.930634839958661e-12,8.880886922529588e-13,3.4499004170960305e-15,1.5349067402488453e-15,5.414298709562089e-23,1.5711610938994074e-23,3.4559063687480742e-15,1.0482491882434428e-15,2.884466991028691e-18,1.241627519743219e-18,1.55536679538809e-17,7.980726961237745e-18,7.069118879765905e-10,3.4919422421446267e-10,1.004120928215581e-15,4.781723821014808e-16,1.5482754039340025e-17,5.037307736770053e-18,2.754661823895036e-19,8.547339417843808e-20,2.3153658833463608e-14,7.18426411176459e-15,7.257014714922553e-11,2.2517525523704214e-11,6.948371930684926e-17,2.2077076142549594e-17,0.010328643895154465,0.004922114577277245,1.0000000000000036e-30,3.3416945882812856e-31,3.7593375448053165e-09,1.1647385394497236e-09,3.3932859655702937e-06,1.0272944817971743e-06,3.59594488045252e-10,1.1152541628372612e-10,8.518195480986859e-13,2.581402059433852e-13
0.437,1253.398217770723,5.365401090164903,0.2620241150125336,1.6630571893828845,0.06639168425940206,0.43963190109474365,1.6977249077579107e-07,2.2483961268923853e-06,1.2746536383341283e-13,1.0635683177486987e-13,4.012484117857107e-14,1.6740041588081948e-14,3.148415555365724e-08,2.4713279332455456e-08,0.20926853186961059,0.15507282596719138,2.899584374740045e-16,1.1727593272707667e-16,9.068687043351136e-14,3.559202909206222e-14,5.229068541312493e-18,5.8118073222709496e-18,1.4616691882513664e-15,1.4987786758667671e-15,8.148019307519082e-11,7.7544909364815e-11,1.875985765998323e-12,1.785380479643424e-12,2.0421815246755127e-05,1.8132469294520242e-05,0.2103765829814306,0.1750563437984175,0.4138908481332295,0.1972598756070385,0.08498943625140555,0.025780390322134646,7.14410278906713e-08,3.286595516298662e-08,4.8193910512123255e-06,2.1426968290772296e-06,4.5275328237485885e-10,1.9475557210494586e-10,4.5943397152427235e-12,1.9762932584235575e-12,1.0066654487654407e-06,4.194030524691923e-07,7.18510259866367e-12,3.832111744369645e-12,0.0006608941958119272,0.00033883663131465286,8.325319748566787e-08,4.1092628216695774e-08,0.0034675598040231717,0.0016500427930498174,6.342657708379366e-07,2.913478492619634e-07,0.0005894385706867457,0.0002616803808780308,1.9863167477393175e-10,6.462843100666868e-11,5.745213275185721e-06,1.8244857716273816e-06,2.159555448911068e-10,6.858019016624336e-11,8.357743595878579e-19,7.965443382713243e-19,1.3642871524384584e-17,1.2129600385740967e-17,2.3663791283465333e-14,1.9715442716228343e-14,2.268967992276356e-09,1.778501602224068e-09,1.9277939874754722e-12,8.867461752357178e-13,3.439562404960888e-15,1.5302455622848936e-15,5.390174105256421e-23,1.5640974160796438e-23,3.4479056364054753e-15,1.0457802598540057e-15,2.8761110504297288e-18,1.2379807977754264e-18,1.551488884943233e-17,7.960508300040579e-18,7.065146508080882e-10,3.489839387754563e-10,1.0029122221854995e-15,4.77577541162134e-16,1.5427361560895986e-17,5.019083581812593e-18,2.7429990133633083e-19,8.510808382499469e-20,2.3122206821635827e-14,7.174215910423299e-15,7.25297536680777e-11,2.250408521809913e-11,6.93326138792924e-17,2.202817780030687e-17,0.01032864389509463,0.0049219162578254755,1.0000000000000027e-30,3.341559946364065e-31,3.749208798110559e-09,1.161553593064036e-09,3.388615775742592e-06,1.0258392789896373e-06,3.590768187553516e-10,1.1136037814628249e-10,8.485907923492066e-13,2.571513841340419e-13
0.438,1253.2795102997293,5.365602833041067,0.26201426309090764,1.6668737755038203,0.06640059422454483,0.4396732411788387,1.6955352477406953e-07,2.245406043765648e-06,1.270454679501098e-13,1.060022138631951e-13,3.9983863291386534e-14,1.668055577297218e-14,3.142255815767578e-08,2.4663938216532153e-08,0.20923767419822878,0.15504373225539422,2.889285745741488e-16,1.1685470314343228e-16,9.044902900278708e-14,3.549725728688208e-14,5.20223355342975e-18,5.7817495560472834e-18,1.455343040229305e-15,1.4922319801073482e-15,8.122801110301352e-11,7.730180224065893e-11,1.869786436916637e-12,1.7794090907321736e-12,2.0390929357394802e-05,1.8104318629482934e-05,0.21035926183382136,0.17503490028244237,0.4139373251461441,0.19727410281323618,0.0849906195070847,0.02577971378258528,7.138668776105037e-08,3.283963732695223e-08,4.81960881317597e-06,2.1427075821779676e-06,4.5183719434698173e-10,1.9435370287540686e-10,4.583197239045627e-12,1.9714210462559038e-12,1.0053303915774249e-06,4.188300101998898e-07,7.148613961416829e-12,3.812497716037814e-12,0.0006589419411605895,0.00033782215273414775,8.29785306194233e-08,4.095541143692483e-08,0.003461607492382412,0.0016471442189540516,6.329622569738353e-07,2.9073740683663036e-07,0.0005889964591548668,0.00026147360380878983,1.981331447103538e-10,6.446363593929313e-11,5.739058302734671e-06,1.8224579596051902e-06,2.1555130311721212e-10,6.844906731162647e-11,8.320771390528739e-19,7.9298880877150335e-19,1.3607075906742884e-17,1.2097289330164935e-17,2.3631067022472896e-14,1.968738779976579e-14,2.2693092995006436e-09,1.7786976886339618e-09,1.9249628954121897e-12,8.854083670690271e-13,3.429277968955926e-15,1.5256087864331613e-15,5.36620966093248e-23,1.5570809757635664e-23,3.439940345265784e-15,1.043322410706371e-15,2.8677973956022267e-18,1.2343527253339095e-18,1.5476287832434177e-17,7.94038363672018e-18,7.061185747247583e-10,3.4877428760316803e-10,1.0017075372473698e-15,4.769847228203447e-16,1.5372280916510054e-17,5.000962970660137e-18,2.7314118617002537e-19,8.474516095905534e-20,2.3090870364553242e-14,7.164205271154708e-15,7.24894845351451e-11,2.2490687402030383e-11,6.918216464005369e-17,2.197949463416947e-17,0.010328643895035098,0.004921718572794777,1.0000000000000018e-30,3.3414257351643623e-31,3.739129557156897e-09,1.1583843857816157e-09,3.383962976560656e-06,1.0243895866387507e-06,3.585609793382304e-10,1.1119593475493226e-10,8.453812050193259e-13,2.5616848263071625e-13
0.439,1253.1610586310053,5.3658043960759105,0.26200442069149416,1.670690504997776,0.06640947718918686,0.43971445413109767,1.693352616853874e-07,2.2424257894703173e-06,1.266278141571904e-13,1.0564950828815435e-13,3.984367854862899e-14,1.6621407686262693e-14,3.136121021425936e-08,2.4614799931309186e-08,0.2092069118463852,0.1550147308863566,2.8790454758969366e-16,1.1643588214165286e-16,9.021232471532431e-14,3.540294378047248e-14,5.1755906259249346e-18,5.7519083700916024e-18,1.4490570663201726e-15,1.4857271866966835e-15,8.097712837539554e-11,7.70599606720271e-11,1.8636202121532476e-12,1.7734699060995517e-12,2.0360153926794852e-05,1.8076270553392398e-05,0.21034198802287113,0.17501351975246224,0.41398364313630104,0.19728827775452434,0.08499181124717638,0.025779043093291796,7.133248151067498e-08,3.2813387291997e-08,4.819826677945736e-06,2.142718647967586e-06,4.5092526398841877e-10,1.9395367848334534e-10,4.572108724178574e-12,1.9665726813279746e-12,1.004000514005647e-06,4.1825922403422906e-07,7.1123868628183825e-12,3.793025215501959e-12,0.000656999657354591,0.00033681290932901224,8.270535177388351e-08,4.081894518913219e-08,0.003455678561246054,0.0016442572079754083,6.316642217856592e-07,2.901295661218612e-07,0.0005885557178148543,0.0002612674842542847,1.9763690709594104e-10,6.42996079769922e-11,5.732923301762719e-06,1.8204368797877752e-06,2.1514866551757298e-10,6.831847292024436e-11,8.28403807624912e-19,7.894564295143983e-19,1.3571447897285825e-17,1.2065131383242135e-17,2.3598449302295923e-14,1.965942635147958e-14,2.2696494642640697e-09,1.7788930862308072e-09,1.922141506759345e-12,8.840752398888847e-13,3.419046704775489e-15,1.520996227163531e-15,5.342403941770366e-23,1.550111347296708e-23,3.432010252480383e-15,1.0408755642143354e-15,2.8595257125892263e-18,1.2307431628813238e-18,1.543786367765574e-17,7.92035231864595e-18,7.057236540029232e-10,3.4856526748992605e-10,1.000506850855056e-15,4.763939155657224e-16,1.531750964321167e-17,4.982945079556617e-18,2.7198996990938793e-19,8.438460432077919e-20,2.3059648764383026e-14,7.154231964534819e-15,7.244933908374977e-11,2.2477331843968014e-11,6.903236718059763e-17,2.1931025185133e-17,0.010328643894975871,0.004921521518854092,1.0000000000000022e-30,3.3412919524206766e-31,3.72909945990858e-09,1.1552308016106052e-09,3.3793274583899658e-06,1.0229453696860055e-06,3.580469587406235e-10,1.1103208247661328e-10,8.421906274426774e-13,2.5519145210732387e-13
0.44,1253.0428615331712,5.3660057798462475,0.2619945877840676,1.6745073777372397,0.06641833329071567,0.43975554060946415,1.6911769755542468e-07,2.2394553079069682e-06,1.262123853605127e-13,1.0529870035856808e-13,3.9704280659361105e-14,1.6562594630315017e-14,3.1300110114505875e-08,2.4565863155475987e-08,0.20917624430042925,0.15498582135799446,2.868863099317529e-16,1.1601945035990836e-16,8.99767494183981e-14,3.5309085260414834e-14,5.1491379608849735e-18,5.7222817254890794e-18,1.4428109220541937e-15,1.4792639340397573e-15,8.072753520546981e-11,7.681937514898156e-11,1.8574868395690677e-12,1.7675626785826116e-12,2.03294882951638e-05,1.8048324446061242e-05,0.2103247613462896,0.17499220191220213,0.4140298029640663,0.19730240072578317,0.08499301142327047,0.025778378222061662,7.127840848615534e-08,3.2787204718525555e-08,4.820044641180883e-06,2.142730023106902e-06,4.5001746229019006e-10,1.935554859559126e-10,4.561073779386915e-12,1.9617479894162986e-12,1.0026757837602503e-06,4.1769067976775834e-07,7.07641883545323e-12,3.773692900221496e-12,0.0006550672696095202,0.00033580886153939993,8.24336493988478e-08,4.068322360553573e-08,0.0034497728607129972,0.0016413816852662365,6.303716289258894e-07,2.89524309697185e-07,0.0005881163389227521,0.0002610620184530823,1.9714294594545293e-10,6.413634172446583e-11,5.7268081565200565e-06,1.8184224926869879e-06,2.147476218369733e-10,6.81884035795401e-11,8.247541577328122e-19,7.859469980857738e-19,1.3535986321518002e-17,1.2033125462701202e-17,2.3565937527551403e-14,1.9631557841067383e-14,2.269988492916586e-09,1.7790877990047622e-09,1.919329764969486e-12,8.827467660586652e-13,3.408868211873376e-15,1.5164077006840524e-15,5.318755528575322e-23,1.5431881096855786e-23,3.424115118021417e-15,1.0384396446780894e-15,2.851295690392596e-18,1.2271519722041698e-18,1.539961517078125e-17,7.900413699044404e-18,7.05329882958721e-10,3.483568752506143e-10,9.99310140665418e-16,4.758051079912739e-16,1.5263045302012412e-17,4.965029092822565e-18,2.7084618630611364e-19,8.402639288414414e-20,2.3028541328474296e-14,7.144295762865811e-15,7.240931665207343e-11,2.246401831408097e-11,6.888321713154267e-17,2.1882768007236858e-17,0.010328643894916906,0.004921325092693096,1.0000000000000024e-30,3.341158595885591e-31,3.7191181490511317e-09,1.15209272606468e-09,3.3747091137144333e-06,1.0215065937315935e-06,3.5753474601729463e-10,1.1086881771364601e-10,8.390189028771156e-13,2.5422024383665524e-13
0.441,1252.9249177725624,5.366206984953172,0.2619847643372276,1.6783243935951266,0.06642716266610775,0.4397965012699686,1.6890082846325862e-07,2.2364945434479677e-06,1.2579916463080337e-13,1.0494977552573494e-13,3.9565663387823415e-14,1.6504113931381748e-14,3.1239256262719314e-08,2.4517126578635997e-08,0.20914567105112114,0.1549570031721075,2.8587381546511106e-16,1.1560538862607396e-16,8.97422950423506e-14,3.5215678448086754e-14,5.1228737803057364e-18,5.692867606025853e-18,1.4366042663348082e-15,1.4728418641090533e-15,8.04792219938795e-11,7.658003624812588e-11,1.8513860694142266e-12,1.7616871633749042e-12,2.0298931807777823e-05,1.802047969209371e-05,0.21030758159815607,0.1749709464629586,0.4140758054834709,0.19731647201925143,0.08499421998654555,0.02577771913665405,7.122446804247205e-08,3.2761089271047535e-08,4.820262698637508e-06,2.142741704305938e-06,4.4911376053658086e-10,1.931591124513454e-10,4.550092017272489e-12,1.956946798018937e-12,1.0013561688335707e-06,4.171243633200391e-07,7.0407074507953805e-12,3.754499448772289e-12,0.0006531447048383241,0.00033480997068918646,8.216341213373471e-08,4.054824091387786e-08,0.0034438902451145296,0.0016385175780246417,6.290844428789204e-07,2.889216205312094e-07,0.0005876783151718886,0.00026085720284012835,1.966512454269185e-10,6.397383183828845e-11,5.720712752312322e-06,1.8164147591708888e-06,2.1434816189743633e-10,6.805885590292583e-11,8.211279838708759e-19,7.824603141001026e-19,1.3500690014817753e-17,1.2001270495447176e-17,2.3533531107340483e-14,1.960378174223772e-14,2.27032639175707e-09,1.7792818309088115e-09,1.9165276139496756e-12,8.814229181643175e-13,3.398742094001274e-15,1.5118430251775424e-15,5.295263018252312e-23,1.53631084673135e-23,3.416254707344466e-15,1.0360145780898822e-15,2.8431070208191343e-18,1.2235790163442512e-18,1.5361541107954564e-17,7.880567136751776e-18,7.049372559495211e-10,3.4814910772287465e-10,9.9811738458457e-16,4.752182888147134e-16,1.5208885475992974e-17,4.9472142022223856e-18,2.697097699220804e-19,8.367050588071305e-20,2.299754736847286e-14,7.134396439890534e-15,7.236941658323713e-11,2.2450746584229658e-11,6.873471016184998e-17,2.1834721667269744e-17,0.010328643894858224,0.004921129291015458,1.0000000000000017e-30,3.34102566332117e-31,3.7091852739995497e-09,1.1489700467829267e-09,3.370107839069239e-06,1.0200732256178014e-06,3.5702433035704034e-10,1.1070613691162588e-10,8.358658768756692e-13,2.532548098021828e-13
0.442,1252.8072261301068,5.3664080119825845,0.26197495032032686,1.6821415524447696,0.06643596545092013,0.439837336761686,1.686846505229785e-07,2.2335434409668846e-06,1.2538813521707624e-13,1.0460271939495091e-13,3.9427820568153884e-14,1.644596294579634e-14,3.117864707878469e-08,2.446858890325557e-08,0.20911519159366818,0.15492827583497779,2.8486701855651843e-16,1.151936779776045e-16,8.950895359748921e-14,3.5122720097560305e-14,5.096796327651976e-18,5.663664019934705e-18,1.4304367620001628e-15,1.4664606230241198e-15,8.023217924195833e-11,7.634193464538974e-11,1.8453176545747893e-12,1.7558431182666942e-12,2.0268483816136317e-05,1.7992735681975483e-05,0.2102904485760382,0.1749497531101705,0.4141216515420985,0.19733049192520594,0.08499543688781351,0.025777065804888952,7.117065953935399e-08,3.2735040616631086e-08,4.820480846126246e-06,2.1427536883130555e-06,4.4821413029422927e-10,1.9276454525492912e-10,4.539163054380234e-12,1.9521689363992067e-12,1.0000416375260779e-06,4.1656026074693277e-07,7.005250300618504e-12,3.7354435509409774e-12,0.0006512318898816313,0.00033381619807981537,8.189462870873972e-08,4.04139913887653e-08,0.0034380305691934783,0.001635664813682146,6.278026283091635e-07,2.8832148168318057e-07,0.0005872416392064748,0.0002606530338317697,1.9616178986304092e-10,6.381207302757851e-11,5.714636975424086e-06,1.8144136404459968e-06,2.13950275621484e-10,6.79298265374054e-11,8.17525082920798e-19,7.789961795093709e-19,1.346555782440994e-17,1.1969565419354984e-17,2.3501229456187628e-14,1.9576097533562462e-14,2.270663167032471e-09,1.779475185864717e-09,1.9137349981239195e-12,8.801036690462149e-13,3.3886679570423036e-15,1.5073020198426918e-15,5.2719250210349615e-23,1.5294791462297354e-23,3.408428781768414e-15,1.0336002892200369e-15,2.8349593988733156e-18,1.2200241597716315e-18,1.5323640297181926e-17,7.860811996960018e-18,7.045457673748063e-10,3.479419617688184e-10,9.96928560684503e-16,4.746334468404688e-16,1.515502777477982e-17,4.929499608435402e-18,2.685806558328991e-19,8.33169227078839e-20,2.2966666202793643e-14,7.12453377158496e-15,7.232963822594674e-11,2.2437516428248425e-11,6.858684198270183e-17,2.1786884746076154e-17,0.010328643894799795,0.0049209341105570245,1.0000000000000015e-30,3.340893152511345e-31,3.6993004866363876e-09,1.145862652213258e-09,3.3655235309645505e-06,1.0186452321986744e-06,3.565157010335483e-10,1.10544036544577e-10,8.327313965342687e-13,2.522951024708275e-13
0.443,1252.6897853886544,5.366608861533011,0.26196514570211216,1.6859588541599264,0.06644474178012352,0.4398780477308859,1.6846915987400175e-07,2.230601945702997e-06,1.2497928052065124e-13,1.0425751770344014e-13,3.9290746089160064e-14,1.6388139053557386e-14,3.111828099452672e-08,2.4420248841723413e-08,0.20908480542690439,0.15489963885627722,2.8386587400643183e-16,1.1478429963348293e-16,8.927671716546928e-14,3.503020699209542e-14,5.070903865671639e-18,5.634668997439253e-18,1.4243080752457026e-15,1.4601198604533794e-15,7.998639753487107e-11,7.61050610997038e-11,1.8392813501705367e-12,1.7500303032556126e-12,2.023814367608626e-05,1.796509181034935e-05,0.210273362076365,0.1749286215590229,0.41416734198091343,0.1973444607312672,0.08499666207865453,0.025776418194910947,7.111698234048377e-08,3.270905842443335e-08,4.820699079508779e-06,2.142765971906716e-06,4.473185433719756e-10,1.9237177176106706e-10,4.528286510603694e-12,1.9474142353230865e-12,9.987321583647032e-07,4.1599835820521156e-07,6.970045014381478e-12,3.716523916978294e-12,0.0006493287532408022,0.00033282750587746747,8.162728799058009e-08,4.028046937409198e-08,0.003432193689806767,0.0016328233207082818,6.26526150328477e-07,2.8772387642482685e-07,0.000586806303836076,0.00026044950792012377,1.9567456371242338e-10,6.36510600476665e-11,5.708580713009945e-06,1.8124190980168496e-06,2.1355395300523355e-10,6.78013121548035e-11,8.139452538192517e-19,7.755543982829661e-19,1.3430588607046582e-17,1.1938009181165213e-17,2.3469031992164113e-14,1.9548504696849877e-14,2.270998824942328e-09,1.7796678677610394e-09,1.9109518622879044e-12,8.787889917294634e-13,3.378645413082368e-15,1.502784506699562e-15,5.2487401660047947e-23,1.5226926015656086e-23,3.400637112861191e-15,1.0311967059760277e-15,2.8268525222991338e-18,1.2164872681830136e-18,1.5285911556254275e-17,7.841147650123345e-18,7.041554116717935e-10,3.4773543427176204e-10,9.957436472104555e-16,4.740505709616523e-16,1.5101469829885728e-17,4.911884519521083e-18,2.6745878011622133e-19,8.296562308002024e-20,2.293589715436775e-14,7.114707535435938e-15,7.228998093340789e-11,2.2424327621537734e-11,6.843960834003984e-17,2.1739255836111142e-17,0.010328643894741675,0.00492073954807054,1.0000000000000013e-30,3.34076106125149e-31,3.6894634430132674e-09,1.1427704321353852e-09,3.360956087689424e-06,1.017222580882695e-06,3.560088474139708e-10,1.1038251311724831e-10,8.296153105793522e-13,2.513410748184965e-13
0.444,1252.5725943504972,5.366809534173698,0.26195535045277063,1.6897762986147604,0.06645349178714952,0.4399186348163458,1.6825435268460247e-07,2.227670003315961e-06,1.2457258411175534e-13,1.0391415633452418e-13,3.915443391346238e-14,1.6330639666362113e-14,3.1058156456425334e-08,2.4372105118565612e-08,0.2090545120526955,0.1548710917491937,2.828703371080233e-16,1.143772350184203e-16,8.904557789763775e-14,3.493813594360446e-14,5.045194678161035e-18,5.6058805927273406e-18,1.4182178762263925e-15,1.4538192302353207e-15,7.974186755645691e-11,7.586940646736203e-11,1.833276913850184e-12,1.7442484808329298e-12,2.02079107492026e-05,1.793754747730386e-05,0.21025632190164756,0.17490755152109594,0.41421287763390074,0.1973583787229547,0.08499789551242842,0.025775776275590582,7.106343581043221e-08,3.2683142364409186e-08,4.820917394667068e-06,2.142778551889675e-06,4.464269718202651e-10,1.9198077947367488e-10,4.5174620093919456e-12,1.9426825271546256e-12,9.974277001440696e-07,4.154386419711985e-07,6.935089237316888e-12,3.697739265922811e-12,0.0006474352229758507,0.00033184385603659194,8.136137888441215e-08,4.014766923476055e-08,0.003426379462186829,0.001629993026837659,6.252549738638629e-07,2.8712878795096156e-07,0.0005863723015570145,0.00026024662146159584,1.951895515738348e-10,6.349078770169317e-11,5.70254385302787e-06,1.8104310936713207e-06,2.1315918414606904e-10,6.767330946078534e-11,8.103882979008143e-19,7.721347767364173e-19,1.3395781231135252e-17,1.1906600738415197e-17,2.3436938138118347e-14,1.9521002718238882e-14,2.2713333716408196e-09,1.7798598804613076e-09,1.9081781516944635e-12,8.774788594663088e-13,3.368674077034888e-15,1.4982903090928731e-15,5.2257070965189796e-23,1.5159508103901905e-23,3.3928794688005442e-15,1.0288037552696967e-15,2.8187860919809754e-18,1.2129682086781214e-18,1.5248353714314856e-17,7.821573472788408e-18,7.037661833133446e-10,3.475295221364576e-10,9.945626225009654e-16,4.734696501236893e-16,1.5048209299538843e-17,4.8943681525043245e-18,2.663440794233248e-19,8.261658689575842e-20,2.2905239553126673e-14,7.1049175112369015e-15,7.225044406343578e-11,2.2411179941179642e-11,6.829300501887444e-17,2.1691833542882835e-17,0.010328643894683836,0.004920545600343651,9.999999999999997e-31,3.3406293873606954e-31,3.679673799237339e-09,1.1396932763903918e-09,3.3564054053224157e-06,1.0158052384289369e-06,3.5550375891281027e-10,1.102215631512045e-10,8.265174687662637e-13,2.503926801485391e-13
0.445,1252.4556518132,5.367010030504839,0.26194556454098916,1.6935938856838613,0.06646221560507613,0.4399590986551737,1.680402251599271e-07,2.224747559981356e-06,1.2416802972325793e-13,1.0357262131184928e-13,3.901887805284724e-14,1.6273462217238518e-14,3.0998271924308995e-08,2.4324156469301225e-08,0.20902431097809146,0.1548426340313085,2.8188036358845513e-16,1.1397246573849421e-16,8.881552803116045e-14,3.484650379880352e-14,5.0196670677804284e-18,5.577296881488848e-18,1.4121658382511139e-15,1.4475583895443148e-15,7.949858007494592e-11,7.563496168803736e-11,1.8273041056005928e-12,1.7384974157928473e-12,2.0177784402346953e-05,1.791010208789558e-05,0.21023932784942798,0.17488654270436252,0.4142582593294254,0.1973722461834256,0.0849991371405772,0.025775140015284,7.101001932462879e-08,3.265729211174399e-08,4.821135787597761e-06,2.1427914251210437e-06,4.4553938799661593e-10,1.9159155603338796e-10,4.506689178122182e-12,1.9379736460063936e-12,9.961282319582671e-07,4.148810984520148e-07,6.900380652601706e-12,3.6790883373999544e-12,0.0006455512288689765,0.00033086521140718864,8.10968905073422e-08,4.001558544209305e-08,0.003420587746915111,0.001627173862379645,6.239890648727266e-07,2.8653619993616734e-07,0.0005859396254584957,0.0002600443710778358,1.947067382013089e-10,6.333125084520255e-11,5.6965262845594175e-06,1.808449589573724e-06,2.1276595921452772e-10,6.754581518560162e-11,8.068540184314376e-19,7.687371230824038e-19,1.3361134574632072e-17,1.1875339057506126e-17,2.3404947321764526e-14,1.949359108817996e-14,2.271666813229111e-09,1.7800512277898296e-09,1.905413812080874e-12,8.761732457444993e-13,3.358753566893237e-15,1.4938192517966088e-15,5.2028244695354206e-23,1.50925337441646e-23,3.38515562121499e-15,1.0264213650867433e-15,2.8107598114928297e-18,1.2094668495594754e-18,1.5210965610834366e-17,7.802088847029421e-18,7.033780768161853e-10,3.4732422229153067e-10,9.933854651826698e-16,4.728906734148128e-16,1.4995243862740334e-17,4.876949731416361e-18,2.6523649106063717e-19,8.226979426282754e-20,2.2874692733002717e-14,7.0951634801234765e-15,7.221102697925065e-11,2.2398073166079864e-11,6.814702784298982e-17,2.1644616484751653e-17,0.010328643894626318,0.004920352264176257,1.000000000000001e-30,3.3404981286663677e-31,3.6699312193604223e-09,1.1366310773185268e-09,3.3518713852336603e-06,1.0143931732127807e-06,3.5500042509732095e-10,1.1006118321697968e-10,8.234377233441773e-13,2.4944987253418706e-13
0.446,1252.3389566036808,5.3672103510715985,0.2619357879381515,1.6974116152422067,0.06647091336497386,0.439999439874645,1.6782677352404913e-07,2.221834562166906e-06,1.2376560124599017e-13,1.0323289879607542e-13,3.888407259712907e-14,1.6216604172674867e-14,3.0938625871724394e-08,2.4276401640880468e-08,0.20899420171198527,0.15481426522309827,2.808959096605433e-16,1.1356997360267837e-16,8.858655985768817e-14,3.475530742712448e-14,4.994319358097764e-18,5.5489159632132895e-18,1.4061516387524434e-15,1.4413369998923848e-15,7.925652595686173e-11,7.540171779844739e-11,1.821362687827203e-12,1.7327768753189783e-12,2.014776400749499e-05,1.7882755052106402e-05,0.21022237972841878,0.17486559482771913,0.4143034878883236,0.19738606339381523,0.08500038691820619,0.02577450938368831,7.095673225264281e-08,3.263150733936935e-08,4.821354254248349e-06,2.1428045884570104e-06,4.446557644338497e-10,1.9120408916205194e-10,4.495967647132458e-12,1.9332874273350455e-12,9.948337231050956e-07,4.143257141482578e-07,6.865916953025017e-12,3.660569876533148e-12,0.0006436766997251898,0.00032989153435317024,8.083381192251996e-08,3.9884212442848554e-08,0.0034148183992077845,0.001624365755131356,6.227283884630575e-07,2.8594609567328787e-07,0.0005855082678316772,0.00025984275304003846,1.9422610846830077e-10,6.317244437486054e-11,5.690527897226701e-06,1.806474548090968e-06,2.1237426848444827e-10,6.741882609407225e-11,8.033422211688213e-19,7.653612479686928e-19,1.3326647527297794e-17,1.1844223115778822e-17,2.33730589746365e-14,1.9466269300684678e-14,2.2719991557679967e-09,1.7802419135528798e-09,1.902658789552599e-12,8.748721242392371e-13,3.3488835053299788e-15,1.4893711617339855e-15,5.180090959200297e-23,1.5025999004676694e-23,3.3774653415062598e-15,1.0240494633777717e-15,2.802773387591316e-18,1.2059830605516155e-18,1.5173746096218416e-17,7.782693160806343e-18,7.029910867276924e-10,3.471195316851369e-10,9.922121538549763e-16,4.723136299188881e-16,1.4942571226372872e-17,4.859628489634201e-18,2.6413595307999993e-19,8.192522552648111e-20,2.2844256035884466e-14,7.085445225844271e-15,7.217172904813459e-11,2.238500707669173e-11,6.800167267184365e-17,2.159760329207624e-17,0.010328643894569042,0.004920159536411523,1.0000000000000004e-30,3.3403672830252975e-31,3.660235363126749e-09,1.1335837259710694e-09,3.3473539225603236e-06,1.0129863517443234e-06,3.544988355169887e-10,1.0990136988188872e-10,8.203759265808771e-13,2.485126060700664e-13
0.447,1252.2225075257793,5.367410496495302,0.26192602061193443,1.7012294871652165,0.06647958519850661,0.44003965910505966,1.6761399404459304e-07,2.2189309569361477e-06,1.233652827276693e-13,1.0289497508288927e-13,3.87500116713986e-14,1.616006301461648e-14,3.08792167845492e-08,2.4228839390348953e-08,0.20896418376976258,0.15478598484984113,2.799169319264414e-16,1.1316974058268685e-16,8.835866576652473e-14,3.466454373729197e-14,4.969149889659415e-18,5.520735956760215e-18,1.4001749576720416e-15,1.4351547254582542e-15,7.901569614189915e-11,7.516966590766216e-11,1.8154524251158015e-12,1.7270866287394058e-12,2.011784894161418e-05,1.7855505784554485e-05,0.21020547733390516,0.17484470759878792,0.4143485641268169,0.1973998306326691,0.08500164479611186,0.025773884349168344,7.090357398277258e-08,3.260578772894582e-08,4.821572790765848e-06,2.1428180388401026e-06,4.437760740261979e-10,1.9081836674079576e-10,4.485297051012869e-12,1.9286237084765802e-12,9.935441432188282e-07,4.137724757051161e-07,6.831695884048438e-12,3.642182656860301e-12,0.0006418115675591372,0.0003289227888947901,8.057213253619555e-08,3.975354485472133e-08,0.003409071285025582,0.0016215686380246473,6.214729117081665e-07,2.853584593630405e-07,0.0005850782222574932,0.00025964176419293925,1.937476474154003e-10,6.301436324332261e-11,5.684548582047896e-06,1.8045059320460273e-06,2.1198410228696343e-10,6.72923389702951e-11,7.9985271342574365e-19,7.620069635772478e-19,1.3292318986768049e-17,1.1813251897898482e-17,2.3341272533290132e-14,1.9439036854131216e-14,2.2723304052613777e-09,1.7804319415081115e-09,1.8999130307256306e-12,8.735754688698145e-13,3.33906351777692e-15,1.4849458671079276e-15,5.1575052518571187e-23,1.4959899990127933e-23,3.3698084076999748e-15,1.0216879801249605e-15,2.79482652934344e-18,1.2025167124131851e-18,1.5136694030342823e-17,7.763385807133392e-18,7.026052076436143e-10,3.4691544729025115e-10,9.91042667553763e-16,4.717385089314075e-16,1.489018911340572e-17,4.842403665992697e-18,2.6304240420034597e-19,8.158286124429713e-20,2.281392880535195e-14,7.0757625327462464e-15,7.213254964308357e-11,2.23719814553053e-11,6.785693540312934e-17,2.155079260780621e-17,0.010328643894512067,0.004919967413887193,9.999999999999994e-31,3.340236848290565e-31,3.650585904288318e-09,1.1305511177711054e-09,3.3428529235269767e-06,1.0115847438999192e-06,3.5399897995691095e-10,1.0974211978747464e-10,8.173319344868288e-13,2.4758083599767973e-13
0.448,1252.1063034220751,5.367610467318403,0.2619162625338749,1.705047501328696,0.06648823123487059,0.4400797569646025,1.6740188300309085e-07,2.216036691581586e-06,1.2296705837020252e-13,1.0255883660189734e-13,3.861668948276126e-14,1.6103836260136264e-14,3.0820043162338746e-08,2.4181468486181358e-08,0.2089342566677761,0.1547577924393224,2.789433874782074e-16,1.127717488548788e-16,8.813183819194405e-14,3.457420965704464e-14,4.944157024051869e-18,5.492755004928399e-18,1.3942354792679238e-15,1.4290112349551973e-15,7.877608167026243e-11,7.493879722395212e-11,1.8095730844545836e-12,1.7214264477571073e-12,2.0088038586704864e-05,1.782835370473614e-05,0.21018862047679918,0.17482388074011854,0.4143934888532178,0.19741354817667167,0.08500291073012663,0.02577326488189012,7.085054389294064e-08,3.2580132957856065e-08,4.821791393197511e-06,2.1428317731910936e-06,4.42900289801907e-10,1.9043437671442023e-10,4.474677026976802e-12,1.9239823279677457e-12,9.922594621031889e-07,4.132213698475688e-07,6.797715192233816e-12,3.623925452874568e-12,0.0006399557626360806,0.00032795893817071076,8.031184162612652e-08,3.962357723408795e-08,0.0034033462620082357,0.0016187824400753857,6.202226003162048e-07,2.847732745879418e-07,0.0005846494811407866,0.0002594414008634726,1.932713401901466e-10,6.285700244037094e-11,5.678588230391923e-06,1.80254370440694e-06,2.115954510604458e-10,6.71663506342719e-11,7.963853051151554e-19,7.586740846280246e-19,1.3258147862948687e-17,1.1782424399894563e-17,2.330958743780078e-14,1.9411893250237136e-14,2.2726605676765855e-09,1.7806213154012206e-09,1.897176482549918e-12,8.722832537284804e-13,3.3292932345918776e-15,1.4805431983812904e-15,5.1350660514623634e-23,1.4894232857532606e-23,3.3621845964263127e-15,1.0193368449221157e-15,2.7869189490856208e-18,1.1990676773630606e-18,1.5099808284045482e-17,7.744166184932142e-18,7.022204341866386e-10,3.467119660981086e-10,9.898769852009674e-16,4.711652997029238e-16,1.4838095276202235e-17,4.825274509165773e-18,2.619557838734342e-19,8.124268220743429e-20,2.278371039392207e-14,7.0661151881034875e-15,7.209348814079855e-11,2.235899608568373e-11,6.7712811968921e-17,2.1504183086503073e-17,0.010328643894455323,0.0049197758934926925,9.999999999999983e-31,3.340106822350386e-31,3.6409825088956893e-09,1.1275331458027254e-09,3.3383682849668227e-06,1.0101883167363487e-06,3.5350084813581033e-10,1.095834295571484e-10,8.143056023312112e-13,2.4665451734976896e-13
0.449,1251.9903431137818,5.367810264156106,0.2619065136719699,1.7088656576088888,0.06649685160371553,0.4401197340737781,1.6719043672774548e-07,2.2131517140334097e-06,1.225709125358022e-13,1.0222446992051616e-13,3.8484100275556186e-14,1.604792144256746e-14,3.0761103517701875e-08,2.413428770751544e-08,0.2089044199292396,0.15472968752447322,2.779752338019485e-16,1.1237598076015988e-16,8.790606966805474e-14,3.4484302154258794e-14,4.919339139765107e-18,5.4649712697899405e-18,1.3883328903249711e-15,1.4229061997792998e-15,7.853767365715821e-11,7.470910302964292e-11,1.8037244350607573e-12,1.7157961062646849e-12,2.0058332330198876e-05,1.7801298237177563e-05,0.21017180895506005,0.17480311396346493,0.4144382628715455,0.1974272163001704,0.08500418467107085,0.025772650950486673,7.079764138085102e-08,3.255454271270788e-08,4.8220100577993485e-06,2.1428457885222205e-06,4.4202838516311243e-10,1.900521071923581e-10,4.464107216624297e-12,1.919363126282011e-12,9.909796499227396e-07,4.126723834554127e-07,6.763972672493893e-12,3.60579706516958e-12,0.0006381092180632931,0.0003269999467872758,8.005292881024515e-08,3.949430430677977e-08,0.003397643198575551,0.0016160070954508781,6.189774219720458e-07,2.841905258435512e-07,0.0005842220381867196,0.00025924165995684303,1.9279717211107897e-10,6.270035701302018e-11,5.67264673507312e-06,1.8005878286139973e-06,2.1120830530554797e-10,6.704085792686979e-11,7.929398077113228e-19,7.553624273799104e-19,1.3224133073917693e-17,1.1751739625382126e-17,2.3278003133774745e-14,1.938483799551522e-14,2.2729896489229735e-09,1.7808100389293451e-09,1.894449092524569e-12,8.709954531695174e-13,3.3195722875589717e-15,1.4761629867031386e-15,5.112772072034649e-23,1.482899379414315e-23,3.3545936870558785e-15,1.0169959882169975e-15,2.7790503614978867e-18,1.195635828667998e-18,1.50630877379465e-17,7.725033698336965e-18,7.018367610292064e-10,3.465090851255861e-10,9.887150861661819e-16,4.705939917010612e-16,1.4786287483565333e-17,4.808240273395972e-18,2.6087603205715873e-19,8.090466936932788e-20,2.2753600156178404e-14,7.0565029799064116e-15,7.205454392401705e-11,2.2346050753535847e-11,6.756929834096466e-17,2.1457773395773907e-17,0.010328643894398892,0.004919584972114417,9.999999999999989e-31,3.3399772030908643e-31,3.6314248570480476e-09,1.124529707533839e-09,3.3338999148606933e-06,1.008797040694834e-06,3.5300443001284323e-10,1.0942529589006306e-10,8.112967891854974e-13,2.4573360632368775e-13
0.45,1251.8746254695193,5.3680098875210565,0.2618967739992314,1.712683955882402,0.0665054464318935,0.44015959103936786,1.6697965155006254e-07,2.2102759723126965e-06,1.2217682972780615e-13,1.0189186172919213e-13,3.835223837953812e-14,1.599231613178593e-14,3.070239637561615e-08,2.408729584390986e-08,0.20887467307666865,0.15470166963969303,2.7701242886241435e-16,1.1198241883950673e-16,8.768135275803677e-14,3.439481820960415e-14,4.894694636019742e-18,5.4373829370023414e-18,1.3824668820529767e-15,1.4168392959711922e-15,7.830046331639601e-11,7.448057470445984e-11,1.7979062484112468e-12,1.7101953803939833e-12,2.0028729563772014e-05,1.7774338810599886e-05,0.21015504258686743,0.17478240699955,0.41448288697711677,0.1974408352755313,0.08500546657745553,0.025772042526229978,7.074486582705163e-08,3.252901667275201e-08,4.822228780660153e-06,2.1428600817967384e-06,4.41160333577433e-10,1.8967154631838203e-10,4.453587263546174e-12,1.914765944822617e-12,9.89704676940425e-07,4.1212550345904095e-07,6.730466115564226e-12,3.5877962924758145e-12,0.0006362718647414706,0.00032604577823515526,7.979538349148518e-08,3.936572069464412e-08,0.0033919619512898184,0.0016132425327221867,6.177373423664795e-07,2.836101967187485e-07,0.0005837958854617808,0.0002590425376555345,1.9232512858124268e-10,6.254442203814645e-11,5.666723988971008e-06,1.7986382681638508e-06,2.1082265562971946e-10,6.691585772477309e-11,7.895160353495413e-19,7.52071810687e-19,1.3190273549926193e-17,1.1721196589259607e-17,2.3246519069224902e-14,1.9357870598910508e-14,2.2733176548803597e-09,1.7809981157855084e-09,1.891730808382265e-12,8.697120416748653e-13,3.3099003152184872e-15,1.471805066296611e-15,5.090622047960915e-23,1.476417904751176e-23,3.3470354609518992e-15,1.0146653410969373e-15,2.7712204845125546e-18,1.1922210410479397e-18,1.502653128299566e-17,7.705987757069428e-18,7.01454182863615e-10,3.4630680140473686e-10,9.875569495845383e-16,4.700245742916443e-16,1.4734763534406505e-17,4.7913002229963124e-18,2.5980308961384376e-19,8.056880397014314e-20,2.2723597456257747e-14,7.046925699270505e-15,7.201571637820847e-11,2.23331452457682e-11,6.742639052109536e-17,2.1411562213489394e-17,0.010328643894342751,0.004919394646696768,9.999999999999971e-31,3.339847988437507e-31,3.621912617030042e-09,1.1215406968204313e-09,3.329447707985934e-06,1.0074108822447844e-06,3.5250971541665183e-10,1.0926771544746775e-10,8.083053524316266e-13,2.448180586207835e-13
0.451,1251.759149321494,5.36820933803506,0.2618870434833553,1.7165023960262864,0.0665140158475413,0.440199328474624,1.6676952385416562e-07,2.2074094151496095e-06,1.2178479460523953e-13,1.0156099885189996e-13,3.822109814999375e-14,1.5937017908978215e-14,3.0643920273280934e-08,2.4040491694848632e-08,0.20884501564013142,0.15467373832455766,2.760549309824767e-16,1.1159104578342172e-16,8.745768013441782e-14,3.430575484748659e-14,4.870221927382217e-18,5.409988209733478e-18,1.3766371476618344e-15,1.410810201707295e-15,7.806444192755461e-11,7.425320369309586e-11,1.7921182980859e-12,1.7046240483393038e-12,1.9999229684332906e-05,1.7747474858517702e-05,0.21013832117049425,0.17476175956197668,0.4145273619616845,0.19745440537252484,0.0850067564013652,0.025771439578350597,7.06922166385116e-08,3.250355452941349e-08,4.822447558147411e-06,2.1428746500938195e-06,4.4029610893085004e-10,1.8929268241932531e-10,4.443116815981708e-12,1.910190627034769e-12,9.884345138085769e-07,4.115807169541611e-07,6.697193371268524e-12,3.5699219653257598e-12,0.0006344436375243591,0.0003250963980406564,7.953919551861206e-08,3.923782124093475e-08,0.003386302391916548,0.0016104886877097138,6.165023299348882e-07,2.830322720669457e-07,0.000583371016911431,0.00025884403097620786,1.9185519518369636e-10,6.238919265255245e-11,5.6608198866103775e-06,1.7966949870829387e-06,2.1043849268830527e-10,6.679134692073114e-11,7.861138034176821e-19,7.488020546443416e-19,1.3156568228011895e-17,1.1690794312735004e-17,2.3215134697896758e-14,1.9330990574266805e-14,2.273644591369414e-09,1.7811855496078096e-09,1.8890215784315124e-12,8.684329939978335e-13,3.3002769568668127e-15,1.4674692717670446e-15,5.0686147218894603e-23,1.469978489012772e-23,3.3395097037609785e-15,1.012344835967152e-15,2.7634290380785223e-18,1.188823190125242e-18,1.4990137819200404e-17,7.687027775663335e-18,7.010726944336113e-10,3.4610511199299515e-10,9.864025551601383e-16,4.694570371137536e-16,1.4683521240256708e-17,4.774453626585133e-18,2.5873689787070305e-19,8.023506739911728e-20,2.269370165836258e-14,7.0373831373834164e-15,7.197700489477363e-11,2.2320279351129504e-11,6.728408455014638e-17,2.1365548230273975e-17,0.01032864389428684,0.004919204914165838,9.999999999999964e-31,3.3397191763034226e-31,3.6124454761214415e-09,1.1185660134294995e-09,3.325011575041781e-06,1.0060298126811053e-06,3.520166944834424e-10,1.0911068498679225e-10,8.053311542583138e-13,2.439078314100862e-13
0.452,1251.6439135319424,5.368408616264194,0.26187732209476716,1.7203209779179942,0.06652255997663815,0.4402389469821483,1.6656005004507065e-07,2.204551991591635e-06,1.2139479198102354e-13,1.0123186824590533e-13,3.809067401432939e-14,1.5882024386264823e-14,3.058567376178175e-08,2.3993874071351732e-08,0.20881544715242223,0.15464589312223184,2.751026989478693e-16,1.112018444756459e-16,8.72350445241681e-14,3.4217109114939414e-14,4.845919448123228e-18,5.3827853135659644e-18,1.3708433842896457e-15,1.404818599292876e-15,7.782960086559747e-11,7.402698153430677e-11,1.7863603600138169e-12,1.6990818906128187e-12,1.9969832094108912e-05,1.7720705819541502e-05,0.21012164451549556,0.1747411713754149,0.41457168861031884,0.1974679268593804,0.08500805409680211,0.025770842076898958,7.06396932174948e-08,3.247815597239549e-08,4.822666386579971e-06,2.142889490490626e-06,4.3943568528500864e-10,1.8891550390312153e-10,4.432695525085032e-12,1.905637017684232e-12,9.871691313899064e-07,4.110380111324959e-07,6.664152295493037e-12,3.552172917827584e-12,0.000632624470075346,0.00032415177113400545,7.928435468686226e-08,3.911060076443196e-08,0.003380664387082738,0.0016077454938284502,6.152723523080191e-07,2.824567363800889e-07,0.000582947425721835,0.00025864613660229704,1.9138735761906504e-10,6.223466403344287e-11,5.654934323077148e-06,1.7947579496063328e-06,2.1005580723673802e-10,6.666732244097326e-11,7.827329296732337e-19,7.455529816609918e-19,1.3123016056812163e-17,1.1660531827749887e-17,2.3183849477653615e-14,1.930419743922878e-14,2.2739704641682414e-09,1.7813723440153277e-09,1.886321351368524e-12,8.671582850876884e-13,3.2907018554197967e-15,1.4631554393936173e-15,5.0467488512928926e-23,1.463580763862806e-23,3.332016198345853e-15,1.0100344044210869e-15,2.7556757452343212e-18,1.185442152901169e-18,1.4953906257375104e-17,7.668153174458565e-18,7.00692290516644e-10,3.459040139688552e-10,9.852518825839571e-16,4.688913698086632e-16,1.4632558439510056e-17,4.757699761776605e-18,2.5767739874889295e-19,7.990344123554824e-20,2.266391213470431e-14,7.027875088058164e-15,7.19384088698424e-11,2.230745286012396e-11,6.714237650483858e-17,2.1319730148787933e-17,0.01032864389423119,0.004919015771492709,9.999999999999952e-31,3.3395907646322203e-31,3.603023117511455e-09,1.1156055559040784e-09,3.320591420778435e-06,1.0046538015190388e-06,3.515253573360865e-10,1.0895420126356365e-10,8.023740568411538e-13,2.430028818713559e-13
0.453,1251.52891699754,5.368607722702277,0.2618676098074275,1.7241397014353295,0.06653107894314517,0.4402784471547405,1.6635122653300568e-07,2.201703650795351e-06,1.2100680679841618e-13,1.0090445698203522e-13,3.796096047425389e-14,1.5827333207594507e-14,3.052765540306037e-08,2.3947441793587145e-08,0.2087859671456994,0.15461813357694798,2.7415569197823575e-16,1.1081479798134885e-16,8.701343868729662e-14,3.412887807320778e-14,4.821785651361632e-18,5.35577249553654e-18,1.3650852929478303e-15,1.398864175103889e-15,7.759593159292388e-11,7.380189985329276e-11,1.7806322121804867e-12,1.6935686897645974e-12,1.9940536198984284e-05,1.7694031135896484e-05,0.21010501244588753,0.17472064217820962,0.41461586769977465,0.19748140000197378,0.08500935962508005,0.025770249994375563,7.058729495348607e-08,3.2452820685960006e-08,4.8228852621604705e-06,2.142904600031902e-06,4.385790367890792e-10,1.8853999922082466e-10,4.422323044043759e-12,1.9011049624773286e-12,9.859085006512316e-07,4.1049737323739044e-07,6.631340750064083e-12,3.53454798759562e-12,0.0006308142949066997,0.000323211861869398,7.903085065923838e-08,3.8984054020601215e-08,0.0033750477949737643,0.0016050128805170814,6.140473757114929e-07,2.818835735129582e-07,0.0005825251038788323,0.00025844885068833834,1.909216016733773e-10,6.208083138793045e-11,5.649067193631322e-06,1.7928271200543748e-06,2.0967459012219578e-10,6.654378124253039e-11,7.793732342101395e-19,7.4232441642737415e-19,1.3089615995527303e-17,1.163040817605075e-17,2.3152662868480493e-14,1.9277490713573455e-14,2.274295279026725e-09,1.7815585026190579e-09,1.8836300761076976e-12,8.658878900114188e-13,3.2811746604258957e-15,1.4588634084679392e-15,5.025023212999274e-23,1.4572243666916746e-23,3.32455473273612e-15,1.0077339796501605e-15,2.747960331892202e-18,1.182077807662139e-18,1.491783551758158e-17,7.649363378796876e-18,7.00312965909229e-10,3.4570350442456344e-10,9.841049113958997e-16,4.683275619540608e-16,1.4581872996644294e-17,4.741037914922555e-18,2.566245350850867e-19,7.957390734840826e-20,2.2634228265207037e-14,7.018401347638627e-15,7.189992770179227e-11,2.229466556423645e-11,6.700126248941864e-17,2.127410668106153e-17,0.010328643894175801,0.004918827215692484,9.99999999999994e-31,3.3394627513974127e-31,3.593645216383569e-09,1.1126592203507329e-09,3.316187140408019e-06,1.0032828154083658e-06,3.510356940148674e-10,1.0879826100990863e-10,7.994339214213557e-13,2.4210316691591603e-13
0.454,1251.4141585639009,5.368806657989968,0.26185790658814384,1.727958566456552,0.06653957287296251,0.44031782959487314,1.6614304979270515e-07,2.198864342777372e-06,1.2062082416059186e-13,1.0057875226774733e-13,3.783195204474471e-14,1.5772942023044305e-14,3.04698637717828e-08,2.3901193691965377e-08,0.20875657516164414,0.15459045923916886,2.732138696268085e-16,1.1042988950481166e-16,8.679285550954367e-14,3.404105883357205e-14,4.797819004284041e-18,5.328948018736723e-18,1.3593625761762123e-15,1.392946617161259e-15,7.7363425632187e-11,7.357795033468133e-11,1.7749336346646558e-12,1.6880842303908667e-12,1.9911341410615216e-05,1.7667450255026665e-05,0.21008842475852238,0.1747001716850987,0.4146599000046775,0.19749482506376326,0.08501067293755178,0.025769663300101404,7.053502127163691e-08,3.2427548370704663e-08,4.823104181458379e-06,2.1429199759118987e-06,4.377261380833933e-10,1.8816615703720292e-10,4.4119990312508064e-12,1.896594309394801e-12,9.846525930162573e-07,4.0995879070437794e-07,6.598756663986845e-12,3.5170460483326325e-12,0.0006290130493571236,0.000322276637082701,7.877867366515722e-08,3.885817604561049e-08,0.0033694524941409593,0.001602290786913046,6.12827370021732e-07,2.8131276899981927e-07,0.0005821040459332598,0.000258252170526613,1.9045791333225936e-10,6.192768998919973e-11,5.643218395500934e-06,1.790902463374496e-06,2.092948322296498e-10,6.642072029508247e-11,7.760345380967428e-19,7.391161846058438e-19,1.3056367009305693e-17,1.1600422404906708e-17,2.312157433714299e-14,1.9250869922792894e-14,2.2746190416292352e-09,1.7817440289655385e-09,1.880947702234938e-12,8.646217841487957e-13,3.2716950200734445e-15,1.4545930177172248e-15,5.003436588048181e-23,1.4509089362008205e-23,3.3171250967916794e-15,1.0054434954165493e-15,2.740282525757225e-18,1.1787300334961612e-18,1.4881924528882385e-17,7.630657818776087e-18,6.999347154664348e-10,3.455035804803219e-10,9.82961621866521e-16,4.6776560347646535e-16,1.45314627855685e-17,4.724467375622625e-18,2.5557824997070866e-19,7.924644769014984e-20,2.260464942819956e-14,7.008961712005202e-15,7.186156079582807e-11,2.228191725701142e-11,6.686073864976817e-17,2.1228676552644465e-17,0.010328643894120687,0.004918639243749254,9.999999999999933e-31,3.3393351345514526e-31,3.584311472728564e-09,1.1097269105818992e-09,3.311798650668894e-06,1.001916827516419e-06,3.505476949534691e-10,1.0864286108040744e-10,7.965106152494214e-13,2.412086452856717e-13
0.455,1251.2996371278173,5.369005422657362,0.26184821240912737,1.7317775728602984,0.06654804188886206,0.44035709488957236,1.6593551630218258e-07,2.196034017645831e-06,1.2023682930877526e-13,1.0025474143077309e-13,3.770364332548217e-14,1.5718848518897343e-14,3.041229745524364e-08,2.385512860751732e-08,0.20872727074202585,0.1545628696615533,2.7227719191264037e-16,1.1004710244492796e-16,8.657328790353278e-14,3.3953648519216304e-14,4.774017994056233e-18,5.3023101689743676e-18,1.3536749408700543e-15,1.3870656180534527e-15,7.71320746038861e-11,7.335512475966005e-11,1.7692644097626047e-12,1.6826282992837235e-12,1.988224714506847e-05,1.7640962628722764e-05,0.21007188127205725,0.17467975963127344,0.4147037862916241,0.1975082023067539,0.08501199399176818,0.025769081965609158,7.048287157936466e-08,3.240233871962942e-08,4.82332314086442e-06,2.1429356152728975e-06,4.368769638652999e-10,1.8779396604765634e-10,4.401723147002557e-12,1.8921049073080627e-12,9.834013800106727e-07,4.0942225102120016e-07,6.566397957244768e-12,3.499665969275998e-12,0.0006272206681752064,0.00032134606229733604,7.852781369816283e-08,3.8732961761292e-08,0.00336387835053644,0.0015995791462057195,6.116123029956327e-07,2.8074430741073863e-07,0.0005816842447003308,0.0002580560926439491,1.8999627866273923e-10,6.17752351392401e-11,5.637387825976138e-06,1.7889839445704413e-06,2.0891652455363798e-10,6.629813660499729e-11,7.727166650156908e-19,7.359281144061768e-19,1.3023268075550023e-17,1.1570573572931387e-17,2.3090583352962596e-14,1.922433459494293e-14,2.274941757628271e-09,1.781928926597264e-09,1.8782741795752368e-12,8.633599430100314e-13,3.2622625887348843e-15,1.4503441086859694e-15,4.981987776524269e-23,1.4446341167309398e-23,3.3097270800337904e-15,1.0031628854147913e-15,2.7326420577737016e-18,1.1753987109371739e-18,1.484617223068229e-17,7.612035930081876e-18,6.995575340661778e-10,3.45304239273256e-10,9.818219940171748e-16,4.672054841938146e-16,1.4481325710136665e-17,4.707987443481918e-18,2.545384873093323e-19,7.892104447099957e-20,2.2575175012132937e-14,6.9995559803416024e-15,7.182330756061734e-11,2.226920773343473e-11,6.672080116213174e-17,2.1183438499428157e-17,0.010328643894065875,0.004918451852710089,9.99999999999993e-31,3.339207912089545e-31,3.5750215738842823e-09,1.10680852653796e-09,3.307425854306805e-06,1.000555806800843e-06,3.500613504454071e-10,1.0848799828878215e-10,7.93604003699815e-13,2.4031927516946455e-13
0.456,1251.1853515712478,5.3692040172879905,0.26183852723999307,1.7355967205256206,0.06655648611389188,0.4403962436273381,1.657286225758084e-07,2.1932126260098627e-06,1.1985480762409726e-13,9.993241191932352e-14,3.757602895425922e-14,1.566505039800543e-14,3.0354955051928683e-08,2.3809245390456017e-08,0.20869805343364273,0.1545353644006414,2.713456192140784e-16,1.0966642035066002e-16,8.635472886383618e-14,3.386664428637878e-14,4.750381123262051e-18,5.2758572496316985e-18,1.3480220963407322e-15,1.3812208729299754e-15,7.690187019687273e-11,7.313341497694729e-11,1.7636243217439485e-12,1.6772006851763464e-12,1.9853252822915186e-05,1.7614567712977202e-05,0.2100553817958884,0.17465940574431568,0.4147475273225024,0.19752153199056285,0.08501332274283832,0.025768505961695283,7.043084529806795e-08,3.237719143230273e-08,4.823542136923988e-06,2.142951515326023e-06,4.360314891357016e-10,1.8742341508174646e-10,4.391495055263616e-12,1.887636606712949e-12,9.821548334519379e-07,4.0888774180153554e-07,6.534262591671474e-12,3.4824066422630215e-12,0.0006254370885356341,0.0003204201042901955,7.827826101077007e-08,3.860840621872109e-08,0.0033583252378665287,0.0015968778952949042,6.104021438179929e-07,2.8017817397641924e-07,0.0005812656939104657,0.00025786061397452037,1.8953668387592241e-10,6.162346218841335e-11,5.63157538350876e-06,1.7870715290282023e-06,2.0853965814746486e-10,6.617602719834549e-11,7.694194401382947e-19,7.327600355032165e-19,1.2990318179172309e-17,1.1540860745714341e-17,2.3059689389653068e-14,1.9197884261924097e-14,2.275263432627924e-09,1.782113199017039e-09,1.8756094583968905e-12,8.621023423185015e-13,3.2528770235983976e-15,1.4461165242189434e-15,4.9606755901740846e-23,1.4383995561006994e-23,3.302360477710861e-15,1.0008920850972054e-15,2.7250386610477675e-18,1.1720837214859666e-18,1.481057757103383e-17,7.593497153018846e-18,6.991814166271675e-10,3.451054779618509e-10,9.806860082071104e-16,4.666471940888432e-16,1.4431459689937688e-17,4.691597423427303e-18,2.535051916212804e-19,7.859768009727181e-20,2.254580440779094e-14,6.990183952628996e-15,7.178516740958197e-11,2.225653679004891e-11,6.658144623658058e-17,2.113839126846857e-17,0.010328643894011304,0.004918265039622254,9.999999999999941e-31,3.339081082007057e-31,3.5657752175363934e-09,1.1039039713941825e-09,3.3030686619888956e-06,9.991997246266436e-07,3.495766509666401e-10,1.0833366950648449e-10,7.907139550594213e-13,2.394350156499794e-13
0.457,1251.0713008019711,5.369402442417284,0.26182885105271175,1.739416009331951,0.06656490566932578,0.4404352763879996,1.655223651461959e-07,2.1904001187567096e-06,1.194747446275186e-13,9.961175130275271e-14,3.744910363369844e-14,1.56115453910406e-14,3.0297835172652904e-08,2.3763542901249772e-08,0.20866892278503946,0.15450794301562262,2.704191123330102e-16,1.092878269477932e-16,8.613717143449556e-14,3.378004331186529e-14,4.726906912486516e-18,5.249587584568516e-18,1.342403755465218e-15,1.3754120806887647e-15,7.667280418638603e-11,7.29128129204813e-11,1.7580131570137047e-12,1.6718011789093376e-12,1.9824357869388364e-05,1.758826496825857e-05,0.21003892614906758,0.1746391097612836,0.41479112385244804,0.19753481437298157,0.08501465914903847,0.02576793526032043,7.037894184463047e-08,3.2352106206608414e-08,4.8237611661347725e-06,2.142967673277974e-06,4.35189689053131e-10,1.870544930418812e-10,4.38131442262511e-12,1.8831892592960005e-12,9.809129253359595e-07,4.0835525074094653e-07,6.50234853690964e-12,3.4652669636102316e-12,0.0006236622467091373,0.00031949872938785506,7.803000581496606e-08,3.848450445076815e-08,0.003352793025364459,0.0015941869689885407,6.09196860979289e-07,2.796143536161422e-07,0.000580848386624604,0.00025766573115879255,1.8907911528948364e-10,6.147236652371849e-11,5.625780967029467e-06,1.7851651823130687e-06,2.0816422415215276e-10,6.605438913059087e-11,7.661426907867921e-19,7.29611779672644e-19,1.2957516315509623e-17,1.151128299849765e-17,2.3028891924496565e-14,1.9171518458942958e-14,2.2755840721955576e-09,1.782296849710983e-09,1.8729534893099394e-12,8.608489579706602e-13,3.2435379854360084e-15,1.4419101088133082e-15,4.9394988546521735e-23,1.4322049062678276e-23,3.2950250837834924e-15,9.986310295551474e-16,2.717472071474345e-18,1.1687849478885062e-18,1.4775139507733705e-17,7.575040933129526e-18,6.98806358096508e-10,3.4490729372250076e-10,9.795536447839346e-16,4.660907231463342e-16,1.4381862668856675e-17,4.67529662852456e-18,2.5247830800488432e-19,7.827633715989678e-20,2.251653701285047e-14,6.980845431113559e-15,7.174713975986175e-11,2.224390422480385e-11,6.644267011518512e-17,2.1093533617565304e-17,0.010328643893956936,0.004918078801571478,9.999999999999917e-31,3.3389546423254446e-31,3.556572097930941e-09,1.1010131473002689e-09,3.2987269791710977e-06,9.97848550800874e-07,3.4909358698164994e-10,1.0817987160342508e-10,7.878403376475982e-13,2.3855582583331137e-13
0.458,1250.957483737564,5.369600698572897,0.2618191838196432,1.7432354391590978,0.06657330067545698,0.4404741937466485,1.6531674057349724e-07,2.187596447167901e-06,1.1909662598130312e-13,9.929274727242908e-14,3.732286212333919e-14,1.555833125313818e-14,3.024093644043542e-08,2.3718020010446835e-08,0.20863987834796946,0.15448060506895248,2.6949763247079546e-16,1.0891130612880373e-16,8.59206087236499e-14,3.36938427986716e-14,4.703593899130679e-18,5.223499516782496e-18,1.3368196342003958e-15,1.3696389434729874e-15,7.644486842733316e-11,7.26933106027718e-11,1.7524307040649665e-12,1.6664295733797074e-12,1.9795561714545553e-05,1.7562053859600186e-05,0.2100225141526485,0.17461887142182048,0.41483457663084783,0.19754804970986198,0.08501600316924553,0.0257673698337538,7.032716063973793e-08,3.232708274247042e-08,4.823980225041504e-06,2.142984086366668e-06,4.3435153900335483e-10,1.8668718893262053e-10,4.3711809188314404e-12,1.8787627181545407e-12,9.796756279030048e-07,4.078247656430316e-07,6.470653781745002e-12,3.4482458401395224e-12,0.0006218960791925297,0.00031858190404449315,7.778303840651366e-08,3.8361251533277087e-08,0.0033472815829545745,0.0015915063024534732,6.079964231739238e-07,2.79052831349205e-07,0.0005804323159011403,0.00025747144083863415,1.886235593457058e-10,6.132194357445022e-11,5.620004476273213e-06,1.7832648702673532e-06,2.0779021378954614e-10,6.593321948418796e-11,7.628862461515926e-19,7.264831805187066e-19,1.2924861489220352e-17,1.1481839415156115e-17,2.2998190438965586e-14,1.914523672496974e-14,2.2759036818569376e-09,1.7824798821393847e-09,1.870306223329486e-12,8.595997660624284e-13,3.23424513727438e-15,1.4377247080226513e-15,4.9184564070019694e-23,1.4260498225927966e-23,3.287720690753199e-15,9.963796534639629e-16,2.709942027475806e-18,1.1655022740194521e-18,1.473985700799816e-17,7.556666721002439e-18,6.984323534550422e-10,3.4470968375109405e-10,9.784248842353423e-16,4.655360614238704e-16,1.433253261159847e-17,4.6590843788308355e-18,2.5145778204049104e-19,7.795699840434817e-20,2.2487372230185706e-14,6.971540219758581e-15,7.170922403281791e-11,2.2231309837144995e-11,6.63044690733984e-17,2.104886431563131e-17,0.010328643893902867,0.004917893135667203,9.999999999999913e-31,3.3388285910822546e-31,3.547411911710882e-09,1.0981359571837078e-09,3.294400711643141e-06,9.965022552470957e-07,3.4861214902816526e-10,1.0802660147389092e-10,7.849830211267126e-13,2.3768166524495055e-13
0.459,1250.8438992806032,5.3697987863348215,0.26180952551060493,1.7470550098872817,0.06658167125292039,0.44051299628016044,1.6511174544840985e-07,2.184801562947729e-06,1.1872043747536012e-13,9.89753876297944e-14,3.7197299214344485e-14,1.550540575326508e-14,3.0184257488130635e-08,2.367267559669252e-08,0.20861091967865233,0.15445335012649916,2.685811411595648e-16,1.0853684192447622e-16,8.570503391339877e-14,3.360803997966874e-14,4.6804406350709625e-18,5.19759140577648e-18,1.3312694507704887e-15,1.3639011658303598e-15,7.621805483719805e-11,7.24749000982462e-11,1.7468767531939179e-12,1.6610856632605733e-12,1.9766863792237557e-05,1.7535933855593885e-05,0.21000614561885989,0.1745986904582682,0.4148778864023577,0.19756123825460253,0.08501735476059429,0.025766809653732587,7.027550111575608e-08,3.2302120745308657e-08,4.82419931031591e-06,2.143000751885903e-06,4.3351701463902263e-10,1.8632149187672462e-10,4.361094216883114e-12,1.8743568378307328e-12,9.784429136352768e-07,4.072962744162971e-07,6.4391763584747735e-12,3.4313422021420705e-12,0.000620138525165873,0.0003176695960988711,7.753734931978802e-08,3.8238642661211416e-08,0.0033417907875313625,0.0015888358341924766,6.068008003765623e-07,2.7849359278743884e-07,0.0005800174756189745,0.00025727774002108226,1.8817000261692347e-10,6.117218881363856e-11,5.614245811992859e-06,1.781370559068992e-06,2.0741761832969612e-10,6.581251535788644e-11,7.59649936823545e-19,7.233740730244449e-19,1.2892352711807098e-17,1.1452529085934744e-17,2.29675844181212e-14,1.91190386021383e-14,2.276222267092811e-09,1.7826622997250148e-09,1.867667611845149e-12,8.583547428706939e-13,3.224998146702405e-15,1.4335601694749002e-15,4.897547098129354e-23,1.4199339645473912e-23,3.280447101828851e-15,9.941378947648893e-16,2.702448269498089e-18,1.1622355846590575e-18,1.470472904689681e-17,7.538373971428585e-18,6.980593977213055e-10,3.4451264526320606e-10,9.772997073489298e-16,4.649831991254702e-16,1.428346749745396e-17,4.642959999341853e-18,2.504435600996676e-19,7.763964682603854e-20,2.245830946457392e-14,6.9622681231870586e-15,7.167141965407165e-11,2.221875342791178e-11,6.616683941705612e-17,2.100438214162867e-17,0.010328643893849044,0.004917708039017551,9.999999999999904e-31,3.338702926314157e-31,3.5382943648387636e-09,1.0952723068867344e-09,3.290089772293719e-06,9.95160810046505e-07,3.481323278054687e-10,1.0787385606334794e-10,7.821418776757921e-13,2.3681249418376097e-13
0.46,1250.7305463443704,5.369996706274051,0.26179987609586347,1.7508747213971292,0.06659001752123708,0.4405516845599597,1.6490737639142356e-07,2.182015418224966e-06,1.1834616504305146e-13,9.865966030003448e-14,3.707240975326728e-14,1.5452766684203524e-14,3.012779696132474e-08,2.362750854912541e-08,0.20858204633716582,0.15442617775793085,2.6766960033023265e-16,1.081644185319202e-16,8.54904402517743e-14,3.352263211462633e-14,4.65744568886762e-18,5.1718616300330364e-18,1.3257529264746029e-15,1.3581984555468596e-15,7.599235541402192e-11,7.225757356071273e-11,1.741351096812113e-12,1.6557692453063774e-12,1.973826354145472e-05,1.750990442967771e-05,0.2099898203621479,0.1745785666057965,0.4149210539063793,0.1975743802589731,0.0850187138796354,0.025766254691952945,7.02239627097677e-08,3.2277219923012404e-08,4.8244184186778165e-06,2.1430176671619403e-06,4.3268609184640985e-10,1.8595739110182851e-10,4.351053992995684e-12,1.869971474303547e-12,9.772147552693692e-07,4.06769765081508e-07,6.4079143162476e-12,3.4145549891844106e-12,0.0006183895238545424,0.000316761773424487,7.72929291730311e-08,3.811667307251804e-08,0.0033363205167940514,0.0015861755031209288,6.056099627906102e-07,2.779366236539976e-07,0.0005796038596792469,0.00025708462572559133,1.8771843180253692e-10,6.102309775739283e-11,5.608504875777574e-06,1.7794822151834614e-06,2.070464291237242e-10,6.569227387750638e-11,7.564335952563476e-19,7.20284293995366e-19,1.2859989004290652e-17,1.1423351109883158e-17,2.293707335157087e-14,1.9092923636645613e-14,2.2765398333401834e-09,1.7828441058638255e-09,1.8650376066787283e-12,8.571138648843871e-13,3.2157966829676262e-15,1.4294163415887812e-15,4.8767697892235906e-23,1.413856994683388e-23,3.2732041167503676e-15,9.919056903737453e-16,2.694990540543067e-18,1.1589847657280292e-18,1.4669754609139116e-17,7.520162144356282e-18,6.976874859499718e-10,3.4431617549519346e-10,9.761780950642785e-16,4.644321265336895e-16,1.4234665326668035e-17,4.626922822084784e-18,2.4943558895634256e-19,7.732426555011774e-20,2.2429348126148684e-14,6.9530289477894345e-15,7.163372605396282e-11,2.220623479959981e-11,6.602977748655568e-17,2.0960085886004836e-17,0.010328643893795487,0.004917523508756139,9.999999999999906e-31,3.3385776460751206e-31,3.5292191657925828e-09,1.0924221030654084e-09,3.2857940745001703e-06,9.938241874435038e-07,3.4765411409025964e-10,1.0772163234294033e-10,7.793167808094584e-13,2.3594827336546257e-13
0.461,1250.6174238619847,5.370194458928094,0.26179023554732805,1.7546945735696493,0.06659833959843939,0.44059025915017985,1.647036300413753e-07,2.179237965404332e-06,1.1797379474905633e-13,9.83455533220514e-14,3.6948188646335854e-14,1.5400411864349654e-14,3.0071553517040524e-08,2.3582517766390486e-08,0.2085532578858704,0.15439908753577072,2.6676297230558886e-16,1.0779402031186489e-16,8.527682103673849e-14,3.343761648397377e-14,4.634607645720798e-18,5.1463085869660775e-18,1.3202697858447153e-15,1.3525305238092555e-15,7.576776223534841e-11,7.204132322242651e-11,1.735853529319152e-12,1.650480118233306e-12,1.9709760405485886e-05,1.7483965059412492e-05,0.20997353820403314,0.17455849960669204,0.414964079876158,0.19758747597297285,0.08502008048496591,0.025765704920904398,7.017254485623595e-08,3.22523799826131e-08,4.8246375468256775e-06,2.143034829525738e-06,4.3185874667621894e-10,1.8559487591092203e-10,4.3410599259778325e-12,1.8656064847235345e-12,9.75991125726521e-07,4.062452257431865e-07,6.376865716846881e-12,3.3978831478625086e-12,0.0006166490141429263,0.00031585840373207216,7.704976857918403e-08,3.799533800419118e-08,0.0033308706454963787,0.0015835252467859401,6.044238801812342e-07,2.7738190947760557e-07,0.0005791914615069423,0.00025689209476333546,1.8726883370704249e-10,6.087466595782775e-11,5.602781569768966e-06,1.7775998052761143e-06,2.066766376051184e-10,6.557249219643056e-11,7.5323705585864675e-19,7.172136821474663e-19,1.2827769397209593e-17,1.1394304594867588e-17,2.2906656732260498e-14,1.906689137777155e-14,2.276856385998433e-09,1.7830253039323374e-09,1.8624161599763607e-12,8.558771087560398e-13,3.2066404192095084e-15,1.4252930745679923e-15,4.8561233553365314e-23,1.4078185796709017e-23,3.2659915364446447e-15,9.896829775932495e-16,2.687568586189303e-18,1.155749704297612e-18,1.4634932688510065e-17,7.502030704610269e-18,6.973166132256068e-10,3.441202717015941e-10,9.75060028346137e-16,4.638828339499105e-16,1.41861241214445e-17,4.610972186448594e-18,2.4843381600669715e-19,7.701083789968506e-20,2.2400487631243226e-14,6.943822501994126e-15,7.159614266672164e-11,2.2193753756135154e-11,6.589327965273539e-17,2.091597434940917e-17,0.01032864389374218,0.004917339542049121,9.99999999999991e-31,3.338452748441212e-31,3.5201860212460972e-09,1.089585251853736e-09,3.2815135280591528e-06,9.924923586162506e-07,3.4717749866972107e-10,1.0756992728889276e-10,7.765076044021178e-13,2.350889636273714e-13
0.462,1250.5045307761388,5.370392044826227,0.26178060383731855,1.7585145662862276,0.06660663760162344,0.44062872061042974,1.6450050306177858e-07,2.1764691572455803e-06,1.1760331279032683e-13,9.803305484900753e-14,3.6824630851390685e-14,1.534833913431124e-14,3.001552582366005e-08,2.353770215652531e-08,0.20852455389005367,0.15437207903555836,2.6586121978366177e-16,1.0742563178164763e-16,8.506416962542744e-14,3.3352990392345395e-14,4.6119251066806495e-18,5.120930692026276e-18,1.3148197563309205e-15,1.3468970848786085e-15,7.554426745370808e-11,7.182614138961427e-11,1.7303838470732615e-12,1.6452180826870694e-12,1.968135383205483e-05,1.745811522656479e-05,0.2099572989681833,0.17453848920590553,0.41500696503930523,0.19760052564467934,0.08502145453603294,0.02576516031345482,7.01212469924695e-08,3.222760063272952e-08,4.824856691490103e-06,2.1430522363323743e-06,4.310349553850076e-10,1.852339356997312e-10,4.331111697530832e-12,1.8612617275371086e-12,9.747719981443808e-07,4.057226446019535e-07,6.346028641192324e-12,3.3813256352554244e-12,0.000614916935235445,0.0003149594549074664,7.680785822448898e-08,3.787463273094232e-08,0.003325441048752511,0.0015808850029347989,6.032425224547967e-07,2.7682943585789e-07,0.00057878027448819,0.00025670014393066443,1.8682119525031882e-10,6.072688900626367e-11,5.597075796829684e-06,1.7757232962619034e-06,2.0630823528071096e-10,6.545316749259455e-11,7.500601548091835e-19,7.141620779290322e-19,1.2795692929899551e-17,1.136538865690335e-17,2.2876334056921104e-14,1.9040941378209647e-14,2.277171930427472e-09,1.7832058972825984e-09,1.8598032242533585e-12,8.546444513205378e-13,3.1975290313406978e-15,1.4211902199003313e-15,4.8356066832168847e-23,1.4018183896661516e-23,3.2588091624173798e-15,9.874696939264651e-16,2.6801821544119315e-18,1.152530288509267e-18,1.460026228764729e-17,7.483979121759729e-18,6.96946774664762e-10,3.4392493115544706e-10,9.739454882817481e-16,4.633353117396612e-16,1.4137841923701552e-17,4.5951074384420864e-18,2.474381891663899e-19,7.669934736369938e-20,2.2371727401084736e-14,6.9346485958476455e-15,7.155866893054509e-11,2.2181310102851962e-11,6.575734231760687e-17,2.0872046342877447e-17,0.010328643893689107,0.004917156136085225,9.999999999999901e-31,3.3383282315038163e-31,3.5111946397989973e-09,1.0867616600158323e-09,3.2772480427690425e-06,9.91165294758202e-07,3.467024723938836e-10,1.074187378985043e-10,7.737142234521491e-13,2.3423452615915417e-13
0.463,1250.3918660219902,5.3705894645317285,0.26177098093650725,1.7623346994286502,0.06661491164782578,0.44066706950011164,1.642979921456773e-07,2.1737089469201765e-06,1.172347054906126e-13,9.772215314338248e-14,3.670173136371038e-14,1.5296546350939483e-14,2.995971255984194e-08,2.3493060636027015e-08,0.2084959339191209,0.1543451518362097,2.6496430579807617e-16,1.0705923759877055e-16,8.485247944396879e-14,3.3268751172306165e-14,4.5893966871753055e-18,5.095726377042818e-18,1.3094025677650863e-15,1.3412978555351438e-15,7.532186328656977e-11,7.161202043264678e-11,1.7249418482480506e-12,1.6399829411003466e-12,1.965304327293306e-05,1.743235441670235e-05,0.2099411024727138,0.17451853514406276,0.41504971011869807,0.19761352952001315,0.08502283599097424,0.02576462084210924,7.007006856529239e-08,3.220288158652322e-08,4.8250758495041885e-06,2.1430698849850636e-06,4.3021469447807533e-10,1.848745599744798e-10,4.3212089924830505e-12,1.856937062580464e-12,9.735573458991458e-07,4.052020099623259e-07,6.3154012044776904e-12,3.3648814269753567e-12,0.0006131932281970886,0.00031406489579948013,7.656718898306547e-08,3.775455262155121e-08,0.0033200316067625696,0.001578254711755829,6.020658604722552e-07,2.762791888376549e-07,0.0005783702925899686,0.0002565087702830733,1.863755034767522e-10,6.057976253596973e-11,5.591387460761874e-06,1.7738526553685592e-06,2.0594121371336111e-10,6.533429696276014e-11,7.46902729747277e-19,7.111293232228821e-19,1.2763758649000924e-17,1.1336602418787403e-17,2.284610482604392e-14,1.9015073193980263e-14,2.2774864719442193e-09,1.7833858892334355e-09,1.8571987524045715e-12,8.53415869596901e-13,3.1884621988296276e-15,1.4171076307001485e-15,4.815218671820953e-23,1.39585609845346e-23,3.251656802473229e-15,9.852657788065072e-16,2.672830995269989e-18,1.1493264074358702e-18,1.456574241723177e-17,7.46600686967604e-18,6.965779654199907e-10,3.437301511491046e-10,9.728344562092585e-16,4.627895503921005e-16,1.4089816791040702e-17,4.5793279293655796e-18,2.464486569994802e-19,7.638977763661668e-20,2.2343066859671713e-14,6.9255070403324675e-15,7.15213042878577e-11,2.216890364649774e-11,6.562196191358278e-17,2.082830068751137e-17,0.0103286438936363,0.00491697328805921,9.999999999999897e-31,3.33820409335841e-31,3.5022447372096225e-09,1.0839512365614531e-09,3.2729975335242673e-06,9.898429686153568e-07,3.4622902624672016e-10,1.0726806121180058e-10,7.709365150725243e-13,2.333849228017776e-13
0.464,1250.2794285587852,5.370786718563228,0.26176136681775236,1.766154972879072,0.06662316185241506,0.4407053063704821,1.640960940040528e-07,2.1709572878710207e-06,1.168679593036522e-13,9.741283658018566e-14,3.657948524106485e-14,1.5245031397856396e-14,2.990411241584769e-08,2.3448592131031923e-08,0.20846739754422963,0.15431830551920891,2.640721937747853e-16,1.0669482258441945e-16,8.464174396527821e-14,3.3184896175838906e-14,4.567021019058939e-18,5.070694092522512e-18,1.304017953243743e-15,1.335732555989788e-15,7.510054203161799e-11,7.139895280097283e-11,1.7195273329994809e-12,1.6347744978608054e-12,1.962482818432541e-05,1.7406682119640776e-05,0.20992494854463892,0.17449863717054492,0.41509231583095674,0.19762648784322337,0.08502422481070135,0.025764086480404763,7.001900901775678e-08,3.217822255578754e-08,4.82529501766692e-06,2.143087772887596e-06,4.2939794061470336e-10,1.845167383122568e-10,4.3113514981738694e-12,1.8526323508256346e-12,9.723471425489084e-07,4.046833102115698e-07,6.284981528187558e-12,3.3485495022737608e-12,0.000611477833175376,0.00031317469479876626,7.632775169549473e-08,3.7635093029895603e-08,0.0033146421957513154,0.0015756343115800968,6.008938644811202e-07,2.7573115418493085e-07,0.0005779615091710312,0.00025631797060937693,1.8593174553178246e-10,6.043328221489357e-11,5.58571646585873e-06,1.7719878500050349e-06,2.0557556455184752e-10,6.521587783238774e-11,7.437646202799368e-19,7.08115261832946e-19,1.2731965610838762e-17,1.1307945012278176e-17,2.2815968543572944e-14,1.8989286384289197e-14,2.277800015830748e-09,1.783565283087767e-09,1.854602697653294e-12,8.521913407699336e-13,3.1794396039895456e-15,1.4130451614004177e-15,4.7949582322023597e-23,1.3899313834205165e-23,3.244534261719954e-15,9.830711708763911e-16,2.665514861397166e-18,1.1461379512993496e-18,1.4531372097047848e-17,7.448113427119766e-18,6.962101806711293e-10,3.435359289920205e-10,9.717269134633347e-16,4.622455404017915e-16,1.4042046803441497e-17,4.563633018012343e-18,2.454651685557516e-19,7.608211256836543e-20,2.2314505437567375e-14,6.916397648584521e-15,7.148404818465268e-11,2.2156534195163995e-11,6.548713490315425e-17,2.078473621449905e-17,0.01032864389358372,0.004916790995201891,9.999999999999885e-31,3.3380803321249633e-31,3.493336026273936e-09,1.081153889619645e-09,3.2687619105464244e-06,9.88525351537689e-07,3.4575715120666117e-10,1.0711789426896108e-10,7.681743565371085e-13,2.3254011545731746e-13
0.465,1250.1672173426578,5.3709838074621645,0.26175176145281004,1.7699753865200334,0.06663138833048685,0.4407434317715492,1.6389480537679356e-07,2.1682141339458522e-06,1.1650306080978567e-13,9.710509364356561e-14,3.6457887580546783e-14,1.5193792175708314e-14,2.9848724092467824e-08,2.340429557634414e-08,0.2084389443402866,0.15429153966926776,2.63184847478735e-16,1.0633237170128151e-16,8.443195672840132e-14,3.3101422781740516e-14,4.5447967485676885e-18,5.045832305346652e-18,1.298665648319948e-15,1.3302009090480413e-15,7.488029605292433e-11,7.118693100955977e-11,1.714140103310499e-12,1.6295925591538672e-12,1.9596708026626017e-05,1.7381097829132356e-05,0.20990883700735583,0.1744787950321594,0.4151347828878822,0.19763940085652776,0.08502562095533135,0.02576355720169281,6.996806780110313e-08,3.215362325627244e-08,4.8255141928626264e-06,2.143105897486041e-06,4.2858467069134407e-10,1.841604603957421e-10,4.3015389049862734e-12,1.8483474545989344e-12,9.711413618845338e-07,4.0416653383867847e-07,6.254767762652892e-12,3.3323288560375747e-12,0.0006097706916764923,0.0003122888210018667,7.608953736033962e-08,3.751624938917248e-08,0.00330927269589169,0.0015730237426395803,5.997265054896726e-07,2.751853180220838e-07,0.0005775539180274088,0.0002561277418940406,1.8548990868171423e-10,6.028744375176136e-11,5.580062717286576e-06,1.7701288478731774e-06,2.052112795037159e-10,6.509790734666356e-11,7.406456675142861e-19,7.051197390346458e-19,1.2700312879310454e-17,1.127941557615556e-17,2.2785924717307023e-14,1.8963580511759576e-14,2.2781125673279607e-09,1.783744082118225e-09,1.8520150136052417e-12,8.509708422104015e-13,3.17046093188452e-15,1.4090026677028496e-15,4.7748242863557333e-23,1.3840439252144436e-23,3.2374413489046976e-15,9.80885809903569e-16,2.658233507543457e-18,1.1429648112670271e-18,1.4497150355035888e-17,7.430298277213245e-18,6.958434156322682e-10,3.4334226201235823e-10,9.706228415994171e-16,4.617032723728911e-16,1.3994530057247366e-17,4.5480220686869095e-18,2.4448767342236964e-19,7.577633617988843e-20,2.2286042568565116e-14,6.907320234822032e-15,7.144690007098417e-11,2.2144201558320494e-11,6.535285777914284e-17,2.074135176507947e-17,0.010328643893531416,0.004916609254754185,9.999999999999887e-31,3.337956945930284e-31,3.4844682256646135e-09,1.0783695291684457e-09,3.2645410879476777e-06,9.87212416063691e-07,3.4528683836852215e-10,1.0696823414751454e-10,7.654276269693005e-13,2.3170006659878596e-13
0.466,1250.0552313196595,5.37118073181111,0.2617421648114413,1.773795940234489,0.06663959119713109,0.44078144625333143,1.63694123036891e-07,2.165479439450039e-06,1.1613999671686494e-13,9.679891292741228e-14,3.633693351455388e-14,1.5142826600466502e-14,2.9793546301087522e-08,2.3360169915455802e-08,0.20841057388714143,0.15426485387502806,2.623022310017383e-16,1.0597187004846665e-16,8.422311134519917e-14,3.301832839819389e-14,4.5227225357910326e-18,5.021139498172433e-18,1.293345390798692e-15,1.3247026398978685e-15,7.466111777823473e-11,7.097594763620427e-11,1.708779962972931e-12,1.6244369329428675e-12,1.9568682264536984e-05,1.7355601042949168e-05,0.2098927676773315,0.17445900847018234,0.4151771119972363,0.19765226880025497,0.0850270243821154,0.025763032978481468,6.991724437852731e-08,3.212908340937669e-08,4.825733372101538e-06,2.14312425628426e-06,4.277748618719264e-10,1.838057160259718e-10,4.291770906573546e-12,1.844082237675675e-12,9.699399779593886e-07,4.03651669446228e-07,6.2247580923841965e-12,3.316218501621827e-12,0.0006080717471255469,0.0003114072444975755,7.58525371878766e-08,3.739801723832216e-08,0.003303922993585606,0.0015704229481489532,5.985637556601794e-07,2.746416670058199e-07,0.0005771475136920192,0.0002559380814496999,1.8504998032224484e-10,6.01422428987624e-11,5.574426121249673e-06,1.7682756170178136e-06,2.0484835033245163e-10,6.49803827695169e-11,7.375457139394632e-19,7.021426014610806e-19,1.2668799525479194e-17,1.1251013255843575e-17,2.2755972859204025e-14,1.8937955142661164e-14,2.278424131631384e-09,1.7839222895618042e-09,1.849435654278011e-12,8.49754351487488e-13,3.1615258702588622e-15,1.4049800065443544e-15,4.7548157668148624e-23,1.3781934076225048e-23,3.2303778771604394e-15,9.787096370046012e-16,2.650986690489217e-18,1.1398068794129347e-18,1.4463076227215552e-17,7.41256090739068e-18,6.954776655563193e-10,3.431491475588335e-10,9.695222224631977e-16,4.611627370516167e-16,1.39472646637181e-17,4.53249445072708e-18,2.435161217372823e-19,7.547243266714598e-20,2.225767768900505e-14,6.8982746141250136e-15,7.140985940162364e-11,2.2131905546992266e-11,6.52191270657447e-17,2.069814619084534e-17,0.010328643893479305,0.004916428063961275,9.9999999999999e-31,3.3378339329041165e-31,3.475641062460073e-09,1.0755980678157462e-09,3.260334986191475e-06,9.859041366630438e-07,3.448180789816563e-10,1.0681907797401937e-10,7.626962078797726e-13,2.308647394324541e-13
0.467,1249.943469476359,5.371377492106826,0.2617325768675991,1.7776166339057466,0.06664777056493018,0.4408193503535373,1.6349404376632052e-07,2.1627531588480735e-06,1.1577875385747139e-13,9.649428313392082e-14,3.621661824791818e-14,1.509213261903761e-14,2.973857776468613e-08,2.3316214101550413e-08,0.20838228576512585,0.15423824772723702,2.614243088400764e-16,1.0561330289381713e-16,8.401520145885632e-14,3.293561044680745e-14,4.500797057664438e-18,4.996614172797623e-18,1.2880569220979115e-15,1.3192374775153662e-15,7.444299972003253e-11,7.076599534220737e-11,1.7034467177486552e-12,1.6193074291371004e-12,1.954075036703035e-05,1.7330191263013618e-05,0.20987674038767637,0.17443927724162525,0.41521930385981703,0.1976650919133486,0.08502843505318747,0.025762513785030354,6.986653820143188e-08,3.210460273154103e-08,4.825952552275046e-06,2.14314284675575e-06,4.269684914072634e-10,1.8345249504646108e-10,4.282047198573398e-12,1.839836564744776e-12,9.687429649570089e-07,4.0313870569912825e-07,6.194950694831754e-12,3.300217448906608e-12,0.0006063809407445258,0.0003105299342587571,7.561674223135201e-08,3.728039204056053e-08,0.0032985929661847203,0.00156783186705768,5.974055856589603e-07,2.7410018711384937e-07,0.0005767422894217031,0.00025574898602692296,1.8461194793100777e-10,5.999767543668478e-11,5.5688065841530895e-06,1.766428125578012e-06,2.044867688983897e-10,6.48633013972095e-11,7.344646042103934e-19,6.99183697855325e-19,1.263742463094594e-17,1.1222737206509536e-17,2.272611248410315e-14,1.891240984602676e-14,2.2787347139065045e-09,1.784099908648989e-09,1.8468645739560806e-12,8.485418463102222e-13,3.1526341101620105e-15,1.4009770363876589e-15,4.73493161917792e-23,1.3723795183160394e-23,3.223343654805823e-15,9.765425918668697e-16,2.643774169762029e-18,1.1366640490365464e-18,1.4429148758834697e-17,7.394900810056033e-18,6.95112925718608e-10,3.429565829958971e-10,9.684250377478352e-16,4.606239251200071e-16,1.390024875918625e-17,4.5170495418455585e-18,2.425504641223705e-19,7.51703863810582e-20,2.22294102436762e-14,6.889260604329954e-15,7.137292563455426e-11,2.211964597350424e-11,6.508593931540914e-17,2.065511835294625e-17,0.010328643893427443,0.004916247420119874,9.999999999999889e-31,3.337711291211128e-31,3.4668542550635385e-09,1.0728394155231179e-09,3.256143515592666e-06,9.846004847563696e-07,3.44350864208221e-10,1.0667042285018877e-10,7.599799797539241e-13,2.30034096866929e-13
0.468,1249.8319307867223,5.371574088891857,0.2617229975930143,1.7814374674175002,0.06665592654670138,0.44085714461113784,1.632945643785648e-07,2.1600352470388476e-06,1.1541931918501502e-13,9.619119306928754e-14,3.609693701648884e-14,1.5041708191837047e-14,2.9683817215996552e-08,2.327242709581247e-08,0.20835407955882643,0.15421172081993828,2.605510457993725e-16,1.0525665563431175e-16,8.380822078287065e-14,3.2853266377547206e-14,4.479019004279403e-18,4.972254846005405e-18,1.2827999857288008e-15,1.3138051530932757e-15,7.422593445016044e-11,7.055706684747987e-11,1.69814017510777e-12,1.6142038593252238e-12,1.9512911807013294e-05,1.7304867994919093e-05,0.20986075496361814,0.17441960109703772,0.4152613591721545,0.1976778704326025,0.08502985292883651,0.025761999595044757,6.981594873317997e-08,3.208018094482951e-08,4.8261717304009915e-06,2.1431616664303543e-06,4.2616553680654364e-10,1.8310078741494134e-10,4.272367479753298e-12,1.835610301881186e-12,9.67550297305886e-07,4.0262763136815406e-07,6.165343783343013e-12,3.2843247271449066e-12,0.0006046982158930329,0.00030965686036206973,7.538214376282983e-08,3.716336936828629e-08,0.003293282497611041,0.0015652504414585741,5.962519673616278e-07,2.735608648832882e-07,0.0005763382392576614,0.00025556045272528944,1.841757991093771e-10,5.985373718785986e-11,5.563204013387478e-06,1.7645863420175338e-06,2.0412652711067877e-10,6.474666054241065e-11,7.314021842691167e-19,6.962428782259754e-19,1.2606187283889736e-17,1.119458658942687e-17,2.2696343110674335e-14,1.8886944194243726e-14,2.2790443192768285e-09,1.7842769425759204e-09,1.8443017273094946e-12,8.473333045730896e-13,3.1437853454072437e-15,1.396993616965548e-15,4.7151707994005186e-23,1.366601948050185e-23,3.216338496282786e-15,9.743846160520514e-16,2.636595706774874e-18,1.1335362142799196e-18,1.4395367002684203e-17,7.377317481640125e-18,6.94749191430041e-10,3.427645657066592e-10,9.673312694368459e-16,4.600868274017686e-16,1.3853480493712243e-17,4.5016867243933066e-18,2.415906517542449e-19,7.487018184859814e-20,2.2201239679328004e-14,6.880278023946324e-15,7.133609823183339e-11,2.2107422651518146e-11,6.495329110990926e-17,2.0612267122208583e-17,0.010328643893375861,0.004916067320527144,9.999999999999882e-31,3.3375890190163234e-31,3.4581075306065824e-09,1.0700934849803343e-09,3.2519665931962535e-06,9.833014338091288e-07,3.4388518536537213e-10,1.0652226592679985e-10,7.572788254659441e-13,2.2920810254407036e-13
0.46900000000000003,1249.7206142300638,5.3717705227104595,0.26171342695934413,1.7852584406538308,0.06666405925453288,0.4408948295615717,1.6309568171174125e-07,2.1573256592723025e-06,1.1506167977497317e-13,9.588963164504617e-14,3.5977885101805495e-14,1.499155129895081e-14,2.9629263398243325e-08,2.3228807868085813e-08,0.2083259548561084,0.15418527275030003,2.596824070243984e-16,1.0490191380843288e-16,8.360216308839987e-14,3.277129366388422e-14,4.4573870799600045e-18,4.948060050771929e-18,1.277574327781161e-15,1.3084054005418616e-15,7.400991460819964e-11,7.034915493873482e-11,1.6928601443131446e-12,1.6091260368607442e-12,1.9485166061523226e-05,1.7279630748163174e-05,0.2098448112307277,0.17439997978796923,0.41530327862586003,0.1976906045930595,0.08503127796920992,0.025761490382284025,6.976547544148708e-08,3.205581777354677e-08,4.826390903544085e-06,2.143180712866584e-06,4.253659757820897e-10,1.8275058318024172e-10,4.262731451641698e-12,1.8314033163935056e-12,9.663619496459733e-07,4.021184353174072e-07,6.135935591981893e-12,3.2685393768825643e-12,0.0006030235165616881,0.0003087879932173336,7.514873314803115e-08,3.7046944841483825e-08,0.0032879914732097757,0.0015626786141464258,5.951028729614599e-07,2.730236870024426e-07,0.0005759353573475301,0.0002553724786936393,1.8374152156922147e-10,5.971042401205614e-11,5.557618317090032e-06,1.7627502350552042e-06,2.0376761694472756e-10,6.463045753995388e-11,7.283583016243319e-19,6.933199941152412e-19,1.2575086580409259e-17,1.1166560573203705e-17,2.2666664261202174e-14,1.8861557762940257e-14,2.279352952827074e-09,1.7844533945133025e-09,1.841747069361419e-12,8.461287043440771e-13,3.1349792727072567e-15,1.39302960934561e-15,4.6955322745339014e-23,1.360860390881606e-23,3.2093622176260286e-15,9.722356516266791e-16,2.6294510651135943e-18,1.1304232702549815e-18,1.436173001968762e-17,7.359810422927492e-18,6.943864580336452e-10,3.4257309309239947e-10,9.662408996602523e-16,4.595514347954583e-16,1.380695803478831e-17,4.486405386577218e-18,2.4063663633525827e-19,7.457180376401715e-20,2.217316544689988e-14,6.8713266928716306e-15,7.12993766595067e-11,2.209523539608436e-11,6.482117906024696e-17,2.0569591379175145e-17,0.010328643893324507,0.0049158877624982805,9.99999999999988e-31,3.337467114496965e-31,3.449400619201011e-09,1.0673601898298725e-09,3.247804137220382e-06,9.82006957654486e-07,3.434210338466369e-10,1.0637460437970508e-10,7.545926291710105e-13,2.2838672050432035e-13
0.47000000000000003,1249.609518807947,5.371966794065904,0.26170386494025194,1.7890795534991772,0.06667216879896372,0.4409324057327157,1.62897392620676e-07,2.154624351051193e-06,1.1470582282333002e-13,9.558958787702494e-14,3.585945784137494e-14,1.4941659944456643e-14,2.9574915065430785e-08,2.3185355397168398e-08,0.20829791124652028,0.15415890311791924,2.5881835802194635e-16,1.045490631056779e-16,8.33970221902681e-14,3.268968979740231e-14,4.435900004132264e-18,4.9240283372410726e-18,1.2723796973513479e-15,1.3030379569302369e-15,7.379493290798007e-11,7.014225247586832e-11,1.6876064364641785e-12,1.604073776907929e-12,1.9457512611711864e-05,1.725447903618588e-05,0.20982890902277382,0.17438041307404614,0.41534506290662826,0.1977032946281619,0.08503271013704738,0.02576098612147106,6.971511779057197e-08,3.2031512940731396e-08,4.826610068734369e-06,2.143199983622172e-06,4.24569786188903e-10,1.8240187245685113e-10,4.253138818092206e-12,1.827215476641973e-12,9.651778967841223e-07,4.01611106486993e-07,6.106724361303643e-12,3.252860442387323e-12,0.0006013567859515535,0.0003079233028409717,7.491650172372513e-08,3.693111406737947e-08,0.0032827197746708716,0.0015601163262091004,5.939582740913083e-07,2.724886399087674e-07,0.0005755336372767801,0.0002551850608344107,1.8330910311625206e-10,5.956773180123905e-11,5.552049403849621e-06,1.7609197735768087e-06,2.0341003045406209e-10,6.451468975079033e-11,7.253328055962748e-19,6.904148988336282e-19,1.2544121625584664e-17,1.1138658334757548e-17,2.263707546117477e-14,1.8836250130700802e-14,2.2796606196088422e-09,1.7846292676164866e-09,1.839200555440545e-12,8.449280238453791e-13,3.126215591459236e-15,1.389084875838561e-15,4.6760150228532474e-23,1.3551545442087353e-23,3.2024146329862624e-15,9.700956401117653e-16,2.6223400107506947e-18,1.1273251131385763e-18,1.4328236879238377e-17,7.342379139250326e-18,6.940247208985952e-10,3.4238216257068954e-10,9.651539105474085e-16,4.590177382058973e-16,1.3760679570566352e-17,4.471204923520627e-18,2.3968837001751625e-19,7.42752369654697e-20,2.2145187003439277e-14,6.8624064330066945e-15,7.126276038701493e-11,2.208308402352692e-11,6.468959980544878e-17,2.05270900137832e-17,0.010328643893273358,0.00491570874338206,9.999999999999878e-31,3.3373455758531083e-31,3.4407332482782212e-09,1.0646394429183657e-09,3.243656061576649e-06,9.807170288394869e-07,3.4295840104079626e-10,1.0622743538502983e-10,7.519212751509297e-13,2.275699148379039e-13
0.47100000000000003,1249.4986435065898,5.372162903514025,0.2616943115068498,1.792900805838374,0.06668025529089058,0.44096987365429197,1.6269969399223008e-07,2.1519312783179184e-06,1.143517356430504e-13,9.529105088166643e-14,3.574165060130321e-14,1.4892032144903067e-14,2.952077098098533e-08,2.3142068669574613e-08,0.20826994832418483,0.15413261152583776,2.579588645927415e-16,1.0419808933823412e-16,8.31927919738958e-14,3.26084522981058e-14,4.4145565086966954e-18,4.900158269765981e-18,1.2672158454740716e-15,1.2977025613818213e-15,7.358098211952195e-11,6.993635237425355e-11,1.68237886430161e-12,1.5990468962438237e-12,1.942995094256066e-05,1.722941237598948e-05,0.20981304816444074,0.17436090070733895,0.4153867126963034,0.19771594076929813,0.08503414939252522,0.025760486786542823,6.966487525773518e-08,3.200726617553892e-08,4.826829223139316e-06,2.143219476314895e-06,4.237769461429856e-10,1.8205464547438332e-10,4.2435892860618505e-12,1.8230466523589802e-12,9.639981137731715e-07,4.011056339229593e-07,6.0777083692663316e-12,3.2372869880874866e-12,0.0005996979696261452,0.00030706276046768766,7.468544106045378e-08,3.6815872769673444e-08,0.0032774672909886195,0.001557563522224698,5.928181437157042e-07,2.719557106548949e-07,0.0005751330735162165,0.0002549981964435995,1.8287853167917257e-10,5.942565648859277e-11,5.546497183275066e-06,1.7590949268023766e-06,2.0305375973790207e-10,6.439935455122328e-11,7.2232554670045155e-19,6.87527446867692e-19,1.251329153068204e-17,1.111087905674826e-17,2.2607576239879423e-14,1.8811020879422702e-14,2.2799673246314496e-09,1.7848045650053318e-09,1.8366621412584914e-12,8.437312414827067e-13,3.117494004029686e-15,1.385159280114117e-15,4.656618032965308e-23,1.3494841085020414e-23,3.195495563421716e-15,9.679645251387644e-16,2.615262311449839e-18,1.124241639907811e-18,1.42948866579804e-17,7.325023139808037e-18,6.936639754303104e-10,3.4219177157787034e-10,9.640702845370176e-16,4.584857286882342e-16,1.3714643301865024e-17,4.456084734631051e-18,2.38745805531285e-19,7.398046647420355e-20,2.2117303807577486e-14,6.8535170668028705e-15,7.122624888797228e-11,2.207096835152323e-11,6.455855001323891e-17,2.048476192542385e-17,0.010328643893222467,0.004915530260525106,9.99999999999989e-31,3.3372244012833218e-31,3.432105154740738e-09,1.0619311600485947e-09,3.239522287713458e-06,9.794316221987726e-07,3.4249727850227213e-10,1.0608075617116376e-10,7.492646502042241e-13,2.267576504064174e-13
0.47200000000000003,1249.3879873388237,5.3723588515589356,0.26168476663277845,1.7967221975566137,0.06668831883941936,0.4410072338472546,1.6250258272841618e-07,2.149246397248584e-06,1.1399940566633765e-13,9.499400987864653e-14,3.5624458807382447e-14,1.4842665942376938e-14,2.946682991922341e-08,2.3098946680871053e-08,0.2082420656847358,0.15410639757953035,2.5710389290157074e-16,1.038489784701055e-16,8.298946636488306e-14,3.252757870275338e-14,4.39335534062579e-18,4.876448429827054e-18,1.262082526256769e-15,1.2923989562456946e-15,7.33680550881959e-11,6.973144762349746e-11,1.6771772423988804e-12,1.5940452134525188e-12,1.9402480543205158e-05,1.7204430288564816e-05,0.2097972284905908,0.17434144244979125,0.41542822867079265,0.19772854324642167,0.08503559569863564,0.025759992352489963,6.961474731508513e-08,3.198307720510521e-08,4.82704836387506e-06,2.143239188556215e-06,4.2298743388939774e-10,1.8170889252233948e-10,4.234082564729099e-12,1.8188967142845317e-12,9.628225758271272e-07,4.006020067452312e-07,6.048885895866959e-12,3.221818079757146e-12,0.0005980470119423437,0.0003062063367252788,7.4455542669621e-08,3.67012166444266e-08,0.0032722339063069304,0.0015550201444973655,5.91682454031312e-07,2.7142488594757874e-07,0.0005747336598159536,0.00025481188250071744,1.8244979527659321e-10,5.928419403823798e-11,5.540961565376574e-06,1.7572756641042123e-06,2.0269879697838102e-10,6.428444934522867e-11,7.193363772998759e-19,6.846574945059598e-19,1.248259541617115e-17,1.1083221930345369e-17,2.2578166129767984e-14,1.8785869593939854e-14,2.2802730728720144e-09,1.784979289786658e-09,1.834131782824598e-12,8.425383358129402e-13,3.10881421528105e-15,1.3812526870014514e-15,4.63734030439809e-23,1.3438487874848236e-23,3.1886048262531755e-15,9.658422492325554e-16,2.6082177373969786e-18,1.1211727486201685e-18,1.4261678441081175e-17,7.307741938377563e-18,6.933042170595416e-10,3.420019175664475e-10,9.629900040333619e-16,4.579553972881526e-16,1.3668847450757942e-17,4.4410442264249335e-18,2.378088960233851e-19,7.368747744502722e-20,2.208951532457478e-14,6.844658418880697e-15,7.118984163939576e-11,2.2058888199044432e-11,6.442802637911394e-17,2.044260602281138e-17,0.010328643893171782,0.004915352311311849,9.999999999999883e-31,3.3371035890118657e-31,3.4235160714672892e-09,1.0592352558121108e-09,3.2354027314827925e-06,9.781507108915557e-07,3.420376577626362e-10,1.0593456396123104e-10,7.466226410155114e-13,2.2594989204836874e-13
0.47300000000000003,1249.2775492991996,5.372554638764775,0.2616752302887643,1.8005437285394907,0.06669635955413974,0.4410444868350048,1.6230605576508242e-07,2.146569664481225e-06,1.1364882044124486e-13,9.469845418717903e-14,3.5507877909794874e-14,1.4793559389659705e-14,2.9413090663823035e-08,2.3055988434272986e-08,0.2082142629287973,0.1540802608881386,2.5625340939649404e-16,1.0350171658351767e-16,8.278703936155605e-14,3.2447066577321834e-14,4.3722952589079705e-18,4.8528974125914856e-18,1.2569794956216181e-15,1.287126885796039e-15,7.315614471348175e-11,6.952753126661545e-11,1.6720013869409723e-12,1.5890685487003177e-12,1.9375100906648295e-05,1.7179532298485254e-05,0.2097814498256122,0.174322038054541,0.415469611502541,0.19774110228751293,0.08503704901499863,0.02575950279325825,6.95647334494827e-08,3.195894576343067e-08,4.8272674882087455e-06,2.1432591180224972e-06,4.222012279435481e-10,1.813646040091851e-10,4.224618366424934e-12,1.8147655345498793e-12,9.616512584129432e-07,4.0010021418226833e-07,6.0202552601219984e-12,3.2064528041822154e-12,0.0005964038598281219,0.0003053540035661762,7.422679831681532e-08,3.6587141514175704e-08,0.003267019513006261,0.001552486139262921,5.905511787279503e-07,2.7089615318252924e-07,0.000574335390940941,0.00025462611643605403,1.8202288205180576e-10,5.9143340455999e-11,5.535442461228533e-06,1.7554619552016844e-06,2.0234513439914492e-10,6.416997155075399e-11,7.163651508795119e-19,6.818048991417777e-19,1.2452032408444856e-17,1.1055686152215266e-17,2.254884466722668e-14,1.876079586249794e-14,2.2805778692643277e-09,1.785153445030047e-09,1.8316094365430972e-12,8.413492855813428e-13,3.100175932782282e-15,1.3773649625701842e-15,4.6181808463577517e-23,1.3382482877600645e-23,3.1817422460269986e-15,9.63728757123711e-16,2.601206060500915e-18,1.1181183381026521e-18,1.4228611320834618e-17,7.29053505253181e-18,6.929454412546022e-10,3.418125980081401e-10,9.619130517786188e-16,4.574267352149117e-16,1.3623290251146395e-17,4.426082809423463e-18,2.368775951876493e-19,7.339625520603464e-20,2.2061821020911466e-14,6.835830314293503e-15,7.115353812266371e-11,2.2046843386459852e-11,6.429802562736492e-17,2.0400621224125074e-17,0.010328643893121351,0.004915174893121915,9.999999999999885e-31,3.3369831372597243e-31,3.4149657418089843e-09,1.0565516480649757e-09,3.2312973173009586e-06,9.768742706743655e-07,3.4157953053357585e-10,1.0578885603502092e-10,7.439951369442858e-13,2.251466054210716e-13
0.47400000000000003,1249.1673284240997,5.372750265605162,0.26166570244995213,1.8043653986729362,0.06670437754212535,0.441081633128613,1.6211011004382804e-07,2.143901036768825e-06,1.1329996762933886e-13,9.440437322511702e-14,3.539190342848411e-14,1.4744710569293785e-14,2.9359552009112872e-08,2.3013192941915713e-08,0.20818653965691394,0.15405420106248485,2.554073809019317e-16,1.0315628991765458e-16,8.258550498709388e-14,3.2366913498605536e-14,4.35137503806652e-18,4.829503830869627e-18,1.2519065128927229e-15,1.2818860978712864e-15,7.29452439741324e-11,6.93245964247207e-11,1.6668511159245459e-12,1.5841167239435343e-12,1.9347811529757646e-05,1.7154717934099586e-05,0.20976571201131144,0.17430268729109794,0.4155108618571019,0.1977536181192156,0.08503850930674169,0.025759018084733958,6.951483313459593e-08,3.193487157890675e-08,4.827486593275274e-06,2.1432792623538262e-06,4.214183068839544e-10,1.8102177037536878e-10,4.215196405180376e-12,1.8106529860739062e-12,9.604841371046883e-07,3.996002455149382e-07,5.9918147711383025e-12,3.1911902431325935e-12,0.0005947684578238624,0.0003045057317319376,7.399919959267691e-08,3.6473643116805805e-08,0.003261823993785377,0.001549961448191396,5.894242898873355e-07,2.7036949902481885e-07,0.000573938260292637,0.00025444089507913834,1.8159778021897863e-10,5.90030917725847e-11,5.529939782014214e-06,1.753653769878282e-06,2.0199276431685007e-10,6.405591861677689e-11,7.134117229596123e-19,6.789695201499197e-19,1.2421601643815747e-17,1.102827092819373e-17,2.251961139111744e-14,1.873579927575444e-14,2.280881718715848e-09,1.785327033801629e-09,1.829095059046334e-12,8.401640696545191e-13,3.0915788671539364e-15,1.373495974299013e-15,4.599138680102881e-23,1.3326823195127314e-23,3.1749076418153853e-15,9.61623991912512e-16,2.5942270552395265e-18,1.1150783083280069e-18,1.4195684398080152e-17,7.273402004448682e-18,6.925876435030644e-10,3.416238103887633e-10,9.608394103341289e-16,4.568997335998743e-16,1.3577969960662493e-17,4.411199902068592e-18,2.35951857151933e-19,7.310678522438107e-20,2.203422037134151e-14,6.82703258079081e-15,7.111733782191884e-11,2.2034833735294377e-11,6.416854450780166e-17,2.0358806456199907e-17,0.010328643893071095,0.004914998003386392,9.99999999999988e-31,3.3368630442828436e-31,3.4064538996889982e-09,1.0538802517824154e-09,3.2272059587558596e-06,9.75602274049197e-07,3.4112288842481144e-10,1.0564362964282558e-10,7.413820261420548e-13,2.243477558280324e-13
0.47500000000000003,1249.0573237244034,5.372945732631085,0.2616561830877272,1.808187207843273,0.06671237291134441,0.44111867324365284,1.6191474254325291e-07,2.1412404713645497e-06,1.1295283500574948e-13,9.411175650772123e-14,3.527653090284837e-14,1.4696117572422945e-14,2.930621275841857e-08,2.2970559223254657e-08,0.20815889547486693,0.1540282177170052,2.545657745086168e-16,1.0281268482280913e-16,8.238485734179094e-14,3.228711707426905e-14,4.330593463876214e-18,4.806266310292115e-18,1.246863338962132e-15,1.2766763419783844e-15,7.273534589866506e-11,6.912263626804713e-11,1.6617262488978974e-12,1.5791895626599864e-12,1.932061191320972e-05,1.712998672725747e-05,0.2097500148756784,0.17428338991712408,0.4155519803969227,0.1977660909660737,0.08503997653503732,0.025758538201542974,6.946504586218438e-08,3.1910854388272564e-08,4.8277056763972765e-06,2.1432996192682463e-06,4.2063864958165846e-10,1.806803821894794e-10,4.2058163983117844e-12,1.8065589432200573e-12,9.593211877462339e-07,3.9910209013896415e-07,5.963562781537517e-12,3.1760295017719718e-12,0.0005931407535422317,0.00030366149354464135,7.377273839056055e-08,3.636071734050844e-08,0.003256647241701753,0.0015474460178900497,5.883017614496292e-07,2.6984491099551307e-07,0.0005735422625709243,0.00025425621583558244,1.8117447812119852e-10,5.886344406166351e-11,5.524453440081283e-06,1.7518510782934303e-06,2.016416790836356e-10,6.394228800421702e-11,7.1047595003720805e-19,6.761512178697051e-19,1.2391302263868473e-17,1.1000975469012477e-17,2.2490465844382878e-14,1.8710879427868575e-14,2.281184626090664e-09,1.7855000591275982e-09,1.826588607377946e-12,8.38982667093544e-13,3.083022731307929e-15,1.3696455907195114e-15,4.5802128355541304e-23,1.3271505955087575e-23,3.1681008405179694e-15,9.595278990852523e-16,2.587280497654826e-18,1.112052559967809e-18,1.4162896780436474e-17,7.256342319909404e-18,6.922308193303902e-10,3.4143555221296884e-10,9.597690626576966e-16,4.563743837650635e-16,1.3532884846984432e-17,4.396394926217061e-18,2.350316365597749e-19,7.281905313057468e-20,2.2006712850877203e-14,6.818265046245239e-15,7.108124022553517e-11,2.2022859068395986e-11,6.403957979867491e-17,2.0317160655184344e-17,0.010328643893021112,0.0049148216395241634,9.99999999999988e-31,3.336743308328841e-31,3.397980291821017e-09,1.0512209859190504e-09,3.223128580305728e-06,9.74334696810752e-07,3.406677232587482e-10,1.0549888210150576e-10,7.38783199904073e-13,2.2355330953283383e-13
0.47600000000000003,1248.9475342411042,5.373141040332881,0.2616466721764379,1.812009155937173,0.06672034576779,0.44115560768601114,1.617199502551877e-07,2.1385879257304684e-06,1.1260741046053535e-13,9.382059364978367e-14,3.516175593193629e-14,1.464777851569193e-14,2.9253071725775327e-08,2.2928086306653786e-08,0.20813132998973186,0.15400231046850132,2.537285576626585e-16,1.0247088779742496e-16,8.218509056182185e-14,3.220767492702796e-14,4.309949336727181e-18,4.783183493090755e-18,1.2418497377702909e-15,1.271497370821736e-15,7.252644358991405e-11,6.892164404001155e-11,1.6566266071900286e-12,1.5742868900832384e-12,1.929350156175939e-05,1.7105338213732648e-05,0.20973435825851125,0.17426414570161713,0.41559296777857535,0.1977785210513592,0.08504145066409152,0.025758063119447137,6.941537111727863e-08,3.188689392555735e-08,4.82792473482646e-06,2.1433201864701694e-06,4.198622350187832e-10,1.803404300722327e-10,4.196478065182084e-12,1.802483281283375e-12,9.581623863278104e-07,3.9860573751786074e-07,5.935497642007898e-12,3.1609696844830734e-12,0.0005915206930435916,0.0003028212605423521,7.354740651813399e-08,3.6248360032715665e-08,0.0032514891439360326,0.0015449397922048774,5.871835664101737e-07,2.6932237618865295e-07,0.0005731473916209006,0.000254072075735229,1.8075296418497434e-10,5.872439342570616e-11,5.5189833481043665e-06,1.750053850735824e-06,2.012918711346227e-10,6.382907720168467e-11,7.075576904382206e-19,6.733498544228495e-19,1.2361133419360377e-17,1.0973798993879108e-17,2.246140757300341e-14,1.8686035915835254e-14,2.2814865962222234e-09,1.7856725240235524e-09,1.8240900388635787e-12,8.378050571036065e-13,3.0745072403413575e-15,1.3658136813834074e-15,4.5614023528501237e-23,1.3216528315593372e-23,3.1613216638590823e-15,9.57440422586105e-16,2.5803661661801473e-18,1.1090409947597604e-18,1.413024758388298e-17,7.23935552918599e-18,6.918749642861486e-10,3.4124782100114346e-10,9.587019916417527e-16,4.558506770084641e-16,1.3488033199019031e-17,4.381667310819225e-18,2.3411688841630375e-19,7.253304467147362e-20,2.1979297941449322e-14,6.809527540789539e-15,7.104524482522499e-11,2.2010919209897388e-11,6.39111283050782e-17,2.0275682766250152e-17,0.010328643892971357,0.004914645798995074,9.999999999999882e-31,3.3366239276731827e-31,3.3895446597295284e-09,1.0485737678573252e-09,3.2190650997148746e-06,9.730715127469785e-07,3.4021402681731606e-10,1.0535461071722197e-10,7.361985491504046e-13,2.2276323269655045e-13
0.47700000000000004,1248.837959000783,5.373336189248872,0.26163716968810485,1.8158312428416907,0.0667282962178746,0.44119243696374105,1.6152573019638545e-07,2.135943357672647e-06,1.1226368198519293e-13,9.353087435349564e-14,3.504757413987532e-14,1.459969152670344e-14,2.920012773299037e-08,2.2885773226871542e-08,0.20810384281211375,0.1539764789364023,2.5289569807163683e-16,1.0213088544918777e-16,8.198619884322059e-14,3.212858470374561e-14,4.2894414682566534e-18,4.7602540343115e-18,1.2368654750178657e-15,1.266348938971689e-15,7.231853020008534e-11,6.87216130328552e-11,1.6515520135603364e-12,1.5694085328547278e-12,1.9266479983158303e-05,1.7080771932107257e-05,0.20971874199153337,0.17424495440681417,0.4156338246545705,0.1977909085961511,0.08504293165698903,0.025757592813853036,6.936580839488404e-08,3.18629899294646e-08,4.828143765923899e-06,2.1433409617110593e-06,4.190890423951549e-10,1.8000190474060128e-10,4.187181127779372e-12,1.7984258767222297e-12,9.570077090355223e-07,3.981111771998858e-07,5.9076177404047454e-12,3.146009915659673e-12,0.0005899082248746959,0.0003019850055439349,7.33231959843991e-08,3.6136567141224724e-08,0.0032463495937526316,0.0015424427178898316,5.860696788678933e-07,2.6880188220836335e-07,0.0005727536420160062,0.0002538884721316772,1.8033322694220114e-10,5.858593600257468e-11,5.513529419607908e-06,1.7482620577732792e-06,2.0094333294300473e-10,6.371628371065102e-11,7.046568035765415e-19,6.705652930016754e-19,1.2331094266440333e-17,1.0946740727017568e-17,2.243243612581911e-14,1.8661268339166144e-14,2.2817876339072176e-09,1.785844431473601e-09,1.821599311130034e-12,8.36631219035139e-13,3.0660321138978744e-15,1.3620001178986945e-15,4.5427062843316684e-23,1.3161887470827047e-23,3.154569945093342e-15,9.553615098678732e-16,2.5734838408560653e-18,1.10604351516023e-18,1.409773593066099e-17,7.222441165898451e-18,6.915200739509546e-10,3.4106061428973574e-10,9.57638180433517e-16,4.553286047521068e-16,1.344341331702322e-17,4.367016488667803e-18,2.332075684542021e-19,7.22487458229549e-20,2.195197512630573e-14,6.800819895018778e-15,7.100935111605066e-11,2.1999013985020012e-11,6.378318685638477e-17,2.023437174259139e-17,0.010328643892921879,0.004914470479255654,9.999999999999885e-31,3.3365049005890524e-31,3.3811467528581806e-09,1.0459385174530909e-09,3.2150154409781086e-06,9.718126975372645e-07,3.3976179101987935e-10,1.0521081283956702e-10,7.336279668710042e-13,2.2197749211549487e-13
0.47800000000000004,1248.7285970431594,5.373531179900535,0.2616276755955782,1.819653468444252,0.06673622436680791,0.44122916157900255,1.6133207941218103e-07,2.1333067254022887e-06,1.1192163769550367e-13,9.324258842801295e-14,3.49339811993717e-14,1.4551854753890085e-14,2.9147379613576504e-08,2.284361902827891e-08,0.20807643355612668,0.15395072274367794,2.520671637837757e-16,1.017926645275717e-16,8.178817643885829e-14,3.2049844074434166e-14,4.269068683812807e-18,4.737476604572875e-18,1.2319103190146077e-15,1.2612308037405043e-15,7.211159895185732e-11,6.852253660808861e-11,1.6465022926053575e-12,1.5645543194191862e-12,1.9239546690074723e-05,1.7056287425575542e-05,0.20970316590976398,0.17422581579869187,0.4156745516731219,0.19780325382041888,0.08504441947590304,0.02575712726003108,6.931635719456451e-08,3.1839142141075234e-08,4.8283627670903585e-06,2.143361942771434e-06,4.183190511156373e-10,1.7966479700342753e-10,4.177925310903016e-12,1.7943866072486718e-12,9.558571322928582e-07,3.9761839883767646e-07,5.879921471754262e-12,3.1311493237471817e-12,0.0005883032969772799,0.0003011527010681063,7.310009885404141e-08,3.602533464261141e-08,0.003241228484652958,0.0015399547418376272,5.849600730481905e-07,2.682834167222265e-07,0.0005723610082959507,0.00025370540236595475,1.799152550349909e-10,5.844806796743192e-11,5.508091568851853e-06,1.7464756702269353e-06,2.005960570568252e-10,6.360390505748727e-11,7.017731504369154e-19,6.677973983322461e-19,1.2301183969735575e-17,1.0919799900472148e-17,2.2403551056150257e-14,1.8636576301349124e-14,2.2820877439043965e-09,1.7860157844402342e-09,1.8191163822162283e-12,8.354611324397623e-13,3.057597070962039e-15,1.3582047716248783e-15,4.5241236876437784e-23,1.3107580631124485e-23,3.1478455084751623e-15,9.532911056795973e-16,2.566633303921142e-18,1.103060024604515e-18,1.4065360951579694e-17,7.205598768238273e-18,6.911661439374995e-10,3.408739296338162e-10,9.565776123096081e-16,4.548081584851594e-16,1.3399023519481956e-17,4.352441898656745e-18,2.323036324956352e-19,7.196614259261624e-20,2.192474389377309e-14,6.792141941196347e-15,7.097355859738932e-11,2.1987143220505144e-11,6.365575231280394e-17,2.0193226547623066e-17,0.010328643892872608,0.004914295677788689,9.999999999999878e-31,3.3363862253674975e-31,3.3727863223082277e-09,1.0433151551044246e-09,3.2109795280515666e-06,9.705582268629834e-07,3.3931100784925833e-10,1.0506748583928095e-10,7.310713471317162e-13,2.211960549216384e-13
0.47900000000000004,1248.6194474191839,5.373726012793574,0.26161818987248514,1.823475832632642,0.06674413031888345,0.44126578202949424,1.61138994959289e-07,2.1306779873058027e-06,1.1158126580438137e-13,9.295572576669324e-14,3.482097282577354e-14,1.4504266364018006e-14,2.9094826209066966e-08,2.2801622761942694e-08,0.2080491018376128,0.15392504151535658,2.512429231388224e-16,1.0145621190384e-16,8.159101763944694e-14,3.1971450724766884e-14,4.2488298211632946e-18,4.7148498886224105e-18,1.2269840404487855e-15,1.2561427249439613e-15,7.190564312634128e-11,6.832440818495053e-11,1.6414772703878106e-12,1.5597240796697646e-12,1.9212701197991403e-05,1.703188424006e-05,0.20968762985217138,0.17420672964732303,0.4157151494771496,0.19781555694233982,0.08504591408505618,0.02575666643398506,6.926701701337754e-08,3.1815350300567394e-08,4.828581735707389e-06,2.143383127432446e-06,4.1755224070596424e-10,1.793290977250443e-10,4.168710341259723e-12,1.7903653514377838e-12,9.547106326470918e-07,3.97127392140525e-07,5.852407248636652e-12,3.1163870467658225e-12,0.0005867058578074805,0.0003003243199061133,7.287810720727822e-08,3.591465852239025e-08,0.003236125708420048,0.0015374758101489353,5.838547229271536e-07,2.6776696728860644e-07,0.0005719694846891874,0.0002535228636432305,1.7949903718502333e-10,5.831078552270645e-11,5.5026697105261196e-06,1.744694659072394e-06,2.0025003608221816e-10,6.349193878807162e-11,6.98906593447911e-19,6.650460365522203e-19,1.2271401700801694e-17,1.0892975752716576e-17,2.237475191933628e-14,1.8611959407779323e-14,2.282386930941705e-09,1.7861865858680357e-09,1.8166412103724843e-12,8.342947769771211e-13,3.0492018358729334e-15,1.3544275163424607e-15,4.505653634523788e-23,1.3053605048413072e-23,3.141148186260122e-15,9.51229157214376e-16,2.559814339554009e-18,1.100090427394417e-18,1.4033121784136125e-17,7.188827877995652e-18,6.908131698832297e-10,3.4068776460309337e-10,9.555202705738519e-16,4.542893297148206e-16,1.3354862140899096e-17,4.337942985056651e-18,2.314050371106656e-19,7.168522122362971e-20,2.1897603736560733e-14,6.783493513030301e-15,7.09378667715989e-11,2.1975306744176563e-11,6.352882155687984e-17,2.015224615225834e-17,0.01032864389282355,0.004914121392098114,9.999999999999885e-31,3.336267900313908e-31,3.36446311842399e-09,1.040703601003354e-09,3.2069572826655928e-06,9.693080757453305e-07,3.3886166930176744e-10,1.0492462709265776e-10,7.285285843333953e-13,2.204188883580871e-13
0.48,1248.510509188292,5.373920688426153,0.26160871249282874,1.8272983352950003,0.06675201417756876,0.4413022988089384,1.609464739183109e-07,2.1280571021094642e-06,1.1124255463694454e-13,9.267027635959002e-14,3.470854477713505e-14,1.4456924542202582e-14,2.9042466371039503e-08,2.275978348720209e-08,0.20802184727506268,0.15389943487916485,2.5042294478802913e-16,1.0112151457903705e-16,8.13947167873741e-14,3.189340236148238e-14,4.2287237308017834e-18,4.6923725856705055e-18,1.2220864123804645e-15,1.251084464893213e-15,7.170065606779491e-11,6.812722124484324e-11,1.6364767746271159e-12,1.5549176451280099e-12,1.9185943026470525e-05,1.700756192532652e-05,0.20967213365942836,0.17418769572496592,0.4157556187049307,0.19782781817855896,0.08504741544908104,0.02575621031194876,6.921778735211039e-08,3.1791614150071614e-08,4.828800669192002e-06,2.1434045134996e-06,4.1678859087555666e-10,1.789947978521738e-10,4.159535948076596e-12,1.7863619889900518e-12,9.535681868448116e-07,3.9663814690565507e-07,5.825073496482415e-12,3.101722229801844e-12,0.0005851158558447482,0.0002994998348701725,7.265721319079104e-08,3.580453480009335e-08,0.0032310411574931436,0.0015350058692600987,5.8275360266679e-07,2.6725252155616554e-07,0.0005715790654428327,0.0002533408531789943,1.790845622139099e-10,5.817408490467833e-11,5.497263759972553e-06,1.7429189955095187e-06,1.999052626888003e-10,6.33803824694724e-11,6.960569964710598e-19,6.623110751998229e-19,1.224174663867174e-17,1.0866267529135633e-17,2.2346038274354843e-14,1.8587417267099493e-14,2.2826851997131543e-09,1.7863568386807853e-09,1.8141737541947e-12,8.331321324762043e-13,3.040846133957568e-15,1.3506682263123352e-15,4.4872952040992234e-23,1.2999957996778956e-23,3.1344778077017074e-15,9.491756107765692e-16,2.5530267339222855e-18,1.0971346287186013e-18,1.400101757343913e-17,7.172128041029153e-18,6.904611474537339e-10,3.405021167834852e-10,9.544661386514701e-16,4.537721100109509e-16,1.3310927532096442e-17,4.3235191976086115e-18,2.3051173914265794e-19,7.140596804763739e-20,2.187055415152248e-14,6.774874445597098e-15,7.090227514452649e-11,2.1963504385091573e-11,6.340239149828251e-17,2.0111429536419067e-17,0.010328643892774696,0.004913947619707686,9.999999999999883e-31,3.3361499237471232e-31,3.3561768935639712e-09,1.0381037759925734e-09,3.202948626954335e-06,9.680622193398925e-07,3.3841376743491273e-10,1.0478223399627785e-10,7.259995739176285e-13,2.1964595999244652e-13
0.481,1248.4017814057856,5.374115207318759,0.26159924342953417,1.831120976319837,0.06675987604621804,0.44133871241058514,1.6075451339077748e-07,2.125444028834295e-06,1.1090549261726342e-13,9.238623028211987e-14,3.4596692843220983e-14,1.440982748728198e-14,2.8990298959058904e-08,2.2718100269990118e-08,0.20799466948981696,0.15387390246525312,2.496071976509757e-16,1.0078855966622635e-16,8.11992682764501e-14,3.181569671218913e-14,4.2087492745744054e-18,4.670043407848494e-18,1.2172172098164614e-15,1.2460557879553289e-15,7.14966311727374e-11,6.793096932077833e-11,1.631500634473572e-12,1.5501348487243869e-12,1.9159271698132336e-05,1.6983320034030438e-05,0.20965667716882438,0.17416871380135884,0.4157959599904126,0.19784003774379683,0.08504892353253117,0.02575575887016726,6.916866771729194e-08,3.1767933434506473e-08,4.829019565025875e-06,2.143426098809832e-06,4.1602808151684895e-10,1.7866188841311128e-10,4.150401862942256e-12,1.7823764006577696e-12,9.524297718077139e-07,3.961506530070229e-07,5.797918667874318e-12,3.087154032611392e-12,0.0005835332411043533,0.0002986792195667568,7.243740907987857e-08,3.5694959559784864e-08,0.0032259747274798107,0.0015325448671321422,5.816566870281838e-07,2.667400674525542e-07,0.0005711897451488193,0.0002531593683429083,1.786718190385254e-10,5.803796238178824e-11,5.4918736332304635e-06,1.7411486509719748e-06,1.9956172959267405e-10,6.326923368437549e-11,6.932242245592204e-19,6.595923829816077e-19,1.2212217968320236e-17,1.0839674480628986e-17,2.231740968290808e-14,1.8562949490387267e-14,2.2829825548790263e-09,1.7865265457767392e-09,1.811713972558502e-12,8.319731789027354e-13,3.032529694649891e-15,1.3469267776570596e-15,4.469047487076059e-23,1.2946636784555437e-23,3.127834210008741e-15,9.471304150972129e-16,2.546270274893528e-18,1.0941925345250084e-18,1.396904747099626e-17,7.15549880662285e-18,6.901100723427763e-10,3.4031698377619164e-10,9.534152001395429e-16,4.532564910287834e-16,1.3267218056805723e-17,4.3091699904032985e-18,2.2962369607911956e-19,7.112836959938513e-20,2.1843594638001176e-14,6.766284574809517e-15,7.086678322519378e-11,2.1951735973382633e-11,6.327645907024713e-17,2.0070775687847144e-17,0.010328643892726065,0.004913774358147537,9.999999999999887e-31,3.336032293990312e-31,3.3479274047343708e-09,1.0355156023768477e-09,3.1989534861427524e-06,9.668206337459963e-07,3.379672943980048e-10,1.0464030397618837e-10,7.234842127571145e-13,2.1887723783419808e-13
0.482,1248.2932631417975,5.374309569970029,0.2615897826565993,1.8349437555960169,0.06676771602692988,0.4413750233215376,1.6056311050432057e-07,2.1228387268733053e-06,1.1057006828747724e-13,9.210357771134442e-14,3.4485412860849915e-14,1.4362973418262846e-14,2.8938322843875305e-08,2.2676572185433073e-08,0.207967568106313,0.15384844390703048,2.487956509742817e-16,1.0045733441458054e-16,8.100466655272819e-14,3.173833152581357e-14,4.1889053274437295e-18,4.647861082181186e-18,1.2123762102981248e-15,1.2410564611594764e-15,7.12935619056175e-11,6.773564601252921e-11,1.6265486808316799e-12,1.5453755251114738e-12,1.913268674027221e-05,1.6959158123220438e-05,0.20964126022187163,0.17414978365077813,0.415836173963217,0.1978522158516926,0.08505043829957512,0.025755312084913554,6.911965761866969e-08,3.174430790055353e-08,4.829238420714355e-06,2.1434478812224063e-06,4.152706927084432e-10,1.7833036051980512e-10,4.14130782005287e-12,1.7784084683578275e-12,9.512953646749326e-07,3.9566490041456876e-07,5.770941220595398e-12,3.0726816179414387e-12,0.0005819579628541501,0.000297862447229045,7.221868718646161e-08,3.558592890486266e-08,0.0032209263135027596,0.0015300927515214597,5.805639507720407e-07,2.662295929105747e-07,0.0005708015182731846,0.00025297840645122885,1.7826079667830295e-10,5.790241425723998e-11,5.486499246993186e-06,1.7393835971207366e-06,1.9921942958191819e-10,6.315849003942613e-11,6.904081442891127e-19,6.568898300912053e-19,1.218281488294036e-17,1.081319586567587e-17,2.228886571089957e-14,1.853855569246106e-14,2.283279001064056e-09,1.7866957100348032e-09,1.80926182472518e-12,8.308178964112782e-13,3.0242522467529576e-15,1.3432030462617221e-15,4.450909579269682e-23,1.2893638735627205e-23,3.1212172215329054e-15,9.450935162467405e-16,2.5395447524570355e-18,1.09126405170643e-18,1.393721063653079e-17,7.138939728445873e-18,6.897599402740603e-10,3.4013236320000006e-10,9.523674387384836e-16,4.527424644782373e-16,1.3223732096521464e-17,4.2948948234735934e-18,2.2874086548429654e-19,7.085241244121119e-20,2.1816724700443206e-14,6.7577237382547255e-15,7.083139052665238e-11,2.194000134061488e-11,6.315102123522922e-17,2.0030283603979878e-17,0.010328643892677649,0.004913601604974997,9.999999999999878e-31,3.3359150093851074e-31,3.339714409744823e-09,1.032939002738003e-09,3.1949717846512926e-06,9.655832948333513e-07,3.3752224238931057e-10,1.0449883447507012e-10,7.209823985720795e-13,2.181126901589432e-13
0.483,1248.184953461654,5.374503776901764,0.2615803301469032,1.8387666730127752,0.06677553422174398,0.44141123202866955,1.6037226240191899e-07,2.1202411558395256e-06,1.1023627027876743e-13,9.182230890133526e-14,3.437470069666941e-14,1.4316360567074036e-14,2.8886536903009788e-08,2.2635198314284723e-08,0.20794054275155804,0.1538230588400774,2.479882742524903e-16,1.0012782617693066e-16,8.081090610731106e-14,3.166130456962878e-14,4.169190775097788e-18,4.625824347907905e-18,1.2075631932045128e-15,1.2360862534770735e-15,7.109144177862637e-11,6.75412449671189e-11,1.6216207458986704e-12,1.5406395102178559e-12,1.910618768255882e-05,1.6935075752219523e-05,0.2096258826568859,0.17413090504508633,0.41587626124856125,0.19786435271387307,0.08505195971470138,0.02575486993258558,6.907075656955635e-08,3.1720737296671664e-08,4.8294572338105574e-06,2.143469858619921e-06,4.145164046844706e-10,1.7800020535385625e-10,4.132253555661992e-12,1.7744580749269286e-12,9.501649427264011e-07,3.95180879160508e-07,5.7441396427124875e-12,3.0583041648687484e-12,0.0005803899722715693,0.0002970494920754536,7.20010399383291e-08,3.5477438996932396e-08,0.0032158958132757175,0.0015276494714339165,5.794753691435071e-07,2.657210860892602e-07,0.000570414379543832,0.00025279796493751295,1.778514842377918e-10,5.7767436863057753e-11,5.4811405185704646e-06,1.7376238058241683e-06,1.9887835548650478e-10,6.304814915539546e-11,6.876086233668505e-19,6.5420328783051805e-19,1.2153536581110089e-17,1.0786830947767799e-17,2.226040592616311e-14,1.8514235489905303e-14,2.283574542860654e-09,1.7868643343089923e-09,1.8068172701698723e-12,8.296662652624884e-13,3.016013525160409e-15,1.3394969107528152e-15,4.4328805908181935e-23,1.2840961216052528e-23,3.1146266841416228e-15,9.430648644052335e-16,2.5328499582037657e-18,1.0883490878717087e-18,1.390550623550925e-17,7.12245036325179e-18,6.894107469981737e-10,3.3994825268822916e-10,9.513228382893221e-16,4.522300221395563e-16,1.318046804473388e-17,4.2806931608998915e-18,2.2786320578116134e-19,7.057808340490537e-20,2.1789943845569334e-14,6.749191774286635e-15,7.079609656492372e-11,2.1928300319357752e-11,6.302607497647802e-17,1.9989952289182357e-17,0.01032864389262945,0.004913429357752396,9.999999999999878e-31,3.3357980682765468e-31,3.331537670305906e-09,1.0303739008880109e-09,3.191003449343038e-06,9.643501792189676e-07,3.3707860368399243e-10,1.0435782296040407e-10,7.184940302890578e-13,2.173522856158369e-13
0.484,1248.076851461074,5.374697828573745,0.26157088587635235,1.842589728459675,0.06678333073075003,0.44144733900934124,1.6018196624341573e-07,2.1176512756013553e-06,1.0990408733500808e-13,9.154241420350841e-14,3.426455227384797e-14,1.426998718978137e-14,2.8834940024931462e-08,2.259397774636101e-08,0.20791359305371732,0.1537977469022202,2.47185037320935e-16,9.980002244794711e-17,8.061798146823371e-14,3.1584613626297043e-14,4.149604516835982e-18,4.603931959713682e-18,1.202777940780442e-15,1.231144936882315e-15,7.089026437592255e-11,6.734775990230487e-11,1.6167166636106787e-12,1.5359266416826707e-12,1.9079774059058338e-05,1.6911072484540893e-05,0.20961054432374565,0.17411207776725937,0.41591622246615045,0.1978764485408672,0.08505348774531414,0.02575443239067966,6.902196407841749e-08,3.1697221369463665e-08,4.829676001808096e-06,2.1434920288762956e-06,4.137651977991644e-10,1.7767141415257025e-10,4.12323880811214e-12,1.7705251041476586e-12,9.490384834033442e-07,3.9469857935069614e-07,5.7175124148574604e-12,3.0440208487362537e-12,0.0005788292185090459,0.00029624032729788934,7.178445968379059e-08,3.536948595979671e-08,0.003210883119144541,0.00152521497335505,5.78390916543053e-07,2.6521453476629103e-07,0.0005700283229107039,0.00025261804089361307,1.7744387090475067e-10,5.7633026559874484e-11,5.475797365610984e-06,1.7358692490826062e-06,1.9853850021744736e-10,6.293820868004178e-11,6.848255312102443e-19,6.515326291680471e-19,1.2124382270337047e-17,1.0760578998630749e-17,2.2232029900070528e-14,1.848998850254112e-14,2.2838691848327646e-09,1.787032421444472e-09,1.8043802686863707e-12,8.285182658772116e-13,3.0078132642243668e-15,1.3358082495618582e-15,4.4149596374132836e-23,1.278860160874349e-23,3.1080624280741935e-15,9.410444062555122e-16,2.526185685981824e-18,1.0854475516349953e-18,1.3873933441637129e-17,7.106030272207233e-18,6.890624882882195e-10,3.39764649889041e-10,9.502813825878565e-16,4.517191557782248e-16,1.3137424315194101e-17,4.266564473523759e-18,2.269906754334788e-19,7.030536933881438e-20,2.176325158680215e-14,6.74068852344581e-15,7.076090085915534e-11,2.1916632743392423e-11,6.290161730407559e-17,1.9949780756804943e-17,0.010328643892581481,0.004913257614082832,9.999999999999868e-31,3.3356814690373275e-31,3.323396943521068e-09,1.0278202192448391e-09,3.1870484009857655e-06,9.631212616938374e-07,3.3663637052561434e-10,1.0421726689163269e-10,7.160190065919038e-13,2.1659599279072504e-13
0.485,1247.9689562048957,5.374891725534823,0.2615614498165268,1.8464129218266696,0.06679110565524964,0.44148334474693623,1.5999221922121742e-07,2.1150690464641665e-06,1.0957350829540813e-13,9.126388405101306e-14,3.415496352728336e-14,1.4223851547752243e-14,2.8783531105212478e-08,2.255290957724831e-08,0.20788671864609676,0.15377250773460543,2.4638591022984714e-16,9.947391081204475e-17,8.042588723361907e-14,3.1508256506466436e-14,4.1301454611910366e-18,4.582182682810815e-18,1.1980202364366142e-15,1.226232284596271e-15,7.069002332061492e-11,6.715518457436588e-11,1.611836269181046e-12,1.5312367583976181e-12,1.905344540678789e-05,1.6887147886398114e-05,0.2095952450566576,0.17409330158664577,0.4159560582332043,0.1978885035411417,0.08505502235449058,0.025753999435284135,6.897327967172093e-08,3.1673759873782984e-08,4.829894722393394e-06,2.1435143899426912e-06,4.130170526744775e-10,1.773439782701483e-10,4.114263318653771e-12,1.7666094410781476e-12,9.479159643844326e-07,3.9421799119145736e-07,5.69105806523458e-12,3.0298308704000865e-12,0.0005772756544499771,0.00029543492800401274,7.156893908166372e-08,3.526206607116952e-08,0.003205888134443197,0.0015227892090008553,5.773105693128007e-07,2.647099276123964e-07,0.000569643343717394,0.0002524386320290107,1.7703794598212357e-10,5.749917974660129e-11,5.470469706877886e-06,1.7341198992529676e-06,1.981998567096155e-10,6.282866626920586e-11,6.8205873797621e-19,6.488777278051256e-19,1.2095351162078183e-17,1.0734439293670956e-17,2.220373720726861e-14,1.8465814352980803e-14,2.2841629315040593e-09,1.7871999742466095e-09,1.8019507804108397e-12,8.273738788372022e-13,2.99965120251385e-15,1.3321369430220823e-15,4.397145845373511e-23,1.2736557327996942e-23,3.1015242978248044e-15,9.390320928086223e-16,2.519551730903158e-18,1.0825593521753531e-18,1.3842491434124201e-17,7.089679019402893e-18,6.887151599530268e-10,3.395815524678115e-10,9.492430558254002e-16,4.512098573489526e-16,1.3094599328797785e-17,4.252508234634023e-18,2.2612323361844776e-19,7.003425731528442e-20,2.173664743687121e-14,6.7322138260862984e-15,7.072580293235571e-11,2.1904998447672118e-11,6.277764525217267e-17,1.990976802805965e-17,0.010328643892533745,0.004913086371550413,9.99999999999987e-31,3.3355652100272733e-31,3.315291999669061e-09,1.025277884319343e-09,3.1831065719311216e-06,9.618965205539004e-07,3.3619553537172365e-10,1.0407716379491129e-10,7.135572292321737e-13,2.158437812048068e-13
0.486,1247.8612667847392,5.375085468281083,0.2615520219415837,1.8502362530040648,0.0667988590947214,0.4415192497158843,1.5980301854302295e-07,2.112494428966214e-06,1.0924452210611337e-13,9.098670896941755e-14,3.404593044470051e-14,1.417795192493065e-14,2.8732309049672118e-08,2.251199291102427e-08,0.20785991916373942,0.15374734098095186,2.455908633510461e-16,9.914947898756784e-17,8.023461803769276e-14,3.143223103581178e-14,4.110812529669227e-18,4.560575297137519e-18,1.19328986628835e-15,1.221348072675384e-15,7.049071230370081e-11,6.696351280634966e-11,1.6069793994669242e-12,1.5265697008724072e-12,1.90272012667986e-05,1.6863301527858347e-05,0.20957998470000677,0.17407457628244374,0.41599576916189623,0.19790051792216168,0.0850565635071511,0.025753571043244338,6.892470287148958e-08,3.16503525627888e-08,4.830113393199834e-06,2.1435369397630697e-06,4.122719500485284e-10,1.7701788911462362e-10,4.105326830532979e-12,1.7627109716803065e-12,9.467973635007678e-07,3.937391049587372e-07,5.664775119276264e-12,3.015733429457335e-12,0.0005757292314731125,0.00029463326854091085,7.13544707276467e-08,3.515517557896967e-08,0.003200910757814313,0.0015203721278868954,5.762343030572955e-07,2.6420725296578553e-07,0.0005692594366163453,0.00025225973574975925,1.766336988536447e-10,5.736589284990723e-11,5.465157461500553e-06,1.7323757288314441e-06,1.9786241797421793e-10,6.271951960416593e-11,6.79308115441538e-19,6.46238459020976e-19,1.2066442476204183e-17,1.070841111605878e-17,2.2175527425587793e-14,1.8441712666763462e-14,2.2844557873679976e-09,1.787366995509431e-09,1.7995287657705776e-12,8.262330848710713e-13,2.9915270795028003e-15,1.3284828719124812e-15,4.379438348468628e-23,1.2684825810433888e-23,3.0950121304840444e-15,9.370278728566239e-16,2.5129478902455126e-18,1.079684399636521e-18,1.3811179399988856e-17,7.07339617311419e-18,6.883687578259456e-10,3.3939895810550975e-10,9.48207842161263e-16,4.5070211879761665e-16,1.3051991525474771e-17,4.2385239238756245e-18,2.252608397195192e-19,6.976473447433287e-20,2.1710130914800957e-14,6.723767524617159e-15,7.069080231098277e-11,2.1893397268446425e-11,6.265415588062061e-17,1.9869913132764145e-17,0.01032864389248618,0.004912915627776805,9.99999999999986e-31,3.3354492896317106e-31,3.3072226050944053e-09,1.0227468214351878e-09,3.1791778891553345e-06,9.606759324857612e-07,3.3575609065649643e-10,1.0393751119081514e-10,7.111085997985447e-13,2.1509562033972967e-13
0.487,1247.7537823095363,5.375279057276656,0.2615426022272437,1.8540597218824968,0.06680659114747194,0.44155505438493337,1.596143614262202e-07,2.109927383799408e-06,1.0891711780490738e-13,9.071087956371286e-14,3.3937449058128153e-14,1.4132286624246305e-14,2.8681272772060186e-08,2.2471226858385497e-08,0.20783319424264007,0.1537222462866073,2.4479986733822423e-16,9.882671481046985e-17,8.004416854634863e-14,3.1356535053214875e-14,4.0916046554926765e-18,4.539108595946773e-18,1.1885866187992266e-15,1.216492079642857e-15,7.029232507364907e-11,6.677273847799199e-11,1.602145892729949e-12,1.5219253110031214e-12,1.900104118298807e-05,1.683953298174808e-05,0.20956476310479752,0.1740559016403347,0.4160353558590063,0.19791249188976284,0.08505811117128875,0.025753147192474266,6.887623319523448e-08,3.1626999187840176e-08,4.830332011817702e-06,2.1435596762735793e-06,4.115298707577517e-10,1.7669313813974702e-10,4.0964290886908966e-12,1.7588295826861425e-12,9.456826586937799e-07,3.932619109796252e-07,5.6386621111870274e-12,3.0017277303828664e-12,0.0005741899006838243,0.0002938353231245571,7.114104719053887e-08,3.50488107190785e-08,0.0031959508846116634,0.0015179636779910784,5.751620928644386e-07,2.6370649893284387e-07,0.0005688765957443755,0.0002520813492357135,1.7623111897354157e-10,5.723316232072508e-11,5.459860548924421e-06,1.7306367104333969e-06,1.9752617708293938e-10,6.261076638645023e-11,6.765735367993129e-19,6.436146994769692e-19,1.2037655439519963e-17,1.0682493755387185e-17,2.214740013488106e-14,1.841768307134422e-14,2.2847477568915317e-09,1.7875334880143453e-09,1.7971141853956497e-12,8.250958648116768e-13,2.9834406383988846e-15,1.324845918710467e-15,4.3618362916887535e-23,1.2633404525876891e-23,3.088525766165892e-15,9.35031696127327e-16,2.5063739631635206e-18,1.0768226049998348e-18,1.377999653274867e-17,7.057181305112038e-18,6.880232777612413e-10,3.392168644961109e-10,9.47175725735354e-16,4.501959320661639e-16,1.3009599361253318e-17,4.224611026283908e-18,2.244034536538566e-19,6.949678812485637e-20,2.1683701544425132e-14,6.7153494630256806e-15,7.065589852402312e-11,2.1881829042923903e-11,6.253114627027544e-17,1.9830215107801452e-17,0.010328643892438828,0.004912745380409772,9.999999999999859e-31,3.335333706253665e-31,3.2991885236195414e-09,1.0202269551631306e-09,3.1752622757377534e-06,9.59459473011399e-07,3.3531802880142434e-10,1.0379830659739564e-10,7.086730198739749e-13,2.1435147968455295e-13
0.488,1247.6465018780273,5.3754724930229765,0.26153319064742026,1.8578833283529586,0.06681430191200541,0.4415907592239095,1.5942624511588936e-07,2.1073678720361745e-06,1.0859128452839267e-13,9.043638652378694e-14,3.38295154257287e-14,1.4086853959968062e-14,2.8630421194391733e-08,2.2430610536789504e-08,0.20780654352222866,0.15369722329958496,2.440128930954756e-16,9.850560622104847e-17,7.985453348340123e-14,3.128116642087781e-14,4.07252078218181e-18,4.517781384205625e-18,1.1839102841024616e-15,1.211664085786932e-15,7.009485542758734e-11,6.658285551697461e-11,1.5973355886305305e-12,1.5173034320582938e-12,1.8974964702699606e-05,1.6815841824094944e-05,0.2095495801155084,0.17403727744065936,0.4160748189277904,0.19792442564801332,0.08505966531346827,0.025752727860459824,6.882787017105174e-08,3.1603699505263084e-08,4.830550575946463e-06,2.14358259745899e-06,4.107907958545302e-10,1.7636971689454413e-10,4.087569840660636e-12,1.7549651619733166e-12,9.445718281150433e-07,3.9278639967178307e-07,5.61271760220517e-12,2.9878129922326118e-12,0.0005726576148272279,0.0002930410668172333,7.092866121626247e-08,3.4942967815662675e-08,0.0031910084157094035,0.001515563809929826,5.740939148330462e-07,2.6320765408712036e-07,0.0005684948159117046,0.00025190346996611587,1.75830195898366e-10,5.7100984644278146e-11,5.454578889429126e-06,1.7289028169484905e-06,1.9719112714935827e-10,6.250240433161184e-11,6.738548762653485e-19,6.410063268384137e-19,1.2008989284290091e-17,1.0656686506304839e-17,2.2119354918423762e-14,1.839372519716101e-14,2.2850388445074606e-09,1.787699454514887e-09,1.7947070002535008e-12,8.239621996535617e-13,2.975391624334183e-15,1.3212259667809988e-15,4.344338827674881e-23,1.2582290966935538e-23,3.082065048798092e-15,9.33043513518419e-16,2.4998297503455323e-18,1.0739738799308505e-18,1.3748942032187078e-17,7.041033990505027e-18,6.876787156424754e-10,3.390352693489554e-10,9.461466909344115e-16,4.496912892167839e-16,1.2967421303316434e-17,4.210769030655305e-18,2.2355103574176334e-19,6.923040570377878e-20,2.165735885120313e-14,6.706959485855838e-15,7.062109110374486e-11,2.1870293609390793e-11,6.240861352637548e-17,1.979067299808423e-17,0.010328643892391721,0.004912575627097595,9.999999999999852e-31,3.3352184582965056e-31,3.2911895262621696e-09,1.0177182123205185e-09,3.171359660454304e-06,9.582471193820427e-07,3.3488134235893993e-10,1.0365954757409185e-10,7.062503929947722e-13,2.1361132932710522e-13
0.489,1247.5394245841717,5.375665776047183,0.2615237871747855,1.8617070723068179,0.06682199148660166,0.44162636470154765,1.5923866688632984e-07,2.1048158551524487e-06,1.0826701151744052e-13,9.016322062905961e-14,3.372212563569302e-14,1.4041652259340645e-14,2.8579753247961698e-08,2.2390143071278256e-08,0.2077799666461324,0.15367227167134154,2.4322991179136825e-16,9.81861412697264e-17,7.966570763128546e-14,3.120612302463319e-14,4.053559863992275e-18,4.4965924790823095e-18,1.1792606541592335e-15,1.2068638733239569e-15,6.989829721574214e-11,6.63938579032174e-11,1.5925483283164893e-12,1.5127039087647216e-12,1.894897137721147e-05,1.6792227634583476e-05,0.20953443557228923,0.1740187034604866,0.4161141589684328,0.19793631939970652,0.08506122589754148,0.02575231302390603,6.877961333703536e-08,3.158045327612366e-08,4.830769083385515e-06,2.1436057013515847e-06,4.1005470661002824e-10,1.7604761702474753e-10,4.078748836654485e-12,1.751117598604641e-12,9.434648501447998e-07,3.923125615516627e-07,5.586940175064749e-12,2.97398844569607e-12,0.0005711323277196869,0.0002922504752368499,7.071730570248838e-08,3.483764326870157e-08,0.0031860832564977975,0.0015131724764826872,5.730297459060666e-07,2.6271070739313073e-07,0.0005681140924720213,0.00025172609566231983,1.754309192899128e-10,5.696935634109594e-11,5.4493124041476855e-06,1.727174021549095e-06,1.9685726133725474e-10,6.23944311719429e-11,6.711520091688999e-19,6.384132198613712e-19,1.1980443248928674e-17,1.0630988669141106e-17,2.209139136334963e-14,1.8369838678021646e-14,2.2853290546114013e-09,1.7878648977368566e-09,1.7923071716796827e-12,8.228320705681496e-13,2.9673797834643763e-15,1.3176228999780856e-15,4.326945115584328e-23,1.253148264573035e-23,3.0756298221865176e-15,9.310632759070703e-16,2.4933150541546552e-18,1.0711381368411688e-18,1.3718015104917136e-17,7.024953808036645e-18,6.873350673857237e-10,3.3885417039080235e-10,9.451207223765797e-16,4.491881824251706e-16,1.2925455831347587e-17,4.196997429988702e-18,2.227035465956457e-19,6.896557474172077e-20,2.1631102363184747e-14,6.698597438516044e-15,7.058637958647775e-11,2.1858790807482743e-11,6.22865547806032e-17,1.9751285857233267e-17,0.010328643892344804,0.004912406365495899,9.999999999999852e-31,3.335103544168626e-31,3.2832253901631593e-09,1.0152205216406914e-09,3.1674699767028265e-06,9.570388502544644e-07,3.344460240021991e-10,1.0352123171870158e-10,7.038406244766743e-13,2.1287513990152978e-13
0.49,1247.4325495563908,5.375858906801638,0.26151439178565783,1.8655309536357645,0.06682965996748014,0.4416618712765006,1.5905162401248672e-07,2.1022712946647964e-06,1.0794428810043718e-13,8.989137273513765e-14,3.3615275829934834e-14,1.3996679872544816e-14,2.8529267872066115e-08,2.2349823593632187e-08,0.2077534632577098,0.15364739105456526,2.4245089489082255e-16,9.786830813057526e-17,7.947768578922614e-14,3.1131402757772385e-14,4.034720867432564e-18,4.475540711657484e-18,1.1746375236373908e-15,1.202091227305477e-15,6.970264435084202e-11,6.620573967826047e-11,1.5877839543427366e-12,1.5081265872413685e-12,1.8923060760500436e-05,1.6768689995577157e-05,0.2095193293299048,0.17400017949058325,0.4161533765749633,0.19794817334630363,0.08506279289252278,0.02575190266130444,6.873146221850568e-08,3.155726025599599e-08,4.830987531801621e-06,2.1436289859431925e-06,4.0932158432673166e-10,1.757268301935346e-10,4.069965828065034e-12,1.7472867821966085e-12,9.423617032194487e-07,3.91840387165526e-07,5.561328407720788e-12,2.960253319128226e-12,0.0005696139915299402,0.0002914635231676678,7.050697339838027e-08,3.473283340630386e-08,0.003181175303932859,0.0015107896264522837,5.719695616233834e-07,2.6221564717792045e-07,0.000567734419574786,0.0002515492235151696,1.7503327886217556e-10,5.683827395018063e-11,5.4440610142317e-06,1.725450297437866e-06,1.9652457288162545e-10,6.228684466357053e-11,6.684648124595009e-19,6.358352588788833e-19,1.1952016579689505e-17,1.060539955147888e-17,2.2063509058244502e-14,1.8346023149232085e-14,2.2856183915767145e-09,1.7880298204027295e-09,1.789914661151651e-12,8.217054588056729e-13,2.9594048658691932e-15,1.314036603941694e-15,4.3096543263244824e-23,1.2480977109131203e-23,3.069219929897037e-15,9.290909341206916e-16,2.486829679015199e-18,1.0683152890617543e-18,1.3687214964247013e-17,7.008940340064805e-18,6.869923289235033e-10,3.3867356536030637e-10,9.440978045095452e-16,4.486866037926896e-16,1.288370144390667e-17,4.183295723583811e-18,2.218609473309306e-19,6.870228292876481e-20,2.1604931615107194e-14,6.6902631685949545e-15,7.05517635107937e-11,2.1847320477776147e-11,6.216496718407426e-17,1.9712052745491136e-17,0.01032864389229812,0.00491223759330268,9.999999999999847e-31,3.334988962307142e-31,3.275295884274443e-09,1.0127338093543608e-09,3.1635931484062567e-06,9.558346414383355e-07,3.340120663087743e-10,1.0338335660115312e-10,7.014436184817829e-13,2.12142881702578e-13
0.491,1247.3258759029522,5.376051885801188,0.2615050044533242,1.869354972231854,0.0668373074515283,0.44169727941079273,1.588651138032028e-07,2.0997341525479462e-06,1.0762310370490811e-13,8.962083378252582e-14,3.3508962169911474e-14,1.395193515831316e-14,2.847896401426554e-08,2.230965124234084e-08,0.20772703300483777,0.1536225811051215,2.4167581409101814e-16,9.755209507437897e-17,7.929046282288805e-14,3.1057003540162754e-14,4.0160027684810225e-18,4.454624923786029e-18,1.1700406885799398e-15,1.197345934242206e-15,6.950789078993864e-11,6.601849492728479e-11,1.5830423106269941e-12,1.5035713149410277e-12,1.8897232410159205e-05,1.6745228492755485e-05,0.2095042612318761,0.17398170531213197,0.41619247233879214,0.1979599876875629,0.08506436626396445,0.02575149675005481,6.868341635682304e-08,3.153412020786349e-08,4.83120591902738e-06,2.1436524492954024e-06,4.0859141056335483e-10,1.7540734817623001e-10,4.061220569164645e-12,1.7434726036304488e-12,9.412623660230989e-07,3.913698671649898e-07,5.535880911395974e-12,2.9466068587689303e-12,0.0005681025607698734,0.0002906801865993055,7.029765730135373e-08,3.46285346797935e-08,0.003176284463648576,0.0015084152127757442,5.709133390790047e-07,2.61722462484076e-07,0.0005673557924713366,0.00025137285120421646,1.7463726444140082e-10,5.670773404790495e-11,5.4388246418607255e-06,1.72373161814964e-06,1.9619305505301432e-10,6.217964257449464e-11,6.657931639372605e-19,6.332723250617309e-19,1.1923708527637918e-17,1.0579918465354474e-17,2.203570759558635e-14,1.8322278249433282e-14,2.2859068597396053e-09,1.788194225201465e-09,1.78752943052821e-12,8.205823457964872e-13,2.9514666228973382e-15,1.3104669649046444e-15,4.292465637052302e-23,1.2430771922687356e-23,3.062835219886752e-15,9.271264403290447e-16,2.480373430728729e-18,1.065505250537659e-18,1.365654082954561e-17,6.992993172162475e-18,6.866504962211611e-10,3.3849345201257184e-10,9.43077922122896e-16,4.481865455851997e-16,1.2842156648616167e-17,4.169663413809049e-18,2.210231994153217e-19,6.844051806700949e-20,2.1578846142242234e-14,6.68195652388592e-15,7.051724241895428e-11,2.1835882462008942e-11,6.204384791318238e-17,1.967297273136706e-17,0.010328643892251644,0.004912069308207262,9.99999999999985e-31,3.334874711143316e-31,3.267400788168925e-09,1.0102580049952339e-09,3.1597291086293727e-06,9.546344715113158e-07,3.335794620386818e-10,1.0324591984848148e-10,6.990592818105781e-13,2.1141452583020592e-13
0.492,1247.219402752397,5.376244713522247,0.26149562515294983,1.8731791279874814,0.06684493403423249,0.44173258955959677,1.5867913357926057e-07,2.0972043909608374e-06,1.0730344785146825e-13,8.935159479226034e-14,3.340318086129524e-14,1.3907416494306985e-14,2.842884063066109e-08,2.226962516299077e-08,0.2077006755368008,0.1535978414809507,2.4090464137009745e-16,9.723749048901964e-17,7.910403363022284e-14,3.09829233051055e-14,3.997404554576002e-18,4.43384397033574e-18,1.1654699473745782e-15,1.1926277831049347e-15,6.931403054862079e-11,6.583211779311104e-11,1.578323242513471e-12,1.499037940722079e-12,1.887148588701493e-05,1.6721842714905475e-05,0.20948923112940732,0.17396328071380873,0.4162314468464548,0.19797176262201394,0.08506594597952921,0.025751095268353286,6.863547528933415e-08,3.151103289315679e-08,4.83142424285011e-06,2.1436760894626188e-06,4.0786416698034304e-10,1.7508916279531985e-10,4.0525128159615256e-12,1.7396749545742868e-12,9.401668173628138e-07,3.909009922581789e-07,5.510596300795884e-12,2.93304831290861e-12,0.0005665979891862566,0.0002899004411384184,7.008935037059019e-08,3.452474352283564e-08,0.0031714106376692242,0.0015060491867004845,5.69861054803505e-07,2.612311421009149e-07,0.0005669782058631838,0.00025119697616781403,1.7424286592530735e-10,5.6577733235201514e-11,5.433603209541412e-06,1.722017957342684e-06,1.958627011850455e-10,6.20728226937937e-11,6.631369428113073e-19,6.307243009542072e-19,1.1895518351019773e-17,1.0554544729440323e-17,2.2007986570307795e-14,1.8298603619547898e-14,2.286194463408872e-09,1.7883581148101116e-09,1.7851514419014712e-12,8.194627130894597e-13,2.9435648082643892e-15,1.306913870190021e-15,4.27537823389478e-23,1.2380864678595774e-23,3.0564755384682265e-15,9.251697462241964e-16,2.4739461169910585e-18,1.0627079360581818e-18,1.3625991926904352e-17,6.977111893509935e-18,6.863095652662424e-10,3.3831382811654924e-10,9.42061059987202e-16,4.476880000649944e-16,1.2800819969435732e-17,4.156100008494681e-18,2.2019026468253106e-19,6.818026807531856e-20,2.155284548504102e-14,6.673677353877116e-15,7.048281585613723e-11,2.1824476603011236e-11,6.192319416636198e-17,1.9634044890761186e-17,0.010328643892205376,0.0049119015079287015,9.999999999999847e-31,3.3347607891285783e-31,3.259539878558233e-09,1.0077930372387448e-09,3.155877786227603e-06,9.534383177924014e-07,3.331482039372323e-10,1.031089190846033e-10,6.966875211976305e-13,2.106900433732207e-13
0.493,1247.1131292401542,5.37643739043537,0.261486253859993,1.8770034207953759,0.06685253981041234,0.44176780217488154,1.584936806786371e-07,2.09468197231016e-06,1.069853101518394e-13,8.908364686397823e-14,3.32979281465758e-14,1.3863122273991371e-14,2.8378896685319705e-08,2.222974450775065e-08,0.20767439050492464,0.15357317184211516,2.4013734896422285e-16,9.692448286990437e-17,7.891839315004903e-14,3.090916000260363e-14,3.9789252236834254e-18,4.413196718136497e-18,1.1609251003872812e-15,1.1879365649454532e-15,6.912105769458811e-11,6.564660246989187e-11,1.5736265966976746e-12,1.4945263147723695e-12,1.8845820755002062e-05,1.669853225376133e-05,0.20947423887527158,0.17394490548622726,0.4162703006801759,0.19798349834668505,0.08506753200777238,0.02575069819475309,6.858763855514857e-08,3.1487998074318634e-08,4.831642501079162e-06,2.143699904516059e-06,4.071398353818244e-10,1.7477226593795102e-10,4.043842326477677e-12,1.7358937275972824e-12,9.390750362013571e-07,3.9043375322223206e-07,5.485473204188322e-12,2.91957693724302e-12,0.0005651002308351794,0.0002891242625576279,6.988204561569605e-08,3.4421456395007086e-08,0.0031665537282240903,0.001503691499591712,5.688126854153526e-07,2.607416748623474e-07,0.0005666016544094869,0.00025102159582728967,1.7385007329260316e-10,5.644826814048465e-11,5.428396640308503e-06,1.7203092888575612e-06,1.955335046653419e-10,6.196638282856651e-11,6.604960294877354e-19,6.281910702702259e-19,1.1867445314240492e-17,1.0529277668107315e-17,2.1980345579990473e-14,1.827499890289017e-14,2.286481206864432e-09,1.7885214918877698e-09,1.7827806576223356e-12,8.183465423613405e-13,2.935699177993875e-15,1.3033772081809725e-15,4.258391311426069e-23,1.2331252994143578e-23,3.0501407333846493e-15,9.232208039487311e-16,2.4675475471666896e-18,1.0599232611567156e-18,1.3595567488642822e-17,6.961296096620829e-18,6.859695320702675e-10,3.3813469145497343e-10,9.410472029592055e-16,4.471909595395374e-16,1.2759689943894881e-17,4.14260502002092e-18,2.1936210536145608e-19,6.792152099812305e-20,2.1526929187529837e-14,6.6654255092357775e-15,7.044848337038379e-11,2.1813102744628418e-11,6.180300316391095e-17,1.959526830685077e-17,0.010328643892159301,0.004911734190202324,9.99999999999984e-31,3.334647194725414e-31,3.251712933441277e-09,1.0053388351818826e-09,3.1520391099771405e-06,9.522461575871866e-07,3.3271828479421646e-10,1.029723519483447e-10,6.943282441589725e-13,2.099694056648921e-13
0.494,1247.0070544935616,5.376629917043468,0.2614768905483468,1.8808278505486244,0.0668601248749258,0.4418029177088594,1.5830875246620854e-07,2.0921668593727146e-06,1.0666868031253758e-13,8.881698117871177e-14,3.319320029200455e-14,1.3819050901155958e-14,2.832913115048076e-08,2.219000843546896e-08,0.2076481775641988,0.15354857185157586,2.393739093475423e-16,9.661306081157253e-17,7.873353637622233e-14,3.083571160481967e-14,3.960563783500361e-18,4.392682045080834e-18,1.1564059495943923e-15,1.1832720725160975e-15,6.892896634263665e-11,6.546194319814884e-11,1.5689522212194029e-12,1.4900362885979309e-12,1.8820236581493104e-05,1.667529670425017e-05,0.20945928431669633,0.1739265794155529,0.41630903441908423,0.19799519505713833,0.08506912431520429,0.025750305507204543,6.853990570336552e-08,3.146501551849321e-08,4.831860691619482e-06,2.1437238925705006e-06,4.0641839777495817e-10,1.7445664958089827e-10,4.03520886118423e-12,1.7321288163513557e-12,9.379870017004204e-07,3.8996814092016833e-07,5.460510273876864e-12,2.9061920004369122e-12,0.0005636092411980524,0.00028835162736561487,6.967573620575725e-08,3.4318669835405026e-08,0.003161713642480751,0.0015013421051757656,5.677682084427919e-07,2.6025405002286326e-07,0.0005662261333773186,0.00025084670787432886,1.7345887661919464e-10,5.6319335424746417e-11,5.423204857984363e-06,1.7186055867945572e-06,1.9520545892120248e-10,6.186032079921502e-11,6.578703053568768e-19,6.256725176888705e-19,1.183948868708707e-17,1.0504116610703214e-17,2.1952784225621424e-14,1.825146374574321e-14,2.286767094352251e-09,1.7886843590667282e-09,1.7804170403725615e-12,8.172338154475278e-13,2.927869489809667e-15,1.2998568680469722e-15,4.2415040712008314e-23,1.2281934507418748e-23,3.0438306554524913e-15,9.212795665902187e-16,2.4611775321147966e-18,1.0571511420327906e-18,1.3565266753192181e-17,6.945545377261906e-18,6.856303926743348e-10,3.379560398261887e-10,9.400363361272965e-16,4.466954164293353e-16,1.2718765120408278e-17,4.1291779644332334e-18,2.185386840367367e-19,6.76642649929796e-20,2.150109679550264e-14,6.657200841229699e-15,7.041424451322269e-11,2.180176073185393e-11,6.168327214994141e-17,1.955664207065157e-17,0.010328643892113376,0.0049115673527662124,9.99999999999984e-31,3.334533926398193e-31,3.243919737291219e-09,1.0028953299438204e-09,3.148213013759285e-06,9.510579697513589e-07,3.322896975201767e-10,1.0283621611675441e-10,6.919813599418807e-13,2.0925258456949096e-13
0.495,1246.9011776504112,5.376822293834969,0.2614675351926169,1.8846524171406616,0.06686768932174388,0.4418379366094154,1.5812434632143747e-07,2.0896590151398546e-06,1.0635354812857818e-13,8.855158899392789e-14,3.308899360188512e-14,1.3775200795907909e-14,2.8279543006222654e-08,2.2150416111487532e-08,0.20762203637162824,0.1535240411745085,2.386142952500532e-16,9.630321301520637e-17,7.854945833949316e-14,3.0762576099070595e-14,3.942319252183241e-18,4.372298840943262e-18,1.1519122989961473e-15,1.178634100696366e-15,6.873775065986907e-11,6.527813426993077e-11,1.5642999654443321e-12,1.4855677150102092e-12,1.8794732936858517e-05,1.665213566415888e-05,0.20944436730421415,0.17390830229145912,0.4163476486380455,0.1980068529476065,0.08507072286922511,0.02574991718403334,6.849227628289149e-08,3.1442084992960304e-08,4.832078812376404e-06,2.143748051749521e-06,4.0569983629246e-10,1.7414230575788773e-10,4.0266121824088374e-12,1.728380115322485e-12,9.369026931618963e-07,3.895041462778004e-07,5.43570617329651e-12,2.892892777263097e-12,0.0005621249758427401,0.0002875825121229955,6.947041533272838e-08,3.421638039546207e-08,0.0031568902866574437,0.0014990009567492108,5.667276013006457e-07,2.5976825678934913e-07,0.0005658516378373511,0.0002506723099154883,1.7306926605665327e-10,5.619093177475009e-11,5.418027786853432e-06,1.7169068254164138e-06,1.9487855743539685e-10,6.17546344446588e-11,6.552596530319588e-19,6.231685290831945e-19,1.1811647745617549e-17,1.047906089237637e-17,2.192530211062263e-14,1.8227997796614644e-14,2.2870521300896486e-09,1.7888467189628658e-09,1.7780605530714041e-12,8.16124514302002e-13,2.920075504260857e-15,1.2963527402474096e-15,4.22471572397149e-23,1.2232906883765817e-23,3.0375451571654917e-15,9.193459877616598e-16,2.4548358843902353e-18,1.0543914956418375e-18,1.3535088965159264e-17,6.9298593345087735e-18,6.852921431433612e-10,3.3777787104248137e-10,9.39028444631464e-16,4.46201363183907e-16,1.2678044061341203e-17,4.1158183624504766e-18,2.177199637312923e-19,6.740848835632228e-20,2.1475347858759657e-14,6.6490032024431606e-15,7.038009883915931e-11,2.1790450410746645e-11,6.156399838982394e-17,1.9518165280272775e-17,0.010328643892067724,0.004911400993378451,9.999999999999836e-31,3.334420982624803e-31,3.236160074570708e-09,1.0004624526641757e-09,3.144399430125212e-06,9.498737327497288e-07,3.318624350511262e-10,1.0270050927596514e-10,6.896467782896289e-13,2.085395521093602e-13
0.496,1246.7954978652192,5.377014521267876,0.2614581877688969,1.8884771204652477,0.06687523324366725,0.44187285931875186,1.57940459637202e-07,2.0871584028042876e-06,1.0603990348471217e-13,8.828746164462807e-14,3.2985304421552797e-14,1.3731570395922113e-14,2.8230131240827598e-08,2.2110966707949665e-08,0.20759596658556095,0.15349957947798296,2.378584796680079e-16,9.599492829290016e-17,7.836615410408194e-14,3.068975148651507e-14,3.9241906586488184e-18,4.352046007715054e-18,1.147443954759272e-15,1.1740224466394212e-15,6.854740486850139e-11,6.509517003153327e-11,1.5596696801025076e-12,1.4811204481637945e-12,1.8769309394632265e-05,1.6629048734298494e-05,0.2094294876943883,0.17389007390959144,0.4163861439072215,0.19801847221101404,0.08507232763928745,0.02574953320432226,6.844474984031448e-08,3.141920626419507e-08,4.8322968612279355e-06,2.1437723801756834e-06,4.0498413317690545e-10,1.738292265530326e-10,4.018052054237188e-12,1.724647519790052e-12,9.358220900164304e-07,3.890417602793922e-07,5.411059570603662e-12,2.8796785451921222e-12,0.0005606473897504101,0.00028681689309822164,6.926607617271827e-08,3.4114584619908856e-08,0.0031520835644119312,0.0014966680064155285,5.656908410205819e-07,2.592842841977382e-07,0.0005654781624523717,0.00025049839937880904,1.7268123182817032e-10,5.6063053901769604e-11,5.412865351562221e-06,1.7152129791185292e-06,1.9455279374969986e-10,6.164932162351787e-11,6.526639564280825e-19,6.206789915956268e-19,1.1783921772595766e-17,1.045410985447098e-17,2.189789884092797e-14,1.820460070632029e-14,2.2873363182677203e-09,1.7890085741796374e-09,1.775711158876932e-12,8.15018620998804e-13,2.9123169835740875e-15,1.2928647160231437e-15,4.208025488074682e-23,1.2184167811118979e-23,3.031284088912578e-15,9.17420020457701e-16,2.4485224183118743e-18,1.0516442397254423e-18,1.350503337555577e-17,6.914237570869738e-18,6.849547795635913e-10,3.376001829292347e-10,9.380235136198951e-16,4.457087922616505e-16,1.2637525344161081e-17,4.1025257398416745e-18,2.1690590776039985e-19,6.715417947831713e-20,2.144968193169864e-14,6.640832446967055e-15,7.034604590538716e-11,2.1779171628366144e-11,6.144517917026438e-17,1.9479837040960526e-17,0.010328643892022234,0.004911235109822628,9.99999999999984e-31,3.334308361900528e-31,3.228433728005098e-09,9.980401339701877e-10,3.1405982885660185e-06,9.486934241347629e-07,3.3143649032349464e-10,1.0256522911355126e-10,6.873244091030262e-13,2.0783028036272974e-13
0.497,1246.6900142822915,5.377206599837206,0.2614488482514888,1.8923019604164955,0.06688275673367053,0.44190768627998595,1.5775708983256915e-07,2.0846649859179216e-06,1.0572773635598177e-13,8.80245905433221e-14,3.288212911960838e-14,1.368815814896815e-14,2.8180894850245633e-08,2.207165940326259e-08,0.2075699678679311,0.15347518643182687,2.3710643582315177e-16,9.56881955506712e-17,7.81836187880989e-14,3.061723578998414e-14,3.906177041008267e-18,4.331922457841064e-18,1.1430007245403263e-15,1.1694369090729252e-15,6.83579232349312e-11,6.491304487275924e-11,1.555061217197999e-12,1.4766943434624214e-12,1.87439655315696e-05,1.6606035518467694e-05,0.20941464533739892,0.17387189406035905,0.41642452079380243,0.19803005303877785,0.08507393859279822,0.025749153546537423,6.839732593254852e-08,3.1396379103508945e-08,4.832514836158362e-06,2.14379687601872e-06,4.0427127087305544e-10,1.7351740413953323e-10,4.009528243158577e-12,1.7209309260946283e-12,9.347451718945802e-07,3.8858097399519313e-07,5.386569159367861e-12,2.8665485953870348e-12,0.00055917643952451,0.0002860547473961271,6.906271206928211e-08,3.4013279136862413e-08,0.0031472933847505003,0.0014943432088326606,5.646579056069035e-07,2.5880212173307497e-07,0.0005651057025450619,0.00025032497398553736,1.7229476425195988e-10,5.5935698548885274e-11,5.407717477560323e-06,1.713524022559724e-06,1.9422816144468131e-10,6.154438020738063e-11,6.500831003735943e-19,6.182037932647551e-19,1.1756310055772975e-17,1.0429262842945983e-17,2.1870574025697024e-14,1.818127212848184e-14,2.287619663044537e-09,1.7891699272935112e-09,1.7733688212635875e-12,8.139161177633419e-13,2.904593691991299e-15,1.2893926875393728e-15,4.1914325891126786e-23,1.2135714999008417e-23,3.0250473054385185e-15,9.155016190051305e-16,2.442236949601164e-18,1.0489092926503576e-18,1.3475099241159605e-17,6.89867969192152e-18,6.846182980500824e-10,3.3742297332686175e-10,9.370215284785245e-16,4.452176962365815e-16,1.2597207556345226e-17,4.089299625749891e-18,2.1609647983359133e-19,6.690132687402262e-20,2.1424098570236337e-14,6.632688429410783e-15,7.031208527242577e-11,2.1767924232856916e-11,6.132681180067264e-17,1.944165646542761e-17,0.01032864389197695,0.0049110696998825995,9.99999999999985e-31,3.3341960627207823e-31,3.220740487175906e-09,9.956283066279791e-10,3.1368095241151707e-06,9.475170231402589e-07,3.310118563995181e-10,1.024303733567927e-10,6.850141641046677e-13,2.0712474196578696e-13
0.498,1246.5847260621204,5.377398530009318,0.2614395166160961,1.8961269368888487,0.06689025988354089,0.44194241793043454,1.5757423434043356e-07,2.0821787282391327e-06,1.054170368062306e-13,8.776296717921371e-14,3.277946410404078e-14,1.3644962519687864e-14,2.8131832838624044e-08,2.2032493382623305e-08,0.20754403988237538,0.1534508617080226,2.363581371976944e-16,9.538300380303134e-17,7.80018475434738e-14,3.0545027046272535e-14,3.8882774478937594e-18,4.3119271157097494e-18,1.138582418112697e-15,1.1648772889459548e-15,6.816930007979994e-11,6.473175323679136e-11,1.5504744300811264e-12,1.4722892576347062e-12,1.8718700927608363e-05,1.658309562350282e-05,0.20939984008920504,0.17385376253992924,0.4164627798605996,0.19804159562115928,0.08507555569852406,0.025748778189691814,6.835000411462807e-08,3.137360328160763e-08,4.832732735126958e-06,2.143821537448334e-06,4.0356123193672837e-10,1.7320683074143079e-10,4.001040517415964e-12,1.7172302313675302e-12,9.33671918557182e-07,3.8812177855446343e-07,5.3622336380398625e-12,2.8535022217887293e-12,0.0005577120812228291,0.0002852960518502189,6.886031635411953e-08,3.3912460569678666e-08,0.0031425196543267064,0.0014920265175637417,5.636287727166412e-07,2.583217587258151e-07,0.0005647342530604491,0.00025015203129177333,1.7190985371787652e-10,5.580886248367005e-11,5.402584090674496e-06,1.7118399305360254e-06,1.9390465415863079e-10,6.143980808711144e-11,6.475169709691576e-19,6.15742823369636e-19,1.1728811889524588e-17,1.0404519209878794e-17,2.1843327276641834e-14,1.8158011719059817e-14,2.287902168550945e-09,1.7893307808677375e-09,1.7710335039471522e-12,8.128169869420889e-13,2.8969053954739074e-15,1.2859365477606225e-15,4.174936260206885e-23,1.2087546179349546e-23,3.0188346594111056e-15,9.135907371205246e-16,2.435979295723009e-18,1.046186573560056e-18,1.3445285825104312e-17,6.8831853066453456e-18,6.842826947404086e-10,3.3724624008943466e-10,9.360224746087387e-16,4.447280676949749e-16,1.2557089300163228e-17,4.076139554264358e-18,2.1529164395438503e-19,6.66499191526543e-20,2.13985973348437e-14,6.624571005875713e-15,7.027821650372192e-11,2.1756708073436575e-11,6.120889361185431e-17,1.940362267353602e-17,0.010328643891931867,0.004910904761367715,9.999999999999841e-31,3.3340840835982964e-31,3.2130801401402063e-09,9.932269029565972e-10,3.133033068980348e-06,9.463445081582713e-07,3.305885263451964e-10,1.0229593973542741e-10,6.827159551949811e-13,2.0642290961654715e-13
0.499,1246.479632354049,5.377590312289117,0.2614301928365565,1.899952049777111,0.06689774278531921,0.44197705470871307,1.57391890616292e-07,2.079699593837133e-06,1.0510779498271023e-13,8.750258311319762e-14,3.267730580485101e-14,1.360198198228162e-14,2.8082944216917037e-08,2.1993467836805515e-08,0.20751818229584962,0.15342660498105923,2.3561355748488005e-16,9.50793421524757e-17,7.782083557188335e-14,3.047312331220095e-14,3.870490936666674e-18,4.29205891563858e-18,1.1341888466524816e-15,1.1603433886912599e-15,6.798152976460504e-11,6.455128960710308e-11,1.5459091732790535e-12,1.4679050485646758e-12,1.869351516543578e-05,1.6560228658801482e-05,0.2093850717992847,0.17383567913909329,0.41650092166737557,0.1980531001468109,0.08507717892357196,0.025748407112289977,6.830278395063713e-08,3.1350878573434583e-08,4.832950556190773e-06,2.143846362676897e-06,4.0285399910869117e-10,1.7289749866434205e-10,3.992588647458945e-12,1.7135453337154363e-12,9.32602309942895e-07,3.876641651630733e-07,5.3380517327181404e-12,2.84053873321329e-12,0.0005562542728069115,0.00028454078427405413,6.865888252033437e-08,3.3812125622084365e-08,0.003137762284876655,0.0014897178885990257,5.626034209226958e-07,2.578431849293095e-07,0.0005643638095642636,0.0002499795691293309,1.715264907040394e-10,5.568254250326805e-11,5.397465117483287e-06,1.7101606780898692e-06,1.9358226556529505e-10,6.133560316545079e-11,6.449654551789281e-19,6.132959720372412e-19,1.1701426572794092e-17,1.0379878311581792e-17,2.181615820816996e-14,1.8134819136371326e-14,2.2881838388862054e-09,1.7894911374391312e-09,1.7687051709161264e-12,8.117212110124515e-13,2.88925186340292e-15,1.2824961911979753e-15,4.158535743632878e-23,1.2039659111102332e-23,3.012646011694531e-15,9.116873310141542e-16,2.4297492754679438e-18,1.0434760021892383e-18,1.3415592395813203e-17,6.8677540268420045e-18,6.839479657996639e-10,3.3706998108528957e-10,9.350263376314526e-16,4.442398993298586e-16,1.251716918717446e-17,4.063045062610194e-18,2.1449136467101904e-19,6.639994509480054e-20,2.1373177787293303e-14,6.616480032911263e-15,7.024443916582059e-11,2.174552300032874e-11,6.109142195534626e-17,1.9365734791976453e-17,0.010328643891886953,0.004910740292085864,9.999999999999836e-31,3.3339724230448303e-31,3.205452481435365e-09,9.908358572968226e-10,3.129268860608577e-06,9.451758591700234e-07,3.3016649334404796e-10,1.021619260162816e-10,6.804296959735666e-13,2.0572475653362458e-13
0.5,1246.3747323585499,5.377781947064862,0.26142087689238647,1.9037772989763615,0.06690520552815259,0.442011597039302,1.5721005611415424e-07,2.0772275467987592e-06,1.048000011198163e-13,8.724342998200284e-14,3.257565071438259e-14,1.355921503745591e-14,2.8034228005001297e-08,2.1954581964080413e-08,0.20749239477389064,0.15340241592628856,2.3487267068683794e-16,9.477719983008618e-17,7.764057808268771e-14,3.0401522648507725e-14,3.85281657688938e-18,4.272316805772485e-18,1.1298198242595339e-15,1.1558350137948171e-15,6.779460671834081e-11,6.437164853352016e-11,1.5413653027657016e-12,1.4635415755653922e-12,1.8668407830937923e-05,1.6537434236920175e-05,0.2093703403388578,0.173817643668805,0.4165389467672918,0.19806456680348958,0.0850788082419692,0.025748040295236974,6.825566498702543e-08,3.132820474630241e-08,4.833168297214744e-06,2.1438713498568535e-06,4.0214955512526946e-10,1.7258940021624692e-10,3.984172404679593e-12,1.709876131698263e-12,9.315363260357245e-07,3.872081250531054e-07,5.31402214559086e-12,2.8276574259481386e-12,0.0005548029686358596,0.000283788920647992,6.845840381503327e-08,3.3712270877943096e-08,0.0031330211757402437,0.0014874172720753182,5.615818267340914e-07,2.5736638915725507e-07,0.0005639943658861936,0.0002498075845648542,1.711446657299736e-10,5.555673541984718e-11,5.3923604843785226e-06,1.708486240233384e-06,1.9326098942277678e-10,6.123176337324521e-11,6.424284416985292e-19,6.10863131074895e-19,1.1674153413254913e-17,1.035533951241787e-17,2.1789066436477694e-14,1.8111694040554997e-14,2.2884646781323858e-09,1.789650999551036e-09,1.7663837863121597e-12,8.106287725376743e-13,2.8816328652930596e-15,1.279071512465658e-15,4.14223028776152e-23,1.1992051571553267e-23,3.0064812098902415e-15,9.097913529067766e-16,2.423546709779764e-18,1.040777499231657e-18,1.3386018228824776e-17,6.852385468148324e-18,6.836141074045855e-10,3.368941941932822e-10,9.340331028923622e-16,4.43753183711313e-16,1.2477445849941195e-17,4.050015694998231e-18,2.1369560656716826e-19,6.615139349552684e-20,2.134783949782981e-14,6.608415369814419e-15,7.02107528271626e-11,2.1734368864653975e-11,6.097439420217436e-17,1.932799195410641e-17,0.010328643891842291,0.0049105762899030875,9.999999999999847e-31,3.333861079611587e-31,3.197857293194119e-09,9.884551001854005e-10,3.125516822700145e-06,9.440110520226185e-07,3.297457504245726e-10,1.020283299201701e-10,6.781552981560873e-13,2.0503025537529225e-13
0.501,1246.2700252093596,5.37797343490175,0.261411568754509,1.907602684382082,0.06691264820428212,0.44204604536195796,1.5702872833617694e-07,2.0747625518364122e-06,1.0449364553537596e-13,8.698549949306419e-14,3.2474495309144243e-14,1.3516660179564469e-14,2.798568322826456e-08,2.1915834967037094e-08,0.20746667698946603,0.15337829422294386,2.3413545093203006e-16,9.447656611964443e-17,7.74610703756116e-14,3.033022315151858e-14,3.835253443655456e-18,4.2526997405854684e-18,1.125475165058627e-15,1.1513519698028417e-15,6.76085253879676e-11,6.419282458368777e-11,1.5368426754943457e-12,1.4591986989009465e-12,1.864337851277872e-05,1.6514711972819637e-05,0.20935564554714686,0.17379965591157281,0.41657685571375025,0.1980759957767625,0.08508044361847404,0.0257476777163473,6.820864680497088e-08,3.13055815832062e-08,4.833385956431601e-06,2.143896497279848e-06,4.0144788309144166e-10,1.72282527863616e-10,3.975791563939564e-12,1.706222525374053e-12,9.304739471326909e-07,3.8675364958518546e-07,5.290143648902469e-12,2.814857633686872e-12,0.0005533581295402876,0.000283040440265707,6.825887401807102e-08,3.361289318397198e-08,0.003128296247445553,0.0014851246281864649,5.605639703331528e-07,2.5689136190710106e-07,0.0005636259186631003,0.00024963607590643806,1.7076436944898505e-10,5.543143808929694e-11,5.387270119363085e-06,1.7068165924786403e-06,1.929408194798756e-10,6.112828663835614e-11,6.399058192953748e-19,6.084441923776406e-19,1.1646991719557715e-17,1.0330902177682778e-17,2.1762051581826238e-14,1.8088636095045346e-14,2.288744690328259e-09,1.7898103696918263e-09,1.764069314700376e-12,8.095396542721984e-13,2.8740481749437836e-15,1.2756624080938234e-15,4.1260191496567397e-23,1.1944721363552514e-23,3.0003401240895426e-15,9.07902761828006e-16,2.417371420171273e-18,1.038090985635509e-18,1.3356562603551334e-17,6.837079248218779e-18,6.832811157725771e-10,3.36718877309342e-10,9.33042756420944e-16,4.4326791373187083e-16,1.2437917919879433e-17,4.037050995340593e-18,2.1290433499060167e-19,6.590425338838397e-20,2.1322582031471565e-14,6.600376874236675e-15,7.017715706017826e-11,2.1723245518577956e-11,6.085780774624387e-17,1.9290393300577164e-17,0.010328643891797799,0.004910412752630664,9.99999999999984e-31,3.333750051812628e-31,3.190294381455791e-09,9.860845695561842e-10,3.121776901742749e-06,9.428500694421486e-07,3.293262909858253e-10,1.0189514928216763e-10,6.758926784669154e-13,2.0433938031862233e-13
0.502,1246.1655101087104,5.378164776206755,0.26140226840154657,1.9114282058900434,0.06692007090203432,0.4420804000971995,1.5684790477918987e-07,2.072304573636781e-06,1.0418871863881594e-13,8.672878343362385e-14,3.2373836139420956e-14,1.347431593426579e-14,2.793730892224005e-08,2.187722605679514e-08,0.20744102861393446,0.15335423955154603,2.3340187268662163e-16,9.417743044542254e-17,7.728230774986839e-14,3.025922291836686e-14,3.817800625201279e-18,4.233206689431828e-18,1.1211546865130151e-15,1.1468940657419584e-15,6.742328029656954e-11,6.401481239999393e-11,1.5323411499803148e-12,1.4548762803783623e-12,1.861842680329537e-05,1.649206148509794e-05,0.20934098729275202,0.17378171567704837,0.4166146490533461,0.19808738725193809,0.0850820850251604,0.02574731935605079,6.816172896203218e-08,3.1283008856877236e-08,4.833603531813131e-06,2.1439218031549968e-06,4.007489660696547e-10,1.7197687405951986e-10,3.967445900834823e-12,1.702584415170358e-12,9.294151535619309e-07,3.863007301416044e-07,5.2664149758240924e-12,2.8021386695321363e-12,0.0005519197111321385,0.0002822953197618897,6.806028655980768e-08,3.3513989216161456e-08,0.00312358740372612,0.0014828399091899815,5.595498290937822e-07,2.5641809239631526e-07,0.0005632584622034771,0.0002494650404355673,1.7038559254829608e-10,5.5306647380282106e-11,5.382193950081145e-06,1.7051517102590385e-06,1.9262174958664383e-10,6.102517092231544e-11,6.373974787045228e-19,6.060390497469465e-19,1.1619940810450914e-17,1.030656568196977e-17,2.1735113266416554e-14,1.8065644965288243e-14,2.2890238794955083e-09,1.7899692503631347e-09,1.761761720797831e-12,8.084538390586081e-13,2.8664975648826277e-15,1.272268774095912e-15,4.109901590860665e-23,1.1897666303624817e-23,2.9942226029752393e-15,9.060215103561725e-16,2.4112232305813804e-18,1.0354163834284967e-18,1.3327224807316212e-17,6.821834988973843e-18,6.829489871325168e-10,3.3654402834106387e-10,9.3205528385724e-16,4.4278408210844147e-16,1.2398584052749201e-17,4.024150515631349e-18,2.1211751513247922e-19,6.565851376212383e-20,2.129740496393433e-14,6.592364407289305e-15,7.014365143969672e-11,2.171215281539827e-11,6.074166000230924e-17,1.9252937979203128e-17,0.010328643891753461,0.004910249678156167,9.999999999999841e-31,3.3336393382138085e-31,3.182763535140671e-09,9.83724198085018e-10,3.118049025705684e-06,9.416928885827749e-07,3.2890810820770554e-10,1.0176238187185366e-10,6.736417508895004e-13,2.0365210472183196e-13
0.503,1246.0611862284372,5.378355971471751,0.2613929758080026,1.9152538633963665,0.06692747371105708,0.4421146616721189,1.566675829656777e-07,2.0698535772288072e-06,1.0388521091265669e-13,8.647327365356398e-14,3.227366976199377e-14,1.3432180830243794e-14,2.7889104127544053e-08,2.1838754448601012e-08,0.20741544932261713,0.15333025159497415,2.3267191057857587e-16,9.38797822992808e-17,7.710428556118506e-14,3.0188520068712155e-14,3.800457216747286e-18,4.213836629628376e-18,1.1168582069098978e-15,1.142461111523125e-15,6.723886599560254e-11,6.38376066529304e-11,1.5278605857070788e-12,1.4505741827541112e-12,1.8593552296890215e-05,1.6469482394235957e-05,0.2093263654294425,0.17376382276187083,0.4166523273304116,0.19809874141229294,0.08508373243103838,0.025746965193739726,6.811491103121956e-08,3.126048634709263e-08,4.833821021500995e-06,2.1439472657573887e-06,4.000527873399269e-10,1.7167243135180235e-10,3.959135193270434e-12,1.6989617025257736e-12,9.283599258366091e-07,3.858493581825702e-07,5.242834903564548e-12,2.78949987016169e-12,0.0005504876727564077,0.0002815535376854696,6.786263514204959e-08,3.341555578487856e-08,0.0031188945581723058,0.0014805630720303212,5.58539382109624e-07,2.559465706324576e-07,0.0005628919920828205,0.00024929447599464155,1.7000832580725342e-10,5.518236019202345e-11,5.3771319051040315e-06,1.7034915693026774e-06,1.9230377360713674e-10,6.09224141914574e-11,6.349033111910862e-19,6.036475975112381e-19,1.1593000007438935e-17,1.0282329402449248e-17,2.1708251114818657e-14,1.804272031873666e-14,2.2893022496235665e-09,1.790127644032449e-09,1.7594609695795226e-12,8.073713098601122e-13,2.85898081287872e-15,1.268890508833981e-15,4.093876883889324e-23,1.1850884240528671e-23,2.9881285132732543e-15,9.04147556538483e-16,2.405101965897249e-18,1.0327536150622164e-18,1.3298004131546278e-17,6.806652314513409e-18,6.826177177419875e-10,3.3636964520949783e-10,9.310706711824242e-16,4.423016817205565e-16,1.2359442909133067e-17,4.0113138095280296e-18,2.1133511295740588e-19,6.541416384725044e-20,2.1272307869721917e-14,6.584377829724871e-15,7.011023554337156e-11,2.1701090609243753e-11,6.062594840344073e-17,1.9215625143771733e-17,0.010328643891709349,0.004910087064345907,9.999999999999836e-31,3.3335289373665093e-31,3.1752645546964084e-09,9.813739220245297e-10,3.114333132990283e-06,9.405394897519831e-07,3.2849119545554767e-10,1.0163002551646439e-10,6.714024319663903e-13,2.0296840272251837e-13
0.504,1245.9570527506612,5.3785470211745725,0.26138369094907116,1.919079656797512,0.06693485672011147,0.4421488305094983,1.5648776043756025e-07,2.0674095279187616e-06,1.035831129282111e-13,8.621896207917875e-14,3.217399276945334e-14,1.3390253411518013e-14,2.7841067893163168e-08,2.1800419364583502e-08,0.2073899387931015,0.1533063300384951,2.3194553948227016e-16,9.358361127557126e-17,7.692699920496073e-14,3.011811273839375e-14,3.78322232322631e-18,4.194588549512231e-18,1.1125855464216567e-15,1.1380529190363678e-15,6.705527708767651e-11,6.366120206324607e-11,1.5234008434772639e-12,1.4462922700792025e-12,1.8568754591429434e-05,1.6446974323973513e-05,0.20931177981379337,0.1737459769657643,0.4166898910856165,0.19811005844006596,0.08508538580522507,0.02574661520894413,6.806819258788636e-08,3.123801383492011e-08,4.834038423654796e-06,2.14397288337865e-06,3.9935933032379553e-10,1.7136919235186e-10,3.95085922112468e-12,1.6953542897597683e-12,9.273082446338074e-07,3.853995252406453e-07,5.2194022154471284e-12,2.7769405756703576e-12,0.0005490619734121778,0.0002808150724154664,6.766591349993525e-08,3.331758971787753e-08,0.003114217624166979,0.0014782940735730075,5.575326084990907e-07,2.5547678663849936e-07,0.0005625265037952277,0.0002491243803918054,1.6963256008366003e-10,5.505857345031525e-11,5.372083913517047e-06,1.7018361455156642e-06,1.9198688546043487e-10,6.082001443042183e-11,6.324232091534601e-19,6.012697311042592e-19,1.1566168638215316e-17,1.0258192721998664e-17,2.168146475469857e-14,1.8019861825605366e-14,2.2895798046740393e-09,1.7902855531515743e-09,1.7571670263078478e-12,8.062920497807883e-13,2.851497697026336e-15,1.2655275108468577e-15,4.07794430630202e-23,1.1804373038180495e-23,2.9820577168350867e-15,9.022808569634866e-16,2.399007452615381e-18,1.0301026037045143e-18,1.3268899873893682e-17,6.7915308522590435e-18,6.822873038822335e-10,3.361957258494777e-10,9.300889044601161e-16,4.418207054911584e-16,1.232049316288475e-17,3.998540435126394e-18,2.1055709458212778e-19,6.517119292421084e-20,2.1247290327181625e-14,6.576417003557038e-15,7.00769089518895e-11,2.1690058755320602e-11,6.051067040478365e-17,1.9178453955394015e-17,0.010328643891665431,0.004909924909085973,9.999999999999836e-31,3.3334188478355786e-31,3.1677972413609825e-09,9.79033677893321e-10,3.1106291615348515e-06,9.39389853127679e-07,3.280755461345501e-10,1.0149807805669689e-10,6.691746389139449e-13,2.0228824866928805e-13
0.505,1245.8531088806585,5.378737925746373,0.26137441380222276,1.9229055859902473,0.06694222001643407,0.4421829070246642,1.5630843474681694e-07,2.06497239117121e-06,1.0328241533981698e-13,8.59658407085508e-14,3.207480179558054e-14,1.334853223970944e-14,2.7793199276032788e-08,2.176222003347295e-08,0.20736449670403817,0.1532824745692418,2.3122273452545435e-16,9.328890707413146e-17,7.675044410296298e-14,3.0047999074287577e-14,3.766095059667588e-18,4.175461448872994e-18,1.1083365273622288e-15,1.133669302415057e-15,6.687250822916164e-11,6.34855934045542e-11,1.518961785378247e-12,1.4420304076694877e-12,1.8544033287827577e-05,1.6424536900979337e-05,0.20929723031137917,0.1737281780970958,0.4167273408550763,0.19812133851651215,0.08508704511911852,0.025746269382051507,6.802157320230815e-08,3.121559109938666e-08,4.834255736372966e-06,2.1439986542970105e-06,3.9866857852265776e-10,1.7106714970856833e-10,3.94261776575108e-12,1.691762079862709e-12,9.26260090735894e-07,3.8495122289727196e-07,5.196115692677341e-12,2.7644601251951736e-12,0.0005476425708758957,0.0002800799017132632,6.74701153070325e-08,3.322008781364305e-08,0.003109556510706161,0.001476032868624244,5.565294866852733e-07,2.5500873012345484e-07,0.0005621619921832666,0.00024895475114906327,1.6925828629639117e-10,5.493528410200372e-11,5.367049904643004e-06,1.7001854148985242e-06,1.9167107912562638e-10,6.071796964387031e-11,6.299570662704181e-19,5.989053472059783e-19,1.1539446037164093e-17,1.0234155029669456e-17,2.1654753816017487e-14,1.7997069158247227e-14,2.289856548584404e-09,1.7904429801638458e-09,1.754879856457875e-12,8.052160420331598e-13,2.844047996308928e-15,1.2621796791032422e-15,4.062103141762145e-23,1.175813057874706e-23,2.97601007055897e-15,9.004213667395224e-16,2.392939518951828e-18,1.0274632732889948e-18,1.3239911338180824e-17,6.776470232940694e-18,6.819577418541213e-10,3.3602226820843016e-10,9.291099697076279e-16,4.413411463264745e-16,1.2281733503023246e-17,3.985829955583093e-18,2.0978342629822814e-19,6.492959033054752e-20,2.1222351919829684e-14,6.5684817924860465e-15,7.00436712486004e-11,2.167905710984942e-11,6.039582348138091e-17,1.9141423581857306e-17,0.010328643891621699,0.004909763210294099,9.999999999999815e-31,3.3333090682073315e-31,3.160361392609419e-09,9.767034010709483e-10,3.106937044251971e-06,9.382439573825545e-07,3.2766115361957484e-10,1.013665373252271e-10,6.669582886716249e-13,2.0161161683476996e-13
0.506,1245.749353798864,5.3789286856899245,0.2613651443414553,1.9267316508716974,0.06694956368825751,0.4422168916378942,1.561296034708967e-07,2.0625421327926175e-06,1.0298310887634103e-13,8.571390160362523e-14,3.197609348488516e-14,1.3307015881229768e-14,2.7745497338683584e-08,2.172415568854639e-08,0.20733912273800073,0.15325868487685437,2.3050347100562156e-16,9.299565946560987e-17,7.657461573121624e-14,2.997817724492955e-14,3.749074548240301e-18,4.156454335631242e-18,1.1041109729816039e-15,1.1293100767912714e-15,6.669055410743656e-11,6.331077548110365e-11,1.5145432745016473e-12,1.4377884618250178e-12,1.851938798932481e-05,1.6402169754051707e-05,0.20928271677531246,0.17371042595339187,0.4167646771727162,0.19813258182112534,0.08508871034104422,0.02574592769243966,6.797505245883194e-08,3.119321792596573e-08,4.8344729579076594e-06,2.1440245768520304e-06,3.979805156470944e-10,1.7076629616210572e-10,3.934410610775263e-12,1.6881849768212013e-12,9.252154451134137e-07,3.845044428134924e-07,5.172974154273849e-12,2.7520578781313486e-12,0.0005462294260404503,0.00027934800493902473,6.727523447551204e-08,3.3123046988860144e-08,0.0031049111353602145,0.0014737794160691303,5.555299965935144e-07,2.545423914868813e-07,0.000561798453189812,0.0002487855862757083,1.688854954545732e-10,5.481248912391877e-11,5.362029808692719e-06,1.6985393537358468e-06,1.9135634860221487e-10,6.061627784335275e-11,6.275047768127767e-19,5.965543430820482e-19,1.1512831541867303e-17,1.0210215717488949e-17,2.1628117931305203e-14,1.7974341991206254e-14,2.2901324852603543e-09,1.790599927480965e-09,1.7525994257730733e-12,8.041432699559673e-13,2.83663149420633e-15,1.258846914590107e-15,4.046352683862561e-23,1.1712154773598116e-23,2.9699854454568246e-15,8.98569045254917e-16,2.3868979941470413e-18,1.0248355482063872e-18,1.3211037832599728e-17,6.7614700896086144e-18,6.816290279869232e-10,3.358492702474681e-10,9.281338532523495e-16,4.408629972810432e-16,1.224316262437505e-17,3.97318193603882e-18,2.0901407507400567e-19,6.468934561557522e-20,2.119749223069967e-14,6.560572060085821e-15,7.001052201982333e-11,2.1668085529951177e-11,6.028140512717967e-17,1.9104533197123422e-17,0.010328643891578162,0.0049096019658725265,9.999999999999806e-31,3.3331995970575756e-31,3.1529568160331703e-09,9.743830300778366e-10,3.1032567231143315e-06,9.371017839288195e-07,3.2724801145318874e-10,1.0123540120699646e-10,6.647533004947117e-13,2.0093848219735503e-13
0.507,1245.6457867195272,5.3791193014348,0.2613558825443318,1.9305578513392931,0.06695688782174902,0.44225078475936747,1.559512641950202e-07,2.0601187187215813e-06,1.0268518435161575e-13,8.546313689987715e-14,3.18778645306423e-14,1.3265702923262819e-14,2.7697961152225243e-08,2.1686225570215938e-08,0.20731381657791045,0.15323496065262904,2.2978772449110065e-16,9.270385833331186e-17,7.639950958646622e-14,2.9908645427731667e-14,3.732159921701831e-18,4.137566229707315e-18,1.0999087089084577e-15,1.1249750597841054e-15,6.650940946848895e-11,6.313674315470804e-11,1.5101451752851762e-12,1.4335663001710293e-12,1.849481830247452e-05,1.6379872515184e-05,0.20926823907235814,0.17369272034504654,0.41680190056743577,0.19814378853260797,0.08509038144285114,0.025745590120773633,6.792862993303693e-08,3.117089409646026e-08,4.834690086407075e-06,2.1440506493553836e-06,3.972951254627829e-10,1.7046662447981167e-10,3.9262375411515196e-12,1.6846228852327361e-12,9.241742888298635e-07,3.8405917669484896e-07,5.149976406880617e-12,2.7397331874608615e-12,0.0005448224974849575,0.0002786193602776885,6.7081264791566e-08,3.302646409928156e-08,0.0031002814086028016,0.0014715336714499825,5.545341169968758e-07,2.540777606054681e-07,0.0005614358817418028,0.0002486168833340265,1.6851417862269044e-10,5.469018551218158e-11,5.357023555985154e-06,1.69689793836904e-06,1.9104268795947549e-10,6.051493706364657e-11,6.250662364645696e-19,5.942166173711944e-19,1.1486324497353147e-17,1.018637418434583e-17,2.160155673548125e-14,1.7951680001278364e-14,2.2904076185858867e-09,1.790756397511834e-09,1.750325700208999e-12,8.030737169976912e-13,2.829247973789549e-15,1.2555291181501773e-15,4.030692230624467e-23,1.1666443547513327e-23,2.963983701381066e-15,8.967238485415766e-16,2.380882709295117e-18,1.022219353672383e-18,1.3182278671915332e-17,6.746530058839168e-18,6.813011586269786e-10,3.356767299397253e-10,9.271605413023502e-16,4.4038625135887777e-16,1.2204779238862547e-17,3.960595947327085e-18,2.0824900788764376e-19,6.4450448334713e-20,2.1172710849195355e-14,6.552687672001386e-15,6.997746085437526e-11,2.165714387375439e-11,6.016741285634283e-17,1.9067781981965563e-17,0.01032864389153479,0.004909441173765383,9.99999999999981e-31,3.3330904329905605e-31,3.145583312562498e-09,9.720725014013245e-10,3.099588132134256e-06,9.359633117891177e-07,3.268361131071364e-10,1.0110466756659737e-10,6.625595928530554e-13,2.0026881950599518e-13
0.508,1245.5424068549219,5.379309773424852,0.26134662838772865,1.9343841872907805,0.06696419250293557,0.4422845867986569,1.5577341452027267e-07,2.0577021151205374e-06,1.0238863265316596e-13,8.521353879627301e-14,3.1780111650693726e-14,1.3224591963591088e-14,2.7650589793903863e-08,2.1648428923954458e-08,0.20728857790871857,0.15321130158964164,2.290754707503271e-16,9.241349364394638e-17,7.622512120318339e-14,2.983940181541335e-14,3.715350320989355e-18,4.1187961603172154e-18,1.0957295622188727e-15,1.120664070538169e-15,6.632906909788149e-11,6.296349132619365e-11,1.5057673532374775e-12,1.4293637913857232e-12,1.8470323836207037e-05,1.635764481861416e-05,0.20925379706721356,0.1736750610810037,0.4168390115645863,0.19815495882812847,0.0850920583966958,0.025745256647844637,6.788230520448758e-08,3.114861939462658e-08,4.834907120064337e-06,2.1440768701412437e-06,3.9661239187085247e-10,1.7016812748939363e-10,3.918098343590793e-12,1.6810757104766584e-12,9.231366030832953e-07,3.836154163058335e-07,5.127121276052766e-12,2.7274854163754025e-12,0.0005434217448842461,0.00027789394648060383,6.688820012953301e-08,3.293033604490668e-08,0.0030956672430023477,0.00146929559131854,5.535418270665691e-07,2.5361482754159397e-07,0.0005610742729880838,0.0002484486399856741,1.6814432693625873e-10,5.456837028688e-11,5.3520310773640325e-06,1.6952611453158066e-06,1.907300913038483e-10,6.041394535197645e-11,6.226413417919813e-19,5.918920695755906e-19,1.1459924253217412e-17,1.0162629833360202e-17,2.1575069865586368e-14,1.7929082867155533e-14,2.2906819524192245e-09,1.7909123926463138e-09,1.7480586459361527e-12,8.020073667119193e-13,2.8218972212579678e-15,1.252226192042176e-15,4.0151210885575215e-23,1.1620994850341645e-23,2.9580047044834494e-15,8.948857345506919e-16,2.374893496775771e-18,1.0196146154759688e-18,1.3153633175779472e-17,6.731649779821074e-18,6.809741301425152e-10,3.3550464527027216e-10,9.261900201895776e-16,4.3991090162574566e-16,1.2166582068191106e-17,3.948071563570258e-18,2.0748819218790525e-19,6.42128881915644e-20,2.1148007366807528e-14,6.54482849457469e-15,6.994448734347981e-11,2.1646232000208088e-11,6.005384420088111e-17,1.9031169123075104e-17,0.01032864389149161,0.0049092808319228945,9.999999999999817e-31,3.3329815746146535e-31,3.1382406862593645e-09,9.697717525149055e-10,3.095931207335513e-06,9.34828520601043e-07,3.2642545211864026e-10,1.009743342896931e-10,6.603770852047372e-13,1.9960260381481894e-13
0.509,1245.439213403533,5.379500102149188,0.2613373818463315,1.938210658624254,0.06697147781820718,0.4423182981671607,1.5559605207589724e-07,2.055292288533888e-06,1.0209344475162015e-13,8.496509956290806e-14,3.168283158057173e-14,1.3183681607703838e-14,2.760338234819839e-08,2.161076500110808e-08,0.2072634064192232,0.15318770738378037,2.2836668574830607e-16,9.212455544598297e-17,7.605144616948628e-14,2.9770444622168895e-14,3.698644894885427e-18,4.10014316559063e-18,1.0915733612032057e-15,1.1163769294823705e-15,6.614952781977676e-11,6.27910149343319e-11,1.5014096750218183e-12,1.4251808052764355e-12,1.844590420264362e-05,1.633548630151142e-05,0.20923939061654703,0.17365744796345847,0.4168760106873425,0.19816609288357373,0.08509374117174572,0.02574492725352063,6.783607786531732e-08,3.112639361004935e-08,4.8351240571994415e-06,2.1441032375982858e-06,3.959322989790469e-10,1.6987079810909293e-10,3.9099928071587296e-12,1.6775433589670737e-12,9.221023692778679e-07,3.8317315349882116e-07,5.1044076119133705e-12,2.7153139412774353e-12,0.0005420271296266416,0.00027717174318075326,6.66960345480185e-08,3.283465981722309e-08,0.0030910685575605014,0.0014670651352918476,5.525531071273397e-07,2.5315358288884756e-07,0.0005607136229028782,0.00024828085425836937,1.677759316228947e-10,5.4447040498786957e-11,5.347052304508067e-06,1.6936289513649103e-06,1.9041855277441661e-10,6.031330076645457e-11,6.202299901072813e-19,5.89580599930027e-19,1.1433630163387536e-17,1.013898207165216e-17,2.1548656962032745e-14,1.7906550270427576e-14,2.2909554905871395e-09,1.7910679152471767e-09,1.7457982294499846e-12,8.009442028061487e-13,2.8145790240932015e-15,1.2489380391186965e-15,3.999638569651203e-23,1.1575806648263045e-23,2.952048324188674e-15,8.930546622349967e-16,2.3689301901807747e-18,1.0170212599455686e-18,1.3125100669095438e-17,6.716828894527346e-18,6.806479389298624e-10,3.353330142384924e-10,9.252222765136746e-16,4.394369412765621e-16,1.2128569842274905e-17,3.935608361659581e-18,2.0673159572393662e-19,6.397665498507806e-20,2.112338137592471e-14,6.536994394462969e-15,6.991160108160704e-11,2.1635349769297534e-11,5.994069671431511e-17,1.8994693814181228e-17,0.010328643891448604,0.004909120938291425,9.999999999999819e-31,3.332873020535614e-31,3.130928749058352e-09,9.674807233409824e-10,3.0922858915278665e-06,9.336973920567622e-07,3.260160221660594e-10,1.0084439930620934e-10,6.582056989644727e-13,1.9893981077533567e-13
0.51,1245.3362055903344,5.379690288041221,0.2613281428975395,1.942037265238116,0.06697874385228021,0.4423519192680835,1.5541917449682966e-07,2.052889205607079e-06,1.0179961169357703e-13,8.471781153570507e-14,3.158602109790984e-14,1.314297047905323e-14,2.7556337906885914e-08,2.15732330591127e-08,0.20723830179881803,0.15316417773253013,2.276613456917932e-16,9.18370338885633e-17,7.587848009338684e-14,2.970177207067907e-14,3.682042801801244e-18,4.081606294576684e-18,1.087439936260192e-15,1.1121134592524896e-15,6.597078050997209e-11,6.261930896868486e-11,1.4970720084972962e-12,1.4210172128294176e-12,1.8421559016586827e-05,1.6313396603650608e-05,0.20922501958777445,0.17363988080478834,0.4169128984541999,0.19817719087389743,0.0850954297401159,0.025744601918742158,6.778994749996765e-08,3.110421652908527e-08,4.835340896044595e-06,2.144129750091121e-06,3.9525483094696253e-10,1.6957462928257898e-10,3.901920722121389e-12,1.6740257376703225e-12,9.210715688942154e-07,3.8273238016314817e-07,5.081834260122951e-12,2.7032181363557826e-12,0.0005406386116792439,0.00027645272929180235,6.65047620135468e-08,3.27394323633991e-08,0.0030864852655984585,0.0014648422603139293,5.515679365815004e-07,2.526940168228103e-07,0.0005603539266300536,0.00024811352381462845,1.67408983961654e-10,5.4326193216577495e-11,5.342087169228071e-06,1.6920013333665975e-06,1.9010806656987684e-10,6.021300138508553e-11,6.178320799815521e-19,5.872821098935919e-19,1.1407441588284775e-17,1.0115430312336071e-17,2.1522317667052043e-14,1.788408189443037e-14,2.2912282368946016e-09,1.791222967671552e-09,1.743544417415142e-12,7.998842090764884e-13,2.8072931713250245e-15,1.2456645629536394e-15,3.9842439927565746e-23,1.1530876927871659e-23,2.9461144256211176e-15,8.912305892644706e-16,2.3629926247725627e-18,1.014439214153608e-18,1.3096680482562079e-17,6.702067048044767e-18,6.803225814027927e-10,3.351618348554276e-10,9.242572967822583e-16,4.3896436346792044e-16,1.2090741305995407e-17,3.92320592347758e-18,2.0597918647643615e-19,6.374173858871283e-20,2.1098832474307042e-14,6.529185240073647e-15,6.987880166564106e-11,2.1624497041954087e-11,5.982796796810029e-17,1.895835525506294e-17,0.010328643891405791,0.004908961490851586,9.999999999999813e-31,3.3327647693824427e-31,3.1236473076789902e-09,9.651993522138171e-10,3.088652121080572e-06,9.325699059163532e-07,3.25607816873481e-10,1.0071486053066311e-10,6.560453549604704e-13,1.9828041586921526e-13
0.511,1245.2333826339222,5.379880331560027,0.2613189115175127,1.9458640070310955,0.06698599068991895,0.44238545050492606,1.5524277943810614e-07,2.050492833263389e-06,1.0150712460085809e-13,8.44716671152113e-14,3.148967700229409e-14,1.3102457210579014e-14,2.750945556814587e-08,2.153583236064889e-08,0.20721326373960475,0.15314071233553403,2.2695942698100693e-16,9.155091920138565e-17,7.570621862561119e-14,2.9633382400844175e-14,3.665543207952647e-18,4.0631846051918645e-18,1.0833291191076068e-15,1.1078734838759789e-15,6.579282208247624e-11,6.244836845643559e-11,1.4927542225964544e-12,1.4168728860839119e-12,1.839728789546506e-05,1.629137536725506e-05,0.20921068384404173,0.17362235941395604,0.4169496753807194,0.19818825297265852,0.08509712407291896,0.025744280624159416,6.774391370000074e-08,3.108208794145617e-08,4.8355576349089944e-06,2.1441564060193926e-06,3.945799720941137e-10,1.692796140241825e-10,3.893881880693104e-12,1.6705227544145793e-12,9.200441835748018e-07,3.8229308825805277e-07,5.059400086941814e-12,2.6911973868983463e-12,0.0005392561523252866,0.000275736884406053,6.631437661464948e-08,3.264465069146005e-08,0.0030819172841196458,0.0014626269250899205,5.505862955032818e-07,2.5223611982985786e-07,0.0005599951797565388,0.00024794664651402485,1.6704347530901032e-10,5.4205825534894314e-11,5.33713560397412e-06,1.6903782683821072e-06,1.897986269245828e-10,6.01130452977776e-11,6.154475107918761e-19,5.8499650171503305e-19,1.1381357892696956e-17,1.0091973972565877e-17,2.149605162541641e-14,1.7861677424726974e-14,2.2915001951191247e-09,1.7913775522548434e-09,1.74129717674734e-12,7.988273694399346e-13,2.80003945438483e-15,1.2424056682124294e-15,3.968936683933501e-23,1.14862036970981e-23,2.9402028790815046e-15,8.894134748873228e-16,2.357080637039225e-18,1.0118684057185632e-18,1.3068371951781796e-17,6.6873638880723035e-18,6.799980539990471e-10,3.3499110514479663e-10,9.232950676781178e-16,4.384931614421109e-16,1.2053095213164803e-17,3.910863833912044e-18,2.0523093282610014e-19,6.350812900211464e-20,2.107436026137151e-14,6.5214009003715405e-15,6.98460886951731e-11,2.1613673680004222e-11,5.971565555249716e-17,1.8922152651697985e-17,0.010328643891363166,0.004908802487586205,9.999999999999806e-31,3.3326568197856577e-31,3.1163961736742075e-09,9.629275789781884e-10,3.0850298361233813e-06,9.314460430819117e-07,3.2520082995792453e-10,1.0058571590703265e-10,6.538959753586099e-13,1.9762439498850673e-13
0.512,1245.1307437548976,5.380070233169881,0.2613096876821664,1.949690883902252,0.06699321841547437,0.4424188922792014,1.5506686457276527e-07,2.048103138679637e-06,1.0121597467215799e-13,8.422665876809472e-14,3.1393796118734854e-14,1.3062140446171929e-14,2.7462734437056716e-08,2.149856217406565e-08,0.20718829193604826,0.15311731089460145,2.2626090622216064e-16,9.126620169988929e-17,7.553465745518535e-14,2.95652738681016e-14,3.649145287794071e-18,4.044877164705249e-18,1.07924074297706e-15,1.1036568289725833e-15,6.561564749329619e-11,6.227818846607573e-11,1.4884561873744234e-12,1.4127476981808595e-12,1.837309045952401e-05,1.626942223719318e-05,0.20919638324795045,0.17360488359990028,0.41698634197927326,0.19819927935224224,0.08509882414088576,0.02574396335036435,6.769797606107513e-08,3.106000763891399e-08,4.83577427213767e-06,2.1441832038032124e-06,3.93907706876582e-10,1.6898574540914607e-10,3.8858760768825756e-12,1.6670343178264148e-12,9.190201951046757e-07,3.8185526980531054e-07,5.0371039717941225e-12,2.679251085338865e-12,0.000537879713365891,0.00027502418838662186,6.612487251047801e-08,3.255031184503408e-08,0.0030773645316171543,0.001460419089047706,5.496081642709037e-07,2.517798825389756e-07,0.0005596373780221251,0.0002477802202850943,1.6667939709368401e-10,5.408593457275386e-11,5.3321975417138445e-06,1.6887597336479554e-06,1.8949022811308767e-10,6.001343060787927e-11,6.130761828317649e-19,5.827236785384543e-19,1.1355378446394533e-17,1.0068612474097094e-17,2.1469858484474778e-14,1.783933654916755e-14,2.2917713690116655e-09,1.7915316713145227e-09,1.7390564746099515e-12,7.977736679341322e-13,2.7928176663654854e-15,1.2391612603254264e-15,3.953715975506423e-23,1.1441784982490308e-23,2.9343135561406103e-15,8.87603278749578e-16,2.351194064813642e-18,1.0093087628576405e-18,1.304017441759591e-17,6.672719065103201e-18,6.796743531792266e-10,3.3482082314302113e-10,9.223355760013518e-16,4.3802332850036976e-16,1.2015630328085325e-17,3.89858168136756e-18,2.0448680344879567e-19,6.327581631875323e-20,2.104996433906043e-14,6.513641245158493e-15,6.981346177254779e-11,2.160287954622067e-11,5.960375707692427e-17,1.88860852164049e-17,0.01032864389132071,0.004908643926488784,9.999999999999796e-31,3.3325491703830214e-31,3.1091751610873754e-09,9.606653442667844e-10,3.081418978184304e-06,9.303257848857402e-07,3.2479505519555113e-10,1.0045696339847072e-10,6.517574831888935e-13,1.969717242927612e-13
0.513,1245.0282881942812,5.3802599932933095,0.2613004713694511,1.9535178957509451,0.06700042711201208,0.4424522449861815,1.54891427579841e-07,2.0457200891344323e-06,1.009261531768957e-13,8.398277902228855e-14,3.129837531079946e-14,1.3022018846177782e-14,2.7416173625223395e-08,2.1461421773159258e-08,0.20716338608304763,0.1530939731128014,2.2556576024469574e-16,9.098287179248396e-17,7.536379229191189e-14,2.9497444736661544e-14,3.6328482246774405e-18,4.026683050479534e-18,1.0751746429936818e-15,1.0994633221457955e-15,6.543925174523137e-11,6.210876411215113e-11,1.4841777739893854e-12,1.408641523348738e-12,1.8348966331373408e-05,1.6247536860631046e-05,0.2091821176702363,0.17358745317932694,0.4170228987576239,0.19821027018385873,0.08510052991783819,0.025743650079028655,6.765213417289406e-08,3.103797541073372e-08,4.835990806012756e-06,2.1442101418466653e-06,3.932380198104437e-10,1.686930165413256e-10,3.877903105903855e-12,1.6635603370834673e-12,9.179995853481965e-07,3.8141891686421434e-07,5.014944794367614e-12,2.6673786244023954e-12,0.0005365092557274629,0.0002743146206562606,6.593624380064754e-08,3.24564128393835e-08,0.0030728269223388067,0.0014582187096211388,5.486335225789543e-07,2.5132529527014866e-07,0.0005592805165261752,0.00024761424277494035,1.6631674079540378e-10,5.3966517466828854e-11,5.327272915593285e-06,1.6871457064741812e-06,1.89182864463885e-10,5.991415543672862e-11,6.107179975284559e-19,5.804635446115158e-19,1.132950262493647e-17,1.0045345244033608e-17,2.1443737893197123e-14,1.7817058957154714e-14,2.2920417623028227e-09,1.7916853271610737e-09,1.7368222783226857e-12,7.967230886781334e-13,2.785627602449735e-15,1.2359312456819021e-15,3.938581207150022e-23,1.1397618832387845e-23,2.928446326867475e-15,8.857999600595276e-16,2.3453327474429185e-18,1.0067602144626978e-18,1.3012087226118859e-17,6.6581322324639765e-18,6.793514754201968e-10,3.3465098689710603e-10,9.213788084925657e-16,4.3755485792037805e-16,1.1978345428388992e-17,3.886359058698782e-18,2.0374676732203294e-19,6.304479072810758e-20,2.1025644313892126e-14,6.505906145729606e-15,6.97809205021469e-11,2.159211450417366e-11,5.949227016730161e-17,1.8850152167062738e-17,0.010328643891278416,0.004908485805580175,9.999999999999801e-31,3.3324418198308727e-31,3.1019840802498607e-09,9.584125875868647e-10,3.077819483900912e-06,9.292091111948044e-07,3.243904863279341e-10,1.0032860095864892e-10,6.496298011827735e-13,1.9632237985824762e-13
0.514,1244.9260151793246,5.380449612398498,0.2612912625551074,1.957345042476868,0.0670076168629232,0.4424855090227664,1.5471646616986276e-07,2.0433436523320284e-06,1.0063765146920402e-13,8.374002047808013e-14,3.120341145894848e-14,1.2982091078297363e-14,2.7369772251969233e-08,2.1424410437969108e-08,0.20713854587970626,0.15307069869628925,2.24873966072628e-16,9.070091996838828e-17,7.519361890158279e-14,2.942989329309879e-14,3.616651209528105e-18,4.008601348475006e-18,1.0711306554497686e-15,1.095292792232581e-15,6.526362987986977e-11,6.19400905472584e-11,1.4799188547712975e-12,1.4045542369595218e-12,1.8324915137169633e-05,1.6225718887976445e-05,0.20916788697334676,0.1735700679619929,0.4170593462218097,0.1982212256376745,0.08510224137381593,0.025743340790663222,6.760638763939799e-08,3.101599105278246e-08,4.8362072349558065e-06,2.144237218614087e-06,3.9257089563061647e-10,1.6840142062025386e-10,3.869962765430194e-12,1.6601007224415962e-12,9.169823363945314e-07,3.8098402158960835e-07,4.992921456091081e-12,2.6555794085106932e-12,0.0005351447417983051,0.0002736081613903247,6.57484847751724e-08,3.236295078422389e-08,0.0030683043774214097,0.001456025747524746,5.476623513587656e-07,2.508723489124962e-07,0.0005589245912665956,0.0002474487120290604,1.6595549798910842e-10,5.3847571385442675e-11,5.322361659642953e-06,1.6855361644573013e-06,1.8887653033923956e-10,5.981521791688275e-11,6.083728570233447e-19,5.782160048826712e-19,1.1303729808273797e-17,1.002217171352446e-17,2.141768950438946e-14,1.779484434137108e-14,2.292311378691228e-09,1.791838522077706e-09,1.734594555565871e-12,7.956756159610564e-13,2.7784690574316647e-15,1.232715530522298e-15,3.923531721406894e-23,1.1353703303872655e-23,2.9226010608647426e-15,8.840034778953161e-16,2.3394965254618103e-18,1.0042226899534934e-18,1.298410972885777e-17,6.643603046332618e-18,6.790294172277431e-10,3.3448159446876935e-10,9.204247521811623e-16,4.370877431189003e-16,1.194123929975385e-17,3.874195561470279e-18,2.0301079353783333e-19,6.281504245733552e-20,2.100139979326365e-14,6.498195473687882e-15,6.974846449181198e-11,2.1581378418535333e-11,5.938119247201558e-17,1.88143527288801e-17,0.010328643891236349,0.004908328122877876,9.999999999999801e-31,3.332334766783232e-31,3.0948227498395174e-09,9.561692510398673e-10,3.074231297233466e-06,9.280960040921848e-07,3.239871172476718e-10,1.0020062658853019e-10,6.475128541360821e-13,1.9567633839075913e-13
0.515,1244.8239239586774,5.380639090908256,0.2612820612170869,1.9611723239800138,0.06701478775030623,0.44251868477956063,1.545419780511388e-07,2.040973795969656e-06,1.0035046096243041e-13,8.349837578739323e-14,3.110890147902166e-14,1.294235582535501e-14,2.7323529441643944e-08,2.1387527452801967e-08,0.20711377102494338,0.15304748735201715,2.2418550093251393e-16,9.042033680138134e-17,7.502413306165853e-14,2.936261782918386e-14,3.600553441655463e-18,3.9906311541703404e-18,1.0671086184625503e-15,1.0911450699823507e-15,6.508877698100116e-11,6.177216296565705e-11,1.4756793029993507e-12,1.4004857153258648e-12,1.830093650453579e-05,1.620396797113735e-05,0.20915369102896791,0.1735527277663329,0.4170956848728922,0.1982321458825033,0.08510395848299453,0.025743035467174047,6.756073605472217e-08,3.0994054356681746e-08,4.836423557289214e-06,2.1442644325376517e-06,3.9190631908957264e-10,1.6811095085582068e-10,3.862054853906566e-12,1.656655384521063e-12,9.159684303568871e-07,3.805505761508246e-07,4.9710328616527616e-12,2.6438528439665942e-12,0.0005337861334552442,0.0002729047905094168,6.556158963703569e-08,3.226992274735302e-08,0.003063796812428346,0.0014538401608485203,5.466946306158698e-07,2.5042103393514664e-07,0.0005585695974122445,0.0002472836257280014,1.655956602861149e-10,5.37290935098072e-11,5.317463707908561e-06,1.6839310852154577e-06,1.885712201479253e-10,5.971661619651986e-11,6.060406645545732e-19,5.75980965368137e-19,1.1278059381606986e-17,9.999091318584932e-18,2.1391712971381255e-14,1.7772692395136973e-14,2.292580221857485e-09,1.7919912583424409e-09,1.7323732740852852e-12,7.946312341115989e-13,2.7713418310930345e-15,1.2295140233310184e-15,3.9085668721795676e-23,1.1310036487408693e-23,2.9167776335925476e-15,8.822137931231432e-16,2.333685240839901e-18,1.0016961193898527e-18,1.2956241281845964e-17,6.629131165335671e-18,6.787081751215051e-10,3.3431264392910205e-10,9.194733939799367e-16,4.366219774619653e-16,1.1904310740505122e-17,3.862090789472398e-18,2.0227885178658932e-19,6.25865619213553e-20,2.0977230389043753e-14,6.490509102096182e-15,6.97160933510433e-11,2.1570671154656682e-11,5.927052165240979e-17,1.877868613149729e-17,0.010328643891194438,0.00490817087642654,9.99999999999978e-31,3.332228009912605e-31,3.087690983290397e-09,9.539352751281752e-10,3.070654355773139e-06,9.269864437491247e-07,3.2358494178317704e-10,1.0007303827042592e-10,6.45406566111989e-13,1.9503357638146808e-13
0.516,1244.7220137664945,5.380828429292057,0.2612728673310827,1.9649997401607104,0.06702193985668306,0.442551772649316,1.5436796096310188e-07,2.038610488164469e-06,1.0006457315231737e-13,8.325783767250594e-14,3.101484230379433e-14,1.2902811777536057e-14,2.7277444326042585e-08,2.135077210798314e-08,0.20708906122148993,0.15302433878968666,2.2350034224051976e-16,9.014111294396422e-17,7.485533060454931e-14,2.929561665862518e-14,3.5845541277003545e-18,3.972771571366816e-18,1.063108371266734e-15,1.087019987325839e-15,6.491468816985058e-11,6.160497659832537e-11,1.4714589930913793e-12,1.396435835871296e-12,1.8277030064537666e-05,1.6182283765164343e-05,0.20913952970021582,0.17353543240354746,0.4171319152100621,0.19824303108598856,0.08510568121636068,0.02574273408947826,6.751517902727477e-08,3.097216512065073e-08,4.8366397714779485e-06,2.144291782110548e-06,3.9124427515670627e-10,1.6782160055267498e-10,3.8541791722020595e-12,1.6532242350042383e-12,9.149578495713882e-07,3.80118572811798e-07,4.9492779374002295e-12,2.632198348721111e-12,0.0005324333940596593,0.0002722044886980632,6.5375552780387e-08,3.2177325891367405e-08,0.003059304149906901,0.0014516619110072828,5.457303416056542e-07,2.4997134138220266e-07,0.0005582155310446866,0.0002471189819568621,1.6523721939109233e-10,5.3611081052148264e-11,5.312578995307552e-06,1.6823304466485882e-06,1.8826692833162076e-10,5.961834843473374e-11,6.037213240443635e-19,5.737583327555993e-19,1.1252490734337383e-17,9.976103499099547e-18,2.1365807951259032e-14,1.7750602814979817e-14,2.2928482954521344e-09,1.7921435382070056e-09,1.7301584019804344e-12,7.935899276250254e-13,2.764245722798074e-15,1.2263266324298866e-15,3.893686016120289e-23,1.1266616481845007e-23,2.910975920113442e-15,8.804308664992602e-16,2.3278987366832656e-18,9.991804333368169e-19,1.292848124632255e-17,6.61471625085145e-18,6.783877456482333e-10,3.3414413336290603e-10,9.18524721089456e-16,4.3615755445402105e-16,1.1867558556649887e-17,3.850044345083711e-18,2.015509118699847e-19,6.235933957168753e-20,2.0953135713839102e-14,6.48284690427903e-15,6.968380669244762e-11,2.155999257887408e-11,5.916025539152699e-17,1.8743151611630658e-17,0.010328643891152728,0.004908014064266034,9.999999999999773e-31,3.3321215478882267e-31,3.080588602446903e-09,9.51710602967295e-10,3.0670886045419274e-06,9.258804125850941e-07,3.2318395391413024e-10,9.994583403396928e-11,6.433108632554587e-13,1.9439407095610593e-13
0.517,1244.620283860991,5.381017627969035,0.26126368087523977,1.9688272909195834,0.06702907326304507,0.44258477301729315,1.5419441265016356e-07,2.0362536971231645e-06,9.977997960411387e-14,8.301839891591862e-14,3.0921230904405654e-14,1.2863457641393137e-14,2.7231516043615136e-08,2.131414369939305e-08,0.20706441617268745,0.15300125272050993,2.228184676336802e-16,8.986323914060464e-17,7.468720738106801e-14,2.922888810297614e-14,3.56865248306356e-18,3.955021713798192e-18,1.0591297550145789e-15,1.0829173782007293e-15,6.474135861485052e-11,6.143852672267504e-11,1.4672578005580237e-12,1.3924044770966484e-12,1.8253195450659813e-05,1.616066592746225e-05,0.20912540285995954,0.17351818169408562,0.41716803772812583,0.19825388141487058,0.08510740954760138,0.025742436639475272,6.74697161583107e-08,3.095032313990415e-08,4.836855875906626e-06,2.144319265803939e-06,3.905847488496518e-10,1.6753336303908327e-10,3.846335522293236e-12,1.649807186082732e-12,9.139505764452254e-07,3.796880038707551e-07,4.9276556064522745e-12,2.6206153391542194e-12,0.0005310864857465611,0.0002715072360206651,6.519036851786778e-08,3.208515733967603e-08,0.0030548263072474597,0.001449490956990068,5.447694647475863e-07,2.4952326191912016e-07,0.0005578623874838966,0.0002469547784658675,1.6488016705630156e-10,5.349353124124502e-11,5.30770745688669e-06,1.6807342267156466e-06,1.8796364938687596e-10,5.952041280892436e-11,6.014147405599427e-19,5.715480148462369e-19,1.1227023261801979e-17,9.953207700432017e-18,2.1339974102729672e-14,1.7728575298988773e-14,2.293115603105006e-09,1.792295363917362e-09,1.7279499075031625e-12,7.925516810765901e-13,2.757180533569854e-15,1.2231532669081961e-15,3.878888516501623e-23,1.1223441405694233e-23,2.905195792129738e-15,8.786546577803785e-16,2.322136857629908e-18,9.966755630415445e-19,1.2900828988841989e-17,6.600357967113864e-18,6.780681253714041e-10,3.339760608660362e-10,9.175787206271894e-16,4.356944675650147e-16,1.1830981567826934e-17,3.838055835228559e-18,2.008269438291016e-19,6.213336593653031e-20,2.0929115385207773e-14,6.475208755173727e-15,6.965160413091797e-11,2.1549342558413977e-11,5.905039138887933e-17,1.8707748411551544e-17,0.010328643891111187,0.004907857684467521,9.999999999999759e-31,3.332015379400584e-31,3.0735154244631455e-09,9.49495176245208e-10,3.063533982691407e-06,9.247778912590225e-07,3.2278414757141884e-10,9.981901189497343e-11,6.412256711968394e-13,1.9375779909170908e-13
0.518,1244.5187334887955,5.3812066873968,0.26125450182584226,1.972654976157584,0.06703618805068635,0.44261768627028225,1.5402133087946569e-07,2.033903391362084e-06,9.949667195495278e-14,8.27800523617273e-14,3.082806426870462e-14,1.2824292130743127e-14,2.7185743738952017e-08,2.127764152791308e-08,0.20703983558506536,0.15297822885804638,2.221398549232202e-16,8.958670620825106e-17,7.451975928725315e-14,2.916243050192284e-14,3.552847730115677e-18,3.9373807031160675e-18,1.0551726119624351e-15,1.078837077711754e-15,6.456878351857726e-11,6.127280864970765e-11,1.4630756019151983e-12,1.3883915184868436e-12,1.8229432299016362e-05,1.6139114117862687e-05,0.20911131037441866,0.173500975452824,0.41720405291962087,0.1982646970346102,0.08510914344829068,0.025742143098411305,6.742434705894698e-08,3.092852821424139e-08,4.837071869061586e-06,2.144346882132731e-06,3.899277253585105e-10,1.6724623171902372e-10,3.8385237081481255e-12,1.6464041508247571e-12,9.129465935558478e-07,3.792588616987459e-07,4.906164814785063e-12,2.609103243928429e-12,0.0005297453723054186,0.0002708130133923762,6.500603131509667e-08,3.1993414291680984e-08,0.0030503632070534486,0.0014473272602705898,5.438119813925096e-07,2.490767866404604e-07,0.0005575101627124996,0.00024679101329915616,1.6452449511284127e-10,5.337644133218443e-11,5.302849028400884e-06,1.6791424036060878e-06,1.8766137783967765e-10,5.94228075063209e-11,5.991208198471489e-19,5.693499201071607e-19,1.1201656363179291e-17,9.930403371497142e-18,2.1314211087210708e-14,1.7706609547595638e-14,2.293382148418131e-09,1.7924467376956809e-09,1.7257477591709251e-12,7.915164791679027e-13,2.750146066563228e-15,1.2199938368236571e-15,3.864173742927942e-23,1.1180509396212829e-23,2.8994371270847844e-15,8.768851284701272e-16,2.316399449409283e-18,9.941814402370428e-19,1.287328388054016e-17,6.586055980789616e-18,6.777493108792938e-10,3.3380842454703897e-10,9.166353799300522e-16,4.3523271037099155e-16,1.1794578601113181e-17,3.826124869339542e-18,2.0010691807536757e-19,6.190863166080737e-20,2.0905169021617482e-14,6.467594530034143e-15,6.961948528414932e-11,2.153872096140164e-11,5.894092736242792e-17,1.867247577958009e-17,0.01032864389106981,0.004907701735099279,9.999999999999752e-31,3.3319095031382108e-31,3.066471272894446e-09,9.472889386422068e-10,3.059990434839521e-06,9.236788620851655e-07,3.2238551680205705e-10,9.969256990573029e-11,6.391509171628795e-13,1.9312473825310523e-13
0.519,1244.4173619099588,5.3813956080080585,0.2612453301603907,1.9764827957759712,0.06704328429998638,0.4426505127906445,1.5384871342515676e-07,2.031559539509027e-06,9.921464190670585e-14,8.254279091004758e-14,3.073533941465698e-14,1.2785313972301414e-14,2.714012656242185e-08,2.124126489924009e-08,0.2070153191659372,0.15295526691714373,2.214644821171774e-16,8.931150504585172e-17,7.435298224154445e-14,2.909624220448378e-14,3.537139099144794e-18,3.919847669956124e-18,1.0512367859900675e-15,1.074778922666296e-15,6.439695812446138e-11,6.110781773065781e-11,1.458912274671563e-12,1.3843968405051886e-12,1.8205740247807126e-05,1.611762799821735e-05,0.20909725211493443,0.1734838134996482,0.41723996127299884,0.19827547810945678,0.08511088289225503,0.025741853448320647,6.737907133676923e-08,3.090678014204696e-08,4.837287749389242e-06,2.1443746296028413e-06,3.892731899410979e-10,1.6696020002802048e-10,3.830743534918435e-12,1.6430150428361253e-12,9.119458835570119e-07,3.788311387023722e-07,4.884804513885513e-12,2.5976614947736497e-12,0.0005284100172897535,0.00027012180161384026,6.482253561630466e-08,3.1902093937098764e-08,0.0030459147694081356,0.0014451707811444685,5.428578724988377e-07,2.4863190646466714e-07,0.000557158852312273,0.00024662768432512887,1.6417019544196633e-10,5.325980859729868e-11,5.298003645826146e-06,1.6775549555934612e-06,1.873601082590071e-10,5.932553072854921e-11,5.968394686279374e-19,5.671639579565684e-19,1.1176389442649277e-17,9.90768996583428e-18,2.128851856761197e-14,1.768470526264496e-14,2.2936479349730875e-09,1.7925976617545031e-09,1.7235519256497612e-12,7.904843066769255e-13,2.7431421277259687e-15,1.2168482535011136e-15,3.8495410728380246e-23,1.1137818613795472e-23,2.8936998043990482e-15,8.751222406845344e-16,2.310686359090953e-18,9.916979972533756e-19,1.2845845297264572e-17,6.5718099610748285e-18,6.774312987769095e-10,3.3364122252474104e-10,9.156946863195034e-16,4.347722764445788e-16,1.1758348494920412e-17,3.814251060638569e-18,1.9939080539750816e-19,6.168512750857823e-20,2.0881296245099962e-14,6.460004105281999e-15,6.958744977183429e-11,2.1528127656713032e-11,5.883186104538415e-17,1.8637332969157464e-17,0.010328643891028645,0.004907546214249754,9.999999999999745e-31,3.3318039178033065e-31,3.0594559693769214e-09,9.450918332646945e-10,3.0564579026105497e-06,9.225833064835085e-07,3.219880556417661e-10,9.956650611606839e-11,6.3708652833325e-13,1.92494865897136e-13
0.52,1244.3161683926014,5.381584390225483,0.2612361658568802,1.9803107496763046,0.06705036209060579,0.4426832529572713,1.5367655808022328e-07,2.029222110457827e-06,9.893388123811108e-14,8.23066075270177e-14,3.064305339044205e-14,1.2746521905707846e-14,2.7094663671809588e-08,2.1205013125149804e-08,0.2069908666246553,0.15293236661474807,2.2079232743275852e-16,8.903762663923867e-17,7.418687219823908e-14,2.9030321574248295e-14,3.521525828460627e-18,3.902421754047654e-18,1.0473221225335992e-15,1.0707427515044467e-15,6.422587771959137e-11,6.094354935959097e-11,1.4547676974720603e-12,1.3804203247281224e-12,1.818211893838921e-05,1.6096207233333222e-05,0.2090832279547416,0.17346669565664138,0.4172757632735745,0.1982862248027496,0.08511262785329379,0.025741567671316534,6.733388860254017e-08,3.088507872334366e-08,4.837503515361139e-06,2.144402506738414e-06,3.8862112798604823e-10,1.6667526146006166e-10,3.822994809525289e-12,1.6396397765099434e-12,9.10948429255318e-07,3.784048273552681e-07,4.863573659842105e-12,2.586289526000283e-12,0.0005270803839017367,0.0002694335813119712,6.463987590404215e-08,3.181119348531541e-08,0.003041480914697223,0.0014430214800673917,5.419071191324928e-07,2.4818861236285086e-07,0.0005568084518611176,0.000246464789411998,1.6381725999491083e-10,5.314363033254652e-11,5.293171245623013e-06,1.6759718611174676e-06,1.870598352618402e-10,5.922858069316309e-11,5.945705945571987e-19,5.649900387219642e-19,1.1151221909674537e-17,9.885066941847118e-18,2.126289620976149e-14,1.766286214856403e-14,2.293912966327038e-09,1.7927481382922958e-09,1.721362375873938e-12,7.894551485121888e-13,2.7361685222231874e-15,1.2137164279451654e-15,3.83498988632122e-23,1.109536722696181e-23,2.887983697491828e-15,8.733659547384317e-16,2.304997435093293e-18,9.892251670204067e-19,1.2818512620275343e-17,6.557619580047507e-18,6.771140856902965e-10,3.3347445293010907e-10,9.147566272060737e-16,4.343131594042657e-16,1.172229009875174e-17,3.802434026053591e-18,1.9867857660156066e-19,6.146284425159093e-20,2.0857496680889745e-14,6.4524373583897086e-15,6.955549721631676e-11,2.151756251416018e-11,5.872319019042914e-17,1.860231924016577e-17,0.010328643890987624,0.00490739112002375,9.999999999999733e-31,3.331698622109216e-31,3.052469336761231e-09,9.429038036124436e-10,3.0529363277612605e-06,9.214912059227515e-07,3.215917581698424e-10,9.944081859023833e-11,6.350324325906354e-13,1.9186815969910055e-13
0.521,1244.2151521912856,5.381773034514532,0.26122700889123596,1.984138837760475,0.0670574215026234,0.44271590715112874,1.5350486265730733e-07,2.026891073370025e-06,9.865438179311525e-14,8.20714952347124e-14,3.0551203257548524e-14,1.27079146764346e-14,2.7049354230183913e-08,2.1168885521731366e-08,0.20696647767367177,0.15290952767000845,2.2012336924458174e-16,8.876506203983212e-17,7.40214251535908e-14,2.896466699162888e-14,3.50600716282803e-18,3.885102102457601e-18,1.0434284680227864e-15,1.0667284037184426e-15,6.405553762146428e-11,6.077999896054594e-11,1.4506417498683999e-12,1.376461853620929e-12,1.815856801429205e-05,1.6074851490027974e-05,0.20906923775986666,0.1734496217397634,0.41731145940448283,0.19829693727649358,0.08511437830313387,0.025741285748858374,6.728879847611436e-08,3.086342376236761e-08,4.837719165545519e-06,2.1444305121040223e-06,3.8797152504035155e-10,1.663914095786482e-10,3.815277340704881e-12,1.636278267038632e-12,9.099542136069804e-07,3.7797992019505245e-07,4.842471234552704e-12,2.574986785763748e-12,0.0005257564373736486,0.0002687483341560698,6.445804681447262e-08,3.1720710221974986e-08,0.0030370615685443103,0.0014408793199901448,5.409597032848236e-07,2.4774689573224843e-07,0.0005564589576022955,0.0002463023267229097,1.6346568079564476e-10,5.302790385816272e-11,5.2883517649156655e-06,1.674393098833159e-06,1.8676055348888945e-10,5.913195562569474e-11,5.923141059056657e-19,5.628280733360549e-19,1.112615317709376e-17,9.862533761067991e-18,2.1237343681706203e-14,1.7641079911702482e-14,2.2941772460102684e-09,1.7928981694835829e-09,1.7191790790033201e-12,7.884289896896834e-13,2.729225058958999e-15,1.210598272840344e-15,3.8205195718838653e-23,1.105315342898585e-23,2.8822886899204887e-15,8.716162340223612e-16,2.2993325268426186e-18,9.867628829169054e-19,1.2791285234926719e-17,6.543484511962868e-18,6.767976682695377e-10,3.333081139062406e-10,9.13821190210682e-16,4.3385535297005166e-16,1.1686402268652216e-17,3.7906733847248106e-18,1.9797020303079478e-19,6.124177282982999e-20,2.0833769954804866e-14,6.444894167041027e-15,6.952362724259293e-11,2.150702540439559e-11,5.861491256684337e-17,1.8567433857933726e-17,0.01032864389094681,0.0049072364505207714,9.999999999999736e-31,3.3315936147656517e-31,3.0455112042368287e-09,9.40724795157072e-10,3.049425657535522e-06,9.204025435323469e-07,3.211966185775548e-10,9.931550542761357e-11,6.329885593214631e-13,1.912445977937559e-13
0.522,1244.1143125904318,5.381961541275795,0.2612178592425395,1.9879670599306578,0.06706446261429982,0.44274847574430654,1.533336249743658e-07,2.024566397502874e-06,9.837613548609272e-14,8.183744711617169e-14,3.0459786118865805e-14,1.2669491047577168e-14,2.7004197407753536e-08,2.113288141102053e-08,0.20694215202567784,0.15288674980347927,2.1945758615388054e-16,8.849380239328686e-17,7.385663712013821e-14,2.8899276844060443e-14,3.490582355763965e-18,3.8678878721669536e-18,1.0395556708758534e-15,1.0627357208784757e-15,6.388593319683092e-11,6.061716200592759e-11,1.4465343125320871e-12,1.372521310751398e-12,1.8135087121747057e-05,1.6053560437736387e-05,0.20905528140845878,0.17343259157638163,0.41734705014434714,0.19830761569195973,0.08511613421675139,0.02574100766358289,6.724380056900732e-08,3.0841815059838255e-08,4.837934698413289e-06,2.144458644237126e-06,3.8732436669160536e-10,1.661086379677075e-10,3.807590938264288e-12,1.6329304301086055e-12,9.089632196413735e-07,3.7755640979480495e-07,4.821496209543812e-12,2.5637527168451824e-12,0.0005244381409508705,0.00026806604080665435,6.427704287204347e-08,3.1630641378668516e-08,0.003032656650205439,0.001438744260864736,5.400156059137877e-07,2.473067475012103e-07,0.0005561103648553085,0.0002461402940146528,1.6311544991350423e-10,5.29126265102283e-11,5.283545140902927e-06,1.672818647438802e-06,1.8646225764084484e-10,5.903565377163383e-11,5.900699121241419e-19,5.606779738775002e-19,1.110118266402092e-17,9.840089890811318e-18,2.121186065337036e-14,1.761935826019965e-14,2.2944407775340087e-09,1.7930477575005037e-09,1.717002004365471e-12,7.87405815313054e-13,2.7223115465312965e-15,1.2074937007668595e-15,3.806129521814468e-23,1.1011175424576137e-23,2.8766146558982782e-15,8.698730391182252e-16,2.2936914853254664e-18,9.843110790158776e-19,1.276416253210146e-17,6.529404434042571e-18,6.764820431798826e-10,3.3314220360686086e-10,9.128883628418123e-16,4.333988508138933e-16,1.165068387503791e-17,3.778968760575825e-18,1.9726565604143316e-19,6.102190418982445e-20,2.081011569822595e-14,6.4373744107265416e-15,6.949183947784653e-11,2.1496516198953266e-11,5.850702596075363e-17,1.8532676093472766e-17,0.010328643890906139,0.004907082203877162,9.99999999999973e-31,3.331488894507362e-31,3.038581395046558e-09,9.385547515550374e-10,3.0459258320069444e-06,9.193173002899041e-07,3.208026309903157e-10,9.919056470855315e-11,6.309548372025215e-13,1.906241581081527e-13
0.523,1244.013648854037,5.382149910969108,0.26120871688700364,1.991795416089356,0.06707148550471281,0.44278095911295645,1.531628428715119e-07,2.0222480524111796e-06,9.809913429479476e-14,8.160445630868548e-14,3.036879908612617e-14,1.2631249786179452e-14,2.6959192379646078e-08,2.1097000119045617e-08,0.2069178893966094,0.1528640327377987,2.1879495690607574e-16,8.822383890532912e-17,7.369250415592694e-14,2.8834149537137775e-14,3.475250666719546e-18,3.85077822690619e-18,1.035703580320499e-15,1.05876454541609e-15,6.371705983926663e-11,6.045503399459667e-11,1.4424452669937876e-12,1.3685985805282597e-12,1.8111675909075495e-05,1.6032333747805202e-05,0.2090413587683837,0.17341560498493333,0.4173825359698474,0.19831826020890733,0.08511789556668814,0.025740733397325702,6.719889450469966e-08,3.082025242195945e-08,4.838150112561229e-06,2.1444869017253992e-06,3.8667963870230086e-10,1.6582694028748786e-10,3.7999354139135614e-12,1.629596182240369e-12,9.07975430544889e-07,3.7713428879406325e-07,4.800647586899754e-12,2.552586778388182e-12,0.0005231254604637862,0.00026738668324972334,6.409685879555281e-08,3.154098428322779e-08,0.0030282660860195486,0.0014366162660111776,5.390748092151881e-07,2.4686815916686526e-07,0.0005557626698620567,0.00024597868945233875,1.627665594937578e-10,5.279779565004275e-11,5.2787513115245915e-06,1.6712484858698973e-06,1.8616494243547024e-10,5.893967338224108e-11,5.878379231724289e-19,5.585396529272798e-19,1.1076309792407233e-17,9.817734801024757e-18,2.1186446796979687e-14,1.759769690415803e-14,2.29470356438276e-09,1.7931969044887585e-09,1.714831121524234e-12,7.863856105970498e-13,2.715427797444638e-15,1.2044026260568286e-15,3.791819136740783e-23,1.0969431442942743e-23,2.8709614819631263e-15,8.681363343431846e-16,2.2880741624160675e-18,9.81869689785779e-19,1.2737143906473092e-17,6.515379025518701e-18,6.761672071106503e-10,3.3297672019734026e-10,9.119581328688328e-16,4.329436467325517e-16,1.1615133793463969e-17,3.767319779279606e-18,1.965649075555905e-19,6.080322945505411e-20,2.078653354215799e-14,6.429877968841263e-15,6.946013355173685e-11,2.1486034770120598e-11,5.83995281745121e-17,1.8498045223090692e-17,0.01032864389086565,0.004906928378216742,9.999999999999728e-31,3.331384460060576e-31,3.031679740708449e-09,9.363936190310085e-10,3.0424367987639968e-06,9.182354594443114e-07,3.204097896731185e-10,9.906599455691702e-11,6.289311967617241e-13,1.9000681913333404e-13
0.524,1243.9131602705147,5.382338144003064,0.2611995818033356,1.9956239061393628,0.06707849025139465,0.442813357625694,1.5299251419777842e-07,2.0199360077907055e-06,9.78233702680022e-14,8.137251601087898e-14,3.0278239309849935e-14,1.2593189675800292e-14,2.6914338328164394e-08,2.1061240977782167e-08,0.20689368950311868,0.15284137619720056,2.1813546046543036e-16,8.795516287263461e-17,7.352902233997722e-14,2.876928348527241e-14,3.460011363524079e-18,3.833772339896025e-18,1.031872047429866e-15,1.0548147216924185e-15,6.354891298960109e-11,6.029361047178909e-11,1.438374495892345e-12,1.3646935484495282e-12,1.808833402742378e-05,1.6011171094288053e-05,0.20902746971703745,0.17339866179292918,0.41741791735361283,0.19832887098637414,0.0851196623277913,0.025740462932787162,6.71540799013976e-08,3.0798735652790215e-08,4.8383654065252614e-06,2.1445152831433184e-06,3.860373269002725e-10,1.6554631022905687e-10,3.7923105806224435e-12,1.6262754405271337e-12,9.069908296048755e-07,3.767135498789246e-07,4.77992436141211e-12,2.5414884257934562e-12,0.0005218183601100447,0.00026671024264318096,6.391748923001936e-08,3.14517362280535e-08,0.0030238897976903514,0.001434495296570954,5.381372946466972e-07,2.464311218923832e-07,0.0005554158681775096,0.0002458175108992944,1.6241900173298954e-10,5.268340865660866e-11,5.273970214910294e-06,1.6696825931397237e-06,1.8586860264866783e-10,5.884401272807783e-11,5.856180501070594e-19,5.56413024131974e-19,1.1051533990160201e-17,9.79546796714133e-18,2.1161101786928198e-14,1.7576095555690808e-14,2.2949656100209273e-09,1.7933456125889871e-09,1.7126664002381018e-12,7.853683608554983e-13,2.7085736235511314e-15,1.2013249627826777e-15,3.777587820429716e-23,1.0927919722847306e-23,2.865329045323147e-15,8.664060812090687e-16,2.28248041147119e-18,9.794386503544898e-19,1.2710228758153993e-17,6.5014079685348945e-18,6.758531567676368e-10,3.328116618539577e-10,9.11030488000566e-16,4.3248973449888336e-16,1.1579750912829326e-17,3.755726070952863e-18,1.9586792948551136e-19,6.058573974836551e-20,2.0763023122661093e-14,6.422404722422371e-15,6.942850909622068e-11,2.1475580991076978e-11,5.829241702781798e-17,1.8463540528912208e-17,0.01032864389082532,0.004906774971695051,9.999999999999715e-31,3.3312803101730623e-31,3.0248060686446858e-09,9.342413425649337e-10,3.038958500118467e-06,9.171570026631655e-07,3.2001808885390664e-10,9.894179308634127e-11,6.269175682038547e-13,1.8939255926909087e-13
0.525,1243.8128461245951,5.382526240803616,0.26119045396940693,1.9994525299837747,0.0670854769318459,0.4428456716510362,1.5282263681667703e-07,2.0176302335397754e-06,9.754883551627753e-14,8.11416194745251e-14,3.0188103958516666e-14,1.255530950777278e-14,2.6869634440798355e-08,2.1025603323472646e-08,0.20686955206383675,0.15281877990756296,2.1747907595925358e-16,8.768776565979032e-17,7.336618778443652e-14,2.8704677116275905e-14,3.4448637205991402e-18,3.816869391843496e-18,1.028060924431674e-15,1.0508860952852694e-15,6.338148812107025e-11,6.013288701466294e-11,1.4343218827578834e-12,1.360806100888406e-12,1.8065061129980242e-05,1.5990072153158212e-05,0.2090136141291676,0.17338176182584691,0.41745319476537707,0.19833944818208013,0.08512143447476621,0.025740196252643517,6.710935638164164e-08,3.077726455847296e-08,4.838580578881465e-06,2.14454378708455e-06,3.8539741723053284e-10,1.652667415355517e-10,3.7847162528436296e-12,1.6229681227208703e-12,9.060094002181138e-07,3.762941857833606e-07,4.759325545306368e-12,2.530457123850513e-12,0.0005205168052325944,0.0002660367007352387,6.37389289064765e-08,3.1362894548560116e-08,0.0030195277092411902,0.0014323813147981551,5.372030440959891e-07,2.459956270404905e-07,0.0005550699556264147,0.00024565675633909153,1.6207276888878306e-10,5.256946292945889e-11,5.269201789653739e-06,1.6681209484164272e-06,1.8557323308401486e-10,5.874867008901398e-11,5.834102046889814e-19,5.542980018274733e-19,1.1026854688943933e-17,9.773288868071028e-18,2.113582529948357e-14,1.7554553928574396e-14,2.295226917890003e-09,1.7934938839242212e-09,1.7105078104547522e-12,7.843540514941993e-13,2.701748839735749e-15,1.1982606263845291e-15,3.7634349840662856e-23,1.0886638524912963e-23,2.859717229971167e-15,8.646822432902016e-16,2.2769100869115784e-18,9.770178963237968e-19,1.2683416491358847e-17,6.487490947423861e-18,6.755398888765274e-10,3.3264702676365026e-10,9.101054160686341e-16,4.320371079463599e-16,1.1544534129870135e-17,3.744187268346914e-18,1.9517469417437037e-19,6.03694263279485e-20,2.0739584077214233e-14,6.414954552986773e-15,6.939696574543073e-11,2.146515473573156e-11,5.81856903556271e-17,1.842916129810733e-17,0.01032864389078517,0.004906621982471031,9.999999999999701e-31,3.331176443594898e-31,3.017960209476525e-09,9.320978681397415e-10,3.035490880699476e-06,9.160819123194647e-07,3.1962752282419626e-10,9.881795843077143e-11,6.249138826155053e-13,1.8878135718683907e-13
0.526,1243.7127057002272,5.38271420180806,0.261181333362546,2.003281287525999,0.0670924456233175,0.442877901556318,1.5265320861117178e-07,2.015330699826461e-06,9.727552221977084e-14,8.091176001108374e-14,3.009839022290499e-14,1.2517608083016132e-14,2.6825079911467275e-08,2.099008649761366e-08,0.20684547679985354,0.1527962435968843,2.168257826945177e-16,8.742163870604107e-17,7.32039966389555e-14,2.864032887309019e-14,3.4298070193320893e-18,3.800068571356563e-18,1.0242700648081985e-15,1.0469785130917559e-15,6.321478074366227e-11,5.997285923645793e-11,1.4302873121250727e-12,1.3569361252015203e-12,1.8041856872687417e-05,1.5969036602951e-05,0.20899979187766113,0.1733649049079237,0.4174883686723477,0.19834999195276265,0.08512321198129866,0.02573993333930203,6.706472357386694e-08,3.0755838947972926e-08,4.838795628264708e-06,2.144572412171919e-06,3.8475989577958663e-10,1.6498822801271943e-10,3.777152246792023e-12,1.6196741473531213e-12,9.05031125936753e-07,3.758761893085762e-07,4.73885016271714e-12,2.5194923438001375e-12,0.0005192207617033791,0.00026536603954952447,6.356117263996081e-08,3.127445662220057e-08,0.0030151797470737854,0.0014302742840882538,5.362720399013218e-07,2.4556166618304556e-07,0.0005547249283154848,0.0002454964238811147,1.617278532880888e-10,5.2455955891405206e-11,5.264445974905185e-06,1.6665635310535649e-06,1.852788285826816e-10,5.865364375741045e-11,5.812142994380025e-19,5.521945010909198e-19,1.100227132476504e-17,9.751196986726536e-18,2.1110617013586227e-14,1.753307173892527e-14,2.2954874914069748e-09,1.7936417206000792e-09,1.7083553223739981e-12,7.833426680403759e-13,2.6949532615551055e-15,1.195209532623617e-15,3.7493600431001574e-23,1.0845586122505314e-23,2.8541259193786687e-15,8.629647840146754e-16,2.271363044312772e-18,9.74607363808969e-19,1.2656706515023339e-17,6.473627649028183e-18,6.752274001846347e-10,3.324828131251292e-10,9.091829050445763e-16,4.3158576097751906e-16,1.1509482350119459e-17,3.732703007160979e-18,1.9448517414711944e-19,6.015428051028807e-20,2.0716216045406403e-14,6.4075273427497134e-15,6.936550313608858e-11,2.1454755878867803e-11,5.807934601073604e-17,1.8394906823722617e-17,0.010328643890745188,0.00490646940871092,9.999999999999708e-31,3.3310728590811276e-31,3.0111419971529566e-09,9.299631427815825e-10,3.032033887538005e-06,9.150101715177124e-07,3.192380859476944e-10,9.869448874719918e-11,6.229200721104732e-13,1.881731918736192e-13
0.527,1243.6127382893746,5.382902027442542,0.26117221996062945,2.007110178669746,0.06709939640237536,0.44291004770553666,1.5248422747559527e-07,2.0130373769850173e-06,9.700342262217329e-14,8.068293098678303e-14,3.0009095319992675e-14,1.2480084213674506e-14,2.678067393992408e-08,2.095468984652166e-08,0.2068214634338645,0.15277376699489936,2.1617556015875673e-16,8.71567735257679e-17,7.304244508018026e-14,2.8576237209718027e-14,3.4148405482323524e-18,3.783369075120999e-18,1.0204993234473595e-15,1.0430918234839825e-15,6.304878640492105e-11,5.981352278734167e-11,1.4262706694794488e-12,1.3530835096798547e-12,1.80187209137601e-05,1.5948064124361976e-05,0.20898600283789615,0.1733480908660462,0.4175234395385428,0.1983605024541825,0.08512499482161864,0.02573967417541556,6.702018110658026e-08,3.0734458630456744e-08,4.839010553306244e-06,2.1446011570332202e-06,3.8412474872525096e-10,1.647107635076463e-10,3.769618380020476e-12,1.616393433555441e-12,9.040559904152024e-07,3.75459553301538e-07,4.718497245043192e-12,2.508593560867199e-12,0.0005179301954210238,0.00026469824112872073,6.33842152627474e-08,3.1186419835656266e-08,0.003010845836936224,0.0014281741675419579,5.353442643284829e-07,2.451292308618864e-07,0.0005543807822112807,0.0002453365115741303,1.6138424731307462e-10,5.2342884984025755e-11,5.259702710160224e-06,1.6650103205258727e-06,1.8498538402581157e-10,5.855893203896227e-11,5.790302477202246e-19,5.501024378244226e-19,1.0977783338191224e-17,9.729191810231198e-18,2.1085476610065296e-14,1.751164870457628e-14,2.2957473339668306e-09,1.7937891247096379e-09,1.7062089063773636e-12,7.823341961116032e-13,2.6881867063532568e-15,1.19217159807887e-15,3.735362418932611e-23,1.0804760806625089e-23,2.848554997739933e-15,8.612536670418657e-16,2.2658391404652347e-18,9.72206989465948e-19,1.2630098242618078e-17,6.459817762614664e-18,6.749156874580869e-10,3.3231901914802803e-10,9.082629429424e-16,4.3113568751838206e-16,1.1474594488987754e-17,3.721272926397569e-18,1.9379934220459723e-19,5.994029369934675e-20,2.0692918669763558e-14,6.400122974890574e-15,6.933412090724403e-11,2.144438429609716e-11,5.797338186165556e-17,1.836077640403522e-17,0.010328643890705333,0.004906317248596196,9.999999999999707e-31,3.330969555397132e-31,3.0043512656756846e-09,9.278371135496516e-10,3.0285874667335743e-06,9.139417630893461e-07,3.188497726079221e-10,9.857138219962273e-11,6.209360691523988e-13,1.8756804242770538e-13
0.528,1243.51294319224,5.383089718121167,0.261163113742125,2.010939203319021,0.06710632934492243,0.44294211045949156,1.5231569131544223e-07,2.0107502355130172e-06,9.673252902992508e-14,8.045512582193824e-14,2.992021649217968e-14,1.2442736722789745e-14,2.673641573166823e-08,2.091941272126217e-08,0.20679751168989938,0.15275134983287564,2.1552838801854072e-16,8.689316170784433e-17,7.288152931111786e-14,2.851240059096938e-14,3.3999636028540877e-18,3.766770107812128e-18,1.0167485566312812e-15,1.039225876296849e-15,6.288350068954073e-11,5.965487335400983e-11,1.42227184124722e-12,1.3492481435386984e-12,1.7995652913657174e-05,1.592715440022065e-05,0.20897224688784607,0.17333131952983316,0.41755840782463494,0.19837097984104732,0.0851267829709544,0.025739418744019332,6.69757286082122e-08,3.071312341522347e-08,4.839225352630009e-06,2.1446300202995407e-06,3.8349196233366457e-10,1.6443434190745326e-10,3.762114471387134e-12,1.6131259010451093e-12,9.030839774048667e-07,3.750442706527568e-07,4.6982658304706135e-12,2.497760254005655e-12,0.0005166450722652403,0.0002640332875112215,6.320805162183971e-08,3.109878158359525e-08,0.0030065259038241175,0.0014260809279182608,5.344196995555909e-07,2.446983125818532e-07,0.0005540375131291503,0.0002451770174013915,1.6104194339974652e-10,5.2230247667208584e-11,5.254971935233634e-06,1.6634612964208827e-06,1.8469289433293109e-10,5.846453325218822e-11,5.76857963740314e-19,5.480217287474361e-19,1.0953390174301978e-17,9.707272829873456e-18,2.1060403771614658e-14,1.7490284545055414e-14,2.2960064489436894e-09,1.793936098334293e-09,1.7040685330260087e-12,7.813286214147923e-13,2.6814489930584516e-15,1.1891467400564692e-15,3.721441538583361e-23,1.076416088493866e-23,2.8430043496756447e-15,8.595488561726928e-16,2.2603382333557776e-18,9.698167104831515e-19,1.2603591092089773e-17,6.4460609798431075e-18,6.746047474807784e-10,3.3215564305237373e-10,9.073455178148548e-16,4.306868815166578e-16,1.1439869471690408e-17,3.709896668337751e-18,1.9311717139765884e-19,5.97274573785343e-20,2.06696915956777e-14,6.392741333530399e-15,6.930281870008061e-11,2.1434039863798124e-11,5.786779579228983e-17,1.8326769342448647e-17,0.010328643890665682,0.0049061655003235565,9.999999999999694e-31,3.3308665313185986e-31,2.997587848993141e-09,9.257197275033298e-10,3.0251515633547806e-06,9.128766695627094e-07,3.184625772057539e-10,9.844863695827882e-11,6.189618065147228e-13,1.8696588804645274e-13
0.529,1243.4133196989073,5.383277274292143,0.26115401468385285,2.014768361378148,0.06711324452710622,0.4429740901802141,1.521475980577823e-07,2.00846924620162e-06,9.646283381514438e-14,8.0228337993084e-14,2.98317509973847e-14,1.240556444013545e-14,2.6692304497967383e-08,2.088425447759092e-08,0.2067736212949591,0.1527289918442825,2.1488424609854588e-16,8.663079490686618e-17,7.272124557610149e-14,2.844881749821072e-14,3.3851754849623355e-18,3.750270881155308e-18,1.0130176216414971e-15,1.0353805224204055e-15,6.271891921357376e-11,5.949690665396793e-11,1.4182907147743386e-12,1.3454299168926964e-12,1.7972652535354503e-05,1.5906307115674736e-05,0.20895852389955735,0.17331459072395478,0.4175932739893108,0.19838142426695848,0.08512857640246463,0.025739167027512496,6.693136571649254e-08,3.069183311589482e-08,4.8394400249556015e-06,2.1446590006433286e-06,3.828615230303279e-10,1.6415895716915773e-10,3.754640341585133e-12,1.60987147034632e-12,9.021150708190525e-07,3.7463033432189815e-07,4.6781549766639544e-12,2.486991912635221e-12,0.0005153653595301904,0.0002633711614626716,6.303267670076379e-08,3.101153932847843e-08,0.0030022198774694486,0.0014239945302328243,5.3349832860553e-07,2.4426890323684046e-07,0.0005536951174930483,0.0002450179396160099,1.607009340564069e-10,5.211804142494604e-11,5.2502535905982525e-06,1.6619164385402576e-06,1.8440135445169272e-10,5.837044572497242e-11,5.746973623155106e-19,5.459522911798801e-19,1.0929091281744672e-17,9.685439540234486e-18,2.103539818354479e-14,1.7468978982147542e-14,2.2962648396862286e-09,1.7940826435338656e-09,1.7019341731336545e-12,7.803259297768221e-13,2.6747399423381756e-15,1.1861348766541478e-15,3.707596834450862e-23,1.072378468104157e-23,2.8374738641915186e-15,8.578503165433029e-16,2.254860181969822e-18,9.674364644930184e-19,1.2577184485621123e-17,6.432356994619818e-18,6.742945770594523e-10,3.319926830699103e-10,9.06430617917212e-16,4.3023933701794464e-16,1.1405306230264156e-17,3.698573877559414e-18,1.9243863508652075e-19,5.951576312882498e-20,2.064653446946582e-14,6.385382303108624e-15,6.9271596158381e-11,2.142372245918409e-11,5.776258570362029e-17,1.8292884947959193e-17,0.010328643890626196,0.004906014162087491,9.999999999999687e-31,3.3307637856197576e-31,2.990851586823405e-09,9.236109334970088e-10,3.0217261274545008e-06,9.118148749749476e-07,3.1807649424874237e-10,9.832625122690296e-11,6.169972184083547e-13,1.863667083662051e-13
0.53,1243.3138671219854,5.383464696356373,0.26114492276493545,2.0185976527517355,0.06712014202364676,0.4430059872227666,1.5197994563533112e-07,2.00619437993806e-06,9.619432941268037e-14,8.00025610310184e-14,2.9743696128074974e-14,1.2368566210206918e-14,2.6648339456279384e-08,2.084921447641584e-08,0.20674979197662707,0.1527066927640037,2.14243114420462e-16,8.636966485936867e-17,7.256159013659797e-14,2.838548642007832e-14,3.3704755039467758e-18,3.733870615513986e-18,1.0093063774465557e-15,1.0315556145088733e-15,6.255503763555052e-11,5.933961844644898e-11,1.4143271783913352e-12,1.341628720825659e-12,1.7949719444150132e-05,1.588552195811868e-05,0.20894483375408007,0.17329790428162548,0.4176280384873135,0.1983918358847511,0.085130375091694,0.025738919009170073,6.68870920630571e-08,3.0670587543552114e-08,4.839654568931542e-06,2.1446880967182246e-06,3.8223341728784596e-10,1.6388460327257293e-10,3.7471958123368455e-12,1.6066300624547658e-12,9.011492546427061e-07,3.7421773730267343e-07,4.6581637365538e-12,2.476288023783617e-12,0.0005140910232102274,0.0002627118450904678,6.285808541005057e-08,3.092469049766608e-08,0.002997927682990686,0.001421914937332038,5.32580133759822e-07,2.43840994385081e-07,0.0005533535910407302,0.00024485927616952615,1.603612118351047e-10,5.20062637564017e-11,5.245547616857504e-06,1.6603757267433979e-06,1.8411075938056675e-10,5.827666780211626e-11,5.72548359267268e-19,5.438940434174669e-19,1.090488611453015e-17,9.66369144084011e-18,2.1010459532807336e-14,1.744773173919534e-14,2.296522509524306e-09,1.7942287623632666e-09,1.699805797665046e-12,7.793261071029388e-13,2.6680593753695383e-15,1.1831359262232715e-15,3.6938277433550317e-23,1.0683630531753663e-23,2.8319634247682573e-15,8.561580116342964e-16,2.249404846651158e-18,9.650661897323845e-19,1.2550877850238507e-17,6.418705503448712e-18,6.739851730163271e-10,3.3183013744258893e-10,9.055182314340786e-16,4.2979304803879315e-16,1.1370903708884369e-17,3.6873042026843265e-18,1.9176370673821689e-19,5.930520256647263e-20,2.062344694200221e-14,6.37804576954703e-15,6.924045292805105e-11,2.1413431960292963e-11,5.765774951178613e-17,1.8259122534663184e-17,0.010328643890586884,0.004905863232111767,9.999999999999679e-31,3.330661317094695e-31,2.984142314747871e-09,9.215106791265453e-10,3.0183111038272917e-06,9.107563617869404e-07,3.176915182023361e-10,9.820422319735932e-11,6.150422386290079e-13,1.857704829038023e-13
0.531,1243.2145847784982,5.383651984711171,0.2611358379646758,2.022427077344676,0.06712702190885768,0.44303780194029424,1.518127319904384e-07,2.0039256077505134e-06,9.592700831440134e-14,7.97777885157245e-14,2.9656049199162616e-14,1.2331740887136211e-14,2.6604519828997602e-08,2.081429208273329e-08,0.20672602346357877,0.1526844523281296,2.1360497316896724e-16,8.610976336975021e-17,7.240255927906775e-14,2.832240585543972e-14,3.3558629756857372e-18,3.717568538614276e-18,1.0056146842618293e-15,1.0277510065262652e-15,6.239185164711946e-11,5.918300452329224e-11,1.410381121278648e-12,1.3378444472573032e-12,1.7926853307193115e-05,1.586479861671469e-05,0.20893117633357608,0.1732812600373955,0.41766270176999637,0.19840221484600057,0.0851321790155181,0.02573867467272556,6.684290727979652e-08,3.064938650952992e-08,4.8398689832073645e-06,2.1447173071828217e-06,3.8160763166317605e-10,1.636112742356333e-10,3.73978070657886e-12,1.603401598910549e-12,9.001865129471731e-07,3.7380647262751536e-07,4.6382911735435614e-12,2.4656480801602768e-12,0.0005128220297269076,0.00026205532072533065,6.268427268986551e-08,3.083823253378933e-08,0.002993649245406979,0.0014198421120288345,5.316650973153743e-07,2.434145775947089e-07,0.0005530129294445696,0.00024470102498571846,1.600227693383168e-10,5.189491217786995e-11,5.2408539549285325e-06,1.6588391409989904e-06,1.8382110415100821e-10,5.818319783946404e-11,5.704108711706324e-19,5.418469044912458e-19,1.0880774130621245e-17,9.642028034871107e-18,2.0985587507860522e-14,1.742654254091974e-14,2.2967794617682637e-09,1.7943744568651125e-09,1.6976833777371051e-12,7.783291393742497e-13,2.6614071159401077e-15,1.180149808295672e-15,3.680133708955326e-23,1.0643696794066704e-23,2.8264729190015733e-15,8.544719061818991e-16,2.243972088825586e-18,9.627058249199981e-19,1.252467061695513e-17,6.405106204967458e-18,6.736765321900853e-10,3.316680044217795e-10,9.04608346597988e-16,4.2934800862133647e-16,1.1336660860362534e-17,3.67608729522694e-18,1.9109236018198808e-19,5.909576742174247e-20,2.060042866647205e-14,6.370731619530113e-15,6.920938865680132e-11,2.1403168245806324e-11,5.75532851466496e-17,1.8225481421230308e-17,0.010328643890547723,0.0049057127086306485,9.99999999999967e-31,3.330559124544634e-31,2.9774598689317986e-09,9.194189121834855e-10,3.0149064369376004e-06,9.097011123670288e-07,3.173076435557432e-10,9.808255106962073e-11,6.130968013674591e-13,1.8517719130057502e-13
0.532,1243.1154719780116,5.383839139780919,0.2611267602610708,2.0262566350621625,0.067133884257198,0.44306953468672405,1.5164595508631666e-07,2.0016629009519646e-06,9.566086307683622e-14,7.955401408253739e-14,2.956880754233916e-14,1.2295087332306795e-14,2.6560844844299915e-08,2.0779486666246106e-08,0.2067023154870098,0.15266227027468637,2.1296980268744126e-16,8.585108230833749e-17,7.224414932913146e-14,2.825957431887081e-14,3.3413372222040346e-18,3.7013638851557944e-18,1.0019424033263788e-15,1.0239665535157369e-15,6.222935697163243e-11,5.902706070746341e-11,1.4064524335302994e-12,1.3340769890004992e-12,1.7904053794173773e-05,1.584413678296893e-05,0.20891755151543573,0.1732646578219022,0.41769726428651693,0.19841256130116816,0.08513398814945582,0.02573843400150349,6.679881100695422e-08,3.06282298290633e-08,4.840083266517161e-06,2.1447466307331214e-06,3.809841528642587e-10,1.6333896414259635e-10,3.732394849015117e-12,1.6001860020316985e-12,8.992268299599748e-07,3.733965333957368e-07,4.618536367305746e-12,2.4550715832306285e-12,0.0005115583465839228,0.00026140157125534704,6.251123359968313e-08,3.075216293879315e-08,0.0029893844937844746,0.0014177760190660787,5.307532022981441e-07,2.429896447699547e-07,0.0005526731288937984,0.00024454318421770734,1.5968559923789951e-10,5.1783984228804265e-11,5.236172546337464e-06,1.6573066614748718e-06,1.8353238382403926e-10,5.809003420269259e-11,5.68284815224457e-19,5.398107940429336e-19,1.085675479162277e-17,9.620448828866551e-18,2.0960781799777246e-14,1.740541111430217e-14,2.2970356997049447e-09,1.7945197290628014e-09,1.6955668847165136e-12,7.773350126907641e-13,2.6547829889119935e-15,1.1771764428997673e-15,3.666514179304387e-23,1.0603981838041051e-23,2.8210022366469277e-15,8.527919655848098e-16,2.2385617709136363e-18,9.60355309216851e-19,1.2498562221009201e-17,6.391558800054777e-18,6.733686514403636e-10,3.3150628226976954e-10,9.037009518235921e-16,4.2890421289604763e-16,1.1302576644582082e-17,3.6649228090783745e-18,1.9042456947707205e-19,5.888744949787058e-20,2.057747929717748e-14,6.363439740121965e-15,6.917840299466979e-11,2.1392931195165196e-11,5.744919055476726e-17,1.8191960931803787e-17,0.010328643890508714,0.0049055625898784825,9.999999999999656e-31,3.330457206770845e-31,2.9708040905659383e-09,9.173355820244901e-10,3.0115120754939847e-06,9.086491103692159e-07,3.169248648936384e-10,9.79612330737199e-11,6.111608421184304e-13,1.845868135964065e-13
0.533,1243.0165280245174,5.384026162013827,0.26111768963096865,2.0300863258097075,0.06714072914305391,0.4431011858156064,1.5147961290959014e-07,1.9994062311750293e-06,9.53958863255704e-14,7.9331231425833e-14,2.948196850566782e-14,1.2258604414189184e-14,2.651731373691729e-08,2.0744797601976422e-08,0.20667866778147975,0.15264014634435508,2.1233758348451027e-16,8.559361361405724e-17,7.208635665411546e-14,2.819699034166494e-14,3.3268975718711065e-18,3.68525589703145e-18,9.982893969616843e-16,1.0202021116599029e-15,6.206754936648436e-11,5.887178285530073e-11,1.4025410062155708e-12,1.3303262398203338e-12,1.7881320577736873e-05,1.5823536151106348e-05,0.2089039591729051,0.1732480974625001,0.4177317264844391,0.19842287540001302,0.08513580246616945,0.025738196977982363,6.675480289391581e-08,3.060711732166825e-08,4.840297417676569e-06,2.1447760661025503e-06,3.803629677572908e-10,1.6306766714724576e-10,3.72503806620583e-12,1.5969831949530766e-12,8.982701900748642e-07,3.7298791277792216e-07,4.598898411328705e-12,2.444558041911649e-12,0.0005102999420941111,0.0002607505799865368,6.233896331514121e-08,3.066647927239577e-08,0.0029851333611585693,0.0014157166250802437,5.298444324587425e-07,2.42566188149224e-07,0.0005523341860949857,0.0002443857522482844,1.5934969427889352e-10,5.1673477473076785e-11,5.231503333250771e-06,1.655778268548946e-06,1.83244593491623e-10,5.7997175267778996e-11,5.661701092845112e-19,5.377856323565086e-19,1.0832827563157612e-17,9.598953333061952e-18,2.0936042102678145e-14,1.7384337188954397e-14,2.2972912265947732e-09,1.7946645809593734e-09,1.6934562902530425e-12,7.763437132871255e-13,2.6481868192542724e-15,1.1742157501320963e-15,3.6529686054998034e-23,1.0564484042909167e-23,2.81555126671092e-15,8.511181550253397e-16,2.233173756401892e-18,9.580145822572316e-19,1.2472552102251851e-17,6.378062992032098e-18,6.730615276508316e-10,3.313449692614855e-10,9.027960357174494e-16,4.2846165508663474e-16,1.1268650029062746e-17,3.6538104006908985e-18,1.8976030880309017e-19,5.868024063718337e-20,2.055459848984567e-14,6.3561700188653365e-15,6.914749559470133e-11,2.1382720688793355e-11,5.734546370114591e-17,1.8158560396566108e-17,0.010328643890469861,0.004905412874092788,9.999999999999644e-31,3.3303555625767576e-31,2.964174825814339e-09,9.152606395554897e-10,3.00812797239919e-06,9.076003407184582e-07,3.1654317689848477e-10,9.784026747052156e-11,6.092342976538872e-13,1.8399933022169744e-13
0.534,1242.9177522500418,5.3842130517947835,0.2611086260542956,2.033916149493097,0.0671475566392151,0.44313275567271,1.513137034386179e-07,1.997155569965703e-06,9.513207073191756e-14,7.91094342800839e-14,2.9395529473022364e-14,1.2222291016493772e-14,2.6473925745599662e-08,2.0710224268405246e-08,0.20665508008060304,0.15261808027820079,2.1170829624320407e-16,8.533734929861581e-17,7.192917762223538e-14,2.8134652456031286e-14,3.3125433601137858e-18,3.669243824136828e-18,9.946555291573509e-16,1.0164575388850905e-15,6.190642462640688e-11,5.871716685997888e-11,1.3986467311751446e-12,1.3265920942483863e-12,1.7858653331501052e-05,1.5802996416411656e-05,0.20889039919164937,0.17323157879803297,0.4177660888063573,0.19843315729117533,0.08513762194338223,0.025737963586342182,6.671088257640171e-08,3.058604880086675e-08,4.840511435365398e-06,2.1448056119784572e-06,3.797440631843066e-10,1.6279737739564157e-10,3.717710185058839e-12,1.5937931009889096e-12,8.97316577676243e-07,3.7258060394522824e-07,4.57937639501762e-12,2.434106963070654e-12,0.0005090467833942619,0.00026010232962996407,6.216745687479125e-08,3.0581179027681714e-08,0.002980895772912183,0.001413663893098015,5.289387702654495e-07,2.4214419938769826e-07,0.0005519960966271679,0.00024422872696356767,1.5901504722625427e-10,5.156338948200569e-11,5.226846257684831e-06,1.654253942568839e-06,1.8295772829292178e-10,5.79046194264882e-11,5.640666722020263e-19,5.357713406827725e-19,1.0808991915619315e-17,9.577541062112065e-18,2.091136811060568e-14,1.7363320494625957e-14,2.297546045684683e-09,1.7948090145583492e-09,1.6913515660028017e-12,7.753552274103337e-13,2.641618436136489e-15,1.171267651979215e-15,3.6394964481805176e-23,1.0525201815922189e-23,2.810119901098574e-15,8.494504405769818e-16,2.227807910048646e-18,9.55683584242501e-19,1.2446639704345438e-17,6.364618486290831e-18,6.72755157715065e-10,3.3118406367951343e-10,9.018935866970983e-16,4.2802032933179536e-16,1.1234879993106552e-17,3.642749730443116e-18,1.890995528149841e-19,5.847413283118526e-20,2.0531785905136957e-14,6.348922344904154e-15,6.911666611120778e-11,2.1372536607686767e-11,5.724210256038694e-17,1.812527914904135e-17,0.010328643890431173,0.00490526355954359,9.999999999999644e-31,3.3302541907878645e-31,2.9575719133446653e-09,9.131940333866357e-10,3.0047540718977782e-06,9.065547857382179e-07,3.1616257415085057e-10,9.771965249058113e-11,6.073171035873037e-13,1.8341472126276434e-13
0.535,1242.819143974462,5.384399809548177,0.26109956950906893,2.0377461060184188,0.0671543668188181,0.4431642446055734,1.5114822468048167e-07,1.994910889256689e-06,9.48694090380895e-14,7.88886164401845e-14,2.93094878427469e-14,1.2186146029203062e-14,2.643068011578594e-08,2.0675766049405775e-08,0.20663155212130432,0.15259607181968649,2.1108192180726874e-16,8.508228144032333e-17,7.177260864940896e-14,2.8072559213193182e-14,3.298273928357867e-18,3.653326923168139e-18,9.910406648343825e-16,1.0127326941004308e-15,6.174597857836062e-11,5.856320864621549e-11,1.3947695012300974e-12,1.3228744477707944e-12,1.7836051732276672e-05,1.5782517277073886e-05,0.20887687144996658,0.1732151016611428,0.4178003516933696,0.19844340712236047,0.08513944655594492,0.025737733809875613,6.66670497032938e-08,3.056502408625996e-08,4.840725318390598e-06,2.144835267102789e-06,3.7912742617791493e-10,1.6252808911695913e-10,3.710411034593491e-12,1.590615644376952e-12,8.963659773489697e-07,3.7217460015372366e-07,4.559969424165795e-12,2.423717862387662e-12,0.0005077988387345572,0.00025945680346964344,6.19967094791327e-08,3.04962597779757e-08,0.0029766716605569865,0.0014116177890617203,5.280361992806161e-07,2.4172367064347854e-07,0.0005516588568880676,0.00024407210661233638,1.5868165092592948e-10,5.145371785377156e-11,5.222201262426532e-06,1.6527336641309655e-06,1.8267178339624495e-10,5.781236508022489e-11,5.619744233951662e-19,5.337678408280706e-19,1.0785247323069533e-17,9.556211534041305e-18,2.0886759521127014e-14,1.7342360764066312e-14,2.297800160196006e-09,1.7949530318410108e-09,1.6892526839479247e-12,7.743695414605148e-13,2.6350776675052383e-15,1.1683320699039519e-15,3.6260971689731e-23,1.048613356752876e-23,2.8047080294977833e-15,8.477887876516119e-16,2.2224640975738542e-18,9.533622558008043e-19,1.2420824475504198e-17,6.3512249906229944e-18,6.724495385499993e-10,3.310235638182659e-10,9.009935934366388e-16,4.2758022989350377e-16,1.1201265522566734e-17,3.631740460915664e-18,1.8844227616504407e-19,5.826911807229247e-20,2.050904120435616e-14,6.34169660760986e-15,6.908591420117772e-11,2.1362378833690996e-11,5.713910512614521e-17,1.8092116528953927e-17,0.010328643890392626,0.004905114644497125,9.99999999999962e-31,3.330153090227087e-31,2.9509951990920617e-09,9.11135714384202e-10,3.001390324807567e-06,9.05512429739398e-07,3.1578305136492086e-10,9.759938640621112e-11,6.054091973077765e-13,1.8283296734659483e-13
0.536,1242.7207025375155,5.3845864356563915,0.2610905199753496,2.0415761952920333,0.0671611597537675,0.4431956529557304,1.5098317464363828e-07,1.9926721610182626e-06,9.460789403918117e-14,7.866877174692386e-14,2.9223841042657436e-14,1.2150168354878968e-14,2.638757609784111e-08,2.0641422332985938e-08,0.2066080836407185,0.1525741207132929,2.104584411927086e-16,8.482840218923238e-17,7.161664616398009e-14,2.8010709169753455e-14,3.2840886248409915e-18,3.637504458542405e-18,9.87444670422308e-16,1.0090274377933076e-15,6.158620708610821e-11,5.840990417494711e-11,1.390909210039981e-12,1.3191731967012521e-12,1.781351545853514e-05,1.5762098432925215e-05,0.20886337583439057,0.17319866589224223,0.4178345155825763,0.1984536250403344,0.08514127628159647,0.025737507632883076,6.662330391628014e-08,3.054404299437736e-08,4.840939065478075e-06,2.1448650301926276e-06,3.785130437965742e-10,1.6225979655382332e-10,3.703140444591564e-12,1.5874507497094087e-12,8.954183737152845e-07,3.7176989467887746e-07,4.540676603502804e-12,2.4133902550921604e-12,0.0005065560755288748,0.00025881398436782043,6.182671625761487e-08,3.041171906240048e-08,0.002972460951031607,0.0014095782767623258,5.271367023226447e-07,2.4130459373755797e-07,0.00055132246259007,0.00024391588914201944,1.583494982584202e-10,5.134446019865905e-11,5.217568290313832e-06,1.651217413862634e-06,1.8238675401160568e-10,5.772041064434815e-11,5.598932831831969e-19,5.31775055474677e-19,1.0761593264211343e-17,9.534964271161913e-18,2.0862216032755333e-14,1.7321457730986423e-14,2.298053573333402e-09,1.7950966347840876e-09,1.6871596161651254e-12,7.733866418894012e-13,2.628564343612976e-15,1.165408926416895e-15,3.612770236095379e-23,1.0447277727639423e-23,2.7993155413832896e-15,8.461331616103253e-16,2.2171421859124756e-18,9.510505381012784e-19,1.2395105868050834e-17,6.337882215031572e-18,6.721446670860868e-10,3.308634679811067e-10,9.000960445260107e-16,4.271413509978434e-16,1.1167805614027217e-17,3.620782258267128e-18,1.8778845379493464e-19,5.806518844446596e-20,2.0486364052781782e-14,6.334492697648453e-15,6.905523952333486e-11,2.1352247249337163e-11,5.703646940440982e-17,1.805907188020712e-17,0.01032864389035426,0.004904966127245155,9.99999999999961e-31,3.330052259734674e-31,2.944444524823169e-09,9.090856321447911e-10,2.998036676717384e-06,9.044732554648123e-07,3.1540460320636457e-10,9.747946747576404e-11,6.035105156805237e-13,1.8225404894740429e-13
0.537,1242.622427256214,5.384772930566685,0.2610814774300596,2.0454064172206183,0.06716793551688992,0.4432269810692774,1.5081855136298547e-07,1.9904393575725913e-06,9.434751859163632e-14,7.844989409335847e-14,2.913858650694916e-14,1.2114356898958056e-14,2.634461294726798e-08,2.0607192511282043e-08,0.20658467437959271,0.15255222670577412,2.0983783554465942e-16,8.4575703749032e-17,7.146128664187163e-14,2.7949100901208564e-14,3.2699868028755595e-18,3.621775700441202e-18,9.83867412989866e-16,1.0053416311322804e-15,6.14271060377079e-11,5.825724943097388e-11,1.387065752081948e-12,1.3154882381500297e-12,1.779104419115831e-05,1.5741739585973258e-05,0.20884991221988397,0.17318227132166297,0.4178685809099688,0.1984638111906632,0.0851431110945306,0.025737285038515932,6.657964487191411e-08,3.052310534853795e-08,4.841152675508544e-06,2.1448949000270404e-06,3.779009032898883e-10,1.61992494031815e-10,3.695898246836709e-12,1.5842983424509614e-12,8.944737515812073e-07,3.713664808732612e-07,4.521497065422647e-12,2.4031236712112212e-12,0.0005053184636266163,0.00025817385643449146,6.165747254867581e-08,3.0327554523370106e-08,0.0029682635794208807,0.0014075453238595224,5.262402636269588e-07,2.4088696114105393e-07,0.0005509869105369381,0.0002437600729827574,1.5801858218195012e-10,5.1235614152624313e-11,5.212947285000519e-06,1.6497051726504137e-06,1.8210263536520107e-10,5.762875453961442e-11,5.578231722887346e-19,5.297929077034119e-19,1.0738029220311247e-17,9.51379879815271e-18,2.0837737346827155e-14,1.7300611131473846e-14,2.2983062882757353e-09,1.7952398253378622e-09,1.685072335006177e-12,7.724065152766496e-13,2.6220782969878326e-15,1.1624981450531008e-15,3.599515123281058e-23,1.040863274242536e-23,2.7939423349001797e-15,8.444835304414865e-16,2.2118420427731503e-18,9.48748372656723e-19,1.2369483337958179e-17,6.324589871443031e-18,6.718405402775919e-10,3.307037744826881e-10,8.992009288527528e-16,4.267036870126384e-16,1.1134499268204678e-17,3.609874790063988e-18,1.871380610267767e-19,5.786233615086836e-20,2.046375411502804e-14,6.327310505493824e-15,6.902464173891471e-11,2.1342141737905848e-11,5.693419341760957e-17,1.802614455203215e-17,0.010328643890316059,0.0049048180060645135,9.999999999999607e-31,3.3299516981407485e-31,2.9379197415741857e-09,9.070437391367635e-10,2.99469308196823e-06,9.034372482997675e-07,3.150272244991663e-10,9.735989400674919e-11,6.016209976081154e-13,1.816779471585659e-13
0.538,1242.5243174725028,5.38495929467284,0.2610724418527205,2.0492367717111324,0.06717469417944816,0.4432582292846613,1.506543528786238e-07,1.988212451332187e-06,9.408827561179553e-14,7.823197742433206e-14,2.90537217043224e-14,1.2078710581557447e-14,2.6301789925719666e-08,2.0573075981544306e-08,0.20656132407922814,0.15253038954534084,2.09220086197701e-16,8.432417840213898e-17,7.130652657399331e-14,2.7887732989461802e-14,3.2559678229738117e-18,3.606139927196866e-18,9.803087612430726e-16,1.0016751369961587e-15,6.126867136268197e-11,5.8105240439784265e-11,1.3832390227798064e-12,1.3118194701585677e-12,1.7768637613371596e-05,1.572144044049008e-05,0.20883648049143558,0.17316591778920284,0.4179025481078148,0.1984739657183477,0.08514495097119221,0.025737066010772143,6.653607222009523e-08,3.050221096927263e-08,4.841366147283576e-06,2.144924875363691e-06,3.772909919467943e-10,1.6172617589590944e-10,3.688684274060179e-12,1.5811583485016206e-12,8.935320958215156e-07,3.70964352122288e-07,4.502429934118344e-12,2.3929176365279963e-12,0.0005040859712304749,0.00025753640294403507,6.148897360388944e-08,3.024376376134125e-08,0.0029640794756764575,0.0014055188955975355,5.253468666026192e-07,2.404707649504992e-07,0.0005506521967755791,0.0002436046562319872,1.5768889569503602e-10,5.1127177365637335e-11,5.208338190237964e-06,1.648196921428382e-06,1.8181942273477e-10,5.753739520390891e-11,5.55764012405294e-19,5.2782132153752e-19,1.0714554677930686e-17,9.4927146445682e-18,2.0813323166341946e-14,1.727982070319235e-14,2.298558308183997e-09,1.7953826054493371e-09,1.6829908129717245e-12,7.714291482792703e-13,2.615619359735624e-15,1.1595996491867314e-15,3.5863313071734565e-23,1.0370197066876438e-23,2.7885882997141374e-15,8.428398595848375e-16,2.206563537177543e-18,9.464557015637942e-19,1.2343956345930447e-17,6.311347674319351e-18,6.715371550935578e-10,3.3054448164762754e-10,8.98308235219161e-16,4.2626723226979454e-16,1.1101345497742514e-17,3.599017727840939e-18,1.8649107318052163e-19,5.76605533960817e-20,2.044121106045647e-14,6.320149923160677e-15,6.89941205112878e-11,2.1332062183512168e-11,5.683227520285016e-17,1.7993333898599e-17,0.010328643890278022,0.004904670279263522,9.99999999999961e-31,3.329851404296805e-31,2.9314206956930637e-09,9.050099863991715e-10,2.9913594890867952e-06,9.024043918859116e-07,3.1465091001688644e-10,9.724066429223455e-11,5.997405814808462e-13,1.8110464292429882e-13
0.539,1242.4263725408991,5.385145528343881,0.2610634132240608,2.053067258670796,0.0671814358119106,0.44328939793651145,1.5049057723376253e-07,1.9859914147665624e-06,9.383015806559003e-14,7.801501572766448e-14,2.896924412873729e-14,1.2043228333592704e-14,2.6259106299205344e-08,2.0539072144672972e-08,0.20653803248116132,0.1525086089809952,2.0860517464275414e-16,8.40738184960903e-17,7.115236246642911e-14,2.7826604022813494e-14,3.242031051849851e-18,3.590596424174524e-18,9.767685851922828e-16,9.980278196304614e-16,6.111089902306818e-11,5.795387325888966e-11,1.3794289183276638e-12,1.3081667915281634e-12,1.774629540986502e-05,1.570120070218898e-05,0.20882308053905796,0.1731496051394888,0.41793641760454664,0.198484088767213,0.08514679589074899,0.02573685053456623,6.649258560617202e-08,3.048135967520197e-08,4.8415794795564356e-06,2.1449549549464798e-06,3.7668329709773213e-10,1.6146083651093305e-10,3.681498359830727e-12,1.5780306941448294e-12,8.925933913581596e-07,3.705635018341821e-07,4.4834743381081754e-12,2.3827716792319086e-12,0.0005028585663436733,0.0002569016070739419,6.132121464477034e-08,3.016034436266789e-08,0.0029599085670292073,0.0014034989559453218,5.244564942240278e-07,2.4005599706649106e-07,0.0005503183169208215,0.00024344963679747463,1.5736043183295576e-10,5.1019147500384514e-11,5.203740949907091e-06,1.646692641183528e-06,1.8153711143364736e-10,5.7446331087030465e-11,5.537157260092104e-19,5.258602217622757e-19,1.0691169127626489e-17,9.471711343658565e-18,2.0788973195207825e-14,1.725908618470585e-14,2.29880963620309e-09,1.7955249770585878e-09,1.6809150226581685e-12,7.704545276050531e-13,2.609187366645168e-15,1.1567133634042908e-15,3.573218271247135e-23,1.0331969176107078e-23,2.7832533284585916e-15,8.412021153891689e-16,2.2013065392206145e-18,9.441724673972871e-19,1.2318524356365377e-17,6.2981553401084835e-18,6.712345085161206e-10,3.303855878087403e-10,8.974179523908057e-16,4.2583198108710604e-16,1.1068343324439986e-17,3.588210746191161e-18,1.8584746591781218e-19,5.745983249224341e-20,2.0418734561491266e-14,6.313010843665321e-15,6.896367550528822e-11,2.132200847083759e-11,5.673071280872814e-17,1.796063927795452e-17,0.010328643890240161,0.004904522945168185,9.9999999999996e-31,3.329751377066334e-31,2.9249472312837316e-09,9.029843242938789e-10,2.988035843391677e-06,9.013746689051024e-07,3.1427565451168737e-10,9.712177661953956e-11,5.978692055219295e-13,1.8053411714337631e-13
0.54,1242.3285917850949,5.3853316320347995,0.2610543915206478,2.0568978780071534,0.06718816048602995,0.44332048736577895,1.5032722250681163e-07,1.983776220809628e-06,9.357315898598788e-14,7.779900304801081e-14,2.888515127615066e-14,1.2007909087006517e-14,2.6216561339617514e-08,2.050518040624537e-08,0.20651479933163688,0.15248688476460123,2.0799308249632742e-16,8.382461643044823e-17,7.099879088310928e-14,2.7765712612420833e-14,3.2281758609889054e-18,3.575144482156519e-18,9.732467553268527e-16,9.943995437956767e-16,6.095378500431119e-11,5.78031439687073e-11,1.375635335786246e-12,1.3045301019004696e-12,1.7724017268336644e-05,1.5681020079462427e-05,0.20880971223712474,0.17313333320344584,0.41797018982848216,0.1984941804800738,0.08514864582671025,0.025736638592988133,6.644918469645118e-08,3.0460551294483395e-08,4.841792671293901e-06,2.144985137604214e-06,3.760778063122751e-10,1.6119647034495653e-10,3.674340340114263e-12,1.5749153067030482e-12,8.916576233474063e-07,3.701639235146624e-07,4.46462943656464e-12,2.372685343890672e-12,0.0005016362197724015,0.00025626945343657436,6.11541911632421e-08,3.007729404713463e-08,0.0029557507917957054,0.0014014854741317836,5.235691313893143e-07,2.396426502712247e-07,0.0005499852681016412,0.00024329501325631844,1.5703318372219504e-10,5.091152224950282e-11,5.1991555089133074e-06,1.6451923132255953e-06,1.8125569678842226e-10,5.735556064315325e-11,5.516782358857864e-19,5.23909533470509e-19,1.066787206233932e-17,9.45078843086413e-18,2.0764687141067903e-14,1.7238407317684732e-14,2.2990602754493045e-09,1.795666942074492e-09,1.6788449370153652e-12,7.694826401244245e-13,2.6027821532667516e-15,1.1538392126431449e-15,3.5601755021155585e-23,1.029394755459149e-23,2.7779373200432868e-15,8.395702661052748e-16,2.1960709197072616e-18,9.41898613046501e-19,1.2293186837522298e-17,6.2850125872786355e-18,6.70932597554487e-10,3.302270913112461e-10,8.965300695289895e-16,4.2539792797000663e-16,1.1035491773152864e-17,3.577453520759102e-18,1.8520721513809016e-19,5.726016582643488e-20,2.0396324289049285e-14,6.305893159561423e-15,6.893330638868662e-11,2.1311980485412862e-11,5.66295043025985e-17,1.7928060054176518e-17,0.010328643890202424,0.0049043760020825505,9.999999999999586e-31,3.3296516152979476e-31,2.918499204832917e-09,9.009667070137229e-10,2.984722102225387e-06,9.003480656670107e-07,3.1390145294535356e-10,9.700322934083936e-11,5.960068106087342e-13,1.7996635151952804e-13
0.541,1242.2309745639873,5.385517606119743,0.2610453767229748,2.060728629628015,0.06719486827155478,0.44335149790362066,1.5016428676818643e-07,1.981566842314575e-06,9.331727145311185e-14,7.758393347129676e-14,2.880144067972301e-14,1.1972751789554256e-14,2.6174154323498402e-08,2.0471400175808054e-08,0.2064916243758708,0.1524652166485686,2.073837915547839e-16,8.357656467971069e-17,7.084580838669562e-14,2.770505736952531e-14,3.2144016289442535e-18,3.559783399929644e-18,9.697431438881178e-16,9.907901760801798e-16,6.079732533161049e-11,5.765304868878349e-11,1.371858173021864e-12,1.3009093017158224e-12,1.7701802877803187e-05,1.566089828208427e-05,0.20879637547538105,0.17311710182619008,0.41800386520304283,0.19850424099896308,0.08515050075768454,0.025736430170878944,6.640586914208716e-08,3.043978564864064e-08,4.84200572129789e-06,2.145015422109981e-06,3.754745071236538e-10,1.6093307185323156e-10,3.667210051149743e-12,1.5718121136469436e-12,8.907247769295907e-07,3.697656106676981e-07,4.445894376567788e-12,2.3626581687606216e-12,0.0005004189002628551,0.0002556399255979103,6.098789847864089e-08,2.9994610450442e-08,0.002951606079146654,0.0013994784150699715,5.226847614756168e-07,2.392307166547373e-07,0.000549653046119832,0.00024314078360104118,1.567071445062965e-10,5.080429931217471e-11,5.1945818119322135e-06,1.6436959188108482e-06,1.8097517417607888e-10,5.7265082343299345e-11,5.496514658581448e-19,5.219691827612293e-19,1.064466298021664e-17,9.429945446434437e-18,2.074046471178449e-14,1.7217783844203622e-14,2.2993102290261834e-09,1.7958085024097336e-09,1.6767805290171695e-12,7.685134727291052e-13,2.5964035572429496e-15,1.1509771227958745e-15,3.547202492876573e-23,1.0256130705963298e-23,2.772640169340424e-15,8.379442787791666e-16,2.1908565507627957e-18,9.396340819888252e-19,1.226794326176083e-17,6.27191913651888e-18,6.706314192272047e-10,3.300689905081985e-10,8.956445755715067e-16,4.249650673230768e-16,1.1002789881396643e-17,3.566745731398103e-18,1.8457029696964438e-19,5.706154585861605e-20,2.0373979919660883e-14,6.298796765220874e-15,6.890301283066887e-11,2.1301978113415814e-11,5.65286477621038e-17,1.789559559491632e-17,0.010328643890164841,0.004904229448350536,9.999999999999572e-31,3.3295521178672997e-31,2.912076463823316e-09,8.98957085991131e-10,2.9814182126714984e-06,8.9932456539843e-07,3.1352830015611207e-10,9.688502077141753e-11,5.941533361815471e-13,1.79401327328241e-13
0.542,1242.133520218415,5.385703451026814,0.26103636880892617,2.0645595134414965,0.06720155923887265,0.44338242988435833,1.5000176811733267e-07,1.9793632525223163e-06,9.306248861228665e-14,7.736980113891801e-14,2.871810988243547e-14,1.193775539329537e-14,2.6131884533394062e-08,2.0437730867726462e-08,0.2064685073628214,0.15244360438783272,2.0677728375342553e-16,8.332965577594915e-17,7.069341158810536e-14,2.7644636924535213e-14,3.200707739478628e-18,3.5445124821884105e-18,9.662576238409567e-16,9.871995838389427e-16,6.064151605751195e-11,5.750358356542888e-11,1.3680973287820185e-12,1.2973042922714256e-12,1.767965193019984e-05,1.5640835022465523e-05,0.20878307013373915,0.17310091084437892,0.41803744415077,0.19851427046503275,0.08515236065840363,0.02573622525185753,6.636263860923813e-08,3.041906256607881e-08,4.84221862852172e-06,2.145045807299574e-06,3.748733872613311e-10,1.606706355762319e-10,3.66010733126355e-12,1.5687210433569262e-12,8.897948374476528e-07,3.69368556882467e-07,4.4272683261117326e-12,2.3526897033028708e-12,0.0004992065782686227,0.00025501300799959497,6.082233209985841e-08,2.991229130201141e-08,0.0029474743657319003,0.0013974777472258485,5.218033691720889e-07,2.388201889091881e-07,0.000549321647787456,0.00024298694627115867,1.5638230740879656e-10,5.0697476414010605e-11,5.190019804466877e-06,1.6422034394599277e-06,1.8069553899674067e-10,5.717489466612822e-11,5.476353401961655e-19,5.200390961727691e-19,1.062154138242653e-17,9.409181933394299e-18,2.0716305618577117e-14,1.7197215509171223e-14,2.2995595000114227e-09,1.7959496599524277e-09,1.674721771951213e-12,7.675470124570968e-13,2.590051416025226e-15,1.1481270196861212e-15,3.5342987387084864e-23,1.0218517140173203e-23,2.7673617730678853e-15,8.363241210216569e-16,2.185663305339002e-18,9.373788180681708e-19,1.2242793105493179e-17,6.258874710650257e-18,6.703309705768347e-10,3.299112837643605e-10,8.947614597456207e-16,4.2453339368913105e-16,1.097023669166921e-17,3.556087059644313e-18,1.8393668765185998e-19,5.686396508461985e-20,2.035170112977689e-14,6.291721555009469e-15,6.887279450314787e-11,2.1292001241860984e-11,5.642814128276175e-17,1.786324527361751e-17,0.010328643890127406,0.004904083282306276,9.999999999999563e-31,3.329452883643415e-31,2.90567886431187e-09,8.969554153155697e-10,2.9781241298770125e-06,8.983041537612449e-07,3.1315619113466714e-10,9.67671492739827e-11,5.92308723649499e-13,1.7883902644333954e-13
0.543,1242.0362281280618,5.385889167093187,0.26102736776079993,2.068390529355952,0.0672082334562465,0.4434132836319678,1.498396646409218e-07,1.9771654245308485e-06,9.280880365082277e-14,7.715660022924763e-14,2.8635156466618464e-14,1.1902918866992902e-14,2.6089751255881603e-08,2.04041718998582e-08,0.20644544803959244,0.1524220477373451,2.0617354120348939e-16,8.308388232458687e-17,7.054159709087952e-14,2.758444990556131e-14,3.1870935832991085e-18,3.529331041492271e-18,9.62790069925658e-16,9.836276362784025e-16,6.048635327338786e-11,5.73547447832076e-11,1.3643527025609446e-12,1.293714975607416e-12,1.7657564118387786e-05,1.562083001405744e-05,0.2087697961093559,0.17308476011050467,0.4180709270887127,0.19852426901847847,0.08515422551017796,0.025736023821754744,6.631949274583715e-08,3.0398381867176255e-08,4.842431391726554e-06,2.1450762919421375e-06,3.7427443439243217e-10,1.6040915603052464e-10,3.653032018822672e-12,1.5656420242623897e-12,8.888677902020705e-07,3.6897275573554016e-07,4.408750439289366e-12,2.3427794897055547e-12,0.0004979992219845875,0.0002543886839355368,6.065748733328287e-08,2.983033423247875e-08,0.00294335557765281,0.0013954834340854626,5.209249374039985e-07,2.3841105892355698e-07,0.0005489910683848291,0.00024283349903129784,1.5605866566180935e-10,5.0591051284430147e-11,5.185469431677214e-06,1.6407148566048835e-06,1.8041678670188116e-10,5.7084996107468527e-11,5.456297842200824e-19,5.181192012613306e-19,1.0598506775244563e-17,9.388497439491598e-18,2.0692209572350587e-14,1.7176702057464538e-14,2.2998080914726757e-09,1.7960904165975908e-09,1.6726686390831716e-12,7.665832463469505e-13,2.5837255696807755e-15,1.1452888303249168e-15,3.521463742012856e-23,1.0181105388463659e-23,2.762102024668288e-15,8.347097594695845e-16,2.1804910576862347e-18,9.351327657072889e-19,1.2217735848950529e-17,6.24587903457232e-18,6.700312486524251e-10,3.29753969451088e-10,8.938807110047243e-16,4.241029014864334e-16,1.0937831259271754e-17,3.5454771912890364e-18,1.8330636369909832e-19,5.66674160874051e-20,2.0329487601767068e-14,6.284667425208133e-15,6.884265107900859e-11,2.1282049758283524e-11,5.632798296853273e-17,1.7831008466718464e-17,0.01032864389009009,0.004903937502326358,9.999999999999549e-31,3.3293539115241404e-31,2.899306251858051e-09,8.949616458555566e-10,2.9748397971642093e-06,8.972868128628459e-07,3.1278512072252855e-10,9.664961316647395e-11,5.904729127021796e-13,1.7827943022515609e-13
0.544,1241.9390976264867,5.386074754779687,0.2610183735549076,2.072221677280064,0.06721489099404496,0.4434440594807927,1.4967797446793968e-07,1.9749733319899647e-06,9.255620982208777e-14,7.694432497637598e-14,2.8552578006454736e-14,1.1868241176172777e-14,2.6047753783040846e-08,2.0370722694370503e-08,0.206422446158817,0.15240054645504988,2.0557254611810864e-16,8.283923697318795e-17,7.039036156608603e-14,2.7524494967255072e-14,3.173558554993718e-18,3.5142383948136804e-18,9.593403570130465e-16,9.800742027595376e-16,6.033183308773165e-11,5.72065285434106e-11,1.3606241946582232e-12,1.290141254541106e-12,1.7635539138276513e-05,1.560088297297436e-05,0.20875655327682124,0.17306864945707653,0.4181043144347001,0.19853423679829585,0.08515609528695055,0.02573582586398049,6.62764312279015e-08,3.037774338501728e-08,4.8426440099612315e-06,2.1451068749179006e-06,3.7367763646927626e-10,1.6014862785509912e-10,3.645983954889642e-12,1.562574985953948e-12,8.879436207610228e-07,3.6857820091362034e-07,4.390339911253721e-12,2.3329270920512986e-12,0.0004967968036568963,0.000253766938771084,6.049335984701021e-08,2.974873705068106e-08,0.0029392496563374285,0.0013934954464003238,5.200494517345219e-07,2.3800331979437694e-07,0.000548661305309054,0.000242680440581144,1.5573621259894655e-10,5.048502168595641e-11,5.180930639960206e-06,1.6392301520624609e-06,1.8013891274315925e-10,5.6995385163195964e-11,5.43634723358794e-19,5.162094256981002e-19,1.057555866637856e-17,9.367891513787478e-18,2.066817628816556e-14,1.7156243237360106e-14,2.30005600644765e-09,1.7962307742024529e-09,1.6706211040750377e-12,7.656221616169674e-13,2.5774258595905655e-15,1.1424624823146439e-15,3.5086970085853887e-23,1.0143893992127448e-23,2.7568608290511323e-15,8.331011642272797e-16,2.1753396825612374e-18,9.328958695526452e-19,1.219277097579194e-17,6.23293183496078e-18,6.697322505319029e-10,3.2959704595198965e-10,8.93002318820384e-16,4.236735853775874e-16,1.0905572639893173e-17,3.534915812295487e-18,1.826793019447614e-19,5.647189154973113e-20,2.030733901463783e-14,6.2776342710408375e-15,6.881258223402786e-11,2.127212355098674e-11,5.622817094237088e-17,1.7798884556700722e-17,0.010328643890052966,0.004903792106750262,9.999999999999535e-31,3.3292552003821037e-31,2.892958488786465e-09,8.929757336597028e-10,2.9715651745667927e-06,8.962725298490084e-07,3.1241508403674065e-10,9.653241085172913e-11,5.886458464455354e-13,1.777225210682939e-13
0.545,1241.8421280862162,5.386260214457952,0.26100938617188985,2.07605295712278,0.06722153192036058,0.44347475775401707,1.4951669572276666e-07,1.972786948514974e-06,9.230470043155176e-14,7.673296965978004e-14,2.8470372116640443e-14,1.183372130354734e-14,2.6005891412565684e-08,2.0337382678165707e-08,0.20639950147257705,0.15237910029993101,2.0497428090028006e-16,8.259571244827313e-17,7.023970168587485e-14,2.7464770765281487e-14,3.1601020563602506e-18,3.499233867281517e-18,9.55908361789625e-16,9.765391545355886e-16,6.01779516518768e-11,5.705893108938971e-11,1.3569117062523782e-12,1.2865830327580786e-12,1.7613576687649168e-05,1.558099361721388e-05,0.20874334152736057,0.1730525787320037,0.41813760660209814,0.19854417394309576,0.08515796996684386,0.02573563136344205,6.623345371703546e-08,3.035714694641812e-08,4.842856482114866e-06,2.145137555055694e-06,3.7308298142040183e-10,1.5988904568159787e-10,3.638962980955625e-12,1.5595198582377376e-12,8.870223147050435e-07,3.681848861136719e-07,4.372035919326895e-12,2.3231320650600355e-12,0.0004955992928140533,0.0002531477564894359,6.032994512753065e-08,2.966749747694757e-08,0.0029351565337818104,0.0013915137504718067,5.191768961689857e-07,2.3759696390936147e-07,0.0005483323545923531,0.00024252776901939943,1.5541494157568685e-10,5.0379385389237565e-11,5.1764033755345745e-06,1.6377493076135477e-06,1.7986191263034043e-10,5.690606034850751e-11,5.4165008411119e-19,5.143096981905801e-19,1.0552696569190352e-17,9.347363710551482e-18,2.0644205481906227e-14,1.713583879805311e-14,2.300303247959925e-09,1.7963707346287102e-09,1.6685791406584576e-12,7.646637455282166e-13,2.5711521268187026e-15,1.1396479031451637e-15,3.495998047391396e-23,1.0106881502024935e-23,2.751638079844005e-15,8.314983020056114e-16,2.1702090560972114e-18,9.306680748630118e-19,1.2167897974229417e-17,6.220032840946044e-18,6.694339733041088e-10,3.294405116595707e-10,8.921262724448435e-16,4.23245439926668e-16,1.0873459902588883e-17,3.524402613064251e-18,1.820554791962013e-19,5.627738414840311e-20,2.0285255053598968e-14,6.2706219897365494e-15,6.878258764584046e-11,2.126222250907645e-11,5.612870333939276e-17,1.7766872930221832e-17,0.010328643890015992,0.0049036470939618935,9.999999999999524e-31,3.3291567491201285e-31,2.886635428192216e-09,8.909976319472093e-10,2.968300211564618e-06,8.952612886946585e-07,3.1204607607208906e-10,9.641554069616985e-11,5.868274666029473e-13,1.771682809555852e-13
0.546,1241.7453188731483,5.386445546522947,0.26100040559126303,2.0798843687933273,0.06722815630344789,0.4435053787756693,1.4935582654265926e-07,1.970606247899083e-06,9.20542688337447e-14,7.6522528601066e-14,2.8388536425111107e-14,1.1799358237565171e-14,2.5964163446207724e-08,2.0304151281474233e-08,0.20637661373476796,0.15235770903235377,2.0437872807847556e-16,8.235330152858478e-17,7.00896141509404e-14,2.740527596680007e-14,3.1467234941889132e-18,3.484316789691079e-18,9.52493961785131e-16,9.730223637491005e-16,6.002470514186553e-11,5.691194868882484e-11,1.353215139220573e-12,1.2830402146290103e-12,1.7591676465905584e-05,1.5561161666284745e-05,0.20873016074845283,0.17303654778010266,0.4181708040019767,0.19855408059030563,0.085159849527569,0.025735440304919525,6.61905598797235e-08,3.033659238048987e-08,4.8430688071279175e-06,2.1451683312066953e-06,3.7249045727973426e-10,1.5963040418818403e-10,3.631968939780917e-12,1.5564765714810197e-12,8.861038577152062e-07,3.677928050761089e-07,4.3538376578749155e-12,2.3133939725987484e-12,0.0004944066603065448,0.00025253112175281954,6.01672387508361e-08,2.958661327614814e-08,0.0029310761447873465,0.001389538313940242,5.183072552117548e-07,2.3719198388658726e-07,0.0005480042126129685,0.0002423754825983408,1.5509484599924837e-10,5.027414018225827e-11,5.171887585058929e-06,1.636272305183588e-06,1.7958578189460711e-10,5.681702018578149e-11,5.396757934933575e-19,5.124199479526701e-19,1.0529919999866706e-17,9.326913586667536e-18,2.062029687100571e-14,1.7115488490100495e-14,2.300549819013472e-09,1.7965102997217149e-09,1.6665427227232755e-12,7.637079854180143e-13,2.5649042155531303e-15,1.136845021708171e-15,3.483366374137374e-23,1.0070066488811612e-23,2.7464336788773634e-15,8.299011420025295e-16,2.1650990552470972e-18,9.284493272619215e-19,1.214311633569174e-17,6.207181783371732e-18,6.691364140752571e-10,3.292843649753697e-10,8.912525612561336e-16,4.228184597590395e-16,1.0841492122112232e-17,3.513937285913873e-18,1.814348726805869e-19,5.608388669156228e-20,2.0263235404730213e-14,6.2636304788221615e-15,6.875266699390159e-11,2.125234652225302e-11,5.602957830704556e-17,1.7734972978002425e-17,0.010328643889979137,0.004903502462344476,9.999999999999502e-31,3.3290585566405663e-31,2.880336926685859e-09,8.890272950337291e-10,2.9650448605213006e-06,8.942530742488048e-07,3.116780918897599e-10,9.629900108720248e-11,5.850177157775011e-13,1.7661669213945809e-13
0.547,1241.6486693572297,5.386630751367361,0.26099143179266043,2.083715912201214,0.06723476421111972,0.4435359228676603,1.4919536507977397e-07,1.968431204144562e-06,9.180490844021293e-14,7.631299617074556e-14,2.8307068579926e-14,1.1765150975297429e-14,2.5922569191235034e-08,2.0271027939040722e-08,0.2063537827009838,0.15233637241432998,2.0378587033277257e-16,8.211199705578821e-17,6.994009568997779e-14,2.734600925031179e-14,3.1334222809815122e-18,3.469486499306782e-18,9.490970356297304e-16,9.695237036966018e-16,5.987208976551951e-11,5.676557764055021e-11,1.3495343962772968e-12,1.2795127053438873e-12,1.7569838174808274e-05,1.5541386841901847e-05,0.20871701082809097,0.17302055644702727,0.4182039070429833,0.19856395687656714,0.085161733946665,0.025735252673197363,6.614774938561029e-08,3.031607951791939e-08,4.843280983965276e-06,2.145199202237438e-06,3.719000521837745e-10,1.5937269809868974e-10,3.625001675473204e-12,1.5534450566491233e-12,8.851882355892472e-07,3.674019515923181e-07,4.335744326899687e-12,2.3037123816234753e-12,0.0004932188769821902,0.00025191701922637027,6.000523633375996e-08,2.950608223382437e-08,0.0029270084249085355,0.0013875691048149965,5.174405135360993e-07,2.367883724239218e-07,0.0005476768758191421,0.0002422235796022751,1.547759193306121e-10,5.0169283871105667e-11,5.167383215584439e-06,1.6347991268313252e-06,1.7931051610078447e-10,5.672826320857308e-11,5.377117791815188e-19,5.10540104841399e-19,1.0507228478450388e-17,9.30654070256765e-18,2.0596450175118974e-14,1.7095192066018285e-14,2.3007957225927585e-09,1.796649471314697e-09,1.6645118243651316e-12,7.627548687234598e-13,2.5586819699537393e-15,1.1340537669025336e-15,3.470801507193824e-23,1.0033447531170214e-23,2.7412475252963752e-15,8.283096526145402e-16,2.160009557956572e-18,9.262395728138608e-19,1.2118425555639112e-17,6.194378395224762e-18,6.688395699688088e-10,3.2912860431064946e-10,8.90381174715814e-16,4.223926395422638e-16,1.0809668381110859e-17,3.503519525800121e-18,1.8081745969832222e-19,5.589139201165685e-20,2.0241279756311858e-14,6.256659636548015e-15,6.872281995975652e-11,2.1242495480943357e-11,5.593079400749012e-17,1.7703184095619838e-17,0.010328643889942458,0.004903358210291868,9.999999999999493e-31,3.3289606218529774e-31,2.8740628423315936e-09,8.870646776968263e-10,2.9617990744725635e-06,8.932478715694317e-07,3.1131112659187557e-10,9.618279042556693e-11,5.832165371589995e-13,1.7606773705382987e-13
0.548,1241.5521789068698,5.386815829394756,0.2609824647551947,2.0875475872562332,0.0672413557110637,0.44356639035132017,1.4903530949780896e-07,1.9662617914159e-06,9.15566127119728e-14,7.610436678185187e-14,2.8225966245230375e-14,1.1731098520742206e-14,2.588110795923242e-08,2.0238012089158903e-08,0.2063310081285051,0.15231509020931844,2.0319569047464207e-16,8.187179192620513e-17,6.979114305753023e-14,2.7286969304779433e-14,3.1201978343964562e-18,3.45474233924147e-18,9.457174628909658e-16,9.66043048660484e-16,5.97201017572881e-11,5.661981426958872e-11,1.3458693808552608e-12,1.276000410797217e-12,1.7548061517831033e-05,1.552166886738981e-05,0.20870389165274772,0.1730046045773665,0.4182369161314047,0.19857380293751814,0.08516362320146514,0.025735068453022085,6.610502190741343e-08,3.029560819089083e-08,4.843493011621963e-06,2.145230167029662e-06,3.713117543618469e-10,1.591159221782225e-10,3.6180610333285995e-12,1.5504252452351836e-12,8.842754342186281e-07,3.670123194946616e-07,4.317755138976147e-12,2.2940868658612e-12,0.0004920359145119092,0.0002513054339995495,5.98439335532739e-08,2.9425902165634745e-08,0.002922953311226614,0.0013856060918393644,5.165766561003136e-07,2.36386122351839e-07,0.0005473503408291597,0.00024207205839147473,1.544581550795634e-10,5.006481427829307e-11,5.1628902145431205e-06,1.6333297547430017e-06,1.7903611083926608e-10,5.66397879589847e-11,5.357579694218367e-19,5.086700992704568e-19,1.0484621528129908e-17,9.286244621589985e-18,2.0572665115457105e-14,1.7074949279706905e-14,2.3010409616630817e-09,1.796788251226789e-09,1.6624864198344294e-12,7.618043829570619e-13,2.552485236830467e-15,1.1312740688197105e-15,3.4583029710845844e-23,9.997023225881726e-24,2.73607952348277e-15,8.267238038293756e-16,2.1549404430499275e-18,9.240387579740275e-19,1.209382513291128e-17,6.181622411293647e-18,6.685434381251309e-10,3.2897322808581464e-10,8.895121023768513e-16,4.219679739892942e-16,1.0777987768720298e-17,3.49314902985495e-18,1.8020321790885836e-19,5.569989305370152e-20,2.0219387798085164e-14,6.249709361651188e-15,6.869304622684699e-11,2.1232669276214215e-11,5.583234861535633e-17,1.7671505682773818e-17,0.010328643889905937,0.004903214336202378,9.99999999999949e-31,3.3288629436699507e-31,2.867813035369592e-09,8.851097353976603e-10,2.958562807943822e-06,8.922456661688962e-07,3.109451753277959e-10,9.606690712715823e-11,5.814238745808776e-13,1.7552139833101637e-13
0.549,1241.4558469081976,5.387000780972148,0.2609735044597556,2.0913793938684413,0.06724793086982858,0.44359678154244636,1.488756579681874e-07,1.96409798399706e-06,9.130937516450037e-14,7.589663489436952e-14,2.8145227113039034e-14,1.1697199889765132e-14,2.5839779067325697e-08,2.020510317470649e-08,0.20630828977528726,0.15229386218207291,2.0260817147978077e-16,8.163267910434342e-17,6.964275302558608e-14,2.7228154826445305e-14,3.1070495782365905e-18,3.4400836595618918e-18,9.423551244860795e-16,9.625802743336276e-16,5.956873738723347e-11,5.647465493588199e-11,1.3422199972306497e-12,1.2725032377115126e-12,1.7526346200647253e-05,1.5502007468174803e-05,0.2086908031156709,0.17298869202219658,0.418269831670275,0.19858361890814621,0.08516551727103296,0.02573488762978791,6.606237711438376e-08,3.0275178230206444e-08,4.843704889047975e-06,2.1452612244554115e-06,3.7072555209778783e-10,1.5886007121735538e-10,3.6111468596368882e-12,1.54741706918256e-12,8.833654395736647e-07,3.666239026517217e-07,4.299869302286464e-12,2.2845169968033366e-12,0.0004908577434127445,0.0002506963505773373,5.968332604109178e-08,2.934607086563895e-08,0.002918910737670289,0.0013836492422777044,5.157156673713221e-07,2.3598522627904315e-07,0.0005470246037809186,0.00024192091711545654,1.5414154679693847e-10,4.996072924043661e-11,5.1584085295367855e-06,1.6318641711719218e-06,1.7876256174367382e-10,5.655159299347028e-11,5.33814293261227e-19,5.068098624311411e-19,1.0462098676582283e-17,9.266024911203222e-18,2.0548941414963908e-14,1.70547598866638e-14,2.3012855391731085e-09,1.7969266412720415e-09,1.660466483538199e-12,7.608565157105326e-13,2.5463138621599113e-15,1.1285058572040776e-15,3.4458702921674046e-23,9.960792175373911e-24,2.730929570547891e-15,8.251435634499931e-16,2.1498915904624393e-18,9.21846829691435e-19,1.2069314570536074e-17,6.168913568605199e-18,6.682480156986539e-10,3.2881823473029363e-10,8.886453337594247e-16,4.2154445780119284e-16,1.074644938393032e-17,3.482825498490372e-18,1.7959212493282244e-19,5.550938275249237e-20,2.0197559223509036e-14,6.242779554077164e-15,6.866334548049236e-11,2.1222867799849065e-11,5.573424031885002e-17,1.7639937143704264e-17,0.010328643889869538,0.004903070838497947,9.999999999999484e-31,3.328765521020131e-31,2.8615873634054385e-09,8.831624227996061e-10,2.9553360118319098e-06,8.912464424737911e-07,3.1058023322522215e-10,9.595134960211178e-11,5.796396717233637e-13,1.7497765856181872e-13
0.55,1241.359672732583,5.387185606510666,0.26096455088510195,2.0952113319481858,0.06725448975449731,0.44362709675947287,1.4871640868166394e-07,1.961939756431804e-06,9.106318936484819e-14,7.568979501232997e-14,2.8064848883369493e-14,1.1663454101763747e-14,2.5798581837014526e-08,2.0172300642099893e-08,0.20628562740209713,0.15227268809923364,2.0202329643999459e-16,8.139465160296033e-17,6.949492240253116e-14,2.7169564526060972e-14,3.0939769408645432e-18,3.4255098155099746e-18,9.390099019963023e-16,9.591352571123543e-16,5.941799294792975e-11,5.6330096021492975e-11,1.3385861503843927e-12,1.269021093497246e-12,1.7504691930881278e-05,1.5482402371463336e-05,0.20867774510246878,0.1729728186260128,0.4183026540612846,0.19859340492241104,0.08516741613205416,0.025734710188128875,6.601981468573956e-08,3.025478947124686e-08,4.843916615294935e-06,2.1452923734281114e-06,3.7014143381757417e-10,1.5860514006863357e-10,3.604259002236341e-12,1.544420461112361e-12,8.824582377608325e-07,3.6623669498969304e-07,4.2820860463056435e-12,2.2750023573369657e-12,0.0004896843360510053,0.00025008975441242093,5.952340957358498e-08,2.9266586199485133e-08,0.0029148806436024724,0.001381698525976881,5.148575327629126e-07,2.355856772490568e-07,0.0005466996615362156,0.000241770154244022,1.5382608809495394e-10,4.9857026614514485e-11,5.153938108776606e-06,1.6304023585668926e-06,1.7848986446405778e-10,5.646367687398601e-11,5.318806801598641e-19,5.049593259209694e-19,1.0439659453978504e-17,9.2458811411787e-18,2.0525278798729868e-14,1.7034623644215778e-14,2.3015294580495243e-09,1.7970646432436312e-09,1.658451990094237e-12,7.599112546746295e-13,2.5401676946614245e-15,1.1257490630303977e-15,3.4335030027116745e-23,9.924752999440727e-24,2.725797572052314e-15,8.235689018389978e-16,2.14486288086882e-18,9.196637352434656e-19,1.2044893374757758e-17,6.156251605887141e-18,6.67953299863981e-10,3.2866362268341214e-10,8.877808585931867e-16,4.2112208577930977e-16,1.0715052330150776e-17,3.4725486336138004e-18,1.789841587837658e-19,5.531985416568114e-20,2.0175793726034804e-14,6.2358701137876565e-15,6.863371740818743e-11,2.1213090944302476e-11,5.563646731985869e-17,1.7608477887108656e-17,0.010328643889833265,0.004902927715592471,9.999999999999463e-31,3.328668352826681e-31,2.8553856903004043e-09,8.812226965062649e-10,2.9521186428391527e-06,8.902501866642726e-07,3.1021629552227566e-10,9.583611629498323e-11,5.778638736522733e-13,1.7443650075887463e-13
0.551,1241.2636557808823,5.38737030635402,0.260955604013265,2.0990434014060586,0.06726103243049475,0.4436573363127866,1.4855755982426077e-07,1.9597870832228668e-06,9.081804892414969e-14,7.548384167821244e-14,2.798482928954051e-14,1.1629860190278561e-14,2.5757515594153133e-08,2.013960394144962e-08,0.2062630207687464,0.15225156772784243,2.0144104860906927e-16,8.115770250222049e-17,6.934764799865814e-14,2.7111197115630736e-14,3.0809793568584085e-18,3.4110201693635295e-18,9.356816785172379e-16,9.557078749729264e-16,5.926786476747128e-11,5.6186133943409485e-11,1.3349677460368107e-12,1.265553886296281e-12,1.748309841748997e-05,1.5462853305826472e-05,0.20866471751140292,0.17295698424502276,0.4183353837015906,0.1986031611134213,0.08516931976594216,0.025734536114284993,6.597733428864698e-08,3.023444174413713e-08,4.844128189284544e-06,2.1453236128182767e-06,3.6955938793023057e-10,1.583511235797397e-10,3.5973973093477234e-12,1.5414353538367954e-12,8.815538148904847e-07,3.6585069044058554e-07,4.264404590453144e-12,2.265542525107654e-12,0.0004885156630036503,0.0002494856300489203,5.9364179792307626e-08,2.9187445967237194e-08,0.002910862961030592,0.0013797539093152692,5.14002236474495e-07,2.3518746775325393e-07,0.0005463755098743929,0.0002416197677704553,1.5351177260565682e-10,4.9753704264819187e-11,5.14947890033198e-06,1.6289442993484402e-06,1.7821801469664764e-10,5.637603817787952e-11,5.299570604737373e-19,5.031184222059553e-19,1.0417303395087556e-17,9.225812885531582e-18,2.0501676992285226e-14,1.7014540310246822e-14,2.301772721207326e-09,1.7972022589371987e-09,1.6564429141641372e-12,7.589685875690898e-13,2.5340465840720275e-15,1.1230036177486346e-15,3.421200639539361e-23,9.888904331394312e-24,2.7206834283656873e-15,8.219997878041395e-16,2.139854196096633e-18,9.174894224208402e-19,1.2020561055564738e-17,6.1436362638896225e-18,6.676592878044266e-10,3.2850939039154786e-10,8.869186664340227e-16,4.207008526470589e-16,1.0683795721791057e-17,3.4623181407892435e-18,1.7837929759957875e-19,5.513130039120885e-20,2.015409100394043e-14,6.228980942307643e-15,6.860416169861514e-11,2.1203338602575298e-11,5.553902783006394e-17,1.7577127325060135e-17,0.010328643889797146,0.00490278496593352,9.999999999999456e-31,3.328571438035635e-31,2.8492078728175866e-09,8.792905109475082e-10,2.948910649374155e-06,8.892568824296828e-07,3.098533573613514e-10,9.572120562187323e-11,5.760964243909113e-13,1.7389790762512612e-13
0.552,1241.1677954268853,5.387554880921266,0.260946663822632,2.10287560215295,0.06726755896440187,0.4436875005184825,1.4839910961269641e-07,1.9576399392780032e-06,9.057394751207073e-14,7.527876948411986e-14,2.7905166066222595e-14,1.1596417189585893e-14,2.5716579669739412e-08,2.010701252695694e-08,0.20624046963894185,0.15223050083727196,2.008614113516453e-16,8.092182492819545e-17,6.920092667426778e-14,2.705305132691914e-14,3.06805626498102e-18,3.396614088148985e-18,9.323703375840888e-16,9.522980063629888e-16,5.911834919466168e-11,5.604276513888201e-11,1.331364690668655e-12,1.2621015249877992e-12,1.74615653720645e-05,1.5443360002182525e-05,0.2086517202270738,0.17294118872345893,0.41836802098802345,0.1986128876132793,0.08517122814960815,0.025734365393034253,6.5934935608497e-08,3.021413488729326e-08,4.844339610120225e-06,2.1453549415682805e-06,3.689794030503878e-10,1.5809801668712626e-10,3.590561631253242e-12,1.5384616810616676e-12,8.806521572707476e-07,3.654658830187066e-07,4.246824181081162e-12,2.2561370921450905e-12,0.0004873516973640979,0.0002488839633187024,5.9205632570869584e-08,2.9108648083437827e-08,0.0029068576315470942,0.0013778153632178136,5.13149764364574e-07,2.347905910431234e-07,0.0005460521458963571,0.00024146975627204915,1.5319859403997265e-10,4.965076008154913e-11,5.145030853149057e-06,1.6274899762132866e-06,1.779470081479469e-10,5.628867548591498e-11,5.280433648409822e-19,5.012870840323336e-19,1.039503003681413e-17,9.205819720238643e-18,2.0478135724425052e-14,1.699450964535725e-14,2.3020153315369996e-09,1.797339490121366e-09,1.654439230718365e-12,7.580285022558114e-13,2.527950381161188e-15,1.1202694532781141e-15,3.4089627426962404e-23,9.853244814112733e-24,2.715587046770259e-15,8.204361922462847e-16,2.1348654186082007e-18,9.153238392953507e-19,1.199631712634194e-17,6.131067285140064e-18,6.67365976726429e-10,3.283555363116543e-10,8.860587471813893e-16,4.2028075329074003e-16,1.0652678676085277e-17,3.4521337265494937e-18,1.7777751975782014e-19,5.494371460233357e-20,2.0132450754103257e-14,6.222111940732748e-15,6.857467804286307e-11,2.1193610668360345e-11,5.544192007746162e-17,1.754588487487849e-17,0.010328643889761182,0.004902642587949172,9.999999999999453e-31,3.3284747755797893e-31,2.8430537783476558e-09,8.773658238403253e-10,2.945711990268888e-06,8.882665166032883e-07,3.0949141406580923e-10,9.560661605486366e-11,5.743372701925576e-13,1.7336186253973602e-13
0.553,1241.0720910574432,5.38773933060672,0.2609377302927953,2.1067079341000317,0.06727406942184895,0.44371758968798075,1.4824105627169522e-07,1.9554982996261e-06,9.033087884945371e-14,7.507457306624991e-14,2.782585697289923e-14,1.156312414453818e-14,2.567577339987865e-08,2.0074525857043798e-08,0.20621797377772483,0.15220948719854047,2.0028436818200689e-16,8.068701206911892e-17,6.905475530830128e-14,2.6995125899398972e-14,3.0552071096533654e-18,3.382290945298201e-18,9.290757639388851e-16,9.489055309925431e-16,5.896944261068246e-11,5.589998607692292e-11,1.3277768915420924e-12,1.2586639192180078e-12,1.7440092508203804e-05,1.5423922193364733e-05,0.2086387531389034,0.17292543191026835,0.41840056631481976,0.19862258455357776,0.08517314126037055,0.025734198009379903,6.58926183286689e-08,3.019386873838726e-08,4.844550876880769e-06,2.145386358617943e-06,3.6840146785408553e-10,1.5784581435546795e-10,3.5837518192415654e-12,1.5354993769463652e-12,8.797532512938208e-07,3.65082266776356e-07,4.229344064346541e-12,2.2467856504670467e-12,0.0004861924115902256,0.0002482847397335164,5.904776376164847e-08,2.9030190452794432e-08,0.0029028645946903068,0.0013758828576496077,5.123001019787147e-07,2.3439504022973933e-07,0.000545729566373227,0.00024132011818170807,1.5288654615048782e-10,4.9548191969134844e-11,5.140593916406723e-06,1.626039371943472e-06,1.7767684056394084e-10,5.6201587391956175e-11,5.26139524619597e-19,4.99465244845956e-19,1.0372838920123852e-17,9.185901225015499e-18,2.045465472555097e-14,1.6974531411621683e-14,2.302257291910919e-09,1.7974763385569635e-09,1.652440914875434e-12,7.570909866711458e-13,2.5218789371582103e-15,1.1175465017625251e-15,3.396788855642086e-23,9.817773100665161e-24,2.7105083307820706e-15,8.188780849393893e-16,2.129896431901959e-18,9.131669343991048e-19,1.1972161104353518e-17,6.118544414237938e-18,6.670733638522976e-10,3.2820205891028967e-10,8.852010907301226e-16,4.1986178259768855e-16,1.062170031902309e-17,3.441995100344989e-18,1.7717880373934003e-19,5.475709000590137e-20,2.011087267667419e-14,6.215263011223067e-15,6.854526613417825e-11,2.1183907036134288e-11,5.534514230309057e-17,1.7514749958232685e-17,0.010328643889725337,0.004902500580086818,9.999999999999442e-31,3.328378364405063e-31,2.836923272745346e-09,8.754485924417122e-10,2.942522621922953e-06,8.872790752923677e-07,3.0913046095354303e-10,9.549234606517586e-11,5.72586357336845e-13,1.7282834889421158e-13
0.554,1240.9765420814401,5.387923655755798,0.2609288034057216,2.110540397158719,0.06728056386718184,0.4437476041264671,1.4808339802316167e-07,1.953362139277102e-06,9.008883669871848e-14,7.487124709700857e-14,2.7746899796372396e-14,1.1529980111618458e-14,2.563509612458145e-08,2.0042143393439972e-08,0.2061955329497167,0.1521885265832356,1.9970990276007611e-16,8.045325717386732e-17,6.890913078499833e-14,2.6937419575070825e-14,3.042431340964306e-18,3.3680501206621657e-18,9.257978436464426e-16,9.455303299533509e-16,5.88211414282169e-11,5.575779325754481e-11,1.3242042565994697e-12,1.2552409793056996e-12,1.741867954068767e-05,1.540453961341122e-05,0.2086258161457271,0.1729097136631667,0.41843302007220257,0.19863225206501284,0.08517505907921506,0.02573403394957251,6.585038212330588e-08,3.017364313107986e-08,4.844761988544335e-06,2.145417862873976e-06,3.6782557101569417e-10,1.5759451155084813e-10,3.576967725054237e-12,1.532548375868677e-12,8.788570833620448e-07,3.646998357736517e-07,4.211963482377713e-12,2.2374877900457573e-12,0.0004850377770692223,0.0002476879442631567,5.889056912404097e-08,2.8952070934944792e-08,0.0028988837845322127,0.0013739563600006798,5.114532339641073e-07,2.3400080801625334e-07,0.0005454077672583962,0.0002411708515725538,1.5257562271233183e-10,4.944599784010815e-11,5.136168039223619e-06,1.6245924693159708e-06,1.774075077287839e-10,5.6114772502627015e-11,5.242454719539882e-19,4.976528388559655e-19,1.0350729590006251e-17,9.166056983295586e-18,2.043123372649556e-14,1.6954605371637e-14,2.302498605188502e-09,1.7976128060036597e-09,1.6504479418009174e-12,7.56156028780675e-13,2.5158321051055284e-15,1.1148346961710444e-15,3.384678527191886e-23,9.78248785993283e-24,2.7054471829519245e-15,8.173254353779555e-16,2.1249471205149433e-18,9.11018656726733e-19,1.1948092510266982e-17,6.106067397619534e-18,6.667814464145037e-10,3.2804895666127575e-10,8.8434568685285e-16,4.19443935401094e-16,1.0590859786105321e-17,3.4319019747926477e-18,1.7658312824087404e-19,5.457141987720491e-20,2.0089356475718986e-14,6.208434057209903e-15,6.851592566710125e-11,2.1174227600920184e-11,5.5248692757377025e-17,1.7483722000007297e-17,0.010328643889689694,0.004902358940820313,9.999999999999453e-31,3.328282203475318e-31,2.8308162167151575e-09,8.735387724346027e-10,2.9393424945184e-06,8.862945427382218e-07,3.0877049327454844e-10,9.537839410401914e-11,5.708436313705674e-13,1.7229734986347498e-13
0.555,1240.881147879279,5.388107856792778,0.2609198831395646,2.114372991240731,0.06728704236596275,0.4437775441451097,1.479261331203904e-07,1.9512314336543554e-06,8.98478148799346e-14,7.466878629762984e-14,2.7668292324190352e-14,1.1496984147784237e-14,2.5594547188947216e-08,2.000986460191334e-08,0.2061731469236432,0.1521676187653853,1.9913799885204654e-16,8.02205535353048e-17,6.876405003918071e-14,2.6879931115901825e-14,3.0297284129934994e-18,3.3538909986201306e-18,9.225364631630842e-16,9.421722847583193e-16,5.86734420797117e-11,5.5616183200084803e-11,1.3206466945264107e-12,1.2518326162896935e-12,1.7397326186937293e-05,1.5385211998707193e-05,0.20861290913207958,0.1728940338273158,0.41846538265032335,0.19864189027734064,0.08517698158216838,0.025733873198255416,6.580822668552435e-08,3.015345790765511e-08,4.8449729442794475e-06,2.145449453318157e-06,3.672517014188991e-10,1.5734410332962154e-10,3.5702092025103857e-12,1.5296086131059423e-12,8.779636400800701e-07,3.643185841547398e-07,4.194681704939634e-12,2.2282431156066496e-12,0.00048388776782075333,0.0002470935632241174,5.8734044656648855e-08,2.8874287507486727e-08,0.002894915145123962,0.0013720358423933929,5.106091466906943e-07,2.3360788789486852e-07,0.0005450867458859833,0.00024102195512773928,1.5226581758006236e-10,4.934417563305421e-11,5.131753171623689e-06,1.6231492513923745e-06,1.7713900543626546e-10,5.602822942773991e-11,5.223611392426633e-19,4.958498005244879e-19,1.032870159347064e-17,9.146286580365678e-18,2.0407872461403475e-14,1.693473129074892e-14,2.3027392742044314e-09,1.7977488941934378e-09,1.6484602869731273e-12,7.552236166936029e-13,2.5098097392611597e-15,1.1121339700225542e-15,3.3726313095358544e-23,9.747387770787828e-24,2.7004035132946697e-15,8.157782153155705e-16,2.120017369592848e-18,9.088789555421167e-19,1.192411086806838e-17,6.093635983454927e-18,6.664902216691167e-10,3.2789622804913855e-10,8.834925256775152e-16,4.190272067024319e-16,1.0560156215315541e-17,3.4218540633643493e-18,1.759904722188144e-19,5.438669757296306e-20,2.0067901853760977e-14,6.201624981648996e-15,6.848665633866709e-11,2.1164572258454008e-11,5.515256970702434e-17,1.7452800430312398e-17,0.01032864388965418,0.004902217668602564,9.999999999999439e-31,3.328186291740217e-31,2.8247324819582214e-09,8.716363229020714e-10,2.93617156910434e-06,8.853129064592023e-07,3.084115064662423e-10,9.526475868053521e-11,5.691090401328096e-13,1.7176884931725076e-13
0.556,1240.7859078619194,5.3882919340719635,0.26091096947587283,2.1182057162580383,0.06729350498200615,0.44380741004655294,1.4776925980990725e-07,1.9491061581133895e-06,8.960780725371571e-14,7.446718542479761e-14,2.759003237664276e-14,1.146413532389183e-14,2.555412594210348e-08,1.9977688951667104e-08,0.20615081546740627,0.15214676351954956,1.985686403778995e-16,7.998889451032365e-17,6.861951000504754e-14,2.682265928411181e-14,3.017097785745328e-18,3.3398129702573072e-18,9.192915104184607e-16,9.388312784568604e-16,5.852634103170624e-11,5.5475152457413325e-11,1.3171041146988198e-12,1.2484387418926485e-12,1.7376032165512615e-05,1.5365939086830467e-05,0.20860003199575736,0.17287839226013232,0.4184976544350008,0.19865149931961187,0.0851789087496687,0.02573371574158834,6.576615169534782e-08,3.013331290466944e-08,4.845183743116224e-06,2.145481128886115e-06,3.6667984791993324e-10,1.5709458473874886e-10,3.5634761057034764e-12,1.5266800240796922e-12,8.770729080475695e-07,3.6393850606590535e-07,4.177497991306766e-12,2.219051226398431e-12,0.0004827423560477509,0.0002465015820103051,5.8578186213829156e-08,2.8796838077784873e-08,0.0028909586127242805,0.0013701212732747873,5.097678252373164e-07,2.3321627277055196e-07,0.0005447664984409122,0.00024087342702447254,1.519571246241134e-10,4.924272329257258e-11,5.127349263456942e-06,1.6217097011959372e-06,1.768713295259086e-10,5.594195679234874e-11,5.204864597555014e-19,4.940560651580989e-19,1.030675448198008e-17,9.126589605624503e-18,2.0384570664617706e-14,1.6914908934660176e-14,2.3029793017815523e-09,1.7978846048610944e-09,1.6464779258926102e-12,7.542937385382215e-13,2.5038116953257345e-15,1.1094442574987457e-15,3.3606467598909834e-23,9.712471526974339e-24,2.6953772272092004e-15,8.142363951246276e-16,2.11510706540369e-18,9.067477806088456e-19,1.1900215705290931e-17,6.081249921833621e-18,6.661996868811743e-10,3.2774387156563517e-10,8.826415971418984e-16,4.1861159141749294e-16,1.0529588755363034e-17,3.4118510830963844e-18,1.754008147921929e-19,5.420291650194082e-20,2.0046508518287867e-14,6.194835689101749e-15,6.845745784723294e-11,2.1154940905062767e-11,5.505677142771996e-17,1.742198468237295e-17,0.010328643889618789,0.00490207676192134,9.999999999999421e-31,3.3280906281730948e-31,2.8186719326072963e-09,8.697412006082224e-10,2.9330097979426236e-06,8.84334151334302e-07,3.0805349586192555e-10,9.515143827282149e-11,5.673825303192564e-13,1.7124283078497107e-13
0.557,1240.6908214324408,5.388475887974123,0.2609020623949191,2.1220385721228814,0.06729995177934894,0.4438372021345927,1.4761277635659242e-07,1.94698628825862e-06,8.936880773195617e-14,7.426643927899371e-14,2.7512117785601785e-14,1.1431432715814939e-14,2.551383173787028e-08,1.994561591570766e-08,0.20612853835102055,0.15212596062184833,1.9800181137957924e-16,7.975827350640295e-17,6.847550764932384e-14,2.67656028549266e-14,3.0045389238155843e-18,3.3258154318619515e-18,9.16062874097808e-16,9.355071948944382e-16,5.837983477523e-11,5.5334697606404286e-11,1.3135764272122092e-12,1.2450592685392224e-12,1.7354797197105546e-05,1.5346720617313764e-05,0.2085871846298345,0.1728627888150884,0.41852983581033887,0.19866107931992938,0.08518084056091901,0.025733561565348746,6.572415684071299e-08,3.011320796235074e-08,4.845394384160976e-06,2.145512888546313e-06,3.661099995017752e-10,1.5684595088067005e-10,3.5567682901710456e-12,1.5237625448451799e-12,8.761848739939566e-07,3.6355959570873086e-07,4.160411614497295e-12,2.2099117290492155e-12,0.00048160151497587896,0.0002459119865411618,5.842298975505582e-08,2.8719720605342566e-08,0.0028870141273936094,0.001368212622901459,5.089292553589348e-07,2.3282595585932394e-07,0.0005444470216119657,0.00024072526566317243,1.5164953777169003e-10,4.9141638782154425e-11,5.122956265092206e-06,1.620273801918494e-06,1.7660447585888083e-10,5.585595322870504e-11,5.186213672226728e-19,4.922715685136872e-19,1.0284887809820299e-17,9.106965651068546e-18,2.036132807274266e-14,1.689513807101492e-14,2.3032186907235266e-09,1.7980199397250655e-09,1.64450083427387e-12,7.533663825440555e-13,2.4978378297661268e-15,1.1067654931358772e-15,3.348724438657518e-23,9.677737831703645e-24,2.6903682327281475e-15,8.126999459803234e-16,2.1102160949805028e-18,9.046250820300676e-19,1.187640655283046e-17,6.068908964623811e-18,6.65909839333113e-10,3.275918857114417e-10,8.817928913489983e-16,4.181970845417887e-16,1.0499156560234338e-17,3.4018927527974137e-18,1.748141352487792e-19,5.4020070126408156e-20,2.0025176177446796e-14,6.188066084358063e-15,6.842832989302736e-11,2.114533343767545e-11,5.4961296208685245e-17,1.739127419383614e-17,0.010328643889583548,0.0049019362192625855,9.999999999999423e-31,3.327995211746035e-31,2.812634437332393e-09,8.67853363727165e-10,2.9298571373391553e-06,8.833582634655428e-07,3.0769645688059927e-10,9.503843138584749e-11,5.656640497205606e-13,1.7071927813005673e-13
0.558,1240.5958880003163,5.38865971887146,0.26089316187739725,2.1258715587477663,0.06730638282146136,0.44386692071027267,1.474566810370909e-07,1.9448717998620653e-06,8.913081027694826e-14,7.4066542703969e-14,2.7434546402706198e-14,1.1398875407876692e-14,2.5473663935029286e-08,1.9913644971112095e-08,0.20610631534600846,0.15210520984995984,1.9743749603653157e-16,7.952868398808563e-17,6.833203996170628e-14,2.670876061291845e-14,2.99205129693772e-18,3.3118977855383113e-18,9.128504439147863e-16,9.321999189936796e-16,5.823391983053306e-11,5.519481525257306e-11,1.3100635429104943e-12,1.2416941093867998e-12,1.7333621004485758e-05,1.532755633164104e-05,0.20857436692913356,0.17284722334758013,0.41856192715816615,0.1986706304057635,0.08518277699506825,0.02573341065536402,6.568224181098401e-08,3.009314292171423e-08,4.8456048665267904e-06,2.145544731275586e-06,3.655421452290938e-10,1.565981968944473e-10,3.5500856125806616e-12,1.5208561119611316e-12,8.752995247453668e-07,3.6318184732744396e-07,4.14342185091198e-12,2.2008242320680466e-12,0.0004804652176394757,0.0002453247626423951,5.8268451259218516e-08,2.8642933059747863e-08,0.002883081629072802,0.0013663098614849335,5.080934228267002e-07,2.3243693038698748e-07,0.0005441283120365685,0.0002405774694226588,1.5134305099583846e-10,4.904092008077931e-11,5.1185741272153084e-06,1.618841536861322e-06,1.7633844032900205e-10,5.57702173799001e-11,5.167657959896018e-19,4.904962469468405e-19,1.0263101134870799e-17,9.087414312000582e-18,2.0338144424257067e-14,1.6875418469126396e-14,2.3034574438161965e-09,1.7981549004937556e-09,1.6425289880045352e-12,7.524415370253302e-13,2.491887999102398e-15,1.1040976115119414e-15,3.336863908766228e-23,9.643185395793262e-24,2.6853764349959797e-15,8.111688381948891e-16,2.1053443462761508e-18,9.025108103173918e-19,1.1852682945242247e-17,6.056612865641249e-18,6.656206763231742e-10,3.274402689963251e-10,8.809463984537197e-16,4.1778368109801854e-16,1.0468858791357317e-17,3.391978793759003e-18,1.7423041294531585e-19,5.3838151931454874e-20,2.0003904541697427e-14,6.181316072965093e-15,6.83992721782677e-11,2.113574975392098e-11,5.486614235219934e-17,1.7360668406670246e-17,0.010328643889548433,0.004901796039124718,9.999999999999412e-31,3.3279000414395896e-31,2.806619865273808e-09,8.659727705904514e-10,2.926713543320287e-06,8.823852288768251e-07,3.073403849656249e-10,9.492573653278137e-11,5.63953546502297e-13,1.701981753330433e-13
0.559,1240.501106981032,5.388843427126931,0.2608842679044546,2.129704676045457,0.06731279817136118,0.44389656607246814,1.473009721322263e-07,1.9427626687624698e-06,8.88938088912492e-14,7.38674905782801e-14,2.73573160971244e-14,1.1366462491913192e-14,2.5433621895830472e-08,1.9881775597851597e-08,0.2060841462245326,0.1520845109824216,1.9687567864850362e-16,7.930011947000135e-17,6.818910394713581e-14,2.6652131348972056e-14,2.979634379581195e-18,3.2980594387591174e-18,9.096541105415007e-16,9.289093366822312e-16,5.8088592742736624e-11,5.505550202592306e-11,1.3065653732493184e-12,1.2383431781952286e-12,1.731250331160736e-05,1.5308445972450887e-05,0.20856157879067086,0.1728316957152301,0.41859392885739244,0.19868015270357153,0.08518471803277726,0.025733262997974665,6.564040629356786e-08,3.0073117622999696e-08,4.845815189304756e-06,2.145576656045575e-06,3.6497627421265704e-10,1.563513179404442e-10,3.5434279303623126e-12,1.5179606623315e-12,8.744168471744141e-07,3.6280525518791426e-07,4.126527984186767e-12,2.1917883478895405e-12,0.0004793334373584992,0.0002447398962893949,5.811456670741707e-08,2.8566473412200346e-08,0.00287916105663943,0.0013644129587438785,5.072603132527102e-07,2.3204918950885934e-07,0.0005438103661568368,0.00024043003659641627,1.5103765830290504e-10,4.8940565178826804e-11,5.114202800684671e-06,1.6174128893887987e-06,1.7607321885564897e-10,5.568474789759524e-11,5.149196809798383e-19,4.887300373762389e-19,1.0241394018043712e-17,9.067935186528134e-18,2.0315019458452825e-14,1.6855749899089233e-14,2.303695563830398e-09,1.7982894888670568e-09,1.6405623630592944e-12,7.515191903412198e-13,2.4859620628618145e-15,1.1014405485549466e-15,3.3250647396102236e-23,9.608812949022498e-24,2.6804017441482113e-15,8.096430435973448e-16,2.100491708080747e-18,9.004049163549981e-19,1.1829044420018248e-17,6.044361380276881e-18,6.653321951624116e-10,3.272890199375402e-10,8.801021086153606e-16,4.173713761133628e-16,1.043869461687008e-17,3.3821089295166484e-18,1.7364962760435892e-19,5.3657155516679914e-20,1.9982693323561926e-14,6.174585561147321e-15,6.837028440657096e-11,2.1126189751937743e-11,5.4771308170172825e-17,1.7330166766072194e-17,0.01032864388951349,0.004901656220016808,9.99999999999942e-31,3.32780511624154e-31,2.800628084967672e-09,8.640993793551392e-10,2.9235789705504113e-06,8.814150331872445e-07,3.0698527556115776e-10,9.481335222767057e-11,5.62250968899006e-13,1.6967950639914117e-13
0.56,1240.4064777773588,5.389027013143043,0.26087538045532993,2.1335379239290044,0.06731919789246137,0.44392613852201074,1.4714564794750855e-07,1.940658871129291e-06,8.8657797633278e-14,7.366927782799293e-14,2.7280424747404107e-14,1.1334193063847371e-14,2.5393704987888598e-08,1.985000728020692e-08,0.2060620307618526,0.15206386379994008,1.963163436364675e-16,7.907257351696005e-17,6.804669665022143e-14,2.6595713869739567e-14,2.967287650655617e-18,3.2842998040256896e-18,9.06473765318736e-16,9.25635334593501e-16,5.794385008146941e-11,5.491675458041067e-11,1.3030818304487792e-12,1.2350063894672628e-12,1.7291443845049524e-05,1.528938928475911e-05,0.20854882010425324,0.17281620576952342,0.4186258412861078,0.1986896463391376,0.08518666365156533,0.025733118578543473,6.559864998798602e-08,3.0053131912018635e-08,4.846025351704313e-06,2.1456086618777834e-06,3.644123757243177e-10,1.5610530924905541e-10,3.5367951026834042e-12,1.5150761336179677e-12,8.735368283245751e-07,3.624298136280483e-07,4.109729312933937e-12,2.1828036969771505e-12,0.0004782061486398941,0.00024415737406659226,5.7961332224022717e-08,2.849033970475087e-08,0.0028752523546677826,0.0013625218871030384,5.064299132505209e-07,2.316627268398695e-07,0.0005434931811954642,0.00024028296582325604,1.5073335376584698e-10,4.8840572088703324e-11,5.1098422370335e-06,1.6159878430818345e-06,1.7580880737975213e-10,5.559954344056842e-11,5.130829575258077e-19,4.869728771212366e-19,1.0219766023052725e-17,9.048527875327883e-18,2.0291952917587357e-14,1.6836132133508984e-14,2.303933053515262e-09,1.7984237065251777e-09,1.6386009356859988e-12,7.505993309785855e-13,2.4800598802311078e-15,1.0987942400557664e-15,3.313326502127213e-23,9.574619225885366e-24,2.675444070593837e-15,8.08122534105613e-16,2.095658069928479e-18,8.983073513565964e-19,1.1805490518238703e-17,6.032154265809199e-18,6.650443931821418e-10,3.271381370624089e-10,8.792600122244971e-16,4.1696016472568624e-16,1.0408663209645916e-17,3.3722828851979926e-18,1.7307175901406217e-19,5.3477074503226035e-20,1.996154223583453e-14,6.167874455232656e-15,6.834136628389037e-11,2.111665333059288e-11,5.4676791989979115e-17,1.7299768722253966e-17,0.010328643889478647,0.004901516760442295,9.999999999999407e-31,3.3277104351358617e-31,2.794658971468775e-09,8.622331501984958e-10,2.9204533798591203e-06,8.804476638774713e-07,3.06631124231536e-10,9.470127702199838e-11,5.605562666424693e-13,1.6916325578867025e-13
0.561,1240.3119998132756,5.389210477275444,0.2608664995115364,2.1373713023117116,0.06732558204690675,0.44395563835354523,1.4699070678556537e-07,1.938560383111391e-06,8.842277060031981e-14,7.347189941301644e-14,2.7203870258437166e-14,1.1302066230807609e-14,2.535391258251764e-08,1.9818339505591473e-08,0.20603996873307087,0.15204326808395666,1.9575947555739565e-16,7.884603975039138e-17,6.790481512041932e-14,2.6539506984196942e-14,2.9550105943320825e-18,3.27061829979653e-18,9.03309300823949e-16,9.223778006523012e-16,5.779968844599633e-11,5.477856959914778e-11,1.2996128273649772e-12,1.2316836583344747e-12,1.727044233249886e-05,1.5270386014713488e-05,0.2085360907687466,0.17280075337038897,0.4186576648187836,0.1986991114375091,0.08518861383198909,0.02573297738348586,6.555697258487981e-08,3.003318563072631e-08,4.846235352838564e-06,2.14564074776217e-06,3.6385043903337843e-10,1.5586016605158864e-10,3.5301869891294398e-12,1.5122024636842538e-12,8.726594552491941e-07,3.6205551699328286e-07,4.093025131836207e-12,2.1738698977942682e-12,0.00047708332496758393,0.00024357718204057942,5.7808743844630457e-08,2.8414529936412782e-08,0.0028713554624999918,0.0013606366165226625,5.056022085738789e-07,2.3127753560456195e-07,0.0005431767535880456,0.0002401362553957305,1.5043013147892113e-10,4.874093883046595e-11,5.105492387748282e-06,1.6145663815199335e-06,1.7554520187939754e-10,5.551460267999897e-11,5.112555616951661e-19,4.852247042145717e-19,1.0198216717419038e-17,9.029191982593039e-18,2.026894454430854e-14,1.681656494547214e-14,2.3041699156068814e-09,1.7985575551468618e-09,1.6366446821751878e-12,7.496819474511455e-13,2.474181312361555e-15,1.0961586226963144e-15,3.3016487725962034e-23,9.540602976620522e-24,2.670503323640884e-15,8.066072813164685e-16,2.0908433223385286e-18,8.962180669743018e-19,1.1782020784198607e-17,6.019991281251199e-18,6.647572677242665e-10,3.269876189056387e-10,8.784200995547135e-16,4.1655004202101734e-16,1.0378763751486614e-17,3.362500388902269e-18,1.724967871923719e-19,5.329790258484252e-20,1.9940450995087898e-14,6.161182662774945e-15,6.831251751759694e-11,2.1107140389332642e-11,5.458259214793663e-17,1.726947372848907e-17,0.010328643889443975,0.004901377658930299,9.999999999999398e-31,3.327615997123937e-31,2.788712394912725e-09,8.603740417943406e-10,2.9173367261143677e-06,8.794831066392188e-07,3.0627792647643324e-10,9.458950944819174e-11,5.588693887772024e-13,1.686494077588369e-13
0.562,1240.2176725111644,5.389393819890176,0.26085762505409005,2.141204811107142,0.06733195069675484,0.44398506586135056,1.4683614696273903e-07,1.9364671810472507e-06,8.81887219368003e-14,7.327535033363742e-14,2.7127650549324806e-14,1.1270081106033025e-14,2.5314244055410393e-08,1.9786771764992982e-08,0.2060179599148201,0.15202272361721827,1.952050590890692e-16,7.862051184185653e-17,6.776345643306867e-14,2.6483509511744694e-14,2.9428026993234727e-18,3.2570143496745068e-18,9.001606104605361e-16,9.191366236509871e-16,5.765610446038073e-11,5.4640943789563327e-11,1.2961582775342829e-12,1.2283749005934885e-12,1.7249498503531437e-05,1.5251435910216642e-05,0.20852339068127565,0.17278533837648294,0.4186893998278036,0.1987085481228436,0.0851905685543745,0.02573283939916855,6.551537377922816e-08,3.00132786231438e-08,4.846445191861499e-06,2.145672912708397e-06,3.6329045350695813e-10,1.5561588362255532e-10,3.523603450489134e-12,1.5093395909255547e-12,8.71784715106871e-07,3.616823596745395e-07,4.076414744848837e-12,2.1649865738059164e-12,0.0004759649403602289,0.00024299930655437385,5.765679766657752e-08,2.833904213701993e-08,0.002867470321325911,0.0013587571178475656,5.047771853191681e-07,2.3089360918612838e-07,0.0005428610799971825,0.00023998990370743248,1.5012798558424363e-10,4.864166344020618e-11,5.101153204705683e-06,1.6131484884121489e-06,1.7528239835725893e-10,5.542992429524225e-11,5.094374300543689e-19,4.834854571756197e-19,1.0176745671604804e-17,9.009927115224716e-18,2.0245994083114783e-14,1.6797048109682176e-14,2.30440615282424e-09,1.798691036398246e-09,1.6346935789928608e-12,7.487670283569324e-13,2.468326221200464e-15,1.0935336335267443e-15,3.2900311305523354e-23,9.50676296113941e-24,2.6655794139913056e-15,8.050972572554894e-16,2.086047356612069e-18,8.941370152074889e-19,1.1758634765429501e-17,6.0078721873340424e-18,6.644708161459721e-10,3.2683746401017863e-10,8.775823609828983e-16,4.161410031361582e-16,1.03489954300473e-17,3.3527611706882023e-18,1.719246923121596e-19,5.3119633504496074e-20,1.9919419319214246e-14,6.154510091766516e-15,6.82837378167405e-11,2.1097650828169113e-11,5.4488706992566256e-17,1.7239281242064904e-17,0.010328643889409428,0.004901238914013776,9.999999999999393e-31,3.3275218012097817e-31,2.7827882279004442e-09,8.585220135875619e-10,2.9142289660729433e-06,8.78521347738163e-07,3.059256778482313e-10,9.447804805544843e-11,5.571902850464107e-13,1.6813794678121305e-13
0.5630000000000001,1240.1234952920558,5.389577041363856,0.26084875706350075,2.1450384502291278,0.06733830390389964,0.44401442133892555,1.4668196681107666e-07,1.9343792414915278e-06,8.795564583673258e-14,7.307962563255535e-14,2.7051763553746592e-14,1.1238236809026915e-14,2.5274698787061042e-08,1.975530355330635e-08,0.20599600408575963,0.1520022301841729,1.9465307903312238e-16,7.839598351427433e-17,6.762261769141057e-14,2.6427720282998875e-14,2.9306634589434864e-18,3.2434873824714044e-18,8.970275884704468e-16,9.159116932622582e-16,5.7513094774504794e-11,5.4503873884373e-11,1.2927180952053317e-12,1.2250800327363354e-12,1.722861208985721e-05,1.5232538721144504e-05,0.20851071973718735,0.17276996064519207,0.4187210466838864,0.19871795651864832,0.08519252779787911,0.02573270461163138,6.547385327125994e-08,2.999341073578123e-08,4.846654867973038e-06,2.145705155748486e-06,3.627324086178131e-10,1.553724572830379e-10,3.517044348833461e-12,1.5064874543025369e-12,8.709125951717389e-07,3.613103361125434e-07,4.0598974641272834e-12,2.1561533529085037e-12,0.00047485096924706414,0.00024242373416401994,5.750548985256478e-08,2.8263874369005156e-08,0.0028635968744036315,0.0013568833629117128,5.039548299668668e-07,2.305109411453839e-07,0.0005425461573485882,0.00023984390926898582,1.4982691027490986e-10,4.854274397106525e-11,5.096824640213027e-06,1.6117341476101554e-06,1.7502039284210548e-10,5.534550697431397e-11,5.076284996753598e-19,4.81755075016691e-19,1.015535245917112e-17,8.99073288297265e-18,2.0223101280641604e-14,1.6777581402699986e-14,2.3046417678677098e-09,1.798824151932043e-09,1.632747602803084e-12,7.478545623887629e-13,2.462494468928868e-15,1.09091920971642e-15,3.278473158006536e-23,9.473097946770422e-24,2.6606722516653716e-15,8.035924337502226e-16,2.081270064859665e-18,8.920641484145937e-19,1.17353320128917e-17,5.995796746605853e-18,6.641850358213402e-10,3.2668767092807193e-10,8.767467870019784e-16,4.1573304326478788e-16,1.031935743900036e-17,3.3430649626271315e-18,1.71355454644495e-19,5.29422610368399e-20,1.9898446927493902e-14,6.147856650660353e-15,6.825502689239913e-11,2.108818454779206e-11,5.4395134885601944e-17,1.7209190724604466e-17,0.010328643889375022,0.004901100524230554,9.999999999999363e-31,3.3274278464006946e-31,2.7768863457423496e-09,8.566770258694476e-10,2.9111300586409964e-06,8.775623740925443e-07,3.0557437395797645e-10,9.436689141159038e-11,5.555189059552464e-13,1.676288575608069e-13
0.5640000000000001,1240.029467580322,5.389760142070963,0.26083989552038805,2.148872219591767,0.06734464172987487,0.44404370507801877,1.4652816466981196e-07,1.93229654110408e-06,8.772353653533367e-14,7.288472038795805e-14,2.697620722127614e-14,1.1206532466109541e-14,2.5235276161661045e-08,1.972393436848392e-08,0.20597410102575578,0.15198178757047612,1.9410352030675014e-16,7.817244853862368e-17,6.748229601707721e-14,2.6372138136090524e-14,2.918592370984674e-18,3.230036832073907e-18,8.939101299745972e-16,9.127029000808278e-16,5.737065606227961e-11,5.4367356639915065e-11,1.2892921952398081e-12,1.2217989718571197e-12,1.720778282457802e-05,1.52136941987008e-05,0.208498077832685,0.17275462003494363,0.41875260575541173,0.19872733674760756,0.08519449154202496,0.02573257300706925,6.54324107614247e-08,2.9973581815355394e-08,4.846864380372597e-06,2.1457374759178336e-06,3.621762939003538e-10,1.5512988238195182e-10,3.5105095471149183e-12,1.5036459931706321e-12,8.700430827829942e-07,3.6093944077713635e-07,4.04347260961721e-12,2.1473698672126066e-12,0.0004737413864401522,0.00024185045162455337,5.7354816587153797e-08,2.8189024706032745e-08,0.0028597350649295435,0.0013550153235298156,5.031351290094473e-07,2.3012952505070605e-07,0.000542231982518977,0.0002396982705702322,1.4952689978133077e-10,4.8444178488837774e-11,5.0925066468278355e-06,1.6103233430523222e-06,1.7475918138751862e-10,5.5261349413521975e-11,5.058287081608724e-19,4.800334972672507e-19,1.0134036656601904e-17,8.971608898284895e-18,2.020026588465928e-14,1.6758164602124044e-14,2.3048767634214974e-09,1.7989569033907852e-09,1.630806730383508e-12,7.469445382960609e-13,2.4566859201570476e-15,1.0883152895272313e-15,3.266974442465908e-23,9.439606716990416e-24,2.655781750580099e-15,8.020927838135299e-16,2.0765113399923946e-18,8.899994193098489e-19,1.1712112080504166e-17,5.983764723195345e-18,6.638999241387433e-10,3.2653823821941175e-10,8.75913368142965e-16,4.153261576207901e-16,1.0289848978214062e-17,3.3334114988626938e-18,1.707890547694913e-19,5.2765779053381745e-20,1.9877533541003786e-14,6.141222248500619e-15,6.822638445731701e-11,2.107874144947228e-11,5.4301874199108803e-17,1.717920164116587e-17,0.010328643889340775,0.00490096248812692,9.999999999999358e-31,3.327334131709738e-31,2.7710066241782222e-09,8.548390390747329e-10,2.9080399624854188e-06,8.766061725536719e-07,3.052240104352164e-10,9.425603809072521e-11,5.538552022815605e-13,1.671221248885057e-13
0.5650000000000001,1239.9355888185623,5.3899431223462075,0.2608310404073017,2.152706119109395,0.06735096423514274,0.4440729173652122,1.4637473887937204e-07,1.930219056576396e-06,8.749238830865618e-14,7.269062971341133e-14,2.6900979526142577e-14,1.1174967214087492e-14,2.5195975567398405e-08,1.9692663711824388e-08,0.20595225051449223,0.15196139556240038,1.93556367961531e-16,7.794990074173126e-17,6.734248854048144e-14,2.631676191298235e-14,2.9065889382921257e-18,3.2166621380862446e-18,8.908081312510858e-16,9.095101359098052e-16,5.722878502670512e-11,5.42313888410922e-11,1.2858804931517788e-12,1.218531635692571e-12,1.7187010442186005e-05,1.5194902095458492e-05,0.2084854648714315,0.1727393164111705,0.41878407740724455,0.19873668893159374,0.08519645976931742,0.025732444572696786,6.539104594390917e-08,2.995379170590517e-08,4.847073728189454e-06,2.145769872230531e-06,3.616220989073935e-10,1.5488815427795202e-10,3.5039989088772395e-12,1.5008151471598496e-12,8.691761653141077e-07,3.605696681555223e-07,4.0271394973030045e-12,2.138635746807324e-12,0.0004726361657339477,0.00024127944517572455,5.7204773989973614e-08,2.8114491190418145e-08,0.0028558848320608325,0.0013531529696165668,5.023180682872433e-07,2.2974935417492052e-07,0.0005419185517705283,0.00023955298583092338,1.492279483602824e-10,4.8345965068557534e-11,5.088199177135148e-06,1.6089160586978636e-06,1.7449876008333258e-10,5.517745032123816e-11,5.040379937998091e-19,4.783206641225833e-19,1.0112797844070664e-17,8.952554777011274e-18,2.017748764377312e-14,1.6738797486389068e-14,2.3051111421573807e-09,1.7990892924148938e-09,1.6288709385919217e-12,7.460369448716459e-13,2.4509004399473265e-15,1.0857218114405757e-15,3.255534574583747e-23,9.406288064657877e-24,2.650907820923744e-15,8.00598279342693e-16,2.0717710758501754e-18,8.879427810207008e-19,1.1688974525453342e-17,5.971775882986076e-18,6.636154784966359e-10,3.2638916445120123e-10,8.750820948592229e-16,4.149203413845543e-16,1.0260469255976834e-17,3.3238005163401964e-18,1.702254733463817e-19,5.259018145157884e-20,1.9856678884228593e-14,6.134606795437721e-15,6.819781022547586e-11,2.106932143498927e-11,5.4208923314805185e-17,1.7149313460075593e-17,0.010328643889306623,0.004900824804271608,9.999999999999346e-31,3.3272406561652144e-31,2.765148935297893e-09,8.530080125255505e-10,2.904958631646513e-06,8.756527285859231e-07,3.048745828654741e-10,9.414548665420425e-11,5.521991243846578e-13,1.6661773343294635e-13
0.5660000000000001,1239.8418584312785,5.390125982576369,0.2608221917042777,2.1565401486966236,0.06735727148088985,0.4441020584906688,1.4622168780424712e-07,1.9281467649196466e-06,8.726219548302178e-14,7.249734876517602e-14,2.6826078447662853e-14,1.1143540192044449e-14,2.515679639703444e-08,1.966149108828483e-08,0.20593045233466134,0.15194105394812996,1.930116071521197e-16,7.77283339931021e-17,6.720319243127784e-14,2.6261590471186152e-14,2.894652667538041e-18,3.2033627444500437e-18,8.877214890783212e-16,9.063332930833718e-16,5.708747839081484e-11,5.4095967292402883e-11,1.2824829051273136e-12,1.2152779426319086e-12,1.7166294679448152e-05,1.5176162166035102e-05,0.2084728807477095,0.17272404963115406,0.41881546200358405,0.19874601319163518,0.08519843245910946,0.025732319294715703,6.534975852616905e-08,2.993404025752936e-08,4.847282910685787e-06,2.145802343754291e-06,3.6106981335256277e-10,1.546472683993395e-10,3.497512299330557e-12,1.4979948566246564e-12,8.683118302999735e-07,3.6020101280248465e-07,4.0108974626256256e-12,2.129950632180964e-12,0.0004715352826973837,0.0002407107019656775,5.705535834579217e-08,2.8040271946003313e-08,0.002852046121701972,0.0013512962742880416,5.01503634809658e-07,2.2937042232668548e-07,0.0005416058622973445,0.00023940805368267198,1.4893005033256146e-10,4.824810180635447e-11,5.0839021844063116e-06,1.6075122787238874e-06,1.7423912503348075e-10,5.509380841050456e-11,5.022562951934093e-19,4.766165160855256e-19,1.0091635603943294e-17,8.933570137014338e-18,2.0154766309275327e-14,1.6719479836184907e-14,2.305344906726646e-09,1.7992213206238565e-09,1.6269402045385468e-12,7.451317710254083e-13,2.445137894369635e-15,1.0831387143957498e-15,3.2441531480985394e-23,9.373140791767936e-24,2.6460503778953325e-15,7.991088937532792e-16,2.067049166895481e-18,8.858941869502104e-19,1.1665918908005022e-17,5.959829993478014e-18,6.633316963127331e-10,3.2624044819958793e-10,8.742529578571687e-16,4.145155898568729e-16,1.0231217483974816e-17,3.3142317531556716e-18,1.6966469124092334e-19,5.241546219381792e-20,1.9835882681158916e-14,6.128010201479765e-15,6.816930391289785e-11,2.1059924406732062e-11,5.411628062833738e-17,1.711952565415967e-17,0.010328643889272602,0.004900687471221723,9.99999999999935e-31,3.3271474187875175e-31,2.759313158705038e-09,8.511839078693385e-10,2.901886027492221e-06,8.747020298641134e-07,3.045260869669995e-10,9.4035235704544e-11,5.505506242373469e-13,1.6611566835246962e-13
0.5670000000000001,1239.7482758524166,5.390308723131562,0.26081334939216405,2.160374308268327,0.06736356352757726,0.4441311287409947,1.460690098172549e-07,1.92607964326765e-06,8.703295242965547e-14,7.230487273813536e-14,2.6751501984162873e-14,1.1112250547183514e-14,2.5117738047816578e-08,1.9630416006518797e-08,0.20590870627023836,0.15192076251731582,1.924692231603e-16,7.750774221501801e-17,6.70644048770791e-14,2.620662267558585e-14,2.8827830701502888e-18,3.1901381004882302e-18,8.846501012322662e-16,9.031722649792064e-16,5.694673290511827e-11,5.3961088825283094e-11,1.2790993480305796e-12,1.2120378117290775e-12,1.714563527493381e-05,1.515747416675729e-05,0.20846032535908807,0.17270881955546133,0.4188467599063939,0.19875530964825514,0.08520040959094338,0.025732197159464506,6.530854821496608e-08,2.991432732015335e-08,4.847491927106445e-06,2.1458348895556478e-06,3.6051942700817045e-10,1.5440722020114575e-10,3.4910495845900536e-12,1.4951850623259156e-12,8.674500653471417e-07,3.5983346930509973e-07,3.994745842263618e-12,2.1213141645561064e-12,0.0004704387125087419,0.0002401442089468927,5.6906565934129055e-08,2.7966365094560767e-08,0.002848218878552529,0.0013494452101009606,5.006918154161372e-07,2.2899272323925445e-07,0.0005412939110906133,0.0002392634726685758,1.4863320005690627e-10,4.8150586811264855e-11,5.079615622134946e-06,1.6061119873873996e-06,1.7398027237287705e-10,5.501042240466974e-11,5.004835515382527e-19,4.749209942375156e-19,1.007054952202974e-17,8.91465459932548e-18,2.0132101633969814e-14,1.6700211433572352e-14,2.3055780597641946e-09,1.7993529896292451e-09,1.6250145054733084e-12,7.44229005736721e-13,2.4393981498554902e-15,1.0805659375095733e-15,3.23282975952896e-23,9.340163708619919e-24,2.6412093339915935e-15,7.976245996539762e-16,2.0623455084698666e-18,8.83853590891742e-19,1.1642944791797129e-17,5.947926823969175e-18,6.630485750192723e-10,3.2609208804931085e-10,8.734259478582355e-16,4.1411189834832316e-16,1.0202092881158551e-17,3.3047049498260634e-18,1.6910668940441448e-19,5.2241615270311594e-20,1.9815144658283067e-14,6.121432377450178e-15,6.814086523751396e-11,2.10505502677733e-11,5.4023944546942174e-17,1.708983770009657e-17,0.010328643889238707,0.004900550487549406,9.999999999999346e-31,3.32705441860725e-31,2.7534991732960276e-09,8.49366686547158e-10,2.898822109921919e-06,8.737540636266209e-07,3.041785184622961e-10,9.392528384626191e-11,5.489096539195998e-13,1.656159148414536e-13
0.5680000000000001,1239.654840519253,5.390491344379457,0.26080451345193323,2.1642085977396412,0.06736984043532457,0.4441601284011479,1.4591670329713654e-07,1.924017668842387e-06,8.680465355817105e-14,7.211319686026758e-14,2.66772481501569e-14,1.1081097433637445e-14,2.5078799920372565e-08,1.959943797798299e-08,0.20588701210623106,0.15190052106067642,1.9192920137764126e-16,7.728811937542711e-17,6.692612308213975e-14,2.6151857397883165e-14,2.8709796618079872e-18,3.1769876603408366e-18,8.815938663278697e-16,9.000269458550234e-16,5.680654534286178e-11,5.382675029353045e-11,1.2757297392995523e-12,1.208811162601995e-12,1.7125031968441504e-05,1.5138837855132022e-05,0.20844779860408108,0.17269362604576113,0.418877971475258,0.19876457842112424,0.08520239114496955,0.025732078153508732,6.52674147167706e-08,2.989465274367098e-08,4.8477007766956585e-06,2.1458675087043273e-06,3.599709297031465e-10,1.5416800516402183e-10,3.4846106315946647e-12,1.4923857053937982e-12,8.665908581248917e-07,3.5946703227851106e-07,3.978683980662695e-12,2.1127259893533003e-12,0.0004693464307545771,0.00023957995328366782,5.67583930528303e-08,2.789276876733671e-08,0.002844403047111663,0.001347599749526711,4.998825969302169e-07,2.2861625064060357e-07,0.0005409826950690425,0.00023911924130054328,1.483373919267702e-10,4.8053418204112717e-11,5.075339444050528e-06,1.604715169027286e-06,1.7372219826145379e-10,5.4927291035422056e-11,4.987197025377134e-19,4.73234040153735e-19,1.0049539186893086e-17,8.89580778751964e-18,2.0109493371618235e-14,1.6680992061499425e-14,2.3058106038896263e-09,1.79948430103304e-09,1.6230938187444209e-12,7.433286380343893e-13,2.4336810754375783e-15,1.0780034210667663e-15,3.2215640110445247e-23,9.307355642094828e-24,2.6363846062301844e-15,7.96145371026827e-16,2.057659996674978e-18,8.818209469765888e-19,1.1620051743235725e-17,5.936066145238016e-18,6.627661120619476e-10,3.259440825927117e-10,8.726010556135467e-16,4.137092621856288e-16,1.0173094672377564e-17,3.2952198488415335e-18,1.685514491129764e-19,5.20686347729305e-20,1.97944645439131e-14,6.114873234770572e-15,6.811249391878767e-11,2.1041198921722978e-11,5.3931913487389514e-17,1.7060249077740757e-17,0.010328643889204984,0.004900413851834978,9.999999999999337e-31,3.3269616546605526e-31,2.7477068582219007e-09,8.475563100891874e-10,2.8957668384325374e-06,8.728088169955263e-07,3.038318730889425e-10,9.381562968908184e-11,5.472761657590932e-13,1.6511845817245488e-13
0.5690000000000001,1239.5615518872746,5.3906738466485375,0.26079568386645924,2.168043017025936,0.0673761022631412,0.4441890577507161,1.457647666276253e-07,1.921960818947477e-06,8.657729332250403e-14,7.192231639778074e-14,2.660331498405124e-14,1.1050080015699751e-14,2.503998141996123e-08,1.9568556517972716e-08,0.20586536962788346,0.15188032936986967,1.9139152733304201e-16,7.706945949925344e-17,6.678834426291273e-14,2.6097293514937645e-14,2.859241963214027e-18,3.1639108838280523e-18,8.785526841261538e-16,8.968972311645208e-16,5.666691250745725e-11,5.3692948580497686e-11,1.272373997068247e-12,1.205597915551818e-12,1.7104484501577968e-05,1.5120252990403569e-05,0.20843530038833954,0.1726784689704767,0.418909097066659,0.19877381962932011,0.08520437710348668,0.025731962264183957,6.522635773363968e-08,2.98750163761467e-08,4.8479094586391024e-06,2.1459002002541005e-06,3.5942431129971556e-10,1.539296187847038e-10,3.4781953080138384e-12,1.489596727292218e-12,8.657341963555617e-07,3.59101696362992e-07,3.962711216200399e-12,2.1041857488498766e-12,0.00046825841175764213,0.0002390179214992981,5.661083594394701e-08,2.7819481068706747e-08,0.0028405985683656976,0.0013457598633860935,4.99075965622018e-07,2.2824099800829727e-07,0.0005406722106201907,0.00023897535785728753,1.480426203667491e-10,4.795659411649319e-11,5.071073603965528e-06,1.6033218080207952e-06,1.7346489889628146e-10,5.4844413046784285e-11,4.969646885718632e-19,4.71555596065606e-19,1.0028604190943336e-17,8.877029328709401e-18,2.008694127734002e-14,1.666182150418305e-14,2.306042541709181e-09,1.7996152564345933e-09,1.621178121821875e-12,7.424306570096263e-13,2.427986538862081e-15,1.0754511048009455e-15,3.2103555055299455e-23,9.274715421420481e-24,2.6315761037854614e-15,7.946711794957073e-16,2.052992528545817e-18,8.797962097507719e-19,1.1597239332246435e-17,5.9242477299446465e-18,6.624843048977115e-10,3.2579643042963665e-10,8.717782718215006e-16,4.1330767667382635e-16,1.0144222090959544e-17,3.2857761955101748e-18,1.6799895154296666e-19,5.1896514764179346e-20,1.977384206974491e-14,6.108332685960918e-15,6.808418967767933e-11,2.103187027278086e-11,5.3840185877491456e-17,1.7030759270650245e-17,0.010328643889171355,0.004900277562681678,9.999999999999312e-31,3.32686912599917e-31,2.741936089571299e-09,8.457527390940569e-10,2.892720168509276e-06,8.718662758914054e-07,3.0348614655213653e-10,9.370627183356171e-11,5.456501117959581e-13,1.6462328353518975e-13
0.5700000000000001,1239.4684093934457,5.390856230319373,0.26078686061610173,2.171877566042852,0.06738234907082898,0.4442179170731964,1.4561319821052368e-07,1.9199090711264082e-06,8.635086621810404e-14,7.173222665223794e-14,2.652970052743632e-14,1.1019197459139526e-14,2.500128195520656e-08,1.9537771144487154e-08,0.2058437786229548,0.15186018723805692,1.9085618664207176e-16,7.685175664741392e-17,6.665106566876488e-14,2.6042929916666225e-14,2.847569498466779e-18,3.1509072346236502e-18,8.75526454814142e-16,8.937830168153728e-16,5.65278312184732e-11,5.3559680585414955e-11,1.2690320400226285e-12,1.202397991417321e-12,1.708399261751337e-05,1.5101719333225194e-05,0.2084228306084633,0.17266334819010412,0.4189401370361211,0.19878303339088388,0.08520636744647203,0.02573184947805672,6.518537697831726e-08,2.985541807051171e-08,4.848117972232968e-06,2.1459329633018507e-06,3.588795617917259e-10,1.536920566169798e-10,3.4718034828755153e-12,1.48681807007666e-12,8.648800678822744e-07,3.5873745624938204e-07,3.9468269095417395e-12,2.095693097220736e-12,0.00046717463200256974,0.000238458101222942,5.646389100056299e-08,2.7746500177607473e-08,0.0028368053893274123,0.0013439255253587961,4.982719087945886e-07,2.2786695929328907e-07,0.0005403624549558512,0.00023883182098165698,1.4774887985511762e-10,4.786011269771489e-11,5.066818056270058e-06,1.601931888928094e-06,1.7320837048282524e-10,5.476178718561835e-11,4.952184502925698e-19,4.698856044729557e-19,1.0007744128305023e-17,8.858318851591046e-18,2.0064445108101595e-14,1.6642699547391648e-14,2.30627387581047e-09,1.799745857413299e-09,1.619267392359322e-12,7.415350518388993e-13,2.4223144114215862e-15,1.072908930027317e-15,3.199203852222268e-23,9.242241894386471e-24,2.6267837472165455e-15,7.932020001269978e-16,2.048343001667544e-18,8.777793340042177e-19,1.1574507131224584e-17,5.912471352050271e-18,6.622031510008896e-10,3.2564913016804315e-10,8.709575873971158e-16,4.129071372209109e-16,1.0115474372933295e-17,3.2763737360618623e-18,1.6744917832860972e-19,5.172524944906321e-20,1.9753276966747646e-14,6.101810643324521e-15,6.805595223685237e-11,2.1022564225645238e-11,5.3748760156226414e-17,1.7001367765999142e-17,0.010328643889137906,0.004900141618679795,9.999999999999316e-31,3.3267768316660135e-31,2.7361867500951175e-09,8.43955936222184e-10,2.889682062144406e-06,8.709264281973383e-07,3.0314133467165267e-10,9.359720891577686e-11,5.440314454351942e-13,1.6413037653383302e-13
0.5710000000000001,1239.3754124877555,5.391038495746441,0.26077804368248836,2.175712244706281,0.06738858091732301,0.4442467066478789,1.4546199645449826e-07,1.9178624030269416e-06,8.612536678395566e-14,7.15429229626827e-14,2.6456402843930634e-14,1.0988448939097194e-14,2.496270093918776e-08,1.950708137920452e-08,0.20582223887994647,0.15184009445955932,1.9032316504922256e-16,7.663500493430913e-17,6.651428456414975e-14,2.5988765499240368e-14,2.8359617963883515e-18,3.137976181743699e-18,8.725150796112618e-16,8.906841997937793e-16,5.638929832350881e-11,5.3426943234975274e-11,1.2657037875180141e-12,1.1992113116936254e-12,1.706355606119613e-05,1.508323664594457e-05,0.20841038916590246,0.17264826356982604,0.4189710917365753,0.19879221982330697,0.08520836215503474,0.025731739782130884,6.514447216134498e-08,2.983585767884972e-08,4.848326316744808e-06,2.145965796939603e-06,3.583366712224166e-10,1.5345531423743873e-10,3.4654350260474192e-12,1.484049676181359e-12,8.640284606188811e-07,3.5837430666059205e-07,3.931030419028207e-12,2.0872476874820746e-12,0.0004660950671741887,0.00023790047967929223,5.631755458939773e-08,2.767382426052983e-08,0.0028330234548839196,0.001342096708129586,4.974704134258244e-07,2.2749412830024584e-07,0.0005400534249507229,0.00023868862916882555,1.4745616490482845e-10,4.7763972108945235e-11,5.0625727555297725e-06,1.6005453963752838e-06,1.7295260926178075e-10,5.467941221045599e-11,4.934809289641972e-19,4.682240084701744e-19,9.986958596631116e-18,8.839675988105819e-18,2.0042004622302386e-14,1.6623625978207074e-14,2.306504608766626e-09,1.799876105543264e-09,1.617361608140795e-12,7.406418117642215e-13,2.416664563911444e-15,1.0703768378582287e-15,3.1881086620144616e-23,9.2099339138321e-24,2.6220074515113824e-15,7.9173780631413195e-16,2.043711314501343e-18,8.757702749159023e-19,1.1551854715919067e-17,5.900736787305869e-18,6.619226478583538e-10,3.2550218042369293e-10,8.701389932415318e-16,4.125076392311679e-16,1.0086850761921331e-17,3.2670122192533657e-18,1.6690211109697113e-19,5.1554833031748015e-20,1.973276896881791e-14,6.095307020115504e-15,6.802778132060457e-11,2.1013280685625078e-11,5.3657634773642113e-17,1.6972074054654e-17,0.010328643889104575,0.0049000060184376274,9.999999999999316e-31,3.326684770716247e-31,2.730458720884781e-09,8.421658636341145e-10,2.8866524788406218e-06,8.699892610527173e-07,3.0279743325704957e-10,9.348843956937897e-11,5.424201200628088e-13,1.636397227705009e-13
0.5720000000000001,1239.2825606301226,5.391220643265319,0.2607692330481668,2.1795470529323544,0.06739479786088227,0.4442754267507893,1.4531115977381107e-07,1.9158207923829482e-06,8.590078959908848e-14,7.13544007026754e-14,2.6383420015036812e-14,1.0957833638352838e-14,2.4924237788859295e-08,1.947648674701342e-08,0.20580075018799704,0.15182005082967193,1.8979244841716706e-16,7.641919852342611e-17,6.637799822786751e-14,2.5934799164775373e-14,2.8244183902414385e-18,3.1251171992295093e-18,8.695184606828386e-16,8.876006780752148e-16,5.625131069548756e-11,5.3294733480722976e-11,1.2623891595224868e-12,1.1960377984775005e-12,1.7043174579053426e-05,1.5064804692327486e-05,0.208397975965799,0.17263321497842873,0.4190019615183089,0.19880137904336675,0.08521036121158296,0.025731633163879778,6.510364299124089e-08,2.981633505245715e-08,4.848534491411692e-06,2.145998700252185e-06,3.577956296784461e-10,1.5321938724279227e-10,3.459089808140942e-12,1.4812914883769206e-12,8.63179362530691e-07,3.580122423433403e-07,3.915321104233712e-12,2.0788491733775855e-12,0.00046501969259159866,0.00023734504390999025,5.617182306205901e-08,2.7601451477027127e-08,0.0028292527082524038,0.0013402733836033207,4.966714662418946e-07,2.2712249872096987e-07,0.0005397451172080862,0.00023854578079516534,1.4716447006072911e-10,4.766817052226952e-11,5.058337656457456e-06,1.599162315044228e-06,1.726976115016763e-10,5.4597286889116596e-11,4.917520664151445e-19,4.665707516997314e-19,9.966247196740004e-18,8.821100373111129e-18,2.0019619579486198e-14,1.660460058477267e-14,2.306734743136829e-09,1.8000060023924475e-09,1.6154607470591557e-12,7.397509260827198e-13,2.4110368677513433e-15,1.0678547696990779e-15,3.177069548809338e-23,9.17779034154848e-24,2.6172471303867957e-15,7.902785710756096e-16,2.0390973663208704e-18,8.737689880258557e-19,1.1529281665115168e-17,5.8890438130852696e-18,6.616427929690527e-10,3.253555798196846e-10,8.693224802493489e-16,4.121091781083477e-16,1.0058350508400739e-17,3.2576913961258493e-18,1.663577315802865e-19,5.1385259750211516e-20,1.971231781222549e-14,6.0888217303629075e-15,6.799967665469502e-11,2.1004019558571337e-11,5.3566808189772706e-17,1.6942877630817655e-17,0.010328643889071319,0.00489987076057809,9.999999999999302e-31,3.3265929422149576e-31,2.724751881812965e-09,8.403824831258472e-10,2.883631376112412e-06,8.690547610038023e-07,3.0245443811103433e-10,9.337996242656525e-11,5.408160890425245e-13,1.6315130784411753e-13
0.5730000000000001,1239.1898532629898,5.391402673261196,0.2607604286932904,2.1833819906374776,0.06740099996048989,0.4443040776615186,1.4516068660168068e-07,1.913784217180143e-06,8.567712928487522e-14,7.116665528180466e-14,2.631075012663297e-14,1.0927350741654312e-14,2.4885891924775018e-08,1.944598677569067e-08,0.20577931233885188,0.15180005614529501,1.8926402269697429e-16,7.620433161491747e-17,6.624220397193462e-14,2.588102982855999e-14,2.8129388166732663e-18,3.1123297649609163e-18,8.665365006319362e-16,8.845323501006398e-16,5.611386522413443e-11,5.316304829068268e-11,1.259088076569332e-12,1.192877374415633e-12,1.7022847919222774e-05,1.5046423237680454e-05,0.2083855909045958,0.17261820227710337,0.41903274673080493,0.1988105111669247,0.08521236459596995,0.025731529609943234,6.50628891874296e-08,2.9796850047603302e-08,4.848742495584648e-06,2.146031672369557e-06,3.5725642738132975e-10,1.529842712881911e-10,3.452767701164498e-12,1.4785434500419524e-12,8.623327617135119e-07,3.576512580989858e-07,3.89969834518539e-12,2.0704972195717247e-12,0.0004639484855399993,0.0002367917819624757,5.602669291735726e-08,2.7529380059319097e-08,0.0028254930985847568,0.0013384555265001275,4.958750549871765e-07,2.267520647138866e-07,0.0005394375291455782,0.00023840327459682614,1.4687378992224816e-10,4.757270612777676e-11,5.0541127143598355e-06,1.597782629805121e-06,1.7244337348206096e-10,5.4515409993093684e-11,4.900318047508377e-19,4.649257780771966e-19,9.945609531262628e-18,8.802591643134486e-18,1.999728974120824e-14,1.6585623156921992e-14,2.3069642814616663e-09,1.8001355495093127e-09,1.6135647872028531e-12,7.388623841823325e-13,2.4054311972298154e-15,1.0653426682364762e-15,3.166086131932532e-23,9.145810055196494e-24,2.6125027068751157e-15,7.888242702472808e-16,2.0345010569575417e-18,8.717754291211753e-19,1.1506787560157746e-17,5.877392208109171e-18,6.613635838493776e-10,3.2520932698732887e-10,8.685080395318822e-16,4.1171174935926037e-16,1.0029972865706107e-17,3.248411018692039e-18,1.6581602189745846e-19,5.1216523962900587e-20,1.969192323269742e-14,6.0823546879368525e-15,6.797163796665466e-11,2.0994780750858974e-11,5.3476278876200754e-17,1.6913777992430302e-17,0.010328643889038234,0.004899735843712269,9.99999999999931e-31,3.326501345219173e-31,2.719066119309098e-09,8.38605758522378e-10,2.880618717892152e-06,8.68122916532396e-07,3.0211234515100757e-10,9.32717761550958e-11,5.392193071117317e-13,1.6266511777062677e-13
0.5740000000000001,1239.0972898500909,5.391584586072939,0.2607516306002591,2.1872170577382968,0.06740718727380225,0.4443326596531837,1.450105753760608e-07,1.9117526554835312e-06,8.545438050696796e-14,7.097968214784365e-14,2.6238391290227685e-14,1.089699944462912e-14,2.4847662772337866e-08,1.9415580997029256e-08,0.20575792512473445,0.15178011020455257,1.887378739778383e-16,7.599039846620983e-17,6.610689911941485e-14,2.5827456410595004e-14,2.8015226173116584e-18,3.099613362445528e-18,8.635691032332973e-16,8.814791155324298e-16,5.5976958830144587e-11,5.303188466319383e-11,1.2558004598923253e-12,1.1897299628419907e-12,1.7002575831757383e-05,1.5028092049149613e-05,0.20837323388717227,0.17260322533499328,0.4190634477207377,0.1988196163095326,0.08521437228967384,0.025731429107591335,6.50222104641912e-08,2.9777402518412213e-08,4.84895032854937e-06,2.1460647124042575e-06,3.567190545819327e-10,1.5274996204323242e-10,3.446468577837255e-12,1.4758055048806404e-12,8.614886463207234e-07,3.572913487560715e-07,3.884161512695663e-12,2.062191485912714e-12,0.00046288142167696787,0.00023624068105756365,5.588216058323329e-08,2.745760820534633e-08,0.0028217445708831534,0.0013366431095885444,4.950811667477876e-07,2.2638282013916257e-07,0.0005391306575589539,0.0002382611090368266,1.465841191189529e-10,4.747757712601139e-11,5.049897884617318e-06,1.596406325564491e-06,1.7218989152343575e-10,5.4433780307442235e-11,4.883200867659595e-19,4.632890321858896e-19,9.92504520683015e-18,8.78414943837804e-18,1.9975014870456927e-14,1.6566693485828752e-14,2.3071932262678834e-09,1.8002647484406363e-09,1.6116737067850098e-12,7.379761755151026e-13,2.399847424571931e-15,1.0628404752619512e-15,3.155158030388389e-23,9.113991931782728e-24,2.607774093138362e-15,7.873748763933314e-16,2.0299222871938925e-18,8.697895544113263e-19,1.1484371986003369e-17,5.865781753028175e-18,6.610850180275549e-10,3.250634205659359e-10,8.676956621322543e-16,4.1131534846192693e-16,1.0001717095947636e-17,3.2391708418779437e-18,1.6527696398430296e-19,5.104861997313213e-20,1.9671584969779848e-14,6.075905807943344e-15,6.794366498576478e-11,2.098556416954465e-11,5.338604531579954e-17,1.688477464121947e-17,0.01032864388900529,0.0048996012664776715,9.999999999999305e-31,3.3264099788038753e-31,2.7134013160924164e-09,8.3683565251754e-10,2.8776144634022947e-06,8.671937147089053e-07,3.0177115025363026e-10,9.31638794110322e-11,5.376297286333579e-13,1.6218113845685523e-13
0.5750000000000001,1239.0048698489977,5.391766382059856,0.2607428387504892,2.1910522541517135,0.06741335985866055,0.44436117299983313,1.4486082454261035e-07,1.9097260854654677e-06,8.523253796479381e-14,7.079347677760203e-14,2.6166341625783877e-14,1.0866778946585445e-14,2.480954975958112e-08,1.9385268944991074e-08,0.20573658833920455,0.1517602128065499,1.8821398843613017e-16,7.577739337103485e-17,6.597208101296895e-14,2.5774077838781688e-14,2.7901693372771643e-18,3.0869674791531475e-18,8.606161728554006e-16,8.784408746590448e-16,5.584058845130091e-11,5.290123961344308e-11,1.2525262312067479e-12,1.186595487563264e-12,1.6982358067669903e-05,1.5009810894788062e-05,0.20836090481530417,0.1725882840186389,0.4190940648328871,0.1988286945857215,0.08521638427402736,0.02573133164404156,6.49816065387817e-08,2.975799232040952e-08,4.849157989623259e-06,2.14609781948199e-06,3.561835016010096e-10,1.525164552084267e-10,3.4401923117261627e-12,1.4730775969727567e-12,8.606470045661759e-07,3.5693250916945064e-07,3.868709992606404e-12,2.0539316402922286e-12,0.0004618184779953799,0.00023569172910031528,5.573822255359577e-08,2.7386134145846356e-08,0.002818007072183008,0.0013348361066067658,4.942897889633691e-07,2.260147590200664e-07,0.000538824499493852,0.00023811928268896839,1.462954523162165e-10,4.738278172952975e-11,5.045693122914654e-06,1.5950333873288712e-06,1.7193716195934429e-10,5.435239662163743e-11,4.866168556220088e-19,4.616604589681213e-19,9.904553832043333e-18,8.765773400869543e-18,1.9952794731085378e-14,1.6547811363439038e-14,2.307421580067106e-09,1.8003936007201456e-09,1.6097874841140316e-12,7.370922895794298e-13,2.3942854261876993e-15,1.0603481344330341e-15,3.1442848705182693e-23,9.08233486972637e-24,2.603061212051766e-15,7.859303653187518e-16,2.0253609584179166e-18,8.678113203748751e-19,1.1462034529836139e-17,5.854212229681254e-18,6.608070930454507e-10,3.2491785920182404e-10,8.668853391815999e-16,4.109199709372436e-16,9.97358246520622e-18,3.2299706219472443e-18,1.6474054026798817e-19,5.088154223710335e-20,1.9651302763552817e-14,6.069475005674201e-15,6.791575744266772e-11,2.0976369722125136e-11,5.32961059998891e-17,1.6855867081701605e-17,0.010328643888972465,0.004899467027510059,9.999999999999307e-31,3.326318842042876e-31,2.7077573573683398e-09,8.350721285802213e-10,2.8746185739405626e-06,8.662671432322238e-07,3.0143084934183537e-10,9.305627086506031e-11,5.360473085314695e-13,1.6169935598179268e-13
0.5760000000000001,1238.9125927243726,5.391948061570029,0.26073405312594605,2.1948875797948775,0.06741951777234538,0.44438961797281656,1.447114325592128e-07,1.9077044854707047e-06,8.501159640331401e-14,7.060803468688785e-14,2.60945992713113e-14,1.0836688454525723e-14,2.4771552319273166e-08,1.9355050157406584e-08,0.20571530177706018,0.15174036375173924,1.8769235237083258e-16,7.556531067390263e-17,6.583774701622005e-14,2.572089304952719e-14,2.778878526080436e-18,3.0743916075164014e-18,8.576776147661312e-16,8.75417528709362e-16,5.570475105184098e-11,5.27711101824849e-11,1.2492653129047802e-12,1.1834738730472413e-12,1.6962194380055178e-05,1.4991579544591075e-05,0.2083486035927209,0.1725733781966654,0.4191245984099974,0.19883774610950916,0.08521840053044935,0.025731237206602916,6.494107713025728e-08,2.973861931006957e-08,4.849365478132139e-06,2.146130992737514e-06,3.556497588364239e-10,1.5228374651871984e-10,3.433938777446947e-12,1.4703596708638552e-12,8.598078247602928e-07,3.565747342362794e-07,3.8533431709428795e-12,2.0457173507681838e-12,0.00046075963100594735,0.00023514491375308308,5.559487533614392e-08,2.7314956118790292e-08,0.0028142805493653025,0.0013330344912301005,4.935009090851454e-07,2.2564787538724333e-07,0.0005385190519481361,0.00023797779410696722,1.4600778422118203e-10,4.7288318164964595e-11,5.041498385231171e-06,1.5936638002062812e-06,1.7168518115447022e-10,5.427125773545019e-11,4.849220550145335e-19,4.6004000388506945e-19,9.884135018783719e-18,8.747463175647341e-18,1.9930629088900497e-14,1.6528976583421916e-14,2.307649345355647e-09,1.8005221078735687e-09,1.6079060976738333e-12,7.362107159589104e-13,2.3887450770795447e-15,1.0578655887993274e-15,3.133466278863451e-23,9.050837768266203e-24,2.598363980304162e-15,7.844907109688472e-16,2.0208169728210573e-18,8.658406838467374e-19,1.1439774782201057e-17,5.8426834216910815e-18,6.605298064585951e-10,3.2477264154926734e-10,8.660770618607788e-16,4.10525612332008e-16,9.945568246221403e-18,3.2208101173806326e-18,1.6420673308465835e-19,5.071528518414458e-20,1.963107635627875e-14,6.063062197133571e-15,6.788791506972162e-11,2.0967197316707288e-11,5.3206459431847106e-17,1.6827054822371692e-17,0.010328643888939807,0.004899333125457615,9.999999999999314e-31,3.326227934018392e-31,2.7021341287210485e-09,8.333151503067138e-10,2.871631010523597e-06,8.653431897220637e-07,3.0109143836137045e-10,9.29489491955137e-11,5.344720020824312e-13,1.6121975653402444e-13
0.577,1238.8204579432777,5.392129624951256,0.26072527370861387,2.198723034585185,0.067425661071843,0.4444179948420664,1.4456239789110773e-07,1.9056878339501012e-06,8.47915506046317e-14,7.042335142344955e-14,2.6023162378772313e-14,1.080672718143255e-14,2.4733669887574577e-08,1.9324924174903398e-08,0.20569406523423547,0.15172056284168137,1.8717295218325788e-16,7.535414476183997e-17,6.570389451007947e-14,2.5667900986278764e-14,2.767649737122785e-18,3.061885244373564e-18,8.547533349946105e-16,8.724089797104466e-16,5.556944361736199e-11,5.264149343235023e-11,1.2460176279284969e-12,1.1803650443010211e-12,1.694208452332291e-05,1.4973397769801145e-05,0.20833633012359665,0.17255850773834755,0.41915504879274296,0.19884677099417117,0.08522042104059828,0.02573114578269483,6.49006219584263e-08,2.9719283344303177e-08,4.849572793407401e-06,2.1461642313110862e-06,3.551178167460835e-10,1.5205183173601165e-10,3.4277078504443637e-12,1.4676516714694537e-12,8.58971095278777e-07,3.5621801888264195e-07,3.838060440625927e-12,2.0375482891254492e-12,0.0004597048575713716,0.00023460022286096442,5.54521154630744e-08,2.7244072374610315e-08,0.002810564949509793,0.001331238237236801,4.927145146186302e-07,2.2528216329798786e-07,0.0005382143119113748,0.0002378366418416445,1.4572110957562147e-10,4.7194184670656875e-11,5.037313627792735e-06,1.5922975493892916e-06,1.7143394549607745e-10,5.4190362456179643e-11,4.832356290981752e-19,4.584276128450316e-19,9.863788381530761e-18,8.729218410145694e-18,1.9908517710831482e-14,1.6510188940461504e-14,2.3078765246150953e-09,1.800650271417175e-09,1.6060295260587495e-12,7.353314442917143e-13,2.383226254137582e-15,1.0553927822606506e-15,3.122701886412001e-23,9.019499539715797e-24,2.5936823176464583e-15,7.83055888220804e-16,2.0162902332991648e-18,8.638776019746982e-19,1.1417592336313585e-17,5.831195114104535e-18,6.602531558356629e-10,3.246277662698879e-10,8.652708213937352e-16,4.1013226821531916e-16,9.917673717141118e-18,3.2116890884668166e-18,1.6367552501616252e-19,5.05498433206568e-20,1.9610905491799907e-14,6.056667298845092e-15,6.786013760079895e-11,2.0958046861923088e-11,5.311710412450098e-17,1.6798337374859075e-17,0.010328643888907262,0.00489919955897563,9.999999999999309e-31,3.3261372538174933e-31,2.696531516384477e-09,8.315646815033145e-10,2.8686517342345394e-06,8.644218418227528e-07,3.0075291327926914e-10,9.284191308779858e-11,5.329037648644292e-13,1.60742326396298e-13
0.578,1238.7284649757594,5.39231107254958,0.26071650048056744,2.2025586184402797,0.06743178981382457,0.4444463038760126,1.444137190128001e-07,1.9036761094859535e-06,8.45723953901991e-14,7.02394225688064e-14,2.5952029114144973e-14,1.077689434629424e-14,2.4695901904403154e-08,1.9294890541192613e-08,0.2056728785077806,0.1517008098790478,1.8665577438105658e-16,7.514389006599936e-17,6.557052089422124e-14,2.561510060010012e-14,2.756482527762982e-18,3.0494478910416013e-18,8.518432403478794e-16,8.694151305044456e-16,5.543466315581546e-11,5.2512386446987655e-11,1.2427830998011435e-12,1.177268926900596e-12,1.6922028253433052e-05,1.4955265343117173e-05,0.2083240843126268,0.17254367251369274,0.4191854163197324,0.19885576935226648,0.08522244578638977,0.025731057359855296,6.486024074458242e-08,2.969998428079637e-08,4.849779934787977e-06,2.146197534349575e-06,3.545876658539492e-10,1.5182070665173548e-10,3.421499407055313e-12,1.464953544102093e-12,8.581368045693897e-07,3.5586235806638995e-07,3.822861199885136e-12,2.0294241300327886e-12,0.00045865413471497487,0.00023405764435412775,5.530993949221527e-08,2.7173481176755694e-08,0.0028068602200044496,0.0013294473185599914,4.919305931482758e-07,2.249176168475265e-07,0.000537910276387199,0.0002376958244508312,1.4543542315804906e-10,4.710037949734114e-11,5.033138807084082e-06,1.5909346201590646e-06,1.7118345139445897e-10,5.4109709598798186e-11,4.815575224945468e-19,4.568232322108211e-19,9.84351353749777e-18,8.711038754315206e-18,1.9886460365208928e-14,1.6491448230489754e-14,2.308103120312455e-09,1.8007780928580952e-09,1.6041577479958797e-12,7.344544642808732e-13,2.377728835147042e-15,1.0529296591274226e-15,3.1119913272555325e-23,8.988319105581741e-24,2.589016144333406e-15,7.816258721112801e-16,2.0117806434649654e-18,8.619220322247484e-19,1.1395486788222328e-17,5.819747093475921e-18,6.599771387583499e-10,3.2448323203262897e-10,8.644666090558541e-16,4.09739934182574e-16,9.889898161713961e-18,3.202607297364577e-18,1.63146898787312e-19,5.038521119836967e-20,1.9590789915544076e-14,6.05029022785412e-15,6.783242477127134e-11,2.0948918266927108e-11,5.302803860084701e-17,1.6769714254155614e-17,0.010328643888874816,0.004899066326727115,9.999999999999297e-31,3.326046800532484e-31,2.690949407378821e-09,8.298206862284325e-10,2.8656807063668238e-06,8.635030872466392e-07,3.0041527008711603e-10,9.27351612354089e-11,5.313425527913768e-13,1.6026705195573719e-13
0.579,1238.6366132966996,5.392492404704693,0.26070773342419395,2.2063943312780454,0.06743790405454944,0.4444745453411096,1.4426539440715394e-07,1.9016692907806892e-06,8.435412562041093e-14,7.005624373792592e-14,2.5881197659145892e-14,1.0747189174822306e-14,2.4658247813437156e-08,1.92649488030772e-08,0.2056517413957471,0.1516811046675916,1.8614080557975807e-16,7.493454106229307e-17,6.54376235857437e-14,2.556249084915545e-14,2.7453764593499343e-18,3.037079053352217e-18,8.489472384379218e-16,8.664358847762497e-16,5.530040669800643e-11,5.238378633274835e-11,1.2395616526265216e-12,1.1741854469905185e-12,1.690202532787472e-05,1.4937182038680716e-05,0.20831186606585025,0.17252887239418496,0.4192157013274291,0.1988647412956732,0.0852244747502049,0.025730971925813275,6.481993321065187e-08,2.9680721977630426e-08,4.8499869016151636e-06,2.1462309010049654e-06,3.5405929674565035e-10,1.515903670850265e-10,3.415313324482088e-12,1.4622652344602848e-12,8.573049411526735e-07,3.5550774677756043e-07,3.8077448507539255e-12,2.021344550243927e-12,0.00045760743944144895,0.00023351716615639746,5.516834399641245e-08,2.710318079648437e-08,0.002803166308062324,0.0013276617090592702,4.911491322550829e-07,2.2455423013141663e-07,0.0005376069423206217,0.00023755534046733656,1.4515071978249243e-10,4.700690090776059e-11,5.028973879834191e-06,1.5895749978812762e-06,1.7093369528588514e-10,5.402929798690027e-11,4.798876803070632e-19,4.552268088138723e-19,9.823310106703248e-18,8.692923860688277e-18,1.986445682170634e-14,1.6472754250643498e-14,2.3083291349005013e-09,1.8009055736952665e-09,1.602290742339002e-12,7.335797656917369e-13,2.3722526985247668e-15,1.050476164004229e-15,3.1013342382826056e-23,8.957295395678778e-24,2.5843653800868677e-15,7.802006375236506e-16,2.0072881076581182e-18,8.599739323856042e-19,1.1373457736827147e-17,5.808339147877832e-18,6.597017528209829e-10,3.243390375136789e-10,8.63664416159017e-16,4.093486058485224e-16,9.862240869514553e-18,3.1935645081763365e-18,1.6262083723805363e-19,5.022138340575321e-20,1.9570729374788668e-14,6.043930901811303e-15,6.780477631799174e-11,2.09398114413985e-11,5.2939261393884273e-17,1.6741184978568052e-17,0.010328643888842498,0.004898933427384622,9.999999999999309e-31,3.3259565732621412e-31,2.6853876890132834e-09,8.280831286394707e-10,2.86271788788125e-06,8.625869136107825e-07,3.000785047938829e-10,9.262869233774572e-11,5.297883220517067e-13,1.5979391968540704e-13
0.58,1238.5449023713818,5.392673621786115,0.260698972520444,2.21023017301663,0.06744400385059156,0.4445027195053688,1.4411742257229274e-07,1.8996673567423936e-06,8.413673619558258e-14,6.987381057982742e-14,2.5810666202733058e-14,1.0717610895890751e-14,2.4620707061954265e-08,1.9235098510270622e-08,0.20563065369827085,0.15166144701251683,1.856280324859752e-16,7.472609226440686e-17,6.530520002886197e-14,2.5510070702420784e-14,2.734331096660026e-18,3.024778241019645e-18,8.460652374163587e-16,8.634711467800445e-16,5.516667129294596e-11,5.2255690213828685e-11,1.2363532110609573e-12,1.1711145312538518e-12,1.688207550578006e-05,1.4919147632133786e-05,0.20829967528418,0.17251410724693914,0.41924590415117513,0.19887368693551255,0.08522650791275585,0.0257308894677715,6.47796990859502e-08,2.9661496296291403e-08,4.850193693302915e-06,2.1462643304593926e-06,3.5353270011317645e-10,1.5136080890141732e-10,3.40914948109924e-12,1.4595866887556292e-12,8.564754936552033e-07,3.5515418005114625e-07,3.792710809277935e-12,2.0133092340101565e-12,0.0004565647499926122,0.00023297877682537364,5.502732564703178e-08,2.703316955380478e-08,0.0027994831646553802,0.0013258813843800463,4.903701201739753e-07,2.2419199754544738e-07,0.0005373043071674206,0.0002374151886498659,1.44866994309458e-10,4.6913747180080955e-11,5.024818803228676e-06,1.5882186680687156e-06,1.7068467362118312e-10,5.394912644893676e-11,4.78226047971415e-19,4.536382898109852e-19,9.80317771126177e-18,8.67487338372616e-18,1.9842506851782714e-14,1.645410679958433e-14,2.308554570815268e-09,1.8010327154123852e-09,1.6004284881127559e-12,7.327073383701004e-13,2.3667977246924903e-15,1.0480322423948302e-15,3.090730260655419e-23,8.92642735236693e-24,2.5797299503080035e-15,7.78780161061146e-16,2.0028125308146183e-18,8.580332605102225e-19,1.1351504783617972e-17,5.79697106675082e-18,6.594269956334284e-10,3.2419518139698073e-10,8.628642341681257e-16,4.089582789013277e-16,9.834701133848344e-18,3.1845604862601088e-18,1.620973234850825e-19,5.005835461777283e-20,1.955072361703756e-14,6.03758923845401e-15,6.777719197948841e-11,2.0930726295541414e-11,5.285077104740218e-17,1.6712749069918598e-17,0.010328643888810276,0.00489880085961633,9.999999999999297e-31,3.325866571102267e-31,2.6798462528855166e-09,8.263519742236796e-10,2.859763243773937e-06,8.616733097506152e-07,2.997426134879213e-10,9.252250511898776e-11,5.282410297790416e-13,1.5932291634611418e-13
0.581,1238.4533316899556,5.39285472410714,0.26069021775299195,2.2140661435744033,0.06745008925706575,0.4445308266297037,1.4396980200610158e-07,1.8976702862934432e-06,8.392022205400784e-14,6.969211877643644e-14,2.5740432960127048e-14,1.0688158749506077e-14,2.4583279101374993e-08,1.9205339215951696e-08,0.20560961521529092,0.1516418367198311,1.8511744193577173e-16,7.451853823974323e-17,6.517324767253451e-14,2.5457839131115978e-14,2.7233460091536483e-18,3.0125449690502067e-18,8.431971465913137e-16,8.605208219745603e-16,5.503345401884409e-11,5.2128095243033636e-11,1.2331577003831446e-12,1.1680561069861604e-12,1.6862178547763623e-05,1.4901161900578295e-05,0.2082875118788008,0.17249937694863104,0.4192760251230646,0.19888260638249816,0.085228545257549,0.025730809973929663,6.473953809159114e-08,2.9642307094733264e-08,4.8504003091704505e-06,2.1462978218657237e-06,3.5300786665006987e-10,1.5113202796898906e-10,3.403007755732176e-12,1.456917853413792e-12,8.556484507310135e-07,3.5480165293692753e-07,3.777758480563351e-12,2.0053178598478212e-12,0.0004555260427933608,0.00023244246399552494,5.4886881016198955e-08,2.696344572050126e-08,0.0027958107352427644,0.0013241063175711955,4.895935442480789e-07,2.2383091308045388e-07,0.0005370023675587567,0.00023727536739456958,1.4458424162027102e-10,4.682091659989705e-11,5.020673534407483e-06,1.5868656162333303e-06,1.7043638289146842e-10,5.386919382671399e-11,4.765725716021358e-19,4.5205762301606015e-19,9.783115977096477e-18,8.656886981392852e-18,1.982061022776276e-14,1.6435505676847774e-14,2.308779430481395e-09,1.8011595194943808e-09,1.598570964417396e-12,7.318371722035769e-13,2.361363792461762e-15,1.0455978391083967e-15,3.080179035758452e-23,8.895713918909042e-24,2.575109770249741e-15,7.773644162739509e-16,1.99835381877607e-18,8.560999750540663e-19,1.1329627533337103e-17,5.785642641280737e-18,6.591528648149432e-10,3.2405166237341934e-10,8.620660544299713e-16,4.0856894897684153e-16,9.80727825668337e-18,3.1755949998476994e-18,1.615763404979968e-19,4.9896119465326536e-20,1.953077239386155e-14,6.0312651568333995e-15,6.774967149569727e-11,2.0921662740145108e-11,5.2762566114471595e-17,1.668440605318076e-17,0.010328643888778218,0.004898668622119578,9.999999999999291e-31,3.3257767931684554e-31,2.6743249854585105e-09,8.246271868979623e-10,2.8568167328023537e-06,8.607622626300842e-07,2.9940759219123755e-10,9.241659828373775e-11,5.26700632449771e-13,1.5885402850414592e-13
0.582,1238.3619007326133,5.39303571201067,0.2606814691040859,2.2179022428699797,0.06745616032949014,0.4445588669770478,1.4382253121689885e-07,1.8956780584976083e-06,8.370457816725297e-14,6.951116403816825e-14,2.5670496152608507e-14,1.0658831978339908e-14,2.4545963385735656e-08,1.9175670475433512e-08,0.20558862574819903,0.15162227359648403,1.846090208448464e-16,7.431187358882151e-17,6.504176398786741e-14,2.540579511531941e-14,2.7124207694271383e-18,3.000378756007019e-18,8.4034287575738135e-16,8.5758481633285095e-16,5.490075196919073e-11,5.200099858821264e-11,1.2299750463339405e-12,1.1650101019352363e-12,1.6842334215502674e-05,1.4883224622098389e-05,0.208275375756004,0.1724846813717108,0.41930606457359626,0.19889149974630715,0.08523058676756821,0.025730733432300118,6.469944995393814e-08,2.9623154233326005e-08,4.850606748591448e-06,2.1463313743983242e-06,3.5248478713359676e-10,1.5090402019246586e-10,3.3968880281429197e-12,1.4542586752719643e-12,8.548238011078137e-07,3.544501605160978e-07,3.762887286005339e-12,1.99737011497741e-12,0.00045449129580510275,0.00023190821608775616,5.4747006764348426e-08,2.689400761207735e-08,0.002792148968475163,0.0013223364831982335,4.88819392368631e-07,2.234709709790423e-07,0.0005367011205474469,0.00023713587528405286,1.443024566347051e-10,4.672840746560388e-11,5.016538030875744e-06,1.5855158280047516e-06,1.701888195980698e-10,5.378949896550054e-11,4.749271976169833e-19,4.5048475654041915e-19,9.763124531841527e-18,8.63896431323629e-18,1.9798766723075724e-14,1.6416950682923715e-14,2.309003716308827e-09,1.801285987412048e-09,1.5967181504688878e-12,7.30969257134716e-13,2.355950784443405e-15,1.0431729006472683e-15,3.069680211545566e-23,8.865154057735915e-24,2.5705047658082004e-15,7.759533799303001e-16,1.993911877918538e-18,8.541740347098805e-19,1.130782559283552e-17,5.774353663772867e-18,6.588793579981651e-10,3.239084791404749e-10,8.612698684143866e-16,4.0818061176998304e-16,9.779971543194875e-18,3.1666678182548974e-18,1.610578716996856e-19,4.973467272028687e-20,1.9510875456854563e-14,6.02495857602242e-15,6.772221460779918e-11,2.0912620686384607e-11,5.267464515668609e-17,1.6656155456119275e-17,0.010328643888746235,0.00489853671358592,9.999999999999274e-31,3.325687238572404e-31,2.668823776840219e-09,8.229087317102712e-10,2.8538783171022885e-06,8.598537602332788e-07,2.9907343699064926e-10,9.231097055684678e-11,5.25167087309574e-13,1.583872429603738e-13
0.583,1238.2706089695353,5.3932165858712855,0.26067272655444845,2.2217384708222396,0.06746221712367648,0.44458684081178135,1.4367560873441804e-07,1.8936906527054098e-06,8.348979955325194e-14,6.933094211481848e-14,2.560085400933871e-14,1.0629629828487512e-14,2.4508759373712985e-08,1.914609184775095e-08,0.20556768510100237,0.1516027574512756,1.841027562289193e-16,7.410609295350005e-17,6.49107464787907e-14,2.535393764814473e-14,2.7015549536271105e-18,2.9882791244684184e-18,8.375023352628911e-16,8.5466303641107545e-16,5.476856225807142e-11,5.1874397437307703e-11,1.2268051752911435e-12,1.1619764444669152e-12,1.6822542272990023e-05,1.4865335576872304e-05,0.20826326681627969,0.17247002038371018,0.4193360228326694,0.19890036713612047,0.0852326324230741,0.025730659830052273,6.465943440974254e-08,2.9604037577217812e-08,4.850813011038524e-06,2.146364987273468e-06,3.5196345247528877e-10,1.5067678153489514e-10,3.390790179537612e-12,1.4516091017965216e-12,8.540015336587417e-07,3.540996979311276e-07,3.748096658107605e-12,1.9894656925730433e-12,0.0004534604878789743,0.0002313760219793527,5.4607699665894463e-08,2.682485360036796e-08,0.0027884978176661523,0.0013205718580403432,4.880476532440853e-07,2.2311216585864948e-07,0.0005364005638391166,0.00023699671118956067,1.4402163432785268e-10,4.663621809387235e-11,5.0124122507057434e-06,1.5841692891946426e-06,1.699419802609574e-10,5.371004071670789e-11,4.732898727705321e-19,4.489196388247368e-19,9.74320300553608e-18,8.621105041004833e-18,1.97769761137706e-14,1.6398441620518112e-14,2.309227430689591e-09,1.8014121206201448e-09,1.5948700257213383e-12,7.301035832172836e-13,2.3505585828038826e-15,1.0407573733280804e-15,3.059233436971573e-23,8.83474673436481e-24,2.56591486238574e-15,7.745470286544882e-16,1.9894866152428178e-18,8.522553984465859e-19,1.128609857200515e-17,5.763103928129628e-18,6.586064728327024e-10,3.237656304040959e-10,8.604756677850594e-16,4.0779326306842597e-16,9.752780302570586e-18,3.1577787121429417e-18,1.605419005460103e-19,4.95740091657034e-20,1.9491032557896204e-14,6.018669415198862e-15,6.769482105893794e-11,2.090360004604941e-11,5.258700674872028e-17,1.6627996810736385e-17,0.010328643888714437,0.0048984051327029595,9.999999999999283e-31,3.325597906423086e-31,2.6633425223979346e-09,8.211965753374707e-10,2.8509479638915963e-06,8.589477920778904e-07,2.9874014407275464e-10,9.220562069423524e-11,5.236403527928908e-13,1.5792254687677122e-13
0.584,1238.1794558973838,5.393397346002927,0.26066399008773844,2.2255748273502873,0.0674682596938905,0.44461474839073556,1.4352903308389255e-07,1.8917080482257984e-06,8.32758812629104e-14,6.915144878491608e-14,2.553150478549961e-14,1.0600551557072844e-14,2.447166652748543e-08,1.9116602894904656e-08,0.20554679307732315,0.15158328809370913,1.835986352250957e-16,7.390119102608455e-17,6.47801926494336e-14,2.530226572317329e-14,2.6907481423875325e-18,2.9762456020844214e-18,8.346754365963406e-16,8.517553899527575e-16,5.463688202709421e-11,5.174828900527256e-11,1.2236480141898312e-12,1.1589550634976254e-12,1.6802802485287354e-05,1.4847494546174674e-05,0.20825118497141126,0.17245539386261166,0.4193659002268229,0.19890920866071166,0.08523468220743627,0.025730589155454193,6.46194911852728e-08,2.9584956986986983e-08,4.851019095868306e-06,2.1463986596693197e-06,3.51443853566643e-10,1.50450307952639e-10,3.3847140913651003e-12,1.4489690805787628e-12,8.531816372581736e-07,3.5375026032845454e-07,3.733386018820501e-12,1.9816042802776393e-12,0.00045243359611039463,0.00023084586965574247,5.446895637881404e-08,2.675598200053397e-08,0.002784857229739568,0.00131881241586518,4.872783145373953e-07,2.2275449186153075e-07,0.0005361006941821563,0.0002368578735612596,1.4374176968866415e-10,4.6544346806547125e-11,5.008296151841957e-06,1.5828259855881518e-06,1.696958614385971e-10,5.363081794454032e-11,4.716605444876854e-19,4.473622189584246e-19,9.723351031843076e-18,8.603308829785558e-18,1.9755238176233402e-14,1.6379978292774958e-14,2.3094505760049503e-09,1.801537920575644e-09,1.5930265696599087e-12,7.292401405265672e-13,2.34518706932949e-15,1.0383512033174626e-15,3.048838362805321e-23,8.80449091980802e-24,2.5613399778911266e-15,7.731453368193909e-16,1.985077938630793e-18,8.50344025624998e-19,1.1264446083686055e-17,5.7518932298432e-18,6.583342069768768e-10,3.23623114876913e-10,8.596834440535656e-16,4.074068985914921e-16,9.725703852483653e-18,3.148927454988489e-18,1.6002841046367288e-19,4.941412357695863e-20,1.94712434530481e-14,6.012397594890682e-15,6.766749059361454e-11,2.089460073150321e-11,5.24996494729974e-17,1.659992965170143e-17,0.01032864388868272,0.00489827387818859,9.999999999999269e-31,3.3255087958500793e-31,2.6578811114326124e-09,8.19490682598862e-10,2.8480256331559237e-06,8.58044345511021e-07,2.984077095403179e-10,9.210054742686424e-11,5.221203864678378e-13,1.5745992715769187e-13
0.585,1238.0884410030535,5.393577992748834,0.2606552596862039,2.2294113123734705,0.06747428809478252,0.44464258997266787,1.4338280280178265e-07,1.8897302245195455e-06,8.306281838077576e-14,6.897267985576206e-14,2.546244674219907e-14,1.0571596423825115e-14,2.4434684311978426e-08,1.9087203181130223e-08,0.20552594948231565,0.15156386533429658,1.8309664504985891e-16,7.369716253186294e-17,6.465010002652505e-14,2.5250778343016016e-14,2.6799999194245107e-18,2.9642777199992687e-18,8.318620917256076e-16,8.488617852079476e-16,5.4505708433245596e-11,5.1622670522183335e-11,1.220503490431691e-12,1.1559458883998253e-12,1.6783114618614674e-05,1.4829701312346266e-05,0.20823913012830028,0.17244080168219242,0.4193956970811184,0.19891802442788756,0.08523673610331438,0.025730521396531657,6.45796200124188e-08,2.956591232579867e-08,4.8512250024943895e-06,2.1464323907867863e-06,3.509259813854306e-10,1.5022459543977504e-10,3.3786596460335743e-12,1.4463385596309671e-12,8.523641008587384e-07,3.53401842887816e-07,3.71875480554631e-12,1.9737855739913854e-12,0.0004514105990482486,0.00023031774784628616,5.433077364958371e-08,2.668739117153646e-08,0.00278122715487593,0.0013170581319876648,4.865113644719685e-07,2.2239794338730829e-07,0.0005358015087599049,0.00023671936104163182,1.4346285774515868e-10,4.645279193846522e-11,5.00418969260405e-06,1.5814859030912693e-06,1.6945045970003427e-10,5.3551829516775925e-11,4.700391604913747e-19,4.45812446323076e-19,9.703568246161121e-18,8.585575346269568e-18,1.973355268807219e-14,1.6361560503889673e-14,2.3096731546214694e-09,1.8016633887215075e-09,1.5911877618944318e-12,7.283789191968676e-13,2.339836129143147e-15,1.0359543382699547e-15,3.038494645715581e-23,8.774385602305033e-24,2.5567800398293584e-15,7.717482816995162e-16,1.980685756494493e-18,8.48439875841144e-19,1.1242867742863881e-17,5.740721365543021e-18,6.580625581025031e-10,3.234809312782183e-10,8.588931888585298e-16,4.0702151411946146e-16,9.698741513808162e-18,3.14011382134885e-18,1.595173852831528e-19,4.925501085507915e-20,1.945150789841119e-14,6.0061430356524776e-15,6.76402229576238e-11,2.088562265551126e-11,5.2412571920692176e-17,1.6571953516545172e-17,0.010328643888651162,0.004898142948755393,9.99999999999927e-31,3.3254199059793234e-31,2.6524394369500924e-09,8.177910194629971e-10,2.845111288344254e-06,8.571434089254068e-07,2.980761295626884e-10,9.19957495064864e-11,5.206071466845345e-13,1.5699937094581526e-13
0.586,1237.9975637746734,5.393758526455215,0.2606465353319548,2.233247925811383,0.06748030238074978,0.44467036581512703,1.4323691643837345e-07,1.8877571612379784e-06,8.285060603331116e-14,6.879463117045733e-14,2.5393678154528133e-14,1.0542763694448288e-14,2.4397812196411327e-08,1.9057892274151663e-08,0.20550515412270018,0.1515444889849471,1.8259677302548028e-16,7.349400223990273e-17,6.452046615954375e-14,2.519947451943043e-14,2.669309872212289e-18,2.9523750136053265e-18,8.290622133381463e-16,8.45982131180205e-16,5.4375038656044513e-11,5.149753924013318e-11,1.2173715320261452e-12,1.1529488491383066e-12,1.6763478441151265e-05,1.4811955659536951e-05,0.2082271021932665,0.17242624371599896,0.4194254137191252,0.1989268145449585,0.08523879409262758,0.025730456541120675,6.453982062722922e-08,2.9546903458805748e-08,4.851430730367058e-06,2.1464661798456925e-06,3.5040982699801194e-10,1.4999964002943894e-10,3.372626727039582e-12,1.4437174874449862e-12,8.515489135189214e-07,3.530544408345321e-07,3.70420245951919e-12,1.966009271707729e-12,0.0004503914752540762,0.00022979164528961202,5.419314826804934e-08,2.6619079494025743e-08,0.0027776075445764053,0.001315308982356122,4.857467915246531e-07,2.2204251495312418e-07,0.0005355030049213889,0.0002365811723470584,1.4318489356798674e-10,4.636155183871751e-11,5.000092831673098e-06,1.580149027730237e-06,1.6920577164003544e-10,5.3473074309678535e-11,4.68425668934347e-19,4.442702707184405e-19,9.683854286636612e-18,8.56790425966757e-18,1.9711919428862367e-14,1.6343188059765995e-14,2.309895168890592e-09,1.801788526490681e-09,1.5893535822127647e-12,7.275199094476514e-13,2.3345056465708695e-15,1.0335667255001875e-15,3.0282019431001116e-23,8.74442977240844e-24,2.5522349721441353e-15,7.703558395010323e-16,1.976309977932833e-18,8.46542908995369e-19,1.12213631675142e-17,5.729588133440329e-18,6.577915238952503e-10,3.23339078334917e-10,8.581048939274902e-16,4.066371054764656e-16,9.671892612723814e-18,3.1313375875505703e-18,1.5900880881215174e-19,4.9096665895126014e-20,1.943182565157938e-14,5.9999056585286664e-15,6.761301789843461e-11,2.087666573140778e-11,5.232577269434421e-17,1.6544067946525e-17,0.010328643888619692,0.004898012343122229,9.999999999999284e-31,3.325331235941055e-31,2.6470173937826063e-09,8.160975524702995e-10,2.842204894265923e-06,8.562449711277758e-07,2.97745400353736e-10,9.189122569905273e-11,5.191005923794367e-13,1.5654086556347362e-13
0.587,1237.9068237190772,5.393938947426114,0.2606378170091439,2.2370846675838365,0.0674863026051167,0.4446980761704716,1.4309137254014758e-07,1.8857888379966264e-06,8.263923937603788e-14,6.861729859743538e-14,2.5325197317610204e-14,1.0514052643164252e-14,2.4361049652769046e-08,1.902866974404714e-08,0.20548440680471647,0.15152515885794082,1.820990065790092e-16,7.32917049628657e-17,6.43912885999832e-14,2.5148353265300163e-14,2.6586775921936615e-18,2.940537022784087e-18,8.262757150799018e-16,8.431163378728604e-16,5.424486989802631e-11,5.1372892433847845e-11,1.2142520674650563e-12,1.149963876155031e-12,1.6743893721840175e-05,1.479425737269598e-05,0.20821510108065885,0.1724117198450277,0.4194550504610937,0.1989355791185074,0.08524085616048765,0.025730394578136865,6.450009275749863e-08,2.952793024755993e-08,4.851636278843244e-06,2.1465000260340927e-06,3.4989538145878786e-10,1.4977543775125075e-10,3.3666152181211258e-12,1.4411058126341835e-12,8.507360642915014e-07,3.5270804939436494e-07,3.6897284178826e-12,1.9582750693141996e-12,0.00044937620234316894,0.00022926755024510692,5.405607694488748e-08,2.6551045310233128e-08,0.002773998345656155,0.0013135649407120308,4.849845834071464e-07,2.2168820072872174e-07,0.0005352051793025766,0.0002364433058803488,1.429078722417943e-10,4.62706248615205e-11,4.9960055276382134e-06,1.5788153455132754e-06,1.689617938816709e-10,5.339455120898147e-11,4.668200185369625e-19,4.427356424944087e-19,9.664208794394238e-18,8.55029524194027e-18,1.9690338178331324e-14,1.6324860766562404e-14,2.3101166211538947e-09,1.80191333531595e-09,1.5875240104233816e-12,7.266631015137911e-13,2.3291955072161103e-15,1.0311883129045056e-15,3.0179599160866203e-23,8.71462243167574e-24,2.5477046972669475e-15,7.689679859828011e-16,1.9719505128054064e-18,8.446530853265423e-19,1.1199931978091667e-17,5.7184933330850845e-18,6.575211020487305e-10,3.2319755477965035e-10,8.573185508776782e-16,4.062536684373667e-16,9.645156482409025e-18,3.1225985322470078e-18,1.5850266500259843e-19,4.89390836379098e-20,1.9412196473238706e-14,5.9936853855661834e-15,6.758587516450614e-11,2.086772987295118e-11,5.2239250403052837e-17,1.6516272485157244e-17,0.01032864388858835,0.00489788206002999,9.999999999999283e-31,3.325242784880427e-31,2.641614872396607e-09,8.144102468264929e-10,2.839306410379426e-06,8.553490193197391e-07,2.9741551806616303e-10,9.178697475238494e-11,5.176006818516523e-13,1.5608439814410364e-13
0.588,1237.8162203184465,5.394119256033468,0.2606291046986483,2.2409215376109053,0.06749228882227422,0.4447257212962836,1.4294616968089595e-07,1.8838252347695471e-06,8.242871360945036e-14,6.844067804309786e-14,2.5257002526613372e-14,1.0485462544325527e-14,2.4324396157235478e-08,1.8999535164209773e-08,0.20546370733803174,0.1515058747675547,1.8160333321655253e-16,7.309026554603477e-17,6.426256494027048e-14,2.5097413609624166e-14,2.6481026736308688e-18,2.928763290609693e-18,8.235025108580534e-16,8.40264315570316e-16,5.411519937665704e-11,5.124872739259499e-11,1.211145025817053e-12,1.1469909004487512e-12,1.6724360231917464e-05,1.477660623879998e-05,0.20820312669254046,0.1723972299394738,0.41948460762758166,0.19894431825446154,0.08524292228758021,0.025730335495062415,6.446043614779064e-08,2.950899256122238e-08,4.851841647450236e-06,2.146533928607163e-06,3.4938263599694784e-10,1.495519847100039e-10,3.3606250047178177e-12,1.4385034845464e-12,8.499255424059703e-07,3.5236266386621346e-07,3.675332139105588e-12,1.9505826740650596e-12,0.000448364760115659,0.00022874545208847118,5.3919556584912083e-08,2.6483287057991388e-08,0.0027703995134346977,0.001311825984825221,4.84224729283584e-07,2.2133499554828543e-07,0.0005349080297484333,0.00023630576057792464,1.4263178891533485e-10,4.6180009382053975e-11,4.991927739858909e-06,1.5774848426899816e-06,1.6871852305587038e-10,5.3316259102980964e-11,4.65222158190497e-19,4.41208512170978e-19,9.644631412109946e-18,8.532747966464054e-18,1.9668808719125803e-14,1.630657843285067e-14,2.3103375137337113e-09,1.8020378166076985e-09,1.5856990266048498e-12,7.258084857537103e-13,2.3239055977098003e-15,1.0288190488415982e-15,3.0077682283550525e-23,8.684962589193608e-24,2.5431891442440953e-15,7.675846989029159e-16,1.9676072714303095e-18,8.427703652755175e-19,1.1178573797666373e-17,5.707436765387644e-18,6.572512902752661e-10,3.230563593534053e-10,8.565341516298326e-16,4.058711989204757e-16,9.618532457742588e-18,3.1138964346765133e-18,1.5799893801010502e-19,4.8782259087928884e-20,1.9392620122710363e-14,5.987482138388402e-15,6.755879450624186e-11,2.085881499444546e-11,5.2153003669035245e-17,1.6488566680152524e-17,0.010328643888557108,0.004897752098200934,9.999999999999269e-31,3.3251545519299725e-31,2.636231772362499e-09,8.127290705485812e-10,2.8364158054902183e-06,8.544555435185266e-07,2.970864790120127e-10,9.168299546346473e-11,5.161073752387374e-13,1.5562995637752426e-13
0.589,1237.7257530783936,5.394299452595701,0.26062039838393647,2.244758535812891,0.06749826108524809,0.44475330144348774,1.4280130642952719e-07,1.8818663314826028e-06,8.22190239638102e-14,6.82647654398191e-14,2.5189092100009413e-14,1.0456992682168155e-14,2.42878511890398e-08,1.8970488110622824e-08,0.2054430555319188,0.15148663652865535,1.8110974055473672e-16,7.288967888064945e-17,6.413429277288748e-14,2.5046654581783215e-14,2.6375847149071277e-18,2.9170533648148916e-18,8.20742515617502e-16,8.37425975638044e-16,5.3986024334283814e-11,5.112504143008091e-11,1.2080503366541388e-12,1.1440298535160762e-12,1.6704877743481523e-05,1.4759002045726195e-05,0.20819117894103012,0.17238277387883716,0.4195140855358972,0.19895303205825887,0.08524499245762361,0.025730279280437304,6.442085053282638e-08,2.9490090264655554e-08,4.852046835607496e-06,2.146567886784112e-06,3.4887158182175535e-10,1.4932927700370135e-10,3.3546559724743e-12,1.4359104526366361e-12,8.49117337087989e-07,3.5201827955053595e-07,3.661013073645329e-12,1.9429317890280973e-12,0.00044735712694605063,0.0002282253394717645,5.3783583989890655e-08,2.641580312500597e-08,0.0027668109974552354,0.0013100920897436087,4.834672173721512e-07,2.2098289381615682e-07,0.0005346115532319059,0.00023616853499264535,1.4235663874982454e-10,4.6089703780166784e-11,4.9878594275734155e-06,1.5761575054842173e-06,1.6847595582763336e-10,5.323819689131432e-11,4.63632037397896e-19,4.396888308602965e-19,9.62512178572909e-18,8.515262109630109e-18,1.9647330834063564e-14,1.6288340867488888e-14,2.3105578489421726e-09,1.8021619717777518e-09,1.5838786108545499e-12,7.249560525411106e-13,2.318635805213511e-15,1.0264588819220376e-15,2.9976265464283066e-23,8.655449262496504e-24,2.538688237157437e-15,7.662059545308187e-16,1.9632801649377655e-18,8.408947096443912e-19,1.1157288251960627e-17,5.69641823269042e-18,6.569820862954587e-10,3.2291549080339563e-10,8.557516879652161e-16,4.054896927814085e-16,9.592019881285272e-18,3.1052310766276393e-18,1.5749761205422985e-19,4.8626187270669006e-20,1.937309636306652e-14,5.9812958398304126e-15,6.75317756752628e-11,2.084992101071e-11,5.2067031121382614e-17,1.646095008159455e-17,0.01032864388852594,0.004897622456384337,9.99999999999925e-31,3.325066536240566e-31,2.630867987789364e-09,8.110539899817858e-10,2.833533041842761e-06,8.535645317725064e-07,2.9675827942682847e-10,9.157928660650066e-11,5.146206318883352e-13,1.5517752771875404e-13
0.59,1237.6354214981288,5.394479537452942,0.2606116980474329,2.2485956621103376,0.0675042194472194,0.4447808168637923,1.426567813699338e-07,1.879912108264285e-06,8.20101657080252e-14,6.808955675291053e-14,2.5121464364739596e-14,1.0428642344590286e-14,2.4251414231118e-08,1.8941528162264924e-08,0.20542245119753103,0.15146744395749712,1.8061821629982565e-16,7.268993989506315e-17,6.400646971541108e-14,2.499607522117123e-14,2.6271233176613967e-18,2.9054067968159166e-18,8.179956448489128e-16,8.346012300154895e-16,5.385734203164789e-11,5.1001831878002313e-11,1.2049679300893861e-12,1.1410806673803272e-12,1.668544603036174e-05,1.4741444582933624e-05,0.20817925773445062,0.17236835153945215,0.4195434845022526,0.1989617206347162,0.0852470666529013,0.025730225922361443,6.438133565396579e-08,2.9471223225796645e-08,4.852251842797126e-06,2.1466018998111545e-06,3.4836221024160415e-10,1.4910731077364037e-10,3.3487080081478117e-12,1.4333266668470621e-12,8.483114376678851e-07,3.516748917922736e-07,3.646770682026129e-12,1.935322122667892e-12,0.0004463532820168351,0.000227707201461634,5.3648156042087355e-08,2.6348591938850047e-08,0.002763232750320954,0.0013083632319697968,4.827120364293274e-07,2.2063189018399645e-07,0.0005343157471436655,0.00023603162786222368,1.420824169502791e-10,4.5999706450250655e-11,4.9838005504416135e-06,1.5748333202564876e-06,1.6823408887892945e-10,5.316036347924341e-11,4.620496059938017e-19,4.3817654999844475e-19,9.605679563360106e-18,8.497837349815187e-18,1.9625904307823357e-14,1.6270147880927383e-14,2.3107776290759757e-09,1.8022858022248459e-09,1.5820627434431321e-12,7.241057923314306e-13,2.313386017510164e-15,1.0241077610423446e-15,2.9875345391681893e-23,8.626081476058368e-24,2.5342019023841602e-15,7.648317298340251e-16,1.958969105036494e-18,8.390260794914332e-19,1.1136074969287565e-17,5.685437538702848e-18,6.567134878443038e-10,3.227749478841892e-10,8.549711517994613e-16,4.051091459404858e-16,9.565618099497246e-18,3.0966022411958722e-18,1.5699867148118752e-19,4.8470863251670875e-20,1.9353624957895308e-14,5.975126412905189e-15,6.750481842479574e-11,2.0841047837078154e-11,5.198133139977403e-17,1.6433422243017374e-17,0.010328643888494943,0.004897493133328143,9.999999999999232e-31,3.324978736962139e-31,2.6255234163288374e-09,8.093849725706686e-10,2.8306580849697776e-06,8.526759731233447e-07,2.964309156151623e-10,9.14758469772991e-11,5.131404119722636e-13,1.547270998738152e-13
0.591,1237.5452250871845,5.394659510924077,0.26060300367259404,2.252432916424015,0.0675101639607217,0.4448082678057825,1.425125930866687e-07,1.8779625452627558e-06,8.180213414040492e-14,6.791504797314852e-14,2.5054117663437308e-14,1.0400410826181593e-14,2.421508476911304e-08,1.8912654900387153e-08,0.20540189414617768,0.15144829687092123,1.8012874825211765e-16,7.24910435567284e-17,6.387909339316948e-14,2.4945674570497637e-14,2.6167180870901355e-18,2.8938231420542942e-18,8.152618148326258e-16,8.317899914673534e-16,5.3729149749669096e-11,5.087909608788927e-11,1.2018977366983257e-12,1.1381432745205013e-12,1.6666064867259235e-05,1.4723933640749239e-05,0.20816736298534305,0.1723539628016594,0.4195728048402081,0.19897038408791015,0.08524914485758717,0.025730175409578435,6.434189124849013e-08,2.9452391310842748e-08,4.852456668454765e-06,2.1466359669199144e-06,3.478545125818605e-10,1.4888608216970118e-10,3.3427809989411028e-12,1.4307520773258297e-12,8.475078334975449e-07,3.5133249594748095e-07,3.632604425965029e-12,1.927753384141349e-12,0.000445353204234598,0.00022719102698702165,5.351326959373656e-08,2.6281651912757262e-08,0.0027596647223175302,0.0013066393869187985,4.819591748410115e-07,2.202819791360245e-07,0.0005340206085033052,0.00023589503776149227,1.4180911874247269e-10,4.591001579391994e-11,4.979751068172258e-06,1.5735122733910122e-06,1.6799291891497084e-10,5.308275777979989e-11,4.60474814284182e-19,4.366716214791159e-19,9.586304395658383e-18,8.480473367746975e-18,1.960452892555616e-14,1.625199928410755e-14,2.310996856420748e-09,1.8024093093436425e-09,1.5802514046921167e-12,7.232576956080538e-13,2.308156124192449e-15,1.0217656359141604e-15,2.9774918796278765e-23,8.596858266666092e-24,2.5297300675354835e-15,7.6346200216008725e-16,1.9546740041083045e-18,8.371644361741296e-19,1.1114933580277907e-17,5.674494488379164e-18,6.564454926662727e-10,3.2263472935629165e-10,8.541925350080648e-16,4.047295543012951e-16,9.539326464543936e-18,3.0880097133774325e-18,1.5650210084862334e-19,4.8316282162842476e-20,1.9334205672988618e-14,5.968973781343109e-15,6.747792250915884e-11,2.0832195389303086e-11,5.1895903150916177e-17,1.6405982720329967e-17,0.01032864388846408,0.004897364127794062,9.999999999999225e-31,3.324891153254016e-31,2.6201979536629682e-09,8.077219851622519e-10,2.827790897683584e-06,8.517898557985722e-07,2.9610438385837364e-10,9.137267536509244e-11,5.116666754526097e-13,1.5427866048842293e-13
0.592,1237.4551633500182,5.3948393733461435,0.26059431524200427,2.256270298674934,0.06751609467839632,0.444835654518613,1.423687401790893e-07,1.8760176228267536e-06,8.159492459776053e-14,6.774123512412335e-14,2.4987050348384882e-14,1.0372297425682683e-14,2.417886229241943e-08,1.888386790927312e-08,0.2053813841908392,0.1514291950870346,1.796413243028479e-16,7.22929848707281e-17,6.375216145580705e-14,2.4895451682181858e-14,2.6063686316452602e-18,2.8823019596533583e-18,8.125409424094844e-16,8.289921733471473e-16,5.3601444788012674e-11,5.0756831429594216e-11,1.198839687599267e-12,1.135217607943874e-12,1.6646734030634204e-05,1.4706469011108787e-05,0.20815549460299548,0.17233960754312086,0.4196020468620975,0.19897902252127803,0.08525122705478044,0.02573012773050615,6.430251705991423e-08,2.9433594388885823e-08,4.852661312075208e-06,2.1466700873679458e-06,3.473484802646942e-10,1.4866558738407685e-10,3.3368748331558515e-12,1.4281866347024904e-12,8.467065140341504e-07,3.50991087417011e-07,3.618513775762641e-12,1.920225287213739e-12,0.0004443568731406522,0.00022667680530304317,5.3378921570432064e-08,2.621498149632081e-08,0.002756106866492337,0.0013049205313191829,4.812086214818144e-07,2.1993315538112985e-07,0.0005337261347056754,0.00023575876343141325,1.4153673939522118e-10,4.582063022708917e-11,4.975710940882811e-06,1.5721943514048404e-06,1.677524426596308e-10,5.300537871218102e-11,4.589076129140048e-19,4.351739975267461e-19,9.566995935494596e-18,8.46316984618533e-18,1.9583204474292292e-14,1.623389488958086e-14,2.3112155332474585e-09,1.802532494516722e-09,1.5784445750967215e-12,7.224117529364083e-13,2.302946015124332e-15,1.0194324563800712e-15,2.967498242740911e-23,8.567778676719416e-24,2.5252726610400035e-15,7.620967491085556e-16,1.9503947751159017e-18,8.3530974130717735e-19,1.1093863718170405e-17,5.6635888880497696e-18,6.561780985194118e-10,3.224948339872247e-10,8.534158295921704e-16,4.0435091382806226e-16,9.513144332633765e-18,3.0794532795216936e-18,1.5600788480412651e-19,4.816243916479886e-20,1.9314838274792286e-14,5.962837869096e-15,6.745108768415449e-11,2.082336358361854e-11,5.1810745032015093e-17,1.637863107286517e-17,0.010328643888433355,0.004897235438543504,9.999999999999239e-31,3.3248037842753024e-31,2.614891498708959e-09,8.060649956081183e-10,2.824931445757506e-06,8.509061689205256e-07,2.9577868050247324e-10,9.126977057937972e-11,5.101993830797161e-13,1.5383219744843672e-13
0.593,1237.365235799285,5.395019125041218,0.2605856327389759,2.260107808784333,0.06752201165228347,0.44486297724851787,1.4222522125346492e-07,1.8740773214065195e-06,8.13885324523363e-14,6.756811425986277e-14,2.4920260786951613e-14,1.0344301448268648e-14,2.4142746294061657e-08,1.8855166776193202e-08,0.20536092114539864,0.15141013842504472,1.7915593244334507e-16,7.209575888364177e-17,6.362567156710825e-14,2.484540561444331e-14,2.596074563403144e-18,2.8708428128330297e-18,8.098329451944029e-16,8.262076898171119e-16,5.347422446816567e-11,5.063503529433437e-11,1.1957937144466743e-12,1.132303601182597e-12,1.6627453298429204e-05,1.4689050487350916e-05,0.2081436524995491,0.1723252856443331,0.4196312108782957,0.19898763603779954,0.08525331322801429,0.025730082873760413,6.426321283115227e-08,2.9414832328862122e-08,4.852865773137838e-06,2.1467042604114445e-06,3.4684410475926144e-10,1.4844582263033638e-10,3.3309893998166646e-12,1.4256302899307438e-12,8.459074687946396e-07,3.5065066162855885e-07,3.6044982018395435e-12,1.9127375457716603e-12,0.0004433642678624891,0.00022616452545665957,5.3245108891865454e-08,2.614857913663129e-08,0.002752559134851668,0.001303206641415904,4.804603650803098e-07,2.1958541356331794e-07,0.0005334323229693187,0.00023562280353604825,1.412652742074703e-10,4.5731548175910964e-11,4.9716801288660235e-06,1.5708795408782387e-06,1.675126568621475e-10,5.292822520400635e-11,4.573479529880903e-19,4.336836308121742e-19,9.547753838485908e-18,8.445926470414011e-18,1.956193074232229e-14,1.6215834511038264e-14,2.3114336618140856e-09,1.8026553591206756e-09,1.5766422352675493e-12,7.215679549391745e-13,2.2977555799146832e-15,1.0171081721832392e-15,2.957553304879406e-23,8.538841752976414e-24,2.5208296080244766e-15,7.6073594728984435e-16,1.94613133170862e-18,8.33461956809905e-19,1.1072865018908322e-17,5.652720545485118e-18,6.5591130317338e-10,3.223552605514154e-10,8.526410275637967e-16,4.039732204923344e-16,9.487071065698491e-18,3.0709327278828664e-18,1.555160080065467e-19,4.800932942269082e-20,1.9295522531827384e-14,5.956718600791613e-15,6.742431370706418e-11,2.08145523367924e-11,5.1725855709539837e-17,1.6351366863031415e-17,0.010328643888402761,0.004897107064350552,9.999999999999242e-31,3.324716629193694e-31,2.6096039497628343e-09,8.044139715776615e-10,2.8220796936997966e-06,8.50024901235556e-07,2.954538018960106e-10,9.116713143099894e-11,5.087384956878487e-13,1.533876986678635e-13
0.594,1237.275441948756,5.395198766333447,0.26057695614672616,2.263945446673682,0.0675279149342273,0.44489023624079743,1.4208203492239464e-07,1.8721416215431878e-06,8.118295310748079e-14,6.739568146112444e-14,2.4853747358104064e-14,1.0316422204082735e-14,2.4106736269880325e-08,1.8826551090738818e-08,0.20534050482471944,0.15139112670508406,1.786725607500106e-16,7.189936067737753e-17,6.349962140577392e-14,2.4795535431564036e-14,2.5858354976360498e-18,2.8594452684303887e-18,8.071377414240573e-16,8.234364556913376e-16,5.334748612932648e-11,5.0513705090714825e-11,1.1927597493538733e-12,1.1294011882185977e-12,1.660822244967227e-05,1.467167786384335e-05,0.20813183658712395,0.17231099698598207,0.41966029719734554,0.19899622473975115,0.08525540336106378,0.025730040828057448,6.4223978305973e-08,2.9396105000172677e-08,4.853070051129875e-06,2.146738485312229e-06,3.463413775871527e-10,1.4822678414551892e-10,3.3251245886578946e-12,1.423082994280479e-12,8.451106873523102e-07,3.5031121403470164e-07,3.5905571814206215e-12,1.9052898773666936e-12,0.00044237536796061234,0.00022565417671830648,5.311182850316324e-08,2.6082443293623644e-08,0.0027490214797735624,0.001301497693637203,4.797143944433368e-07,2.1923874836388237e-07,0.0005331391705321575,0.00023548715674863845,1.409947185079241e-10,4.564276807658139e-11,4.967658592637657e-06,1.569567828467314e-06,1.6727355829059383e-10,5.285129618916996e-11,4.557957859868211e-19,4.322004743719265e-19,9.528577762400932e-18,8.428742927700468e-18,1.954070751886927e-14,1.6197817963013093e-14,2.3116512443657663e-09,1.802777904523453e-09,1.5748443659082552e-12,7.207262922849266e-13,2.2925847101793316e-15,1.0147927339670533e-15,2.94765674664261e-23,8.510046554589253e-24,2.5164008373781315e-15,7.5937957445596425e-16,1.9418835881259524e-18,8.316210448635783e-19,1.1051937120669756e-17,5.6418892696467375e-18,6.55645104409415e-10,3.222160078296795e-10,8.518681209768807e-16,4.035964702870558e-16,9.461106030093724e-18,3.0624478481940807e-18,1.5502645536274812e-19,4.785694817921035e-20,1.9276258213878707e-14,5.950615901473697e-15,6.739760033645281e-11,2.0805761566034012e-11,5.16412338579269e-17,1.63241896558768e-17,0.01032864388837225,0.00489697900399441,9.99999999999923e-31,3.3246296871803926e-31,2.6043352058722754e-09,8.02768880979988e-10,2.819235606289996e-06,8.491460415754966e-07,2.951297444086822e-10,9.106475673772589e-11,5.072839743991511e-13,1.5294515215009267e-13
0.595,1237.18578130484,5.395378297570917,0.2605682854473214,2.2677832122646993,0.06753380457627355,0.444917431741746,1.4193917981386533e-07,1.870210503985187e-06,8.09781820040682e-14,6.722393284061357e-14,2.4787508448165643e-14,1.0288659006458775e-14,2.407083171934519e-08,1.8798020445427215e-08,0.20532013504565122,0.1513721597487155,1.7819119738415777e-16,7.170378536898511e-17,6.337400867569788e-14,2.4745840207860882e-14,2.5756510526858017e-18,2.8481088967546144e-18,8.044552498386802e-16,8.206783863137161e-16,5.322122712814335e-11,5.0392838244397036e-11,1.1897377249562384e-12,1.1265103035415144e-12,1.6589041265116693e-05,1.4654350936524827e-05,0.20812004677362847,0.17229674144520593,0.4196893061269045,0.19900478872884578,0.0852574974359732,0.025730001581578513,6.418481323528653e-08,2.9377412275514785e-08,4.853274145606181e-06,2.1467727613608603e-06,3.4584029037038006e-10,1.4800846821043243e-10,3.3192802905217143e-12,1.420544699505823e-12,8.443161593864059e-07,3.499727401328984e-07,3.5766902020284665e-12,1.8978820050653474e-12,0.00044139015386348445,0.0002251457488033599,5.2979077433885456e-08,2.6016572469005726e-08,0.0027454938569455934,0.0012997936659833603,4.789706989562453e-07,2.1889315472966804e-07,0.0005328466750901537,0.00023535182194498586,1.407250676687497e-10,4.555428837970214e-11,4.963646293143988e-06,1.5682592009671065e-06,1.670351437286264e-10,5.277459060672889e-11,4.542510636974832e-19,4.3072448154234225e-19,9.509467367061887e-18,8.411618907195538e-18,1.951953459504087e-14,1.6179845061644598e-14,2.3118682831323957e-09,1.8029001320796921e-09,1.5730509478972253e-12,7.198867557243728e-13,2.2874332983695184e-15,1.0124860927548115e-15,2.9378082511444945e-23,8.48139214814463e-24,2.511986280498724e-15,7.580276091207665e-16,1.9376514591605726e-18,8.29786967894189e-19,1.1031079664133791e-17,5.6310948708139166e-18,6.553795000230932e-10,3.22077074610075e-10,8.510971020266968e-16,4.032206592730336e-16,9.435248595777162e-18,3.0539984313962014e-18,1.5453921192603165e-19,4.770529072314439e-20,1.9257045091110437e-14,5.944529696319605e-15,6.73709473324957e-11,2.0796991189062588e-11,5.1556878162016245e-17,1.629709901983286e-17,0.010328643888341874,0.004896851256251868,9.999999999999213e-31,3.3245429574049268e-31,2.599085169848845e-09,8.011296928910719e-10,2.8163991518857337e-06,8.482695798522898e-07,2.9480650448277656e-10,9.096264534000339e-11,5.058357811832372e-13,1.5250454615634464e-13
0.596,1237.0962533944871,5.395557719054818,0.26055962062509785,2.271621105479315,0.06753968062929645,0.4449445639919845,1.4179665455124467e-07,1.8682839494345657e-06,8.077421460991705e-14,6.705286453454971e-14,2.4721542464051464e-14,1.026101117746828e-14,2.4035032144592098e-08,1.8769574435048948e-08,0.20529981162448133,0.15135323737786224,1.7771183060736509e-16,7.150902811720707e-17,6.324883108103553e-14,2.469631901808054e-14,2.5655208506245443e-18,2.8368332723319363e-18,8.017853901089802e-16,8.179333979976819e-16,5.309544484359311e-11,5.027243220298215e-11,1.1867275743436994e-12,1.1236308820906706e-12,1.6569909526237325e-05,1.4637069502096299e-05,0.20810828297579184,0.17228251890730487,0.41971823797138397,0.19901332810617725,0.0852595954380247,0.025729965123606886,6.414571736106091e-08,2.9358754023677138e-08,4.8534780560221035e-06,2.1468070878141676e-06,3.453408347126331e-10,1.4779087109961675e-10,3.31345639643042e-12,1.4180153574555974e-12,8.435238745680301e-07,3.496352354200604e-07,3.5628967449914778e-12,1.8905136487074017e-12,0.00044040860481717273,0.0002246392308274449,5.284685262448699e-08,2.595096512117224e-08,0.0027419762169423245,0.0012980945340460403,4.78229267169096e-07,2.1854862722809907e-07,0.0005325548335611923,0.00023521679765871925,1.4045631707351812e-10,4.546610754014245e-11,4.959643191215287e-06,1.5669536451472618e-06,1.6679740998945802e-10,5.2698107405597495e-11,4.527137384561909e-19,4.292556061911749e-19,9.490422315207466e-18,8.394554100740996e-18,1.9498411762042958e-14,1.616191562328325e-14,2.312084780334737e-09,1.8030220431451219e-09,1.5712619621266809e-12,7.190493360205478e-13,2.2823012375981507e-15,1.0101881998781199e-15,2.928007504304442e-23,8.452877608546309e-24,2.5075858652502075e-15,7.56680028740556e-16,1.9334348603344793e-18,8.279596886522447e-19,1.1010292292359718e-17,5.620337160551748e-18,6.551144878173227e-10,3.219384596861758e-10,8.503279627844677e-16,4.0284578345534886e-16,9.409498139575852e-18,3.045584270711268e-18,1.540542628269468e-19,4.7554352368261285e-20,1.9237882936948905e-14,5.938459911561806e-15,6.734435445634264e-11,2.0788241124021845e-11,5.1472787312741436e-17,1.6270094525438337e-17,0.010328643888311577,0.004896723819923352,9.99999999999921e-31,3.3244564390529145e-31,2.5938537397117166e-09,7.994963749205688e-10,2.813570293017874e-06,8.473955042297949e-07,2.9448407849239026e-10,9.086079605798487e-11,5.043938773170645e-13,1.5206586874211805e-13
0.597,1237.0068577333004,5.3957370311203015,0.2605509616627566,2.2754591262397006,0.06754554314458311,0.44497163323417577,1.416544577772733e-07,1.8663619388516184e-06,8.057104643265001e-14,6.688247271292123e-14,2.4655847818644856e-14,1.0233478041785782e-14,2.3999337051673454e-08,1.8741212657528222e-08,0.2052795343797737,0.15133435941597334,1.7723444876507576e-16,7.131508411542795e-17,6.312408635546448e-14,2.4646970948671352e-14,2.555444516476707e-18,2.8256179730268245e-18,7.991280823430919e-16,8.15201407517982e-16,5.297013667166827e-11,5.015248443066533e-11,1.183729231147968e-12,1.1207628593306056e-12,1.6550827016492543e-05,1.4619833359045446e-05,0.2080965451041595,0.1722683292522638,0.4197470930346308,0.19902184297227407,0.08526169735016184,0.02572993144268743,6.410669043523956e-08,2.9340130118018254e-08,4.853681781931267e-06,2.146841463969602e-06,3.448430023405018e-10,1.4757398914086789e-10,3.3076527986993707e-12,1.415494920540808e-12,8.427338227003226e-07,3.4929869544850084e-07,3.5491763034308462e-12,1.8831845344382086e-12,0.00043943070112699363,0.0002241346124484844,5.271515112686292e-08,2.5885619763526032e-08,0.002738468515008683,0.0012964002756320873,4.774900884403307e-07,2.182051607970094e-07,0.0005322636435217662,0.00023508208271442833,1.401884621551809e-10,4.537822402904989e-11,4.95564924821068e-06,1.5656511479461399e-06,1.665603539012717e-10,5.262184553961292e-11,4.51183762866834e-19,4.2779380244834165e-19,9.471442271527395e-18,8.377548201963254e-18,1.9477338813373952e-14,1.6144029466210094e-14,2.3123007381778054e-09,1.8031436390603689e-09,1.5694773896988214e-12,7.182140240341424e-13,2.277188421005484e-15,1.007899006689827e-15,2.918254193415299e-23,8.424502014827094e-24,2.503199521320473e-15,7.553368113262396e-16,1.9292337076870778e-18,8.261391701168379e-19,1.0989574650976022e-17,5.609615951772624e-18,6.548500656099785e-10,3.218001618588496e-10,8.495606955070206e-16,4.024718389275832e-16,9.383854041454039e-18,3.0372051604152396e-18,1.5357159327031616e-19,4.7404128452090733e-20,1.92187715248162e-14,5.932406473442946e-15,6.731782147077292e-11,2.077951128955466e-11,5.138896001232027e-17,1.6243175746879057e-17,0.010328643888281403,0.004896596693803059,9.999999999999206e-31,3.3243701313057e-31,2.5886408186312715e-09,7.978688962718602e-10,2.8107489973206234e-06,8.465238044106631e-07,2.9416246290790603e-10,9.0759207741725e-11,5.029582252008267e-13,1.5162910830371114e-13
0.598,1236.917593852886,5.395916234066931,0.26054230854472216,2.279297274468238,0.06755139217247878,0.44499863970641995,1.4151258813173254e-07,1.8644444531703297e-06,8.036867300623899e-14,6.67127535686571e-14,2.459042294288233e-14,1.0206058931756966e-14,2.396374594915224e-08,1.8712934712921866e-08,0.2052593031298532,0.15131552568695797,1.7675904029593137e-16,7.112194859579251e-17,6.299977223535082e-14,2.4597795087432348e-14,2.5454216787599917e-18,2.81446258065406e-18,7.964832474866695e-16,8.124823325229165e-16,5.2845300028852006e-11,5.003299241178267e-11,1.1807426294341513e-12,1.1179061711541684e-12,1.653179352003989e-05,1.4602642306587939e-05,0.20808483307610856,0.17225417236642546,0.4197758716175885,0.1990303334270278,0.08526380315790212,0.025729900528243196,6.406773220273449e-08,2.932154042883524e-08,4.853885322809409e-06,2.1468758890985034e-06,3.4434678497423514e-10,1.4735781866068982e-10,3.301869389897848e-12,1.4129833412972187e-12,8.419459935872957e-07,3.4896311577338014e-07,3.5355283675148376e-12,1.8758943868935996e-12,0.0004384564223278269,0.00022363188293456727,5.258396992851111e-08,2.5820534878262186e-08,0.0027349707024525703,0.0012947108666953103,4.767531514874341e-07,2.1786275008342006e-07,0.0005319731019397791,0.00023494767566918821,1.399214983606693e-10,4.529063632262453e-11,4.951664425435661e-06,1.5643516962949177e-06,1.6632397231837623e-10,5.2545803971332056e-11,4.496610900297229e-19,4.263390249248618e-19,9.452526903358866e-18,8.360600906932481e-18,1.9456315542701325e-14,1.6126186408960404e-14,2.312516158856928e-09,1.803264921165089e-09,1.5676972117376984e-12,7.173808106411381e-13,2.272094743052079e-15,1.0056184651414822e-15,2.908548009307466e-23,8.396264456438558e-24,2.498827177189829e-15,7.539979345324362e-16,1.925047917937948e-18,8.243253755695873e-19,1.0968926387849787e-17,5.598931058596374e-18,6.545862312270126e-10,3.2166217993454695e-10,8.487952923604316e-16,4.0209882174298455e-16,9.358315687511085e-18,3.0288608968237797e-18,1.5309118861086038e-19,4.72546143595065e-20,1.9199710630890037e-14,5.926369309098586e-15,6.729134813958145e-11,2.0770801604721738e-11,5.130539496905039e-17,1.6216342260426703e-17,0.010328643888251346,0.004896469876704406,9.999999999999193e-31,3.3242840333576933e-31,2.5834463061639327e-09,7.962472250444514e-10,2.8079352279048517e-06,8.456544687413123e-07,2.938416541496817e-10,9.06578792265069e-11,5.015287867388744e-13,1.5119425309085862e-13
0.599,1236.8284612569291,5.39609532827011,0.2605336612517623,2.283135550087578,0.06755722776455732,0.4450255836528039,1.4137104428290472e-07,1.8625314736971078e-06,8.01670899070037e-14,6.654370333033594e-14,2.452526626462719e-14,1.01787531785426e-14,2.3928258349571302e-08,1.868474020440799e-08,0.20523911769673023,0.15129673601680316,1.7628559370607764e-16,7.092961681825632e-17,6.287588649854955e-14,2.4548790538453262e-14,2.535451968381147e-18,2.8033666797330863e-18,7.938508066433846e-16,8.097760908341362e-16,5.272093234412465e-11,4.991395364281516e-11,1.1777677037979691e-12,1.1150607539649864e-12,1.6512808823306007e-05,1.4585496145930633e-05,0.208073146795342,0.17224004812406343,0.4198045740220074,0.19903879956977602,0.08526591284162517,0.025729872368031436,6.402884242676411e-08,2.9302984834712746e-08,4.854088678317159e-06,2.14691036254424e-06,3.438521745131663e-10,1.4714235606239466e-10,3.2961060642906125e-12,1.4104805729902308e-12,8.411603772118757e-07,3.486284920235486e-07,3.5219524501696138e-12,1.8686429428253283e-12,0.0004374857504084958,0.00022313103280663052,5.245330622366653e-08,2.575570904928514e-08,0.002731482739865203,0.0012930262875839999,4.7601844660420625e-07,2.1752139045493676e-07,0.0005316832071206075,0.00023481357567007395,1.3965542120048604e-10,4.5203342917785815e-11,4.947688684993467e-06,1.5630552773733473e-06,1.6608826209849385e-10,5.2469981664410496e-11,4.481456731558599e-19,4.248912283434297e-19,9.433675879296483e-18,8.343711912861884e-18,1.943534174667256e-14,1.6108386272517156e-14,2.3127310445485365e-09,1.803385890775595e-09,1.5659214096419654e-12,7.165496868423982e-13,2.267020099710815e-15,1.0033465278596936e-15,2.898888645750199e-23,8.3681640314495e-24,2.4944687698641135e-15,7.526633785879323e-16,1.9208774081983118e-18,8.225182684640441e-19,1.0948347153235383e-17,5.588282296378512e-18,6.543229825130119e-10,3.2152451272777575e-10,8.48031745836502e-16,4.0172672810836694e-16,9.332882464787019e-18,3.020551276585011e-18,1.5261303445055018e-19,4.710580555236493e-20,1.9180700029553134e-14,5.9203483451024e-15,6.72649342285033e-11,2.076211198911175e-11,5.122209090391783e-17,1.6189593646389943e-17,0.010328643888221418,0.004896343367418801,9.9999999999992e-31,3.3241981443883696e-31,2.5782701116449044e-09,7.946313323550413e-10,2.805128958135263e-06,8.447874886552204e-07,2.935216488086107e-10,9.055680940012472e-11,5.00105525733088e-13,1.507612919269638e-13
0.6,1236.7394595022433,5.396274313976303,0.2605250197708751,2.2869739530205457,0.06756304996955928,0.44505246530363696,1.4122982487596854e-07,1.8606229814601344e-06,7.996629273108955e-14,6.637531824453003e-14,2.446037624841447e-14,1.0151560128773103e-14,2.389287376787718e-08,1.865662873734815e-08,0.20521897789949547,0.15127799023108154,1.758140976265774e-16,7.073808409479309e-17,6.275242689881807e-14,2.4499956396891107e-14,2.525535020830089e-18,2.7923298599572954e-18,7.912306823505407e-16,8.070826017604528e-16,5.2597031076431556e-11,4.979536564970703e-11,1.1748043892786678e-12,1.1122265446124291e-12,1.6493872712812284e-05,1.456839467857984e-05,0.2080614861891826,0.1722259564209608,0.4198332005441912,0.19904724149946487,0.08526802638955851,0.025729846952466575,6.399002084515965e-08,2.928446320298633e-08,4.854291847841493e-06,2.1469448835531273e-06,3.433591627226321e-10,1.4692759769443126e-10,3.290362715465096e-12,1.407986568621564e-12,8.403769634492278e-07,3.4829481978819895e-07,3.5084480365367677e-12,1.861429924313031e-12,0.00043651866346287654,0.0002226320506037522,5.232315692815642e-08,2.5691140724388678e-08,0.0027280045736022204,0.0012913465119276071,4.7528596172976306e-07,2.1718107620680828e-07,0.0005313939552530417,0.00023467978093235612,1.393902261666385e-10,4.5116342306316745e-11,4.943721988331483e-06,1.5617618781750707e-06,1.658532201493948e-10,5.239437759915847e-11,4.466374662870139e-19,4.234503682277346e-19,9.414888872104497e-18,8.32688092081416e-18,1.941441722061359e-14,1.6090628876998622e-14,2.3129453974254476e-09,1.803506549225114e-09,1.5641499646898219e-12,7.157206435941367e-13,2.2619643851515912e-15,1.001083146694513e-15,2.8892757966974603e-23,8.340199838725494e-24,2.4901242200950668e-15,7.513331188305264e-16,1.9167220965342148e-18,8.207178126797176e-19,1.0927836600001438e-17,5.577669481913614e-18,6.54060317313585e-10,3.21387159057497e-10,8.472700480258272e-16,4.013555540460512e-16,9.307553771198606e-18,3.012276099942477e-18,1.5213711616844638e-19,4.6957697425115063e-20,1.9161739501921198e-14,5.914343510191431e-15,6.723857950389986e-11,2.0753442362761963e-11,5.113904654094071e-17,1.6162929486316036e-17,0.010328643888191573,0.004896217164792548,9.999999999999176e-31,3.324112463614467e-31,2.5731121304372954e-09,7.930211850296885e-10,2.8023301453767524e-06,8.439228507795006e-07,2.9320244325974523e-10,9.045599708509796e-11,4.986884037173609e-13,1.5033021295568503e-13
0.601,1236.650588101159,5.39645319154762,0.2605163840834801,2.290812483190224,0.06756885883842743,0.44507928490003135,1.4108892858590836e-07,1.85871895787042e-06,7.976627711003703e-14,6.62075945874345e-14,2.4395751346725014e-14,1.0124479124127193e-14,2.3857591721551292e-08,1.8628599919027918e-08,0.2051988835609543,0.15125928815692083,1.753445407266856e-16,7.054734575311814e-17,6.262939123544149e-14,2.4451291775678245e-14,2.5156704731220897e-18,2.7813517127579146e-18,7.886227969749316e-16,8.044017844456526e-16,5.247359368891971e-11,4.967722596250349e-11,1.1718526213102567e-12,1.1094034803237454e-12,1.64749849767238e-05,1.4551337707427295e-05,0.2080498511643822,0.17221189713450336,0.41986175148144156,0.19905565931386254,0.08527014378460546,0.02572982427014854,6.395126721863959e-08,2.9265975411269533e-08,4.854494831013226e-06,2.1469794514618668e-06,3.428677415690063e-10,1.467135399909057e-10,3.2846392387654765e-12,1.4055012819435168e-12,8.395957423541617e-07,3.4796209472924367e-07,3.495014648531025e-12,1.8542550729802905e-12,0.0004355551438361565,0.00022213492703370604,5.219351924147556e-08,2.5626828490750614e-08,0.0027245361628781954,0.0012896715194379014,4.7455568695655955e-07,2.1684180261773456e-07,0.0005311053443744756,0.00023454629048618735,1.3912590881679547e-10,4.502963300122701e-11,4.939764297817554e-06,1.5604714859753937e-06,1.6561884336631627e-10,5.231899075175407e-11,4.451364233928371e-19,4.220164000380977e-19,9.39616555458058e-18,8.310107631881172e-18,1.9393541762429805e-14,1.6072914044580048e-14,2.313159219642459e-09,1.803626897817743e-09,1.562382858411476e-12,7.148936719644931e-13,2.2569274991829415e-15,9.988282759934479e-16,2.87970916399841e-23,8.312371000022481e-24,2.485793471170728e-15,7.500071373968194e-16,1.9125819011954167e-18,8.189239721759014e-19,1.090739438252182e-17,5.5670924327608345e-18,6.53798233492329e-10,3.2125011774925057e-10,8.465101914320708e-16,4.009852957718376e-16,9.282329002826999e-18,3.0040351665619283e-18,1.5166341982197796e-19,4.6810285582066724e-20,1.9142828825327783e-14,5.908354731905886e-15,6.721228373347909e-11,2.0744792645979395e-11,5.1056260614674716e-17,1.6136349365049358e-17,0.010328643888161872,0.004896091267632396,9.99999999999916e-31,3.3240269902258622e-31,2.567972271176573e-09,7.914167539853629e-10,2.7995387611853557e-06,8.430605460109687e-07,2.928840340979935e-10,9.035544117134243e-11,4.972773846393073e-13,1.499010050493643e-13
0.602,1236.5618465836442,5.396631961308841,0.2605077541728042,2.2946511405199277,0.06757465442093515,0.44510604267738096,1.4094835409872874e-07,1.856819384498072e-06,7.956703871812737e-14,6.604052867180762e-14,2.4331390032539324e-14,1.009750951497184e-14,2.3822411733243433e-08,1.8600653360951306e-08,0.20517883450505597,0.15124062962304216,1.7487691179499332e-16,7.035739717023503e-17,6.250677732317654e-14,2.4402795794099078e-14,2.5058579662640055e-18,2.770431834065874e-18,7.860270738173856e-16,8.017335590054098e-16,5.2350617672259894e-11,4.9559532138064454e-11,1.1689123359820206e-12,1.1065914989648328e-12,1.6456145405560445e-05,1.4534325037564313e-05,0.20803824163406925,0.1721978701481883,0.4198902271294285,0.1990640531108567,0.08527226500955498,0.025729804309763852,6.391258130709907e-08,2.924752133697663e-08,4.8546976274343494e-06,2.147014065604388e-06,3.4237790307273295e-10,1.4650017941056176e-10,3.278935530403374e-12,1.403024667096327e-12,8.388167040707364e-07,3.4763031254829514e-07,3.481651796903188e-12,1.847118124583764e-12,0.00043459517204835844,0.00022163965187657644,5.206439032285622e-08,2.556277091619828e-08,0.002721077464490826,0.0012880012886940075,4.7382761202240224e-07,2.1650356480655398e-07,0.0005308173721624487,0.00023441310320422576,1.3886246474299968e-10,4.494321352720041e-11,4.935815576002093e-06,1.5591840881181216e-06,1.6538512868192753e-10,5.224382011069695e-11,4.436424989864016e-19,4.205892797604239e-19,9.377505603100913e-18,8.293391750425575e-18,1.937271517218073e-14,1.6055241599346654e-14,2.3133725133410194e-09,1.8037469378551466e-09,1.560620072517548e-12,7.140687631099101e-13,2.2519093365616027e-15,9.965818678828746e-16,2.8701884448184813e-23,8.284676623781453e-24,2.4814764488657806e-15,7.486854111475746e-16,1.9084567412202387e-18,8.171367112611187e-19,1.088702015862327e-17,5.556550968309104e-18,6.535367289249469e-10,3.211133876363723e-10,8.457521685498435e-16,4.006159495001621e-16,9.257207563038456e-18,2.9958282785214844e-18,1.5119193099237901e-19,4.66635654816197e-20,1.9123967780304188e-14,5.902381938819154e-15,6.718604668684909e-11,2.0736162759776985e-11,5.097373187156529e-17,1.610985287136487e-17,0.010328643888132288,0.0048959656747680266,9.999999999999172e-31,3.3239417234280246e-31,2.56285044057882e-09,7.898180095577627e-10,2.796754774390601e-06,8.422005644318868e-07,2.9256641790759916e-10,9.025514054620356e-11,4.958724324194278e-13,1.4947365707509548e-13
0.603,1236.4732344971167,5.3968106235442646,0.26049913002403335,2.2984899249331723,0.06758043676588496,0.4451327388663612,1.408081000886254e-07,1.8549242427701781e-06,7.936857324539114e-14,6.587411682451035e-14,2.4267290795705866e-14,1.0070650658845764e-14,2.3787333326609284e-08,1.857278867557626e-08,0.20515883055486536,0.15122201445815903,1.74411199695764e-16,7.016823375480475e-17,6.238458297059021e-14,2.435446756931378e-14,2.4960971443448383e-18,2.7595698233032415e-18,7.834434369601876e-16,7.990778463708442e-16,5.222810053352239e-11,4.9442281749490734e-11,1.165983469675621e-12,1.103790538695719e-12,1.6437353789591914e-05,1.4517356473970043e-05,0.2080266575194934,0.1721838753529474,0.4199186277804205,0.1990724229874775,0.08527439005094807,0.025729787061234317,6.387396285902584e-08,2.9229100852458374e-08,4.854900236591398e-06,2.1470487252720437e-06,3.4188963920626653e-10,1.4628751239299824e-10,3.2732514864337222e-12,1.4005566781688434e-12,8.38039838689423e-07,3.4729946892721194e-07,3.4683589920393117e-12,1.8400188147413753e-12,0.0004336387282058935,0.0002211462147045632,5.193576724103415e-08,2.5498966524526944e-08,0.002717628429871864,0.0012863357957457091,4.7310172576918467e-07,2.1616635748478957e-07,0.0005305300354616345,0.00023428021759260703,1.3859988953737651e-10,4.485708240946035e-11,4.9318757852191095e-06,1.5578996718883935e-06,1.6515207304963872e-10,5.2168864671495265e-11,4.421556480476698e-19,4.191689638332149e-19,9.35890869618613e-18,8.276732982805696e-18,1.9351937248923594e-14,1.6037611364665773e-14,2.3135852806548323e-09,1.803866670639674e-09,1.5588615886444878e-12,7.132459081581124e-13,2.2469097963407288e-15,9.943438764044757e-16,2.8607133436260475e-23,8.257115839721052e-24,2.4771730853285525e-15,7.473679188745754e-16,1.904346536256711e-18,8.153559945158545e-19,1.0866713587657373e-17,5.546044908788596e-18,6.53275801493143e-10,3.209769675567659e-10,8.449959717205585e-16,4.002475113755283e-16,9.232188860744931e-18,2.987655239745958e-18,1.5072263569495654e-19,4.651753271717833e-20,1.910515615015077e-14,5.896425060401047e-15,6.715986813429983e-11,2.0727552625482735e-11,5.089145906066682e-17,1.6083439595022315e-17,0.010328643888102791,0.004895840385048691,9.999999999999165e-31,3.32385666243969e-31,2.557746540221284e-09,7.882249205086316e-10,2.7939781476515156e-06,8.413428942723713e-07,2.9224959119158095e-10,9.015509407262364e-11,4.944735101179631e-13,1.4904815764346685e-13
0.604,1236.3847513687283,5.396989178594585,0.2604905116196359,2.302328836353716,0.0675862059229546,0.44515937370195596,1.4066816525576535e-07,1.8530335144554084e-06,7.917087642359142e-14,6.570835540759997e-14,2.4203452127762367e-14,1.0043901914087827e-14,2.3752356029451558e-08,1.8545005478635515e-08,0.2051388715363539,0.1512034424927069,1.7394739336859711e-16,6.997985094650564e-17,6.226280602301395e-14,2.4306306232954256e-14,2.486387654006009e-18,2.7487652827772126e-18,7.8087181075702985e-16,7.964345677624675e-16,5.210603979447452e-11,4.932547238415827e-11,1.163065959315578e-12,1.1010005381997701e-12,1.6418609921397006e-05,1.4500431823669196e-05,0.20801509873155583,0.17216991263064688,0.4199469537268738,0.19908076904019817,0.0852765188916291,0.025729772513288337,6.383541163819828e-08,2.921071383701347e-08,4.855102658123863e-06,2.1470834298172014e-06,3.4140294210144123e-10,1.4607553544636205e-10,3.2675870044747164e-12,1.3980972699245039e-12,8.372651364690995e-07,3.469695596176445e-07,3.455135760416026e-12,1.8329568876486297e-12,0.0004326857940564297,0.0002206546059283459,5.1807647229038516e-08,2.543541392041499e-08,0.0027141890178159025,0.0012846750201294403,4.723780182965902e-07,2.1583017593919995e-07,0.0005302433321785897,0.00023414763262603316,1.3833817885034682e-10,4.4771238192291286e-11,4.927944888499509e-06,1.5566182247901819e-06,1.6491967343308082e-10,5.2094123432972395e-11,4.406758257283747e-19,4.177554088647316e-19,9.340374513946111e-18,8.260131036825509e-18,1.933120779460996e-14,1.60200231663028e-14,2.3137975237010713e-09,1.8039860974548195e-09,1.5571073886913094e-12,7.124250983571396e-13,2.2419287773610997e-15,9.921142555126565e-16,2.851283565684219e-23,8.229687779990852e-24,2.4728833157340132e-15,7.4605464028530665e-16,1.9002512063830833e-18,8.135817867098779e-19,1.0846474331490519e-17,5.5355740757364944e-18,6.530154490947671e-10,3.208408563556239e-10,8.442415935555592e-16,3.9987997767010716e-16,9.207272306765676e-18,2.9795158548078895e-18,1.5025552000872425e-19,4.6372182902497477e-20,1.908639371716884e-14,5.890484025813109e-15,6.713374784778525e-11,2.0718962164896748e-11,5.080944094333896e-17,1.6057109129716418e-17,0.010328643888073414,0.004895715397308769,9.999999999999164e-31,3.3237718064694967e-31,2.5526604795100496e-09,7.866374580165252e-10,2.791208851761495e-06,8.404875262121608e-07,2.9193355059388615e-10,9.005530065703734e-11,4.930805823938861e-13,1.4862449584871836e-13
0.605,1236.2963967450023,5.397167626756376,0.26048189894421475,2.3061678747055296,0.06759196194069417,0.4451859474136671,1.4052854829616462e-07,1.8511471812813256e-06,7.897394400965127e-14,6.554324080507105e-14,2.41398725385948e-14,1.0017262646826163e-14,2.3717479372111464e-08,1.85173033880218e-08,0.20511895727515592,0.15118491355760702,1.734854818452084e-16,6.979224422331138e-17,6.214144432627849e-14,2.4258310917150464e-14,2.4767291453009074e-18,2.7380178186506856e-18,7.783121204165327e-16,7.938036452913116e-16,5.198443299761788e-11,4.920910164980651e-11,1.1601597422493704e-12,1.0982214365784981e-12,1.639991359425283e-05,1.4483550894419892e-05,0.20800356518945096,0.17215598187083267,0.41997520525835197,0.1990890913649958,0.08527865151712367,0.0257297606555819,6.37969274001071e-08,2.9192360166321748e-08,4.8553048915764194e-06,2.147118178560071e-06,3.409178038729193e-10,1.4586424507291444e-10,3.2619419823101736e-12,1.3956463972139137e-12,8.364925876600064e-07,3.4664058037030817e-07,3.441981622649061e-12,1.8259320844463275e-12,0.0004317363502265497,0.00022016481538999406,5.168002743758507e-08,2.537211166853629e-08,0.0027107591823523876,0.0012830189391373917,4.716564789291979e-07,2.1549501510454344e-07,0.000529957259492409,0.00023401534695937197,1.3807732834312557e-10,4.4685679424004584e-11,4.924022848765929e-06,1.5553397343038295e-06,1.646879268227617e-10,5.201959540292518e-11,4.392029876842856e-19,4.163485719511091e-19,9.321902739218788e-18,8.243585622804462e-18,1.9310526611310314e-14,1.6002476830243277e-14,2.314009244587748e-09,1.804105219584748e-09,1.5553574545719126e-12,7.116063249674488e-13,2.2369661790877573e-15,9.898929594523332e-16,2.8418988188399844e-23,8.20239158439719e-24,2.4686070716009662e-15,7.447455539924131e-16,1.8961706723587593e-18,8.118140529158413e-19,1.0826302054226947e-17,5.525138291897666e-18,6.527556696352425e-10,3.2070505288366643e-10,8.434890265519459e-16,3.9951334460481347e-16,9.182457318267115e-18,2.9714099303868246e-18,1.4979057008367136e-19,4.622751167427447e-20,1.9067680266717055e-14,5.884558765205491e-15,6.710768560031364e-11,2.0710391300261245e-11,5.072767628677262e-17,1.60308610711529e-17,0.010328643888044118,0.004895590710405114,9.999999999999153e-31,3.3236871547413555e-31,2.5475921634162907e-09,7.850555919033488e-10,2.7884468520791116e-06,8.396344493008755e-07,2.9161829269509217e-10,8.995575918703372e-11,4.916936132580165e-13,1.4820266059256842e-13
0.606,1236.2081701606085,5.397345968360459,0.2604732919807248,2.310007039912817,0.06759770486814091,0.44521246023340366,1.4038924791997643e-07,1.8492652251638178e-06,7.877777179204264e-14,6.537876942774415e-14,2.4076550542788818e-14,9.990732225250741e-15,2.3682702887739424e-08,1.8489682023883795e-08,0.2050990875986979,0.1511664274849025,1.7302545422517998e-16,6.96054090912927e-17,6.202049574998893e-14,2.4210480763464725e-14,2.4671212707704705e-18,2.7273270399024108e-18,7.75764291502596e-16,7.911850014442161e-16,5.1863277698704536e-11,4.90931671671438e-11,1.157264756252214e-12,1.0954531733491456e-12,1.6381264602785522e-05,1.4466713495198367e-05,0.20799205680641888,0.17214208295787498,0.4200033826636208,0.19909739005711613,0.08528078791139801,0.02572975147726025,6.375850990802443e-08,2.9174039719616818e-08,4.855506936575332e-06,2.147152970853466e-06,3.404342167333096e-10,1.4565363781737752e-10,3.256316318749041e-12,1.393204015333873e-12,8.357221826115833e-07,3.4631252697752e-07,3.4288961131348024e-12,1.8189441536286872e-12,0.0004307903787197067,0.0002196768336354684,5.1552905116702034e-08,2.5309058382572582e-08,0.0027073388815923765,0.001281367531996947,4.7093709768672255e-07,2.1516087023400276e-07,0.0005296718151512615,0.00023388335949875308,1.3781733371691291e-10,4.460040466610625e-11,4.920109629377929e-06,1.5540641880486212e-06,1.6445683021966488e-10,5.1945279592618985e-11,4.377370897929955e-19,4.149484104061407e-19,9.30349305632471e-18,8.227096452424359e-18,1.9289893502651392e-14,1.5984972183784708e-14,2.314220445409221e-09,1.8042240382996682e-09,1.55361176834943e-12,7.107895793189665e-13,2.232021903200088e-15,9.876799434563212e-16,2.832558814975372e-23,8.175226404538603e-24,2.464344291598557e-15,7.43440640769294e-16,1.8921048553815877e-18,8.100527584002616e-19,1.080619642195645e-17,5.5147373810612995e-18,6.524964610329137e-10,3.2056955599778475e-10,8.427382633606091e-16,3.991476084737847e-16,9.157743314832408e-18,2.9633372739785363e-18,1.4932777235351364e-19,4.60835147575106e-20,1.9049015583950157e-14,5.878649208673881e-15,6.708168116616294e-11,2.0701839954198925e-11,5.0646163866856044e-17,1.600469501785417e-17,0.010328643888014976,0.004895466323186918,9.999999999999148e-31,3.323602706473948e-31,2.542541501351836e-09,7.83479293364617e-10,2.7856921183929626e-06,8.387836539233658e-07,2.9130381415666755e-10,8.985646857529978e-11,4.903125676482506e-13,1.4778264105808798e-13
0.607,1236.120071170159,5.397524203692989,0.2604646907142813,2.313846331899987,0.06760343475313725,0.44523891238727603,1.4025026284012587e-07,1.8473876280692787e-06,7.858235559220515e-14,6.521493771485817e-14,2.4013484674474074e-14,9.964310025836568e-15,2.3648026113276816e-08,1.8462141009511196e-08,0.20507926233451673,0.1511479841074936,1.7256729971292359e-16,6.941934109992799e-17,6.189995817045357e-14,2.4162814916382132e-14,2.457563686591016e-18,2.7166925596127427e-18,7.732282504738852e-16,7.885785596390127e-16,5.1742571477479434e-11,4.8977666580328507e-11,1.1543809396277318e-12,1.0926956885469345e-12,1.6362662743115785e-05,1.4449919436420493e-05,0.20798057350365573,0.17212821578359186,0.42003148622897535,0.19910566521156525,0.08528292806022275,0.025729744968138794,6.372015892003471e-08,2.9155752373939576e-08,4.855708792676563e-06,2.147187806029484e-06,3.399521729078546e-10,1.4544371023136544e-10,3.2507099130655253e-12,1.3907700797967321e-12,8.349539117072708e-07,3.459853952484074e-07,3.415878756442495e-12,1.8119928385308909e-12,0.0004298478598995545,0.00021919065037766044,5.1426277447067595e-08,2.5246252642569167e-08,0.002703928069681255,0.0012797207760700475,4.702198639635555e-07,2.1482773629725458e-07,0.0005293869963052646,0.00023375166888769676,1.3755819069354836e-10,4.451541248732099e-11,4.916205193698699e-06,1.5527915736559247e-06,1.6422638065692706e-10,5.187117502396819e-11,4.362780884542004e-19,4.1355488204852764e-19,9.285145152724129e-18,8.210663240247324e-18,1.9269308273349175e-14,1.5967509055252317e-14,2.3144311282495966e-09,1.8043425548701228e-09,1.5518703121796936e-12,7.099748527897903e-13,2.2270958485000632e-15,9.85475161498471e-16,2.8232632640521603e-23,8.148191386668797e-24,2.4600949026440768e-15,7.421398778523564e-16,1.8880536773674643e-18,8.082978687483876e-19,1.0786157103571992e-17,5.5043711685134306e-18,6.522378212149619e-10,3.2043436456110076e-10,8.419892965589449e-16,3.9878276553929765e-16,9.133129722894108e-18,2.955297695348186e-18,1.4886711298068493e-19,4.5940187794518524e-20,1.903039945721814e-14,5.872755287346355e-15,6.705573432093322e-11,2.06933080498626e-11,5.0564902467997553e-17,1.5978610571205803e-17,0.010328643887985921,0.004895342234527179,9.999999999999146e-31,3.3235184609021555e-31,2.537508399182063e-09,7.819085325131575e-10,2.7829446159975763e-06,8.379351291179284e-07,2.90990111596597e-10,8.975742772183173e-11,4.889374100997617e-13,1.4736442630981043e-13
0.608,1236.032099312767,5.397702333083005,0.26045609512793455,2.3176857505916817,0.0676091516442105,0.4452653041047436,1.4011159178080265e-07,1.8455143721129974e-06,7.83876912578601e-14,6.505174212803831e-14,2.395067346991683e-14,9.937995426046247e-15,2.3613448587621002e-08,1.843467996976681e-08,0.20505948131198062,0.15112958325930756,1.721110075672918e-16,6.923403582131646e-17,6.177982948577069e-14,2.4115312529021975e-14,2.448056051091386e-18,2.706113993303683e-18,7.7070392404924005e-16,7.859842435713874e-16,5.162231192356877e-11,4.886259754324882e-11,1.1515082310261804e-12,1.089948922544902e-12,1.6344107812229042e-05,1.4433168529279925e-05,0.20796911519515593,0.1721143802334529,0.42005951624000115,0.19911391692249814,0.08528507194768914,0.025729741117465055,6.368187420160148e-08,2.913749800967612e-08,4.855910459519855e-06,2.1472226834520456e-06,3.394716647106916e-10,1.4523445890494627e-10,3.245122665432531e-12,1.388344546505613e-12,8.341877654117299e-07,3.456591810259484e-07,3.4029290955487434e-12,1.805077892293167e-12,0.000428908776117241,0.00021870625634449282,5.130014171846982e-08,2.5183693082360895e-08,0.0027005267052276636,0.0012780786508332414,4.6950476790082176e-07,2.1449560860576514e-07,0.0005291028007218371,0.00023362027404207346,1.372998950307624e-10,4.4430701468200557e-11,4.9123095055101896e-06,1.5515218788889906e-06,1.6399657517261266e-10,5.179728072055695e-11,4.348259402381862e-19,4.1216794486555177e-19,9.266858716912936e-18,8.194285701794688e-18,1.924877072915832e-14,1.5950087273840597e-14,2.3146412951794435e-09,1.8044607705513255e-09,1.5501330683276663e-12,7.091621368085214e-13,2.2221879185322114e-15,9.832785696582877e-16,2.8140118832103925e-23,8.121285697895358e-24,2.455858845409992e-15,7.408432466305728e-16,1.8840170606105425e-18,8.065493497127605e-19,1.0766183769504691e-17,5.4940394803508625e-18,6.519797481214141e-10,3.2029947744260496e-10,8.412421188783587e-16,3.984188121366121e-16,9.10861597044606e-18,2.947291004797162e-18,1.4840857866284966e-19,4.579752659347492e-20,1.901183167423313e-14,5.866876932157542e-15,6.702984484141103e-11,2.068479551074271e-11,5.048389088170015e-17,1.595260733488885e-17,0.010328643887956977,0.004895218443287242,9.999999999999151e-31,3.323434417252923e-31,2.532492767528834e-09,7.803432809319162e-10,2.780204315012165e-06,8.370888653761406e-07,2.906771817152383e-10,8.96586355521021e-11,4.875681060662997e-13,1.4694800569088438e-13
0.609,1235.9442541463854,5.397880356816858,0.26044750520679993,2.3215252959127475,0.06761485558880415,0.44529163561003965,1.3997323346642553e-07,1.8436454394265143e-06,7.819377466571426e-14,6.48891791539834e-14,2.388811548374515e-14,9.911787811130249e-15,2.3578969852838325e-08,1.8407298532160347e-08,0.2050397443601563,0.15111122477476993,1.7165656714416668e-16,6.904948886778143e-17,6.166010759826667e-14,2.4067972756447577e-14,2.43859802602487e-18,2.695590960362919e-18,7.68191239793305e-16,7.834019778174411e-16,5.150249664850941e-11,4.874795773124313e-11,1.1486465695697867e-12,1.08721281617997e-12,1.6325599608254453e-05,1.441646058609393e-05,0.20795768180261684,0.17210057620010327,0.42008747297949905,0.19912214528361036,0.08528721956044326,0.02572973991537379,6.364365551207985e-08,2.9119276504587436e-08,4.856111936667192e-06,2.1472576024602878e-06,3.3899268445738777e-10,1.450258804302187e-10,3.239554476362373e-12,1.3859273715246403e-12,8.334237342051617e-07,3.453338801621366e-07,3.3900466654621905e-12,1.7981990638814288e-12,0.0004279731083329597,0.0002182236415576218,5.1174495150223736e-08,2.512137830158161e-08,0.0026971347427651574,0.0012764411338453872,4.6879179898983494e-07,2.141644821762222e-07,0.0005288192255494949,0.0002334891736058613,1.3704244250256852e-10,4.43462701950829e-11,4.908422528550202e-06,1.550255091507437e-06,1.637674108334025e-10,5.172359571547749e-11,4.333806022103134e-19,4.107875573234362e-19,9.24863344024685e-18,8.177963555216249e-18,1.922828067652933e-14,1.5932706669439102e-14,2.3148509482604193e-09,1.8045786865992288e-09,1.548400019119923e-12,7.083514228374097e-13,2.2172980152471007e-15,9.810901233236955e-16,2.8048043892515504e-23,8.094508504539397e-24,2.4516360520889664e-15,7.395507259427395e-16,1.8799949280772103e-18,8.048071673445845e-19,1.0746276092673042e-17,5.48374214400326e-18,6.517222396997181e-10,3.201648935167008e-10,8.40496722965151e-16,3.980557445634673e-16,9.08420149188397e-18,2.9393170147494502e-18,1.4795215595183714e-19,4.5655526918547126e-20,1.8993312025661115e-14,5.8610140749974546e-15,6.700401250538744e-11,2.0676302260753903e-11,5.040312790659591e-17,1.5926684915000265e-17,0.010328643887928136,0.004895094948350539,9.999999999999139e-31,3.3233505747681923e-31,2.5274945133222923e-09,7.787835090760377e-10,2.7774711809224665e-06,8.362448518007719e-07,2.9036502116406206e-10,8.956009097718891e-11,4.862046205355431e-13,1.465333684067371e-13
0.61,1235.8565351987145,5.3980582752626605,0.2604389209320521,2.325364967788292,0.06762054663568913,0.4453179071338313,1.3983518665148398e-07,1.8417808125331458e-06,7.800060173340477e-14,6.472724531375422e-14,2.382580926651559e-14,9.885686564723096e-15,2.3544589454942135e-08,1.8379996327280152e-08,0.20502005131211617,0.15109290849054574,1.7120396785954163e-16,6.886569587635377e-17,6.154079045261488e-14,2.4020794770315073e-14,2.429189275216474e-18,2.6851230825220506e-18,7.656901253563956e-16,7.808316870508799e-16,5.1383123274871446e-11,4.863374483033595e-11,1.1457958948847445e-12,1.0844873107727708e-12,1.6307137931656637e-05,1.4399795421218485e-05,0.2079462732330227,0.17208680356318012,0.42011535673161865,0.19913035038820934,0.08528937087917929,0.025729741350076638,6.360550263060043e-08,2.910108774537584e-08,4.856313223883739e-06,2.14729256247243e-06,3.385152246500817e-10,1.4481797147913485e-10,3.234005248101639e-12,1.3835185116624345e-12,8.326618087588778e-07,3.450094885874435e-07,3.377231024313072e-12,1.7913561145610056e-12,0.0004270408400905239,0.00021774279735702718,5.104933517787555e-08,2.5059307006166626e-08,0.0026937521467664725,0.0012748082073679482,4.680809484009545e-07,2.13834352792429e-07,0.0005285362693826099,0.00023335836686059187,1.3678582894731905e-10,4.426211727521878e-11,4.904544227402851e-06,1.5489911995337562e-06,1.6353888470869564e-10,5.165011904265733e-11,4.3194203150391285e-19,4.09413677958505e-19,9.230469015161374e-18,8.16169651963797e-18,1.9207837925041432e-14,1.5915367074496778e-14,2.3150600895354784e-09,1.804696304245785e-09,1.5466711471685462e-12,7.075427024680376e-13,2.2124260421085584e-15,9.789097785565711e-16,2.7956405017367357e-23,8.06785898099874e-24,2.4474264638393524e-15,7.382622973331573e-16,1.8759872030790575e-18,8.030712878460069e-19,1.0726433748263209e-17,5.473478988068561e-18,6.514652939160983e-10,3.200306116657446e-10,8.39753101811542e-16,3.9769355928043003e-16,9.059885722037429e-18,2.9313755377922426e-18,1.4749783164525104e-19,4.551418461030105e-20,1.8974840300155598e-14,5.8551666471231685e-15,6.697823709265717e-11,2.0667828224347074e-11,5.032261235394665e-17,1.5900842921638955e-17,0.01032864388789942,0.004894971748576206,9.99999999999915e-31,3.3232669326734183e-31,2.5225135538267837e-09,7.772291905871991e-10,2.7747451902334153e-06,8.354030808106206e-07,2.900536267759805e-10,8.946179296396671e-11,4.848469204773493e-13,1.4612050426152698e-13
0.611,1235.768942056748,5.398236088642777,0.2604303422919029,2.3292047661435817,0.06762622483054428,0.44534411889177167,1.3969745005778946e-07,1.8399204735531534e-06,7.780816838795378e-14,6.456593713770356e-14,2.3763753405729576e-14,9.85969108603107e-15,2.351030694103496e-08,1.8352772986877844e-08,0.2050004019970181,0.15107463424230064,1.707531992397747e-16,6.868265253016395e-17,6.142187595884816e-14,2.397377772923467e-14,2.419829466655867e-18,2.6747099862156e-18,7.632005097970321e-16,7.782732974050344e-16,5.126418945213083e-11,4.851995655309451e-11,1.1429561469093566e-12,1.0817723479646125e-12,1.628872258213343e-05,1.4383172848556255e-05,0.20793488942019356,0.1720730622266569,0.42014316777427346,0.19913853232904416,0.08529152589427344,0.025729745413021116,6.356741530509903e-08,2.9082931604864713e-08,4.856514320604068e-06,2.1473275627866806e-06,3.380392776071659e-10,1.4461072864755998e-10,3.228474881760983e-12,1.3811179232679315e-12,8.319019795776268e-07,3.4468600216854405e-07,3.36448170065203e-12,1.7845487899725899e-12,0.0004261119507963308,0.00021726371297769916,5.092465891369412e-08,2.4997477743940013e-08,0.002690378865081539,0.0012731798458162703,4.673722045479635e-07,2.135052149825994e-07,0.0005282539283245069,0.0002332278519911129,1.3653005016898662e-10,4.417824130558628e-11,4.900674565778989e-06,1.5477301907368397e-06,1.6331099391556243e-10,5.1576849751944e-11,4.305101860672121e-19,4.0804626609213877e-19,9.212365137918873e-18,8.145484317730996e-18,1.9187442281824378e-14,1.589806831967337e-14,2.3152687210468836e-09,1.8048136247440263e-09,1.5449464348700412e-12,7.067359672042476e-13,2.2075719020417915e-15,9.767374912016152e-16,2.7865199419638366e-23,8.041336306933407e-24,2.4432300074920728e-15,7.369779380378187e-16,1.87199380981546e-18,8.013416778161527e-19,1.0706656413456567e-17,5.463249842267837e-18,6.512089087346974e-10,3.198966307753014e-10,8.390112479195844e-16,3.9733225252176485e-16,9.035668106383793e-18,2.923466390030881e-18,1.4704559242783927e-19,4.537349547580989e-20,1.895641629352854e-14,5.849334582089418e-15,6.695251838322878e-11,2.0659373326312415e-11,5.0242343034586255e-17,1.587508096505269e-17,0.010328643887870748,0.004894848842883202,9.999999999999148e-31,3.3231834902346825e-31,2.5175497899677585e-09,7.756802940883315e-10,2.772026300722253e-06,8.345635391986734e-07,2.8974299512248335e-10,8.936374040004776e-11,4.83494970134318e-13,1.457094022413058e-13
0.612,1235.681474250578,5.398413797328074,0.26042176926740396,2.3330446909041465,0.06763189022178594,0.4453702711128781,1.3956002245472063e-07,1.8380644052191905e-06,7.761647060453735e-14,6.440525119618339e-14,2.3701946471752162e-14,9.833800767168942e-15,2.347612186269159e-08,1.8325628146094898e-08,0.20498079624965204,0.15105640186833816,1.7030425085345363e-16,6.850035452947502e-17,6.130336209046184e-14,2.3926920816520493e-14,2.4105182696724483e-18,2.6643512993971257e-18,7.607223218474092e-16,7.757267346862644e-16,5.114569283507773e-11,4.840659061709227e-11,1.1401272661152166e-12,1.0790678699022854e-12,1.6270353362482363e-05,1.4366592684646418e-05,0.20792353027094998,0.17205935207042056,0.4201709063883881,0.19914669119821055,0.08529368458685423,0.025729752092601196,6.352939331785254e-08,2.906480797132812e-08,4.856715226614617e-06,2.147362602834707e-06,3.375648359351932e-10,1.444041486538912e-10,3.22296328094799e-12,1.3787255637533208e-12,8.311442374477115e-07,3.443634168862221e-07,3.3517982618437256e-12,1.7777768563692093e-12,0.0004251864244596965,0.0002167863800013532,5.0800463842258914e-08,2.4935889245504476e-08,0.0026870148632025183,0.0012715560319468376,4.666655588087952e-07,2.1317706462797657e-07,0.0005279722010700229,0.0002330976283244039,1.3627510206198767e-10,4.409464091228314e-11,4.896813508691833e-06,1.5464720532842322e-06,1.630837355574368e-10,5.150378688857758e-11,4.2908502368249993e-19,4.066852808917773e-19,9.194321504900327e-18,8.129326672248408e-18,1.9167093558626648e-14,1.5880810239337594e-14,2.3154768448150394e-09,1.80493064931098e-09,1.543225865042008e-12,7.05931208737458e-13,2.202735500056292e-15,9.745732180247601e-16,2.777442434174613e-23,8.014939670565648e-24,2.4390466266773438e-15,7.356976303571611e-16,1.8680146726310366e-18,7.99618303915102e-19,1.0686943767612177e-17,5.453054537414846e-18,6.509530821422673e-10,3.197629497390728e-10,8.382711543758016e-16,3.969718207954148e-16,9.011548087628079e-18,2.9155893866802587e-18,1.4659542532796092e-19,4.523345542847596e-20,1.8938039796622175e-14,5.843517811874195e-15,6.692685615914668e-11,2.065093749187659e-11,5.016231877493632e-17,1.584939866034003e-17,0.010328643887842246,0.004894726230140363,9.999999999999144e-31,3.323100246683984e-31,2.5126031407124557e-09,7.741367937594587e-10,2.7693144898222477e-06,8.337262196697541e-07,2.8943312308245277e-10,8.926593226720916e-11,4.821487370607687e-13,1.4530005233072143e-13
0.613,1235.5941313507883,5.398591401591816,0.2604132018443203,2.3368847419957106,0.06763754285562314,0.4453963640154071,1.3942290259307072e-07,1.8362125900398618e-06,7.742550437514937e-14,6.424518407476051e-14,2.3640387063305347e-14,9.808015012221925e-15,2.344203377335173e-08,1.8298561441774682e-08,0.20496123390290424,0.15103821120690877,1.698571123690277e-16,6.831879761616056e-17,6.118524680342238e-14,2.3880223209031156e-14,2.401255357299446e-18,2.6540466542025045e-18,7.582554913646384e-16,7.731919258685416e-16,5.1027631102312955e-11,4.829364476333251e-11,1.1373091933354301e-12,1.0763738190959036e-12,1.6252030075493246e-05,1.4350054746193186e-05,0.2079121957101604,0.1720456729908117,0.42019857285058443,0.19915482708745802,0.08529584694375668,0.025729761379156255,6.349143643113833e-08,2.904671672417988e-08,4.85691594148833e-06,2.1473976819723476e-06,3.370918921391545e-10,1.4419822817507034e-10,3.217470348778564e-12,1.3763413903416293e-12,8.30388573071448e-07,3.4404172869043913e-07,3.3391802563136782e-12,1.7710400700161146e-12,0.00042426424231082916,0.0002163107885965294,5.0676747240661264e-08,2.4874540140099115e-08,0.0026836600957197564,0.0012699367433730059,4.659610007621554e-07,2.1284989679080883e-07,0.0005276910846713132,0.00023296769446452028,1.360209805085333e-10,4.4011314718146686e-11,4.892961020667963e-06,1.5452167752064387e-06,1.6285710677685524e-10,5.14309295108239e-11,4.276665027868409e-19,4.0533068215650242e-19,9.176337815786725e-18,8.113223308992335e-18,1.914679156604708e-14,1.5863592667088756e-14,2.315684462855049e-09,1.80504737917478e-09,1.5415094204015776e-12,7.051284187214565e-13,2.1979167410418303e-15,9.724169157564378e-16,2.76840770452925e-23,7.988668265871778e-24,2.4348762544319666e-15,7.344213534070495e-16,1.8640497166551702e-18,7.979011331528044e-19,1.06672954922087e-17,5.442892905489732e-18,6.506978121288209e-10,3.196295674554545e-10,8.375328139590843e-16,3.9661226046804373e-16,8.987525116975052e-18,2.9077443457671326e-18,1.4614731733636145e-19,4.5094060371247625e-20,1.891971060557215e-14,5.837716270156515e-15,6.690125020326583e-11,2.0642520646716108e-11,5.0082538404164985e-17,1.582379562369327e-17,0.010328643887813845,0.004894603909258979,9.999999999999157e-31,3.3230172012822097e-31,2.507673514446356e-09,7.72598660532955e-10,2.766609722649674e-06,8.328911112300834e-07,2.8912400736990977e-10,8.916836749742763e-11,4.808081871112008e-13,1.4489244400541264e-13
0.614,1235.5069129217877,5.398768901726724,0.260404640007483,2.340724919344207,0.0676431827785031,0.44542239781884635,1.392860892341379e-07,1.8343650106658222e-06,7.723526572011772e-14,6.408573238316804e-14,2.3579073784934825e-14,9.782333227803668e-15,2.340804222902567e-08,1.8271572512842774e-08,0.2049417147907248,0.15102006209700095,1.6941177352198545e-16,6.813797755985696e-17,6.106752807211451e-14,2.3833684090977177e-14,2.392040405003186e-18,2.6437956855197367e-18,7.557999486116737e-16,7.706687983527894e-16,5.0910001945893873e-11,4.818111674599416e-11,1.1345018698007885e-12,1.0736901384430052e-12,1.6233752525121768e-05,1.4333558850968689e-05,0.20790088565934745,0.1720320248813301,0.42022616743614577,0.1991629400877558,0.08529801295156829,0.025729773262937145,6.34535444120097e-08,2.9028657745039786e-08,4.857116464843284e-06,2.1474327995741283e-06,3.3662043879619994e-10,1.4399296391955768e-10,3.211995989176419e-12,1.3739653606097824e-12,8.296349772225643e-07,3.4372093356152716e-07,3.3266272420771126e-12,1.764338192306026e-12,0.0004233453864601819,0.00021583692938241772,5.055350644971361e-08,2.4813429088497926e-08,0.002680314519636527,0.0012683219588543598,4.65258520404757e-07,2.125237067252728e-07,0.0005274105765104562,0.00023283804916137972,1.3576768142310693e-10,4.3928261356734346e-11,4.889117066539522e-06,1.5439643446327908e-06,1.6263110472734097e-10,5.135827668061546e-11,4.262545820651646e-19,4.039824299274824e-19,9.158413771823499e-18,8.097173955203345e-18,1.9126536115934225e-14,1.5846415437597437e-14,2.31589157717068e-09,1.8051638155532963e-09,1.5397970837860113e-12,7.043275888667602e-13,2.1931155313295537e-15,9.702685417731425e-16,2.759415482196382e-23,7.962521295651394e-24,2.4307188288422275e-15,7.331490878305108e-16,1.8600988674527772e-18,7.9619013273209e-19,1.0647711270610657e-17,5.432764779468844e-18,6.504430966948605e-10,3.194964828281283e-10,8.367962195498235e-16,3.9625356795511326e-16,8.963598648483955e-18,2.8999310862760965e-18,1.4570125563404226e-19,4.495530626650341e-20,1.8901428516739602e-14,5.8319298906983345e-15,6.687570029941143e-11,2.0634122716815508e-11,5.000300075901174e-17,1.5798271473775257e-17,0.010328643887785515,0.004894481879147681,9.999999999999146e-31,3.32293435328841e-31,2.502760822294174e-09,7.710658661907483e-10,2.7639119669076372e-06,8.320582036667105e-07,2.888156447510139e-10,8.907104503898056e-11,4.794732867381703e-13,1.444865669231629e-13
0.615,1235.4198185132564,5.398946298067489,0.2603960837397031,2.344565222875805,0.0676488100374655,0.4454483727455775,1.391495811591967e-07,1.83252165001172e-06,7.70457506950835e-14,6.392689276099423e-14,2.3518005244130318e-14,9.756754821846111e-15,2.3374146789229657e-08,1.8244661001009068e-08,0.20492223874950682,0.15100195437913008,1.6896822411582467e-16,6.795789015824442e-17,6.095020390003101e-14,2.378730265805555e-14,2.382873090597518e-18,2.6335980308897656e-18,7.533556241522214e-16,7.681572798584567e-16,5.079280307148258e-11,4.806900433249621e-11,1.1317052372106925e-12,1.0710167712939645e-12,1.6215520517196253e-05,1.4317104818415172e-05,0.20788960003245768,0.172018407628876,0.42025369042033156,0.19917103028961647,0.08530018259391052,0.025729787733247484,6.341571703886181e-08,2.9010630920693383e-08,4.8573167964104125e-06,2.1474679550599755e-06,3.3615046860738157e-10,1.4378835264924213e-10,3.2065401073099957e-12,1.3715974326733507e-12,8.288834408060726e-07,3.434010275344703e-07,3.314138790189403e-12,1.7576709915856164e-12,0.0004224298403430765,0.00021536479365514996,5.043073893279916e-08,2.4752554811852288e-08,0.0026769780973722426,0.0012667116597157293,4.6455810865764e-07,2.121984901084002e-07,0.0005271306747513876,0.0002327086915099055,1.3551520076739847e-10,4.3845479477087175e-11,4.8852816116870445e-06,1.542714749865783e-06,1.6240572657275228e-10,5.1285827463267316e-11,4.248492203903035e-19,4.0264048443047586e-19,9.14054907579394e-18,8.081178339524374e-18,1.9106327022405277e-14,1.582927838742557e-14,2.3160981897510483e-09,1.8052799596488343e-09,1.538088838239297e-12,7.035287109791545e-13,2.1883317780272532e-15,9.681280538017759e-16,2.750465498367866e-23,7.936497968670791e-24,2.4265742916443406e-15,7.318808153743046e-16,1.8561620510125408e-18,7.944852700423874e-19,1.0628190788390788e-17,5.422669993480783e-18,6.501889338551252e-10,3.1936369476742053e-10,8.360613642328019e-16,3.9589573976900073e-16,8.939768138348766e-18,2.892149427912112e-18,1.4525722754594342e-19,4.4817189121683286e-20,1.8883193325984062e-14,5.8261586071113865e-15,6.685020623293236e-11,2.0625743628607007e-11,4.992370468654535e-17,1.5772825832566383e-17,0.0103286438877573,0.004894360138705093,9.999999999999146e-31,3.3228517019548437e-31,2.4978649811493982e-09,7.695383842963686e-10,2.761221196273393e-06,8.31227488565864e-07,2.8850803209809646e-10,8.897396387297276e-11,4.781440035709586e-13,1.440824110980266e-13
0.616,1235.3328477018445,5.399123590885653,0.26038753302684237,2.34840565251687,0.06765442467801976,0.4454742890105384,1.3901337714279058e-07,1.8306824909194122e-06,7.685695537929051e-14,6.376866186848187e-14,2.3457180070064257e-14,9.731279211452342e-15,2.3340347016132388e-08,1.821782655024999e-08,0.20490280561492535,0.15098388789424255,1.6852645404868142e-16,6.777853124830483e-17,6.083327228667311e-14,2.3741078104724396e-14,2.373753095280206e-18,2.6234533316727764e-18,7.509224494702647e-16,7.656572990613767e-16,5.067603220678772e-11,4.7957305311875806e-11,1.1289192376811733e-12,1.068353661411448e-12,1.619733385825446e-05,1.4300692468734633e-05,0.20787833875500714,0.17200482113099783,0.42028114207528583,0.19917909778325815,0.08530235585772979,0.025729804780551552,6.337795407891211e-08,2.8992636133026488e-08,4.857516935794506e-06,2.147503147807089e-06,3.3568197423713964e-10,1.4358439111194844e-10,3.2011026083738507e-12,1.3692375646764064e-12,8.281339547081176e-07,3.4308200663949436e-07,3.301714459332294e-12,1.7510382296908148e-12,0.00042151758544797357,0.00021489437172150254,5.030844203239122e-08,2.4691915972381683e-08,0.0026736507847670934,0.0012651058241812928,4.638597553713543e-07,2.118742421305956e-07,0.0005268513765609527,0.00023257962016656378,1.3526353450843733e-10,4.376296773053943e-11,4.8814546212891425e-06,1.5414679791567136e-06,1.621809695095903e-10,5.121358093493925e-11,4.234503771714964e-19,4.0130480640934207e-19,9.122743433436295e-18,8.065236193319193e-18,1.9086164099592203e-14,1.5812181353288163e-14,2.3163043025774994e-09,1.8053958126682534e-09,1.5363846668063558e-12,7.027317768712931e-13,2.1835653867590057e-15,9.659954089275108e-16,2.7415574841270966e-23,7.91059749357556e-24,2.4224425746972055e-15,7.306165148148892e-16,1.85223919401358e-18,7.927865127803012e-19,1.0608733733422259e-17,5.412608382897463e-18,6.499353216305688e-10,3.192312021889698e-10,8.353282409258447e-16,3.9553877234637924e-16,8.916033049759822e-18,2.884399192696665e-18,1.4481522024844856e-19,4.467970489940263e-20,1.886500483302106e-14,5.820402354249193e-15,6.682476779022214e-11,2.061738330899109e-11,4.9844649039260806e-17,1.5747458323943693e-17,0.010328643887729215,0.0048942386868597795,9.999999999999165e-31,3.3227692465540935e-31,2.4929859016973354e-09,7.680161865112403e-10,2.7585373769687346e-06,8.30398955276812e-07,2.8820116619212217e-10,8.887712295314054e-11,4.76820304330104e-13,1.4367996627304063e-13
0.617,1235.246000054131,5.399300780481605,0.2603789878533757,2.352246208193978,0.06766002674611374,0.44550014683084344,1.3887747596878216e-07,1.8288475163555287e-06,7.66688758767691e-14,6.361103638702248e-14,2.339659689542006e-14,9.705905815282837e-15,2.3306642473891637e-08,1.81910688061527e-08,0.204883415223908,0.1509658624840337,1.6808645327472586e-16,6.759989669027439e-17,6.071673124952464e-14,2.369500963259852e-14,2.3646801023843355e-18,2.6133612316475728e-18,7.485003563645696e-16,7.631687849704163e-16,5.055968709022138e-11,4.784601748368652e-11,1.1261438136672436e-12,1.0657007528887462e-12,1.6179192355696294e-05,1.4284321622915604e-05,0.2078671017476849,0.17199126528103262,0.420308522672059,0.1991871426580678,0.08530453272930057,0.02572982439507541,6.334025530460427e-08,2.8974673266311544e-08,4.857716882654752e-06,2.147538377213646e-06,3.3521494842037625e-10,1.433810760861517e-10,3.1956833983139457e-12,1.3668857150913729e-12,8.27386509877911e-07,3.4276386693342404e-07,3.289353821722154e-12,1.7444396756740066e-12,0.0004206086046762918,0.00021442565461021743,5.0186613168930964e-08,2.463151127080187e-08,0.00267033254072286,0.0012635044319270882,4.631634509132949e-07,2.1155095821911296e-07,0.0005265726795270977,0.00023245083397371543,1.3501267864382653e-10,4.3680724778550453e-11,4.877636060842844e-06,1.5402240208583866e-06,1.6195683074082737e-10,5.1141536173983e-11,4.220580120162256e-19,3.9997535680242806e-19,9.104996551687171e-18,8.049347249057932e-18,1.9066047162584096e-14,1.579512417271468e-14,2.3165099176198415e-09,1.8055113758064789e-09,1.5346845526303486e-12,7.019367784019006e-13,2.1788162666240943e-15,9.638705657802674e-16,2.732691176034765e-23,7.884819094946872e-24,2.4183236199768903e-15,7.293561679835088e-16,1.8483302235199515e-18,7.910938288127977e-19,1.0589339795132687e-17,5.402579783912345e-18,6.496822580529267e-10,3.190990040135682e-10,8.345968426602441e-16,3.951826621780278e-16,8.89239284797859e-18,2.8766802033521717e-18,1.443752213107272e-19,4.454284968413128e-20,1.884686283733268e-14,5.814661066901336e-15,6.679938475863143e-11,2.0609041685154405e-11,4.976583267622094e-17,1.572216857392213e-17,0.010328643887701158,0.004894117522533452,9.999999999999157e-31,3.3226869863541116e-31,2.4881234979540516e-09,7.664992455276871e-10,2.755860478507718e-06,8.295725941411705e-07,2.878950438735985e-10,8.878052125172158e-11,4.755021563920966e-13,1.4327922239063728e-13
0.618,1235.1592751294966,5.399477867179212,0.2603704482026503,2.356086889833938,0.06766561628787893,0.4455259464245062,1.387418764393506e-07,1.827016709531582e-06,7.64815083278595e-14,6.345401302876908e-14,2.333625435948343e-14,9.68063405484601e-15,2.3273032730554e-08,1.8164387417413824e-08,0.20486406741551907,0.15094787799173529,1.6764821182523232e-16,6.742198237617252e-17,6.060057883192072e-14,2.3649096453540117e-14,2.355653797829427e-18,2.603321377511919e-18,7.4608927705482695e-16,7.60691667036292e-16,5.044376547652896e-11,4.7735138663366326e-11,1.123378908124316e-12,1.0630579903034076e-12,1.616109581893733e-05,1.4267992103764258e-05,0.20785588892681625,0.1719777399686446,0.4203358324814084,0.1991951650031602,0.085306713192518,0.02572984656631512,6.330262049717433e-08,2.895674220886465e-08,4.85791663673294e-06,2.1475736427131936e-06,3.34749384000565e-10,1.431784043974008e-10,3.1902823842336647e-12,1.3645418428938489e-12,8.266410973891195e-07,3.4244660452541704e-07,3.277056456326229e-12,1.737875102207016e-12,0.00041970288144993934,0.00021395863361713227,5.006524984769245e-08,2.4571339449710734e-08,0.0026670233278019507,0.001261907464365397,4.6246918628945323e-07,2.1122863409382302e-07,0.0005262945817667307,0.00023232233200741554,1.3476262921504527e-10,4.35987492970457e-11,4.873825896311371e-06,1.5389828634731433e-06,1.617333074858719e-10,5.106969226413415e-11,4.2067208478543075e-19,3.9865209679520087e-19,9.087308139434234e-18,8.033511240989453e-18,1.9045976028768524e-14,1.5778106685174306e-14,2.3167150368339733e-09,1.8056266502462857e-09,1.5329884790587283e-12,7.011437075249018e-13,2.1740843255987853e-15,9.617534825012415e-16,2.723866310375874e-23,7.859161996706992e-24,2.4142173671713835e-15,7.280997560251814e-16,1.8444350670784072e-18,7.894071862197157e-19,1.057000866540378e-17,5.3925840340040675e-18,6.494297411673538e-10,3.189670991687436e-10,8.338671626244299e-16,3.9482740582985576e-16,8.868847001434038e-18,2.8689922836590287e-18,1.439372182480867e-19,4.4406619544418683e-20,1.8828767138747363e-14,5.80893467997754e-15,6.677405692709363e-11,2.0600718684781285e-11,4.968725446708941e-17,1.5696956211942285e-17,0.010328643887673251,0.004893996644645531,9.999999999999151e-31,3.322604920621248e-31,2.483277687972158e-09,7.649875352868984e-10,2.753190474440866e-06,8.287483967175376e-07,2.875896620631938e-10,8.868415776589029e-11,4.741895280416319e-13,1.4288016966874943e-13
0.619,1235.072672509064,5.399654851251376,0.26036191406047576,2.359927697363751,0.06767119334823005,0.4455516880036305,1.38606577347539e-07,1.825190053552292e-06,7.629484889084238e-14,6.329758852173219e-14,2.3276151119558463e-14,9.655463359285255e-15,2.3239517355856266e-08,1.813778203422092e-08,0.20484476202800336,0.15092993426075307,1.6721171981035904e-16,6.724478423087398e-17,6.048481307182135e-14,2.3603337777598834e-14,2.3466738704988335e-18,2.59333341931299e-18,7.436891445522212e-16,7.582258755333718e-16,5.032826513838496e-11,4.762466668400146e-11,1.1206244643340126e-12,1.0604253185580332e-12,1.614304405758744e-05,1.425170373437314e-05,0.20784470021834434,0.1719642450923239,0.4203630717709548,0.199203164907108,0.08530889723474241,0.02572987128493877,6.326504942684653e-08,2.893884284414263e-08,4.8581161976520675e-06,2.147608943697241e-06,3.3428527377844804e-10,1.4297637285437015e-10,3.184899473149083e-12,1.3622059070375014e-12,8.258977082782868e-07,3.421302155118707e-07,3.2648219354109115e-12,1.73134427845635e-12,0.000418800397992948,0.00021349329943031717,4.994434947110846e-08,2.4511399201608974e-08,0.002663723102753804,0.0012603149001689888,4.6177695155116487e-07,2.1090726504062842e-07,0.0005260170805028484,0.00023219411295055537,1.3451338226520094e-10,4.351703996298135e-11,4.870024093445694e-06,1.5377444954469309e-06,1.6151039698931648e-10,5.0998048297548824e-11,4.192925558057762e-19,3.9733498802348625e-19,9.069677907956095e-18,8.017727905573147e-18,1.9025950515035533e-14,1.5761128729844627e-14,2.316919662168626e-09,1.8057416371733165e-09,1.5312964294013663e-12,7.003525561825669e-13,2.1693694728432875e-15,9.596441177686276e-16,2.7150826265604524e-23,7.833625431972933e-24,2.4101237535950454e-15,7.268472593769008e-16,1.840553652840384e-18,7.877265533501834e-19,1.0550740037894138e-17,5.382620971619797e-18,6.491777690246313e-10,3.1883548658665495e-10,8.331391938501084e-16,3.94472999796419e-16,8.845394984425607e-18,2.8613352593451795e-18,1.4350119869193905e-19,4.4271010585568003e-20,1.8810717540262313e-14,5.803223129409734e-15,6.674878408534332e-11,2.059241423592388e-11,4.960891328516509e-17,1.5671820868753964e-17,0.010328643887645435,0.004893876052139437,9.999999999999137e-31,3.3225230486381916e-31,2.4784483843027968e-09,7.634810280447173e-10,2.7505273316827013e-06,8.279263525733345e-07,2.8728501759706135e-10,8.858803146745301e-11,4.728823867078075e-13,1.424827980700928e-13
0.62,1234.9861917498206,5.399831733037087,0.2603533854094794,2.3637686307106605,0.0676767579731232,0.44557737178538104,1.384715775140168e-07,1.8233675318836765e-06,7.610889376290572e-14,6.314175962661318e-14,2.3216285831468243e-14,9.630393157204041e-15,2.320609592348811e-08,1.8111252309858794e-08,0.20482549890300333,0.15091203113645374,1.6677696740236914e-16,6.706829820476245e-17,6.036943204487393e-14,2.3557732829608216e-14,2.337740011336888e-18,2.583397009426081e-18,7.412998920213047e-16,7.557713409022557e-16,5.021318386044285e-11,4.7514599390273543e-11,1.1178804260698476e-12,1.0578026830276494e-12,1.6125036883571496e-05,1.4235456339868229e-05,0.20783353553621436,0.17195078053999693,0.42039024080929105,0.19921114245814678,0.08531108483842051,0.025729898540034202,6.322754188110706e-08,2.8920975063422892e-08,4.858315565207406e-06,2.147644279625141e-06,3.3382261072027857e-10,1.4277497833666947e-10,3.179534573642593e-12,1.359877867149328e-12,8.251563337551241e-07,3.4181469606053353e-07,3.2526498489387404e-12,1.7248469830056613e-12,0.000417901138479259,0.00021302964373288467,4.98239096209654e-08,2.4451689307180316e-08,0.0026604318306463082,0.0012587267219463718,4.610867381586205e-07,2.1058684698912254e-07,0.0005257401741793866,0.00023206617602439022,1.3426493389559769e-10,4.34355954722613e-11,4.866230618739434e-06,1.5365089054573356e-06,1.6128809650159271e-10,5.0926603368246374e-11,4.179193855070528e-19,3.960239922262807e-19,9.052105569795791e-18,8.001996980412187e-18,1.9005970441280516e-14,1.5744190148375078e-14,2.3171237955560192e-09,1.8058563377530152e-09,1.5296083872386e-12,6.995633164402525e-13,2.1646716177661836e-15,9.575424303752384e-16,2.7063398651240826e-23,7.808208637216932e-24,2.406042721664427e-15,7.255986600158367e-16,1.836685909313266e-18,7.860518987091865e-19,1.0531533608535577e-17,5.372690436380901e-18,6.489263396920849e-10,3.18704165206662e-10,8.324129296673219e-16,3.941194407129242e-16,8.82203627229429e-18,2.853708956498529e-18,1.4306715037987211e-19,4.41360189461757e-20,1.879271384338897e-14,5.7975263506650926e-15,6.672356602489287e-11,2.05841282671231e-11,4.953080801571181e-17,1.5646762178909536e-17,0.010328643887617742,0.004893755743939905,9.999999999999134e-31,3.3224413696749244e-31,2.4736355081448322e-09,7.619796987236425e-10,2.7478710263986303e-06,8.271064540597228e-07,2.8698110746667253e-10,8.849214137602766e-11,4.715807015017176e-13,1.420870980655122e-13
0.621,1234.899832447304,5.400008512781398,0.26034486223682246,2.3676096898020833,0.06768231020648205,0.44560299797706526,1.3833687573715046e-07,1.821549127717313e-06,7.592363915143237e-14,6.298652311373205e-14,2.315665717655812e-14,9.605422887981587e-15,2.3172768008014554e-08,1.8084797898523353e-08,0.2048062778797213,0.15089416846366469,1.6634394485823532e-16,6.689252028361564e-17,6.025443380571232e-14,2.3512280826558563e-14,2.328851914534676e-18,2.5735118038952724e-18,7.38921453641073e-16,7.53327994636596e-16,5.009851944736998e-11,4.7404934646626954e-11,1.1151467373694102e-12,1.0551900293566725e-12,1.6107074108255906e-05,1.4219249745041874e-05,0.20782239481187256,0.17193734621548595,0.42041733986032404,0.19921909774387178,0.0853132759926593,0.025729928322906964,6.319009762622508e-08,2.8903138748547363e-08,4.858514738971899e-06,2.147679649875287e-06,3.333613876751896e-10,1.4257421767566015e-10,3.174187593620109e-12,1.357557682586569e-12,8.244169649193537e-07,3.415000422972825e-07,3.240539770845531e-12,1.7183829859925757e-12,0.0004170050846819318,0.00021256765698759645,4.970392767387415e-08,2.4392208446864068e-08,0.0026571494656193423,0.0012571429071504955,4.603985357627064e-07,2.1026737504526462e-07,0.0005254638595785241,0.00023193851971882727,1.3401728018877117e-10,4.335441451535445e-11,4.862445438132323e-06,1.5352760820225218e-06,1.6106640330615918e-10,5.085535658130095e-11,4.165525349106365e-19,3.947190717132978e-19,9.034590840280494e-18,7.986318205692145e-18,1.8986035625656654e-14,1.572729078114185e-14,2.3173274389249097e-09,1.80597075316235e-09,1.5279243360033983e-12,6.987759803036432e-13,2.1599906710172347e-15,9.554483796790538e-16,2.697637770073309e-23,7.782910859125439e-24,2.4019742078386677e-15,7.243539381325954e-16,1.8328317656895447e-18,7.843831911077813e-19,1.0512389074848619e-17,5.362792268797667e-18,6.486754512384216e-10,3.1857313397168166e-10,8.316883630844201e-16,3.9376672506635946e-16,8.798770347958455e-18,2.8461132037149803e-18,1.426350611422071e-19,4.400164079450486e-20,1.8774755854528307e-14,5.79184428078199e-15,6.669840253765125e-11,2.057586070722813e-11,4.9452937544580825e-17,1.562177977735601e-17,0.010328643887590156,0.004893635719011334,9.999999999999144e-31,3.3223598830283695e-31,2.4688389700854284e-09,7.604835189890478e-10,2.7452215223642584e-06,8.262886898074653e-07,2.866779284924566e-10,8.839648645946134e-11,4.702844397810394e-13,1.4169305960054515e-13
0.622,1234.8135941793912,5.400185190778093,0.26033634452732085,2.371450874565646,0.0676878500930391,0.44562856679000323,1.382024708375366e-07,1.819734824536912e-06,7.573908129880434e-14,6.28318757829121e-14,2.3097263837031877e-14,9.58055199143566e-15,2.3139533187486747e-08,1.805841845716151e-08,0.20478709879953408,0.1508763460884353,1.6591264249851104e-16,6.671744647936942e-17,6.013981643980329e-14,2.3466980997571407e-14,2.3200092764054206e-18,2.5636774611617155e-18,7.365537638211642e-16,7.508957684755928e-16,4.998426971617513e-11,4.729567032948677e-11,1.1124233427272826e-12,1.0525873036298359e-12,1.608915554497093e-05,1.4203083776424458e-05,0.2078112779678003,0.17192394201474423,0.42044436918783934,0.1992270308512388,0.08531547068400636,0.025729960624020148,6.315271644157847e-08,2.8885333787309452e-08,4.858713718646213e-06,2.147715053876544e-06,3.3290159762578056e-10,1.4237408776007435e-10,3.168858442290807e-12,1.3552453132685863e-12,8.236795930088359e-07,3.41186250405187e-07,3.228491288966329e-12,1.7119520649593352e-12,0.00041611221984081624,0.00021210733040617468,4.958440114450748e-08,2.4332955369039357e-08,0.002653875968084001,0.0012555634362027169,4.59712335081461e-07,2.0994884480285103e-07,0.0005251881343987202,0.00023181114292790463,1.3377041727601709e-10,4.327349579866594e-11,4.858668518142278e-06,1.5340460138419696e-06,1.608453146936553e-10,5.0784307044124557e-11,4.15191965183425e-19,3.934201889378677e-19,9.017133436077545e-18,7.970691322816863e-18,1.896614588878874e-14,1.57104304705671e-14,2.3175305941907595e-09,1.806084884562553e-09,1.5262442593528393e-12,6.979905398810271e-13,2.155326543205556e-15,9.53361925025691e-16,2.688976086247426e-23,7.757731346900673e-24,2.397918152397452e-15,7.231130750721484e-16,1.8289911515227997e-18,7.827203995157985e-19,1.0493306136471281e-17,5.3529263104802686e-18,6.484251017453233e-10,3.1844239183041756e-10,8.309654873400021e-16,3.934148494525368e-16,8.775596695959434e-18,2.8385478301408336e-18,1.4220491887332023e-19,4.386787231914968e-20,1.8756843379111592e-14,5.786176856499226e-15,6.667329341672694e-11,2.0567611485420422e-11,4.937530076789975e-17,1.5596873302324847e-17,0.010328643887562668,0.004893515976304684,9.99999999999915e-31,3.3222785879863138e-31,2.4640586873050233e-09,7.589924625408219e-10,2.7425787903103585e-06,8.254730505409114e-07,2.863754776141535e-10,8.83010657224007e-11,4.689935702101993e-13,1.413006730159097e-13
0.623,1234.7274765109196,5.400361767358237,0.2603278322639978,2.3752921849292106,0.06769337767803751,0.4456540784379881,1.3806836165108043e-07,1.8179246060288752e-06,7.555521647687679e-14,6.267781445895093e-14,2.303810449776021e-14,9.555779908581545e-15,2.310639104273293e-08,1.8032113644934693e-08,0.20476796150598478,0.1508585638581742,1.6548305070209498e-16,6.654307282807138e-17,6.002557805650652e-14,2.34218325812122e-14,2.3112117953549543e-18,2.5538936420329797e-18,7.341967572486124e-16,7.484745944523108e-16,4.987043249544239e-11,4.718680432657681e-11,1.1097101870304833e-12,1.0499944523120354e-12,1.607128100846136e-05,1.4186958261812766e-05,0.20780018491999425,0.1719105678280725,0.4204713290554815,0.1992349418667441,0.08531766889647291,0.025729995433025902,6.311539811541792e-08,2.8867560071543463e-08,4.858912504020796e-06,2.147750491093511e-06,3.3244323365423973e-10,1.421745855216546e-10,3.1635470298715696e-12,1.3529407195516726e-12,8.229442093629553e-07,3.4087331660966104e-07,3.2165040042530333e-12,1.705554004438553e-12,0.0004152225285824082,0.00021164865590855782,4.946532765033327e-08,2.4273928872733177e-08,0.002650611302901984,0.0012539882916323124,4.590281275869527e-07,2.0963125220065654e-07,0.0005249129969774019,0.00023168404482756317,1.335243413277465e-10,4.319283804145616e-11,4.8548998257403e-06,1.5328186897584186e-06,1.6062482796274669e-10,5.071345386678203e-11,4.1383763766768807e-19,3.921273065255612e-19,8.999733075173683e-18,7.955116074397477e-18,1.8946301052992524e-14,1.5693609060487072e-14,2.317733263255602e-09,1.80619873310073e-09,1.524568141101762e-12,6.972069873536073e-13,2.1506791472896804e-15,9.512830268064672e-16,2.680354562420915e-23,7.732669361217714e-24,2.3938745022514398e-15,7.218760541818653e-16,1.8251639967601005e-18,7.810634930764257e-19,1.0474284494887912e-17,5.343092404005371e-18,6.481752893074967e-10,3.1831193773768725e-10,8.302442958391535e-16,3.9306381054626663e-16,8.752514802744345e-18,2.8310126655668416e-18,1.4177671175559126e-19,4.3734709798155815e-20,1.8738976222155116e-14,5.7805240144326855e-15,6.664823845661957e-11,2.0559380531292313e-11,4.929789659032095e-17,1.557204239479308e-17,0.010328643887535294,0.00489339651476213,9.999999999999165e-31,3.3221974838305856e-31,2.4592945817055672e-09,7.575065045373002e-10,2.739942805856159e-06,8.246595284564922e-07,2.860737518581369e-10,8.8205878196296e-11,4.677080623894968e-13,1.4090992893584976e-13
0.624,1234.6414790343565,5.400538242787957,0.2603193254330114,2.379133620820828,0.06769889300515687,0.4456795331272099,1.379345470074596e-07,1.8161184558133039e-06,7.537204098055312e-14,6.252433598678814e-14,2.2979177864821846e-14,9.531106089398501e-15,2.307334115728078e-08,1.8005883123302495e-08,0.20474886584189983,0.15084082162073653,1.6505515993984903e-16,6.636939540392676e-17,5.991171676114463e-14,2.3376834814778655e-14,2.3024591730139227e-18,2.544160010954048e-18,7.318503695017049e-16,7.460644055253771e-16,4.975700563540918e-11,4.7078334546830726e-11,1.1070072155735781e-12,1.0474114222709675e-12,1.605345031424091e-05,1.4170873029813767e-05,0.20778911559621965,0.17189722355660073,0.420498219723888,0.1992428308766668,0.08531987061730799,0.025730032740713518,6.307814242499386e-08,2.8849817488266602e-08,4.859111094760708e-06,2.14778596094866e-06,3.3198628880690335e-10,1.4197570787836566e-10,3.158253266607781e-12,1.3506438618210683e-12,8.222108053056184e-07,3.405612371327293e-07,3.204577503998005e-12,1.699188581768016e-12,0.00041433599341913623,0.00021119162434015434,4.93467046869648e-08,2.4215127697569318e-08,0.0026473554283390124,0.0012524174528603287,4.5834590368222113e-07,2.0931459269152876e-07,0.0005246384446509243,0.0002315572241536156,1.332790485194202e-10,4.311243996516565e-11,4.851139327695166e-06,1.531594098563257e-06,1.604049404449756e-10,5.064279617024288e-11,4.1248951422300347e-19,3.908403876012764e-19,8.982389478466008e-18,7.939592205722191e-18,1.8926500940681718e-14,1.5676826394958358e-14,2.3179354480140557e-09,1.8063122999290608e-09,1.5228959650716086e-12,6.964253149119601e-13,2.1460483938059487e-15,9.492116443553632e-16,2.6717729460003194e-23,7.707724158985733e-24,2.38984319233537e-15,7.206428552062527e-16,1.8213502320101174e-18,7.794124412271656e-19,1.0455323853857233e-17,5.333290393177128e-18,6.479260120255776e-10,3.1818177065349265e-10,8.295247818205129e-16,3.927136049468846e-16,8.729524161606803e-18,2.8235075420487563e-18,1.413504277301704e-19,4.3602149436105715e-20,1.872115419256063e-14,5.77488569244828e-15,6.662323745287257e-11,2.055116777490492e-11,4.922072392190177e-17,1.5547286697622277e-17,0.010328643887508024,0.004893277333356351,9.99999999999916e-31,3.322116569863713e-31,2.454546568992675e-09,7.560256182383378e-10,2.7373135371496943e-06,8.238481135092788e-07,2.85772748159561e-10,8.811092288526906e-11,4.664278850282869e-13,1.405208177188582e-13
0.625,1234.5556013323107,5.40071461736188,0.26031082401915046,2.382975182168759,0.06770439611848206,0.4457049310658544,1.3780102574650966e-07,1.8143163576459686e-06,7.518955112934035e-14,6.23714372323147e-14,2.2920482647805482e-14,9.506529985415142e-15,2.3040383116759766e-08,1.797972655541912e-08,0.20472981165153303,0.15082311922486435,1.6462896073666005e-16,6.619641030353036e-17,5.979823067726837e-14,2.333198694281006e-14,2.2937511130235382e-18,2.534476234645468e-18,7.295145364544494e-16,7.436651349660338e-16,4.9643986996832063e-11,4.69702589094951e-11,1.1043143739862896e-12,1.0448381607005697e-12,1.6035663278781567e-05,1.4154827909904087e-05,0.20777806991944936,0.1718839090972884,0.4205250414528799,0.19925069796660327,0.08532207583265877,0.025730072537506345,6.304094915323027e-08,2.8832105927087083e-08,4.859309490589755e-06,2.1478214628875158e-06,3.3153075620307914e-10,1.4177745177985454e-10,3.152977063514152e-12,1.3483547007974802e-12,8.214793722301335e-07,3.402500082256021e-07,3.1927113878934997e-12,1.6928555808957597e-12,0.00041345259816843587,0.00021073622721305812,4.922852982739677e-08,2.415655062135582e-08,0.002644108305791908,0.0012508509007920494,4.576656542989824e-07,2.089988619704679e-07,0.0005243644751926096,0.00023143067983473283,1.33034535057359e-10,4.3032300301434925e-11,4.84738699110855e-06,1.5303722291538698e-06,1.601856494790237e-10,5.057233307786964e-11,4.1114755689465327e-19,3.895593954719716e-19,8.96510236804408e-18,7.924119463176976e-18,1.8906745375354774e-14,1.5660082318956262e-14,2.3181371503492236e-09,1.8064255861879693e-09,1.5212277151909472e-12,6.956455147967189e-13,2.1414341962016345e-15,9.471477383007187e-16,2.663230989050366e-23,7.682895010673192e-24,2.385824166312638e-15,7.194134605250955e-16,1.8175497882520353e-18,7.777672135692863e-19,1.0436423918699416e-17,5.3235201226227374e-18,6.476772680111595e-10,3.1805188954308223e-10,8.288069386403681e-16,3.9236422930977743e-16,8.706624267825163e-18,2.816032292312943e-18,1.4092605507176656e-19,4.34701875410918e-20,1.8703377099042565e-14,5.7692618283617014e-15,6.659829020208307e-11,2.0542973146635724e-11,4.914378167942937e-17,1.5522605855858486e-17,0.010328643887480839,0.0048931584310535825,9.999999999999169e-31,3.3220358453838783e-31,2.4498145682482996e-09,7.54549777948184e-10,2.734690955728141e-06,8.230387966755575e-07,2.854724635150907e-10,8.801619881253734e-11,4.651530075054288e-13,1.4013332992673623e-13
0.626,1234.4698429939654,5.400890891362142,0.26030232800781,2.3868168689014646,0.06770988706165357,0.445730272459982,1.3766779671257627e-07,1.812518295349922e-06,7.500774326807002e-14,6.221911508317194e-14,2.2862017567786145e-14,9.482051053048469e-15,2.3007516509394604e-08,1.7953643606577425e-08,0.20471079877957618,0.15080545651995583,1.6420444369034814e-16,6.60241136536823e-17,5.968511793811038e-14,2.3287288213828407e-14,2.2850873215872235e-18,2.524841982720721e-18,7.271891945395714e-16,7.412767166286002e-16,4.953137445639269e-11,4.686257534939641e-11,1.1016316082841247e-12,1.0422746151722952e-12,1.6017919719595187e-05,1.4138822732548592e-05,0.20776704781498317,0.17187062434938263,0.4205517945004893,0.19925854322166453,0.08532428452954299,0.025730114814141627,6.300381808213103e-08,2.8814425277283434e-08,4.85950769121526e-06,2.147856996352497e-06,3.3107662899360387e-10,1.4157981419019072e-10,3.147718332110191e-12,1.3460731974283441e-12,8.207499015707282e-07,3.3993962615799693e-07,3.1809052557196075e-12,1.686554785856687e-12,0.0004125723263380359,0.0002102824558836595,4.911080063779e-08,2.409819641883558e-08,0.002640869895725234,0.0012492886158987236,4.569873702340951e-07,2.086840556722807e-07,0.0005240910862150827,0.00023130441072940916,1.327907971693276e-10,4.2952417789198854e-11,4.843642783201645e-06,1.5291530704713104e-06,1.599669524228951e-10,5.050206371943027e-11,4.098117280589947e-19,3.8828429376563745e-19,8.947871468007944e-18,7.908697594994452e-18,1.8887034181369828e-14,1.564337667823996e-14,2.318338372134737e-09,1.8065385930136886e-09,1.5195633754681527e-12,6.948675792883679e-13,2.136836467882868e-15,9.450912692625161e-16,2.654728444862015e-23,7.658181190430777e-24,2.3818173655658714e-15,7.18187851835835e-16,1.8137625969661524e-18,7.761277799262327e-19,1.0417584396704852e-17,5.313781438018319e-18,6.474290553843478e-10,3.1792229337680013e-10,8.280907596571438e-16,3.92015680292988e-16,8.683814620852973e-18,2.8085867504739295e-18,1.4050358207796337e-19,4.3338820429013074e-20,1.8685644751893696e-14,5.763652360502081e-15,6.657339650184106e-11,2.0534796577227584e-11,4.9067068786293986e-17,1.5497999516742945e-17,0.01032864388745372,0.004893039806829795,9.999999999999165e-31,3.3219553096958487e-31,2.4450984979494214e-09,7.530789577916045e-10,2.7320750319936393e-06,8.222315685938462e-07,2.8517289492043565e-10,8.792170500144303e-11,4.638833992421361e-13,1.3974745613609172e-13
0.627,1234.3842036027245,5.401067065089615,0.26029383738348666,2.3906586809476202,0.06771536587847915,0.4457555575164815,1.3753485876173822e-07,1.8107242529061878e-06,7.48266137694725e-14,6.20673664507305e-14,2.2803781351382306e-14,9.457668751114979e-15,2.297474092615648e-08,1.7927633944282873e-08,0.2046918270721876,0.15078783335645932,1.6378159946185674e-16,6.585250160727623e-17,5.95723766956616e-14,2.3242737883822066e-14,2.276467507128889e-18,2.5152569273018687e-18,7.248742805630739e-16,7.388990847595107e-16,4.941916590384992e-11,4.675528181412923e-11,1.0989588648716602e-12,1.0397207336355955e-12,1.6000219455507676e-05,1.4122857329407951e-05,0.20775604920487137,0.1718573692093904,0.4205784791239843,0.19926636672648243,0.0853264966937862,0.025730159560986506,6.296674899916266e-08,2.8796775430653964e-08,4.859705696395815e-06,2.1478925608076916e-06,3.306239004045743e-10,1.4138279210621947e-10,3.142476984742085e-12,1.3437993130221469e-12,8.200223848416405e-07,3.3963008723350134e-07,3.1691587151132795e-12,1.6802859848874003e-12,0.00041169516214815147,0.00020983030207313163,4.89935147466912e-08,2.404006389559177e-08,0.002637640161106266,0.0012477305798394846,4.563110427178239e-07,2.083701696305712e-07,0.0005238182756836351,0.000231178415851976,1.3254783111564026e-10,4.287279117817259e-11,4.839906671523422e-06,1.5279366115623398e-06,1.5974884664638833e-10,5.043198722859779e-11,4.0848199031957897e-19,3.870150463318591e-19,8.930696504017467e-18,7.893326350835955e-18,1.8867367184525e-14,1.562670931979505e-14,2.3185391152326065e-09,1.8066513215322363e-09,1.5179029300447616e-12,6.940915007299487e-13,2.132255123196883e-15,9.430421982844749e-16,2.6462650689581858e-23,7.633581978972859e-24,2.377822734284566e-15,7.169660116859302e-16,1.809988590052795e-18,7.744941103069944e-19,1.039880499705407e-17,5.304074186034917e-18,6.471813722762858e-10,3.1779298113055767e-10,8.273762383370481e-16,3.9166795460627547e-16,8.661094722846734e-18,2.8011707515511145e-18,1.4008299718310963e-19,4.3208044458594684e-20,1.866795696169593e-14,5.758057227300285e-15,6.654855615092966e-11,2.052663799780089e-11,4.8990584173719103e-17,1.5473467330062536e-17,0.01032864388742674,0.004892921459658948,9.999999999999178e-31,3.3218749621030173e-31,2.440398279361909e-09,7.51613132757322e-10,2.7294657390672517e-06,8.214264207227794e-07,2.848740394262773e-10,8.782744049248202e-11,4.626190302683947e-13,1.393631871086222e-13
0.628,1234.2986827552677,5.4012431388155795,0.26028535213210735,2.3945006182360946,0.06772083261198543,0.44578078643847296,1.3740221074869821e-07,1.8089342142878222e-06,7.46461590276667e-14,6.191618826491342e-14,2.2745772739326144e-14,9.433382544419143e-15,2.2942055960174945e-08,1.7901697237860215e-08,0.20467289637538827,0.15077024958524834,1.6336041878530402e-16,6.568157034757676e-17,5.946000510481168e-14,2.3198335210142273e-14,2.2678913806975836e-18,2.5057207434753214e-18,7.225697319686595e-16,7.365321742694672e-16,4.930735924530827e-11,4.664837626731736e-11,1.0962960905022345e-12,1.0371764643835268e-12,1.5982562306011958e-05,1.4106931532819303e-05,0.20774507401668585,0.171844143578969,0.420605095578308,0.19927416856520577,0.08532871231320822,0.025730206769093836,6.292974168653134e-08,2.8779156276718728e-08,4.859903505829804e-06,2.147928155697509e-06,3.301725636610819e-10,1.4118638252546436e-10,3.1372529339956884e-12,1.341533009002288e-12,8.192968135648817e-07,3.393213877609009e-07,3.157471370406598e-12,1.6740489645139026e-12,0.0004108210890724821,0.00020937975712455515,4.887666973398308e-08,2.398215183364322e-08,0.002634419061858274,0.0012461767728419912,4.5563666249201093e-07,2.0805719945754658e-07,0.0005235460410842541,0.00023105269400626753,1.3230563316896243e-10,4.279341922247419e-11,4.836178623596897e-06,1.5267228414733704e-06,1.595313295410799e-10,5.0362102746286665e-11,4.071583066556851e-19,3.8575161738390885e-19,8.913577203850587e-18,7.878005482313616e-18,1.8847744210894828e-14,1.561008009092721e-14,2.3187393814967175e-09,1.8067637728688097e-09,1.5162463630911014e-12,6.933172714818808e-13,2.1276900766558487e-15,9.410004864941716e-16,2.6378406184412266e-23,7.609096661721937e-24,2.373840213633693e-15,7.157479217171309e-16,1.8062276999375935e-18,7.728661749539572e-19,1.0380085430763935e-17,5.294398214330363e-18,6.469342168250865e-10,3.17663951785007e-10,8.266633680791367e-16,3.9132104892974124e-16,8.638464080734066e-18,2.793784132147707e-18,1.3966428885201262e-19,4.307785599874969e-20,1.865031354129058e-14,5.752476367917793e-15,6.652376894900834e-11,2.051849733983149e-11,4.8914326778086373e-17,1.54490089473613e-17,0.010328643887399845,0.004892803388530943,9.99999999999918e-31,3.3217948019196236e-31,2.4357138310361512e-09,7.501522770054221e-10,2.7268630465545077e-06,8.2062334346783e-07,2.8457589404608387e-10,8.773340431520465e-11,4.613598702759737e-13,1.389805135063261e-13
0.629,1234.213280036775,5.401419112844909,0.26027687223798446,2.3983426806959725,0.06772628730563006,0.4458059594311755,1.3726985154592086e-07,1.8071481637032569e-06,7.446637546860733e-14,6.176557748256144e-14,2.26879904757073e-14,9.409191899246357e-15,2.2909461207856355e-08,1.7875833159240497e-08,0.20465400653736596,0.15075270505860405,1.6294089245755256e-16,6.551131608370579e-17,5.934800134576721e-14,2.315407946013811e-14,2.2593586554668332e-18,2.4962331087260765e-18,7.202754864975544e-16,7.341759203830421e-16,4.91959523997362e-11,4.654185668509392e-11,1.0936432323563797e-12,1.0346417561219208e-12,1.5964948092344045e-05,1.4091045176678778e-05,0.20773412217193984,0.17183094735453175,0.4206316441183465,0.19928194882163097,0.08533093137302726,0.02573025642869443,6.28927959361453e-08,2.876156770942562e-08,4.860101119309777e-06,2.1479637805047397e-06,3.2972261209561097e-10,1.4099058249180492e-10,3.132046093548819e-12,1.3392742472650946e-12,8.185731793786082e-07,3.3901352409744605e-07,3.1458428360553964e-12,1.667843516663125e-12,0.0004099500915971155,0.000208930812898383,4.876026327955424e-08,2.3924459064277436e-08,0.0026312065623552918,0.001244627177241875,4.549642210591899e-07,2.0774514111341948e-07,0.0005232743805516739,0.00023092724428237188,1.3206419964346207e-10,4.271430068984787e-11,4.832458607420122e-06,1.5255117494013615e-06,1.593143985091634e-10,5.0292409416888485e-11,4.0584064022977983e-19,3.844939713144168e-19,8.896513296775454e-18,7.862734742397504e-18,1.8828165088631444e-14,1.5593488840679635e-14,2.3189391727678465e-09,1.806875948135349e-09,1.5145936589648775e-12,6.925448839911718e-13,2.1231412429157496e-15,9.389660950891729e-16,2.6294548515333918e-23,7.584724527445611e-24,2.3698697470406053e-15,7.14533564256208e-16,1.8024798594401287e-18,7.712439442829648e-19,1.0361425410905425e-17,5.284753371634888e-18,6.466875871816611e-10,3.175352043268952e-10,8.259521424561774e-16,3.9097496002598795e-16,8.615922203614665e-18,2.7864267295965257e-18,1.3924744561953537e-19,4.294825144058224e-20,1.863271430326615e-14,5.746909721444397e-15,6.649903469714949e-11,2.051037453521877e-11,4.883829554517625e-17,1.5424624023205774e-17,0.01032864388737304,0.004892685592428539,9.999999999999183e-31,3.3217148284550485e-31,2.431045076256618e-09,7.486963661581234e-10,2.7242669289844787e-06,8.198223287171309e-07,2.8427845588269484e-10,8.763959552682391e-11,4.601058899278517e-13,1.3859942628528681e-13
0.63,1234.1279950460175,5.40159498745181,0.2602683976869126,2.4021848682565343,0.06773173000207375,0.44583107669594263,1.3713778002108677e-07,1.8053660853080382e-06,7.428725953576224e-14,6.161553107584131e-14,2.263043331821477e-14,9.3850962876545e-15,2.2876956267194574e-08,1.785004138172736e-08,0.204635157406039,0.15073519962913662,1.6252301134196632e-16,6.534173505245802e-17,5.923636359846182e-14,2.3109969901281326e-14,2.2508690470917314e-18,2.4867937033435576e-18,7.17991482507137e-16,7.318302589668494e-16,4.908494330089179e-11,4.643572105814112e-11,1.091000237911028e-12,1.0321165578504734e-12,1.594737663603821e-05,1.4075198095232915e-05,0.2077231935980863,0.17181778043798976,0.42065812499655364,0.19928970757902356,0.08533315386070124,0.025730308530779147,6.285591153302035e-08,2.8744009619697767e-08,4.860298536554292e-06,2.147999434686433e-06,3.292740390242158e-10,1.4079538904319244e-10,3.126856377166556e-12,1.3370229897564912e-12,8.178514739078691e-07,3.387064925969255e-07,3.134272724416173e-12,1.6616694321898339e-12,0.00040908215363179214,0.00020848346096368563,4.8644293006002174e-08,2.3866984390980743e-08,0.002628002623429986,0.0012430817737079953,4.542937093442534e-07,2.0743399029625675e-07,0.0005230032916612777,0.00023080206552455698,1.3182352686061334e-10,4.2635434350804256e-11,4.8287465909067274e-06,1.5243033245244366e-06,1.5909805097241432e-10,5.022290639133973e-11,4.0452895456937104e-19,3.8324207286943166e-19,8.879504513993089e-18,7.847513885843835e-18,1.8808629645708256e-14,1.5576935418038107e-14,2.319138490879043e-09,1.806987848443315e-09,1.5129448020153633e-12,6.91774330705161e-13,2.1186085382661825e-15,9.36938986000308e-16,2.6211075298551955e-23,7.560464874863476e-24,2.3659112780740257e-15,7.133229216787647e-16,1.7987450018857345e-18,7.696273889347747e-19,1.0342824652119257e-17,5.275139507528944e-18,6.464414815034821e-10,3.174067377475086e-10,8.252425549513364e-16,3.9062968461732363e-16,8.593468605127808e-18,2.7790983827386653e-18,1.3883245619013535e-19,4.2819227228286137e-20,1.861515906245962e-14,5.74135722769691e-15,6.647435319724954e-11,2.050226951620139e-11,4.8762489424669614e-17,1.5400312213521086e-17,0.010328643887346339,0.004892568070350562,9.999999999999186e-31,3.321635041029575e-31,2.4263919350648935e-09,7.472453748465069e-10,2.7216773567915554e-06,8.190233671313648e-07,2.8398172199057984e-10,8.75460131701648e-11,4.588570594191992e-13,1.3821991626281867e-13
0.631,1234.0428273783346,5.401770762923109,0.2602599284640827,2.406027180847264,0.06773716074404679,0.4458561384345039,1.3700599505289632e-07,1.8035879634069153e-06,7.410880769999101e-14,6.146604604023034e-14,2.257310003101993e-14,9.361095184490225e-15,2.2844540738954934e-08,1.7824321580861408e-08,0.20461634883049445,0.1507177331503498,1.6210676636621593e-16,6.517282351719537e-17,5.912509006008484e-14,2.3066005807927562e-14,2.2424222734466525e-18,2.4774022101229546e-18,7.157176587506776e-16,7.294951263024795e-16,4.8974329896028843e-11,4.632996739030892e-11,1.0883670550307405e-12,1.0296008189455485e-12,1.592984775995129e-05,1.4059390123936105e-05,0.2077122882203196,0.171804642729406,0.4206845384643976,0.19929744492015022,0.08533537976303547,0.02573036306614231,6.281908826675559e-08,2.8726481900586953e-08,4.860495757322306e-06,2.148035117717409e-06,3.2882683783173113e-10,1.4060079924761834e-10,3.1216836993923476e-12,1.3347791987630516e-12,8.171316888530904e-07,3.384002896451916e-07,3.122760653618245e-12,1.6555265050444625e-12,0.0004082172595375612,0.0002080376931212076,4.8528756585870097e-08,2.3809726641975252e-08,0.0026248072078485247,0.001241540543828152,4.536251186126294e-07,2.071237428605589e-07,0.0005227327722590648,0.00023067715669679789,1.3158361117254204e-10,4.255681898602841e-11,4.825042542262244e-06,1.5230975561156476e-06,1.5888228436576944e-10,5.015359282492775e-11,4.032232134402849e-19,3.8199588702702306e-19,8.862550588331174e-18,7.832342668897968e-18,1.87891377115158e-14,1.5560419673201186e-14,2.3193373376526733e-09,1.8070994748954596e-09,1.511299776721525e-12,6.910056041323846e-13,2.1140918791781368e-15,9.349191212462282e-16,2.6127984163011413e-23,7.536317006492988e-24,2.3619647512246152e-15,7.121159766421954e-16,1.7950230610191864e-18,7.680164797355295e-19,1.0324282870950924e-17,5.265556472596395e-18,6.461958979580922e-10,3.1727855104335146e-10,8.245345991389231e-16,3.902852194700322e-16,8.571102801830444e-18,2.77179893138945e-18,1.384193093263561e-19,4.2690779824602266e-20,1.85976476342071e-14,5.7358188266606e-15,6.644972425227328e-11,2.049418221536513e-11,4.8686907373879844e-17,1.5376073176718305e-17,0.010328643887319727,0.004892450821295839,9.999999999999172e-31,3.3215554389634933e-31,2.4217543297247162e-09,7.45799278391146e-10,2.719094302501104e-06,8.182264500025874e-07,2.8368568947014647e-10,8.745265630244922e-11,4.576133494635243e-13,1.3784197441406312e-13
0.632,1233.9577766280158,5.401946439552883,0.26025146455434023,2.4098696183978556,0.06774257957417022,0.4458811448480516,1.3687449553115658e-07,1.8018137824560149e-06,7.393101646068023e-14,6.131711939548874e-14,2.2515989386165214e-14,9.337188067969564e-15,2.2812214226942773e-08,1.7798673434639688e-08,0.20459758066126935,0.15070030547693666,1.6169214852579333e-16,6.500457776929183e-17,5.901417894485872e-14,2.3022186461241595e-14,2.2340180547221966e-18,2.468058314473216e-18,7.134539544181613e-16,7.271704591284317e-16,4.886411014709068e-11,4.6224593699768204e-11,1.0857436319877791e-12,1.0270944891796805e-12,1.591236128838748e-05,1.404362109956871e-05,0.20770140596255565,0.17179153412790762,0.42071088477261187,0.1993051609275153,0.08533760906563889,0.02573042002523293,6.278232593107108e-08,2.8708984447078807e-08,4.860692781408309e-06,2.148070829089375e-06,3.283810019705389e-10,1.4040681020266307e-10,3.1165279755563604e-12,1.332542836916278e-12,8.164138159944959e-07,3.3809491166218384e-07,3.111306245459559e-12,1.6494145311580332e-12,0.00040735539384972316,0.00020759350126226304,4.8413651731742496e-08,2.3752684665369542e-08,0.0026216202798610665,0.0012400034698970728,4.5295844039830317e-07,2.068143947844951e-07,0.0005224628203966778,0.0002305525168542255,1.3134444896234993e-10,4.2478453386507396e-11,4.8213464299838886e-06,1.5218944335437863e-06,1.5866709614045274e-10,5.008446787830567e-11,4.01923380869303e-19,3.807553790188926e-19,8.845651254428866e-18,7.817220849461928e-18,1.8769689116958696e-14,1.554394145766937e-14,2.3195357148995775e-09,1.8072108285862406e-09,1.5096585676982237e-12,6.902386968458064e-13,2.109591181687894e-15,9.329064626614602e-16,2.604527274313825e-23,7.512280226559121e-24,2.35803010937975e-15,7.109127113247346e-16,1.7913139710371817e-18,7.664111877110573e-19,1.0305799785994756e-17,5.256004118500837e-18,6.459508347239801e-10,3.1715064321676116e-10,8.238282686747879e-16,3.8994156139004914e-16,8.548824313565462e-18,2.7645282164588957e-18,1.3800799378761577e-19,4.2562905691960275e-20,1.858017983467727e-14,5.73029445859531e-15,6.642514766652514e-11,2.048611256573856e-11,4.861154835824989e-17,1.5351906573859848e-17,0.010328643887293197,0.004892333844266099,9.99999999999917e-31,3.3214760215790736e-31,2.4171321842885862e-09,7.443580526689761e-10,2.71651774023451e-06,8.174315691056865e-07,2.833903554624018e-10,8.73595239936993e-11,4.563747312406747e-13,1.3746559185638054e-13
0.633,1233.872842399534,5.402122017612954,0.2602430059436076,2.4137121808381954,0.06774798653444931,0.4459060961347928,1.3674328034246122e-07,1.8000435268778743e-06,7.375388233455149e-14,6.116874817649286e-14,2.2459100167452464e-14,9.313374421307898e-15,2.277997633648563e-08,1.7773096622366094e-08,0.20457885274882587,0.1506829164639555,1.6127914887805558e-16,6.483699412586066e-17,5.890362846868369e-14,2.2978511143251243e-14,2.225656113425499e-18,2.458761704421672e-18,7.112003092510324e-16,7.24856194758385e-16,4.875428202957589e-11,4.611959801802568e-11,1.0831299173391302e-12,1.0245975186071796e-12,1.5894917045970137e-05,1.4027890859268883e-05,0.207690546753132,0.17177845453674168,0.42073716416973145,0.1993128556830635,0.08533984175594134,0.02573047939911563,6.274562431437518e-08,2.869151715183613e-08,4.8608896085495015e-06,2.1481065682741684e-06,3.279365248862573e-10,1.402134190039957e-10,3.1113891211378356e-12,1.3303138669225294e-12,8.156978471065083e-07,3.377903550671435e-07,3.099909121827269e-12,1.643333306547464e-12,0.00040649654082303155,0.00020715087713736217,4.829897611703061e-08,2.369585729033887e-08,0.002618441801075037,0.0012384705329669106,4.522936658056851e-07,2.0650594185154425e-07,0.0005221934337000028,0.00023042814486495504,1.3110603662253986e-10,4.2400336346634544e-11,4.81765822253174e-06,1.5206939461725842e-06,1.5845248376462223e-10,5.001553071779434e-11,4.006294212115012e-19,3.7952051439485554e-19,8.828806248676069e-18,7.802148187055797e-18,1.8750283692863035e-14,1.5527500622956723e-14,2.319733624422625e-09,1.8073219106081837e-09,1.5080211595614206e-12,6.894736014225393e-13,2.1051063637805203e-15,9.309009729522425e-16,2.5962938710293348e-23,7.488353850080502e-24,2.3541072972731528e-15,7.097131084668958e-16,1.787617666605912e-18,7.648114840958541e-19,1.0287375117330026e-17,5.246482297708145e-18,6.457062899865555e-10,3.1702301327456007e-10,8.231235571515353e-16,3.8959870715519703e-16,8.526632664206594e-18,2.757286080197776e-18,1.375984985370408e-19,4.243560135634738e-20,1.8562755481901588e-14,5.724784064364461e-15,6.640062324513089e-11,2.0478060500673737e-11,4.853641134718873e-17,1.5327812067374366e-17,0.010328643887266764,0.004892217138275702,9.999999999999158e-31,3.3213967882071382e-31,2.41252542044902e-09,7.429216728370991e-10,2.7139476410246896e-06,8.166387152903529e-07,2.830957170739994e-10,8.726661530380312e-11,4.551411756044924e-13,1.370907596109384e-13
0.634,1233.7880242941037,5.402297497387095,0.2602345526172355,2.417554868098372,0.0677533816669636,0.4459309924933421,1.3661234838309037e-07,1.7982771812265721e-06,7.357740186383573e-14,6.102092943985078e-14,2.240243116519362e-14,9.28965373051791e-15,2.274782667542964e-08,1.7747590825382182e-08,0.20456016494463966,0.15066556596724254,1.6086775854145562e-16,6.46700689292698e-17,5.879343686324993e-14,2.2934979142291915e-14,2.2173361741866284e-18,2.4495120703931488e-18,7.089566633716848e-16,7.225522709054038e-16,4.864484353171207e-11,4.601497838901877e-11,1.0805258600041413e-12,1.0221098576348234e-12,1.5877514858495973e-05,1.401219924124988e-05,0.20767971051830356,0.17176540385745176,0.4207633769032009,0.19932052926819102,0.08534207782099047,0.025730541178739925,6.270898320901565e-08,2.8674079909355042e-08,4.861086238519178e-06,2.1481423347594877e-06,3.274934000871965e-10,1.4002062277470317e-10,3.1062670523326293e-12,1.3280922518021777e-12,8.149837740321104e-07,3.3748661630852947e-07,3.0885689105767572e-12,1.637282630427615e-12,0.0004056406852032453,0.00020670981274885565,4.818472746109339e-08,2.3639243368824716e-08,0.0026152717348311375,0.0012369417149138784,4.516307862430452e-07,2.061983799848384e-07,0.0005219246100335054,0.00023030403970265563,1.3086837057402337e-10,4.232246667024473e-11,4.81397788863502e-06,1.519496083453445e-06,1.5823844471913746e-10,4.99467805139151e-11,3.993412990518373e-19,3.782912589285563e-19,8.812015308993092e-18,7.787124442602282e-18,1.8730921271294312e-14,1.5511097021641872e-14,2.3199310680145782e-09,1.807432722045557e-09,1.506387537042159e-12,6.887103104941644e-13,2.100637344083332e-15,9.289026151162157e-16,2.5880979754035504e-23,7.464537197443874e-24,2.350196261490285e-15,7.085171513711698e-16,1.783934082794376e-18,7.632173403025125e-19,1.0269008586810059e-17,5.236990863620041e-18,6.454622619407478e-10,3.1689566022851047e-10,8.224204582433314e-16,3.89256653582715e-16,8.504527380412789e-18,2.7500723657873452e-18,1.371908126390282e-19,4.2308863375595785e-20,1.854537439440226e-14,5.719287584996957e-15,6.637615079418878e-11,2.0470025953839774e-11,4.846149531712701e-17,1.530378932198144e-17,0.01032864388724043,0.004892100702338995,9.999999999999169e-31,3.321317738178524e-31,2.4079339618994137e-09,7.414901146737824e-10,2.7113839777639515e-06,8.158478799678665e-07,2.8280177145304136e-10,8.717392930565491e-11,4.539126538809007e-13,1.367174688427396e-13
0.635,1233.7033219204322,5.4024728791444465,0.2602261045612836,2.421397680108665,0.06775876501328074,0.44595583411984796,1.364816985550373e-07,1.7965147301393635e-06,7.340157161644293e-14,6.08736602641721e-14,2.2345981180868014e-14,9.26602548636044e-15,2.2715764854431394e-08,1.7722155727333432e-08,0.2045415171007664,0.1506482538434247,1.6045796870639134e-16,6.450379855163934e-17,5.868360237039547e-14,2.2891589750854863e-14,2.2090579640912228e-18,2.4403091055822716e-18,7.067229574476959e-16,7.20258625850805e-16,4.8535792657770936e-11,4.591073287234963e-11,1.0779314092921324e-12,1.0196314570501401e-12,1.5860154552958546e-05,1.399654608485137e-05,0.20766889718693413,0.17175238199413737,0.42078952321892493,0.19932818176397252,0.0853443172483336,0.025730605355262896,6.26724024068833e-08,2.8656672614017645e-08,4.8612826710759415e-06,2.1481781280311885e-06,3.270516211160259e-10,1.3982841865348013e-10,3.101161685866463e-12,1.325877954812619e-12,8.142715886615685e-07,3.371836918559444e-07,3.077285237812237e-12,1.6312623011223074e-12,0.0004047878111989931,0.00020627029982743937,4.807090347451079e-08,2.3582841748735024e-08,0.0026121100435272985,0.0012354169971752042,4.509697929867117e-07,2.0589170504862985e-07,0.0005216563471047744,0.0002301802002725503,1.3063144725968527e-10,4.2244843168624256e-11,4.810305397150467e-06,1.51830083488407e-06,1.5802497650483393e-10,4.9878216443794713e-11,3.9805897929598675e-19,3.7706757870429056e-19,8.79527817534415e-18,7.772149378897254e-18,1.8711601685371977e-14,1.549473050724837e-14,2.32012804745875e-09,1.8075432639788794e-09,1.504757684965374e-12,6.879488167385472e-13,2.096184039965239e-15,9.269113516039501e-16,2.5799393560241174e-23,7.44082958810881e-24,2.34629694358039e-15,7.073248218270297e-16,1.7802631551574677e-18,7.616287279589024e-19,1.0250699918313258e-17,5.227529670713408e-18,6.452187487900528e-10,3.1676858309554427e-10,8.217189656300245e-16,3.889153974941962e-16,8.482507993000614e-18,2.742886917788917e-18,1.3678492506027662e-19,4.2182688278109667e-20,1.8528036392353784e-14,5.713804962057934e-15,6.635173012088164e-11,2.0462008859302506e-11,4.838679925143533e-17,1.52798380046989e-17,0.010328643887214195,0.004891984535481113,9.99999999999917e-31,3.3212388708313715e-31,2.403357731727513e-09,7.40063353777371e-10,2.7088267222196894e-06,8.150590542148702e-07,2.825085157477628e-10,8.708146507260969e-11,4.5268913744859017e-13,1.363457107346048e-13
0.636,1233.6187348812778,5.40264816317228,0.2602176617609425,2.42524061679956,0.06776413661519379,0.44598062121157506,1.3635132976609824e-07,1.7947561583327026e-06,7.322638818014401e-14,6.072693774506317e-14,2.2289749020588553e-14,9.242489181607631e-15,2.2683790485743093e-08,1.769679101317022e-08,0.20452290907021195,0.1506309799497628,1.6004977061179735e-16,6.433817938523984e-17,5.857412324472199e-14,2.284834226654082e-14,2.200821212059621e-18,2.431152505260005e-18,7.044991324523329e-16,7.179751981978927e-16,4.8427127421585256e-11,4.580685953701753e-11,1.075346514791562e-12,1.017162267913556e-12,1.5842835956976156e-05,1.3980931229994292e-05,0.20765810668503618,0.17173938884844833,0.4208156033617117,0.1993358132508037,0.08534656002522119,0.0257306719197357,6.263588170267132e-08,2.863929516150045e-08,4.861478906008771e-06,2.148213947587077e-06,3.2661118156345987e-10,1.3963680380007514e-10,3.0960729390104845e-12,1.3236709394510704e-12,8.135612829283554e-07,3.368815781974782e-07,3.066057739723721e-12,1.6252721223341694e-12,0.0004039379040767751,0.00020583233064434389,4.79575019169589e-08,2.3526651302267983e-08,0.0026089566913355634,0.0012338963620305734,4.503106776110431e-07,2.0558591304400593e-07,0.0005213886428569292,0.0002300566255839113,1.3039526314534284e-10,4.216746466069802e-11,4.8066407171602e-06,1.517108190034997e-06,1.5781207662996497e-10,4.980983768705734e-11,3.967824270400689e-19,3.758494399924545e-19,8.778594588812615e-18,7.757222759769888e-18,1.869232476883547e-14,1.5478400933840803e-14,2.3203245645287296e-09,1.8076535374795545e-09,1.503131588222113e-12,6.871891128651587e-13,2.091746372299961e-15,9.249271464225155e-16,2.571817786791208e-23,7.417230356969404e-24,2.3424092938120412e-15,7.0613610425577835e-16,1.7766048196047023e-18,7.600456188497772e-19,1.0232448837033401e-17,5.218098574163134e-18,6.449757487471296e-10,3.1664178089715066e-10,8.210190730618947e-16,3.885749357451181e-16,8.460574034858387e-18,2.735729581461225e-18,1.3638082514492017e-19,4.20570727092661e-20,1.851074129606544e-14,5.708336137164339e-15,6.632736103324563e-11,2.045400915139468e-11,4.8312322138680434e-17,1.5255957784247878e-17,0.010328643887188039,0.004891868636724036,9.999999999999172e-31,3.3211601855016967e-31,2.3987966549950875e-09,7.386413663585033e-10,2.706275848028274e-06,8.142722296718837e-07,2.822159471433794e-10,8.698922168959112e-11,4.5147059808648763e-13,1.3597547659142338e-13
0.637,1233.534262783743,5.402823349751931,0.2602092242016929,2.429083678101741,0.06776949651409686,0.4460053539638548,1.3622124093671146e-07,1.7930014506965004e-06,7.305184817445281e-14,6.058075900512042e-14,2.2233733500646765e-14,9.219044313363418e-15,2.265190318535869e-08,1.7671496370863684e-08,0.20450434070729262,0.15061374414477435,1.596431555742056e-16,6.417320785432151e-17,5.846499775784832e-14,2.2805235993772195e-14,2.1926256495254257e-18,2.4220419675285012e-18,7.022851298810717e-16,7.157019270942308e-16,4.831884585448479e-11,4.5703356469031246e-11,1.0727711265538393e-12,1.014702241734601e-12,1.5825558900006562e-05,1.3965354518285767e-05,0.20764733893940207,0.1717264243229957,0.42084161757555066,0.1993434238090062,0.08534880613794399,0.025730740862964886,6.259942089466852e-08,2.862194744920482e-08,4.861674943129985e-06,2.148249792938903e-06,3.261720750881654e-10,1.3944577540412857e-10,3.091000729868703e-12,1.3214711695805367e-12,8.128528488564339e-07,3.3658027186008074e-07,3.054886050343986e-12,1.6193118966579993e-12,0.00040309094850566436,0.00020539589716829122,4.7844520567422126e-08,2.347067091135129e-08,0.002605811643022934,0.0012323797920472807,4.496534318230876e-07,2.052810000338743e-07,0.000521121495316798,0.00022993331468360535,1.3015981472881806e-10,4.209032997606151e-11,4.802983818016937e-06,1.515918138567458e-06,1.5759974262448695e-10,4.9741643430450605e-11,3.9551160768546257e-19,3.7463680935914337e-19,8.76196429269234e-18,7.742344351065087e-18,1.867309035732752e-14,1.5462108157123996e-14,2.3205206209870436e-09,1.807763543613125e-09,1.501509231867171e-12,6.864311916613317e-13,2.087324258646045e-15,9.229499621218776e-16,2.5637330386236733e-23,7.393738830450274e-24,2.3385332533379706e-15,7.049509803354861e-16,1.772959012538598e-18,7.584679849777348e-19,1.0214255070564113e-17,5.208697430407318e-18,6.447332600350868e-10,3.165152526607584e-10,8.203207743540145e-16,3.882352652230895e-16,8.438725042973817e-18,2.7286002034223312e-18,1.3597850194910949e-19,4.193201322630155e-20,1.8493488927281873e-14,5.702881052399498e-15,6.630304334071846e-11,2.0446026764933476e-11,4.8238062976638917e-17,1.5232148332355927e-17,0.01032864388716197,0.004891753005098222,9.999999999999167e-31,3.321081681531258e-31,2.394250657719276e-09,7.372241289281147e-10,2.703731329466308e-06,8.134873981754646e-07,2.8192406285529335e-10,8.689719825120178e-11,4.5025700794563547e-13,1.356067578319853e-13
0.638,1233.4499052456913,5.402998439139964,0.26020079187021267,2.4329268639460744,0.06777484475079425,0.44603003256917473,1.360914309776443e-07,1.791250592001775e-06,7.287794822856148e-14,6.043512117567257e-14,2.217793344851588e-14,9.1956903834854e-15,2.2620102569645767e-08,1.7646271488790975e-08,0.20448581186563122,0.1505965462868738,1.592381149595307e-16,6.400888040381385e-17,5.835622417679519e-14,2.276227023537767e-14,2.1844710099413855e-18,2.412977192776498e-18,7.000808917335343e-16,7.134387522136504e-16,4.821094599824994e-11,4.560022176477498e-11,1.0702051948124715e-12,1.0122513302069287e-12,1.580832321110995e-05,1.394981579105537e-05,0.20763659388198513,0.1717134883251076,0.42086756610172316,0.19935101351808704,0.08535105557576812,0.025730812176718566,6.256301977270543e-08,2.8604629370767405e-08,4.861870782168025e-06,2.1482856635666413e-06,3.2573429531234937e-10,1.392553306406346e-10,3.0859449763993316e-12,1.3192786090123499e-12,8.121462784229898e-07,3.362797693529749e-07,3.043769805844937e-12,1.6133814278592659e-12,0.0004022469291723548,0.00020496099137907022,4.7731957149572105e-08,2.3414899431052323e-08,0.002602674859779731,0.0012308672681082481,4.489980467330782e-07,2.0497696181007326e-07,0.0005208549019328543,0.00022981026636415065,1.2992509850742476e-10,4.201343794449667e-11,4.7993346689183446e-06,1.5147306701001756e-06,1.57387972031207e-10,4.967363286508787e-11,3.942464869369457e-19,3.734296536646047e-19,8.745387031634706e-18,7.727513919895194e-18,1.865389828553984e-14,1.5445852032091024e-14,2.320716218590098e-09,1.8078732834445232e-09,1.4998906008855598e-12,6.856750458860105e-13,2.0829176210115547e-15,9.209797632289567e-16,2.555684889166833e-23,7.370354354508854e-24,2.3346687708484857e-15,7.037694340218875e-16,1.769325670777382e-18,7.568957985306739e-19,1.019611834744012e-17,5.199326096407065e-18,6.44491280882016e-10,3.1638899741729363e-10,8.196240632142978e-16,3.878963827667629e-16,8.416960557876749e-18,2.7214986314711938e-18,1.35577944967075e-19,4.180750652224321e-20,1.847627910950509e-14,5.697439650416654e-15,6.6278776853195e-11,2.043806163494494e-11,4.8164020764414026e-17,1.5208409321278712e-17,0.01032864388713606,0.0048916376396464034,9.999999999999185e-31,3.3210033582701424e-31,2.38971966257442e-09,7.358116169745011e-10,2.701193136628834e-06,8.127045503080707e-07,2.8163286004311225e-10,8.680539383528624e-11,4.490483386213276e-13,1.3523954570961753e-13
0.639,1233.36566186943,5.403173431636758,0.26019236475107366,2.4367701742636414,0.06778018136674675,0.4460546572232525,1.3596189882345948e-07,1.789503567332564e-06,7.270468500674066e-14,6.029002141755066e-14,2.212234769312648e-14,9.17242689450784e-15,2.258838825881351e-08,1.7621116058355875e-08,0.20446732240127952,0.15057938623595296,1.5883464019604873e-16,6.384519350423048e-17,5.824780079921976e-14,2.2719444306225995e-14,2.1763570287229336e-18,2.403957883604853e-18,6.978863602389461e-16,7.11185613472942e-16,4.810342590742477e-11,4.5497453532974726e-11,1.0676486702614087e-12,1.0098094854666701e-12,1.5791128721569687e-05,1.3934314891600907e-05,0.2076258714365493,0.17170058075496847,0.42089344918190214,0.19935858245725582,0.08535330832468614,0.025730885851719724,6.252667814019533e-08,2.858734082600112e-08,4.862066422981964e-06,2.1483215590030288e-06,3.252978359936978e-10,1.3906546674277903e-10,3.0809055978836345e-12,1.3170932221277642e-12,8.114415637556202e-07,3.359800672476944e-07,3.03270865258523e-12,1.6074805251316865e-12,0.0004014058318208425,0.00020452760579629345,4.761980951448458e-08,2.3359335779097724e-08,0.002599546308815105,0.001229358773944163,4.4834451447669243e-07,2.0467379463299782e-07,0.0005205888610522325,0.00022968747981431828,1.2969111102716112e-10,4.1936787411676623e-11,4.795693239651336e-06,1.513545774437028e-06,1.571767624027706e-10,4.9605805185258665e-11,3.929870306406783e-19,3.7222793990792556e-19,8.728862551742444e-18,7.712731234685545e-18,1.8634748390934618e-14,1.5429632416030755e-14,2.320911359081329e-09,1.80798275802411e-09,1.4982756805067444e-12,6.849206684101182e-13,2.0785263799722567e-15,9.190165136423194e-16,2.5476731150677365e-23,7.347076272320291e-24,2.330815794629366e-15,7.025914491506953e-16,1.765704731494827e-18,7.553290318523863e-19,1.0178038398403377e-17,5.189984430267039e-18,6.442498095288567e-10,3.1626301420352903e-10,8.189289335798471e-16,3.8755828532315967e-16,8.395280121849573e-18,2.7144247139957283e-18,1.3517914361575553e-19,4.168354926677092e-20,1.8459111665538428e-14,5.6920118736542755e-15,6.625456138192354e-11,2.043011369684266e-11,4.8090194511838294e-17,1.5184740426695823e-17,0.010328643887110245,0.004891522539400155,9.999999999999202e-31,3.320925215060882e-31,2.385203598498998e-09,7.344038079178695e-10,2.698661246345223e-06,8.119236786784882e-07,2.813423359841253e-10,8.671380755598509e-11,4.4784456296372137e-13,1.3487383185683558e-13
0.64,1233.2815322691167,5.403348327516978,0.26018394283009033,2.440613608985718,0.06778550640265406,0.4460792281180806,1.3583264340887927e-07,1.7877603617843279e-06,7.253205519411465e-14,6.014545690960812e-14,2.2066975075688982e-14,9.149253354177269e-15,2.255675987529989e-08,1.7596029772823954e-08,0.20444887217067514,0.15056226385267787,1.5843272277892908e-16,6.368214365382532e-17,5.813972592701481e-14,2.267675752304776e-14,2.1682834436526487e-18,2.3949837452856376e-18,6.957014781987398e-16,7.089424513846985e-16,4.799628365179846e-11,4.539504989728488e-11,1.0651015039278225e-12,1.0073766599774008e-12,1.57739752634319e-05,1.3918851663973617e-05,0.20761517153169334,0.17168770151730428,0.42091926705607424,0.19936613070550158,0.08535556437154197,0.02573096187902674,6.249039579654601e-08,2.8570081713005276e-08,4.862261865381838e-06,2.1483574787656028e-06,3.248626908953401e-10,1.3887618094708172e-10,3.0758825138793785e-12,1.3149149734374887e-12,8.107386969972519e-07,3.3568116212393355e-07,3.0217022337330143e-12,1.601608996014606e-12,0.0004005676414838052,0.00020409573257927733,4.75080754740617e-08,2.330397885427894e-08,0.002596425954823842,0.001227854292104315,4.4769282679159436e-07,2.0437149458282412e-07,0.0005203233706244772,0.00022956495404840576,1.2945784884751712e-10,4.186037722800676e-11,4.792059500013026e-06,1.5123634413923316e-06,1.5696611131200882e-10,4.953815959195752e-11,3.9173320497962705e-19,3.710316354140738e-19,8.712390601114925e-18,7.697996065697038e-18,1.8615640511414426e-14,1.541344916668035e-14,2.321106044195333e-09,1.808091968400517e-09,1.4966644560013425e-12,6.841680521272528e-13,2.0741504559245118e-15,9.170601771910745e-16,2.5396974939755714e-23,7.323903930085183e-24,2.3269742691183356e-15,7.014170084033673e-16,1.762096132354002e-18,7.537676575037567e-19,1.0160014955979187e-17,5.180672291046731e-18,6.440088442245332e-10,3.1613730206137847e-10,8.182353793387354e-16,3.8722096981805577e-16,8.373683281510096e-18,2.707378300822191e-18,1.3478208730897083e-19,4.1560138129310853e-20,1.8441986420274167e-14,5.686597665225918e-15,6.623039673928591e-11,2.0422182886468607e-11,4.801658323413211e-17,1.516114132610447e-17,0.010328643887084462,0.004891407703405981,9.999999999999206e-31,3.320847251256153e-31,2.380702392242254e-09,7.330006785112761e-10,2.6961356325366064e-06,8.11144775024901e-07,2.810524879274432e-10,8.662243851923672e-11,4.4664565356946174e-13,1.3450960783175681e-13
0.641,1233.197516064518,5.40352312704431,0.26017552609360994,2.444457168043768,0.06779081989884585,0.4461037454438705,1.3570366366819843e-07,1.786020960453652e-06,7.23600554931089e-14,6.000142484568347e-14,2.2011814447012397e-14,9.126169274326517e-15,2.252521704305504e-08,1.757101232673782e-08,0.20443046103043322,0.15054517899812178,1.5803235425887104e-16,6.351972737392665e-17,5.803199786674519e-14,2.2634209204572124e-14,2.160249994563639e-18,2.3860544854083622e-18,6.935261888704187e-16,7.067092069378173e-16,4.788951731308243e-11,4.529300899307648e-11,1.0625636471101875e-12,1.0049528064700422e-12,1.5756862669157134e-05,1.3903425952650688e-05,0.20760449409834641,0.17167485051906772,0.42094501996238964,0.1993736583412399,0.08535782370440616,0.02573104025011007,6.24541725383196e-08,2.8552851928655358e-08,4.862457109147712e-06,2.1483934223620906e-06,3.244288537897127e-10,1.386874704948463e-10,3.070875644203752e-12,1.3127438275724492e-12,8.100376703012557e-07,3.353830505670413e-07,3.010750194801228e-12,1.5957666493245196e-12,0.00039973234323293944,0.00020366536390908265,4.73967528264254e-08,2.3248827548875566e-08,0.002593313761166863,0.0012263538045132094,4.470429752020042e-07,2.0407005764348772e-07,0.0005200584283686803,0.00022944268797966925,1.292253085408678e-10,4.1784206248366796e-11,4.788433419841525e-06,1.5111836607983957e-06,1.5675601634619477e-10,4.9470695290998875e-11,3.9048497640974857e-19,3.698407077728491e-19,8.695970929355304e-18,7.68330818457916e-18,1.8596574485030676e-14,1.5397302141961672e-14,2.3213002756586694e-09,1.8082009156187167e-09,1.4950569126613426e-12,6.834171899436558e-13,2.0697897711387788e-15,9.151107185414351e-16,2.5317578069628147e-23,7.300836683999897e-24,2.323144141733627e-15,7.002460953644964e-16,1.758499811428643e-18,7.52211648227993e-19,1.0142047754076591e-17,5.1713895385490045e-18,6.437683832251667e-10,3.1601186003706006e-10,8.17543394355028e-16,3.8688443316726946e-16,8.352169586789624e-18,2.7003592428805563e-18,1.343867656618901e-19,4.1437269842018816e-20,1.842490319994791e-14,5.681196968682068e-15,6.620628273845183e-11,2.0414269139957482e-11,4.794318595068747e-17,1.5137611698413193e-17,0.010328643887058776,0.0048912931307184635,9.999999999999214e-31,3.3207694662140803e-31,2.376215969477001e-09,7.316022051822433e-10,2.6936162675067046e-06,8.103678306021689e-07,2.807633131089943e-10,8.653128582727545e-11,4.454515829360791e-13,1.3414686516440315e-13
0.642,1233.113612874488,5.4036978304883,0.2601671145277015,2.4483008513694466,0.06779612189561275,0.4461282093906908,1.3557495854387589e-07,1.784285348549134e-06,7.218868262981412e-14,5.985792243979943e-14,2.1956864664820308e-14,9.103174169749846e-15,2.2493759388416985e-08,1.754606341657837e-08,0.20441208883796969,0.1505281315340417,1.5763352624551808e-16,6.335794121022573e-17,5.792461493843588e-14,2.2591798674925838e-14,2.1522564233173796e-18,2.3771698138520384e-18,6.913604358978506e-16,7.044858215254961e-16,4.778312498547384e-11,4.5191328967911654e-11,1.0600350514486747e-12,1.0025378780081302e-12,1.5739790772295267e-05,1.388803760311361e-05,0.20759383906642687,0.17166202766646735,0.42097070813781323,0.19938116544238033,0.08536008631130297,0.025731120956437377,6.241800816482846e-08,2.8535651371126645e-08,4.862652154082076e-06,2.148429389310961e-06,3.2399631850140925e-10,1.3849933265030532e-10,3.0658849092980766e-12,1.310579749438044e-12,8.093384758794735e-07,3.350857291874941e-07,2.9998521854248515e-12,1.5899532960947622e-12,0.0003988999224103103,0.00020323649210612698,4.7285839401287175e-08,2.3193880770880715e-08,0.0025902096922707455,0.0012248572936038131,4.4639495142546685e-07,2.0376947988812317e-07,0.0005197940321455358,0.00022932068058419754,1.2899348670459857e-10,4.1708273335978595e-11,4.784814969194219e-06,1.5100064225599336e-06,1.5654647510565876e-10,4.940341149251835e-11,3.892423116184672e-19,3.6865512479904246e-19,8.679603287593843e-18,7.668667364380831e-18,1.8577550150939993e-14,1.5381191200754217e-14,2.3214940551886232e-09,1.8083096007168734e-09,1.493453035880968e-12,6.826680748143367e-13,2.065444248226679e-15,9.131681025177312e-16,2.5238538365052103e-23,7.277873894420851e-24,2.319325360523108e-15,6.990786938122462e-16,1.7549157071848685e-18,7.506609769418366e-19,1.0124136528304267e-17,5.162136033474636e-18,6.435284247955211e-10,3.1588668718142117e-10,8.168529725531446e-16,3.8654867231611084e-16,8.330738590482865e-18,2.69336739205542e-18,1.3399316835536205e-19,4.1314941157887243e-20,1.840786183147755e-14,5.675809727799302e-15,6.6182219193488e-11,2.0406372393745494e-11,4.787000168738114e-17,1.511415122465327e-17,0.01032864388703319,0.004891178820394245,9.999999999999221e-31,3.3206918592942033e-31,2.3717442572003463e-09,7.302083647710148e-10,2.6911031246793783e-06,8.095928370044577e-07,2.8047480879467707e-10,8.644034859182509e-11,4.442623239073367e-13,1.3378559549064487e-13
0.643,1233.029822312295,5.403872438136699,0.26015870811756164,2.4521446588946136,0.06780141243339372,0.44615262014933577,1.3544652699117308e-07,1.782553511450937e-06,7.20179333571046e-14,5.971494692869464e-14,2.1902124591585463e-14,9.080267557296965e-15,2.2462386540536663e-08,1.7521182741081408e-08,0.204393755452261,0.15051112132331443,1.572362304066373e-16,6.319678173238906e-17,5.781757548078722e-14,2.2549525265647433e-14,2.1443024737407766e-18,2.368329442713211e-18,6.892041632547489e-16,7.022722368869652e-16,4.7677104775473035e-11,4.509000798133074e-11,1.0575156689547951e-12,1.0001318280149477e-12,1.572275940781705e-05,1.3872686462129074e-05,0.207583206362604,0.1716492328629761,0.4209963318188747,0.1993886520865185,0.08536235217868988,0.02573120398899409,6.238190248148677e-08,2.8518479941402775e-08,4.862847000042681e-06,2.1484653791541703e-06,3.235650789315971e-10,1.3831176471093875e-10,3.0609102304268095e-12,1.3084227042980684e-12,8.086411060281703e-07,3.347891946313591e-07,2.989007861497061e-12,1.584168750705944e-12,0.0003980703649155805,0.00020280910977633231,4.71753330894755e-08,2.3139137458462135e-08,0.00258711371516228,0.0012233647430421183,4.4574874762964685e-07,2.0346975759610126e-07,0.0005195301801938527,0.0002291989310050569,1.2876237996806693e-10,4.1632577364620895e-11,4.7812041184628815e-06,1.5088317166891347e-06,1.5633748520211987e-10,4.933630741040449e-11,3.8800517749277205e-19,3.6747485450186514e-19,8.66328742844877e-18,7.65407337950915e-18,1.8558567349896785e-14,1.5365116203290055e-14,2.3216873844915175e-09,1.808418024723552e-09,1.4918528111980734e-12,6.819206997614218e-13,2.061113809949605e-15,9.112322940169969e-16,2.5159853661665492e-23,7.255014924948562e-24,2.3155178743574627e-15,6.979147877759656e-16,1.7513437584721638e-18,7.491156167310467e-19,1.0106281016104149e-17,5.152911637485971e-18,6.432889672109417e-10,3.157617825506295e-10,8.161641079704243e-16,3.862136842639326e-16,8.309389847843831e-18,2.6864026010529076e-18,1.3360128512519802e-19,4.119314884740176e-20,1.8390862142022984e-14,5.6704358864398e-15,6.615820591965955e-11,2.039849258464648e-11,4.7797029477877656e-17,1.5090759588377163e-17,0.010328643887007726,0.004891064771488067,9.99999999999922e-31,3.320614429854762e-31,2.367287185249894e-09,7.288191349966798e-10,2.6885961803423234e-06,8.08819786689089e-07,2.801869723074481e-10,8.634962594237421e-11,4.4307784993696e-13,1.3342579063148887e-13
0.644,1232.9461440086698,5.404046950236567,0.2601503068503501,2.455988590551305,0.06780669155164226,0.44617697790582844,1.353183679593948e-07,1.7808254344717216e-06,7.18478044437151e-14,5.957249556302421e-14,2.184759310446794e-14,9.057448960032383e-15,2.2431098130149612e-08,1.7496370000356064e-08,0.20437546073173585,0.15049414822904636,1.5684045847477973e-16,6.303624553700737e-17,5.771087782979364e-14,2.2507388307446194e-14,2.136387891990461e-18,2.359533086718213e-18,6.870573155331352e-16,7.000683954044119e-16,4.757145480438982e-11,4.4989044207417796e-11,1.0550054519193322e-12,9.977346101907685e-13,1.5705768410987827e-05,1.3857372376815961e-05,0.20757259592111182,0.17163646601902874,0.42102189123956235,0.19939611835081653,0.08536462129569271,0.0257312893396733,6.234585528546739e-08,2.8501337536843867e-08,4.86304164679771e-06,2.1485013914026307e-06,3.23135128954845e-10,1.3812476396397447e-10,3.0559515288598022e-12,1.306272657430854e-12,8.0794555302479e-07,3.344934435390168e-07,2.9782168731013305e-12,1.5784128244965545e-12,0.00039724365559476546,0.0002023832089910978,4.70652317060331e-08,2.3084596512911317e-08,0.0025840257924613663,0.0012218761344190024,4.451043552665304e-07,2.0317088672175997e-07,0.0005192668700617332,0.00022907743808176295,1.28531984964584e-10,4.155711720975114e-11,4.777600837903093e-06,1.5076595331637794e-06,1.5612904426913583e-10,4.926938226581224e-11,3.8677354128188496e-19,3.662998652405719e-19,8.647023106499792e-18,7.639526006181033e-18,1.8539625922433942e-14,1.5349077009714915e-14,2.3218802652671877e-09,1.8085261886691619e-09,1.4902562241353816e-12,6.811750578045714e-13,2.05679837914784e-15,9.09303257981599e-16,2.508152180880311e-23,7.232259143270733e-24,2.311721628137703e-15,6.967543600947557e-16,1.7477839046207652e-18,7.475755408953035e-19,1.0088480956452105e-17,5.1437162130767336e-18,6.43050008752172e-10,3.1563714520501724e-10,8.154767945288613e-16,3.858794659578066e-16,8.28812291878813e-18,2.6794647241242365e-18,1.3321110571890433e-19,4.107188968537713e-20,1.8373903961332287e-14,5.665075389299611e-15,6.6134242732979e-11,2.039062964980251e-11,4.7724268359325484e-17,1.5067436474365492e-17,0.010328643886982332,0.004890950983074246,9.999999999999213e-31,3.3205371772673155e-31,2.3628446793972768e-09,7.274344923340053e-10,2.6860954057220576e-06,8.080486705959356e-07,2.7989980090817563e-10,8.62591169898347e-11,4.418981338985118e-13,1.3306744223525804e-13
0.645,1232.8625775795704,5.404221367075772,0.2601419107112661,2.459832646271761,0.06781195929046717,0.4462012828494003,1.3519048041348655e-07,1.779101103129588e-06,7.167829268403537e-14,5.943056561509851e-14,2.179326908130121e-14,9.034717901367097e-15,2.2399893790436166e-08,1.7471624896444464e-08,0.20435720453669345,0.1504772121154031,1.5644620222946513e-16,6.287632924002923e-17,5.760452034420288e-14,2.246538713998785e-14,2.1285124258467887e-18,2.350780462427884e-18,6.849198375065863e-16,6.978742396533906e-16,4.7466173202603253e-11,4.488843582908326e-11,1.0525043529677022e-12,9.953461785588048e-13,1.5688817618410482e-05,1.3842095195477619e-05,0.2075620076689814,0.17162372703872605,0.42104738663380237,0.19940356431191802,0.08536689364919878,0.02573137699963416,6.230986638356772e-08,2.8484224059173762e-08,4.863236094212737e-06,2.1485374256052436e-06,3.2270646254374216e-10,1.3793832773877983e-10,3.0510087268199565e-12,1.3041295745260233e-12,8.072518092465263e-07,3.3419847259212916e-07,2.9674788832018334e-12,1.5726853356585378e-12,0.00039641978075544544,0.00020195878256746354,4.695553317166618e-08,2.3030256887495622e-08,0.0025809458915894345,0.0012203914515968861,4.4446176659398397e-07,2.028728635876612e-07,0.0005190041000021516,0.00022895620096451952,1.283022983637717e-10,4.148189175870234e-11,4.774005098215294e-06,1.5064898621010542e-06,1.559211499450775e-10,4.920263528147673e-11,3.8554737035235787e-19,3.651301254901305e-19,8.630810077326804e-18,7.625025021525095e-18,1.8520725710763583e-14,1.53330734815645e-14,2.322072699204198e-09,1.8086340935708142e-09,1.4886632603710054e-12,6.804311420346027e-13,2.05249788062759e-15,9.073809602276654e-16,2.5003540687362752e-23,7.209605926266854e-24,2.3079365741222223e-15,6.955973958270785e-16,1.744236085263575e-18,7.460407228672488e-19,1.0070736089878215e-17,5.1345496235495365e-18,6.428115477110333e-10,3.1551277420987205e-10,8.147910263242758e-16,3.855460144269158e-16,8.266937364451742e-18,2.6725536159359074e-18,1.328226201245712e-19,4.095116052126289e-20,1.8356987118400414e-14,5.659728180842474e-15,6.6110329450514e-11,2.0382783526649784e-11,4.7651717376439996e-17,1.5044181569820178e-17,0.01032864388695704,0.004890837454215864,9.999999999999214e-31,3.320460100895771e-31,2.358416670370699e-09,7.260544147865959e-10,2.6836007773662776e-06,8.07279481265694e-07,2.796132919480965e-10,8.616882087297996e-11,4.407231496041166e-13,1.3271054223407716e-13
0.646,1232.7791226544505,5.404395688911887,0.260133519686971,2.4636768259884056,0.06781721568917454,0.44622553516539915,1.3506286331818226e-07,1.7773805029494163e-06,7.150939489263159e-14,5.928915437466995e-14,2.1739151412824564e-14,9.012073910179942e-15,2.2368773156789796e-08,1.7446947133238663e-08,0.2043389867274147,0.15046031284706243,1.5605345351718332e-16,6.271702948514794e-17,5.749850138588338e-14,2.2423521104362743e-14,2.1206758254006562e-18,2.3420712890088877e-18,6.827916745232573e-16,6.95689712807128e-16,4.736125811577777e-11,4.4788181044192064e-11,1.050012325052632e-12,9.929664874638017e-13,1.567190686745375e-05,1.3826854767174892e-05,0.20755144153874297,0.17161101583130037,0.42107281823353243,0.1994109900461539,0.08536916922768233,0.025731466960599216,6.227393557802313e-08,2.8467139408154152e-08,4.863430342097036e-06,2.148573481293041e-06,3.2227907367201706e-10,1.3775245336621874e-10,3.0460817467722396e-12,1.3019934213878393e-12,8.06559867082749e-07,3.339042784792536e-07,2.956793549815602e-12,1.5669860997971365e-12,0.00039559872576386366,0.00020153582284500578,4.6846235359930306e-08,2.297611751263185e-08,0.002577873977089816,0.0012189106770851038,4.438209734143252e-07,2.0257568430992247e-07,0.0005187418678161033,0.00022883521860513837,1.2807331684723414e-10,4.14068999030481e-11,4.77041687008166e-06,1.5053226936198395e-06,1.557137998893861e-10,4.913606568711864e-11,3.8432663240679194e-19,3.63965604050369e-19,8.61464809851091e-18,7.610570204508527e-18,1.8501866557533795e-14,1.531710548082103e-14,2.32226468798352e-09,1.8087417404453305e-09,1.4870739056227631e-12,6.796889455644188e-13,2.0482122381785432e-15,9.054653661315852e-16,2.4925908177573132e-23,7.187054650753488e-24,2.3041626586411136e-15,6.944438782502653e-16,1.7407002405065303e-18,7.44511136289506e-19,1.005304615867509e-17,5.1254117331507166e-18,6.42573582385989e-10,3.153886686350284e-10,8.141067973922186e-16,3.852133266739388e-16,8.245832750366876e-18,2.6656691326112326e-18,1.3243581824408015e-19,4.083095817860975e-20,1.834011144440016e-14,5.654394206235202e-15,6.608646589023862e-11,2.037495415298701e-11,4.7579375579046414e-17,1.5020994563672668e-17,0.010328643886931796,0.004890724183992105,9.999999999999218e-31,3.320383200114987e-31,2.3540030863636957e-09,7.246788795846021e-10,2.6811122685111633e-06,8.065122102473967e-07,2.7932744274431435e-10,8.607873672055762e-11,4.3955287056913427e-13,1.3235508247260664e-13
0.647,1232.6957788611167,5.404569916009885,0.2601251337637743,2.467521129633851,0.06782246078707045,0.446249735039201,1.3493551564406254e-07,1.7756636195370882e-06,7.134110790430273e-14,5.914825914879142e-14,2.168523899557309e-14,8.98951651784115e-15,2.2337735866497436e-08,1.742233641617691e-08,0.204320807164944,0.15044345028932732,1.556622042357831e-16,6.255834293732668e-17,5.739281932803993e-14,2.2381789546219564e-14,2.1128778425773414e-18,2.3334052877000097e-18,6.806727722767083e-16,6.935147584007439e-16,4.7256707700311107e-11,4.468827806111677e-11,1.0475293214192172e-12,9.905954915358347e-13,1.5655035996281996e-05,1.3811650941709491e-05,0.20754089746181714,0.17159833230512334,0.42109818626953643,0.19941839562932542,0.08537144801958825,0.02573155921428818,6.223806267296383e-08,2.8450083484448593e-08,4.863624390276223e-06,2.1486095580046813e-06,3.218529563555155e-10,1.3756713819573827e-10,3.041170511694718e-12,1.29986416404698e-12,8.058697189663028e-07,3.3361085790776597e-07,2.9461605365542732e-12,1.5613149355127436e-12,0.00039478047647596373,0.00020111432241427937,4.673733617377034e-08,2.2922177333355483e-08,0.002574810014424248,0.0012174337938313609,4.431819676925864e-07,2.0227934507980232e-07,0.0005184801714207595,0.00022871449000698419,1.2784503711784318e-10,4.1332140541475016e-11,4.766836124368015e-06,1.5041580178997722e-06,1.5550699177179996e-10,4.906967271589143e-11,3.831112953569472e-19,3.6280626992461367e-19,8.598536928941838e-18,7.596161335301268e-18,1.8483048306161446e-14,1.5301172870141276e-14,2.3224562332772638e-09,1.8088491303026987e-09,1.4854881456831141e-12,6.789484615428695e-13,2.043941377133447e-15,9.035564417587262e-16,2.4848622187906755e-23,7.164604701797846e-24,2.3003998317587343e-15,6.9329379177066e-16,1.73717631081605e-18,7.42986754964188e-19,1.0035410906576339e-17,5.116302406890309e-18,6.423361110838285e-10,3.1526482755472167e-10,8.134241018178268e-16,3.8488139972584115e-16,8.22480864456324e-18,2.6588111311079715e-18,1.3205069015731643e-19,4.071127953639987e-20,1.8323276771061627e-14,5.649073410830494e-15,6.606265187097419e-11,2.036714146689437e-11,4.7507242022394147e-17,1.4997875146636227e-17,0.01032864388690665,0.004890611171483322,9.999999999999218e-31,3.3203064743005856e-31,2.349603856708507e-09,7.233078643133655e-10,2.678629853333867e-06,8.057468493752057e-07,2.790422506387686e-10,8.59888636691958e-11,4.383872705845004e-13,1.320010548799698e-13
0.648,1232.6125458242614,5.404744048646348,0.2601167529274303,2.471365557140906,0.06782769462350507,0.4462738826564104,1.348084363717979e-07,1.773950438634943e-06,7.117342857800716e-14,5.900787726505534e-14,2.163153073210875e-14,8.967045258305622e-15,2.2306781559353346e-08,1.739779245271841e-08,0.2043026657115181,0.15042662430841103,1.552724463392101e-16,6.240026628468464e-17,5.728747255929754e-14,2.234019181735226e-14,2.105118231202149e-18,2.32478218188372e-18,6.78563076802834e-16,6.913493203278921e-16,4.715252012451644e-11,4.4588725099843555e-11,1.0450552956539346e-12,9.882331457363837e-13,1.5638204844269e-05,1.3796483569986027e-05,0.2075303753675832,0.17158567636690103,0.4211234909718791,0.1994257811368699,0.08537373001247264,0.02573165375215365,6.220224747678769e-08,2.8433056190701165e-08,4.863818238614952e-06,2.1486456552960403e-06,3.2142810467242984e-10,1.373823796039826e-10,3.036274945265744e-12,1.2977417688402248e-12,8.05181357400925e-07,3.3331820761513817e-07,2.9355795119399725e-12,1.5556716640375548e-12,0.00039396501914201455,0.00020069427406815488,4.662883356048687e-08,2.286843531665344e-08,0.0025717539708221986,0.001215960785622994,4.4254474170271323e-07,2.0198384223037417e-07,0.0005182190089833302,0.00022859401428397013,1.276174559060056e-10,4.125761258179852e-11,4.763262832214741e-06,1.5029958252096108e-06,1.553007232746415e-10,4.900345560509186e-11,3.81901327320598e-19,3.616520923165879e-19,8.582476328959991e-18,7.581798195399618e-18,1.846427080136503e-14,1.5285275513294388e-14,2.3226473367476886e-09,1.8089562641449398e-09,1.4839059664628185e-12,6.782096831745576e-13,2.0396852231012074e-15,9.016541533031002e-16,2.477168063924047e-23,7.142255468147986e-24,2.296648044158225e-15,6.92147120984413e-16,1.7336642370320406e-18,7.41467552858266e-19,1.0017830079014907e-17,5.107221510672508e-18,6.420991321207353e-10,3.151412500480479e-10,8.127429337696083e-16,3.8455023064977754e-16,8.203864617623086e-18,2.651979469235357e-18,1.3166722600671975e-19,4.059212149343721e-20,1.8306482930588992e-14,5.643765740140057e-15,6.603888721258112e-11,2.035934540678848e-11,4.743531576861019e-17,1.4974823011661242e-17,0.01032864388688161,0.004890498415769973,9.99999999999922e-31,3.3202299228282744e-31,2.3452189127358984e-09,7.21941347177894e-10,2.6761535079312893e-06,8.049833910626226e-07,2.787577130156192e-10,8.589920086874114e-11,4.372263239089293e-13,1.316484515275813e-13
0.649,1232.529423164739,5.404918087112017,0.26010837716301644,2.475210108442586,0.06783291723784722,0.44629797820268957,1.346816244947263e-07,1.7722409461556519e-06,7.100635379936413e-14,5.886800607366245e-14,2.1578025530320418e-14,8.944659667822015e-15,2.227590987808076e-08,1.7373314952671568e-08,0.20428456223113106,0.15040983477185188,1.548841718395273e-16,6.224279623930307e-17,5.718245948629863e-14,2.2298727276711386e-14,2.0973967470396983e-18,2.3162016971290722e-18,6.764625344796116e-16,6.891933428404119e-16,4.704869356936626e-11,4.44895203926724e-11,1.0425902017154304e-12,9.858794053873634e-13,1.5621413252270615e-05,1.3781352504252168e-05,0.20751987518290627,0.17157304792128172,0.4211487325704462,0.1994331466441151,0.08537601519188409,0.02573175056504383,6.21664898036221e-08,2.8416057432204156e-08,4.864011887029031e-06,2.1486817727455447e-06,3.210045127749849e-10,1.371981749997812e-10,3.0313949719710416e-12,1.2956262024561479e-12,8.044947749765499e-07,3.330263243752644e-07,2.92505014903268e-12,1.5500561090376424e-12,0.0003931523403557462,0.000200275670775877,4.6520725520081894e-08,2.281489045555346e-08,0.0025687058157583148,0.0012144916373125882,4.419092881110779e-07,2.0168917227462072e-07,0.0005179583789999158,0.00022847379069532427,1.2739056997338106e-10,4.118331494216256e-11,4.75969696508884e-06,1.5018361059236322e-06,1.5509499209325222e-10,4.89374135962958e-11,3.8069669662077767e-19,3.605030406296464e-19,8.566466060465997e-18,7.567480567722609e-18,1.8445533889504388e-14,1.5269413275442715e-14,2.3228380000458014e-09,1.809063142965008e-09,1.4823273540179501e-12,6.774726037321662e-13,2.0354437012019502e-15,8.997584667491757e-16,2.4695081455355314e-23,7.120006339492784e-24,2.292907245510806e-15,6.910038501860018e-16,1.7301639603825278e-18,7.399535041097814e-19,1.0000303423300083e-17,5.098168911385645e-18,6.418626438238433e-10,3.150179351997234e-10,8.120632875205262e-16,3.842198165630569e-16,8.183000242733938e-18,2.6451740056709103e-18,1.3128541592540303e-19,4.0473480946182553e-20,1.8289729755663788e-14,5.638471139835512e-15,6.601517173629538e-11,2.035156591152581e-11,4.736359588774604e-17,1.4951837854265058e-17,0.01032864388685665,0.0048903859159325986,9.999999999999209e-31,3.3201535450738233e-31,2.340848188257819e-09,7.205793071513419e-10,2.6736832108796465e-06,8.042218284707226e-07,2.784738273112804e-10,8.58097474853478e-11,4.36070005356828e-13,1.3129726465559354e-13
0.65,1232.4464105319757,5.405092031627766,0.260100006458976,2.4790547834720646,0.06783812866797197,0.44632202185647996,1.3455507898714392e-07,1.770535127775534e-06,7.083988045950467e-14,5.872864293023503e-14,2.1524722316246345e-14,8.922359290300615e-15,2.2245120465628606e-08,1.734890362618898e-08,0.20426649658583268,0.1503930815466875,1.5449737280724688e-16,6.208592953772453e-17,5.707777849889111e-14,2.2257395276961052e-14,2.0897131481187168e-18,2.3076635615637144e-18,6.743710923954605e-16,6.870467709276359e-16,4.694522622952674e-11,4.439066218545791e-11,1.0401339937268909e-12,9.83534225980597e-13,1.5604661060421696e-05,1.3766257596237213e-05,0.20750939684773323,0.17156044688477687,0.42117391129124265,0.19944049222572,0.08537830354879483,0.02573184964559615,6.213078945056025e-08,2.8399087106662604e-08,4.864205335257249e-06,2.148717909866234e-06,3.205821747202294e-10,1.3701452175264385e-10,3.0265305157149198e-12,1.2935174313492335e-12,8.038099641858887e-07,3.327352049245188e-07,2.914572110913528e-12,1.544468088929196e-12,0.00039234242511014945,0.000199858504693862,4.6413009903266935e-08,2.2761541670196997e-08,0.002565665510425577,0.0012130263298480901,4.4127559821853393e-07,2.0139533110430072e-07,0.0005176982786755315,0.00022835381793237657,1.2716437606569742e-10,4.110924653602972e-11,4.756138494014685e-06,1.500678850287873e-06,1.5488979594581652e-10,4.8871545938749016e-11,3.794973719955433e-19,3.593590846675114e-19,8.55050588725636e-18,7.553208236953349e-18,1.8426837415279335e-14,1.525358602049997e-14,2.3230282248193825e-09,1.8091697677638633e-09,1.4807522942675875e-12,6.767372164314733e-13,2.031216738215849e-15,8.978693488271021e-16,2.4618822594190642e-23,7.097856715514698e-24,2.2891773830740773e-15,6.89863962949965e-16,1.7266754225789263e-18,7.384445830729651e-19,9.98283068775636e-18,5.089144476493405e-18,6.416266445220347e-10,3.14894882097451e-10,8.113851570929422e-16,3.838901544674435e-16,8.162215098372372e-18,2.638394600843523e-18,1.3090525018677705e-19,4.035535483511881e-20,1.827301708253858e-14,5.633189556735741e-15,6.59915052636598e-11,2.0343802920194925e-11,4.7292081449537086e-17,1.4928919370019407e-17,0.010328643886831785,0.004890273671081109,9.999999999999204e-31,3.3200773404329394e-31,2.336491609187175e-09,7.192217207839526e-10,2.671218931281337e-06,8.034621519175463e-07,2.781905908301812e-10,8.572050264521668e-11,4.349182884533734e-13,1.309474861181753e-13
0.651,1232.3635075534985,5.405265882473516,0.26009164080091485,2.4828995821627133,0.06784332895278174,0.44634601380127054,1.3442879884769752e-07,1.7688329694883704e-06,7.067400548075059e-14,5.858978521653121e-14,2.147162001383165e-14,8.900143668834608e-15,2.2214412968193786e-08,1.7324558185955793e-08,0.2042484686401138,0.150376364501228,1.541120413610023e-16,6.19296629361933e-17,5.697342801825996e-14,2.2216195183031273e-14,2.0820671939767545e-18,2.299167505016837e-18,6.722886977318045e-16,6.849095496805402e-16,4.684211630876595e-11,4.429214873283283e-11,1.0376866262039594e-12,9.811975633837053e-13,1.5587948110853822e-05,1.3751198699415983e-05,0.20749894029122545,0.17154787316436723,0.4211990273608902,0.19944781795587482,0.08538059507071291,0.02573195098530954,6.209514623015246e-08,2.8382145118770965e-08,4.864398583191586e-06,2.148754066230843e-06,3.2016108470629265e-10,1.368314172924059e-10,3.02168150171205e-12,1.2914154225358257e-12,8.031269176702797e-07,3.324448460602982e-07,2.904145075424153e-12,1.5389074299733179e-12,0.00039153526013191404,0.0001994427688623599,4.630568471278087e-08,2.2708387955392127e-08,0.0025626330233368654,0.0012115648476376001,4.406436645548375e-07,2.0110231517211162e-07,0.0005174387063146169,0.00022823409517082699,1.2693887097668967e-10,4.103540629245105e-11,4.752587390645398e-06,1.4995240487436305e-06,1.5468513255373108e-10,4.88058518826977e-11,3.7830332224749845e-19,3.5822019429882984e-19,8.53459557407829e-18,7.538980988630351e-18,1.840818122603007e-14,1.5237793614543083e-14,2.3232180127041438e-09,1.80927613952609e-09,1.4791807733666685e-12,6.760035145951874e-13,2.027004261239048e-15,8.959867664097554e-16,2.4542902023252655e-23,7.07580599872919e-24,2.2854584095745158e-15,6.887274444996792e-16,1.723198565597512e-18,7.369407642175606e-19,9.965411622514433e-18,5.080148074388457e-18,6.413911325563216e-10,3.1477208983396525e-10,8.107085367702721e-16,3.8356124148751965e-16,8.14150876364208e-18,2.6316411154005613e-18,1.305267191578171e-19,4.023774012994409e-20,1.8256344745969356e-14,5.6279209371899015e-15,6.596788761731315e-11,2.033605637216259e-11,4.722077153340002e-17,1.490606725756106e-17,0.010328643886807001,0.004890161680307437,9.999999999999209e-31,3.3200013082891268e-31,2.332149108866983e-09,7.17868566914861e-10,2.6687606464430808e-06,8.027043541878256e-07,2.779080010119197e-10,8.56314655160862e-11,4.3377114811537614e-13,1.3059910818942527e-13
0.652,1232.2807138654284,5.405439639910946,0.26008328017532045,2.4867445044480903,0.06784851813062906,0.4463699542178829,1.3430278307589576e-07,1.7671344573068582e-06,7.050872580398524e-14,5.845143033032141e-14,2.1418717557427035e-14,8.878012350933848e-15,2.2183787033893e-08,1.730027834625695e-08,0.20423047825873997,0.15035968350435744,1.5372816967748102e-16,6.177399321501295e-17,5.686940647038628e-14,2.217512636189992e-14,2.0744586461833454e-18,2.290713259610284e-18,6.702152981469677e-16,6.827816246868943e-16,4.6739362023863946e-11,4.419397830216817e-11,1.035248053954768e-12,9.788693737513823e-13,1.5571274246367786e-05,1.3736175667919625e-05,0.207488505445974,0.1715353266702792,0.42122408100440106,0.19945512390843645,0.08538288974607096,0.025732054576020586,6.205955995212602e-08,2.8365231372026423e-08,4.864591630689673e-06,2.148790241401767e-06,3.197412369417765e-10,1.3664885905421875e-10,3.016847855462672e-12,1.2893201431637966e-12,8.02445628089379e-07,3.3215524458905894e-07,2.8937687190205333e-12,1.533373957728572e-12,0.00039073083170215305,0.00019902845609647368,4.619874792714324e-08,2.2655428294310575e-08,0.002559608321264863,0.00121010717427286,4.4001347937702596e-07,2.0081012080752656e-07,0.0005171796599373595,0.000228114621461748,1.2671405151348722e-10,4.0961793145119954e-11,4.749043626671169e-06,1.498371691749705e-06,1.5448099965555003e-10,4.8740330684079324e-11,3.7711451646085587e-19,3.570863396648278e-19,8.518734887363965e-18,7.524798609840962e-18,1.8389565169517626e-14,1.5222035924065638e-14,2.3234073653279706e-09,1.8093822592339846e-09,1.477612777510757e-12,6.752714915677477e-13,2.022806197656089e-15,8.941106865058701e-16,2.44673177241212e-23,7.0538535958257e-24,2.2817502754085167e-15,6.875942793610992e-16,1.719733331835366e-18,7.354420221998914e-19,9.948045979250305e-18,5.071179574289645e-18,6.411561062748061e-10,3.1464955750643525e-10,8.100334208059807e-16,3.832330747352844e-16,8.120880821248422e-18,2.624913411184968e-18,1.3014981324964313e-19,4.01206338145729e-20,1.8239712582354798e-14,5.622665228078775e-15,6.594431862079538e-11,2.0328326207135046e-11,4.71496652235246e-17,1.4883281217131052e-17,0.010328643886782283,0.004890049942714707,9.999999999999202e-31,3.3199254480334835e-31,2.327820619191568e-09,7.165198239431525e-10,2.666308331627894e-06,8.01948427455179e-07,2.776260552787574e-10,8.554263526074798e-11,4.326285591254822e-13,1.302521231047264e-13
0.653,1232.1980291049804,5.405613304202421,0.2600749245686511,2.49058955026194,0.06785369623970919,0.4463938432863902,1.3417703067693105e-07,1.7654395773233952e-06,7.034403839058471e-14,5.831357568689664e-14,2.1366013887932226e-14,8.855964886912033e-15,2.2153242312916418e-08,1.7276063823070626e-08,0.204212525307213,0.15034303842564978,1.5334574998658916e-16,6.161891717650446e-17,5.67657122916732e-14,2.2134188184752126e-14,2.0668872681595343e-18,2.282300559555303e-18,6.6815084167256e-16,6.806629419245662e-16,4.6636961603095423e-11,4.4096149172068704e-11,1.0328182320881727e-12,9.765496135316308e-13,1.5554639310650894e-05,1.3721188356706483e-05,0.20747809224458913,0.17152280731290903,0.42124907244566984,0.19946241015686436,0.08538518756328295,0.02573216040958095,6.202403042744343e-08,2.8348345770541376e-08,4.8647844776150526e-06,2.148826434945645e-06,3.1932262567262827e-10,1.3646684448982618e-10,3.012029502950969e-12,1.2872315605953381e-12,8.017660881441378e-07,3.3186639733532735e-07,2.8834427211589893e-12,1.5278674993726265e-12,0.00038992912625416913,0.00019861555929035838,4.6092197541681024e-08,2.2602661678572548e-08,0.0025565913713321993,0.0012086532935156498,4.3938503501505e-07,2.0051874437423622e-07,0.0005169211376000483,0.00022799539587255304,1.2648991450337488e-10,4.0888406034494573e-11,4.745507173937987e-06,1.4972217698176071e-06,1.5427739500175193e-10,4.8674981602797084e-11,3.759309239429618e-19,3.5595749112334263e-19,8.502923594981797e-18,7.510660888989968e-18,1.837098909433956e-14,1.520631281629897e-14,2.323596284310109e-09,1.8094881278642336e-09,1.4760482929735135e-12,6.74541140731426e-13,2.018622475374739e-15,8.922410763624435e-16,2.4392067693970444e-23,7.031998918094372e-24,2.2780529317800184e-15,6.864644523072763e-16,1.7162796640603632e-18,7.339483318403205e-19,9.93073351116518e-18,5.062238846223884e-18,6.40921564033678e-10,3.1452728421648367e-10,8.093598034891089e-16,3.8290565134057784e-16,8.10033085667654e-18,2.6182113509653835e-18,1.2977452294838624e-19,4.000403289658603e-20,1.8223120428916277e-14,5.617422376553462e-15,6.592079809855328e-11,2.0320612365129286e-11,4.707876160969094e-17,1.4860560950809812e-17,0.010328643886757671,0.0048899384574099805,9.999999999999192e-31,3.3198497590597697e-31,2.3235060726447293e-09,7.151754704541608e-10,2.663861962420172e-06,8.011943639923051e-07,2.7734475106962535e-10,8.545401104739626e-11,4.3149049645582e-13,1.2990652315798524e-13
0.654,1232.1154529109826,5.405786875609783,0.26006657396739447,2.4944347195381935,0.06785886331802417,0.4464176811859379,1.3405154066203302e-07,1.7637483157149259e-06,7.017994022290171e-14,5.817621871947256e-14,2.13135079540684e-14,8.834000830414456e-15,2.2122778457630674e-08,1.7251914334150187e-08,0.20419460965182756,0.15032642913542926,1.5296477457298918e-16,6.146443164562619e-17,5.666234392914133e-14,2.2093380027058182e-14,2.05935282519744e-18,2.2739291411739633e-18,6.660952767217597e-16,6.785534477699523e-16,4.65349132866438e-11,4.399865963276709e-11,1.0303971160215838e-12,9.742382394732132e-13,1.5538043148338583e-05,1.3706236621617915e-05,0.20746770061987113,0.1715103150029863,0.42127400190753406,0.19946967677427518,0.08538748851062399,0.025732268477824415,6.198855746836027e-08,2.8331488219073297e-08,4.864977123841093e-06,2.1488626464353666e-06,3.189052451848309e-10,1.3628537106872684e-10,3.007226370676614e-12,1.2851496424205491e-12,8.010882905849987e-07,3.315783011451276e-07,2.8731667635510555e-12,1.522387883307294e-12,0.00038913013027281734,0.00019820407136597032,4.5986031567415366e-08,2.2550087107701763e-08,0.0025535821409850175,0.0012072031892854064,4.387583238667472e-07,2.0022818226787275e-07,0.000516663137388337,0.000227876417484052,1.262664567946831e-10,4.081524390808876e-11,4.741978004468244e-06,1.496074273518231e-06,1.5407431635737416e-10,4.86098039035559e-11,3.74752514228454e-19,3.548336192527536e-19,8.487161466284079e-18,7.496567615842234e-18,1.835245284999562e-14,1.5190624159268206e-14,2.323784771261041e-09,1.809593746388051e-09,1.474487306111374e-12,6.738124555085388e-13,2.0144530224526444e-15,8.903779032997691e-16,2.4317149941113132e-23,7.010241380141349e-24,2.2743663294049865e-15,6.853379479680196e-16,1.7128375054157172e-18,7.324596681252435e-19,9.913473973033549e-18,5.0533257610510855e-18,6.406875041973635e-10,3.144052690702982e-10,8.086876791442071e-16,3.825789684510936e-16,8.079858458277898e-18,2.6115347984642047e-18,1.2940083878223505e-19,3.988793439707219e-20,1.8206568123823765e-14,5.612192330074822e-15,6.589732587599204e-11,2.0312914786491447e-11,4.7008059787461455e-17,1.4837906162579118e-17,0.010328643886733182,0.004889827223504847,9.999999999999209e-31,3.319774240764834e-31,2.31920540227639e-09,7.138354852123292e-10,2.661421514691364e-06,8.004421561607414e-07,2.7706408584087223e-10,8.536559204986759e-11,4.3035693529982927e-13,1.2956230071121657e-13
0.655,1232.0329849237237,5.405960354394549,0.26005822835805725,2.498280012210968,0.06786401940339834,0.44644146809481755,1.339263120473228e-07,1.7620606587277204e-06,7.001642830285612e-14,5.803935687801237e-14,2.12611987113357e-14,8.812119737984496e-15,2.20923951223608e-08,1.7227829598852455e-08,0.20417673115959287,0.15030985550470274,1.5258523577313277e-16,6.131053346877177e-17,5.6559299839385327e-14,2.2052701268164027e-14,2.051855084400278e-18,2.265598742832295e-18,6.64048552077266e-16,6.764530889855611e-16,4.643321532589244e-11,4.3901507985447595e-11,1.0279846614611192e-12,9.719352086067404e-13,1.5521485604877472e-05,1.3691320319256298e-05,0.20745733050484724,0.1714978496515926,0.42129886961171154,0.19947692383339993,0.08538979257637694,0.025732378772609397,6.195314088792934e-08,2.8314658622795975e-08,4.865169569244164e-06,2.148898875446914e-06,3.1848908979814615e-10,1.3610443627548625e-10,3.00243838558977e-12,1.2830743564295093e-12,8.004122282004087e-07,3.3129095288119946e-07,2.8629405308469963e-12,1.5169349395202932e-12,0.00038833383039313515,0.0001977939853232793,4.588024802898055e-08,2.24977035881015e-08,0.0025505805978553193,0.0012057568455940313,4.381333383739704e-07,1.9993843090509462e-07,0.0005164056573973401,0.00022775768538165395,1.260436752547137e-10,4.0742305719796884e-11,4.738456090428985e-06,1.4949291934717173e-06,1.538717614995864e-10,4.854479685509214e-11,3.7357925707308663e-19,3.537146948460576e-19,8.471448272027877e-18,7.48251858145194e-18,1.833395628672524e-14,1.5174969821656445e-14,2.3239728277827037e-09,1.80969911577123e-09,1.4729298033506943e-12,6.730854293555137e-13,2.0102977677446723e-15,8.88521134997449e-16,2.4242562492702207e-23,6.988580402107584e-24,2.2706904200902446e-15,6.842147513055902e-16,1.7094067994115062e-18,7.309760062033676e-19,9.896267121098174e-18,5.044440190410042e-18,6.404539251382734e-10,3.142835111784849e-10,8.080170421248565e-16,3.8225302322928194e-16,8.05946321714973e-18,2.6048836183182006e-18,1.29028751379848e-19,3.977233536862612e-20,1.819005550611183e-14,5.60697503638709e-15,6.587390177942537e-11,2.0305233411879965e-11,4.6937558857711136e-17,1.4815316558172252e-17,0.010328643886708747,0.004889716240115063,9.999999999999204e-31,3.319698892548359e-31,2.314918541555723e-09,7.124998471159116e-10,2.658986964444088e-06,7.996917963639073e-07,2.7678405706239135e-10,8.527737744644014e-11,4.2922785101097556e-13,1.2921944817606936e-13
0.656,1231.9506247823315,5.40613374082469,0.2600498877268399,2.5021254282145713,0.06786916453360267,0.44646520419106583,1.338013438565219e-07,1.7603765927121261e-06,6.985349965364239e-14,5.790298763060924e-14,2.120908512106257e-14,8.790321168664517e-15,2.2062091963621492e-08,1.7203809338309087e-08,0.20415888969852183,0.15029331740529855,1.5220712597517224e-16,6.115721951369878e-17,5.6456578491432384e-14,2.2012151292393822e-14,2.0443938146445493e-18,2.257309104896967e-18,6.620106168597962e-16,6.743618126874988e-16,4.633186598334114e-11,4.38046925421426e-11,1.025580824418469e-12,9.696404782600656e-13,1.550496652671957e-05,1.3676439307149346e-05,0.20744698183150292,0.17148541116902882,0.42132367577910146,0.1994841514066291,0.08539209974824111,0.0257324912856281,6.191778050191532e-08,2.829785688816052e-08,4.865361813723013e-06,2.1489351215668676e-06,3.180741538803947e-10,1.3592403761576806e-10,2.997665475208247e-12,1.28100567066166e-12,7.997378938329775e-07,3.3100434942951774e-07,2.85276371167543e-12,1.5115085001350114e-12,0.00038754021354351124,0.00019738529431307517,4.577484498103199e-08,2.24455101410874e-08,0.002547586710631705,0.0012043142469568917,4.375100711677195e-07,1.996494867897103e-07,0.0005161486958662383,0.00022763919871462,1.2582156677368087e-10,4.066959043114584e-11,4.734941404197473e-06,1.4937865203673887e-06,1.5366972821711725e-10,4.8479959729967625e-11,3.724111224355653e-19,3.526006888934456e-19,8.455783784345784e-18,7.46851357813272e-18,1.8315499255793993e-14,1.5159349673034187e-14,2.324160455467955e-09,1.8098042369728448e-09,1.471375771211898e-12,6.723600557735811e-13,2.006156640635389e-15,8.866707393756457e-16,2.4168303391004625e-23,6.96701540859009e-24,2.2670251566476285e-15,6.830948475884432e-16,1.7059874899145421e-18,7.294973213809788e-19,9.87911271314119e-18,5.035582006751969e-18,6.40220825237484e-10,3.1416200965624704e-10,8.073478868430774e-16,3.819278128660693e-16,8.039144726910072e-18,2.598257676004286e-18,1.2865825144938567e-19,3.9657232888859823e-20,1.817358241543254e-14,5.6017704434388784e-15,6.585052563615439e-11,2.0297568182279832e-11,4.686725792730151e-17,1.4792791845278946e-17,0.010328643886684375,0.00488960550635824,9.999999999999195e-31,3.31962371381128e-31,2.3106454252250645e-09,7.111685354594034e-10,2.6565582888029533e-06,7.989432773446828e-07,2.7650466223298787e-10,8.518936642452491e-11,4.2810321925760223e-13,1.2887795806036753e-13
0.657,1231.8683721421044,5.4063070351301805,0.2600415520617744,2.5059709674834743,0.06787429874552037,0.4464888896484501,1.3367663510717387e-07,1.75869610394707e-06,6.969115131188586e-14,5.776710845717083e-14,2.1157166157941263e-14,8.76860468714722e-15,2.2031868639224838e-08,1.717985327478701e-08,0.20414108513592366,0.1502768147091055,1.5183043762447425e-16,6.100448667194035e-17,5.635417835111264e-14,2.197172948302757e-14,2.036968786844855e-18,2.2490599700346564e-18,6.59981420736908e-16,6.722795665603149e-16,4.6230863534522476e-11,4.3708211627685843e-11,1.0231855611456503e-12,9.673540059997175e-13,1.5488485760496092e-05,1.3661593443066223e-05,0.20743665453884622,0.17147299947204722,0.42134842062806244,0.19949135956585584,0.08539441001677059,0.025732606009527616,6.188247611813597e-08,2.8281082918117206e-08,4.865553857090681e-06,2.1489713843517593e-06,3.1766043177187166e-10,1.357441725844782e-10,2.9929075670222015e-12,1.2789435531555775e-12,7.990652803036602e-07,3.3071848766899875e-07,2.842635989440011e-12,1.5061083945389167e-12,0.00038674926569092166,0.00019697799099852205,4.5669820408037966e-08,2.239350575382316e-08,0.002544600443875117,0.0012028753759460332,4.3688851420939327e-07,1.993613461214581e-07,0.000515892250380393,0.0002275209563449188,1.2560012824429242e-10,4.0597097004827276e-11,4.731433918012037e-06,1.4926462448585076e-06,1.534682143184001e-10,4.8415291807298107e-11,3.7124808059449675e-19,3.514915726941416e-19,8.44016777709197e-18,7.454552399787538e-18,1.8297081608164736e-14,1.5143763582809228e-14,2.3243476559041156e-09,1.8099091109539818e-09,1.469825196193724e-12,6.716363282580872e-13,2.002029570578545e-15,8.84826684394415e-16,2.409437069038266e-23,6.945545827793703e-24,2.2633704883627892e-15,6.81978221028131e-16,1.7025795212129037e-18,7.280235891518968e-19,9.862010508271106e-18,5.026751083248313e-18,6.399882028805937e-10,3.1404076362238676e-10,8.066802076001642e-16,3.816033345020875e-16,8.018902585309132e-18,2.5916568383686406e-18,1.282893297092429e-19,3.954262403917722e-20,1.8157148693780097e-14,5.596578499933151e-15,6.582719727405269e-11,2.0289919038941544e-11,4.6797156105911176e-17,1.4770331732593242e-17,0.010328643886660101,0.004889495021369959,9.999999999999195e-31,3.319548703966724e-31,2.306385984239778e-09,7.098415283784493e-10,2.654135460135776e-06,7.981965904200278e-07,2.762258987924019e-10,8.510155815384011e-11,4.2698301517303106e-13,1.2853782271266535e-13
0.658,1231.7862266430875,5.406480237583008,0.26003322134887524,2.5098166299523412,0.06787942207671567,0.4465125246440712,1.335521848346473e-07,1.7570191789451168e-06,6.952938034029834e-14,5.763171685955271e-14,2.1105440796425676e-14,8.746969858083723e-15,2.2001724809658444e-08,1.7155961132657806e-08,0.20412331734106356,0.15026034728911578,1.5145516321149801e-16,6.085233185355632e-17,5.6252097908160524e-14,2.193143523273267e-14,2.029579773394797e-18,2.2408510825805016e-18,6.579609135296126e-16,6.70206298452071e-16,4.613020626383559e-11,4.361206357550359e-11,1.0207988282326432e-12,9.650757497172302e-13,1.5472043154385048e-05,1.3646782586140291e-05,0.20742634855833422,0.17146061447076033,0.42137310437716197,0.19949854838256398,0.08539672336996713,0.025732722936123824,6.18472275552974e-08,2.8264336620551248e-08,4.865745699266229e-06,2.1490076633996776e-06,3.1724791791750865e-10,1.3556483872141015e-10,2.9881645895229933e-12,1.276887972380785e-12,7.983943805422904e-07,3.304333645235059e-07,2.8325570591212702e-12,1.5007344582763921e-12,0.0003859609741396534,0.00019657206872475608,4.556517240349257e-08,2.234168946705904e-08,0.0025416217672888353,0.0012014402175650276,4.3626866032430047e-07,1.9907400549457784e-07,0.0005156363192961766,0.00022740295747424253,1.2537935659679616e-10,4.052482441577626e-11,4.72793360457907e-06,1.4915083577446628e-06,1.5326721761609492e-10,4.835079236757342e-11,3.7009010192739164e-19,3.5038731764496066e-19,8.424600025111383e-18,7.440634841217373e-18,1.827870319676575e-14,1.5128211422011385e-14,2.3245344306677686e-09,1.8100137386626799e-09,1.4682780649720117e-12,6.709142403852239e-13,1.9979164880230465e-15,8.829889384575038e-16,2.402076246353739e-23,6.924171093287407e-24,2.2597263698424637e-15,6.80864857440963e-16,1.6991828378741782e-18,7.265547851323694e-19,9.844960267186088e-18,5.0179472938940486e-18,6.397560564638942e-10,3.139197722004191e-10,8.06013998885887e-16,3.8127958536688494e-16,7.998736391176344e-18,2.5850809726239253e-18,1.2792197702128228e-19,3.942850594559504e-20,1.814075418227854e-14,5.5913991543028594e-15,6.580391652202249e-11,2.0282285923398055e-11,4.672725251115145e-17,1.4747935931337543e-17,0.010328643886635923,0.00488938478427397,9.999999999999214e-31,3.319473862419796e-31,2.3021401548031517e-09,7.085188056262484e-10,2.6517184565599874e-06,7.974517286358639e-07,2.7594776427728737e-10,8.501395183394744e-11,4.2586721487047087e-13,1.2819903477750657e-13
0.659,1231.70418792469,5.406653348460499,0.2600248955739044,2.5136624155560345,0.06788453456464645,0.44653610935449384,1.3342799208196147e-07,1.7553458043237473e-06,6.936818382289985e-14,5.749681035776359e-14,2.1053908017083984e-14,8.725416248741796e-15,2.197166013766174e-08,1.713213263811741e-08,0.20410558618437297,0.15024391501928422,1.5108129527823378e-16,6.07007519898955e-17,5.615033566466959e-14,2.1891267939125987e-14,2.022226548445973e-18,2.2326821888524e-18,6.559490453992975e-16,6.681419565666646e-16,4.602989246691996e-11,4.351624672998523e-11,1.0184205825757184e-12,9.628056676019807e-13,1.54556385576007e-05,1.3632006596458705e-05,0.20741606382059477,0.17144825607470068,0.4213977272443492,0.19950571792802158,0.08539903979489132,0.025732842056962465,6.181203463477356e-08,2.824761790460849e-08,4.8659373401911124e-06,2.14904395831963e-06,3.1683660681016223e-10,1.353860335874043e-10,2.9834364717708865e-12,1.2748388970567181e-12,7.977251875349019e-07,3.301489769410124e-07,2.8225266191037324e-12,1.4953865287223386e-12,0.0003851753264171286,0.00019616752095194043,4.5460899088634775e-08,2.229006033533795e-08,0.002538650651545279,0.0012000087572795741,4.356505025126492e-07,1.9878746158395415e-07,0.0005153809011021748,0.0002272852013629235,1.2515924878434924e-10,4.045277164655975e-11,4.724440436819063e-06,1.490372849896014e-06,1.5306673593521824e-10,4.828646069536396e-11,3.6893715701589807e-19,3.4928789534094223e-19,8.409080304656995e-18,7.426760698511381e-18,1.8260363875581148e-14,1.511269306258393e-14,2.324720781326115e-09,1.8101181210402953e-09,1.4667343643182903e-12,6.7019378577679e-13,1.9938173239271395e-15,8.811574702001773e-16,2.3947476797935232e-23,6.902890642993759e-24,2.2560927559191143e-15,6.797547427146026e-16,1.695797384828929e-18,7.250908850988741e-19,9.827961752144234e-18,5.009170513507136e-18,6.395243843926678e-10,3.13799034518657e-10,8.053492552468401e-16,3.809565627177608e-16,7.978645745903245e-18,2.578529946836009e-18,1.2755618432434578e-19,3.9314875758359466e-20,1.8124398722758223e-14,5.586232355213273e-15,6.578068321006167e-11,2.027466877754491e-11,4.6657546266735426e-17,1.4725604154727707e-17,0.010328643886611834,0.004889274794196559,9.999999999999214e-31,3.319399188577309e-31,2.2979078743016616e-09,7.072003473244879e-10,2.6493072572216526e-06,7.967086853495093e-07,2.7567025625234404e-10,8.49265466732817e-11,4.2475579476723e-13,1.2786158699233623e-13
0.66,1231.622255650033,5.406826367982875,0.260016574725374,2.517508324229573,0.06788963624549368,0.44655964395011327,1.3330405588066566e-07,1.753675966561903e-06,6.920755885423394e-14,5.736238648128744e-14,2.1002566816590127e-14,8.703943433186142e-15,2.1941674286999665e-08,1.7108367518308564e-08,0.2040878915350574,0.15022751777346238,1.507088264259502e-16,6.054974403698306e-17,5.604889011338182e-14,2.1851226996409613e-14,2.014908888281109e-18,2.2245530375728174e-18,6.53945767138902e-16,6.660864897634058e-16,4.592992045336716e-11,4.342075944924494e-11,1.016050781288484e-12,9.605437180614656e-13,1.5439271819255617e-05,1.3617265334121492e-05,0.20740580026674793,0.17143592420297205,0.4214222894445081,0.1995128682730455,0.08540135928251226,0.02573296336489954,6.177689716573145e-08,2.8230926674028217e-08,4.866128779676429e-06,2.1490802686740264e-06,3.164264928848558e-10,1.3520775471977842e-10,2.9787231425616226e-12,1.2727962958024329e-12,7.970576942161689e-07,3.2986532185060673e-07,2.8125443582072216e-12,1.4900644382180089e-12,0.0003843923084959584,0.00019576434035067388,4.535699847262188e-08,2.2238617358538652e-08,0.002535687061033675,0.001198580977594905,4.350340327505455e-07,1.9850171059892945e-07,0.0005151259933027857,0.0002271676868386505,1.2493980175450382e-10,4.03809376783456e-11,4.72095438737207e-06,1.4892397121041594e-06,1.5286676712383484e-10,4.822229608291517e-11,3.6778921680831527e-19,3.481932777307686e-19,8.393608393871508e-18,7.41292976950628e-18,1.8242063497808747e-14,1.5097208375928624e-14,2.324906709441918e-09,1.8102222590337285e-09,1.4651940809392784e-12,6.694749580299399e-13,1.989732008709688e-15,8.793322480297636e-16,2.3874511786646928e-23,6.881703916579114e-24,2.252469595129858e-15,6.786478608464452e-16,1.6924231074550192e-18,7.236318650274768e-19,9.81101472667701e-18,5.0004206176053736e-18,6.392931850754511e-10,3.136785497088468e-10,8.046859710503816e-16,3.806342637298574e-16,7.958630255692711e-18,2.5720036306625374e-18,1.2719194249803374e-19,3.9201730610137656e-20,1.810808216014756e-14,5.58107805232488e-15,6.575749716869711e-11,2.026706754355925e-11,4.6588036498082504e-17,1.4703336116653283e-17,0.010328643886587777,0.0048891650502891435,9.999999999999209e-31,3.3193246818631713e-31,2.293689074244478e-09,7.058861317936699e-10,2.6469018340718526e-06,7.959674517603385e-07,2.753933721871536e-10,8.483934185159891e-11,4.2364873039433744e-13,1.2752547182974912e-13
0.661,1231.540429458455,5.40699929643384,0.2600082587887468,2.521354355908176,0.06789472715655266,0.4465831286067537,1.3318037528485688e-07,1.7520096524312433e-06,6.904750255619225e-14,5.722844278249217e-14,2.0951416187744875e-14,8.682550983916859e-15,2.1911766924170216e-08,1.7084665502493193e-08,0.20407023326489052,0.15021115542680097,1.5033774929412147e-16,6.039930496648655e-17,5.5947759776561356e-14,2.1811311810322924e-14,2.0076265704244924e-18,2.2164633788655098e-18,6.519510295753361e-16,6.640398469420454e-16,4.5830288539637216e-11,4.3325600098019e-11,1.0136893818198054e-12,9.582898598237941e-13,1.5422942790180813e-05,1.3602558660720503e-05,0.2073955578265489,0.17142361876459597,0.42144679119341183,0.1995199994880284,0.0854036818199607,0.02573308685152881,6.174181497251744e-08,2.821426283939703e-08,4.86632001768578e-06,2.14911659408372e-06,3.160175707094136e-10,1.3502999971252958e-10,2.9740245318942217e-12,1.2707601377519555e-12,7.963918936554855e-07,3.295823962364448e-07,2.8026099820578187e-12,1.4847680280283947e-12,0.00038361190842121196,0.00019536252064752035,4.525346871793129e-08,2.2187359611798597e-08,0.0025327309675687204,0.0011971568645247255,4.344192442502983e-07,1.982167493128439e-07,0.0005148715945227798,0.00022705041322249197,1.2472101249923002e-10,4.03093215066943e-11,4.717475429484906e-06,1.488108935348203e-06,1.5266730902927704e-10,4.815829782219737e-11,3.6664625228545146e-19,3.4710343679713227e-19,8.378184071583214e-18,7.399141852653732e-18,1.8223801918986343e-14,1.5081757235353e-14,2.3250922165661717e-09,1.810326153572971e-09,1.4636572017530601e-12,6.687577508371628e-13,1.9856604748746034e-15,8.775132412772898e-16,2.3801865552771423e-23,6.860610362428897e-24,2.2488568456869773e-15,6.775441987491781e-16,1.6890599513590275e-18,7.22177700993613e-19,9.794118955826132e-18,4.99169748248054e-18,6.390624569327729e-10,3.1355831690754967e-10,8.040241409221647e-16,3.803126856995973e-16,7.938689526865671e-18,2.5655018938120453e-18,1.2682924267909647e-19,3.90890677131656e-20,1.8091804337628645e-14,5.575936194748452e-15,6.573435822954593e-11,2.0259482163885063e-11,4.651872233922774e-17,1.4681131533721385e-17,0.010328643886563828,0.004889055551683122,9.99999999999921e-31,3.319250341687655e-31,2.2894836935764526e-09,7.045761396437435e-10,2.6445021673908623e-06,7.952280215709162e-07,2.751171096851741e-10,8.475233658973614e-11,4.225459986112358e-13,1.2719068216297372e-13
0.662,1231.458709008884,5.407172134050901,0.2599999477517109,2.5252005105272337,0.0678998073340172,0.4466065634949042,1.3305694934244478e-07,1.75034684863307e-06,6.888801206498178e-14,5.709497682631335e-14,2.0900455137739236e-14,8.661238479512068e-15,2.188193771725203e-08,1.706102632129949e-08,0.20405261124504986,0.15019482785470248,1.4996805658265777e-16,6.024943177515996e-17,5.5846943172582614e-14,2.1771521785302015e-14,2.0003793744999354e-18,2.208412965221384e-18,6.499647841217538e-16,6.620019776109234e-16,4.573099505641002e-11,4.3230767054984064e-11,1.0113363418766392e-12,9.560440518728764e-13,1.540665132152711e-05,1.3587886438221839e-05,0.2073853364381673,0.17141133967632396,0.42147123270442916,0.1995271116430815,0.08540600739698587,0.025733212509347066,6.170678787079321e-08,2.8197626307483977e-08,4.8665110540859395e-06,2.149152934136231e-06,3.1560983482025515e-10,1.348527661473193e-10,2.9693405697259553e-12,1.268730392033093e-12,7.957277789012066e-07,3.293001970760967e-07,2.7927231879442223e-12,1.479497135033525e-12,0.0003828341128485959,0.00019496205486359017,4.51503079028276e-08,2.2136286129237044e-08,0.002529782338178964,0.0011957364018290513,4.338061294523358e-07,1.979325741484364e-07,0.0005146177026373655,0.00022693337950618442,1.2450287801241394e-10,4.0237922128165216e-11,4.714003536241848e-06,1.486980510564772e-06,1.5246835952115747e-10,4.809446521257604e-11,3.6550823476851246e-19,3.460183448511567e-19,8.36280711853181e-18,7.385396748165964e-18,1.8205578994459154e-14,1.506633951410305e-14,2.325277304244137e-09,1.8104298055912546e-09,1.4621237136624466e-12,6.680421578884304e-13,1.981602653810739e-15,8.757004187906877e-16,2.3729536217284032e-23,6.8396094284378e-24,2.245254458218339e-15,6.76443741056321e-16,1.6857078625915425e-18,7.207283692702874e-19,9.77727420610042e-18,4.983000985218919e-18,6.388321983899002e-10,3.1343833525525877e-10,8.033637593617157e-16,3.7999182586608517e-16,7.918823170260949e-18,2.559024607487657e-18,1.264680758980557e-19,3.8976884247580326e-20,1.807556510109795e-14,5.570806732467484e-15,6.571126622497261e-11,2.0251912581300432e-11,4.6449602927417016e-17,1.465899012367598e-17,0.010328643886539974,0.004888946297531491,9.999999999999197e-31,3.3191761674757155e-31,2.2852916668439994e-09,7.032703501380552e-10,2.642108231977697e-06,7.944903868406591e-07,2.7484146628189014e-10,8.466553008815028e-11,4.214475756580718e-13,1.268572106806435e-13
0.663,1231.3770939535466,5.407344881091808,0.2599916416009849,2.5290467880223186,0.06790487681432204,0.44662994878623413,1.3293377711222432e-07,1.748687542013802e-06,6.872908453849917e-14,5.696198619606445e-14,2.0849682677021117e-14,8.640005499968028e-15,2.1852186336536522e-08,1.703744970712553e-08,0.20403502534803356,0.1501785349334531,1.4959974103736489e-16,6.010012147868224e-17,5.5746438835819e-14,2.1731856332119106e-14,1.9931670816793525e-18,2.2004015508777007e-18,6.479869824375011e-16,6.599728315370537e-16,4.563203834389872e-11,4.3136258708098274e-11,1.0089916194634314e-12,9.53806253480611e-13,1.5390397265572763e-05,1.35732485296073e-05,0.20737513603622754,0.17139908685186314,0.421495614190532,0.19953420480795167,0.08540833600203615,0.025733340330439697,6.167181568185111e-08,2.818101698763589e-08,4.866701888797293e-06,2.149189288441047e-06,3.1520327982041236e-10,1.3467605163464998e-10,2.9646711867112918e-12,1.2667070280765283e-12,7.950653430735466e-07,3.290187213772786e-07,2.7828836801557106e-12,1.4742515998464696e-12,0.0003820589091615491,0.0001945629363917241,4.5047514164475334e-08,2.2085395974007013e-08,0.0025268411424663956,0.0011943195744867578,4.331946812342783e-07,1.9764918172850087e-07,0.0005143643158987481,0.0002268165848477636,1.242853953150453e-10,4.0166738548245984e-11,4.710538681026275e-06,1.4858544287859012e-06,1.5226991647728266e-10,4.8030797556116637e-11,3.6437513572929705e-19,3.449379743508464e-19,8.347477316593348e-18,7.371694257292445e-18,1.8187394580868884e-14,1.5050955086517027e-14,2.325461974011765e-09,1.8105332160128846e-09,1.460593603688389e-12,6.673281729286721e-13,1.977558477698067e-15,8.738937497726023e-16,2.365752191802434e-23,6.818700567446404e-24,2.241662386643007e-15,6.753464733954414e-16,1.6823667875089608e-18,7.192838462651838e-19,9.760480245466087e-18,4.9743310036701754e-18,6.386024078811912e-10,3.133186038969067e-10,8.02704820973319e-16,3.79671681518342e-16,7.899030798523636e-18,2.552571643497179e-18,1.261084332956065e-19,3.886517742791001e-20,1.805936429646682e-14,5.5656896154771204e-15,6.568822098829699e-11,2.0244358738876414e-11,4.638067740623294e-17,1.4636911606307647e-17,0.010328643886516218,0.004888837286983549,9.999999999999202e-31,3.319102158649809e-31,2.281112931318566e-09,7.019687433819275e-10,2.639720005471763e-06,7.937545404841708e-07,2.745664395661838e-10,8.457892156386705e-11,4.2035343832514405e-13,1.2652505023814859e-13
0.664,1231.2955839529682,5.407517537796147,0.2599833403241641,2.5328931883291737,0.06790993563340696,0.4466532846500355,1.3281085765136203e-07,1.7470317194053603e-06,6.857071714894545e-14,5.682946848747567e-14,2.0799097825359766e-14,8.618851629236494e-15,2.182251245366103e-08,1.7013935393511955e-08,0.20401747544626642,0.15016227653962766,1.492327954531029e-16,5.995137111309439e-17,5.5646245302721304e-14,2.16923148625168e-14,1.9859894748830457e-18,2.19242889204513e-18,6.4601757660167965e-16,6.579523589247233e-16,4.553341675318624e-11,4.304207345598626e-11,1.0066551728168354e-12,9.515764241478503e-13,1.5374180474945324e-05,1.3558644798226847e-05,0.20736495655884565,0.17138686020818447,0.4215199358628774,0.19954127905192232,0.08541066762507242,0.025733470307402254,6.163689822313206e-08,2.816443478752514e-08,4.866892521697103e-06,2.1492256565930688e-06,3.147979003114185e-10,1.3449985378514581e-10,2.960016313658352e-12,1.2646900153871636e-12,7.94404579293883e-07,3.28737966149535e-07,2.7730911623495457e-12,1.469031262773707e-12,0.0003812862844257578,0.00019416515846460488,4.494508561167532e-08,2.203468819557304e-08,0.0025239073480556816,0.0011929063665479746,4.3258489215744223e-07,1.973665685326467e-07,0.0005141114322337557,0.0002267000282624806,1.2406856143677435e-10,4.0095769775505744e-11,4.707080837207714e-06,1.484730681044567e-06,1.5207197778973528e-10,4.7967294159640215e-11,3.6324692688805106e-19,3.4386229799467283e-19,8.332194449049511e-18,7.358034182578563e-18,1.816924853492007e-14,1.5035603827047558e-14,2.3256462273984927e-09,1.8106363857606161e-09,1.459066858863108e-12,6.666157897108521e-13,1.9735278796763555e-15,8.720932038573754e-16,2.3585820813873974e-23,6.79788323846393e-24,2.238080584728653e-15,6.742523813528467e-16,1.679036672831126e-18,7.178441085473397e-19,9.743736843118004e-18,4.965687416344887e-18,6.383730838467667e-10,3.1319912198113083e-10,8.020473203165738e-16,3.7935224992570447e-16,7.879312027433118e-18,2.546142874689405e-18,1.2575030611577523e-19,3.875394450107103e-20,1.8043201771133427e-14,5.560584794253727e-15,6.566522235349746e-11,2.023682057994361e-11,4.6311944922669896e-17,1.4614895702572084e-17,0.010328643886492562,0.004888728519198922,9.9999999999992e-31,3.319028314639383e-31,2.2769474225641455e-09,7.006712989605813e-10,2.6373374631863072e-06,7.930204747198935e-07,2.7429202710253235e-10,8.449251022675518e-11,4.19263563196006e-13,1.261941936301567e-13
0.665,1231.2141786589132,5.407690104429091,0.2599750439076175,2.53673971138373,0.06791498382755572,0.4466765712572889,1.3268819003059274e-07,1.7453793678193634e-06,6.841290709197307e-14,5.669742131608565e-14,2.074869960485642e-14,8.597776452299536e-15,2.1792915742739122e-08,1.699048311596733e-08,0.2039999614136936,0.15014605255077398,1.4886721267112133e-16,5.980317773352836e-17,5.55463611283448e-14,2.1652896795579186e-14,1.978846338553122e-18,2.184494746650029e-18,6.440565189159246e-16,6.559405102123893e-16,4.5435128644964374e-11,4.294820970660411e-11,1.0043269604898942e-12,9.493545236808054e-13,1.5358000803611143e-05,1.3544075108626908e-05,0.20735479793954836,0.171374659658286,0.42154419793246356,0.19954833444394923,0.085413002254327,0.025733602432280244,6.160203531947953e-08,2.814787961820033e-08,4.86708295273261e-06,2.149262038215571e-06,3.143936909742732e-10,1.3432417024370423e-10,2.955375882179412e-12,1.2626793238178866e-12,7.937454807699609e-07,3.28457928438424e-07,2.7633453456602434e-12,1.463835968105978e-12,0.00038051622650570255,0.00019376871472271055,4.4843020425516874e-08,2.1984161878984382e-08,0.002520980925885162,0.0011914967636309838,4.3197675534478816e-07,1.970847312972224e-07,0.0005138590500642539,0.00022658370898383722,1.2385237343785545e-10,4.002501482855456e-11,4.703629978508801e-06,1.4836092584855917e-06,1.5187454135817292e-10,4.79039543324521e-11,3.6212358010165475e-19,3.4279128861455715e-19,8.316958300320404e-18,7.34441632760533e-18,1.815114071491411e-14,1.5020285611481935e-14,2.3258300659241516e-09,1.810739315747361e-09,1.4575434663621067e-12,6.659050020541035e-13,1.9695107933219357e-15,8.70298750876915e-16,2.351443107579667e-23,6.777156904062499e-24,2.23450900882598e-15,6.731614512951385e-16,1.675717465577931e-18,7.1640913281766075e-19,9.727043769794411e-18,4.957070102558545e-18,6.381442247361813e-10,3.1307988866105406e-10,8.013912520819921e-16,3.7903352841964105e-16,7.859666474420754e-18,2.5397381744665855e-18,1.253936856820519e-19,3.864318273888006e-20,1.802707737229381e-14,5.5554922192161865e-15,6.564227015553284e-11,2.0229298048125448e-11,4.6243404630737283e-17,1.459294213567916e-17,0.01032864388646895,0.004888619993331636,9.999999999999188e-31,3.3189546348701128e-31,2.272795079591927e-09,6.993779975230636e-10,2.634960584127914e-06,7.922881828775536e-07,2.740182265220486e-10,8.440629530729448e-11,4.181779275314151e-13,1.2586463385625545e-13
0.666,1231.132877734783,5.40786258122956,0.2599667523389799,2.54058635712209,0.06792002143235785,0.4466998087756108,1.3256577331925516e-07,1.743730474257199e-06,6.82556515789795e-14,5.656584231107625e-14,2.0698487048550243e-14,8.57677955876934e-15,2.176339587956464e-08,1.6967092611414754e-08,0.20398248312423364,0.1501298628448711,1.485029855867854e-16,5.965553841754427e-17,5.544678486942333e-14,2.161360155121884e-14,1.9717374589969163e-18,2.1765988747218745e-18,6.42103762151663e-16,6.539372363270418e-16,4.5337172392314165e-11,4.285466588003603e-11,1.0020069412940543e-12,9.471405121399485e-13,1.534185810605237e-05,1.352953932587821e-05,0.20734466011668576,0.17136248511965405,0.42156840060852135,0.1995553710526922,0.0854153398794496,0.02573373669761927,6.156722679124078e-08,2.8131351388761003e-08,4.867273181799112e-06,2.1492984329149054e-06,3.1399064648654003e-10,1.341489986546052e-10,2.950749824048766e-12,1.2606749233001852e-12,7.930880407148589e-07,3.2817860529328467e-07,2.75364593754142e-12,1.4586655582128373e-12,0.00037974872252271577,0.00019337359842985482,4.474131674556403e-08,2.193381608916214e-08,0.0025180618443014636,0.0011900907501357562,4.313702635072384e-07,1.968036665718456e-07,0.0005136071673966594,0.00022646762606299571,1.2363682838735602e-10,3.995447272915866e-11,4.7001860786246495e-06,1.4824901522514647e-06,1.5167760510010508e-10,4.784077738977308e-11,3.6100506750190207e-19,3.417249193080936e-19,8.301768656449675e-18,7.330840497446715e-18,1.8133070979358688e-14,1.50050003158509e-14,2.3260134911019613e-09,1.8108420068857187e-09,1.4560234133814797e-12,6.651958037903106e-13,1.9655071517030623e-15,8.685103604466981e-16,2.344335087848427e-23,6.756521027995635e-24,2.2309476110948783e-15,6.720736683311704e-16,1.6724091131588882e-18,7.149788959500304e-19,9.710400797640847e-18,4.9484789423817425e-18,6.37915829004929e-10,3.1296090309381353e-10,8.007366109016339e-16,3.787155143056881e-16,7.840093760514916e-18,2.5333574174228692e-18,1.2503856327994961e-19,3.8532889402011594e-20,1.8010990949027742e-14,5.550411841390741e-15,6.561936423016183e-11,2.0221791087362854e-11,4.617505568837983e-17,1.4571050630178623e-17,0.010328643886445396,0.004888511708549618,9.999999999999188e-31,3.3188811187770938e-31,2.268655839136447e-09,6.980888190236094e-10,2.632589344299064e-06,7.915576573874215e-07,2.7374503542370256e-10,8.432027602648237e-11,4.17096508322218e-13,1.2553636383636545e-13
0.667,1231.051680834138,5.408034968464245,0.25995846560455477,2.5444331254805443,0.06792504848382351,0.44672299737467014,1.3244360659645606e-07,1.7420850258493636e-06,6.809894784016559e-14,5.6434729117559845e-14,2.0648459191072668e-14,8.555860538977905e-15,2.1733952541650123e-08,1.6943763618148416e-08,0.20396504045311603,0.1501137073006693,1.481401071331765e-16,5.950845025828049e-17,5.534751509806388e-14,2.1574428555421282e-14,1.964662623855628e-18,2.1687410377968773e-18,6.401592592612701e-16,6.519424883871259e-16,4.5239546375705854e-11,4.276144040358088e-11,9.996950742919084e-13,9.449343498290066e-13,1.532575223761821e-05,1.3515037315827157e-05,0.20733454302389095,0.1713503365056426,0.4215925440999462,0.19956238894633702,0.08541768048875469,0.025733873095525307,6.153247246463479e-08,2.8114850010974115e-08,4.8674632088515865e-06,2.1493348403205694e-06,3.135887615899113e-10,1.3397433668979783e-10,2.94613807168317e-12,1.2586767840439445e-12,7.924322524046807e-07,3.27899993789696e-07,2.7439926554353713e-12,1.4535198807773557e-12,0.00037898376076347793,0.000192979803444203,4.463997278019543e-08,2.1883649924897625e-08,0.002515150074692553,0.0011886883119011993,4.3076540986199404e-07,1.9652337113752796e-07,0.0005133557826822535,0.00022635177874716044,1.2342192337964944e-10,3.988414250739696e-11,4.6967491115500296e-06,1.4813733535791602e-06,1.5148116693733454e-10,4.777776264825585e-11,3.598913613360924e-19,3.4066316328613133e-19,8.286625304331598e-18,7.317306497955221e-18,1.8115039187802064e-14,1.4989747817054355e-14,2.3261965044361248e-09,1.8109444600783385e-09,1.4545066872163194e-12,6.644881887970621e-13,1.9615168905367044e-15,8.667280033569063e-16,2.3372578435042648e-23,6.735975085165033e-24,2.2273963514655877e-15,6.709890199125056e-16,1.6691115632518217e-18,7.135533749363304e-19,9.693807699987647e-18,4.9399138165052884e-18,6.376878951172916e-10,3.128421644406137e-10,8.000833915196521e-16,3.783982049424818e-16,7.820593507969961e-18,2.5270004785670104e-18,1.2468493048101212e-19,3.842306183967726e-20,1.7994942350043828e-14,5.545343611692157e-15,6.559650441397346e-11,2.0214299641836758e-11,4.61068972589635e-17,1.4549220912365898e-17,0.010328643886421936,0.004888403664013692,9.999999999999193e-31,3.3188077657905834e-31,2.2645296410610216e-09,6.968037443819643e-10,2.6302237230551846e-06,7.908288916883749e-07,2.734724514645012e-10,8.423445162324871e-11,4.160192831361243e-13,1.252093766650556e-13
0.668,1230.9705876311587,5.408207266351036,0.2599501836929949,2.5482800163955397,0.06793006501681877,0.44674613721862144,1.3232168893730246e-07,1.7404430096849699e-06,6.794279312201709e-14,5.6304079394832704e-14,2.0598615081426597e-14,8.535018989323894e-15,2.170458540848249e-08,1.6920495876135846e-08,0.2039476332749264,0.15009758579716648,1.4777857030691782e-16,5.936191037518669e-17,5.5248550383945785e-14,2.1535377233436833e-14,1.957621622882434e-18,2.1609209997897928e-18,6.382229637897705e-16,6.499562181257309e-16,4.514224899072247e-11,4.266853171931122e-11,9.973913188317287e-13,9.42735997333308e-13,1.530968305424568e-05,1.350056894493181e-05,0.20732444660342597,0.17133821373754785,0.4216166286132335,0.19956938819283512,0.08542002407322691,0.02573401161902829,6.149777215802295e-08,2.8098375393172155e-08,4.8676530337521434e-06,2.149371260030947e-06,3.1318803100214595e-10,1.3380018201209057e-10,2.941540557534055e-12,1.2566848762854102e-12,7.917781091064819e-07,3.2762209100164815e-07,2.734385206381107e-12,1.4483987780026972e-12,0.0003782213278289926,0.0001925873227676585,4.453898665413308e-08,2.183366244423768e-08,0.002512245583756216,0.0011872894325583097,4.3016218687849035e-07,1.9624384143573858e-07,0.0005131048936418858,0.00022623616596272806,1.2320765551328098e-10,3.981402319507315e-11,4.69331905113538e-06,1.4802588536691166e-06,1.5128522481535633e-10,4.771490943239399e-11,3.5878243419244044e-19,3.3960599408818236e-19,8.27152803288279e-18,7.303814136840899e-18,1.8097045199926814e-14,1.4974527992202634e-14,2.3263791074254172e-09,1.8110466762317535e-09,1.4529932751720175e-12,6.637821509611712e-13,1.957539942491283e-15,8.649516490601852e-16,2.3302111932882972e-23,6.715518543184272e-24,2.2238551784165194e-15,6.699074900468068e-16,1.6658247639719424e-18,7.1213254696304025e-19,9.677264251792153e-18,4.931374606495511e-18,6.374604215420236e-10,3.12723671866515e-10,7.994315885627936e-16,3.780815976355181e-16,7.80116534369733e-18,2.5206672344462774e-18,1.243327785680842e-19,3.831369731274289e-20,1.7978931426840875e-14,5.5402874819316936e-15,6.557369054428209e-11,2.0206823656058882e-11,4.603892850978201e-17,1.4527452709899128e-17,0.010328643886398588,0.004888295858907362,9.999999999999207e-31,3.3187345753562464e-31,2.2604164209669676e-09,6.955227532133939e-10,2.6278636943998145e-06,7.901018776153792e-07,2.73200472237164e-10,8.414882131728942e-11,4.1494622897388563e-13,1.2488366526803366e-13
0.669,1230.8895977784696,5.408379475165439,0.2599419065901875,2.5521270298037186,0.06793507106720624,0.44676922847644596,1.3220001943487505e-07,1.738804413086167e-06,6.778718469362393e-14,5.6173890821135365e-14,2.05489537654636e-14,8.514254504939527e-15,2.1675294161662536e-08,1.6897289126984392e-08,0.20393026146657925,0.1500814982145396,1.4741836813643524e-16,5.921591590077071e-17,5.5149889321438237e-14,2.149644702016938e-14,1.9506142469264444e-18,2.1531385258537485e-18,6.36294829315107e-16,6.479783773150094e-16,4.5045278638483994e-11,4.257593827466114e-11,9.950956345373882e-13,9.405454155022733e-13,1.529365041317329e-05,1.3486134080777865e-05,0.20731437078748297,0.17132611672772058,0.42164065435563086,0.19957636885972574,0.08542237062041541,0.02573415226002737,6.146312570233256e-08,2.8081927449349433e-08,4.867842656492821e-06,2.1494076916937113e-06,3.1278844955130465e-10,1.3362653233137488e-10,2.9369572150481348e-12,1.2546991706869993e-12,7.911256041963316e-07,3.2734489404764553e-07,2.7248233138543148e-12,1.443302100817181e-12,0.0003774614123891524,0.00019219615045608818,4.443835662505145e-08,2.1783852770487696e-08,0.0025093483445784814,0.0011858940987560088,4.2956058808195944e-07,1.9596507438957586e-07,0.0005128544989574893,0.00022612078705922764,1.229940219240942e-10,3.974411383608503e-11,4.689895871750838e-06,1.479146643882263e-06,1.5108977667835828e-10,4.765221706623584e-11,3.5767825869197665e-19,3.385533852878816e-19,8.256476631565927e-18,7.290363222306153e-18,1.8079088877206833e-14,1.4959340719861967e-14,2.3265613015577208e-09,1.8111486562369793e-09,1.4514831647189409e-12,6.630776842437652e-13,1.9535762436439414e-15,8.631812685176304e-16,2.3231949605081605e-23,6.695150882887763e-24,2.220324052388658e-15,6.68829066345713e-16,1.66254866364856e-18,7.10716389309766e-19,9.660770229237863e-18,4.9228611945484235e-18,6.372334067589637e-10,3.126054245410582e-10,7.987811968765442e-16,3.7776568979296075e-16,7.781808894670666e-18,2.5143575616403615e-18,1.2398209919774016e-19,3.8204793197539896e-20,1.796295802937658e-14,5.535243403435855e-15,6.555092245942154e-11,2.0199363074793144e-11,4.5971148615197687e-17,1.450574575266797e-17,0.010328643886375275,0.004888188292395883,9.999999999999197e-31,3.318661546907375e-31,2.2563161208096245e-09,6.942458270894167e-10,2.625509239485393e-06,7.893766091514829e-07,2.7292909544835677e-10,8.406338436325947e-11,4.138773239467695e-13,1.2455922290595712e-13
0.67,1230.8087109480325,5.408551595136934,0.2599336342842354,2.555974165641886,0.06794006666978182,0.44679227131196886,1.3207859717484737e-07,1.7371692232882573e-06,6.763211983611037e-14,5.604416108534208e-14,2.0499474302706905e-14,8.493566686729258e-15,2.1646078484065515e-08,1.687414311342231e-08,0.2039129249042353,0.15006544443308117,1.4705949370533668e-16,5.907046399046265e-17,5.5051530499727453e-14,2.1457637348704225e-14,1.9436402887647214e-18,2.1453933833156926e-18,6.34374809964108e-16,6.460089182967894e-16,4.494863373309143e-11,4.248365852980315e-11,9.928079812576715e-13,9.383625654090207e-13,1.527765417179108e-05,1.3471732591172808e-05,0.20730431551664122,0.17131404539619566,0.42166462153189826,0.19958333101420517,0.08542472012074467,0.025734295011398713,6.142853291934313e-08,2.806550608946641e-08,4.868032076965179e-06,2.149444134921334e-06,3.123900120283683e-10,1.3345338534273114e-10,2.9323879775655223e-12,1.252719637876598e-12,7.904747310209425e-07,3.270684000360782e-07,2.7153066934680748e-12,1.4382296960141341e-12,0.000376704001794111,0.00019180627989536187,4.433808086554798e-08,2.1734219985502533e-08,0.0025064583253831723,0.0011845022948535938,4.28960606211972e-07,1.9568706656523551e-07,0.0005126045965446863,0.00022600564104948743,1.2278101974751378e-10,3.967441347455456e-11,4.686479547580483e-06,1.4780367155292948e-06,1.5089482049121932e-10,4.7589684880705046e-11,3.5657880777441237e-19,3.375053107662676e-19,8.24147089159275e-18,7.276953564166392e-18,1.8061170080742345e-14,1.4944185878383098e-14,2.326743088315893e-09,1.8112504009886209e-09,1.4499763432973643e-12,6.623747825964936e-13,1.9496257292976263e-15,8.614168323573768e-16,2.316208968608326e-23,6.674871585617353e-24,2.2168029272132628e-15,6.677537344353944e-16,1.6592832110209403e-18,7.0930487943865625e-19,9.644325409800354e-18,4.914373463562746e-18,6.370068492520502e-10,3.124874216373475e-10,7.981322111739036e-16,3.774504787625637e-16,7.762523792084972e-18,2.508071338125355e-18,1.236328839514105e-19,3.80963468478421e-20,1.7947022010225144e-14,5.530211328372019e-15,6.552819999835394e-11,2.0191917843097256e-11,4.590355675206921e-17,1.4484099771467148e-17,0.010328643886352044,0.004888080963665595,9.999999999999199e-31,3.318588679891563e-31,2.2522286780720737e-09,6.929729462120959e-10,2.6231603338836766e-06,7.886530786067696e-07,2.7265831873388145e-10,8.397813999452307e-11,4.128125455233695e-13,1.2423604264777158e-13
0.671,1230.7279268002176,5.40872362652771,0.2599253667616731,2.5598214238470343,0.06794505185982412,0.446815265891366,1.3195742125820414e-07,1.7355374277280327e-06,6.747759585410973e-14,5.591488789612772e-14,2.0450175753685156e-14,8.472955136069594e-15,2.1616938061064012e-08,1.685105758015e-08,0.2038956234658183,0.1500494243341493,1.467019401400416e-16,5.892555181728433e-17,5.495347252836112e-14,2.141894766013463e-14,1.936699542560426e-18,2.137685341064888e-18,6.324628600371156e-16,6.440477935963167e-16,4.485231269738352e-11,4.239169095337832e-11,9.905283191515096e-13,9.36187408425198e-13,1.526169418890257e-05,1.3457364345177374e-05,0.2072942807256227,0.1713019996578902,0.42168853034696313,0.1995902747231844,0.08542707256235359,0.025734439865286153,6.139399363978867e-08,2.804911122755162e-08,4.868221295147397e-06,2.14948058936079e-06,3.1199271331325535e-10,1.3328073877945772e-10,2.92783277929428e-12,1.250746248856305e-12,7.898254830230033e-07,3.267926061151081e-07,2.70583506972548e-12,1.4331814151167594e-12,0.00037594908440926396,0.0001914177049891378,4.4238157634650165e-08,2.168476321362882e-08,0.0025035754984842435,0.0011831140071444444,4.28362234695548e-07,1.954098148428688e-07,0.0005123551849361459,0.0002258907272182161,1.2256864615163384e-10,3.9604921165279334e-11,4.683070053209609e-06,1.4769290600469872e-06,1.507003542247458e-10,4.752731220865631e-11,3.5548405448803016e-19,3.364617445108181e-19,8.226510605188379e-18,7.263584973156222e-18,1.8043288673380156e-14,1.4929063347565486e-14,2.3269244691729554e-09,1.8113519113702501e-09,1.448472798503741e-12,6.616734400426227e-13,1.9456883353010733e-15,8.596583114526157e-16,2.3092530422874115e-23,6.654680136401285e-24,2.2132917604691054e-15,6.666814810725084e-16,1.6560283551009472e-18,7.078979949313658e-19,9.627929572452535e-18,4.905911297214685e-18,6.367807475150183e-10,3.123696623329655e-10,7.974846263228383e-16,3.771359619653409e-16,7.743309668412e-18,2.5018084423069567e-18,1.2328512450261356e-19,3.798835564616559e-20,1.793112322145857e-14,5.525191208754031e-15,6.55055230010567e-11,2.0184487906320514e-11,4.5836152104456944e-17,1.446251449939342e-17,0.010328643886328896,0.004887973871894488,9.999999999999199e-31,3.31851597375073e-31,2.2481540344094785e-09,6.917040920696511e-10,2.6208169577467815e-06,7.879312796686379e-07,2.72388139808833e-10,8.389308746889644e-11,4.117518719634072e-13,1.239141178014688e-13
0.672,1230.6472450101696,5.408895569565251,0.2599171040107066,2.563668804356317,0.06795002667178726,0.44683821237683086,1.3183649077957005e-07,1.7339090137675188e-06,6.732361006337256e-14,5.578606897197933e-14,2.040105719043543e-14,8.452419459203263e-15,2.1587872579074088e-08,1.682803227279171e-08,0.20387835702870247,0.15003343779922598,1.4634570061587925e-16,5.878117657459362e-17,5.485571401340869e-14,2.138037739437747e-14,1.929791804226277e-18,2.1300141699646002e-18,6.305589343099716e-16,6.420949562329805e-16,4.47563139654398e-11,4.230003402507497e-11,9.882566085796784e-13,9.340199061233128e-13,1.5245770323386077e-05,1.3443029211993144e-05,0.20728426635561423,0.17128997943365462,0.42171238100351066,0.19959720005315995,0.08542942793581522,0.02573458681465339,6.13595076868469e-08,2.803274277430018e-08,4.8684103109360605e-06,2.149517054630174e-06,3.1159654825740975e-10,1.3310859036358444e-10,2.923291554380142e-12,1.248778974611312e-12,7.891778536200667e-07,3.265175094242091e-07,2.6964081626962316e-12,1.4281571073280243e-12,0.00037519664776369013,0.00019103041921705576,4.413858512719331e-08,2.1635481547978866e-08,0.0025006998323676057,0.001181729220119988,4.277654663396655e-07,1.951333158210996e-07,0.0005121062620528906,0.0002257760445814139,1.223568983057091e-10,3.953563596375041e-11,4.679667363085365e-06,1.4758236688355648e-06,1.5050637586666428e-10,4.746509838858243e-11,3.543939721595697e-19,3.35422660777919e-19,8.211595566076099e-18,7.250257261394059e-18,1.8025444517588272e-14,1.4913973006974232e-14,2.327105445596613e-09,1.8114531882671016e-09,1.4469725179062694e-12,6.609736505961289e-13,1.941763997940182e-15,8.579056768779148e-16,2.3023270077531194e-23,6.634576024721839e-24,2.209790506986083e-15,6.656122921906666e-16,1.6527840452729828e-18,7.064957135353364e-19,9.61158249729979e-18,4.897474579796712e-18,6.365551000460653e-10,3.1225214580893763e-10,7.968384370868689e-16,3.7682213677479276e-16,7.724166159722518e-18,2.4955687537833163e-18,1.229388125682399e-19,3.7880816988945727e-20,1.7915261517266896e-14,5.52018299727755e-15,6.548289130810018e-11,2.0177073210075837e-11,4.5768933858708586e-17,1.444098967036787e-17,0.010328643886305864,0.004887867016276998,9.999999999999206e-31,3.3184434279379576e-31,2.2440921279840033e-09,6.904392450814981e-10,2.6184790868018774e-06,7.872112046983129e-07,2.7211855633266067e-10,8.38082260275109e-11,4.106952810230747e-13,1.235934415250737e-13
0.673,1230.5666652455207,5.409067424499337,0.25990884601847397,2.5675163071070655,0.06795499114041118,0.44686111093196634,1.3171580484651432e-07,1.7322839689404257e-06,6.717015980204226e-14,5.5657702050296077e-14,2.035211768761965e-14,8.431959263521468e-15,2.1558881726930908e-08,1.680506693889526e-08,0.2038611254716544,0.1500174847107043,1.4599076835308574e-16,5.8637335474219e-17,5.475825357833356e-14,2.134192599821589e-14,1.922916871123767e-18,2.1223796425105243e-18,6.2866298777951935e-16,6.401503594583039e-16,4.4660635980758315e-11,4.220868623372198e-11,9.859928102071116e-13,9.318600203693543e-13,1.522988243543151e-05,1.3428727061995266e-05,0.20727427234377147,0.1712779846408661,0.42173617370402766,0.19960410707032786,0.08543178623015525,0.025734735851974458,6.132507489056558e-08,2.801640064354467e-08,4.8685991242921206e-06,2.1495535303739523e-06,3.1120151178697754e-10,1.329369378493746e-10,2.9187642377299477e-12,1.2468177864562676e-12,7.885318363127809e-07,3.262431071375457e-07,2.6870256987243187e-12,1.423156625195853e-12,0.00037444668004025687,0.00019064441639262352,4.403936160277402e-08,2.158637411354818e-08,0.0024978312985069993,0.0011803479196856492,4.2717029445863566e-07,1.9485756633047708e-07,0.0005118578262645889,0.000225661592352883,1.2214577340787808e-10,3.9466556934939224e-11,4.676271451985604e-06,1.4747205334002274e-06,1.5031288341281884e-10,4.740304276163325e-11,3.533085342501789e-19,3.3438803395503375e-19,8.196725569103515e-18,7.236970242020589e-18,1.8007637477386545e-14,1.4898914737473368e-14,2.3272860190455636e-09,1.8115542325554575e-09,1.445475489211447e-12,6.602754083349392e-13,1.9378526534733964e-15,8.561588997002082e-16,2.295430691826864e-23,6.614558741905722e-24,2.206299123177124e-15,6.645461542024396e-16,1.6495502312080948e-18,7.050980131240062e-19,9.595283965945379e-18,4.889063196382544e-18,6.363299053522544e-10,3.121348712505547e-10,7.9619363835014905e-16,3.7650900062173043e-16,7.7050929037562e-18,2.4893521527104847e-18,1.2259393989771802e-19,3.777372828303214e-20,1.789943675173923e-14,5.515186646612558e-15,6.546030476098368e-11,2.0169673700256855e-11,4.57019012079022e-17,1.4419525020475434e-17,0.010328643886282894,0.00488776039600304,9.999999999999199e-31,3.3183710419032793e-31,2.240042900067596e-09,6.891783866268136e-10,2.6161467001125946e-06,7.864928470609222e-07,2.718495660260062e-10,8.372355493043805e-11,4.0964275107933174e-13,1.2327400716445852e-13
0.674,1230.4861871832459,5.409239191558524,0.25990059277313643,2.5713639320367743,0.0679599452999029,0.4468839617178132,1.3159536256280252e-07,1.7306622807373335e-06,6.701724241968009e-14,5.552978487846789e-14,2.0303356328921907e-14,8.41157416024053e-15,2.1529965194459492e-08,1.678216132687075e-08,0.20384392867315518,0.1500015649511277,1.456371366157466e-16,5.84940257462164e-17,5.466108984624306e-14,2.130359291844776e-14,1.9160745421998398e-18,2.114781532988015e-18,6.267749758396679e-16,6.382139569371889e-16,4.4565277196588845e-11,4.211764607773506e-11,9.83736884892354e-13,9.297077132212055e-13,1.5214030385360342e-05,1.3414457765734255e-05,0.20726429863132287,0.1712660152006667,0.42175990864907115,0.19961099584039535,0.08543414743626492,0.025734886970343228,6.129069507593048e-08,2.8000084746892242e-08,4.8687877351210325e-06,2.149590016216839e-06,3.1080759881497857e-10,1.3276577898622349e-10,2.9142507642911215e-12,1.2448626557313813e-12,7.878874245881549e-07,3.259693964249763e-07,2.6776874031989907e-12,1.4181798207884598e-12,0.00037369916907729515,0.00019025969015550617,4.394048528391461e-08,2.1537440017364934e-08,0.0024949698659343426,0.0011789700905986962,4.26576711972288e-07,1.9458256302270183e-07,0.0005116098755413598,0.00022554736957098502,1.2193526866100905e-10,3.9397683145616424e-11,4.672882294623931e-06,1.4736196452312484e-06,1.5011987487203555e-10,4.7341144673298894e-11,3.522277144560023e-19,3.33357838656928e-19,8.181900410393159e-18,7.223723729354364e-18,1.798986741658996e-14,1.4883888419819356e-14,2.327466190972883e-09,1.8116550451110067e-09,1.4439817001143103e-12,6.595787073346e-13,1.9339542395096325e-15,8.544179515902521e-16,2.2885639238319413e-23,6.5946277865853035e-24,2.2028175659095817e-15,6.634830536614636e-16,1.6463268629136152e-18,7.037048717202289e-19,9.579033761033216e-18,4.8806770326094724e-18,6.361051619455694e-10,3.120178378464232e-10,7.955502249335556e-16,3.761965509084918e-16,7.686089541208138e-18,2.4831585202257733e-18,1.2225049837542543e-19,3.7667086977359475e-20,1.7883648780475968e-14,5.510202109917515e-15,6.543776320175421e-11,2.0162289322984132e-11,4.563505334761052e-17,1.439812028667365e-17,0.010328643886259993,0.004887654010273537,9.999999999999183e-31,3.318298815104191e-31,2.2360062897636685e-09,6.879214974226875e-10,2.613819773882798e-06,7.85776199265137e-07,2.715811665756229e-10,8.363907342766977e-11,4.085942602070432e-13,1.2295580797599587e-13
0.675,1230.4058104898977,5.4094108710012545,0.25989234426142294,2.5752116790831208,0.06796488918489027,0.44690676489746967,1.3147516304828634e-07,1.7290439368608487e-06,6.686485529019798e-14,5.540231522438205e-14,2.0254772199818907e-14,8.391263761374802e-15,2.1501122674187994e-08,1.6759315187263416e-08,0.2038267665134236,0.14998567840412388,1.4528479871296709e-16,5.83512446391176e-17,5.456422146084437e-14,2.1265377609973306e-14,1.9092646178105868e-18,2.1072196172692703e-18,6.24894854072576e-16,6.362857025328392e-16,4.4470236075563805e-11,4.20269120646093e-11,9.814887938177787e-13,9.27562947048202e-13,1.5198214035036662e-05,1.3400221195130255e-05,0.20725434515404995,0.1712540710294633,0.4217835860393883,0.19961786642884607,0.08543651154276458,0.02573504016213218,6.12563680770098e-08,2.798379500008277e-08,4.868976143416093e-06,2.149626511819129e-06,3.1041480434567477e-10,1.325951115627458e-10,2.9097510699089025e-12,1.2429135541639505e-12,7.872446120363875e-07,3.256963744991783e-07,2.6683930087964925e-12,1.413226550053978e-12,0.0003729541035133201,0.0001898762345536272,4.384195447566696e-08,2.1488678407033753e-08,0.002492115507643387,0.0011775957194898915,4.259847124690173e-07,1.9430830285481848e-07,0.0005113624084548312,0.00022543337553913956,1.2172538130133194e-10,3.932901367345556e-11,4.66949986612231e-06,1.4725209959475437e-06,1.499273482610737e-10,4.727940347164103e-11,3.51151486588751e-19,3.3233204961135624e-19,8.1671198871714e-18,7.210517538713673e-18,1.797213420090586e-14,1.4868893936340898e-14,2.3276459628220496e-09,1.8117556267990575e-09,1.4424911384767098e-12,6.588835417472589e-13,1.930068693350257e-15,8.5268280408686685e-16,2.281726533320135e-23,6.5747826581221344e-24,2.199345793384808e-15,6.624229775248726e-16,1.643113890674989e-18,7.023162674687618e-19,9.56283166679282e-18,4.872315974937743e-18,6.358808683475663e-10,3.119010447895912e-10,7.949081918118936e-16,3.758847851102569e-16,7.667155714212995e-18,2.4769877379486145e-18,1.2190847989717643e-19,3.756089052474585e-20,1.786789745872429e-14,5.505229340244377e-15,6.541526647347256e-11,2.0154920024674093e-11,4.5568389480933734e-17,1.4376775208326804e-17,0.010328643886237164,0.004887547858282312,9.999999999999174e-31,3.318226746993369e-31,2.2319822402248017e-09,6.866685594345023e-10,2.6114982887669634e-06,7.85061255157972e-07,2.713133557468657e-10,8.355478079345163e-11,4.0754978727346974e-13,1.2263883745545766e-13
0.676,1230.3255348429416,5.409582463061135,0.2598841004712592,2.5790595481839493,0.06796982282935393,0.44692952063089103,1.3135520541965784e-07,1.7274289249795274e-06,6.671299580010456e-14,5.527529086690671e-14,2.0206364395234773e-14,8.371027682941793e-15,2.1472353859889758e-08,1.6736528271685243e-08,0.20380963887258108,0.14996982495366587,1.4493374800024186e-16,5.820898942071473e-17,5.446764706580873e-14,2.1227279527838452e-14,1.902486899954659e-18,2.099693673079218e-18,6.230225784806334e-16,6.343655505455102e-16,4.437551109093254e-11,4.193648271225515e-11,9.792484983777427e-13,9.2542568442916e-13,1.518243324659635e-05,1.3386017222407023e-05,0.20724441185239942,0.17124215204798204,0.4218072060739893,0.19962471890084238,0.08543887853975692,0.02573519542022792,6.122209372278836e-08,2.7967531316631218e-08,4.869164349112961e-06,2.1496630168212345e-06,3.100231233713831e-10,1.3242493336323532e-10,2.905265090492331e-12,1.2409704535171247e-12,7.866033922388468e-07,3.254240385706262e-07,2.6591422456052185e-12,1.4082966675959377e-12,0.00037221147141212044,0.00018949404334392351,4.37437674409573e-08,2.144008840972132e-08,0.0024892681939678923,0.001176224791739152,4.25394289110966e-07,1.9403478259059495e-07,0.0005111154231474229,0.00022531960937233414,1.2151610857053546e-10,3.9260547598176605e-11,4.666124141540413e-06,1.4714245771542457e-06,1.4973530161129763e-10,4.721781850958901e-11,3.500798247071016e-19,3.313106417847434e-19,8.152383798068165e-18,7.197351486710331e-18,1.7954437695976258e-14,1.4853931169379742e-14,2.32782533603045e-09,1.8118559784846534e-09,1.4410037921591774e-12,6.581899057275433e-13,1.926195952730854e-15,8.509534289281106e-16,2.2749183512606792e-23,6.555022860059296e-24,2.1958837618341992e-15,6.613659121608475e-16,1.6399112651290823e-18,7.009321786704379e-19,9.546677468617823e-18,4.8639799104555376e-18,6.356570230852182e-10,3.117844912767815e-10,7.942675338940736e-16,3.75573700672628e-16,7.648291068091784e-18,2.470839688554844e-18,1.2156787640618017e-19,3.7455136393122726e-20,1.78521826434444e-14,5.5002682911976534e-15,6.539281441991538e-11,2.0147565752029357e-11,4.55019088139469e-17,1.4355489525827822e-17,0.010328643886214428,0.004887441939236024,9.999999999999174e-31,3.3181548370321976e-31,2.227970692242286e-09,6.85419553906453e-10,2.6091822223274913e-06,7.843480076604264e-07,2.7104613126921485e-10,8.347067629136682e-11,4.065093108250195e-13,1.2232308900349663e-13
0.677,1230.2453599100268,5.409753967999901,0.2598758613892231,2.58290753927729,0.06797474626766363,0.44695222907991705,1.3123548880651576e-07,1.7258172329322266e-06,6.656166135702584e-14,5.514870960272556e-14,2.0158132011896636e-14,8.350865541760923e-15,2.1443658447552185e-08,1.671380033350267e-08,0.20379254563236132,0.14995400448473015,1.4458397787313025e-16,5.806725737528187e-17,5.437136532249272e-14,2.118929813405532e-14,1.8957411919442494e-18,2.092203479623577e-18,6.2115810524409e-16,6.324534554630952e-16,4.42811007241656e-11,4.1846356546563577e-11,9.770159602477628e-13,9.232958882139772e-13,1.5166687883390933e-05,1.3371845720870286e-05,0.20723449866187582,0.1712302581726445,0.4218307689519614,0.19963155332128535,0.08544124841531481,0.025735352736870346,6.11878718497099e-08,2.795129361344527e-08,4.869352352220971e-06,2.149699530893062e-06,3.096325509612068e-10,1.3225524220503266e-10,2.900792762709976e-12,1.2390333258820705e-12,7.859637588605667e-07,3.2515238588455147e-07,2.649934851830542e-12,1.4033900323368476e-12,0.0003714712617681073,0.0001891131107579722,4.364592251624528e-08,2.1391669188758378e-08,0.0024864278986815,0.001174857294353194,4.2480543563661605e-07,1.9376199925706373e-07,0.0005108689182780292,0.0002252060704131263,1.2130744773920054e-10,3.9192284008958356e-11,4.662755096292367e-06,1.4703303805682162e-06,1.4954373296056717e-10,4.715638914219213e-11,3.4901270298080237e-19,3.302935902522011e-19,8.13769194267886e-18,7.184225390833744e-18,1.7936777768922553e-14,1.4839000002508985e-14,2.328004312026219e-09,1.8119561010228694e-09,1.4395196491552007e-12,6.574977934912478e-13,1.9223359563750902e-15,8.492297982924958e-16,2.268139210393666e-23,6.535347901112482e-24,2.1924314315811338e-15,6.603118451717379e-16,1.6367189371789808e-18,6.995525837429e-19,9.530570953267947e-18,4.8556687269621775e-18,6.354336246947293e-10,3.1166817650901304e-10,7.93628246220445e-16,3.752632951034332e-16,7.629495249467068e-18,2.4647142551576766e-18,1.2122867997519508e-19,3.734982209069195e-20,1.7836504191267305e-14,5.495318916283062e-15,6.537040688583851e-11,2.014022645203915e-11,4.5435610559155457e-17,1.433426298163054e-17,0.01032864388619178,0.004887336252334603,9.999999999999174e-31,3.318083084677497e-31,2.2239715901178165e-09,6.841744631652056e-10,2.6068715559673496e-06,7.836364508484166e-07,2.707794909396447e-10,8.338675920583457e-11,4.0547281008054113e-13,1.2200855622404605e-13
0.678,1230.1652853835512,5.409925386018952,0.25986762700479443,2.5867556523013167,0.06797965953288333,0.4469748904000956,1.3111601232509835e-07,1.7242088483941156e-06,6.641084937568406e-14,5.5022569235083535e-14,2.011007416114661e-14,8.330776960816099e-15,2.1415036133799834e-08,1.6691131126718113e-08,0.20377548667302478,0.1499382168820216,1.4423548177831068e-16,5.792604580839635e-17,5.4275374880637604e-14,2.115143288632315e-14,1.8890272989317904e-18,2.0847488181837023e-18,6.193013911193624e-16,6.305493723708126e-16,4.4187003468966856e-11,4.1756532105473394e-11,9.747911412718543e-13,9.211735214232426e-13,1.5150977808456295e-05,1.3357706563646256e-05,0.2072246055289962,0.17121838932988764,0.4218542748692302,0.19963836975460802,0.08544362116179542,0.025735512105725392,6.115370228099128e-08,2.7935081801561215e-08,4.869540152606338e-06,2.1497360536525772e-06,3.0924308211534244e-10,1.3208603587716876e-10,2.8963340228500735e-12,1.2371021431992743e-12,7.853257054996212e-07,3.2488141366078303e-07,2.640770555525365e-12,1.398506497851758e-12,0.0003707334619355745,0.0001887334301944751,4.354841791981896e-08,2.1343419849821065e-08,0.002483594588902051,0.0011734932112029597,4.242181447029981e-07,1.934899493896435e-07,0.0005106228914560554,0.00022509275754280621,1.210993960681294e-10,3.9124221992203264e-11,4.659392705455243e-06,1.4692383978097386e-06,1.493526403671244e-10,4.709511473131094e-11,3.479500959127607e-19,3.292808704098622e-19,8.123044122281678e-18,7.171139070131623e-18,1.791915428583889e-14,1.4824100318557685e-14,2.32818289223415e-09,1.8120559952754467e-09,1.4380386973727444e-12,6.568071992198995e-13,1.9184886424021655e-15,8.475118841010369e-16,2.2613889438188347e-23,6.515757291146354e-24,2.188988756121086e-15,6.592607621095446e-16,1.6335368581215755e-18,6.98177461279747e-19,9.514511908538906e-18,4.8473823128320345e-18,6.352106717145032e-10,3.1155209969022057e-10,7.929903236362442e-16,3.7495356582080505e-16,7.610767909378218e-18,2.458611322330302e-18,1.2089088260707613e-19,3.724494510471875e-20,1.7820861961873696e-14,5.490381169984986e-15,6.53480437163862e-11,2.013290207193096e-11,4.5369493929760856e-17,1.4313095318535352e-17,0.010328643886169149,0.004887230796803684,9.999999999999176e-31,3.318011489403564e-31,2.219984871956783e-09,6.829332676382365e-10,2.604566263456588e-06,7.829265765089465e-07,2.7051343245168006e-10,8.330302879001997e-11,4.0444026330308165e-13,1.2169523243516827e-13
0.679,1230.08531093508,5.410096717375642,0.2598593973047687,2.5906038871943853,0.06798456265904497,0.44699750475169076,1.309967751137181e-07,1.7226037593274102e-06,6.626055729683399e-14,5.4896867588985704e-14,2.0062189951993998e-14,8.310761562160283e-15,2.1386486618055e-08,1.666852040750604e-08,0.20375846187718652,0.1499224620314673,1.438882531999336e-16,5.77853520409403e-17,5.417967441740565e-14,2.111368325305345e-14,1.8823450272085514e-18,2.0773294713236265e-18,6.174523929119025e-16,6.286532564088183e-16,4.4093217826127084e-11,4.166700793373567e-11,9.725740036176306e-13,9.190585473865904e-13,1.5135302886607813e-05,1.3343599625410583e-05,0.20721473239016566,0.17120654543719852,0.42187772402262674,0.1996451682649392,0.08544599676796549,0.02573567351928604,6.111958485425259e-08,2.7918895798518996e-08,4.869727750279993e-06,2.1497725847739097e-06,3.0885471195983315e-10,1.3191731222238073e-10,2.8918888083475503e-12,1.235176877899812e-12,7.846892258891048e-07,3.24611119174433e-07,2.6316490981665557e-12,1.3936459248417216e-12,0.0003699980609491839,0.0001883549959080328,4.3451252005687446e-08,2.1295339565179484e-08,0.002480768238496109,0.0011721325293470417,4.236324100886566e-07,1.932186300352497e-07,0.0005103773413231124,0.0002249796700970904,1.208919508598986e-10,3.905636064784587e-11,4.656036944683268e-06,1.4681486206778129e-06,1.4916202189132713e-10,4.703399463943962e-11,3.4689197804394774e-19,3.2827245769265044e-19,8.108440138899916e-18,7.158092344318408e-18,1.7901567115198112e-14,1.4809232002297398e-14,2.3283610780685732e-09,1.812155662089267e-09,1.436560924930913e-12,6.561181171904467e-13,1.9146539498327273e-15,8.457996586749863e-16,2.2546673861289573e-23,6.496250544381796e-24,2.1855556955061315e-15,6.582126505012398e-16,1.6303649794699565e-18,6.96806789968408e-19,9.498500123725343e-18,4.839120557207322e-18,6.3498816269368e-10,3.1143626002869055e-10,7.9235376122612e-16,3.7464451035532897e-16,7.592108699179403e-18,2.4525307747587445e-18,1.2055447644202145e-19,3.714050296505044e-20,1.7805255813492454e-14,5.4854550063309905e-15,6.532572475769938e-11,2.0125592559180124e-11,4.5303558147314315e-17,1.4291986281976914e-17,0.010328643886146644,0.004887125571851608,9.999999999999165e-31,3.3179400506728867e-31,2.2160104825600117e-09,6.816959498137743e-10,2.602266326175207e-06,7.822183787153018e-07,2.7024795362259235e-10,8.321948433506255e-11,4.034116499692781e-13,1.2138311132075318e-13
0.68,1230.0054362410956,5.410267962317712,0.25985117227640636,2.594452243895029,0.06798945567983289,0.4470200722932704,1.3087777631093137e-07,1.7210019537029132e-06,6.611078257468393e-14,5.477160250104809e-14,2.0014478500378574e-14,8.290818970794412e-15,2.1358009601036813e-08,1.6645967933126456e-08,0.20374147112782046,0.14990673981949823,1.43542285663533e-16,5.76451734109589e-17,5.408426261387127e-14,2.1076048704313424e-14,1.8756941845315684e-18,2.069945223261047e-18,6.156110677624236e-16,6.267650630667514e-16,4.399974230562839e-11,4.157778258511014e-11,9.70364509662306e-13,9.16950929639545e-13,1.5119662983062213e-05,1.3329524781240096e-05,0.20720487918378455,0.17119472641397518,0.4219011166077683,0.19965194891609972,0.08544837522310977,0.02573583697023867,6.108551940509777e-08,2.7902735521001284e-08,4.869915145228545e-06,2.1498091239234924e-06,3.0846743562872744e-10,1.3174906908743582e-10,2.8874570568436794e-12,1.2332575025098489e-12,7.840543137719204e-07,3.243414997057197e-07,2.6225702221357417e-12,1.3888081745102923e-12,0.0003692650477706117,0.00018797780211743414,4.335442311649e-08,2.1247427501709776e-08,0.0024779488202766923,0.001170775235350814,4.230482254075991e-07,1.9294803816665277e-07,0.0005101322663393396,0.00022486680733221014,1.2068510942734799e-10,3.898869907936703e-11,4.652687789666811e-06,1.467061040986901e-06,1.4897187560468188e-10,4.6973028232789857e-11,3.458383241152076e-19,3.2726832772903407e-19,8.093879795751392e-18,7.145085034207778e-18,1.788401612568604e-14,1.4794394938724664e-14,2.328538870937058e-09,1.8122551023083037e-09,1.4350863199722318e-12,6.554305416928005e-13,1.910831819055981e-15,8.440930949463701e-16,2.247974374332249e-23,6.4768271820855014e-24,2.182132210655762e-15,6.571674981385058e-16,1.627203253055672e-18,6.954405486373247e-19,9.482535389229145e-18,4.830883349822707e-18,6.347660961876929e-10,3.113206567364407e-10,7.91718554058195e-16,3.743361262308969e-16,7.57351727273119e-18,2.4464724979620687e-18,1.2021945376190102e-19,3.703649324563084e-20,1.7789685605450166e-14,5.480540379704789e-15,6.530344985668231e-11,2.0118297861538726e-11,4.523780243683413e-17,1.4270935618555123e-17,0.010328643886124216,0.004887020576693721,9.999999999999169e-31,3.3178687679527806e-31,2.2120483658982343e-09,6.804624919290146e-10,2.599971724231625e-06,7.815118511610704e-07,2.699830522598775e-10,8.313612512937375e-11,4.0238694947661643e-13,1.2107218654211926e-13
0.681,1229.9256609876738,5.410439121071749,0.2598429519079877,2.5983007223419414,0.06799433862834423,0.4470425931805701,1.3075901505687028e-07,1.7194034195191927e-06,6.596152267991778e-14,5.4646771822051243e-14,1.9966938931370977e-14,8.270948815586237e-15,2.132960478536164e-08,1.6623473462408697e-08,0.20372451430806227,0.14989105013305137,1.431975727453913e-16,5.750550727747272e-17,5.3989138155227053e-14,2.103852871192609e-14,1.8690745803280062e-18,2.0625958600944894e-18,6.137773732221724e-16,6.248847482608973e-16,4.390657542917174e-11,4.148885462479166e-11,9.681626220437337e-13,9.148506319725815e-13,1.5104057963773018e-05,1.3315481906921334e-05,0.20719504585199422,0.17118293218313718,0.4219244528188472,0.1996587117716992,0.08545075651743454,0.025736002451609837,6.105150576664151e-08,2.7886600884644712e-08,4.870102337404466e-06,2.149845670757836e-06,3.0808124826556564e-10,1.3158130432389206e-10,2.8830387062386962e-12,1.23134398967428e-12,7.834209629117716e-07,3.240725525448281e-07,2.6135336660691003e-12,1.3839931061021837e-12,0.00036853441061785233,0.00018760184266442066,4.325792956747682e-08,2.1199682813063914e-08,0.0024751363052760945,0.0011694213149440452,4.2246558400008996e-07,1.9267817063286414e-07,0.0005098876646780742,0.00022475416837870984,1.204788690949765e-10,3.8921236394281406e-11,4.649345216120454e-06,1.4659756505645904e-06,1.4878219959518722e-10,4.691221488302032e-11,3.447891091058743e-19,3.26268456377844e-19,8.079362897578384e-18,7.132116962010562e-18,1.7866501186527927e-14,1.4779589013345273e-14,2.328716272240694e-09,1.8123543167756269e-09,1.4336148706869805e-12,6.547444670415815e-13,1.9070221887005062e-15,8.42392165076454e-16,2.241309744188639e-23,6.4574867220194165e-24,2.1787182566359945e-15,6.561252910543245e-16,1.6240516310551775e-18,6.940787162678953e-19,9.466617496871999e-18,4.822670581169061e-18,6.345444707578794e-10,3.112052890293336e-10,7.910846971702718e-16,3.740284109585492e-16,7.55499328710385e-18,2.440436378521744e-18,1.1988580669527064e-19,3.6932913473653725e-20,1.7774151198686714e-14,5.475637245010349e-15,6.528121886103603e-11,2.0111017927065484e-11,4.517222602776572e-17,1.42499430763515e-17,0.010328643886101852,0.004886915810557272,9.99999999999917e-31,3.317797640718611e-31,2.2080984644646044e-09,6.792328757716184e-10,2.597682435667683e-06,7.808069869219797e-07,2.697187261530477e-10,8.305295045619e-11,4.0136614109569296e-13,1.2076245172376403e-13
0.682,1229.8459848648663,5.410610193856405,0.2598347361881773,2.6021493224739722,0.06799921153743561,0.44706506756819375,1.3064049049012478e-07,1.7178081447593259e-06,6.581277509412691e-14,5.452237341225198e-14,1.9919570376594563e-14,8.251150728190773e-15,2.1301271874500433e-08,1.660103675491671e-08,0.20370759130098795,0.1498753928592122,1.4285410805869128e-16,5.736635101483647e-17,5.3894299728958355e-14,2.100112274873066e-14,1.8624860253711998e-18,2.0552811694427096e-18,6.119512671471063e-16,6.230122682255441e-16,4.381371572631965e-11,4.1400222625708224e-11,9.659683035735376e-13,9.12757618347779e-13,1.5088487694840201e-05,1.330147087841254e-05,0.2071852323386597,0.17117116266923604,0.4219477328484462,0.1996654568947895,0.08545314064248108,0.025736169956857433,6.101754376931563e-08,2.7870491803915134e-08,4.8702893267321476e-06,2.149882224923421e-06,3.076961450151292e-10,1.314140157844001e-10,2.878633694563995e-12,1.2294363121004925e-12,7.827891670710315e-07,3.2380427498232975e-07,2.604539170942963e-12,1.3792005801240914e-12,0.0003678061378440453,0.00018722711146083076,4.3161769662972094e-08,2.115210464771045e-08,0.0024723306634372583,0.0011680707533460919,4.2188447903071e-07,1.9240902420361658e-07,0.0005096435343183468,0.00022464175228193827,1.202732271948696e-10,3.8853971702769584e-11,4.646009199766871e-06,1.4648924412445898e-06,1.4859299196017782e-10,4.68515539649179e-11,3.4374430817821343e-19,3.2527281967522486e-19,8.064889250120248e-18,7.119187950859527e-18,1.7849022166880653e-14,1.4764814111652097e-14,2.3288932833748877e-09,1.812453306331672e-09,1.4321465652670764e-12,6.540598875541937e-13,1.903224999465462e-15,8.406968421470262e-16,2.234673334672918e-23,6.438228691290785e-24,2.175313792207201e-15,6.550860163975789e-16,1.6209100659282747e-18,6.927212719672191e-19,9.450746239368788e-18,4.814482142218696e-18,6.343232849707306e-10,3.1109015612630233e-10,7.904521855758515e-16,3.7372136203883146e-16,7.536536401581818e-18,2.4344223037566373e-18,1.1955352757739947e-19,3.682976124042739e-20,1.7758652455068014e-14,5.470745557452932e-15,6.52590316189408e-11,2.0103752704001743e-11,4.510682815204876e-17,1.4229008404300393e-17,0.010328643886079588,0.00488681127267508,9.999999999999164e-31,3.3177266684495127e-31,2.2041607198680203e-09,6.780070828613613e-10,2.5953984371892546e-06,7.801037786745404e-07,2.6945497307869293e-10,8.296995959502266e-11,4.003492039949857e-13,1.2045390046065656e-13
0.683,1229.7664075485482,5.410781180929788,0.25982652510374815,2.6059980442301542,0.06800407444056555,0.4470874956136702,1.305222017690904e-07,1.71621611766589e-06,6.566453732481507e-14,5.43984051536303e-14,1.9872371967524862e-14,8.231424340246862e-15,2.1273010574896962e-08,1.657865757254445e-08,0.20369070199178974,0.1498597678863185,1.42511885259373e-16,5.722770201489683e-17,5.3799746046648264e-14,2.0963830297008953e-14,1.8559283317197366e-18,2.0480009403703286e-18,6.101327075274877e-16,6.211475793373659e-16,4.372116173547914e-11,4.131188516931043e-11,9.63781517399156e-13,9.106718530488598e-13,1.507295204416503e-05,1.328749157325824e-05,0.2071754385804123,0.1711594177904876,0.4219709568898283,0.19967218434828699,0.08545552758667292,0.025736339478444236,6.098363325536008e-08,2.7854408198634044e-08,4.870476113248844e-06,2.149918786111785e-06,3.0731212113084526e-10,1.312472013681356e-10,2.874241960881037e-12,1.2275344429381663e-12,7.821589201334852e-07,3.2353666435887745e-07,2.5955864863231605e-12,1.3744304616490651e-12,0.00036708021880912575,0.0001868536029316595,4.306594181065959e-08,2.1104692204870483e-08,0.002469531869847929,0.0011667235382073736,4.213049045277941e-07,1.9214059604277807e-07,0.0005093998740329308,0.00022452955843681673,1.2006818109685136e-10,3.878690412728846e-11,4.642679716815275e-06,1.4638114050127161e-06,1.4840425080279045e-10,4.679104485512707e-11,3.4270389657877584e-19,3.2428139374017444e-19,8.050458660143435e-18,7.106297824812006e-18,1.783157893818306e-14,1.475007012102011e-14,2.3290699057250478e-09,1.8125520718048771e-09,1.4306813921038806e-12,6.533767976389865e-13,1.8994401915324912e-15,8.390070990142897e-16,2.2280649846395815e-23,6.419052616720849e-24,2.171918777635125e-15,6.54049661771562e-16,1.6177785103904341e-18,6.913681949539383e-19,9.434921411068017e-18,4.806317924786422e-18,6.341025374028845e-10,3.1097525725076693e-10,7.898210144826635e-16,3.7341497706387137e-16,7.518146276502461e-18,2.428430161339681e-18,1.1922260873894606e-19,3.672703413614455e-20,1.774318923569102e-14,5.465865271998722e-15,6.523688797965203e-11,2.00965021408883e-11,4.504160804990595e-17,1.420813135396753e-17,0.010328643886057375,0.00488670696226926,9.999999999999158e-31,3.3176558506173892e-31,2.2002350788798563e-09,6.767850963078519e-10,2.593119711322696e-06,7.794022208444761e-07,2.6919179091236294e-10,8.288715185583233e-11,3.993361183108153e-13,1.201465266397503e-13
0.684,1229.6869287275586,5.410952082519451,0.2598183186429443,2.6098468875496827,0.0680089273704651,0.447109877471001,1.3040414804402384e-07,1.7146273263822845e-06,6.551680688701388e-14,5.427486493493442e-14,1.9825342845428226e-14,8.211769287535771e-15,2.12448205935108e-08,1.655633567768565e-08,0.20367384626513285,0.14984417510278225,1.4217089804263085e-16,5.708955768587551e-17,5.3705475814936746e-14,2.0926650837275495e-14,1.8494013129052085e-18,2.040754963605227e-18,6.083216527593538e-16,6.192906383949286e-16,4.3628912004018754e-11,4.12238408458919e-11,9.616022268148265e-13,9.085933005072012e-13,1.505745087943404e-05,1.3273543868879823e-05,0.2071656645197584,0.1711476974704779,0.4219941251341536,0.19967889419467683,0.08545791734073051,0.025736511009600418,6.094977405912503e-08,2.783834998512365e-08,4.870662696909725e-06,2.1499553539844644e-06,3.0692917183095836e-10,1.3108085896004024e-10,2.8698634440991884e-12,1.2256383552806276e-12,7.815302159452948e-07,3.232697180010722e-07,2.5866753592630288e-12,1.3696826144443175e-12,0.0003663566423260319,0.00018648131122505254,4.297044435826375e-08,2.1057444654586258e-08,0.0024667398959278474,0.001165379655451582,4.2072685392131033e-07,1.9187288304249028e-07,0.000509156682000293,0.0002244175859771493,1.198637281688294e-10,3.872003278995812e-11,4.63935674331621e-06,1.4627325338109385e-06,1.4821597423944063e-10,4.673068693474626e-11,3.4166784979367687e-19,3.2329415492311127e-19,8.036070935620393e-18,7.093446409044006e-18,1.7814171371192294e-14,1.473535692833024e-14,2.3292461406717047e-09,1.8126506140249405e-09,1.4292193395362126e-12,6.526951916835091e-13,1.8956677068873528e-15,8.373229093386426e-16,2.221484535955991e-23,6.399958033903917e-24,2.168533173630884e-15,6.530162149180694e-16,1.6146569174817494e-18,6.900194645912233e-19,9.419142807150788e-18,4.798177821145969e-18,6.338822266351282e-10,3.1086059162928343e-10,7.891911789918251e-16,3.731092535770489e-16,7.499822575221867e-18,2.4224598399451616e-18,1.1889304267933342e-19,3.6624729803476915e-20,1.772776140350369e-14,5.4609963442098825e-15,6.521478779295917e-11,2.0089266186501513e-11,4.4976564962776213e-17,1.4187311677393168e-17,0.01032864388603525,0.0048866028785763205,9.999999999999143e-31,3.317585186703879e-31,2.1963214849136175e-09,6.755668981930444e-10,2.5908462363290764e-06,7.787023065791539e-07,2.6892917747354276e-10,8.280452653171677e-11,3.9832686366396604e-13,1.1984032399427556e-13
0.685,1229.6075480940985,5.4111228988473785,0.25981011679428023,2.6136958523719103,0.06801377035961965,0.4471322132930377,1.3028632847133067e-07,1.7130417591375411e-06,6.536958131406945e-14,5.415175066051661e-14,1.9778482158469803e-14,8.192185208767842e-15,2.1216701639398796e-08,1.6534070834436423e-08,0.20365702400614835,0.14982861439755496,1.4183114015136059e-16,5.695191545565492e-17,5.361148774940827e-14,2.0889583853651127e-14,1.8429047839778158e-18,2.0335430315848453e-18,6.065180615665731e-16,6.174414025381488e-16,4.3536965089967593e-11,4.113608825611861e-11,9.594303953865016e-13,9.065219254181891e-13,1.5041984069311043e-05,1.3259627643602604e-05,0.20715591010005957,0.17113600163371287,0.42201723777153194,0.19968558649615847,0.08546030989562829,0.025736684543662694,6.091596601611682e-08,2.7822317080289364e-08,4.87084907767434e-06,2.1499919282073635e-06,3.0654729236822194e-10,1.3091498646035011e-10,2.8654980835773286e-12,1.2237480224195697e-12,7.809030483992024e-07,3.230034332557163e-07,2.577805536228358e-12,1.3649569019880522e-12,0.00036563539691498255,0.00018611023034142545,4.28752756599695e-08,2.101036117023385e-08,0.002463954713115556,0.0011640390910155236,4.201503206622545e-07,1.9160588210532232e-07,0.0005089139563909445,0.0002243058340336885,1.1965986579662766e-10,3.865335681889846e-11,4.636040255460904e-06,1.4616558196291581e-06,1.48028160400393e-10,4.6670479589423305e-11,3.4063614350060696e-19,3.223110797598416e-19,8.021725885867269e-18,7.080633529958795e-18,1.779679933762877e-14,1.472067442130369e-14,2.3294219895886373e-09,1.8127489338181616e-09,1.42776039598768e-12,6.520150641160618e-13,1.8919074859011553e-15,8.356442460730209e-16,2.214931829306298e-23,6.380944475106177e-24,2.165156936935372e-15,6.519856623865554e-16,1.61154524054821e-18,6.886750603775014e-19,9.40341022422437e-18,4.790061724323627e-18,6.336623512546123e-10,3.1074615849207786e-10,7.885626742310862e-16,3.7280418913533015e-16,7.481564963663286e-18,2.416511229098321e-18,1.1856482176744297e-19,3.652284584530332e-20,1.771236882241331e-14,5.456138729960068e-15,6.519273090937783e-11,2.0082044789876787e-11,4.491169813729188e-17,1.416654912832109e-17,0.010328643886013181,0.004886499020838437,9.999999999999134e-31,3.3175146761945e-31,2.1924198816276483e-09,6.743524706782577e-10,2.588577990447929e-06,7.780040290218003e-07,2.6866713059379507e-10,8.272208291974553e-11,3.973214198404429e-13,1.1953528630834325e-13
0.686,1229.5282653239697,5.411293630180337,0.25980191954412385,2.6175449386363794,0.06801860344122437,0.44715450323604455,1.3016874222439176e-07,1.7114594043820582e-06,6.522285816127604e-14,5.402906025313146e-14,1.9731789053151638e-14,8.17267174200414e-15,2.118865342392698e-08,1.6511862808696436e-08,0.20364023510215745,0.14981308566081983,1.4149260536203852e-16,5.681477276588474e-17,5.351778058765756e-14,2.0852628838872744e-14,1.8364385610760917e-18,2.026364937973246e-18,6.047218927551166e-16,6.155998289956987e-16,4.344531955792506e-11,4.104862600700378e-11,9.5726598695709e-13,9.044576927426251e-13,1.5026551483860507e-05,1.3245742776977814e-05,0.2071461752568046,0.1711243301977499,0.42204029499287166,0.1996922613147525,0.08546270523903812,0.02573686007290432,6.08822089728728e-08,2.780630940602269e-08,4.871035255611696e-06,2.1500285084888695e-06,3.061664780936387e-10,1.3074958181130968e-10,2.8611458195820884e-12,1.2218634180359916e-12,7.802774114906656e-07,3.2273780751178533e-07,2.5689767753392923e-12,1.3602531939461329e-12,0.00036491647256120036,0.00018574035502742913,4.278043417608502e-08,2.096344097727844e-08,0.002461176298056298,0.001162701833295482,4.1957529906541683e-07,1.913395905278576e-07,0.0005086716961732015,0.00022419430208840666,1.194565913999159e-10,3.8586875353224563e-11,4.632730229897039e-06,1.4605812545991293e-06,1.478408074175287e-10,4.6610422205318305e-11,3.396087534348517e-19,3.2133214484351126e-19,8.007423320940663e-18,7.067859014626929e-18,1.7779462711042778e-14,1.4706022489161964e-14,2.3295974538396255e-09,1.8128470319979441e-09,1.4263045500455395e-12,6.513364094391888e-13,1.8881594708863432e-15,8.339710830303612e-16,2.208406708121125e-23,6.362011480561823e-24,2.1617900314556168e-15,6.509579928851189e-16,1.6084434331639647e-18,6.873349619105568e-19,9.387723460202098e-18,4.78196952801847e-18,6.334429098586819e-10,3.1063195707372873e-10,7.879354955154882e-16,3.724997813837815e-16,7.463373108297673e-18,2.4105842185136178e-18,1.1823793859477193e-19,3.642137993335632e-20,1.76970113552943e-14,5.4512923847997e-15,6.517071718048604e-11,2.007483790033487e-11,4.48470068270985e-17,1.4145843462717667e-17,0.010328643885991171,0.004886395388284718,9.999999999999111e-31,3.3174443185658743e-31,2.188530217843058e-09,6.731417975142e-10,2.5863149577847735e-06,7.773073830779773e-07,2.684056482007998e-10,8.263982034651592e-11,3.963197675353459e-13,1.1923140764026662e-13
0.687,1229.4490801279753,5.411464276698306,0.2597937268830131,2.6213941462827606,0.06802342664666527,0.4471767474475604,1.3005138845406097e-07,1.709880250285133e-06,6.50766349847558e-14,5.3906791636972015e-14,1.9685262694411763e-14,8.153228533061766e-15,2.1160675658343572e-08,1.648971136644059e-08,0.2036234794380698,0.14979758878208774,1.4115528750066377e-16,5.667812707894225e-17,5.342435304579664e-14,2.0815785277552128e-14,1.8300024621732678e-18,2.0192204785044432e-18,6.029331057884335e-16,6.137658756767749e-16,4.335397398479561e-11,4.096145271773062e-11,9.551089654733364e-13,9.02400567552057e-13,1.5011152992204985e-05,1.3231889147848477e-05,0.20713645994129956,0.17111268309446076,0.42206329698498557,0.19969891871196002,0.08546510336479644,0.02573703759164062,6.08485027559815e-08,2.779032687532677e-08,4.87122123058135e-06,2.150065094460345e-06,3.0578672424133416e-10,1.3058464290659024e-10,2.856806591609392e-12,1.2199845154954524e-12,7.796532990985635e-07,3.224728381129115e-07,2.560188819478262e-12,1.3555713519459642e-12,0.00036419985688267766,0.0001853716788271613,4.268591819140297e-08,2.091668321546883e-08,0.0024584046176521065,0.0011613678660960026,4.190017818565995e-07,1.9107400488402054e-07,0.0005084298987744489,0.00022408298894591207,1.1925390237524438e-10,3.852058752502621e-11,4.6294266427191386e-06,1.4595088306905839e-06,1.4765391344715174e-10,4.655051417675425e-11,3.3858565570929174e-19,3.203573271305367e-19,7.993163052638631e-18,7.055122691739508e-18,1.7762161363022164e-14,1.4691401019635343e-14,2.329772534787165e-09,1.812944909389506e-09,1.4248517901308265e-12,6.506592220854754e-13,1.8844236032819285e-15,8.323033936485297e-16,2.2019090159595131e-23,6.343158590992895e-24,2.1584324114063574e-15,6.499331922104073e-16,1.6053514493022877e-18,6.859991489673633e-19,9.372082313772694e-18,4.773901126379204e-18,6.332239010445924e-10,3.105179866111949e-10,7.873096378605495e-16,3.7219602782910393e-16,7.445246680651957e-18,2.4046786995745734e-18,1.179123856443761e-19,3.6320329706598764e-20,1.7681688869047697e-14,5.4464572655683524e-15,6.514874645806249e-11,2.0067645467414867e-11,4.478249028419813e-17,1.4125194436180946e-17,0.010328643885969234,0.004886291980179507,9.999999999999099e-31,3.3173741133185583e-31,2.18465243324438e-09,6.719348596493912e-10,2.5840571112726924e-06,7.766123603023511e-07,2.6814472806538295e-10,8.255773809108069e-11,3.953218860117127e-13,1.1892868161939388e-13
0.6880000000000001,1229.3699921854559,5.411634838664295,0.25978553879750294,2.6252434752509117,0.06802824000883087,0.4471989460824282,1.2993426634204264e-07,1.7083042854147656e-06,6.49309093707005e-14,5.3784942761195016e-14,1.963890224025946e-14,8.133855224902298e-15,2.113276805723841e-08,1.6467616276202342e-08,0.2036067569020193,0.14978212365241936,1.4081918042612793e-16,5.654197587051975e-17,5.333120387628257e-14,2.077905266843928e-14,1.8235963061528807e-18,2.0121094499359944e-18,6.011516600500359e-16,6.119395004124219e-16,4.3262926953176935e-11,4.087456701287518e-11,9.529592952368416e-13,9.003505152542675e-13,1.4995788465789427e-05,1.3218066637056507e-05,0.20712676408980618,0.17110106024233865,0.4220862439366293,0.19970555874905538,0.08546750426127384,0.02573721709239598,6.081484721318246e-08,2.777436941073046e-08,4.871407002654862e-06,2.1501016858345465e-06,3.054080262162705e-10,1.3042016771247708e-10,2.852480340647043e-12,1.2181112887985781e-12,7.790307052832961e-07,3.2220852247653376e-07,2.5514414298379022e-12,1.3509112473223431e-12,0.00036348553991096704,0.0001850041965131918,4.2591726183404306e-08,2.08700871189973e-08,0.0024556396486836267,0.0011600371778847183,4.184297633956118e-07,1.9080912249241624e-07,0.0005081885631538029,0.00022397189408484192,1.1905179617238231e-10,3.845449248352953e-11,4.626129470805122e-06,1.458438540113841e-06,1.474674766424158e-10,4.6490754896923824e-11,3.375668264018387e-19,3.1938660354606866e-19,7.978944893279782e-18,7.042424390439383e-18,1.7744895168401767e-14,1.467680990308272e-14,2.329947233782104e-09,1.8130425667985369e-09,1.4234021049498253e-12,6.499834966153394e-13,1.8806998255827177e-15,8.306411518316889e-16,2.1954385978496868e-23,6.324385351389349e-24,2.1550840404951463e-15,6.489112490163157e-16,1.6022692431033842e-18,6.846676013959913e-19,9.356486585220623e-18,4.765856414360407e-18,6.330053234218865e-10,3.104042463458936e-10,7.866850966244528e-16,3.7189292613844366e-16,7.427185351583971e-18,2.3987945634534462e-18,1.1758815556182836e-19,3.6219692854217946e-20,1.76664012280308e-14,5.441633328300715e-15,6.512681859497235e-11,2.0060467440889168e-11,4.471814777071275e-17,1.410460180746893e-17,0.010328643885947373,0.004886188795759628,9.999999999999092e-31,3.317304059934419e-31,2.1807864771626496e-09,6.7073164099879e-10,2.5818044350494304e-06,7.759189556141241e-07,2.6788436813514596e-10,8.24758354866077e-11,3.9432775621559866e-13,1.1862710238173615e-13
0.6890000000000001,1229.291001186316,5.411805316317331,0.25977735527530316,2.6290929254808604,0.06803304355996379,0.4472210992923312,1.2981737506624786e-07,1.7067314982961537e-06,6.478567891602112e-14,5.3663511584331096e-14,1.9592706857579778e-14,8.114551464244418e-15,2.1104930336248006e-08,1.6445577307420177e-08,0.20359006738216454,0.14976669016329716,1.4048427803827195e-16,5.640631663332186e-17,5.323833183078863e-14,2.074243051012538e-14,1.8172199133533818e-18,2.0050316506662585e-18,5.993775153030566e-16,6.101206614283524e-16,4.3172177055145244e-11,4.07879675263173e-11,9.508169407323143e-13,8.983075014383596e-13,1.4980457776231192e-05,1.3204275125655782e-05,0.20711708764316467,0.17108946156410954,0.4221091360350651,0.19971218148709466,0.08546990791798363,0.025737398568104693,6.078124218703072e-08,2.7758436932487606e-08,4.871592571846951e-06,2.150138282304557e-06,3.0503037940867393e-10,1.302561541896865e-10,2.848167007707569e-12,1.2162437119644662e-12,7.784096240935857e-07,3.2194485801662475e-07,2.5427343651594847e-12,1.3462727501351013e-12,0.0003627735111393053,0.00018463790258555765,4.2497856587764277e-08,2.0823651901760394e-08,0.0024528813652957143,0.0011587097558897223,4.178592376189887e-07,1.9054494047969044e-07,0.0005079476878422101,0.00022386101679586462,1.1885027024506052e-10,3.8388589379500464e-11,4.622838690966216e-06,1.4573703750637382e-06,1.4728149517015002e-10,4.643114376357509e-11,3.3655224181394215e-19,3.184199512311921e-19,7.96476865645365e-18,7.029763941041146e-18,1.7727664001854942e-14,1.466224902979255e-14,2.3301215521693613e-09,1.8131400050304873e-09,1.421955483198866e-12,6.493092275875462e-13,1.8769880811668713e-15,8.289843318809005e-16,2.1889953006775938e-23,6.305691312179661e-24,2.1517448806630534e-15,6.478921514288244e-16,1.599196769032434e-18,6.833402991887468e-19,9.340936075853734e-18,4.75783528747e-18,6.327871756054605e-10,3.102907355228429e-10,7.860618670977255e-16,3.715904739484541e-16,7.409188794837849e-18,2.392931702279203e-18,1.172652410803425e-19,3.611946709285414e-20,1.7651148298258635e-14,5.436820529565393e-15,6.510493344484111e-11,2.005330377082724e-11,4.4653978551292527e-17,1.4084065336220438e-17,0.010328643885925607,0.004886085834274389,9.999999999999088e-31,3.317234157903792e-31,2.1769322965844353e-09,6.695321247610668e-10,2.5795569101830184e-06,7.752271630131988e-07,2.67624566321363e-10,8.239411185544203e-11,3.933373587688104e-13,1.183266639670457e-13
0.6900000000000001,1229.2121068362353,5.4119757098587815,0.25976917630593466,2.6329424969127775,0.06803783733145649,0.4472432072248759,1.2970071379788666e-07,1.7051618773750574e-06,6.464094122708586e-14,5.3542496073286204e-14,1.9546675724027364e-14,8.09531690235504e-15,2.107716221193791e-08,1.6423594230360965e-08,0.20357341076588556,0.14975128820617684,1.401505742814145e-16,5.627114687853023e-17,5.3145735656513096e-14,2.0705918299623534e-14,1.8108731056592764e-18,1.99798688083645e-18,5.976106317492608e-16,6.08309317405497e-16,4.30817228931611e-11,4.0701652902131916e-11,9.48681866622663e-13,8.962714918709005e-13,1.4965160795188955e-05,1.3190514494808823e-05,0.20710743054906533,0.1710778869887707,0.42213197346522874,0.19971878698671192,0.08547231432721841,0.02573758201262815,6.074768751221942e-08,2.7742529357380655e-08,4.871777938086104e-06,2.150174883532857e-06,3.046537791765973e-10,1.3009260028603998e-10,2.843866533699462e-12,1.2143817589768141e-12,7.77790049549766e-07,3.216818421370798e-07,2.534067378418324e-12,1.3416557274154612e-12,0.0003620637590414398,0.00018427279102706408,4.2404307772164707e-08,2.077737674454807e-08,0.002450129737625606,0.0011573855854527517,4.17290197817917e-07,1.9028145567946102e-07,0.0005077072707277571,0.00022375035608729487,1.1864932204628997e-10,3.8322877363767496e-11,4.619554279850318e-06,1.4563043276905318e-06,1.470959672135171e-10,4.637168017989184e-11,3.355418785013937e-19,3.174573475723208e-19,7.950634157132309e-18,7.017141175135909e-18,1.7710467737650462e-14,1.4647718289795415e-14,2.330295491289627e-09,1.813237224893616e-09,1.420511913542622e-12,6.48636409549904e-13,1.8732883126358703e-15,8.273329077616808e-16,2.1825789712820792e-23,6.287076023748688e-24,2.148414889226503e-15,6.468758861860692e-16,1.5961339818782623e-18,6.820172224822057e-19,9.325430588004093e-18,4.749837641773934e-18,6.325694562136679e-10,3.1017745339002285e-10,7.854399444596944e-16,3.7128866884506263e-16,7.391256687530157e-18,2.3870900092965348e-18,1.169436348599007e-19,3.6019650117078875e-20,1.763592994785833e-14,5.432018826609864e-15,6.508309086174868e-11,2.004615440752028e-11,4.4589981892433836e-17,1.4063584782752846e-17,0.01032864388590389,0.0048859830949901815,9.999999999999088e-31,3.3171644067286356e-31,2.1730898348603522e-09,6.68336293022089e-10,2.5773145131117845e-06,7.745369751121875e-07,2.6736532047610326e-10,8.231256650214047e-11,3.9235067377663524e-13,1.180273602610911e-13
0.6910000000000001,1229.1333088264973,5.412146019529315,0.25976100187703494,2.6367921894870054,0.06804262135535517,0.4472652700308562,1.295842817245833e-07,1.703595411311671e-06,6.449669393177758e-14,5.342189421301095e-14,1.9500808016737838e-14,8.076151190325767e-15,2.1049463403186946e-08,1.6401666817101767e-08,0.2035567869423096,0.14973591767346656,1.398180631350165e-16,5.613646413172004e-17,5.3053414121379354e-14,2.0669515542064626e-14,1.8045557060480473e-18,1.990974941818637e-18,5.958509696906615e-16,6.065054271319051e-16,4.299156307661289e-11,4.061562179108183e-11,9.465540378467538e-13,8.942424525829548e-13,1.4949897395721844e-05,1.3176784626907133e-05,0.20709779274814652,0.17106633643910304,0.42215475641245426,0.19972537530823692,0.08547472347882294,0.025737767419029885,6.071418303371825e-08,2.7726646606841486e-08,4.871963101401877e-06,2.1502114892213833e-06,3.042782209714743e-10,1.2992950398931237e-10,2.8395788604051437e-12,1.2125254041943587e-12,7.771719757723547e-07,3.2141947228300156e-07,2.5254402324699485e-12,1.3370600514419983e-12,0.00036135627331533723,0.00018390885644416436,4.231107820045888e-08,2.073126087536052e-08,0.002447384740552175,0.0011560646541554347,4.1672263807185717e-07,1.9001866528493532e-07,0.0005074673104264256,0.00022363991128789847,1.184489490614287e-10,3.825735559767565e-11,4.61627621453232e-06,1.455240390277438e-06,1.4691089095899318e-10,4.631236355011542e-11,3.3453571308602475e-19,3.164987700211329e-19,7.936541211069537e-18,7.004555925019452e-18,1.7693306251867856e-14,1.4633217574610115e-14,2.3304690524747906e-09,1.8133342271848025e-09,1.4190713848068602e-12,6.479650371234599e-13,1.8696004635774185e-15,8.256868538777103e-16,2.176189458110876e-23,6.26853904117037e-24,2.1450940287319258e-15,6.458624416017923e-16,1.5930808366495761e-18,6.806983515088313e-19,9.309969925315176e-18,4.7418633740143986e-18,6.323521638737805e-10,3.100643991992333e-10,7.848193240626721e-16,3.7098750849562874e-16,7.373388707496336e-18,2.381269377994618e-18,1.1662332969167e-19,3.592023966214401e-20,1.762074604408565e-14,5.427228176409555e-15,6.506129070061264e-11,2.00390193014816e-11,4.452615706740827e-17,1.4043159909533672e-17,0.010328643885882281,0.004885880577161911,9.99999999999908e-31,3.3170948059030723e-31,2.1692590400519063e-09,6.67144129318119e-10,2.5750772256205825e-06,7.738483861300071e-07,2.6710662854019714e-10,8.223119875854194e-11,3.9136768219757084e-13,1.177291854070085e-13
0.6920000000000001,1229.054606852742,5.412316245561482,0.2597528319766347,2.6406420031440514,0.0680473956633819,0.44728728785948835,1.2946807803660095e-07,1.7020320888058446e-06,6.435293467259905e-14,5.3301704000986114e-14,1.945510291936006e-14,8.057053982015157e-15,2.10218336304555e-08,1.6379794841020478e-08,0.20354019580107016,0.14972057845817102,1.3948673861966743e-16,5.600226593547015e-17,5.296136599900537e-14,2.0633221744917513e-14,1.798267538875076e-18,1.9839956365372895e-18,5.940984897404747e-16,6.047089497196971e-16,4.290169622417684e-11,4.052987285299732e-11,9.44433419565679e-13,8.922203498226108e-13,1.4934667451518952e-05,1.3163085404941e-05,0.207088174182608,0.17105480983942287,0.4221774850611246,0.19973194651179982,0.08547713536277186,0.025737954780447533,6.068072859583975e-08,2.7710788602061004e-08,4.872148061811721e-06,2.1502480990695773e-06,3.039037002626897e-10,1.29766863295502e-10,2.8353039298976157e-12,1.2106746221062518e-12,7.765553969064934e-07,3.211577459106412e-07,2.516852690103347e-12,1.3324855944789477e-12,0.0003606510434591859,0.0001835460933428621,4.221816633180196e-08,2.0685303520057795e-08,0.0024446463483400937,0.0011547469492934866,4.16156552371989e-07,1.8975656644989333e-07,0.0005072278054449699,0.00022352968167878003,1.1824914878858168e-10,3.819202324689708e-11,4.613004472165086e-06,1.454178555136011e-06,1.467262646049634e-10,4.6253193282426535e-11,3.3353372237343285e-19,3.1554419620710966e-19,7.922489635220905e-18,6.99200802408893e-18,1.7676179421105898e-14,1.4618746776229838e-14,2.3306422370500967e-09,1.8134310126979699e-09,1.4176338858651948e-12,6.472951049531959e-13,1.8659244776368793e-15,8.240461446637723e-16,2.1698266103883485e-23,6.250079921833123e-24,2.1417822600977377e-15,6.448518055027523e-16,1.5900372886526249e-18,6.793836666326747e-19,9.294553892614456e-18,4.733912381562464e-18,6.3213529721937e-10,3.0995157220596255e-10,7.842000012599741e-16,3.706869905690203e-16,7.355584534965354e-18,2.375469702656739e-18,1.1630431838718306e-19,3.582123346997842e-20,1.7605596455223773e-14,5.422448536272876e-15,6.503953281714711e-11,2.0031898403508443e-11,4.446250335352667e-17,1.402279048036969e-17,0.01032864388586072,0.0048857782800510625,9.999999999999076e-31,3.3170253549257373e-31,2.165439859824117e-09,6.659556170674268e-10,2.5728450287405372e-06,7.731613900614103e-07,2.668484884535237e-10,8.215000795645233e-11,3.9038836500701594e-13,1.1743213355414156e-13
0.6930000000000001,1228.976000616458,5.412486388175213,0.2597446665933732,2.6444919378245793,0.06805216028690592,0.44730926085829753,1.2935210192225826e-07,1.7004718985370866e-06,6.42096611024013e-14,5.3181923443689983e-14,1.940955962242826e-14,8.038024934203493e-15,2.0994272615100636e-08,1.6357978076264454e-08,0.20352363723174724,0.1497052704535047,1.3915659479207456e-16,5.5868549847356e-17,5.286959006435378e-14,2.0597036416296975e-14,1.7920084297824253e-18,1.9770487693686264e-18,5.923531528196587e-16,6.029198446015683e-16,4.2812120962485946e-11,4.0444404755522855e-11,9.42319977108885e-13,8.902051500041772e-13,1.491947083643985e-05,1.3149416712096452e-05,0.20707857479716435,0.1710433071163977,0.42220015959410967,0.19973850065709864,0.08547954997029236,0.025738144090435143,6.064732403966993e-08,2.769495526282034e-08,4.8723328192985745e-06,2.1502847127648513e-06,3.0353021251684765e-10,1.2960467619999649e-10,2.831041684349891e-12,1.208829387250847e-12,7.759403070947597e-07,3.208966604762043e-07,2.508304514609667e-12,1.3279322290773861e-12,0.00035994805886205864,0.00018318449617488574,4.212557060583685e-08,2.0639503895104428e-08,0.002441914533770081,0.0011534324574660865,4.155919344716092e-07,1.8949515622050568e-07,0.0005069887540370413,0.0002234196664300208,1.1804991873212783e-10,3.8126879479345365e-11,4.609739029888966e-06,1.453118814577842e-06,1.4654208636020854e-10,4.619416878847458e-11,3.325358833521015e-19,3.145936039367152e-19,7.90847924756843e-18,6.979497306688957e-18,1.7659087121899903e-14,1.4604305786642452e-14,2.330815046335338e-09,1.8135275822253156e-09,1.416199405591489e-12,6.466266076863911e-13,1.8622602997400644e-15,8.224107551258658e-16,2.1634902795599358e-23,6.231698229600765e-24,2.1384795456907926e-15,6.438439661551101e-16,1.5870032934689494e-18,6.780731483399439e-19,9.27918229562359e-18,4.725984562271073e-18,6.31918854888942e-10,3.098389716687672e-10,7.835819713695916e-16,3.7038711271850073e-16,7.337843852455351e-18,2.3696908783267915e-18,1.159865938865519e-19,3.572262932251966e-20,1.7590481050666046e-14,5.417679863867499e-15,6.501781706759543e-11,2.0024791664602876e-11,4.439902003051306e-17,1.4002476259895983e-17,0.010328643885839229,0.004885676202926606,9.99999999999907e-31,3.3169560533003135e-31,2.161632240584565e-09,6.647707393056222e-10,2.570617901730127e-06,7.724759803709418e-07,2.665908981370588e-10,8.206899342213064e-11,3.894127030258161e-13,1.1713619880648048e-13
0.6940000000000001,1228.8974898206316,5.412656447589496,0.2597365057159387,2.648341993469409,0.0680569152571438,0.4473311891741018,1.2923635257694078e-07,1.698914829281748e-06,6.406687089176355e-14,5.306255056266782e-14,1.9364177321560674e-14,8.019063705840172e-15,2.0966780080523678e-08,1.6336216298632107e-08,0.2035071111245286,0.14968999355326645,1.3882762575236935e-16,5.573531344283741e-17,5.277808510215099e-14,2.0560959068227533e-14,1.7857782057873438e-18,1.9701341462364558e-18,5.906149201340813e-16,6.01138071507026e-16,4.272283592786662e-11,4.0359216175725264e-11,9.402136760641646e-13,8.881968197924779e-13,1.4904307425340149e-05,1.313577843247289e-05,0.20706899453657712,0.17103182819687998,0.4222227801934695,0.19974503780358366,0.08548196729250707,0.02573833534253538,6.061396920839453e-08,2.7679146509902435e-08,4.872517373856742e-06,2.150321330001242e-06,3.0315775323859395e-10,1.2944294071490435e-10,2.8267920663961086e-12,1.2069896743689518e-12,7.753267005266323e-07,3.2063621345606363e-07,2.4997954696499963e-12,1.3233998280041018e-12,0.00035924730877097064,0.00018282405932078705,4.203328947704072e-08,2.059386122438193e-08,0.0024391892701074174,0.0011521211655048788,4.1502877822159715e-07,1.8923443168815753e-07,0.0005067501545252257,0.0002233098647424352,1.1785125641472676e-10,3.806192346902357e-11,4.6064798649982415e-06,1.4520611609659352e-06,1.463583544444694e-10,4.6135289483520016e-11,3.315421731775824e-19,3.1364697117815715e-19,7.894509867320628e-18,6.967023608282667e-18,1.764202923181442e-14,1.458989449872311e-14,2.3309874816436385e-09,1.81362393655502e-09,1.4147679329500287e-12,6.459595400133044e-13,1.8586078735350924e-15,8.207806597108005e-16,2.1571803162191034e-23,6.2133935259553735e-24,2.1351858448530303e-15,6.428389109171007e-16,1.5839788069625054e-18,6.767667772415064e-19,9.263854941414586e-18,4.718079814703671e-18,6.317028355273948e-10,3.097265968497559e-10,7.829652297504598e-16,3.7008787261750024e-16,7.32016634472283e-18,2.363932800790911e-18,1.1567014903063116e-19,3.56244249715112e-20,1.757539970050088e-14,5.412922117088394e-15,6.49961433089258e-11,2.0017699036017074e-11,4.433570638324162e-17,1.3982217014428268e-17,0.010328643885817836,0.004885574345061331,9.999999999999064e-31,3.316886900533079e-31,2.1578361294153855e-09,6.635894792793167e-10,2.568395824368089e-06,7.717921506814187e-07,2.663338555306875e-10,8.198815448786773e-11,3.884406772823207e-13,1.1684137533147867e-13
0.6950000000000001,1228.8190741614712,5.412826424043092,0.25972834933207334,2.65219217001953,0.06806166060557173,0.4473530729549708,1.2912082920412228e-07,1.697360869923571e-06,6.39245617269456e-14,5.294358339274376e-14,1.9318955214951115e-14,8.000169956990942e-15,2.093935575167153e-08,1.631450928515653e-08,0.20349061737074234,0.14967474765197988,1.3849982563320274e-16,5.560255431078309e-17,5.2686849909308536e-14,2.0524989217551412e-14,1.7795766950038204e-18,1.9632515743013765e-18,5.888837530566552e-16,5.993635903413565e-16,4.2633839763303036e-11,4.0274305797156177e-11,9.381144822322282e-13,8.861953260583926e-13,1.4889177093858747e-05,1.3122170450873314e-05,0.2070594333422759,0.17102037300482953,0.4222453470410472,0.19975155801040276,0.0854843873193143,0.0257385285298992,6.058066394976944e-08,2.7663362266173444e-08,4.872701725528133e-06,2.150357950491788e-06,3.0278631798447703e-10,1.2928165487475244e-10,2.8225550192000963e-12,1.2051554584310336e-12,7.747145714477057e-07,3.203764023500278e-07,2.4913253257198472e-12,1.318888267661501e-12,0.00035854878323910696,0.00018246477757218816,4.194132144957341e-08,2.054837475622618e-08,0.0024364705328501777,0.0011508130612977396,4.144670778430218e-07,1.8897439011341715e-07,0.0005065120055617165,0.00022320027596206088,1.176531593797992e-10,3.799715439676009e-11,4.603226955038105e-06,1.4510055867428258e-06,1.461750670835366e-10,4.607655478480816e-11,3.3055256910995175e-19,3.1270427600166045e-19,7.880581314482804e-18,6.954586765060532e-18,1.7625005629329697e-14,1.4575512806115666e-14,2.3311595442805448e-09,1.8137200764674948e-09,1.4133394569899908e-12,6.452938966635543e-13,1.854967144614379e-15,8.191558337276925e-16,2.150896573779847e-23,6.1951653805645814e-24,2.131901122056668e-15,6.418366286932631e-16,1.5809637852328492e-18,6.754645340517221e-19,9.248571638100347e-18,4.710198037968515e-18,6.314872377871207e-10,3.0961444701460813e-10,7.823497718477173e-16,3.6978926798038353e-16,7.302551697721917e-18,2.3581953662372588e-18,1.1535497686833675e-19,3.552661823309094e-20,1.7560352274718e-14,5.408175253804215e-15,6.497451139887286e-11,2.001062046923242e-11,4.427256170122511e-17,1.396201251177773e-17,0.010328643885796483,0.004885472705723599,9.999999999999057e-31,3.316817896127331e-31,2.1540514756787067e-09,6.624118209386763e-10,2.5661787789006107e-06,7.711098953577232e-07,2.6607735861894054e-10,8.190749049976981e-11,3.8747226924231046e-13,1.16547657429005e-13
0.6960000000000001,1228.7407533418536,5.412996317760872,0.25972019743018937,2.656042467416092,0.06806639636322037,0.4473749123468136,1.2900553101015442e-07,1.6958100093898201e-06,6.37827313095843e-14,5.282501998191142e-14,1.9273892507631982e-14,7.981343350624756e-15,2.0911999355280292e-08,1.6292856814339626e-08,0.20347415586213435,0.14965953264477078,1.381731886109884e-16,5.5470270058133365e-17,5.2595883288083667e-14,2.0489126383319453e-14,1.7734037269722695e-18,1.9564008623295996e-18,5.871596132981394e-16,5.975963613610562e-16,4.2545131121902465e-11,4.018967231323405e-11,9.360223616504926e-13,8.842006359037071e-13,1.4874079718378915e-05,1.3108592652805743e-05,0.2070498911581608,0.17100894146657328,0.4222678603176671,0.19975806133656787,0.08548681004090328,0.025738723645812367,6.054740811048689e-08,2.7647602454085525e-08,4.872885874334414e-06,2.1503945739444687e-06,3.0241590232689216e-10,1.2912081672144095e-10,2.8183304862115354e-12,1.2033267145363644e-12,7.741039141283545e-07,3.2011722466925415e-07,2.482893851095751e-12,1.3143974232980556e-12,0.00035785247180870064,0.00018210664546196667,4.1849665013962005e-08,2.050304373246094e-08,0.0024337582964622548,0.0011495081322487526,4.1390682740524826e-07,1.8871502868858313e-07,0.0005062743056295903,0.00022309089936098839,1.1745562518317284e-10,3.79325714476132e-11,4.599980277609298e-06,1.4499520843729509e-06,1.4599222251629825e-10,4.601796411391606e-11,3.2956704860617143e-19,3.1176549666766904e-19,7.866693410381884e-18,6.942186614422325e-18,1.7608016193549406e-14,1.4561160603030655e-14,2.3313312355451917e-09,1.8138160027412493e-09,1.4119139668153407e-12,6.446296723941313e-13,1.851338057275655e-15,8.175362519197869e-16,2.1446389048542508e-23,6.177013360863982e-24,2.1286253372112423e-15,6.4083710701789565e-16,1.5779581846827525e-18,6.741663996191543e-19,9.23333219508053e-18,4.702339131856637e-18,6.31272060326559e-10,3.0950252143270936e-10,7.817355930981421e-16,3.694912965187582e-16,7.284999600062968e-18,2.352478471733373e-18,1.1504107034063462e-19,3.542920689055818e-20,1.7545338644555414e-14,5.403439232286878e-15,6.495292119598444e-11,2.0003555916028518e-11,4.4209585278284917e-17,1.39418625211848e-17,0.010328643885775236,0.004885371284190788,9.999999999999057e-31,3.3167490395924556e-31,2.150278227959383e-09,6.612377479989994e-10,2.5639667463621123e-06,7.704292084032836e-07,2.6582140537958354e-10,8.182700080215482e-11,3.865074603353714e-13,1.162550393891862e-13
0.6970000000000001,1228.6625270689824,5.413166128958678,0.2597120499991353,2.6598928856003976,0.06807112256085805,0.4473967074942873,1.288904571984206e-07,1.6942622365732834e-06,6.364137734973052e-14,5.2706858385528487e-14,1.9228988410888707e-14,7.962583552365332e-15,2.0884710618657272e-08,1.627125866519187e-08,0.2034577264903609,0.1496443484268944,1.378477088934239e-16,5.533845830484928e-17,5.250518404136299e-14,2.0453370084939395e-14,1.7672591323920723e-18,1.9495818203962493e-18,5.854424628408553e-16,5.958363451058967e-16,4.245670866346364e-11,4.01053144239733e-11,9.339372804948273e-13,8.822127165676514e-13,1.4859015175271954e-05,1.3095044923807695e-05,0.2070403679301098,0.17099753351028474,0.4222903202026412,0.19976454784058933,0.0854892354487604,0.025738920683981408,6.051420153389757e-08,2.7631866994618263e-08,4.873069820264202e-06,2.150431200055123e-06,3.020465018323446e-10,1.2896042429487368e-10,2.8141184109349646e-12,1.20150341781355e-12,7.734947228296307e-07,3.1985867792192863e-07,2.4745008161509713e-12,1.30992717129204e-12,0.00035715836415418104,0.00018174965759143878,4.175831864528331e-08,2.0457867387493593e-08,0.0024310525340971345,0.001148206365147014,4.133480207633487e-07,1.8845634450902578e-07,0.0005060370529808079,0.00022298173410990047,1.1725865138548257e-10,3.786817380839005e-11,4.5967398102953695e-06,1.4489006463187455e-06,1.4580981899018637e-10,4.595951689528525e-11,3.2858558928657394e-19,3.1083061159489303e-19,7.852845977201452e-18,6.929822994561881e-18,1.7591060803323287e-14,1.4546837783509866e-14,2.331502556731508e-09,1.8139117161526254e-09,1.410491451515701e-12,6.439668619573953e-13,1.847720558183675e-15,8.159218900808922e-16,2.1384071654987966e-23,6.158937044282836e-24,2.125358454333806e-15,6.398403346649241e-16,1.574961961967491e-18,6.728723549044176e-19,9.21813642247531e-18,4.694502996550147e-18,6.310573018088475e-10,3.0939081937628373e-10,7.811226889037446e-16,3.691939559287441e-16,7.26750974232169e-18,2.3467820150013026e-18,1.1472842261746527e-19,3.5332188798111815e-20,1.7530358682166282e-14,5.39871401110528e-15,6.493137255926504e-11,1.999650532836006e-11,4.414677641002797e-17,1.3921766812513754e-17,0.010328643885754038,0.0048852700797459465,9.999999999999036e-31,3.3166803304417105e-31,2.146516333727759e-09,6.600672438365793e-10,2.5617597061947087e-06,7.697500833452504e-07,2.655659937725316e-10,8.174668473408495e-11,3.855462318424267e-13,1.1596351545849636e-13
0.6980000000000001,1228.58439505247,5.413335857848951,0.25970390702792595,2.6637434245139016,0.06807583922906466,0.4474184585411791,1.287756069790202e-07,1.692717540459165e-06,6.350049757477151e-14,5.258909667369087e-14,1.918424214157794e-14,7.943890230206332e-15,2.0857489271137794e-08,1.6249714618363193e-08,0.2034413291475497,0.14962919489411364,1.3752338073165941e-16,5.5207116688780875e-17,5.241475098114913e-14,2.041771984547647e-14,1.7611427433196325e-18,1.942794260103095e-18,5.837322639556645e-16,5.940835024159994e-16,4.236857105752929e-11,4.00212308388563e-11,9.318592051959322e-13,8.802315355365766e-13,1.4843983341895492e-05,1.3081527150322762e-05,0.20703086360443473,0.17098614906466914,0.42231272687436394,0.19977101758071145,0.085491663534517,0.025739119638180673,6.048104406509173e-08,2.761615580959234e-08,4.873253563314386e-06,2.1504678285251936e-06,3.0167811210312123e-10,1.2880047565071774e-10,2.809918737319059e-12,1.1996855435864234e-12,7.728869918589315e-07,3.1960075963620923e-07,2.466145990819635e-12,1.305477387808619e-12,0.0003564664496951589,0.0001813938084333651,4.16672808289837e-08,2.0412844960959586e-08,0.0024283532191819663,0.0011469077469145668,4.1279065183569807e-07,1.8819833469971107e-07,0.0005058002459035311,0.00022287277939581898,1.170622355648876e-10,3.7803960671743636e-11,4.593505530822735e-06,1.447851265090745e-06,1.4562785476446795e-10,4.590121255724746e-11,3.2760816893982795e-19,3.098995993648975e-19,7.839038838358831e-18,6.917495744797962e-18,1.7574139338510625e-14,1.4532544242467622e-14,2.3316735091271944e-09,1.8140072174745879e-09,1.4090719002687938e-12,6.4330546014769e-13,1.8441145923567617e-15,8.143127232828184e-16,2.1322012104825623e-23,6.1409360046132e-24,2.1221004334209346e-15,6.388462992007242e-16,1.5719750740192726e-18,6.715823809904273e-19,9.202984131745527e-18,4.686689532936811e-18,6.308429609031017e-10,3.0927934012094776e-10,7.805110547008373e-16,3.6889724392353204e-16,7.25008181735654e-18,2.341105894519385e-18,1.1441702673503016e-19,3.5235561769132393e-20,1.7515412260483367e-14,5.393999549082215e-15,6.490986534838527e-11,1.998946865841656e-11,4.408413439708061e-17,1.3901725157268955e-17,0.010328643885732923,0.004885169091676759,9.999999999999029e-31,3.316611768191496e-31,2.1427657409265263e-09,6.589002919765261e-10,2.5595576381231085e-06,7.690725137977097e-07,2.6531112177329234e-10,8.166654163964149e-11,3.845885652287872e-13,1.1567307993990107e-13
0.6990000000000001,1228.5063569949102,5.413505504664432,0.25969576850460546,2.667594084098223,0.06808054639870205,0.44744016563264644,1.286609795703226e-07,1.6911759101422612e-06,6.336008972752713e-14,5.2471732929552695e-14,1.9139652918316962e-14,7.925263052917853e-15,2.0830335043586452e-08,1.6228224455723045e-08,0.20342496372691418,0.1496140719428652,1.3720019840817156e-16,5.507624286069034e-17,5.232458293164513e-14,2.038217519281516e-14,1.75505439286636e-18,1.9360379942413854e-18,5.820289790709458e-16,5.92337794297297e-16,4.228071698003931e-11,3.993742027359372e-11,9.297881023932362e-13,8.782570604986778e-13,1.4828984096396387e-05,1.3068039219501772e-05,0.20702137812400784,0.17097478805543823,0.42233508051099994,0.1997774706148569,0.08549409428865873,0.025739320501814756,6.044793555387834e-08,2.760046882297702e-08,4.873437103528459e-06,2.1505044590745382e-06,3.013107287930115e-10,1.2864096886686644e-10,2.8057314098332133e-12,1.1978730674044122e-12,7.722807155773577e-07,3.193434673626543e-07,2.4578291518912553e-12,1.3010479526586316e-12,0.0003557767186705835,0.00018103909287820485,4.157655010081969e-08,2.036797571724882e-08,0.0024256603274265803,0.001145612265553026,4.1223471491989465e-07,1.879409965588664e-07,0.0005055638830271245,0.0002227640345560685,1.1686637531993657e-10,3.773993123702461e-11,4.590277417159478e-06,1.4468039332759538e-06,1.4544632810303165e-10,4.58430505296626e-11,3.266347654534117e-19,3.0897243865571067e-19,7.825271818040406e-18,6.9052047051507666e-18,1.7557251679901846e-14,1.451827987559806e-14,2.3318440940126357e-09,1.814102507472422e-09,1.4076553023384727e-12,6.426454617992078e-13,1.840520106759299e-15,8.127087274601964e-16,2.1260208973632415e-23,6.123009823737328e-24,2.118851239755575e-15,6.378549897847339e-16,1.5689974779983107e-18,6.702964590601867e-19,9.187875135369852e-18,4.6788986424365415e-18,6.306290362856472e-10,3.09168082945724e-10,7.79900686013701e-16,3.686011582580397e-16,7.232715519155078e-18,2.3354500091451017e-18,1.141068759352078e-19,3.513932368064103e-20,1.7500499252272987e-14,5.3892958049926914e-15,6.48883994237248e-11,1.9982445858597457e-11,4.40216585446392e-17,1.388173732842625e-17,0.010328643885711884,0.004885068319266172,9.999999999999041e-31,3.3165433523549987e-31,2.139026399818828e-09,6.577368766597619e-10,2.557360524406475e-06,7.683964941368079e-07,2.6505678740231935e-10,8.158657087680324e-11,3.836344423856095e-13,1.1538372726524836e-13
0.7000000000000001,1228.4284126013904,5.413675069634601,0.25968763441737763,2.671444864295145,0.06808524410039178,0.44746182891267255,1.2854657419684488e-07,1.689637334802411e-06,6.322015156759155e-14,5.2354765250539257e-14,1.9095219965418314e-14,7.906701691691088e-15,2.0803247668840406e-08,1.620678796073777e-08,0.2034086301224589,0.14959897947034018,1.3687815624726128e-16,5.494583448857289e-17,5.2234678725801023e-14,2.0346735658353705e-14,1.748993915470978e-18,1.9293128370958497e-18,5.803325708995231e-16,5.905991820518443e-16,4.2193145116451835e-11,3.985388145315042e-11,9.277239389723706e-13,8.762892593810944e-13,1.481401731785803e-05,1.3054581019358432e-05,0.20701191143223835,0.17096345040893446,0.4223573812901376,0.19978390700086004,0.08549652770115794,0.025739523268159994,6.041487585158755e-08,2.758480595948473e-08,4.873620440957758e-06,2.1505410914286013e-06,3.0094434758948045e-10,1.284819020360806e-10,2.8015563733702833e-12,1.1960659650033582e-12,7.716758883907047e-07,3.190867986711284e-07,2.449550075898647e-12,1.2966387455360363e-12,0.0003550891610971585,0.00018068550570442377,4.148612500550985e-08,2.0323258925287534e-08,0.002422973834738828,0.0011443199091611947,4.1168020436257287e-07,1.8768432740780298e-07,0.0005053279630046777,0.00022265549893881747,1.1667106826617275e-10,3.767608470925884e-11,4.587055447419397e-06,1.4457586435104648e-06,1.4526523728184865e-10,4.5785030246360835e-11,3.2566535688151883e-19,3.080491083066486e-19,7.811544741652184e-18,6.8929497167530686e-18,1.754039770922728e-14,1.4504044579411064e-14,2.3320143126612725e-09,1.8141975869076273e-09,1.4062416470704749e-12,6.419868617853205e-13,1.836937047184398e-15,8.111098780355141e-16,2.1198660829674773e-23,6.105158081502224e-24,2.1156108350620663e-15,6.368663945079287e-16,1.5660291313468105e-18,6.690145704211613e-19,9.172809247136413e-18,4.671130227159097e-18,6.304155266395299e-10,3.090570471334145e-10,7.792915783980017e-16,3.6830569670289653e-16,7.215410543951391e-18,2.329814258480438e-18,1.1379796337011288e-19,3.5043472382382e-20,1.7485619531133165e-14,5.3846027378819916e-15,6.486697464653056e-11,1.9975436881600428e-11,4.395934816284943e-17,1.3861803100579878e-17,0.010328643885690951,0.004884967761802139,9.999999999999051e-31,3.3164750824487827e-31,2.1352982610561272e-09,6.565769822501378e-10,2.5551683474978095e-06,7.677220187989384e-07,2.648029886944409e-10,8.150677180819694e-11,3.8268384537059994e-13,1.150954519174961e-13
0.7010000000000001,1228.3505615857216,5.413844552968971,0.2596795047554073,2.6752957650465996,0.06808993236424891,0.4474834485227927,1.2843239007855453e-07,1.688101803565657e-06,6.30806808627967e-14,5.223819174132971e-14,1.9050942514738764e-14,7.88820582091171e-15,2.0776226880403656e-08,1.6185404917470115e-08,0.20339232822796827,0.14958391737389876,1.3655724860742128e-16,5.481588925464705e-17,5.2145037195066616e-14,2.0311400773033327e-14,1.7429611468081285e-18,1.9226186043456113e-18,5.786430024748677e-16,5.888676273152198e-16,4.210585415995573e-11,3.977061311009716e-11,9.25666681963323e-13,8.743281002545841e-13,1.4799082885351674e-05,1.3041152437946932e-05,0.20700246347640533,0.17095213605506468,0.4223796293877264,0.19979032679617628,0.08549896376354206,0.025739727931014523,6.038186480446026e-08,2.7569167141581958e-08,4.873803575600479e-06,2.150577725293782e-06,3.005789641632927e-10,1.2832327324461457e-10,2.797393572805827e-12,1.1942642121185704e-12,7.710725046878363e-07,3.1883075112565387e-07,2.44130853836183e-12,1.2922496456189727e-12,0.000354403766673294,0.00018033304152981937,4.139600405208952e-08,2.0278693836688177e-08,0.002420293714679487,0.0011430306647342808,4.111271141309721e-07,1.87428324395792e-07,0.0005050924840990653,0.0002225471717209275,1.164763120213585e-10,3.761242029441457e-11,4.583839599641305e-06,1.4447153884114183e-06,1.4508458058797325e-10,4.572715114487505e-11,3.246999214677897e-19,3.0712958734010656e-19,7.79785743561929e-18,6.880730621680299e-18,1.752357730788669e-14,1.4489838250196915e-14,2.3321841663416017e-09,1.814292456541399e-09,1.4048309237876048e-12,6.413296549713985e-13,1.833365360611659e-15,8.09516150961063e-16,2.113736626223644e-23,6.0873803638841e-24,2.1123791816524017e-15,6.358805016417254e-16,1.5630699917773856e-18,6.67736696501007e-19,9.157786281631302e-18,4.663384189648379e-18,6.302024306522158e-10,3.0894623196979943e-10,7.786837273449551e-16,3.6801085699953735e-16,7.198166590381872e-18,2.3241985429244663e-18,1.134902823063001e-19,3.494800575974286e-20,1.7470772972048225e-14,5.379920307242087e-15,6.484559087858282e-11,1.9968441680339693e-11,4.3897202563575546e-17,1.3841922248937973e-17,0.010328643885670055,0.004884867418582737,9.999999999999057e-31,3.316406957996323e-31,2.1315812732101745e-09,6.554205924762271e-10,2.5529810870898097e-06,7.670490813939621e-07,2.6454972365053315e-10,8.142714378630752e-11,3.817367559481943e-13,1.148082482925311e-13
0.7020000000000001,1228.2728036568628,5.414013954891601,0.2596713795071645,2.6791467862946785,0.06809461122058566,0.44750502460552655,1.2831842644283235e-07,1.6865693056569672e-06,6.29416753959902e-14,5.2122010519327765e-14,1.900681980067162e-14,7.869775116064718e-15,2.0749272413302203e-08,1.6164075111201916e-08,0.20337605793799882,0.14956888555140135,1.3623746987984217e-16,5.468640485460483e-17,5.205565718173833e-14,2.0276170072092753e-14,1.736955923629412e-18,1.915955112883403e-18,5.769602370094517e-16,5.871430919107355e-16,4.201884281051964e-11,3.9687613983603936e-11,9.2361629860402e-13,8.723735513911952e-13,1.4784180678719413e-05,1.3027753364016975e-05,0.20699303420126305,0.17094084492156306,0.4224018249791738,0.19979673005786866,0.08550140246682315,0.0257399344840063,6.034890226253389e-08,2.7553552293472762e-08,4.873986507489869e-06,2.1506143603906213e-06,3.00214574230181e-10,1.281650805981992e-10,2.793242953488009e-12,1.192467784690757e-12,7.704705589049213e-07,3.1857532231011836e-07,2.4331043200815823e-12,1.2878805348975332e-12,0.0003537205256936978,0.0001799816952764166,4.130618578940963e-08,2.0234279722680196e-08,0.002417619942563288,0.0011417445200976953,4.105754384866886e-07,1.8717298480672845e-07,0.0005048574448336899,0.00022243905219409234,1.1628210422193199e-10,3.7548937204615056e-11,4.580629852069591e-06,1.4436741606615644e-06,1.4490435631415207e-10,4.566941266461877e-11,3.237384375655165e-19,3.0621385488522493e-19,7.784209727189244e-18,6.868547262758328e-18,1.7506790358157603e-14,1.44756607849866e-14,2.3323536563155778e-09,1.8143871171285543e-09,1.4034231218934054e-12,6.406738362604198e-13,1.8298049952278753e-15,8.079275227258401e-16,2.1076323879850805e-23,6.069676262462057e-24,2.1091562455142715e-15,6.348973005658135e-16,1.560120017229668e-18,6.664628188272185e-19,9.142806054468251e-18,4.655660432986789e-18,6.299897470175852e-10,3.088356367437895e-10,7.780771284176816e-16,3.6771663692366103e-16,7.180983358402075e-18,2.3186027633172347e-18,1.1318382614452753e-19,3.485292173974126e-20,1.7455959449997235e-14,5.375248472568679e-15,6.482424798225285e-11,1.9961460207910433e-11,4.383522106304784e-17,1.3822094550120116e-17,0.010328643885649191,0.004884767288903224,9.999999999999053e-31,3.3163389785191606e-31,2.1278753866730765e-09,6.542676916287965e-10,2.550798724814502e-06,7.663776761152259e-07,2.642969903078758e-10,8.134768617491584e-11,3.8079315623446213e-13,1.1452211089281875e-13
0.7030000000000001,1228.195138526422,5.414183275622835,0.2596632586613009,2.682997927981629,0.06809928069948278,0.4475265573022883,1.282046825234327e-07,1.6850398303892938e-06,6.280313296681597e-14,5.200621971621826e-14,1.896285106322391e-14,7.85140925502099e-15,2.0722384004557006e-08,1.6142798328828526e-08,0.2033598191477645,0.14955388390136679,1.3591881449762497e-16,5.455737900139561e-17,5.196653753687884e-14,2.0241043094290107e-14,1.7309780839970847e-18,1.909322181076223e-18,5.752842379977413e-16,5.854255379551579e-16,4.193210977763272e-11,3.960488282209169e-11,9.215727563790996e-13,8.704255813022638e-13,1.4769310578763632e-05,1.301438368720172e-05,0.20698362355214558,0.17092957693683278,0.42242396823920153,0.1998031168428645,0.08550384380174728,0.025740142920710037,6.031598807743193e-08,2.753796134013417e-08,4.874169236667153e-06,2.150650996445349e-06,2.9985117354026053e-10,1.2800732221772792e-10,2.7891044611945806e-12,1.1906766588495605e-12,7.698700455245117e-07,3.1832050982840775e-07,2.4249372012119512e-12,1.2835312950380456e-12,0.0003530394281753689,0.0001796314617260191,4.121666877486038e-08,2.0190015858819704e-08,0.0024149524939002195,0.0011404614631727204,4.1002517174097466e-07,1.8691830594786785e-07,0.0005046228437563949,0.0002223311396611694,1.1608844252130449e-10,3.748563465764867e-11,4.577426183091048e-06,1.4426349529916866e-06,1.4472456276523034e-10,4.5611814248978707e-11,3.227808836926396e-19,3.0530189023038133e-19,7.770601444826279e-18,6.856399483922367e-18,1.7490036743291405e-14,1.4461512081654662e-14,2.332522783838581e-09,1.8144815694204542e-09,1.4020182308760426e-12,6.400194005957773e-13,1.8262558977075605e-15,8.063439691560649e-16,2.101553227969019e-23,6.052045365611838e-24,2.1059419884037164e-15,6.339167793888481e-16,1.5571791659183891e-18,6.6519291904873e-19,9.127868382573632e-18,4.647958860947792e-18,6.297774744358308e-10,3.087252607478774e-10,7.774717772110107e-16,3.6742303426682736e-16,7.16386055020854e-18,2.3130268212410584e-18,1.1287858816425593e-19,3.47582182124008e-20,1.744117884080097e-14,5.370587193630709e-15,6.480294582069461e-11,1.995449241768019e-11,4.3773402982439126e-17,1.3802319782361259e-17,0.010328643885628432,0.004884667372063981,9.999999999999058e-31,3.3162711435422976e-31,2.124180552225432e-09,6.531182641215466e-10,2.5486212424996535e-06,7.657077972169001e-07,2.6404478671809546e-10,8.126839834244048e-11,3.798530285153308e-13,1.142370342729071e-13
0.704,1228.1175659150113,5.414352515362133,0.2596551422074726,2.6868491900498417,0.06810394083051405,0.44754804675205073,1.280911575497122e-07,1.6835133670237622e-06,6.2665051383097e-14,5.1890817470883196e-14,1.8919035549749923e-14,7.833107918762751e-15,2.0695561391870033e-08,1.61215743578519e-08,0.20334361175216203,0.14953891232241395,1.3560127692787943e-16,5.4428809422108144e-17,5.1877677109973986e-14,2.020601937789486e-14,1.7250274671892166e-18,1.9027196286624317e-18,5.736149692521488e-16,5.837149278958452e-16,4.184565377848537e-11,3.952241838155364e-11,9.19536022917119e-13,8.684841586421909e-13,1.4754472466293858e-05,1.3001043297191444e-05,0.2069742314783402,0.17091833203291296,0.42244605934082174,0.19980948720768302,0.08550628776079114,0.025740353235275494,6.02831220957022e-08,2.7522394204303615e-08,4.874351763118288e-06,2.1506876331642553e-06,2.994887578262196e-10,1.2784999621727124e-10,2.7849780416789086e-12,1.1888908107209749e-12,7.692709590101817e-07,3.1806631127771346e-07,2.4168069605515873e-12,1.2792018070092689e-12,0.0003523604637684472,0.00017928233547504765,4.112745152931625e-08,2.0145901502939863e-08,0.002412291341817155,0.0011391814807600782,4.0947630782148763e-07,1.866642849525161e-07,0.0005043886790205356,0.00022222343325184184,1.1589532457488644e-10,3.742251187217192e-11,4.574228571010249e-06,1.4415977581113224e-06,1.445451982567447e-10,4.555435534491853e-11,3.218272385543883e-19,3.0439367284489194e-19,7.757032418011541e-18,6.844287130047643e-18,1.7473316346233446e-14,1.4447392037876005e-14,2.3326915501613683e-09,1.8145758141684455e-09,1.4006162402024524e-12,6.393663429136239e-13,1.8227180156728216e-15,8.047654665021568e-16,2.0954990076929554e-23,6.034487266968181e-24,2.102736372115749e-15,6.329389262347263e-16,1.5542473963232292e-18,6.639269789322496e-19,9.112973083670017e-18,4.6402793777376876e-18,6.295656116112384e-10,3.086151032773749e-10,7.768676692546248e-16,3.6713004679106895e-16,7.146797870391231e-18,2.3074706190720078e-18,1.12574561736273e-19,3.466389309626074e-20,1.742643102163158e-14,5.365936430632894e-15,6.478168425753251e-11,1.9947538263213757e-11,4.371174764461331e-17,1.3782597724500705e-17,0.010328643885607754,0.004884567667375602,9.999999999999051e-31,3.316203452597686e-31,2.120496718539973e-09,6.519722937242391e-10,2.5464486191763283e-06,7.650394381157431e-07,2.6379311089824734e-10,8.118927964696665e-11,3.789163547766039e-13,1.139530128981979e-13
0.705,1228.040085524493,5.414521674359435,0.259647030132918,2.690700572441884,0.06810859164410887,0.4475694930979282,1.279778507703712e-07,1.681989905072769e-06,6.2527428474411e-14,5.177580194036542e-14,1.8875372505461884e-14,7.814870787412625e-15,2.0668804315345997e-08,1.610040298763603e-08,0.20332743564828468,0.14952397071431786,1.3528485166794355e-16,5.4300693856161e-17,5.178907477393547e-14,2.0171098470318508e-14,1.7191039133862702e-18,1.896147276395679e-18,5.719523946190615e-16,5.820112242186227e-16,4.175947353604414e-11,3.944021942352557e-11,9.175060661159178e-13,8.665492523221955e-13,1.4739666223674345e-05,1.2987732085028137e-05,0.20696485792014013,0.17090711013388044,0.42246809845806704,0.19981584120866774,0.08550873433294641,0.02574056542072098,6.025030417670978e-08,2.7506850814502115e-08,4.874534086958606e-06,2.150724270303765e-06,2.991273229294525e-10,1.276931007572422e-10,2.780863641674263e-12,1.187110216849735e-12,7.686732939436768e-07,3.1781272430354987e-07,2.4087133886339306e-12,1.2748919580040033e-12,0.0003516836236675364,0.00017893431190607232,4.103853268986181e-08,2.0101935969855017e-08,0.0024096364653689844,0.0011379045624587642,4.0892884163302825e-07,1.8641091939934968e-07,0.0005041549497017208,0.00022211593250157487,1.1570274807371417e-10,3.7359568078368064e-11,4.57103699464057e-06,1.4405625688873754e-06,1.4436626110569734e-10,4.549703539982877e-11,3.208774808846018e-19,3.034891822272818e-19,7.743502476855142e-18,6.832210046570557e-18,1.7456629052013743e-14,1.443330055302586e-14,2.332859956525621e-09,1.8146698521107836e-09,1.3992171395234798e-12,6.3871465823312e-13,1.8191912982449e-15,8.031919916779129e-16,2.089469590748666e-23,6.017001566181006e-24,2.099539365427211e-15,6.319637313290243e-16,1.5513246671140935e-18,6.626649803267919e-19,9.098119976742057e-18,4.632621888208084e-18,6.29354157257524e-10,3.085051636313924e-10,7.762648002890159e-16,3.668376723573538e-16,7.129795023752454e-18,2.3019340592633173e-18,1.1227174041178516e-19,3.456994436562009e-20,1.741171586837341e-14,5.361296143374558e-15,6.476046315729892e-11,1.9940597698302096e-11,4.3650254379597723e-17,1.3762928157634164e-17,0.010328643885587114,0.004884468174133051,9.99999999999905e-31,3.316135905206686e-31,2.1168238400609424e-09,6.50829765981849e-10,2.544280840597037e-06,7.64372594246642e-07,2.635419609739133e-10,8.11103294798572e-11,3.779831180167167e-13,1.136700415391286e-13
0.706,1227.9626970815011,5.414690752804134,0.25963892242778214,2.6945520751004586,0.06811323316936661,0.44759089647660627,1.278647614214375e-07,1.6804694338934368e-06,6.239026207595477e-14,5.1661171286944186e-14,1.8831861188702193e-14,7.796697546622802e-15,2.064211251568638e-08,1.6079284008136392e-08,0.2033112907319798,0.14950905897674488,1.349695332589232e-16,5.417303006119534e-17,5.170072939037815e-14,2.0136279914760756e-14,1.7132072642907848e-18,1.889604946744289e-18,5.702964784456029e-16,5.803143899276566e-16,4.16735677841301e-11,3.9358284720215404e-11,9.154828540144389e-13,8.64620831396565e-13,1.4724891732981866e-05,1.2974449941592195e-05,0.2069555028287464,0.17089591117373337,0.4224900857622347,0.1998221789019036,0.08551118351087748,0.02574077947130618,6.021753416712681e-08,2.749133109362055e-08,4.874716208165031e-06,2.150760907570506e-06,2.9876686462479014e-10,1.2753663397065475e-10,2.7767612075371303e-12,1.1853348536301895e-12,7.680770448441655e-07,3.175597465277122e-07,2.400656264898663e-12,1.2706016293666917e-12,0.00035100889726815126,0.00017858738548810445,4.094991078021732e-08,2.0058118519074695e-08,0.002406987837178145,0.001136630694838532,4.08382767044447e-07,1.8615820639629596e-07,0.0005039216538493186,0.00022200863649502484,1.1551071069876574e-10,3.729680250351157e-11,4.5678514324690275e-06,1.4395293780931135e-06,1.441877496486239e-10,4.5439853867606376e-11,3.199315897039209e-19,3.0258839815204146e-19,7.730011452973057e-18,6.8201680803202015e-18,1.743997474471518e-14,1.4419237525795286e-14,2.3330280041699084e-09,1.8147636839926473e-09,1.3978209184095442e-12,6.380643415411762e-13,1.8156756927131853e-15,8.016235207966061e-16,2.083464839500167e-23,5.999587859457032e-24,2.0963509273278067e-15,6.309911819567641e-16,1.548410937292473e-18,6.614069052296617e-19,9.083308881692483e-18,4.624986297719914e-18,6.291431100906156e-10,3.0839544111191473e-10,7.756631658659995e-16,3.6654590873990387e-16,7.112851719020876e-18,2.2964170455639435e-18,1.119701175607573e-19,3.4476369939466445e-20,1.739703325987185e-14,5.356666292603356e-15,6.473928238501632e-11,1.9933670677002642e-11,4.3588922517946376e-17,1.3743310863137616e-17,0.010328643885566565,0.004884368891657093,9.999999999999069e-31,3.316068500908145e-31,2.1131618653343453e-09,6.496906646320387e-10,2.542117885118688e-06,7.637072588278158e-07,2.632913349709251e-10,8.103154720233682e-11,3.7705330035675994e-13,1.1338811470374596e-13
0.707,1227.8854002992075,5.4148597509219725,0.25963081908047003,2.6984036979684283,0.06811786543601911,0.44761225702785395,1.2775188875090906e-07,1.6789519429987462e-06,6.225355003899361e-14,5.1546923686392844e-14,1.8788500857016127e-14,7.778587881748964e-15,2.0615485735152705e-08,1.60582172105281e-08,0.20329517690045995,0.14949417701004214,1.346553162679701e-16,5.404581580554638e-17,5.161263983698191e-14,2.010156326071334e-14,1.7073373624651316e-18,1.8830924631461417e-18,5.686471851489721e-16,5.786243881027417e-16,4.158793526140682e-11,3.9276613048524265e-11,9.13466354855575e-13,8.626988651153997e-13,1.471014887722802e-05,1.2961196758581006e-05,0.20694616614905512,0.17088473508088425,0.42251202142477784,0.19982850034307306,0.08551363528545632,0.025740995380692338,6.018481192164978e-08,2.7475834968169932e-08,4.874898126796198e-06,2.1507975447021698e-06,2.9840737875894786e-10,1.2738059402125732e-10,2.772670686286384e-12,1.1835646977408944e-12,7.674822063032697e-07,3.173073756016981e-07,2.3926353791273905e-12,1.2663307079293401e-12,0.00035033627531930585,0.0001782415513792801,4.086158440545245e-08,2.00144484500292e-08,0.0024043454338400954,0.0011353598663451552,4.0783807857615366e-07,1.8590614334838983e-07,0.0005036887901211265,0.00022190154458456255,1.1531921015603189e-10,3.723421438300837e-11,4.56467186332272e-06,1.438498178607286e-06,1.4400966222288862e-10,4.538281020241429e-11,3.189895440826616e-19,3.0169130044301324e-19,7.716559178512973e-18,6.808161078606818e-18,1.7423353309657565e-14,1.440520285588756e-14,2.3331956943253826e-09,1.8148573105490718e-09,1.3964275665443798e-12,6.37415387876052e-13,1.812171148905545e-15,8.000600310944277e-16,2.0774846196417152e-23,5.982245752639216e-24,2.093171025573331e-15,6.300212680422289e-16,1.5455061660415797e-18,6.601527357173892e-19,9.068539619364583e-18,4.617372512119654e-18,6.289324688339427e-10,3.0828593502405877e-10,7.750627616771819e-16,3.662547537786413e-16,7.095967665349337e-18,2.2909194818702265e-18,1.116696868178665e-19,3.438316781852728e-20,1.7382383074103326e-14,5.352046838795293e-15,6.471814180633159e-11,1.9926757153529728e-11,4.3527751395183514e-17,1.3723745623963823e-17,0.01032864388554609,0.004884269819257295,9.999999999999065e-31,3.3160012392333067e-31,2.1095107467943694e-09,6.485549746091651e-10,2.539959735563818e-06,7.630434264185495e-07,2.630412309872301e-10,8.09529321977732e-11,3.7612688458362627e-13,1.131072271009147e-13
0.708,1227.8081949029224,5.415028668910304,0.259622720080751,2.702255440988796,0.06812248847311855,0.4476335748881823,1.2763923200464186e-07,1.6774374218806143e-06,6.211729022609857e-14,5.143305732429601e-14,1.8745290776993027e-14,7.760541481964081e-15,2.0588923717306118e-08,1.60372023870847e-08,0.20327909405061334,0.14947932471475658,1.3434219530384302e-16,5.391904887476259e-17,5.1524804991117714e-14,2.006694805768465e-14,1.7014940518259644e-18,1.8766096505634346e-18,5.670044795126953e-16,5.7694118220367e-16,4.15025747163103e-11,3.9195203194901576e-11,9.11456537074179e-13,8.607833229176539e-13,1.4695437539801091e-05,1.2947972428083112e-05,0.20693684783097788,0.17087358178837858,0.4225339056154483,0.19983480558759645,0.08551608964928785,0.0257412131431346,6.015213729026828e-08,2.7460362362609056e-08,4.87507984285524e-06,2.1508341814179295e-06,2.9804886116822207e-10,1.2722497906904592e-10,2.7685920250081005e-12,1.1817997258965476e-12,7.668887729107478e-07,3.1705560917759646e-07,2.3846505159845046e-12,1.2620790778355978e-12,0.00034966574764338425,0.00017789680426765246,4.0773552126293394e-08,1.9970925040602753e-08,0.002401709229271302,0.0011340920641649296,4.072947703263704e-07,1.856547274692506e-07,0.0005034563567414396,0.00022179465593235976,1.1512824415622191e-10,3.717180295403214e-11,4.5614982659651435e-06,1.4374689632942327e-06,1.438319971812656e-10,4.532590386350764e-11,3.18051323302499e-19,3.0079786912782847e-19,7.703145486915286e-18,6.796188889927808e-18,1.7406764632258167e-14,1.4391196443149424e-14,2.33336302821862e-09,1.8149507325164054e-09,1.3950370736213723e-12,6.367677922832802e-13,1.8086776150606595e-15,7.985014991121464e-16,2.0715287957472347e-23,5.96497484842066e-24,2.0899996213684557e-15,6.290539775416856e-16,1.5426103128327147e-18,6.589024539945133e-19,9.053812011691369e-18,4.60978043783872e-18,6.28722232214971e-10,3.0817664467594585e-10,7.74463583348691e-16,3.659642052840508e-16,7.079142574778977e-18,2.285441273033034e-18,1.1137044167698665e-19,3.4290335960580134e-20,1.736776519076527e-14,5.347437742979452e-15,6.469704128743726e-11,1.991985708233184e-11,4.346674034962686e-17,1.3704232224025756e-17,0.010328643885525669,0.004884170956256927,9.999999999999053e-31,3.3159341197227435e-31,2.105870434534212e-09,6.474226801323798e-10,2.5378063716528896e-06,7.623810906495337e-07,2.6279164708529417e-10,8.087448383897424e-11,3.7520385320540733e-13,1.128273733568204e-13
0.709,1227.7310806058777,5.415197506999521,0.2596146254168133,2.70610730410473,0.06812710231026077,0.4476548501967376,1.275267904404706e-07,1.6759258601874068e-06,6.198148051631568e-14,5.131957040007976e-14,1.8702230214579185e-14,7.742558036210068e-15,2.0562426207388585e-08,1.60162393313978e-08,0.20326304208075646,0.14946450199220718,1.3403016500267505e-16,5.3792727065630546e-17,5.1437223745968153e-14,2.0032433861381136e-14,1.6956771771829568e-18,1.8701563349646367e-18,5.653683264078667e-16,5.752647357837481e-16,4.141748490260903e-11,3.9114053950961614e-11,9.094533693167627e-13,8.588741744455576e-13,1.4680757605082481e-05,1.2934776843059029e-05,0.20692754781868503,0.17086245122419352,0.42255573850423644,0.19984109469059136,0.0855185465930459,0.025741432752255683,6.011951013071273e-08,2.7444913204895358e-08,4.875261356421831e-06,2.150870817466386e-06,2.976913077589519e-10,1.270697873039973e-10,2.7645251714424563e-12,1.1800399150928045e-12,7.662967393281009e-07,3.168044449369935e-07,2.3767014693046775e-12,1.2578466280963879e-12,0.00034899730524915845,0.0001775531394453827,4.0685812579048714e-08,1.99275476057777e-08,0.0023990792010878496,0.001132827277231275,4.067528370027999e-07,1.8540395625045693e-07,0.0005032243525047536,0.00022168796995151018,1.1493781043476297e-10,3.7109567461801944e-11,4.5583306194867435e-06,1.4364417251200504e-06,1.4365475287794365e-10,4.526913431060483e-11,3.1711690670415634e-19,2.9990808429237803e-19,7.689770212234677e-18,6.7842513633362815e-18,1.7390208599218027e-14,1.4377218188482685e-14,2.3335300070687277e-09,1.8150439506213588e-09,1.3936494294500472e-12,6.361215498612105e-13,1.8051950415722052e-15,7.969479023442823e-16,2.0655972352832205e-23,5.947774757870847e-24,2.086836683101852e-15,6.280893005745048e-16,1.53972333733111e-18,6.576560423501691e-19,9.03912588160685e-18,4.602209981826002e-18,6.285123989687728e-10,3.0806756937897253e-10,7.738656266403694e-16,3.656742611295482e-16,7.062376159940665e-18,2.2799823241045407e-18,1.1107237585913877e-19,3.419787239357797e-20,1.7353179488833022e-14,5.342838965960044e-15,6.467598069522409e-11,1.9912970418043017e-11,4.340588872473285e-17,1.3684770448869889e-17,0.010328643885505326,0.004884072301969586,9.999999999999051e-31,3.315867141910441e-31,2.102240882279923e-09,6.462937665391218e-10,2.535657777274793e-06,7.617202464033791e-07,2.6254258139590603e-10,8.079620151974546e-11,3.742841893525425e-13,1.1254854828540947e-13
0.71,1227.6540571221258,5.415366265421107,0.2596065350767959,2.7099592872595615,0.06813170697686895,0.44767608309180307,1.2741456332454007e-07,1.6744172476802359e-06,6.184611880627812e-14,5.1206461128069224e-14,1.8659318440727348e-14,7.724637235557437e-15,2.0535992952804996e-08,1.5995327838795635e-08,0.20324702089028954,0.14944970874463492,1.3371922004100538e-16,5.36668481915486e-17,5.134989500533486e-14,1.9998020231738468e-14,1.6898865845839783e-18,1.8637323437100565e-18,5.637386909592208e-16,5.735950126603062e-16,4.1332664583344674e-11,3.903316411730981e-11,9.074568204821857e-13,8.569713895853314e-13,1.4666108958558101e-05,1.2921609897474254e-05,0.206918266056047,0.1708513433161924,0.42257752026095813,0.1998473677072171,0.08552100610621761,0.02574165420133952,6.008693030373954e-08,2.7429487424406417e-08,4.875442667599215e-06,2.1509074526080044e-06,2.973347144814953e-10,1.2691501693530072e-10,2.760470073834329e-12,1.178285242545665e-12,7.657061002755431e-07,3.165538805864393e-07,2.368788032889712e-12,1.2536332477221898e-12,0.0003483309389657626,0.0001772105521142028,4.059836441907276e-08,1.9884315469993842e-08,0.002396455327710352,0.001131565494860605,4.062122734622481e-07,1.8515382725217658e-07,0.0005029927763282747,0.00022158148610947195,1.1474790674658327e-10,3.704750715799724e-11,4.55516890317392e-06,1.4354164571151856e-06,1.434779276791012e-10,4.52125010073421e-11,3.161862737766876e-19,2.9902192616604555e-19,7.676433189712045e-18,6.7723483489638745e-18,1.7373685098422198e-14,1.436326799380045e-14,2.3336966320875884e-09,1.8151369655861015e-09,1.3922646239415469e-12,6.354766557560937e-13,1.8017233772416494e-15,7.953992175868953e-16,2.059689804445257e-23,5.93064508846246e-24,2.0836821748424704e-15,6.271272259623539e-16,1.5368451994689483e-18,6.564134831910397e-19,9.024481053390613e-18,4.594661051735666e-18,6.283029678375322e-10,3.079587084483995e-10,7.732688873648064e-16,3.6538491921420356e-16,7.045668135508612e-18,2.2745425408136015e-18,1.1077548296013056e-19,3.410577510724834e-20,1.7338625847969663e-14,5.338250468764911e-15,6.465495989753951e-11,1.9906097115616166e-11,4.334519586938054e-17,1.3665360085802445e-17,0.01032864388548505,0.004883973855712333,9.99999999999906e-31,3.3158003053327498e-31,2.0986220447137552e-09,6.451682194638782e-10,2.533513937218074e-06,7.610608888346158e-07,2.6229403207525274e-10,8.071808464189661e-11,3.7336787642393886e-13,1.1227074678226165e-13
0.711,1227.5771241836928,5.415534944362421,0.25959844905095636,2.713811390396756,0.06813630250142337,0.4476972737071154,1.2730254990819023e-07,1.6729115739343257e-06,6.171120299328305e-14,5.109372772363102e-14,1.8616554736529437e-14,7.706778775353324e-15,2.0509623700598158e-08,1.5974467704425204e-08,0.2032310303773581,0.14943494487394307,1.334093551247582e-16,5.354141007826487e-17,5.126281766101322e-14,1.9963706724170925e-14,1.6841221212507883e-18,1.857337505486361e-18,5.621155386729775e-16,5.719319770464773e-16,4.124811252847918e-11,3.895253250143858e-11,9.054668595290566e-13,8.550749382878855e-13,1.4651491484909639e-05,1.2908471484657071e-05,0.206909002495291,0.1708402579997981,0.4225992510527402,0.19985362469210027,0.08552346818193376,0.025741877484864346,6.005439765798004e-08,2.7414084945107736e-08,4.87562377636719e-06,2.150944086556872e-06,2.96979077217201e-10,1.2676066614350004e-10,2.7564266799711054e-12,1.17653568528435e-12,7.65116850395944e-07,3.1630391380216805e-07,2.360909995833786e-12,1.2494388232528254e-12,0.0003476666387768861,0.00017686903704724682,4.05112062112465e-08,1.9841227913568542e-08,0.0023938375821764045,0.0011303067038341585,4.05673073681878e-07,1.849043376348269e-07,0.0005027616262506787,0.00022147520348767848,1.1455853083398468e-10,3.698562129049778e-11,4.5520130959994484e-06,1.434393152218257e-06,1.4330151996319182e-10,4.515600342150138e-11,3.152594042325956e-19,2.981393751936326e-19,7.663134255549775e-18,6.7604796978430236e-18,1.735719401630432e-14,1.434934575989231e-14,2.333862904484318e-09,1.8152297781373119e-09,1.3908826468892647e-12,6.348331050639003e-13,1.7982625727501794e-15,7.93855422472784e-16,2.0538063723825587e-23,5.913585456253453e-24,2.080536060829812e-15,6.261677425826567e-16,1.533975859442293e-18,6.551747590420323e-19,9.009877351733429e-18,4.587133555465382e-18,6.280939375653732e-10,3.0785006120176324e-10,7.726733611636108e-16,3.65096177358145e-16,7.029018218992401e-18,2.2691218298282677e-18,1.1047975673723758e-19,3.4014042141462414e-20,1.732410415003079e-14,5.33367221312516e-15,6.463397876249699e-11,1.9899237130171558e-11,4.328466113132047e-17,1.3646000921865692e-17,0.010328643885464816,0.0048838756168207405,9.999999999999044e-31,3.315733609538574e-31,2.0950138715529413e-09,6.440460230198271e-10,2.5313748300130646e-06,7.604030112218378e-07,2.62045997191036e-10,8.064013258044254e-11,3.7245489702639813e-13,1.1199396350601687e-13
0.712,1227.5002815152816,5.415703544031851,0.2595903673285469,2.717663613459927,0.06814088891272856,0.4477184221780319,1.2719074945563496e-07,1.671408828694659e-06,6.157673099337167e-14,5.0981368417893095e-14,1.8573938384760912e-14,7.688982351683077e-15,2.0483318199986515e-08,1.5953658725151264e-08,0.20321507044115722,0.14942021028267027,1.331005649955445e-16,5.341641056614354e-17,5.1175990620271155e-14,1.992949290017585e-14,1.6783836354620738e-18,1.850971650168295e-18,5.604988352097224e-16,5.702755933172714e-16,4.116382751549917e-11,3.8872157918107506e-11,9.034834556685139e-13,8.531847907466888e-13,1.4636905070086205e-05,1.2895361499061252e-05,0.20689975708469666,0.17082919520700862,0.4226209310465584,0.19985986569957143,0.0855259328121632,0.02574210259693202,6.002191204909752e-08,2.739870569416557e-08,4.875804682769752e-06,2.1509807190531067e-06,2.9662439191655744e-10,1.2660673313884688e-10,2.7523949383220598e-12,1.1747912206319213e-12,7.645289844112691e-07,3.16054542293243e-07,2.3530671519178346e-12,1.2452632437231366e-12,0.0003470043951860979,0.0001765285892828028,4.042433657907347e-08,1.9798284245625824e-08,0.0023912259404338795,0.001129050892308571,4.051352321286103e-07,1.846554847823729e-07,0.0005025309007643006,0.00022136912136734813,1.1436968046456076e-10,3.692390911544592e-11,4.5488631772407855e-06,1.4333718034639579e-06,1.431255281151627e-10,4.5099641022969117e-11,3.1433627787725846e-19,2.972604119103932e-19,7.649873246850894e-18,6.7486452618203206e-18,1.7340735240843818e-14,1.4335451388832756e-14,2.3340288254613245e-09,1.815322388994357e-09,1.3895034882217657e-12,6.341908929426867e-13,1.79481257802091e-15,7.923164943030851e-16,2.0479468078098446e-23,5.896595476101842e-24,2.077398305746882e-15,6.252108394476936e-16,1.5311152776605511e-18,6.539398525214913e-19,8.995314602587067e-18,4.579627401566646e-18,6.278853069031636e-10,3.0774162695974236e-10,7.720790437950362e-16,3.648080334367035e-16,7.012426129121341e-18,2.26372009822305e-18,1.1018519090639045e-19,3.392267152362342e-20,1.73096142766274e-14,5.329104160698953e-15,6.461303715882904e-11,1.9892390417009395e-11,4.3224283864137624e-17,1.3626692745966787e-17,0.01032864388544465,0.004883777584625351,9.99999999999904e-31,3.3156670540734133e-31,2.0914163154416963e-09,6.429271622219573e-10,2.529240437488771e-06,7.597466078349578e-07,2.617984748696319e-10,8.056234472850024e-11,3.715452343324869e-13,1.117181932861429e-13
0.713,1227.4235288328396,5.415872064662742,0.25958228989762666,2.7215159563928535,0.06814546623993237,0.447739528641555,1.2707916124286576e-07,1.6699090018611733e-06,6.14427007398566e-14,5.08693814565117e-14,1.853146866903091e-14,7.67124766101654e-15,2.0457076202116415e-08,1.5932900699359604e-08,0.2031991409823585,0.14940550487427076,1.3279284442605803e-16,5.3291847508302884e-17,5.1089412805398357e-14,1.989537832715286e-14,1.6726709764709128e-18,1.8446346087270468e-18,5.58888546359472e-16,5.686258259840458e-16,4.107980832841736e-11,3.8792039188390524e-11,9.015065783402594e-13,8.513009173749106e-13,1.4622349601143975e-05,1.2882279836121738e-05,0.20689052976815533,0.1708181548659951,0.4226425604096939,0.19986609078383558,0.08552839998683053,0.025742329530996685,5.998947333967951e-08,2.7383349601891286e-08,4.875985386917485e-06,2.1510173498634234e-06,2.9627065459638924e-10,1.264532161600723e-10,2.7483747979993573e-12,1.1730518261883348e-12,7.639424971171002e-07,3.1580576379921566e-07,2.345259301288521e-12,1.2411064015509157e-12,0.00034634419947585587,0.0001761892042560052,4.0337754208007285e-08,1.975548380571843e-08,0.00238862038147809,0.0011277980498802414,4.045987437763596e-07,1.8440726631011862e-07,0.0005023005988344996,0.00022126323923794402,1.1418135343011202e-10,3.6862369896887084e-11,4.545719126483494e-06,1.4323524039838013e-06,1.429499505246369e-10,4.504341328315297e-11,3.134168745972827e-19,2.9638501693093596e-19,7.636650001512026e-18,6.7368448934604265e-18,1.732430866138219e-14,1.432158478382592e-14,2.3341943962133917e-09,1.8154147988681726e-09,1.388127137987987e-12,6.335500146056922e-13,1.791373343986198e-15,7.90782410827284e-16,2.0421109810370298e-23,5.879674767508252e-24,2.0742688775363664e-15,6.242565065519789e-16,1.528263414749601e-18,6.52708746342372e-19,8.98079263303621e-18,4.572142499178455e-18,6.276770746094727e-10,3.0763340504655773e-10,7.714859311349405e-16,3.645204853807783e-16,6.995891585605146e-18,2.2583372534010783e-18,1.098917793034583e-19,3.3831661318312677e-20,1.7295156109029552e-14,5.324546273040648e-15,6.459213495610408e-11,1.988555693167203e-11,4.316406342688318e-17,1.3607435348758417e-17,0.01032864388542459,0.004883679758450562,9.999999999999044e-31,3.31560063847858e-31,2.0878293320516283e-09,6.418116230176951e-10,2.52711074491846e-06,7.590916739786679e-07,2.615514632969752e-10,8.048472049754096e-11,3.706388720643175e-13,1.1144343111801446e-13
0.714,1227.3468658656516,5.416040506456844,0.259574216747772,2.7253684191394587,0.06815003451142927,0.4477605932310401,1.26967784539701e-07,1.668412083260003e-06,6.130911017345235e-14,5.0757765091715476e-14,1.8489144881895738e-14,7.653574403599207e-15,2.0430897458845063e-08,1.591219342607703e-08,0.20318324190121534,0.14939082855235972,1.324861882243632e-16,5.316771877256142e-17,5.1003083134763346e-14,1.9861362571111422e-14,1.6669839947595182e-18,1.8383262135188597e-18,5.572846382645149e-16,5.669826399236226e-16,4.099605375963596e-11,3.8712175141600044e-11,8.995361971243376e-13,8.494232887257158e-13,1.4607824965112826e-05,1.2869226391311107e-05,0.20688132049538602,0.17080713691026697,0.42266413930765917,0.19987229999884615,0.08553086969776034,0.025742558281161988,5.995708138545202e-08,2.7368016595565398e-08,4.876165888847134e-06,2.151053978728383e-06,2.9591786124505745e-10,1.2630011343446217e-10,2.7443662080130583e-12,1.1713174795174464e-12,7.633573832835462e-07,3.155575760505103e-07,2.337486239575503e-12,1.236968186782804e-12,0.00034568604210030956,0.00017585087698196314,4.0251457727218354e-08,1.9712825906005068e-08,0.0023860208809055564,0.001126548164546447,4.04063603053502e-07,1.841596795857593e-07,0.0005020707188722696,0.0002211575563455434,1.1399354752158582e-10,3.680100289883586e-11,4.5425809231786315e-06,1.431334946872769e-06,1.4277478559502822e-10,4.498731967804606e-11,3.1250117448388243e-19,2.9551317106714436e-19,7.623464358559062e-18,6.725078446370845e-18,1.73079141668464e-14,1.4307745847797988e-14,2.3343596179310155e-09,1.815507008471621e-09,1.3867535862042848e-12,6.329104652542311e-13,1.7879448213185947e-15,7.892531496863407e-16,2.0362987627844954e-23,5.862822951229349e-24,2.0711477403091926e-15,6.233047327406826e-16,1.5254202316059987e-18,6.514814233381628e-19,8.966311270991674e-18,4.564678757890559e-18,6.274692394466167e-10,3.075253947893489e-10,7.708940189637861e-16,3.6423353107774986e-16,6.979414310876705e-18,2.2529732036662446e-18,1.095995157407503e-19,3.37410095832524e-20,1.728072953032493e-14,5.3199985122880855e-15,6.457127202444628e-11,1.9878736629942744e-11,4.3103999180085623e-17,1.3588228521439185e-17,0.01032864388540459,0.004883582137635461,9.999999999999041e-31,3.3155343623053794e-31,2.0842528740081697e-09,6.406993904225308e-10,2.5249857336260833e-06,7.584382037747445e-07,2.613049606087253e-10,8.04072592839346e-11,3.6973579351831127e-13,1.1116967187014232e-13
0.715,1227.2702923493616,5.416208869601495,0.2595661478692531,2.7292210016437988,0.06815459375526736,0.4477816160782113,1.2685661861391317e-07,1.6669180626952298e-06,6.117595724361457e-14,5.064651758333609e-14,1.8446966322133174e-14,7.635962282311848e-15,2.0404781722812256e-08,1.589153670500329e-08,0.20316737309769434,0.14937618122058963,1.3218059123024185e-16,5.3044022239888904e-17,5.0917000527268226e-14,1.9827445198375668e-14,1.6613225418991292e-18,1.8320462981274837e-18,5.55687077337464e-16,5.653460002939985e-16,4.0912562608603057e-11,3.863256461395844e-11,8.975722817457679e-13,8.475518754953266e-13,1.459333104916774e-05,1.2856201060271327e-05,0.20687212921879602,0.17079614127582757,0.4226856679043745,0.19987849339809388,0.08553334193837969,0.025742788842053537,5.992473603884458e-08,2.735270660102458e-08,4.876346188558212e-06,2.1510906053753683e-06,2.9556600784530364e-10,1.2614742318741875e-10,2.740369117436601e-12,1.1695881582158771e-12,7.627736376751116e-07,3.153099767761679e-07,2.329747761875776e-12,1.232848489201005e-12,0.00034502991327656105,0.00017551360235630413,4.0165445744028754e-08,1.9670309848086904e-08,0.0023834274127523445,0.0011253012235717629,4.035298041403292e-07,1.8391272186469703e-07,0.0005018412590233404,0.00022105207181987804,1.1380626053455046e-10,3.6739807386987653e-11,4.539448546745951e-06,1.4303194252197023e-06,1.426000317393199e-10,4.493135968682896e-11,3.115891577873393e-19,2.9464485528463366e-19,7.610316157926775e-18,6.7133457749972256e-18,1.729155164609297e-14,1.429393448366036e-14,2.334524491800397e-09,1.81559901851681e-09,1.385382822885762e-12,6.32272240091047e-13,1.7845269611489487e-15,7.877286887284885e-16,2.0305100249058557e-23,5.8460396513495265e-24,2.068034858215951e-15,6.223555068738735e-16,1.5225856893574428e-18,6.502578664450001e-19,8.951870345147055e-18,4.5572360877144595e-18,6.272618001807588e-10,3.074175955177674e-10,7.703033030231874e-16,3.639471683976593e-16,6.962994029415833e-18,2.247627858001364e-18,1.0930839407952984e-19,3.3650714391577746e-20,1.7266334424645077e-14,5.315460840916393e-15,6.45504482343438e-11,1.9871929467757208e-11,4.304409048626343e-17,1.356907205589475e-17,0.010328643885384613,0.004883484721526665,9.999999999999037e-31,3.3154682251102345e-31,2.080686892612539e-09,6.395904490484635e-10,2.522865383081411e-06,7.577861907903471e-07,2.610589649197213e-10,8.032996047789496e-11,3.688359818292554e-13,1.1089691036340859e-13
0.716,1227.1938080074078,5.416377154317505,0.2595580832507386,2.7330737038500867,0.0681591440000504,0.44780259731750693,1.267456627480408e-07,1.6654269301638969e-06,6.104323991842568e-14,5.053563720681097e-14,1.8404932287998356e-14,7.618410999851415e-15,2.037872874875529e-08,1.587093033747872e-08,0.20315153447323625,0.14936156278341758,1.3187604831389475e-16,5.2920755803694755e-17,5.083116391965707e-14,1.9793625782253805e-14,1.655686470372792e-18,1.8257946971620313e-18,5.540958300812599e-16,5.637158723491705e-16,4.082933368090093e-11,3.855320644759903e-11,8.956148021699496e-13,8.456866486100766e-13,1.457886774177386e-05,1.2843203739776993e-05,0.20686295588477582,0.17078516789338422,0.42270714636411455,0.19988467103482202,0.08553581670003414,0.025743021207619253,5.989243716141427e-08,2.7337419548235984e-08,4.876526286137999e-06,2.151127229566138e-06,2.952150904609269e-10,1.2599514367900671e-10,2.736383476099858e-12,1.1678638402046508e-12,7.621912551447004e-07,3.1506296374158875e-07,2.3220436711381956e-12,1.2287472027556773e-12,0.0003443758042258383,0.00017517737578592293,4.0079716946001866e-08,1.9627934972934142e-08,0.0023808399551193565,0.001124057216139996,4.029973418906134e-07,1.836663907094042e-07,0.0005016122180701266,0.00022094678507084893,1.1361949029242201e-10,3.667878263608617e-11,4.5363219769742244e-06,1.4293058322283791e-06,1.4242568737339687e-10,4.487553278960927e-11,3.1068080481654095e-19,2.937800506066831e-19,7.597205240266275e-18,6.70164673442959e-18,1.727522098963644e-14,1.4280150595687807e-14,2.3346890190004057e-09,1.8156908297063241e-09,1.3840148381934187e-12,6.316353343852315e-13,1.781119715403279e-15,7.862090061551115e-16,2.0247446405366292e-23,5.829324495687645e-24,2.064930199584495e-15,6.214088190694562e-16,1.519759749326095e-18,6.490380586836811e-19,8.937469685358877e-18,4.549814399260708e-18,6.270547555855499e-10,3.0731000656467496e-10,7.697137792056935e-16,3.636613952815883e-16,6.946630466381544e-18,2.2423011256186045e-18,1.0901840828480021e-19,3.356077384858035e-20,1.725197067538985e-14,5.3109332211725565e-15,6.452966345697053e-11,1.986513540123236e-11,4.2984336713899565e-17,1.3549965745902528e-17,0.010328643885364723,0.0048833875094611325,9.999999999999046e-31,3.315402226442979e-31,2.077131343147426e-09,6.384847847326715e-10,2.5207496773700174e-06,7.571356299787243e-07,2.6081347442143826e-10,8.025282349318331e-11,3.6793942083533824e-13,1.1062514163075797e-13
0.717,1227.1174125594152,5.416545360838444,0.25955002288028906,2.7369265257027022,0.0681636852744451,0.4478235370836336,1.2663491623495276e-07,1.6639386758006495e-06,6.091095618337255e-14,5.042512225225891e-14,1.8363042080680757e-14,7.600920260175375e-15,2.035273829350224e-08,1.5850374126506915e-08,0.20313572593066417,0.1493469731463014,1.3157255438071044e-16,5.279791737183356e-17,5.074557226157857e-14,1.9759903901149813e-14,1.6500756337385223e-18,1.819571246439966e-18,5.525108631858826e-16,5.620922215385009e-16,4.074636578998545e-11,3.8474099492275796e-11,8.936637286019902e-13,8.438275792272419e-13,1.4564434932539275e-05,1.2830234327628208e-05,0.20685380043741833,0.17077421669172077,0.42272857485137355,0.19989083296231558,0.08553829397220993,0.025743255371241745,5.986018461984697e-08,2.732215536952002e-08,4.876706181720589e-06,2.151163851082552e-06,2.9486510521174303e-10,1.2584327319348522e-10,2.7324092344127637e-12,1.1661445036559492e-12,7.616102306138828e-07,3.148165347409284e-07,2.3143737730792904e-12,1.2246642228763313e-12,0.00034372370641782743,0.00017484219280485333,3.9994270060725996e-08,1.9585700641222183e-08,0.002378258488045364,0.001122816132351805,4.0246621148830004e-07,1.8342068383325776e-07,0.0005013835950970554,0.00022084169564147747,1.1343323464058842e-10,3.661792792809043e-11,4.533201193910098e-06,1.4282941611850115e-06,1.4225175092183462e-10,4.4819838469324815e-11,3.097760959920535e-19,2.9291873816492793e-19,7.584131447220597e-18,6.689981180657191e-18,1.7258922089310735e-14,1.4266394089263718e-14,2.334853200702463e-09,1.8157824427363429e-09,1.382649622402497e-12,6.309997434588874e-13,1.7777230354584196e-15,7.846940799286902e-16,2.0190024826627394e-23,5.8126771116856025e-24,2.061833731527702e-15,6.204646590814639e-16,1.5169423730717839e-18,6.478219831792508e-19,8.923109122728989e-18,4.542413603788822e-18,6.268481044421319e-10,3.072026272666877e-10,7.691254434902035e-16,3.6337620971178113e-16,6.930323348428864e-18,2.2369929162270603e-18,1.0872955229547156e-19,3.34711860517963e-20,1.7237638166157842e-14,5.306415615371238e-15,6.450891756444762e-11,1.9858354386781964e-11,4.2924737236995525e-17,1.3530909387014852e-17,0.01032864388534487,0.004883290500774677,9.999999999999034e-31,3.3153363658526947e-31,2.073586182891212e-09,6.373823839281246e-10,2.5186386027708995e-06,7.564865169528386e-07,2.6056848734841894e-10,8.017584775691929e-11,3.670460947881938e-13,1.1035436083019433e-13
0.718,1227.041105744568,5.416713489349805,0.2595419667482717,2.7407794671461563,0.06816821760608018,0.4478444355062791,1.2652437835294478e-07,1.662453289557726e-06,6.077910402500629e-14,5.031497101116918e-14,1.8321295011945343e-14,7.583489771697183e-15,2.0326810113661475e-08,1.582986787502391e-08,0.20311994737159353,0.1493324122144443,1.312701043664749e-16,5.2675504864909045e-17,5.0660224490564216e-14,1.972627912890527e-14,1.6444898867257912e-18,1.8133757831011627e-18,5.509321437313345e-16,5.604750137156127e-16,4.066365775666513e-11,3.839524260503694e-11,8.91719031313854e-13,8.419746385754509e-13,1.4550032510347016e-05,1.2817292721060596e-05,0.2068446628297784,0.17076328760773526,0.42274995352804356,0.19989697923343566,0.08554077374791216,0.025743491327468823,5.982797826849034e-08,2.7306913991696337e-08,4.876885875312606e-06,2.1512004696590435e-06,2.9451604814789186e-10,1.256918099862083e-10,2.728446342330345e-12,1.1644301265564348e-12,7.610305589286574e-07,3.145706875388402e-07,2.306737867162355e-12,1.2205994417035527e-12,0.00034307361024454777,0.0001745080484004635,3.9909103720324005e-08,1.9543606167064176e-08,0.002375682985940892,0.0011215779596574558,4.019364072023748e-07,1.831755985338708e-07,0.0005011553882714791,0.00022073680267189748,1.132474914118264e-10,3.655724254116876e-11,4.530086177280263e-06,1.4272844052823806e-06,1.420782208228062e-10,4.476427621348359e-11,3.088750119611386e-19,2.9206089930936317e-19,7.571094621458088e-18,6.678348970626806e-18,1.7242654835575872e-14,1.425266486871559e-14,2.3350170380752476e-09,1.8158738583081907e-09,1.3812871656756658e-12,6.303654625863514e-13,1.7743368736109348e-15,7.831838884245901e-16,2.013283426092477e-23,5.796097132110462e-24,2.0587454187703242e-15,6.195230159497551e-16,1.5141335224173484e-18,6.46609623174614e-19,8.908788488830226e-18,4.535033612832699e-18,6.26641845533632e-10,3.070954569628118e-10,7.685382916794301e-16,3.630916095891838e-16,6.914072405163526e-18,2.231703140511887e-18,1.0844182012287864e-19,3.3381949121477745e-20,1.7223336782894788e-14,5.301907986579152e-15,6.448821042923647e-11,1.985158638101598e-11,4.286529142862249e-17,1.3511902774584597e-17,0.010328643885325135,0.004883193694823312,9.999999999999029e-31,3.3152706429021524e-31,2.070051363955997e-09,6.362832315048632e-10,2.516532139030713e-06,7.558388453678055e-07,2.6032400184376736e-10,8.009903266854102e-11,3.6615598713450894e-13,1.1008456287893458e-13
0.719,1226.9648872923435,5.416881540064048,0.25953391484376437,2.7446325281251114,0.06817274102302646,0.44786529271730857,1.2641404839281007e-07,1.6609707615512406e-06,6.064768144694358e-14,5.0205181789360726e-14,1.8279690394155788e-14,7.566119243113067e-15,2.0300943967742808e-08,1.5809411387460165e-08,0.2031041986988163,0.14931787989370432,1.3096869323722629e-16,5.2553516215913894e-17,5.057511955952343e-14,1.9692751045393624e-14,1.63892908497682e-18,1.807208145312076e-18,5.493596389083356e-16,5.588642148510009e-16,4.0581208407911184e-11,3.8316634648881824e-11,8.897806808019559e-13,8.401277980986757e-13,1.4535660365212632e-05,1.2804378818309032e-05,0.20683554301005705,0.17075238057406933,0.4227712825560612,0.19990310990074275,0.08554325601867378,0.02574372907036598,5.979581796915179e-08,2.7291695344966072e-08,4.877065366992908e-06,2.151237085058566e-06,2.941679153890758e-10,1.2554075234233677e-10,2.7244947504712185e-12,1.1627206871779928e-12,7.604522350122671e-07,3.1432541993186164e-07,2.2991357594409914e-12,1.216552754878274e-12,0.0003424255069223388,0.00017417493797996337,3.9824216623166556e-08,1.9501650897094086e-08,0.002373113426530723,0.0011203426870724641,4.0140792385116824e-07,1.8293113235941282e-07,0.0005009275962766192,0.00022063210552928235,1.1306225846351491e-10,3.6496725761503984e-11,4.526976907129125e-06,1.426276557812671e-06,1.4190509551876433e-10,4.470884551097367e-11,3.079775334404668e-19,2.912065154579257e-19,7.558094606368761e-18,6.666749961936833e-18,1.722641912031676e-14,1.423896283954781e-14,2.3351805322807035e-09,1.815965077114981e-09,1.379927458301565e-12,6.297324870994857e-13,1.7709611826126078e-15,7.816784102215296e-16,2.0075873465411287e-23,5.779584192385488e-24,2.0556652296006603e-15,6.185838797875206e-16,1.511333159375948e-18,6.454009619958015e-19,8.894507616331605e-18,4.527674338493058e-18,6.264359776499666e-10,3.0698849499506117e-10,7.679523197011e-16,3.628075928736939e-16,6.897877367029476e-18,2.2264317094396148e-18,1.0815520584792185e-19,3.3293061199519635e-20,1.720906641105491e-14,5.297410297711135e-15,6.446754192440387e-11,1.9844831340709952e-11,4.280599866721757e-17,1.3492945705673147e-17,0.010328643885305404,0.004883097090955517,9.999999999999025e-31,3.3152050571490603e-31,2.066526841718743e-09,6.351873133380138e-10,2.514430269648087e-06,7.551926100056323e-07,2.600800161141994e-10,8.002237764706057e-11,3.6526908191588044e-13,1.0981574287366171e-13
0.72,1226.8887569378958,5.417049513181547,0.259525867156427,2.7484857085843726,0.06817725555299624,0.4478861088468649,1.2630392564695732e-07,1.6594910819232393e-06,6.051668646465057e-14,5.0095752902814744e-14,1.823822754536266e-14,7.548808385530901e-15,2.027513961560076e-08,1.5789004469354927e-08,0.20308847981531955,0.14930337609032643,1.3066831599389238e-16,5.243194937224817e-17,5.0490256425077256e-14,1.9659319232036763e-14,1.6333930852605225e-18,1.8010681725069586e-18,5.477933161780768e-16,5.572597911962191e-16,4.049901657872523e-11,3.8238274494639874e-11,8.87848647746947e-13,8.382870294207822e-13,1.4521318387679259e-05,1.2791492518113568e-05,0.20682644092860303,0.17074149552540718,0.42279256209632077,0.19990922501658978,0.08554574077660969,0.02574396859421284,5.976370358233081e-08,2.7276499358992765e-08,4.877244656819041e-06,2.151273697037864e-06,2.9382070306461095e-10,1.2539009855163265e-10,2.720554409656494e-12,1.1610161638844498e-12,7.598752538030996e-07,3.1408072972369814e-07,2.291567254441541e-12,1.212524057249876e-12,0.0003417793872809779,0.00017384285675498706,3.973960745495712e-08,1.9459834171879102e-08,0.0023705497865682385,0.0011191103031576316,4.008807561082279e-07,1.826872827928153e-07,0.0005007002176332122,0.00022052760350971978,1.1287753366226528e-10,3.643637687844189e-11,4.5238733635331675e-06,1.4252706120818035e-06,1.417323734626616e-10,4.4653545854158494e-11,3.0708364130447238e-19,2.9035556818090683e-19,7.545131246394202e-18,6.6551840131484184e-18,1.7210214835829068e-14,1.422528790764656e-14,2.3353436844756404e-09,1.8160560998483813e-09,1.378570490605971e-12,6.291008123490461e-13,1.7675959145151585e-15,7.801776235940128e-16,2.0019141195019438e-23,5.7631379273570074e-24,2.0525931290724703e-15,6.176472397374377e-16,1.5085412462061304e-18,6.441959830774331e-19,8.880266338909764e-18,4.520335693406039e-18,6.26230499585909e-10,3.068817407084435e-10,7.673675234707937e-16,3.625241575204585e-16,6.881737966597229e-18,2.221178534680686e-18,1.0786970349744385e-19,3.3204520411504066e-20,1.7194826937111746e-14,5.29292251201132e-15,6.444691192361841e-11,1.9838089222864153e-11,4.274685833447503e-17,1.347403797842643e-17,0.010328643885285756,0.004883000688527262,9.999999999999036e-31,3.3151396081561552e-31,2.0630125708120308e-09,6.34094615077319e-10,2.512332976974013e-06,7.545478053058635e-07,2.598365283583061e-10,7.994588210923319e-11,3.643853631238845e-13,1.0954789589694813e-13
0.721,1226.8127144157002,5.417217408906385,0.25951782367574466,2.75233900846889,0.06818176122368275,0.4479068840250124,1.2619400941066776e-07,1.658014240856017e-06,6.038611710436455e-14,4.998668267671349e-14,1.8196905787321304e-14,7.53155691163936e-15,2.0249396818123903e-08,1.576864692709314e-08,0.20307279062453032,0.14928890071092635,1.3036896766525652e-16,5.231080229282461e-17,5.0405634049673934e-14,1.962598327260231e-14,1.6278817452864302e-18,1.7949557051800662e-18,5.462331431892952e-16,5.55661709198732e-16,4.0417081110069786e-11,3.816016101896441e-11,8.85922902986581e-13,8.364523043187655e-13,1.4507006468709476e-05,1.2778633719607188e-05,0.2068173565352821,0.17073063239607983,0.42281379230896343,0.19991532463299708,0.0855482280138853,0.025744209893309406,5.973163496928989e-08,2.7261325963811672e-08,4.87742374485559e-06,2.1513103053571557e-06,2.9347440732539893e-10,1.2523984691340098e-10,2.7166252709763463e-12,1.1593165351584261e-12,7.592996102632313e-07,3.1383661472833834e-07,2.284032159773323e-12,1.2085132453139248e-12,0.0003411352424621749,0.00017351180009665405,3.965527491539483e-08,1.9418155338950116e-08,0.0023679920432093894,0.001117880796666229,4.003548987168575e-07,1.8244404734930233e-07,0.0005004732509085129,0.00022042329592997952,1.1269331488618043e-10,3.6376195185171555e-11,4.520775526673933e-06,1.4242665614305462e-06,1.4156005311411952e-10,4.4598376737610264e-11,3.0619331654101654e-19,2.8950803915861817e-19,7.532204386722504e-18,6.643650983507391e-18,1.719404187479735e-14,1.421163997924286e-14,2.3355064958113973e-09,1.8161469271959662e-09,1.3772162529529741e-12,6.284704337043859e-13,1.7642410227097177e-15,7.786815074114728e-16,1.9962636224996803e-23,5.746757977773983e-24,2.049529085143406e-15,6.167130858180255e-16,1.505757745374244e-18,6.429946699457914e-19,8.866064491045183e-18,4.513017590633372e-18,6.260254101414703e-10,3.06775193450742e-10,7.667838989284517e-16,3.622413014966419e-16,6.865653937830654e-18,2.2159435283697295e-18,1.0758530723523167e-19,3.311632492544985e-20,1.7180618247928473e-14,5.28844459285228e-15,6.442632030107196e-11,1.9831359984653306e-11,4.26878698150539e-17,1.3455179391964765e-17,0.010328643885266178,0.00488290448689546,9.999999999999044e-31,3.315074295486835e-31,2.059508506374699e-09,6.330051225307041e-10,2.5102402437535037e-06,7.539044258276242e-07,2.5959353678698936e-10,7.986954547573938e-11,3.635048148776269e-13,1.0928101707048587e-13
0.722,1226.7367594609264,5.417385227443463,0.2595097843911662,2.75619242772376,0.06818625806266182,0.4479276183812569,1.2608429898563067e-07,1.6565402286191732e-06,6.025597140698619e-14,4.987796944867865e-14,1.8155724445954387e-14,7.51436453590181e-15,2.022371533793851e-08,1.574833856845909e-08,0.20305713103055156,0.1492744536627196,1.3007064331495373e-16,5.219007295089255e-17,5.032125140429426e-14,1.959274275426371e-14,1.6223949238389716e-18,1.78887058503417e-18,5.446790878123057e-16,5.540699355366987e-16,4.033540085076876e-11,3.808229310613977e-11,8.84003417570597e-13,8.346235947748395e-13,1.4492724500131598e-05,1.2765802322713542e-05,0.20680828977974403,0.17071979112034877,0.42283497335362896,0.19992140880184578,0.08555071772223787,0.025744452961841625,5.969961199346073e-08,2.7246175090481576e-08,4.8776026311819186e-06,2.15134690978435e-06,2.931290243567956e-10,1.250899957420258e-10,2.712707285924409e-12,1.1576217796590906e-12,7.587252993986792e-07,3.1359307277853876e-07,2.2765302835504387e-12,1.204520215848259e-12,0.00034049306352394065,0.00017318176333438868,3.95712177193405e-08,1.9376613753378745e-08,0.002365440174194017,0.001116654156629982,3.998303465298055e-07,1.8220142359453884e-07,0.0005002466947562675,0.00022031918214519792,1.1250960002921285e-10,3.6316179980144604e-11,4.517683376881782e-06,1.423264399248819e-06,1.4138813294225575e-10,4.4543337659016645e-11,3.0530654026787684e-19,2.886639101970664e-19,7.519313873542821e-18,6.63215073317107e-18,1.7177900130820542e-14,1.4198018961352089e-14,2.3356689674334296e-09,1.8162375598415792e-09,1.375864735786399e-12,6.278413465725836e-13,1.7608964595566591e-15,7.771900400923878e-16,1.9906357323894685e-23,5.7304439825135575e-24,2.0464730632553147e-15,6.157814072929998e-16,1.5029826195767596e-18,6.417970062285719e-19,8.85190190834122e-18,4.505719943826355e-18,6.258207081224638e-10,3.0666885257290604e-10,7.662014420543845e-16,3.6195902278912107e-16,6.849625016458366e-18,2.2107266032261417e-18,1.0730201114842537e-19,3.3028472886074124e-20,1.716644023092377e-14,5.2839765037880006e-15,6.44057669316429e-11,1.982464358348416e-11,4.26290324980134e-17,1.343636974683999e-17,0.010328643885246685,0.004882808485419843,9.999999999999044e-31,3.3150091187064066e-31,2.056014604264557e-09,6.319188217298649e-10,2.508152053373124e-06,7.532624663242265e-07,2.593510396302246e-10,7.979336717329426e-11,3.626274214978106e-13,1.090151015773864e-13
0.723,1226.6608918069273,5.417552969004117,0.25950174929183484,2.760045966294228,0.06819074609754885,0.4479483120452954,1.2597479367537193e-07,1.6550690355084883e-06,6.012624742265989e-14,4.976961156425114e-14,1.8114682850117934e-14,7.497230974040452e-15,2.0198094938436944e-08,1.572807920186949e-08,0.20304150093795678,0.14926003485327624,1.2977333803068433e-16,5.2069759329674204e-17,5.023710746504473e-14,1.9559597266260745e-14,1.6169324805624836e-18,1.7828126547421547e-18,5.431311180818846e-16,5.524844370604751e-16,4.025397465465022e-11,3.800466964535805e-11,8.820901626826955e-13,8.328008729022061e-13,1.4478472374033583e-05,1.2752998227604869e-05,0.20679924061079288,0.1707089716317788,0.42285610538925955,0.1999274775746591,0.0855532098933757,0.02574469779398525,5.966763451882413e-08,2.723104667032803e-08,4.877781315883279e-06,2.1513835100897634e-06,2.927845503618405e-10,1.2494054335973156e-10,2.7088004062150346e-12,1.1559318761434134e-12,7.581523162306915e-07,3.1335010171375616e-07,2.2690614383367983e-12,1.2005448679994144e-12,0.00033985284205061394,0.000172852742066077,3.94874345978296e-08,1.933520877825983e-08,0.0023628941577404695,0.0011154303723085776,3.993070944782358e-07,1.819594091303692e-07,0.0005000205478867581,0.00022021526153554168,1.1232638699535275e-10,3.625633056517523e-11,4.51459689458037e-06,1.422264118957293e-06,1.4121661142071747e-10,4.4488428117587185e-11,3.0442329370456514e-19,2.878231632011e-19,7.50645955367291e-18,6.620683122875373e-18,1.716178949771087e-14,1.4184424761185399e-14,2.335831100481754e-09,1.8163279984645285e-09,1.3745159295746943e-12,6.272135463728916e-13,1.757562179967887e-15,7.757032011848676e-16,1.985030329417068e-23,5.714195590265401e-24,2.0434250343075484e-15,6.148521950700616e-16,1.5002158317085953e-18,6.406029756409288e-19,8.837778427070804e-18,4.4984426669921315e-18,6.256163923399523e-10,3.065627174285855e-10,7.656201488520201e-16,3.6167731939610275e-16,6.833650939380262e-18,2.2055276723610283e-18,1.0701980956962184e-19,3.2940962513916806e-20,1.7152292773758446e-14,5.279518208454046e-15,6.43852516907178e-11,1.981793997692803e-11,4.257034577487307e-17,1.3417608844415298e-17,0.010328643885227265,0.004882712683459856,9.99999999999903e-31,3.3149440773799894e-31,2.0525308208955087e-09,6.308356988797748e-10,2.506068389690049e-06,7.526219216913303e-07,2.5910903512988265e-10,7.971734663238767e-11,3.617531674112615e-13,1.087501446334007e-13
0.724,1226.5851111898178,5.4177206337954535,0.2594937183670996,2.763899624125688,0.06819522535572406,0.4479689651456949,1.2586549279025962e-07,1.6536006519134658e-06,5.999694321722552e-14,4.9661607382283333e-14,1.80737803335836e-14,7.480155943864518e-15,2.017253538498588e-08,1.570786863733115e-08,0.20302590025199596,0.14924564419083336,1.29477046938151e-16,5.194985942801044e-17,5.0153201216537955e-14,1.9526546401236278e-14,1.6114942762415229e-18,1.7767817582578122e-18,5.415892022818627e-16,5.509051808792212e-16,4.017280138433638e-11,3.7927289534337044e-11,8.801831097361948e-13,8.309841110362304e-13,1.4464249983497734e-05,1.2740221335362795e-05,0.20679020897780595,0.17069817386459357,0.4228771885742971,0.19993353100291178,0.08555570451857543,0.025744944383812553,5.963570241128235e-08,2.7215940635599023e-08,4.877959799055158e-06,2.1514201060503694e-06,2.92440981577937e-10,1.2479148810383438e-10,2.7049045839804876e-12,1.1542468035515384e-12,7.575806558284217e-07,3.131076993939881e-07,2.2616254352784507e-12,1.1965871001791436e-12,0.0003392145692523736,0.00017252473170023557,3.940392428990142e-08,1.9293939780730313e-08,0.0023603539723188456,0.0011142094330838044,3.9878513755292424e-07,1.8171800158643992e-07,0.0004997948090484162,0.00022011153349834538,1.1214367370477587e-10,3.619664624746291e-11,4.5115160603351575e-06,1.4212657140242037e-06,1.4104548703468886e-10,4.443364761630847e-11,3.035435582144591e-19,2.8698578021453243e-19,7.49364127506113e-18,6.609248014384558e-18,1.7145709870318317e-14,1.4170857286846364e-14,2.335992896090463e-09,1.81641824374118e-09,1.3731698248746595e-12,6.265870285664878e-13,1.7542381365887168e-15,7.742209692409214e-16,1.979447291766876e-23,5.698012443842649e-24,2.0403849636916408e-15,6.139254384020698e-16,1.497457344905607e-18,6.3941256200429055e-19,8.823693884749083e-18,4.491185674789934e-18,6.254124616108042e-10,3.06456787374734e-10,7.650400153587098e-16,3.613961893326167e-16,6.817731445525963e-18,2.2003466495565423e-18,1.0673869664180093e-19,3.285379197145335e-20,1.713817576488275e-14,5.275069670741684e-15,6.436477445443587e-11,1.9811249122817397e-11,4.251180904193177e-17,1.339889648761037e-17,0.010328643885207883,0.004882617080379944,9.999999999999022e-31,3.3148791710761124e-31,2.0490571131055174e-09,6.297557403187607e-10,2.5039892368395553e-06,7.519827869099282e-07,2.588675215430339e-10,7.96414832883861e-11,3.6088203721975873e-13,1.0848614150772165e-13
0.725,1226.5094173561656,5.417888221999414,0.25948569160751755,2.7677534011636626,0.06819969586401096,0.4479895778083491,1.2575639563207725e-07,1.65213506811673e-06,5.986805685977997e-14,4.9553955264703326e-14,1.803301623717624e-14,7.46313916616388e-15,2.0147036442947217e-08,1.568770668491938e-08,0.2030103288772301,0.1492312815834805,1.2918176518838002e-16,5.1830371255336074e-17,5.006953163766988e-14,1.949358974972283e-14,1.6060801726305873e-18,1.770777740630093e-18,5.400533089753937e-16,5.493321343923298e-16,4.009187990818137e-11,3.7850151676475214e-11,8.782822302219667e-13,8.291732815918814e-13,1.4450057221178639e-05,1.2727471546741712e-05,0.20678119483500998,0.1706873977574217,0.42289822306521707,0.19993956913759053,0.08555820159149792,0.02574519272617221,5.96038155293999e-08,2.7200856915273674e-08,4.878138080717872e-06,2.1514566974148518e-06,2.9209831420556555e-10,1.2464282829647701e-10,2.7010197711402828e-12,1.152566540739088e-12,7.57010313217184e-07,3.128658636622474e-07,2.2542220840989783e-12,1.1926468100634766e-12,0.00033857823598701283,0.00017219772746731747,3.932068548519485e-08,1.9252806103885452e-08,0.0023578195932582053,0.0011129913268593896,3.982644702334082e-07,1.8147719836030458e-07,0.0004995694764651611,0.00022000799720059414,1.1196145807310552e-10,3.6137126332943356e-11,4.508440854546089e-06,1.4202691778703203e-06,1.4087475827813224e-10,4.4378995661130187e-11,3.026673153260649e-19,2.861517434405775e-19,7.480858886426347e-18,6.597845270181743e-18,1.712966114265327e-14,1.4157316445797096e-14,2.336154355390257e-09,1.816508296349225e-09,1.3718264121777564e-12,6.259617885871311e-13,1.7509242839600885e-15,7.727433236544417e-16,1.9738865004039507e-23,5.6818941941272916e-24,2.0373528184950042e-15,6.130011270554243e-16,1.4947071225228215e-18,6.382257492378468e-19,8.809648119344995e-18,4.483948882135311e-18,6.252089147547091e-10,3.0635106177053336e-10,7.644610375139485e-16,3.611156305687183e-16,6.801866275890122e-18,2.1951834492799135e-18,1.0645866667812851e-19,3.276695947388433e-20,1.7124089094144424e-14,5.2706308549916444e-15,6.434433509922955e-11,1.980457097912953e-11,4.2453421695522914e-17,1.338023247942255e-17,0.010328643885188553,0.0048825216755557605,9.999999999999011e-31,3.314814399370892e-31,2.04559343489951e-09,6.286789315182576e-10,2.501914575265654e-06,7.513450558552473e-07,2.5862649707624884e-10,7.956577656141983e-11,3.600140150846703e-13,1.082230873381282e-13
0.726,1226.433810041783,5.418055733827826,0.25947766900221725,2.7716072973538255,0.06820415764971222,0.4480101501614991,1.2564750151798373e-07,1.6506722746022094e-06,5.973958643844501e-14,4.944665358936655e-14,1.7992389901942043e-14,7.446180361851385e-15,2.0121597879957886e-08,1.566759315649043e-08,0.20299478671967033,0.1492169469401374,1.2888748796415047e-16,5.171129283404971e-17,4.9986097725062435e-14,1.94607269091914e-14,1.6006900323890156e-18,1.764800447924033e-18,5.385234068271381e-16,5.477652651063127e-16,4.00112091011664e-11,3.7773254981544244e-11,8.763874958791168e-13,8.27368357221524e-13,1.4435893981140234e-05,1.2714748763735985e-05,0.20677219813113876,0.17067664324407944,0.4229192090188957,0.19994559202951695,0.08556070110372013,0.025745442815242305,5.957197374089331e-08,2.7185795442479212e-08,4.8783161609790775e-06,2.1514932839667144e-06,2.91756544527048e-10,1.2449456229480964e-10,2.6971459203844846e-12,1.1508910668921382e-12,7.564412835165654e-07,3.1262459240039415e-07,2.2468512006161685e-12,1.1887238985647425e-12,0.00033794383387386254,0.00017187172498555863,3.923771694798142e-08,1.9211807127433584e-08,0.0023552909997557885,0.0011117760433652843,3.9774508764185726e-07,1.812369971424944e-07,0.0004993445489730566,0.00021990465207863725,1.1177973804395063e-10,3.6077770136645777e-11,4.505371257984451e-06,1.4192745040324034e-06,1.4070442364994418e-10,4.4324471759576554e-11,3.017945466308642e-19,2.853210351441002e-19,7.468112237273583e-18,6.5864747534561845e-18,1.711364321051395e-14,1.414380214697325e-14,2.336315479504842e-09,1.816598156957651e-09,1.3704856821304694e-12,6.253378219392107e-13,1.7476205762243453e-15,7.712702436455217e-16,1.9683478361877114e-23,5.665840491738279e-24,2.0343285674412294e-15,6.120792512895996e-16,1.4919651281059098e-18,6.370425213437976e-19,8.795640970057112e-18,4.476732204577014e-18,6.250057505985494e-10,3.0624553997831436e-10,7.638832114048937e-16,3.6083564114402784e-16,6.786055172287238e-18,2.19003798627269e-18,1.061797139859843e-19,3.2680463234836514e-20,1.711003265081808e-14,5.2662017253665055e-15,6.432393350222496e-11,1.9797905504030772e-11,4.239518313817489e-17,1.3361616624814828e-17,0.01032864388516929,0.0048824264683547105,9.999999999999008e-31,3.3147497618348485e-31,2.0421397440642273e-09,6.276052591132966e-10,2.499844389825608e-06,7.50708723727663e-07,2.583859600108027e-10,7.949022589458497e-11,3.591490858592213e-13,1.0796097747092426e-13
0.727,1226.3582889842514,5.418223169490263,0.25946965054043775,2.7754613126419994,0.06820861073995606,0.4480306823325243,1.255388097676293e-07,1.649212261889859e-06,5.96115300523011e-14,4.933970074349727e-14,1.7951900673152195e-14,7.429279253637655e-15,2.0096219464819723e-08,1.5647527864854825e-08,0.2029792736858509,0.14920264017023407,1.285942104774882e-16,5.15926221986317e-17,4.990289848037343e-14,1.9427957479157377e-14,1.595323719144732e-18,1.758849727295151e-18,5.369994647128533e-16,5.462045407475725e-16,3.993078784485058e-11,3.769659836573316e-11,8.744988786101254e-13,8.255693107367811e-13,1.4421760157920081e-05,1.2702052888786493e-05,0.2067632188154643,0.17066591025896288,0.4229401465915824,0.19995159972934617,0.08556320304667055,0.02574569464517502,5.954017691355556e-08,2.7170756150414887e-08,4.8784940399432695e-06,2.1515298654895748e-06,2.9141566884157714e-10,1.243466884635647e-10,2.6932829846422482e-12,1.1492203613031943e-12,7.55873561866582e-07,3.1238388349937087e-07,2.2395126017814824e-12,1.1848182672097128e-12,0.00033731135455810463,0.00017154671988720628,3.915501744614083e-08,1.917094223296414e-08,0.002352768170898116,0.0011105635722820383,3.97226984890494e-07,1.8099739561957926e-07,0.0004991200253788617,0.00021980149755621424,1.1159851157142996e-10,3.6018576977138913e-11,4.502307251501242e-06,1.418281686074765e-06,1.4053448165690755e-10,4.427007542178333e-11,3.0092523384599606e-19,2.844936377115545e-19,7.455401177960838e-18,6.5751363281780696e-18,1.7097655970113812e-14,1.4130314299683753e-14,2.3364762695523885e-09,1.816687826232271e-09,1.3691476254179834e-12,6.247151241461789e-13,1.7443269681487888e-15,7.698017087140462e-16,1.9628311811955956e-23,5.649850990855179e-24,2.031312179453798e-15,6.11159801426442e-16,1.489231325420716e-18,6.358628624214927e-19,8.781672276955206e-18,4.4695355581253326e-18,6.248029679745736e-10,3.0614022136340265e-10,7.633065331300989e-16,3.6055621910423003e-16,6.770297878154888e-18,2.1849101758152087e-18,1.0590183294169924e-19,3.2594301489444107e-20,1.709600632480929e-14,5.261782246234051e-15,6.430356954119851e-11,1.9791252655911108e-11,4.233709277552114e-17,1.3343048729774176e-17,0.010328643885150122,0.004882331458147771,9.999999999999e-31,3.314685258040916e-31,2.0386959984205337e-09,6.265347097521628e-10,2.4977786652019954e-06,7.500737856766452e-07,2.581459086328063e-10,7.941483073263932e-11,3.58287234452367e-13,1.0769980726996117e-13
0.728,1226.282853928853,5.418390529178762,0.25946163621226126,2.7793154469741435,0.06821305516142145,0.4480511744466452,1.2543031969838237e-07,1.6477550204748018e-06,5.948388580870156e-14,4.923309512151889e-14,1.791154790229474e-14,7.412435566863384e-15,2.0070900967157806e-08,1.562751062352875e-08,0.20296378968219056,0.1491883611834098,1.2830192797077938e-16,5.147435739614629e-17,4.981993290523115e-14,1.939528105922989e-14,1.5899810975515393e-18,1.7529254270543707e-18,5.354814517750312e-16,5.446499293195631e-16,3.9850615027799643e-11,3.7620180752094e-11,8.726163504565224e-13,8.237761150864621e-13,1.4407655646220412e-05,1.2689383824522707e-05,0.20675425684051654,0.1706551987394854,0.4229610359381895,0.19995759228745694,0.08556570741297019,0.02574594821052933,5.950842491155777e-08,2.7155738970694878e-08,4.878671717673998e-06,2.151566441752934e-06,2.9107568344022554e-10,1.2419920516453154e-10,2.689430916885979e-12,1.147554403288897e-12,7.553071434016795e-07,3.1214373484880783e-07,2.2322061027303205e-12,1.1809298165802735e-12,0.0003366807892659977,0.00017122270759251232,3.9072585720145915e-08,1.9130210788783395e-08,0.002350251083951061,0.001109353902434937,3.9671015680350455e-07,1.807583913476601e-07,0.0004988959041845207,0.00021969853292337768,1.1141777661341602e-10,3.5959546174390134e-11,4.499248815905343e-06,1.417290717552483e-06,1.403649308160382e-10,4.4215806161286267e-11,3.0005935884439453e-19,2.836695336797702e-19,7.442725559768597e-18,6.5638298591670235e-18,1.7081699317604215e-14,1.4116852813232145e-14,2.336636726646694e-09,1.816777304838687e-09,1.3678122327234034e-12,6.240936907326426e-13,1.7410434144176924e-15,7.683376983280742e-16,1.9573364179817476e-23,5.63392534709018e-24,2.028303621635944e-15,6.102427672430572e-16,1.4865056784577833e-18,6.34686756670057e-19,8.767741880887477e-18,4.4623588592098e-18,6.246005657190323e-10,3.0603510529379627e-10,7.627309987423481e-16,3.602773624744767e-16,6.7545941389917865e-18,2.1797999338703043e-18,1.0562501791920341e-19,3.2508472472421835e-20,1.708201000721595e-14,5.257372382345931e-15,6.428324309442303e-11,1.9784612393359134e-11,4.227915001517043e-17,1.3324528600970245e-17,0.010328643885130998,0.004882236644314976,9.999999999998994e-31,3.31462088756821e-31,2.035262154227971e-09,6.254672696067842e-10,2.495717383934732e-06,7.494402362106413e-07,2.579063412037967e-10,7.933959051304413e-11,3.5742844557873375e-13,1.0743957204158805e-13
0.729,1226.2075046169152,5.418557813097614,0.2594536260071856,2.7831697002963627,0.06821749094092251,0.4480716266297461,1.253220306351175e-07,1.6463005409521619e-06,5.935665182862265e-14,4.9126835129367935e-14,1.7871330943204344e-14,7.395649027880354e-15,2.0045642158108587e-08,1.5607541247234067e-08,0.20294833461594539,0.14917410988987528,1.2801063571512047e-16,5.1356496485459567e-17,4.973720001128056e-14,1.9362697252978345e-14,1.5846620331616436e-18,1.7470273965232713e-18,5.339693373098189e-16,5.431013989864828e-16,3.9770689544744935e-11,3.7544001069660715e-11,8.707398836482328e-13,8.219887434012343e-13,1.4393580341545518e-05,1.2676741474295119e-05,0.20674531215667147,0.17064450862122388,0.4229818772133798,0.19996356975401308,0.0855682141944129,0.025746203505604862,5.947671760287904e-08,2.7140743836677177e-08,4.878849194269742e-06,2.151603012540764e-06,2.907365846567924e-10,1.2405211077796858e-10,2.6855896705317992e-12,1.1458931723582643e-12,7.547420233050095e-07,3.1190414435874257e-07,2.2249315222775337e-12,1.1770584492180503e-12,0.0003360521296337333,0.0001708996837308764,3.899042054475791e-08,1.9089612180077537e-08,0.002347739717779022,0.0011081470234054229,3.9619459847352393e-07,1.8051998200552267e-07,0.0004986721841368237,0.000219595757578056,1.1123753114498125e-10,3.590067705402261e-11,4.496195932202949e-06,1.4163015920835996e-06,1.4019576965033992e-10,4.4161663493582694e-11,2.9919690359197173e-19,2.8284870567589376e-19,7.430085234740267e-18,6.552555211936264e-18,1.7065773150059132e-14,1.4103417597698193e-14,2.3367968518956273e-09,1.8168665934369634e-09,1.3664794948121178e-12,6.234735172614329e-13,1.7377698701258557e-15,7.668781921398834e-16,1.9518634299911835e-23,5.6180632186669364e-24,2.0253028628532017e-15,6.093281390483045e-16,1.4837881514042786e-18,6.335141883749366e-19,8.753849623661182e-18,4.4552020247608614e-18,6.243985426740882e-10,3.059301911404056e-10,7.621566043624531e-16,3.5999906931231993e-16,6.738943701479245e-18,2.1747071767947025e-18,1.0534926334915722e-19,3.242297443618816e-20,1.706804358919497e-14,5.25297209847686e-15,6.426295404078261e-11,1.9777984675152433e-11,4.222135426889043e-17,1.3306056046413026e-17,0.01032864388511191,0.004882142026234406,9.999999999998988e-31,3.314556649994502e-31,2.0318381693789737e-09,6.244029253529557e-10,2.4936605303547638e-06,7.488080703766594e-07,2.576672560193982e-10,7.926450468382968e-11,3.565727042740399e-13,1.0718026718933683e-13
0.73,1226.1322407913804,5.418725021449167,0.2594456199148045,2.7870240725549054,0.0682219181051229,0.448092039006985,1.2521394190539386e-07,1.6448488139554934e-06,5.922982624390005e-14,4.902091918225798e-14,1.7831249153782713e-14,7.378919364771144e-15,2.0020442809966877e-08,1.5587619551640128e-08,0.20293290839480344,0.14915988620027612,1.2772032901050696e-16,5.123903753736865e-17,4.965469881525824e-14,1.9330205666035457e-14,1.5793663924725544e-18,1.741155486087495e-18,5.324630908184708e-16,5.415589181261606e-16,3.969101029688075e-11,3.7468058253769316e-11,8.688694505768589e-13,8.202071689692594e-13,1.4379534139880473e-05,1.2664125741905887e-05,0.20673638471475378,0.17063383984025163,0.42300267057109986,0.19996953217895927,0.08557072338282809,0.025746460524729377,5.9445054855698655e-08,2.7125770681846505e-08,4.87902646982701e-06,2.1516395776375598e-06,2.9039836884280775e-10,1.239054036920698e-10,2.6817591992404576e-12,1.1442366481289567e-12,7.541781967814737e-07,3.11665109948815e-07,2.2176886803631435e-12,1.17320406827417e-12,0.00033542536732476255,0.00017057764394640276,3.890852069923615e-08,1.9049145794346357e-08,0.002345234051192238,0.0011069429247521551,3.956803049924459e-07,1.8028216527217007e-07,0.0004984488639619991,0.00021949317090940785,1.1105777315174103e-10,3.584196894520476e-11,4.493148581481481e-06,1.4153143033140785e-06,1.400269966906115e-10,4.410764693674807e-11,2.983378501764466e-19,2.82031136444929e-19,7.417480055752146e-18,6.541312252761263e-18,1.7049877364985753e-14,1.4090008563548626e-14,2.33695664640181e-09,1.816955692684125e-09,1.3651494024897334e-12,6.22854599315082e-13,1.7345062907962237e-15,7.654231699945452e-16,1.946412101645733e-23,5.602264266673578e-24,2.022309872172108e-15,6.0841590721368055e-16,1.4810787086592852e-18,6.323451419150977e-19,8.739995347942553e-18,4.448064972163662e-18,6.241968976869859e-10,3.058254782769775e-10,7.615833461241416e-16,3.5972133768206674e-16,6.723346313879347e-18,2.169631821469774e-18,1.0507456371312829e-19,3.233780564910559e-20,1.7054106962505113e-14,5.248581359597345e-15,6.424270225974393e-11,1.977136946027016e-11,4.2163704951509185e-17,1.3287630875120803e-17,0.010328643885092883,0.0048820476032874665,9.999999999998981e-31,3.31449254489981e-31,2.0284240018520557e-09,6.233416636956176e-10,2.4916080886830674e-06,7.481772831901935e-07,2.574286513808607e-10,7.918957269492436e-11,3.5571999563968484e-13,1.0692188813725501e-13
0.731,1226.0570622010132,5.418892154422796,0.2594376179253359,2.7908785636961544,0.06822633668034528,0.4481124117018937,1.2510605283549502e-07,1.6433998301060327e-06,5.910340719474807e-14,4.891534570266255e-14,1.7791301897432187e-14,7.36224630794774e-15,1.9995302695844476e-08,1.556774535310992e-08,0.20291751092637242,0.14914569002543304,1.274310031857178e-16,5.112197863459251e-17,4.957242833491468e-14,1.9297805904524456e-14,1.5740940429497219e-18,1.735309547222856e-18,5.309626820433126e-16,5.400224553670114e-16,3.961157619192403e-11,3.7392351246141924e-11,8.670050237706547e-13,8.184313652131718e-13,1.4365516937409181e-05,1.2651536531370308e-05,0.20672747446801157,0.17062319233490197,0.42302341616403466,0.1999754796119202,0.08557323497113231,0.02574671926259538,5.941343653549557e-08,2.711081943851189e-08,4.879203544410831e-06,2.15167613681702e-06,2.90061032347058e-10,1.237590822943236e-10,2.6779394567520616e-12,1.1425848102576268e-12,7.536156590346654e-07,3.114266295389797e-07,2.2104773961443183e-12,1.16936657650068e-12,0.00033480049374287884,0.00017025658375212203,3.882688494426006e-08,1.9008811010118928e-08,0.0023427340616600043,0.0011057415954045208,3.951672712414007e-07,1.800449387312714e-07,0.0004982259421576139,0.00021939077220635843,1.1087850062426716e-10,3.578342117887442e-11,4.490106744811922e-06,1.4143288448881403e-06,1.398586104766119e-10,4.405375601183673e-11,2.974821808270685e-19,2.8121680886857812e-19,7.404909876531517e-18,6.5301008487006075e-18,1.7034011859908885e-14,1.4076625621304538e-14,2.337116111263544e-09,1.8170446032363032e-09,1.3638219465670109e-12,6.222369324803055e-13,1.7312526321885534e-15,7.639726118460548e-16,1.9409823181698637e-23,5.586528154565232e-24,2.0193246178589867e-15,6.075060618725671e-16,1.4783773148343717e-18,6.311796017637394e-19,8.726178897147636e-18,4.440947619205854e-18,6.23995629608954e-10,3.0572096607979626e-10,7.610112201299366e-16,3.5944416563421845e-16,6.707801726306774e-18,2.1645737853908337e-18,1.0480091352074722e-19,3.2252964388472604e-20,1.7040200019881697e-14,5.244200130993056e-15,6.422248763121949e-11,1.9764766707866346e-11,4.2106201479912767e-17,1.3269252896814395e-17,0.010328643885073955,0.004881953374862707,9.999999999998994e-31,3.314428571869006e-31,2.02501960850827e-09,6.222834709994831e-10,2.4895600415465616e-06,7.47547869190175e-07,2.571905255725026e-10,7.911479399127704e-11,3.5487030464844763e-13,1.0666443027158182e-13
0.732,1225.9819685936536,5.4190592122123755,0.25942962002878467,2.794733173666631,0.06823074669290433,0.44813274483798965,1.249983627574499e-07,1.6419535801027996e-06,5.897739283413546e-14,4.881011312387141e-14,1.7751488540781253e-14,7.34562958920038e-15,1.9970221590292027e-08,1.5547918469163915e-08,0.2029021421188106,0.14913152127661383,1.2714265359931958e-16,5.1005317872106133e-17,4.94903875959297e-14,1.926549757772577e-14,1.568844852986596e-18,1.7294894324488452e-18,5.294680809084993e-16,5.384919795270377e-16,3.953238614414598e-11,3.731687899486693e-11,8.651465759403912e-13,8.166613057322821e-13,1.4351528631032944e-05,1.2638973747357063e-05,0.20671858136887683,0.17061256604287492,0.4230441141443159,0.19998141210227852,0.08557574895200694,0.02574697971382914,5.938186251001018e-08,2.709589004003589e-08,4.8793804181040895e-06,2.1517126898610347e-06,2.8972457155079506e-10,1.2361314498637432e-10,2.674130397172817e-12,1.140937638560767e-12,7.530544053070712e-07,3.111887010657155e-07,2.2032974906244715e-12,1.1655458776398012e-12,0.0003341775004266977,0.00016993649873038195,3.8745512060007895e-08,1.8968607215571566e-08,0.002340239727459188,0.0011045430246753132,3.9465549224296893e-07,1.7980830003140821e-07,0.000498003417341091,0.00021928856081079097,1.106997115675876e-10,3.5725033090757667e-11,4.4870704034088045e-06,1.4133452104968272e-06,1.39690609555393e-10,4.3999990242299216e-11,2.9662987788095332e-19,2.804057059330289e-19,7.392374551630594e-18,6.5189208675644156e-18,1.7018176533124477e-14,1.4063268682145882e-14,2.3372752475737988e-09,1.817133325745618e-09,1.3624971179233829e-12,6.216205123761751e-13,1.7280088498829887e-15,7.625264975725598e-16,1.9355739650327422e-23,5.570854546550496e-24,2.0163470680745738e-15,6.065985931284331e-16,1.4756839347419181e-18,6.300175524824734e-19,8.71240011564317e-18,4.433849884173986e-18,6.23794737296444e-10,3.0561665392789644e-10,7.604402225254516e-16,3.591675512400979e-16,6.692309690297851e-18,2.15953298652515e-18,1.0452830728150169e-19,3.2168448931799504e-20,1.7026322654399672e-14,5.239828378061995e-15,6.420231003566252e-11,1.9758176377273657e-11,4.204884327476452e-17,1.3250921922441586e-17,0.010328643885055092,0.004881859340349514,9.999999999998994e-31,3.314364730487537e-31,2.0216249471074385e-09,6.212283339078273e-10,2.487516372461255e-06,7.469198231836604e-07,2.569528768995793e-10,7.904016802440379e-11,3.5402361648138695e-13,1.064078890418715e-13
0.733,1225.906959711056,5.419226195029444,0.2594216262143129,2.7985879024130074,0.06823514816935068,0.4481530385399263,1.2489087101146365e-07,1.6405100547528582e-06,5.885178132835106e-14,4.870521989040742e-14,1.77118084520501e-14,7.32906894101354e-15,1.994519926930663e-08,1.552813871847006e-08,0.20288680188130415,0.14911737986573387,1.2685527563589608e-16,5.088905335557418e-17,4.940857563483376e-14,1.9233280299194276e-14,1.5636186917979067e-18,1.7236949952090594e-18,5.279792574620823e-16,5.369674595543303e-16,3.94534390732836e-11,3.724164045333252e-11,8.632940799764996e-13,8.148969642990235e-13,1.4337569118446192e-05,1.2626437295242056e-05,0.20670970536674418,0.1706019608992321,0.42306476466406234,0.19998732969922883,0.08557826531688566,0.025747241872660115,5.935033265163319e-08,2.7080982421897145e-08,4.879557091034701e-06,2.1517492365695017e-06,2.893889828824805e-10,1.234675901901857e-10,2.6703319750778797e-12,1.1392951130574113e-12,7.524944308933894e-07,3.109513224872128e-07,2.1961487898554378e-12,1.161741878116519e-12,0.00033355637954321743,0.00016961738478364792,3.866440086977869e-08,1.8928533820071753e-08,0.002337751028946388,0.0011033472028599966,3.9414496336364216e-07,1.7957224697812673e-07,0.000497781288451225,0.00021918653620605312,1.1052140400480324e-10,3.566680402249906e-11,4.4840395387123384e-06,1.4123633939024404e-06,1.3952299247862208e-10,4.3946349153094084e-11,2.9578092375229693e-19,2.7959781069954973e-19,7.379873936274093e-18,6.507772177773182e-18,1.7002371283879125e-14,1.4049937658045478e-14,2.337434056419407e-09,1.8172218608577198e-09,1.3611749075234215e-12,6.21005334660999e-13,1.7247749007066057e-15,7.610848076050727e-16,1.9301869295030816e-23,5.5552431120605275e-24,2.0133771944816435e-15,6.05693492139519e-16,1.4729985333820766e-18,6.288589787151043e-19,8.69865884869483e-18,4.426771685822588e-18,6.235942196120931e-10,3.055125412032254e-10,7.598703495380269e-16,3.5889149260973265e-16,6.67686995831958e-18,2.1545093431512445e-18,1.0425673963824362e-19,3.208425759786076e-20,1.7012474758981525e-14,5.2354660661577415e-15,6.41821693541633e-11,1.9751598428013058e-11,4.1991629760864787e-17,1.3232637764276897e-17,0.010328643885036286,0.004881765499133227,9.999999999998997e-31,3.3143010203381083e-31,2.018239977472229e-09,6.201762396995298e-10,2.4854770672834393e-06,7.462931406807848e-07,2.56715703708848e-10,7.896569425863276e-11,3.5317991669641545e-13,1.0615226001154408e-13
0.734,1225.8320353063182,5.419393103058821,0.25941363647236476,2.802442749882086,0.06823954113559139,0.448173292929255,1.2478357693449528e-07,1.6390692448268942e-06,5.872657085194531e-14,4.8600664454005427e-14,1.7672261006624247e-14,7.312564098897142e-15,1.9920235509817313e-08,1.5508405920496306e-08,0.20287149012277708,0.1491032657049194,1.2656886471272002e-16,5.0773183204199796e-17,4.9326991486633786e-14,1.92011536820078e-14,1.5584154296711604e-18,1.7179260901541783e-18,5.264961820531466e-16,5.354488647090303e-16,3.937473390690754e-11,3.716663458258847e-11,8.614475089144961e-13,8.131383148290791e-13,1.4323638297537204e-05,1.2613927080623874e-05,0.20670084641577863,0.17059137684342612,0.4230853678739284,0.19999323245177814,0.08558078405867407,0.025747505733827558,5.9318846827866e-08,2.706609651743032e-08,4.879733563273687e-06,2.1517857767227617e-06,2.890542627547041e-10,1.2332241632154875e-10,2.6665441450358355e-12,1.1376572137701363e-12,7.519357310774559e-07,3.1071449175837337e-07,2.1890311154076996e-12,1.1579544820011972e-12,0.0003329371224338017,0.00016929923739568084,3.858355015413527e-08,1.8888590212209387e-08,0.0023352679438634885,0.0011021541190247973,3.9363567955791426e-07,1.793367771901523e-07,0.0004975595539988264,0.00021908469768773954,1.1034357596097222e-10,3.560873331658248e-11,4.481014132075931e-06,1.4113833888449529e-06,1.3935575781021863e-10,4.389283227324355e-11,2.9493530102860096e-19,2.787931063963911e-19,7.367407886734682e-18,6.496654648711058e-18,1.6986596011336562e-14,1.403663246096309e-14,2.3375925388831653e-09,1.8173102092196603e-09,1.359855306325903e-12,6.203913949929605e-13,1.7215507401464583e-15,7.596475217885033e-16,1.9248210979241323e-23,5.539693517924756e-24,2.0104149632851917e-15,6.047907484254363e-16,1.4703210759884557e-18,6.27703865209273e-19,8.684954942416547e-18,4.419712943363485e-18,6.233940754221693e-10,3.0540862729043996e-10,7.593015973271694e-16,3.586159878224444e-16,6.66148228522336e-18,2.1495027743352914e-18,1.0398620511494234e-19,3.2000388669174494e-20,1.6998656228095192e-14,5.231113161129916e-15,6.416206546834126e-11,1.9745032819828358e-11,4.1934560364985797e-17,1.3214400235284467e-17,0.010328643885017497,0.004881671850611867,9.999999999998992e-31,3.3142374410120373e-31,2.0148646571455667e-09,6.191271749567442e-10,2.4834421088309568e-06,7.456678162822582e-07,2.5647900431044315e-10,7.889137214734301e-11,3.5233919055795983e-13,1.0589753865676159e-13
0.735,1225.7571951299929,5.419559936493541,0.25940565079299355,2.8062977160208074,0.06824392561762115,0.44819350812796677,1.2467647986694035e-07,1.6376311411423657e-06,5.860175958926933e-14,4.8496445274746456e-14,1.7632845582439324e-14,7.296114799455678e-15,1.989533008966859e-08,1.5488719895453758e-08,0.2028562067526265,0.14908917870662844,1.26283416270636e-16,5.065770554692095e-17,4.924563419256118e-14,1.9169117341728558e-14,1.5532349376885785e-18,1.712182572830357e-18,5.250188251766112e-16,5.339361644039221e-16,3.929626957750138e-11,3.709186034848257e-11,8.596068359291277e-13,8.11385331373521e-13,1.4309736066589876e-05,1.2601443009465756e-05,0.20669200446887856,0.17058081381383788,0.4231059239239575,0.19999912040858625,0.0855833051701797,0.025747771292035714,5.9287404907738266e-08,2.705123226067811e-08,4.879909834906656e-06,2.1518223101070698e-06,2.887204076041864e-10,1.2317762180679888e-10,2.6627668618873017e-12,1.1360239208406924e-12,7.513783011671419e-07,3.104782068443529e-07,2.1819442928688286e-12,1.1541835955018725e-12,0.0003323197209181725,0.0001689820522941655,3.8502958714825236e-08,1.8848775791036787e-08,0.002332790450772905,0.0011009637626249722,3.9312763591605266e-07,1.7910188834845358e-07,0.0004973382126094688,0.00021898304460206945,1.1016622547259579e-10,3.555082031929087e-11,4.477994164971507e-06,1.4104051891026936e-06,1.3918890411867914e-10,4.3839439133291386e-11,2.940929923869464e-19,2.779915763388247e-19,7.354976259894015e-18,6.485568150320193e-18,1.697085061506755e-14,1.4023353003210538e-14,2.3377506960428022e-09,1.8173983714739801e-09,1.3585383053297622e-12,6.197786890493274e-13,1.71833632538246e-15,7.582146207178081e-16,1.9194763589721017e-23,5.5242054377328444e-24,2.0074603449598115e-15,6.038903527918269e-16,1.4676515279739923e-18,6.265521967915519e-19,8.671288243620708e-18,4.412673576376957e-18,6.23194303597907e-10,3.0530491157669943e-10,7.587339620881549e-16,3.583410349747692e-16,6.646146426923931e-18,2.1445131994986237e-18,1.037166984026255e-19,3.1916840479907e-20,1.6984866956345515e-14,5.2267696288758886e-15,6.414199826026956e-11,1.9738479512607324e-11,4.187763451664969e-17,1.319620914932568e-17,0.010328643884998783,0.00488157839418247,9.999999999998992e-31,3.314173992099948e-31,2.0114989445439754e-09,6.180811265321432e-10,2.4814114807987968e-06,7.450438448530029e-07,2.5624277703266224e-10,7.881720114959406e-11,3.515014234996479e-13,1.0564372050519366e-13
0.736,1225.6824389247581,5.419726695548992,0.25939766916518553,2.8101528007762653,0.06824830164175934,0.44821368425962393,1.245695791601684e-07,1.6361957346609403e-06,5.847734573987597e-14,4.83925608254797e-14,1.7593561558444433e-14,7.279720779745239e-15,1.987048278845885e-08,1.546908046493451e-08,0.20284095168146798,0.14907511878405683,1.2599892577781355e-16,5.0542618523865935e-17,4.916450280719642e-14,1.9137170899157764e-14,1.5480770877509755e-18,1.7064642997037606e-18,5.235471574372774e-16,5.324293281673358e-16,3.9218045023310315e-11,3.701731672242545e-11,8.577720343967706e-13,8.096379881769109e-13,1.4295862324922405e-05,1.2588984988646004e-05,0.20668317947496548,0.17057027174537812,0.4231264329644144,0.20000499361817006,0.08558582864254721,0.02574803854145861,5.9256006766708515e-08,2.703638958860151e-08,4.880085906081161e-06,2.151858836533434e-06,2.8838741392794295e-10,1.2303320509812626e-10,2.659000081052923e-12,1.1343952146603037e-12,7.508221365392316e-07,3.102424657388087e-07,2.1748881531108728e-12,1.1504291276333051e-12,0.0003317041674835422,0.00016866582554669502,3.842262540817739e-08,1.8809089982398105e-08,0.0023303185310028086,0.0010997761244217544,3.926208279858364e-07,1.7886757834264117e-07,0.0004971172633442099,0.00021888157648688777,1.0998935059782686e-10,3.549306438396614e-11,4.474979619153603e-06,1.4094287885426898e-06,1.3902242997724082e-10,4.378616926531253e-11,2.932539805728515e-19,2.771932039088784e-19,7.342578913335925e-18,6.474512553176654e-18,1.695513499592183e-14,1.4010099198158817e-14,2.3379085289696768e-09,1.8174863482559722e-09,1.3572238956459525e-12,6.191672125586438e-13,1.7151316142448452e-15,7.56786085277178e-16,1.914152602410964e-23,5.508778548245068e-24,2.004513312640055e-15,6.02992296845456e-16,1.4649898549366181e-18,6.2540395836925445e-19,8.657658600128696e-18,4.405653504965507e-18,6.229949030170283e-10,3.052013934521208e-10,7.581674401233984e-16,3.580666322138218e-16,6.630862140189308e-18,2.1395405383478455e-18,1.0344821427463034e-19,3.1833611389757265e-20,1.6971106838023546e-14,5.222435435197117e-15,6.412196761268576e-11,1.9731938466427764e-11,4.18208516502548e-17,1.3178064321816486e-17,0.010328643884980147,0.00488148512923637,9.999999999998983e-31,3.314110673188604e-31,2.0081428007902273e-09,6.170380821114151e-10,2.479385170024693e-06,7.444212222016513e-07,2.5600702025807346e-10,7.874318074115626e-11,3.5066660144695615e-13,1.0539080123288011e-13
0.737,1225.6077664574555,5.419893380380936,0.2593896915807836,2.8140080040956637,0.0682526692330518,0.44823382144166496,1.2446287415288245e-07,1.634763016188196e-06,5.835332750671921e-14,4.82890095823574e-14,1.7554408324734345e-14,7.263381781511114e-15,1.9845693386146623e-08,1.544948745092305e-08,0.20282572481855224,0.14906108585017142,1.2571538873806914e-16,5.042792029000507e-17,4.908359637360423e-14,1.9105313970776072e-14,1.542941752968717e-18,1.7007711286020052e-18,5.220811498607837e-16,5.309283259626674e-16,3.9140059191617386e-11,3.6943002684713064e-11,8.559430777976419e-13,8.078962595900246e-13,1.4282016971482208e-05,1.2576552924799182e-05,0.20667437139355485,0.1705597505825781,0.4231468951428838,0.2000108521287817,0.0855883544706936,0.02574830747753613,5.9224652267828626e-08,2.702156843265456e-08,4.880261776808292e-06,2.151895355763573e-06,2.8805527815612405e-10,1.2288916462009223e-10,2.6552437575515908e-12,1.132771075457874e-12,7.502672325057318e-07,3.1000726641059344e-07,2.167862515871697e-12,1.1466909815391917e-12,0.0003310904527720376,0.00016835055228421275,3.8342548983098615e-08,1.876953215973979e-08,0.002327852159691011,0.0010985911922624053,3.921152503262795e-07,1.7863384461319095e-07,0.0004968967042616682,0.00021878029243990605,1.0981294938340965e-10,3.5435464860561604e-11,4.471970476039372e-06,1.4084541809341894e-06,1.3885633397611903e-10,4.373302220704041e-11,2.924182485701721e-19,2.763979727176439e-19,7.33021570589688e-18,6.463487729016091e-18,1.6939449053761445e-14,1.3996870958452561e-14,2.338066038732998e-09,1.8175741402083209e-09,1.3559120683014706e-12,6.18556961215188e-13,1.711936561707976e-15,7.553618950976821e-16,1.9088497155115628e-23,5.493412519120897e-24,2.0015738282103077e-15,6.020965688135694e-16,1.4623360227304263e-18,6.242591349647058e-19,8.644065860482267e-18,4.398652649634415e-18,6.227958725586358e-10,3.050980723091832e-10,7.57602027550827e-16,3.5779277760180017e-16,6.6156291851395494e-18,2.134584711694369e-18,1.0318074723468137e-19,3.1750699675859183e-20,1.695737577016891e-14,5.218110546774109e-15,6.410197340869071e-11,1.9725409641588117e-11,4.1764211200152557e-17,1.3159965568258168e-17,0.010328643884961594,0.004881392055189741,9.99999999999898e-31,3.314047483881639e-31,2.004796181420951e-09,6.159980276690924e-10,2.4773631562000327e-06,7.437999419959225e-07,2.5577173227198296e-10,7.866931036839304e-11,3.4983470951384343e-13,1.0513877627316067e-13
0.738,1225.5331774672545,5.4200599912175145,0.259381718028169,2.8178633259263695,0.06825702841789076,0.44825391979802615,1.24356364205098e-07,1.6333329768031724e-06,5.822970311095431e-14,4.818579003658537e-14,1.751538526586795e-14,7.247097544210562e-15,1.9820961664575724e-08,1.5429940676825072e-08,0.20281052607558014,0.14904707981898846,1.2543280067066175e-16,5.031360900652625e-17,4.9002913959924464e-14,1.9073546182790185e-14,1.5378288068992448e-18,1.695102917856005e-18,5.206207733674907e-16,5.294331276478463e-16,3.9062311031672114e-11,3.686891721747185e-11,8.541199398160929e-13,8.061601201561979e-13,1.4268199906638082e-05,1.2564146725765378e-05,0.20666558017151918,0.1705492502586681,0.42316731060858925,0.20001669598840432,0.08559088264525651,0.025748578094288325,5.919334129014733e-08,2.700676873146726e-08,4.8804374472669355e-06,2.151931867622071e-06,2.877239968397276e-10,1.2274549884845158e-10,2.651497847413522e-12,1.131151483891212e-12,7.497135845034089e-07,3.097726068788959e-07,2.1608672179687037e-12,1.1429690694042506e-12,0.0003304785699123998,0.00016803622890188225,3.826272833523099e-08,1.8730101768335813e-08,0.002325391319735487,0.0010974089576528223,3.916108987509722e-07,1.784006851716223e-07,0.0004966765346489695,0.00021867919209875674,1.0963701991239226e-10,3.5378021110674556e-11,4.468966717638676e-06,1.4074813602271742e-06,1.3869061470000164e-10,4.3679997494329935e-11,2.9158577931507775e-19,2.75605866332057e-19,7.317886496541906e-18,6.4524935496761245e-18,1.6923792690543493e-14,1.3983668198413864e-14,2.33822322639382e-09,1.817661747957845e-09,1.3546028145098305e-12,6.179479307960229e-13,1.708751127395857e-15,7.539420318612381e-16,1.903567590900997e-23,5.478107035452101e-24,1.998641869465399e-15,6.012031617081078e-16,1.4596899973246063e-18,6.231177116486009e-19,8.630509874084911e-18,4.391670931318481e-18,6.225972111105882e-10,3.0499494754321834e-10,7.570377207485759e-16,3.57519469322341e-16,6.600447320931615e-18,2.129645640040061e-18,1.0291429224666702e-19,3.166810375702445e-20,1.694367364754192e-14,5.213794929565732e-15,6.408201553204128e-11,1.9718892998495635e-11,4.170771260701646e-17,1.314191270610919e-17,0.010328643884943062,0.004881299171433627,9.999999999998976e-31,3.3139844237656424e-31,2.001459049258206e-09,6.149609514172625e-10,2.475345427863258e-06,7.431800005569496e-07,2.555369114946548e-10,7.859558951888154e-11,3.4900573398285803e-13,1.0488764141070303e-13
0.739,1225.4586717120064,5.420226528241563,0.25937374849789424,2.8217187662158794,0.06826137922164503,0.4482739794477089,1.2425004866973983e-07,1.6319056075003668e-06,5.81064707805373e-14,4.8082900685432415e-14,1.747649177580399e-14,7.230867811259534e-15,1.9796287406445682e-08,1.541043996680823e-08,0.2027953553635375,0.14903310060462135,1.2515115713080877e-16,5.019968284952786e-17,4.8922454628308546e-14,1.904186715921726e-14,1.5327381242679866e-18,1.6894595271101779e-18,5.19165999249434e-16,5.279437034652462e-16,3.8984799501726396e-11,3.6795059311639555e-11,8.523025942751786e-13,8.044295445569932e-13,1.425441103080054e-05,1.2551766299491136e-05,0.20665680576372245,0.17053877071417814,0.42318767950880876,0.200022525244901,0.08559341315927546,0.025748850386562685,5.916207370430105e-08,2.6991990419957534e-08,4.880612917539476e-06,2.1519683718996625e-06,2.873935664908075e-10,1.2260220624311308e-10,2.647762306493461e-12,1.1295364205511375e-12,7.491611879362129e-07,3.0953848515098634e-07,2.1539020872351935e-12,1.13926329867806e-12,0.0003298685105152701,0.0001677228510243066,3.8183162283203736e-08,1.869079821592821e-08,0.002322935989569294,0.0010962294099981103,3.9110776836704025e-07,1.7816809770874322e-07,0.0004964567530721096,0.00021857827478457862,1.0946156026400202e-10,3.532073249492441e-11,4.465968325756077e-06,1.4065103203140012e-06,1.3852527074921267e-10,4.362709466822593e-11,2.907565559546842e-19,2.748168685218984e-19,7.305591145471632e-18,6.441529888131997e-18,1.6908165807834897e-14,1.3970490832117698e-14,2.3383800930099383e-09,1.817749172136052e-09,1.3532961254506247e-12,6.173401170661304e-13,1.7055752681679203e-15,7.525264760361093e-16,1.8983061187480596e-23,5.4628617753234206e-24,1.99571740347856e-15,6.003120653198788e-16,1.4570517449417877e-18,6.2197967360480655e-19,8.616990491216706e-18,4.384708271430074e-18,6.22398917563428e-10,3.048920185522468e-10,7.56474515970079e-16,3.5724670550203127e-16,6.585316309715453e-18,2.124723244873344e-18,1.0264884402072518e-19,3.158582197434437e-20,1.693000036715011e-14,5.209488550250216e-15,6.406209386701795e-11,1.9712388497807385e-11,4.1651355312878775e-17,1.3123905553342383e-17,0.01032864388492458,0.004881206477379,9.99999999999898e-31,3.3139214924407073e-31,1.9981313631496145e-09,6.139268403514312e-10,2.473331968404203e-06,7.425613926640052e-07,2.5530255627965755e-10,7.852201766011234e-11,3.4817966058997347e-13,1.0463739226698451e-13
0.74,1225.3842489439917,5.4203929916522195,0.25936578297973417,2.8255743249118317,0.06826572166989439,0.4482940005107296,1.2414392690745612e-07,1.630480899376427e-06,5.798362875609373e-14,4.798034003685215e-14,1.7437727250083638e-14,7.214692326762724e-15,1.977167039584573e-08,1.5390985146143194e-08,0.2027802125943912,0.14901914812180958,1.2487045369864652e-16,5.0086140005344936e-17,4.884221745112945e-14,1.901027652810197e-14,1.5276695805818426e-18,1.6838408168879978e-18,5.17716798919171e-16,5.264600237836732e-16,3.890752356531001e-11,3.672142796327038e-11,8.504910151693893e-13,8.027045076391661e-13,1.4240650245139952e-05,1.2539411554601149e-05,0.20664804812222437,0.17052831188720774,0.423208001990799,0.20002833994596197,0.08559594600460692,0.025749124348831767,5.9130849385277936e-08,2.6977233435024768e-08,4.880788187750952e-06,2.1520048684042403e-06,2.8706398366618874e-10,1.2245928528325997e-10,2.6440370910924297e-12,1.1279258662212498e-12,7.486100382587672e-07,3.093048992552187e-07,2.1469669561581387e-12,1.1355735792832073e-12,0.0003292602667711667,0.00016741041457149066,3.810384968564784e-08,1.8651620929917757e-08,0.0023204861495592075,0.0010950525396170396,3.9060585460084835e-07,1.7793608006106598e-07,0.0004962373583957059,0.00021847753994995727,1.092865685346034e-10,3.5263598379544055e-11,4.462975282410549e-06,1.405541055154799e-06,1.38360300728872e-10,4.357431327133769e-11,2.8993056171051514e-19,2.7403096312937977e-19,7.293329513531728e-18,6.430596617944519e-18,1.6892568308108745e-14,1.3957338774395545e-14,2.338536639633278e-09,1.817836413368366e-09,1.3519919923844273e-12,6.167335158278451e-13,1.7024089417219479e-15,7.511152084630009e-16,1.893065190535376e-23,5.4476764206416025e-24,1.992800400703925e-15,5.994232704579079e-16,1.4544212319799309e-18,6.208450060939891e-19,8.603507563020846e-18,4.377764591830978e-18,6.22200990813636e-10,3.0478928473710355e-10,7.559124095452818e-16,3.5697448430371103e-16,6.5702359145539025e-18,2.1198174479876326e-18,1.023843973618492e-19,3.1503852698309694e-20,1.6916355825896765e-14,5.205191375476386e-15,6.40422082985237e-11,1.9705896100365706e-11,4.159513876371742e-17,1.3105943929196457e-17,0.01032864388490618,0.004881113972433227,9.999999999998964e-31,3.3138586895044704e-31,1.994813083858257e-09,6.128956820572981e-10,2.4713227633876836e-06,7.419441137497603e-07,2.5506866501940946e-10,7.844859427157336e-11,3.473564754255033e-13,1.0438802457054131e-13
0.741,1225.309908922457,5.420559381632544,0.25935782146423575,2.829430001961995,0.06827005578782307,0.4483139831052056,1.2403799827543056e-07,1.6290588434870845e-06,5.78611752843804e-14,4.787810660418537e-14,1.73990910897235e-14,7.198570837141216e-15,1.9747110417372017e-08,1.5371576040552937e-08,0.2027650976798885,0.1490052222853914,1.2459068597953208e-16,4.9972978670787674e-17,4.8762201499624966e-14,1.8978773917141078e-14,1.5226230522249922e-18,1.6782466487014459e-18,5.162731440207101e-16,5.249820592123931e-16,3.883048219171249e-11,3.664802217407622e-11,8.486851766005184e-13,8.009849843560212e-13,1.4226917450816975e-05,1.2527082399750404e-05,0.20663930720213672,0.17051787371866522,0.42322827820045517,0.20003414013894802,0.08559848117444617,0.025749399976013193,5.909966820409069e-08,2.6962497711814864e-08,4.8809632579829e-06,2.152041356927994e-06,2.867352449093333e-10,1.2231673444284017e-10,2.6403221574922767e-12,1.1263198016820335e-12,7.480601309108388e-07,3.0907184721469006e-07,2.140061656214646e-12,1.1318998206222114e-12,0.0003286538305869496,0.00016709891532015904,3.802478937438148e-08,1.8612569324701492e-08,0.002318041778254377,0.0010938783359743154,3.901051525887714e-07,1.777046299336942e-07,0.0004960183491763047,0.00021837698691233075,1.0911204282218828e-10,3.520661813145856e-11,4.459987569559146e-06,1.4045735586937887e-06,1.381957032523074e-10,4.3521652849017004e-11,2.8910777994024243e-19,2.732481341281344e-19,7.281101462332509e-18,6.419693613380718e-18,1.687700009358891e-14,1.3944211939913944e-14,2.3386928673119323e-09,1.8179234722800419e-09,1.3506904065546238e-12,6.161281228775372e-13,1.6992521065302454e-15,7.497082103286432e-16,1.8878446991272692e-23,5.43255065734315e-24,1.9898908313961496e-15,5.985367678738274e-16,1.451798425036037e-18,6.19713694465199e-19,8.59006094124396e-18,4.3708398147106045e-18,6.22003429761201e-10,3.0468674550097303e-10,7.553513977542983e-16,3.5670280386765623e-16,6.555205900273079e-18,2.1149281717606748e-18,1.0212094714790669e-19,3.1422194322118505e-20,1.690273992173042e-14,5.200903372229745e-15,6.402235871186134e-11,1.9699415767176626e-11,4.153906240680334e-17,1.3088027653371217e-17,0.010328643884887861,0.004881021656011695,9.999999999998976e-31,3.313796014560042e-31,1.991504170576507e-09,6.118674636410695e-10,2.4693177962280043e-06,7.413281586034065e-07,2.5483523608001074e-10,7.837531882489293e-11,3.4653616436377763e-13,1.0413953398581395e-13
0.742,1225.23565140458,5.420725698373032,0.2593498639415928,2.8332857973142733,0.06827438160065935,0.44833392734948907,1.2393226213831937e-07,1.6276394309880506e-06,5.773910862558305e-14,4.7776198912116006e-14,1.7360582698343304e-14,7.182503089931568e-15,1.9722607257218453e-08,1.535221247703579e-08,0.20275001053248293,0.14899132301073406,1.2431184960785907e-16,4.986019705458515e-17,4.868240585431817e-14,1.8947358957706828e-14,1.517598416451913e-18,1.6726768850402916e-18,5.148350063601258e-16,5.23509780529646e-16,3.875367435665879e-11,3.657484095200122e-11,8.468850528589487e-13,7.992709498427474e-13,1.4213212549851262e-05,1.2514778744367923e-05,0.2066305829571649,0.17050745614830215,0.423248508283361,0.20003992587105107,0.08560101866136988,0.02574967726283759,5.90685300351664e-08,2.694778318704633e-08,4.881138128345474e-06,2.1520778372755983e-06,2.8640734680362106e-10,1.2217455221308785e-10,2.6366174623996138e-12,1.124718207898318e-12,7.475114613809015e-07,3.088393270729816e-07,2.1331860207441108e-12,1.128241933094677e-12,0.00032804919401760766,0.0001667883491230154,3.794598020748767e-08,1.8573642827622323e-08,0.0023156028554435276,0.001092706789121464,3.896056576799221e-07,1.7747374512903723e-07,0.0004957997241639955,0.00021827661507447103,1.0893798124096607e-10,3.51497911229329e-11,4.45700516933533e-06,1.4036078249319668e-06,1.3803147693981127e-10,4.3469112948892553e-11,2.8828819409731215e-19,2.7246836558457323e-19,7.268906854292677e-18,6.408820749441422e-18,1.6861461067472257e-14,1.393111024416075e-14,2.3388487770886042e-09,1.8180103494919084e-09,1.3493913592894753e-12,6.155239340511284e-13,1.6961047204013786e-15,7.483054625299324e-16,1.882644537042772e-23,5.417484170414966e-24,1.9869886650480343e-15,5.976525480917114e-16,1.4491832908957633e-18,6.185857241503735e-19,8.576650478618004e-18,4.3639338627728445e-18,6.218062333114549e-10,3.0458440024977546e-10,7.547914769360552e-16,3.5643166236228333e-16,6.540226032995799e-18,2.1100553390003396e-18,1.0185848821436271e-19,3.1340845226150315e-20,1.6889152552823514e-14,5.196624507570942e-15,6.400254499290558e-11,1.969294745942962e-11,4.14831256935548e-17,1.3070156546904627e-17,0.010328643884869568,0.0048809295275295955,9.999999999998957e-31,3.3137334672103867e-31,1.9882045837908347e-09,6.10842172608625e-10,2.467317051739485e-06,7.407135224353705e-07,2.546022678563507e-10,7.830219080065616e-11,3.4571871355412575e-13,1.038919162605194e-13
0.743,1225.1614761470328,5.420891942067104,0.2593419104018619,2.837141710916708,0.0682786991336139,0.4483538333618525,1.2382671786204064e-07,1.6262226530537592e-06,5.761742704791043e-14,4.767461549220564e-14,1.7322201482797815e-14,7.16648883404843e-15,1.9698160702276357e-08,1.533289428316742e-08,0.20273495106495037,0.14897745021348133,1.2403394023994829e-16,4.974779337454161e-17,4.860282959969173e-14,1.8916031282777442e-14,1.5125955512713619e-18,1.6671313892443811e-18,5.134023578971351e-16,5.220431586741515e-16,3.867709904052063e-11,3.650188330953977e-11,8.450906183535129e-13,7.975623793503492e-13,1.4199535444492026e-05,1.2502500498104905e-05,0.20662187534072995,0.17049705911567317,0.4232686923843705,0.20004569718913656,0.08560355845813512,0.025749956204094086,5.903743475297715e-08,2.6933089797478366e-08,4.881312798949239e-06,2.152114309252205e-06,2.86080285945521e-10,1.2203273709110093e-10,2.6329229626993794e-12,1.1231210659143513e-12,7.469640251696033e-07,3.086073368791228e-07,2.1263398861386464e-12,1.1245998287269808e-12,0.00032744634946446296,0.00016647871200953655,3.786742105236674e-08,1.853484087067592e-08,0.002313169361088397,0.0010915378891937022,3.8910736525255377e-07,1.7724342346320425e-07,0.0004955814821189579,0.00021817642384375533,1.0876438191342187e-10,3.509311672901556e-11,4.45402806394475e-06,1.402643847894559e-06,1.3786762041684214e-10,4.341669312031185e-11,2.874717877290895e-19,2.7169164165616743e-19,7.256745552421714e-18,6.3979779016705236e-18,1.6845951133128812e-14,1.3918033602786966e-14,2.339004370001375e-09,1.8180970456213249e-09,1.3480948419371355e-12,6.149209451945671e-13,1.69296674311921e-15,7.469069468383907e-16,1.8774645994365557e-23,5.402476652473077e-24,1.984093874958814e-15,5.967706027822498e-16,1.446575796522349e-18,6.174610806597157e-19,8.563276028480828e-18,4.357046659043781e-18,6.2160940037422e-10,3.04482248391809e-10,7.54232643442528e-16,3.5616105796260644e-16,6.525296079969653e-18,2.1051988728894818e-18,1.0159701558497055e-19,3.1259803848952474e-20,1.687559361767245e-14,5.1923547486675705e-15,6.398276702796337e-11,1.9686491138458556e-11,4.1427328077523555e-17,1.3052330431540698e-17,0.01032864388485134,0.004880837586402975,9.999999999998943e-31,3.313671047059049e-31,1.984914284246529e-09,6.098197965475273e-10,2.4653205148674693e-06,7.401002004964608e-07,2.5436975875009074e-10,7.822920968164832e-11,3.449041092123599e-13,1.036451671630013e-13
0.744,1225.0873829116736,5.421058112897162,0.259333960835629,2.840997742717471,0.06828300841157249,0.44837370125902376,1.2372136481560262e-07,1.6248085009033712e-06,5.749612883116148e-14,4.7573354885902095e-14,1.7283946854737167e-14,7.150527820438587e-15,1.9673770540873832e-08,1.5313621287695074e-08,0.20271991919027568,0.14896360380965376,1.237569535640437e-16,4.963576586160483e-17,4.852347182467781e-14,1.8884790527150623e-14,1.5076143356620586e-18,1.6616100257432375e-18,5.119751708249804e-16,5.205821648269442e-16,3.8600755231143096e-11,3.6429148266447926e-11,8.433018476703021e-13,7.958592483021005e-13,1.4185886037635111e-05,1.2490247571217266e-05,0.20661318430807032,0.17048668256208074,0.42328883064747147,0.20005145413992578,0.08560610055792348,0.02575023679473549,5.900638223162843e-08,2.6918417479756183e-08,4.881487269891879e-06,2.152150772660237e-06,2.8575405894637695e-10,1.2189128758075165e-10,2.6292386155142686e-12,1.1215283568805116e-12,7.464178178012328e-07,3.0837587469270797e-07,2.1195230865388993e-12,1.1209734183681693e-12,0.0003268452888424435,0.00016616999976279428,3.778911076788393e-08,1.8496162881794674e-08,0.002310741274487969,0.0010903716260168917,3.8861027059312636e-07,1.7701366271113333e-07,0.00049536362169152,0.00021807641257963145,1.0859124297194516e-10,3.503659432810655e-11,4.451056235643562e-06,1.4016816216259135e-06,1.377041323189363e-10,4.336439291594084e-11,2.8665854451716223e-19,2.7091794662985453e-19,7.244617420702394e-18,6.3871649464999576e-18,1.6830470194519827e-14,1.3904981931969215e-14,2.3391596470837887e-09,1.818183561284493e-09,1.3468008458966667e-12,6.143191521787292e-13,1.6898381325539257e-15,7.455126441852769e-16,1.8723047797931595e-23,5.387527791378575e-24,1.9812064293671438e-15,5.958909220964207e-16,1.4439759090859001e-18,6.163397495949371e-19,8.549937445152962e-18,4.3501781270686824e-18,6.214129298636622e-10,3.0438028933805304e-10,7.5367489362475175e-16,3.5589098884406803e-16,6.51041581033626e-18,2.100358697236619e-18,1.0133652412164533e-19,3.117906857954579e-20,1.6862063015689034e-14,5.188094062982501e-15,6.396302470388446e-11,1.9680046765799957e-11,4.1371669015623693e-17,1.3034549130132512e-17,0.010328643884833224,0.004880745832054715,9.99999999999895e-31,3.313608753714206e-31,1.9816332322347153e-09,6.088003229087134e-10,2.463328169779981e-06,7.394881878060892e-07,2.5413770716026093e-10,7.815637495005854e-11,3.440923375625945e-13,1.0339928246486957e-13
0.745,1225.013371454645,5.421224211062165,0.2593260152326913,2.8448538926648745,0.06828730945964159,0.4483935311587872,1.2361620237485118e-07,1.6233969658464179e-06,5.737521226663147e-14,4.747241564435527e-14,1.7245818227146178e-14,7.134619800633182e-15,1.964943656255203e-08,1.5294393320329564e-08,0.20270491482237976,0.14894978371585665,1.234808852909678e-16,4.9524112756006664e-17,4.8444331627593947e-14,1.8853636329322637e-14,1.5026546493266934e-18,1.656112659781102e-18,5.105534174462366e-16,5.191267702839077e-16,3.8524641921090534e-11,3.63566348470629e-11,8.415187155504449e-13,7.941615322707938e-13,1.4172264232830246e-05,1.2478019874544496e-05,0.20660450981164533,0.17047632642640861,0.4233089232166238,0.20005719676995393,0.08560864495279451,0.025750519029356704,5.897537234920237e-08,2.6903766172333355e-08,4.8816615413103405e-06,2.1521872273176664e-06,2.854286624581761e-10,1.2175020220340872e-10,2.6255643783699218e-12,1.119940062121285e-12,7.458728348442158e-07,3.081449385916844e-07,2.1127354610721105e-12,1.1173626155155405e-12,0.0003262460047100733,0.0001658622084935936,3.771104825128464e-08,1.845760830776969e-08,0.0023083185767808915,0.0010892079902859633,3.8811436929003146e-07,1.767844607855457e-07,0.0004951461418159226,0.00021797658076648968,1.0841856256461778e-10,3.498022330374715e-11,4.448089666885744e-06,1.40072114023281e-06,1.3754101128538994e-10,4.3312211889678586e-11,2.8584844821180977e-19,2.7014726485948885e-19,7.232522323699973e-18,6.376381760890959e-18,1.6815018156387622e-14,1.3891955148535945e-14,2.339314609363737e-09,1.818269897091611e-09,1.345509362637845e-12,6.137185509070983e-13,1.6867188481382775e-15,7.441225361936138e-16,1.8671649737017876e-23,5.372637281087733e-24,1.978326300822904e-15,5.950134974830394e-16,1.4413835959266873e-18,6.1522171663222e-19,8.536634583729296e-18,4.343328190796347e-18,6.212168206996515e-10,3.0427852250216664e-10,7.531182239051737e-16,3.5562145321592217e-16,6.495584994045074e-18,2.0955347361207887e-18,1.0107700884414247e-19,3.109863785571596e-20,1.6848560646138397e-14,5.18384241793568e-15,6.39433179081021e-11,1.9673614303162302e-11,4.131614796832373e-17,1.3016812466673917e-17,0.010328643884815143,0.00488065426390378,9.999999999998952e-31,3.3135465867814e-31,1.9783613898567658e-09,6.077837397008243e-10,2.4613400027111004e-06,7.388774800042295e-07,2.539061115222341e-10,7.8083686099294e-11,3.432833851492268e-13,1.0315425803451791e-13
0.746,1224.9394415371453,5.421390236749979,0.25931807358337866,2.8487101607073657,0.06829160230261828,0.44841332317743815,1.2351122991462237e-07,1.6219880391831137e-06,5.725467565321011e-14,4.737179632528618e-14,1.7207815017997592e-14,7.11876452827376e-15,1.9625158557605355e-08,1.5275210211419116e-08,0.20268993787522202,0.14893598984893117,1.2320573115707047e-16,4.9412832308547365e-17,4.836540810789483e-14,1.882256832831711e-14,1.4977163728181697e-18,1.6506391575593773e-18,5.091370702749247e-16,5.176769465606582e-16,3.844875810875411e-11,3.628434208142314e-11,8.397411968579209e-13,7.924692069499933e-13,1.4158669933814482e-05,1.2465817319124818e-05,0.2065958518060098,0.1704659906494999,0.42332897023474314,0.20006292512550736,0.08561119163558199,0.02575080290281885,5.894440498146969e-08,2.6889135812659222e-08,4.881835613315296e-06,2.152223673033609e-06,2.8510409313160116e-10,1.2160947948029655e-10,2.6219002088727246e-12,1.1183561630001429e-12,7.453290718678173e-07,3.0791452665510615e-07,2.1059768482976228e-12,1.113767333379132e-12,0.0003256484894120868,0.00016555533420490226,3.763323238452511e-08,1.841917658801933e-08,0.00230590124796555,0.0010880469721610173,3.8761965675290323e-07,1.765558155183524e-07,0.0004949290412288044,0.00021787692780213345,1.0824633884436364e-10,3.492400304119141e-11,4.4451283401208546e-06,1.3997623978236904e-06,1.3737825596388395e-10,4.326014959820366e-11,2.850414826876204e-19,2.693795808189516e-19,7.220460126743842e-18,6.365628222507396e-18,1.6799594923503188e-14,1.387895316937473e-14,2.33946925786495e-09,1.818356053651823e-09,1.3442203836361745e-12,6.131191372874003e-13,1.6836088496579779e-15,7.427366046460401e-16,1.8620450776181487e-23,5.357804818099829e-24,1.975453461181459e-15,5.941383201843457e-16,1.438798824577737e-18,6.141069675331289e-19,8.52336729998397e-18,4.336496774539703e-18,6.210210718059906e-10,3.0417694730025494e-10,7.525626306803902e-16,3.5535244927604543e-16,6.480803402678801e-18,2.0907269141621366e-18,1.0081846481043377e-19,3.1018510127268687e-20,1.6835086409168083e-14,5.1795997812315515e-15,6.392364652851297e-11,1.9667193712430153e-11,4.126076439800787e-17,1.299912026581018e-17,0.010328643884797062,0.004880562881375475,9.999999999998941e-31,3.313484545870471e-31,1.9750987182775945e-09,6.067700346475992e-10,2.4593559985305784e-06,7.382680723231392e-07,2.536749702574477e-10,7.801114261867955e-11,3.4247723841607157e-13,1.0291008971086328e-13
0.747,1224.8655929249626,5.421556190138617,0.2593101358784953,2.8525665467935175,0.0682958869650231,0.4484330774299643,1.2340644681046115e-07,1.6205817122267922e-06,5.71345172987493e-14,4.7271495494112733e-14,1.716993664983994e-14,7.1029617589407486e-15,1.9600936317306682e-08,1.5256071792123213e-08,0.20267498826279734,0.14892222212594033,1.2293148692595212e-16,4.9301922781279973e-17,4.828670036756218e-14,1.8791586164223974e-14,1.4927993875609376e-18,1.6451893862598072e-18,5.077261020361906e-16,5.162326653921323e-16,3.8373102798762893e-11,3.6212269005651913e-11,8.379692665972839e-13,7.907822481706632e-13,1.414510304468084e-05,1.2453639816342537e-05,0.20658721024748264,0.17045567517386997,0.42334897184371134,0.20006863925261292,0.08561374059988834,0.025751088410245523,5.891348000281842e-08,2.6874526337600438e-08,4.882009485997731e-06,2.1522601096110595e-06,2.8478034762297086e-10,1.214691179354443e-10,2.6182460647722197e-12,1.1167766409460497e-12,7.447865244505886e-07,3.0768463696659577e-07,2.0992470858861774e-12,1.1101874847119858e-12,0.00032505273502557604,0.00016524937276446615,3.755566203899617e-08,1.8380867156899832e-08,0.0023034892671964713,0.0010868885614071298,3.8712612826411047e-07,1.7632772468409914e-07,0.0004947123185207702,0.00021777745302047064,1.0807456997093421e-10,3.4867932928043074e-11,4.442172237816092e-06,1.3988053885154832e-06,1.3721586501045153e-10,4.3208205600959656e-11,2.8423763194223286e-19,2.6861487910091573e-19,7.208430695973272e-18,6.3549042097553925e-18,1.67842004008858e-14,1.386597591161248e-14,2.3396235936070248e-09,1.8184420315731022e-09,1.3429339003907948e-12,6.125209072397161e-13,1.6805080963867308e-15,7.413548311031366e-16,1.8569449878850344e-23,5.343030098638109e-24,1.972587880408793e-15,5.932653808766022e-16,1.436221562761977e-18,6.1299548814332e-19,8.510135450463399e-18,4.329683803022677e-18,6.208256821103793e-10,3.0407556315082724e-10,7.52008110333676e-16,3.550839752168239e-16,6.466070809479835e-18,2.0859351565301562e-18,1.005608870404667e-19,3.0938683832568465e-20,1.6821640205745873e-14,5.175366120839443e-15,6.390401045344726e-11,1.9660784955653265e-11,4.120551776946731e-17,1.2981472352991487e-17,0.01032864388477905,0.0048804716839010946,9.99999999999894e-31,3.3134226305953003e-31,1.9718451780138178e-09,6.057591952763646e-10,2.4573761410982238e-06,7.376599596937132e-07,2.534442817792646e-10,7.793874399525367e-11,3.416738837604862e-13,1.0266677331959994e-13
0.748,1224.7918253751936,5.421722071430451,0.25930220210768246,2.856423050872047,0.0683001634717396,0.44845279403309884,1.2330185244960966e-07,1.6191779764440433e-06,5.701473552601417e-14,4.717151172875057e-14,1.7132182545356123e-14,7.087211248297612e-15,1.957676963470018e-08,1.5236977894990363e-08,0.20266006590040728,0.14890848046472221,1.2265814838638287e-16,4.9191382446547317e-17,4.820820752232314e-14,1.8760689482516753e-14,1.4879035757172047e-18,1.6397632138926428e-18,5.063204855449337e-16,5.147938986078213e-16,3.829767500106351e-11,3.614041466099474e-11,8.362028999683919e-13,7.891006319507589e-13,1.4131563470599995e-05,1.2441487278531447e-05,0.2065785850880444,0.17044537993823547,0.42336892818581584,0.20007433919720674,0.08561629183740095,0.025751375546149778,5.888259729466589e-08,2.6859937687209407e-08,4.882183159515449e-06,2.1522965368795288e-06,2.844574226512153e-10,1.2132911611967524e-10,2.6146019044081e-12,1.1152014776412412e-12,7.442451882421898e-07,3.074552676390956e-07,2.0925460168910973e-12,1.1066229851237447e-12,0.0003244587343322719,0.0001649443203986722,3.747833614364821e-08,1.8342679477000114e-08,0.0023010826166178847,0.001085732749200412,3.8663377959931373e-07,1.761001862821638e-07,0.0004944959727603099,0.00021767815596561218,1.0790325412585636e-10,3.481201235898817e-11,4.439221342729002e-06,1.3978501065158933e-06,1.370538370846308e-10,4.315637945851765e-11,2.8343688002973065e-19,2.678531443531927e-19,7.19643389817835e-18,6.344209601626668e-18,1.676883449490883e-14,1.3853023293493384e-14,2.3397776176033655e-09,1.8185278314560018e-09,1.3416499045186163e-12,6.11923856737845e-13,1.6774165481096266e-15,7.39977197352997e-16,1.8518646017243822e-23,5.32831282149035e-24,1.9697295313217296e-15,5.923946710942419e-16,1.4336517783721815e-18,6.118872643823943e-19,8.496938892692987e-18,4.3228892014741726e-18,6.206306505468967e-10,3.039743694752338e-10,7.514546593632076e-16,3.5481602928478674e-16,6.451386988398006e-18,2.0811593886310544e-18,1.0030427062240436e-19,3.085915743114464e-20,1.6808221936414893e-14,5.171141404597281e-15,6.38844095718985e-11,1.9654387995067032e-11,4.115040755238961e-17,1.2963868555223744e-17,0.010328643884761122,0.004880380670905368,9.999999999998948e-31,3.313360840565327e-31,1.9686007324710335e-09,6.047512100031404e-10,2.455400417691468e-06,7.370531380726719e-07,2.532140445588083e-10,7.786648973381386e-11,3.4087330808558505e-13,1.0242430483886232e-13
0.749,1224.7181386612515,5.421887880787724,0.25929427226250373,2.860279672891787,0.06830443184679258,0.44847247309945026,1.2319744620813356e-07,1.6177768231621004e-06,5.68953286593643e-14,4.707184360881844e-14,1.7094552135901158e-14,7.071512755656549e-15,1.9552658302766448e-08,1.5217928352602982e-08,0.20264517070233834,0.14889476478289848,1.2238571135249252e-16,4.9081209587292446e-17,4.8129928678835716e-14,1.8729877925263566e-14,1.4830288203671346e-18,1.6343605095029541e-18,5.049201939213178e-16,5.133606183533332e-16,3.8222473731770296e-11,3.6068778094794204e-11,8.344420722340219e-13,7.874243343740588e-13,1.4118051116223546e-05,1.2429359617628664e-05,0.20656997628701884,0.17043510488797084,0.42338883940112776,0.2000800250048555,0.08561884534278844,0.02575166430603041,5.885175672859912e-08,2.6845369797162385e-08,4.882356633923892e-06,2.152332954630787e-06,2.841353148822167e-10,1.211894725618547e-10,2.610967685787279e-12,1.113630654632895e-12,7.437050588359587e-07,3.0722641676369687e-07,2.0858734787457015e-12,1.1030737472671514e-12,0.0003238664791196855,0.00016464017282967608,3.740125355297892e-08,1.8304612974618545e-08,0.0022986812738862625,0.0010845795246050183,3.8614260581208486e-07,1.7587319798402025e-07,0.000494280002271328,0.00021757903585477322,1.0773238948169638e-10,3.47562407260452e-11,4.4362756373702184e-06,1.396896545960926e-06,1.368921708579907e-10,4.3104670735467647e-11,2.8263921118023737e-19,2.6709436139302314e-19,7.1844696009957e-18,6.333544277901415e-18,1.6753497110921447e-14,1.3840095232480546e-14,2.339931330864971e-09,1.8186134539053284e-09,1.340368387552988e-12,6.113279817204089e-13,1.6743341645527391e-15,7.386036851631258e-16,1.8468038168838788e-23,5.313652687017258e-24,1.9668783827016313e-15,5.915261811616135e-16,1.4310894395054684e-18,6.107822822615439e-19,8.483777484630545e-18,4.3161128953706706e-18,6.204359760514356e-10,3.0387336569688845e-10,7.509022741275439e-16,3.545486096621287e-16,6.436751715740246e-18,2.0763995366498365e-18,1.0004861063268547e-19,3.077992937924323e-20,1.679483150364927e-14,5.166925600961124e-15,6.386484377314508e-11,1.9648002793070303e-11,4.1095433215956785e-17,1.2946308699428805e-17,0.010328643884743239,0.0048802898418298865,9.999999999998948e-31,3.313299175401443e-31,1.9653653410241817e-09,6.037460660097899e-10,2.4534288103503894e-06,7.364476018480298e-07,2.52984256995161e-10,7.779437931737365e-11,3.4007549770357434e-13,1.0218268007018477e-13
0.75,1224.6445325364452,5.422053618426209,0.25928634633196496,2.8641364128017233,0.06830869211515037,0.4484921147461807,1.230932274828285e-07,1.6163782439764232e-06,5.677629504263558e-14,4.697248973009899e-14,1.705704484922837e-14,7.0558660388508576e-15,1.952860211683852e-08,1.519892299935031e-08,0.20263030258503612,0.1488810749991588,1.2211417166131537e-16,4.897140249572555e-17,4.805186296661659e-14,1.869915114341969e-14,1.4781750051972096e-18,1.6289811428154723e-18,5.03525200268481e-16,5.119327967590476e-16,3.814749801132653e-11,3.599735835849906e-11,8.326867588925857e-13,7.857533317475673e-13,1.4104565887846938e-05,1.24172567469912e-05,0.20656138379415784,0.1704248499599521,0.42340870563111477,0.20008569672105603,0.08562140110698413,0.02575195468417055,5.882095819024533e-08,2.6830822609459118e-08,4.882529909417604e-06,2.152369362710167e-06,2.838140210913533e-10,1.210501858373642e-10,2.6073433678705517e-12,1.1120641538740562e-12,7.431661319462532e-07,3.0699808248073616e-07,2.0792293197761883e-12,1.0995396895628325e-12,0.00032327596274047007,0.0001643369265753331,3.7324413236550315e-08,1.826666713238692e-08,0.0022962852228847093,0.001083428879620936,3.856526029717276e-07,1.756467579235239e-07,0.0004940644063819331,0.00021748009234656273,1.0756197424490882e-10,3.470061743214332e-11,4.433335104763769e-06,1.3959447011444516e-06,1.36730865001169e-10,4.305307899603265e-11,2.81844609621497e-19,2.663385150365609e-19,7.172537672540155e-18,6.3229081187787784e-18,1.6738188156519108e-14,1.3827191647860187e-14,2.340084734395424e-09,1.818698899513448e-09,1.3390893412215822e-12,6.107332782132828e-13,1.6712609068094902e-15,7.372342769044223e-16,1.841762532805041e-23,5.299049400475353e-24,1.9640344108265027e-15,5.90659903657061e-16,1.4285345144019961e-18,6.096805278530619e-19,8.470651085347633e-18,4.3093548107523366e-18,6.202416575678344e-10,3.0377255124213175e-10,7.50350951207023e-16,3.542817146348526e-16,6.4221647676730915e-18,2.0716555267298928e-18,9.979390230422904e-20,3.070099818135615e-20,1.6781468808395382e-14,5.162718677904614e-15,6.384531294718207e-11,1.9641629312219868e-11,4.104059423613837e-17,1.2928792614650576e-17,0.010328643884725399,0.004880199196098798,9.99999999999894e-31,3.313237634712695e-31,1.9621389689125455e-09,6.027437522794843e-10,2.4514613082689406e-06,7.358433475534649e-07,2.5275491760020607e-10,7.772241226345525e-11,3.3928043989511055e-13,1.0194189510632648e-13
0.751,1224.5710067771347,5.422219284504467,0.25927842430781045,2.8679932705509543,0.0683129443005716,0.44851171908462856,1.2298919565534358e-07,1.614982230293134e-06,5.665763301970137e-14,4.687344868884922e-14,1.7019660123802613e-14,7.040270860214977e-15,1.9504600872057685e-08,1.5179961669575695e-08,0.20261546146352782,0.14886741103188042,1.2184352517799838e-16,4.8861959475822154e-17,4.7974009501805624e-14,1.8668508782882925e-14,1.4733420149045257e-18,1.6236249846936946e-18,5.021354780597451e-16,5.105104063380746e-16,3.80727468673403e-11,3.5926154510641774e-11,8.309369354965503e-13,7.840876004367394e-13,1.4091107691062296e-05,1.2405178579433646e-05,0.20655280756953845,0.17041461510040248,0.42342852701457173,0.20009135439098932,0.08562395912475455,0.02575224667612997,5.8790201551939864e-08,2.681629606018017e-08,4.8827029860512805e-06,2.1524057609116366e-06,2.8349353797870065e-10,1.2091125449029465e-10,2.6037289091218384e-12,1.1105019571141716e-12,7.426284032096911e-07,3.0677026290025963e-07,2.0726133788389694e-12,1.0960207254399648e-12,0.00032268717695067514,0.00016403457734326312,3.724781405791559e-08,1.8228841381226606e-08,0.002293894441270628,0.0010822808033176718,3.8516376614826194e-07,1.7542086378061325e-07,0.0004938491833963446,0.00021738132465004553,1.0739200660740318e-10,3.464514187578759e-11,4.43039972757462e-06,1.39499456625519e-06,1.3656991819995356e-10,4.300160380949334e-11,2.8105305979217046e-19,2.655855903026625e-19,7.160637981930101e-18,6.312301005392942e-18,1.6722907537932005e-14,1.3814312457874059e-14,2.3402378291964985e-09,1.818784168879894e-09,1.3378127571379765e-12,6.101397421940488e-13,1.6681967347085545e-15,7.35868954396246e-16,1.8367406481814544e-23,5.2845026650356986e-24,1.961197583621453e-15,5.897958286511968e-16,1.425986971523905e-18,6.085819873291403e-19,8.457559554355335e-18,4.302614873916118e-18,6.200476940409793e-10,3.0367192553939956e-10,7.498006869878314e-16,3.540153423993508e-16,6.4076259232681585e-18,2.066927285972754e-18,9.954014074443637e-20,3.0622362303720536e-20,1.6768133754190613e-14,5.158520604229411e-15,6.382581698430255e-11,1.9635267515266353e-11,4.098589008773258e-17,1.2911320129656078e-17,0.010328643884707623,0.004880108733159712,9.999999999998934e-31,3.313176218124055e-31,1.9589215757611387e-09,6.017442560755755e-10,2.449497893410228e-06,7.352403695565788e-07,2.525260247852596e-10,7.765058805912854e-11,3.384881211144459e-13,1.017019457928181e-13
0.752,1224.4975611398854,5.422384879233705,0.25927050617926983,2.871850246088729,0.0683171884277462,0.44853128623062416,1.2288535012728076e-07,1.6135887737764206e-06,5.6539340953160806e-14,4.6774719096867817e-14,1.6982397394539102e-14,7.024726980625857e-15,1.9480654365807245e-08,1.516104419934367e-08,0.20260064725493998,0.14885377280047066,1.2157376778957497e-16,4.87528788404151e-17,4.789636742263802e-14,1.8637950498140992e-14,1.4685297347716756e-18,1.6182919066576089e-18,5.0075100075041845e-16,5.0909341958725775e-16,3.799821933151225e-11,3.585516561363748e-11,8.29192577824472e-13,7.824271170212283e-13,1.4077676433030346e-05,1.2393125029124562e-05,0.2065442475638517,0.17040440024720785,0.42344830369163783,0.2000969980597505,0.08562651938724501,0.025752540276288212,5.8759486699622784e-08,2.6801790091531816e-08,4.882875864014459e-06,2.152442149080937e-06,2.831738623500189e-10,1.2077267710962824e-10,2.600124268923817e-12,1.1089440464935743e-12,7.420918683787022e-07,3.0654295617941504e-07,2.066025505701335e-12,1.0925167741048147e-12,0.0003221001150812831,0.00016373312164173707,3.717145499286648e-08,1.8191135207007283e-08,0.002291508912768975,0.0010811352876254382,3.846760914002224e-07,1.7519551368520009e-07,0.0004936343325973353,0.00021728273240438265,1.072224847938358e-10,3.4589813466025475e-11,4.4274694889653065e-06,1.3940461356347877e-06,1.3640932913891296e-10,4.295024474467373e-11,2.802645461280546e-19,2.648355722086209e-19,7.148770398733479e-18,6.301722819271809e-18,1.6707655163540106e-14,1.380145758250769e-14,2.3403906162626966e-09,1.818869262591954e-09,1.3365386271021714e-12,6.095473697239557e-13,1.6651416096003796e-15,7.345077001294551e-16,1.831738063567721e-23,5.270012189245708e-24,1.958367877025996e-15,5.889339486242844e-16,1.4234467794718933e-18,6.07486646921156e-19,8.444502752229603e-18,4.295893011697807e-18,6.198540844235354e-10,3.0357148801998473e-10,7.492514780717021e-16,3.537494912528893e-16,6.3931349614398204e-18,2.062214741432843e-18,9.92873212296061e-20,3.054402026463645e-20,1.675482624305959e-14,5.154331348259552e-15,6.38063557754943e-11,1.962891736511233e-11,4.09313202520627e-17,1.2893891075251875e-17,0.010328643884689872,0.0048800184524429606,9.99999999999892e-31,3.313114925248776e-31,1.955713126900458e-09,6.007475664138653e-10,2.4475385547066196e-06,7.346386643151727e-07,2.5229757707123425e-10,7.75789062249879e-11,3.3769852875249826e-13,1.0146282825685153e-13
0.753,1224.4241954012527,5.422550402775749,0.25926259193793644,2.8757073393644124,0.0683214245203075,0.4485508162949128,1.2278169028724317e-07,1.612197865928344e-06,5.642141720656674e-14,4.6676299567153656e-14,1.6945256105946937e-14,7.009234164994204e-15,1.9456762395386397e-08,1.5142170424746993e-08,0.20258585987521727,0.1488401602241093,1.213048954098931e-16,4.864415891354744e-17,4.781893585621639e-14,1.8607475939485397e-14,1.4637380510394517e-18,1.6129817813068516e-18,4.993717421333983e-16,5.076818093526372e-16,3.7923914442283774e-11,3.578439073656031e-11,8.274536617152056e-13,7.807718581444886e-13,1.4064272020326951e-05,1.2381096009786663e-05,0.20653570373673272,0.17039420534635963,0.423468035800054,0.20010262777212995,0.0856290818889292,0.025752835480134247,5.8728813507691795e-08,2.6787304640583097e-08,4.88304854337531e-06,2.1524785270193135e-06,2.828549909472875e-10,1.2063445225789526e-10,2.596529406249185e-12,1.1073904039853471e-12,7.415565231399193e-07,3.06316160449805e-07,2.0594655422355975e-12,1.0890277506042764e-12,0.00032151476911079053,0.00016343255529280455,3.709533492632323e-08,1.8153548051285707e-08,0.0022891286157181627,0.0010799923219393175,3.8418957392221357e-07,1.7497070537483016e-07,0.0004934198523789228,0.00021718431485855846,1.0705340701719218e-10,3.453463160838513e-11,4.424544371794622e-06,1.3930994035363064e-06,1.3624909651632e-10,4.2899001374972895e-11,2.794790532579822e-19,2.6408844595732723e-19,7.13693479345608e-18,6.2911734428162356e-18,1.6692430940559887e-14,1.3788626940860289e-14,2.340543096586394e-09,1.818954181242753e-09,1.3352669428174886e-12,6.089561568235233e-13,1.6620954919516e-15,7.331504962109323e-16,1.826754679155178e-23,5.255577680670175e-24,1.9555452600585955e-15,5.880742539791692e-16,1.4209139070593945e-18,6.063944929560295e-19,8.43148053999735e-18,4.28918915119298e-18,6.196608276696403e-10,3.0347123811730004e-10,7.487033208931698e-16,3.534841594156352e-16,6.378691663745508e-18,2.0575178210367233e-18,9.903543894753057e-20,3.046597055551429e-20,1.6741546179321733e-14,5.1501508790527415e-15,6.37869292120647e-11,1.9622578824848982e-11,4.087688420968314e-17,1.2876505282086156e-17,0.01032864388467218,0.004879928353399454,9.999999999998911e-31,3.3130537557140665e-31,1.9525135828209553e-09,5.997536708278296e-10,2.4455832748247547e-06,7.340382264102844e-07,2.5206957289251514e-10,7.750736625544547e-11,3.369116494912742e-13,1.0122453841362859e-13
0.754,1224.3509093275648,5.422715855320389,0.25925468157406883,2.879564550327503,0.068325652602359,0.4485703093905272,1.226782155358091e-07,1.6108094984072124e-06,5.630386015773695e-14,4.657818872463931e-14,1.6908235702121076e-14,6.993792178082646e-15,1.943292475974988e-08,1.5123340183170602e-08,0.202571099241492,0.14882657322260923,1.2103690397568182e-16,4.853579802860398e-17,4.7741713943594155e-14,1.8577084762661496e-14,1.4589668506125541e-18,1.6076944819866273e-18,4.979976760671311e-16,5.06275548549817e-16,3.7849831242742384e-11,3.571382895295309e-11,8.2572016319164e-13,7.791218006258696e-13,1.405089436057051e-05,1.2369091436056031e-05,0.20652717604283094,0.1703840303394547,0.42348772347788827,0.2001082435727181,0.08563164662257308,0.025753132282599532,5.869818185806967e-08,2.677283964780451e-08,4.883221024274496e-06,2.152514894556242e-06,2.825369205768869e-10,1.204965785251271e-10,2.5929442806638835e-12,1.105841011816614e-12,7.410223632510745e-07,3.060898738722206e-07,2.0529333366809774e-12,1.0855535733611448e-12,0.0003209311318886016,0.00016313287456156005,3.701945280632986e-08,1.811607938656171e-08,0.0022867535317607226,0.0010788518972131957,3.8370420945008435e-07,1.7474643683362456e-07,0.0004932057416634193,0.00021708607149384916,1.0688477151226779e-10,3.447959571547082e-11,4.421624359221614e-06,1.3921543643061489e-06,1.3608921903266186e-10,4.284787327449223e-11,2.7869656585362408e-19,2.633441967937486e-19,7.125131037155336e-18,6.2806527589220734e-18,1.6677234777551294e-14,1.3775820453133883e-14,2.3406952711542315e-09,1.8190389254177e-09,1.3339976961049198e-12,6.0836609956669e-13,1.6590583430448434e-15,7.31797325109024e-16,1.8217903963108154e-23,5.241198850287295e-24,1.952729706260483e-15,5.872167364793116e-16,1.4183883232502506e-18,6.053055118260067e-19,8.418492779588184e-18,4.282503219961267e-18,6.194679227393768e-10,3.033711752672724e-10,7.481562120096743e-16,3.532193451655317e-16,6.364295812242582e-18,2.0528364528794602e-18,9.878448918129588e-20,3.038821169723585e-20,1.6728293466671737e-14,5.145979165471648e-15,6.376753718584861e-11,1.9616251857703907e-11,4.082258144583538e-17,1.2859162582290892e-17,0.010328643884654584,0.0048798384354718,9.999999999998925e-31,3.312992709141497e-31,1.949322907170072e-09,5.987625578215904e-10,2.4436320402079237e-06,7.334390515561593e-07,2.5184201074549657e-10,7.743596766394563e-11,3.3612747055177144e-13,1.0098707234069974e-13
0.755,1224.2777026919766,5.422881237041634,0.2592467750786828,2.8834218789276234,0.06832987269761663,0.44858976562864616,1.2257492527092004e-07,1.6094236628410627e-06,5.6186668190677095e-14,4.648038519966261e-14,1.6871335632477417e-14,6.978400786901097e-15,1.940914125843276e-08,1.510455331250496e-08,0.20255636527070567,0.14881301171589784,1.207697894478351e-16,4.842779452898597e-17,4.766470082517038e-14,1.854677662324664e-14,1.4542160212029684e-18,1.6024298829509286e-18,4.966287766246629e-16,5.048746103171575e-16,3.7775968781565133e-11,3.564347934183558e-11,8.239920583830561e-13,7.774769213899214e-13,1.4037543361442255e-05,1.2357111222660712e-05,0.20651866443971378,0.17037387517078206,0.42350736686196633,0.20011384550582878,0.08563421358215006,0.02575343067902034,5.866759162919195e-08,2.675839505213395e-08,4.8833933068142695e-06,2.1525512515076974e-06,2.8221964803525417e-10,1.203590544975483e-10,2.589368851741404e-12,1.1042958522224032e-12,7.404893844612474e-07,3.058640946047138e-07,2.0464287357473286e-12,1.0820941600020503e-12,0.0003203491959057011,0.00016283407553177384,3.694380755626172e-08,1.8078728673373516e-08,0.0022843836408775434,0.0010777140036204828,3.8321999345699126e-07,1.745227059267151e-07,0.0004929919990901105,0.00021698800166742422,1.0671657651612416e-10,3.4424705200772203e-11,4.4187094343587225e-06,1.3912110122794654e-06,1.3592969539701498e-10,4.279686002018489e-11,2.7791706871206824e-19,2.626028100838233e-19,7.113359001628661e-18,6.270160651167002e-18,1.6662066582931176e-14,1.3763038039451057e-14,2.340847140949243e-09,1.819123495702183e-09,1.332730878776406e-12,6.077771940250382e-13,1.6560301243874767e-15,7.304481693951431e-16,1.816845117113959e-23,5.226875411172759e-24,1.949921187596702e-15,5.86361387416594e-16,1.4158699971920099e-18,6.04219690004872e-19,8.405539333535885e-18,4.275835145888672e-18,6.192753685961207e-10,3.032712989080519e-10,7.476101479344901e-16,3.529550467605913e-16,6.349947190653805e-18,2.048170565607332e-18,9.853446723809393e-20,3.031074221835364e-20,1.6715068009828606e-14,5.141816176708289e-15,6.374817958906512e-11,1.960993642706221e-11,4.076841144716037e-17,1.2841862808488821e-17,0.010328643884637017,0.0048797486981104555,9.999999999998906e-31,3.31293178515798e-31,1.9461410621794896e-09,5.977742154672542e-10,2.441684835333028e-06,7.328411348788814e-07,2.5161488910341644e-10,7.73647099570345e-11,3.353459789774957e-13,1.0075042606302523e-13
0.756,1224.204575252104,5.423046548155691,0.2592388724407793,2.8872793251145508,0.06833408483047786,0.4486091851237092,1.2247181890939889e-07,1.6080403511033516e-06,5.606983970838585e-14,4.638288763836054e-14,1.6834555344398237e-14,6.9630597576347544e-15,1.9385411693380055e-08,1.508580965250556e-08,0.20254165788188552,0.14879947562505805,1.205035478125831e-16,4.8320146768372895e-17,4.7587895661848774e-14,1.8516551184804156e-14,1.449485451192997e-18,1.5971878592046356e-18,4.952650179081857e-16,5.034789678250615e-16,3.770232611267771e-11,3.5573340987230195e-11,8.222693236558141e-13,7.758371975863735e-13,1.4024218932241656e-05,1.2345155285737322e-05,0.20651016887734958,0.1703637397779233,0.423526966090451,0.20011943361586876,0.08563678275803754,0.025753730663583812,5.863704271165987e-08,2.674397079800235e-08,4.883565391215014e-06,2.1525875977360167e-06,2.8190317021641256e-10,1.202218788029219e-10,2.5858030799266347e-12,1.1027549078093448e-12,7.399575826317438e-07,3.0563882085122596e-07,2.039951593979823e-12,1.078649432304575e-12,0.0003197689547540373,0.00016253615484700733,3.686839819371453e-08,1.8041495418399807e-08,0.002282018928194489,0.00107657863376073,3.82736922259364e-07,1.742995109031727e-07,0.0004927786241344349,0.000216890105104028,1.0654882029685054e-10,3.436995948779539e-11,4.4157995807737035e-06,1.3902693419322696e-06,1.357705243204001e-10,4.2745961189581236e-11,2.7714054665244827e-19,2.6186427121565013e-19,7.101618559297334e-18,6.259697003681373e-18,1.6646926267251697e-14,1.375027962167842e-14,2.340998706947224e-09,1.819207892671028e-09,1.3314664828266987e-12,6.071894363527051e-13,1.6530107976681783e-15,7.291030117214877e-16,1.8119187440550723e-23,5.212607077610657e-24,1.9471196797294527e-15,5.855081991945856e-16,1.413358898190439e-18,6.031370140344866e-19,8.392620065545082e-18,4.269184857457577e-18,6.190831642109808e-10,3.0317160848089747e-10,7.470651253711527e-16,3.526912625480703e-16,6.335645582972282e-18,2.0435200879590573e-18,9.828536847198431e-20,3.023356066196214e-20,1.6701869712456283e-14,5.137661881622495e-15,6.372885631476171e-11,1.960363249651983e-11,4.071437370693954e-17,1.2824605795389578e-17,0.010328643884619492,0.004879659140753108,9.999999999998904e-31,3.312870983381766e-31,1.942968014942778e-09,5.967886333306019e-10,2.439741650607186e-06,7.322444732833354e-07,2.5138820653548866e-10,7.729359267066086e-11,3.3456716263790756e-13,1.0051459585401623e-13
0.757,1224.1315267957943,5.4232117888026385,0.2592309736530011,2.8911368888381612,0.06833828902379487,0.44862856798272166,1.2236889584351177e-07,1.6066595547566721e-06,5.5953373107185815e-14,4.6285694681839084e-14,1.6797894297771442e-14,6.94776886171858e-15,1.9361735865323724e-08,1.506710904210526e-08,0.2025269769917864,0.14878596487042772,1.202381750790104e-16,4.821285311014853e-17,4.751129759233961e-14,1.8486408102430877e-14,1.444775029914145e-18,1.5919682868246668e-18,4.939063744275378e-16,5.020885946651364e-16,3.762890229608755e-11,3.550341297925845e-11,8.205519353522329e-13,7.742026063505215e-13,1.4010920980780139e-05,1.233322354020457e-05,0.20650168931959637,0.17035362411097008,0.4235465212978907,0.20012500794674826,0.08563935414622738,0.02575403223232317,5.860653497656298e-08,2.6729566821119555e-08,4.883737277497026e-06,2.152623933028458e-06,2.815874838940549e-10,1.2008505001866502e-10,2.582246924786697e-12,1.1012181608193323e-12,7.394269534911371e-07,3.0541405076307844e-07,2.0335017544018618e-12,1.0752193059711643e-12,0.00031919040010856825,0.0001622391081780076,3.6793223588458384e-08,1.800437905617048e-08,0.002279659370134852,0.0010754457761361416,3.82254990768883e-07,1.7407684937375867e-07,0.0004925656148332465,0.00021679238089666525,1.0638150109538904e-10,3.431535799159707e-11,4.412894781470806e-06,1.3893293475728245e-06,1.3561170452908836e-10,4.269517636535187e-11,2.7636698472638942e-19,2.6112856580061374e-19,7.08990958346899e-18,6.249261701434267e-18,1.6631813738625236e-14,1.3737545119767742e-14,2.341149970123639e-09,1.8192921169097767e-09,1.3302045000472702e-12,6.066028226156197e-13,1.6500003243373534e-15,7.277618346423406e-16,1.807011180077845e-23,5.198393565259931e-24,1.9443251507727846e-15,5.846571619521037e-16,1.4108549957613284e-18,6.020574705521604e-19,8.379734839376886e-18,4.262552283217163e-18,6.188913085543731e-10,3.030721034287026e-10,7.465211407384973e-16,3.5242799074331894e-16,6.321390776327051e-18,2.038884949707894e-18,9.803718819169094e-20,3.0156665557598235e-20,1.668869848142542e-14,5.133516250097824e-15,6.370956725608656e-11,1.959734002983114e-11,4.0660467714676145e-17,1.2807391376619935e-17,0.010328643884602017,0.004879569762867313,9.999999999998903e-31,3.312810303451362e-31,1.939803724651763e-09,5.958057985558513e-10,2.437802466309704e-06,7.316490606400073e-07,2.511619614648255e-10,7.722261529641995e-11,3.337910081863247e-13,1.0027957762289031e-13
0.758,1224.058557088411,5.4233769591820025,0.25922307870515154,2.894994570048473,0.06834248530150988,0.4486479143179787,1.2226615548882051e-07,1.6052812656646278e-06,5.583726680395671e-14,4.6188804988226084e-14,1.676135194821197e-14,6.932527868825825e-15,1.933811357753738e-08,1.5048451322182006e-08,0.20251232251933232,0.1487724793733446,1.1997366727896562e-16,4.8105911926868785e-17,4.7434905780273504e-14,1.8456347040899884e-14,1.4400846472566022e-18,1.5867710425131698e-18,4.925528206516748e-16,5.00703464389039e-16,3.755569639598061e-11,3.543369441198056e-11,8.18839870060884e-13,7.725731250503054e-13,1.3997649416699407e-05,1.2321315902558164e-05,0.20649322571959386,0.17034352811048523,0.42356603262031084,0.20013056854224512,0.08564192773890071,0.025754335380020442,5.857606831083263e-08,2.671518306432596e-08,4.8839089658369416e-06,2.1526602572323503e-06,2.812725859630077e-10,1.1994856677359673e-10,2.578700346933225e-12,1.0996855939380348e-12,7.388974929028125e-07,3.051897825463608e-07,2.027079071564796e-12,1.0718037028059748e-12,0.00031861352532971395,0.00016194293205216482,3.671828273706793e-08,1.796737908327341e-08,0.002277304950086703,0.0010743154225320002,3.817741950313103e-07,1.7385471946535027e-07,0.0004923529703536661,0.00021669482863505008,1.0621461718934513e-10,3.4260900139016635e-11,4.4099950200179785e-06,1.3883910236823376e-06,1.354532347477978e-10,4.2644505129580005e-11,2.7559636796887783e-19,2.6039567943528744e-19,7.078231947895456e-18,6.2388546297796266e-18,1.66167289076873e-14,1.3724834455714879e-14,2.3413009314468472e-09,1.819376168990866e-09,1.328944922446942e-12,6.060173489771209e-13,1.6469986667721066e-15,7.264246211204386e-16,1.802122329272322e-23,5.1842345930947204e-24,1.941537576647485e-15,5.838082681745542e-16,1.4083582595474802e-18,6.009810462490482e-19,8.366883519949735e-18,4.255937352299701e-18,6.186998006044077e-10,3.029727831970073e-10,7.459781907027502e-16,3.521652296773838e-16,6.307182557534855e-18,2.034265080528451e-18,9.778992182489947e-20,3.0080055471470066e-20,1.6675554221819558e-14,5.129379251452886e-15,6.36903123067952e-11,1.9591058990864693e-11,4.060669296711667e-17,1.2790219388064297e-17,0.01032864388458459,0.0048794805639007025,9.99999999999888e-31,3.3127497449917507e-31,1.9366481570158202e-09,5.948257002885426e-10,2.4358672707429223e-06,7.310548932252339e-07,2.5093615244013036e-10,7.715177736430146e-11,3.330175033509287e-13,1.000453676019406e-13
0.759,1223.9856659059656,5.42354205946783,0.2592151875882545,2.898852368695628,0.06834667368697113,0.44866722423890987,1.2216359725554158e-07,1.6039054756261677e-06,5.572151922035574e-14,4.609221721991609e-14,1.672492775773424e-14,6.917336551327154e-15,1.9314544633726686e-08,1.502983633401447e-08,0.20249769438307713,0.14875901905524241,1.1971002046884123e-16,4.799932160128595e-17,4.735871938582449e-14,1.8426367663738233e-14,1.4354141939424489e-18,1.5815960039087532e-18,4.912043312951682e-16,4.99323550802953e-16,3.748270748244438e-11,3.536418438525016e-11,8.171331044642143e-13,7.709487311475255e-13,1.3984404149550388e-05,1.2309432289259472e-05,0.20648477803512152,0.17033345172127362,0.4235855001923019,0.20013611544592283,0.08564450352981899,0.02575464010199422,5.854564259575755e-08,2.670081946796636e-08,4.884080456350247e-06,2.152696570173139e-06,2.8095847329359553e-10,1.1981242768660477e-10,2.575163306872547e-12,1.098157189811645e-12,7.383691967064004e-07,3.049660143984086e-07,2.0206833964917e-12,1.0684025427605212e-12,0.0003180383231069896,0.00016164762265682509,3.664357459295049e-08,1.793049497529425e-08,0.002274955648742726,0.0010731875634662344,3.8129453066414913e-07,1.736331191105638e-07,0.0004921406894122989,0.00021659744771123973,1.0604816685483352e-10,3.4206585356590095e-11,4.407100279868078e-06,1.3874543647102307e-06,1.3529511371129874e-10,4.2593947067691294e-11,2.74828681557151e-19,2.596655978532436e-19,7.0665855271306e-18,6.2284756748120504e-18,1.6601671684675685e-14,1.3712147551235953e-14,2.3414515918819127e-09,1.819460049488346e-09,1.3276877420032317e-12,6.05433011588483e-13,1.64400578723641e-15,7.250913540730191e-16,1.797252096097949e-23,5.1701298812025526e-24,1.938756929632892e-15,5.829615092551605e-16,1.4058686593840332e-18,5.999077279019118e-19,8.354065972750592e-18,4.2493399941485556e-18,6.185086393421174e-10,3.0287364723362114e-10,7.454362718524632e-16,3.5190297764582076e-16,6.293020715337683e-18,2.0296604107315298e-18,9.754356478939027e-20,3.000372896700978e-20,1.6662436840111436e-14,5.125250855451614e-15,6.367109136106381e-11,1.9584789343672478e-11,4.055304896187791e-17,1.2773089665939998e-17,0.010328643884567251,0.004879391543312556,9.99999999999888e-31,3.3126893076358294e-31,1.933501275384431e-09,5.938483269526216e-10,2.4339360490526777e-06,7.3046196637056e-07,2.5071077796962673e-10,7.70810783921268e-11,3.3224663553609743e-13,9.981196192697283e-14
0.76,1223.9128530176804,5.423707089853374,0.25920730029241834,2.9027102847299058,0.06835085420380957,0.44868649785630793,1.2206122056265487e-07,1.602532176555344e-06,5.5606128790187143e-14,4.599593004950735e-14,1.668862118913526e-14,6.902194681943512e-15,1.929102883898857e-08,1.501126391997701e-08,0.20248309250257618,0.14874558383815215,1.19447230726962e-16,4.7893080525135534e-17,4.728273757987002e-14,1.839646963867318e-14,1.430763561351924e-18,1.5764430493894875e-18,4.898608811625588e-16,4.979488278076248e-16,3.7409934630178913e-11,3.529488200337621e-11,8.154316154058457e-13,7.693294022586785e-13,1.397118508969912e-05,1.2297572617490841e-05,0.2064763462206066,0.17032339488520953,0.42360492414860135,0.20014164870119658,0.08564708151140311,0.025754946393133634,5.851525771784549e-08,2.6686475974752712e-08,4.884251749202754e-06,2.1527328716961976e-06,2.806451428043262e-10,1.19676631397232e-10,2.5716357655724106e-12,1.0966329312847943e-12,7.378420607957605e-07,3.047427445389714e-07,2.014314584941463e-12,1.0650157482995566e-12,0.00031746478675939027,0.00016135317649969402,3.6569098153910465e-08,1.789372622960305e-08,0.002272611449062937,0.0010720621905269362,3.808159936567849e-07,1.7341204641153808e-07,0.00049192877108591,0.00021650023767569624,1.058821483853476e-10,3.415241307651926e-11,4.404210544703325e-06,1.3865193651778488e-06,1.351373401578835e-10,4.2543501766252015e-11,2.7406391072481555e-19,2.5893830684300103e-19,7.05497019629409e-18,6.218124723137141e-18,1.6586641980839456e-14,1.369948432888428e-14,2.3416019523885507e-09,1.819543758970097e-09,1.3264329507826487e-12,6.048498066417053e-13,1.6410216488485213e-15,7.237620167960092e-16,1.7924003862528123e-23,5.156079153266859e-24,1.9359831854498307e-15,5.821168776227857e-16,1.4033861652598857e-18,5.98837502354592e-19,8.341282064077024e-18,4.242760138626735e-18,6.183178237540196e-10,3.0277469498884574e-10,7.448953808637857e-16,3.516412329855166e-16,6.278905039168633e-18,2.02507087085905e-18,9.729811259698874e-20,2.992768463674402e-20,1.6649346242493458e-14,5.1211310317721865e-15,6.365190431361286e-11,1.957853105246122e-11,4.0499535200487775e-17,1.2756002047711316e-17,0.010328643884549987,0.004879302700557147,9.999999999998875e-31,3.312628991013094e-31,1.9303630452938912e-09,5.928736676449032e-10,2.4320087889657034e-06,7.298702761821832e-07,2.504858366056859e-10,7.701051791130534e-11,3.314783925302636e-13,9.957935684961799e-14
0.761,1223.840118206986,5.423872050497464,0.259199416809399,2.906568318101699,0.0683550268748832,0.4487057352772539,1.219590248230684e-07,1.6011613602931603e-06,5.549109395239591e-14,4.58999421541951e-14,1.6652431712258846e-14,6.887102036365272e-15,1.926756599899079e-08,1.499273392296314e-08,0.20246851679678687,0.14873217364414204,1.1918529415930837e-16,4.778718710162732e-17,4.720695952861371e-14,1.8366652631724898e-14,1.4261326417701505e-18,1.5713120583511344e-18,4.885224453412871e-16,4.965792695965119e-16,3.7337376920731484e-11,3.522578637737632e-11,8.137353798343937e-13,7.677151161051075e-13,1.3957992147468396e-05,1.2285736804450814e-05,0.20646793023657659,0.1703133575497384,0.42362430462225503,0.20014716835129245,0.08564966167813563,0.025755254249027897,5.848491355679151e-08,2.667215252438711e-08,4.884422844483295e-06,2.1527691616196167e-06,2.8033259138264626e-10,1.1954117653237682e-10,2.5681176838577768e-12,1.0951128011474071e-12,7.373160810365502e-07,3.0451997117742553e-07,2.0079724865746917e-12,1.0616432386770683e-12,0.00031689290852275067,0.00016105958953902992,3.6494852360491e-08,1.785707231568418e-08,0.0022702723305653687,0.0010709392936834785,3.8033857945549235e-07,1.731914992239826e-07,0.0004917172138839284,0.00021640319782997893,1.0571656007140365e-10,3.40983827302464e-11,4.40132579804279e-06,1.385586019560617e-06,1.3497991283756228e-10,4.24931688157248e-11,2.733020408663519e-19,2.5821379234781805e-19,7.04338583143443e-18,6.207801662217078e-18,1.6571639707033137e-14,1.3686844710945804e-14,2.3417520139235713e-09,1.819627298007248e-09,1.325180540819008e-12,6.04267730316518e-13,1.6380462127602947e-15,7.224365917229498e-16,1.7875671037859535e-23,5.1420821282811465e-24,1.933216312556004e-15,5.812743635256047e-16,1.4009107473585383e-18,5.977703565378992e-19,8.328531660886711e-18,4.236197715957805e-18,6.18127352829128e-10,3.026759259152622e-10,7.443555143149892e-16,3.5137999398858275e-16,6.264835320728638e-18,2.0204963922008746e-18,9.705356058280745e-20,2.9851921019134047e-20,1.6636282336882497e-14,5.117019750644838e-15,6.363275105957732e-11,1.957228408163335e-11,4.044615118541881e-17,1.273895637120768e-17,0.01032864388453274,0.004879214035103919,9.999999999998871e-31,3.3125687947633623e-31,1.9272334292610088e-09,5.919017105384694e-10,2.4300854742080638e-06,7.292798175687397e-07,2.502613268486943e-10,7.694009543759635e-11,3.307127617123639e-13,9.934754849934524e-14
0.762,1223.7674612395854,5.4240369416058165,0.25919153712871423,2.910426468761546,0.06835919172389411,0.4487249366128881,1.2185700946376225e-07,1.5997930188618662e-06,5.5376413159355723e-14,4.580425222233382e-14,1.661635879456791e-14,6.872058389308997e-15,1.9244155920815668e-08,1.4974246186946717e-08,0.20245396718635789,0.14871878839605612,1.1892420688712383e-16,4.768163974017086e-17,4.7131384414962174e-14,1.8336916315406615e-14,1.421521327940754e-18,1.5662029107051674e-18,4.8718899889585e-16,4.952148503416991e-16,3.726503343814661e-11,3.51568966206478e-11,8.120443748570909e-13,7.661058505586895e-13,1.3944825234177157e-05,1.2273924768190951e-05,0.20645953003546746,0.17030333965509,0.42364364174726127,0.2001526744392278,0.08565224402168385,0.02575556366433657,5.845461000259791e-08,2.6657849061200305e-08,4.884593742388586e-06,2.152805439802037e-06,2.8002081599571276e-10,1.1940606175276961e-10,2.5646090232353965e-12,1.0935967824793585e-12,7.367912533777233e-07,3.0429769255689027e-07,2.0016569623362853e-12,1.0582849391200098e-12,0.0003163226823082077,0.00016076685858462049,3.6420836246237136e-08,1.7820532748548044e-08,0.002267938277710967,0.0010698188652351315,3.798622843012446e-07,1.729714757652744e-07,0.0004915060171051741,0.00021630632782247466,1.0555140022844723e-10,3.404449375723833e-11,4.398446023805359e-06,1.384654322456473e-06,1.3482283049855015e-10,4.244294780594425e-11,2.7254305737266774e-19,2.574920403086627e-19,7.031832308857818e-18,6.1975063797395196e-18,1.6556664775524526e-14,1.3674228620845287e-14,2.3419017774374714e-09,1.8197106671599997e-09,1.3239305042721177e-12,6.036867788489042e-13,1.6350794438518225e-15,7.211150629319676e-16,1.7827521570339583e-23,5.128138537593335e-24,1.9304562909483553e-15,5.804339606809498e-16,1.3984423759884804e-18,5.967062774360952e-19,8.315814630846657e-18,4.229652656723936e-18,6.179372255631375e-10,3.0257733946786095e-10,7.438166689531706e-16,3.511192590260265e-16,6.250811351441322e-18,2.01593690596103e-18,9.68099044391211e-20,2.9776436762597244e-20,1.6623245029850496e-14,5.112916981875248e-15,6.361363149463272e-11,1.956604839570165e-11,4.039289642372879e-17,1.2721952475689268e-17,0.010328643884515576,0.004879125546406639,9.999999999998864e-31,3.312508718515766e-31,1.9241123944008647e-09,5.909324452185489e-10,2.42816609415101e-06,7.286905871314971e-07,2.5003724728633174e-10,7.686981051344066e-11,3.2994973118953733e-13,9.911653322460248e-14
0.763,1223.6948819061354,5.424201763322231,0.25918366124284314,2.914284736660089,0.06836334877323692,0.4487441019680792,1.2175517389890857e-07,1.59842714412558e-06,5.5262084865698204e-14,4.570885894458361e-14,1.658040191380264e-14,6.8570635198105625e-15,1.9220798411822968e-08,1.4955800556223624e-08,0.20243944359050384,0.14870542801647535,1.1866396506330068e-16,4.757643686334726e-17,4.705601140993579e-14,1.8307260357756278e-14,1.4169295136486774e-18,1.5611154875340564e-18,4.858605172731557e-16,4.938555446101076e-16,3.719290327471349e-11,3.508821185468672e-11,8.103585776666953e-13,7.645015835793379e-13,1.3931684260748327e-05,1.226213642649417e-05,0.20645114558057967,0.17029334115135458,0.4236629356549797,0.20015816700780617,0.08565482853753839,0.0257558746350034,5.842434693271755e-08,2.6643565523953148e-08,4.884764442976202e-06,2.1528417060519666e-06,2.7970981354235294e-10,1.1927128569085288e-10,2.5611097447907106e-12,1.0920848581893145e-12,7.362675737023735e-07,3.0407590689519596e-07,1.9953678611846566e-12,1.0549407685335446e-12,0.0003157541000074509,0.00016047497942129008,3.634704873708064e-08,1.7784106990719315e-08,0.002265609268706945,0.0010687008945383753,3.793871034436411e-07,1.727519738026086e-07,0.000491295179025196,0.00021620962685247648,1.0538666715952557e-10,3.399074559323396e-11,4.395571205557339e-06,1.3837242683607085e-06,1.346660919053691e-10,4.2392838332174303e-11,2.717869458487732e-19,2.567730368720365e-19,7.02030950601509e-18,6.1872387644516495e-18,1.654171709758168e-14,1.366163598126892e-14,2.3420512438791155e-09,1.8197938669966365e-09,1.3226828332160102e-12,6.031069484396378e-13,1.6321213030941775e-15,7.197974127835381e-16,1.7779554506541383e-23,5.114248102031544e-24,1.927703086858567e-15,5.795956586716856e-16,1.3959810216730557e-18,5.956452521302758e-19,8.303130842259061e-18,4.223124891863917e-18,6.177474409526594e-10,3.024789351037756e-10,7.43278841337935e-16,3.5085902638251465e-16,6.236832925830967e-18,2.0113923443641407e-18,9.656713950006252e-20,2.970123040574197e-20,1.6610234230709453e-14,5.108822696144212e-15,6.359454551478605e-11,1.9559823959390263e-11,4.033977042216243e-17,1.2704990200411688e-17,0.010328643884498471,0.00487903723394453,9.999999999998854e-31,3.312448761916748e-31,1.920999902258669e-09,5.899658595646036e-10,2.426250630928574e-06,7.281025793044293e-07,2.498135964075919e-10,7.679966265143267e-11,3.2918928828200423e-13,9.888630713850114e-14
0.764,1223.6223799674412,5.424366515868653,0.259175789140533,2.9181431217481255,0.06836749804674298,0.4487632314545956,1.2165351756718584e-07,1.5970637282628939e-06,5.514810754515996e-14,4.5613761027349037e-14,1.654456054152023e-14,6.842117204343164e-15,1.91974932815696e-08,1.493739687674371e-08,0.20242494593122978,0.1486920924292161,1.1840456485492607e-16,4.7471576899394516e-17,4.698083971157892e-14,1.8277684437276662e-14,1.4123570930308549e-18,1.5560496703147171e-18,4.845369757931186e-16,4.925013268403169e-16,3.712098552457822e-11,3.5019731202680885e-11,8.086779656689302e-13,7.629022933269366e-13,1.391856913980987e-05,1.2250371698591478e-05,0.2064427768215284,0.1702833619763945,0.42368218647899586,0.2001636460997562,0.0856574152160341,0.025756187155278467,5.8394124242792326e-08,2.6629301859566944e-08,4.884934946492462e-06,2.1528779602490644e-06,2.793995810542863e-10,1.1913684703529578e-10,2.557619810710328e-12,1.0905770116521228e-12,7.357450380359196e-07,3.0385461246757946e-07,1.9891050488033966e-12,1.0516106546695791e-12,0.00031518715605299087,0.0001601839491248674,3.627348891335502e-08,1.7747794580246942e-08,0.002263285290225175,0.0010675853749382343,3.7891303349506327e-07,1.725329917231041e-07,0.0004910846992885213,0.00021611309472065413,1.0522235920653601e-10,3.3937137686405836e-11,4.3927013275186964e-06,1.3827958519677883e-06,1.3450969581677005e-10,4.234283998769933e-11,2.7103369183880245e-19,2.560567681273834e-19,7.008817300493301e-18,6.1769987052043784e-18,1.652679658695566e-14,1.3649066716893071e-14,2.3422004141894593e-09,1.8198768980690196e-09,1.3214375199413885e-12,6.025282353856732e-13,1.6291717558406635e-15,7.184836255693842e-16,1.7731768941687813e-23,5.100410556426403e-24,1.9249566822800137e-15,5.787594518179174e-16,1.3935266550425662e-18,5.945872677458745e-19,8.290480164350624e-18,4.216614352774561e-18,6.175579980030257e-10,3.02380712282839e-10,7.42742028316576e-16,3.5059929447689223e-16,6.222899837333894e-18,2.0068626392827158e-18,9.63252615273572e-20,2.9626300618719724e-20,1.65972498462974e-14,5.1047368633487185e-15,6.357549301674725e-11,1.9553610737537815e-11,4.028677269441385e-17,1.2688069386775833e-17,0.010328643884481395,0.004878949097169659,9.999999999998834e-31,3.312388924594319e-31,1.9178959221946886e-09,5.89001943854722e-10,2.4243390764038497e-06,7.27515791437929e-07,2.49590372849559e-10,7.672965140935779e-11,3.2843142153986746e-13,9.865686672358794e-14
0.765,1223.549955217767,5.424531199383117,0.25916792081454304,2.922001623976554,0.06837163956651282,0.4487823251758872,1.215520398853372e-07,1.5957027631770174e-06,5.503447966798264e-14,4.5518957174652457e-14,1.650883416222774e-14,6.827219224815012e-15,1.9174240339046395e-08,1.4919034994146315e-08,0.20241047412833943,0.14867878155750996,1.1814600245835962e-16,4.736705828884204e-17,4.690586849737523e-14,1.8248188224649353e-14,1.4078039612788009e-18,1.55100534171187e-18,4.832183502195246e-16,4.911521719289376e-16,3.7049279289833205e-11,3.495145379568967e-11,8.070025162924322e-13,7.61307957991515e-13,1.3905479782897695e-05,1.2238630502852304e-05,0.20643442372286377,0.17027340208156722,0.42370139434937576,0.20016911175750296,0.08566000405296105,0.02575650122122871,5.836394180952823e-08,2.6615058006523953e-08,4.885105252981934e-06,2.1529142021987735e-06,2.7909011545044375e-10,1.190027444277129e-10,2.554139182395915e-12,1.0890732259180961e-12,7.352236422865239e-07,3.0363380750325215e-07,1.982868375736818e-12,1.048294517293065e-12,0.0003146218423614348,0.00015989376349418572,3.620015570169473e-08,1.7711594980174003e-08,0.002260966319998091,0.0010664722955718736,3.7844006963950636e-07,1.723145272649942e-07,0.000490874576069953,0.00021601673058247112,1.0505847468699169e-10,3.3883669477386484e-11,4.3898363733557416e-06,1.3818690678084677e-06,1.3435364100982857e-10,4.22929523719357e-11,2.702832811357728e-19,2.553432204029153e-19,6.997355571017787e-18,6.166786091912242e-18,1.6511903155403158e-14,1.3636520750856046e-14,2.3423492893089893e-09,1.8199597609409663e-09,1.3201945565696959e-12,6.019506359116579e-13,1.6262307640930628e-15,7.171736841106209e-16,1.7684163941300582e-23,5.086625627136538e-24,1.9222170442455343e-15,5.779253299469475e-16,1.3910792469487688e-18,5.935323115089034e-19,8.277862466698635e-18,4.2101209710711966e-18,6.17368895719024e-10,3.0228267046680265e-10,7.422062264545269e-16,3.503400615976859e-16,6.2090118829310296e-18,2.0023477237560917e-18,9.608426596361049e-20,2.9551645973922784e-20,1.658429178698157e-14,5.100659454511785e-15,6.355647389745578e-11,1.9547408695194678e-11,4.023390275158462e-17,1.2671189875480261e-17,0.010328643884464396,0.00487886113556758,9.999999999998833e-31,3.3123292061992053e-31,1.914800415530704e-09,5.880406859040552e-10,2.422431412073216e-06,7.269302177771867e-07,2.49367575103e-10,7.665977630063617e-11,3.2767611832602566e-13,9.842820810698718e-14
0.766,1223.4776074280858,5.424695814064903,0.25916005625470845,2.925860243296412,0.06837577335577653,0.44880138324085617,1.2145074029098248e-07,1.5943442410399888e-06,5.492119972209187e-14,4.542444610514049e-14,1.6473222256056846e-14,6.8123693613275086e-15,1.915103939532231e-08,1.4900714755650777e-08,0.20239602810379045,0.1486654953255447,1.178882740873068e-16,4.72628794791966e-17,4.683109696768821e-14,1.8218771399430872e-14,1.4032700140277747e-18,1.5459823848875004e-18,4.819046162518933e-16,4.898080547085764e-16,3.6977783675418636e-11,3.488337876744177e-11,8.053322071720129e-13,7.597185559575906e-13,1.3892416103087594e-05,1.2226912758964185e-05,0.206426086238312,0.1702634614085785,0.42372055939770503,0.20017456402331651,0.08566259504028129,0.025756816827659276,5.833379952453081e-08,2.66008339100003e-08,4.885275362640734e-06,2.1529504317640227e-06,2.787814137614472e-10,1.188689765570525e-10,2.5506678221947107e-12,1.0875734844387255e-12,7.347033824836571e-07,3.0341349028053334e-07,1.976657705432166e-12,1.0449922829958845e-12,0.00031405815278618115,0.00015960441931226662,3.61270481528734e-08,1.7675507714280852e-08,0.0022586523425564315,0.0010653616487802339,3.779682081588804e-07,1.7209657866603324e-07,0.0004906648086455146,0.00021592053407719385,1.048950119518385e-10,3.3830340417536575e-11,4.386976327272562e-06,1.3809439105779365e-06,1.3419792625854199e-10,4.2243175083220966e-11,2.695356995047315e-19,2.546323800011734e-19,6.985924196591926e-18,6.156600814726124e-18,1.6497036716856606e-14,1.3623998008049713e-14,2.3424978701713045e-09,1.8200424561629714e-09,1.3189539354118583e-12,6.013741463267786e-13,1.6232982925186277e-15,7.158675724033185e-16,1.7636738601210702e-23,5.072893049253082e-24,1.9194841512600253e-15,5.770932863341769e-16,1.3886387683570238e-18,5.924803706932776e-19,8.265277619814593e-18,4.203644678837329e-18,6.171801331128931e-10,3.0218480911987823e-10,7.416714325526543e-16,3.500813261433731e-16,6.1951688590484155e-18,1.997847530645832e-18,9.584414852076423e-20,2.947726512664333e-20,1.6571359961255987e-14,5.096590440063827e-15,6.353748805442605e-11,1.9541217797511042e-11,4.01811601110575e-17,1.2654351509174142e-17,0.010328643884447423,0.004878773348602833,9.999999999998808e-31,3.3122696063678798e-31,1.9117133498905277e-09,5.870820754623881e-10,2.420527627251217e-06,7.263458549112207e-07,2.4914520177917434e-10,7.659003687549012e-11,3.269233670116626e-13,9.820032771880286e-14
0.767,1223.4053363919093,5.424860360057101,0.2591521954535515,2.9297189796588414,0.06837989943659861,0.4488204057528175,1.213496182071614e-07,1.5929881538415102e-06,5.480826619508422e-14,4.5330226537592473e-14,1.643772431273228e-14,6.797567398013008e-15,1.9127890261249018e-08,1.4882436008404127e-08,0.20238160777805048,0.14865223365712102,1.1763137598101453e-16,4.715903892865157e-17,4.675652430993932e-14,1.818943363627981e-14,1.3987551478163911e-18,1.5409806840210213e-18,4.805957499286602e-16,4.884689503620244e-16,3.690649779283968e-11,3.481550525815472e-11,8.036670159882239e-13,7.58134065659625e-13,1.3879378012766866e-05,1.221521838608119e-05,0.206417764331642,0.17025353990822145,0.42373968175288457,0.20018000293912114,0.0856651881738869,0.02575713397067729,5.8303697266542035e-08,2.6586629509444038e-08,4.88544527552737e-06,2.1529866487570986e-06,2.7847347294463246e-10,1.18735542081789e-10,2.5472056919658035e-12,1.086077770465094e-12,7.341842545795892e-07,3.031936590475906e-07,1.97047289190712e-12,1.0417038733993796e-12,0.0003134960795695972,0.00015931591254469263,3.6054165216143495e-08,1.7639532256833854e-08,0.002256343336415786,0.0010642534240735645,3.7749744437494975e-07,1.7187914372793677e-07,0.0004904553952961277,0.00021582450440730028,1.0473196933760042e-10,3.3777149953814075e-11,4.384121173114342e-06,1.3800203748659429e-06,1.3404255035053722e-10,4.219350772445241e-11,2.6879093290271577e-19,2.5392423340910977e-19,6.974523057140054e-18,6.146442764655095e-18,1.6482197183935597e-14,1.3611498412360647e-14,2.342646157708682e-09,1.8201249842928535e-09,1.3177156486688886e-12,6.007987628936463e-13,1.6203743040953179e-15,7.145652737044262e-16,1.7589492004620393e-23,5.0592125542942624e-24,1.9167579726765786e-15,5.762633115075183e-16,1.3862051904282594e-18,5.914314326611007e-19,8.252725494600697e-18,4.1971854083859266e-18,6.169917091975641e-10,3.020871277081387e-10,7.411376432239114e-16,3.498230864256906e-16,6.181370564794906e-18,1.993361993697769e-18,9.560490474908316e-20,2.940315668277278e-20,1.6558454280073176e-14,5.092529791220676e-15,6.351853538539348e-11,1.9535038009803386e-11,4.012854428896827e-17,1.2637554130199829e-17,0.010328643884430564,0.004878685735762819,9.99999999999883e-31,3.3122101247523274e-31,1.9086346875232482e-09,5.861261006334006e-10,2.4186277042551803e-06,7.257626973335029e-07,2.489232513918078e-10,7.652043265460592e-11,3.2617315518141055e-13,9.797322175385453e-14
0.768,1223.3331418803646,5.4250248375619465,0.25914433840077117,2.9335778330151263,0.06838401783211631,0.44883939282026286,1.2124867307822556e-07,1.5916344938461514e-06,5.469567759284569e-14,4.523629720592012e-14,1.640233981797847e-14,6.782813117353394e-15,1.9104792749896848e-08,1.4864198601245723e-08,0.20236721307377656,0.14863899647705378,1.1737530439762914e-16,4.705553510300811e-17,4.668214973457865e-14,1.8160174618790716e-14,1.3942592596564075e-18,1.5360001238216135e-18,4.792917272363268e-16,4.87134834020672e-16,3.6835420756917376e-11,3.474783241116313e-11,8.020069206375048e-13,7.565544657358543e-13,1.3866365425945164e-05,1.2203547304750599e-05,0.2064094579561249,0.17024363752194363,0.42375876154539094,0.20018542854675597,0.08566778344575893,0.025757452645108737,5.82736349292307e-08,2.6572444751014964e-08,4.88561499185113e-06,2.1530228530478952e-06,2.781662900698782e-10,1.1860243970811593e-10,2.5437527545283032e-12,1.0845860676558182e-12,7.336662546511575e-07,3.0297431210310677e-07,1.964313801138136e-12,1.0384292164524834e-12,0.00031293561674541523,0.00015902824006731626,3.598150596198582e-08,1.7603668141413037e-08,0.0022540392867720525,0.00106314761411032,3.770277746902697e-07,1.7166222074415865e-07,0.000490246335388848,0.00021572864125245843,1.0456934521463572e-10,3.372409754404076e-11,4.381270895265872e-06,1.3790984554275327e-06,1.3388751207142508e-10,4.214394989779161e-11,2.680489672650845e-19,2.5321876709398404e-19,6.963152032933187e-18,6.1363118330062404e-18,1.6467384471522606e-14,1.3599021889503762e-14,2.3427941528464216e-09,1.8202073458754335e-09,1.316479688737611e-12,6.002244819624197e-13,1.6174587639579142e-15,7.132667722216152e-16,1.75424232594729e-23,5.045583880909465e-24,1.914038487629764e-15,5.75435398934674e-16,1.3837784844446074e-18,5.903854848257301e-19,8.24020596295905e-18,4.190743092532345e-18,6.168036229934344e-10,3.0198962570018925e-10,7.406048553153969e-16,3.49565340865788e-16,6.167616798846893e-18,1.9888910465197805e-18,9.536653042297259e-20,2.932931931720273e-20,1.6545574652618633e-14,5.088477478639318e-15,6.349961578870472e-11,1.9528869297503352e-11,4.007605480797259e-17,1.2620797582927908e-17,0.010328643884413726,0.004878598296514944,9.999999999998824e-31,3.312150760990965e-31,1.9055643968735463e-09,5.851727514227499e-10,2.416731633097847e-06,7.251807418445533e-07,2.4870172257413586e-10,7.645096319518456e-11,3.254254714207179e-13,9.774688670770082e-14
0.769,1223.261023674173,5.425189246758996,0.2591364850871523,2.937436803316679,0.06838812856490739,0.44885834454896595,1.2114790434506782e-07,1.5902832532781783e-06,5.4583432427045566e-14,4.514265684910775e-14,1.6367068263083813e-14,6.7681063041779345e-15,1.9081746674973735e-08,1.4846002383570516e-08,0.20235284391351113,0.1486257837104135,1.1712005561945715e-16,4.6952366478079554e-17,4.66079724502172e-14,1.813099402993374e-14,1.3897822473511306e-18,1.5310405898886013e-18,4.77992524389849e-16,4.858056810525495e-16,3.676455168837734e-11,3.468035937557907e-11,8.003518991204129e-13,7.549797349275986e-13,1.385337825670494e-05,1.2191899435625804e-05,0.20640116706911643,0.1702337541949446,0.42377779890459993,0.20019084088796804,0.08567038084888376,0.0257577728461385,5.8243612401838456e-08,2.6558279578925984e-08,4.885784511770238e-06,2.153059044488483e-06,2.7785986219042054e-10,1.1846966813560765e-10,2.5403089726591507e-12,1.083098359656537e-12,7.331493787606417e-07,3.027554477407289e-07,1.9581802955603466e-12,1.0351682382437417e-12,0.00031237675767283247,0.00015874139841407563,3.5909069424892664e-08,1.756791488410186e-08,0.0022517401765629087,0.0010620442104876681,3.7655919515319726e-07,1.7144580784758227e-07,0.0004900376279146195,0.00021563294412740248,1.0440713795386809e-10,3.36711826463843e-11,4.378425478029139e-06,1.3781781469957947e-06,1.3373281021625491e-10,4.20945012085351e-11,2.673097886588381e-19,2.5251596764979245e-19,6.951811005046468e-18,6.12620791182637e-18,1.645259849432761e-14,1.3586568365096529e-14,2.3429418565063268e-09,1.8202895414566685e-09,1.3152460480015216e-12,5.996512998792222e-13,1.6145516365257906e-15,7.119720518511092e-16,1.7495531470368638e-23,5.032006766832948e-24,1.9113256706720778e-15,5.7460954070832e-16,1.3813586218718476e-18,5.893425146821296e-19,8.227718897418896e-18,4.184317664431089e-18,6.166158735241985e-10,3.0189230256702355e-10,7.400730656133881e-16,3.493080878571938e-16,6.1539073617040215e-18,1.984434623321715e-18,9.51290212549597e-20,2.925575168604167e-20,1.6532720989348515e-14,5.084433473384151e-15,6.348072916321842e-11,1.952271162624997e-11,4.002369119208041e-17,1.260408171220968e-17,0.010328643884396914,0.004878511030337391,9.999999999998822e-31,3.3120915147295335e-31,1.9025024444415613e-09,5.84222017241904e-10,2.4148394011526136e-06,7.245999844552301e-07,2.4848061392699625e-10,7.638162804472374e-11,3.246803040597774e-13,9.752131899995236e-14
0.77,1223.188981566269,5.425353587798049,0.2591286355049036,2.941295890515018,0.06839223165690174,0.4488772610416054,1.210473114411823e-07,1.5889344242705344e-06,5.447152921222293e-14,4.5049304208820973e-14,1.6331909145773814e-14,6.753446746026879e-15,1.9058751850346767e-08,1.4827847204963184e-08,0.2023385002190849,0.1486125952821545,1.1686562595095049e-16,4.6849531538902025e-17,4.653399165993534e-14,1.8101891550626335e-14,1.3853240094674308e-18,1.5261019686811186e-18,4.766981178448806e-16,4.844814670749397e-16,3.66938897132923e-11,3.461308530578011e-11,7.987019295074234e-13,7.534098520473034e-13,1.3840416418849806e-05,1.2180274699162177e-05,0.20639289163337293,0.1702238898773376,0.42379679395811637,0.20019624000418604,0.08567298037850539,0.025758094569698506,5.821362956661726e-08,2.654413393428655e-08,4.885953835369433e-06,2.1530952229042056e-06,2.775541863252845e-10,1.1833722604978055e-10,2.5368743089448972e-12,1.08161463003718e-12,7.326336229355988e-07,3.025370642408737e-07,1.9520722334261963e-12,1.0319208626628263e-12,0.0003118194949348627,0.00015845538372543776,3.5836854587531194e-08,1.7532271975748333e-08,0.0022494459855155764,0.0010609432032929248,3.760917013002078e-07,1.712299029388176e-07,0.0004898292713238417,0.0002155374123096888,1.0424534592157076e-10,3.361840471769043e-11,4.375584905539391e-06,1.3772594442560475e-06,1.3357844358990342e-10,4.2045161265254745e-11,2.6657338328904373e-19,2.518158218034245e-19,6.94049985527054e-18,6.116130893826444e-18,1.643783916642341e-14,1.3574137764281205e-14,2.3430892696076685e-09,1.82037157158523e-09,1.3140147187927372e-12,5.990792129690554e-13,1.6116528854426036e-15,7.106810961514161e-16,1.7448815738135142e-23,5.018480948762218e-24,1.9086194926305943e-15,5.737857278040098e-16,1.378945574339208e-18,5.883025097984912e-19,8.215264170956911e-18,4.177909057486164e-18,6.16428459815639e-10,3.0179515778156646e-10,7.395422708067623e-16,3.490513257487073e-16,6.140242055748326e-18,1.979992658935215e-18,9.489237288683485e-20,2.9182452423904044e-20,1.6519893202216786e-14,5.0803977469990255e-15,6.346187540807602e-11,1.9516564961827853e-11,3.9971452965450167e-17,1.2587406363002838e-17,0.010328643884380154,0.004878423936721295,9.999999999998806e-31,3.312032385622543e-31,1.899448793903673e-09,5.832738866384547e-10,2.4129509920268502e-06,7.240204200490538e-07,2.482599240006782e-10,7.631242673547288e-11,3.239376410373038e-13,9.729651493340305e-14
0.771,1223.1170153350458,5.425517860867769,0.2591207896443796,2.9451550945617964,0.06839632713071651,0.4488961424041794,1.2094689381493682e-07,1.5875879991488741e-06,5.4359966477632383e-14,4.4956238038965665e-14,1.6296861961890313e-14,6.7388342296749695e-15,1.9035808091637256e-08,1.4809732916361226e-08,0.20232418191385032,0.1485994311179776,1.166120117158931e-16,4.674702877835889e-17,4.6460206583320166e-14,1.8072866868210777e-14,1.3808844451014199e-18,1.5211841472518141e-18,4.75408484070308e-16,4.831621677206215e-16,3.662343396146053e-11,3.454600935969705e-11,7.970569900507875e-13,7.518447960800771e-13,1.382747982738212e-05,1.2168673016853532e-05,0.2063846316047546,0.17021404451311656,0.4238157468343656,0.20020162593669708,0.08567558202736746,0.025758417810902323,5.818368631581884e-08,2.6530007762710614e-08,4.88612296283153e-06,2.1531313881580107e-06,2.77249259572018e-10,1.1820511216953746e-10,2.533448726662428e-12,1.0801348626617885e-12,7.321189832894829e-07,3.0231915991895244e-07,1.9459894812751157e-12,1.0286870179869718e-12,0.00031126382232904144,0.00015817019275918598,3.576486051418109e-08,1.7496738947154806e-08,0.0022471566977859576,0.001059844584701032,3.756252893864252e-07,1.7101450424555805e-07,0.0004896212647863147,0.00021544204539298642,1.0408396750892626e-10,3.356576322283901e-11,4.372749162306132e-06,1.3763423420089099e-06,1.3342441099724338e-10,4.199592967648232e-11,2.6583973737476795e-19,2.511183162961239e-19,6.9292184658294224e-18,6.106080672100746e-18,1.642310640349799e-14,1.3561730013513656e-14,2.3432363930638924e-09,1.8204534368004136e-09,1.3127856935838537e-12,5.985082176201291e-13,1.6087624760270512e-15,7.093938894202959e-16,1.7402275183775992e-23,5.005006169219466e-24,1.905919931130147e-15,5.729639532407721e-16,1.3765393136087642e-18,5.872654578000785e-19,8.202841657420357e-18,4.171517205544288e-18,6.162413808997136e-10,3.016981908190944e-10,7.390124677435263e-16,3.4879505296364833e-16,6.1266206834469706e-18,1.9755650882236886e-18,9.465658113241565e-20,2.9109420218414465e-20,1.650709120211692e-14,5.0763702706938356e-15,6.344305442294469e-11,1.9510429270139702e-11,3.991933965730386e-17,1.2570771381853105e-17,0.010328643884363463,0.004878337015145184,9.999999999998796e-31,3.31197337331596e-31,1.8964034130708678e-09,5.823283494298342e-10,2.411066394422569e-06,7.234420450371585e-07,2.480396514261931e-10,7.624335882438469e-11,3.231974709625132e-13,9.707247101249334e-14
0.772,1223.0451247635983,5.42568206614678,0.25911294749641695,2.9490144154087945,0.06840041500865553,0.4489149887411636,1.2084665091555656e-07,1.5862439702536747e-06,5.424874276057668e-14,4.4863457100346e-14,1.6261926211511672e-14,6.724268543688096e-15,1.9012915215423155e-08,1.4791659369491334e-08,0.20230988892142585,0.14858629114397895,1.1635920926186512e-16,4.664485669914941e-17,4.638661644230661e-14,1.804391967101544e-14,1.3764634540888508e-18,1.5162870134844048e-18,4.741235997194713e-16,4.81847758813734e-16,3.655318356831241e-11,3.447913070074494e-11,7.954170591284633e-13,7.502845461336822e-13,1.3814568397670367e-05,1.215709431054612e-05,0.20637638694093285,0.17020421804799227,0.4238346576611292,0.20020699872672446,0.08567818578839251,0.025758742564949783,5.815378254050324e-08,2.6515901009315383e-08,4.886291894322685e-06,2.1531675401081678e-06,2.7694507903382695e-10,1.180733252165539e-10,2.5300321892233306e-12,1.0786590414557552e-12,7.316054559474644e-07,3.021017330958982e-07,1.9399319041719744e-12,1.025466631724482e-12,0.00031070973330683886,0.00015788582209796804,3.5693086258131836e-08,1.746131532383977e-08,0.0022448722967165664,0.001058748346506135,3.7515995554537304e-07,1.7079960994066826e-07,0.0004894136073322451,0.00021534684290991127,1.0392300111341809e-10,3.351325762887169e-11,4.369918232862914e-06,1.3754268350653575e-06,1.3327071125151685e-10,4.194680605350659e-11,2.6510883724206403e-19,2.504234379722879e-19,6.917966719693051e-18,6.096057140425762e-18,1.640840012151112e-14,1.3549345039506071e-14,2.3433832277844107e-09,1.8205351376405323e-09,1.3115589648717049e-12,5.979383102331646e-13,1.605880372912329e-15,7.081104156565461e-16,1.735590892470063e-23,4.991582169733931e-24,1.9032269606289364e-15,5.721442090876593e-16,1.3741398116135576e-18,5.86231346387744e-19,8.19045123136832e-18,4.1651420428301734e-18,6.160546358123337e-10,3.016014011573078e-10,7.384836532594327e-16,3.485392679203052e-16,6.113043048750851e-18,1.9711518465408843e-18,9.442164175248331e-20,2.9036653741103054e-20,1.6494314900765158e-14,5.07235101594321e-15,6.342426610803007e-11,1.950430451728522e-11,3.986735079916412e-17,1.2554176616072446e-17,0.010328643884346842,0.004878250265093737,9.999999999998792e-31,3.3119144774599253e-31,1.8933662691291957e-09,5.813853952439551e-10,2.409185596075859e-06,7.228648555424954e-07,2.4781979482717674e-10,7.617442386632707e-11,3.2245978240513293e-13,9.68491837304232e-14
0.773,1222.9733096407176,5.425846203800495,0.2591051090524855,2.9528738530079095,0.06840449531269828,0.44893380015547735,1.2074658218854954e-07,1.5849023298803128e-06,5.4137856602432006e-14,4.4770960157379296e-14,1.622710139896934e-14,6.7097494784303466e-15,1.8990073038543943e-08,1.4773626416329601e-08,0.20229562116522748,0.14857317528631847,1.1610721495496969e-16,4.6543013811676517e-17,4.6313220457269334e-14,1.801504964683571e-14,1.3720609369174329e-18,1.5114104559970475e-18,4.728434416209292e-16,4.805382163603945e-16,3.6483137673517456e-11,3.4412448496510663e-11,7.937821151925378e-13,7.487290813899143e-13,1.3801682044971488e-05,1.2145538502019187e-05,0.20636815760213137,0.17019441043001754,0.42385352656502007,0.20021235841519677,0.08568079165566847,0.025759068827425725,5.812391812803971e-08,2.650181361758403e-08,4.886460629970149e-06,2.1532036785986473e-06,2.7664164179971713e-10,1.1794186390682017e-10,2.526624659991119e-12,1.07718715032797e-12,7.310930370177476e-07,3.018847820863457e-07,1.933899366707295e-12,1.0222596311435398e-12,0.0003101572211421419,0.0001576022682349332,3.562153085030121e-08,1.7426000620471496e-08,0.002242592764080072,0.0010576544797649317,3.7469569565987423e-07,1.705852180834263e-07,0.000489206297718957,0.00021525180427340183,1.0376244513283761e-10,3.346088740306121e-11,4.367092101680904e-06,1.3745129182196231e-06,1.3311734317217028e-10,4.18977900096947e-11,2.643806693202992e-19,2.497311737759984e-19,6.906744500393899e-18,6.0860601930989145e-18,1.6393720236097902e-14,1.3536982768735482e-14,2.3435297746754056e-09,1.8206166746436965e-09,1.310334525129397e-12,5.973694871995715e-13,1.6030065416146413e-15,7.068306592516914e-16,1.7309716091930114e-23,4.978208695790502e-24,1.900540556252963e-15,5.713264876165497e-16,1.3717470404382865e-18,5.852001633297202e-19,8.178092767782981e-18,4.158783503799939e-18,6.158682235923852e-10,3.015047882758757e-10,7.379558241444183e-16,3.482839690161224e-16,6.099508956942524e-18,1.9667528696819153e-18,9.418755058739478e-20,2.896415168818843e-20,1.6481564210729646e-14,5.068339954495839e-15,6.340551036387131e-11,1.9498190669499702e-11,3.981548592329649e-17,1.2537621913249332e-17,0.010328643884330229,0.0048781636860581725,9.999999999998785e-31,3.3118556977090374e-31,1.8903373279203974e-09,5.804450132983752e-10,2.4073085828478336e-06,7.222888471271626e-07,2.4760035280357045e-10,7.61056214090731e-11,3.217245637467861e-13,9.662664952452318e-14
0.774,1222.9015697564691,5.426010273992629,0.2590972743041384,2.956733407311156,0.06840856806472895,0.4489525767496122,1.2064668708242836e-07,1.583563070365957e-06,5.4027306553292306e-14,4.467874598189775e-14,1.619238703162597e-14,6.69527682555282e-15,1.896728137884396e-08,1.4755633909667244e-08,0.20228137856887568,0.14856008347139438,1.1585602518378142e-16,4.644149863558851e-17,4.624001785300073e-14,1.7986256485243902e-14,1.367676794755223e-18,1.5065543641721997e-18,4.71567986752625e-16,4.792335165220056e-16,3.641329542180595e-11,3.4345961919497973e-11,7.921521368242415e-13,7.471783811558403e-13,1.3788820685006121e-05,1.2134005513480895e-05,0.20635994354883228,0.17018462160755318,0.42387235367195936,0.2002177050428061,0.08568339962357843,0.025759396594016822,5.809409296638852e-08,2.6487745531295854e-08,4.886629169902213e-06,2.1532398034749276e-06,2.7633894497547973e-10,1.1781072696375175e-10,2.523226102544227e-12,1.0757191732820227e-12,7.305817226301573e-07,3.016683052143098e-07,1.927891733834945e-12,1.0190659437141129e-12,0.0003096062790575439,0.00015731952763777627,3.555019332648454e-08,1.7390794354184035e-08,0.00224031808172448,0.001056562975571733,3.7423250563291034e-07,1.7037132674269885e-07,0.0004889993347081946,0.00021515692889856043,1.0360229797383814e-10,3.340865201564132e-11,4.364270753303383e-06,1.3736005862903774e-06,1.329643055850252e-10,4.184888116051018e-11,2.6365522012620795e-19,2.490415107357306e-19,6.895551692112435e-18,6.07608972500862e-18,1.6379066663349295e-14,1.3524643128076835e-14,2.3436760346392592e-09,1.8206980483458505e-09,1.3091123668710352e-12,5.968017449304521e-13,1.6001409472091228e-15,7.055546044055123e-16,1.726369581508903e-23,4.9648854925088e-24,1.8978606922150424e-15,5.705107808263869e-16,1.3693609723190293e-18,5.841718964609941e-19,8.165766142342571e-18,4.152441523276343e-18,6.156821432824537e-10,3.014083516565387e-10,7.374289772038764e-16,3.480291546563266e-16,6.086018214495273e-18,1.9623680938360734e-18,9.395430344843374e-20,2.889191274713948e-20,1.6468839045016855e-14,5.064337058242998e-15,6.338678709137542e-11,1.949208769314819e-11,3.97637445645068e-17,1.2521107121804065e-17,0.010328643884313694,0.004878077277532269,9.999999999998787e-31,3.3117970337195944e-31,1.887316555465733e-09,5.795071928677345e-10,2.4054353406561144e-06,7.217140153713568e-07,2.473813239621436e-10,7.603695100261893e-11,3.2099180344848594e-13,9.640486485651297e-14
0.775,1222.8299048960657,5.4261742769011025,0.259089443242253,2.960593078270675,0.06841263328681944,0.4489713186269669,1.2054696505377395e-07,1.5822261841541799e-06,5.391709117467222e-14,4.458681335533015e-14,1.615778261784813e-14,6.680850377147334e-15,1.8944540055546066e-08,1.4737681703383919e-08,0.20226716105685222,0.14854701562615288,1.156056363583635e-16,4.6340309699329343e-17,4.6167007863777615e-14,1.795753987953879e-14,1.3633109293953835e-18,1.5017186280938819e-18,4.702972121900462e-16,4.77933635561987e-16,3.6343655962589785e-11,3.4279670146728845e-11,7.905271027590828e-13,7.456324248866113e-13,1.3775984234300446e-05,1.2122495267854931e-05,0.20635174473898638,0.17017485152676923,0.4238911391079453,0.20022303865013824,0.08568600968539072,0.02575972586005773,5.8064306948012246e-08,2.6473696696278657e-08,4.886797514288268e-06,2.1532759145991355e-06,2.7603698570948297e-10,1.176799131290461e-10,2.5198364808778048e-12,1.0742550945009618e-12,7.300715089642776e-07,3.014523008244519e-07,1.9219088737251434e-12,1.0158854986147557e-12,0.0003090569006834348,0.00015703759698182642,3.547907275762378e-08,1.7355696059363502e-08,0.002238048233314094,0.0010554738258782685,3.7377038166789733e-07,1.7015793412433565e-07,0.0004887927173549279,0.0002150622163294731,1.0344255805869472e-10,3.3356550941947e-11,4.361454172471494e-06,1.3726898341586969e-06,1.328115973199289e-10,4.180007912272438e-11,2.6293247623593456e-19,2.483544359376405e-19,6.8843881796202175e-18,6.066145631576943e-18,1.6364439320330872e-14,1.3512326045215519e-14,2.3438220085735803e-09,1.8207792592778972e-09,1.3078924826953004e-12,5.962350798757664e-13,1.5972835550636022e-15,7.042822354487651e-16,1.7217847229792802e-23,4.951612306761754e-24,1.895187344231126e-15,5.696970811688853e-16,1.3669815796406041e-18,5.831465336814867e-19,8.15347123152256e-18,4.146116036495326e-18,6.154963939300492e-10,3.0131209078335635e-10,7.369031093173591e-16,3.4777482328122345e-16,6.072570628664171e-18,1.957997455452612e-18,9.372189618809357e-20,2.8819935618254124e-20,1.645613931651681e-14,5.06034229904202e-15,6.336809619195879e-11,1.948599555474631e-11,3.971212626131484e-17,1.250463209134354e-17,0.010328643884297205,0.004877991039006569,9.999999999998803e-31,3.311738485145731e-31,1.8843039195468244e-09,5.785719237684623e-10,2.4035658574984805e-06,7.211403564796829e-07,2.471627069465254e-10,7.596841220832549e-11,3.2026149028599034e-13,9.618382628306849e-14
0.776,1222.7583148493363,5.426338212693558,0.2590816158581996,2.9644528658387257,0.06841669100076124,0.4489900258895915,1.2044741555734852e-07,1.5808916636680537e-06,5.3807209033450003e-14,4.449516106377275e-14,1.6123287670158297e-14,6.666469927061704e-15,1.8921848888359586e-08,1.4719769651780426e-08,0.2022529685536266,0.1485339716777163,1.1535604490832022e-16,4.623944553944069e-17,4.609418972398747e-14,1.7928899523131685e-14,1.3589632432834858e-18,1.4969031385803712e-18,4.690310951761047e-16,4.7663854991763775e-16,3.627421844976913e-11,3.4213572359622753e-11,7.889069918218923e-13,7.440911921255305e-13,1.3763172609438153e-05,1.2111007688144209e-05,0.20634356113252136,0.1701651001356722,0.42390988299804083,0.20022835927755855,0.08568862183512525,0.025760056621139036,5.803455996287403e-08,2.645966705726442e-08,4.886965663270513e-06,2.1533120118238753e-06,2.757357611446721e-10,1.1754942114243142e-10,2.516455759013669e-12,1.0727948981829426e-12,7.295623921944911e-07,3.012367672599312e-07,1.9159506541020077e-12,1.0127182247983997e-12,0.0003085090794766757,0.0001567564728549361,3.540816819939147e-08,1.7320705263015733e-08,0.00223578320138499,0.0010543870221068983,3.733093197904392e-07,1.6994503835374942e-07,0.0004885864445157495,0.00021496766602329358,1.0328322381246012e-10,3.330458365833278e-11,4.358642343906291e-06,1.3717806567019594e-06,1.3265921721348784e-10,4.175138351535243e-11,2.622124243241333e-19,2.4766993656293674e-19,6.87325384828127e-18,6.056227808771745e-18,1.6349838124009223e-14,1.3500031447785346e-14,2.3439676973724825e-09,1.8208603079700061e-09,1.306674865195684e-12,5.956694884844917e-13,1.5944343310932342e-15,7.03013536956715e-16,1.7172169481395494e-23,4.9383888882621425e-24,1.8925204877491275e-15,5.688853810171138e-16,1.3646088349410687e-18,5.821240629590216e-19,8.141207912300377e-18,4.1398069789633335e-18,6.153109745859668e-10,3.012160051424526e-10,7.363782173354502e-16,3.475209733181574e-16,6.059166007999061e-18,1.9536408914096558e-18,9.349032471152423e-20,2.874821901822982e-20,1.6443464938876427e-14,5.056355648994039e-15,6.334943756742324e-11,1.9479914220957544e-11,3.966063055351023e-17,1.2488196671914244e-17,0.010328643884280758,0.0048779049699773135,9.9999999999988e-31,3.3116800516454302e-31,1.8812993870106847e-09,5.776391955323065e-10,2.401700120017674e-06,7.205678662517677e-07,2.4694450038520526e-10,7.590000458307287e-11,3.195336129246188e-13,9.596353032829445e-14
0.777,1222.6867994054091,5.426502081541115,0.25907379214318466,2.96831276996769,0.06842074122833297,0.44900869863948534,1.203480380523982e-07,1.5795595013912467e-06,5.369765870586601e-14,4.440378790124871e-14,1.6088901703262605e-14,6.652135270077137e-15,1.8899207698094475e-08,1.4701897610041214e-08,0.2022388009841423,0.14852095155358852,1.1510724728472636e-16,4.613890470128614e-17,4.6021562673931304e-14,1.7900335111784917e-14,1.3546336395123236e-18,1.4921077871768145e-18,4.67769613083547e-16,4.753482361614171e-16,3.620498204206154e-11,3.4147667744270895e-11,7.872917829712956e-13,7.425546625452111e-13,1.3750385727561097e-05,1.2099542697858946e-05,0.2063353926887432,0.17015536738178824,0.4239285854669419,0.20023366696527603,0.08569123606651079,0.025760388872767437,5.80048519027371e-08,2.6445656559822478e-08,4.8871336170045855e-06,2.1533480950079277e-06,2.754352684482819e-10,1.1741924975421213e-10,2.5130839012451325e-12,1.0713385686444855e-12,7.290543685247397e-07,3.010217028764484e-07,1.9100169440164067e-12,1.0095640519283534e-12,0.000307962809001124,0.00015647615189985997,3.533747872170269e-08,1.728582149918501e-08,0.0022335229690890017,0.001053302555972015,3.7284931613307365e-07,1.697326376053723e-07,0.000488380515141996,0.00021487327747899613,1.0312429367093847e-10,3.325274964470917e-11,4.355835252438196e-06,1.3708730488331777e-06,1.3250716410759167e-10,4.170279395914545e-11,2.6149505114228226e-19,2.4698799986712643e-19,6.862148584077766e-18,6.0463361531229785e-18,1.6335262991955765e-14,1.3487759263935801e-14,2.344113101925923e-09,1.8209411949492365e-09,1.3054595070188814e-12,5.951049672306278e-13,1.5915932410876685e-15,7.017484934517246e-16,1.712666171704964e-23,4.9252149872736935e-24,1.8898600982785985e-15,5.680756727640105e-16,1.3622427109075064e-18,5.811044723269148e-19,8.128976062367087e-18,4.133514286560635e-18,6.151258843051769e-10,3.011200942221426e-10,7.358542981421967e-16,3.4726760321061853e-16,6.045804162085497e-18,1.949298338928583e-18,9.325958492374448e-20,2.867676166389985e-20,1.6430815826008215e-14,5.052377080287704e-15,6.333081112001562e-11,1.9473843658591598e-11,3.9609256983751116e-17,1.2471800714492675e-17,0.010328643884264339,0.004877819069941446,9.999999999998792e-31,3.311621732877169e-31,1.878302925370744e-09,5.767089978973324e-10,2.3998381155425112e-06,7.199965406939253e-07,2.467267029226525e-10,7.583172768874747e-11,3.188081601757229e-13,9.574397356064887e-14
0.778,1222.6153583531946,5.42666588361713,0.25906597208831034,2.9721727906100734,0.068424783991267,0.4490273369784209,1.202488320016677e-07,1.5782296898552346e-06,5.358843877676724e-14,4.4312692669086246e-14,1.605462423440656e-14,6.6378462020557394e-15,1.88766163065429e-08,1.4684065434143525e-08,0.2022246582738237,0.14850795518167456,1.148592399592422e-16,4.603868573869927e-17,4.59491259589911e-14,1.787184634328931e-14,1.3503220218084383e-18,1.4873324661404058e-18,4.665127434159331e-16,4.740626710019589e-16,3.613594590281848e-11,3.4081955491265575e-11,7.856814552903299e-13,7.410228159387749e-13,1.3737623506280652e-05,1.2088100220939734e-05,0.20632723936661637,0.1701456532124106,0.4239472466389895,0.20023896175336842,0.08569385237296626,0.02576072261036266,5.7975182660585934e-08,2.6431665150098107e-08,4.887301375655336e-06,2.1533841640146013e-06,2.7513550480773435e-10,1.1728939772352953e-10,2.5097208721010074e-12,1.0698860903052146e-12,7.285474341838316e-07,3.0080710604033453e-07,1.9041076137861668e-12,1.0064229103466915e-12,0.0003074180829206509,0.00015619663081071588,3.526700340530438e-08,1.7251044307286478e-08,0.0022312675199888474,0.0010522204193835023,3.7239036690082363e-07,1.6952073008698507e-07,0.00048817492824441495,0.0002147790502218468,1.0296576607954662e-10,3.3201048384178164e-11,4.353032882993768e-06,1.3699670054969634e-06,1.3235543684968807e-10,4.1654310076680663e-11,2.6078034351958675e-19,2.463086131808781e-19,6.851072273589444e-18,6.036470561705014e-18,1.632071384222716e-14,1.3475509422234517e-14,2.344258223119687e-09,1.821021920739707e-09,1.3042464008551464e-12,5.94541512608854e-13,1.5887602510536028e-15,7.00487089554349e-16,1.7081323089484947e-23,4.912090355698014e-24,1.8872061516133062e-15,5.672679488893355e-16,1.3598831803763983e-18,5.800877498841769e-19,8.116775560079527e-18,4.127237895517307e-18,6.149411221468313e-10,3.010243575129647e-10,7.353313486471057e-16,3.4701471141449676e-16,6.0324849015424966e-18,1.944969735573422e-18,9.302967275918797e-20,2.860556228132039e-20,1.641819189214018e-14,5.048406565214976e-15,6.331221675245536e-11,1.9467783834614732e-11,3.95580050972975e-17,1.2455444070902395e-17,0.010328643884248019,0.0048777333383971284,9.99999999999878e-31,3.3115635285002156e-31,1.875314502613979e-09,5.757813207487365e-10,2.397979831845518e-06,7.194263759464945e-07,2.46509313215609e-10,7.576358109110891e-11,3.180851209656514e-13,9.552515258362642e-14
0.779,1222.5439914849358,5.426829619087899,0.25905815568501833,2.976032927718499,0.0684288193110864,0.44904594100716994,1.2014979686708047e-07,1.5769022215836303e-06,5.3479547836745074e-14,4.422187417357954e-14,1.6020454784398866e-14,6.623602520367957e-15,1.8854074536036196e-08,1.466627298052221e-08,0.2022105403481389,0.14849498249005683,1.1461201942248887e-16,4.593878721336102e-17,4.5876878825595485e-14,1.784343291590642e-14,1.3460282945244609e-18,1.4825770684328037e-18,4.652604638302314e-16,4.727818313073179e-16,3.606710919969339e-11,3.4016434795408565e-11,7.840759879539537e-13,7.394956321896726e-13,1.3724885863326968e-05,1.2076680181456749e-05,0.206319101126494,0.17013595757613842,0.423965866637673,0.2002442436816795,0.08569647074852739,0.02576105782955294,5.794555212769255e-08,2.6417692773492273e-08,4.887468939367953e-06,2.1534202187004224e-06,2.7483646740992203e-10,1.1715986380960607e-10,2.5063666361733594e-12,1.068437447615113e-12,7.28041585400335e-07,3.005929751183809e-07,1.89822253387999e-12,1.0032947304849187e-12,0.0003068748948235392,0.00015591790624385976,3.519674132188725e-08,1.7216373222388504e-08,0.0022290168368762566,0.0010511406038900618,3.7193246817841037e-07,1.6930931395206466e-07,0.0004879696826944128,0.00021468498371609971,1.0280763948762856e-10,3.3149479361221017e-11,4.350235220500758e-06,1.3690625216405384e-06,1.3220403429318753e-10,4.1605931492515715e-11,2.600682883758748e-19,2.45631763922349e-19,6.840024803960466e-18,6.026630932111285e-18,1.6306190592880016e-14,1.346328185127534e-14,2.3444030618360414e-09,1.8211024858642969e-09,1.3030355393977605e-12,5.939791211164378e-13,1.5859353275879542e-15,6.992293101483055e-16,1.7036152761399263e-23,4.899014748340217e-24,1.88455862390473e-15,5.664622019821214e-16,1.3575302163313474e-18,5.790738837949091e-19,8.104606284302477e-18,4.120977742335622e-18,6.147566871734247e-10,3.009287945074669e-10,7.34809365742391e-16,3.467622963781321e-16,6.019208038173145e-18,1.940655019300616e-18,9.280058420931463e-20,2.853461961427777e-20,1.6405593052126163e-14,5.044444076269848e-15,6.32936543678291e-11,1.946173471613011e-11,3.9506874440855885e-17,1.2439126593458256e-17,0.010328643884231724,0.004877647774846833,9.999999999998778e-31,3.3115054381768235e-31,1.8723340861170154e-09,5.748561537864199e-10,2.396125255758937e-06,7.18857367869086e-07,2.4629232991153616e-10,7.569556435321527e-11,3.173644841568681e-13,9.530706398209588e-14
0.78,1222.472698596644,5.426993288111555,0.25905034292514195,2.979893181245702,0.06843284720909276,0.44906451082546456,1.200509321111017e-07,1.575577089110206e-06,5.3370984483410943e-14,4.4131331227045986e-14,1.5986392877511673e-14,6.609404023851612e-15,1.8831582209681883e-08,1.464852010625524e-08,0.20219644713255486,0.14848203340697558,1.1436558218635963e-16,4.583920769572824e-17,4.58048205221602e-14,1.7815094528735587e-14,1.3417523626768044e-18,1.477841487761639e-18,4.640127521460854e-16,4.715056941143954e-16,3.599847110524048e-11,3.39511048562778e-11,7.824753602473511e-13,7.379730912889862e-13,1.3712172716709651e-05,1.2065282503752136e-05,0.20631097793016545,0.17012628042293107,0.4239844455855823,0.20024951278981457,0.08569909118793746,0.025761394526204618,5.7915960194177626e-08,2.64037393749198e-08,4.8876363082709e-06,2.153456258916626e-06,2.745381534459896e-10,1.1703064677379278e-10,2.5030211581658598e-12,1.0669926250752144e-12,7.275368184098698e-07,3.003793084808744e-07,1.892361574068211e-12,1.000179442415146e-12,0.0003063332380806592,0.00015563997474584288,3.5126691534853864e-08,1.718180777558989e-08,0.0022267709018585517,0.0010500631007201624,3.7147561594830036e-07,1.6909838730801733e-07,0.00048776477724277493,0.00021459107737325703,1.0264991234990253e-10,3.309804206216725e-11,4.347442249898717e-06,1.3681595922171905e-06,1.3205295529803e-10,4.1557657833370115e-11,2.5935887272551953e-19,2.4495743960089415e-19,6.829006062974102e-18,6.016817162520486e-18,1.6291693162165667e-14,1.3451076479840264e-14,2.344547618953905e-09,1.8211828908449499e-09,1.3018269153587507e-12,5.934177892604502e-13,1.5831184368319562e-15,6.979751399193755e-16,1.6991149894080187e-23,4.885987919636938e-24,1.8819174897348063e-15,5.656584241614216e-16,1.3551837919044979e-18,5.780628622889439e-19,8.092468114513728e-18,4.114733763843751e-18,6.145725784506731e-10,3.008334047001741e-10,7.342883463093938e-16,3.465103565453744e-16,6.005973385073864e-18,1.936354128494334e-18,9.257231523167506e-20,2.8463932396327804e-20,1.6393019221480234e-14,5.040489586159317e-15,6.327512386956609e-11,1.9455696270371955e-11,3.945586456303346e-17,1.2422848135110335e-17,0.0103286438842155,0.004877562378797918,9.999999999998783e-31,3.3114474615725147e-31,1.8693616427412026e-09,5.739334865542355e-10,2.3942743732902576e-06,7.182895120753281e-07,2.460757516512451e-10,7.562767703623771e-11,3.1664623857466116e-13,9.50897043303288e-14
0.781,1222.401479471002,5.427156890882325,0.25904253379879383,2.983753551144557,0.06843686770718357,0.44908304653588965,1.1995223721129512e-07,1.5742542851647708e-06,5.326274732929546e-14,4.404106265421195e-14,1.5952438036695522e-14,6.5952505108117055e-15,1.8809139152467755e-08,1.4630806669874375e-08,0.2021823785541996,0.14846910786156345,1.1411992478279588e-16,4.5739945764391367e-17,4.5732950313409525e-14,1.7786830887225327e-14,1.3374941318123368e-18,1.4731256184287055e-18,4.627695862067897e-16,4.702342364861007e-16,3.593003079609947e-11,3.388596487734637e-11,7.808795516418324e-13,7.364551734045739e-13,1.3699483985712188e-05,1.2053907113275377e-05,0.20630286973301531,0.17011662169708527,0.4240029836063407,0.2002547691173978,0.08570171368309883,0.025761732695271124,5.788640676006727e-08,2.6389804903763608e-08,4.88780348259006e-06,2.1534922845523986e-06,2.7424056018537856e-10,1.1690174541074847e-10,2.499684403475945e-12,1.0655516074822527e-12,7.270331295379624e-07,3.00166104534821e-07,1.886524611105037e-12,9.970769799070691e-13,0.00030579310708905475,0.00015536283338473246,3.505685318405842e-08,1.714734753541239e-08,0.0022245297012711733,0.001048987903095146,3.7101980687951384e-07,1.688879485746928e-07,0.0004875602113337806,0.00021449733090953276,1.0249258314592695e-10,3.3046735981362194e-11,4.344653956502764e-06,1.367258212296266e-06,1.3190219872572517e-10,4.150948872642789e-11,2.5865208360178594e-19,2.442856277447976e-19,6.818015938905902e-18,6.007029151547386e-18,1.6277221470022206e-14,1.3438893238087168e-14,2.3446918953463024e-09,1.8212631361947298e-09,1.300620521594965e-12,5.928575136132861e-13,1.5803095459396476e-15,6.967245640005516e-16,1.6946313661600178e-23,4.873009627722104e-24,1.8792827284533214e-15,5.648566089793253e-16,1.3528438803640475e-18,5.770546736546123e-19,8.080360931109338e-18,4.108505897337426e-18,6.143887950505734e-10,3.0073818758809957e-10,7.337682873846044e-16,3.462588904327923e-16,5.992780755542435e-18,1.932067001608006e-18,9.234486189651434e-20,2.8393499395779346e-20,1.6380470314814782e-14,5.036543067306603e-15,6.325662516172489e-11,1.9449668464729937e-11,3.940497501767872e-17,1.2406608550454867e-17,0.010328643884199316,0.004877477149746559,9.999999999998775e-31,3.311389598345238e-31,1.8663971432808652e-09,5.730133098037994e-10,2.3924271753319e-06,7.177228056434234e-07,2.458595771540255e-10,7.555991872537544e-11,3.159303736948354e-13,9.487307039819871e-14
0.782,1222.3303339192298,5.427320427522508,0.2590347282995226,2.987614037368025,0.068440880825798,0.44910154823403386,1.198537116239905e-07,1.572933802209053e-06,5.3154834981920974e-14,4.395106727609017e-14,1.591858979565089e-14,6.581141784064385e-15,1.8786745188481976e-08,1.4613132529320925e-08,0.20216833453813768,0.14845620578231006,1.1387504376518744e-16,4.564100000700409e-17,4.566126744492607e-14,1.775864168952908e-14,1.3332535083061584e-18,1.468429355669736e-18,4.615309442143285e-16,4.689674358555773e-16,3.586178745472938e-11,3.3821014067890903e-11,7.792885415996255e-13,7.349418587028991e-13,1.3686819588394348e-05,1.2042553934483046e-05,0.20629477650332403,0.17010698135452537,0.4240214808202718,0.20026001270364416,0.08570433823102805,0.02576207233339247,5.7856891707946956e-08,2.637588930162099e-08,4.887970462369337e-06,2.153528295429176e-06,2.7394368479249907e-10,1.1677315847123443e-10,2.4963563367491478e-12,1.0641143793210024e-12,7.265305149958002e-07,2.999533616420428e-07,1.8807115100726155e-12,9.939872705757083e-13,0.00030525449425488157,0.00015508647821848315,3.4987225277249914e-08,1.7112992005926332e-08,0.0022222932135804075,0.0010479150005331017,3.7056503638317384e-07,1.6867799560062382e-07,0.00048735598309792774,0.00021440374346449312,1.0233565033192823e-10,3.299556060590119e-11,4.3418703251189596e-06,1.3663583767958221e-06,1.317517634520633e-10,4.146142380367293e-11,2.579479082398436e-19,2.4361631607608524e-19,6.807054320862326e-18,5.997266798589648e-18,1.62627754343337e-14,1.3426732054569866e-14,2.344835891885913e-09,1.8213432224368506e-09,1.2994163507915796e-12,5.922982906731864e-13,1.5775086200904876e-15,6.954775666605722e-16,1.6901643222692685e-23,4.860079626378866e-24,1.876654308881544e-15,5.640567468278421e-16,1.350510455149973e-18,5.760493062586362e-19,8.068284614615181e-18,4.1022940802122034e-18,6.142053360446246e-10,3.006431426698573e-10,7.332491857497398e-16,3.4600789643902883e-16,5.9796299657019604e-18,1.927793578025855e-18,9.211822008189448e-20,2.8323319322180434e-20,1.6367946249715536e-14,5.0326044930833044e-15,6.323815814849698e-11,1.9443651266753728e-11,3.935420535560056e-17,1.2390407693227145e-17,0.010328643884183156,0.0048773920872172095,9.999999999998776e-31,3.311331848172151e-31,1.863440551503173e-09,5.72095612134139e-10,2.3905836435954312e-06,7.171572429021925e-07,2.4564380500804287e-10,7.549228896604807e-11,3.152168779513826e-13,9.465715864373666e-14
0.783,1222.2592617162804,5.4274838982489575,0.2590269264163656,2.9914746398692205,0.06844488658715085,0.44912001602403195,1.197553548364779e-07,1.5716156331017881e-06,5.3047246070785274e-14,4.386134393173338e-14,1.588484768004897e-14,6.567077643089333e-15,1.8764400144524312e-08,1.4595497544569615e-08,0.20215431501263098,0.14844332709904798,1.1363093570062547e-16,4.554236901659821e-17,4.5589771194623586e-14,1.7730526646299238e-14,1.3290303987956566e-18,1.4637525950123158e-18,4.602968041923385e-16,4.677052694745281e-16,3.57937402651769e-11,3.3756251638571195e-11,7.777023098247642e-13,7.334331275763101e-13,1.3674179445002008e-05,1.2031222893686564e-05,0.20628669819268827,0.17009735933626102,0.4240399373505614,0.20026524358773765,0.08570696482258412,0.025762413435181274,5.782741494327118e-08,2.636199252034669e-08,4.888137247886639e-06,2.153564291456698e-06,2.7364752459369867e-10,1.166448847744371e-10,2.4930369239559485e-12,1.0626809256360983e-12,7.260289711709757e-07,2.9974107823541963e-07,1.8749221547644774e-12,9.909102519271662e-13,0.0003047173949236779,0.0001548109067978699,3.491780700570895e-08,1.7078740780920987e-08,0.0022200614275979954,0.0010468443874248072,3.701113015313119e-07,1.684685269895313e-07,0.00048715209236596544,0.00021431031492434295,1.0217911241010977e-10,3.294451543755862e-11,4.339091341344189e-06,1.3654600808744062e-06,1.3160164834506453e-10,4.141346269442428e-11,2.572463337850118e-19,2.429494922318696e-19,6.796121098048009e-18,5.987530003106172e-18,1.6248354976167944e-14,1.3414592860392518e-14,2.3449796094374796e-09,1.8214231500757562e-09,1.298214395908065e-12,5.91740117060022e-13,1.5747156290124e-15,6.942341341709475e-16,1.6857137784755183e-23,4.847197683381998e-24,1.8740322175599323e-15,5.632588334221549e-16,1.3481834897975834e-18,5.750467485062093e-19,8.056239046609534e-18,4.096098250380523e-18,6.140222005132143e-10,3.005482694464536e-10,7.327310385402062e-16,3.457573731275513e-16,5.966520830208173e-18,1.92353379665443e-18,9.189238610661666e-20,2.8253391020562934e-20,1.6355446940667807e-14,5.0286738358781645e-15,6.321972273470744e-11,1.9437644644060987e-11,3.93035551358675e-17,1.2374245419702037e-17,0.010328643884167056,0.004877307190700953,9.999999999998747e-31,3.3112742107077187e-31,1.8604918406076861e-09,5.711803850377909e-10,2.38874377175792e-06,7.165928217658719e-07,2.4542843398252117e-10,7.542478735888304e-11,3.145057412388332e-13,9.444196596337951e-14
0.784,1222.188262664184,5.427647303211225,0.2590191281415749,2.9953353586013653,0.06844888501200944,0.44913845000303776,1.1965716632160495e-07,1.5702997705225478e-06,5.293997922607867e-14,4.3771891461186014e-14,1.585121122583502e-14,6.5530578916792786e-15,1.8742103847513132e-08,1.457790157579454e-08,0.20214031990460957,0.14843047174148546,1.1338759718465864e-16,4.544405139806875e-17,4.551846082699833e-14,1.770248546311647e-14,1.3248247108559719e-18,1.459095233038152e-18,4.590671445324584e-16,4.664477149742361e-16,3.572588841922722e-11,3.369167680765431e-11,7.761208360855531e-13,7.319289604847991e-13,1.3661563475262303e-05,1.2019913916823023e-05,0.20627863476451194,0.17008775559401068,0.42405835331792346,0.20027046180881955,0.08570959345219849,0.025762755996470106,5.779797635777825e-08,2.634811450570438e-08,4.8883038392697126e-06,2.153600272490707e-06,2.733520768390729e-10,1.1651692310789583e-10,2.4897261305781445e-12,1.0612512312722495e-12,7.255284943776486e-07,2.995292527194952e-07,1.8691564158382074e-12,9.878458545389495e-13,0.00030418180219827124,0.00015453611553559643,3.484859744529531e-08,1.704459339789225e-08,0.00221783432537937,0.0010457760549824288,3.6965859832891394e-07,1.682595408606732e-07,0.00048694853785290887,0.0002142170446857446,1.0202296786789426e-10,3.2893599973610696e-11,4.336316990387404e-06,1.3645633195772113e-06,1.3145185228945656e-10,4.136560503355842e-11,2.5654734758717125e-19,2.422851440454522e-19,6.785216160755543e-18,5.977818665564208e-18,1.623396001542442e-14,1.3402475585784615e-14,2.345123048864161e-09,1.8215029196248547e-09,1.2970146498031813e-12,5.911829893517713e-13,1.571930537984541e-15,6.929942508480136e-16,1.68127965128754e-23,4.834363554398847e-24,1.871416424855461e-15,5.624628596206223e-16,1.345862958036851e-18,5.740469888905755e-19,8.044224109216596e-18,4.089918346065546e-18,6.138393875376847e-10,3.004535674211675e-10,7.322138426862658e-16,3.455073189672745e-16,5.953453166735718e-18,1.9192875973930853e-18,9.166735588827153e-20,2.818371321292251e-20,1.634297230507764e-14,5.024751069011428e-15,6.320131882563767e-11,1.9431648564526294e-11,3.925302391678526e-17,1.2358121586008377e-17,0.010328643884151006,0.004877222459716521,9.99999999999875e-31,3.3112166856252246e-31,1.8575509778247614e-09,5.702676181794288e-10,2.386907545658234e-06,7.160295378020271e-07,2.4521346273935654e-10,7.53574134720311e-11,3.137969526203182e-13,9.42274890048902e-14
0.785,1222.1173365690506,5.427810642549284,0.25901133346786176,2.9991961935177804,0.06845287612093258,0.4491568502672307,1.1955914554742952e-07,1.568986207090965e-06,5.283303308010747e-14,4.368270870645128e-14,1.5817679972424758e-14,6.539082335095547e-15,1.8719856124280752e-08,1.4560344483140512e-08,0.20212634914061517,0.14841763963919707,1.1314502482660081e-16,4.534604576206648e-17,4.544733560419665e-14,1.7674517844709793e-14,1.320636352587556e-18,1.4544571669216853e-18,4.578419437652851e-16,4.651947501305601e-16,3.5658231111610294e-11,3.3627288796331864e-11,7.745441001945937e-13,7.304293379336507e-13,1.3648971598598982e-05,1.2008626929587536e-05,0.206270586184177,0.17007817008129122,0.4240767288417583,0.2002756674055881,0.08571222411580692,0.025763100013567894,5.776857583936114e-08,2.6334255201741878e-08,4.888470236608417e-06,2.1536362383722362e-06,2.730573387612643e-10,1.1638927225201349e-10,2.486423922002659e-12,1.0598252810370527e-12,7.250290809054675e-07,2.993178834892534e-07,1.8634141649471682e-12,9.847940095242517e-13,0.00030364770925214555,0.00015426210088091455,3.477959565361228e-08,1.7010549385488457e-08,0.0022156118875885835,0.0010447099937645043,3.692069225544931e-07,1.6805103523068608e-07,0.00048674531802265033,0.00021412393203519564,1.0186721519137246e-10,3.284281371101481e-11,4.333547257383896e-06,1.363668087928501e-06,1.313023741739924e-10,4.1317850457320856e-11,2.558509370796053e-19,2.4162325943071665e-19,6.774339399655969e-18,5.96813268678563e-18,1.6219590471478697e-14,1.3390380160569317e-14,2.345266211026444e-09,1.8215825315970603e-09,1.295817105296798e-12,5.90626904109891e-13,1.5691533140142239e-15,6.917579017728727e-16,1.6768618594315993e-23,4.8215770015087405e-24,1.8688069048143616e-15,5.616688173892458e-16,1.3435488337191812e-18,5.730500159590417e-19,8.032239684799455e-18,4.083754305625486e-18,6.136568962017671e-10,3.003590360988293e-10,7.31697595072377e-16,3.452577324061145e-16,5.94042679396395e-18,1.915054920475353e-18,9.144312549625723e-20,2.811428466811966e-20,1.6330522260979717e-14,5.020836166006166e-15,6.318294632673881e-11,1.942566299610096e-11,3.9202611256700436e-17,1.2342036048323077e-17,0.01032864388413503,0.004877137893787254,9.999999999998745e-31,3.311159272601035e-31,1.854617929187797e-09,5.69357300858351e-10,2.3850749494434915e-06,7.154673860721482e-07,2.449988899174334e-10,7.529016686672207e-11,3.1309050097698736e-13,9.401372436193165e-14
0.786,1222.0464832215644,5.427973916444203,0.2590035423859785,3.003057144571916,0.06845685993522313,0.4491752169163974,1.1946129199808053e-07,1.5676749356346594e-06,5.2726406280002243e-14,4.359379452183501e-14,1.5784253457248984e-14,6.525150777788291e-15,1.8697656803496674e-08,1.4542826128164768e-08,0.20211240264869088,0.14840483072245944,1.1290321525438157e-16,4.524835072677212e-17,4.537639480550198e-14,1.7646623502469174e-14,1.3164652325654264e-18,1.449838294368687e-18,4.566211804213428e-16,4.639463527209211e-16,3.559076754061168e-11,3.3563086829170385e-11,7.72972082146351e-13,7.289342406004411e-13,1.3636403735730179e-05,1.1997361858794313e-05,0.20626255240973806,0.17006860274511326,0.4240950640423631,0.20028086041659857,0.08571485680680759,0.02576344548194932,5.773921328674885e-08,2.6320414557385954e-08,4.8886364400994155e-06,2.1536721889833482e-06,2.7276330767617484e-10,1.1626193102255144e-10,2.483130264340909e-12,1.0584030600462957e-12,7.245307271375382e-07,2.991069689777063e-07,1.857695281902138e-12,9.817546523129925e-13,0.0003031151104870175,0.00015398885990711888,3.471080077310225e-08,1.6976608313870452e-08,0.0022133940996038027,0.0010436461965509368,3.6875627074891874e-07,1.6784300846304388e-07,0.0004865424321134763,0.00021403097659936955,1.0171185289241652e-10,3.279215615502858e-11,4.330782127867406e-06,1.3627743810751014e-06,1.3115321288757483e-10,4.1270198601952846e-11,2.551570897015777e-19,2.409638263081014e-19,6.763490705834872e-18,5.958471967956472e-18,1.6205246265461794e-14,1.3378306515995429e-14,2.3454090967794523e-09,1.8216619864959383e-09,1.2946217553601605e-12,5.900718579638418e-13,1.5663839257061164e-15,6.905250727310832e-16,1.6724603235051377e-23,4.808837792188615e-24,1.866203638024497e-15,5.608767006597529e-16,1.3412410908203445e-18,5.720558183120868e-19,8.020285656595184e-18,4.077606067861284e-18,6.134747255949768e-10,3.0026467498636553e-10,7.311822927524494e-16,3.4500861197127403e-16,5.927441530569599e-18,1.9108357061370227e-18,9.121969116382889e-20,2.8045104205475077e-20,1.631809672525533e-14,5.016929100021721e-15,6.316460514390922e-11,1.9419687906826117e-11,3.9152316719159395e-17,1.2325988664449332e-17,0.010328643884119098,0.004877053492422945,9.999999999998754e-31,3.3111019713023614e-31,1.8516926650841776e-09,5.684494237104689e-10,2.3832459727087305e-06,7.149063632707308e-07,2.4478471424159234e-10,7.522304713047135e-11,3.123863758926513e-13,9.380066883935298e-14
0.787,1221.9757024124406,5.428137125078897,0.25899575488659154,3.006918211717352,0.06846083647610167,0.4491935500499067,1.1936360516272343e-07,1.5663659490493045e-06,5.262009748264497e-14,4.350514776988655e-14,1.575093122033211e-14,6.511263025309618e-15,1.867550571507116e-08,1.4525346373418297e-08,0.2020984803575645,0.14839204492211389,1.126621651178258e-16,4.5150964919351135e-17,4.5305637716352245e-14,1.761880215022902e-14,1.3123112600030088e-18,1.445238513801166e-18,4.5540483316413e-16,4.627025006609258e-16,3.552349690961146e-11,3.349907013566694e-11,7.714047620747345e-13,7.274436492972966e-13,1.3623859808022494e-05,1.1986118631845707e-05,0.20625453339889205,0.170059053532258,0.42411335903995384,0.20028604088042448,0.08571749151782397,0.02576379239686487,5.7709888600647205e-08,2.630659252248549e-08,4.888802449954419e-06,2.1537081242134125e-06,2.7246998092555395e-10,1.1613489824651797e-10,2.4798451239929054e-12,1.0569845535414345e-12,7.240334294914352e-07,2.988965076324721e-07,1.8519996468648833e-12,9.787277185290294e-13,0.00030258400026113145,0.00015371638966593133,3.4642211958371224e-08,1.6942769759216877e-08,0.0022111809473631294,0.001042584656387339,3.6830663955273043e-07,1.676354589669286e-07,0.00048633987945359146,0.0002139381780446556,1.0155687949414801e-10,3.274162681462643e-11,4.328021587492475e-06,1.3618821942032716e-06,1.3100436732565347e-10,4.1222649105832943e-11,2.5446579297025074e-19,2.4030683267326667e-19,6.752669971044728e-18,5.948836410867795e-18,1.619092731920957e-14,1.3366254583911669e-14,2.345551706973913e-09,1.8217412848221214e-09,1.2934285930248325e-12,5.895178475714189e-13,1.5636223411154737e-15,6.892957492683885e-16,1.6680749638153218e-23,4.796145693112799e-24,1.863606603074311e-15,5.600865027642568e-16,1.3389397034693793e-18,5.710643846174703e-19,8.008361908603805e-18,4.071473571972834e-18,6.132928748112682e-10,3.00170483593076e-10,7.306679328146351e-16,3.4475995620651484e-16,5.914497196324482e-18,1.906629894975971e-18,9.099704908782478e-20,2.7976170633280407e-20,1.630569561514707e-14,5.0130298443350425e-15,6.31462951836183e-11,1.9413723264931285e-11,3.910213987082828e-17,1.2309979293200074e-17,0.0103286438841032,0.0048769692551350495,9.999999999998741e-31,3.3110447813975123e-31,1.8487751565155592e-09,5.67543977561933e-10,2.3814206056861643e-06,7.143464662843011e-07,2.445709344529229e-10,7.515605385589154e-11,3.1168456710187106e-13,9.358831928774355e-14
0.788,1221.904993950896,5.428300268590249,0.2589879709625662,3.0107793949077655,0.06846480576381857,0.44921184976246714,1.192660845180532e-07,1.5650592400743936e-06,5.251410534453455e-14,4.3416767313171286e-14,1.5717712809046698e-14,6.497418886301707e-15,1.865340268867448e-08,1.4507905081345093e-08,0.20208458219483247,0.1483792821687551,1.1242187108693618e-16,4.505388697542241e-17,4.523506361158247e-14,1.7591053497813066e-14,1.308174344840785e-18,1.4406577244599435e-18,4.541928809278463e-16,4.614631721458977e-16,3.54564184272198e-11,3.3435237950493797e-11,7.698421201484469e-13,7.259575448747393e-13,1.3611339736216924e-05,1.197489717565338e-05,0.20624652911759672,0.17004952239698162,0.424131613952555,0.2002912088353667,0.0857201282445858,0.025764140754598132,5.768060167092393e-08,2.629278904206251e-08,4.8889682662700815e-06,2.1537440439093767e-06,2.721773557900832e-10,1.1600817272553005e-10,2.476568466951043e-12,1.055569746596552e-12,7.235371843189702e-07,2.9868649787544686e-07,1.8463271327477208e-12,9.757131399770007e-13,0.0003020543716517929,0.00015344468655940414,3.4573828282430544e-08,1.690903325792855e-08,0.002208972411853686,0.0010415253639902888,3.6785802481923305e-07,1.6742838479414495e-07,0.0004861376585405855,0.00021384553567297825,1.0140229350775187e-10,3.269122519513902e-11,4.325265621611975e-06,1.3609915224105555e-06,1.308558363942745e-10,4.1175201610895936e-11,2.5377703455596063e-19,2.3965226666900997e-19,6.741877087764234e-18,5.939225917988744e-18,1.6176633553404688e-14,1.335422429527976e-14,2.3456940424588943e-09,1.8218204270818558e-09,1.292237611226822e-12,5.889648695497802e-13,1.5608685267337214e-15,6.880699162459705e-16,1.663705699468231e-23,4.7835004675510145e-24,1.8610157715416354e-15,5.592982149312411e-16,1.3366446459490128e-18,5.700757036124039e-19,7.996468325129668e-18,4.065356757340069e-18,6.131113429457351e-10,3.000764614300747e-10,7.301545121910761e-16,3.4451176358359993e-16,5.901593613143196e-18,1.9024374282965213e-18,9.077519531918132e-20,2.7907482715237184e-20,1.6293318849928024e-14,5.0091383728714784e-15,6.312801635260839e-11,1.940776903881101e-11,3.905208027729942e-17,1.2294007793120924e-17,0.01032864388408739,0.004876885181453886,9.999999999998748e-31,3.310987702567612e-31,1.8458653701128382e-09,5.666409519008086e-10,2.3795988328187302e-06,7.137876902662231e-07,2.4435754921173045e-10,7.508918661113845e-11,3.1098506370533433e-13,9.337667236816408e-14
0.789,1221.8343576298303,5.428463347158394,0.25898019060470606,3.014640694096962,0.06846876781940722,0.44923011615256425,1.191687295553412e-07,1.5637548016374664e-06,5.240842853529984e-14,4.33286520251446e-14,1.5684597768642537e-14,6.483618168536866e-15,1.8631347555510903e-08,1.4490502115562568e-08,0.20207070808962893,0.14836654239367844,1.121823298468656e-16,4.49571155367333e-17,4.5164671782109346e-14,1.7563377261291133e-14,1.304054397425663e-18,1.436095826041552e-18,4.529853026291429e-16,4.602283453548197e-16,3.538953130471548e-11,3.337158951085316e-11,7.682841366933925e-13,7.244759083321297e-13,1.3598843442155815e-05,1.1963697418075751e-05,0.20623853952426255,0.1700400092868208,0.4241498288991383,0.20029636431956885,0.0857227669801982,0.025764490550567374,5.7651352397774e-08,2.627900406578066e-08,4.889133889248483e-06,2.153779947958199e-06,2.7188542962867773e-10,1.1588175329439384e-10,2.4733002598774543e-12,1.0541586245703268e-12,7.230419880574771e-07,2.9847693816321697e-07,1.840677621790808e-12,9.72710853396235e-13,0.0003015262191678887,0.00015317374771686937,3.4505648903472756e-08,1.6875398388079545e-08,0.002206768478757075,0.0010404683122881362,3.674104231550717e-07,1.6722178433917695e-07,0.0004859357686382837,0.00021375304912278872,1.0124809346844144e-10,3.264095080962418e-11,4.3225142159656744e-06,1.3601023609131458e-06,1.307076189985684e-10,4.11278557587283e-11,2.5309080212634157e-19,2.3900011643640626e-19,6.731111948766447e-18,5.92964039204535e-18,1.6162364890259822e-14,1.334221558229816e-14,2.3458361040780557e-09,1.821899413771658e-09,1.2910488030355945e-12,5.884129205757958e-13,1.5581224516741294e-15,6.868475596809078e-16,1.6593524525297326e-23,4.770901887298919e-24,1.8584311243192492e-15,5.585118311882076e-16,1.334355892654738e-18,5.690897640821857e-19,7.984604791208231e-18,4.059255563712051e-18,6.129301290992718e-10,2.999826080105218e-10,7.29642027978034e-16,3.442640326509907e-16,5.888730602755755e-18,1.8982582473460833e-18,9.055412616054977e-20,2.783903929250804e-20,1.6280966347633363e-14,5.0052546591656555e-15,6.310976855807084e-11,1.9401825196946452e-11,3.900213750877797e-17,1.2278074024196199e-17,0.010328643884071592,0.0048768012708952585,9.999999999998743e-31,3.310930734483947e-31,1.8429632768143905e-09,5.657403375372941e-10,2.3777806439568725e-06,7.132300319905125e-07,2.441445572622532e-10,7.502244499001517e-11,3.102878554836324e-13,9.31657249459904e-14
0.79,1221.7637932557236,5.42862636093014,0.25897241380540714,3.018502109238852,0.0684727226631781,0.4492483493152204,1.1907153975890171e-07,1.5624526265807296e-06,5.23030657275313e-14,4.3240800781999155e-14,1.565158565054601e-14,6.469860682386438e-15,1.8609340147058678e-08,1.447313733996674e-08,0.20205685797039272,0.14835382552811224,1.1194353810446278e-16,4.486064925404661e-17,4.5094461513306e-14,1.753577315467252e-14,1.299951328816488e-18,1.4315527190430604e-18,4.517820774194827e-16,4.589979987094292e-16,3.5322834758815054e-11,3.3308124059284444e-11,7.667307921069527e-13,7.229987207410791e-13,1.358637084748451e-05,1.1952519286846054e-05,0.20623056458318634,0.17003051415466816,0.42416800399700644,0.20030150737095892,0.08572540771992943,0.025764841780916037,5.762214067437949e-08,2.6265237540195395e-08,4.889299319013761e-06,2.1538158362187288e-06,2.715941997655154e-10,1.1575563877363437e-10,2.4700404692413553e-12,1.0527511727445378e-12,7.22547837109536e-07,2.982678269391608e-07,1.835050990654209e-12,9.697207925880381e-13,0.00030099953630606193,0.0001529035697543484,3.443767292455792e-08,1.6841864700891953e-08,0.0022045691303797382,0.0010394134926222502,3.6696383063536536e-07,1.670156557553623e-07,0.00048573420844470646,0.00021366071778436622,1.0109427790661104e-10,3.2590803169758444e-11,4.319767356116054e-06,1.359214704876355e-06,1.3055971405358312e-10,4.108061119421884e-11,2.524070834821431e-19,2.38350370244466e-19,6.7203744475672416e-18,5.920079736450434e-18,1.6148121251443087e-14,1.3330228376767915e-14,2.3459778926728126e-09,1.8219782453914782e-09,1.2898621614756699e-12,5.878619973081971e-13,1.5553840834479315e-15,6.856286648881875e-16,1.6550151437699405e-23,4.758349720470266e-24,1.8558526355074556e-15,5.577273435240623e-16,1.3320734181374553e-18,5.681065548817269e-19,7.972771192349409e-18,4.05316993110035e-18,6.127492323746532e-10,2.9988892284946865e-10,7.291304771715818e-16,3.4401676191115907e-16,5.8759079887816426e-18,1.8940922939948864e-18,9.033383777216249e-20,2.7770839162707177e-20,1.6268638027867025e-14,5.001378677253794e-15,6.309155170751117e-11,1.9395891707977998e-11,3.895231113574448e-17,1.2262177846555594e-17,0.010328643884055863,0.004876717522989247,9.999999999998741e-31,3.310873876827469e-31,1.8400688446229973e-09,5.648421243835427e-10,2.375966025005746e-06,7.126734870505102e-07,2.439319572962644e-10,7.495582857049855e-11,3.0959293181753266e-13,9.295547376725483e-14
0.791,1221.6933006251547,5.428789310079098,0.2589646405557887,3.0223636402874687,0.0684766703159016,0.4492665493476792,1.1897451462290423e-07,1.5611527078744294e-06,5.219801560460237e-14,4.315321246892942e-14,1.5618676005700362e-14,6.456146238037549e-15,1.8587380296038946e-08,1.445581061941858e-08,0.20204303176662264,0.14834113150382047,1.11705492582746e-16,4.476448678471618e-17,4.502443210186499e-14,1.7508240896382073e-14,1.2958650505354828e-18,1.4270283044815794e-18,4.505831844856464e-16,4.577721106693765e-16,3.525632800942094e-11,3.324484084138538e-11,7.651820669230413e-13,7.215259633034204e-13,1.357392187465796e-05,1.1941362710402506e-05,0.20622260425401193,0.17002103694929663,0.4241861393638603,0.2003066380272999,0.08572805045743641,0.025765194441259173,5.759296640048353e-08,2.6251489414819813e-08,4.889464555755925e-06,2.153851708575101e-06,2.7130366357821924e-10,1.1562982800654302e-10,2.4667890619910227e-12,1.0513473766055796e-12,7.22054727936792e-07,2.9805916267079624e-07,1.82944712214253e-12,9.667428946071001e-13,0.0003004743174771112,0.00015263414975245177,3.4369899503420076e-08,1.68084317743601e-08,0.0022023743519728593,0.0010383608977219962,3.6651824380958325e-07,1.668099974119335e-07,0.00048553297713609713,0.00021356854125808062,1.0094084537025544e-10,3.254078179291317e-11,4.317025027887982e-06,1.3583285495466644e-06,1.304121204755466e-10,4.1033467562618575e-11,2.517258664498338e-19,2.3770301638759603e-19,6.70966447806492e-18,5.910543854958574e-18,1.613390255969254e-14,1.3318262611363643e-14,2.3461194090798995e-09,1.8220569224343877e-09,1.288677679665584e-12,5.873120964481834e-13,1.552653391324824e-15,6.844132179588918e-16,1.6506936960448632e-23,4.7458437411974184e-24,1.8532802852334637e-15,5.5694474573916e-16,1.3297971970683905e-18,5.671260649179435e-19,7.960967414727827e-18,4.047099799856905e-18,6.125686518795766e-10,2.9979540546395867e-10,7.286198568744857e-16,3.4376994991660737e-16,5.863125595088916e-18,1.889939510198168e-18,9.011432648428532e-20,2.770288117582839e-20,1.625633380960006e-14,4.997510400973663e-15,6.307336570885184e-11,1.9389968540647075e-11,3.890260073231136e-17,1.2246319121473854e-17,0.010328643884040182,0.004876633937257559,9.999999999998741e-31,3.3108171292734623e-31,1.8371820442731425e-09,5.639463031907638e-10,2.3741549652517645e-06,7.121180520532499e-07,2.437197480597639e-10,7.488933694717688e-11,3.089002825281389e-13,9.274591571047724e-14
0.792,1221.6228795364023,5.428952194776413,0.25895687084709,3.026225287196967,0.06848061079818887,0.44928471634640604,1.1887765364559375e-07,1.5598550385447039e-06,5.209327685907565e-14,4.30658859789154e-14,1.5585868387759888e-14,6.442474646828729e-15,1.8565467836363913e-08,1.4438521819737892e-08,0.20202922940833165,0.14832846025305355,1.114681900267107e-16,4.466862679511942e-17,4.4954582849517356e-14,1.7480780206858887e-14,1.2917954747437779e-18,1.4225224840908647e-18,4.493886031578184e-16,4.565506598431098e-16,3.519001028163015e-11,3.318173910778454e-11,7.636379418100274e-13,7.200576173509455e-13,1.3561496446729716e-05,1.19302276177309e-05,0.20621465849675116,0.17001157761990174,0.4242042351171502,0.20031175632635737,0.08573069518594684,0.025765548527099717,5.756382947696975e-08,2.623775963971591e-08,4.88962959967016e-06,2.1538875649150984e-06,2.7101381846452193e-10,1.1550431984524235e-10,2.4635460053186114e-12,1.0499472217467027e-12,7.215626570292987e-07,2.978509438378302e-07,1.823865898443459e-12,9.637770961905654e-13,0.00029995055689064303,0.00015236548469013927,3.430232780238131e-08,1.6775099188794106e-08,0.0022001841289248747,0.0010373105203834488,3.66073659260454e-07,1.6660480769364845e-07,0.0004853320739104458,0.0002134765191540965,1.0078779441701303e-10,3.2490886199666146e-11,4.31428721719277e-06,1.3574438901995778e-06,1.302648371874281e-10,4.098642451138785e-11,2.5104713893874383e-19,2.3705804324011684e-19,6.6989819348408795e-18,5.9010326519449156e-18,1.6119708738367273e-14,1.3306318219294467e-14,2.346260654131999e-09,1.8221354453913813e-09,1.2874953507767313e-12,5.867632147220547e-13,1.5499303434551594e-15,6.832012044932302e-16,1.6463880313148106e-23,4.733383721069915e-24,1.850714050523274e-15,5.561640307033489e-16,1.3275272042673768e-18,5.661482831631564e-19,7.949193345267312e-18,4.041045110726534e-18,6.123883867257895e-10,2.997020553733103e-10,7.281101642103086e-16,3.4352359523015224e-16,5.850383246735423e-18,1.8857998383040244e-18,8.989558853942729e-20,2.763516415505763e-20,1.624405361230316e-14,4.993649804324587e-15,6.305521047054795e-11,1.938405566387766e-11,3.885300587548567e-17,1.2230497711167606e-17,0.010328643884024536,0.004876550513225117,9.99999999999873e-31,3.3107604914993915e-31,1.8343028467348926e-09,5.630528647842836e-10,2.3723474541336916e-06,7.115637236525766e-07,2.4350792830776667e-10,7.482296971753394e-11,3.082098975285101e-13,9.253704768227486e-14
0.793,1221.5525297959643,5.429115015173401,0.2589491046714986,3.0300870499216095,0.0684845441301997,0.44930285040569357,1.187809563191041e-07,1.5585596115417124e-06,5.19888481855322e-14,4.297882020684287e-14,1.5553162355155235e-14,6.428845722110807e-15,1.8543602601958373e-08,1.4421270806803312e-08,0.20201545082514014,0.14831581170805402,1.112316271973852e-16,4.457306795832524e-17,4.488491305398182e-14,1.7453390805056737e-14,1.2877425141782222e-18,1.4180351602532537e-18,4.481983129406337e-16,4.553336250199164e-16,3.5123880804344063e-11,3.311881811286778e-11,7.620983974853766e-13,7.18593664265726e-13,1.3549094486455922e-05,1.191911393759009e-05,0.20620672727513614,0.17000213611906234,0.4242222913730199,0.20031686230563317,0.08573334190019549,0.025765904034440363,5.7534729799350295e-08,2.622404816255669e-08,4.88979445089622e-06,2.1539234051059527e-06,2.707246617958005e-10,1.1537911313101492e-10,2.460311266264663e-12,1.0485506937006525e-12,7.210716208467569e-07,2.97643168908245e-07,1.8183071999338885e-12,9.608233331282677e-13,0.0002994282483699224,0.00015209757135085377,3.423495694890462e-08,1.674186650754807e-08,0.0021979984443340327,0.0010362623523261414,3.656300732049041e-07,1.6640008481936511e-07,0.0004851314975701086,0.00021338465090903425,1.0063512360127263e-10,3.244111590968213e-11,4.311553909824419e-06,1.3565607220770773e-06,1.301178631189696e-10,4.093948169025304e-11,2.503708889599454e-19,2.364154392743496e-19,6.688326712989e-18,5.891546032261589e-18,1.6105539710243853e-14,1.3294395133325819e-14,2.3464016286591747e-09,1.8222138147546036e-09,1.2863151679346341e-12,5.862153488368891e-13,1.5472149085407736e-15,6.819926103378386e-16,1.6420980725045723e-23,4.720969434487951e-24,1.8481539076749725e-15,5.553851910698824e-16,1.3252634146885994e-18,5.651731986496499e-19,7.937448871199007e-18,4.03500580462689e-18,6.122084360274057e-10,2.996088720986398e-10,7.276013962310731e-16,3.432776963817555e-16,5.837680770117617e-18,1.881673221103481e-18,8.967762022713975e-20,2.7567686938244816e-20,1.623179735649453e-14,4.98979686164162e-15,6.303708590135922e-11,1.9378153046728585e-11,3.880352614230878e-17,1.2214713477908943e-17,0.010328643884008917,0.004876467250425712,9.999999999998706e-31,3.3107039631887435e-31,1.8314312209898827e-09,5.621617993815162e-10,2.3705434783724395e-06,7.110104976890882e-07,2.4329649675884063e-10,7.47567264680658e-11,3.075217664502688e-13,9.232886650535924e-14
0.794,1221.4822512159726,5.429277771408101,0.25894134202183694,3.0339489284157577,0.06848847033180071,0.44932095161846797,1.186844221336647e-07,1.5572664197940218e-06,5.1884728283393455e-14,4.289201405181264e-14,1.552055746991881e-14,6.415259278757694e-15,1.8521784427212888e-08,1.4404057446897079e-08,0.2020016959463296,0.14830318580101984,1.1099580087442758e-16,4.447780895510952e-17,4.481542201251208e-14,1.742607240981415e-14,1.283706082171042e-18,1.4135662360204397e-18,4.470122934990277e-16,4.541209851552759e-16,3.50579388107768e-11,3.3056077115239285e-11,7.605634147497349e-13,7.171340855118539e-13,1.353671591665652e-05,1.1908021598823482e-05,0.20619881055525044,0.16999271240152422,0.4242403082463859,0.20032195600230002,0.08573599059629364,0.02576626095973092,5.75056672603829e-08,2.62103549298056e-08,4.88995910954126e-06,2.1539592290032893e-06,2.704361909357079e-10,1.1525420670218349e-10,2.45708481187604e-12,1.0471577780064234e-12,7.20581615841352e-07,2.974358363475709e-07,1.8127709055819162e-12,9.578815404746784e-13,0.00029890738541106954,0.00015183040635252453,3.4167786051513027e-08,1.670873328479705e-08,0.00219581727998498,0.0010352163846530222,3.651874816555688e-07,1.6619582691547082e-07,0.00048493124668976385,0.0002132929358597483,1.0048283147909002e-10,3.239147044328045e-11,4.308825091529235e-06,1.35567904040882e-06,1.2997119720602624e-10,4.089263875097717e-11,2.496971046170357e-19,2.357751930517714e-19,6.677698708167959e-18,5.8820839012805764e-18,1.6091395398009924e-14,1.3282493286179921e-14,2.346542333488903e-09,1.8222920310164359e-09,1.2851371242598796e-12,5.856684954988928e-13,1.54450705478772e-15,6.807874211237763e-16,1.6378237423453727e-23,4.708600655330198e-24,1.8455998312899977e-15,5.546082189840327e-16,1.3230058034162938e-18,5.6420080046753e-19,7.925733880230669e-18,4.028981822732348e-18,6.120287989009207e-10,2.995158551627127e-10,7.270935499542491e-16,3.430322518857981e-16,5.825017992898985e-18,1.8775596018063514e-18,8.946041779661606e-20,2.75004483510201e-20,1.6219564963478333e-14,4.985951547512483e-15,6.301899191026117e-11,1.937226065835616e-11,3.875416111090908e-17,1.2198966284350254e-17,0.010328643883993373,0.004876384148399512,9.999999999998694e-31,3.3106475440293224e-31,1.8285671349316527e-09,5.612730968680691e-10,2.3687430231260882e-06,7.104583695362554e-07,2.430854521128723e-10,7.469060677970121e-11,3.0683587879254947e-13,9.212136896321111e-14
0.795,1221.4120435876189,5.429440463673898,0.25893358288829016,3.03781092263391,0.0684923894238595,0.44933902008246857,1.1858805059939596e-07,1.5559754564865678e-06,5.1780915868323225e-14,4.2805466426344475e-14,1.5488053290672852e-14,6.401715130234903e-15,1.8500013148564594e-08,1.438688160786017e-08,0.20198796470323946,0.148290582465101,1.1076070785375604e-16,4.438284847277545e-17,4.4746109043188764e-14,1.7398824748043674e-14,1.2796860924402195e-18,1.4091156148752682e-18,4.458305244478827e-16,4.529127191548042e-16,3.499218353700944e-11,3.299351537618754e-11,7.590329745950228e-13,7.156788627336552e-13,1.3524360661675116e-05,1.1896950531581918e-05,0.2061909082934133,0.16998330641333737,0.424258285853763,0.2003270374535052,0.08573864126658293,0.025766619298189294,5.7476641766845325e-08,2.6196679894227178e-08,4.890123575853479e-06,2.153995036516543e-06,2.7014840335080697e-10,1.151295994406669e-10,2.4538666100691234e-12,1.0457684605717342e-12,7.200926385802445e-07,2.9722894466791433e-07,1.807256905118019e-12,9.549516589752366e-13,0.0002983879631912222,0.00015156398716683014,3.410081432783232e-08,1.6675699128066124e-08,0.0021936406238279465,0.0010341726113711747,3.647458816160532e-07,1.6599203255898481e-07,0.00048473132086361396,0.00021320137379080006,1.0033091663714965e-10,3.234194933060391e-11,4.30610074855747e-06,1.3547988405787225e-06,1.2982483838266255e-10,4.084589534466249e-11,2.4902577399281355e-19,2.3513729311478527e-19,6.6670978163563305e-18,5.872646164647626e-18,1.6077275726476117e-14,1.3270612612293192e-14,2.346682769442629e-09,1.8223700946574493e-09,1.2839612130554748e-12,5.851226514957661e-13,1.5418067530310938e-15,6.795856236403691e-16,1.6335649664659637e-23,4.69627716581598e-24,1.843051805587449e-15,5.538331094802035e-16,1.3207543456513127e-18,5.6323107775607915e-19,7.914048260966146e-18,4.022973106666454e-18,6.118494744694365e-10,2.994230040904708e-10,7.265866226144695e-16,3.427872603580695e-16,5.812394742332849e-18,1.8734589234909135e-18,8.924397775342988e-20,2.7433447297869615e-20,1.620735635290302e-14,4.9821138360013226e-15,6.300092840676848e-11,1.936637846801394e-11,3.8704910365339644e-17,1.2183255994984149e-17,0.010328643883977869,0.0048763012066679184,9.999999999998692e-31,3.3105912336962123e-31,1.8257105620769067e-09,5.603867488548431e-10,2.366946080696701e-06,7.099073367082021e-07,2.428747931803026e-10,7.462461026712602e-11,3.0615222493793337e-13,9.191455210461722e-14
0.796,1221.3419067170194,5.429603092127868,0.25892582726277724,3.0416730325306767,0.06849630142640721,0.4493570558913881,1.1849184122071487e-07,1.5546867147358931e-06,5.167740966035183e-14,4.2719176246863585e-14,1.5455649382371422e-14,6.388213092671855e-15,1.8478288603037355e-08,1.4369743158059337e-08,0.20197425702680794,0.14827800163364852,1.1052634495524384e-16,4.4288185208552274e-17,4.467697345941047e-14,1.737164754493645e-14,1.275682459454098e-18,1.4046832011432006e-18,4.446529856512103e-16,4.517088061814101e-16,3.492661422535676e-11,3.293113216309439e-11,7.57507058104613e-13,7.142279776666507e-13,1.3512028645848169e-05,1.188590066606167e-05,0.2061830204522728,0.1699739181063323,0.42427622431034695,0.2003321066964176,0.08574129390493276,0.025766979045576725,5.7447653218884475e-08,2.6183023005660855e-08,4.890287850005604e-06,2.1540308275288956e-06,2.6986129647717466e-10,1.1500529021594719e-10,2.4506566286162632e-12,1.0443827272485015e-12,7.196046856056492e-07,2.970224923723162e-07,1.8017650811342891e-12,9.520336256140853e-13,0.0002978699756103033,0.00015129831061761777,3.403404093808537e-08,1.66427636169227e-08,0.0021914684603698913,0.0010331310248689973,3.6430526955292887e-07,1.6578870008333497e-07,0.00048453171911326645,0.00021310996423568021,1.0017937765874684e-10,3.22925521008827e-11,4.303380866995894e-06,1.3539201179246033e-06,1.2967878559456031e-10,4.079925112625965e-11,2.4835688530951294e-19,2.3450172813969023e-19,6.6565239343867174e-18,5.8632327287945394e-18,1.606318062011941e-14,1.3258753045882835e-14,2.346822937339044e-09,1.8224480061619097e-09,1.282787427595401e-12,5.845778136045033e-13,1.5391139710585446e-15,6.783872033379545e-16,1.6293216676591916e-23,4.683998740055429e-24,1.840509804612889e-15,5.530598545385148e-16,1.3185090167556051e-18,5.62264019726732e-19,7.902391902619293e-18,4.016979598385104e-18,6.116704618584953e-10,2.993303184091227e-10,7.26080611349018e-16,3.425427203698211e-16,5.799810847732232e-18,1.8693711299133353e-18,8.90282963371942e-20,2.7366682601760045e-20,1.6195171446166038e-14,4.9782837017307934e-15,6.29828953009116e-11,1.9360506445183245e-11,3.865577349055137e-17,1.2167582474647733e-17,0.010328643883962412,0.004876218424768297,9.999999999998689e-31,3.3105350318753174e-31,1.8228614729710493e-09,5.595027460439216e-10,2.3651526393811636e-06,7.093573955207143e-07,2.426645187199011e-10,7.455873652946752e-11,3.0547079488776726e-13,9.170841286461965e-14
0.797,1221.2718404148568,5.429765656916212,0.2589180751377381,3.0455352580607715,0.06850020635923122,0.449375059137756,1.1839579349596734e-07,1.5534001875818286e-06,5.1574208380312324e-14,4.2633142430657e-14,1.5423345313579116e-14,6.374752983722313e-15,1.845661062738403e-08,1.4352641965687568e-08,0.20196057284760724,0.14826544323990862,1.1029270901013067e-16,4.419381786444924e-17,4.460801457108939e-14,1.7344540524387867e-14,1.2716950981448772e-18,1.4002688996735181e-18,4.434796571026443e-16,4.505092255328351e-16,3.4861230120573596e-11,3.286892674578276e-11,7.55985646388215e-13,7.127814120745266e-13,1.3499719793083048e-05,1.1874871932106491e-05,0.20617514699675382,0.1699645474343988,0.4242941237300809,0.20033716376781077,0.08574394850664141,0.025767340198110385,5.7418701512112024e-08,2.616938421191749e-08,4.890451932126871e-06,2.1540666019065473e-06,2.695748677276869e-10,1.1488127788791552e-10,2.447454835140797e-12,1.0430005638283578e-12,7.191177534278359e-07,2.968164779511951e-07,1.796295317161065e-12,9.491273778797234e-13,0.0002973534166429515,0.0001510333735672943,3.396746502043471e-08,1.6609926320223318e-08,0.0021893007724918647,0.001032091616770761,3.638656416673659e-07,1.6558582770161676e-07,0.0004843324401678027,0.0002130187065995313,1.0002821312413128e-10,3.2243278282471964e-11,4.3006654328395e-06,1.353042867757702e-06,1.295330377912322e-10,4.075270575202553e-11,2.4769042686782424e-19,2.338684868785542e-19,6.6459769594145736e-18,5.853843500457917e-18,1.6049110002736307e-14,1.324691452063069e-14,2.346962837994335e-09,1.8225257660138928e-09,1.2816157611014041e-12,5.840339785795004e-13,1.5364286789498282e-15,6.771921466798993e-16,1.6250937714996044e-23,4.671765160188716e-24,1.8379738064695073e-15,5.522884473600999e-16,1.3162697922065997e-18,5.612996156423386e-19,7.890764694551104e-18,4.011001239932134e-18,6.114917601959302e-10,2.9923779764739935e-10,7.255755132394887e-16,3.4229863046665305e-16,5.787266139333367e-18,1.865296165137046e-18,8.88133699853466e-20,2.7300153146644785e-20,1.6183010165326223e-14,4.974461119536483e-15,6.296489250291602e-11,1.935464455943114e-11,3.860675007110266e-17,1.215194558808892e-17,0.010328643883946977,0.004876135802243029,9.999999999998682e-31,3.310478938255964e-31,1.820019836745393e-09,5.586210787053337e-10,2.36336268550487e-06,7.08808541699678e-07,2.4245462746291e-10,7.4492985157546e-11,3.047915784207981e-13,9.150294811194028e-14
0.798,1221.201844490451,5.429928158190199,0.2589103265053727,3.0493975991790165,0.06850410424215778,0.4493930299143266,1.1829990693033394e-07,1.5521158681552028e-06,5.147131075940012e-14,4.254736390373045e-14,1.539114065443703e-14,6.361334621716794e-15,1.8434979059713718e-08,1.4335577900014485e-08,0.2019469120966575,0.1482529072174659,1.1005979687131784e-16,4.4099745151333283e-17,4.453923169556056e-14,1.7317503413221073e-14,1.2677239240373926e-18,1.395872615979556e-18,4.423105189098498e-16,4.493139566253201e-16,3.479603047232615e-11,3.280689839881172e-11,7.544687207009782e-13,7.113391478606715e-13,1.3487434028063632e-05,1.1863864260255693e-05,0.206167287890702,0.16995519435054263,0.4243119842266219,0.20034220870431171,0.08574660506668805,0.025767702751911304,5.738978654529226e-08,2.6155763462256088e-08,4.890615822370865e-06,2.154102359526361e-06,2.6928911454838637e-10,1.1475756133077373e-10,2.4442611976105687e-12,1.0416219562518742e-12,7.186318385995255e-07,2.9661089991274506e-07,1.7908474973482912e-12,9.462328535955731e-13,0.00029683828026645545,0.00015076917288006045,3.3901085732649126e-08,1.6577186816471403e-08,0.002187137544101725,0.001031054379186131,3.634269943366703e-07,1.6538341370735852e-07,0.0004841334829266436,0.00021292760036251054,9.987742162626293e-11,3.219412740789667e-11,4.297954432222287e-06,1.352167085433877e-06,1.2938759392746743e-10,4.070625887993527e-11,2.4702638703429747e-19,2.332375581470635e-19,6.635456789221888e-18,5.844478386940459e-18,1.603506379902194e-14,1.3235096970972844e-14,2.3471024722209782e-09,1.8226033746944566e-09,1.280446206871957e-12,5.834911432107125e-13,1.5337508454416359e-15,6.760004395395979e-16,1.6208812023839568e-23,4.659576204997931e-24,1.835443787279927e-15,5.515188805520496e-16,1.3140366476128405e-18,5.603378548232354e-19,7.879166526905698e-18,4.005037973758367e-18,6.113133686133249e-10,2.991454413359566e-10,7.250713254179373e-16,3.4205498921823613e-16,5.774760448334143e-18,1.861233973543122e-18,8.859919503113899e-20,2.7233857784596835e-20,1.6170872432603015e-14,4.970646064307775e-15,6.294691992337259e-11,1.9348792780442672e-11,3.855783969490625e-17,1.2136345201133013e-17,0.01032864388393161,0.004876053338634503,9.99999999999869e-31,3.310422952527461e-31,1.8171856235670068e-09,5.577417374284257e-10,2.3615762065828953e-06,7.08260771328458e-07,2.422451181644213e-10,7.442735574958257e-11,3.04114565531193e-13,9.129815478038674e-14
0.799,1221.1319187446184,5.430090596124344,0.25890258135677496,3.053260055840358,0.06850799509539135,0.44941096831566535,1.1820418103732334e-07,1.550833749695218e-06,5.1368715538403365e-14,4.2461839600110503e-14,1.535903497513753e-14,6.347957825023007e-15,1.8413393739229794e-08,1.4318550831162044e-08,0.20193327470599282,0.14824039350044796,1.0982760540672027e-16,4.4005965786201364e-17,4.447062415994697e-14,1.7290535942081526e-14,1.2637688530957294e-18,1.3914942560677316e-18,4.4114555122131213e-16,4.481229789185789e-16,3.4731014533292895e-11,3.2745046399638535e-11,7.529562624206257e-13,7.09901167045585e-13,1.3475171276168987e-05,1.1852877581655665e-05,0.20615944309399592,0.1699458588042632,0.4243298059140138,0.20034724154243297,0.08574926357850565,0.02576806670259895,5.736090822272986e-08,2.614216070843464e-08,4.890779520946889e-06,2.1541381002866135e-06,2.6900403443099113e-10,1.1463413943819967e-10,2.441075684405929e-12,1.0402468906360371e-12,7.1814693772357e-07,2.964057567856809e-07,1.785421511334472e-12,9.43349993491153e-13,0.00029632456128037064,0.00015050570583798452,3.383490227908127e-08,1.654454470698411e-08,0.0021849787616040344,0.001030019305401577,3.6298932433930926e-07,1.6518145657667804e-07,0.00048393484669530674,0.00021283664518316727,9.972700177357862e-11,3.2145099014697023e-11,4.295247851510944e-06,1.351292766381146e-06,1.2924245295962723e-10,4.065991016845861e-11,2.463647542044958e-19,2.326089307893908e-19,6.624963321964627e-18,5.8351372958801146e-18,1.6021041934578155e-14,1.3223300332087334e-14,2.3472418408269566e-09,1.8226808326784418e-09,1.2792787582854304e-12,5.829493043242654e-13,1.531080441383048e-15,6.748120687225184e-16,1.6166838871632908e-23,4.647431660341669e-24,1.832919728738711e-15,5.507511483960327e-16,1.3118095587052176e-18,5.593787266426985e-19,7.867597290429243e-18,3.99908974262381e-18,6.111352862469785e-10,2.990532490074218e-10,7.245680451074671e-16,3.4181179523696864e-16,5.762293606223473e-18,1.8571844996114347e-18,8.838576800565339e-20,2.716779542860511e-20,1.615875816970772e-14,4.9668385107751895e-15,6.292897747330842e-11,1.9342951078015066e-11,3.8509041953092856e-17,1.2120781180622386e-17,0.01032864388391624,0.00487597103347808,9.99999999999868e-31,3.3103670743743708e-31,1.8143588059133816e-09,5.568647135122563e-10,2.35979319299606e-06,7.077140813495174e-07,2.4203598962602265e-10,7.436184791805024e-11,3.034397465816891e-13,9.109402991469218e-14
0.8,1221.062062987819,5.430252970869895,0.25889483968415017,3.0571226279998496,0.06851187893860548,0.44942887443378937,1.1810861532618461e-07,1.5495538253898307e-06,5.126642146196698e-14,4.237656845725392e-14,1.5327027850811523e-14,6.334622414088348e-15,1.8391854505531256e-08,1.4301560629612348e-08,0.2019196606072946,0.14822790202305153,1.0959613150372153e-16,4.3912478494121686e-17,4.440219128851226e-14,1.726363784058111e-14,1.259829801909883e-18,1.387133726647964e-18,4.399847343768122e-16,4.469362720702408e-16,3.466618156094944e-11,3.268337003041803e-11,7.514482530006384e-13,7.084674517252602e-13,1.3462931462730192e-05,1.184191182744843e-05,0.20615161257063508,0.16993654074882775,0.4243475889050672,0.20035226231852363,0.08575192403692958,0.025768432046269326,5.733206644397203e-08,2.612857590011017e-08,4.890943028011366e-06,2.154173824066853e-06,2.6871962484694844e-10,1.145110110956529e-10,2.437898263821655e-12,1.0388753530656942e-12,7.176630473842242e-07,2.962010470919294e-07,1.780017245090627e-12,9.40478736367553e-13,0.0002958122537847434,0.0001502429693685945,3.3768913827518855e-08,1.6511999575292124e-08,0.0021828244090953265,0.001028986387618995,3.625526280921344e-07,1.6497995462175488e-07,0.00048373653038721117,0.00021274584054814421,9.957695217316551e-11,3.2096192640119065e-11,4.292545676968951e-06,1.3504199059988379e-06,1.290976138525506e-10,4.061365927887753e-11,2.457055168829519e-19,2.319825937545113e-19,6.614496456444647e-18,5.8258201355103565e-18,1.6007044334715716e-14,1.3211524538952749e-14,2.3473809446176653e-09,1.822758140442457e-09,1.2781134086968865e-12,5.824084587375048e-13,1.5284174364192666e-15,6.736270205069369e-16,1.6125017517690197e-23,4.6353313094722365e-24,1.83040160773064e-15,5.499852437306993e-16,1.3095885013534199e-18,5.584222205359511e-19,7.85605687634204e-18,3.993156489546885e-18,6.1095751223555e-10,2.9896122019630834e-10,7.240656694651486e-16,3.415690471050929e-16,5.749865446030947e-18,1.8531476883300264e-18,8.817308533631727e-20,2.7101964959997977e-20,1.6146667299549106e-14,4.9630384340524035e-15,6.291106506410105e-11,1.9337119422100433e-11,3.846035643753656e-17,1.2105253393680777e-17,0.010328643883900968,0.00487588888631964,9.99999999999869e-31,3.310311303488366e-31,1.8115393542884082e-09,5.559899976526909e-10,2.358013632412034e-06,7.071684678937613e-07,2.418272406146844e-10,7.42964612650178e-11,3.027671116832407e-13,9.089057048460041e-14
0.801,1220.9922770301137,5.430415282580517,0.25888710147959054,3.060985315612654,0.06851575579145514,0.449446748360637,1.1801320930944073e-07,1.5482760884715017e-06,5.1164427282187e-14,4.229154941893295e-14,1.5295118858370475e-14,6.321328210121801e-15,1.837036119908111e-08,1.428460716654319e-08,0.20190606973260114,0.14821543271976875,1.0936537206721402e-16,4.381928200735916e-17,4.433393241004658e-14,1.723680884013512e-14,1.2559066875979731e-18,1.3827909350231127e-18,4.3882804882474864e-16,4.457538158509438e-16,3.460153081670363e-11,3.2621868577120946e-11,7.499446740017636e-13,7.070379840994562e-13,1.3450714513501157e-05,1.183096692916215e-05,0.20614379628421622,0.1699272401372047,0.4243653333122079,0.20035727106877196,0.08575458643665938,0.02576879877898158,5.730326110977679e-08,2.611500898750677e-08,4.891106343728648e-06,2.1542095307504078e-06,2.6843588328564355e-10,1.143881751964281e-10,2.4347289043579185e-12,1.0375073297154678e-12,7.171801641868864e-07,2.9599676936243993e-07,1.7746345857768056e-12,9.376190216615853e-13,0.0002953013519861551,0.00014998096045398872,3.370311955601766e-08,1.6479551010007395e-08,0.0021806744710848114,0.0010279556182362642,3.621169020842386e-07,1.6477890618793723e-07,0.00048353853297822795,0.00021265518597167514,9.942727144044805e-11,3.2047407824172646e-11,4.289847894939981e-06,1.3495484997125955e-06,1.2895307557519312e-10,4.0567505873832775e-11,2.450486636385015e-19,2.313585360535511e-19,6.604056091971331e-18,5.816526814526583e-18,1.5993070925191256e-14,1.3199769526930077e-14,2.3475197843949446e-09,1.8228352984605141e-09,1.2769501515011983e-12,5.818686032865958e-13,1.5257618002268186e-15,6.724452811870138e-16,1.6083347224328603e-23,4.6232749365332394e-24,1.8278894016771545e-15,5.492211595571311e-16,1.3073734515514998e-18,5.57468325992879e-19,7.844545176440875e-18,3.987238157848418e-18,6.107800457212469e-10,2.988693544390029e-10,7.235641956723441e-16,3.4132674341662527e-16,5.737475801651364e-18,1.8491234849736193e-18,8.796114346142045e-20,2.703636526358969e-20,1.613459974526859e-14,4.959245809329755e-15,6.289318260749508e-11,1.9331297782772412e-11,3.841178274237864e-17,1.208976170816863e-17,0.010328643883885722,0.004875806896705747,9.999999999998671e-31,3.310255639561609e-31,1.8087272396544092e-09,5.55117580687752e-10,2.356237512952198e-06,7.066239272289201e-07,2.41618869908683e-10,7.423119539611124e-11,3.0209665104640633e-13,9.068777349017328e-14
0.802,1220.9225606796263,5.430577531416259,0.258879366734886,3.0648481186340475,0.06851962567364935,0.44946459018840856,1.1791796250342158e-07,1.5470005322237116e-06,5.1062731758607786e-14,4.220678143521911e-14,1.5263307576490633e-14,6.3080750350853175e-15,1.8348913661178106e-08,1.4267690313801639e-08,0.2018925020144367,0.14820298552543726,1.0913532401853593e-16,4.372637506493494e-17,4.426584685852212e-14,1.72100486742116e-14,1.2519994277758793e-18,1.37846578905503e-18,4.3767547510699677e-16,4.445755901287996e-16,3.453706156557793e-11,3.256054132922388e-11,7.484455070894123e-13,7.056127464690102e-13,1.3438520354663237e-05,1.1820042818711508e-05,0.20613599419728965,0.16991795692148173,0.4243830392476363,0.2003622678292203,0.08575725077198056,0.025769166896666567,5.7274492122736436e-08,2.6101459921691795e-08,4.891269468279982e-06,2.154245220227685e-06,2.681528072584705e-10,1.1426563064335395e-10,2.4315675747486798e-12,1.0361428068615228e-12,7.166982847629554e-07,2.957929221390988e-07,1.7692734226631636e-12,9.3477078993206e-13,0.00029479185035412,0.0001497196762102156,3.3637518659113326e-08,1.6447198607854833e-08,0.002178528932846641,0.0010269269900129686,3.6168214293080136e-07,1.645783096781902e-07,0.00048334085356259383,0.00021256468102010757,9.927795820017617e-11,3.1998744109939746e-11,4.287154491878089e-06,1.3486785429834637e-06,1.2880883710058905e-10,4.052144961729939e-11,2.4439418309666107e-19,2.307367467525099e-19,6.593642128318338e-18,5.807257242046157e-18,1.5979121632239198e-14,1.3188035231785e-14,2.347658360956931e-09,1.8229123072033594e-09,1.275788980136056e-12,5.813297348277135e-13,1.5231135032423347e-15,6.712668373937698e-16,1.6041827264496942e-23,4.611262328750859e-24,1.8253830897582125e-15,5.484588894057806e-16,1.3051643854176255e-18,5.565170325577474e-19,7.833062083073513e-18,3.981334691137411e-18,6.106028858500436e-10,2.987776512737812e-10,7.230636209447734e-16,3.410848827819995e-16,5.725124507710352e-18,1.8451118350596994e-18,8.774993889467325e-20,2.6970995247514074e-20,1.612255543011761e-14,4.955460611835034e-15,6.287533001561977e-11,1.932548613022569e-11,3.8363320464064896e-17,1.2074305992691064e-17,0.010328643883870526,0.0048757250641822915,9.999999999998659e-31,3.3102000822858024e-31,1.8059224337382444e-09,5.542474536913793e-10,2.3544648235933687e-06,7.060804558797961e-07,2.4141087630345784e-10,7.416604992229019e-11,3.014283550283162e-13,9.048563597585794e-14
0.803,1220.8529137428686,5.430739717542895,0.2588716354415557,3.0687110370194253,0.06852348860492039,0.44948240000940837,1.1782287442931062e-07,1.5457271499948385e-06,5.096133365922058e-14,4.212226346331169e-14,1.523159358556809e-14,6.294862711675747e-15,1.8327511734157297e-08,1.4250809944061258e-08,0.2018789573859301,0.1481905603753417,1.0890598429704034e-16,4.363375641325826e-17,4.4197933973868594e-14,1.718335707863429e-14,1.2481079405856718e-18,1.3741581971959112e-18,4.365269938662244e-16,4.434015748768513e-16,3.44727730766709e-11,3.249938758014699e-11,7.469507340474766e-13,7.04191721248918e-13,1.3426348912954159e-05,1.1809139428512222e-05,0.20612820627140957,0.16990869105292417,0.4244007068234661,0.20036725263585028,0.08575991703650636,0.025769536395051872,5.7245759387735513e-08,2.6087928654787082e-08,4.891432401866108e-06,2.1542808923975253e-06,2.6787039430240057e-10,1.1414337635032352e-10,2.4284142439969025e-12,1.0347817708966607e-12,7.162174057753021e-07,2.9558950397701477e-07,1.7639336465161118e-12,9.31933982535438e-13,0.00029428374351757596,0.00014945911383470653,3.3572110348331394e-08,1.6414941973922403e-08,0.002176387780486787,0.0010259004961019893,3.612483473866658e-07,1.6437816355928437e-07,0.00048314349136825685,0.00021247432531866815,9.912901108759703e-11,3.195020104395482e-11,4.284465454359614e-06,1.347810031311759e-06,1.286648974063652e-10,4.0475490174752095e-11,2.4374206394295763e-19,2.301172149754176e-19,6.583254465787265e-18,5.79801132766499e-18,1.5965196382721956e-14,1.3176321589813095e-14,2.3477966750978516e-09,1.8229891671384954e-09,1.2746298880938447e-12,5.807918502425096e-13,1.5204725159696222e-15,6.700916757897358e-16,1.6000456914387696e-23,4.5992932743102986e-24,1.822882651442243e-15,5.47698426894791e-16,1.3029612791989437e-18,5.555683298313181e-19,7.821607489223395e-18,3.9754460333544345e-18,6.104260317719037e-10,2.986861102409464e-10,7.225639425377715e-16,3.4084346383057844e-16,5.712811399650752e-18,1.8411126843764903e-18,8.753946816594008e-20,2.6905853825008797e-20,1.6110534277494362e-14,4.951682816845247e-15,6.285750720105959e-11,1.9319684434799595e-11,3.831496920175206e-17,1.2058886116726835e-17,0.010328643883855375,0.004875643388294924,9.999999999998656e-31,3.310144631352483e-31,1.8031249091011723e-09,5.533796079949018e-10,2.3526955542593802e-06,7.055380506557737e-07,2.4120325861377583e-10,7.410102446051949e-11,3.0076221415128837e-13,9.028415503607913e-14
0.804,1220.783336033639,5.430901841108821,0.2588639075919494,3.0725740707242872,0.06852734460459403,0.4495001779139901,1.1772794460420421e-07,1.5444559350834826e-06,5.086023175520589e-14,4.20379944632625e-14,1.5199976470108674e-14,6.2816910643230125e-15,1.8306155260594843e-08,1.4233965930227889e-08,0.20186543577994356,0.14817815720482633,1.0867734985853601e-16,4.354142480557449e-17,4.4130193093633435e-14,1.7156733788369092e-14,1.2442321447222917e-18,1.3698680685199047e-18,4.353825859071766e-16,4.422317502360553e-16,3.440866462302671e-11,3.243840662718539e-11,7.454603367222549e-13,7.027748909166459e-13,1.3414200114997199e-05,1.179825669091102e-05,0.20612043247132006,0.1698994424857142,0.42441833615069213,0.20037222552443643,0.08576258522505446,0.0257699072702695,5.721706280552523e-08,2.6074415137084906e-08,4.8915951446429514e-06,2.154316547142544e-06,2.6758864193665516e-10,1.1402141122402479e-10,2.4252688810262066e-12,1.0334242081836256e-12,7.157375238678468e-07,2.9538651342420993e-07,1.7586151461178373e-12,9.291085397885172e-13,0.00029377702568904887,0.00014919927031407386,3.35068938070456e-08,1.6382780699616628e-08,0.0021742509982481404,0.001024876128780916,3.608155119130739e-07,1.641784661649242e-07,0.0004829464453015213,0.00021238411835156808,9.898042873687951e-11,3.190177817252767e-11,4.281780768876145e-06,1.3469429601742279e-06,1.2852125547667215e-10,4.0429627213841214e-11,2.4309229495667407e-19,2.2949992993657348e-19,6.572893005209577e-18,5.788788981468981e-18,1.5951295103167417e-14,1.3164628537067784e-14,2.3479347276092883e-09,1.823065878734264e-09,1.2734728688411107e-12,5.802549464023995e-13,1.5178388087793577e-15,6.68919782981804e-16,1.5959235452145217e-23,4.587367561992073e-24,1.8203880642289835e-15,5.469397650527456e-16,1.3007641092701737e-18,5.5462220747118485e-19,7.810181288253721e-18,3.9695721286482475e-18,6.102494826392361e-10,2.9859473088258044e-10,7.220651576519036e-16,3.406024851667091e-16,5.700536314190129e-18,1.8371259791334728e-18,8.732972779415238e-20,2.6840939906134773e-20,1.6098536211749292e-14,4.947912399942587e-15,6.283971407671957e-11,1.9313892666969493e-11,3.826672855513221e-17,1.2043501949963956e-17,0.010328643883840244,0.004875561868597338,9.999999999998649e-31,3.3100892864586515e-31,1.8003346367168845e-09,5.525140344446607e-10,2.3509296926652677e-06,7.04996707705626e-07,2.4099601562596446e-10,7.403611861921997e-11,3.0009821872524606e-13,9.008332770204404e-14
0.805,1220.713827368777,5.431063902255776,0.25885618317873593,3.0764372197042347,0.06853119369182357,0.44951792399170354,1.1763317254514145e-07,1.5431868807899876e-06,5.0759424823112746e-14,4.1953973399739277e-14,1.5168455817441964e-14,6.2685599186529146e-15,1.8284844083623362e-08,1.4217158145672286e-08,0.20185193712927985,0.1481657759493183,1.0844941767569311e-16,4.3449379002088166e-17,4.4062623556664625e-14,1.7130178538940772e-14,1.2403719594079547e-18,1.3655953126936185e-18,4.342422321645401e-16,4.410660964822257e-16,3.434473548154374e-11,3.2377597771393825e-11,7.439742970451022e-13,7.013622380328512e-13,1.3402073887586804e-05,1.1787394538426515e-05,0.20611267276295517,0.16989021117515501,0.42443592733945834,0.2003771865304991,0.08576525533318498,0.02577027951869475,5.7188402275643736e-08,2.6060919318356243e-08,4.891757696750346e-06,2.154352184339918e-06,2.6730754768211096e-10,1.1389973417210956e-10,2.4221314548343544e-12,1.0320701051195972e-12,7.15258635687163e-07,2.9518394903027794e-07,1.7533178100079766e-12,9.262944018878065e-13,0.00029327169095252876,0.00014894014257019604,3.3441868211659994e-08,1.6350714373005652e-08,0.0021721185697661407,0.0010238538800430763,3.603836328792675e-07,1.63979215787346e-07,0.00048274971415812764,0.00021229405955465485,9.883220978611545e-11,3.1853475043327147e-11,4.279100421922052e-06,1.3460773250504075e-06,1.283779103007836e-10,4.038386040391641e-11,2.4244486499282194e-19,2.2888488092331027e-19,6.56255764791887e-18,5.779590114004431e-18,1.593741772019224e-14,1.3152956009698152e-14,2.348072519279959e-09,1.8231424424580982e-09,1.2723179158541911e-12,5.797190201842903e-13,1.5152123519051754e-15,6.67751145518914e-16,1.5918162157363727e-23,4.575484981023514e-24,1.8178993050664224e-15,5.461828967439518e-16,1.2985728521263062e-18,5.536786551881618e-19,7.798783374002444e-18,3.963712921420551e-18,6.100732376072068e-10,2.9850351274243727e-10,7.215672634761234e-16,3.403619453897844e-16,5.688299089073471e-18,1.8331516658800008e-18,8.712071429119203e-20,2.6776252398945767e-20,1.60865611577663e-14,4.944149336881362e-15,6.282195055577155e-11,1.9308110797313512e-11,3.82185981253103e-17,1.202815336256528e-17,0.010328643883825197,0.004875480504647108,9.999999999998645e-31,3.3100340473039223e-31,1.7975515871002298e-09,5.51650723747955e-10,2.3491672257842173e-06,7.044564229568556e-07,2.40789146119638e-10,7.39713320048788e-11,2.9943635902196034e-13,8.988315099396995e-14
0.806,1220.6443875577343,5.4312259011458,0.25884846219361873,3.0803004839149835,0.06853503588610259,0.4495356383337514,1.1753855777723827e-07,1.5419199805200268e-06,5.065891164890396e-14,4.187019924528345e-14,1.5137031215139472e-14,6.255469100407305e-15,1.8263578047480794e-08,1.4200386464628095e-08,0.20183846136755812,0.1481534165446721,1.0822218473669284e-16,4.33576177693329e-17,4.3995224711033047e-14,1.7103691069478052e-14,1.2365273043031275e-18,1.3613398398752558e-18,4.3310591362094723e-16,4.399045939418383e-16,3.428098493228692e-11,3.2316960316872246e-11,7.424925970695144e-13,6.999537452749078e-13,1.3389970158217774e-05,1.177655290419078e-05,0.20610492710872794,0.1698809970734452,0.42445348050009524,0.20038213568939045,0.08576792735531272,0.025770653136327,5.715977770279243e-08,2.6047441150703864e-08,4.8919200583786934e-06,2.154387803886398e-06,2.6702710910291255e-10,1.1377834412069375e-10,2.4190019348148437e-12,1.030719448271124e-12,7.147807379284069e-07,2.949818093647419e-07,1.748041531346792e-12,9.23491511476856e-13,0.0002927677340786454,0.00014868172787390645,3.337703278045735e-08,1.6318742602669308e-08,0.002169990480936909,0.0010228337429473956,3.599527070187285e-07,1.6378041088458094e-07,0.00048255329710329817,0.00021220414852608877,9.868435288812367e-11,3.180529120879856e-11,4.276424400206071e-06,1.3452131214864651e-06,1.2823486087001946e-10,4.033818941497689e-11,2.4179976293839536e-19,2.2827205725422206e-19,6.552248295641052e-18,5.770414636169565e-18,1.5923564161313717e-14,1.3141303944592392e-14,2.3482100508945426e-09,1.8232188587719335e-09,1.2711650226884465e-12,5.791840685009526e-13,1.5125931170358354e-15,6.665857505923563e-16,1.587723632701522e-23,4.563645325647578e-24,1.8154163553117244e-15,5.454278161578185e-16,1.2963874843784959e-18,5.527376627434042e-19,7.78741364091619e-18,3.957868356385994e-18,6.098972958351986e-10,2.984124553660548e-10,7.210702572835427e-16,3.401218431387305e-16,5.6760995624106585e-18,1.8291896912880386e-18,8.691242430836616e-20,2.6711790254451645e-20,1.6074609040004867e-14,4.9403936032836e-15,6.280421655173969e-11,1.9302338796499827e-11,3.817057751652836e-17,1.2012840225686686e-17,0.010328643883810178,0.004875399295995757,9.999999999998636e-31,3.3099789135838305e-31,1.7947757328610766e-09,5.507896672556764e-10,2.3474081431895767e-06,7.039171931164582e-07,2.405826489170517e-10,7.390666423706162e-11,2.9877662565460974e-13,8.968362203483415e-14
0.807,1220.5750164097776,5.4313878379430705,0.2588407446282015,3.084163863312367,0.06853887120687291,0.44955332103108014,1.1744409983040126e-07,1.5406552277437627e-06,5.055869102722141e-14,4.178667097976382e-14,1.5105702252744782e-14,6.2424184361682585e-15,1.8242356997526872e-08,1.4183650762225498e-08,0.20182500842894627,0.14814107892719128,1.0799564804890852e-16,4.326613988170936e-17,4.392799591044118e-14,1.7077271121342386e-14,1.232698099615199e-18,1.3571015608361959e-18,4.3197361137239097e-16,4.3874722305911107e-16,3.4217412259776754e-11,3.2256493572028324e-11,7.410152189727534e-13,6.98549395439459e-13,1.3377888854983276e-05,1.1765731721876976e-05,0.20609719547061928,0.16987180013247524,0.42447099574280117,0.20038707303643907,0.08577060128528732,0.025771028119002046,5.7131188993628156e-08,2.6033980587138804e-08,4.892082229732971e-06,2.154423405685633e-06,2.6674732378715466e-10,1.1365724000629236e-10,2.415880290623969e-12,1.0293722243189847e-12,7.143038273183737e-07,2.9478009301049597e-07,1.742786203669272e-12,9.20699811404322e-13,0.00029226514981075706,0.0001484240234826303,3.3312386743533824e-08,1.6286865003022064e-08,0.0021678667182236247,0.0010218157108215337,3.595227311648317e-07,1.6358204996040556e-07,0.00048235719339529293,0.00021211438490507776,9.85368567058395e-11,3.1757226224724173e-11,4.273752690544882e-06,1.344350345063699e-06,1.2809210618108923e-10,4.02926139187826e-11,2.41156977746507e-19,2.2766144831172115e-19,6.541964850685403e-18,5.761262459391262e-18,1.590973435471039e-14,1.3129672279199548e-14,2.3483473232339574e-09,1.823295128135114e-09,1.2700141829557397e-12,5.78650088291611e-13,1.509981075210464e-15,6.654235851091658e-16,1.5836457253753027e-23,4.551848388892942e-24,1.8129391946694826e-15,5.446745169883761e-16,1.2942079827690035e-18,5.517992199555889e-19,7.776071984120288e-18,3.952038378613577e-18,6.097216564864279e-10,2.9832155830100667e-10,7.205741363802941e-16,3.3988217706838374e-16,5.663937573253523e-18,1.825240002340793e-18,8.670485445083876e-20,2.6647552409622048e-20,1.6062679783212128e-14,4.9366451748651895e-15,6.278651197861128e-11,1.9296576635349178e-11,3.8122666335825525e-17,1.1997562411387759e-17,0.01032864388379521,0.004875318242196036,9.999999999998628e-31,3.309923884994727e-31,1.792007047213838e-09,5.499308565056701e-10,2.345652435105671e-06,7.03379015087403e-07,2.403765228559706e-10,7.384211494018592e-11,2.9811900937461865e-13,8.948473798951515e-14
0.808,1220.5057137416238,5.431549712794052,0.258833030474934,3.0880273578523223,0.06854269967315146,0.4495709721725886,1.1734979823115031e-07,1.5393926158908091e-06,5.045876175645416e-14,4.170338758636003e-14,1.507446852377866e-14,6.229407754195581e-15,1.8221180779482006e-08,1.4166950913919962e-08,0.20181157824743934,0.14812876303331476,1.0776980463677021e-16,4.317494412069137e-17,4.3860936506719265e-14,1.705091843523536e-14,1.2288842661087759e-18,1.3528803869742024e-18,4.308453066780428e-16,4.3759396444721987e-16,3.415401675269564e-11,3.219619684934676e-11,7.395421450018372e-13,6.971491713924991e-13,1.336582990594385e-05,1.1754930925161462e-05,0.20608947781381087,0.16986262030706972,0.42448847317678057,0.20039199860683593,0.08577327711795005,0.025771404462897433,5.710263605100508e-08,2.6020537578994314e-08,4.892244210975632e-06,2.1544589896261645e-06,2.6646818930768624e-10,1.1353642075928325e-10,2.4127664918623595e-12,1.0280284199239798e-12,7.138279005688969e-07,2.945787985450009e-07,1.7375517180993507e-12,9.1791924325358e-13,0.0002917639324024423,0.0001481670264057237,3.324792930348969e-08,1.6255081175117512e-08,0.002165747266289386,0.001020799776147622,3.5909370186950574e-07,1.6338413139106942e-07,0.0004821614019832381,0.00021202476819533238,9.838971990184422e-11,3.1709279646894495e-11,4.271085279677855e-06,1.343488991342222e-06,1.2794964523746407e-10,4.0247133589344094e-11,2.405164984639164e-19,2.2705304356834527e-19,6.5317072159200915e-18,5.752133495611781e-18,1.5895928228325112e-14,1.3118060950808395e-14,2.3484843370763624e-09,1.8233712510078262e-09,1.2688653902497937e-12,5.781170764887738e-13,1.5073761967678842e-15,6.642646356707794e-16,1.5795824226100767e-23,4.5400939626349205e-24,1.810467799797286e-15,5.439229920161734e-16,1.2920343241663267e-18,5.508633166996305e-19,7.764758299167993e-18,3.946222933404883e-18,6.095463187266981e-10,2.982308210967272e-10,7.200788980216675e-16,3.3964294581042777e-16,5.6518129619575665e-18,1.8213025464518826e-18,8.649800126467871e-20,2.6583537783445212e-20,1.6050773313104382e-14,4.932904027652497e-15,6.276883675074303e-11,1.929082428483418e-11,3.807486419102903e-17,1.1982319792016823e-17,0.010328643883780268,0.004875237342808972,9.99999999999862e-31,3.309868961238597e-31,1.7892455018508013e-09,5.490742825708925e-10,2.3439000896292137e-06,7.028418851364523e-07,2.4017076674736895e-10,7.377768373063385e-11,2.974635007384398e-13,8.928649596489937e-14
0.809,1220.4364793655268,5.431711525857856,0.25882531972566547,3.0918909674908996,0.06854652130414383,0.44958859184808136,1.172556525104797e-07,1.538132138449676e-06,5.035912264204025e-14,4.16203480541907e-14,1.5043329622802446e-14,6.21643688319814e-15,1.820004923981122e-08,1.4150286795756778e-08,0.20179817075762316,0.14811646879982424,1.0754465153847955e-16,4.308402927340514e-17,4.3794045857669423e-14,1.7024632754207163e-14,1.225085724972962e-18,1.3486762301639703e-18,4.2972098086113805e-16,4.364447987865596e-16,3.409079770258406e-11,3.213606946408241e-11,7.380733574986749e-13,6.957530560913827e-13,1.3353793239568585e-05,1.1744150448083668e-05,0.20608177410139455,0.1698534575502215,0.4245059129111695,0.20039691243559327,0.0857759548474733,0.025771782163972152,5.7074118780523725e-08,2.600711207884814e-08,4.892406002297217e-06,2.1544945556073918e-06,2.661897032638772e-10,1.1341588532143109e-10,2.409660508387233e-12,1.0266880218575104e-12,7.133529544205712e-07,2.9437792455762456e-07,1.7323379694811557e-12,9.151497505795764e-13,0.00029126407665037106,0.00014791073392865427,3.318365968886218e-08,1.62233907327335e-08,0.00216363211109454,0.0010197859320197579,3.5866561589222565e-07,1.631866536473975e-07,0.00048196592202126326,0.00021193529799065324,9.824294114886688e-11,3.1661451034416576e-11,4.268422154484707e-06,1.3426290559262135e-06,1.2780747704514951e-10,4.020174810149629e-11,2.3987831417849274e-19,2.2644683253660474e-19,6.5214752945730336e-18,5.7430276570995414e-18,1.588214571059694e-14,1.3106469897120027e-14,2.348621093196204e-09,1.8234472278460196e-09,1.2677186382095237e-12,5.775850300457069e-13,1.5047784537334722e-15,6.631088896232756e-16,1.5755336552624092e-23,4.528381844531978e-24,1.808002151810985e-15,5.431732353618357e-16,1.2898664855518081e-18,5.499299428996437e-19,7.753472482089791e-18,3.9404219663096546e-18,6.093712817256333e-10,2.981402433044034e-10,7.19584539512103e-16,3.3940414801974726e-16,5.639725569350031e-18,1.8173772711928195e-18,8.629186145114493e-20,2.651974534272058e-20,1.6038889555248923e-14,4.929170137626911e-15,6.275119078284164e-11,1.928508171602729e-11,3.8027170692182214e-17,1.196711224063163e-17,0.010328643883765422,0.004875156597392324,9.999999999998617e-31,3.3098141420151743e-31,1.7864910696855637e-09,5.482199369000093e-10,2.3421510963230175e-06,7.023057999701255e-07,2.399653794274105e-10,7.371337023254374e-11,2.968100905031944e-13,8.908889312842368e-14
0.81,1220.3673131014652,5.431873277275055,0.2588176123731306,3.09575469218425,0.06855033611863977,0.44960618014538917,1.1716166219599529e-07,1.536873788868335e-06,5.0259772493123744e-14,4.153755137565021e-14,1.5012285148440032e-14,6.203505653597539e-15,1.8178962225335892e-08,1.4133658284103272e-08,0.2017847858937182,0.1481041961635,1.0732018580963312e-16,4.2993394134183885e-17,4.3727323319077376e-14,1.6998413820592032e-14,1.2213023979526195e-18,1.3444890029048045e-18,4.2860061540899863e-16,4.3529970692736996e-16,3.402775440517539e-11,3.207611073559565e-11,7.366088388751246e-13,6.943610325629786e-13,1.3341778784295988e-05,1.1733390224688211e-05,0.2060740842997549,0.16984431181793835,0.4245233150539006,0.20040181455749323,0.08577863446942101,0.025772161218647886,5.7045637083897786e-08,2.5993704037562645e-08,4.89256760384394e-06,2.1545301035128813e-06,2.6591186323939275e-10,1.1329563262816914e-10,2.406562309997081e-12,1.025351016869698e-12,7.128789855985248e-07,2.9417746963209927e-07,1.7271448500070706e-12,9.123912755447764e-13,0.00029076557682030047,0.00014765514306793864,3.311957709976893e-08,1.6191793275835747e-08,0.0021615212367499755,0.0010187741706632978,3.5823846970386216e-07,1.6298961506943961e-07,0.0004817707523460771,0.0002118459737457126,9.809651911909236e-11,3.161373994634439e-11,4.265763301761686e-06,1.3417705343967605e-06,1.2766560061699216e-10,4.015645713235e-11,2.3924241407190033e-19,2.258428048192559e-19,6.511268990432213e-18,5.733944856639329e-18,1.5868386729733792e-14,1.309489905567926e-14,2.3487575923655387e-09,1.8235230591068314e-09,1.2665739204560404e-12,5.770539459091227e-13,1.5021878172739595e-15,6.619563339373388e-16,1.57149935360412e-23,4.5167118305951016e-24,1.8055422283334865e-15,5.424252400985435e-16,1.2877044440300873e-18,5.489990885347175e-19,7.742214429342593e-18,3.9346354231094366e-18,6.091965446550356e-10,2.980498244768904e-10,7.190910581036111e-16,3.391657823273337e-16,5.627675237574036e-18,1.8134641245693813e-18,8.608643163874092e-20,2.6456174032066014e-20,1.602702843618273e-14,4.9254434810805296e-15,6.27335739898812e-11,1.9279348900121992e-11,3.7979585450062585e-17,1.1951939630561746e-17,0.010328643883750608,0.004875076005512239,9.999999999998626e-31,3.3097594270299323e-31,1.783743722069557e-09,5.473678104645343e-10,2.3404054425656e-06,7.017707556417863e-07,2.3976035970461076e-10,7.364917406175689e-11,2.96158769227991e-13,8.889192658862031e-14
0.811,1220.2982147611524,5.432034967208964,0.2588099084089824,3.0996185318886393,0.06855414413579687,0.44962373715411386,1.1706782682582646e-07,1.5356175607319285e-06,5.016071012998911e-14,4.145499655242258e-14,1.4981334698934668e-14,6.190613895672536e-15,1.8157919584311527e-08,1.4117065256442675e-08,0.20177142359100822,0.14809194506170978,1.07096404522905e-16,4.2903037504305486e-17,4.366076825792231e-14,1.6972261381090375e-14,1.2175342072457911e-18,1.3403186182034089e-18,4.274841918543008e-16,4.3415866976776895e-16,3.396488615982215e-11,3.2016319986710915e-11,7.351485716866333e-13,6.929730839709073e-13,1.3329786469504519e-05,1.1722650189841885e-05,0.20606640837122808,0.16983518306266498,0.42454067971340376,0.20040670500726832,0.08578131597767004,0.02577254162280405,5.701719086943805e-08,2.598031340898127e-08,4.892729015824779e-06,2.154565633250844e-06,2.6563466687118076e-10,1.1317566163763945e-10,2.4034718669735704e-12,1.0240173919170706e-12,7.124059908900595e-07,2.9397743237764624e-07,1.7219722562120253e-12,9.09643762611186e-13,0.0002902684278210239,0.00014740025116684265,3.3055680784759143e-08,1.6160288428099448e-08,0.0021594146300761502,0.0010177644855804962,3.578122602146713e-07,1.6279301419718482e-07,0.00048157589224607106,0.00021175679511359506,9.795045250213662e-11,3.156614594737294e-11,4.26310870855754e-06,1.340913422413359e-06,1.275240149678762e-10,4.011126035965576e-11,2.386087873552895e-19,2.2524095004787825e-19,6.50108820773912e-18,5.724885007420515e-18,1.5854651215152815e-14,1.3083348365022465e-14,2.3488938353520563e-09,1.823598745241397e-09,1.2654312307141943e-12,5.765238210727606e-13,1.4996042590969499e-15,6.608069558229251e-16,1.567479448653666e-23,4.505083719000264e-24,1.8030880100750154e-15,5.416790002272522e-16,1.2855481768229911e-18,5.480707436345936e-19,7.730984038114821e-18,3.9288632499603326e-18,6.090221066913217e-10,2.9795956416897796e-10,7.185984511514553e-16,3.3892784741266044e-16,5.61566180915345e-18,1.809563054714563e-18,8.588170851797798e-20,2.639282281525153e-20,1.601518988195266e-14,4.921724034152196e-15,6.271598628727684e-11,1.9273625808426264e-11,3.793210807931527e-17,1.1936801836357373e-17,0.010328643883735788,0.004874995566728199,9.999999999998622e-31,3.309704815983801e-31,1.781003432856504e-09,5.465178950043773e-10,2.3386631188809333e-06,7.012367491476138e-07,2.3955570643894576e-10,7.358509484988897e-11,2.9550952788194395e-13,8.869559357733676e-14
0.812,1220.2291841611336,5.432196595811688,0.2588022078254101,3.1034824865604427,0.06855794537448913,0.4496412629624877,1.1697414593541216e-07,1.534363447593298e-06,5.006193437638285e-14,4.1372682589239314e-14,1.4950477876151975e-14,6.177761441228713e-15,1.8136921165263143e-08,1.4100507590504139e-08,0.20175808378469787,0.14807971543194284,1.0687330476574477e-16,4.281295819117754e-17,4.3594380040191044e-14,1.694617518207417e-14,1.2137810755438585e-18,1.3361649896214024e-18,4.2637169186444746e-16,4.33021668345603e-16,3.390219226934748e-11,3.1956696543656985e-11,7.336925385502585e-13,6.915891935399975e-13,1.3317816224520677e-05,1.1711930278390826e-05,0.2060587462802622,0.16982607123878812,0.42455800699725366,0.20041158381946778,0.08578399936686308,0.025772923372579668,5.6988780042594777e-08,2.596694014568435e-08,4.8928902384186195e-06,2.154601144718661e-06,2.6535811178622e-10,1.1305597130402737e-10,2.4003891495735572e-12,1.0226871339486948e-12,7.119339670718202e-07,2.9377781139966035e-07,1.7168200839055537e-12,9.069071558653065e-13,0.00028977262435971344,0.00014714605546680955,3.2991969975025855e-08,1.612887580478606e-08,0.002157312276655294,0.0010167568696923372,3.573869841394772e-07,1.6259684948213853e-07,0.0004813813407899325,0.0002116677616510997,9.780473998841802e-11,3.151866860255853e-11,4.2604583618829795e-06,1.3400577156259045e-06,1.273827191185212e-10,4.006615746309935e-11,2.379774233188696e-19,2.246412579302312e-19,6.490932851199366e-18,5.715848023060787e-18,1.5840939096056784e-14,1.3071817763535738e-14,2.3490298229206793e-09,1.8236742867006808e-09,1.2642905626933868e-12,5.759946525245338e-13,1.497027751466026e-15,6.596607427375621e-16,1.5634738723163047e-23,4.493497310502382e-24,1.8006394772371564e-15,5.40934509597709e-16,1.2833976612734426e-18,5.47144898282705e-19,7.71978120595467e-18,3.923105393213949e-18,6.088479670135719e-10,2.978694619371858e-10,7.181067159755179e-16,3.3869034193914664e-16,5.603685127662091e-18,1.8056740101087536e-18,8.567768882965365e-20,2.6329690671661753e-20,1.6003373819321964e-14,4.9180117732106766e-15,6.269842759077032e-11,1.926791241237592e-11,3.7884738195309794e-17,1.1921698732830156e-17,0.010328643883721027,0.004874915280605328,9.999999999998619e-31,3.3096503085815204e-31,1.7782701748658817e-09,5.45670181943954e-10,2.336924114305368e-06,7.007037770391066e-07,2.3935141847245226e-10,7.352113222319683e-11,2.948623573040135e-13,8.849989128782486e-14
0.8130000000000001,1220.1602211286927,5.432358163209123,0.25879451061585346,3.107346556156124,0.06856173985302194,0.44965875765604274,1.1688061905582849e-07,1.5331114429528746e-06,4.996344405968055e-14,4.129060849406565e-14,1.491971428639853e-14,6.164948123943825e-15,1.811596681712502e-08,1.4083985164388089e-08,0.20174476640944405,0.14806750721164358,1.0665088364473299e-16,4.2723155010131685e-17,4.352815802861658e-14,1.6920154968727925e-14,1.2100429261353031e-18,1.3320280313910254e-18,4.252630972963123e-16,4.318886838945348e-16,3.383967204133817e-11,3.1897239737322946e-11,7.322407221565511e-13,6.902093445682925e-13,1.3305867978635984e-05,1.1701230425189356e-05,0.20605109799584945,0.16981697630484419,0.42457529701160907,0.20041645102843292,0.0857866846334252,0.025773306464709617,5.696040450377301e-08,2.595358419802478e-08,4.893051271745591e-06,2.1546366377928515e-06,2.65082195589041e-10,1.129365605723793e-10,2.3973141279511284e-12,1.0213602298741724e-12,7.11462910899349e-07,2.935786052957497e-07,1.711688224314553e-12,9.04181396981659e-13,0.000289278160281636,0.0001468925527723558,3.292844386161871e-08,1.6097555001623084e-08,0.0021552141595646756,0.0010157513147427794,3.5696263780401164e-07,1.624011191994158e-07,0.0004811870966223876,0.00021157887272918842,9.765938026610022e-11,3.1471307476370724e-11,4.257812248617455e-06,1.3392034096469648e-06,1.2724171209748184e-10,4.002114812497807e-11,2.3734831135903754e-19,2.2404371827611604e-19,6.480802826156063e-18,5.7068338177655164e-18,1.582725030136734e-14,1.3060307189415323e-14,2.3491655558342e-09,1.8237496839381559e-09,1.2631519100799212e-12,5.7546643724373e-13,1.4944582643298314e-15,6.585176811220626e-16,1.5594825543967107e-23,4.481952399854566e-24,1.79819660359441e-15,5.401917601311596e-16,1.2812528748457276e-18,5.462215426169311e-19,7.708605830881248e-18,3.917361799478486e-18,6.086741248027165e-10,2.9777951733972156e-10,7.176158498243122e-16,3.384532645375884e-16,5.5917450382244235e-18,1.80179693974315e-18,8.547436911544537e-20,2.6266776519681244e-20,1.5991580176300636e-14,4.914306675023475e-15,6.268089781637367e-11,1.9262208683540326e-11,3.7837475414076227e-17,1.1906630195047201e-17,0.010328643883706324,0.004874835146720153,9.999999999998628e-31,3.3095959045355934e-31,1.775543918788945e-09,5.448246620571694e-10,2.3351884149392564e-06,7.001718349896803e-07,2.3914749460889976e-10,7.345728579642225e-11,2.942172480622597e-13,8.830481683260461e-14
0.8140000000000001,1220.0913254725879,5.432519669575655,0.2587868167714442,3.111210740632272,0.0685655275906131,0.4496762213246952,1.1678724573131807e-07,1.531861540479635e-06,4.98652380175972e-14,4.120877328340334e-14,1.4889043533594032e-14,6.152173776510169e-15,1.809505638993141e-08,1.4067497857020628e-08,0.20173147140139167,0.14805532033883942,1.0642913827534764e-16,4.2633626780072604e-17,4.34621016006247e-14,1.6894200491925585e-14,1.2063196825559905e-18,1.3279076580222676e-18,4.2415838995147777e-16,4.307596975929144e-16,3.377732478447466e-11,3.183794889961139e-11,7.307931053124768e-13,6.888335204634483e-13,1.3293941662009158e-05,1.1690550565824827e-05,0.20604346347871194,0.16980789821196499,0.4245925498636694,0.2004213066682847,0.08578937177114639,0.02577369089504674,5.693206416357915e-08,2.594024552092317e-08,4.893212116034446e-06,2.1546721123901717e-06,2.648069159570986e-10,1.1281742841857398e-10,2.3942467728578898e-12,1.0200366668560038e-12,7.109928192041802e-07,2.933798126940821e-07,1.7065765797076693e-12,9.014664334709362e-13,0.0002887850312245422,0.00014663974079809512,3.286510172288418e-08,1.606632565701113e-08,0.0021531202667467997,0.0010147478147664148,3.5653921830285807e-07,1.6220582197360548e-07,0.00048099315918749585,0.00021149012806963893,9.751437204508243e-11,3.142406214023871e-11,4.25517035602847e-06,1.3383505002072825e-06,1.271009929305084e-10,3.9976232026619735e-11,2.367214408504747e-19,2.234483208753171e-19,6.4706980380534406e-18,5.6978423058219266e-18,1.5813584761287427e-14,1.3048816581880447e-14,2.3493010348506855e-09,1.8238249373971278e-09,1.2620152666738035e-12,5.749391722599646e-13,1.491895772640827e-15,6.573777596216263e-16,1.5555054300612416e-23,4.470448797228442e-24,1.7957593767642917e-15,5.394507479065296e-16,1.2791137951017085e-18,5.453006668162472e-19,7.697457811407139e-18,3.911632415607215e-18,6.085005792448562e-10,2.976897299363627e-10,7.171258501095438e-16,3.3821661391480583e-16,5.5798413854254815e-18,1.79793179243567e-18,8.527174636556868e-20,2.620407941557086e-20,1.5979808879413944e-14,4.910608715888643e-15,6.266339688041102e-11,1.9256514593522534e-11,3.779031935535198e-17,1.1891596099219989e-17,0.010328643883691683,0.004874755164632127,9.999999999998638e-31,3.309541603546921e-31,1.7728246396782301e-09,5.439813274555429e-10,2.3334560124922996e-06,6.996409203527935e-07,2.3894393373684615e-10,7.339355521016026e-11,2.9357419136635217e-13,8.81103675168231e-14
0.8150000000000001,1220.0224970123218,5.432681115060165,0.25877912628453115,3.115075039945581,0.06856930860586224,0.4496936540553955,1.1669402550690848e-07,1.5306137338578554e-06,4.9767315095960956e-14,4.112717598069694e-14,1.4858465225992933e-14,6.1394382334488476e-15,1.8074189734970923e-08,1.405104554835773e-08,0.20171819869665183,0.14804315475190938,1.0620806579858059e-16,4.2544372330389234e-17,4.3396210134429166e-14,1.6868311502926374e-14,1.2026112690448758e-18,1.323803784812419e-18,4.2305755184036103e-16,4.296346908345948e-16,3.371514981398366e-11,3.1778823368768457e-11,7.293496709583925e-13,6.874617047628516e-13,1.3282037205339103e-05,1.167989063639997e-05,0.20603584269372496,0.16979883691513223,0.4246097656598247,0.20042615077324907,0.08579206077449351,0.025774076659711005,5.690375893017991e-08,2.5926924068263103e-08,4.893372771475609e-06,2.1547075684157913e-06,2.645322705659133e-10,1.1269857381810336e-10,2.391187055136478e-12,1.018716432099896e-12,7.105236888280321e-07,2.9318143222798436e-07,1.7014850458625002e-12,8.987622094237044e-13,0.00028829323163138596,0.0001463876166526807,3.2801942805260174e-08,1.6035187393843243e-08,0.002151030584274709,0.0010137463629204017,3.561167224538089e-07,1.6201095630401016e-07,0.00048079952762645995,0.00021140152726166248,9.73697140391737e-11,3.1376932166994723e-11,4.252532671332892e-06,1.3374989830257995e-06,1.2696056065365687e-10,3.993140885274542e-11,2.3609680128238826e-19,2.2285505562754174e-19,6.460618393217116e-18,5.688873402320275e-18,1.5799942406443205e-14,1.3037345880543295e-14,2.349436260725231e-09,1.8239000475229968e-09,1.2608806263077991e-12,5.744128546197433e-13,1.4893402466174595e-15,6.56240964798862e-16,1.5515424298215344e-23,4.45898629945345e-24,1.793327772198053e-15,5.387114653501883e-16,1.2769803997455506e-18,5.443822611230538e-19,7.686337046870034e-18,3.905917188890404e-18,6.083273295288954e-10,2.9760009928907954e-10,7.166367142044196e-16,3.379803887605396e-16,5.567974015662164e-18,1.7940785175993555e-18,8.506981716908469e-20,2.6141598292506486e-20,1.5968059856503014e-14,4.906917872524822e-15,6.264592469972487e-11,1.9250830114137866e-11,3.7743269641341814e-17,1.187659632238532e-17,0.01032864388367707,0.004874675333912762,9.999999999998643e-31,3.3094874053246063e-31,1.770112311064571e-09,5.431401697862262e-10,2.3317268965301768e-06,6.9911102984134e-07,2.3874073472164045e-10,7.332994009812475e-11,2.929331782885203e-13,8.791654060495424e-14
0.8160000000000001,1219.9537355652305,5.432842499818075,0.2587714391471534,3.1189394540528554,0.06857308291743619,0.4497110559353889,1.1660095792727201e-07,1.5293680167679372e-06,4.966967414396641e-14,4.104581561229663e-14,1.4827978973485337e-14,6.1267413299773285e-15,1.8053366703669084e-08,1.403462811847768e-08,0.2017049482317069,0.14803101038947483,1.0598766336473973e-16,4.245539049434734e-17,4.3330483010115114e-14,1.6842487753749222e-14,1.1989176101976138e-18,1.3197163274610027e-18,4.2196056503946183e-16,4.2851364508274714e-16,3.365314644694678e-11,3.171986248487332e-11,7.279104020830572e-13,6.860938810515953e-13,1.3270154539281901e-05,1.1669250572988002e-05,0.20602823560496927,0.16978979236863348,0.42462694450616095,0.2004309833773452,0.08579475163771894,0.025774463754750947,5.6875488711615495e-08,2.591361979387384e-08,4.8935332382624145e-06,2.1547430057755374e-06,2.642582570962117e-10,1.1257999574880343e-10,2.388134945698961e-12,1.0173995128427424e-12,7.100555166135621e-07,2.929834625313195e-07,1.6964135222241875e-12,8.960686708740734e-13,0.0002878027564955076,0.00014613617772459218,3.273896636524013e-08,1.6004139839975462e-08,0.002148945098514657,0.0010127469525009563,3.556951471158119e-07,1.618165207088528e-07,0.0004806062011105345,0.00021131306990770655,9.722540496633935e-11,3.1329917130866546e-11,4.249899181801206e-06,1.3366488538387633e-06,1.2682041430487184e-10,3.9886678288711766e-11,2.35474382187469e-19,2.2226391247473237e-19,6.4505637982117856e-18,5.679927022572473e-18,1.5786323167366747e-14,1.3025895024946194e-14,2.3495712342096347e-09,1.823975014758004e-09,1.2597479828115621e-12,5.738874813685373e-13,1.4867916594953441e-15,6.551072845474504e-16,1.5475934876007766e-23,4.447564713186821e-24,1.7909017717981738e-15,5.379739068273181e-16,1.2748526665858323e-18,5.43466315825512e-19,7.67524343684009e-18,3.9002160667433304e-18,6.081543748470906e-10,2.975106249614849e-10,7.161484394912599e-16,3.3774458776897613e-16,5.556142775765414e-18,1.7902370647933897e-18,8.486857837829386e-20,2.6079332164678345e-20,1.5956333035457578e-14,4.90323412166827e-15,6.262848119148676e-11,1.9245155217302796e-11,3.7696325895070953e-17,1.1861630741854229e-17,0.01032864388366249,0.0048745956541322785,9.999999999998633e-31,3.309433309576858e-31,1.7674069067758995e-09,5.423011807886083e-10,2.3300010568899404e-06,6.985821602499607e-07,2.385378964345203e-10,7.326644009588414e-11,2.92294199935144e-13,8.772333337205537e-14
0.8170000000000001,1219.8850409573902,5.433003823983629,0.258763755352361,3.122803982910996,0.06857685054353564,0.44972842704970717,1.1650804253357764e-07,1.528124382848475e-06,4.957231401450067e-14,4.0964691207817003e-14,1.4797584390085022e-14,6.114082903050779e-15,1.8032587147845678e-08,1.401824544781188e-08,0.20169171994262436,0.14801888719014777,1.0576792814182859e-16,4.236668011253843e-17,4.3264919605450165e-14,1.681672899558137e-14,1.1952386311628832e-18,1.3156452022887039e-18,4.208674117938241e-16,4.273965419748378e-16,3.359131400479e-11,3.166106559225382e-11,7.264752817462121e-13,6.847300329852543e-13,1.3258293594483439e-05,1.1658630311686907e-05,0.2060206421802169,0.16978076453013233,0.42464408650752333,0.20043580451438406,0.08579744435655663,0.025774852176709898,5.684725341177567e-08,2.5900332649753885e-08,4.893693516540277e-06,2.15477842435825e-06,2.639848732116458e-10,1.1246169318160925e-10,2.3850904153909156e-12,1.0160858962969434e-12,7.095882993876771e-07,2.92785902232244e-07,1.6913619048069572e-12,8.933857620520366e-13,0.00028731360014463904,0.0001458854210650029,3.267617162746168e-08,1.5973182607773707e-08,0.0021468637937999036,0.0010117495758492964,3.5527448883199505e-07,1.6162251356323368e-07,0.0004804131784634333,0.00021122475545790084,9.708144354357898e-11,3.1283016605895456e-11,4.247269874607889e-06,1.3358001083556056e-06,1.2668055292937377e-10,3.984204002229267e-11,2.3485417319369204e-19,2.2167488145043996e-19,6.4405341601813485e-18,5.6710030824239824e-18,1.5772726974370436e-14,1.3014463954486592e-14,2.349705956053439e-09,1.8240498395460479e-09,1.2586173299973776e-12,5.733630495455465e-13,1.4842499829333732e-15,6.539767060693495e-16,1.5436585359806957e-23,4.436183841263189e-24,1.7884813526229802e-15,5.372380652499393e-16,1.2727305735488401e-18,5.425528212643959e-19,7.664176881329722e-18,3.8945289968214145e-18,6.079817143937395e-10,2.9742130651884724e-10,7.156610232950814e-16,3.375092096081662e-16,5.544347513937538e-18,1.7864073840290027e-18,8.466802671135082e-20,2.6017280005230305e-20,1.5944628345224922e-14,4.899557440393668e-15,6.261106627313954e-11,1.9239489875059518e-11,3.764948774030672e-17,1.1846699235213292e-17,0.010328643883647995,0.004874516124870328,9.999999999998628e-31,3.3093793160182886e-31,1.764708398925663e-09,5.414643516782826e-10,2.3282784810147926e-06,6.980543076574949e-07,2.3833541771621016e-10,7.32030548298415e-11,2.916572472004277e-13,8.753074303003162e-14
0.8180000000000001,1219.8164130085338,5.433165087708495,0.25875607489237595,3.1266686264770103,0.06858061150265618,0.4497457674848148,1.1641527887330313e-07,1.5268828258203743e-06,4.9475233568240524e-14,4.0883801803399046e-14,1.4767281090203866e-14,6.1014627898041486e-15,1.8011850920194695e-08,1.400189741747584e-08,0.20167851376612292,0.14800678509287082,1.055488573112407e-16,4.227824003102666e-17,4.3199519305698116e-14,1.6791034982542313e-14,1.1915742574782407e-18,1.311590326052637e-18,4.1977807439434256e-16,4.2628336319672514e-16,3.352965181163279e-11,3.160243203783474e-11,7.250442931092371e-13,6.833701443167117e-13,1.3246454302126576e-05,1.1648029789065638e-05,0.20601306238426945,0.1697717533546704,0.4246611917688033,0.2004406142179769,0.08580013892590818,0.025775241921853702,5.681905293863047e-08,2.5887062589743548e-08,4.893853606495118e-06,2.1548138240682766e-06,2.6371211661060645e-10,1.1234366510229069e-10,2.3820534353771855e-12,1.0147755698116923e-12,7.091220340152866e-07,2.9258874997450904e-07,1.6863300939424005e-12,8.907134294735185e-13,0.0002868257575610363,0.00014563534405766346,3.26135578512934e-08,1.5942315326616185e-08,0.002144786656312924,0.0010107542261782183,3.5485474444130277e-07,1.614289333768996e-07,0.00048022045880970443,0.00021113658349450576,9.693782849999296e-11,3.123623017005267e-11,4.244644737104057e-06,1.3349527423406881e-06,1.265409755740969e-10,3.979749374181029e-11,2.342361639597363e-19,2.2108795261818995e-19,6.430529386604693e-18,5.662101498021687e-18,1.5759153758456977e-14,1.3003052609128896e-14,2.3498404270025993e-09,1.824124522326199e-09,1.2574886617388738e-12,5.728395562178384e-13,1.4817151902793554e-15,6.528492173117352e-16,1.539737509502493e-23,4.424843492167579e-24,1.7860664966192448e-15,5.365039349989215e-16,1.27061409866657e-18,5.4164176782634e-19,7.653137280855695e-18,3.888855927040042e-18,6.078093473668829e-10,2.9733214352803224e-10,7.151744630090498e-16,3.372742529781789e-16,5.5325880787158936e-18,1.782589425430143e-18,8.446815904221844e-20,2.595544083528191e-20,1.593294571440336e-14,4.8958878056672e-15,6.259367986242039e-11,1.9233834059525398e-11,3.7602754803368013e-17,1.1831801680858389e-17,0.010328643883633531,0.004874436745701346,9.999999999998626e-31,3.3093254243599915e-31,1.7620167613321447e-09,5.406296741945914e-10,2.3265591584673226e-06,6.975274687780631e-07,2.38133297442135e-10,7.313978393704548e-11,2.9102231124998457e-13,8.733876687250527e-14
0.8190000000000001,1219.7478515389967,5.4333262911442555,0.2587483977594262,3.130533384708015,0.06858436581321851,0.44976307732682375,1.1632266649772897e-07,1.5256433394561487e-06,4.937843167348804e-14,4.0803146441631694e-14,1.4737068690225117e-14,6.088880828210844e-15,1.7991157874390708e-08,1.3985583909371738e-08,0.2016653296392923,0.14799470403692191,1.0533044807210563e-16,4.219006910314914e-17,4.3134281500657554e-14,1.676540547055639e-14,1.1879244151844533e-18,1.307551616074003e-18,4.186925352413117e-16,4.251740905477907e-16,3.346815919572729e-11,3.1543961172538865e-11,7.236174194440289e-13,6.82014198905486e-13,1.3234636593904361e-05,1.1637448942157078e-05,0.20600549618187255,0.16976275879731104,0.42467826039460205,0.20044541252166134,0.0858028353404509,0.02577563298639012,5.679088720146446e-08,2.5873809568301588e-08,4.894013508320439e-06,2.1548492048140396e-06,2.634399850101572e-10,1.12225910504767e-10,2.3790239770375494e-12,1.01346852082996e-12,7.086567173861832e-07,2.923920044124632e-07,1.68131798997875e-12,8.880516196698506e-13,0.0002863392236459016,0.00014538594404559898,3.255112430332006e-08,1.5911537629464907e-08,0.0021427136725428197,0.0010097608968465124,3.5443591084038943e-07,1.612357786861459e-07,0.00048002804132376946,0.00021104855362186472,9.67945585731314e-11,3.118955740410692e-11,4.242023756722039e-06,1.3341067515851885e-06,1.2640168129102448e-10,3.9753039137240445e-11,2.3362034420773335e-19,2.2050311610270177e-19,6.420549385503277e-18,5.653222186004684e-18,1.5745603451175895e-14,1.2991660929304536e-14,2.3499746477997675e-09,1.8241990635355148e-09,1.2563619719565701e-12,5.723169984745774e-13,1.4791872541765162e-15,6.517248059132989e-16,1.5358303422087084e-23,4.413543472977203e-24,1.7836571839207606e-15,5.357715099116652e-16,1.2685032200909098e-18,5.40733145950651e-19,7.642124536547128e-18,3.883196805634953e-18,6.076372729678969e-10,2.9724313555772664e-10,7.146887560495675e-16,3.3703971659039836e-16,5.5208643195486704e-18,1.7787831394215056e-18,8.426897219281719e-20,2.5893813660093663e-20,1.5921285071910098e-14,4.892225194558751e-15,6.257632187745102e-11,1.9228187742948072e-11,3.7556126712992525e-17,1.1816937957969669e-17,0.010328643883619081,0.004874357516201555,9.999999999998626e-31,3.309271634314263e-31,1.7593319681773572e-09,5.397971401898742e-10,2.3248430791586517e-06,6.970016404310947e-07,2.379315344982206e-10,7.307662705786086e-11,2.9038938334617315e-13,8.714740222251531e-14
0.8200000000000001,1219.679356368511,5.433487434445343,0.258740723945606,3.1343982575612355,0.0685881134936267,0.4497803566617571,1.1623020496048894e-07,1.5244059175604994e-06,4.9281907204570064e-14,4.0722724170217495e-14,1.4706946808393804e-14,6.076336857035668e-15,1.797050786477805e-08,1.3969304805942957e-08,0.2016521674996252,0.14798264396189878,1.0511269763793477e-16,4.2102166188160023e-17,4.306920558377135e-14,1.6739840217001934e-14,1.1842890307629357e-18,1.3035289901687903e-18,4.1761077682573194e-16,4.2406870592182444e-16,3.3406835488558984e-11,3.148565235043037e-11,7.221946441092127e-13,6.806621806951134e-13,1.3222840401817976e-05,1.1626887708277238e-05,0.20599794353737,0.16975378081280942,0.42469529248926496,0.20045019945886508,0.08580553359456937,0.025776025366441455,5.676275611043339e-08,2.5860573540296303e-08,4.89417322221707e-06,2.154884566507357e-06,2.631684761417498e-10,1.1210842838925042e-10,2.3760020119178752e-12,1.0121647368674044e-12,7.081923464074614e-07,2.9219566420784513e-07,1.676325494684177e-12,8.854002799287004e-13,0.00028585399346447293,0.00014513721845551208,3.248887025909044e-08,1.5880849153715357e-08,0.002140644829326349,0.001008769581378016,3.540179849844016e-07,1.6104304805412666e-07,0.000479835925229957,0.0002109606654663615,9.665163250751084e-11,3.1142997891137785e-11,4.239406920969802e-06,1.3332621319049899e-06,1.2626266913611223e-10,3.970867589986332e-11,2.330067037143639e-19,2.1992036208141665e-19,6.4105940653202385e-18,5.644365063396258e-18,1.573207598439249e-14,1.2980288855717819e-14,2.3501086191842555e-09,1.8242734636085325e-09,1.255237254599948e-12,5.717953734187026e-13,1.4766661479485442e-15,6.50603459814331e-16,1.5319369690900745e-23,4.402283593518092e-24,1.781253395968747e-15,5.350407842192871e-16,1.2663979160862203e-18,5.398269461259917e-19,7.631138550000184e-18,3.877551581087319e-18,6.074654904015228e-10,2.9715428217837393e-10,7.14203899852384e-16,3.3680559916559953e-16,5.509176086597062e-18,1.7749884766642773e-18,8.407046305037509e-20,2.583239750511917e-20,1.590964634687488e-14,4.888569584207915e-15,6.255899223672396e-11,1.9222550897696136e-11,3.750960309975275e-17,1.1802107946324558e-17,0.010328643883604651,0.004874278435947671,9.999999999998601e-31,3.3092179455937197e-31,1.7566539940207902e-09,5.389667416335287e-10,2.3231302333731397e-06,6.964768195485415e-07,2.3773012777995195e-10,7.30135838356597e-11,2.8975845483265797e-13,8.695664642785722e-14
0.8210000000000001,1219.6109273205966,5.433648517757894,0.25873305344340686,3.1382632449940018,0.06859185456204403,0.4497976055744792,1.16137893815809e-07,1.523170553948565e-06,4.91856590415533e-14,4.0642534041772327e-14,1.4676915065668335e-14,6.063830716191909e-15,1.7949900746401807e-08,1.3953059990210473e-08,0.2016390272847543,0.14797060480765745,1.0489560323912298e-16,4.2014530152268725e-17,4.300429095008868e-14,1.671433897993379e-14,1.1806680312014607e-18,1.2995223667211767e-18,4.1653278176788746e-16,4.229671913465579e-16,3.3345680025656416e-11,3.142750492950523e-11,7.207759505533113e-13,6.793140737167226e-13,1.321106565813742e-05,1.1616346025000938e-05,0.20599040441655128,0.16974481935728591,0.42471228815657247,0.20045497506293797,0.08580823368292267,0.025776419058237875,5.673465957471696e-08,2.584735446018687e-08,4.894332748370907e-06,2.154919909055556e-06,2.6289758774012417e-10,1.1199121775761643e-10,2.3729875116549633e-12,1.0108642054812406e-12,7.077289179932687e-07,2.919997280258131e-07,1.6713525086000288e-12,8.827593568968258e-13,0.00028537006179113716,0.00014488916456694656,3.2426794985526577e-08,1.5850249532611627e-08,0.0021385801128515143,0.0010077802729929449,3.536009637330329e-07,1.6085074000096585e-07,0.00047964410963952434,0.00021087291860495295,9.650904905196e-11,3.109655121570766e-11,4.236794217362366e-06,1.3324188791202909e-06,1.2612393817097537e-10,3.966440372282892e-11,2.323952323304915e-19,2.193396808032143e-19,6.4006633350350494e-18,5.6355300477097634e-18,1.5718571290173033e-14,1.2968936329262686e-14,2.3502423418924122e-09,1.8243477229791838e-09,1.2541145036363627e-12,5.712746781623819e-13,1.4741518439708505e-15,6.494851665396717e-16,1.5280573244108492e-23,4.3910636615563105e-24,1.778855111540911e-15,5.343117513543155e-16,1.2642981650332288e-18,5.389231588925111e-19,7.620179223330884e-18,3.871920202153971e-18,6.072939988754596e-10,2.9706558296223877e-10,7.137198918430023e-16,3.3657189942028936e-16,5.497523231082173e-18,1.771205388169426e-18,8.387262842604905e-20,2.577119137258504e-20,1.5898029469039215e-14,4.884920951950978e-15,6.25416908591178e-11,1.9216923496280877e-11,3.746318359588278e-17,1.1787311526253613e-17,0.010328643883590276,0.004874199504521245,9.999999999998603e-31,3.309164357914276e-31,1.7539828129339435e-09,5.381384703469419e-10,2.3214206106216882e-06,6.959530028317083e-07,2.375290761762978e-10,7.295065391194847e-11,2.8912951701995915e-13,8.676649682681062e-14
0.8220000000000001,1219.5425642239375,5.4338095412157426,0.25872538624590774,3.1421283469637387,0.06859558903635588,0.4498148241485349,1.1604573261376231e-07,1.521937242383959e-06,4.908968606647575e-14,4.056257511071764e-14,1.4646973086369476e-14,6.051362247010339e-15,1.792933637432949e-08,1.393684934524794e-08,0.20162590893200272,0.14795858651400923,1.0467916211843234e-16,4.1927159866837195e-17,4.293953699236017e-14,1.668890151656839e-14,1.177061343923093e-18,1.2955316646054429e-18,4.1545853281251757e-16,4.2186952897881303e-16,3.3284692145398714e-11,3.1369518270572204e-11,7.19361322266515e-13,6.779698620436828e-13,1.319931229492075e-05,1.1605823829741125e-05,0.2059828787875528,0.16973587438899967,0.4247292474992125,0.2004597393669401,0.08581093560140571,0.025776814058410896,5.670659749982967e-08,2.5834152280802924e-08,4.8944920869302935e-06,2.1549552323519087e-06,2.626273175235359e-10,1.1187427760500023e-10,2.3699804477990237e-12,1.009566914194787e-12,7.072664290375395e-07,2.9180419452374734e-07,1.6663989317246167e-12,8.801287969414023e-13,0.00028488742323403424,0.00014464177957558688,3.236489772880567e-08,1.5819738389326073e-08,0.002136519507834742,0.0010067929642203549,3.5318484371173593e-07,1.6065885294065598e-07,0.00047945259340100027,0.0002107853124994161,9.636680695395393e-11,3.105021696204135e-11,4.234185633343749e-06,1.3315769890312957e-06,1.2598548746201466e-10,3.962022230088893e-11,2.317859199801608e-19,2.1876106258749397e-19,6.390757104005208e-18,5.6267170568101444e-18,1.5705089300174727e-14,1.295760329052165e-14,2.35037581665828e-09,1.8244218420816367e-09,1.2529937130020041e-12,5.707549098047736e-13,1.4716443154181274e-15,6.483699139687836e-16,1.5241913435560404e-23,4.379883488106924e-24,1.7764623099362885e-15,5.335844049074551e-16,1.262203945417178e-18,5.38021774836877e-19,7.60924645890144e-18,3.866302617728986e-18,6.071227975995092e-10,2.969770374830424e-10,7.132367294006276e-16,3.36338616049767e-16,5.4859056051746404e-18,1.7674338252623944e-18,8.36754651997154e-20,2.571019428598522e-20,1.588643436884869e-14,4.881279275350143e-15,6.252441766372212e-11,1.921130551130595e-11,3.741686783376242e-17,1.177254857816554e-17,0.010328643883575992,0.004874120721509533,9.999999999998598e-31,3.30911087099569e-31,1.7513183977424043e-09,5.373123177710576e-10,2.3197141986434054e-06,6.954301864521039e-07,2.373283785529298e-10,7.288783692122743e-11,2.88502561045616e-13,8.657695070618996e-14
0.8230000000000001,1219.4742669009283,5.43397050497006,0.25871772234536405,3.1459935634279788,0.06859931693474032,0.44983201246889665,1.1595372091227854e-07,1.5207059767329007e-06,4.899398717035664e-14,4.0482846438982016e-14,1.4617120495043312e-14,6.038931290929548e-15,1.790881460474293e-08,1.3920672754999485e-08,0.20161281237939854,0.14794658902113816,1.0446337153370867e-16,4.1840054209373965e-17,4.2874943111913675e-14,1.6663527587473647e-14,1.1734688967594658e-18,1.2915568031536052e-18,4.1438801275425147e-16,4.207757010278324e-16,3.322387118932629e-11,3.131169173747554e-11,7.179507428567181e-13,6.76629529861748e-13,1.3187580244935031e-05,1.1595321060532877e-05,0.2059753666154373,0.16972694586350634,0.42474617062000525,0.20046449240377648,0.08581363934494715,0.025777210363274905,5.667856979613537e-08,2.5820966957166453e-08,4.894651238089302e-06,2.1549905363075383e-06,2.623576632506493e-10,1.1175760694378379e-10,2.366980792272246e-12,1.0082728506905657e-12,7.06804876480703e-07,2.9160906237812577e-07,1.6614646677094926e-12,8.775085483643434e-13,0.000284406072945873,0.00014439506095382913,3.230317777180073e-08,1.578931536500102e-08,0.00213446300101677,0.0010058076485433077,3.527696218728829e-07,1.604673854359699e-07,0.0004792613756990316,0.00021069784675916176,9.622490497466431e-11,3.1003994718806215e-11,4.2315811565529026e-06,1.3307364574988976e-06,1.258473160777985e-10,3.957613132948546e-11,2.3117875661931774e-19,2.181844977847193e-19,6.380875281985542e-18,5.61792600891839e-18,1.5691629946957192e-14,1.2946289680819147e-14,2.35050904421232e-09,1.8244958213452784e-09,1.2518748767112563e-12,5.70236065480576e-13,1.4691435362841924e-15,6.472576903430213e-16,1.5203389629408427e-23,4.368742887163696e-24,1.7740749736334838e-15,5.328587394248148e-16,1.2601152358303938e-18,5.371227845921707e-19,7.59834015967392e-18,3.860698777014768e-18,6.069518857872543e-10,2.9688864531612605e-10,7.127544099819706e-16,3.361057477857606e-16,5.474323061446887e-18,1.763673739402663e-18,8.347897033334335e-20,2.5649405294130778e-20,1.5874860976400915e-14,4.877644531859429e-15,6.250717256993599e-11,1.9205696915455128e-11,3.737065544880533e-17,1.1757818983429759e-17,0.0103286438835617,0.0048740420864946616,9.999999999998575e-31,3.309057484554291e-31,1.7486607231389977e-09,5.36488275920326e-10,2.318010987520226e-06,6.949083672834487e-07,2.3712803381427027e-10,7.282513250988521e-11,2.8787757835281096e-13,8.638800544478373e-14
0.8240000000000001,1219.4060351734224,5.4341314091749675,0.2587100617338928,3.1498588943443644,0.06860303827534714,0.4498491706203961,1.1586185827423319e-07,1.519476750927849e-06,4.8898561252358597e-14,4.040334709535646e-14,1.4587356917891448e-14,6.026537690093991e-15,1.788833529490034e-08,1.3904530104266758e-08,0.20159973756551178,0.14793461226965765,1.0424822876022978e-16,4.175321206452381e-17,4.28105087156251e-14,1.663821695541122e-14,1.1698906180265428e-18,1.2875977022402813e-18,4.133212044865155e-16,4.1968568980543254e-16,3.3163216503042154e-11,3.1254024697981403e-11,7.165441960471712e-13,6.752930614676404e-13,1.3175869441542133e-05,1.1584837655946804e-05,0.2059678678646828,0.16971803373591174,0.4247630576216995,0.20046923420634002,0.0858163449078718,0.02577760796896672,5.665057637616019e-08,2.5807798445298284e-08,4.894810202058495e-06,2.155025820841109e-06,2.6208862270429426e-10,1.1164120479680892e-10,2.3639885172546005e-12,1.0069820027628436e-12,7.063442572950055e-07,2.914143302788147e-07,1.656549620601286e-12,8.748985596823957e-13,0.0002839260060650721,0.00014414900616719842,3.224163441012217e-08,1.575898010705573e-08,0.002132410579790604,0.001004824319753464,3.523552952816701e-07,1.60276336101254e-07,0.00047907045582766647,0.00021061052104180426,9.608334188506145e-11,3.095788407789292e-11,4.228980774737578e-06,1.3298972804191746e-06,1.2570942309172175e-10,3.953213050563424e-11,2.3057373226140864e-19,2.176099768008329e-19,6.3710177792646384e-18,5.609156822738306e-18,1.5678193163749395e-14,1.293499544204461e-14,2.3506420252815217e-09,1.8245696611969688e-09,1.2507579888355248e-12,5.697181423510599e-13,1.4666494798650959e-15,6.46148483598089e-16,1.5165001184748113e-23,4.357641671290824e-24,1.7716930834820477e-15,5.321347489641772e-16,1.2580320149829249e-18,5.36226178843056e-19,7.587460229246588e-18,3.85510862954509e-18,6.067812626558472e-10,2.9680040603870124e-10,7.122729310791804e-16,3.358732933769882e-16,5.462775453303785e-18,1.759925082324576e-18,8.328314073879662e-20,2.5588823430560168e-20,1.5863309222017397e-14,4.87401669900622e-15,6.248995549758605e-11,1.920009768155145e-11,3.732454607910653e-17,1.1743122624279399e-17,0.010328643883547501,0.004873963599059594,9.99999999999859e-31,3.309004198306932e-31,1.746009764483928e-09,5.356663370151848e-10,2.3163109680907614e-06,6.943875424269502e-07,2.3692804088135963e-10,7.276254032948768e-11,2.872545605285893e-13,8.619965846490217e-14
0.8250000000000001,1219.3378688727607,5.434292253961284,0.25870240440472225,3.1537243396706303,0.0686067530758166,0.4498662986854232,1.1577014425589506e-07,1.5182495588188747e-06,4.88034072127115e-14,4.032407614972319e-14,1.455768198543455e-14,6.014181288465631e-15,1.7867898302008028e-08,1.3888421277858164e-08,0.20158668442839836,0.14792265620011655,1.0403373108695965e-16,4.166663232264555e-17,4.2746233205580204e-14,1.6612969381349918e-14,1.1663264365191483e-18,1.2836542822790265e-18,4.122580910609157e-16,4.185994777870779e-16,3.3102727435534223e-11,3.1196516523197765e-11,7.151416655969162e-13,6.73960441195329e-13,1.3164179817774325e-05,1.1574373554298171e-05,0.20596038250400148,0.16970913796516487,0.4247799086057094,0.20047396480729615,0.08581905228617817,0.02577800687217876,5.66226171466036e-08,2.5794646698627617e-08,4.89496897898735e-06,2.1550610858487724e-06,2.618201936374429e-10,1.115250701745756e-10,2.3610035947423554e-12,1.0056943581314744e-12,7.058845684194789e-07,2.912199969027906e-07,1.6516536915196711e-12,8.722987778742648e-13,0.0002834472171544326,0.00014390361238964016,3.2180266900285776e-08,1.572873224388168e-08,0.002130362229015617,0.0010038429704517424,3.519418606030721e-07,1.6008570336936153e-07,0.0004788798326412875,0.00021052333481217842,9.594211645142304e-11,3.0911884629804625e-11,4.226384475502107e-06,1.3290594536465937e-06,1.2557180758363796e-10,3.9488219528512664e-11,2.2997083701047997e-19,2.1703749012889834e-19,6.361184506588816e-18,5.600409417400142e-18,1.566477888316052e-14,1.2923720515613412e-14,2.350774760590827e-09,1.8246433620656188e-09,1.2496430433962279e-12,5.692011375564062e-13,1.464162119096612e-15,6.450422815139672e-16,1.5126747460065884e-23,4.346579652909121e-24,1.7693166174953565e-15,5.314124267334867e-16,1.2559542616924248e-18,5.353319483224747e-19,7.576606571465523e-18,3.849532124995024e-18,6.066109274241984e-10,2.967123192295278e-10,7.117922901045269e-16,3.3564125153541647e-16,5.451262635395003e-18,1.7561878061734717e-18,8.308797329519823e-20,2.552844771892373e-20,1.5851779037133855e-14,4.870395754674032e-15,6.247276636675261e-11,1.9194507782540274e-11,3.727853936251315e-17,1.1728459382911887e-17,0.010328643883533302,0.004873885258797203,9.999999999998572e-31,3.308951011977215e-31,1.7433654949638715e-09,5.348464926114949e-10,2.3146141281901448e-06,6.938677080853906e-07,2.36728398634393e-10,7.270006001926828e-11,2.8663349886015316e-13,8.601190709939022e-14
0.8260000000000001,1219.2697678170407,5.434453039495148,0.2586947503494012,3.15758989936463,0.06861046135441527,0.4498833967493725,1.1567857842613302e-07,1.517024394418778e-06,4.8708523962653206e-14,4.0245032681088644e-14,1.4528095326753534e-14,6.001861929417813e-15,1.7847503484650252e-08,1.3872346161638293e-08,0.2015736529074513,0.147910720753699,1.0381987581598355e-16,4.158031387939882e-17,4.268211599709825e-14,1.6587784631396288e-14,1.1627762813664529e-18,1.2797264640574682e-18,4.1119865552383495e-16,4.1751704744407713e-16,3.304240333827103e-11,3.1139166586582515e-11,7.137431353988608e-13,6.726316535054381e-13,1.3152511307656453e-05,1.1563928694757799e-05,0.20595291049595746,0.16970025850474754,0.4247967236743528,0.2004786842392472,0.085821761473524,0.02577840706883841,5.659469202295181e-08,2.5781511674534398e-08,4.895127569113764e-06,2.1550963312603943e-06,2.6155237386824246e-10,1.1140920211522534e-10,2.3580259972890693e-12,1.0044099047530431e-12,7.054258068663593e-07,2.910260609567472e-07,1.6467767886712004e-12,8.697091536654063e-13,0.00028296970191651807,0.0001436588773737698,3.211907456607955e-08,1.569857143676176e-08,0.002128317937387145,0.0010028635950452911,3.515293151138721e-07,1.598954859512815e-07,0.00047868950563576034,0.0002104362878167002,9.580122745999961e-11,3.0865995971465986e-11,4.2237922467788215e-06,1.3282229731363366e-06,1.2543446863331284e-10,3.944439809722478e-11,2.2937006097349506e-19,2.1646702826536793e-19,6.3513753750040886e-18,5.5916837122964e-18,1.565138703915618e-14,1.2912464844039645e-14,2.3509072508607956e-09,1.8247169243722567e-09,1.2485300345317441e-12,5.686850482892101e-13,1.4616814291629991e-15,6.439390728613224e-16,1.508862783843043e-23,4.335556651515012e-24,1.7669455612026725e-15,5.30691768197726e-16,1.2538819548801661e-18,5.344400838075522e-19,7.565779090822719e-18,3.843969213366e-18,6.064408793160291e-10,2.966243844690848e-10,7.113124846073408e-16,3.3540962103706246e-16,5.4397844623126964e-18,1.752461863078244e-18,8.289346509008044e-20,2.546827724696125e-20,1.5840270352209964e-14,4.866781676438571e-15,6.245560509791127e-11,1.9188927191447284e-11,3.7232634940852044e-17,1.1713829142766646e-17,0.01032864388351917,0.004873807065288751,9.999999999998565e-31,3.308897925280847e-31,1.7407278912177678e-09,5.340287353241096e-10,2.3129204601100016e-06,6.933488617963993e-07,2.365291060230844e-10,7.263769123969745e-11,2.8601438516454124e-13,8.582474884021284e-14
0.8270000000000001,1219.2017318399967,5.434613765903848,0.25868709956132974,3.1614555733843077,0.06861416312858162,0.449900464893672,1.155871603452004e-07,1.515801251633514e-06,4.861391041445831e-14,4.016621576957381e-14,1.4498596576524284e-14,5.9895794586756815e-15,1.7827150701472062e-08,1.3856304641583234e-08,0.20156064294123235,0.14789880587147722,1.0360666026705557e-16,4.1494255637802117e-17,4.261815649823922e-14,1.6562662468924725e-14,1.1592400822746904e-18,1.2758141690116895e-18,4.101428811343373e-16,4.164383814672113e-16,3.298224356738247e-11,3.1081974266175993e-11,7.123485893909392e-13,6.71306682905353e-13,1.314086384487552e-05,1.1553503016248278e-05,0.20594545180990367,0.1696913953143024,0.42481350292823317,0.20048339253464034,0.08582447246592911,0.025778808555667714,5.656680091250697e-08,2.576839332676523e-08,4.895285972585504e-06,2.155131556973241e-06,2.612851611715099e-10,1.1129359963895688e-10,2.3550556971790324e-12,1.0031286304745077e-12,7.049679696038506e-07,2.908325211303875e-07,1.6419188134708847e-12,8.67129634203211e-13,0.00028249345480836304,0.00014341479824069362,3.2058056668483954e-08,1.5668497316380234e-08,0.002126277689732654,0.0010018861861230781,3.5111765548610056e-07,1.597056822836766e-07,0.00047849947364965293,0.000210349379513598,9.566067368924915e-11,3.082021769745325e-11,4.22120407627071e-06,1.32738783477661e-06,1.252974053297321e-10,3.940066591395336e-11,2.2877139437569836e-19,2.1589858182018964e-19,6.34159029619575e-18,5.582979627412687e-18,1.5638017564977656e-14,1.2901228369293135e-14,2.3510394968103358e-09,1.824790348542554e-09,1.24741895631983e-12,5.681698717168385e-13,1.459207382558999e-15,6.42838845229717e-16,1.5050641678457723e-23,4.324572479615221e-24,1.7645798910260116e-15,5.299727660891833e-16,1.2518150735842183e-18,5.335505761282593e-19,7.554977692160097e-18,3.838419844857339e-18,6.062711175563264e-10,2.965366013395294e-10,7.108335120185485e-16,3.3517840060344363e-16,5.428340790392702e-18,1.748747205741593e-18,8.269961297765193e-20,2.540831103092568e-20,1.5828783099400243e-14,4.863174442416119e-15,6.243847161183309e-11,1.9183355881457267e-11,3.718683245561436e-17,1.1699231787234173e-17,0.010328643883505064,0.004873729018131558,9.999999999998561e-31,3.3088449379444526e-31,1.7380969265614162e-09,5.332130567512815e-10,2.31122995160653e-06,6.928309997408186e-07,2.363301619353585e-10,7.257543363257164e-11,2.853972108130265e-13,8.563818104618588e-14
0.8280000000000001,1219.1337607694081,5.434774433330943,0.2586794520331353,3.165321361687709,0.06861785841603389,0.44991750320110524,1.1549588957847419e-07,1.5145801244358086e-06,4.8519565487003975e-14,4.0087624500837844e-14,1.4469185369822996e-14,5.977333722143947e-15,1.780683981181529e-08,1.3840296604214783e-08,0.20154765446888498,0.1478869114948093,1.0339408177143207e-16,4.1408456505581817e-17,4.25543541234473e-14,1.6537602659807945e-14,1.155717769295728e-18,1.2719173189658848e-18,4.090907511920339e-16,4.1536346259012443e-16,3.292224748126586e-11,3.1024938942209396e-11,7.109580115971357e-13,6.699855139849532e-13,1.3129237363537602e-05,1.1543096458059403e-05,0.20593800641246904,0.16968254835106134,0.42483024646795725,0.20048808972571228,0.0858271852586988,0.025779211329147865,5.653894372600602e-08,2.5755291610615012e-08,4.89544418958545e-06,2.1551667628978097e-06,2.610185533514126e-10,1.1117826177850299e-10,2.352092666965184e-12,1.0018505232579753e-12,7.045110536310024e-07,2.906393761260563e-07,1.6370796716667325e-12,8.645601689284884e-13,0.00028201847095947897,0.0001431713724531432,3.199721249953325e-08,1.5638509528631324e-08,0.0021242414725121278,0.001000910737043395,3.507068786505994e-07,1.5951629092099785e-07,0.0004783097357853149,0.000210262609476928,9.552045392802612e-11,3.077454940572065e-11,4.218619951835656e-06,1.3265540345037297e-06,1.251606167632016e-10,3.935702268130464e-11,2.2817482747013644e-19,2.1533214143046774e-19,6.331829182129492e-18,5.574297082987463e-18,1.5624670394407815e-14,1.2890011033787945e-14,2.351171499155014e-09,1.8248636349976367e-09,1.2463098028871843e-12,5.676556050288733e-13,1.4567399537352182e-15,6.417415870713498e-16,1.5012788360893558e-23,4.3136269560930025e-24,1.762219589044866e-15,5.292554148397265e-16,1.249753596939188e-18,5.326634161564533e-19,7.544202280741105e-18,3.832883969885933e-18,6.061016413735694e-10,2.9644896942450295e-10,7.103553698280703e-16,3.349475889837778e-16,5.416931476251915e-18,1.7450437869611843e-18,8.250641398797074e-20,2.5348548141188752e-20,1.5817317210525587e-14,4.859574030619223e-15,6.242136582955595e-11,1.9177793825822415e-11,3.714113155042754e-17,1.1684667200382991e-17,0.010328643883490965,0.004873651116918016,9.999999999998557e-31,3.3087920496913054e-31,1.7354725758052957e-09,5.323994489504122e-10,2.3095425922989683e-06,6.923141186578314e-07,2.361315652893444e-10,7.251328684895068e-11,2.8478196740771174e-13,8.545220114563398e-14
0.8290000000000001,1219.065854429556,5.434935041930402,0.2586718077569518,3.16918726423299,0.06862154723462068,0.4499345117550828,1.1540476569779026e-07,1.513361006883511e-06,4.8425488107604856e-14,4.0009257967615946e-14,1.4439861342731635e-14,5.96512456616031e-15,1.7786570676113717e-08,1.382432193691529e-08,0.2015346874302169,0.14787503756548231,1.0318213767619092e-16,4.132291539692454e-17,4.249070829422384e-14,1.651260497268753e-14,1.1522092729118851e-18,1.2680358362263688e-18,4.080422490675556e-16,4.1429227362048773e-16,3.286241444185369e-11,3.096805999831662e-11,7.09571386155984e-13,6.686681314438349e-13,1.3117631798404399e-05,1.1532708960062586e-05,0.20593057426842074,0.16967371757065086,0.4248469543942341,0.20049277584464836,0.08582989984624743,0.025779615385480688,5.651112037776115e-08,2.5742206483005155e-08,4.895602220328936e-06,2.155201948957863e-06,2.6075254824475354e-10,1.1106318758059058e-10,2.34913687951695e-12,1.0005755712016275e-12,7.040550559872423e-07,2.904466246628347e-07,1.6322592709971294e-12,8.620007083386078e-13,0.00028154474576423254,0.0001429285976085957,3.1936541376109673e-08,1.560860773159368e-08,0.002122209273547758,0.0009999372418069922,3.50296981761242e-07,1.593273105192905e-07,0.00047812029137261295,0.00021017597738074115,9.538056697696092e-11,3.0728990698061776e-11,4.216039861488539e-06,1.3257215683035221e-06,1.2502410202773066e-10,3.9313468103079794e-11,2.2758035055268906e-19,2.1476769777476395e-19,6.322091945228982e-18,5.565635999671466e-18,1.5611345462022942e-14,1.2878812780597315e-14,2.351303258606869e-09,1.8249367841549599e-09,1.2452025684285887e-12,5.671422454461466e-13,1.4542791172833747e-15,6.406472869019005e-16,1.4975067269861852e-23,4.30271990082217e-24,1.7598646380311765e-15,5.285397090898178e-16,1.2476975041909553e-18,5.317785948124535e-19,7.533452762438426e-18,3.827361539183752e-18,6.059324499999135e-10,2.9636148830938776e-10,7.098780555829532e-16,3.3471718495428843e-16,5.405556377101198e-18,1.7413515597314095e-18,8.231386517397074e-20,2.5288987655253057e-20,1.58058726173476e-14,4.855980419043709e-15,6.240428767249897e-11,1.9172240997908168e-11,3.709553187176478e-17,1.1670135267189317e-17,0.01032864388347695,0.00487357336123835,9.999999999998552e-31,3.308739260243179e-31,1.7328548150414216e-09,5.315879043729282e-10,2.307858373386761e-06,6.917982157605242e-07,2.359333150313828e-10,7.245125054858558e-11,2.841686467781954e-13,8.526680663543196e-14
0.8300000000000001,1218.9980126542355,5.435095591832746,0.25866416672603104,3.1730532809783987,0.068625229601687,0.4499514906366091,1.153137882687243e-07,1.5121438929565732e-06,4.833167720480287e-14,3.993111526386122e-14,1.4410624135438598e-14,5.952951838791108e-15,1.7766343154788417e-08,1.3808380527103467e-08,0.2015217417644969,0.14786318402519882,1.0297082534212609e-16,4.1237631231736096e-17,4.24272184274855e-14,1.6487669174490656e-14,1.1487145240760228e-18,1.2641696436287835e-18,4.0699735828736137e-16,4.132247975271254e-16,3.280274381448328e-11,3.0911336821488074e-11,7.081886972438168e-13,6.673545200206385e-13,1.3106047083942156e-05,1.1522340461903408e-05,0.2059231553467373,0.16966490293251976,0.4248636268064241,0.20049745092339807,0.08583261622470666,0.025780020721436342,5.6483330776428545e-08,2.5729137898342738e-08,4.8957600649703615e-06,2.1552371150546957e-06,2.6048714365931946e-10,1.1094837607995742e-10,2.3461883075266165e-12,9.993037623319526e-13,7.035999736791563e-07,2.902542654470575e-07,1.6274575161085782e-12,8.59451201305632e-13,0.00028107227401167337,0.00014268647099787476,3.1876042576526835e-08,1.557879156457456e-08,0.002120181078165214,0.0009989656932413997,3.4988796157937893e-07,1.5913873955661157e-07,0.0004779311393093979,0.00021008948270968134,9.524101163219484e-11,3.0683541174945714e-11,4.2134637931006815e-06,1.3248904321201188e-06,1.2488786022347437e-10,3.927000188514073e-11,2.2698795400818444e-19,2.1420524161714405e-19,6.312378498379876e-18,5.556996298545062e-18,1.559804270182424e-14,1.2867633552356783e-14,2.3514347758760305e-09,1.8250097964341183e-09,1.2440972470924201e-12,5.666297901700063e-13,1.4518248472453655e-15,6.395559329977487e-16,1.4937477786799778e-23,4.291851132935104e-24,1.7575150174288877e-15,5.278256424823734e-16,1.2456467746906523e-18,5.308961030637924e-19,7.522729043385064e-18,3.821852503630068e-18,6.05763542669173e-10,2.9627415758105875e-10,7.094015667525299e-16,3.3448718725545904e-16,5.3942153513870706e-18,1.7376704774544048e-18,8.21219635396202e-20,2.5229628635743008e-20,1.5794449252716935e-14,4.852393586033585e-15,6.238723706231532e-11,1.916669737119583e-11,3.705003306592557e-17,1.1655635872616158e-17,0.010328643883462968,0.004873495750692673,9.999999999998549e-31,3.3086865693286006e-31,1.7302436182287305e-09,5.307784148180861e-10,2.306177283113677e-06,6.912832873779296e-07,2.357354100677304e-10,7.23893243791265e-11,2.835572404591994e-13,8.508199492447196e-14
0.8310000000000001,1218.9302352637496,5.435256083204837,0.2586565289318971,3.1769194118823023,0.06862890553519338,0.4499684399296323,1.1522295687237563e-07,1.5109287768360177e-06,4.823813172044181e-14,3.9853195494543e-14,1.4381473386431984e-14,5.94081538740605e-15,1.7746157110088306e-08,1.3792472263603734e-08,0.2015088174125814,0.14785135081648365,1.0276014214616373e-16,4.1152602936425445e-17,4.236388395558525e-14,1.6462795038137394e-14,1.145233454117898e-18,1.2603186644293618e-18,4.0595606237967023e-16,4.121610172817401e-16,3.274323496781518e-11,3.085476880185641e-11,7.068099292010538e-13,6.660446646090876e-13,1.3094483155925674e-05,1.1511990904360803e-05,0.2059157496099347,0.16965610439039466,0.4248802638051115,0.20050211499400347,0.08583533438730775,0.025780427332852532,5.645557484099535e-08,2.571608581568915e-08,4.895917723765439e-06,2.15527226112904e-06,2.602223374797705e-10,1.108338263439622e-10,2.343246924351875e-12,9.980350849581813e-13,7.031458038048502e-07,2.900622972223319e-07,1.6226743177676754e-12,8.569115999373273e-13,0.0002806010514670307,0.00014244499040737694,3.181571545133741e-08,1.5549060702196413e-08,0.0021181568759243447,0.0009979960861678566,3.494798155462251e-07,1.5895057682008296e-07,0.0004777422792115025,0.00021000312526358084,9.510178671306883e-11,3.06382004443014e-11,4.210891734913863e-06,1.3240606220117268e-06,1.2475189045153298e-10,3.92266237336008e-11,2.263976282265549e-19,2.1364476372709604e-19,6.302688754879826e-18,5.548377901049566e-18,1.5584762049560353e-14,1.2856473293123208e-14,2.3515660516679046e-09,1.825082672246605e-09,1.2429938331750907e-12,5.661182364683697e-13,1.4493771183842555e-15,6.384675139530406e-16,1.4900019301645963e-23,4.281020474018261e-24,1.7551707113700589e-15,5.271132100679045e-16,1.2436013878971256e-18,5.300159319239081e-19,7.512031030539769e-18,3.816356814521767e-18,6.055949186203491e-10,2.9618697682830015e-10,7.08925900962482e-16,3.3425759470091623e-16,5.382908257609953e-18,1.734000493551618e-18,8.19307061697414e-20,2.517047017017649e-20,1.578304704852821e-14,4.848813509631261e-15,6.237021392115917e-11,1.916116291927987e-11,3.7004634784133206e-17,1.16411689031653e-17,0.010328643883449043,0.004873418284869559,9.99999999999854e-31,3.3086339766682376e-31,1.72763896314082e-09,5.299709732552026e-10,2.304499314676756e-06,6.907693313227304e-07,2.3553784938290045e-10,7.232750801214258e-11,2.8294774059150346e-13,8.489776360361541e-14
0.8320000000000001,1218.862522094938,5.435416516171999,0.25864889436805294,3.180785656903157,0.0686325750522342,0.44998535971393644,1.1513227107692362e-07,1.509715652539702e-06,4.8144850593898377e-14,3.977549776284918e-14,1.4352408740237146e-14,5.928715061908918e-15,1.7726012403697163e-08,1.3776597034866239e-08,0.20149591431428238,0.1478395378816093,1.0255008547794043e-16,4.1067829442772264e-17,4.230070430023291e-14,1.6437982332501203e-14,1.1417659948602076e-18,1.256482822439884e-18,4.0491834507409665e-16,4.11100916063982e-16,3.268388727393081e-11,3.079835533296705e-11,7.054350663668801e-13,6.647385501060504e-13,1.3082939949346802e-05,1.1501660227574984e-05,0.20590835702800556,0.169647321904748,0.42489686548891875,0.2005067680882575,0.08583805433009847,0.025780835216500913,5.642785247993779e-08,2.5703050189415203e-08,4.896075196861123e-06,2.1553073870810697e-06,2.599581275299008e-10,1.1071953741455929e-10,2.3403127029205115e-12,9.967695272115382e-13,7.026925433934198e-07,2.8987071870499494e-07,1.6179095808175242e-12,8.54381853221915e-13,0.0002801310728035155,0.00014220415306996965,3.175555927887866e-08,1.551941478388709e-08,0.0021161366518457885,0.0009970284132733073,3.4907254038467333e-07,1.5876282077087443e-07,0.00047755370991243307,0.000209916904499166,9.496289102616536e-11,3.0592968110110395e-11,4.208323674877965e-06,1.3232321339500263e-06,1.2461619182125064e-10,3.91833333573471e-11,2.2580936371159196e-19,2.130862549833937e-19,6.2930226285056966e-18,5.539780729078536e-18,1.5571503439697993e-14,1.284533194595019e-14,2.3516970866866053e-09,1.8251554120090415e-09,1.2418923208672556e-12,5.656075815634098e-13,1.446935904622284e-15,6.373820179952993e-16,1.4862691199257637e-23,4.270227744234244e-24,1.7528316980497783e-15,5.264024051165822e-16,1.2415613233757702e-18,5.291380724547131e-19,7.50135863094961e-18,3.810874423220796e-18,6.054265770933014e-10,2.960999456414039e-10,7.084510556895774e-16,3.340284060354331e-16,5.371634955858175e-18,1.7303415619679998e-18,8.174009006950428e-20,2.5111511321799216e-20,1.5771665938418973e-14,4.84524016843483e-15,6.235321817141879e-11,1.9155637615896932e-11,3.695933667592087e-17,1.162673424486402e-17,0.010328643883435145,0.004873340963374204,9.99999999999854e-31,3.308581481994067e-31,1.7250408236140555e-09,5.291655714486968e-10,2.3028244559147393e-06,6.902563438043202e-07,2.3534063188565256e-10,7.226580109624756e-11,2.8234013875226715e-13,8.4714110095217e-14
0.833,1218.7948729823056,5.4355768908665,0.25864126302767265,3.1846520159995126,0.06863623817001448,0.45000225006987016,1.1504173045360196e-07,1.5085045141261555e-06,4.805183277023777e-14,3.969802117677455e-14,1.432342984250921e-14,5.916650712687908e-15,1.7705908897902246e-08,1.3760754729823523e-08,0.20148303240963772,0.14782774516297736,1.023406527396344e-16,4.098330968770436e-17,4.223767888729321e-14,1.6413230828097987e-14,1.1383120784996993e-18,1.252662041892039e-18,4.0388419016740467e-16,4.100444771235862e-16,3.2624700107557615e-11,3.074209581093199e-11,7.0406409315998e-13,6.634361614851153e-13,1.3071417399509947e-05,1.1491348371967566e-05,0.2059009775697843,0.1696385554350513,0.4249134319560674,0.20051141023769392,0.08584077604916589,0.025781244369156957,5.6400163603324275e-08,2.569003097461855e-08,4.89623248441864e-06,2.1553424928165414e-06,2.5969451165128255e-10,1.1060550834138131e-10,2.337385616343361e-12,9.955070773025847e-13,7.022401894930612e-07,2.896795286193787e-07,1.6131632124245119e-12,8.518619113799516e-13,0.00027966233302367067,0.0001419639563860155,3.169557335303096e-08,1.54898534567125e-08,0.0021141203916881252,0.0009960626675931605,3.4866613293645475e-07,1.585754699243806e-07,0.00047736543036054114,0.0002098308199236625,9.482432338542107e-11,3.054784377877188e-11,4.205759601030268e-06,1.3224049639344975e-06,1.2448076344440328e-10,3.9140130466066105e-11,2.2522315100822784e-19,2.1252970630466283e-19,6.28338003336759e-18,5.531204704828456e-18,1.5558266807062314e-14,1.2834209454193272e-14,2.3518278816334606e-09,1.8252280161352285e-09,1.240792704392636e-12,5.650978226926712e-13,1.4445011807191985e-15,6.362994337223613e-16,1.482549287512638e-23,4.259472766821046e-24,1.7504979586229134e-15,5.256932217881967e-16,1.2395265607849213e-18,5.282625157588066e-19,7.4907117520724e-18,3.805405281303675e-18,6.052585173307205e-10,2.9601306361203074e-10,7.079770284409931e-16,3.337996200182347e-16,5.36039530673501e-18,1.7266936368198187e-18,8.155011232209795e-20,2.505275117792969e-20,1.576030585601385e-14,4.841673541040508e-15,6.233624973568377e-11,1.9150121434844333e-11,3.6914138392545226e-17,1.1612331784295436e-17,0.010328643883421265,0.004873263785810324,9.999999999998536e-31,3.308529085037044e-31,1.7224491741959301e-09,5.283622013820881e-10,2.301152695491926e-06,6.897443212798929e-07,2.3514375649988313e-10,7.220420328474059e-11,2.8173442664172797e-13,8.453103185885442e-14
0.834,1218.7272877532741,5.435737207440212,0.25863363490299945,3.188518489130028,0.06863989490605402,0.4500191110793009,1.149513345836117e-07,1.5072953557839332e-06,4.7959077204771624e-14,3.962076485285158e-14,1.429453633880479e-14,5.9046221901031196e-15,1.7685846456372148e-08,1.3744945238483252e-08,0.2014701716396213,0.14781597260351287,1.0213184134939822e-16,4.0899042614636554e-17,4.2174807152792964e-14,1.6388540299406213e-14,1.1348716376372445e-18,1.2488562474693898e-18,4.028535815012155e-16,4.08991683757379e-16,3.256567284688507e-11,3.068598963517216e-11,7.026969941322196e-13,6.621374838465969e-13,1.305991544263327e-05,1.1481055278760233e-05,0.20589361120056893,0.16962980493767096,0.42492996330522986,0.20051604147381774,0.08584349953909964,0.025781654787116342,5.6372508127351675e-08,2.5677028129167824e-08,4.8963895866564695e-06,2.1553775782638685e-06,2.594314877344915e-10,1.1049173819494289e-10,2.334465638176472e-12,9.942477236320141e-13,7.017887392110241e-07,2.8948872571404297e-07,1.6084351231023121e-12,8.493517264042216e-13,0.0002791948276319167,0.00014172439801082455,3.163575700964637e-08,1.546037638827832e-08,0.002112108083626088,0.0009950988433010803,3.482605904346147e-07,1.5838852297400243e-07,0.00047717743991395603,0.00020974487122425,9.468608262071311e-11,3.0502827061842215e-11,4.203199501640884e-06,1.321579108037016e-06,1.2434560443525994e-10,3.909701477022939e-11,2.2463898068972497e-19,2.1197510863710493e-19,6.27376088401887e-18,5.522649750890815e-18,1.5545052087646727e-14,1.2823105762166974e-14,2.3519584372060117e-09,1.8253004850338061e-09,1.2396949780742018e-12,5.645889571387253e-13,1.4420729216865385e-15,6.352197498437978e-16,1.4788423728872947e-23,4.248755366219145e-24,1.7481694760955713e-15,5.249856547987335e-16,1.2374970798913511e-18,5.273892529856203e-19,7.480090302058314e-18,3.799949340701269e-18,6.050907385793381e-10,2.959263303335485e-10,7.075038168179619e-16,3.3357123545271893e-16,5.349189171238606e-18,1.7230566723544834e-18,8.136077004582603e-20,2.4994188836755206e-20,1.574896673453565e-14,4.8381136059190255e-15,6.231930853692645e-11,1.9144614350019407e-11,3.6869039588880605e-17,1.1597961409184346e-17,0.010328643883407432,0.004873186751775989,9.999999999998524e-31,3.3084767855242808e-31,1.7198639916426555e-09,5.27560855716905e-10,2.299484024896819e-06,6.892332610528938e-07,2.3494722219608897e-10,7.214271424520534e-11,2.8113059632359787e-13,8.43485264633793e-14
0.835,1218.659766240979,5.435897466031423,0.25862600998692475,3.1923850762534602,0.06864354527754775,0.45003594282253323,1.1486108304494043e-07,1.5060881716625026e-06,4.7866582855469006e-14,3.9543727909978215e-14,1.426572787799229e-14,5.892629345909788e-15,1.7665824942975513e-08,1.372916845104404e-08,0.20145733194504653,0.14780422014622557,1.019236487384294e-16,4.081502717239801e-17,4.211208853105048e-14,1.6363910520294383e-14,1.1314446053038482e-18,1.245065364339024e-18,4.0182650304240444e-16,4.079425193919026e-16,3.250680487325201e-11,3.063003620819819e-11,7.013337538862276e-13,6.608425023414996e-13,1.3048434014843944e-05,1.1470780889119804e-05,0.2058862578881512,0.1696210703712559,0.42494645963420147,0.20052066182797448,0.08584622479537438,0.02578206646697425,5.634488596494727e-08,2.5664041609485327e-08,4.896546503757968e-06,2.1554126433387814e-06,2.5916905365667163e-10,1.1037822604032112e-10,2.331552741919153e-12,9.929914545793145e-13,7.01338189640048e-07,2.892983087321442e-07,1.603725221933788e-12,8.46851249538598e-13,0.00027872855181469827,0.00014148547543881799,3.1576109563542166e-08,1.5430983235975755e-08,0.0021100997143920974,0.000994136933893508,3.478559098864057e-07,1.5820197851086971e-07,0.0004769897376766475,0.00020965905797673583,9.45481675614422e-11,3.0457917570821414e-11,4.200643364919462e-06,1.3207545623128974e-06,1.2421071391351435e-10,3.905398598211193e-11,2.2405684340191706e-19,2.1142245299676348e-19,6.26416509543686e-18,5.514115790248728e-18,1.553185921717979e-14,1.2812020813994266e-14,2.3520887540994454e-09,1.8253728191138774e-09,1.238599136214695e-12,5.640809821761513e-13,1.4396511025745795e-15,6.34142955088627e-16,1.4751483163166142e-23,4.238075367771266e-24,1.7458462318119216e-15,5.242796983666165e-16,1.2354728605655613e-18,5.265182753307106e-19,7.469494189367546e-18,3.794506553513927e-18,6.049232400881263e-10,2.958397454008829e-10,7.070314183793658e-16,3.3334325112296683e-16,5.338016411359802e-18,1.7194306231473472e-18,8.117206036351015e-20,2.4935823397993393e-20,1.57376485079633e-14,4.83456034178331e-15,6.230239449841133e-11,1.913911633543903e-11,3.6824039920280755e-17,1.1583623007438633e-17,0.010328643883393641,0.004873109860875636,9.999999999998526e-31,3.308424583187235e-31,1.7172852515055559e-09,5.267615267468412e-10,2.2978184338949323e-06,6.887231599117316e-07,2.3475102792306526e-10,7.208133363871484e-11,2.8052863970650195e-13,8.416659143153348e-14
0.836,1218.5923082754548,5.436057666787705,0.25861838827190003,3.19625177732867,0.06864718930180444,0.4500527453804193,1.1477097542092245e-07,1.5048829559819148e-06,4.7774348687710845e-14,3.946690947327719e-14,1.4237004109803074e-14,5.880672032236519e-15,1.764584422251258e-08,1.3713424258440457e-08,0.20144451326731147,0.14779248773450454,1.0171607235215686e-16,4.0731262315636506e-17,4.2049522462452804e-14,1.6339341267015035e-14,1.128030914927944e-18,1.2412893181133572e-18,4.0080293882505064e-16,4.068969675237639e-16,3.2448095571156937e-11,3.0574234935567263e-11,6.999743571256127e-13,6.595512022176926e-13,1.3036973052813326e-05,1.1460525144696988e-05,0.20587891759870733,0.1696123516930631,0.424962921040812,0.20052527133143885,0.0858489518127233,0.025782479405093005,5.631729703199178e-08,2.565107137333778e-08,4.896703235933269e-06,2.1554476879679143e-06,2.589072073224924e-10,1.1026497095441034e-10,2.328646901340008e-12,9.917382586399209e-13,7.00888537906157e-07,2.8910827643065635e-07,1.5990334200266524e-12,8.443604331013673e-13,0.00027826350103657914,0.00014124718630587687,3.151663035101139e-08,1.5401673667730005e-08,0.002108095271871095,0.000993176933410507,3.474520884870484e-07,1.5801583521175e-07,0.0004768023229438173,0.00020957337984097295,9.441057704714667e-11,3.0413114920519986e-11,4.198091179207535e-06,1.3199313228591205e-06,1.2407609100190122e-10,3.901104381497568e-11,2.2347672983127643e-19,2.1087173043902e-19,6.254592583006894e-18,5.5056027462534e-18,1.5518688132042766e-14,1.2800954554341556e-14,2.3522188330056277e-09,1.8254450187811542e-09,1.2375051731732771e-12,5.63573895105479e-13,1.4372356986776792e-15,6.330690382946723e-16,1.4714670585039155e-23,4.227432598093145e-24,1.743528208521373e-15,5.235753471329106e-16,1.2334538827798218e-18,5.256495740340159e-19,7.458923322997012e-18,3.789076872120118e-18,6.047560211094998e-10,2.957533084106014e-10,7.065598307324431e-16,3.331156658359393e-16,5.326876889640145e-18,1.7158154439563495e-18,8.098398042774987e-20,2.487765397060864e-20,1.5726351110234057e-14,4.831013727335139e-15,6.228550754375575e-11,1.9133627365225605e-11,3.6779139044567415e-17,1.1569316467754917e-17,0.01032864388337992,0.004873033112711812,9.999999999998526e-31,3.3083724777560535e-31,1.714712930420649e-09,5.25964207099178e-10,2.296155913582862e-06,6.882140150440211e-07,2.345551726533302e-10,7.202006113365634e-11,2.7992854888830634e-13,8.398522434311387e-14
0.837,1218.5249136933976,5.43621780984061,0.25861076975114095,3.200118592314613,0.0686508269957647,0.45006951883205004,1.1468101129166502e-07,1.5036797029232248e-06,4.768237366971749e-14,3.9390308670392486e-14,1.420836468728232e-14,5.868750102608632e-15,1.7625904160039157e-08,1.3697712551843496e-08,0.20143171554757563,0.14778077531179418,1.0150910964985814e-16,4.064774700474127e-17,4.198710838549704e-14,1.6314832315142876e-14,1.1246305003828827e-18,1.2375280349046691e-18,3.9978287301634455e-16,4.058550117873002e-16,3.238954432848903e-11,3.0518585226158054e-11,6.986187886086095e-13,6.582635687774669e-13,1.3025532493149646e-05,1.1450287987114135e-05,0.20587159030126925,0.16960364886296214,0.4249793476219262,0.20052987001532266,0.08585168058692857,0.025782893598188524,5.6289741240873866e-08,2.5638117376949013e-08,4.89685978335349e-06,2.1554827120639124e-06,2.5864594662209364e-10,1.1015197200821883e-10,2.3257480901464525e-12,9.904881242863326e-13,7.004397811203765e-07,2.889186275610005e-07,1.5943596263629748e-12,8.418792282951122e-13,0.0002777996703211034,0.000141009528024566,3.1457318684215305e-08,1.5372447339741104e-08,0.0021060947423384474,0.000992218835136322,3.4704912318144014e-07,1.5783009164001525e-07,0.000476615194729948,0.00020948783635381203,9.427330991660939e-11,3.036841872560708e-11,4.19554293277219e-06,1.319109385751947e-06,1.2394173482880294e-10,3.8968187983962716e-11,2.2289863074036423e-19,2.1032293209243596e-19,6.245043262569145e-18,5.497110542675697e-18,1.5505538768374093e-14,1.278990692770415e-14,2.352348674614189e-09,1.8255170844422506e-09,1.2364130832903092e-12,5.630676932199956e-13,1.4348266846395358e-15,6.319979880156394e-16,1.4677985397463828e-23,4.2168268826607156e-24,1.741215386099802e-15,5.228725948773961e-16,1.231440126607839e-18,5.247831403807001e-19,7.44837761228295e-18,3.783660249083276e-18,6.045890808979721e-10,2.9566701896081495e-10,7.060890514379222e-16,3.328884783773806e-16,5.315770469691916e-18,1.7122110898927259e-18,8.079652733709658e-20,2.481967964710763e-20,1.571507447611861e-14,4.827473741543084e-15,6.226864759685798e-11,1.912814741362114e-11,3.6734336620099144e-17,1.1555041679032868e-17,0.010328643883366224,0.00487295650689433,9.999999999998524e-31,3.3083204689658497e-31,1.7121470036803102e-09,5.251688889909034e-10,2.2944964531449904e-06,6.877058230657726e-07,2.3435965533505056e-10,7.195889639110583e-11,2.7933031579705747e-13,8.38044227274005e-14
0.838,1218.4575823262694,5.436377895336207,0.25860315441717424,3.2039855211703485,0.06865445837660449,0.45008626325765005,1.1459119024266025e-07,1.502478406737852e-06,4.7590656776488806e-14,3.931392463465025e-14,1.4179809264007543e-14,5.856863410785199e-15,1.7606004621388353e-08,1.368203322303353e-08,0.2014189387276043,0.14776908282186416,1.013027581027576e-16,4.0564480204984114e-17,4.1924845745036316e-14,1.629038344274015e-14,1.1212432958855422e-18,1.2337814412105242e-18,3.9876628982824826e-16,4.0481663586391738e-16,3.233115053560365e-11,3.0463086491226786e-11,6.972670331827291e-13,6.569795874086108e-13,1.3014112272933271e-05,1.144006935840865e-05,0.20586427596241305,0.16959496183865866,0.42499573947448077,0.20053445791059063,0.08585441111297772,0.025783309042715783,5.62622185074233e-08,2.5625179578097254e-08,4.897016146223796e-06,2.155517715552514e-06,2.5838526947504125e-10,1.1003922828532783e-10,2.3228562823182667e-12,9.892410401078142e-13,6.999919164264455e-07,2.8872936088804154e-07,1.5897037535042874e-12,8.394075882172302e-13,0.00027733705524587407,0.000140772498288905,3.139817390383095e-08,1.534330392217543e-08,0.0021040981136009104,0.0009912626330768298,3.4664701115850073e-07,1.5764474647009033e-07,0.0004764283523008269,0.00020940242716245382,9.413636501903454e-11,3.032382860413864e-11,4.192998614034079e-06,1.318288747115491e-06,1.238076445244882e-10,3.8925418204820104e-11,2.2232253692124796e-19,2.097760491142903e-19,6.235517050277249e-18,5.488639103568605e-18,1.5492411062910562e-14,1.2778877879069832e-14,2.3524782796114934e-09,1.8255890164995754e-09,1.2353228609590884e-12,5.625623738370815e-13,1.4324240366331758e-15,6.309297934798394e-16,1.464142702088154e-23,4.206258051985613e-24,1.7389077487021657e-15,5.221714366652327e-16,1.2294315722204942e-18,5.239189656980867e-19,7.43785696701277e-18,3.778256637199622e-18,6.04422418711479e-10,2.955808766511265e-10,7.056190781139434e-16,3.326616875600248e-16,5.304697015464539e-18,1.7086175161806144e-18,8.060969832850864e-20,2.4761899562600293e-20,1.5703818540129855e-14,4.823940363295862e-15,6.225181458190792e-11,1.9122676454945354e-11,3.668963230747614e-17,1.1540798530884041e-17,0.01032864388335255,0.004872880043028829,9.99999999999853e-31,3.308268556548888e-31,1.7095874479779228e-09,5.243755650693523e-10,2.2928400435249186e-06,6.87198581120194e-07,2.3416447494560137e-10,7.189783908110327e-11,2.787339325813106e-13,8.362418418006498e-14
0.839,1218.3903140075713,5.436537923416765,0.25859554226270925,3.207852563855037,0.06865808346134718,0.4501029787367142,1.1450151186215339e-07,1.5012790617153417e-06,4.749919698959463e-14,3.923775650494441e-14,1.4151337495626417e-14,5.845011811403025e-15,1.7586145473272965e-08,1.3666386164500496e-08,0.2014061827494556,0.14775741020880376,1.0109701519831767e-16,4.0481460888298476e-17,4.1862733989242807e-14,1.6265994429200988e-14,1.1178692361078837e-18,1.2300494640383361e-18,3.9775317358052534e-16,4.037818235466792e-16,3.227291358674987e-11,3.040773814579798e-11,6.959190757930183e-13,6.556992435931766e-13,1.3002712329681702e-05,1.1429869201019478e-05,0.20585697454930568,0.16958629057846106,0.4250120966950943,0.2005390350481796,0.08585714338574812,0.025783725735113394,5.623472874800221e-08,2.5612257934828945e-08,4.897172324749306e-06,2.1555526983607944e-06,2.581251738138745e-10,1.0992673887505012e-10,2.319971452001626e-12,9.879969947667521e-13,6.995449409878672e-07,2.885404751851825e-07,1.5850657131257159e-12,8.369454655029767e-13,0.0002768756511585277,0.00014053609467660363,3.1339195350943187e-08,1.5314243085452474e-08,0.002102105373400805,0.0009903083212091826,3.46245749605981e-07,1.5745979837617823e-07,0.0004762417949106939,0.00020931715190922884,9.399974121019048e-11,3.027934417636054e-11,4.19045821146452e-06,1.3174694030913554e-06,1.2367381922447036e-10,3.888273419501458e-11,2.217484392274809e-19,2.0923107272106565e-19,6.2260138627997174e-18,5.480188353452788e-18,1.547930495283177e-14,1.2767867353809836e-14,2.3526076486809665e-09,1.8256608153543467e-09,1.2342345006105135e-12,5.620579342920769e-13,1.430027729596343e-15,6.298644433733981e-16,1.4604994865187482e-23,4.195725933572724e-24,1.7366052774514035e-15,5.21471866652254e-16,1.2274281998946512e-18,5.230570413601985e-19,7.427361297531945e-18,3.772865989558151e-18,6.042560338109211e-10,2.954948810828539e-10,7.051499083892162e-16,3.3243529220201405e-16,5.293656391818284e-18,1.7050346783444026e-18,8.042349054142157e-20,2.4704312822361182e-20,1.569258323722142e-14,4.820413571624204e-15,6.22350084234734e-11,1.9117214463651082e-11,3.6645025769392265e-17,1.1526586913602698e-17,0.010328643883338918,0.00487280372072413,9.99999999999852e-31,3.3082167402395788e-31,1.7070342400358923e-09,5.235842279921474e-10,2.291186675587091e-06,6.86692286327706e-07,2.3396963046622016e-10,7.183688887497845e-11,2.781393914397407e-13,8.344450631217251e-14
0.84,1218.323108577365,5.436697894208564,0.2585879332812179,3.211719720327928,0.06866170226666428,0.45011966534705417,1.1441197573336056e-07,1.5000816620824938e-06,4.740799329182808e-14,3.9161803421349653e-14,1.4122949041056748e-14,5.83319516047666e-15,1.7566326582359803e-08,1.3650771268735107e-08,0.20139344755482053,0.14774575741665288,1.0089187843526693e-16,4.039868803131886e-17,4.180077256302674e-14,1.6241665052706822e-14,1.11450825611936e-18,1.2263320308428746e-18,3.967435087162334e-16,4.0275055875632995e-16,3.221483287887474e-11,3.0352539607560886e-11,6.945749014170394e-13,6.544225228467111e-13,1.2991332600644208e-05,1.1419687457175931e-05,0.20584968603207365,0.16957763504336432,0.425028419379279,0.2005436014587836,0.08585987740143623,0.025784143672252978,5.6207271874604226e-08,2.559935240324665e-08,4.897328319089192e-06,2.1555876603986564e-06,2.578656575494482e-10,1.0981450285775526e-10,2.317093573212713e-12,9.867559768731923e-13,6.990988519418358e-07,2.88351969215585e-07,1.5804454154775717e-12,8.344928120418383e-13,0.00027641545309167325,0.00014030031460600482,3.128038234004524e-08,1.5285264487063174e-08,0.002100116507667878,0.0009893558926590384,3.4584533542549616e-07,1.5727524590279188e-07,0.0004760555214934401,0.0002092320100960392,9.386343734294758e-11,3.023496506168379e-11,4.187921713434154e-06,1.3166513497920788e-06,1.2354025806891012e-10,3.884013567357477e-11,2.2117632858417834e-19,2.086879941981092e-19,6.216533617168239e-18,5.471758217187239e-18,1.546622037482561e-14,1.2756875296917958e-14,2.3527367825040217e-09,1.8257324814087419e-09,1.2331479966368447e-12,5.615543719039973e-13,1.4276377387814545e-15,6.288019265234587e-16,1.456868834616776e-23,4.185230356645571e-24,1.7343079526464587e-15,5.207738787484604e-16,1.225429990001235e-18,5.221973587830767e-19,7.416890514394225e-18,3.7674882593658306e-18,6.040899254590388e-10,2.9540903185871117e-10,7.046815398349567e-16,3.322092910950697e-16,5.282648464570734e-18,1.7014625322249681e-18,8.023790114081292e-20,2.4646918539652817e-20,1.5681368503145534e-14,4.816893345814524e-15,6.221822904634078e-11,1.9111761414290222e-11,3.66005166684362e-17,1.1512406717483058e-17,0.010328643883325342,0.004872727539596035,9.999999999998515e-31,3.308165019777086e-31,1.7044873550414913e-09,5.227948699478486e-10,2.28953633802796e-06,6.861869351604444e-07,2.3377512084889536e-10,7.17760454352406e-11,2.775466843556046e-13,8.326538667058172e-14
0.841,1218.2559658665705,5.436857807862675,0.2585803274649943,3.2155869905483794,0.06866531480964874,0.45013632316850904,1.1432258144989645e-07,1.4988862022011035e-06,4.731704467582186e-14,3.9086064532119784e-14,1.4094643558716982e-14,5.821413313823679e-15,1.7546547816609118e-08,1.3635188429228339e-08,0.20138073308642118,0.147734124389982,1.0068734532616952e-16,4.031616061628662e-17,4.17389609219761e-14,1.6217395095593364e-14,1.1111602913374894e-18,1.222629069468094e-18,3.957372797014298e-16,4.0172282543824574e-16,3.2156907811784145e-11,3.029749029692868e-11,6.932344951567235e-13,6.531494108028097e-13,1.2979973023959859e-05,1.1409524069881067e-05,0.20584241037647258,0.16956899519049914,0.4250447076231406,0.2005481571730508,0.08586261315451167,0.02578456285044658,5.617984780604296e-08,2.5586462942527508e-08,4.897484129469379e-06,2.155622601601921e-06,2.5760671864505776e-10,1.0970251933610441e-10,2.314222620429968e-12,9.855179752340651e-13,6.986536464874231e-07,2.881638417676706e-07,1.575842775432495e-12,8.320495821679515e-13,0.0002759564568132317,0.00014006515586878403,3.1221734234665715e-08,1.5256367808479302e-08,0.0020981315051626787,0.000988405341885074,3.4544576597170275e-07,1.570910878004277e-07,0.0004758695314611102,0.00020914700143468318,9.372745228668272e-11,3.0190690884843346e-11,4.1853891085719536e-06,1.315834583410022e-06,1.234069601995344e-10,3.879762236000473e-11,2.2060619593336654e-19,2.0814680484742615e-19,6.207076230773787e-18,5.4633486199492414e-18,1.5453157266752917e-14,1.274590165434498e-14,2.3528656817583115e-09,1.8258040150590258e-09,1.2320633435305296e-12,5.610516840370543e-13,1.4252540404691313e-15,6.277422322105316e-16,1.4532506891478174e-23,4.1747711538509504e-24,1.7320157588270684e-15,5.200774681372799e-16,1.223436923010741e-18,5.213399094255395e-19,7.406444528783405e-18,3.7621234001504196e-18,6.039240929226511e-10,2.9532332858300944e-10,7.042139701276801e-16,3.319836830802343e-16,5.2716730997367785e-18,1.6979010337297024e-18,8.005292739241528e-20,2.4589715858752955e-20,1.5670174273059246e-14,4.8133796649662014e-15,6.220147637565544e-11,1.9106317281499165e-11,3.6556104670727044e-17,1.1498257833927929e-17,0.01032864388331181,0.004872651499252606,9.999999999998515e-31,3.3081133948953206e-31,1.7019467707320976e-09,5.220074839073963e-10,2.287889022845795e-06,6.856825250795405e-07,2.335809450984827e-10,7.171530844057361e-11,2.7695580371659384e-13,8.308682292365225e-14
0.842,1218.1888857131903,5.437017664513167,0.2585727248071436,3.2194543744758444,0.0686689211069957,0.45015295227900837,1.1423332860227804e-07,1.4976926763957806e-06,4.7226350137179016e-14,3.901053898813731e-14,1.4066420710339525e-14,5.809666128658192e-15,1.7526809044283032e-08,1.3619637539744302e-08,0.20136803928678,0.14772251107345957,1.0048341339763453e-16,4.0233877631261556e-17,4.167729851981918e-14,1.6193184339530722e-14,1.1078252776236155e-18,1.218940508256351e-18,3.947344711368812e-16,4.006986076771075e-16,3.2099137788778976e-11,3.02425896377341e-11,6.918978421706896e-13,6.518798931514179e-13,1.2968633537732892e-05,1.1399378982135242e-05,0.20583514755127394,0.16956037097975732,0.4250609615218829,0.2005527022215162,0.08586535064039776,0.02578498326633382,5.615245645763658e-08,2.5573589510306526e-08,4.8976397560760756e-06,2.155657521892338e-06,2.5734835504949364e-10,1.0959078740688936e-10,2.3113585680726842e-12,9.842829786342716e-13,6.98209321809433e-07,2.879760916246314e-07,1.5712577053356193e-12,8.296157288874774e-13,0.00027549865757905967,0.00013983061599725483,3.1163250373018897e-08,1.522755271887008e-08,0.0020961503529804398,0.0009874566625639937,3.450470383416345e-07,1.5690732270288154e-07,0.0004756838239371281,0.00020906212551050893,9.359178491004711e-11,3.014652127044333e-11,4.182860385430721e-06,1.3150191001163948e-06,1.2327392476389697e-10,3.875519397574711e-11,2.200380322936771e-19,2.0760749604466245e-19,6.197641621479769e-18,5.454959487351333e-18,1.544011556625995e-14,1.2734946371894818e-14,2.3529943471192e-09,1.8258754167025133e-09,1.2309805357672327e-12,5.605498680491756e-13,1.4228766100318216e-15,6.266853493176097e-16,1.4496449922041857e-23,4.1643481559280995e-24,1.7297286767567962e-15,5.193826288698852e-16,1.221448979495327e-18,5.204846847917317e-19,7.396023252240261e-18,3.756771365633723e-18,6.037585354707154e-10,2.9523777086165005e-10,7.037471968965908e-16,3.317584669769824e-16,5.260730164428202e-18,1.694350139127641e-18,7.986856648636296e-20,2.453270390086117e-20,1.5659000482995393e-14,4.809872508458762e-15,6.218475033687525e-11,1.910088204004534e-11,3.651178944299093e-17,1.1484140154565781e-17,0.01032864388329832,0.004872575599309703,9.999999999998514e-31,3.308061865333484e-31,1.69941246345867e-09,5.212220624183521e-10,2.2862447200671988e-06,6.851790529567867e-07,2.3338710219489125e-10,7.165467756217292e-11,2.7636674173685474e-13,8.290881268810841e-14
0.843,1218.121867956816,5.437177464290925,0.25856512530092374,3.223321872069869,0.06867252117530151,0.4501695527560193,1.1414421678032002e-07,1.4965010789836395e-06,4.7135908674908875e-14,3.893522594322798e-14,1.403828015981469e-14,5.797953463106503e-15,1.75071101339245e-08,1.3604118494288173e-08,0.20135536609841756,0.14771091741182865,1.0028008018754832e-16,4.0151838068966494e-17,4.161578481097795e-14,1.6169032566496774e-14,1.1045031512024165e-18,1.2152662759583545e-18,3.937350677112285e-16,3.99677889648877e-16,3.204152221568366e-11,3.018783705627877e-11,6.905649276717874e-13,6.506139556357545e-13,1.2957314080102077e-05,1.1389252136983984e-05,0.2058278975259245,0.16955176237167008,0.4250771811700571,0.20055723663449113,0.08586808985503196,0.025785404916720475,5.6125097743591625e-08,2.5560732063733112e-08,4.897795199083363e-06,2.155692421187266e-06,2.57090564711245e-10,1.0947930616695547e-10,2.3085013905976166e-12,9.830509758766908e-13,6.977658750914469e-07,2.8778871756948054e-07,1.5666901181949e-12,8.27191205562173e-13,0.0002750420506950442,0.0001395966925495163,3.110493008986565e-08,1.5198818885767328e-08,0.002094173037811367,0.0009865098481831444,3.446491495688484e-07,1.5672394921536188e-07,0.00047549839796419614,0.00020897738187355565,9.345643408426156e-11,3.0102455843983565e-11,4.18033553256894e-06,1.3142048960854824e-06,1.2314115091314265e-10,3.871285024343544e-11,2.194718287360878e-19,2.0707005921596634e-19,6.1882297074787005e-18,5.446590745308818e-18,1.5427095210952645e-14,1.2724009395353637e-14,2.35312277925963e-09,1.8259466867353828e-09,1.2298995678218387e-12,5.600489212986484e-13,1.420505423581049e-15,6.25631267054967e-16,1.4460516868554998e-23,4.153961196445424e-24,1.727446688549501e-15,5.186893554039739e-16,1.2194661401182823e-18,5.196316764260308e-19,7.385626596603774e-18,3.751432109697381e-18,6.035932523745615e-10,2.9515235830190106e-10,7.032812177613214e-16,3.3153364160063267e-16,5.249819526434062e-18,1.6908098049123137e-18,7.968481567842223e-20,2.447588180745194e-20,1.5647847069335782e-14,4.806371855784523e-15,6.21680508556802e-11,1.9095455664777646e-11,3.646757065278649e-17,1.1470053571308403e-17,0.010328643883284843,0.004872499839385412,9.999999999998508e-31,3.3080104308322963e-31,1.6968844092709154e-09,5.204385979371527e-10,2.2846034192018356e-06,6.846765155098655e-07,2.331935911132565e-10,7.159415246985727e-11,2.7577949060166983e-13,8.273135357234942e-14
0.844,1218.054912436563,5.437337207329141,0.2585575289394848,3.2271894832900943,0.06867611503116479,0.45018612467704217,1.1405524557705291e-07,1.4953114043251069e-06,4.704571929410809e-14,3.8860124556360096e-14,1.4010221572417292e-14,5.786275175885381e-15,1.7487450954825736e-08,1.3588631187465034e-08,0.20134271346410065,0.1476993433500341,1.0007734324766325e-16,4.007004092780784e-17,4.155441925378571e-14,1.6144939560021112e-14,1.1011938486909658e-18,1.2116063017646208e-18,3.9273905419424467e-16,3.9866065561378805e-16,3.198406050146602e-11,3.0133231981905464e-11,6.892357369600934e-13,6.493515840831437e-13,1.2946014589599361e-05,1.1379143477828962e-05,0.20582066026943177,0.16954316932642693,0.4250933666618691,0.20056176044213356,0.08587083079432209,0.02578582779840557,5.609777157942234e-08,2.5547890560563367e-08,4.897950458674229e-06,2.1557272994081335e-06,2.5683334559519486e-10,1.0936807472026966e-10,2.305651062641888e-12,9.818219558426566e-13,6.973233035372865e-07,2.876017183937963e-07,1.5621399278055699e-12,8.24775965974741e-13,0.0002745866315342175,0.0001393633831180838,3.104677272924399e-08,1.5170165981280188e-08,0.0020921995467736315,0.000985564892432554,3.442520967604305e-07,1.5654096597673315e-07,0.00047531325265390913,0.00020889277010423097,9.332139868766777e-11,3.0058494233314015e-11,4.177814538618636e-06,1.3133919675154875e-06,1.2300863780187892e-10,3.86705908868391e-11,2.1890757637926264e-19,2.0653448583350604e-19,6.1788404073732715e-18,5.438242320109011e-18,1.5414096138869264e-14,1.271309067087488e-14,2.3532509788498498e-09,1.8260178255517855e-09,1.2288204342071112e-12,5.595488411615133e-13,1.4181404571155987e-15,6.245799745847373e-16,1.44247071624892e-23,4.143610109213993e-24,1.7251697763241758e-15,5.179976421996435e-16,1.217488385639338e-18,5.187808759151069e-19,7.375254474189595e-18,3.7461055864720775e-18,6.034282429082919e-10,2.950670905124827e-10,7.028160303651054e-16,3.313092057778618e-16,5.238941054209507e-18,1.6872799877974714e-18,7.950167222150314e-20,2.4419248719227115e-20,1.5636713968627543e-14,4.802877686490372e-15,6.215137785800905e-11,1.9090038130630567e-11,3.642344796958774e-17,1.1455997976687107e-17,0.010328643883271425,0.004872424219098278,9.999999999998515e-31,3.3079590911327757e-31,1.694362584664867e-09,5.19657083058199e-10,2.2829651102439314e-06,6.841749096022414e-07,2.330004108397293e-10,7.153373283688929e-11,2.751940425895039e-13,8.255444321303002e-14
0.845,1217.9880189834812,5.437496893783094,0.2585499357149284,3.2310572080962707,0.06867970269154042,0.45020266812127574,1.1396641459481991e-07,1.4941236469016708e-06,4.695578100901548e-14,3.8785233994110495e-14,1.3982244613262319e-14,5.774631125655731e-15,1.746783137747877e-08,1.3573175514810121e-08,0.20133008132761368,0.1476877888335732,9.987520014305654e-17,3.99884852115998e-17,4.149320131624818e-14,1.612090510739965e-14,1.0978973070485465e-18,1.2079605152484316e-18,3.9174641538431357e-16,3.9764688986244216e-16,3.192675205790133e-11,3.007877384663725e-11,6.879102554522146e-13,6.48092764431665e-13,1.2934735005567296e-05,1.1369052948778248e-05,0.2058134357469526,0.16953459180081884,0.4251095180921195,0.20056627367459973,0.08587357345246595,0.025786251907639293,5.607047788670823e-08,2.5535064961289493e-08,4.898105535091131e-06,2.1557621564995535e-06,2.5657669571334476e-10,1.0925709219084374e-10,2.3028075592611575e-12,9.805959075919393e-13,6.968816044064999e-07,2.8741509291193796e-07,1.5576070521063457e-12,8.223699660995567e-13,0.00027413239612792567,0.00013913068562971916,3.0988777678655713e-08,1.5141593698776675e-08,0.0020902298694902006,0.000984621790181789,3.4385587742422754e-07,1.5635837180808378e-07,0.0004751283875417348,0.00020880828996901055,9.318667761374416e-11,3.0014636071172535e-11,4.175297392449069e-06,1.3125803106780764e-06,1.2287638458663191e-10,3.862841563032148e-11,2.183452663620014e-19,2.060007673891697e-19,6.169473640125239e-18,5.429914138358292e-18,1.5401118289104073e-14,1.2702190145475128e-14,2.353378946556355e-09,1.82608883354037e-09,1.2277431295260845e-12,5.590496250546031e-13,1.4157816877919905e-15,6.235314615795395e-16,1.438902024854223e-23,4.133294731857951e-24,1.7228979259588064e-15,5.17307484845748e-16,1.2155156969194105e-18,5.1793227488918335e-19,7.364906797908299e-18,3.740791750392117e-18,6.032635063500145e-10,2.949819671037406e-10,7.023516324452124e-16,3.3108515837942343e-16,5.2280946164505455e-18,1.6837606445776443e-18,7.931913347877966e-20,2.436280381082481e-20,1.5625601116922962e-14,4.799389979967996e-15,6.213473127018872e-11,1.9084629412636125e-11,3.637942106614238e-17,1.1441973264263207e-17,0.010328643883258057,0.004872348738060159,9.999999999998514e-31,3.307907845971401e-31,1.6918469683926032e-09,5.18877511068114e-10,2.281329786110366e-06,6.836742329728058e-07,2.328075604077722e-10,7.147341835101422e-11,2.746103903363208e-13,8.23780793542275e-14
0.846,1217.9211874453308,5.4376565237661945,0.25854234562134887,3.234925046448231,0.06868328417250844,0.45021918316373194,1.1387772342555204e-07,1.492937801064528e-06,4.686609283325761e-14,3.871055342279502e-14,1.395434895279869e-14,5.763021173319454e-15,1.7448251272184167e-08,1.3557751371773517e-08,0.20131746963177147,0.14767625380775498,9.967364845357449e-17,3.990716993033595e-17,4.1432130457582764e-14,1.609692899260028e-14,1.0946134637369947e-18,1.2043288465480576e-18,3.907571362797812e-16,3.9663657689166025e-16,3.186959630077075e-11,3.002446208645214e-11,6.865884685874465e-13,6.468374826448768e-13,1.2923475266833341e-05,1.1358980493536255e-05,0.2058062239309677,0.16952602975826597,0.4251256355537768,0.2005707763618726,0.08587631782628578,0.025786677241549687,5.6043216577748015e-08,2.5522255222274833e-08,4.89826042847635e-06,2.1557969923695205e-06,2.563206130264421e-10,1.0914635768137379e-10,2.2999708551700606e-12,9.793728200440515e-13,6.964407749040946e-07,2.87228839916962e-07,1.553091402032351e-12,8.199731582212414e-13,0.00027367933920604935,0.00013889859735144607,3.0930944257709976e-08,1.511310169854582e-08,0.0020882639913506816,0.0009836805343106186,3.434604884064078e-07,1.56176165230365e-07,0.0004749438014353598,0.00020872394091531865,9.30522697456456e-11,2.99708809871297e-11,4.172784082658698e-06,1.3117699217650329e-06,1.2274439043234293e-10,3.858632420106955e-11,2.177848899336148e-19,2.0546889548082512e-19,6.160129325246877e-18,5.4216061271769056e-18,1.5388161599807535e-14,1.2691307765446317e-14,2.3535066830443913e-09,1.8261597110950841e-09,1.226667648302962e-12,5.585512703612545e-13,1.4134290899670003e-15,6.224857164825551e-16,1.4353455545995374e-23,4.123014894734172e-24,1.7206311140730284e-15,5.166188761538665e-16,1.2135480549152047e-18,5.170858650222446e-19,7.354583480901419e-18,3.735490556028677e-18,6.03099041978714e-10,2.948969876875475e-10,7.018880216053278e-16,3.3086149821445445e-16,5.217280083490402e-18,1.6802517325860004e-18,7.91371965720965e-20,2.4306546182944925e-20,1.561450845202143e-14,4.7959087161657854e-15,6.211811101880187e-11,1.9079229485975813e-11,3.633548961425606e-17,1.1427979327357516e-17,0.010328643883244719,0.0048722733958998865,9.999999999998505e-31,3.3078566950961867e-31,1.689337535585715e-09,5.180998741459425e-10,2.279697434733894e-06,6.831744818696413e-07,2.3261503878153078e-10,7.141320867900047e-11,2.740285259883754e-13,8.220225959368943e-14
0.847,1217.8544176541636,5.437816097433085,0.2585347586508816,3.2387929983059167,0.06868685949091971,0.45023566988311753,1.1378917167228227e-07,1.4917538613069898e-06,4.677665378892266e-14,3.863608201571217e-14,1.3926534259810118e-14,5.751445179091354e-15,1.7428710510174218e-08,1.3542358654505187e-08,0.20130487832064864,0.14766473821838183,9.947268576653665e-17,3.982609409700875e-17,4.1371206149049704e-14,1.6073011004251883e-14,1.091342256419235e-18,1.2007112260271979e-18,3.8977120183790185e-16,3.9562970115721086e-16,3.181259264682731e-11,2.997029613822987e-11,6.852703619011403e-13,6.455857247767379e-13,1.2912235312967765e-05,1.1348926056435888e-05,0.20579902478698775,0.16951748315594858,0.42514171914071547,0.20057526853375912,0.0858790639103523,0.025787103796512036,5.60159875734684e-08,2.550946130374493e-08,4.8984151390636735e-06,2.1558318069598613e-06,2.5606509555557895e-10,1.0903587032005598e-10,2.297140925574351e-12,9.781526823262548e-13,6.960008122982873e-07,2.870429582273291e-07,1.5485928976219085e-12,8.175854994332504e-13,0.00027322745704148535,0.00013866711633331866,3.087327185708655e-08,1.5084689675599665e-08,0.002086301901800041,0.000982741119607164,3.430659271887319e-07,1.5599434505328104e-07,0.000474759493819995,0.00020863972268778558,9.291817398452993e-11,2.992722861651835e-11,4.1702745981779626e-06,1.3109607970692774e-06,1.2261265450202243e-10,3.854431632559171e-11,2.172264383284366e-19,2.0493886169258606e-19,6.1508073823521964e-18,5.413318213768833e-18,1.5375226010218612e-14,1.2680443477949853e-14,2.353634188975325e-09,1.8262304586013497e-09,1.2255939851579305e-12,5.580537745072967e-13,1.4110826425333601e-15,6.214427297342417e-16,1.4318012521408637e-23,4.112770441787313e-24,1.7183693298559245e-15,5.159318127088606e-16,1.2115854406709108e-18,5.162416380251444e-19,7.344284436724958e-18,3.730201958158819e-18,6.029348490776689e-10,2.9481215187706906e-10,7.014251955860661e-16,3.306382241558553e-16,5.2064973252538084e-18,1.6767532090245777e-18,7.89558590186103e-20,2.4250475057734694e-20,1.5603435910478096e-14,4.7924338746390225e-15,6.210151703068531e-11,1.9073838325856865e-11,3.62916532888313e-17,1.141401606024669e-17,0.010328643883231393,0.0048721981922318245,9.999999999998501e-31,3.30780563824533e-31,1.6868342649452397e-09,5.173241655649147e-10,2.2780680487483066e-06,6.826756539481025e-07,2.3242284499616513e-10,7.135310350926066e-11,2.7344844220056174e-13,8.202698168178835e-14
0.848,1217.787709452557,5.437975614912915,0.2585271747968762,3.242661063629362,0.06869042866304134,0.45025212835535033,1.1370075893701065e-07,1.4905718221133311e-06,4.6687462903578015e-14,3.8561818950885125e-14,1.3898800206557275e-14,5.739903004653434e-15,1.740920896353598e-08,1.3526997259867255e-08,0.20129230733809572,0.1476532420114471,9.927230968895457e-17,3.9745256732713605e-17,4.131042786105295e-14,1.6049150930718345e-14,1.0880836233029057e-18,1.1971075846594093e-18,3.8878859718786525e-16,3.946262472921481e-16,3.175574051794574e-11,2.991627544382093e-11,6.839559210238137e-13,6.443374769742035e-13,1.2901015083844181e-05,1.1338889582112702e-05,0.20579183828470346,0.16950895195489415,0.4251577689458918,0.2005797502200968,0.08588181170022978,0.02578753156926053,5.5988790791584276e-08,2.54966831645313e-08,4.898569667043017e-06,2.1558666001981226e-06,2.5581014131231446e-10,1.0892562923141098e-10,2.2943177456893387e-12,9.769354835737043e-13,6.955617138562211e-07,2.868574466619197e-07,1.5441114531163393e-12,8.152069437753611e-13,0.00027277674480667236,0.00013843624006751714,3.0815759834205105e-08,1.5056357308775773e-08,0.002084343588272917,0.0009818035399158191,3.4267219095205676e-07,1.5581290995027349e-07,0.0004745754638458358,0.00020855563488436752,9.278438923243487e-11,2.9883678595077676e-11,4.167768927848164e-06,1.310152932859461e-06,1.2248117596674859e-10,3.850239173306621e-11,2.1666990287436837e-19,2.0441065769830856e-19,6.141507731747512e-18,5.405050325970381e-18,1.5362311459734016e-14,1.2669597230316476e-14,2.3537614650082687e-09,1.8263010764470395e-09,1.2245221347225518e-12,5.575571349254968e-13,1.4087423201648785e-15,6.204024899198886e-16,1.4282690600795558e-23,4.1025612053437676e-24,1.7161125517117628e-15,5.152462878594401e-16,1.2096278353371658e-18,5.153995856564328e-19,7.334009579547155e-18,3.724925911885785e-18,6.027709269322309e-10,2.9472745928724755e-10,7.009631520792429e-16,3.3041533505449895e-16,5.195746213159649e-18,1.6732650315859686e-18,7.877511798376534e-20,2.4194589549471292e-20,1.5592383430065827e-14,4.7889654353315884e-15,6.208494923306919e-11,1.9068455907656548e-11,3.624791176633743e-17,1.1400083357742736e-17,0.010328643883218098,0.004872123126681809,9.999999999998486e-31,3.307754675164794e-31,1.6843371335287974e-09,5.165503780964431e-10,2.27644161845653e-06,6.821777461671041e-07,2.322309780588379e-10,7.129310252183431e-11,2.728701314577424e-13,8.18522433183677e-14
0.849,1217.7210626765986,5.438135076352452,0.2585195940518462,3.2465292423787044,0.06869399170542878,0.450268558657707,1.1361248482539828e-07,1.4893916780151208e-06,4.6598519209570404e-14,3.8487763410347956e-14,1.3871146465866852e-14,5.72839451193249e-15,1.7389746504772428e-08,1.3511667085045667e-08,0.20127975662865646,0.147641765133293,9.907251783555639e-17,3.9664656861714017e-17,4.124979506916937e-14,1.6025348562384597e-14,1.0848375028521e-18,1.1935178537066922e-18,3.8780930748093793e-16,3.9362619995329987e-16,3.169903933740196e-11,2.986239944643631e-11,6.826451316460026e-13,6.430927254418431e-13,1.2889814519580562e-05,1.132887101541342e-05,0.2057846643910189,0.1695004361136477,0.42517378506247094,0.2005842214505864,0.08588456119047477,0.025787960556197437,5.596162615271283e-08,2.5483920764766824e-08,4.898724012637677e-06,2.1559013720240565e-06,2.5555574833196164e-10,1.0881563355007689e-10,2.291501290938782e-12,9.75721213010715e-13,6.951234768681064e-07,2.8667230404898816e-07,1.5396469877017772e-12,8.128374479020332e-13,0.00027232719848844665,0.00013820596645969395,3.075840757595752e-08,1.502810429133569e-08,0.0020823890397465134,0.0009808677898074114,3.422792771159998e-07,1.5563185870336797e-07,0.00047439171091069013,0.0002084716772116664,9.265091439999798e-11,2.9840230561334884e-11,4.165267060660802e-06,1.3093463254506257e-06,1.223499539985439e-10,3.846055015296708e-11,2.161152749178748e-19,2.038842751901036e-19,6.132230293914119e-18,5.396802391775913e-18,1.5349417888085584e-14,1.2658768970148254e-14,2.3538885117991263e-09,1.8263715650153742e-09,1.2234520916603895e-12,5.570613490630024e-13,1.4064081007551121e-15,6.193649870434843e-16,1.424748924465777e-23,4.092387027650709e-24,1.7138607656726416e-15,5.14562297244742e-16,1.2076752201532147e-18,5.145596997129448e-19,7.323758823812905e-18,3.7196623724554976e-18,6.026072748311829e-10,2.9464290953443723e-10,7.005018888286647e-16,3.3019282978558764e-16,5.1850266187334454e-18,1.669787158000566e-18,7.859497091083698e-20,2.4138888857836762e-20,1.5581350948175936e-14,4.785503378068023e-15,6.206840755348461e-11,1.9063082206827237e-11,3.620426472479803e-17,1.1386181115149142e-17,0.01032864388320484,0.004872048198870144,9.999999999998477e-31,3.307703805596801e-31,1.68184611976922e-09,5.157785049340873e-10,2.27481813591318e-06,6.816807560101856e-07,2.3203943700450587e-10,7.123320540526652e-11,2.7229358643958873e-13,8.167804226189671e-14
0.85,1217.6544771734143,5.438294481871177,0.25851201640960425,3.2503975345141676,0.06869754863405449,0.45028496086468794,1.1352434893774355e-07,1.4882134234781375e-06,4.6509821741184786e-14,3.8413914577933294e-14,1.384357271441929e-14,5.7169195644778245e-15,1.737032300657909e-08,1.3496368027423896e-08,0.2012672261363002,0.14763030753019776,9.88733078358573e-17,3.958429351441071e-17,4.1189307244748486e-14,1.600160368806069e-14,1.0816038339948945e-18,1.1899419649519413e-18,3.8683331802787546e-16,3.926295439621117e-16,3.164248853229046e-11,2.980866759302906e-11,6.813379795066366e-13,6.41851456433134e-13,1.2878633560136702e-05,1.1318870301081775e-05,0.20577750307754958,0.16949193559504147,0.42518976758228505,0.20058868225476703,0.08588731237739049,0.025788390754310442,5.5934493571966745e-08,2.547117406214663e-08,4.89887817600882e-06,2.155936122355133e-06,2.5530191462297835e-10,1.0870588239964023e-10,2.288691536596319e-12,9.745098598014927e-13,6.946860985974722e-07,2.8648752920664894e-07,1.5351994159064996e-12,8.104769660155104e-13,0.00027187881318100477,0.00013797629296311774,3.070121442778043e-08,1.499993029636279e-08,0.002080438242576267,0.000979933862621084,3.4188718269430094e-07,1.5545118991060288e-07,0.00047420823396094545,0.0002083878491784655,9.251774839378277e-11,2.979688415262758e-11,4.162768985454658e-06,1.3085409711135671e-06,1.2221898777620758e-10,3.841879131703208e-11,2.1556254589396015e-19,2.033597059450624e-19,6.1229749898487626e-18,5.3885743396563436e-18,1.5336545234588273e-14,1.2647958644742717e-14,2.3540153300021037e-09,1.8264419246924869e-09,1.2223838506005574e-12,5.565664143530341e-13,1.404079959881027e-15,6.183302100916745e-16,1.4212407892551864e-23,4.082247744967474e-24,1.7116139509056402e-15,5.138798344447513e-16,1.2057275764510265e-18,5.137219720333508e-19,7.313532084305496e-18,3.714411295300908e-18,6.024438920647639e-10,2.945585022364705e-10,7.000414034999002e-16,3.2997070718842197e-16,5.17433841482019e-18,1.6663195464329696e-18,7.841541504738124e-20,2.4083372122556338e-20,1.557033840341777e-14,4.782047683061558e-15,6.205189191971423e-11,1.9057717198948017e-11,3.616071184238164e-17,1.1372309227857461e-17,0.010328643883191619,0.004871973408428664,9.999999999998473e-31,3.307653029291398e-31,1.6793611998926928e-09,5.150085385968785e-10,2.273197590084197e-06,6.811846800373968e-07,2.318482208268015e-10,7.11734118356386e-11,2.7171879954400406e-13,8.150437618679777e-14
0.851,1217.5879527833204,5.438453831606962,0.25850444186309013,3.2542659399960727,0.0687010994652168,0.4503013350523675,1.1343635087977271e-07,1.4870370530385008e-06,4.642136953875516e-14,3.834027164252923e-14,1.3816078629104187e-14,5.705478025935491e-15,1.7350938342300428e-08,1.348109998488915e-08,0.20125471580559948,0.14761886914871228,9.867467732895477e-17,3.9504165725115006e-17,4.1128963865569684e-14,1.5977916099064583e-14,1.0783825559378116e-18,1.1863798504904785e-18,3.85860614163522e-16,3.9163626416578987e-16,3.158608753152231e-11,2.975507933230099e-11,6.800344504215796e-13,6.406136562750351e-13,1.286747214589196e-05,1.130888738422577e-05,0.20577035431284404,0.1694834503591824,0.4252057165972805,0.2005931326619825,0.08589006525645444,0.025788822160308204,5.590739296828396e-08,2.54584430160857e-08,4.899032157356901e-06,2.155970851123483e-06,2.5504863822419895e-10,1.0859637491661583e-10,2.2858884582036308e-12,9.733014132246933e-13,6.942495763396581e-07,2.863031209659744e-07,1.5307686568164273e-12,8.081254547281332e-13,0.0002714315847230107,0.00013774721740901833,3.064417976819903e-08,1.4971835013129772e-08,0.0020784911849220334,0.0009790017525456833,3.414959049844095e-07,1.5527090229902683e-07,0.0004740250322402259,0.0002083041504239878,9.238489013068833e-11,2.975363900963768e-11,4.160274691235798e-06,1.3077368661707459e-06,1.2208827647941757e-10,3.837711495727094e-11,2.1501170725627328e-19,2.028369417585784e-19,6.1137417407749235e-18,5.380366098285689e-18,1.5323693439117828e-14,1.2637166201853848e-14,2.3541419202683463e-09,1.8265121558598484e-09,1.2213174062224742e-12,5.560723282514841e-13,1.40175787549241e-15,6.172981490967156e-16,1.417744600969904e-23,4.072143200938841e-24,1.709372092898931e-15,5.131988949374359e-16,1.203784885650295e-18,5.128863944941785e-19,7.303329276178847e-18,3.709172636045036e-18,6.022807779264398e-10,2.9447423701247084e-10,6.995816938224113e-16,3.297489661322174e-16,5.163681474415597e-18,1.6628621550995853e-18,7.82364478484975e-20,2.4028038547166584e-20,1.5559345733969395e-14,4.778598330390435e-15,6.20354022597671e-11,1.9052360859648802e-11,3.611725279927889e-17,1.1358467591896878e-17,0.01032864388317845,0.004871898754983349,9.999999999998463e-31,3.3076023459946484e-31,1.6768823517408721e-09,5.142404720996323e-10,2.2715799720104416e-06,6.806895154302268e-07,2.3165732855233653e-10,7.111372149912378e-11,2.7114576340712086e-13,8.133124283913475e-14
0.852,1217.5214893530015,5.438613125682463,0.25849687040596897,3.2581344587848284,0.06870464421486679,0.4503176812951772,1.1334849025643583e-07,1.4858625612252907e-06,4.6333161647046644e-14,3.8266833796844404e-14,1.3788663889587583e-14,5.694069761123579e-15,1.733159238586428e-08,1.3465862855817215e-08,0.20124222558093735,0.14760744993547056,9.84766239694336e-17,3.942427253451724e-17,4.1068764409269933e-14,1.5954285586711195e-14,1.0751736083327225e-18,1.1828314429167798e-18,3.848911813519574e-16,3.906463455450554e-16,3.152983576785049e-11,2.970163411668931e-11,6.787345302815869e-13,6.393793113677555e-13,1.2856330217410823e-05,1.1298922210141639e-05,0.20576321806798215,0.16947498036851374,0.42522163219854714,0.2005975727014562,0.08589281982404907,0.025789254771208418,5.588032425842643e-08,2.5445727585053598e-08,4.899185956853294e-06,2.156005558251528e-06,2.5479591716936697e-10,1.0848711023563292e-10,2.2830920313250435e-12,9.72095862571511e-13,6.938139073889433e-07,2.861190781581982e-07,1.5263546266438123e-12,8.057828691412026e-13,0.00027098550837292276,0.00013751873733468297,3.0587302956543665e-08,1.494381812159342e-08,0.0020765478536973535,0.0009780714531853715,3.41105441096582e-07,1.5509099451099502e-07,0.0004738421047784168,0.00020822058049390068,9.225233852922572e-11,2.9710494773660684e-11,4.157784166963663e-06,1.306934006932517e-06,1.2195781929367416e-10,3.833552080762118e-11,2.144627505305482e-19,2.0231597449529663e-19,6.104530468428972e-18,5.372177596807146e-18,1.5310862441627277e-14,1.2626391589326917e-14,2.3542682832468925e-09,1.8265822588998552e-09,1.2202527532123221e-12,5.555790882185662e-13,1.3994418235190107e-15,6.162687932035601e-16,1.4142603043029326e-23,4.062073233980153e-24,1.707135171749602e-15,5.125194725837116e-16,1.201847129265419e-18,5.12052959014145e-19,7.293150315045755e-18,3.7039463505556144e-18,6.021179317116953e-10,2.94390113483044e-10,6.991227574956625e-16,3.2952760547272267e-16,5.153055671605204e-18,1.6594149425754414e-18,7.805806660305062e-20,2.3972887284280933e-20,1.554837287880206e-14,4.775155300386665e-15,6.201893850192088e-11,1.904701316467394e-11,3.607388727688174e-17,1.13446561037062e-17,0.010328643883165305,0.00487182423816723,9.999999999998472e-31,3.3075517554574297e-31,1.6744095521541002e-09,5.134742981518114e-10,2.269965271266872e-06,6.801952589323565e-07,2.3146675919073074e-10,7.105413407683553e-11,2.7057447056444645e-13,8.115863993518393e-14
0.853,1217.4550867198254,5.438772364245426,0.25848930203071496,3.262003090840948,0.06870818289938446,0.4503339996695951,1.1326076668155119e-07,1.4846899426823497e-06,4.624519711904647e-14,3.8193600240419095e-14,1.3761328175077806e-14,5.6826946346788e-15,1.7312285012227567e-08,1.345065653937676e-08,0.20122975540770477,0.1475960498376096,9.827914542285888e-17,3.9344612987758815e-17,4.1008708362882144e-14,1.5930711945968063e-14,1.0719769311190888e-18,1.1792966751471665e-18,3.8392500506916034e-16,3.8965977309382086e-16,3.1473732676195876e-11,2.964833140069674e-11,6.774382050795568e-13,6.38148408208424e-13,1.2845207715974654e-05,1.1288974724746013e-05,0.20575609430974556,0.1694665255816633,0.4252375144777893,0.20060200240236223,0.0858955760748401,0.025789688583470624,5.5853287365287914e-08,2.5433027730278484e-08,4.899339574731476e-06,2.1560402436854163e-06,2.545437495383106e-10,1.0837808751088668e-10,2.2803022319234896e-12,9.708931973027241e-13,6.933790890919982e-07,2.859353996358682e-07,1.5219572467465881e-12,8.034491670760209e-13,0.00027054058023786947,0.0001372908507081594,3.053058339850411e-08,1.4915879324375516e-08,0.0020746082384763428,0.000977142959396779,3.407157885625597e-07,1.54911465380437e-07,0.0004736594510542536,0.00020813713913083335,9.212009252245657e-11,2.966745109067987e-11,4.155297401839011e-06,1.306132389783578e-06,1.2182761540534327e-10,3.829400860227058e-11,2.1391566725421056e-19,2.0179679603150225e-19,6.09534109482167e-18,5.364008764606431e-18,1.5298052183031285e-14,1.2615634755788452e-14,2.3543944195831945e-09,1.8266522341890115e-09,1.2191898863393458e-12,5.550866917518259e-13,1.3971317819743102e-15,6.152421324751406e-16,1.4107878461922788e-23,4.052037688966606e-24,1.7049031736003278e-15,5.118415630594557e-16,1.1999142889047625e-18,5.112216575522407e-19,7.282995117023505e-18,3.698732394956692e-18,6.01955352719882e-10,2.9430613127026716e-10,6.986645923153366e-16,3.2930662411068627e-16,5.142460880554906e-18,1.655977867463908e-18,7.788026878618555e-20,2.3917917543779823e-20,1.5537419776259285e-14,4.771718573184768e-15,6.200250057478969e-11,1.904167408984381e-11,3.6030614959536006e-17,1.133087466064962e-17,0.010328643883152211,0.00487174985760531,9.999999999998477e-31,3.307501257425135e-31,1.6719427803412921e-09,5.12710010189342e-10,2.2683534805255564e-06,6.797019082148624e-07,2.3127651180052527e-10,7.099464926484017e-11,2.700049139084584e-13,8.098656529843582e-14
0.854,1217.3887447279467,5.438931547427217,0.2584817367305825,3.2658718361250387,0.06871171553477268,0.4503502902502922,1.1317317976516082e-07,1.483519192007241e-06,4.615747500979618e-14,3.8120570174652155e-14,1.373407116806265e-14,5.6713525126177715e-15,1.7293016096495856e-08,1.343548093488797e-08,0.20121730523103804,0.14758466880231175,9.80822393668825e-17,3.9265186134999684e-17,4.094879521103732e-14,1.590719497092257e-14,1.0687924646282908e-18,1.1757754805382859e-18,3.829620709129037e-16,3.886765319319594e-16,3.141777769447422e-11,2.959517064176448e-11,6.761454608516328e-13,6.369209333376258e-13,1.2834104582737669e-05,1.1279044873869968e-05,0.20574898300786093,0.1694580859599474,0.4252533635257821,0.20060642179373386,0.08589833400453772,0.025790123593907106,5.582628220800879e-08,2.5420343411326437e-08,4.899493011184045e-06,2.1560749073565447e-06,2.5429213339392855e-10,1.0826930588965154e-10,2.277519035876194e-12,9.696934068455592e-13,6.929451187775059e-07,2.8575208424473023e-07,1.5175764363030996e-12,8.011243052092396e-13,0.00027009679597531555,0.00013706355526980516,3.047402047459055e-08,1.488801831185825e-08,0.0020726723271528046,0.000976216265247479,3.4032694465249993e-07,1.547323136227717e-07,0.0004734770702510711,0.00020805382594798636,9.198815104183621e-11,2.9624507606256944e-11,4.152814384980892e-06,1.3053320110855755e-06,1.216976640062543e-10,3.825257807722401e-11,2.133704490342383e-19,2.0127939831034136e-19,6.086173542367251e-18,5.355859531442385e-18,1.5285262603929592e-14,1.2604895649633557e-14,2.3545203299206753e-09,1.8267220821049348e-09,1.2181288003477655e-12,5.545951363386897e-13,1.3948277283493599e-15,6.142181567466197e-16,1.4073271732840596e-23,4.042036409959294e-24,1.7026760816214943e-15,5.111651611497129e-16,1.1979863462676729e-18,5.103924821080792e-19,7.272863598507501e-18,3.693530725525395e-18,6.017930402522609e-10,2.9422228999766545e-10,6.982071960267465e-16,3.2908602092380746e-16,5.131896976411823e-18,1.652550888692043e-18,7.770305182983818e-20,2.3863128522404492e-20,1.5526486365510114e-14,4.768288129183258e-15,6.198608840725484e-11,1.9036343611094042e-11,3.5987435531870403e-17,1.1317123160212697e-17,0.010328643883139126,0.004871675612929969,9.999999999998468e-31,3.307450851648191e-31,1.6694820141089415e-09,5.119476012198083e-10,2.2667445904578747e-06,6.792094603507949e-07,2.3108658541436952e-10,7.093526675141635e-11,2.6943708615344356e-13,8.081501669932767e-14
0.855,1217.3224632226788,5.439090675357286,0.2584741744989189,3.2697406945977994,0.06871524213694637,0.4503665531115255,1.1308572911935255e-07,1.482350303825903e-06,4.606999437965324e-14,3.8047742805451107e-14,1.3706892552476782e-14,5.660043261573708e-15,1.727378551444317e-08,1.3420335942211255e-08,0.2012048749962727,0.1475733067769731,9.788590349238087e-17,3.918599103182865e-17,4.0889024441090126e-14,1.58837344567551e-14,1.0656201495702201e-18,1.172267792870966e-18,3.820023645683398e-16,3.876966072699215e-16,3.136197026370285e-11,2.9542151300338905e-11,6.748562837126774e-13,6.356968733720898e-13,1.2823020759173608e-05,1.12691326036389e-05,0.20574188413234587,0.1694496614649956,0.42526917943292347,0.20061083090450021,0.08590109360890322,0.025790559799355836,5.579930870612933e-08,2.540767458796431e-08,4.8996462664030254e-06,2.1561095491968935e-06,2.540410668093754e-10,1.0816076452373431e-10,2.274742419191393e-12,9.684964806848698e-13,6.925119937880153e-07,2.8556913083654356e-07,1.5132121144330306e-12,7.988082401916336e-13,0.00026965415116521053,0.0001368368487209977,3.041761356729252e-08,1.4860234775436439e-08,0.0020707401076240574,0.0009752913648080104,3.3993890664334345e-07,1.5455353795675536e-07,0.0004732949615497387,0.00020797064055762748,9.185651302413787e-11,2.958166396772845e-11,4.15033510554663e-06,1.3045328672133556e-06,1.2156796429180656e-10,3.821122896966505e-11,2.128270875280044e-19,2.0076377332351292e-19,6.077027733889256e-18,5.347729827446021e-18,1.5272493645240946e-14,1.259417421953453e-14,2.3546460149001925e-09,1.8267918030239029e-09,1.217069490009793e-12,5.541044194799807e-13,1.3925296395091305e-15,6.131968555790681e-16,1.4038782317780403e-23,4.032069239757002e-24,1.7004538779664674e-15,5.104902613351734e-16,1.1960632831432523e-18,5.095654247207931e-19,7.262755676337787e-18,3.6883412987723124e-18,6.01630993612686e-10,2.941385892902177e-10,6.977505663847689e-16,3.288657947946169e-16,5.1213638350478414e-18,1.649133965426101e-18,7.752641311854373e-20,2.3808519402443412e-20,1.5515572586036886e-14,4.764863948881958e-15,6.196970192848552e-11,1.9031021704460568e-11,3.594434868016029e-17,1.1303401500418421e-17,0.010328643883126081,0.004871601503775595,9.999999999998461e-31,3.3074005378783745e-31,1.66702723133655e-09,5.111870642743414e-10,2.265138591725778e-06,6.787179124111163e-07,2.3089697906845097e-10,7.08759862260097e-11,2.6887098005214686e-13,8.064399192013596e-14
0.856,1217.256242051215,5.4392497481612105,0.258466615329257,3.2736096662200187,0.06871876272170206,0.4503827883269953,1.1299841435564181e-07,1.4811832727585116e-06,4.598275429229653e-14,3.797511734158892e-14,1.3679792014407578e-14,5.648766749088463e-15,1.725459314214668e-08,1.340522146146499e-08,0.2011924646487563,0.14756196370908436,9.769013550110929e-17,3.910702673832832e-17,4.082939554105282e-14,1.5860330198938268e-14,1.0624599269960204e-18,1.168773546309308e-18,3.8104587180511935e-16,3.867199844058441e-16,3.130630982738658e-11,2.948927283929622e-11,6.735706598305454e-13,6.344762149805215e-13,1.281195618681069e-05,1.1259237860240954e-05,0.20573479765400254,0.16944125205917868,0.4252849622890191,0.20061522976341006,0.0859038548841481,0.025790997196803583,5.577236677811491e-08,2.5395021219491333e-08,4.899799340568522e-06,2.1561441691343043e-06,2.537905478575644e-10,1.0805246256501757e-10,2.2719723579152608e-12,9.673024083236217e-13,6.920797114658964e-07,2.8538653826332373e-07,1.5088642005040302e-12,7.965009288100431e-13,0.000269212641369535,0.00013661072875436933,3.036136205475365e-08,1.4832528404429046e-08,0.0020688115673535468,0.0009743682519459953,3.395516717450907e-07,1.5437513707098178e-07,0.0004731131240468833,0.00020788758253518423,9.172517740862296e-11,2.9538919823297774e-11,4.147859552699013e-06,1.303734954544813e-06,1.2143851546117824e-10,3.816996101802617e-11,2.122855744427991e-19,2.0024991311083521e-19,6.067903592537505e-18,5.339619583048054e-18,1.525974524786792e-14,1.2583470414165995e-14,2.3547714751603094e-09,1.826861397321296e-09,1.2160119500984467e-12,5.536145386776075e-13,1.3902374927928918e-15,6.121782187440977e-16,1.400440968558951e-23,4.022136023145916e-24,1.6982365452304537e-15,5.098168582302126e-16,1.194145081406616e-18,5.087404774674942e-19,7.252671267651543e-18,3.683164071366998e-18,6.014692121072858e-10,2.9405502877423735e-10,6.972947011343082e-16,3.2864594460130907e-16,5.110861332998771e-18,1.6457270570521058e-18,7.735035007996976e-20,2.375408937953837e-20,1.550467837769207e-14,4.7614460129000294e-15,6.19533410678791e-11,1.9025708346063645e-11,3.5901354091526486e-17,1.1289709579576598e-17,0.01032864388311309,0.004871527529779156,9.999999999998458e-31,3.307350315869213e-31,1.664578409579269e-09,5.104283922858295e-10,2.263535474446587e-06,6.782272613044199e-07,2.3070769179393588e-10,7.081680737661407e-11,2.6830658832908624e-13,8.047348873498341e-14
0.857,1217.1900810539732,5.439408765983215,0.2584590592142455,3.2774787509525876,0.06872227730513585,0.4503989959718343,1.1291123509415363e-07,1.4800180935373618e-06,4.58957538199877e-14,3.790269299898518e-14,1.3652769239792216e-14,5.6375228426520624e-15,1.7235438856837766e-08,1.3390137393664305e-08,0.20118007413471772,0.147550639546623,9.74949331078262e-17,3.90282923198595e-17,4.0769908007700157e-14,1.583698199635864e-14,1.0593117382864471e-18,1.1652926753858741e-18,3.800925784269665e-16,3.857466486737176e-16,3.125079583183136e-11,2.9436534724188316e-11,6.722885754838473e-13,6.332589449369438e-13,1.2800910807950566e-05,1.1249360590540038e-05,0.2057277235403354,0.16943285770196403,0.4253007121843447,0.20061961839919895,0.08590661782503917,0.025791435782774003,5.574545634788219e-08,2.5382383267668355e-08,4.89995223391222e-06,2.1561787671168295e-06,2.535405746538758e-10,1.0794439918346218e-10,2.2692088284747736e-12,9.661111794272454e-13,6.916482692040858e-07,2.852043053977917e-07,1.5045326172479137e-12,7.942023296309752e-13,0.000268772262683491,0.00013638519333327383,3.030526535259654e-08,1.4804898906486975e-08,0.0020668866959856623,0.0009734469215560347,3.3916523751753683e-07,1.541971098130899e-07,0.00047293155721213234,0.00020780465161981143,9.159414314828971e-11,2.949627482560815e-11,4.1453877158092245e-06,1.3029382695224985e-06,1.2130931671538215e-10,3.812877396131377e-11,2.117459015083099e-19,1.9973780973394546e-19,6.058801041825314e-18,5.331528729002697e-18,1.5247017353708754e-14,1.2572784183018247e-14,2.3548967113361964e-09,1.8269308653677004e-09,1.2149561754714737e-12,5.531254914718479e-13,1.3879512662408869e-15,6.111622363226329e-16,1.3970153313531626e-23,4.012236607342674e-24,1.6960240688646315e-15,5.091449473067477e-16,1.192231723028135e-18,5.07917632466358e-19,7.242610290162611e-18,3.677999000273753e-18,6.013076950458192e-10,2.939716080775445e-10,6.968395981041746e-16,3.284264692614403e-16,5.1003893470961114e-18,1.642330123054498e-18,7.717486021144347e-20,2.369983767078984e-20,1.5493803679928146e-14,4.7580343017315234e-15,6.193700575518164e-11,1.9020403512113152e-11,3.5858451456163066e-17,1.1276047296965487e-17,0.010328643883100107,0.004871453690572062,9.999999999998452e-31,3.3073001853704797e-31,1.662135528353943e-09,5.096715787890561e-10,2.261935231292065e-06,6.777375047043776e-07,2.3051872266362296e-10,7.075772990397381e-11,2.677439040187235e-13,8.030350501113075e-14
0.858,1217.1239800786652,5.439567728949818,0.25845150614737594,3.2813479487564874,0.06872578590294072,0.45041517611924176,1.1282419095081658e-07,1.4788547608430785e-06,4.5808992036756085e-14,3.783046899518153e-14,1.3625823917830628e-14,5.62631141112745e-15,1.7216322535861766e-08,1.3375083639949696e-08,0.20116770340010806,0.14753933423760857,9.730029403907921e-17,3.8949786846682006e-17,4.0710561335009547e-14,1.5813689646869744e-14,1.0561755252068976e-18,1.1618251150653836e-18,3.791424703603054e-16,3.8477658553438437e-16,3.1195427726298275e-11,2.93839364234685e-11,6.71010016991112e-13,6.320450500557061e-13,1.2789884564737683e-05,1.1239500741288898e-05,0.20572066176202414,0.16942447835571306,0.4253164292082258,0.20062399684047114,0.08590938242742839,0.025791875554158183,5.571857733528246e-08,2.5369760692454392e-08,4.9001049466221565e-06,2.156213343076763e-06,2.532911452948241e-10,1.0783657354129091e-10,2.2664518071951915e-12,9.649227836208542e-13,6.91217664375663e-07,2.850224311051179e-07,1.5002172849827112e-12,7.919123999526637e-13,0.00026833301070977264,0.0001361602401716552,3.024932284910492e-08,1.4777345975967675e-08,0.0020649654813507065,0.0009725273676807869,3.38779601238036e-07,1.540194549027424e-07,0.00047275026019605185,0.00020772184741086526,9.146340919391477e-11,2.945372862668438e-11,4.1429195841550355e-06,1.3021428085623395e-06,1.2118036726090665e-10,3.8087667540357414e-11,2.1120806052402406e-19,1.9922745532155921e-19,6.04972000566444e-18,5.323457196433037e-18,1.5234309904302446e-14,1.2562115475314562e-14,2.3550217240610546e-09,1.8270002075350401e-09,1.213902160957925e-12,5.5263727539123e-13,1.3856709372140578e-15,6.101488980987945e-16,1.3936012674372917e-23,4.002370838296343e-24,1.6938164310403944e-15,5.084745230536529e-16,1.1903231900660906e-18,5.070968818748862e-19,7.232572661847655e-18,3.672846042602341e-18,6.011464417398941e-10,2.9388832682940447e-10,6.963852550681016e-16,3.28207367667326e-16,5.089947755161833e-18,1.6389431232443565e-18,7.69999409536945e-20,2.364576347604827e-20,1.548294843307392e-14,4.754628796150423e-15,6.192069592041291e-11,1.90151071789379e-11,3.581564046444395e-17,1.126241455195292e-17,0.010328643883087183,0.004871379985793646,9.999999999998452e-31,3.3072501461372978e-31,1.6596985656615186e-09,5.089166168557158e-10,2.2603378527747195e-06,6.772486396392158e-07,2.3033007072200643e-10,7.06987535003107e-11,2.671829199613743e-13,8.01340385580026e-14
0.859,1217.0579389734453,5.439726637187189,0.25844395612215837,3.2852172595927884,0.06872928853077263,0.4504313288422516,1.127372815416895e-07,1.4776932693592482e-06,4.572246802006895e-14,3.775844455066709e-14,1.3598955739351437e-14,5.6151323240676506e-15,1.7197244056867165e-08,1.3360060101715102e-08,0.2011553523909341,0.14752804773014094,9.710621603142259e-17,3.8871509393185244e-17,4.065135501829771e-14,1.5790452948876536e-14,1.0530512298391561e-18,1.1583708006679208e-18,3.781955336032564e-16,3.8380978052321644e-16,3.1140204962259895e-11,2.933147740774911e-11,6.697349707232268e-13,6.308345172022984e-13,1.2778877399396903e-05,1.1229658259322107e-05,0.2057136122899113,0.16941611398296272,0.4253321134494587,0.20062836511561702,0.085912148687516,0.02579231650795722,5.569172965975891e-08,2.5357153453636306e-08,4.900257478880876e-06,2.1562478969444073e-06,2.5304225788019404e-10,1.077289848022609e-10,2.263701270462448e-12,9.637372105570177e-13,6.907878943558423e-07,2.848409142515899e-07,1.4959181250935335e-12,7.89631097641423e-13,0.0002678948811818133,0.00013593586705012265,3.0193533933862406e-08,1.4749869307905462e-08,0.0020630479111753415,0.0009716095843152095,3.3839476016827713e-07,1.5384217105270032e-07,0.0004725692321212712,0.0002076391694955377,9.133297449956003e-11,2.94112808796645e-11,4.140455147037072e-06,1.301348568088355e-06,1.2105166630698242e-10,3.804664149689689e-11,2.1067204333258706e-19,1.987188420440495e-19,6.040660408255632e-18,5.315404916727169e-18,1.522162284122764e-14,1.2551464240322427e-14,2.3551465139658108e-09,1.8270694241937808e-09,1.2128499013926714e-12,5.521498879674675e-13,1.3833964839381333e-15,6.091381942389494e-16,1.390198725151413e-23,3.992538565028601e-24,1.6916136158010005e-15,5.078055805225879e-16,1.1884194646610759e-18,5.062782178867997e-19,7.222558300966968e-18,3.6677051556133445e-18,6.009854515034029e-10,2.9380518466032774e-10,6.95931669800207e-16,3.2798863871172026e-16,5.079536435569751e-18,1.635566017615802e-18,7.682558982294085e-20,2.3591866018442973e-20,1.5472112577672284e-14,4.751229477000561e-15,6.190441149378955e-11,1.9009819322935324e-11,3.5772920807649586e-17,1.1248811244208862e-17,0.010328643883074288,0.004871306415084251,9.999999999998452e-31,3.3072001979254996e-31,1.6572674994608967e-09,5.081634995456503e-10,2.258743329247591e-06,6.767606630899834e-07,2.301417350137294e-10,7.063987785795849e-11,2.6662362900082196e-13,7.996508718634515e-14
0.86,1216.991957582849,5.43988549083215,0.25843640913159804,3.289086683422659,0.06873278520442773,0.4504474542145777,1.1265050649029417e-07,1.4765336138674888e-06,4.56361808557926e-14,3.76866188929482e-14,1.357216439560547e-14,5.603985451213548e-15,1.717820329868916e-08,1.3345066681284845e-08,0.2011430210538833,0.14751677997275467,9.691269683611186e-17,3.87934590397394e-17,4.059228856028753e-14,1.5767271703680728e-14,1.0499387946340536e-18,1.1549296679259912e-18,3.7725175421281345e-16,3.82846219236821e-16,3.108512699454205e-11,2.927915715085586e-11,6.68463423164007e-13,6.296273333499488e-13,1.2767889254906017e-05,1.1219833092139101e-05,0.20570657509285567,0.1694077645445385,0.42534776499707133,0.20063272325303133,0.08591491660048872,0.02579275864085528,5.56649132449412e-08,2.5344561512902926e-08,4.9004098309079575e-06,2.1562824286652726e-06,2.527939105452077e-10,1.0762163214528188e-10,2.2609571949974807e-12,9.625544500318664e-13,6.90358956565261e-07,2.846597537222604e-07,1.4916350603940198e-12,7.873583813218215e-13,0.0002674578700197954,0.00013571207184426908,3.013789802191849e-08,1.4722468609806123e-08,0.0020611339746820848,0.0009706935661591621,3.380107118146747e-07,1.5366525708709288e-07,0.00047238847236934575,0.00020755661757475183,9.120283803121296e-11,2.936893124156114e-11,4.137994393916279e-06,1.3005555445749412e-06,1.209232130659911e-10,3.800569557368365e-11,2.1013784181123417e-19,1.982119621052185e-19,6.031622174237511e-18,5.307371821665395e-18,1.520895610698654e-14,1.2540830428073543e-14,2.35527108167824e-09,1.8271385157109661e-09,1.2117993916884252e-12,5.516633267678581e-13,1.3811278839707347e-15,6.081301146162941e-16,1.386807652303981e-23,3.9827396350497615e-24,1.6894156068044033e-15,5.071381146500266e-16,1.1865205290477764e-18,5.05461632736695e-19,7.212567126393968e-18,3.662576296882874e-18,6.008247236535416e-10,2.9372218120236134e-10,6.954788401379909e-16,3.2777028131727376e-16,5.0691552672183205e-18,1.6321987663360562e-18,7.665180428992868e-20,2.3538144507219134e-20,1.5461296054167375e-14,4.7478363250962064e-15,6.188815240587774e-11,1.9004539920605004e-11,3.5730292180032014e-17,1.1235237274346795e-17,0.010328643883061447,0.004871232978081875,9.999999999998447e-31,3.3071503404893044e-31,1.6548423090875182e-09,5.074122203414605e-10,2.2571516528265366e-06,6.76273572566021e-07,2.299537146139798e-10,7.058110267864267e-11,2.66066024221327e-13,7.979664877925121e-14
0.861,1216.9260357531243,5.440044290018166,0.25842886516886193,3.2929562202073623,0.06873627593957372,0.4504635523093023,1.1256386542005526e-07,1.4753757891498243e-06,4.55501296333984e-14,3.761499125262641e-14,1.3545449579830507e-14,5.5928706631454965e-15,1.7159200140534442e-08,1.3330103281293556e-08,0.20113070933583152,0.14750553091420524,9.671973421519889e-17,3.8715634871170263e-17,4.053336146475738e-14,1.5744145713029476e-14,1.0468381623788443e-18,1.151501652949737e-18,3.7631111832854474e-16,3.8188588735746445e-16,3.103019328050866e-11,2.922697512908888e-11,6.671953608534676e-13,6.284234855268076e-13,1.2756920074347151e-05,1.1210025187345375e-05,0.205699550140409,0.16939943000192792,0.4253633839397196,0.20063707128102842,0.08591768616159395,0.02579320194956784,5.563812801369123e-08,2.533198483161453e-08,4.90056200291372e-06,2.1563169381818557e-06,2.525461014266779e-10,1.0751451475011294e-10,2.258219557574171e-12,9.613744918659604e-13,6.899308484268342e-07,2.8447894840344016e-07,1.4873680138889346e-12,7.850942097242439e-13,0.0002670219731180147,0.00013548885241690596,3.0082414525145496e-08,1.4695143587668555e-08,0.002059223660745718,0.0009697793077500914,3.376274536312316e-07,1.534887118064805e-07,0.00047220798025465527,0.0002074741913200813,9.107299875788627e-11,2.9326679370424486e-11,4.135537314269231e-06,1.29976373450269e-06,1.2079500675405336e-10,3.796482951470348e-11,2.0960544788599587e-19,1.9770680775588897e-19,6.022605228588869e-18,5.299357843339508e-18,1.519630964412874e-14,1.2530213988653798e-14,2.35539542782364e-09,1.8272074824525648e-09,1.210750626763525e-12,5.511775893629554e-13,1.3788651153190082e-15,6.071246493035822e-16,1.3834279973552142e-23,3.972973897761296e-24,1.6872223878176131e-15,5.064721204061683e-16,1.1846263655495173e-18,5.046471186982197e-19,7.202599057322283e-18,3.657459424157443e-18,6.006642575100406e-10,2.936393160890059e-10,6.950267639130211e-16,3.275522944041926e-16,5.0588041296641055e-18,1.628841329790018e-18,7.647858186643478e-20,2.3484598164324716e-20,1.5450498803367097e-14,4.744449321368818e-15,6.187191858755633e-11,1.8999268948556278e-11,3.5687754276846695e-17,1.1221692543315952e-17,0.010328643883048619,0.004871159674426966,9.999999999998428e-31,3.3071005735846197e-31,1.6524229736282813e-09,5.066627726506985e-10,2.2555628151905404e-06,6.757873654465479e-07,2.2976600859479683e-10,7.052242766320854e-11,2.655100986880256e-13,7.962872121437695e-14
0.862,1216.8601733387081,5.440203034858331,0.2584213242280859,3.2968258699082416,0.0687397607514573,0.4504796231975111,1.1247735794772134e-07,1.4742197899042556e-06,4.5464313442208554e-14,3.754356086034355e-14,1.351881098871201e-14,5.581787831893135e-15,1.71402344613728e-08,1.3315169804229755e-08,0.20111841718305262,0.14749430050306986,9.652732594025543e-17,3.863803597629468e-17,4.0474573230639793e-14,1.5721074776842263e-14,1.0437492762059107e-18,1.1480866922378529e-18,3.753736122095364e-16,3.8092877069101453e-16,3.097540327986038e-11,2.9174930821068236e-11,6.659307703469495e-13,6.272229607782045e-13,1.2745969800396036e-05,1.1200234492217342e-05,0.20569253740582077,0.16939111031996246,0.4253789703647311,0.20064140922763696,0.08592045736785973,0.02579364643138959,5.5611373883348834e-08,2.5319423368669207e-08,4.900713995051119e-06,2.1563514254151157e-06,2.5229882863184875e-10,1.0740763178422823e-10,2.2554883347696807e-12,9.601973257991687e-13,6.895035673280313e-07,2.842984971674903e-07,1.4831169063811831e-12,7.828385404227221e-13,0.00026658718591845315,0.00013526620640185932,3.0027082821584876e-08,1.4667893931028662e-08,0.0020573169559728096,0.0009688668025598013,3.3724498271465407e-07,1.5331253384944164e-07,0.0004720277546884047,0.0002073918902263799,9.094345564333325e-11,2.928452492271002e-11,4.133083897431427e-06,1.298973134310727e-06,1.2066704659203655e-10,3.7924043065539256e-11,2.090748535513883e-19,1.9720337131271028e-19,6.013609496600695e-18,5.2913629141345864e-18,1.5183683394529052e-14,1.251961487162311e-14,2.3555195530258275e-09,1.8272763247864792e-09,1.209703601482341e-12,5.506926733001111e-13,1.3766081559194908e-15,6.0612178834482965e-16,1.3800597089361787e-23,3.963241203079365e-24,1.6850339407888114e-15,5.058075922168445e-16,1.1827369565663804e-18,5.038346680796197e-19,7.192654013066949e-18,3.652354495257448e-18,6.005040523938895e-10,2.935565889549511e-10,6.945754388822578e-16,3.2733467685827283e-16,5.048482903396236e-18,1.6254936686705809e-18,7.6305920055941e-20,2.3431226209291394e-20,1.54397207669888e-14,4.741068447040394e-15,6.185570996984646e-11,1.8994006383479158e-11,3.564530679272605e-17,1.1208176951903515e-17,0.010328643883035846,0.004871086503768465,9.99999999999842e-31,3.3070508969731017e-31,1.6500094702506176e-09,5.059151492941605e-10,2.2539768053053494e-06,6.75302038299487e-07,2.2957861599056202e-10,7.046385250111552e-11,2.6495584520034654e-13,7.946130229008699e-14
0.863,1216.7943701792506,5.440361725505039,0.25841378630154094,3.3006956324867485,0.06874323965603354,0.4504956669536879,1.1239098370523522e-07,1.4730656110248392e-06,4.537873138323134e-14,3.747232695638703e-14,1.3492248317048127e-14,5.570736828707574e-15,1.7121306141797296e-08,1.3300266153821457e-08,0.2011061445432737,0.14748308868859772,9.633546979546061e-17,3.856066144898331e-17,4.0415923371541945e-14,1.569805870072284e-14,1.0406720795197607e-18,1.144684722592105e-18,3.7443922209452157e-16,3.799748550232855e-16,3.0920756454728414e-11,2.9123023707691716e-11,6.646696383407555e-13,6.26025746282174e-13,1.2735038376951213e-05,1.1190460955084012e-05,0.20568553685542038,0.16938280545731887,0.4253945243606338,0.20064573712089906,0.08592323021359528,0.025794092082728794,5.558465078177109e-08,2.5306877087692676e-08,4.9008658075775775e-06,2.1563858903260777e-06,2.520520903426584e-10,1.0730098244672426e-10,2.252763503790203e-12,9.590229418379207e-13,6.890771107441834e-07,2.8411839892239775e-07,1.4788816654546023e-12,7.805913345728532e-13,0.0002661535050159451,0.000135044132017831,2.99719023620328e-08,1.4640719364960072e-08,0.0020554138513355366,0.0009679560461142759,3.3686329685429287e-07,1.5313672216920013e-07,0.00047184779533290344,0.00020730971411801172,9.08142076731871e-11,2.924246756188682e-11,4.130634133111775e-06,1.2981837405526155e-06,1.2053933180068947e-10,3.7883335971672576e-11,2.0854605079534542e-19,1.9670164508646513e-19,6.004634903868114e-18,5.283386966698235e-18,1.5171077301732697e-14,1.2509033027893288e-14,2.3556434579046502e-09,1.8273450430724804e-09,1.2086583108507013e-12,5.502085761899833e-13,1.3743569855402722e-15,6.05121522590119e-16,1.3767027375910875e-23,3.953541406420461e-24,1.6828502547091721e-15,5.051445266213721e-16,1.1808522845929607e-18,5.030242732290485e-19,7.182731913640199e-18,3.647261468353227e-18,6.003441076304854e-10,2.9347399943630645e-10,6.941248629608212e-16,3.2711742763913953e-16,5.0381914687594104e-18,1.6221557436245758e-18,7.613381653096956e-20,2.3378027913583267e-20,1.542896188562987e-14,4.737693682979141e-15,6.183952648411204e-11,1.8988752202121244e-11,3.5602949426747125e-17,1.1194690402278033e-17,0.01032864388302312,0.004871013465742042,9.999999999998416e-31,3.307001310407401e-31,1.6476017799650936e-09,5.051693442705354e-10,2.2523936172669046e-06,6.748175892284082e-07,2.2939153591513758e-10,7.040537690607612e-11,2.644032571367613e-13,7.929438997844496e-14
0.864,1216.7286261340832,5.440520362061019,0.25840625138385875,3.304565507904408,0.06874671266823683,0.4505116836474383,1.1230474231222208e-07,1.4719132472510846e-06,4.5293382555736325e-14,3.740128877985775e-14,1.3465761265108066e-14,5.559717527137358e-15,1.7102415062073512e-08,1.3285392233610976e-08,0.20109389136302466,0.1474718954197666,9.614416357898431e-17,3.848351038897555e-17,4.0357411390444714e-14,1.5675097286238247e-14,1.0376065162026513e-18,1.1412956813512386e-18,3.735079344290979e-16,3.7902412635318995e-16,3.08662522711971e-11,2.907125327376631e-11,6.634119515416312e-13,6.248318292307651e-13,1.2724125747274708e-05,1.1180704523769049e-05,0.20567854846414285,0.16937451538045364,0.4254100460138812,0.20065005498868632,0.08592600469620075,0.025794538901026308,5.555795862595963e-08,2.5294345947479086e-08,4.901017440632325e-06,2.156420332832482e-06,2.5180588467972317e-10,1.0719456591114328e-10,2.2500450414226957e-12,9.578513298154404e-13,6.886514760844835e-07,2.839386525502041e-07,1.4746622101555546e-12,7.783525488315011e-13,0.00026572092540611946,0.00013482262667292014,2.991687251815532e-08,1.4613619575979023e-08,0.0020535143328623494,0.0009670470316161144,3.3648239307047023e-07,1.5296127537017956e-07,0.0004716681009966015,0.00020722766244509058,9.068525381998257e-11,2.9200506947372535e-11,4.128188010686089e-06,1.2973955496831167e-06,1.2041186160930166e-10,3.7842707981462263e-11,2.0801903171858143e-19,1.9620162149598587e-19,5.995681376531522e-18,5.2754299341885946e-18,1.515849130815652e-14,1.2498468407505177e-14,2.3557671430791477e-09,1.827413637677049e-09,1.2076147497797452e-12,5.497252956027678e-13,1.3721115801522423e-15,6.041238412213745e-16,1.3733570303446306e-23,3.943874353126799e-24,1.6806713065053777e-15,5.044829165403776e-16,1.1789723322054733e-18,5.022159265324866e-19,7.172832679235599e-18,3.6421803017278396e-18,6.001844225456229e-10,2.933915471706319e-10,6.936750339064265e-16,3.269005456337473e-16,5.027929707812861e-18,1.6188275158623058e-18,7.596226864097963e-20,2.3325002449646053e-20,1.5418222101859705e-14,4.734325010681075e-15,6.182336806195258e-11,1.8983506381383615e-11,3.556068187658829e-17,1.1181232796228003e-17,0.010328643883010425,0.004870940560003152,9.999999999998424e-31,3.3069518136536088e-31,1.6451998795827926e-09,5.044253502938439e-10,2.2508132393459168e-06,6.743340145947926e-07,2.2920476740064215e-10,7.03470005670493e-11,2.6385232731279816e-13,7.912798208326254e-14
0.865,1216.662941044031,5.440678944677653,0.2583987194673616,3.3084354961228533,0.06875017980389914,0.4505276733526558,1.1221863340277469e-07,1.470762693507875e-06,4.520826606908051e-14,3.733044557815164e-14,1.3439349530891534e-14,5.548729799790219e-15,1.708356110372544e-08,1.3270547948086194e-08,0.20108165759043092,0.1474607206462157,9.595340509686885e-17,3.84065818991379e-17,4.0299036804993066e-14,1.5652190340623072e-14,1.0345525303126362e-18,1.1379195060501216e-18,3.7257973560060076e-16,3.780765706208016e-16,3.081189019642853e-11,2.901961900507913e-11,6.621576967701494e-13,6.23641196922666e-13,1.2713231855649045e-05,1.1170965146962145e-05,0.2056715721986253,0.1693662400484024,0.425425535412318,0.20065436285881774,0.08592878081003733,0.025794986882720406,5.553129734390037e-08,2.5281829911742988e-08,4.901168894469892e-06,2.1564547528952242e-06,2.5156020983884724e-10,1.0708838138277485e-10,2.2473329250629925e-12,9.566824798221654e-13,6.88226660841352e-07,2.837592569664425e-07,1.4704584692072167e-12,7.761221449648806e-13,0.0002652894437699075,0.00013460168863014367,2.9861992745056577e-08,1.4586594291345479e-08,0.0020516183915049303,0.0009661397545838883,3.361022691549263e-07,1.5278619240713047e-07,0.00047148867132515773,0.00020714573502490148,9.055659307793997e-11,2.915864274551245e-11,4.125745519937559e-06,1.29660855828109e-06,1.2028463524520122e-10,3.78021588425569e-11,2.0749378839701774e-19,1.9570329293689784e-19,5.9867488408508374e-18,5.2674917498596965e-18,1.5145925357692653e-14,1.248792096168081e-14,2.3558906091642794e-09,1.827482108957027e-09,1.2065729133077768e-12,5.492428291650274e-13,1.3698719201540617e-15,6.031287353692029e-16,1.3700225387369413e-23,3.934239901510763e-24,1.6784970861402575e-15,5.038227588065264e-16,1.1770970820677114e-18,5.014096204124654e-19,7.162956230557221e-18,3.637110953916591e-18,6.000249964696798e-10,2.933092317967643e-10,6.932259496458599e-16,3.266840298077641e-16,5.017697502093748e-18,1.6155089464251052e-18,7.579127411949276e-20,2.327214910786418e-20,1.5407501356774637e-14,4.730962411176295e-15,6.180723463526858e-11,1.8978268898197326e-11,3.5518503843809275e-17,1.1167804036737309e-17,0.010328643882997797,0.004870867786190241,9.999999999998444e-31,3.306902406466248e-31,1.642803750204331e-09,5.036831613924386e-10,2.2492356655641626e-06,6.738513124812159e-07,2.2901830956613733e-10,7.028872319948176e-11,2.633030491571669e-13,7.896207659221954e-14
0.866,1216.597314762821,5.440837473474205,0.2583911905458991,3.3123055971038013,0.06875364107816768,0.45054363613996185,1.1213265660436625e-07,1.469613944638269e-06,4.512338103371989e-14,3.725979659977021e-14,1.3413012816537301e-14,5.5377735210136904e-15,1.7064744148377447e-08,1.3255733201863822e-08,0.20106944317298314,0.14744956431753004,9.576319216913242e-17,3.832987508814666e-17,4.024079912739481e-14,1.562933766906956e-14,1.0315100663459292e-18,1.1345561347154092e-18,3.716546121584943e-16,3.771321739333613e-16,3.075766970131712e-11,2.896812039107883e-11,6.609068608855651e-13,6.224538366963215e-13,1.2702356646115775e-05,1.116124277318028e-05,0.20566460803103334,0.16935797942522202,0.42544099264241336,0.20065866075900615,0.08593155855131808,0.02579543602487588,5.5504666857077473e-08,2.526932894131602e-08,4.901320169272111e-06,2.1564891504490815e-06,2.5131506398249e-10,1.0698242805312068e-10,2.244627131905438e-12,9.555163818667361e-13,6.878026624736533e-07,2.835802110737569e-07,1.4662703656942132e-12,7.739000817695467e-13,0.0002648590557088843,0.00013438131560551092,2.980726244907464e-08,1.4559643214574838e-08,0.0020497260151414835,0.000965234209092279,3.357229224245883e-07,1.52611472019552e-07,0.0004713095054330717,0.00020706393144198992,9.04282244354446e-11,2.911687462089984e-11,4.123306650463603e-06,1.295822762871167e-06,1.2015765194294852e-10,3.7761688305020226e-11,2.0697031299577311e-19,1.9520665189035547e-19,5.977837223595521e-18,5.259572347437512e-18,1.5133379393693052e-14,1.2477390641239568e-14,2.356013856773487e-09,1.8275504572730005e-09,1.2055327964278625e-12,5.487611744846396e-13,1.3676379832033488e-15,6.021361949602698e-16,1.3666992118057103e-23,3.924637902725837e-24,1.6763275748447338e-15,5.031640476335108e-16,1.1752265169293613e-18,5.006053473304802e-19,7.1531024886079e-18,3.6320533836222115e-18,5.99865828734274e-10,2.9322705295501353e-10,6.927776080124572e-16,3.264678790838926e-16,5.0074947344944486e-18,1.6121999967998542e-18,7.562083047025283e-20,2.3219467108217004e-20,1.539679959284508e-14,4.727605865932776e-15,6.179112613623749e-11,1.89730397296344e-11,3.547641502981447e-17,1.115440402678568e-17,0.010328643882985194,0.004870795143955058,9.999999999998447e-31,3.3068530886088924e-31,1.6404133703492214e-09,5.029427708055485e-10,2.247660886321077e-06,6.733694798872769e-07,2.2883216148171964e-10,7.023054450403342e-11,2.6275541576986103e-13,7.879667139488157e-14
0.867,1216.531747143838,5.4409959485716195,0.25838366461324275,3.3161758108090558,0.06875709650618991,0.45055957207998676,1.1204681154505574e-07,1.4684669954939824e-06,4.503872656356301e-14,3.718934109616293e-14,1.3386750825454915e-14,5.526848565695759e-15,1.7045964077966644e-08,1.3240947899818613e-08,0.20105724805829656,0.14743842638340168,9.557352262501542e-17,3.825338906848088e-17,4.018269787159292e-14,1.560653907747122e-14,1.0284790690898585e-18,1.1312055057006745e-18,3.7073255071448976e-16,3.761909224628852e-16,3.0703590258776216e-11,2.8916756923183188e-11,6.596594307982415e-13,6.212697359399438e-13,1.2691500062821173e-05,1.1151537351041439e-05,0.20565765593335902,0.1693497334748412,0.4254564177902138,0.2006629487167698,0.08593433791644017,0.025795886324614194,5.547806708698868e-08,2.5256842997045336e-08,4.9014712652199235e-06,2.1565235254285293e-06,2.510704452786741e-10,1.0687670511617016e-10,2.241927639219446e-12,9.543530259911508e-13,6.873794784447555e-07,2.8340151377683164e-07,1.4620978241038071e-12,7.716863187867989e-13,0.0002644297570203222,0.0001341615054146143,2.9752681040932112e-08,1.4532766051361783e-08,0.0020478371917396865,0.0009643303892590257,3.353443502108249e-07,1.524371129536964e-07,0.0004711306024404353,0.00020698225128343512,9.03001468845716e-11,2.9075202239364272e-11,4.120871391895113e-06,1.2950381599891747e-06,1.2003091093928736e-10,3.772129611964257e-11,2.064485977178502e-19,1.947116908741075e-19,5.968946451797586e-18,5.251671660888402e-18,1.512085335959059e-14,1.2466877397076695e-14,2.356136886517945e-09,1.8276186829838209e-09,1.204494394142335e-12,5.482803291741305e-13,1.365409747910585e-15,6.011462103420682e-16,1.3633869997210877e-23,3.915068211194348e-24,1.6741627562677909e-15,5.025067779615958e-16,1.1733606196173338e-18,4.998030997819403e-19,7.143271374662974e-18,3.6270075496917076e-18,5.99706918673346e-10,2.931450102869041e-10,6.923300068459724e-16,3.2625209238805723e-16,4.997321288382473e-18,1.608900628631227e-18,7.545093527950709e-20,2.316695569610583e-20,1.53861167526789e-14,4.7242553564639176e-15,6.177504249723631e-11,1.8967818852833148e-11,3.543441513696482e-17,1.1141032669668194e-17,0.010328643882972608,0.004870722632949657,9.999999999998424e-31,3.306803859845315e-31,1.638028718659056e-09,5.022041718107494e-10,2.2460888920845143e-06,6.728885138335535e-07,2.286463222206746e-10,7.017246418239589e-11,2.622094202744711e-13,7.863176438814569e-14
0.868,1216.466238036437,5.441154370102225,0.2583761416626246,3.320046137200514,0.06876054610329191,0.4505754812442297,1.1196109785823334e-07,1.4673218409965662e-06,4.495430177886133e-14,3.711907832408763e-14,1.3360563261789748e-14,5.515954809040114e-15,1.702722077523423e-08,1.322619194745585e-08,0.20104507219450082,0.14742730679381427,9.538439430515525e-17,3.817712295726581e-17,4.0124732557296583e-14,1.558379437397749e-14,1.0254594836345443e-18,1.1278675576984218e-18,3.6981353792477546e-16,3.7525280242786407e-16,3.064965134417937e-11,2.8865528095174416e-11,6.584153935032297e-13,6.200888821227033e-13,1.2680662050411015e-05,1.1141848829603764e-05,0.20565071587561848,0.16934150215945948,0.4254718109418271,0.2006672267595225,0.08593711890112175,0.02579633777883664,5.5451497958337564e-08,2.5244372041229485e-08,4.90162218252501e-06,2.1565578777801714e-06,2.508263519228484e-10,1.0677121177763264e-10,2.239234424530734e-12,9.531924023472487e-13,6.869571062511682e-07,2.832231639940031e-07,1.457940771299378e-12,7.694808168158673e-13,0.0002640015438703562,0.00013394225606038433,2.9698247954627392e-08,1.4505962518797352e-08,0.002045951910575578,0.000963428289818224,3.3496655005407926e-07,1.522631140509358e-07,0.0004709519616875327,0.00020690069423298586,9.017235942697817e-11,2.9033625269848554e-11,4.118439734004286e-06,1.2942547462151273e-06,1.1990441147357668e-10,3.768098203805031e-11,2.0592863479421792e-19,1.9421840243300384e-19,5.960076452807533e-18,5.2437896244646635e-18,1.510834719944166e-14,1.2456381180602049e-14,2.3562596990060864e-09,1.8276867864449788e-09,1.2034577015074283e-12,5.478002908706136e-13,1.363187193681577e-15,6.001587722131122e-16,1.3600858535944464e-23,3.90553068405532e-24,1.6720026163811543e-15,5.018509454286059e-16,1.1714993730447372e-18,4.990028702996413e-19,7.133462810442278e-18,3.621973411201163e-18,5.995482656237524e-10,2.930631034352631e-10,6.918831440376619e-16,3.2603666867042383e-16,4.9871770474894615e-18,1.6056108036848172e-18,7.528158620784822e-20,2.311461413983088e-20,1.5375452778720816e-14,4.720910864232977e-15,6.175898365089663e-11,1.8962606245002e-11,3.539250386978992e-17,1.1127689869368632e-17,0.010328643882960063,0.0048706502528230375,9.999999999998437e-31,3.3067547199372285e-31,1.6356497749616874e-09,5.014673580498753e-10,2.244519674842133e-06,6.724084117959393e-07,2.2846079088218257e-10,7.011448194421227e-11,2.616650559897896e-13,7.846735352764534e-14
0.869,1216.4007872908974,5.44131273819719,0.2583686216873341,3.3239165762401672,0.06876398988470837,0.45059136370374814,1.118755151803973e-07,1.4661784761097673e-06,4.487010580569775e-14,3.70490075452256e-14,1.3334449830982167e-14,5.5050921268025765e-15,1.7008514123724624e-08,1.3211465250924115e-08,0.20103291553006206,0.14741620549906304,9.519580506351764e-17,3.8101075877084357e-17,4.006690270766539e-14,1.5561103368110092e-14,1.0224512554328339e-18,1.1245422298071172e-18,3.688975605280426e-16,3.743178001322242e-16,3.059585243609808e-11,2.8814433403923158e-11,6.571747360802759e-13,6.189112627953578e-13,1.2669842553956857e-05,1.1132177158312147e-05,0.20564378782795265,0.16933328544145024,0.4254871721831948,0.20067149491467132,0.08593990150080003,0.025796790384370202,5.542495939686241e-08,2.5231916036655758e-08,4.901772921403851e-06,2.1565922074535324e-06,2.5058278212463755e-10,1.0666594724940515e-10,2.2365474655288922e-12,9.520345011583292e-13,6.86535543409228e-07,2.8304516065205835e-07,1.4537991337596181e-12,7.672835364575008e-13,0.0002635744122920429,0.0001337235654785544,2.9643962628201322e-08,1.4479232335988547e-08,0.0020440701611006435,0.0009625279055877874,3.3458951953064527e-07,1.5208947416917054e-07,0.00047077358254605736,0.0002068192599883291,9.004486107062528e-11,2.8992143383382557e-11,4.116011666619297e-06,1.2934725181477313e-06,1.1977815278890843e-10,3.764074581309564e-11,2.0541041650296985e-19,1.9372677915725855e-19,5.951227154403509e-18,5.235926172805891e-18,1.5095860857759752e-14,1.2445901943615586e-14,2.356382294843696e-09,1.827754768010544e-09,1.2024227136180178e-12,5.473210572294008e-13,1.3609702989584068e-15,5.991738708490913e-16,1.3567957237385852e-23,3.896025176172421e-24,1.6698471389632747e-15,5.011965450149253e-16,1.1696427602130679e-18,4.982046514552042e-19,7.123676718150849e-18,3.6169509274800764e-18,5.993898689250207e-10,2.929813320444003e-10,6.914370174960914e-16,3.258216068896186e-16,4.977061896254631e-18,1.6023304839593313e-18,7.511278084176683e-20,2.3062441685034068e-20,1.536480761370553e-14,4.717572370797025e-15,6.174294953018355e-11,1.8957401883463077e-11,3.535068093474311e-17,1.111437553049378e-17,0.010328643882947535,0.004870578003226085,9.999999999998426e-31,3.306705668647602e-31,1.6332765193088176e-09,5.007323232344455e-10,2.2429532267889116e-06,6.719291713131118e-07,2.2827556657258295e-10,7.00565975013983e-11,2.61122316299876e-13,7.83034367888615e-14
0.87,1216.335394759832,5.4414710529825125,0.2583611046809073,3.3277871278900957,0.06876742786552952,0.4506072195289025,1.1179006314589742e-07,1.4650368957709273e-06,4.4786137772064566e-14,3.6979128022949816e-14,1.330841024070211e-14,5.494260395677931e-15,1.698984400705652e-08,1.3196767716451657e-08,0.20102077801342383,0.14740512244952134,9.500775276260541e-17,3.8025246954066214e-17,4.0009207845219345e-14,1.5538465869177492e-14,1.0194543302286733e-18,1.1212294614525758e-18,3.6798460533987044e-16,3.733859019596916e-16,3.0542193015061794e-11,2.8763472348226e-11,6.559374456431303e-13,6.177368655426265e-13,1.2659041518425681e-05,1.1122522286534411e-05,0.20563687176159037,0.1693250832841879,0.42550250159966363,0.2006757532094552,0.08594268571140866,0.02579724413820614,5.539845132636996e-08,2.521947494525482e-08,4.901923482053913e-06,2.1566265143910146e-06,2.503397340867527e-10,1.065609107406162e-10,2.233866739879602e-12,9.508793126394e-13,6.861147874258618e-07,2.828675026742377e-07,1.449672838330495e-12,7.650944385109805e-13,0.00026314835833129833,0.00013350543161173124,2.958982449143181e-08,1.44525752180506e-08,0.0020421919320683596,0.0009616292310583391,3.3421325610593664e-07,1.5191619211616194e-07,0.00047059546425497396,0.00020673794818902285,8.991765082403762e-11,2.895075625124057e-11,4.113587179550981e-06,1.2926914723816022e-06,1.1965213413180412e-10,3.760058719876851e-11,2.0489393516826469e-19,1.9323681368148226e-19,5.9423984846232274e-18,5.228081240792092e-18,1.508339427884245e-14,1.2435439637754944e-14,2.356504674634471e-09,1.827822628033972e-09,1.2013894255534073e-12,5.468426258994338e-13,1.358759043228702e-15,5.981914969875945e-16,1.3535165617096563e-23,3.8865515459981276e-24,1.6676963090963582e-15,5.005435720932459e-16,1.1677907642022757e-18,4.97408435854936e-19,7.113913020186661e-18,3.611940057963665e-18,5.992317279187757e-10,2.928996957598859e-10,6.909916251081652e-16,3.256069059944287e-16,4.966975719703923e-18,1.5990596316479676e-18,7.494451685604017e-20,2.3010437604563664e-20,1.5354181200762756e-14,4.714239857840128e-15,6.172694006828896e-11,1.8952205745623266e-11,3.5308946038607846e-17,1.1101089557774543e-17,0.01032864388293512,0.004870505883812634,9.999999999998433e-31,3.306656705741403e-31,1.6309089311881135e-09,4.999990609042082e-10,2.2413895392543218e-06,6.714507896652748e-07,2.2809064838792167e-10,6.999881056280012e-11,2.605811945149235e-13,7.814001212541445e-14
0.871,1216.2700602956656,5.441629314585846,0.2583535906368036,3.3316577921124706,0.06877086006081713,0.4506230487899222,1.1170474139325263e-07,1.4638970949731415e-06,4.470239681230552e-14,3.690943902597611e-14,1.328244419957873e-14,5.483459492772964e-15,1.6971210309734807e-08,1.3182099250971247e-08,0.20100865959341327,0.14739405759587487,9.482023527832305e-17,3.7949635319817594e-17,3.9951647496836156e-14,1.5515881688208855e-14,1.0164686541209286e-18,1.117929192457612e-18,3.6707465925067544e-16,3.724570943715364e-16,3.0488672564765246e-11,2.8712644429929574e-11,6.547035093956047e-13,6.165656780357042e-13,1.2648258889287134e-05,1.1112884164090014e-05,0.2056299676473646,0.16931689565075325,0.4255177992764768,0.20068000167109015,0.08594547152849337,0.025797699037223405,5.5371973672468485e-08,2.520704872978929e-08,4.9020738646854564e-06,2.1566607985409664e-06,2.5009720603122565e-10,1.0645610146874605e-10,2.2311922254529407e-12,9.49726827093941e-13,6.856948358342851e-07,2.8269018899482907e-07,1.4455618118857855e-12,7.629134837945965e-13,0.00026272337797515624,0.00013328785237293867,2.9535832983289734e-08,1.4425990884626737e-08,0.0020403172127322292,0.0009607322609569399,3.338377573322555e-07,1.5174326673936328e-07,0.0004704176061405932,0.00020665675851309085,8.979072770324195e-11,2.890946354716249e-11,4.111166262687539e-06,1.2919116055364665e-06,1.195263547521854e-10,3.756050595017088e-11,2.0437918315696916e-19,1.9274849868142543e-19,5.9335903719235584e-18,5.220254763681761e-18,1.5070947407557283e-14,1.242499421513794e-14,2.3566268389794464e-09,1.8278903668668696e-09,1.2003578324409467e-12,5.463649945520039e-13,1.3565534049034368e-15,5.972116408935312e-16,1.3502483181406394e-23,3.877109649350724e-24,1.665550110166032e-15,4.998920215278088e-16,1.1659433681772128e-18,4.966142161423553e-19,7.104171639456113e-18,3.606940762351441e-18,5.990738419493727e-10,2.9281819422873375e-10,6.905469647892653e-16,3.253925649472874e-16,4.956918403511859e-18,1.5957982091575976e-18,7.477679184298393e-20,2.2958601146037326e-20,1.5343573483212808e-14,4.7109133071085274e-15,6.171095519872187e-11,1.8947017808993732e-11,3.5267298890314274e-17,1.1087831856632177e-17,0.010328643882922664,0.004870433894237204,9.999999999998412e-31,3.3066078309841125e-31,1.628546990591684e-09,4.992675647544994e-10,2.2398286041579015e-06,6.709732643099251e-07,2.279060354368828e-10,6.99411208412014e-11,2.600416840539697e-13,7.79770775238186e-14
0.872,1216.2047837594378,5.441787523113196,0.25834607954951166,3.335528568869539,0.06877428648519728,0.4506388515549678,1.1161954955275144e-07,1.4627590686051286e-06,4.4618882059285544e-14,3.683993982195703e-14,1.3256551419857406e-14,5.4726892967121314e-15,1.6952612915794392e-08,1.3167459761088068e-08,0.20099656021815193,0.14738301088856215,9.463325049406578e-17,3.7874240109116184e-17,3.98942211833111e-14,1.5493350633924403e-14,1.0134941735104675e-18,1.1146413629855924e-18,3.6616770926319633e-16,3.715313639451976e-16,3.043529057074495e-11,2.8661949152730168e-11,6.534729145391792e-13,6.153976879462367e-13,1.2637494611442067e-05,1.110326274032661e-05,0.2056230754600907,0.1693087225078131,0.42553306529744395,0.20068424032646764,0.0859482589495877,0.025798155078943567,5.534552635438076e-08,2.5194637350167565e-08,4.9022240694443054e-06,2.1566950598272005e-06,2.4985519614412154e-10,1.0635151863626508e-10,2.2285238998638938e-12,9.485770347198489e-13,6.852756861231459e-07,2.8251321853041386e-07,1.4414659792697064e-12,7.607406320610774e-13,0.00026229946679056135,0.00013307082546258582,2.9481987505535013e-08,1.4399479037246617e-08,0.0020384459898276216,0.0009598369888274727,3.334630203635238e-07,1.5157069670559053e-07,0.000470240007077652,0.00020657569044060797,8.966409071720187e-11,2.8868264942710818e-11,4.108748905753926e-06,1.2911329141836397e-06,1.1940081390446365e-10,3.752050182391978e-11,2.0386615290084169e-19,1.9226182689520445e-19,5.924802745007856e-18,5.2124466769683744e-18,1.505852018789648e-14,1.2414565627191135e-14,2.3567487884784752e-09,1.8279579848631092e-09,1.1993279293377645e-12,5.458881608278019e-13,1.3543533629196582e-15,5.962342930657052e-16,1.3469909444297314e-23,3.867699344268689e-24,1.6634085245007173e-15,4.992418878671461e-16,1.164100555372342e-18,4.958219849924758e-19,7.094452498886265e-18,3.601953000365373e-18,5.989162103621699e-10,2.9273682709903143e-10,6.901030343686935e-16,3.2517858267082053e-16,4.946889834209846e-18,1.592546179178377e-18,7.460960343488509e-20,2.2906931569470574e-20,1.5332984405300882e-14,4.707592700643708e-15,6.169499485509814e-11,1.8941838051156083e-11,3.522573919765036e-17,1.107460233216216e-17,0.01032864388291027,0.004870362034163122,9.999999999998405e-31,3.3065590441471406e-31,1.6261906753748517e-09,4.985378278273211e-10,2.2382704103961796e-06,6.704965918005915e-07,2.2772172678545014e-10,6.988352803645397e-11,2.5950377803208386e-13,7.781463087981957e-14
0.873,1216.1395649928718,5.441945678721711,0.2583385714110937,3.3393994581236592,0.06877770715422125,0.4506546278966275,1.1153448727457295e-07,1.4616228118118901e-06,4.453559265995478e-14,3.6770629690133774e-14,1.3230731610794495e-14,5.46194968488116e-15,1.693405171131456e-08,1.3152849154961814e-08,0.20098447983765705,0.1473719822788898,9.444679630641105e-17,3.7799060461984515e-17,3.983692844405569e-14,1.547087252224404e-14,1.0105308350475348e-18,1.11136591347651e-18,3.652637423327545e-16,3.7060869721019223e-16,3.038204652102646e-11,2.8611386022628754e-11,6.522456484420109e-13,6.142328831021649e-13,1.2626748631382388e-05,1.1093657965957971e-05,0.20561619516555574,0.16930056381399736,0.4255482997481612,0.2006884692025949,0.0859510479685076,0.025798612259679693,5.531910930523897e-08,2.518224077254721e-08,4.902374096613939e-06,2.156729298226317e-06,2.4961370270756214e-10,1.062471614862579e-10,2.2258617415246515e-12,9.474299260522457e-13,6.848573358949882e-07,2.823365902436765e-07,1.4373852736117105e-12,7.58575847437159e-13,0.00026187662178637437,0.0001328543493123918,2.9428287553045648e-08,1.4373039422903961e-08,0.002036578255786847,0.0009589434108937176,3.3308904325600406e-07,1.5139848109143492e-07,0.0004700626669309304,0.00020649474388589507,8.953773890220705e-11,2.8827160118187257e-11,4.106335098953368e-06,1.2903553950406773e-06,1.192755108419892e-10,3.7480574576201036e-11,2.0335483681030655e-19,1.9177679104094294e-19,5.916035532893022e-18,5.204656916411293e-18,1.5046112566039925e-14,1.2404153827108261e-14,2.356870523726996e-09,1.8280254823665014e-09,1.198299711485021e-12,5.454121224497113e-13,1.3521588982779106e-15,5.952594449104045e-16,1.3437443940636774e-23,3.858320494789359e-24,1.6612715429461314e-15,4.98593168214987e-16,1.1622623091197895e-18,4.950317351210827e-19,7.084755522227284e-18,3.5969767321378984e-18,5.987588325074774e-10,2.92655594020297e-10,6.896598318818855e-16,3.2496495818379026e-16,4.936889897985605e-18,1.589303504288648e-18,7.444294945450383e-20,2.2855428193359373e-20,1.532241390975226e-14,4.704278020006451e-15,6.167905897141872e-11,1.8936666449745982e-11,3.518426667392431e-17,1.1061400891169207e-17,0.01032864388289792,0.004870290303236191,9.999999999998405e-31,3.3065103449900206e-31,1.6238399683675623e-09,4.97809844688802e-10,2.2367149535888557e-06,6.700207707028196e-07,2.2753772160285333e-10,6.98260318798903e-11,2.589674703038702e-13,7.765267031088096e-14
0.874,1216.0744038567673,5.44210378152036,0.2583310662159011,3.3432704598372673,0.06878112208244162,0.4506703778827022,1.1144955419589768e-07,1.4604883195747054e-06,4.4452527758674905e-14,3.670150790784612e-14,1.3204984487096541e-14,5.4512405369521536e-15,1.691552658188882e-08,1.3138267340440513e-08,0.20097241840082428,0.1473609717179295,9.426087062377435e-17,3.7724095523436595e-17,3.9779768807493907e-14,1.544844716490679e-14,1.0075785858091568e-18,1.1081027848504418e-18,3.6436274560624396e-16,3.696890808933956e-16,3.0328939907052095e-11,2.8560954549020075e-11,6.510216984694297e-13,6.130712513327179e-13,1.2616020894862513e-05,1.108406979110167e-05,0.20560932673796836,0.16929241953554172,0.4255635027122618,0.20069268832633694,0.08595383858197822,0.02579907057671959,5.5292722447141276e-08,2.5169858958169613e-08,4.90252394636073e-06,2.156763513671852e-06,2.493727239406767e-10,1.0614302923552308e-10,2.2232057284072645e-12,9.462854914439297e-13,6.844397826832816e-07,2.821603030700976e-07,1.4333196201339212e-12,7.564190898835275e-13,0.00026145483847545605,0.00013263842159590174,2.937473254324881e-08,1.4346671750855366e-08,0.0020347139981487425,0.0009580515210798483,3.327158233035876e-07,1.5122661862772537e-07,0.00046988558471265695,0.00020641391838961695,8.941167128088211e-11,2.8786148749652148e-11,4.103924832159545e-06,1.2895790447272406e-06,1.1915044482636583e-10,3.744072396597862e-11,2.0284522740063065e-19,1.9129338393720956e-19,5.9072886650689984e-18,5.196885418215289e-18,1.5033724486930492e-14,1.2393758767120235e-14,2.3569920453196032e-09,1.8280928597273193e-09,1.1972731740205491e-12,5.449368770961176e-13,1.349969988861794e-15,5.942870864652743e-16,1.3405086177049943e-23,3.8489729568716235e-24,1.6591391453465832e-15,4.979458563758148e-16,1.1604286128264577e-18,4.942434592787121e-19,7.075080633330236e-18,3.592011917872336e-18,5.986017077360719e-10,2.925744946434895e-10,6.892173552055474e-16,3.2475169043161636e-16,4.926918482601654e-18,1.5860701475845195e-18,7.427682745975008e-20,2.2804090255056934e-20,1.531186194120538e-14,4.700969247366312e-15,6.16631474819449e-11,1.8931502982557376e-11,3.514288103076743e-17,1.1048227439987822e-17,0.010328643882885583,0.004870218701121385,9.999999999998386e-31,3.3064617332853e-31,1.6214948482514697e-09,4.970836086361276e-10,2.235162223569954e-06,6.695457978520288e-07,2.27354018976841e-10,6.976863207815973e-11,2.584327541666364e-13,7.749119376789766e-14
0.875,1216.0093002117192,5.442261831619198,0.25832356395823475,3.347141573972878,0.06878453128442238,0.450686101581069,1.1136474995301965e-07,1.459355586864153e-06,4.436968650193e-14,3.6632573754277623e-14,1.3179309764832302e-14,5.440561733174404e-15,1.6897037413181928e-08,1.3123714225441735e-08,0.2009603758564996,0.14734997915672954,9.407547136182563e-17,3.764934444149461e-17,3.972274180259497e-14,1.542607437388917e-14,1.0046373731225778e-18,1.1048519183089463e-18,3.634647062854281e-16,3.687725017788674e-16,3.027597022175463e-11,2.851065424276614e-11,6.498010520200807e-13,6.119127805000376e-13,1.2605311347576832e-05,1.1074498165830957e-05,0.20560247015151867,0.16928428963867825,0.425578674272767,0.20069689772427232,0.08595663078726883,0.025799530027515383,5.526636570141939e-08,2.5157491867935906e-08,4.902673618844121e-06,2.156797706094352e-06,2.491322580622624e-10,1.0603912110082999e-10,2.2205558385038515e-12,9.451437212575583e-13,6.840230240174497e-07,2.819843559436614e-07,1.4292689458227985e-12,7.542703202961718e-13,0.000261034112639428,0.0001324230401232878,2.9321321895314078e-08,1.4320375731244214e-08,0.0020328532043438034,0.0009571613132599137,3.3234335778028815e-07,1.5105510803643633e-07,0.00046970875940169793,0.0002063332134778566,8.928588687776008e-11,2.8745230513825704e-11,4.101518095257508e-06,1.2888038598671912e-06,1.1902561512093774e-10,3.740094975280128e-11,2.0233731722127542e-19,1.9081159843563131e-19,5.898562071214713e-18,5.189132118760225e-18,1.502135589539243e-14,1.2383380399368763e-14,2.357113353848941e-09,1.8281601172943238e-09,1.1962483120756482e-12,5.444624224428365e-13,1.347786614081326e-15,5.933172084411653e-16,1.3372835677120957e-23,3.839656591359664e-24,1.6570113153730768e-15,4.972999473033473e-16,1.1585994499672956e-18,4.934571502458417e-19,7.065427756213328e-18,3.58705851786242e-18,5.984448354006798e-10,2.9249352862059304e-10,6.887756022128029e-16,3.245387783582149e-16,4.916975476212987e-18,1.5828460722929826e-18,7.411123513659107e-20,2.2752917031316493e-20,1.5301328444427052e-14,4.697666364935255e-15,6.164726032105389e-11,1.892634762742435e-11,3.510158198022901e-17,1.1035081885097652e-17,0.0103286438828733,0.004870147227483925,9.999999999998377e-31,3.3064132088056885e-31,1.6191552936473302e-09,4.963591129486899e-10,2.233612209993617e-06,6.690716700302212e-07,2.271706179938977e-10,6.97113283375734e-11,2.5789962290633173e-13,7.733019919860035e-14
0.876,1215.9442539035063,5.44241982916778,0.25831606463052253,3.3510128004931112,0.06878793477542956,0.4507017990629666,1.1128007419839196e-07,1.4582246088594674e-06,4.4287068048357954e-14,3.6563826518636574e-14,1.3153707158227765e-14,5.4299131530363344e-15,1.6878584092620798e-08,1.310918971922976e-08,0.20094835215505727,0.14733900454706672,9.389059644937013e-17,3.757480636943853e-17,3.9665846973501834e-14,1.540375396704354e-14,1.0017071445829491e-18,1.101613255351442e-18,3.6256961155276394e-16,3.6785894663157164e-16,3.022313696069274e-11,2.846048461718687e-11,6.48583696639883e-13,6.107574586048029e-13,1.2594619936552315e-05,1.1064943041367772e-05,0.20559562537340859,0.16927617408343115,0.4255938145140423,0.20070109742306325,0.08595942457872476,0.02579999060857165,5.524003900046138e-08,2.514513946771955e-08,4.902823114332076e-06,2.156831875466228e-06,2.4889230336892157e-10,1.0593543633188452e-10,2.2179120504621247e-12,9.440046061335461e-13,6.836070575203078e-07,2.818087478362477e-07,1.4252331839576057e-12,7.521295028940105e-13,0.0002606144411450825,0.00013220820325513425,2.9268055101438084e-08,1.4294151109875684e-08,0.002030995866269989,0.0009562727834096785,3.319716446688903e-07,1.5088394836144988e-07,0.00046953219075444885,0.00020625262901775154,8.9160384740013e-11,2.8704405094682836e-11,4.099114878520393e-06,1.2880298372034176e-06,1.1890102098937687e-10,3.736125169625575e-11,2.0183109881521022e-19,1.9033142738199583e-19,5.889855681345819e-18,5.181396954716725e-18,1.5009006738054123e-14,1.2373018677457332e-14,2.3572344499037632e-09,1.828227255408228e-09,1.1952251209332137e-12,5.439887562335871e-13,1.3456087548335135e-15,5.923498022030935e-16,1.334069197981914e-23,3.830371263520139e-24,1.654888042697926e-15,4.9665543775171605e-16,1.1567748041131232e-18,4.926728008433803e-19,7.055796815637252e-18,3.582116492774523e-18,5.982882148583862e-10,2.924126956049895e-10,6.883345709407336e-16,3.243262209840469e-16,4.907060766858855e-18,1.5796312416039358e-18,7.394617031067856e-20,2.2701907841795252e-20,1.52908133630657e-14,4.694369354571966e-15,6.163139742348248e-11,1.8921200362243847e-11,3.5060369239058415e-17,1.1021964134439257e-17,0.01032864388286106,0.004870075881975816,9.999999999998372e-31,3.306364771314929e-31,1.6168212870857901e-09,4.956363521039681e-10,2.2320649077890998e-06,6.685983855981479e-07,2.2698751782253038e-10,6.965412038947011e-11,2.57368070398629e-13,7.716968472757196e-14
0.877,1215.8792647916875,5.442577774281227,0.25830856822682835,3.35488413936067,0.06879133256999008,0.45071747039608534,1.1119552657613989e-07,1.4570953806358481e-06,4.42046715563655e-14,3.6495265490136e-14,1.3128176385642544e-14,5.4192946777631436e-15,1.6860166507513403e-08,1.3094693731028242e-08,0.20093634724620893,0.14732804784066766,9.37062438270998e-17,3.750048046551736e-17,3.960908385756215e-14,1.538148575965298e-14,9.987878481826602e-19,1.0983867379236051e-18,3.6167744874772306e-16,3.669484023783384e-16,3.0170439622700356e-11,2.8410445188831453e-11,6.473696198957609e-13,6.096052736707526e-13,1.2583946608412369e-05,1.1055404368619637e-05,0.20558879237684125,0.1692680728352633,0.4256089235190636,0.20070528744929425,0.08596221995259226,0.025800452317038525,5.521374226913905e-08,2.5132801720053216e-08,4.902972433010867e-06,2.156866021730194e-06,2.486528581166116e-10,1.0583197416150726e-10,2.2152743426633274e-12,9.428681366029018e-13,6.83191880771201e-07,2.816334777027943e-07,1.4212122621063376e-12,7.499965988881351e-13,0.00026019581975890806,0.0001319939087944787,2.9214931600207833e-08,1.4267997606447693e-08,0.0020291419724112695,0.0009553859259010021,3.31600681423159e-07,1.5071313840680232e-07,0.0004693558779324448,0.00020617216461578367,8.903516390688165e-11,2.8663672173772505e-11,4.0967151720033285e-06,1.2872569734146244e-06,1.1877666170212945e-10,3.732162955820246e-11,2.0132656481181105e-19,1.8985286370492695e-19,5.881169425928957e-18,5.173679863175816e-18,1.4996676960795974e-14,1.2362673554416851e-14,2.357355334071432e-09,1.8282942744139084e-09,1.1942035958138325e-12,5.435158761856907e-13,1.3434363895164007e-15,5.91384858018897e-16,1.3308654601694653e-23,3.8211168322091925e-24,1.6527693085110325e-15,4.96012321931422e-16,1.1549546589114675e-18,4.918904039272744e-19,7.046187736567168e-18,3.577185803394627e-18,5.981318454674118e-10,2.9233199525152635e-10,6.87894259319031e-16,3.241140172800855e-16,4.89717424388038e-18,1.5764256191354096e-18,7.378163059795447e-20,2.2651061941914365e-20,1.5280316642205922e-14,4.691078198592524e-15,6.161555872426408e-11,1.891606116506269e-11,3.50192425233566e-17,1.1008874095794626e-17,0.01032864388284886,0.004870004664263244,9.999999999998367e-31,3.3063164205863913e-31,1.6144928082279204e-09,4.949153197020145e-10,2.230520307848535e-06,6.681259417095822e-07,2.268047175755781e-10,6.959700794835468e-11,2.568380901430388e-13,7.700964836706018e-14
0.878,1215.8143327347825,5.442735667077852,0.25830107474106595,3.358755590538341,0.06879472468267862,0.45073311564835045,1.1111110672934395e-07,1.45596789725545e-06,4.412249618611763e-14,3.6426889959523825e-14,1.3102717166905113e-14,5.408706189200008e-15,1.68417845451622e-08,1.3080226170068228e-08,0.20092436107970418,0.14731710898927397,9.352241144184789e-17,3.742636589053419e-17,3.955245199267609e-14,1.5359269567237732e-14,9.958794321401317e-19,1.0951723082256563e-18,3.60788205255882e-16,3.660408559941935e-16,3.011787770781526e-11,2.83605354754403e-11,6.461588093817579e-13,6.084562137485658e-13,1.2573291309677823e-05,1.1045882098410286e-05,0.20558197113470136,0.16925998585935698,0.42562400137031425,0.2007094678292843,0.08596501690545903,0.02580091515016511,5.518747543167766e-08,2.5120478587179352e-08,4.903121575063182e-06,2.156900144827065e-06,2.484139205612278e-10,1.0572873382258396e-10,2.2126426935057962e-12,9.41734303205038e-13,6.827774913450972e-07,2.814585444965538e-07,1.4172061102021027e-12,7.478715707416804e-13,0.0002597782446310411,0.00013178015473922568,2.9161950834289493e-08,1.4241914942682598e-08,0.002027291511270688,0.0009545007351154091,3.312304654948292e-07,1.5054267697575513e-07,0.0004691798200836244,0.00020609181987249538,8.891022341961107e-11,2.8623031433328437e-11,4.09431896578747e-06,1.2864852651880857e-06,1.1865253653140845e-10,3.728208310108773e-11,2.0082370787057863e-19,1.893759003622181e-19,5.872503235582174e-18,5.165980781369497e-18,1.4984366509339125e-14,1.2352344983153195e-14,2.35747600693727e-09,1.828361174654338e-09,1.1931837319283403e-12,5.43043780012333e-13,1.3412694987946261e-15,5.904223671552815e-16,1.3276723083559908e-23,3.8118931632638796e-24,1.6506550990151292e-15,4.953705955579968e-16,1.1531389980789566e-18,4.911099523837567e-19,7.036600444094029e-18,3.5722664105774164e-18,5.979757265880408e-10,2.9225142721607935e-10,6.874546652762891e-16,3.239021662169108e-16,4.887315796925795e-18,1.5732291686084742e-18,7.361761380329101e-20,2.2600378645175095e-20,1.526983822699181e-14,4.687792879333404e-15,6.159974415856795e-11,1.8910930013970547e-11,3.4978201549530455e-17,1.099581167705348e-17,0.010328643882836691,0.004869933574011744,9.999999999998368e-31,3.3062681563930056e-31,1.6121698367744602e-09,4.941960093558027e-10,2.228978401026826e-06,6.676543355074714e-07,2.2662221636669537e-10,6.953999072901868e-11,2.5630967563689243e-13,7.685008812888101e-14
0.879,1215.7494575867331,5.4428935076890586,0.25829358416652964,3.3626271539890045,0.06879811112826165,0.45074873488861966,1.1102681431000561e-07,1.4548421538971762e-06,4.4040541106643226e-14,3.635869922492892e-14,1.3077329221771751e-14,5.398147569172926e-15,1.6823438094185877e-08,1.3065786946607491e-08,0.20091239360603722,0.14730618794507963,9.333909725479794e-17,3.735246181111037e-17,3.9495950925105355e-14,1.5337105208579075e-14,9.929818450104851e-19,1.0919699088334266e-18,3.599018685107565e-16,3.6513629450401246e-16,3.00654507193493e-11,2.8310754997878695e-11,6.449512528094074e-13,6.073102670006217e-13,1.2562653987745239e-05,1.1036376182333113e-05,0.20557516161740896,0.1692519131187547,0.42563904815064557,0.20071363858938282,0.08596781543271204,0.02580137910482247,5.516123841747488e-08,2.5108170033685154e-08,4.903270540717088e-06,2.1569342447161183e-06,2.4817548899966695e-10,1.0562571456548429e-10,2.2100170817650726e-12,9.406030966405205e-13,6.823638868696957e-07,2.812839471924805e-07,1.4132146596354837e-12,7.457543816903517e-13,0.0002593617121143517,0.00013156693919028713,2.9109112276157118e-08,1.4215902854884223e-08,0.002025444473178214,0.0009536172062947363,3.308609946329833e-07,1.503725630067756e-07,0.0004690040166786675,0.00020601159453011495,8.878556233250831e-11,2.858248255981328e-11,4.091926250134711e-06,1.2857147092675524e-06,1.185286447519901e-10,3.724261208817363e-11,2.003225206788781e-19,1.8890053033859354e-19,5.8638570413552066e-18,5.158299646914439e-18,1.4972075330499527e-14,1.2342032917474253e-14,2.3575964690836477e-09,1.828427956468878e-09,1.1921655245790224e-12,5.425724654683244e-13,1.3391080623424956e-15,5.894623204437561e-16,1.3244896957486166e-23,3.802700120024029e-24,1.6485453997203583e-15,4.947302541394186e-16,1.1513278054191849e-18,4.903314391366814e-19,7.027034863950794e-18,3.567358275506369e-18,5.978198575837286e-10,2.921709911559338e-10,6.870157868173667e-16,3.2369066680098243e-16,4.87748531609665e-18,1.5700418538934193e-18,7.345411766044664e-20,2.2549857243310428e-20,1.525937806236067e-14,4.684513379067165e-15,6.158395366188829e-11,1.8905806887147645e-11,3.49372460372289e-17,1.0982776787130225e-17,0.010328643882824545,0.00486986261088354,9.999999999998361e-31,3.306219978505449e-31,1.6098523540744821e-09,4.934784151840698e-10,2.2274391803507863e-06,6.671835647852735e-07,2.264400133458794e-10,6.948306845740392e-11,2.557828206556267e-13,7.669100210841352e-14
0.88,1215.68463920875,5.443051296228421,0.25828609649736134,3.366498829675621,0.06880149192110917,0.450764328183849,1.1094264896518863e-07,1.4537181456783629e-06,4.395880548773047e-14,3.6290692585251694e-14,1.3052012272931889e-14,5.387618700741431e-15,1.6805127043159768e-08,1.3051375970904115e-08,0.2009004447753667,0.14729528466027242,9.315629923655732e-17,3.727876739779786e-17,3.94395801976837e-14,1.5314992501175738e-14,9.900950356691121e-19,1.0887794826827131e-18,3.590184260534077e-16,3.6423470504381057e-16,3.00131581630104e-11,2.8261103279373768e-11,6.437469379154089e-13,6.061674216154257e-13,1.255203458976032e-05,1.1026886571786323e-05,0.2055683637985964,0.16924385457941582,0.42565406394194966,0.20071779975579776,0.08597061553090435,0.0258018441782724,5.513503115153156e-08,2.5095876022203508e-08,4.903419330153982e-06,2.156968321339472e-06,2.479375617067539e-10,1.0552291563145528e-10,2.207397486081393e-12,9.394745075550535e-13,6.819510649475558e-07,2.8110968475576597e-07,1.4092378395462448e-12,7.436449937872019e-13,0.0002589462180955158,0.00013135426001254847,2.9056415370376623e-08,1.4189961065782725e-08,0.0020236008465846565,0.0009527353337983565,3.3049226629409715e-07,1.502027953057438e-07,0.00046882846685366664,0.0002059314881842825,8.866117969652005e-11,2.8542025238695992e-11,4.089537015199046e-06,1.2849453023654648e-06,1.1840498564328283e-10,3.7203216284272075e-11,1.9982299598521925e-19,1.8842674667751312e-19,5.8552307746220686e-18,5.150636397729123e-18,1.4959803370629756e-14,1.2331737310833306e-14,2.3577167210912385e-09,1.8284946201983882e-09,1.1911489690308955e-12,5.42101930292743e-13,1.3369520593467113e-15,5.885047085032871e-16,1.3213175752809961e-23,3.7935375650654326e-24,1.6464401932408346e-15,4.940912923159998e-16,1.1495210648089363e-18,4.895548571427624e-19,7.017490922049526e-18,3.562461359466799e-18,5.976642378194832e-10,2.9209068672965433e-10,6.86577621887657e-16,3.2347951801141963e-16,4.867682692358378e-18,1.5668636391454427e-18,7.329113986228791e-20,2.24994970156152e-20,1.524893609407849e-14,4.681239680330927e-15,6.156818716995336e-11,1.8900691762879626e-11,3.4896375705928035e-17,1.0969769334915208e-17,0.010328643882812398,0.0048697917745485495,9.999999999998339e-31,3.3061718866996303e-31,1.607540339912378e-09,4.927625308275022e-10,2.2259026366004536e-06,6.667136266649114e-07,2.2625810763288757e-10,6.942624085032815e-11,2.5525751876856294e-13,7.653238833958545e-14
0.881,1215.6198774607637,5.443209032813332,0.2582786117275232,3.370370617561236,0.06880486707565431,0.4507798956013139,1.1085861034213563e-07,1.4525958677192724e-06,4.387728850178242e-14,3.622286934163169e-14,1.3026766044464851e-14,5.377119467551944e-15,1.6786851280821553e-08,1.3036993153353254e-08,0.2008885145379161,0.14728439908706925,9.29740153650451e-17,3.7205281824167625e-17,3.938333935468521e-14,1.5292931263107335e-14,9.872189532295661e-19,1.0856009729770126e-18,3.581378654718876e-16,3.633360747986525e-16,2.99609995459948e-11,2.8211579844609495e-11,6.425458524747289e-13,6.050276658188709e-13,1.2541433062890023e-05,1.101741321819263e-05,0.20556157765137925,0.16923581020684983,0.42566904882566226,0.2007219513544816,0.08597341719686673,0.025802310367855567,5.510885355887104e-08,2.5083596515380646e-08,4.903567943556796e-06,2.157002374639526e-06,2.477001369619839e-10,1.0542033626381752e-10,2.204783885154091e-12,9.383485266205673e-13,6.815390231836074e-07,2.8093575615268503e-07,1.4052755811756884e-12,7.41543370198063e-13,0.0002585317587967792,0.00013114211524135416,2.9003859568088286e-08,1.4164089301350055e-08,0.002021760620147115,0.0009518551120834065,3.3012427796429873e-07,1.50033372692156e-07,0.0004686531697669005,0.00020585150044040876,8.853707456589499e-11,2.8501659156546393e-11,4.087151251178814e-06,1.2841770412085335e-06,1.1828155848674754e-10,3.716389545486878e-11,1.993251265682256e-19,1.8795454245157191e-19,5.846624366946972e-18,5.142990971906784e-18,1.494755057608091e-14,1.2321458116688121e-14,2.3578367635387256e-09,1.828561166181799e-09,1.1901340605519804e-12,5.41632172226311e-13,1.3348014708337016e-15,5.875495227637129e-16,1.3181559018744043e-23,3.7844053666847264e-24,1.6443394661831897e-15,4.934537059267798e-16,1.1477187601964543e-18,4.88780199389968e-19,7.00796854449274e-18,3.557575623845319e-18,5.975088666623841e-10,2.9201051359682636e-10,6.861401684400399e-16,3.2326871883097914e-16,4.85790781701045e-18,1.5636944886313026e-18,7.312867825619956e-20,2.2449297288894658e-20,1.523851226794902e-14,4.677971765675316e-15,6.155244461862035e-11,1.889558461949212e-11,3.4855590275758495e-17,1.0956789229515491e-17,0.010328643882800288,0.004869721064675897,9.999999999998339e-31,3.3061238807509115e-31,1.6052337742805816e-09,4.920483499912885e-10,2.2243687607505144e-06,6.662445183269079e-07,2.2607649835221784e-10,6.936950762609705e-11,2.5473376357412423e-13,7.637424486526467e-14
0.882,1215.5551721931351,5.4433667175874465,0.2582711298497329,3.374242517608995,0.06880823660675078,0.45079543721029663,1.1077469810268361e-07,1.451475315329868e-06,4.37959893333064e-14,3.615522880522846e-14,1.300159025913466e-14,5.366649752713265e-15,1.676861069777875e-08,1.3022638405794197e-08,0.20087660284524145,0.14727353117843173,9.279224363405175e-17,3.7132004270180503e-17,3.9327227953600245e-14,1.5270921317584728e-14,9.843535471406958e-19,1.0824343232927217e-18,3.572601743758585e-16,3.624403909763693e-16,2.990897437907527e-11,2.8162184221651808e-11,6.413479844161461e-13,6.038909879821502e-13,1.2530849355637587e-05,1.1007956074138446e-05,0.2055548031440455,0.16922777996232155,0.4256840028843298,0.2007260934115783,0.08597622042492985,0.025802777670120347,5.508270557366891e-08,2.5071331479995148e-08,4.903716381192946e-06,2.157036404592304e-06,2.474632131118591e-10,1.0531797573434158e-10,2.2021762582698364e-12,9.37225144758662e-13,6.81127759267976e-07,2.8076216038432853e-07,1.4013278188140514e-12,7.394494757002977e-13,0.00025811833093397727,0.00013093050316245988,2.895144437410667e-08,1.4138287313780087e-08,0.0020199237858907586,0.0009509765371919567,3.2975702767164617e-07,1.4986429423171987e-07,0.00046847812517374413,0.00020577163116589528,8.841324601473946e-11,2.846138400632301e-11,4.084768948577175e-06,1.2834099226177124e-06,1.1815836256565e-10,3.712464936599127e-11,1.9882890521992044e-19,1.8748391074646267e-19,5.838037750367073e-18,5.135363307956618e-18,1.4935316894936574e-14,1.231119528991237e-14,2.3579565970010974e-09,1.8286275947521302e-09,1.1891207945541017e-12,5.41163189074684e-13,1.3326562768241615e-15,5.865967542123392e-16,1.3150046295223359e-23,3.7753033905234826e-24,1.6422432054833819e-15,4.92817490909439e-16,1.1459208756244965e-18,4.880074589066251e-19,6.998467658209609e-18,3.552701030447622e-18,5.973537434835504e-10,2.91930471418593e-10,6.85703424559957e-16,3.230582683045123e-16,4.8481605816222786e-18,1.5605343667063941e-18,7.296673062190658e-20,2.2399257369224267e-20,1.522810652914622e-14,4.6747096174527475e-15,6.153672594417774e-11,1.8890485435416117e-11,3.481488947150486e-17,1.0943836381496065e-17,0.010328643882788204,0.00486965048092678,9.999999999998321e-31,3.306075960429266e-31,1.602932640148556e-09,4.913358672931575e-10,2.222837547787455e-06,6.657762381527112e-07,2.258951846925682e-10,6.931286852264773e-11,2.542115491460595e-13,7.621656987093201e-14
0.883,1215.4905232702063,5.443524350658902,0.258263650858395,3.3781145297821222,0.0688116005285293,0.4508109530766102,1.1069091189495036e-07,1.4503564836453073e-06,4.3714907162208007e-14,3.608777028359124e-14,1.297648464457124e-14,5.356209441371977e-15,1.675040518367911e-08,1.3008311639371089e-08,0.20086470964788405,0.1472626808870037,9.261098204292096e-17,3.70589339182238e-17,3.9271245541140465e-14,1.524896248370072e-14,9.814987671402954e-19,1.0792794775329723e-18,3.5638534051172377e-16,3.6154764092597416e-16,2.9857082174616615e-11,2.8112915940205686e-11,6.401533216307975e-13,6.027573764441754e-13,1.2520283415512833e-05,1.099851509137649e-05,0.20554804025137954,0.1692197638129308,0.4256989261986956,0.20073022595294712,0.0859790252120795,0.025803246082485416,5.5056587119813246e-08,2.5059080878221784e-08,4.9038646432277624e-06,2.157070411135036e-06,2.4722678844154225e-10,1.0521583328909486e-10,2.1995745842564284e-12,9.36104352699534e-13,6.807172708160721e-07,2.80588896421942e-07,1.3973944827036162e-12,7.37363272941167e-13,0.00025770593043443626,0.00013071942166226474,2.8899169231444117e-08,1.411255482515838e-08,0.0020180903317547406,0.0009500996032458309,3.293905127987988e-07,1.49695558697411e-07,0.0004683033320999749,0.00020569187990831513,8.828969310357082e-11,2.84211994767332e-11,4.0823900976185975e-06,1.2826439433305983e-06,1.1803539716904706e-10,3.708547778562742e-11,1.9833432481032004e-19,1.8701484472271927e-19,5.82947085714026e-18,5.1277533446048804e-18,1.492310227380717e-14,1.2300948784208191e-14,2.3580762220525282e-09,1.8286939062469054e-09,1.1881091663288821e-12,5.406949785907224e-13,1.3305164576870683e-15,5.856463939925849e-16,1.3118637128307507e-23,3.7662315040071575e-24,1.6401513948211686e-15,4.921826422265393e-16,1.144127395198969e-18,4.87236628750242e-19,6.988988189981931e-18,3.547837541019893e-18,5.971988676546144e-10,2.918505598572378e-10,6.85267388190753e-16,3.2284816541100604e-16,4.8384408788059306e-18,1.55738323807044e-18,7.280529476001016e-20,2.234937656922956e-20,1.5217718824250342e-14,4.671453218463376e-15,6.152103108306654e-11,1.888539418918684e-11,3.4774273015529597e-17,1.093091070070443e-17,0.010328643882776205,0.004869580022976304,9.999999999998335e-31,3.306028125514116e-31,1.600636917005931e-09,4.906250762863603e-10,2.221308987808787e-06,6.653087830616979e-07,2.2571416577239485e-10,6.925632325660624e-11,2.536908690597294e-13,7.605936139308124e-14
0.884,1215.4259305455903,5.443681932164686,0.25825617474654666,3.3819866540439385,0.06881495885562348,0.4508264432684765,1.106072513797007e-07,1.4492393679644806e-06,4.3634041178560765e-14,3.602049309267853e-14,1.2951448926967144e-14,5.345798418084851e-15,1.6732234629645448e-08,1.2994012766361519e-08,0.2008528348975516,0.14725184816600695,9.24302286033725e-17,3.6986069955663247e-17,3.921539167589713e-14,1.5227054585155315e-14,9.786545632379079e-19,1.076136379903493e-18,3.5551335162962454e-16,3.6065781200098387e-16,2.9805322447569974e-11,2.8063774532416328e-11,6.389618521360761e-13,6.016268196630078e-13,1.2509735191106947e-05,1.0989090222595809e-05,0.2055412889430346,0.16921176172123134,0.4257138188504218,0.2007343490044876,0.08598183155315753,0.02580371560167622,5.5030498129597494e-08,2.504684467602e-08,4.904012729907395e-06,2.1571043942363113e-06,2.4699086129657604e-10,1.051139081997407e-10,2.1969788424593625e-12,9.349861413931082e-13,6.803075555165556e-07,2.804159632665751e-07,1.3934755076043221e-12,7.352847269541806e-13,0.00025729455399738684,0.00013050886901871004,2.8847033637436396e-08,1.4086891584104337e-08,0.002016260249006678,0.0009492243059328199,3.290247312574267e-07,1.4952716510249403e-07,0.0004681287901534029,0.000205612246470549,8.816641491066042e-11,2.8381105262186632e-11,4.080014688814915e-06,1.2818791001731506e-06,1.179126615863901e-10,3.7046380481852154e-11,1.9784137821444734e-19,1.8654733754599092e-19,5.82092361985849e-18,5.1201610208699675e-18,1.491090666073973e-14,1.2290718554445891e-14,2.358195639263804e-09,1.8287601009974208e-09,1.1870991712887568e-12,5.402275385815873e-13,1.3283819943126027e-15,5.846984334772731e-16,1.3087331069932816e-23,3.757189576255667e-24,1.6380640221314025e-15,4.915491561172198e-16,1.1423383031094566e-18,4.864677020139114e-19,6.979530067243662e-18,3.542985117637667e-18,5.970442385509386e-10,2.9177077857636196e-10,6.848320574005533e-16,3.226384091877754e-16,4.828748601243441e-18,1.5542410674469023e-18,7.264436852670759e-20,2.229965421863618e-20,1.5207349099080456e-14,4.668202551267358e-15,6.150535997204683e-11,1.888031085940465e-11,3.4733740634069957e-17,1.0918012098197603e-17,0.010328643882764221,0.0048695096904901375,9.99999999999834e-31,3.3059803757784877e-31,1.5983465872587517e-09,4.899159714179364e-10,2.2197830748482913e-06,6.648421511513237e-07,2.2553344077155302e-10,6.919987156334878e-11,2.531717173334561e-13,7.590261760108732e-14
0.885,1215.361393893027,5.4438394621904385,0.2582487015096628,3.385858890357826,0.06881831160165144,0.4508419078492848,1.1052371620183189e-07,1.4481239633850897e-06,4.355339056760232e-14,3.5953396544687915e-14,1.29264828379921e-14,5.335416569704943e-15,1.6714098925898056e-08,1.2979741698408044e-08,0.20084097854443872,0.14724103296816066,9.224998133597073e-17,3.691341157365148e-17,3.915966590319532e-14,1.520519744058299e-14,9.758208858098984e-19,1.0730049750235764e-18,3.5464419566218854e-16,3.597708917429142e-16,2.9753694715494855e-11,2.8014759533058095e-11,6.377735639172072e-13,6.004993060702934e-13,1.2499204629976787e-05,1.0979681419629159e-05,0.20553454919767947,0.16920377365789283,0.4257286809187485,0.20073846259176878,0.085984639446754,0.025804186225648156,5.50044385225803e-08,2.5034622833662255e-08,4.904160641345307e-06,2.157138353815113e-06,2.467554299474376e-10,1.0501219970652562e-10,2.1943890116761654e-12,9.338705015611182e-13,6.798986109710921e-07,2.8024335988471266e-07,1.3895708206351462e-12,7.332137987477762e-13,0.0002568841968618721,0.0001302988427698545,2.8795037005441322e-08,1.406129729831798e-08,0.0020144335235186177,0.0009483506384051843,3.286596801159688e-07,1.4935911207778864e-07,0.0004679544979909678,0.00020553273023872647,8.804341049713192e-11,2.834110105173036e-11,4.0776427122918686e-06,1.2811153898557912e-06,1.1779015511434175e-10,3.700735722519153e-11,1.9735005840738827e-19,1.8608138247778902e-19,5.812395971472103e-18,5.112586276114506e-18,1.4898730002174728e-14,1.2280504554229252e-14,2.358314849205442e-09,1.8288261793421421e-09,1.1860908047133292e-12,5.397608667965532e-13,1.3262528650811737e-15,5.837528629380342e-16,1.305612765004361e-23,3.748177470105183e-24,1.6359810657308893e-15,4.909170259370724e-16,1.1405535836028256e-18,4.857006718179862e-19,6.970093217356743e-18,3.5381437223594636e-18,5.968898555476446e-10,2.9169112724069445e-10,6.843974300764114e-16,3.2242899858830405e-16,4.819083643085092e-18,1.5511078200423647e-18,7.248394956253677e-20,2.22500895811362e-20,1.5196997301397867e-14,4.664957599042754e-15,6.148971254798252e-11,1.8875235424782276e-11,3.469329205073122e-17,1.0905140484262296e-17,0.010328643882752295,0.0048694394831538396,9.999999999998326e-31,3.3059327110088863e-31,1.5960616287427432e-09,4.892085457368312e-10,2.218259796529193e-06,6.643763386021202e-07,2.2535300877787228e-10,6.91435131503414e-11,2.526540873569988e-13,7.574633647640654e-14
0.886,1215.2969131624623,5.443996940884231,0.25824123114025793,3.3897312386872716,0.06882165878139813,0.4508573468880068,1.1044030602724197e-07,1.447010265274234e-06,4.347295452805189e-14,3.588647996286658e-14,1.2901586105836068e-14,5.325063781638394e-15,1.669599796455274e-08,1.2965498348579147e-08,0.2008291405407783,0.1472302352470168,9.207023827099911e-17,3.684095796715864e-17,3.910406778811861e-14,1.5183390876244656e-14,9.729976853928528e-19,1.0698852076895781e-18,3.537778604571674e-16,3.588868676069288e-16,2.970219849739978e-11,2.7965870478200788e-11,6.365884451122209e-13,5.993748242402361e-13,1.2488691681245989e-05,1.0970288635643276e-05,0.2055278209831509,0.1691957995839042,0.4257435124849354,0.2007425667403953,0.08598744888738397,0.025804657951016545,5.4978408233789195e-08,2.5022415318355177e-08,4.904308377812385e-06,2.157172289849849e-06,2.4652049276804376e-10,1.049107070933417e-10,2.1918050715397344e-12,9.32757424277765e-13,6.794904349007186e-07,2.8007108529092094e-07,1.3856803598263867e-12,7.311504550883192e-13,0.00025647485622538576,0.00013008934144680633,2.8743178856127797e-08,1.4035771727871001e-08,0.0020126101477358485,0.000947478596906229,3.282953574737163e-07,1.4919139872207207e-07,0.00046778045541142986,0.00020545333109961363,8.792067895294097e-11,2.8301186543605212e-11,4.075274158716908e-06,1.2803528092538647e-06,1.176678770469896e-10,3.69684077852287e-11,1.968603583243057e-19,1.8561697274187896e-19,5.80388784510379e-18,5.105029049837576e-18,1.4886572246775462e-14,1.2270306738946118e-14,2.358433852443736e-09,1.8288921416078893e-09,1.1850840620703618e-12,5.39294961068431e-13,1.3241290525870305e-15,5.828096744997122e-16,1.3025026440312751e-23,3.739195060368897e-24,1.63390251785732e-15,4.90286249217456e-16,1.1387732210181255e-18,4.849355313207458e-19,6.96067756839749e-18,3.533313317595436e-18,5.967357180247921e-10,2.916116055161106e-10,6.839635043361062e-16,3.2221993267347214e-16,4.8094458977862655e-18,1.5479834608368541e-18,7.232403587361888e-20,2.2200682032619504e-20,1.5186663377022663e-14,4.661718344353195e-15,6.14740887480298e-11,1.887016786404004e-11,3.465292699451313e-17,1.0892295770843805e-17,0.010328643882740357,0.004869369400630834,9.999999999998302e-31,3.3058851309768305e-31,1.5937820249611546e-09,4.885027940277284e-10,2.216739148223303e-06,6.639113439127556e-07,2.2517286899622325e-10,6.908724776069154e-11,2.5213797333084703e-13,7.559051624343267e-14
0.887,1215.2324882178054,5.4441543683590465,0.2582337636325127,3.393603698995843,0.06882500040891437,0.45087276045010444,1.1035702051303365e-07,1.4458982688888047e-06,4.33927322578904e-14,3.5819742670040557e-14,1.2876758462919652e-14,5.314739941066722e-15,1.6677931637520992e-08,1.2951282629835325e-08,0.2008173208380245,0.1472194549559929,9.189099744978956e-17,3.6768708335779427e-17,3.904859688854729e-14,1.516163471567197e-14,9.70184912893281e-19,1.066777023113488e-18,3.5291433401322164e-16,3.5800572720371686e-16,2.965083331534195e-11,2.7917106906924668e-11,6.354064838731802e-13,5.982533627634102e-13,1.2478196293580975e-05,1.0960911823442789e-05,0.20552110427338005,0.16918783946576993,0.42575831362874006,0.20074666147584327,0.08599025987169304,0.02580513077511134,5.4952407190462084e-08,2.501022209384015e-08,4.904455939495511e-06,2.1572062022882404e-06,2.4628604808974587e-10,1.0480942962637263e-10,2.1892270013983446e-12,9.31646900500036e-13,6.790830249802947e-07,2.798991384816999e-07,1.3818040574878693e-12,7.290946597295631e-13,0.00025606652817509166,0.00012988036301809757,2.8691458655786886e-08,1.4010314606353695e-08,0.002010790110618903,0.0009466081760422087,3.279317608902884e-07,1.4902402388945667e-07,0.00046760666160264314,0.00020537404867230789,8.77982193595457e-11,2.826136143344059e-11,4.072909018533146e-06,1.2795913551765112e-06,1.1754582668522254e-10,3.692953193382588e-11,1.9637227098331787e-19,1.8515410164152964e-19,5.795399174294743e-18,5.097489281929335e-18,1.4874433342394616e-14,1.2260125063359602e-14,2.3585526495438292e-09,1.8289579881258548e-09,1.1840789387602431e-12,5.388298192013041e-13,1.3220105370807002e-15,5.818688592583458e-16,1.2994026991598703e-23,3.730242215909704e-24,1.6318283621117113e-15,4.896568209000941e-16,1.1369971997652343e-18,4.841722737129242e-19,6.951283048604455e-18,3.528493865853471e-18,5.965818253633019e-10,2.9153221306981444e-10,6.835302781863882e-16,3.2201121045295295e-16,4.79983526005241e-18,1.5448679552214352e-18,7.21646252703252e-20,2.2151430889026566e-20,1.5176347273202505e-14,4.658484770216796e-15,6.14584885095816e-11,1.8865108156029578e-11,3.461264519355623e-17,1.0879477869661577e-17,0.010328643882728469,0.0048692994425988245,9.999999999998284e-31,3.3058376354634924e-31,1.5915077564970902e-09,4.877987101824456e-10,2.2152211211729157e-06,6.634471643473935e-07,2.2499302057441405e-10,6.903107512024372e-11,2.516233690743774e-13,7.543515501273736e-14
0.888,1215.1681189159772,5.444311744746985,0.2582262989797027,3.397476271247202,0.06882833649856164,0.4508881486025164,1.102738593243456e-07,1.444787969590042e-06,4.3312722962475694e-14,3.57531839951651e-14,1.2851999641183943e-14,5.304444934980613e-15,1.6659899837727075e-08,1.2937094455920684e-08,0.200805519388497,0.14720869204897058,9.171225692402458e-17,3.6696661883300974e-17,3.89932527703507e-14,1.513992878550348e-14,9.673825194741759e-19,1.063680366793718e-18,3.520536043497363e-16,3.571274581659315e-16,2.959959869358756e-11,2.7868468360414006e-11,6.342276684459572e-13,5.971349103193887e-13,1.2467718416348524e-05,1.0951550936441764e-05,0.20551439903898178,0.16917989326706553,0.42577308443046985,0.2007507468236009,0.08599307239483935,0.02580560469478506,5.4926435325119926e-08,2.499804312624009e-08,4.904603326632845e-06,2.157240091097939e-06,2.460520942833571e-10,1.0470836658856907e-10,2.186654780946143e-12,9.305389213321678e-13,6.786763789317993e-07,2.797275184727828e-07,1.3779418493393714e-12,7.270463782273312e-13,0.0002556592093740327,0.00012967190574444175,2.8639875906369018e-08,1.3984925684784144e-08,0.0020089734032575192,0.0009457393714213502,3.275688882629192e-07,1.488569865874565e-07,0.0004674331161219015,0.0002052948827379742,8.767603081070251e-11,2.8221625420831537e-11,4.070547282378578e-06,1.2788310244930952e-06,1.1742400333091087e-10,3.689072944314307e-11,1.9588578941719574e-19,1.8469276249433762e-19,5.7869298928753765e-18,5.089966912536196e-18,1.4862313237799226e-14,1.2249959482979248e-14,2.3586712410678734e-09,1.829023719222642e-09,1.1830754302609683e-12,5.383654390342801e-13,1.3198972996566545e-15,5.80930408681829e-16,1.296312886411581e-23,3.721318808286074e-24,1.6297585858828526e-15,4.890287370633402e-16,1.135225504333134e-18,4.834108922192253e-19,6.941909586704792e-18,3.5236853298902425e-18,5.964281769473448e-10,2.914529495703037e-10,6.830977497145312e-16,3.2180283097412603e-16,4.790251624770792e-18,1.541761268647948e-18,7.200571564108643e-20,2.21023354903072e-20,1.516604893675084e-14,4.655256859515413e-15,6.144291177034144e-11,1.886005627967871e-11,3.457244637872486e-17,1.0866686693290431e-17,0.010328643882716607,0.004869229608729625,9.999999999998291e-31,3.3057902242460767e-31,1.5892388058066377e-09,4.870962886670568e-10,2.213705709126469e-06,6.629837979203597e-07,2.248134627000505e-10,6.897499496701338e-11,2.5111026868969895e-13,7.528025097977904e-14
0.889,1215.1038051249884,5.444469070152284,0.2582188371764263,3.401348955405085,0.06883166706412241,0.4509035114094161,1.1019082211826412e-07,1.4436793626378261e-06,4.3232925846256815e-14,3.568680326661031e-14,1.2827309376157948e-14,5.294178651877302e-15,1.6641902457806693e-08,1.2922933740397823e-08,0.20079373614383111,0.1471979464796771,9.153401475438633e-17,3.662481781729093e-17,3.893803499312461e-14,1.5118272909999956e-14,9.645904566198296e-19,1.0605951845900752e-18,3.511956596124449e-16,3.5625204825658633e-16,2.954849415880789e-11,2.7819954382239427e-11,6.330519870840479e-13,5.960194555976911e-13,1.2457257998443138e-05,1.0942205927672173e-05,0.20550770525549353,0.1691719609558149,0.425787824969053,0.20075482280896478,0.0859958864538977,0.025806079707525076,5.490049256348625e-08,2.4985878378649145e-08,4.90475053939104e-06,2.1572739562201062e-06,2.458186296824386e-10,1.0460751724737006e-10,2.1840883896239144e-12,9.29433477773904e-13,6.782704944347824e-07,2.7955622426321e-07,1.374093667155551e-12,7.250055740612198e-13,0.0002552528957034667,0.00012946396749056302,2.858843006568466e-08,1.3959604692690439e-08,0.0020071600138443116,0.0009448721772909559,3.27206737037608e-07,1.4869028561902819e-07,0.0004672598180123218,0.00020521583285247982,8.755411239275601e-11,2.8181978203093366e-11,4.068188940700715e-06,1.278071814016632e-06,1.1730240629125573e-10,3.6852000087134215e-11,1.9540090672913235e-19,1.8423294868545606e-19,5.778479935001137e-18,5.0824618821101825e-18,1.485021188096933e-14,1.2239809952701788e-14,2.3587896275768026e-09,1.829089335228071e-09,1.1820735319861662e-12,5.37901818378776e-13,1.3177893201031783e-15,5.799943136655956e-16,1.2932331607400317e-23,3.7124247060138566e-24,1.627693171349457e-15,4.88401992223941e-16,1.1334581192743174e-18,4.826513800933801e-19,6.932557111527705e-18,3.51888767252737e-18,5.96274772162056e-10,2.9137381468727836e-10,6.826659169131864e-16,3.2159479324069754e-16,4.780694887849134e-18,1.5386633669043338e-18,7.184730476419495e-20,2.205339514272944e-20,1.515576831563543e-14,4.652034595498612e-15,6.142735846820483e-11,1.8855012214021328e-11,3.45323302799964e-17,1.085392215406381e-17,0.010328643882704783,0.004869159898706345,9.999999999998275e-31,3.3057428971094235e-31,1.586975152918335e-09,4.863955232054835e-10,2.2121929023786877e-06,6.62521241613524e-07,2.246341945125347e-10,6.891900702442922e-11,2.5059866595593116e-13,7.512580224357462e-14
0.89,1215.0395467096646,5.444626344688093,0.25821137821686085,3.4052217514333067,0.06883499211953314,0.4509188489357348,1.1010790855481653e-07,1.4425724433306072e-06,4.315334011786384e-14,3.56205998162605e-14,1.2802687404028757e-14,5.283940980536109e-15,1.6623939390846606e-08,1.2908800397185403e-08,0.20078197105593198,0.14718721820196737,9.13562690097563e-17,3.6553175348672094e-17,3.888294312011305e-14,1.5096666914853652e-14,9.618086760496266e-19,1.0575214226258969e-18,3.5034048798330643e-16,3.553794852766037e-16,2.9497519239365794e-11,2.777156451760648e-11,6.3187942809747e-13,5.949069873421147e-13,1.2446814989018618e-05,1.0932876750395359e-05,0.2055010228969873,0.16916404249875167,0.42580253532324197,0.20075888945703824,0.08599870204575424,0.025806555810748633,5.4874578833130004e-08,2.497372781499537e-08,4.9048975779547775e-06,2.1573077976026795e-06,2.455856526370907e-10,1.0450688087729671e-10,2.1815278070285664e-12,9.283305608921076e-13,6.778653691862517e-07,2.793852548592183e-07,1.370259445154219e-12,7.229722120032202e-13,0.00025484758344677385,0.0001292565463253227,2.853712060790747e-08,1.3934351367615314e-08,0.0020053499314350944,0.0009440065883049637,3.2684530479555346e-07,1.4852391984864746e-07,0.0004670867664585521,0.00020513689863380406,8.743246319832777e-11,2.8142419479587496e-11,4.065833984039691e-06,1.2773137205890975e-06,1.1718103487497396e-10,3.681334364024359e-11,1.949176160458627e-19,1.8377465362286074e-19,5.7700492350454124e-18,5.074974131300214e-18,1.483812922020665e-14,1.2229676427690135e-14,2.3589078096293996e-09,1.8291548364692708e-09,1.1810732393786883e-12,5.374389550595777e-13,1.315686579565848e-15,5.790605657032552e-16,1.2901634785708009e-23,3.703559781846523e-24,1.6256321044528644e-15,4.877765820280465e-16,1.1316950292114485e-18,4.818937306196027e-19,6.923225552190691e-18,3.514100856735915e-18,5.961216103948795e-10,2.912948080914698e-10,6.822347778074919e-16,3.213870962716673e-16,4.771164945466763e-18,1.5355742158691938e-18,7.168939053401434e-20,2.2004609188252356e-20,1.5145505357687014e-14,4.6488179613740545e-15,6.141182854121949e-11,1.88499759381317e-11,3.449229662868524e-17,1.0841184164741862e-17,0.010328643882692994,0.004869090312209556,9.999999999998282e-31,3.3056956538366833e-31,1.5847167786367296e-09,4.856964077600111e-10,2.210682692210925e-06,6.620594927042946e-07,2.244552151678936e-10,6.886311102102764e-11,2.5008855476782373e-13,7.497180693798119e-14
0.891,1214.9753435275838,5.444783568487309,0.25820392209424853,3.409094659295779,0.06883831167906229,0.4509341612479951,1.1002511830292779e-07,1.441467207082381e-06,4.30739649938468e-14,3.555457298257389e-14,1.2778133460816963e-14,5.273731809674207e-15,1.6606010531054096e-08,1.289469434106842e-08,0.20077022407754996,0.1471765071701371,9.117901777026248e-17,3.648173369291439e-17,3.8827976723139573e-14,1.507511062909169e-14,9.59037129745404e-19,1.0544590273173218e-18,3.4948807766501194e-16,3.545097570488327e-16,2.944667346603544e-11,2.772329831401267e-11,6.307099798972069e-13,5.937974943921347e-13,1.2436389338013453e-05,1.0923563358555464e-05,0.20549435193404486,0.16915613785952788,0.4258172155723271,0.2007629467929195,0.08600151916583763,0.02580703300140308,5.48486940673929e-08,2.4961591401809644e-08,4.905044442564131e-06,2.1573416152152132e-06,2.4535316154038727e-10,1.0440645677112345e-10,2.178973013133642e-12,9.272301619139068e-13,6.774610009357219e-07,2.792146092884801e-07,1.3664391208144028e-12,7.209462585487057e-13,0.00025444326943772433,0.00012904964059680816,2.8485947044796255e-08,1.3909165465467569e-08,0.002003543147363545,0.0009431426001891563,3.264845894797404e-07,1.4835788830515852e-07,0.00046691396104268614,0.0002050580798742746,8.731108233343989e-11,2.810294895399348e-11,4.063482403153579e-06,1.2765567411198565e-06,1.1705988839262078e-10,3.677475987747996e-11,1.9443591050877783e-19,1.8331787072883385e-19,5.761637727698482e-18,5.067503601035388e-18,1.4826065204835932e-14,1.2219558863942417e-14,2.35902578778151e-09,1.8292202232687204e-09,1.1800745479678065e-12,5.369768469404693e-13,1.3135890600575437e-15,5.781291566704719e-16,1.2871037972816571e-23,3.694723911280091e-24,1.623575374131657e-15,4.871525030211173e-16,1.129936218851498e-18,4.811379371182507e-19,6.913914838339596e-18,3.509324845755617e-18,5.959686910364167e-10,2.9121592945484126e-10,6.8180433050950925e-16,3.211797391267354e-16,4.76166169399735e-18,1.5324937814857815e-18,7.153197092610497e-20,2.1955976993802825e-20,1.5135260010276084e-14,4.6456069402048616e-15,6.139632192771086e-11,1.884494743114907e-11,3.4452345159048503e-17,1.0828472639008116e-17,0.010328643882681244,0.0048690208489137144,9.99999999999827e-31,3.305648494206824e-31,1.5824636657676871e-09,4.84998936906451e-10,2.2091750725936673e-06,6.615985492749685e-07,2.2427652386544967e-10,6.880730669858431e-11,2.495799293283899e-13,7.481826328938501e-14
0.892,1214.9111954440177,5.444940741663999,0.25819646880272623,3.4129676789564933,0.06884162575655323,0.450949448410682,1.0994245102827514e-07,1.4403636492678148e-06,4.299479969277881e-14,3.5488722105819504e-14,1.2753647285027616e-14,5.263551029056226e-15,1.6588115772869005e-08,1.2880615487046718e-08,0.20075849516119393,0.14716581333856038,9.100225912707289e-17,3.641049207005946e-17,3.8773135371739934e-14,1.5053603880901012e-14,9.562757700243566e-19,1.0514079454565294e-18,3.4863841697135474e-16,3.536428515107582e-16,2.9395956372462694e-11,2.7675155321762414e-11,6.295436309362926e-13,5.926909656291804e-13,1.2425980995309117e-05,1.0914265706072305e-05,0.20548769234048872,0.16914824700475373,0.42583186579477694,0.20076699484165325,0.0860043378105181,0.025807511276761896,5.482283819600531e-08,2.494946910402843e-08,4.905191133417283e-06,2.157375409012452e-06,2.4512115476920653e-10,1.0430624421500646e-10,2.176423987833064e-12,9.261322720352679e-13,6.77057387417034e-07,2.790442865728249e-07,1.3626326284434472e-12,7.189276785244171e-13,0.00025403994986623245,0.00012884324832699947,2.8434908861522577e-08,1.3884046729228007e-08,0.0020017396512231104,0.000942280207852428,3.2612458876781274e-07,1.4819218989723125e-07,0.0004667414010418406,0.0002049793762326761,8.718996890219039e-11,2.806356632945907e-11,4.061134188700793e-06,1.2758008724896485e-06,1.1693896615942758e-10,3.673624857541661e-11,1.9395578332072526e-19,1.8286259348462664e-19,5.7532453480410155e-18,5.06005023260454e-18,1.481401978395539e-14,1.2209457217298097e-14,2.3591435625872844e-09,1.8292854959506064e-09,1.1790774532641767e-12,5.365154918780207e-13,1.3114967417323067e-15,5.772000776268452e-16,1.2840540726066183e-23,3.685916965112079e-24,1.6215229638386846e-15,4.865297501040227e-16,1.1281816729711555e-18,4.803839929410307e-19,6.9046248999068835e-18,3.5045596029825405e-18,5.958160134788842e-10,2.9113717845069267e-10,6.813745730808019e-16,3.2097272084251145e-16,4.752185030749341e-18,1.529422030004809e-18,7.137504376438976e-20,2.1907497879873444e-20,1.5125032221640745e-14,4.6424015153308976e-15,6.138083856628304e-11,1.8839926672333532e-11,3.441247560571011e-17,1.081578749069175e-17,0.010328643882669505,0.004868951508501498,9.999999999998277e-31,3.305601418004433e-31,1.5802157956942373e-09,4.84303104786096e-10,2.207670035434965e-06,6.61138408791659e-07,2.240981197775186e-10,6.875159379074776e-11,2.4907278366996223e-13,7.466516947334102e-14
0.893,1214.847102326099,5.445097864328105,0.2581890183366278,3.41684081037952,0.06884493436574005,0.4509647104877631,1.0985990639456565e-07,1.4392617652372277e-06,4.291584343476866e-14,3.5423046527630856e-14,1.2729228616962275e-14,5.253398529203758e-15,1.657025501076341e-08,1.2866563750163607e-08,0.20074678425929926,0.14715513666163385,9.082599117844409e-17,3.633944970309425e-17,3.871841863485298e-14,1.5032146498266442e-14,9.535245494453612e-19,1.0483681241073974e-18,3.477914942795504e-16,3.5277875666568815e-16,2.9345367493897086e-11,2.7627135092738928e-11,6.283803696954342e-13,5.915873899623645e-13,1.2415589910676702e-05,1.0904983746781136e-05,0.20548104409101692,0.1691403699018449,0.42584648606845704,0.20077103362808935,0.08600715797672985,0.02580799063428001,5.479701114698526e-08,2.493736088582771e-08,4.905337650695664e-06,2.157409178942771e-06,2.4488963069417237e-10,1.0420624249258654e-10,2.17388071099654e-12,9.250368824434371e-13,6.766545263548779e-07,2.788742857305877e-07,1.3588399028456516e-12,7.169164370232333e-13,0.00025363762096699915,0.00012863736756089236,2.838400553677254e-08,1.3858994898748238e-08,0.0019999394320223914,0.0009414194059295557,3.257653002444155e-07,1.4802682349149973e-07,0.00046656908561879635,0.00020490078731773276,8.706912200905379e-11,2.8024271309306196e-11,4.058789331322046e-06,1.2750461115747813e-06,1.1681826749331163e-10,3.6697809511520886e-11,1.9347722772260796e-19,1.824088154081645e-19,5.7448720313631474e-18,5.052613967490869e-18,1.4801992906456598e-14,1.2199371443439453e-14,2.359261134599069e-09,1.829350654838516e-09,1.1780819507635841e-12,5.360548877226359e-13,1.309409605675477e-15,5.762733200432006e-16,1.2810142613626523e-23,3.677138817264216e-24,1.6194748586286678e-15,4.859083186591312e-16,1.1264313764116309e-18,4.796318914681899e-19,6.895355666979226e-18,3.499805091897542e-18,5.956635771162906e-10,2.910585547533929e-10,6.80945503564234e-16,3.207660404471037e-16,4.7427348535122624e-18,1.5263589278365205e-18,7.121860695018428e-20,2.1859171190794944e-20,1.5114821940337646e-14,4.639201670194549e-15,6.136537839570672e-11,1.8834913641008698e-11,3.437268770351826e-17,1.0803128633709487e-17,0.01032864388265784,0.004868882290657947,9.999999999998274e-31,3.305554425015651e-31,1.5779731493336759e-09,4.836089053984817e-10,2.2061675719086782e-06,6.606790685013005e-07,2.2392000206750138e-10,6.869597202850652e-11,2.4856711176347975e-13,7.451252364724476e-14
0.894,1214.7830640308139,5.445254936616777,0.25818157068899833,3.4207140535290264,0.06884823752083291,0.4509799475454804,1.0977748407614045e-07,1.4381615504783861e-06,4.283709544843856e-14,3.535754559668312e-14,1.2704877196213089e-14,5.243274200348918e-15,1.6552428140403423e-08,1.2852539046378179e-08,0.20073509132536205,0.14714447709426767,9.065021203298076e-17,3.6268605819170556e-17,3.866382609162618e-14,1.5010738313130946e-14,9.507834207995846e-19,1.0453395105927128e-18,3.469472979673079e-16,3.5191746051809823e-16,2.929490636768414e-11,2.757923718080352e-11,6.272201847602273e-13,5.904867563998021e-13,1.240521603476717e-05,1.0895717435277183e-05,0.20547440715558882,0.1691325065140099,0.4258610764720549,0.20077506317709065,0.08600997965946519,0.0258084710707822,5.477121285563542e-08,2.4925266714659706e-08,4.905483994652625e-06,2.1574429249821806e-06,2.4465858773777676e-10,1.0410645090948023e-10,2.1713431629344307e-12,9.239439845126074e-13,6.762524155356513e-07,2.7870460580516665e-07,1.355060883513406e-12,7.149125016136702e-13,0.000253236279795523,0.00012843199675976216,2.8333236598121326e-08,1.3834009737755974e-08,0.0019981424817469996,0.0009405601904556673,3.2540672196350704e-07,1.4786178816773185e-07,0.0004663970144554809,0.00020482231296583726,8.694854077412056e-11,2.7985063601870984e-11,4.056447821928968e-06,1.2742924553348462e-06,1.166977917131674e-10,3.665944246353247e-11,1.9300023695964068e-19,1.8195653002180735e-19,5.736517713228715e-18,5.04519474741671e-18,1.4789984522411992e-14,1.2189301499006879e-14,2.359378504366073e-09,1.8294157002501758e-09,1.1770880360617517e-12,5.355950323695524e-13,1.3073276346465537e-15,5.753488761271536e-16,1.2779843220926925e-23,3.668389346619405e-24,1.6174310489325282e-15,4.85288205681585e-16,1.1246853140986035e-18,4.788816261158972e-19,6.8861070701758554e-18,3.495061276250188e-18,5.955113813460963e-10,2.9098005803851703e-10,6.805171201121794e-16,3.2055969701977055e-16,4.7333110600936736e-18,1.5233044413981152e-18,7.106265853279542e-20,2.1810996316352292e-20,1.5104629114201733e-14,4.636007388010706e-15,6.134994135503834e-11,1.8829908316554685e-11,3.4332981190560404e-17,1.0790495982988192e-17,0.010328643882646161,0.004868813195059101,9.999999999998256e-31,3.3055075150205616e-31,1.5757357101902525e-09,4.829163335358349e-10,2.2046676767014202e-06,6.602205267019444e-07,2.2374216995391668e-10,6.864044115967438e-11,2.480629079628513e-13,7.436032408336463e-14
0.895,1214.719080431295,5.445411958626358,0.2581741258548197,3.424587408369249,0.06885153523520579,0.4509951596460877,1.0969518373702863e-07,1.4370630003495311e-06,4.2758554960883575e-14,3.5292218660588145e-14,1.2680592766406322e-14,5.233177934419096e-15,1.6534635057141896e-08,1.2838541291461411e-08,0.20072341631189236,0.1471338345911467,9.047491980997504e-17,3.619795964992815e-17,3.860935731259506e-14,1.4989379154166272e-14,9.480523372453079e-19,1.0423220526477848e-18,3.461058165719275e-16,3.5105895123682575e-16,2.924457253420178e-11,2.7531461142819665e-11,6.260630647221641e-13,5.893890539584635e-13,1.2394859317672614e-05,1.088646672570832e-05,0.20546778151120695,0.1691246568108236,0.42587563708250475,0.20077908351335755,0.0860128028562988,0.025808952583954138,5.474544324823208e-08,2.4913186553958882e-08,4.9056301654439055e-06,2.1574766470709286e-06,2.4442802427225983e-10,1.040068687503636e-10,2.168811323613513e-12,9.22853569474984e-13,6.758510526907298e-07,2.785352458183561e-07,1.3512955032072809e-12,7.129158363184876e-13,0.0002528359220980827,0.0001282271337215487,2.8282601510303586e-08,1.3809090979372487e-08,0.0019963487883570283,0.0009397025555748445,3.250488513568052e-07,1.4769708272359437e-07,0.0004662251865266041,0.00020474395270353367,8.682822430665601e-11,2.7945942912138027e-11,4.054109651150004e-06,1.2735399006452435e-06,1.1657753814415138e-10,3.662114721131314e-11,1.9252480436347134e-19,1.8150573093071109e-19,5.728182329615388e-18,5.0377925144928625e-18,1.4777994580932786e-14,1.2179247339896498e-14,2.359495672436706e-09,1.8294806325087245e-09,1.1760957046743693e-12,5.351359236797209e-13,1.3052508080394952e-15,5.744267366081162e-16,1.2749642102664611e-23,3.659668423264742e-24,1.6153915150429804e-15,4.846694051268771e-16,1.1229434710152762e-18,4.781331903272435e-19,6.87687904024584e-18,3.490328119872425e-18,5.953594255662719e-10,2.909016879829147e-10,6.800894207476345e-16,3.2035368958004896e-16,4.723913549630148e-18,1.520258537543527e-18,7.090719628169279e-20,2.1762972560584246e-20,1.5094453692671092e-14,4.632818652504309e-15,6.133452738354327e-11,1.8824910678481966e-11,3.429335580372405e-17,1.0777889453125409e-17,0.010328643882634544,0.004868744221397318,9.999999999998261e-31,3.305460687810291e-31,1.57350345840264e-09,4.822253829612674e-10,2.2031703397279753e-06,6.597627802651954e-07,2.2356462258803364e-10,6.858500091170458e-11,2.475601661820957e-13,7.420856892255819e-14
0.896,1214.655151388642,5.445568930484881,0.25816668382757235,3.428460874864515,0.06885482752282483,0.45101034685467284,1.0961300504968712e-07,1.435966110316798e-06,4.268022120544614e-14,3.522706507211216e-14,1.2656375070497442e-14,5.223109623065637e-15,1.651687565705009e-08,1.2824570401724871e-08,0.20071175917233466,0.14712320910731105,9.030011263473797e-17,3.612751042942214e-17,3.8555011877118604e-14,1.4968068853457575e-14,9.453312520937074e-19,1.0393156981789871e-18,3.4526703860678386e-16,3.5020321696693066e-16,2.919436553469715e-11,2.748380653646098e-11,6.249089982446975e-13,5.882942717230407e-13,1.2384519710059873e-05,1.0877231572709448e-05,0.20546116712957535,0.16911682075711743,0.4258901679774168,0.2007830946614452,0.08601562756313091,0.025809435170920155,5.471970225761554e-08,2.4901120370096797e-08,4.905776163294985e-06,2.1575103451749824e-06,2.441979387148109e-10,1.0390749531889662e-10,2.1662851733646664e-12,9.217656287167179e-13,6.754504355995855e-07,2.7836620481127833e-07,1.3475437014231619e-12,7.109264087157841e-13,0.0002524365448339,0.00012802277685929043,2.8232099789522894e-08,1.3784238381848044e-08,0.001994558342844111,0.0009388464968567506,3.2469168632523773e-07,1.475327061697719e-07,0.000466053601324435,0.0002046657062842439,8.670817172949508e-11,2.79069089494345e-11,4.051774809879734e-06,1.2727884444625813e-06,1.1645750611105176e-10,3.6582923534557644e-11,1.920509232589079e-19,1.810564117338609e-19,5.7198658166040994e-18,5.030407210917018e-18,1.4766023031965054e-14,1.2169208922671876e-14,2.3596126393564717e-09,1.8295454519308064e-09,1.1751049521901058e-12,5.346775595464167e-13,1.3031791092135303e-15,5.735068939603262e-16,1.2719538853318451e-23,3.6509759287114766e-24,1.613356247771349e-15,4.840519141059556e-16,1.121205832221064e-18,4.773865775775012e-19,6.867671508257652e-18,3.485605586755105e-18,5.952077091779749e-10,2.908234442643824e-10,6.796624035967324e-16,3.2014801719547883e-16,4.714542221008617e-18,1.5172211830467693e-18,7.07522182989662e-20,2.1715099329640362e-20,1.508429562426109e-14,4.629635447109014e-15,6.131913642065727e-11,1.881992070631369e-11,3.425381128222508e-17,1.0765308959437574e-17,0.010328643882622973,0.004868675369353814,9.99999999999826e-31,3.305413943168408e-31,1.5712763767104735e-09,4.815360482346445e-10,2.201675554441793e-06,6.593058271212302e-07,2.2338735917499962e-10,6.852965102846421e-11,2.4705888069091044e-13,7.405725641233817e-14
0.897,1214.59127676358,5.445725852322857,0.258159244600621,3.4323344529792443,0.06885811439761308,0.45102550923610896,1.0953094769385651e-07,1.4348708759427694e-06,4.2602093423728657e-14,3.516208419092374e-14,1.2632223851854313e-14,5.21306915812379e-15,1.6499149837528198e-08,1.2810626294526448e-08,0.20070011986078584,0.1471126005983126,9.012578864785911e-17,3.6057257397916784e-17,3.8500789370999495e-14,1.4946807245616285e-14,9.426201190134487e-19,1.0363203954912509e-18,3.444309526589845e-16,3.4935024592961765e-16,2.914428491418313e-11,2.743627292300595e-11,6.237579741058998e-13,5.872023988875562e-13,1.2374197163430429e-05,1.0868011931657626e-05,0.2054545639817003,0.16910899831718426,0.42590466923470444,0.2007870966460829,0.08601845377482825,0.025809918828499107,5.469398982012997e-08,2.488906813105086e-08,4.90592198845764e-06,2.157544019272238e-06,2.4396832951346657e-10,1.0380832993197824e-10,2.1637646928247724e-12,9.206801537554533e-13,6.750505620864051e-07,2.7819748184367564e-07,1.3438054165906944e-12,7.089441858246794e-13,0.0002520381447011475,0.0001278189244538758,2.8181730965631136e-08,1.3759451710128722e-08,0.0019927711371082943,0.0009379920102995005,3.2433522492657007e-07,1.4736865758838336e-07,0.0004658822585125845,0.00020458757353671923,8.658838217578334e-11,2.786796142644999e-11,4.04944328912585e-06,1.2720380837797464e-06,1.1633769494241193e-10,3.654477121417941e-11,1.9157858701087076e-19,1.806085660687839e-19,5.711568110785566e-18,5.023038779343717e-18,1.4754069826439853e-14,1.2159186204717773e-14,2.359729405668148e-09,1.8296101588312167e-09,1.174115774278326e-12,5.342199379000698e-13,1.30111251886466e-15,5.725893394870947e-16,1.2689533042376307e-23,3.642311737311362e-24,1.6113252327459254e-15,4.834357281753342e-16,1.119472382858344e-18,4.766417813781765e-19,6.8584844059465394e-18,3.480893641232898e-18,5.950562315852662e-10,2.907453265622427e-10,6.792360668345272e-16,3.199426789568542e-16,4.7051969738184886e-18,1.5141923449120961e-18,7.059772247840009e-20,2.1667375965810248e-20,1.5074154857671894e-14,4.6264577553185636e-15,6.130376840622676e-11,1.881493837970589e-11,3.421434736832539e-17,1.075275441821211e-17,0.010328643882611413,0.004868606638610695,9.999999999998237e-31,3.305367280879095e-31,1.5690544487154386e-09,4.808483241808194e-10,2.200183315411087e-06,6.588496655345085e-07,2.23210378941262e-10,6.847439126040842e-11,2.4655904593707585e-13,7.390638485381366e-14
0.898,1214.5274564298857,5.445882724237426,0.2581518081689138,3.436208142677926,0.06886139587282877,0.45104064685208384,1.0944901133542895e-07,1.4337772926131368e-06,4.2524170852226724e-14,3.509727537264642e-14,1.2608138858183021e-14,5.203056433245444e-15,1.6481457494908196e-08,1.2796708886440255e-08,0.20068849833030444,0.14710200901933465,8.995194599358291e-17,3.5987199797322336e-17,3.8446689369313556e-14,1.4925594161150472e-14,9.399188919121555e-19,1.0333360931602236e-18,3.4359754743507497e-16,3.4850002646943333e-16,2.909433021875986e-11,2.738885986488291e-11,6.22609981037173e-13,5.861134246049468e-13,1.2363891628237285e-05,1.0858807757044615e-05,0.2054479720447182,0.16910118946081085,0.42591914093047517,0.20079108949167032,0.08602128148894589,0.025810403554384288,5.4668305861966725e-08,2.48770298002504e-08,4.906067641083697e-06,2.1575776693022723e-06,2.437391950552358e-10,1.0370937188090629e-10,2.1612498621674627e-12,9.19597135915248e-13,6.746514298990535e-07,2.7802907594470775e-07,1.340080583743418e-12,7.069691328779287e-13,0.0002516407177232704,0.00012761557444457286,2.813149451026252e-08,1.3734730700801983e-08,0.0019909871591303648,0.0009371390900595761,3.239794645996115e-07,1.4720493578084254e-07,0.00046571115704702843,0.0002045095539795458,8.646885476489962e-11,2.7829100051555043e-11,4.0471150796187465e-06,1.2712888155063677e-06,1.1621810397147444e-10,3.650669003269606e-11,1.9110778905269466e-19,1.8016218763866405e-19,5.703289148897776e-18,5.0156871625777264e-18,1.474213491376983e-14,1.214917914220666e-14,2.3598459719138357e-09,1.8296747535289661e-09,1.1731281664849267e-12,5.337630566166721e-13,1.299051018330465e-15,5.716740647766295e-16,1.2659624248055379e-23,3.633675725944686e-24,1.6092984535414013e-15,4.828208422772682e-16,1.1177431081197527e-18,4.75898795264242e-19,6.849317664837827e-18,3.4761922475477954e-18,5.949049921925932e-10,2.906673345568238e-10,6.788104084970533e-16,3.1973767389047583e-16,4.695877708541223e-18,1.511171990438671e-18,7.044370675806248e-20,2.161980182510242e-20,1.5064031342894082e-14,4.62328556103738e-15,6.128842328020517e-11,1.880996367840019e-11,3.417496380167439e-17,1.074022574495524e-17,0.010328643882599907,0.004868538028862895,9.99999999999824e-31,3.305320700735241e-31,1.5668376546985892e-09,4.801622046089864e-10,2.1986936124933475e-06,6.583942923609272e-07,2.2303368104498974e-10,6.841922133726717e-11,2.4606065588876995e-13,7.37559524047264e-14
0.899,1214.46369025287,5.446039546348509,0.2581443745263204,3.4400819439251347,0.06886467196214067,0.45105575976627266,1.0936719565000205e-07,1.432685355839305e-06,4.244645273549085e-14,3.503263797957543e-14,1.2584119836458458e-14,5.193071341785294e-15,1.6463798526663004e-08,1.278281809491869e-08,0.20067689453474935,0.14709143432592953,8.977858282679537e-17,3.591733687383977e-17,3.8392711456321884e-14,1.4904429434133007e-14,9.372275249368538e-19,1.0303627400284082e-18,3.4276681165197115e-16,3.47652546942178e-16,2.9044500996715467e-11,2.7341566926591856e-11,6.21465007871147e-13,5.85027338123848e-13,1.2353603055761908e-05,1.0849619004080236e-05,0.20544139129173383,0.16909339415421248,0.4259335831413471,0.20079507322253667,0.08602411070165754,0.025810889345815154,5.464265031575659e-08,2.4865005344023927e-08,4.90621312138713e-06,2.1576112952286797e-06,2.43510533773824e-10,1.0361062047678303e-10,2.158740661968595e-12,9.185165666910076e-13,6.74253036841813e-07,2.7786098616650074e-07,1.3363691417003284e-12,7.050012171077169e-13,0.00025124426057911115,0.00012741272510306343,2.8081389937223745e-08,1.3710075111054512e-08,0.001989206399469419,0.0009362877315063609,3.236244031907132e-07,1.4704153973366362e-07,0.0004655402963344414,0.00020443164732897366,8.634958863019039e-11,2.7790324537611442e-11,4.044790172315952e-06,1.270540636621992e-06,1.160987325322779e-10,3.646867977285136e-11,1.906385228263167e-19,1.797172701551988e-19,5.695028867960702e-18,5.0083523036716085e-18,1.4730218244464444e-14,1.2139187692203488e-14,2.359962338632894e-09,1.8297392363380864e-09,1.1721421244485857e-12,5.333069136139522e-13,1.2969945896896712e-15,5.707610617434471e-16,1.2629812056621173e-23,3.6250677738094285e-24,1.6072758978839505e-15,4.822072525994081e-16,1.1160179932722895e-18,4.751576128024143e-19,6.8401712169793254e-18,3.471501370206351e-18,5.947539904073952e-10,2.9058946792952654e-10,6.783854267168828e-16,3.195330010677802e-16,4.6865843257652664e-18,1.5081600869615988e-18,7.029016914645821e-20,2.1572376285179515e-20,1.5053925029328523e-14,4.620118847984312e-15,6.127310098275394e-11,1.8804996582176728e-11,3.4135660324940784e-17,1.0727722856117223e-17,0.01032864388258844,0.004868469539797924,9.999999999998242e-31,3.305274202524687e-31,1.5646259771876522e-09,4.794776840168476e-10,2.197206438591994e-06,6.579397053678627e-07,2.2285726469197972e-10,6.836414100331802e-11,2.4556370485426604e-13,7.360595732485146e-14
0.9,1214.3999781030634,5.446196318763269,0.2581369436673167,3.443955856685521,0.06886794267894196,0.4510708480410477,1.0928550031025457e-07,1.4315950610968376e-06,4.236893831958024e-14,3.496817137536805e-14,1.2560166535945334e-14,5.183113778061393e-15,1.6446172830362332e-08,1.2768953837515819e-08,0.2006653084276966,0.14708087647361726,8.960569731129338e-17,3.5847667877364107e-17,3.833885521449706e-14,1.4883312897981086e-14,9.345459725127877e-19,1.02740028525056e-18,3.4193873411341685e-16,3.4680779579337833e-16,2.8994796798532295e-11,2.7294393674783283e-11,6.203230434722041e-13,5.839441287247476e-13,1.2343331397177373e-05,1.0840445627898516e-05,0.2054348216980934,0.16908561236564737,0.4259479959430896,0.20079904786283584,0.08602694141014999,0.025811376200364677,5.4617023111212345e-08,2.4852994727407363e-08,4.906358429549013e-06,2.1576448970030332e-06,2.4328234408986037e-10,1.0351207502535848e-10,2.1562370727365447e-12,9.17438437551075e-13,6.738553807039613e-07,2.776932115554547e-07,1.3326710277229285e-12,7.030404049287654e-13,0.00025084876960628324,0.00012721037452835115,2.8031416742034043e-08,1.3685484689189658e-08,0.0019874288474107057,0.000935437929411433,3.232700383503577e-07,1.4687846834467973e-07,0.00046536967555230375,0.0002043538532008932,8.623058290378635e-11,2.7751634597159654e-11,4.042468558109311e-06,1.2697935440874938e-06,1.1597957996269087e-10,3.643074021866563e-11,1.9017078182309998e-19,1.7927380737756184e-19,5.686787205289857e-18,5.001034145951e-18,1.4718319768783864e-14,1.2129211811588768e-14,2.3600785063631625e-09,1.8298036075734632e-09,1.1711576437885401e-12,5.328515068017385e-13,1.2949432146208947e-15,5.698503221276558e-16,1.2600096052146695e-23,3.6164877594914405e-24,1.6052575510837983e-15,4.815949546056987e-16,1.114297023649053e-18,4.744182275889025e-19,6.831044994622663e-18,3.4668209738272045e-18,5.946032256385522e-10,2.905117263628416e-10,6.779611195880593e-16,3.1932865954257146e-16,4.677316726786584e-18,1.5051566020492014e-18,7.013710762012586e-20,2.152509871398681e-20,1.504383586698676e-14,4.61695760007339e-15,6.125780145420144e-11,1.8800037070891758e-11,3.409643668096827e-17,1.07152456682271e-17,0.010328643882576993,0.004868401171108874,9.999999999998225e-31,3.3052277860390695e-31,1.5624193976747135e-09,4.78794756585997e-10,2.1957217850805797e-06,6.574859018656917e-07,2.2268112906832109e-10,6.830914999691196e-11,2.45068187012181e-13,7.345639783538373e-14
0.901,1214.3363198416673,5.446353041614155,0.2581295155851815,3.4478298809238304,0.06887120803705023,0.45108591174080437,1.0920392500009427e-07,1.4305064040067848e-06,4.229162685960177e-14,3.490387493116744e-14,1.2536278705013322e-14,5.17318363602628e-15,1.642858030491094e-08,1.2755116032813034e-08,0.20065373996382663,0.1470703354184915,8.943328762221609e-17,3.577819206235616e-17,3.828512023675549e-14,1.4862244390163143e-14,9.31874189313127e-19,1.024448678257469e-18,3.4111330363120177e-16,3.4596576147740336e-16,2.8945217177118814e-11,2.724733967839977e-11,6.1918407681777e-13,5.828637857948693e-13,1.233307660462826e-05,1.0831287584475768e-05,0.20542826323468102,0.16907784405942716,0.4259623794123629,0.20080301343680587,0.0860297736095623,0.025811864114948926,5.4591424185481685e-08,2.4840997918785574e-08,4.906503565822215e-06,2.1576784746048994e-06,2.4305462447725926e-10,1.0341373485497621e-10,2.1537390754373895e-12,9.163627401581186e-13,6.734584593403587e-07,2.7752575118467734e-07,1.3289861829278545e-12,7.010866647917572e-13,0.0002504542418124593,0.00012700852115925422,2.798157446700952e-08,1.3660959206364648e-08,0.0019856544951431473,0.000934589679912227,3.2291636818905494e-07,1.4671572072064218e-07,0.00046519929439024706,0.00020427617143580715,8.611183673366096e-11,2.7713029947831016e-11,4.040150228153371e-06,1.2690475349446775e-06,1.1586064560168865e-10,3.639287115447834e-11,1.8970455954180574e-19,1.7883179307227684e-19,5.67856409852181e-18,4.993732633023023e-18,1.470643943827324e-14,1.2119251458289013e-14,2.3601944756393648e-09,1.8298678675444898e-09,1.1701747202316905e-12,5.323968341382985e-13,1.2928968755034805e-15,5.689418379777965e-16,1.2570475826292157e-23,3.60793556376126e-24,1.6032434020565596e-15,4.809839448415227e-16,1.1125801846654686e-18,4.736806332549854e-19,6.821938930611933e-18,3.4621510233286095e-18,5.944526972983998e-10,2.9043410954052253e-10,6.775374853145565e-16,3.1912464842005493e-16,4.668074813005079e-18,1.502161503304548e-18,6.998452022396843e-20,2.147796850048348e-20,1.5033763805242783e-14,4.613801801017814e-15,6.124252463519934e-11,1.879508512447309e-11,3.4057292616086336e-17,1.0702794098903127e-17,0.010328643882565611,0.004868332922480871,9.999999999998223e-31,3.3051814510646145e-31,1.5602179001766667e-09,4.781134172716668e-10,2.1942396467770436e-06,6.570328801954504e-07,2.225052734143463e-10,6.825424807296753e-11,2.4457409692277925e-13,7.330727227198988e-14
0.902,1214.2727153382457,5.446509715012788,0.25812209027418226,3.4517040166048867,0.0688744680498303,0.4511009509277598,1.0912246939721037e-07,1.4294193801120254e-06,4.221451761037757e-14,3.48397480180196e-14,1.2512456095043978e-14,5.163280810896925e-15,1.6411020849020385e-08,1.2741304599276163e-08,0.20064218909741666,0.1470598111166182,8.926135194252458e-17,3.5708908686556494e-17,3.8231506111476325e-14,1.4841223746433953e-14,9.292121302887832e-19,1.0215078687922195e-18,3.4029050911966383e-16,3.451264325544931e-16,2.8895761687451448e-11,2.7200404508432e-11,6.180480968968194e-13,5.817862987346217e-13,1.2322838629897272e-05,1.0822144829496656e-05,0.20542171587610727,0.16907008920323574,0.42597673362482313,0.20080696996856306,0.08603260729631287,0.025812353086913695,5.4565853470470345e-08,2.4829014884208927e-08,4.9066485304051336e-06,2.1577120279936978e-06,2.428273733819966e-10,1.0331559928236799e-10,2.1512466508515645e-12,9.152894660985314e-13,6.730622705735693e-07,2.7735860411459817e-07,1.325314545731242e-12,6.991399637273151e-13,0.0002500606736515939,0.00012680716315423222,2.793186262179907e-08,1.3636498417840986e-08,0.0019838833326586195,0.0009337429781144143,3.2256339047573305e-07,1.4655329581350554e-07,0.00046502915214388305,0.000204198601701607,8.599334926273181e-11,2.7674510305716706e-11,4.037835173468006e-06,1.2683026061958017e-06,1.1574192879284676e-10,3.6355072366170126e-11,1.8923984953906114e-19,1.7839122106140333e-19,5.670359485573923e-18,4.986447708757972e-18,1.4694577203866685e-14,1.2109306589755756e-14,2.3603102469948005e-09,1.8299320165626446e-09,1.1691933494553994e-12,5.319428935606392e-13,1.2908555541065184e-15,5.680356010758782e-16,1.2540950966684237e-23,3.599411066251006e-24,1.6012334361191339e-15,4.803742187740243e-16,1.110867461798798e-18,4.729448234599087e-19,6.812852957899525e-18,3.457491483694559e-18,5.943024048005704e-10,2.90356617147526e-10,6.771145220286519e-16,3.1892096677238097e-16,4.658858486646327e-18,1.4991747586028464e-18,6.983240495161278e-20,2.1430985017998008e-20,1.502370879437644e-14,4.610651434819451e-15,6.122727046663114e-11,1.879014072295643e-11,3.4018227876061975e-17,1.0690368065617199e-17,0.010328643882554247,0.0048682647936076654,9.999999999998223e-31,3.3051351973934114e-31,1.5580214668857832e-09,4.774336604714898e-10,2.1927600158681053e-06,6.565806379117893e-07,2.2232969693431578e-10,6.819943497549944e-11,2.440814289050617e-13,7.315857889834608e-14
0.903,1214.209164466707,5.446666339060133,0.258114667729093,3.4555782636935857,0.06887772273042504,0.4511159656630902,1.0904113317597034e-07,1.4283339849140199e-06,4.213760982764833e-14,3.477579000783673e-14,1.2488698459360235e-14,5.15340519870849e-15,1.6393494361369228e-08,1.2727519455369136e-08,0.20063065578242933,0.14704930352397833,8.908988846256728e-17,3.563981701078084e-17,3.8178012425045203e-14,1.4820250801809618e-14,9.265597506391217e-19,1.0185778068770822e-18,3.394703395695828e-16,3.4428979766397653e-16,2.8846429886266882e-11,2.7153587737605868e-11,6.169150927207916e-13,5.807116569673758e-13,1.2312617424582159e-05,1.0813017318500503e-05,0.2054151795989105,0.16906234776650797,0.4259910586552472,0.20081091748199434,0.08603544246789711,0.025812843113952315,5.454031089514389e-08,2.4817045588420068e-08,4.906793323465034e-06,2.1577455571171744e-06,2.42600589236265e-10,1.0321766761859002e-10,2.1487597796796444e-12,9.142186069266732e-13,6.726668122089116e-07,2.7719176939893904e-07,1.3216560537247333e-12,6.97200268335123e-13,0.00024966806137577597,0.00012660629856972225,2.7882280699994646e-08,1.361210207108303e-08,0.0019821153487817756,0.0009328978185758853,3.222111027973758e-07,1.463911924928436e-07,0.00046485924789374674,0.00020412114357198845,8.587511963218934e-11,2.7636075386415633e-11,4.035523385003189e-06,1.2675587548228652e-06,1.1562342888262e-10,3.631734364059151e-11,1.8877664541544882e-19,1.7795208520926608e-19,5.662173304594602e-18,4.979179317241321e-18,1.4682733016171283e-14,1.2099377163189452e-14,2.3604258209613235e-09,1.8299960549399527e-09,1.1682135271116933e-12,5.314896829950709e-13,1.2888192321436033e-15,5.671316031810299e-16,1.2511521062050891e-23,3.590914146925092e-24,1.599227638060064e-15,4.797657717128805e-16,1.10915884058286e-18,4.722107918882334e-19,6.803787009579752e-18,3.4528423199889197e-18,5.941523475600587e-10,2.90279248869801e-10,6.766922278250945e-16,3.1871761365447315e-16,4.649667650537789e-18,1.4961963360181252e-18,6.968075979198039e-20,2.138414763850277e-20,1.5013670785188568e-14,4.607506485646825e-15,6.121203888950677e-11,1.8785203846437336e-11,3.3979242206610415e-17,1.0677967485846319e-17,0.010328643882542881,0.004868196784187637,9.999999999998228e-31,3.305089024820698e-31,1.5558300790414306e-09,4.767554802922559e-10,2.1912828831225546e-06,6.561291721457681e-07,2.2215439881336982e-10,6.81447104427619e-11,2.435901771537593e-13,7.30103159411464e-14
0.904,1214.1456670901498,5.446822913886239,0.25810724794331075,3.4594526221549167,0.06888097209248248,0.4511309560103882,1.0895991602316972e-07,1.4272502140749799e-06,4.2060902776707646e-14,3.4712000280422e-14,1.2465005550157164e-14,5.143556695032807e-15,1.6376000742052727e-08,1.2713760520642577e-08,0.20061913997398928,0.14703881259712448,8.891889538400643e-17,3.557091630038704e-17,3.8124638775308045e-14,1.4799325395747165e-14,9.239170057999811e-19,1.015658442797351e-18,3.3865278397039564e-16,3.434558454443758e-16,2.8797221332655015e-11,2.7106888940861628e-11,6.157850534191331e-13,5.796398500277122e-13,1.2302412941335996e-05,1.0803905007939174e-05,0.20540865437450395,0.16905461971413566,0.4260053545793835,0.20081485600104834,0.08603827911962675,0.025813334193052692,5.451479639683303e-08,2.4805089999926267e-08,4.906937945250182e-06,2.157779061954469e-06,2.423742705311395e-10,1.0311993919964058e-10,2.1462784431219944e-12,9.131501544088372e-13,6.722720821236192e-07,2.770252461206531e-07,1.3180106489547169e-12,6.95267547566791e-13,0.0002492764020231893,0.00012640592586076445,2.783282824804764e-08,1.358776993936347e-08,0.001980350535632114,0.0009320541974041617,3.2185950326174736e-07,1.462294098646976e-07,0.0004646895813024118,0.00020404379687587865,8.575714700047693e-11,2.759772491106242e-11,4.033214854001966e-06,1.2668159778979467e-06,1.1550514521824069e-10,3.627968476479745e-11,1.8831494077404289e-19,1.7751437938284795e-19,5.654005494042786e-18,4.971927402829159e-18,1.4670906827200533e-14,1.2089463136932886e-14,2.3605411980676513e-09,1.830059982982384e-09,1.1672352489705546e-12,5.310372004208622e-13,1.2867878923236737e-15,5.662298364902605e-16,1.2482185711465213e-23,3.582444688722777e-24,1.5972259971179015e-15,4.791586003024024e-16,1.107454306634501e-18,4.714785322597335e-19,6.7947410193583305e-18,3.448203497583669e-18,5.940025249953503e-10,2.9020200439448924e-10,6.762706009218997e-16,3.1851458817883826e-16,4.640502207534826e-18,1.4932262036341807e-18,6.952958282701197e-20,2.1337455762542034e-20,1.5003649727704774e-14,4.604366937423986e-15,6.119682984513124e-11,1.8780274475068585e-11,3.394033535715467e-17,1.0665592278223084e-17,0.010328643882531591,0.004868128893909755,9.999999999998242e-31,3.3050429331352834e-31,1.5536437207352664e-09,4.760788717145646e-10,2.1898082432198916e-06,6.556784811985026e-07,2.2197937829773336e-10,6.809007423165387e-11,2.431003362891989e-13,7.286248175469998e-14
0.905,1214.082223081351,5.446979439596865,0.258099830911385,3.463327091953943,0.06888421614913905,0.45114592203079773,1.0887881761857587e-07,1.4261680631686888e-06,4.198439572219605e-14,3.464837821518443e-14,1.2441377122750854e-14,5.133735196752128e-15,1.635853989092386e-08,1.2700027714496403e-08,0.20060764162667974,0.14702833829251744,8.874837091646596e-17,3.5502205824075374e-17,3.8071384754781495e-14,1.4778447365685838e-14,9.212838514899473e-19,1.012749727156234e-18,3.37837831421099e-16,3.4262456464724724e-16,2.874813558784788e-11,2.7060307695263026e-11,6.146579681295407e-13,5.785708674604071e-13,1.2292225132398462e-05,1.0794807853930228e-05,0.20540214017858666,0.16904690501488592,0.4260196214718114,0.20081878554952556,0.08604111724839213,0.025813826321728784,5.448930990692211e-08,2.4793148084586007e-08,4.907082395946182e-06,2.1578125424615236e-06,2.421484157254225e-10,1.0302241334808656e-10,2.143802622160985e-12,9.120841002214881e-13,6.718780781575913e-07,2.768590333480067e-07,1.314378270143774e-12,6.933417686252255e-13,0.0002488856919586567,0.0001262060431414106,2.7783504774663537e-08,1.3563501777583399e-08,0.0019785888828128765,0.0009312121095250358,3.2150858958625367e-07,1.4606794685819292e-07,0.00046452015158252003,0.0002039665612451012,8.563943051984872e-11,2.7559458598892942e-11,4.0309095715453544e-06,1.2660742724452984e-06,1.1538707715167301e-10,3.624209552743379e-11,1.8785472927916858e-19,1.7707809750788509e-19,5.645855992669225e-18,4.9646919101515165e-18,1.4659098588281625e-14,1.2079564468794753e-14,2.360656378841259e-09,1.8301238009985985e-09,1.1662585107458856e-12,5.305854437931711e-13,1.2847615163695991e-15,5.653302927688069e-16,1.2452944506344994e-23,3.574002572406081e-24,1.5952284979180237e-15,4.785526998044854e-16,1.105753845629945e-18,4.707480383212024e-19,6.785714921038509e-18,3.443574981911825e-18,5.93852936526003e-10,2.9012488340989765e-10,6.758496394549177e-16,3.183118894200765e-16,4.631362061380545e-18,1.4902643298271952e-18,6.937887205621286e-20,2.129090876547152e-20,1.499364557296005e-14,4.6012327743965036e-15,6.118164327501629e-11,1.8775352589107816e-11,3.3901507076386303e-17,1.0653242361183065e-17,0.010328643882520283,0.004868061122472802,9.999999999998223e-31,3.3049969221326855e-31,1.5514623739689616e-09,4.754038290802323e-10,2.1883360878312697e-06,6.552285624719975e-07,2.2180463459201621e-10,6.803552608648687e-11,2.4261190065456204e-13,7.271507461058822e-14
0.906,1214.0188323103907,5.4471359163054895,0.25809241662750115,3.46720167305581,0.06888745491365,0.45116086378603887,1.0879783764490151e-07,1.4250875278076433e-06,4.190808793282538e-14,3.458492319495225e-14,1.2417812933143216e-14,5.123940601041502e-15,1.634111170831135e-08,1.2686320956706033e-08,0.20059616069540304,0.14701788056679663,8.857831327750359e-17,3.5433684853789456e-17,3.8018249959464273e-14,1.4757616550431157e-14,9.1866024364838e-19,1.0098516108041842e-18,3.370254710568292e-16,3.417959440618642e-16,2.8699172214778446e-11,2.701384357951506e-11,6.135338260449697e-13,5.775046988632513e-13,1.2282053950285544e-05,1.0785725812836092e-05,0.20539563698559282,0.1690392036364184,0.4260338594070308,0.2008227061511,0.08604395685075848,0.025814319497386193,5.446385135857911e-08,2.4781219809065538e-08,4.907226675755971e-06,2.157845998600974e-06,2.419230232939322e-10,1.0292508939335529e-10,2.1413322979313144e-12,9.110204361065758e-13,6.714847981689998e-07,2.766931301568148e-07,1.310758857959175e-12,6.914228997421496e-13,0.00024849592786769397,0.00012600664868849876,2.7734309802966787e-08,1.353929734770589e-08,0.001976830380708794,0.0009303715502324084,3.211583596109582e-07,1.459068024582624e-07,0.00046435095807679085,0.00020388943636856334,8.552196934855002e-11,2.7521276171096337e-11,4.028607528802536e-06,1.2653336355168236e-06,1.1526922403665458e-10,3.6204575717718794e-11,1.873960046180432e-19,1.7664323353226546e-19,5.6377247394457825e-18,4.957472784037931e-18,1.4647308251077852e-14,1.206968111686251e-14,2.3607713638075212e-09,1.8301875092948024e-09,1.1652833081815537e-12,5.301344110808898e-13,1.2827400869653615e-15,5.644329642055714e-16,1.2423797048668355e-23,3.565587681778896e-24,1.5932351279355602e-15,4.779480663362995e-16,1.10405744331086e-18,4.700193038478725e-19,6.776708648714109e-18,3.438956738556918e-18,5.93703581573827e-10,2.90047885605364e-10,6.754293415905436e-16,3.1810951646718563e-16,4.622247116101234e-18,1.4873106830675023e-18,6.922862556178927e-20,2.1244506048083586e-20,1.49836582719013e-14,4.598103980783372e-15,6.116647912085523e-11,1.877043816886377e-11,3.3862757114345625e-17,1.0640917653592288e-17,0.010328643882509005,0.004867993469573616,9.99999999999822e-31,3.304950991607083e-31,1.5492860214442034e-09,4.747303469460747e-10,2.1868664095272642e-06,6.547794136376433e-07,2.2163016691623373e-10,6.798106575630901e-11,2.421248647019121e-13,7.256809281318829e-14
0.907,1213.9554946471062,5.44729234412705,0.2580850050857766,3.471076365425743,0.06889068839926124,0.4511757813377965,1.0871697578713076e-07,1.4240086036349442e-06,4.183197868144169e-14,3.452163460604188e-14,1.239431273835994e-14,5.1141728055107885e-15,1.6323716095077754e-08,1.2672640167473855e-08,0.20058469713527446,0.14700743937677693,8.840872069405619e-17,3.5365352665311905e-17,3.7965233988025377e-14,1.4736832789847115e-14,9.160461384688703e-19,1.006964044876158e-18,3.3621569206735516e-16,3.4096997253413904e-16,2.865033077855664e-11,2.6967496174425486e-11,6.124126164177731e-13,5.764413338912315e-13,1.2271899347795735e-05,1.0776658841274947e-05,0.20538914476968595,0.16903151554618936,0.4260480684593323,0.2008266178293598,0.08604679792319415,0.025814813717403746,5.4438420685889246e-08,2.476930514045716e-08,4.907370784888625e-06,2.1578794303383217e-06,2.4169809172276893e-10,1.0282796666977215e-10,2.1388674516914518e-12,9.09959153859841e-13,6.710922400305736e-07,2.765275356290489e-07,1.3071523535512383e-12,6.8951090940737e-13,0.0002481071064783266,0.0001258077408006467,2.768524286198529e-08,1.351515641460525e-08,0.0019750750199861067,0.000929532514953427,3.2080881122391263e-07,1.457459756717933e-07,0.0004641820001747216,0.00020381242195577964,8.540476264977786e-11,2.7483177350494197e-11,4.026308716997421e-06,1.2645940641822144e-06,1.1515158522958909e-10,3.6167125125741816e-11,1.8693876050998924e-19,1.7620978143479945e-19,5.6296116736355016e-18,4.950269969581554e-18,1.4635535767562122e-14,1.2059813039486638e-14,2.360886153489746e-09,1.8302511081756996e-09,1.164309637048282e-12,5.296841002654968e-13,1.2807235868141164e-15,5.635378429989077e-16,1.2394742941886792e-23,3.5571999010806625e-24,1.591245874614235e-15,4.773446960061762e-16,1.102365085487752e-18,4.692923226450947e-19,6.7677221368126435e-18,3.434348733276602e-18,5.935544595627307e-10,2.899710106713282e-10,6.750097055115734e-16,3.179074684170602e-16,4.6131572761823065e-18,1.4843652319769369e-18,6.907884143179906e-20,2.1198247013033275e-20,1.497368777561174e-14,4.594980540848191e-15,6.11513373245536e-11,1.8765531194715178e-11,3.382408522242387e-17,1.0628618074753263e-17,0.01032864388249776,0.004867925934909457,9.999999999998223e-31,3.304905141352937e-31,1.5471146461500145e-09,4.740584199576797e-10,2.185399201200475e-06,6.543310324636495e-07,2.2145597449807915e-10,6.792669299256861e-11,2.416392229421465e-13,7.242153468470731e-14
0.908,1213.8922099630508,5.44744872317301,0.2580775962804949,3.4749511690290484,0.06889391661910099,0.45119067474719443,1.0863623173158503e-07,1.4229312863126356e-06,4.1756067244772045e-14,3.4458511838062534e-14,1.237087629662159e-14,5.104431708277241e-15,1.63063529526061e-08,1.2658985267423945e-08,0.200573250901559,0.1469970146794618,8.823959140302461e-17,3.529720853851208e-17,3.7912336440877404e-14,1.471609592450235e-14,9.134414924179293e-19,1.0040869808125294e-18,3.354084837102532e-16,3.40146638980114e-16,2.860161084670191e-11,2.692126506313434e-11,6.112943285587217e-13,5.753807622558341e-13,1.2261761277971426e-05,1.0767606896091159e-05,0.20538266350559775,0.1690238407122107,0.42606224870271286,0.20083052060784912,0.0860496404622153,0.025815308979187376,5.441301782296263e-08,2.4757404045883203e-08,4.90751472354934e-06,2.157912837638406e-06,2.414736195041845e-10,1.0273104451441893e-10,2.1364080647881042e-12,9.089002453160605e-13,6.707004016248965e-07,2.763622488510112e-07,1.3035586974661596e-12,6.876057657955613e-13,0.00024771922435371787,0.00012560931769315016,2.763630347931912e-08,1.3491078742493348e-08,0.001973322791151603,0.0009286949990413256,3.20459942293999e-07,1.4558546549717463e-07,0.00046401327723664775,0.00020373551770361053,8.528780959027217e-11,2.7445161861098182e-11,4.024013127370531e-06,1.2638555555174896e-06,1.1503416008986588e-10,3.6129743542578184e-11,1.8648299071273796e-19,1.757777352312285e-19,5.62151673482433e-18,4.943083412169004e-18,1.462378108994247e-14,1.2049960195224123e-14,2.3610007484092935e-09,1.8303145979453287e-09,1.1633374931368872e-12,5.292345093381943e-13,1.2787119977382818e-15,5.626449209608777e-16,1.2365781782237279e-23,3.5488391124944036e-24,1.5892607234342176e-15,4.767425843342003e-16,1.100676758036606e-18,4.685670885470943e-19,6.7587553201055645e-18,3.4297509320092165e-18,5.934055699186516e-10,2.898942582994161e-10,6.745907294035018e-16,3.1770574436816587e-16,4.604092446688918e-18,1.4814279453682252e-18,6.892951768673434e-20,2.1152131042317264e-20,1.4963734035491054e-14,4.5918624389563055e-15,6.11362178282632e-11,1.8760631647128852e-11,3.378549115324451e-17,1.0616343544371927e-17,0.010328643882486555,0.004867858518180007,9.999999999998223e-31,3.3048593711663526e-31,1.5449482309954491e-09,4.733880427370448e-10,2.1839344555494907e-06,6.538834166607985e-07,2.2128205656526636e-10,6.787240754679289e-11,2.411549699019206e-13,7.227539855229966e-14
0.909,1213.8289781236244,5.447605053571696,0.2580701902051422,3.4788260838311227,0.06889713958656374,0.4512055440766094,1.0855560517102367e-07,1.4218555715862997e-06,4.168035290549638e-14,3.439555428557186e-14,1.2347503366275801e-14,5.094717207516921e-15,1.6289022183083255e-08,1.2645356177802312e-08,0.20056182195031597,0.14698660643228767,8.807092364983207e-17,3.5229251756714e-17,3.785955692493761e-14,1.4695405797495168e-14,9.10846262175834e-19,1.001220370292464e-18,3.346038352610917e-16,3.39325932334905e-16,2.8553011988554387e-11,2.6875149830517572e-11,6.101789518542218e-13,5.743229737403484e-13,1.225163969440684e-05,1.0758569934608931e-05,0.20537619316520322,0.16901617909996894,0.42607640021169213,0.20083441451014122,0.086052484462957,0.025815805279701388,5.4387642708253576e-08,2.4745516494422832e-08,4.9076584919868306e-06,2.1579462204828953e-06,2.4124960516268944e-10,1.0263432227808049e-10,2.1339541188491623e-12,9.078437024297123e-13,6.703092808730422e-07,2.7619726892470374e-07,1.2999778334260372e-12,6.857074387590814e-13,0.00024733227861265894,0.00012541137786312167,2.758749121238222e-08,1.3467064110149481e-08,0.001971573686496676,0.0009278589986888926,3.2011175097023015e-07,1.454252710600418e-07,0.00046384478893337223,0.0002036587234450665,8.517110934716559e-11,2.7407229430271317e-11,4.02172075134167e-06,1.263118106654122e-06,1.1491694797855824e-10,3.609243075982404e-11,1.8602868899761049e-19,1.7534708895055313e-19,5.6134398628412515e-18,4.9359130574024204e-18,1.461204417114866e-14,1.2040122543220656e-14,2.3611151490847895e-09,1.830377978903614e-09,1.162366872299802e-12,5.287856363179737e-13,1.2767053030745284e-15,5.617541905702026e-16,1.2336913181673161e-23,3.540505202722128e-24,1.5872796639122889e-15,4.761417280513982e-16,1.098992446909579e-18,4.6784359542079e-19,6.749808133757113e-18,3.42516330089322e-18,5.932569120704616e-10,2.8981762818243167e-10,6.741724115186769e-16,3.1750434345025996e-16,4.595052532834719e-18,1.4784987921038988e-18,6.878065247722737e-20,2.1106157557910557e-20,1.495379700257234e-14,4.588749659358064e-15,6.112112057442943e-11,1.8755739506645037e-11,3.374697466164117e-17,1.060409398284838e-17,0.010328643882475378,0.004867791219079815,9.999999999998237e-31,3.3048136808399646e-31,1.5427867604390388e-09,4.72719210381114e-10,2.182472167372933e-06,6.53436564568275e-07,2.2110841237944573e-10,6.781820918088511e-11,2.4067210033587594e-13,7.212968281155867e-14
0.91,1213.7657990109724,5.447761335408555,0.2580627868552375,3.4827011097974236,0.0689003573142043,0.4512203893844252,1.084750957838147e-07,1.420781455018524e-06,4.160483494152917e-14,3.433276133938281e-14,1.2324193710091638e-14,5.085029203259077e-15,1.627172368775799e-08,1.263175281918053e-08,0.20055041023628342,0.14697621459222382,8.790271568581049e-17,3.516148160580627e-17,3.780689503549808e-14,1.4674762247481266e-14,9.082604047004832e-19,9.983641653085098e-19,3.338017361379223e-16,3.3850784168044417e-16,2.8504533775230582e-11,2.682915006326396e-11,6.090664756530668e-13,5.732679580958083e-13,1.2241534549698912e-05,1.0749547913319543e-05,0.2053697337279478,0.16900853068175425,0.42609052305864964,0.20083829955947202,0.08605532992385036,0.02581630261698582,5.436229526898092e-08,2.4733642450132952e-08,4.907802090334471e-06,2.1579795788099818e-06,2.410260471566298e-10,1.0253779928382648e-10,2.1315055950136312e-12,9.067895169513799e-13,6.699188756169739e-07,2.7603259492059294e-07,1.2964096993339628e-12,6.838158950863442e-13,0.00024694626522740927,0.0001252139192269468,2.753880554905489e-08,1.3443112262482237e-08,0.0019698276937251016,0.0009270245079336752,3.1976423468591373e-07,1.452653911615138e-07,0.0004636765341132878,0.00020358203865279795,8.505466108238506e-11,2.7369379780611835e-11,4.019431579993281e-06,1.2623817146223625e-06,1.147999482621397e-10,3.605518657092321e-11,1.8557584921427463e-19,1.7491783669684381e-19,5.6053809977531195e-18,4.9287588511167286e-18,1.4600324962608505e-14,1.2030300041431609e-14,2.361229356034596e-09,1.830441251356377e-09,1.1613977702661235e-12,5.283374791698155e-13,1.274703484451309e-15,5.608656435568238e-16,1.2308136737889416e-23,3.532198054397969e-24,1.5853026784716832e-15,4.755421217630542e-16,1.0973121380991905e-18,4.671218371526169e-19,6.7408805127996946e-18,3.4205858060161098e-18,5.93108485446944e-10,2.897411200141623e-10,6.737547499520584e-16,3.173032647201874e-16,4.58603744096341e-18,1.4755777414186414e-18,6.863224380763473e-20,2.1060325937036636e-20,1.494387662948754e-14,4.585642186812227e-15,6.11060455055785e-11,1.875085475389511e-11,3.3708535499914026e-17,1.0591869309833206e-17,0.010328643882464223,0.004867724037319835,9.999999999998232e-31,3.3047680701775253e-31,1.5406302150936072e-09,4.7205191681074e-10,2.1810123259822237e-06,6.529904728849109e-07,2.2093504112300717e-10,6.776409763270466e-11,2.4019060847194173e-13,7.19843857006498e-14
0.911,1213.702672494931,5.447917568801727,0.25805538622475205,3.4865762468934927,0.06890356981518268,0.4512352107319414,1.083947032608873e-07,1.4197089323338726e-06,4.1529512639895454e-14,3.4270132397819055e-14,1.2300947089320821e-14,5.075367594906753e-15,1.625445736919697e-08,1.2618175113135397e-08,0.20053901571526903,0.14696583911669256,8.773496577213512e-17,3.5093897375615736e-17,3.7754350379457825e-14,1.4654165117608108e-14,9.05683877149842e-19,9.955183180756277e-19,3.3300217574361627e-16,3.3769235608365713e-16,2.845617577973645e-11,2.6783265349828935e-11,6.079568894142828e-13,5.722157051768868e-13,1.2231445797459688e-05,1.0740540789587567e-05,0.20536328516755076,0.16900089542476116,0.42610461731684657,0.20084217577902766,0.08605817684132647,0.025816800988421516,5.4336975441103817e-08,2.472178188099686e-08,4.907945518811098e-06,2.158012912590467e-06,2.408029440044319e-10,1.0244147488013803e-10,2.1290624749207353e-12,9.057376808433989e-13,6.695291837697938e-07,2.758682259379555e-07,1.2928542385260343e-12,6.819311044331331e-13,0.0002465611811521561,0.00012501694019883164,2.74902460344256e-08,1.3419222972323767e-08,0.0019680848040945042,0.0009261915224842873,3.19417391432318e-07,1.4510582485599561e-07,0.00046350851225118657,0.00020350546307407308,8.493846397513e-11,2.7331612640248862e-11,4.017145604709673e-06,1.2616463765448478e-06,1.1468316030673325e-10,3.6018010769156307e-11,1.8512446520782592e-19,1.7448997257008303e-19,5.5973400798720765e-18,4.921620739358153e-18,1.4588623417134292e-14,1.2020492648932207e-14,2.3613433697741792e-09,1.8305044156029398e-09,1.160430182881772e-12,5.278900359109482e-13,1.2727065251812346e-15,5.599792723913812e-16,1.2279452065450602e-23,3.523917555001339e-24,1.5833297563238978e-15,4.749437621102169e-16,1.0956358176743732e-18,4.664018076612159e-19,6.731972392819904e-18,3.4160184137431113e-18,5.92960289480125e-10,2.8966473348936524e-10,6.733377429283558e-16,3.171025072953129e-16,4.577047077312925e-18,1.472664762513247e-18,6.848428982978204e-20,2.101463560218718e-20,1.4933972867927882e-14,4.582540005780673e-15,6.109099256442605e-11,1.874597736952872e-11,3.3670173423904426e-17,1.0579669446076144e-17,0.010328643882453081,0.004867656972599876,9.99999999999823e-31,3.304722538975241e-31,1.5384785786241256e-09,4.713861568815709e-10,2.1795549248996767e-06,6.525451395691463e-07,2.2076194204287504e-10,6.77100726597879e-11,2.397104889781096e-13,7.183950558964715e-14
0.912,1213.639598443306,5.44807375387553,0.25804798830736625,3.4904514950849603,0.06890677710272518,0.4512500081807657,1.0831442729717632e-07,1.4186379993097298e-06,4.145438529261652e-14,3.4207666863389875e-14,1.2277763266236806e-14,5.065732282294868e-15,1.6237223130654783e-08,1.2604622981785731e-08,0.20052763834354223,0.14695547996342423,8.756767217957043e-17,3.5026498359877653e-17,3.770192256786068e-14,1.4633614252648358e-14,9.031166369264664e-19,9.926827810821592e-19,3.322051435252481e-16,3.3687946465737627e-16,2.8407937577292216e-11,2.6737495280795152e-11,6.068501826653518e-13,5.711662049037463e-13,1.2221373391718692e-05,1.073154852114803e-05,0.20535684745664765,0.16899327329525468,0.4261186830596625,0.20084604319199548,0.08606102521115835,0.0258173003911855,5.4311683162791605e-08,2.4709934756003626e-08,4.908088777655729e-06,2.1580462218034647e-06,2.405802942441072e-10,1.0234534842388899e-10,2.126624740398964e-12,9.04688186149417e-13,6.691402032701109e-07,2.757041610866394e-07,1.2893113954166347e-12,6.800530370268883e-13,0.0002461770234990111,0.00012482043927322613,2.7441812227271802e-08,1.3395396019212045e-08,0.0019663450096587803,0.0009253600384244806,3.1907121932891987e-07,1.4494657125623227e-07,0.00046334072296057787,0.00020342899651705945,8.48225172118478e-11,2.7293927739672544e-11,4.014862816983525e-06,1.2609120895784138e-06,1.1456658348163211e-10,3.598090314882043e-11,1.8467453085015612e-19,1.7406349069609033e-19,5.589317049808251e-18,4.914498668440635e-18,1.457693948803746e-14,1.2010700325212631e-14,2.3614571908167386e-09,1.8305674719403526e-09,1.1594641060350404e-12,5.274433045780585e-13,1.2707144089992409e-15,5.59095069731124e-16,1.2250858784180537e-23,3.5156635935319895e-24,1.5813608870737228e-15,4.743466458522917e-16,1.0939634717787756e-18,4.656835008976679e-19,6.723083709783222e-18,3.4114610906352143e-18,5.928123236044487e-10,2.8958846830395755e-10,6.729213887069822e-16,3.1690207030940545e-16,4.568081348502515e-18,1.4697598247143609e-18,6.83367887359081e-20,2.09690859883121e-20,1.4924085669579842e-14,4.5794431007249974e-15,6.107596169395228e-11,1.8741107334275186e-11,3.3631888191213074e-17,1.0567494312887848e-17,0.010328643882441996,0.004867590024618581,9.999999999998212e-31,3.304677087028496e-31,1.5363318354160322e-09,4.707219256705412e-10,2.1780999585847848e-06,6.521005628601627e-07,2.2058911440339562e-10,6.765613402503595e-11,2.3923173664624003e-13,7.169504088591241e-14
0.913,1213.5765767330204,5.448229890731584,0.258040593097837,3.4943268543375288,0.06890997918957155,0.45126478179018287,1.0823426758225821e-07,1.4175686516567556e-06,4.137945219211632e-14,3.4145364139073855e-14,1.2254642005534175e-14,5.0561231662786055e-15,1.622002087535317e-08,1.2591096347260375e-08,0.2005162780769247,0.14694513709011245,8.740083318766951e-17,3.495928385599153e-17,3.764961120768767e-14,1.461310949584606e-14,9.005586417196508e-19,9.898575071382896e-19,3.3141062903618836e-16,3.3606915662403653e-16,2.835981874547176e-11,2.6691839449061904e-11,6.057463449550048e-13,5.701194472188471e-13,1.2211317286252373e-05,1.0722571065541082e-05,0.20535042057181188,0.16898566426307285,0.4261327203594371,0.2008499018214577,0.08606387503048622,0.02581780082291503,5.4286418367250505e-08,2.469810104193852e-08,4.908231867052622e-06,2.1580795064081764e-06,2.403580963880797e-10,1.0224941926135256e-10,2.124192373116035e-12,9.0364102484746e-13,6.68751932028389e-07,2.7554039946556076e-07,1.2857811109038337e-12,6.781816612447343e-13,0.0002457937886629489,0.00012462441458141043,2.739350365294494e-08,1.3371631166421298e-08,0.001964608300259089,0.0009245300507991256,3.187257161556607e-07,1.4478762932113922e-07,0.0004631731654612623,0.00020335263861750755,8.470681997424124e-11,2.7256324807934584e-11,4.0125832081564914e-06,1.260178850835385e-06,1.1445021716008073e-10,3.594386350555298e-11,1.8422604007146888e-19,1.7363838525660324e-19,5.581311848490292e-18,4.907392584974611e-18,1.456527312815129e-14,1.200092302939902e-14,2.3615708196741703e-09,1.8306304206681499e-09,1.158499535574925e-12,5.269972831912925e-13,1.2687271176866237e-15,5.582130273757457e-16,1.2222356496710593e-23,3.507436054074611e-24,1.579396054718187e-15,4.73750768068011e-16,1.0922950866090356e-18,4.649669108372591e-19,6.714214399828118e-18,3.4069138033521396e-18,5.926645872555199e-10,2.895123241550353e-10,6.7250568547805e-16,3.167019528643525e-16,4.559140162035994e-18,1.4668628976395922e-18,6.818973855889947e-20,2.0923676481567337e-20,1.4914214987086067e-14,4.5763514564113945e-15,6.106095283735733e-11,1.8736244628970836e-11,3.359367955916238e-17,1.0555343831522719e-17,0.01032864388243093,0.004867523193084016,9.999999999998209e-31,3.3046317141391155e-31,1.5341899680381546e-09,4.700592176995523e-10,2.1766474188596286e-06,6.516567402091102e-07,2.2041655743247724e-10,6.76022814803433e-11,2.387543460386603e-13,7.155098992833931e-14
0.914,1213.513607232332,5.448385979494923,0.2580332005898136,3.4982023246169898,0.06891317608885278,0.45127953162132994,1.0815422381499597e-07,1.416500885205751e-06,4.1304712638288874e-14,3.408322363403115e-14,1.2231583071222406e-14,5.046540147434049e-15,1.6202850507585183e-08,1.2577595132511312e-08,0.20050493487225063,0.1469348104549722,8.723444708516975e-17,3.4892253165056705e-17,3.7597415914747805e-14,1.4592650693868945e-14,8.980098494278186e-19,9.870424492872386e-19,3.3061862183474013e-16,3.3526142121170084e-16,2.8311818863769884e-11,2.6646297449344233e-11,6.046453659245489e-13,5.690754221520818e-13,1.2201277435620973e-05,1.0713608380985003e-05,0.20534400448557477,0.16897806829447093,0.426146729289319,0.20085375169056324,0.08606672629457401,0.025818302280644686,5.4261180994024964e-08,2.4686280708438634e-08,4.908374787248708e-06,2.158112766388007e-06,2.4013634899373177e-10,1.0215368675785495e-10,2.121765355122323e-12,9.025961890779489e-13,6.683643680094144e-07,2.7537694019572103e-07,1.2822633298119834e-12,6.763169475367449e-13,0.0002454114737396168,0.00012442886460994342,2.7345319878052607e-08,1.3347928197370543e-08,0.0019628746682835026,0.0009237015558508805,3.183808800926808e-07,1.4462899819134213e-07,0.00046300583942187045,0.0002032763892079588,8.459137145747884e-11,2.7218803578412568e-11,4.010306769802209e-06,1.2594466574994652e-06,1.1433406071613163e-10,3.590689163521896e-11,1.8377898680812453e-19,1.7321465043950693e-19,5.573324417103291e-18,4.900302435795242e-18,1.4553624291351695e-14,1.1991160721464623e-14,2.3616842568554816e-09,1.8306932620807441e-09,1.1575364674382623e-12,5.265519698102512e-13,1.2667446343390479e-15,5.573331377033231e-16,1.2193944819170135e-23,3.499234824593939e-24,1.5774352479989316e-15,4.731561252591185e-16,1.0906306484376178e-18,4.642520314875737e-19,6.705364399572707e-18,3.4023765187960197e-18,5.925170798721348e-10,2.894363007408567e-10,6.720906315264087e-16,3.165021541063057e-16,4.550223425473627e-18,1.4639739509259194e-18,6.804313744697923e-20,2.0878406503530506e-20,1.490436077250075e-14,4.573265057420708e-15,6.104596593814435e-11,1.8731389234519165e-11,3.3555547287955185e-17,1.0543217924134473e-17,0.010328643882419908,0.0048674564776967875,9.999999999998204e-31,3.304586420103821e-31,1.5320529612538123e-09,4.693980281628075e-10,2.1751973005627347e-06,6.512136699695474e-07,2.2024427040522852e-10,6.754851479201432e-11,2.3827831203841626e-13,7.140735115200721e-14
0.915,1213.4506898197556,5.4485420202644335,0.2580258107781852,3.502077905889205,0.0689163678131789,0.4512942577328566,1.0807429568390532e-07,1.4154346956556342e-06,4.123016592780261e-14,3.402124475490079e-14,1.2208586231032521e-14,5.036983127894551e-15,1.618571193090798e-08,1.2564119259956333e-08,0.20049360868554417,0.14692450001593593,8.706851216527531e-17,3.4825405590111405e-17,3.754533629703316e-14,1.4572237690400726e-14,8.95470218169166e-19,9.842375608205088e-19,3.298291115783571e-16,3.344562477508123e-16,2.826393751290572e-11,2.6600868877613667e-11,6.035472351895628e-13,5.68034119711485e-13,1.219125379361945e-05,1.0704660425054773e-05,0.2053375991752267,0.16897048535997547,0.42616070992097155,0.20085759282217322,0.08606957900084558,0.025818804762110605,5.423597097489431e-08,2.467447372166578e-08,4.908517538414016e-06,2.158146001697004e-06,2.3991505057324796e-10,1.0205815025979216e-10,2.1193436681327827e-12,9.01553670841495e-13,6.679775091216871e-07,2.752137823756306e-07,1.278757994280994e-12,6.74458864941532e-13,0.0002450300752750246,0.00012423378756716355,2.7297260425372303e-08,1.3324286874138358e-08,0.001961144103122724,0.0009228745484144259,3.180367088492079e-07,1.4447067679397858e-07,0.0004628387439645116,0.00020320024788147815,8.447617084710818e-11,2.718136378147978e-11,4.0080334932944675e-06,1.2587155066946793e-06,1.1421811352848296e-10,3.586998733524613e-11,1.8333336505320436e-19,1.7279228048711688e-19,5.565354696993149e-18,4.893228167896059e-18,1.454199293039009e-14,1.1981413360487643e-14,2.361797502868858e-09,1.8307559964756534e-09,1.1565748974709142e-12,5.261073624545538e-13,1.264766942462428e-15,5.564553932745126e-16,1.2165623373668949e-23,3.4910597947898945e-24,1.575478453471222e-15,4.725627132730425e-16,1.0889701435853598e-18,4.635388568784869e-19,6.6965336455284716e-18,3.397849203826222e-18,5.923698008936923e-10,2.8936039776062485e-10,6.716762250314506e-16,3.1630267313254915e-16,4.541331047131219e-18,1.4610929544599054e-18,6.789698357684093e-20,2.083327548462033e-20,1.4894522978906828e-14,4.570183888661219e-15,6.10310009399215e-11,1.8726541131897887e-11,3.351749113599391e-17,1.0531116512343582e-17,0.010328643882408898,0.004867389878167592,9.999999999998214e-31,3.3045412047262196e-31,1.529920797316858e-09,4.687383514872635e-10,2.1737495949173775e-06,6.507713494143576e-07,2.200722525453906e-10,6.749483371077673e-11,2.378036291783018e-13,7.126412288735899e-14
0.916,1213.3878243701133,5.448698013149504,0.2580184236573448,3.5059535981201133,0.06891955437532803,0.4513089601842427,1.0799448288446656e-07,1.414370078796425e-06,4.115581136409214e-14,3.395942691395478e-14,1.2185651252349154e-14,5.027452009658868e-15,1.6168605049892236e-08,1.2550668652803628e-08,0.20048229947332405,0.14691420573122083,8.690302673220268e-17,3.475874043865777e-17,3.74933719689239e-14,1.455187033161577e-14,8.929397063181512e-19,9.814427953153331e-19,3.2904208796226977e-16,3.3365362561105767e-16,2.8216174276088085e-11,2.6555553332218118e-11,6.024519424555999e-13,5.669955299906137e-13,1.2181246314723508e-05,1.0695727155923392e-05,0.20533120461608603,0.1689629154283982,0.4261746623262245,0.20086142523910808,0.0860724331459869,0.025819308264812834,5.421078824569053e-08,2.4662680049617715e-08,4.908660120753536e-06,2.1581792123033364e-06,2.3969419967035754e-10,1.0196280912700542e-10,2.116927294151209e-12,9.005134622620624e-13,6.675913533141242e-07,2.7505092512042277e-07,1.2752650477346625e-12,6.726073831775308e-13,0.000244649590008533,0.00012403918175957765,2.7249324840542966e-08,1.3300706969981728e-08,0.001959416595593115,0.0009220490239954704,3.17693200364457e-07,1.443126641607139e-07,0.00046267187846693727,0.0002031242143433019,8.436121733845967e-11,2.7144005150676375e-11,4.005763370135478e-06,1.2579853955851286e-06,1.1410237497703871e-10,3.5833150403449346e-11,1.828891688216112e-19,1.723712696628204e-19,5.5574026298378935e-18,4.88616972856655e-18,1.453037899887049e-14,1.1971680906248408e-14,2.36191055822023e-09,1.8308186241475476e-09,1.155614821590001e-12,5.256634591762403e-13,1.2627940247298712e-15,5.555797862841585e-16,1.213739177513955e-23,3.482910852312428e-24,1.5735256578762055e-15,4.719705280132309e-16,1.087313558438916e-18,4.62827381068353e-19,6.68772207470413e-18,3.3933318255567117e-18,5.922227497620147e-10,2.8928461491461065e-10,6.712624642322876e-16,3.1610350906844753e-16,4.532462935679227e-18,1.4582198782448046e-18,6.775127506500002e-20,2.078828283684008e-20,1.4884701559212462e-14,4.567107934987217e-15,6.101605778650648e-11,1.8721700302141387e-11,3.3479510864171927e-17,1.0519039518557593e-17,0.010328643882397955,0.004867323394204416,9.999999999998209e-31,3.3044960678080284e-31,1.5277934597449623e-09,4.680801824874809e-10,2.1723042948492014e-06,6.50329776326049e-07,2.1990050310434873e-10,6.744123799583558e-11,2.373302921961706e-13,7.112130352642943e-14
0.917,1213.3250107539588,5.448853958271487,0.2580110392211204,3.509829401275741,0.06892273578825565,0.4513236390358029,1.0791478511720899e-07,1.4133070304839715e-06,4.108164825578899e-14,3.389776952779856e-14,1.2162777903114314e-14,5.0179466949633945e-15,1.6151529769807968e-08,1.2537243234806294e-08,0.2004710071927152,0.14690392755939202,8.673798909864441e-17,3.469225702164263e-17,3.74415225499701e-14,1.453154846570428e-14,8.904182724634312e-19,9.786581065882899e-19,3.28257540709208e-16,3.328535441909001e-16,2.816852873839442e-11,2.651035041329385e-11,6.013594774962356e-13,5.659596431478088e-13,1.2171254953867648e-05,1.0686808532165613e-05,0.2053248207814523,0.16895535846677612,0.42618858657721403,0.20086524896418814,0.0860752887257042,0.025819812785939554,5.41856327454791e-08,2.4650899661752267e-08,4.908802534503885e-06,2.1582123981875503e-06,2.394737948540639e-10,1.018676627301001e-10,2.1145162154085512e-12,8.99475555560607e-13,6.67205898566531e-07,2.7488836755789163e-07,1.2717844358456428e-12,6.707624731518054e-13,0.00024427001506478665,0.00012384504568914854,2.720151269102803e-08,1.3277188268827443e-08,0.0019576921378081746,0.0009212249787101102,3.1735035278192997e-07,1.4415495941604143e-07,0.0004625052425327535,0.0002030482883977267,8.424651013543998e-11,2.7106727422317574e-11,4.003496391970959e-06,1.2572563213795682e-06,1.1398684444400209e-10,3.5796380638369445e-11,1.8244639214656287e-19,1.7195161224774752e-19,5.549468157565816e-18,4.8791270653195546e-18,1.4518782450979296e-14,1.1961963319005236e-14,2.362023423413133e-09,1.8308811453879055e-09,1.1546562357623602e-12,5.252202580499049e-13,1.26082586496357e-15,5.547063094331912e-16,1.2109249650662017e-23,3.47478788830653e-24,1.571576850550865e-15,4.713795661619302e-16,1.0856608794579196e-18,4.621175981469943e-19,6.6789296244697725e-18,3.3888243512866712e-18,5.920759259215068e-10,2.892089519041943e-10,6.708493474182999e-16,3.1590466106295345e-16,4.5236190000195986e-18,1.4553546923607437e-18,6.760601012721381e-20,2.074342800269066e-20,1.4874896466117373e-14,4.564037181188107e-15,6.100113642197598e-11,1.871686672635356e-11,3.3441606235270316e-17,1.0506986865780258e-17,0.010328643882387006,0.004867257025511805,9.999999999998205e-31,3.304451009148689e-31,1.5256709331893522e-09,4.674235163256304e-10,2.170861394809959e-06,6.498889489438721e-07,2.197290213590814e-10,6.738772741423523e-11,2.368582960022497e-13,7.097889151303666e-14
0.918,1213.2622488511279,5.449009855728288,0.25800365746445153,3.5137053153221833,0.06892591206443842,0.4513382943455711,1.0783520207547671e-07,1.4122455464834246e-06,4.1007675910470026e-14,3.3836272012301e-14,1.2139965954075617e-14,5.008467087222789e-15,1.6134485995608548e-08,1.2523842929506495e-08,0.20045973180023008,0.1468936654588542,8.657339758409509e-17,3.462595465287843e-17,3.7389787654292474e-14,1.4511271938796537e-14,8.879058754439938e-19,9.75883448737549e-19,3.274754596415172e-16,3.320559929915705e-16,2.8121000486719365e-11,2.6465259722786254e-11,6.002698300869063e-13,5.64926449345404e-13,1.216127966553566e-05,1.067790451198732e-05,0.20531844764875848,0.1689478144458766,0.4262024827448409,0.20086906402003307,0.08607814573742187,0.025820318323244003,5.416050440738774e-08,2.4639132524879502e-08,4.908944779839485e-06,2.1582455593069733e-06,2.3925383466067666e-10,1.0177271042605348e-10,2.1121104139097353e-12,8.984399428646529e-13,6.668211428197116e-07,2.7472610880041775e-07,1.2683161012512623e-12,6.689241041747787e-13,0.00024389134694462598,0.00012365137754200454,2.715382350794367e-08,1.3253730536912555e-08,0.0019559707194265496,0.0009204024075216629,3.1700816386444483e-07,1.4399756151193693e-07,0.0004623388353226256,0.00020297246965502529,8.413204843538587e-11,2.7069530330691076e-11,4.001232550278702e-06,1.2565282812368964e-06,1.1387152131551822e-10,3.575967783988272e-11,1.82005029116814e-19,1.7153330257629888e-19,5.541551222349136e-18,4.872100125898435e-18,1.4507203240180815e-14,1.1952260558450952e-14,2.3621360989500678e-09,1.8309435604908703e-09,1.1536991358961048e-12,5.247777571247438e-13,1.2588624460282674e-15,5.53834955003276e-16,1.208119661985948e-23,3.466690791795552e-24,1.5696320168116747e-15,4.707898231968834e-16,1.0840120931509198e-18,4.61409502226665e-19,6.670156232250942e-18,3.384326748354137e-18,5.919293288174524e-10,2.891334084317901e-10,6.704368727972639e-16,3.157061282273349e-16,4.514799149855699e-18,1.4524973671518758e-18,6.746118689934292e-20,2.0698710400258714e-20,1.4865107653268105e-14,4.56097161235482e-15,6.098623679055894e-11,1.871204038572405e-11,3.3403777011185294e-17,1.0494958476767873e-17,0.010328643882376079,0.004867190771803735,9.999999999998198e-31,3.3044060285540043e-31,1.5235532002711847e-09,4.667683475434572e-10,2.169420886305998e-06,6.494488646268748e-07,2.1955780654524006e-10,6.733430172051206e-11,2.363876352368004e-13,7.083688521041098e-14
0.919,1213.19953853567,5.449165705633659,0.2579962783815289,3.517581340225617,0.06892908321662178,0.4513529261728758,1.0775573345954403e-07,1.41118562264996e-06,4.0933893641927283e-14,3.377493378849317e-14,1.2117215175780084e-14,4.9990130897749106e-15,1.611747363312438e-08,1.2510467661125237e-08,0.20044847325301618,0.14688341938833605,8.640925051712117e-17,3.4559832649848776e-17,3.7338166902662166e-14,1.4491040599608557e-14,8.854024743132147e-19,9.731187761004577e-19,3.2669583460151167e-16,3.312609615353199e-16,2.8073589109898667e-11,2.642028086448846e-11,5.991829900828097e-13,5.638959388213749e-13,1.2151320404822798e-05,1.0669015054126844e-05,0.20531208519267072,0.16894028333402497,0.42621635090035814,0.20087287042922242,0.08608100417751255,0.025820824874138004,5.4135403169045576e-08,2.4627378607838775e-08,4.909086856977702e-06,2.158278695635628e-06,2.390343176598904e-10,1.0167795158602485e-10,2.1097098719523058e-12,8.974066164262733e-13,6.664370840551888e-07,2.7456414797700676e-07,1.2648599892831667e-12,6.670922469801984e-13,0.0002435135826185785,0.00012345817574248253,2.7106256851463052e-08,1.3230333554669808e-08,0.0019542523318842177,0.000919581306229514,3.1666663165505414e-07,1.4384046952765838e-07,0.00046217265630999735,0.00020289675786263082,8.401783144599042e-11,2.7032413613423584e-11,3.998971836702391e-06,1.2558012723673024e-06,1.1375640497892971e-10,3.572304180823406e-11,1.8156507383474043e-19,1.7111633499613166e-19,5.533651766616835e-18,4.865088858274027e-18,1.4495641320734193e-14,1.1942572584927656e-14,2.362248585331156e-09,1.8310058697468458e-09,1.1527435179666838e-12,5.243359544803567e-13,1.2569037514864357e-15,5.529657155833954e-16,1.2053232309945465e-23,3.458619453988888e-24,1.5676911450940222e-15,4.702012955313726e-16,1.0823671860946386e-18,4.6070308744888855e-19,6.6614018358942955e-18,3.379838984311576e-18,5.917829578977176e-10,2.890579842008321e-10,6.700250386449509e-16,3.155079097046973e-16,4.5060032950703684e-18,1.4496478730219936e-18,6.731680358066774e-20,2.065412946712948e-20,1.485533507395495e-14,4.557911213466615e-15,6.097135883669481e-11,1.8707221261491338e-11,3.3366022956121867e-17,1.0482954275001854e-17,0.010328643882365155,0.0048671246327892876,9.999999999998186e-31,3.3043611258264723e-31,1.5214402451536447e-09,4.66114671155313e-10,2.1679827629464168e-06,6.49009521363279e-07,2.1938685793193341e-10,6.728096067943248e-11,2.3591830477192074e-13,7.069528305136169e-14
0.92,1213.136879684348,5.44932150809514,0.2579889019668385,3.5214574759522943,0.0689322492573877,0.45136753457626444,1.076763789692339e-07,1.4101272548344662e-06,4.086030076650966e-14,3.371375427960606e-14,1.2094525340307905e-14,4.989584606604454e-15,1.6100492588481374e-08,1.2497117354131882e-08,0.20043723150823442,0.14687318930668028,8.624554623467054e-17,3.4493890333489897e-17,3.728665991611169e-14,1.4470854296986597e-14,8.829080283672456e-19,9.703640432863462e-19,3.2591865549790004e-16,3.304684394130447e-16,2.8026294198815622e-11,2.6375413444185577e-11,5.980989473808143e-13,5.6286810185443e-13,1.2141377126901501e-05,1.0660140117403689e-05,0.2053057333889462,0.16893276510056165,0.4262301911145801,0.20087666821425906,0.08608386404267743,0.025821332436149223,5.411032896700144e-08,2.461563787900057e-08,4.909228766122056e-06,2.1583118071428677e-06,2.388152424197478e-10,1.0158338558062135e-10,2.1073145718543392e-12,8.963755685078495e-13,6.660537202538724e-07,2.744024842167203e-07,1.2614160445179023e-12,6.652668719069388e-13,0.0002431367188670672,0.00012326543861881754,2.705881227469153e-08,1.3206997099116847e-08,0.001952536966075885,0.0009187616703795884,3.163257541163833e-07,1.436836825061561e-07,0.0004620067048692175,0.00020282115272465446,8.390385837644565e-11,2.6995377008676062e-11,3.996714242874692e-06,1.2550752919788123e-06,1.1364149482469578e-10,3.568647234469936e-11,1.8112652044065482e-19,1.7070070389136034e-19,5.525769733074321e-18,4.8580932106700455e-18,1.4484096646917092e-14,1.1932899358807059e-14,2.3623608830547882e-09,1.8310680734460634e-09,1.151789377951931e-12,5.238948481980791e-13,1.2549497644909294e-15,5.520985835835917e-16,1.2025356345553373e-23,3.4505737653692475e-24,1.5657542221255389e-15,4.696139790672874e-16,1.0807261449266595e-18,4.599983479821151e-19,6.652666373498213e-18,3.3753610268455852e-18,5.916368126119099e-10,2.8898267891584675e-10,6.696138432245323e-16,3.1531000463255824e-16,4.497231346100699e-18,1.4468061805575183e-18,6.717285833986633e-20,2.0609684631572575e-20,1.4845578681856924e-14,4.5548559696272845e-15,6.095650250503939e-11,1.8702409334975835e-11,3.332834383499165e-17,1.0470974184202873e-17,0.010328643882354306,0.0048670586081808655,9.999999999998188e-31,3.3043163007708223e-31,1.5193320515897082e-09,4.6546248205081736e-10,2.166547017684663e-06,6.485709169457774e-07,2.1921617478134273e-10,6.722770405371998e-11,2.354502994410961e-13,7.055408345734866e-14
0.921,1213.0742721769543,5.449477263212994,0.2579815282152124,3.5253337224685404,0.06893541019915729,0.45138211961352775,1.0759713830200619e-07,1.4090704388585237e-06,4.0786896601698234e-14,3.365273290989499e-14,1.2071896221537211e-14,4.980181542452133e-15,1.60835427678193e-08,1.2483791933025655e-08,0.20042600652286557,0.14686297517270402,8.608228308026221e-17,3.4428127027466343e-17,3.7235266314505976e-14,1.4450712879352666e-14,8.804224971165425e-19,9.676192051452046e-19,3.2514391230175706e-16,3.2967841628019587e-16,2.797911534590752e-11,2.6330657069190148e-11,5.97017691900836e-13,5.618429287464825e-13,1.2131449786819565e-05,1.0651279660541424e-05,0.20529939221468824,0.16892525971605427,0.42624400345764646,0.20088045739746066,0.08608672533036625,0.025821841007047527,5.4085281735668924e-08,2.4603910305786942e-08,4.9093705074538875e-06,2.158344893789752e-06,2.385966074992467e-10,1.0148901177675418e-10,2.104924495888024e-12,8.953467913538227e-13,6.656710493851773e-07,2.742411166441957e-07,1.2579842111963089e-12,6.63447949120205e-13,0.00024276075236422253,0.00012307316444563985,2.7011489320164743e-08,1.3183720942147252e-08,0.001950824612079204,0.0009179434951346086,3.15985529083799e-07,1.4352719943280418e-07,0.00046184098022011513,0.00020274565387755954,8.379012843540789e-11,2.6958420254489175e-11,3.994459760391022e-06,1.2543503372690661e-06,1.1352679024614623e-10,3.5649969251508526e-11,1.8068936311122814e-19,1.7028640368106564e-19,5.517905064630478e-18,4.851113131498971e-18,1.4472569172773648e-14,1.1923240840282994e-14,2.3624729926178946e-09,1.8311301718788208e-09,1.1508367118121463e-12,5.234544363519284e-13,1.2530004684958574e-15,5.512335515477145e-16,1.1997568355653541e-23,3.442553617677454e-24,1.5638212346004779e-15,4.6902786969735e-16,1.079088956338561e-18,4.5929527801879865e-19,6.643949783299531e-18,3.3708928437194365e-18,5.914908924110631e-10,2.889074922823027e-10,6.692032847730614e-16,3.1511241213648625e-16,4.4884832138751785e-18,1.4439722605072652e-18,6.702934937066724e-20,2.0565375329617434e-20,1.4835838431050564e-14,4.5518058660678945e-15,6.0941667740385e-11,1.869760458755562e-11,3.3290739412796326e-17,1.045901812813722e-17,0.01032864388234347,0.004866992697694152,9.999999999998181e-31,3.304271553194039e-31,1.5172286026777862e-09,4.6481177492000845e-10,2.1651136424699538e-06,6.481330488672055e-07,2.190457563428673e-10,6.717453160226053e-11,2.3498361399653834e-13,7.041328482569969e-14
0.922,1213.0117158842645,5.44963297111185,0.25797415712033045,3.5292100797407673,0.06893856605476939,0.45139668134444977,1.0751801116582957e-07,1.4080151706797294e-06,4.071368047313112e-14,3.3591869110357914e-14,1.204932759251541e-14,4.970803801718707e-15,1.60666240784993e-08,1.2470491323244096e-08,0.20041479825489145,0.1468527769457265,8.591945940745251e-17,3.436254205947761e-17,3.7183985727324006e-14,1.4430616198855458e-14,8.779458402846562e-19,9.648842167640956e-19,3.243715949886783e-16,3.288908817973606e-16,2.7932052145738367e-11,2.628601134882028e-11,5.9593921366437e-13,5.608204098952563e-13,1.212153834052699e-05,1.0642433643044722e-05,0.20529306164272418,0.16891776714728335,0.4262577880005169,0.20088423800120228,0.08608958803616172,0.02582235058400104,5.406026141649865e-08,2.4592195858787474e-08,4.9095120812220135e-06,2.158377955563495e-06,2.383784115066769e-10,1.0139482956221883e-10,2.1025396267448953e-12,8.943202773865223e-13,6.65289069478755e-07,2.740800444085668e-07,1.2545644372869826e-12,6.61635450753006e-13,0.00024238568045412292,0.0001228813518372227,2.696428757396563e-08,1.3160504876913456e-08,0.0019491152627119667,0.0009171267769457908,3.1564595482450757e-07,1.433710194890248e-07,0.0004616754820712816,0.0002026702611720934,8.367664084611995e-11,2.692154309358656e-11,3.9922083810954135e-06,1.2536264055121988e-06,1.1341229063746201e-10,3.561353233112915e-11,1.8025359602863984e-19,1.6987342878982467e-19,5.510057704481079e-18,4.844148569424171e-18,1.4461058853544938e-14,1.1913596990522436e-14,2.362584914514651e-09,1.831192165330265e-09,1.1498855156078415e-12,5.230147170609547e-13,1.2510558479523159e-15,5.503706124582122e-16,1.1969867979453566e-23,3.434558905597403e-24,1.5618921732167097e-15,4.684429645148106e-16,1.0774556070991872e-18,4.585938717842412e-19,6.6352520040682335e-18,3.3664344029655498e-18,5.913451967492932e-10,2.888324240067553e-10,6.687933616312019e-16,3.149151313904616e-16,4.479758809392526e-18,1.4411460836436119e-18,6.688627495656502e-20,2.0521201024860473e-20,1.4826114274980794e-14,4.548760887820554e-15,6.092685448779023e-11,1.8692807000663254e-11,3.3253209457719486e-17,1.0447086031564075e-17,0.010328643882332678,0.004866926901037032,9.999999999998174e-31,3.304226882897794e-31,1.5151298838702797e-09,4.641625451739607e-10,2.1636826325137177e-06,6.476959155962252e-07,2.1887560191703578e-10,6.71214430995476e-11,2.3451824353501295e-13,7.027288565704767e-14
0.923,1212.9492106857338,5.449788631894619,0.2579667886769019,3.5330865477354614,0.0689417168365982,0.4514112198265895,1.0743899726280988e-07,1.4069614461821612e-06,4.0640651706243497e-14,3.3531162311953514e-14,1.2026819228982523e-14,4.9614512899356754e-15,1.6049736427733407e-08,1.2457215450142403e-08,0.20040360666185955,0.14684259458502452,8.575707357731341e-17,3.4297134760368095e-17,3.713281777967537e-14,1.4410564105993246e-14,8.7547801785027e-19,9.621590335166657e-19,3.236016936313822e-16,3.281058257252889e-16,2.7885104194897525e-11,2.6241475894394966e-11,5.948635027050649e-13,5.598005357120624e-13,1.2111642743649104e-05,1.063360202415894e-05,0.2052867416496862,0.1689102873644749,0.4262715448131533,0.20088801004775383,0.08609245215696253,0.025822861164620098,5.403526794583271e-08,2.458049450631908e-08,4.909653487621542e-06,2.1584109924316455e-06,2.381606530235774e-10,1.0130083831369972e-10,2.100159946941475e-12,8.932960189564348e-13,6.649077785344441e-07,2.739192666473117e-07,1.2511566676449037e-12,6.59829347300333e-13,0.00024201149983821526,0.0001226899990824595,2.691720658965506e-08,1.313734868074398e-08,0.0019474089086086413,0.0009163115112392978,3.1530702926908787e-07,1.4321514170372592e-07,0.00046151020973784167,0.00020259497428668993,8.356339482681055e-11,2.6884745267161415e-11,3.989960096691055e-06,1.2529034939408712e-06,1.132979953971746e-10,3.557716138748847e-11,1.7981921342886398e-19,1.6946177369380224e-19,5.502227596094746e-18,4.837199473364297e-18,1.4449565643914126e-14,1.1903967770260921e-14,2.3626966492380028e-09,1.8312540540879033e-09,1.1489357853538944e-12,5.225756884247091e-13,1.2491158860060535e-15,5.495097587251621e-16,1.1942254845285319e-23,3.42658952070977e-24,1.5599670238238702e-15,4.678592591601731e-16,1.0758260840281306e-18,4.578941235268892e-19,6.626572974690479e-18,3.3619856726855615e-18,5.91199725081828e-10,2.887574737968818e-10,6.683840720689891e-16,3.1471816153591864e-16,4.4710580444497395e-18,1.4383276210016838e-18,6.674363327502522e-20,2.047716114846357e-20,1.4816406168008273e-14,4.545721020208879e-15,6.091206269252781e-11,1.8688016555834347e-11,3.3215753737442216e-17,1.0435177819114018e-17,0.010328643882321933,0.0048668612179263385,9.999999999998184e-31,3.304182289689848e-31,1.5130358788270542e-09,4.635147876760627e-10,2.1622539804118596e-06,6.472595148200268e-07,2.1870571076842107e-10,6.706843830920752e-11,2.340541829269074e-13,7.013288438449024e-14
0.924,1212.8867564573802,5.449944245673903,0.2579594228791789,3.5369631264191885,0.06894486255716346,0.4514257351181974,1.0736009629920254e-07,1.4059092613041223e-06,4.056780963104638e-14,3.347061194946315e-14,1.2004370906968546e-14,4.9521239127620795e-15,1.603287972333618e-08,1.2443964239546907e-08,0.20039243170179197,0.14683242805014737,8.559512395871877e-17,3.4231904464158637e-17,3.70817621010091e-14,1.439055645295903e-14,8.730189899957493e-19,9.594436110042482e-19,3.2283419833199305e-16,3.273232378554343e-16,2.7838271091687314e-11,2.6197050318876757e-11,5.937905491172189e-13,5.587832966660863e-13,1.2101762952195809e-05,1.0624784763467307e-05,0.20528043221057057,0.16890282033641954,0.42628527396566757,0.20089177355934018,0.08609531768896801,0.025823372746291002,5.4010301262607304e-08,2.4568806217871126e-08,4.909794726871952e-06,2.1584440043712473e-06,2.379433306521945e-10,1.0120703741671341e-10,2.0977854391831598e-12,8.922740084948395e-13,6.645271745765792e-07,2.7375878250797017e-07,1.2477608490932128e-12,6.580296102976378e-13,0.00024163820755401075,0.0001224991046407428,2.6870245938678948e-08,1.3114252139714465e-08,0.001945705541448497,0.0009154976939330134,3.1496875051268177e-07,1.4305956518060976e-07,0.00046134516271641396,0.00020251979297939029,8.345038960278799e-11,2.684802651870282e-11,3.98771489898936e-06,1.2521815998214815e-06,1.1318390392524587e-10,3.55408562249709e-11,1.7938620956670033e-19,1.6905143288738295e-19,5.494414683168414e-18,4.83026579244247e-18,1.443808949904488e-14,1.1894353140629494e-14,2.362808197278689e-09,1.831315838436463e-09,1.147987517106593e-12,5.221373485615825e-13,1.2471805665749438e-15,5.486509830988949e-16,1.1914728589907479e-23,3.4186453570223354e-24,1.5580457748992876e-15,4.672767500622892e-16,1.0742003740086582e-18,4.571960275227311e-19,6.617912634376215e-18,3.3575466211475695e-18,5.910544768662285e-10,2.886826413613863e-10,6.679754143975944e-16,3.1452150173361883e-16,4.462380831087279e-18,1.4355168436973884e-18,6.66014225704568e-20,2.043325515217452e-20,1.480671406433712e-14,4.542686248508104e-15,6.089729230009141e-11,1.8683233234664916e-11,3.3178372021276913e-17,1.0423293415934349e-17,0.010328643882311193,0.004866795648076213,9.999999999998167e-31,3.304137773376123e-31,1.5109465721242187e-09,4.628684975707563e-10,2.1608276799863295e-06,6.468238445927689e-07,2.185360821818763e-10,6.701551700108443e-11,2.3359142717994765e-13,6.999327948240908e-14
0.925,1212.8243530848385,5.450099812537934,0.257952059722568,3.5408398157585776,0.06894800322849867,0.45144022727522154,1.0728130797363393e-07,1.404858611887459e-06,4.049515357614648e-14,3.3410217456641316e-14,1.1981982405225913e-14,4.942821577000454e-15,1.601605387274376e-08,1.2430737617025183e-08,0.20038127333199193,0.14682227730041414,8.543360892685998e-17,3.41668505075392e-17,3.703081831495741e-14,1.437059308973551e-14,8.705687171412434e-19,9.567379050957406e-19,3.220690992904115e-16,3.265431080800979e-16,2.7791552436102045e-11,2.615273423691817e-11,5.927203429924409e-13,5.577686832261914e-13,1.2091898921682308e-05,1.0615981820145868e-05,0.20527413330466293,0.1688953660357758,0.42629897552681895,0.20089552855794238,0.08609818463032004,0.025823885327033835,5.398536129952104e-08,2.4557130960150185e-08,4.909935799127529e-06,2.15847699133494e-06,2.377264429601478e-10,1.0111342624232891e-10,2.0954160859330042e-12,8.912542383326486e-13,6.641472555880265e-07,2.735985911216623e-07,1.2443769253013622e-12,6.562362096213553e-13,0.000241265799988685,0.00012230866664221139,2.6823405154740993e-08,1.3091215021531245e-08,0.0019440051503543177,0.0009146853197443659,3.146311162543483e-07,1.429042888438865e-07,0.0004611803400406773,0.00020244471680546313,8.333762439215283e-11,2.6811386589467003e-11,3.985472779620066e-06,1.2514607203663032e-06,1.1307001562532456e-10,3.550461664921651e-11,1.7895457875122173e-19,1.686424009170011e-19,5.48661890962455e-18,4.8233474759960484e-18,1.442663037332583e-14,1.1884753062150479e-14,2.362919559126616e-09,1.8313775186636006e-09,1.1470407068591334e-12,5.216996955625964e-13,1.2452498725199005e-15,5.477942778667304e-16,1.1887288841668169e-23,3.410726306147438e-24,1.5561284107359078e-15,4.666954323964923e-16,1.0725784639674528e-18,4.564995780678298e-19,6.609270922365024e-18,3.3531172166453762e-18,5.909094515607357e-10,2.886079264099243e-10,6.675673868423799e-16,3.143251511046736e-16,4.453727082130569e-18,1.4327137231052299e-18,6.645964099940967e-20,2.0389482460884667e-20,1.4797037919134563e-14,4.539656558300088e-15,6.088254325608532e-11,1.8678457018824855e-11,3.3141064077494323e-17,1.0411432746875698e-17,0.010328643882300538,0.004866730191210507,9.99999999999818e-31,3.3040933337691335e-31,1.5088619462284538e-09,4.622236693578057e-10,2.1594037219882637e-06,6.463889020509834e-07,2.1836671539878001e-10,6.696267893185914e-11,2.3312997102113733e-13,6.985406934137793e-14
0.926,1212.7620004446012,5.450255332599279,0.25794469920132557,3.544716615720338,0.06895113886308708,0.45145469635577506,1.0720263199329633e-07,1.4038094938844538e-06,4.042268287669728e-14,3.334997827265199e-14,1.195965350214486e-14,4.933544189305993e-15,1.5999258784292015e-08,1.2417535508832204e-08,0.20037013151052752,0.14681214229546025,8.527252686481798e-17,3.410197223037085e-17,3.697998605331982e-14,1.435067386946884e-14,8.681271598804262e-19,9.54041871853412e-19,3.213063867031195e-16,3.2576542628861114e-16,2.7744947829646017e-11,2.6108527264593565e-11,5.91652874502489e-13,5.567566859368094e-13,1.2082050608306002e-05,1.0607193153957562e-05,0.20526784490705938,0.16888792443147166,0.4263126495659088,0.20089927506545072,0.08610105297779917,0.02582439890441642,5.396044799532335e-08,2.4545468702579458e-08,4.910076704603324e-06,2.158509953298383e-06,2.375099885572872e-10,1.0102000417948496e-10,2.0930518700068544e-12,8.902367009502512e-13,6.637680196012904e-07,2.734386916396117e-07,1.2410048443538671e-12,6.544491174779898e-13,0.00024089427433982718,0.00012211868362783083,2.6776683812723557e-08,1.3068237114001103e-08,0.001942307726983367,0.0009138743845823802,3.142941245874998e-07,1.4274931179676728e-07,0.00046101574118884094,0.00020236974551501955,8.322509842567356e-11,2.677482522477273e-11,3.983233730445897e-06,1.25074085285908e-06,1.1295632990198453e-10,3.546844246612274e-11,1.7852431529362186e-19,1.6823467233136535e-19,5.4788402195812805e-18,4.816444473532525e-18,1.441518822207378e-14,1.1875167496096782e-14,2.363030735269274e-09,1.8314390950519286e-09,1.1460953506838832e-12,5.212627275541839e-13,1.2433237887833258e-15,5.469396362315917e-16,1.1859935249592888e-23,3.4028322656353375e-24,1.5542149218957649e-15,4.66115303217995e-16,1.0709603409018158e-18,4.558047694882116e-19,6.600647778295984e-18,3.3486974276737488e-18,5.907646486262557e-10,2.8853332865300827e-10,6.67159987720207e-16,3.1412910881287266e-16,4.445096710374556e-18,1.4299182305906758e-18,6.63182868937609e-20,2.0345842553298244e-20,1.4787377686902705e-14,4.536631934957031e-15,6.086781550626313e-11,1.8673687890001e-11,3.3103829676863325e-17,1.0399595737565646e-17,0.01032864388228988,0.004866664847044731,9.99999999999818e-31,3.3040489706757503e-31,1.5067819857671011e-09,4.6158029819871197e-10,2.157982100162004e-06,6.459546852264135e-07,2.181976097070525e-10,6.690992387240621e-11,2.3266980948619763e-13,6.971525244452443e-14
0.927,1212.6996984089055,5.450410805982759,0.2579373413091293,3.5485935262712673,0.06895426947357376,0.4514691424187303,1.0712406807381986e-07,1.4027619033576447e-06,4.0350396875481396e-14,3.328989384299699e-14,1.1937383975894317e-14,4.924291656249963e-15,1.5982494367528664e-08,1.2404357842165808e-08,0.20035900619628721,0.14680202299543443,8.511187616732449e-17,3.403726897722627e-17,3.692926495538352e-14,1.4330798648220106e-14,8.656942790643305e-19,9.513554676260413e-19,3.205460508025185e-16,3.249901824075687e-16,2.7698456876571295e-11,2.6064429020591798e-11,5.905881339195622e-13,5.557472954376252e-13,1.2072217969093933e-05,1.0598418725392984e-05,0.20526156699058348,0.16888049549046177,0.4263262961528328,0.2009030131039031,0.08610392272671699,0.02582491347554955,5.3935561293757865e-08,2.4533819416844155e-08,4.910217443558217e-06,2.1585428902551023e-06,2.3729396609088646e-10,1.0092677063305258e-10,2.0906927745588605e-12,8.892213889722937e-13,6.633894646982926e-07,2.732790832333451e-07,1.2376445554338486e-12,6.52668306655735e-13,0.00024052362796809804,0.00012192915422133822,2.6730081513581078e-08,1.3045318217671343e-08,0.001940613264682561,0.0009130648851510819,3.139577738783726e-07,1.42594633266408e-07,0.00046085136594861963,0.00020229487899394558,8.311281094569701e-11,2.6738342173679173e-11,3.9809977434981295e-06,1.2500219946361245e-06,1.12842846161899e-10,3.543233348225097e-11,1.7809541352596028e-19,1.678282416993031e-19,5.471078557533941e-18,4.80955673489427e-18,1.4403763001646594e-14,1.1865596404597513e-14,2.363141726191579e-09,1.8315005678808437e-09,1.1451514447391023e-12,5.20826442701801e-13,1.2414022995006887e-15,5.460870510419257e-16,1.1832667455759651e-23,3.394963131051498e-24,1.552305297977018e-15,4.655363592930971e-16,1.0693459918843383e-18,4.551115961423402e-19,6.592043142372635e-18,3.3442872230156762e-18,5.906200675265102e-10,2.884588478023887e-10,6.66753215419521e-16,3.1393337405564005e-16,4.4364896289756295e-18,1.427130337637759e-18,6.617735852919672e-20,2.030233489092389e-20,1.4777733321947204e-14,4.533612363790113e-15,6.085310899671466e-11,1.866892582997436e-11,3.306666859308843e-17,1.0387782314557217e-17,0.010328643882279226,0.004866599615291354,9.999999999998163e-31,3.3040046839007585e-31,1.5047066768493575e-09,4.609383797092229e-10,2.1565628102890235e-06,6.45521192760462e-07,2.1802876442839938e-10,6.685725160395291e-11,2.3221093784898506e-13,6.957682734645023e-14
0.928,1212.6374468589524,5.4505662327905595,0.2579299860407297,3.5524705473782356,0.06895739507212528,0.45148356552065577,1.0704561592263683e-07,1.4017158362654848e-06,4.027829491332877e-14,3.3229963611693494e-14,1.1915173607633536e-14,4.915063885656808e-15,1.5965760531513077e-08,1.2391204543878094e-08,0.20034789734764227,0.14679191936038566,8.495165523405926e-17,3.397274009479388e-17,3.687865465439457e-14,1.4310967279750935e-14,8.632700357583864e-19,9.486786490040494e-19,3.197880819112133e-16,3.24217366456671e-16,2.765207918251251e-11,2.6020439124996405e-11,5.895261115045588e-13,5.547405023598094e-13,1.2062400960501604e-05,1.0589658494466706e-05,0.2052552995321582,0.16887307918339248,0.42633991535639104,0.2009067426951911,0.0861067938738783,0.02582542903803998,5.3910701132209256e-08,2.45221830717885e-08,4.9103580161879505e-06,2.158575802174869e-06,2.3707837417249846e-10,1.0083372499297622e-10,2.0883387824863606e-12,8.882082949167769e-13,6.630115889176786e-07,2.731197650571902e-07,1.2342960051580071e-12,6.508937485933421e-13,0.0002401538576999625,0.00012174007677607847,2.6683597821794247e-08,1.3022458115337081e-08,0.0019389217542940987,0.0009122568169782871,3.1362206210237996e-07,1.4244025230284354e-07,0.00046068721364971894,0.00020222011692749581,8.300076118720371e-11,2.6701937182957814e-11,3.978764810641811e-06,1.2493041429843192e-06,1.1272956381584217e-10,3.539628950554358e-11,1.7766786783131214e-19,1.674231036385883e-19,5.463333868161971e-18,4.802684210100765e-18,1.4392354667536564e-14,1.1856039749096976e-14,2.3632525323773166e-09,1.8315619374322246e-09,1.144208985112826e-12,5.203908391402234e-13,1.2394853885750261e-15,5.452365150458074e-16,1.180548510177765e-23,3.38711879784397e-24,1.5503995257053132e-15,4.649585965279747e-16,1.0677354040329748e-18,4.544200524095138e-19,6.58345695477406e-18,3.339886571451936e-18,5.904757077261933e-10,2.8838448357087516e-10,6.663470682424094e-16,3.1373794599045216e-16,4.427905751796983e-18,1.4243500159637268e-18,6.603685415977321e-20,2.0258958928729034e-20,1.4768104779502182e-14,4.530597830405935e-15,6.08384236737271e-11,1.8664170820624175e-11,3.302958059865516e-17,1.037599240404964e-17,0.010328643882268626,0.004866534495671953,9.999999999998153e-31,3.303960473255125e-31,1.502636003509944e-09,4.6029790887105387e-10,2.1551458451287055e-06,6.450884223914152e-07,2.1786017884194558e-10,6.680466189482874e-11,2.3175335110378393e-13,6.943879251828218e-14
0.929,1212.5752456752252,5.450721613127465,0.25792263339075533,3.5563476790081885,0.06896051567092609,0.4514979657182146,1.0696727524908475e-07,1.4006712885919903e-06,4.020637633447865e-14,3.3170187025634455e-14,1.1893022179138407e-14,4.9058607856155484e-15,1.5949057185726017e-08,1.2378075541158009e-08,0.20033680492316067,0.14678183135050937,8.47918624722219e-17,3.390838493284138e-17,3.6828154785922604e-14,1.4291179618742414e-14,8.608543912356504e-19,9.460113728102192e-19,3.190324703947475e-16,3.234469685001784e-16,2.7605814354815178e-11,2.5976557199544976e-11,5.884667975668703e-13,5.537362973812263e-13,1.2052599539206632e-05,1.0580912421394009e-05,0.20524904250828516,0.1688656754805635,0.4263535072451976,0.20091046386110983,0.08610966641599233,0.02582594558946523,5.3885867448928154e-08,2.4510559636655922e-08,4.910498422694678e-06,2.1586086890302023e-06,2.368632114235148e-10,1.0074086665346096e-10,2.0859898767913283e-12,8.871974113471062e-13,6.626343903098938e-07,2.7296073627044756e-07,1.230959140951715e-12,6.491254151587579e-13,0.00023978496047626297,0.00012155144970356481,2.6637232308346846e-08,1.2999656592991464e-08,0.00193723318697928,0.0009114501757425331,3.1328698728690456e-07,1.4228616797983337e-07,0.0004605232836743803,0.0002021454590240272,8.288894838931085e-11,2.6665610000742403e-11,3.976534923786367e-06,1.248587295204887e-06,1.1261648227620661e-10,3.5360310344477194e-11,1.7724167261823517e-19,1.6701925279155719e-19,5.455606096372616e-18,4.795826849377891e-18,1.4380963175483406e-14,1.1846497491249102e-14,2.3633631543084647e-09,1.831623203986453e-09,1.1432679679149219e-12,5.199559150144302e-13,1.2375730400489892e-15,5.443880210535657e-16,1.1778387831680624e-23,3.379299162167039e-24,1.5484975928524852e-15,4.643820111430419e-16,1.066128564521855e-18,4.537301326936015e-19,6.574889155949282e-18,3.3354954419041025e-18,5.903315686919153e-10,2.883102356722525e-10,6.659415445068398e-16,3.135428237823834e-16,4.419344993056176e-18,1.4215772374029365e-18,6.589677205384325e-20,2.0215714126123214e-20,1.4758492014872548e-14,4.527588320434809e-15,6.08237594837682e-11,1.8659422843887553e-11,3.2992565467167244e-17,1.0364225932602885e-17,0.010328643882258017,0.0048664694879079476,9.99999999999814e-31,3.303916338549736e-31,1.5005699500898143e-09,4.5965888076032143e-10,2.1537311978036536e-06,6.446563719665756e-07,2.1769185223406997e-10,6.675215451562091e-11,2.312970442988304e-13,6.930114644747585e-14
0.93,1212.5130947404891,5.450876947092978,0.2579152833540862,3.560224921128141,0.06896363128203456,0.4515123430674798,1.0688904576172614e-07,1.3996282563124399e-06,4.013464048522858e-14,3.311056353349254e-14,1.187092947360064e-14,4.896682264812176e-15,1.593238423984851e-08,1.2364970761366706e-08,0.20032572888133843,0.1467717589260342,8.463249629630383e-17,3.384420284414336e-17,3.677776498555739e-14,1.427143551990927e-14,8.584473069845945e-19,9.43353596108763e-19,3.1827920667712633e-16,3.226789786628266e-16,2.7559662002564766e-11,2.5932782867670985e-11,5.874101824501391e-13,5.527346712133415e-13,1.2042813661909887e-05,1.0572180466422293e-05,0.2052427958964027,0.1688582843531416,0.4263670718873416,0.20091417662331248,0.08611254035027054,0.025826463127567565,5.386106018101195e-08,2.4498949080184523e-08,4.910638663266723e-06,2.158641550788699e-06,2.366484764626996e-10,1.0064819500772727e-10,2.0836460404836337e-12,8.86188730831448e-13,6.622578669226183e-07,2.728019960315461e-07,1.2276339098568626e-12,6.473632780208018e-13,0.00023941693312133056,0.00012136327135650306,2.6590984538071375e-08,1.2976913433657148e-08,0.0019355475533981367,0.0009106449568876155,3.129525473836682e-07,1.4213237933697532e-07,0.0004603595753100548,0.00020207090495044487,8.277737179219026e-11,2.6629360375552495e-11,3.974308074827542e-06,1.2478714485958704e-06,1.1250360095803838e-10,3.532439580840775e-11,1.7681682232898347e-19,1.6661668383293938e-19,5.447895187304775e-18,4.788984603163986e-18,1.4369588481187303e-14,1.1836969592687781e-14,2.363473592465459e-09,1.8316843678236662e-09,1.1423283892532743e-12,5.195216684690682e-13,1.2356652378544726e-15,5.43541561827955e-16,1.1751375289722285e-23,3.371504120250571e-24,1.5465994864530116e-15,4.638065991383295e-16,1.064525460579275e-18,4.530418314224429e-19,6.566339686550627e-18,3.3311138034026148e-18,5.901876498918143e-10,2.8823610382125537e-10,6.655366425177212e-16,3.13348006590659e-16,4.41080726744978e-18,1.4188119739477417e-18,6.575711047273303e-20,2.0172599940427594e-20,1.4748894983694296e-14,4.524583819613182e-15,6.080911637346047e-11,1.8654681881762124e-11,3.295562297273082e-17,1.0352482826950072e-17,0.010328643882247465,0.004866404591723507,9.999999999998137e-31,3.303872279597308e-31,1.4985085005490384e-09,4.59021290337319e-10,2.1523188608199486e-06,6.442250391493671e-07,2.1752378388427369e-10,6.669972923487891e-11,2.308420124436664e-13,6.916388761009506e-14
0.931,1212.4509939342502,5.4510322347958535,0.2579079359251657,3.564102273705187,0.06896674191764995,0.45152669762520403,1.0681092717379801e-07,1.3985867354632475e-06,4.0063086716778874e-14,3.3051092588031264e-14,1.18488952745736e-14,4.887528232089562e-15,1.591574160424456e-08,1.2351890132399058e-08,0.2003146691811116,0.14676170204744182,8.447355512919549e-17,3.37801931848878e-17,3.672748489350175e-14,1.4251734839766907e-14,8.560487447006001e-19,9.407052761949413e-19,3.1752828121327105e-16,3.2191338710155e-16,2.751362173671563e-11,2.5889115754597375e-11,5.863562565632966e-13,5.517356146298349e-13,1.2033043285756095e-05,1.0563462590189114e-05,0.20523655967233623,0.1688509057708842,0.42638060935104266,0.200917881003407,0.08611541567328265,0.025826981649883597,5.383627926838683e-08,2.448735137239241e-08,4.910778738118327e-06,2.1586743874282265e-06,2.3643416793124527e-10,1.005557094585605e-10,2.0813072567783244e-12,8.851822460256895e-13,6.618820168313175e-07,2.7264354351033796e-07,1.2243202605387747e-12,6.456073097067661e-13,0.00023904977273158534,0.00012117554022564986,2.6544854093692204e-08,1.2954228429106073e-08,0.0019338648452874381,0.0009098411563640537,3.1261874051506494e-07,1.4197888549143135e-07,0.000460196088033945,0.0002019964544568867,8.266603064354712e-11,2.6593188058349198e-11,3.972084255775319e-06,1.247156600490973e-06,1.1239091927820856e-10,3.5288545707272784e-11,1.763933114250496e-19,1.662153914560537e-19,5.440201086347901e-18,4.782157422121374e-18,1.435823054090487e-14,1.1827456015505237e-14,2.3635838473266774e-09,1.831745429221417e-09,1.1413902452829797e-12,5.190880976702732e-13,1.2337619663787737e-15,5.426971303326156e-16,1.1724447125452171e-23,3.363733569852648e-24,1.5447051952065061e-15,4.632323570134756e-16,1.0629260794974887e-18,4.523551430515303e-19,6.557808487585267e-18,3.3267416251601115e-18,5.900439507962573e-10,2.8816208773360533e-10,6.651323606234394e-16,3.1315349359494084e-16,4.40229248994307e-18,1.4160541976793175e-18,6.561786771977522e-20,2.0129615841895422e-20,1.4739313641459518e-14,4.5215843136331214e-15,6.079449428962795e-11,1.864994791630068e-11,3.2918752891227446e-17,1.034076301438634e-17,0.010328643882236933,0.004866339806840279,9.999999999998137e-31,3.303828296208873e-31,1.4964516397915557e-09,4.583851328518289e-10,2.1509088279566076e-06,6.437944219842042e-07,2.1735597309338376e-10,6.66473858276919e-11,2.3038825069485256e-13,6.902701452638044e-14
0.932,1212.388943138682,5.45118747633859,0.2579005910987346,3.567979736706492,0.0689698475898208,0.45154102944742536,1.0673291919719354e-07,1.3975467220647472e-06,3.999171438203052e-14,3.299177364350065e-14,1.1826919367195886e-14,4.8783985969576885e-15,1.589912918941826e-08,1.2338833582276329e-08,0.20030362578134409,0.14675166067525897,8.431503740071296e-17,3.371635531412488e-17,3.66773141495332e-14,1.423207743469244e-14,8.536586662894928e-19,9.380663705999913e-19,3.16779684517446e-16,3.211501840346632e-16,2.7467693169896868e-11,2.5845555487183163e-11,5.853050103451615e-13,5.507391184339119e-13,1.2023288367863984e-05,1.0554758753321704e-05,0.20523033381304412,0.16884353970459096,0.426394119703998,0.2009215770228771,0.08611829238209734,0.025827501154115796,5.38115246494632e-08,2.4475766482629376e-08,4.910918647446838e-06,2.1587071989205607e-06,2.362202844652922e-10,1.004634094067374e-10,2.0789735088781174e-12,8.841779495819361e-13,6.615068381056553e-07,2.724853778745736e-07,1.2210181411914459e-12,6.438574824984939e-13,0.0002386834762712805,0.00012098825473502447,2.6498840549825997e-08,1.2931601367185583e-08,0.0019321850537507323,0.0009090387698256066,3.1228556470684587e-07,1.4182568551668204e-07,0.0004600328212042948,0.0002019221072414454,8.25549241915744e-11,2.655709280029886e-11,3.969863458619456e-06,1.2464427482187603e-06,1.1227843665647996e-10,3.5252759851966515e-11,1.7597113440225516e-19,1.6581537038721421e-19,5.432523739115204e-18,4.775345257118211e-18,1.434688931078769e-14,1.1817956721720601e-14,2.3636939193689636e-09,1.831806388457168e-09,1.1404535321517907e-12,5.186552007814495e-13,1.2318632100482506e-15,5.418547195495432e-16,1.1697602990096191e-23,3.355987409224864e-24,1.5428147070390195e-15,4.626592810369022e-16,1.0613304086231938e-18,4.51670062060473e-19,6.549295500240908e-18,3.3223788764867665e-18,5.899004708771287e-10,2.8808818712599166e-10,6.647286971543025e-16,3.129592839667026e-16,4.393800575984196e-18,1.4133038808381507e-18,6.547904210291673e-20,2.0086761302263293e-20,1.4729747944027424e-14,4.5185897883042314e-15,6.077989317926296e-11,1.864522092962219e-11,3.2881954998901157e-17,1.0329066422336752e-17,0.010328643882226433,0.004866275132983009,9.999999999998134e-31,3.3037843881975503e-31,1.4943993522275704e-09,4.577504034032697e-10,2.1495010922168625e-06,6.433645182839991e-07,2.1718841915314642e-10,6.659512406644072e-11,2.2993575415290166e-13,6.889052569998455e-14
0.933,1212.3269422384174,5.451342671817979,0.25789324886980497,3.5718573100992907,0.06897294831046091,0.451555338589555,1.066550215432109e-07,1.3965082121309435e-06,3.992052283608073e-14,3.2932606156044345e-14,1.1805001537846775e-14,4.8692932694512495e-15,1.5882546906108077e-08,1.2325801039218841e-08,0.20029259864081236,0.14674163477004049,8.415694154814462e-17,3.3652688593983834e-17,3.662725239353522e-14,1.421246316113021e-14,8.512770338742606e-19,9.354368370984384e-19,3.1603340716335934e-16,3.203893597419414e-16,2.742187591652717e-11,2.580210169403016e-11,5.842564342707356e-13,5.497451734641989e-13,1.2013548865399326e-05,1.0546068916500662e-05,0.2052241182964724,0.16883618612597776,0.4264076030133717,0.20092526470307,0.08612117047430955,0.025828021638139752,5.378679626155204e-08,2.4464194379765388e-08,4.911058391435526e-06,2.158739985232546e-06,2.3600682469876886e-10,1.0037129425222997e-10,2.076644779998034e-12,8.831758341589489e-13,6.611323288133009e-07,2.723274982914588e-07,1.2177274994340631e-12,6.421137683777912e-13,0.0002383180405503684,0.00012080141323068811,2.6452943474650728e-08,1.2909032032632577e-08,0.001930508169382713,0.0009082377926877635,3.119530179087333e-07,1.4167277845188503e-07,0.00045986977408416614,0.00020184786296060066,8.244405168550751e-11,2.65210743529502e-11,3.967645675329346e-06,1.245729889102566e-06,1.1216615251498328e-10,3.521703805417379e-11,1.7555028579024376e-19,1.6541661538524113e-19,5.424863091458304e-18,4.768548059241146e-18,1.43355647469768e-14,1.180847167335726e-14,2.3638038090676887e-09,1.8318672458082723e-09,1.1395182460076125e-12,5.182229759666576e-13,1.2299689528223263e-15,5.410143222564947e-16,1.1670842531652076e-23,3.348265535705035e-24,1.5409280087101065e-15,4.620873671279791e-16,1.059738435354512e-18,4.509865829516887e-19,6.5408006659221146e-18,3.3180255268085687e-18,5.897572096077988e-10,2.8801440171604463e-10,6.6432565042787e-16,3.1276537687172657e-16,4.385331441514128e-18,1.4105609958271575e-18,6.534063189456958e-20,2.0044035782433735e-20,1.4720197847598796e-14,4.515600229545621e-15,6.076531298950701e-11,1.864050090390524e-11,3.284522907256339e-17,1.03173929784202e-17,0.010328643882215984,0.004866210569879338,9.999999999998137e-31,3.303740555378431e-31,1.4923516218828983e-09,4.5711709697417903e-10,2.148095645981768e-06,6.429353256761264e-07,2.1702112134814213e-10,6.654294372138271e-11,2.294845178815914e-13,6.87544196237555e-14
0.934,1212.2649911078702,5.451497821358222,0.2578859092320935,3.5757349938509067,0.06897604409195944,0.45156962510926113,1.0657723393405306e-07,1.3954712018166478e-06,3.984951144201253e-14,3.287358958839431e-14,1.1783141572155642e-14,4.860212159296541e-15,1.586599466624989e-08,1.2312792432362966e-08,0.2002815877193906,0.14673162429287706,8.399926601786231e-17,3.358919239023388e-17,3.657729927532033e-14,1.4192891879368363e-14,8.489038097632074e-19,9.32816633670767e-19,3.152894397193074e-16,3.1963090449807597e-16,2.7376169592904324e-11,2.575875400550349e-11,5.832105189128552e-13,5.487537706513936e-13,1.200382473643645e-05,1.0537393041190273e-05,0.20521791309580767,0.1688288450025335,0.42642105934730384,0.2009289440654133,0.08612404994540546,0.02582854309915037,5.3762094049495165e-08,2.4452635036055754e-08,4.911197970342042e-06,2.1587727463596663e-06,2.3579378731729595e-10,1.0027936341688297e-10,2.0743210537858657e-12,8.821758925987884e-13,6.607584870851022e-07,2.7216990395383036e-07,1.2144482872001605e-12,6.403761416028995e-13,0.00023795346317729513,0.00012061501446340852,2.640716248339763e-08,1.2886520233145573e-08,0.0019288341857605989,0.0009074382217680785,3.1162109853703815e-07,1.4152016354795387e-07,0.00045970694646954986,0.00020177372150441465,8.233341238974979e-11,2.648513247271292e-11,3.9654308981500665e-06,1.2450180205503786e-06,1.1205406627690644e-10,3.5181380125871864e-11,1.751307601192923e-19,1.650191212097775e-19,5.417219089482979e-18,4.761765779797404e-18,1.4324256806834892e-14,1.1799000833428778e-14,2.3639135168954778e-09,1.8319280015464806e-09,1.1385843831007682e-12,5.177914214358461e-13,1.228079180312925e-15,5.401759319579115e-16,1.1644165414441205e-23,3.340567851318172e-24,1.539045092260356e-15,4.615166127893432e-16,1.058150147166878e-18,4.503047002603087e-19,6.5323239265405415e-18,3.313681545806365e-18,5.89614166464726e-10,2.8794073122240987e-10,6.639232188724767e-16,3.1257177152748926e-16,4.37688500245461e-18,1.4078255150434935e-18,6.520263550887117e-20,2.0001438786802492e-20,1.4710663307641975e-14,4.5126156230453324e-15,6.07507536677657e-11,1.8635787821377428e-11,3.2808574892194066e-17,1.0305742611241038e-17,0.010328643882205536,0.004866146117247805,9.999999999998134e-31,3.3036967975604367e-31,1.4903084353183295e-09,4.564852093233043e-10,2.146692485184601e-06,6.425068428502554e-07,2.1685407901841766e-10,6.649084457969185e-11,2.2903453730870603e-13,6.861869489963024e-14
0.935,1212.203089632997,5.451652925054309,0.2578785721807,3.5796127879287307,0.06897913494610161,0.45158388906132746,1.0649955608343172e-07,1.3944356871694599e-06,3.9778679561241705e-14,3.281472340204751e-14,1.1761339258658852e-14,4.8511551774405524e-15,1.5849472381396358e-08,1.2299807690586935e-08,0.20027059297626346,0.14672162920471096,8.384200926276799e-17,3.352586607140625e-17,3.65274544380891e-14,1.4173363447180882e-14,8.465389565082595e-19,9.302057185714525e-19,3.145477728603472e-16,3.188748086877526e-16,2.7330573817191006e-11,2.5715512053827903e-11,5.82167254839901e-13,5.477649009243539e-13,1.1994115938522982e-05,1.0528731088423471e-05,0.20521171818934125,0.16882151630635492,0.4264344887726241,0.2009326151311939,0.08612693079274406,0.025829065534966063,5.373741795107325e-08,2.4441088420608324e-08,4.911337384349455e-06,2.158805482269772e-06,2.3558117096715153e-10,1.0018761630612477e-10,2.072002313614102e-12,8.81178117629434e-13,6.603853110060454e-07,2.720125940364004e-07,1.2111804522026157e-12,6.386445742106427e-13,0.00023758974089645992,0.00012042905674644195,2.636149714692351e-08,1.2864065754822644e-08,0.001927163093492637,0.0009066400524900443,3.112898045506155e-07,1.4136783984850575e-07,0.0004595443376208174,0.00020169968252837733,8.222300556030564e-11,2.6449266913389385e-11,3.963219119114367e-06,1.2443071399069235e-06,1.1194217736959311e-10,3.5145785880453215e-11,1.7471255197799313e-19,1.6462288267634329e-19,5.409591679547188e-18,4.754998370333329e-18,1.4312965446881906e-14,1.1789544164288684e-14,2.3640230433240544e-09,1.83198865594718e-09,1.137651939612278e-12,5.173605353689645e-13,1.2261938762973762e-15,5.393395413533812e-16,1.161757128701609e-23,3.332894253583574e-24,1.537165943290528e-15,4.60947013594049e-16,1.0565655315760788e-18,4.496244085403672e-19,6.523865224042657e-18,3.309346903190402e-18,5.894713409250709e-10,2.878671753648104e-10,6.63521400817929e-16,3.1237846710595204e-16,4.368461175603188e-18,1.4050974111724375e-18,6.506505121031361e-20,1.9958969773961726e-20,1.4701144280763455e-14,4.509635954853402e-15,6.073621516163371e-11,1.8631081664371753e-11,3.2771992236640314e-17,1.0294115249081865e-17,0.01032864388219514,0.004866081774818663,9.999999999998139e-31,3.3036531145604204e-31,1.4882697766544032e-09,4.558547354635928e-10,2.1452916022019007e-06,6.420790674333285e-07,2.1668729145375483e-10,6.643882641332287e-11,2.2858580754456794e-13,6.848335003475474e-14
0.936,1212.1412376968115,5.451807983009505,0.25787123771033416,3.5834906923002268,0.06898222088480455,0.45159813050117253,1.0642198770830051e-07,1.3934016642793813e-06,3.9708026559003243e-14,3.275600706169678e-14,1.1739594386282601e-14,4.842122234998596e-15,1.583297996357744e-08,1.2286846743143154e-08,0.2002596143709609,0.1467116494666723,8.368516974261572e-17,3.346270900882559e-17,3.64777175285616e-14,1.4153877723717959e-14,8.441824368440757e-19,9.276040502593212e-19,3.13808397289271e-16,3.1812106272460594e-16,2.728508820903535e-11,2.567237547265625e-11,5.811266326713198e-13,5.467785552607513e-13,1.1984422429503379e-05,1.0520083019494424e-05,0.20520553355398138,0.16881420000832337,0.42644789135618344,0.20093627792160804,0.08612981301324478,0.025829588943260984,5.3712767906102604e-08,2.442955450345075e-08,4.911476633660854e-06,2.1588381929384507e-06,2.3536897431145265e-10,1.0009605233257204e-10,2.0696885430103378e-12,8.801825020452881e-13,6.600127986810796e-07,2.7185556772208713e-07,1.2079239439992084e-12,6.369190392129857e-13,0.0002372268707726624,0.00012024353855557631,2.6315947051007512e-08,1.2841668391061235e-08,0.001925494884042605,0.000905843280679797,3.109591340417642e-07,1.4121580645781233e-07,0.00045938194694486955,0.00020162574575224122,8.211283045906162e-11,2.641347743069219e-11,3.9610103303451116e-06,1.24359724454504e-06,1.1183048522178109e-10,3.511025513175696e-11,1.7429565597273305e-19,1.6422789461767288e-19,5.4019808082045735e-18,4.748245782570967e-18,1.4301690624008273e-14,1.178010162859588e-14,2.3641323888232238e-09,1.832049209283338e-09,1.1367209117555198e-12,5.16930315960704e-13,1.224313025391785e-15,5.385051435119918e-16,1.1591059806880331e-23,3.3252446425971095e-24,1.5352905502208174e-15,4.603785659608855e-16,1.0549845761548392e-18,4.4894570237055655e-19,6.515424500646492e-18,3.305021568810858e-18,5.893287324680419e-10,2.877937338638749e-10,6.631201946271451e-16,3.1218546279463894e-16,4.360059877980037e-18,1.4023766569732125e-18,6.49278773343909e-20,1.9916628224328663e-20,1.469164072344858e-14,4.506661210982547e-15,6.072169741887573e-11,1.8626382415267215e-11,3.273548088607413e-17,1.0282510820645812e-17,0.010328643882184735,0.004866017542319785,9.999999999998132e-31,3.303609506193646e-31,1.4862356307591851e-09,4.552256706373223e-10,2.1438929904073217e-06,6.416519973507185e-07,2.1652075796045557e-10,6.638688899929748e-11,2.281383238115315e-13,6.834838356996453e-14
0.937,1212.0794351799373,5.451962995334084,0.25786390581537566,3.5873687069329376,0.06898530192007805,0.4516123494846566,1.063445285293838e-07,1.3923691292859322e-06,3.963755180488244e-14,3.269744003567331e-14,1.1717906744548483e-14,4.833113243339756e-15,1.5816517325422687e-08,1.2273909519754807e-08,0.200248651863413,0.14670168504014,8.352874592513568e-17,3.3399720577063824e-17,3.6428088197294326e-14,1.4134434569630823e-14,8.418342137058548e-19,9.250115874172291e-19,3.13071303742734e-16,3.173696570574725e-16,2.7239712389893032e-11,2.5629343897375982e-11,5.800886430854365e-13,5.457947246944933e-13,1.1974744167595878e-05,1.0511448796027546e-05,0.20519935916543627,0.1688068960782797,0.4264612671649254,0.20093993245782313,0.08613269660326665,0.025830113321532466,5.368814385659386e-08,2.4418033255606017e-08,4.9116157184989754e-06,2.158870878349173e-06,2.3515719603150633e-10,1.0000467091661785e-10,2.0673797256729323e-12,8.791890387139557e-13,6.596409482377482e-07,2.7169882420313624e-07,1.2046787134239261e-12,6.351995102971943e-13,0.00023686485007920458,0.00012005845847241995,2.6270511795273398e-08,1.2819327942033582e-08,0.0019238295496940463,0.0009050479025493909,3.10629085233252e-07,1.410640625394646e-07,0.00045921977399325856,0.00020155191095922134,8.200288635438687e-11,2.63777637824409e-11,3.958804524062981e-06,1.2428883318682728e-06,1.1171898926432325e-10,3.50747876943002e-11,1.73880066730735e-19,1.6383415188660198e-19,5.394386422253281e-18,4.7415079684516356e-18,1.4290432295562366e-14,1.1770673189388292e-14,2.3642415538608107e-09,1.8321096618257133e-09,1.1357912957827874e-12,5.165007614235523e-13,1.222436612701721e-15,5.37672731718744e-16,1.1564630637165025e-23,3.317618920078037e-24,1.5334189026948668e-15,4.598112666758129e-16,1.0534072685388414e-18,4.482685763568509e-19,6.5070016988933655e-18,3.300705512684534e-18,5.891863405749835e-10,2.8772040644122207e-10,6.627195986974244e-16,3.119927577972767e-16,4.351681026896913e-18,1.3996632253013523e-18,6.479111226051814e-20,1.9874413631839938e-20,1.4682152592113806e-14,4.503691377424844e-15,6.070720038746619e-11,1.8621690056503563e-11,3.2699040622221823e-17,1.027092925513002e-17,0.010328643882174368,0.00486595341947746,9.999999999998128e-31,3.303565972274276e-31,1.4842059832252184e-09,4.545980103090903e-10,2.1424966441429448e-06,6.412256308177115e-07,2.1635447786178e-10,6.633503211984773e-11,2.2769208144605185e-13,6.821379408041168e-14
0.9380000000000001,1212.0176819725834,5.452117962113941,0.2578565764913583,3.591246831794467,0.06898837806344794,0.4516265460653477,1.0626717825975718e-07,1.3913380782318426e-06,3.956725466691347e-14,3.263902179115341e-14,1.1696276125577467e-14,4.824128114924507e-15,1.5800084379164524e-08,1.226099594987062e-08,0.20023770541283878,0.14669173588626566,8.337273628377814e-17,3.3336900153114586e-17,3.6378566089025185e-14,1.4115033843357993e-14,8.394942502472895e-19,9.22428288973889e-19,3.123364830497111e-16,3.1662058223037454e-16,2.7194445982777282e-11,2.5586416964932733e-11,5.790532767553336e-13,5.448134002566452e-13,1.1965081110516625e-05,1.0502828379232851e-05,0.2051931950036825,0.16879960448991152,0.4264746162644671,0.20094357876077235,0.08613558156107878,0.02583063866790138,5.3663545738328736e-08,2.4406524645317727e-08,4.911754639021659e-06,2.158903538461106e-06,2.349458347740966e-10,9.991347146424452e-11,2.065075845057354e-12,8.781977204023488e-13,6.592697577622863e-07,2.7154236265542584e-07,1.2014447081638872e-12,6.334859594950885e-13,0.00023650367543419707,0.0001198738147469005,2.622519094216538e-08,1.2797044189817565e-08,0.0019221670801957834,0.00090425391312079,3.1029965595591314e-07,1.4091260707946137e-07,0.0004590578178554394,0.00020147817773015652,8.189317250734842e-11,2.6342125724188505e-11,3.956601692305652e-06,1.2421803992255675e-06,1.1160768893158612e-10,3.503938338379772e-11,1.7346577893020065e-19,1.6344164938484258e-19,5.386808468696754e-18,4.7347848801123455e-18,1.4279190418109896e-14,1.1761258809088126e-14,2.3643505389038314e-09,1.832170013847988e-09,1.1348630878828564e-12,5.160718699423996e-13,1.2205646221637796e-15,5.368422987463392e-16,1.1538283431494835e-23,3.3100169850349946e-24,1.5315509860070236e-15,4.592451112219733e-16,1.0518335964012428e-18,4.475930251226909e-19,6.4985967613390596e-18,3.296398704845784e-18,5.890441647278517e-10,2.876471928193786e-10,6.623196113404928e-16,3.1180035127804163e-16,4.3433245404091636e-18,1.3969570892572893e-18,6.465475427211044e-20,1.9832325461076625e-20,1.4672679844125833e-14,4.500726440474709e-15,6.06927240154883e-11,1.8617004570593282e-11,3.266267122572677e-17,1.0259370481420889e-17,0.010328643882164064,0.004865889406027543,9.99999999999812e-31,3.303522512622968e-31,1.4821808175645425e-09,4.5397174930771654e-10,2.1411025546994305e-06,6.407999651378863e-07,2.161884504376929e-10,6.628325554409477e-11,2.2724707551180704e-13,6.807958005981668e-14
0.9390000000000001,1211.9559779494498,5.452272883476232,0.2578492497318655,3.595125066852509,0.06899144932717788,0.45164072030032637,1.0618993662882218e-07,1.3903085073701863e-06,3.949713452390195e-14,3.2580751804164373e-14,1.1674702319562326e-14,4.815166761413774e-15,1.578368103871954e-08,1.2248105964220315e-08,0.20022677498000585,0.14668180196691677,8.321713930223332e-17,3.327424711803791e-17,3.632915086286779e-14,1.4095675408892085e-14,8.371625097990891e-19,9.198541140537748e-19,3.1160392600814743e-16,3.158738287559294e-16,2.7149288612727118e-11,2.554359431414618e-11,5.780205244826854e-13,5.43834573098695e-13,1.1955433217317183e-05,1.0494221731467846e-05,0.20518704104148583,0.16879232521049028,0.4264879387219891,0.20094721685154054,0.08613846788182951,0.02583116497947804,5.3638973498532454e-08,2.439502864596909e-08,4.911893395499529e-06,2.158936173276725e-06,2.347348892621396e-10,9.982245341359549e-11,2.062776885244403e-12,8.772085401416401e-13,6.588992254341854e-07,2.7138618229257176e-07,1.1982218820331712e-12,6.317783620698069e-13,0.00023614334461281877,0.00011968960621524971,2.6179984123984582e-08,1.277481695056522e-08,0.0019205074698020895,0.0009034613095334475,3.099708447445129e-07,1.4076143938318077e-07,0.00045889607843146004,0.00020140454600111362,8.17836882003161e-11,2.630656301829447e-11,3.954401827503717e-06,1.2414734440860474e-06,1.1149658365785345e-10,3.500404201586247e-11,1.730527872362411e-19,1.6305038200181628e-19,5.379246894814724e-18,4.728076469925146e-18,1.4267964950035468e-14,1.1751858451587515e-14,2.364459344416143e-09,1.8322302656160478e-09,1.1339362843959866e-12,5.156436397698027e-13,1.218697039677546e-15,5.360138382301166e-16,1.1512017862356195e-23,3.3024387418879844e-24,1.5296867929808902e-15,4.586800973393542e-16,1.0502635474993395e-18,4.469190433266604e-19,6.4902096311992654e-18,3.2921011156578693e-18,5.889022044122521e-10,2.875740927218655e-10,6.619202310339075e-16,3.1160824247839864e-16,4.334990336360834e-18,1.3942582218724117e-18,6.451880182183269e-20,1.9790363228531648e-20,1.4663222435660897e-14,4.4977663860503584e-15,6.067826825130672e-11,1.861232594008407e-11,3.2626372481648734e-17,1.0247834429771508e-17,0.010328643882153769,0.0048658255016918,9.999999999998107e-31,3.303479127050843e-31,1.4801601210934423e-09,4.533468836264711e-10,2.1397107187509584e-06,6.403749992244762e-07,2.1602267505057508e-10,6.623155906626995e-11,2.2680330161278474e-13,6.794574016372668e-14
0.9400000000000001,1211.8943230022574,5.452427759504421,0.257841925532549,3.5990034120748176,0.06899451572266752,0.451654872242555,1.0611280335109574e-07,1.3892804127645394e-06,3.942719074937475e-14,3.252262954655063e-14,1.1653185120891912e-14,4.8062290962253465e-15,1.5767307216982634e-08,1.223523949279231e-08,0.20021586052441467,0.14667188324354075,8.306195346838797e-17,3.3211760854754073e-17,3.6279842166101966e-14,1.4076359125699511e-14,8.348389559186531e-19,9.172890220375086e-19,3.1087362354399006e-16,3.1512938727855996e-16,2.7104239906187282e-11,2.5500875585288167e-11,5.769903770229313e-13,5.428582343315027e-13,1.1945800445990785e-05,1.0485628814202675e-05,0.20518089725930835,0.1687850582142014,0.4265012346026378,0.200950846750939,0.08614135556381496,0.02583169225440533,5.361442707291876e-08,2.438354522579705e-08,4.9120319880855615e-06,2.1589687827541804e-06,2.3452435815078983e-10,9.973161617441378e-11,2.0604828298103454e-12,8.762214907523168e-13,6.585293493510343e-07,2.712302822954983e-07,1.195010182957223e-12,6.300766901842944e-13,0.00023578385419901858,0.00011950583111049931,2.6134890903931522e-08,1.2752646006776354e-08,0.0019188507081301872,0.0009026700867490449,3.0964264941480065e-07,1.4061055843008106e-07,0.00045873455477939167,0.0002013310153393523,8.167443270000291e-11,2.6271075422202465e-11,3.95220492174452e-06,1.2407674638157432e-06,1.1138567288253546e-10,3.4968763407862416e-11,1.7264108638380204e-19,1.626603446938179e-19,5.371701648072557e-18,4.721382690447349e-18,1.4256755848155867e-14,1.1742472079533306e-14,2.3645679708613474e-09,1.8322904174018128e-09,1.1330108815337875e-12,5.152160691018547e-13,1.2168338493541466e-15,5.351873430214286e-16,1.1485833587298512e-23,3.2948840907932245e-24,1.5278263084277565e-15,4.581162203674275e-16,1.0486971096183904e-18,4.462466256414089e-19,6.481840251505826e-18,3.28781271540579e-18,5.88760459113684e-10,2.8750110587318183e-10,6.615214560945353e-16,3.114164305653547e-16,4.32667833361552e-18,1.3915665965137642e-18,6.438325321280452e-20,1.974852640494635e-20,1.4653780324488597e-14,4.494811200576185e-15,6.066383304340308e-11,1.860765414762609e-11,3.259014417232533e-17,1.0236321029624239e-17,0.010328643882143513,0.004865761706208737,9.999999999998102e-31,3.3034358153803617e-31,1.4781438772912353e-09,4.527234080855277e-10,2.1383211274019235e-06,6.39950730326241e-07,2.1585715098257279e-10,6.617994245626485e-11,2.2636075483642655e-13,6.781227289332603e-14
0.9410000000000001,1211.8327170132038,5.452582590307455,0.2578346038878559,3.6028818674292236,0.06899757726177483,0.45166900194719245,1.060357781515444e-07,1.3882537906134594e-06,3.935742272451375e-14,3.2464654496473204e-14,1.1631724322811135e-14,4.7973150323063056e-15,1.5750962828001534e-08,1.2222396466457549e-08,0.20020496200648602,0.14666197967800723,8.290717727897301e-17,3.314944074972872e-17,3.623063965540124e-14,1.4057084856883575e-14,8.325235523443401e-19,9.147329725067972e-19,3.1014556658034717e-16,3.1438724844020946e-16,2.7059299491409924e-11,2.5458260420327714e-11,5.759628252258845e-13,5.418843751547632e-13,1.1936182755408614e-05,1.0477049589665299e-05,0.2051747636331424,0.16877780347126087,0.426514503972325,0.20095446847978304,0.08614424460360434,0.02583222049026291,5.358990640433922e-08,2.4372074356247594e-08,4.91217041700218e-06,2.159001366878335e-06,2.343142401442303e-10,9.96409591771899e-11,2.0581936627428525e-12,8.752365652291379e-13,6.581601276704288e-07,2.710746618694801e-07,1.1918095628296663e-12,6.28380918095208e-13,0.0002354252015134941,0.0001193224880390718,2.6089910889287624e-08,1.2730531162461053e-08,0.0019171967876046997,0.0009018802410489342,3.093150682216215e-07,1.4045996339888963e-07,0.0004585732464603934,0.0002012575855326235,8.156540528714246e-11,2.623566269784978e-11,3.950010967356438e-06,1.2400624558545856e-06,1.1127495604508354e-10,3.493354737714219e-11,1.7223067110906865e-19,1.622715324185332e-19,5.3641726761788635e-18,4.71470349444758e-18,1.4245563070463858e-14,1.1733099656526036e-14,2.3646764187005935e-09,1.832350469472039e-09,1.132086875606422e-12,5.147891561788286e-13,1.2149750363232948e-15,5.343628064194828e-16,1.1459730274037035e-23,3.2873529348272667e-24,1.5259695222362853e-15,4.575534771677944e-16,1.0471342706106612e-18,4.455757667679399e-19,6.473488565782238e-18,3.2835334746218117e-18,5.886189283204105e-10,2.874282319987153e-10,6.61123284943985e-16,3.1122491475479936e-16,4.318388451039457e-18,1.3888821865497118e-18,6.424810683761515e-20,1.9706814488523465e-20,1.4644353467688535e-14,4.4918608702590014e-15,6.064941834045251e-11,1.8602989175898893e-11,3.2553986083121286e-17,1.0224830211363332e-17,0.010328643882133276,0.004865698019308315,9.999999999998104e-31,3.303392577428199e-31,1.4761320720195098e-09,4.521013182344788e-10,2.1369337751038637e-06,6.395271566928493e-07,2.156918775671339e-10,6.612840549961652e-11,2.2591943061215255e-13,6.767917685228293e-14
0.9420000000000001,1211.7711598580618,5.4527373760119495,0.25782728479139955,3.606760432883648,0.06900063395663152,0.4516831094706799,1.0595886076250047e-07,1.3872286372110159e-06,3.9287829836601034e-14,3.240682613714822e-14,1.1610319718836346e-14,4.7884244827199725e-15,1.573464778672569e-08,1.2209576816782625e-08,0.20019407938751213,0.14665209123266804,8.275280923902225e-17,3.308728619277806e-17,3.618154299434081e-14,1.4037852468226616e-14,8.302162630001466e-19,9.121859252501648e-19,3.094197460532355e-16,3.1364740289651236e-16,2.7014466998484553e-11,2.541574846297591e-11,5.749378600185062e-13,5.409129868411519e-13,1.1926580105085763e-05,1.0468484020642905e-05,0.20516864013596753,0.1687705609492242,0.42652774689766826,0.20095808205899512,0.0861471349961482,0.025832749684116568,5.3565411440577615e-08,2.4360616010988412e-08,4.912308682520555e-06,2.1590339256530774e-06,2.3410453398188985e-10,9.955048186736512e-11,2.055909368332895e-12,8.742537566957283e-13,6.577915585939827e-07,2.709193202377329e-07,1.1886199763358755e-12,6.266910215329322e-13,0.00023506738438710696,0.0001191395758659943,2.6045043717835607e-08,1.2708472236520613e-08,0.0019155457025727012,0.0009010917696183558,3.0898809972073584e-07,1.4030965360493532e-07,0.0004584121533796372,0.0002011842565194731,8.145660525356475e-11,2.620032461074378e-11,3.947819956871775e-06,1.2393584177055674e-06,1.1116443258739289e-10,3.489839374180034e-11,1.7182153615857947e-19,1.618839401437325e-19,5.356659927092323e-18,4.708038834914873e-18,1.423438657579434e-14,1.1723741146852618e-14,2.3647846883925335e-09,1.8324104220894755e-09,1.1311642629946458e-12,5.143628992727984e-13,1.2131205871069202e-15,5.3354022233599e-16,1.1433707604248618e-23,3.279845181077818e-24,1.5241164274526798e-15,4.569918655487436e-16,1.0455750184025248e-18,4.449064614389255e-19,6.46515451796291e-18,3.2792633640466647e-18,5.884776115234394e-10,2.873554708249201e-10,6.607257160771762e-16,3.1103369429690945e-16,4.310120607625358e-18,1.386204965390686e-18,6.411336120732178e-20,1.9665227013832873e-20,1.463494182194627e-14,4.488915381181784e-15,6.063502409142235e-11,1.8598331007653875e-11,3.2517898001771797e-17,1.0213361906115337e-17,0.010328643882123057,0.004865634440715157,9.999999999998088e-31,3.3033494130073883e-31,1.4741246927781544e-09,4.5148061012472855e-10,2.1355486585980123e-06,6.391042772587723e-07,2.1552685417505994e-10,6.607694799327364e-11,2.254793246098892e-13,6.754645071638961e-14
0.9430000000000001,1211.7096514333552,5.452892116691127,0.2578199682393194,3.6106391084060645,0.06900368581832204,0.45169719486447235,1.058820508993755e-07,1.3862049486361244e-06,3.921841146692835e-14,3.2349143947044227e-14,1.1588971106451161e-14,4.7795573621953135e-15,1.5718362006999548e-08,1.219678047453687e-08,0.20018321262725391,0.14664221786936865,8.259884785830507e-17,3.302529657581634e-17,3.613255183274678e-14,1.401866182025165e-14,8.27917052061564e-19,9.096478403400848e-19,3.0869615304751633e-16,3.1290984145623316e-16,2.6969742059155907e-11,2.5373339358648095e-11,5.739154722762964e-13,5.399440606181691e-13,1.1916992453370346e-05,1.0459932068947478e-05,0.20516252675003893,0.16876333062398324,0.42654096344290443,0.20096168750920812,0.08615002674013814,0.02583327983426147,5.354094211606404e-08,2.4349170157721002e-08,4.912446784772901e-06,2.1590664590301868e-06,2.338952383245009e-10,9.94601836574023e-11,2.0536299302880497e-12,8.732730580321171e-13,6.57423640229261e-07,2.7076425658597486e-07,1.1854413704492623e-12,6.250069721668414e-13,0.0002347103990935058,0.00011895709266771022,2.600028894472915e-08,1.2686469007613072e-08,0.001913897441884574,0.0009003046670611289,3.086617416192534e-07,1.4015962797887376e-07,0.0004582512744485344,0.0002011110278031874,8.134803187221158e-11,2.616506092045516e-11,3.9456318823854985e-06,1.2386553467399482e-06,1.1105410195570723e-10,3.486330232147094e-11,1.714136763582191e-19,1.6149756291312228e-19,5.349163348993848e-18,4.7013886650589544e-18,1.4223226321233057e-14,1.1714396513413783e-14,2.3648927803958606e-09,1.832470275524482e-09,1.1302430399348982e-12,5.139372965926217e-13,1.2112704846835238e-15,5.327195831272238e-16,1.1407765228131887e-23,3.272360727626125e-24,1.5222670059518231e-15,4.564313799712768e-16,1.0440193409358742e-18,4.442387043961156e-19,6.456838051793241e-18,3.2750023543424905e-18,5.883365082133292e-10,2.872828220792706e-10,6.603287478006438e-16,3.108427683545943e-16,4.3018747235742434e-18,1.383534906844399e-18,6.397901454216952e-20,1.962376342637744e-20,1.462554534585341e-14,4.485974720032794e-15,6.062065024539936e-11,1.8593679625759162e-11,3.248187971295145e-17,1.0201916044097022e-17,0.010328643882112893,0.00486557097017417,9.999999999998088e-31,3.303306321944742e-31,1.4721217225306349e-09,4.508612784207267e-10,2.1341657680387265e-06,6.386820889901514e-07,2.1536208008098368e-10,6.602556970500831e-11,2.2504043189443768e-13,6.741409298059163e-14
0.9440000000000001,1211.6481916228831,5.453046812451859,0.25781265422616484,3.6145178939645217,0.06900673285855798,0.45171125818302893,1.0580534828891173e-07,1.385182721113299e-06,3.914916700432369e-14,3.229160741082596e-14,1.1567678282020063e-14,4.770713584997548e-15,1.5702105403748254e-08,1.2184007371307997e-08,0.20017236168651548,0.14663235955037052,8.244529165377365e-17,3.2963471293615954e-17,3.608366583083495e-14,1.3999512777495431e-14,8.256258838422651e-19,9.071186780024361e-19,3.0797477862275524e-16,3.121745549026704e-16,2.6925124306431462e-11,2.5331032753926986e-11,5.728956529637003e-13,5.389775877966686e-13,1.1907419759483255e-05,1.0451393697137313e-05,0.20515642345184534,0.16875611246628297,0.426554153673209,0.2009652848510087,0.08615291983225373,0.0258338109383271,5.35164983734983e-08,2.433773676785452e-08,4.912584723975705e-06,2.159098966993254e-06,2.336863518878977e-10,9.937006398302746e-11,2.0513553327639318e-12,8.722944623075921e-13,6.570563707490619e-07,2.7060947012624676e-07,1.1822736979433369e-12,6.233287447253713e-13,0.0002343542430112348,0.000118775037080551,2.5955646179718412e-08,1.266452128102843e-08,0.0019122519978371146,0.0008995189296007042,3.083359921574311e-07,1.400098856932384e-07,0.0004580906091904877,0.00020103789915519975,8.123968443169285e-11,2.6129871391560407e-11,3.9434467362945925e-06,1.2379532404212145e-06,1.109439635962335e-10,3.482827293571701e-11,1.7100708652450459e-19,1.611123957616907e-19,5.341682890228465e-18,4.694752938228145e-18,1.4212082265078346e-14,1.170506572008632e-14,2.3650006951667277e-09,1.8325300300409802e-09,1.1293232027662088e-12,5.135123463928295e-13,1.2094247147393777e-15,5.319008823398612e-16,1.1381902821962609e-23,3.2648994800356735e-24,1.5204212484420468e-15,4.558720175444013e-16,1.0424672262223147e-18,4.435724904104631e-19,6.4485391114537294e-18,3.2707504163878055e-18,5.881956178835267e-10,2.8721028549000077e-10,6.599323785438514e-16,3.1065213614799953e-16,4.293650718875089e-18,1.3808719846498799e-18,6.384506528658886e-20,1.9582423240428003e-20,1.461616399702792e-14,4.4830388731927455e-15,6.060629675161811e-11,1.8589035013086013e-11,3.244593100434604e-17,1.019049255645518e-17,0.010328643882102717,0.00486550760741849,9.999999999998088e-31,3.3032633040591006e-31,1.4701231471353834e-09,4.502433186730388e-10,2.1327850976712615e-06,6.382605900761685e-07,2.1519755462171333e-10,6.597427042152758e-11,2.2460274793140786e-13,6.728210225989209e-14
0.9450000000000001,1211.5867803094761,5.453201463404267,0.257805342746333,3.618396789527148,0.06900977508907666,0.45172529948093354,1.0572875266007484e-07,1.3841619508966545e-06,3.908009584101958e-14,3.2234216016021945e-14,1.1546441043055847e-14,4.761893065874498e-15,1.568587789234179e-08,1.2171257439037243e-08,0.20016152652635705,0.14662251623811695,8.229213914974307e-17,3.2901809743956726e-17,3.6034884651325395e-14,1.3980405205481771e-14,8.23342722847028e-19,9.0459839867677e-19,3.0725561387717413e-16,3.114415340592158e-16,2.6880613375030416e-11,2.5288828297044493e-11,5.718783930931265e-13,5.380135597335649e-13,1.1897861982893247e-05,1.044286886799298e-05,0.2051503302173413,0.16874890644642013,0.42656731765368117,0.20096887410492872,0.08615581426892155,0.025834342993865174,5.349208015668747e-08,2.432631581330526e-08,4.912722500354427e-06,2.159131449529634e-06,2.334778733989566e-10,9.9280122284726e-11,2.0490855600287333e-12,8.713179626400864e-13,6.566897483398567e-07,2.704549600763095e-07,1.1791169123738765e-12,6.216563143517728e-13,0.00023399891363531556,0.00011859340780003661,2.5911115039915395e-08,1.2642628865669765e-08,0.0019106093631230912,0.000898734553647266,3.0801084963953584e-07,1.3986042594972898e-07,0.0004579301571973731,0.0002009648703770178,8.113156222543879e-11,2.6094755790213794e-11,3.94126451107094e-06,1.237252096236674e-06,1.1083401695809274e-10,3.479330540503858e-11,1.7060176149751839e-19,1.6072843374711394e-19,5.334218499372855e-18,4.688131607979714e-18,1.4200954365913267e-14,1.1695748730986264e-14,2.365108433159508e-09,1.8325896859013286e-09,1.1284047478522357e-12,5.130880469393773e-13,1.2075832636467539e-15,5.310841138229977e-16,1.1356120069532705e-23,3.2574613460352183e-24,1.518579146232057e-15,4.553137755575148e-16,1.0409186623357096e-18,4.429078142799934e-19,6.440257641392903e-18,3.266507521200419e-18,5.880549400293503e-10,2.8713786078628013e-10,6.595366067550983e-16,3.104617969062326e-16,4.2854485138437206e-18,1.3782161726540355e-18,6.371151194351983e-20,1.9541205988249805e-20,1.4606797733133104e-14,4.480107827057871e-15,6.059196355950043e-11,1.8584397152564414e-11,3.241005166479774e-17,1.0179091374707934e-17,0.010328643882092562,0.004865444352180961,9.999999999998092e-31,3.303220359169076e-31,1.4681289528163863e-09,4.4962672654469126e-10,2.1314066422021273e-06,6.378397788442632e-07,2.150332771440451e-10,6.592304993262772e-11,2.2416626824823984e-13,6.715047718795884e-14
0.9460000000000001,1211.5254173869826,5.453356069630502,0.2577980337955445,3.6222757950621283,0.06901281252105432,0.45173931881011353,1.0565226373473384e-07,1.383142634151146e-06,3.901119736836922e-14,3.217696924956631e-14,1.1525259189189725e-14,4.75309572046778e-15,1.5669679387920934e-08,1.2158530609524893e-08,0.20015070710711086,0.14661268789485699,8.213938887757661e-17,3.284031132757682e-17,3.598620795133313e-14,1.3961338967608098e-14,8.21067533820985e-19,9.020869630725133e-19,3.0653865001085137e-16,3.107107698541385e-16,2.6836208901626008e-11,2.524672563816879e-11,5.708636836820164e-13,5.370519677927008e-13,1.188831908266902e-05,1.0434357543973128e-05,0.20514424702724968,0.16874171253900158,0.4265804554480793,0.2009724552913217,0.08615871004851113,0.025834875999068797,5.346768740319922e-08,2.4314907263212848e-08,4.912860114066358e-06,2.159163906601612e-06,2.332698015508009e-10,9.919035798892773e-11,2.0468205961225225e-12,8.703435520533473e-13,6.56323771149781e-07,2.703007256388591e-07,1.1759709630018985e-12,6.199896539288493e-13,0.00023364440757026413,0.00011841220307080529,2.5866695102041716e-08,1.2620791550783504e-08,0.0019089695277358612,0.0008979515343438057,3.0768631195730264e-07,1.3971124776315434e-07,0.0004577699175738651,0.0002008919410568364,8.102366453947018e-11,2.605971388027495e-11,3.939085198973183e-06,1.236551911609907e-06,1.1072426149332358e-10,3.475839955095539e-11,1.7019769617186768e-19,1.6034567197929724e-19,5.326770125266877e-18,4.681524628118576e-18,1.4189842581647914e-14,1.1686445509707588e-14,2.365215994827811e-09,1.8326492433714147e-09,1.1274876715012093e-12,5.126643964744474e-13,1.2057461150702102e-15,5.302692702368671e-16,1.1330416630532174e-23,3.2500462264568418e-24,1.5167406834985113e-15,4.547566491630878e-16,1.0393736373814546e-18,4.4224467081776545e-19,6.431993586148008e-18,3.262273639854138e-18,5.879144741466955e-10,2.870655476982558e-10,6.591414307949779e-16,3.102717498179392e-16,4.277268029649655e-18,1.375567444984296e-18,6.35783527984482e-20,1.950011113550615e-20,1.4597446512904772e-14,4.477181568365475e-15,6.057765061860868e-11,1.8579766027212397e-11,3.237424148234127e-17,1.0167712430151796e-17,0.010328643882082496,0.004865381204205524,9.999999999998104e-31,3.303177487100808e-31,1.4661391236015184e-09,4.4901149702769754e-10,2.1300303931065673e-06,6.374196526566199e-07,2.148692469484888e-10,6.587190801409673e-11,2.2373098809677215e-13,6.701921631620154e-14
0.9470000000000001,1211.4641027348757,5.4535106312508415,0.2577907273677188,3.626154910537735,0.06901584516635607,0.4517533162257716,1.0557588124801364e-07,1.3821247672121087e-06,3.8942470986313995e-14,3.211986660544675e-14,1.1504132518882013e-14,4.744321463932449e-15,1.565350980690666e-08,1.2145826815540731e-08,0.20013990339044205,0.1466028744834239,8.19870393764271e-17,3.277897544830473e-17,3.593763539993279e-14,1.3942313931890213e-14,8.188002816489925e-19,8.995843320538672e-19,3.0582387819199076e-16,3.0998225318347333e-16,2.6791910524319743e-11,2.5204724428783318e-11,5.69851515848703e-13,5.360928034323409e-13,1.1878791018914834e-05,1.042585968842245e-05,0.20513817385576547,0.168734530712811,0.42659356712147883,0.20097602843061338,0.08616160716672977,0.025835409951262808,5.344332006023742e-08,2.4303511091038562e-08,4.912997565366587e-06,2.15919633820859e-06,2.3306213510012816e-10,9.910077054889717e-11,2.0445604256011404e-12,8.693712237889077e-13,6.559584374030951e-07,2.7014676604731816e-07,1.1728358053359409e-12,6.183287396339713e-13,0.0002332907226188592,0.0001182314217446356,2.5822386004538878e-08,1.2599009155718236e-08,0.0019073324856102528,0.0008971698686854538,3.073623776131405e-07,1.395623504253481e-07,0.0004576098901298191,0.0002008191110918185,8.091599067791511e-11,2.6024745431385685e-11,3.936908792617004e-06,1.2358526840736228e-06,1.1061469665443375e-10,3.4723555195064563e-11,1.6979488542960054e-19,1.599641055563681e-19,5.319337716942465e-18,4.6749319526113684e-18,1.4178746871627198e-14,1.1677156020999837e-14,2.3653233806224154e-09,1.8327087027099204e-09,1.1265719701418837e-12,5.122413932938952e-13,1.2039132557185054e-15,5.294563455798413e-16,1.1304792193766074e-23,3.2426540304848178e-24,1.5149058534704969e-15,4.542006362269774e-16,1.0378321395440522e-18,4.41583054869903e-19,6.423746890757234e-18,3.2580487436715398e-18,5.877742197347178e-10,2.8699334595693105e-10,6.587468491658556e-16,3.100819941377767e-16,4.269109187207651e-18,1.3729257756852446e-18,6.34455863888949e-20,1.9459138225160322e-20,1.4588110293977877e-14,4.474260083504986e-15,6.056335787872843e-11,1.8575141620068748e-11,3.233850024852051e-17,1.0156355655166608e-17,0.010328643882072436,0.004865318163222892,9.99999999999812e-31,3.303134687671498e-31,1.4641536468225574e-09,4.48397626125238e-10,2.128656346553815e-06,6.370002102786824e-07,2.1470546340754258e-10,6.582084446364529e-11,2.2329690318564682e-13,6.688831833283273e-14
0.9480000000000001,1211.4028362485487,5.453665148344678,0.25778342345870947,3.630034135922296,0.06901887303604537,0.45176729177930264,1.0549960492201085e-07,1.38110834624935e-06,3.887391609058707e-14,3.206290757434011e-14,1.148306083415954e-14,4.735570212918854e-15,1.563736906489586e-08,1.2133145989263266e-08,0.2001291153368233,0.14659307596625376,8.183508919032814e-17,3.271780151209038e-17,3.5889166655817725e-14,1.392332996237739e-14,8.165409314420353e-19,8.970904667400566e-19,3.0511128971000616e-16,3.0925597506802363e-16,2.6747717882762427e-11,2.5162824321949996e-11,5.688418806779941e-13,5.351360580818917e-13,1.186927775084023e-05,1.0417375263939256e-05,0.20513211068419673,0.16872736094302881,0.4266066527370188,0.20097959354295894,0.08616450562226091,0.025835944848747423,5.34189780646761e-08,2.4292127265629563e-08,4.913134854402867e-06,2.1592287443097084e-06,2.328548727436597e-10,9.901135939278475e-11,2.042305032580169e-12,8.684009709047155e-13,6.555937452520677e-07,2.6999308050643507e-07,1.1697113891797616e-12,6.166735446412577e-13,0.00023293785541739204,0.00011805106208267163,2.577818732306731e-08,1.2577281469252925e-08,0.0019056982264614014,0.0008963895516858858,3.070390444583911e-07,1.394137329330735e-07,0.00045745007390838216,0.00020074638004334417,8.080853993109016e-11,2.598985020885806e-11,3.9347352842983e-06,1.2351544110645087e-06,1.1050532189833373e-10,3.4688772160481305e-11,1.6939332421824983e-19,1.5958372963915006e-19,5.311921223636758e-18,4.668353535625716e-18,1.416766719384666e-14,1.1667880228544287e-14,2.3654305909938196e-09,1.83276806418115e-09,1.1256576400921935e-12,5.118190356450925e-13,1.2020846700197307e-15,5.286453328497447e-16,1.1279246428355353e-23,3.2352846616769808e-24,1.5130746409936207e-15,4.536457321033595e-16,1.0362941570335063e-18,4.409229612954023e-19,6.415517500142641e-18,3.253832803930302e-18,5.87634176292525e-10,2.8692125529424984e-10,6.583528602255271e-16,3.098925290534631e-16,4.260971908415054e-18,1.3702911391246809e-18,6.331321106559702e-20,1.941828674299924e-20,1.457878903547001e-14,4.471343359336856e-15,6.05490852897479e-11,1.8570523914266028e-11,3.23028277526179e-17,1.0145020981463336e-17,0.01032864388206239,0.00486525522897946,9.999999999998107e-31,3.3030919607089564e-31,1.4621725063424114e-09,4.477851087801166e-10,2.127284493645509e-06,6.365814489617212e-07,2.1454192582073598e-10,6.576985905685746e-11,2.2286400876405574e-13,6.675778178879643e-14
0.9490000000000001,1211.3416178043176,5.453819621042025,0.25777612206197836,3.6339134711842314,0.0690218961420959,0.45178124552642795,1.0542343449851344e-07,1.3800933676860856e-06,3.880553208922525e-14,3.200609165701253e-14,1.1462043934496542e-14,4.7268418830167506e-15,1.5621257079453283e-08,1.2120488064363328e-08,0.20011834290859934,0.14658329230663286,8.168353687386987e-17,3.2656788929050954e-17,3.584080139473803e-14,1.3904386929702276e-14,8.142894484727726e-19,8.946053284283655e-19,3.044008758056428e-16,3.085319264790572e-16,2.670363061863065e-11,2.5121024972585716e-11,5.678347693995051e-13,5.341817233060162e-13,1.1859779239247789e-05,1.0408904234487987e-05,0.2051260574850204,0.16872020319696945,0.42661971235984847,0.20098315064873545,0.08616740540992392,0.025836480688571493,5.3394661367349564e-08,2.428075576209957e-08,4.913271981461441e-06,2.159261124917205e-06,2.3264801326954707e-10,9.892212398733202e-11,2.0400544019188515e-12,8.674327867726303e-13,6.552296929617247e-07,2.6983966826653273e-07,1.1665976716921578e-12,6.150240460026194e-13,0.00023258580401792746,0.00011787112306330846,2.5734098717363402e-08,1.2555608321164309e-08,0.0019040667454909303,0.000895610580936812,3.0671631119881064e-07,1.3926539467066075e-07,0.0004572904689450164,0.00020067374790758234,8.070131161436488e-11,2.595502798599706e-11,3.932564666785427e-06,1.234457090163522e-06,1.1039613668134727e-10,3.4654050270036216e-11,1.68993007463001e-19,1.5920453936732317e-19,5.304520594866412e-18,4.661789331563683e-18,1.4156603508487781e-14,1.1658618097786072e-14,2.3655376263891193e-09,1.8328273280401443e-09,1.1247446778516898e-12,5.113973218564107e-13,1.2002603447769094e-15,5.278362260876988e-16,1.1253779025795689e-23,3.22793803000678e-24,1.5112470403360825e-15,4.530919349702962e-16,1.0347596781482007e-18,4.402643849898776e-19,6.407305359968228e-18,3.2496257922762128e-18,5.874943433231966e-10,2.868492754431075e-10,6.579594625328321e-16,3.0970335384635356e-16,4.252856114820212e-18,1.367663509556028e-18,6.318122538191855e-20,1.9377556236936084e-20,1.4569482695013118e-14,4.4684313822517195e-15,6.053483280185221e-11,1.856591289296381e-11,3.2267223789062283e-17,1.0133708342341484e-17,0.010328643882052357,0.004865192401204176,9.99999999999811e-31,3.303049306029177e-31,1.4601956906232694e-09,4.471739413425859e-10,2.125914832053012e-06,6.361633679209741e-07,2.1437863358738038e-10,6.571895159970178e-11,2.224323007281659e-13,6.662760542874103e-14
0.9500000000000001,1211.2804472950347,5.45397404943045,0.25776882317299515,3.637792916292024,0.06902491449563236,0.45179517751881126,1.0534736970491827e-07,1.379079827762338e-06,3.873731838520143e-14,3.1949418350216865e-14,1.1441081623352054e-14,4.7181363914841405e-15,1.5605173767161177e-08,1.2107852973799017e-08,0.20010758606696613,0.1465735234675014,8.15323809854779e-17,3.2595937111010395e-17,3.579253928108874e-14,1.3885484700154841e-14,8.120457982269337e-19,8.921288786568075e-19,3.0369262784101153e-16,3.0781009851279224e-16,2.6659648374943296e-11,2.5079326036993754e-11,5.668301731983308e-13,5.332297906302305e-13,1.185029544391914e-05,1.0400446563177203e-05,0.20512001423818604,0.1687130574486618,0.4266327460532388,0.2009866997681034,0.0861703065274151,0.025837017468732938,5.337036990795385e-08,2.4269396550583712e-08,4.913408946715036e-06,2.159293480000631e-06,2.3244155540059866e-10,9.88330637718966e-11,2.037808517990459e-12,8.664666645615916e-13,6.548662787180073e-07,2.69686528546373e-07,1.1634946043043241e-12,6.13380217754773e-13,0.0002322345653022575,0.00011769160307241072,2.569011978076797e-08,1.2533989508897674e-08,0.0019024380334198448,0.0008948329519258895,3.063941758471575e-07,1.391173347083511e-07,0.00045713107445872694,0.00020060121432311734,8.059430502809774e-11,2.5920278531395115e-11,3.9303969325169975e-06,1.2337607188526312e-06,1.1028714046478668e-10,3.4619389348266e-11,1.6859393015512612e-19,1.5882652994384233e-19,5.297135780325159e-18,4.655239295004111e-18,1.414555577421664e-14,1.1649369592966792e-14,2.3656444872550665e-09,1.8328864945477618e-09,1.1238330797955053e-12,5.109762502016182e-13,1.198440265009059e-15,5.270290185527757e-16,1.1228389662691039e-23,3.2206140411962444e-24,1.509423037635079e-15,4.525392405699667e-16,1.0332286912126015e-18,4.396073208621104e-19,6.399110415720377e-18,3.2454276802793496e-18,5.873547203298363e-10,2.8677740613741246e-10,6.575666544913217e-16,3.0951446772585833e-16,4.2447617289420605e-18,1.3650428615521952e-18,6.304962774344137e-20,1.933694620967252e-20,1.4560191231784945e-14,4.465524139131157e-15,6.052060036538465e-11,1.85613085394349e-11,3.2231688149678404e-17,1.0122417670325275e-17,0.010328643882042335,0.004865129679642273,9.999999999998106e-31,3.303006723459189e-31,1.4582231844374975e-09,4.4656411903491913e-10,2.124547354059472e-06,6.357459647616606e-07,2.1421558602944177e-10,6.566812187468686e-11,2.2200177448045563e-13,6.64977878497985e-14
0.9510000000000001,1211.2193246146958,5.454128433595132,0.25776152678734315,3.6416724712142177,0.06902792810771934,0.45180908780785456,1.0527141026898448e-07,1.3780677227238811e-06,3.866927438387711e-14,3.189288715274171e-14,1.1420173704645019e-14,4.70945365577912e-15,1.5589119044876613e-08,1.209524065075435e-08,0.20009684477307035,0.1465637694118146,8.138162009017141e-17,3.253524547250215e-17,3.574437998012318e-14,1.386662314037829e-14,8.098099463776475e-19,8.896610791731563e-19,3.029865372249486e-16,3.0709048231379243e-16,2.6615770796242024e-11,2.5037727172956756e-11,5.658280832961945e-13,5.322802516156122e-13,1.1840826324739846e-05,1.0392002213215227e-05,0.20511398092404265,0.16870592367251977,0.4266457538800053,0.20099024092106793,0.08617320897284975,0.02583755518736336,5.3346103625873985e-08,2.4258049601088616e-08,4.9135457503303265e-06,2.1593258095275327e-06,2.3223549786182324e-10,9.874417818687175e-11,2.035567365211381e-12,8.655025974599542e-13,6.545035007097266e-07,2.695336605660895e-07,1.1604021384067093e-12,6.117420339155483e-13,0.00023188413610444474,0.00011751250047186498,2.5646250105392886e-08,1.2512424829324447e-08,0.001900812080799325,0.0008940566600617371,3.0607263639253473e-07,1.3896955210580214e-07,0.0004569718896334506,0.0002005287789132529,8.048751947431223e-11,2.588560161421653e-11,3.928232073917566e-06,1.2330652946101653e-06,1.1017833271082442e-10,3.458478922001198e-11,1.6819608731237704e-19,1.5844969659713346e-19,5.2897667299097194e-18,4.648703380711171e-18,1.4134523949782959e-14,1.1640134678406e-14,2.3657511740370187e-09,1.8329455639643057e-09,1.1229228423069233e-12,5.105558189586039e-13,1.1966244151422132e-15,5.262237032441975e-16,1.1203078011065214e-23,3.2133125996639735e-24,1.5076026189163751e-15,4.519876446117558e-16,1.0317011845927465e-18,4.389517638392967e-19,6.390932613099392e-18,3.2412384396227466e-18,5.872153068169734e-10,2.867056471118999e-10,6.571744345030137e-16,3.093258699008778e-16,4.2366886736883906e-18,1.362429169814307e-18,6.291841651026793e-20,1.9296456150017543e-20,1.4550914605172524e-14,4.462621616924188e-15,6.050638793080205e-11,1.8556710836995294e-11,3.2196220626981336e-17,1.0111148898167452e-17,0.010328643882032324,0.004865067064040527,9.99999999999809e-31,3.3029642128270725e-31,1.4562549724544802e-09,4.4595563704853483e-10,2.123182051729156e-06,6.353292370239948e-07,2.140527824664708e-10,6.561736966363271e-11,2.2157242542220368e-13,6.636832764890703e-14
0.9520000000000001,1211.1582496393485,5.4542827736687585,0.25775423289836213,3.64555213591945,0.0690309369902794,0.4518229764490298,1.0519555593531335e-07,1.3770570490328588e-06,3.860139950100273e-14,3.1836497571891156e-14,1.139931998090751e-14,4.700793592780814e-15,1.5573092831062068e-08,1.2082651029626742e-08,0.2000861189897559,0.14655403010327783,8.123125276164932e-17,3.2474713431482226e-17,3.569632317197003e-14,1.3847802122755278e-14,8.075818587323741e-19,8.872018918733255e-19,3.0228259531825295e-16,3.063730689777781e-16,2.657199752865966e-11,2.4996228039708038e-11,5.648284910357463e-13,5.313330979361216e-13,1.1831371842915385e-05,1.0383571148938767e-05,0.20510795751477218,0.1686988018356703,0.4266587359047558,0.20099377412779193,0.086176112740862,0.02583809384146285,5.3321862472752323e-08,2.4246714889117525e-08,4.9136823925983e-06,2.159358113512734e-06,2.320298394580826e-10,9.865546670633657e-11,2.033330928641759e-12,8.645405789276545e-13,6.541413572225304e-07,2.693810635848834e-07,1.1573202328410745e-12,6.101094724312357e-13,0.0002315345147043484,0.0001173338143560135,2.560248935995221e-08,1.2490914116667921e-08,0.001899188883134894,0.0008932817030807701,3.0575169159144366e-07,1.3882204627073895e-07,0.0004568129145450251,0.00020045644169203706,8.038095427760457e-11,2.5850997010825407e-11,3.9260700838697914e-06,1.2323708150544506e-06,1.1006971288267026e-10,3.455024971034736e-11,1.6779947393188766e-19,1.5807403453613488e-19,5.282413393733689e-18,4.642181543629289e-18,1.4123507995766539e-14,1.1630913319896223e-14,2.365857687177155e-09,1.8330045365413448e-09,1.1220139619221063e-12,5.101360264732859e-13,1.1948127833580293e-15,5.254202748117057e-16,1.1177843778459363e-23,3.2060336200140546e-24,1.5057857806923938e-15,4.514371459479042e-16,1.0301771467461337e-18,4.382977088866411e-19,6.382771898406797e-18,3.237058042286786e-18,5.87076102292837e-10,2.8663399810217905e-10,6.567828011483974e-16,3.091375596633804e-16,4.228636871592182e-18,1.3598224089210562e-18,6.278759035275575e-20,1.9256085641915513e-20,1.4541652773167874e-14,4.4597238021386965e-15,6.049219544882441e-11,1.8552119768981224e-11,3.2160821017823766e-17,1.009990195995716e-17,0.010328643882022344,0.00486500455412921,9.999999999998078e-31,3.302921773949704e-31,1.454291043480038e-09,4.453484918405823e-10,2.1218189230433265e-06,6.349131840168754e-07,2.1389022230909934e-10,6.55666947760881e-11,2.2114424952602787e-13,6.623922359405673e-14
0.9530000000000001,1211.0972222662435,5.45443706972961,0.257746941501964,3.649431910376414,0.0690339411541521,0.4518368434926494,1.0511980643272685e-07,1.3760478029513417e-06,3.853369314725024e-14,3.1780249110972784e-14,1.137852025842517e-14,4.692156120945378e-15,1.5557095043270703e-08,1.2070084044168866e-08,0.200075408678443,0.14654430550518824,8.108127757948483e-17,3.241434040845745e-17,3.5648368523835936e-14,1.3829021514730762e-14,8.053615013613213e-19,8.84751278949266e-19,3.0158079363256007e-16,3.0565784975555115e-16,2.6528328220325778e-11,2.4954828298505498e-11,5.638313877201758e-13,5.303883212318112e-13,1.18219319586184e-05,1.0375153333827944e-05,0.20510194399191026,0.16869169191366168,0.42667169218986395,0.20099729940824504,0.08617901782957967,0.025838633429189926,5.329764638738804e-08,2.4235392384442855e-08,4.913818873674149e-06,2.1593903919206333e-06,2.3182457891968267e-10,9.856692877316178e-11,2.031099192798419e-12,8.635806021981328e-13,6.53779846454981e-07,2.69228736827354e-07,1.1542488380811572e-12,6.084825068415923e-13,0.00023118569767568086,0.0001171555429552334,2.5558837131506893e-08,1.2469457165388643e-08,0.001897568430518015,0.00089250807617722,3.0543133936977196e-07,1.38674816234456e-07,0.0004566541482914723,0.00020038420224532954,8.027460874475556e-11,2.5816464491995295e-11,3.923910954824384e-06,1.2316772776739024e-06,1.0996128044802195e-10,3.4515770645926323e-11,1.6740408509019103e-19,1.576995390457353e-19,5.275075722181859e-18,4.63567373896663e-18,1.4112507871160639e-14,1.1621705481978794e-14,2.3659640271175634e-09,1.8330634125381983e-09,1.1211064350456334e-12,5.097168710342001e-13,1.1930053533709055e-15,5.246187259435244e-16,1.1152686632348508e-23,3.1987770053815016e-24,1.5039725059581562e-15,4.508877393804163e-16,1.028656566145219e-18,4.376451509781814e-19,6.374628217832426e-18,3.2328864602125438e-18,5.869371062653409e-10,2.8656245884497673e-10,6.563917528255084e-16,3.0894953622089626e-16,4.2206062464413014e-18,1.3572225538632498e-18,6.26571475805998e-20,1.9215834158829854e-20,1.4532405695711952e-14,4.456830681901304e-15,6.047802287035112e-11,1.854753531886619e-11,3.212548911639022e-17,1.0088676788997506e-17,0.010328643882012425,0.004864942149659505,9.999999999998078e-31,3.3028794066581518e-31,1.4523313818835656e-09,4.447426785120511e-10,2.120457959503549e-06,6.344978031132342e-07,2.137279048739286e-10,6.55160969930892e-11,2.2071724218851736e-13,6.611047428112277e-14
0.9540000000000001,1211.0362423933316,5.454591321854285,0.25773965259414133,3.6533117945538582,0.06903694061016329,0.4518506889889935,1.0504416148697818e-07,1.3750399807020048e-06,3.8466154732980647e-14,3.172414127309708e-14,1.13577743447822e-14,4.683541159273917e-15,1.5541125598770836e-08,1.2057539627922926e-08,0.2000647138002494,0.14653459558064802,8.093169312598895e-17,3.2354125825095956e-17,3.5600515701408596e-14,1.381028118317816e-14,8.031488404579e-19,8.82309202731928e-19,3.0088112371190977e-16,3.049448159316718e-16,2.6484762519845635e-11,2.491352761109645e-11,5.628367646528457e-13,5.294459131438945e-13,1.1812506631734623e-05,1.0366748731117818e-05,0.2050959403374845,0.16868459388247536,0.42668462279693614,0.20100081678206155,0.08618192423810363,0.025839173948998706,5.327345530657992e-08,2.4224082055936278e-08,4.9139551936957125e-06,2.159422644708306e-06,2.3161971496673829e-10,9.847856382596768e-11,2.0288721421247277e-12,8.626226604745199e-13,6.53418966588613e-07,2.690766795112324e-07,1.1511879059123563e-12,6.068611113803178e-13,0.00023083768182287928,0.00011697768461701839,2.551529300258562e-08,1.24480537677595e-08,0.0018959507125373245,0.0008917357743095203,3.05111577569684e-07,1.3852786099036975e-07,0.00045649558986258007,0.00020031206011157386,8.016848218125895e-11,2.578200382811744e-11,3.92175467920564e-06,1.2309846799492111e-06,1.09853034875847e-10,3.448135185383005e-11,1.670099158847372e-19,1.5732620543101594e-19,5.267753665689636e-18,4.629179921981889e-18,1.4101523534566217e-14,1.1612511128879033e-14,2.366070194299278e-09,1.8331221922135984e-09,1.1202002580526806e-12,5.092983509168401e-13,1.1912021106614097e-15,5.238190501053843e-16,1.1127606257978393e-23,3.1915426640079385e-24,1.5021627817949694e-15,4.503394209369216e-16,1.0271394312996787e-18,4.36994085104433e-19,6.366501517548217e-18,3.228723665335886e-18,5.867983182434175e-10,2.864910290776006e-10,6.560012879107147e-16,3.087617987709163e-16,4.212596722230079e-18,1.3546295797009655e-18,6.252708664208948e-20,1.9175701216780894e-20,1.4523173332883595e-14,4.453942243383393e-15,6.046387014627566e-11,1.8542957470127144e-11,3.209022471640469e-17,1.0077473318456869e-17,0.010328643882002534,0.004864879850383304,9.999999999998072e-31,3.3028371107839753e-31,1.45037597162706e-09,4.4413819203978213e-10,2.1190991519508213e-06,6.340830914887409e-07,2.1356582946831033e-10,6.546557609287758e-11,2.202913987391618e-13,6.598207828603512e-14
0.9550000000000001,1210.975309896652,5.454745530177449,0.2577323661681441,3.657191788420626,0.06903993537019484,0.45186451299337405,1.0496862084728706e-07,1.3740335788095809e-06,3.839878368289793e-14,3.1668173573126746e-14,1.133708204480561e-14,4.674948625619948e-15,1.5525184417186124e-08,1.2045017716217378e-08,0.20005403431839242,0.14652490029369614,8.078249799579363e-17,3.229406910791935e-17,3.5552764390297666e-14,1.3791581002657527e-14,8.009438423855696e-19,8.798756257389287e-19,3.001835770418393e-16,3.0423395873101497e-16,2.6441300078233594e-11,2.4872325641429466e-11,5.618446133063477e-13,5.285058654715004e-13,1.1803095824068895e-05,1.035835730568998e-05,0.2050899465233166,0.16867750770900444,0.426697527789897,0.20100432626913278,0.0861848319611484,0.02583971539792125,5.324928918363299e-08,2.421278387988005e-08,4.914091352962642e-06,2.1594548718949823e-06,2.3141524642679777e-10,9.839037134871276e-11,2.0266497619369936e-12,8.616667473283229e-13,6.530587159386377e-07,2.689248909082872e-07,1.1481373961295204e-12,6.052452645031708e-13,0.00023049046550548097,0.00011680023847659266,2.5471856652506453e-08,1.2426703763243317e-08,0.00189433572517091,0.0008909647954381506,3.0479240502919543e-07,1.3838117998357324e-07,0.00045633723941173557,0.00020024001533901965,8.006257392202014e-11,2.574761479896277e-11,3.919601249999662e-06,1.2302930195326974e-06,1.0974497563512446e-10,3.444699316102403e-11,1.6661696138547218e-19,1.5695402897096206e-19,5.260447175028108e-18,4.622700048214964e-18,1.409055494720769e-14,1.1603330226939951e-14,2.3661761891598173e-09,1.833180875815921e-09,1.1192954275356586e-12,5.088804644936091e-13,1.189403043287754e-15,5.230212418950595e-16,1.1102602364586079e-23,3.1843305110117194e-24,1.5003566049032302e-15,4.497921895273459e-16,1.0256257308199567e-18,4.363445062975512e-19,6.358391744599624e-18,3.2245696300256955e-18,5.866597377401914e-10,2.8641970853826e-10,6.556114050161548e-16,3.085743466207376e-16,4.2046082225487184e-18,1.3520434613614006e-18,6.239740620620656e-20,1.9135686399438327e-20,1.4513955643034098e-14,4.451058473209948e-15,6.044973722777702e-11,1.8538386206254416e-11,3.2055027617647565e-17,1.0066291483372249e-17,0.010328643881992684,0.0048648176560324085,9.999999999998088e-31,3.3027948861450965e-31,1.4484248020145605e-09,4.435350290351601e-10,2.117742498900204e-06,6.336690486129799e-07,2.1340399551683565e-10,6.541513188939255e-11,2.1986671525922847e-13,6.585403440976543e-14
0.9560000000000001,1210.9144246711762,5.454899694785282,0.25772508221951457,3.661071891945623,0.06904292544514753,0.4518783155564131,1.048931842485453e-07,1.3730285936171153e-06,3.833157941719844e-14,3.161234552238345e-14,1.131644316707106e-14,4.666378439409631e-15,1.5509271417314158e-08,1.203251824379497e-08,0.2000433701949116,0.14651521960807878,8.06336907890122e-17,3.223416968582696e-17,3.550511426454257e-14,1.3772920843309262e-14,7.987464737528062e-19,8.77450510763946e-19,2.994881452447617e-16,3.0352526951922393e-16,2.6397940548365067e-11,2.4831222055337957e-11,5.608549251185123e-13,5.275681699840125e-13,1.1793699496481729e-05,1.0349979021642427e-05,0.20508396252960073,0.16867043336768206,0.42671040723076087,0.20100782788922122,0.08618774099636783,0.025840257773970553,5.322514796025479e-08,2.420149782738143e-08,4.914227351653343e-06,2.1594870734549184e-06,2.3121117206040608e-10,9.830235079731387e-11,2.0244320370640803e-12,8.607128561279108e-13,6.526990927419946e-07,2.687733702591947e-07,1.1450972612100965e-12,6.036349408130426e-13,0.0002301440455834717,0.00011662320290988148,2.5428527687715847e-08,1.2405406955819577e-08,0.001892723459539678,0.0008901951352430033,3.044738198407984e-07,1.3823477232131008e-07,0.0004561790962123271,0.0002001680675905757,7.995688328629794e-11,2.5713297179397226e-11,3.9174506598198e-06,1.2296022939648061e-06,1.0963710219971109e-10,3.4412694396161157e-11,1.6622521673503147e-19,1.5658300501410362e-19,5.253156201220945e-18,4.616234073450928e-18,1.4079602068861108e-14,1.1594162741361916e-14,2.3662820121363286e-09,1.8332394636002776e-09,1.1183919399671128e-12,5.084632100846257e-13,1.1876081357392427e-15,5.222252943436701e-16,1.107767462978968e-23,3.17714045246365e-24,1.4985539600656647e-15,4.492460404909015e-16,1.0241154533377403e-18,4.3569640960098925e-19,6.350298845933993e-18,3.220424326616923e-18,5.865213642687753e-10,2.863484969663038e-10,6.552221025898402e-16,3.083871790017083e-16,4.1966406721222465e-18,1.349464174144569e-18,6.22681046542133e-20,1.9095789202355203e-20,1.450475258627504e-14,4.448179358564803e-15,6.043562406625111e-11,1.8533821510878884e-11,3.201989761751148e-17,1.0055131218078013e-17,0.010328643881982815,0.0048647555663573604,9.999999999998092e-31,3.3027527325721634e-31,1.4464778583749035e-09,4.4293318489448e-10,2.1163879930456747e-06,6.332556722164167e-07,2.1324240236038177e-10,6.536476417119458e-11,2.194431873152604e-13,6.57263412995049e-14
0.9570000000000001,1210.853586607644,5.455053815775472,0.2577178007432524,3.664952105097823,0.06904591084612025,0.4518920967296754,1.0481785142839212e-07,1.3720250215031314e-06,3.826454135900048e-14,3.155665663462821e-14,1.129585752042165e-14,4.657830520184498e-15,1.5493386518260397e-08,1.2020041145636771e-08,0.20003272139221823,0.14650555348770777,8.048527011035136e-17,3.2174426989590766e-17,3.5457565001401804e-14,1.3754300576527346e-14,7.96556701300021e-19,8.750338207483798e-19,2.987948199555628e-16,3.0281873967520865e-16,2.6354683584006292e-11,2.4790216519512022e-11,5.598676915644176e-13,5.266328184863541e-13,1.1784317610037135e-05,1.0341613843248977e-05,0.2050779883347134,0.16866337083132146,0.42672326118164006,0.2010113216619789,0.08619065134088441,0.025840801074980577,5.320103158023153e-08,2.4190223870479552e-08,4.914363189968908e-06,2.1595192493706753e-06,2.3100749064381555e-10,9.82145016343579e-11,2.022218952469914e-12,8.597609802992034e-13,6.523400952522959e-07,2.6862211681139375e-07,1.1420674563278666e-12,6.020301163360307e-13,0.00022979841942392368,0.00011644657654984895,2.5385305732117013e-08,1.2384163157995521e-08,0.001891113907768017,0.0008894267898757869,3.041558202492855e-07,1.3808863717997287e-07,0.0004560211597086532,0.0002000962166040346,7.98514095987463e-11,2.5679050746029467e-11,3.91530290137997e-06,1.2289125008169868e-06,1.0952941404427677e-10,3.437845538814637e-11,1.6583467708625435e-19,1.5621312891892058e-19,5.2458806954060534e-18,4.609781953577015e-18,1.4068664859577152e-14,1.158500863756787e-14,2.3663876636641943e-09,1.8332979558189704e-09,1.1174897918443197e-12,5.080465860211121e-13,1.1858173743114397e-15,5.214312012769412e-16,1.1052822748988074e-23,3.1699723995407078e-24,1.496754837219066e-15,4.487009707120402e-16,1.0226085875351512e-18,4.350497900798939e-19,6.342222768679397e-18,3.2162877275370526e-18,5.86383197344212e-10,2.8627739410184517e-10,6.548333791147283e-16,3.0820029516150064e-16,4.188693995749773e-18,1.3468916933759193e-18,6.213918051267901e-20,1.905600916567945e-20,1.4495564122468026e-14,4.445304886553546e-15,6.042153061322833e-11,1.8529263367661052e-11,3.198483451440261e-17,1.0043992457227424e-17,0.01032864388197299,0.004864693581105069,9.999999999998085e-31,3.3027106498933276e-31,1.4445351268844226e-09,4.423326552737332e-10,2.115035628245838e-06,6.328429603777855e-07,2.130810493581356e-10,6.531447273243704e-11,2.1902081058511114e-13,6.559899763587223e-14
0.9580000000000001,1210.7927956009526,5.455207893235408,0.257710521734845,3.6688324278462625,0.06904889158400108,0.45190585656374216,1.0474262212218273e-07,1.3710228588180494e-06,3.819766893244889e-14,3.1501106424550526e-14,1.1275324915199948e-14,4.64930478811719e-15,1.547752963918773e-08,1.200758635678782e-08,0.20002208787245362,0.14649590189643408,8.033723457079473e-17,3.211484045258165e-17,3.541011627674231e-14,1.3735720073193652e-14,7.943744919562112e-19,8.726255188450207e-19,2.981035928693686e-16,3.0211436064005634e-16,2.6311528840474743e-11,2.4749308702160764e-11,5.588829041411339e-13,5.256998028055094e-13,1.1774950125705005e-05,1.0333261734715275e-05,0.20507202391878532,0.16865632007433384,0.4267360897039149,0.20101480760689017,0.0861935629927262,0.02584134529908006,5.317693998504688e-08,2.417896198019347e-08,4.914498868084316e-06,2.159551399615264e-06,2.3080420094305808e-10,9.812682331824124e-11,2.0200104930647613e-12,8.588111132468578e-13,6.519817217111662e-07,2.684711298077304e-07,1.1390479354288982e-12,6.004307664538443e-13,0.00022945358411104568,0.00011627035788638594,2.5342190396026572e-08,1.2362972175681936e-08,0.0018895070609983777,0.000888659755027705,3.0383840435039554e-07,1.3794277366851321e-07,0.0004558634291630489,0.00020002446203756569,7.974615218289523e-11,2.5644875275157005e-11,3.913157967335389e-06,1.2282236376437453e-06,1.0942191064602975e-10,3.434427596673529e-11,1.654453376257516e-19,1.5584439607630115e-19,5.238620608928552e-18,4.6033436446719735e-18,1.4057743279206573e-14,1.157586788083179e-14,2.3664931441776733e-09,1.8333563527250355e-09,1.1165889796491464e-12,5.076305906279889e-13,1.1840307446808203e-15,5.206389562495506e-16,1.1028046412937342e-23,3.1628262620999203e-24,1.4949592241629532e-15,4.481569764353117e-16,1.0211051221365282e-18,4.344046428183308e-19,6.334163460109344e-18,3.212159805293542e-18,5.8624523648264e-10,2.8620639968582954e-10,6.544452330436516e-16,3.0801369433399637e-16,4.180768118730368e-18,1.3443259945455065e-18,6.201063226004603e-20,1.9016345814863636e-20,1.4486390211938147e-14,4.442435044429703e-15,6.040745682035191e-11,1.8524711760315183e-11,3.1949838106817094e-17,1.0032875135519288e-17,0.010328643881963202,0.004864631700026806,9.999999999998092e-31,3.302668637939736e-31,1.4425965929439123e-09,4.417334355923404e-10,2.113685397168074e-06,6.32430910820228e-07,2.129199358536745e-10,6.526425736257729e-11,2.185995806556433e-13,6.547200207242964e-14
0.9590000000000001,1210.7320515357474,5.455361927280004,0.25770324518848076,3.6727128601600607,0.069051867670159,0.4519195951114818,1.046674960764655e-07,1.370022102056779e-06,3.813096156948977e-14,3.144569441326734e-14,1.1254845160946958e-14,4.640801163049644e-15,1.5461700700475518e-08,1.1995153813222865e-08,0.2000114695988235,0.14648626479861743,8.018958278998287e-17,3.2055409511631077e-17,3.5362767776279325e-14,1.3717179207999613e-14,7.921998128151183e-19,8.702255683894047e-19,2.9741445567378205e-16,3.014121238475092e-16,2.626847597489505e-11,2.4708498273183907e-11,5.579005544412789e-13,5.247691148582424e-13,1.1765597005395733e-05,1.0324922661057973e-05,0.20506606925716436,0.1686492810668831,0.42674889285996304,0.2010182857435275,0.0861964759478375,0.025841890443724386,5.315287312390545e-08,2.4167712131012514e-08,4.914634386250031e-06,2.1595835241907836e-06,2.3060130177621303e-10,9.803931532936973e-11,2.0178066441917287e-12,8.578632485587132e-13,6.516239704249375e-07,2.683204085172913e-07,1.136038656525281e-12,5.988368686926381e-13,0.0002291095375060358,0.00011609454580304439,2.5299181335907117e-08,1.2341833837298732e-08,0.0018879029133725424,0.0008878940277994315,3.035215707070597e-07,1.3779718110783438e-07,0.0004557059043816946,0.00019995280378763152,7.964111037726173e-11,2.5610770547875668e-11,3.911015850618463e-06,1.2275357020846525e-06,1.0931459148322399e-10,3.431015596197003e-11,1.6505719353922919e-19,1.5547680187644051e-19,5.2313758933818425e-18,4.596919103029315e-18,1.4046837288862222e-14,1.1566740437450378e-14,2.3665984541085366e-09,1.8334146545660875e-09,1.11568949996858e-12,5.072152222772562e-13,1.182248234024234e-15,5.198485534756464e-16,1.1003345326868037e-23,3.1557019541523508e-24,1.4931671138354146e-15,4.476140554452708e-16,1.0196050459388911e-18,4.3376096293103185e-19,6.326120867998252e-18,3.208040532645133e-18,5.861074812030077e-10,2.8613551346007573e-10,6.540576629415663e-16,3.0782737580537866e-16,4.17286296633327e-18,1.3417670531338767e-18,6.188245850194248e-20,1.8976798714373958e-20,1.4477230814268527e-14,4.4395698192126976e-15,6.039340263948977e-11,1.8520166672592095e-11,3.191490819641737e-17,1.0021779188636023e-17,0.010328643881953441,0.004864569922864702,9.999999999998092e-31,3.3026266965363115e-31,1.4406622444708844e-09,4.411355220400354e-10,2.112337296072476e-06,6.320195223409296e-07,2.1275906124640332e-10,6.521411786809217e-11,2.18179493470461e-13,6.534535336959903e-14
0.96,1210.671354302895,5.4555159180088,0.25769597109907544,3.676593402008406,0.06905483911561486,0.45193331242408974,1.045924730345767e-07,1.3690227476746084e-06,3.806441870291517e-14,3.1390420122689106e-14,1.123441806884416e-14,4.632319565515128e-15,1.544589962256803e-08,1.1982743450991916e-08,0.20000086653436233,0.1464766421586968,8.00423133942603e-17,3.1996133606354274e-17,3.531551918350968e-14,1.3698677854809946e-14,7.900326311770398e-19,8.678339329485559e-19,2.9672740012930724e-16,3.007120208064485e-16,2.6225524646193043e-11,2.4667784904246343e-11,5.569206340790454e-13,5.238407465832192e-13,1.1756258210896213e-05,1.0316596587204494e-05,0.20506012432784604,0.16864225378154402,0.4267616707115537,0.201021756091447,0.08619939020284796,0.025842436506609633,5.312883094283718e-08,2.415647429602047e-08,4.91476974468104e-06,2.1596156230866685e-06,2.3039879194621798e-10,9.79519771419108e-11,2.0156073911071406e-12,8.569173797876502e-13,6.512668396838217e-07,2.6816995220299116e-07,1.1330395752537546e-12,5.972483993294407e-13,0.0002287662769560802,0.00011591913892322077,2.525627818727767e-08,1.232074796108539e-08,0.0018863014575994177,0.0008871296046194316,3.0320531766577555e-07,1.3765185872086682e-07,0.00045554858491121463,0.00019988124163711272,7.953628351798885e-11,2.5576736344579713e-11,3.908876544068393e-06,1.2268486917520706e-06,1.0920745603705234e-10,3.427609520488483e-11,1.6467024005232376e-19,1.5511034174781094e-19,5.224146500605842e-18,4.5905082851706845e-18,1.4035946849389067e-14,1.1557626273520718e-14,2.3667035938872494e-09,1.833472861591183e-09,1.114791349367701e-12,5.068004793318913e-13,1.1804698280749061e-15,5.190599865360013e-16,1.0978719183718742e-23,3.148599386196703e-24,1.49137849461399e-15,4.470722041603186e-16,1.0181083477813395e-18,4.331187455517848e-19,6.318094940282008e-18,3.203929882440122e-18,5.859699310255339e-10,2.860647351674524e-10,6.536706673296941e-16,3.0764133884177574e-16,4.164978464447255e-18,1.3392148448252297e-18,6.175465773072541e-20,1.893736739401217e-20,1.4468085889713346e-14,4.436709198135599e-15,6.037936802274727e-11,1.8515628088343123e-11,3.1880044584901445e-17,1.0010704552293049e-17,0.010328643881943675,0.004864508249367527,9.999999999998076e-31,3.3025848255125e-31,1.4387320682412177e-09,4.405389104580644e-10,2.1109913195011417e-06,6.31608793224138e-07,2.1259842491265695e-10,6.516405404850542e-11,2.1776054483842747e-13,6.521905024766893e-14
0.961,1210.610703799468,5.455669865505579,0.25768869946229045,3.680474053360548,0.06905780593107377,0.45194700855126024,1.0451755273363584e-07,1.3680247920477434e-06,3.799803976409274e-14,3.1335283073643996e-14,1.1214043452065813e-14,4.623859916882955e-15,1.5430126325501597e-08,1.1970355205852205e-08,0.19999027864162677,0.14646703394095242,7.989542501355423e-17,3.193701217789897e-17,3.526837017756968e-14,1.368021588583041e-14,7.878729144999022e-19,8.654505762671206e-19,2.9604241805956974e-16,3.0001404309094436e-16,2.6182674514226815e-11,2.4627168267958122e-11,5.559431346600684e-13,5.229146899126061e-13,1.1746933703536202e-05,1.030828347769926e-05,0.20505418911168558,0.1686352381934613,0.42677442331946175,0.2010252186699887,0.08620230575575474,0.025842983485874736,5.310481338311862e-08,2.414524844617565e-08,4.914904943545239e-06,2.159647696274389e-06,2.3019667022971454e-10,9.78648082190421e-11,2.013412718878179e-12,8.559735004079927e-13,6.509103277444578e-07,2.6801976011436185e-07,1.1300506458386918e-12,5.956653338997645e-13,0.00022842379949289442,0.00011574413571076284,2.5213480560906637e-08,1.2299714353243112e-08,0.0018847026846062335,0.0008863664810798795,3.028896432957756e-07,1.3750680560494423e-07,0.000455391469963648,0.00019980977522237635,7.943167093584981e-11,2.5542772443995844e-11,3.906740040397624e-06,1.2261626042205075e-06,1.0910050379116009e-10,3.4242093527349906e-11,1.6428447242655632e-19,1.5474501115332957e-19,5.216932382558264e-18,4.584111147732262e-18,1.402507192095718e-14,1.1548525354604034e-14,2.3668085639433724e-09,1.8335309740509662e-09,1.1138945243575048e-12,5.063863601311713e-13,1.1786955125374413e-15,5.1827324900017525e-16,1.0954167677483592e-23,3.1415184690470856e-24,1.4895933537303106e-15,4.465314186563415e-16,1.0166150165345589e-18,4.324779858289224e-19,6.310085624866959e-18,3.1998278275191714e-18,5.858325854712524e-10,2.8599406455163e-10,6.532842446663731e-16,3.0745558268022067e-16,4.157114539447069e-18,1.3366693454643111e-18,6.162722843434144e-20,1.8898051382297857e-20,1.445895539916287e-14,4.433853168633949e-15,6.03653529223336e-11,1.8511095991477476e-11,3.1845247073010695e-17,9.999651161926258e-18,0.010328643881933932,0.004864446679290283,9.999999999998074e-31,3.302543024701969e-31,1.4368060495797886e-09,4.399435962444357e-10,2.1096474598223813e-06,6.311987211047645e-07,2.1243802619783043e-10,6.511406569396979e-11,2.1734273037444118e-13,6.50930913690527e-14
0.962,1210.5500999155247,5.455823769873017,0.25768143027289586,3.6843548141858076,0.06906076812757861,0.4519606835443115,1.044427349182382e-07,1.3670282316490454e-06,3.793182419010064e-14,3.1280282791681594e-14,1.1193721123516234e-14,4.615422138413622e-15,1.541438073015406e-08,1.1957989014206931e-08,0.1999797058838279,0.14645744010996187,7.974891628513314e-17,3.1878044670365825e-17,3.5221320444388556e-14,1.3661793175899155e-14,7.85720630397516e-19,8.630754622632148e-19,2.953595012932186e-16,2.9931818228060435e-16,2.6139925240375182e-11,2.4586648038364863e-11,5.549680478613967e-13,5.219909368459519e-13,1.1737623445274965e-05,1.0299983297630965e-05,0.20504826358627135,0.16862823427488127,0.42678715074493506,0.20102867349845543,0.08620522260338148,0.025843531379273844,5.3080820391131505e-08,2.413403455473178e-08,4.915039983059866e-06,2.1596797437443227e-06,2.2999493543858298e-10,9.777780803886273e-11,2.011222612869209e-12,8.550316040200762e-13,6.505544329062421e-07,2.6786983151829814e-07,1.1270718255972014e-12,5.940876495707918e-13,0.00022808210273413574,0.00011556953492643071,2.517078809926617e-08,1.2278732835443514e-08,0.0018831065873392448,0.0008856046537218762,3.025745459802003e-07,1.3736202099983941e-07,0.0004552345591146058,0.0001997384043390989,7.932727197219165e-11,2.5508878628244948e-11,3.90460633250957e-06,1.2254774371232117e-06,1.0899373423025528e-10,3.420815076154783e-11,1.638998859291096e-19,1.5438080556149227e-19,5.209733491403064e-18,4.577727647530759e-18,1.4014212464574745e-14,1.1539437646942068e-14,2.366913364704445e-09,1.8335889921921326e-09,1.1129990215195908e-12,5.059728630460649e-13,1.1769252744561031e-15,5.17488335026816e-16,1.0929690515271994e-23,3.134459117283467e-24,1.4878116827849647e-15,4.459916963187471e-16,1.0151250411316227e-18,4.318386789373188e-19,6.302092870033516e-18,3.1957343409117936e-18,5.856954440634514e-10,2.859235013570531e-10,6.528983934855367e-16,3.072701065930402e-16,4.149271117762609e-18,1.3341305309144547e-18,6.150016921232901e-20,1.8858850241991848e-20,1.4449839303019704e-14,4.431001717989852e-15,6.035135729060754e-11,1.8506570365929054e-11,3.1810515463717356e-17,9.988618953667336e-18,0.010328643881924261,0.00486438521238179,9.999999999998076e-31,3.3025012939341683e-31,1.434884175510364e-09,4.3934957531729357e-10,2.1083057118131443e-06,6.307893043378421e-07,2.12277864485079e-10,6.506415260615829e-11,2.169260459323668e-13,6.496747546778449e-14
0.963,1210.489542550542,5.455977631189792,0.2576741635267964,3.6882356844535633,0.06906372571570035,0.45197433745233667,1.0436801932581521e-07,1.366033062860795e-06,3.7865771416576036e-14,3.122541880127554e-14,1.1173450898346412e-14,4.607006152311257e-15,1.539866275704389e-08,1.1945644812211983e-08,0.19996914822345724,0.14644786063006338,7.96027858514779e-17,3.1819230530059636e-17,3.5174369664444526e-14,1.3643409597781236e-14,7.835757466760082e-19,8.607085550711944e-19,2.946786417424758e-16,2.9862443004113466e-16,2.6097276487453713e-11,2.4546223890947506e-11,5.539953653551672e-13,5.21069479380068e-13,1.1728327397607985e-05,1.0291696011706211e-05,0.20504234773334482,0.1686212420017948,0.42679985304791823,0.2010321205959208,0.08620814074445664,0.025844080185182076,5.305685190732922e-08,2.4122832592298803e-08,4.915174863379529e-06,2.1597117654634834e-06,2.2979358635213288e-10,9.769097606587831e-11,2.009037058216611e-12,8.540916841297204e-13,6.501991534295889e-07,2.6772016566626e-07,1.1241030686058345e-12,5.925153218048932e-13,0.00022774118360935932,0.00011539533498269703,2.5128200409550154e-08,1.2257803212192457e-08,0.0018815131563196558,0.000884844117948258,3.022600237302591e-07,1.3721750397684464e-07,0.00045507785149440566,0.00019966712858800393,7.922308596137467e-11,2.5475054677276955e-11,3.902475413125944e-06,1.2247931880391375e-06,1.088871468420602e-10,3.41742667406957e-11,1.6351647587268276e-19,1.5401772048440702e-19,5.202549779493486e-18,4.571357741563188e-18,1.4003368440525993e-14,1.1530363116207868e-14,2.3670179965973464e-09,1.833646916264363e-09,1.112104837376611e-12,5.055599864219611e-13,1.1751590993772033e-15,5.167052381176151e-16,1.0905287391582247e-23,3.127421241883663e-24,1.4860334682566105e-15,4.454530329988265e-16,1.0136384105349597e-18,4.3120082006572107e-19,6.2941166240769935e-18,3.1916493956644683e-18,5.855585063259042e-10,2.8585304532899503e-10,6.525131122394862e-16,3.070849098148447e-16,4.141448126508183e-18,1.3315983772641863e-18,6.13734785442464e-20,1.8819763499144486e-20,1.4440737562595756e-14,4.428154833774566e-15,6.033738108001599e-11,1.850205119569696e-11,3.177584955898041e-17,9.977607863357139e-18,0.010328643881914587,0.004864323848400225,9.999999999998064e-31,3.3024596330449415e-31,1.4329664310918136e-09,4.3875684299448763e-10,2.106966067325549e-06,6.303805404047893e-07,2.1211793911600468e-10,6.501431457416252e-11,2.1651048711508087e-13,6.484220120298771e-14
0.964,1210.4290315855837,5.456131449583503,0.25766689921758745,3.6921166641332834,0.06906667870688371,0.4519879703285725,1.042934057135761e-07,1.3650392823199517e-06,3.779988089140758e-14,3.117069063694593e-14,1.1153232589360365e-14,4.59861187980465e-15,1.538297232870432e-08,1.19333225375532e-08,0.19995860562487774,0.14643829546646386,7.945703236592652e-17,3.176056920757339e-17,3.5127517535018015e-14,1.3625065030726515e-14,7.814382313035611e-19,8.583498190037403e-19,2.939998312764372e-16,2.979327779943241e-16,2.6054727920445584e-11,2.450589550317705e-11,5.53025078958842e-13,5.201503096475187e-13,1.171904552365874e-05,1.0283421586029519e-05,0.205036441526081,0.16861426134256793,0.4268125302904027,0.2010355599817235,0.08621106017381497,0.025844629900717807,5.303290788606363e-08,2.4111642535727236e-08,4.915309584795334e-06,2.1597437614513653e-06,2.295926218401271e-10,9.760431180277455e-11,2.0068560407932035e-12,8.531537345536203e-13,6.498444876878967e-07,2.675707618554005e-07,1.1211443357059061e-12,5.909483296302696e-13,0.00022740104037132148,0.00011522153496225006,2.508571717979072e-08,1.2236925327407063e-08,0.0018799223874262838,0.0008840848716789011,3.019460753906162e-07,1.3707325398524537e-07,0.00045492134721248305,0.00019959594799875553,7.911911226252447e-11,2.5441300378943445e-11,3.9003472754379815e-06,1.2241098546907247e-06,1.0878074111421452e-10,3.4140441297888684e-11,1.6313423755036702e-19,1.5365575141561767e-19,5.195381199488234e-18,4.565001387084243e-18,1.3992539811310559e-14,1.1521301729863825e-14,2.3671224600456924e-09,1.833704746508422e-09,1.111211968634644e-12,5.05147728686124e-13,1.173396974989743e-15,5.15923952715289e-16,1.088095802086492e-23,3.1204047595450615e-24,1.4842587050898594e-15,4.449154270844953e-16,1.0121551137971986e-18,4.3056440444030184e-19,6.2861568360503654e-18,3.187572965200036e-18,5.854217717862096e-10,2.857826962136459e-10,6.52128399579052e-16,3.0689999167272026e-16,4.133645492506395e-18,1.3290728605061654e-18,6.124715509197875e-20,1.8780790735695415e-20,1.443165013777953e-14,4.425312503109289e-15,6.032342424330864e-11,1.8497538464811544e-11,3.174124916593965e-17,9.966617828436741e-18,0.01032864388190497,0.0048642625870870095,9.999999999998074e-31,3.302418041858727e-31,1.4310528058458527e-09,4.38165395959313e-10,2.1056285246536756e-06,6.299724287124678e-07,2.1195824953041884e-10,6.496455141697956e-11,2.1609605015008123e-13,6.471726742076011e-14
0.965,1210.368566922065,5.4562852251292036,0.2576596373413472,3.69599775319449,0.06906962711154227,0.45200158222133985,1.0421889382003763e-07,1.3640468864249226e-06,3.7734152055014577e-14,3.1116097827231914e-14,1.1133066013791995e-14,4.590239243976153e-15,1.5367309366252123e-08,1.192102212687456e-08,0.19994807805091502,0.14642874458384578,7.931165448363359e-17,3.17020601544141e-17,3.508076373863769e-14,1.3606759348333195e-14,7.793080524367144e-19,8.559992185872171e-19,2.933230618945243e-16,2.9724321789606604e-16,2.6012279205261075e-11,2.4465662553532574e-11,5.520571804167705e-13,5.192334197150873e-13,1.1709777785167189e-05,1.0275159985538229e-05,0.2050305449469044,0.1686072922738636,0.4268251825320184,0.2010389916749053,0.08621398089002164,0.025845180524223053,5.300898826752472e-08,2.4100464355531975e-08,4.915444147455479e-06,2.1597757316734554e-06,2.293920406880627e-10,9.751781471687539e-11,2.0046795458338144e-12,8.522177488414706e-13,6.49490433950885e-07,2.674216193413713e-07,1.1181955808360713e-12,5.893866484412623e-13,0.00022706166985036753,0.00011504813322766787,2.5043338015865602e-08,1.2216098984998024e-08,0.0018783342709446109,0.0008833269102073143,3.016326989416247e-07,1.3692927008261252e-07,0.00045476504535088205,0.0001995248621510944,7.901535021477266e-11,2.5407615514796645e-11,3.898221912207767e-06,1.2234274346710758e-06,1.0867451653927122e-10,3.41066742679255e-11,1.6275316632553773e-19,1.5329489391593262e-19,5.188227704160952e-18,4.558658541473318e-18,1.3981726537425062e-14,1.1512253453775095e-14,2.3672267554731978e-09,1.8337624831725774e-09,1.1103204118354415e-12,5.04736088193412e-13,1.1716388868040541e-15,5.151444723074039e-16,1.0856702099259469e-23,3.1134095817349035e-24,1.4824873785287417e-15,4.44378874058031e-16,1.0106751399800687e-18,4.2992942729340676e-19,6.278213454675621e-18,3.183505022789709e-18,5.852852399714399e-10,2.857124537581424e-10,6.517442539578008e-16,3.067153514022748e-16,4.125863143609317e-18,1.3265539569720057e-18,6.112119733744671e-20,1.8741931478520397e-20,1.4422576990303022e-14,4.4224747137003006e-15,6.030948673334881e-11,1.849303215741579e-11,3.170671408806006e-17,9.955648785241927e-18,0.010328643881895357,0.004864201428203348,9.99999999999806e-31,3.3023765202134044e-31,1.429143284706627e-09,4.3757522949267287e-10,2.104293075345759e-06,6.295649666522667e-07,2.1179879507021204e-10,6.491486292388733e-11,2.1568273064991102e-13,6.459267278342215e-14
0.966,1210.3081484447025,5.45643895794632,0.2576523778920597,3.6998789516067903,0.06907257094088808,0.4520151731827545,1.0414448340096053e-07,1.3630558717960594e-06,3.766858435853879e-14,3.1061639909467644e-14,1.1112950986649763e-14,4.581888166984307e-15,1.535167379253442e-08,1.1908743518133103e-08,0.19993756546601407,0.1464192079476222,7.916665086920845e-17,3.1643702825826073e-17,3.503410797261209e-14,1.3588492429904009e-14,7.771851783802923e-19,8.536567185114229e-19,2.9264832555796855e-16,2.965557414634273e-16,2.59699300096401e-11,2.442552472217285e-11,5.510916616002449e-13,5.183188017681776e-13,1.1700524145276794e-05,1.0266911176373854e-05,0.20502465797052338,0.16860033476547293,0.4268378098341175,0.2010424156946842,0.08621690288831282,0.025845732052960656,5.2985093004123734e-08,2.408929802771351e-08,4.9155785516293e-06,2.159807676141659e-06,2.291918417611418e-10,9.743148430914554e-11,2.0025075592210984e-12,8.512837208164325e-13,6.491369905873285e-07,2.6727273741986593e-07,1.1152567643278306e-12,5.878302570021057e-13,0.00022672307013016246,0.00011487512877635902,2.500106259606934e-08,1.219532402418226e-08,0.001876748801935602,0.0008825702310705148,3.0131989310449404e-07,1.3678555166250955e-07,0.00045460894586154226,0.00019945387100583556,7.891179917893751e-11,2.5373999873308294e-11,3.896099316606171e-06,1.2227459256981042e-06,1.0856847260917688e-10,3.407296548532933e-11,1.6237325754448282e-19,1.5293514353001541e-19,5.1810892465409616e-18,4.552329162325169e-18,1.3970928581283553e-14,1.1503218255354464e-14,2.3673308833006154e-09,1.8338201264969986e-09,1.1094301636799446e-12,5.043250633696994e-13,1.1698848223968e-15,5.143667912891184e-16,1.08325193421946e-23,3.1064356254506645e-24,1.4807194825723332e-15,4.4384337202508622e-16,1.009198478224613e-18,4.2929588389030933e-19,6.2702864293312325e-18,3.1794455420307462e-18,5.851489104121407e-10,2.856423177104574e-10,6.5136067400491e-16,3.065309883209023e-16,4.118101007397992e-18,1.324041642904508e-18,6.099560393644724e-20,1.8703185307797666e-20,1.4413518080615743e-14,4.419641452848451e-15,6.029556850325082e-11,1.8488532257673942e-11,3.1672244133316365e-17,9.94470067150109e-18,0.01032864388188578,0.004864140371495214,9.999999999998062e-31,3.3023350679365152e-31,1.427237856580099e-09,4.3698634009068034e-10,2.102959716682662e-06,6.291581533289578e-07,2.1163957516393492e-10,6.48652489105494e-11,2.1527052477965287e-13,6.44684161186971e-14
0.967,1210.247776060497,5.456592648096515,0.25764512086643765,3.7037602593398344,0.06907551020502599,0.4520287432596749,1.0407017419189984e-07,1.3620662347958183e-06,3.7603177244929826e-14,3.100731641442001e-14,1.1092887327433394e-14,4.573558572867864e-15,1.5336065528858156e-08,1.1896486648151956e-08,0.19992706783280362,0.14640968552252798,7.90220201890149e-17,3.158549667795238e-17,3.4987549918181603e-14,1.3570264148584e-14,7.750695776313866e-19,8.51322283684354e-19,2.919756143667594e-16,2.9587034055620403e-16,2.592768000224082e-11,2.4385481690263947e-11,5.501285143000297e-13,5.174064479196004e-13,1.1691284565635653e-05,1.0258675123416026e-05,0.2050187805817308,0.1685933887962286,0.4268504122553354,0.20104583205988355,0.0862198261682771,0.02584628448561243,5.2961222032896124e-08,2.4078143521393174e-08,4.915712797429553e-06,2.1598395948086106e-06,2.2899202383288158e-10,9.734532004206723e-11,2.0003400661428343e-12,8.503516440107692e-13,6.487841558529137e-07,2.671241153412935e-07,1.1123278388491535e-12,5.862791300424138e-13,0.00022638523771354558,0.00011470251980541686,2.4958890509224002e-08,1.217460024060569e-08,0.0018751659693730656,0.0008818148289473056,3.010076556609808e-07,1.3664209769273223e-07,0.0004544530475781883,0.0001993829740341062,7.880845849377064e-11,2.5340453235992648e-11,3.893979481322475e-06,1.222065325344345e-06,1.0846260882044741e-10,3.403931478623003e-11,1.6199450662768613e-19,1.5257649587351979e-19,5.173965779769547e-18,4.546013207358083e-18,1.3960145903136726e-14,1.1494196100289337e-14,2.3674348439490967e-09,1.833877676730224e-09,1.1085412206916725e-12,5.039146525626728e-13,1.1681347665838006e-15,5.135909028446688e-16,1.080840944144762e-23,3.0994828009293095e-24,1.4789550003115961e-15,4.433089158239562e-16,1.0077251176735507e-18,4.286637694994331e-19,6.262375709029374e-18,3.1753944963518955e-18,5.850127826379616e-10,2.8557228781942705e-10,6.509776581349949e-16,3.063469016464836e-16,4.110359012552997e-18,1.321535894908344e-18,6.087037331828414e-20,1.8664551734381737e-20,1.4404473371151864e-14,4.416812708484416e-15,6.028166950617702e-11,1.8484038749849072e-11,3.1637839105652123e-17,9.93377342372872e-18,0.010328643881876216,0.00486407941673007,9.999999999998053e-31,3.302293684870185e-31,1.4253365053856876e-09,4.363987227250874e-10,2.101628438604754e-06,6.28751985654215e-07,2.114805891329565e-10,6.481570916009444e-11,2.148594280376192e-13,6.434449605503903e-14
0.968,1210.1874496571354,5.456746295692377,0.25763786625879026,3.7076416763633535,0.06907844491501422,0.45204229250351563,1.0399596594646321e-07,1.361077972018418e-06,3.753793016780943e-14,3.0953126881591507e-14,1.1072874853523659e-14,4.565250384783041e-15,1.532048449820693e-08,1.1884251455018947e-08,0.19991658511551516,0.14640017727393445,7.887776111783115e-17,3.152744117023929e-17,3.494108927217206e-14,1.3552074383527407e-14,7.729612188046386e-19,8.489958791431646e-19,2.9130492036572077e-16,2.9518700697799084e-16,2.588552885316341e-11,2.4345533140273122e-11,5.491677304304533e-13,5.164963503973104e-13,1.1682059009299641e-05,1.0250451792746527e-05,0.2050129127565319,0.1685864543371162,0.42686298985601795,0.20104924078938483,0.08622275072620153,0.0258468378197748,5.2937375304046166e-08,2.4067000811595173e-08,4.9158468851012545e-06,2.159871487677048e-06,2.2879258576138124e-10,9.725932141378142e-11,1.9981770524637657e-12,8.494215122421129e-13,6.484319281058141e-07,2.6697575239736737e-07,1.1094087649278697e-12,5.847332464345173e-13,0.00022604817065982683,0.00011453030530028835,2.4916821425014613e-08,1.2153927469332961e-08,0.0018735857675266346,0.0008810607010041716,3.0069598521027607e-07,1.3649890751175043e-07,0.00045429735029493514,0.00019931217112769466,7.870532752116405e-11,2.5306975391736485e-11,3.89186239950833e-06,1.221385631323274e-06,1.0835692466910794e-10,3.400572200649911e-11,1.6161690897068877e-19,1.522189465384662e-19,5.1668572571858814e-18,4.5397106344523465e-18,1.3949378465194622e-14,1.1485186955842805e-14,2.3675386378369488e-09,1.8339351341117593e-09,1.1076535795576988e-12,5.035048541927345e-13,1.1663887077108866e-15,5.1281680170910995e-16,1.0784372121629432e-23,3.0925510278201896e-24,1.4771939267172994e-15,4.427755038526474e-16,1.0062550475526706e-18,4.2803307942348244e-19,6.254481243396641e-18,3.1713518594848244e-18,5.848768561819353e-10,2.8550236383452003e-10,6.505952049533242e-16,3.0616309068559217e-16,4.102637087321229e-18,1.319036689446318e-18,6.074550420103074e-20,1.862603035764744e-20,1.43954428228123e-14,4.413988468054073e-15,6.026778969543837e-11,1.8479551618183776e-11,3.160349881350835e-17,9.922866979822432e-18,0.01032864388186668,0.004864018563657411,9.999999999998057e-31,3.302252370844344e-31,1.4234392194281248e-09,4.3581237370919484e-10,2.1002992373942376e-06,6.283464624349799e-07,2.1132183639445366e-10,6.476624348480379e-11,2.1444943651880487e-13,6.422091139948532e-14
0.969,1210.12716913117,5.456899900824161,0.2576306140644824,3.7115232026471427,0.06908137508144549,0.45205582096347957,1.0392185841322272e-07,1.3600910799952445e-06,3.747284258077399e-14,3.089907085057178e-14,1.1052913384326516e-14,4.556963526737662e-15,1.530493062349745e-08,1.1872037876800357e-08,0.19990611727791047,0.1463906831671472,7.873387233718619e-17,3.146953576494726e-17,3.489472572754307e-14,1.3533923012428616e-14,7.708600707248744e-19,8.466774701606528e-19,2.9063623568387576e-16,2.9450573261905337e-16,2.5843476234381192e-11,2.430567875651016e-11,5.482093019188839e-13,5.155885014433364e-13,1.1672847439076516e-05,1.0242241150253422e-05,0.20500705447471299,0.16857953136254872,0.42687554269554207,0.20105264190198519,0.08622567655970846,0.02584739205349276,5.291355276309293e-08,2.4055869871263435e-08,4.915980814837209e-06,2.1599033547307823e-06,2.2859352638050447e-10,9.717348791237064e-11,1.996018503893188e-12,8.484933192643317e-13,6.480803056774698e-07,2.668276478693889e-07,1.1064994995606755e-12,5.831925831927269e-13,0.00022571186627535282,0.00011435848386527339,2.4874854982361653e-08,1.2133305530463876e-08,0.001872008188587015,0.0008803078434320769,3.0038488003724347e-07,1.3635598031569756e-07,0.00045414185342907847,0.00019924146201347328,7.860240561831149e-11,2.5273566127988768e-11,3.889748064169108e-06,1.2207068413050972e-06,1.0825141965457906e-10,3.397218698315901e-11,1.612404600143278e-19,1.518624911602474e-19,5.159763632384442e-18,4.533421401726032e-18,1.393862622921615e-14,1.1476190788932936e-14,2.3676422653815263e-09,1.8339924988837549e-09,1.1067672369278214e-12,5.030956666645167e-13,1.1646466320355557e-15,5.120444817009409e-16,1.0760407089193186e-23,3.0856402205795245e-24,1.4754362500116348e-15,4.422431324875063e-16,1.004788257123839e-18,4.274038089818417e-19,6.246602982184526e-18,3.1673176052335926e-18,5.847411305779071e-10,2.854325455061729e-10,6.502133129994301e-16,3.059795547145424e-16,4.0949351606697345e-18,1.3165440032177049e-18,6.062099513876708e-20,1.8587620726762203e-20,1.4386426397375878e-14,4.4111687192824494e-15,6.025392902452462e-11,1.8475070847012343e-11,3.1569223064952394e-17,9.911981277588857e-18,0.010328643881857193,0.00486395781203583,9.999999999998053e-31,3.3022111256950873e-31,1.421545985347687e-09,4.352272888479754e-10,2.098972106842315e-06,6.279415817343605e-07,2.1116331633136245e-10,6.47168516866137e-11,2.1404054611768245e-13,6.409766089926919e-14
0.97,1210.0669343756817,5.457053463591846,0.2576233642784211,3.715404838161068,0.06908430071505807,0.45206932868945393,1.0384785134533993e-07,1.3591055553174986e-06,3.7407913941727115e-14,3.084514786453412e-14,1.1033002739261434e-14,4.548697922750524e-15,1.528940382827623e-08,1.1859845852052281e-08,0.19989566428425562,0.14638120316776207,7.8590352535348e-17,3.14117799270687e-17,3.4848458981588824e-14,1.3515809914669724e-14,7.687661023777321e-19,8.443670221889255e-19,2.899695524718044e-16,2.9382650939212244e-16,2.5801521819383007e-11,2.426591822473126e-11,5.472532207491502e-13,5.146828933533517e-13,1.1663649818200986e-05,1.0234043162198354e-05,0.2050012057143884,0.1685726198454714,0.4268880708335698,0.20105603541649766,0.0862286036655789,0.02584794718454429,5.288975435845408e-08,2.4044750674650752e-08,4.916114586857657e-06,2.1599351959644247e-06,2.283948445457868e-10,9.708781903513636e-11,1.993864406333397e-12,8.475670589135781e-13,6.477292869266708e-07,2.666798010498622e-07,1.1036000013232566e-12,5.816571181653207e-13,0.00022537632215173788,0.00011418705424928842,2.48329908375883e-08,1.2112734252598973e-08,0.0018704332258384123,0.0008795562529361799,3.000743385980107e-07,1.362133153784707e-07,0.0004539865565950508,0.00019917084650472548,7.84996921492452e-11,2.5240225234408237e-11,3.887636468417007e-06,1.220028952993201e-06,1.081460932773747e-10,3.3938709553577486e-11,1.6086515521312153e-19,1.5150712538747605e-19,5.1526848591676485e-18,4.5271454674822465e-18,1.392788915750077e-14,1.1467207566921245e-14,2.3677457269983427e-09,1.8340497712858426e-09,1.1058821894973502e-12,5.026870884032839e-13,1.1629085262147563e-15,5.112739368146626e-16,1.0736514055014068e-23,3.078750294937994e-24,1.4736819603810446e-15,4.417117986937889e-16,1.003324735701718e-18,4.2677595351663673e-19,6.238740875455323e-18,3.163291707561146e-18,5.846056053617539e-10,2.853628325856886e-10,6.498319808564217e-16,3.0579629303008444e-16,4.0872531617585976e-18,1.3140578129855334e-18,6.049684472118884e-20,1.854932240184682e-20,1.437742405645041e-14,4.408353449841313e-15,6.024008744712847e-11,1.8470596420723098e-11,3.153501166967992e-17,9.901116255347923e-18,0.010328643881847727,0.004863897161621137,9.999999999998058e-31,3.3021699492566414e-31,1.4196567907172115e-09,4.3464346423214327e-10,2.097647042044616e-06,6.275373420055944e-07,2.1100502834757003e-10,6.466753357387269e-11,2.1363275286702779e-13,6.397474334313111e-14
0.971,1210.0067452784251,5.457206984110098,0.2576161168948212,3.719286582875077,0.0690872218268133,0.4520828157323605,1.0377394450165853e-07,1.3581213946500201e-06,3.7343143713292875e-14,3.0791357470565346e-14,1.1013142738137216e-14,4.54045349700476e-15,1.527390403678144e-08,1.1847675319864462e-08,0.19988522609954879,0.146371737241781,7.84472004071278e-17,3.135417312423864e-17,3.480228873696141e-14,1.3497734971712614e-14,7.666792828979285e-19,8.420645008462022e-19,2.8930486289177756e-16,2.9314932922229247e-16,2.5759665283114504e-11,2.4226251232075293e-11,5.46299478964954e-13,5.137795184796996e-13,1.1654466110400787e-05,1.0225857795270946e-05,0.20499536645121982,0.1685657197566609,0.42690057433034945,0.20105942135182325,0.08623153203924075,0.025848503210278033,5.286598004242214e-08,2.4033643197754176e-08,4.916248201421772e-06,2.1599670113876895e-06,2.2819653914019326e-10,9.700231429101221e-11,1.991714745921475e-12,8.466427251257515e-13,6.473788702463717e-07,2.665322112452071e-07,1.100710231212622e-12,5.80126830478238e-13,0.0002250415363403873,0.00011401601543423915,2.479122867105915e-08,1.2092213476072894e-08,0.001868860874091901,0.000878805926939283,2.997643595853193e-07,1.3607091208134288e-07,0.0004538314596825745,0.00019910032453535756,7.8397186486806e-11,2.520695250348797e-11,3.885527605534382e-06,1.219351964143601e-06,1.0804094504032306e-10,3.3905289555838944e-11,1.6049099003102691e-19,1.5115284487793512e-19,5.14562089153689e-18,4.520882790199675e-18,1.39171672129929e-14,1.1458237257694626e-14,2.367849023100807e-09,1.8341069515542966e-09,1.1049984340158037e-12,5.022791178587102e-13,1.1611743783502186e-15,5.105051616801643e-16,1.071269274406662e-23,3.0718811706745677e-24,1.471931051365045e-15,4.4118150044174153e-16,1.0018644726639166e-18,4.2614950839690346e-19,6.230894873590901e-18,3.1592741405926608e-18,5.844702800716796e-10,2.8529322482528136e-10,6.494512071653118e-16,3.0561330495603826e-16,4.079591019854865e-18,1.3115780955484525e-18,6.037305165675048e-20,1.8511134979461037e-20,1.436843576132768e-14,4.4055426473031714e-15,6.022626491719203e-11,1.8466128323766207e-11,3.15008644392388e-17,9.890271851999695e-18,0.010328643881838306,0.004863836612164706,9.999999999998065e-31,3.3021288413602026e-31,1.4177716243915115e-09,4.3406089634496156e-10,2.096324039918184e-06,6.271337422464654e-07,2.108469718768571e-10,6.461828896405925e-11,2.1322605298166648e-13,6.385215757439407e-14
0.972,1209.9466017548007,5.4573604624217165,0.2576088719112914,3.7231684367591478,0.06909013842631512,0.45209628213669667,1.0370013761598772e-07,1.3571385943379506e-06,3.7278531347515095e-14,3.0737699207245575e-14,1.0993333205331931e-14,4.5322301756000114e-15,1.525843117129498e-08,1.1835526217881875e-08,0.19987480268642013,0.1463622853542757,7.830441464795064e-17,3.1296714824564414e-17,3.4756214676249056e-14,1.34796980573254e-14,7.645995816155321e-19,8.3976987197298415e-19,2.8864215926680654e-16,2.924741841999153e-16,2.5717906301247035e-11,2.4186677466530506e-11,5.453480685033536e-13,5.128783690780621e-13,1.1645296277539135e-05,1.0217685014585443e-05,0.20498953667336106,0.1685588310780897,0.42691305324269735,0.2010627997263407,0.08623446168170895,0.02584906012985846,5.284222974826582e-08,2.402254740805824e-08,4.916381658594539e-06,2.1599988009367455e-06,2.2799860893280567e-10,9.691697314111302e-11,1.989569507927433e-12,8.457203114735146e-13,6.470290538890544e-07,2.663848777055583e-07,1.0978301405496692e-12,5.786016941628449e-13,0.00022470750489353284,0.00011384536538992753,2.4749568052475634e-08,1.2071742987327771e-08,0.001867291120633401,0.0008780568593308554,2.9945494053192036e-07,1.3592876927987616e-07,0.00045367656119691503,0.0001990298954330231,7.82948879754473e-11,2.5173747718756402e-11,3.883421468169219e-06,1.2186758723202428e-06,1.0793597444966968e-10,3.387192682930672e-11,1.6011796001642817e-19,1.5079964537016381e-19,5.138571683576131e-18,4.5146333284591174e-18,1.3906460355953586e-14,1.1449279826998162e-14,2.3679521541033144e-09,1.8341640399361253e-09,1.1041159670122693e-12,5.018717533832438e-13,1.1594441722572377e-15,5.097381490462646e-16,1.0688942843748072e-23,3.065032756817632e-24,1.4701835026715904e-15,4.406522315586694e-16,1.0004074573670403e-18,4.2552446898559325e-19,6.223064926480013e-18,3.155264878223607e-18,5.843351542442755e-10,2.8522372197797294e-10,6.490709903010214e-16,3.0543058969277995e-16,4.07194866549896e-18,1.3091048281240761e-18,6.024961430514585e-20,1.8473057949373592e-20,1.435946147572132e-14,4.402736300008842e-15,6.021246138863909e-11,1.8461666540689356e-11,3.1466781180036096e-17,9.879448004891828e-18,0.010328643881828877,0.004863776163444441,9.99999999999807e-31,3.302087801855002e-31,1.4158904690710032e-09,4.3347957978831386e-10,2.0950030883033213e-06,6.267307787430318e-07,2.1068914621841617e-10,6.45691176337853e-11,2.1282044185620997e-13,6.372990219123507e-14
0.973,1209.886503686756,5.45751389865735,0.25760162932129416,3.727050399783352,0.06909305052481853,0.4521097279548283,1.0362643045305553e-07,1.3561571511228021e-06,3.721407631332235e-14,3.0684172626926784e-14,1.097357396130844e-14,4.524027883000223e-15,1.524298515684963e-08,1.1823398485814522e-08,0.19986439401028527,0.14635284747141447,7.816199396384558e-17,3.123940450024393e-17,3.4710236508185034e-14,1.3461699055342963e-14,7.625269679493142e-19,8.374831015048407e-19,2.879814337998724e-16,2.9180106629259206e-16,2.5676244551086173e-11,2.4147196617499548e-11,5.443989814920207e-13,5.119794375808833e-13,1.1636140283860571e-05,1.0209524787284041e-05,0.20498371635377743,0.1685519537781528,0.42692550763069326,0.20106617055866077,0.08623739258803383,0.02584961794049477,5.281850343207227e-08,2.401146328327026e-08,4.916514958671254e-06,2.1600305646349494e-06,2.2780105283627204e-10,9.683179510701409e-11,1.9874286787554777e-12,8.447998120068896e-13,6.466798362818762e-07,2.662377997513344e-07,1.094959693807312e-12,5.770816901805288e-13,0.00022437422650642552,0.00011367510342463534,2.4708008689347356e-08,1.2051322639963944e-08,0.0018657239618782566,0.0008773090482881514,2.9914608037784186e-07,1.3578688646765095e-07,0.000453521861307758,0.00019895955925432326,7.819279599819933e-11,2.51406106760073e-11,3.881318049769518e-06,1.2180006753305851e-06,1.0783118101046649e-10,3.383862121277126e-11,1.5974606066019594e-19,1.5044752254796778e-19,5.1315371896000304e-18,4.5083970410196274e-18,1.3895768549985576e-14,1.1440335243258886e-14,2.3680551204163026e-09,1.8342210366633546e-09,1.1032347852938282e-12,5.014649934526721e-13,1.1577178979222459e-15,5.089728943722422e-16,1.0665264098018257e-23,3.058204978603043e-24,1.4684393139042185e-15,4.4012399183270277e-16,9.989536792844312e-19,4.2490083069307154e-19,6.2152509849478294e-18,3.1512638948068495e-18,5.84200227420944e-10,2.851543237973237e-10,6.486913289656668e-16,3.052481465927785e-16,4.064326028283032e-18,1.3066379876190544e-18,6.012653152795864e-20,1.8435090955161344e-20,1.435050116061831e-14,4.399934395436244e-15,6.019867681557963e-11,1.8457211055980077e-11,3.143276170582399e-17,9.868644653621662e-18,0.010328643881819475,0.004863715815206816,9.999999999998064e-31,3.302046830568903e-31,1.4140133149768288e-09,4.328995114642708e-10,2.093684185998446e-06,6.263284510557637e-07,2.1053155083660566e-10,6.452001940989063e-11,2.1241591589839158e-13,6.360797609493036e-14
0.974,1209.8264509743185,5.457667292901376,0.25759438912047783,3.73093247191782,0.06909595813264403,0.452123153234667,1.03552822765162e-07,1.355177061588974e-06,3.714977807622028e-14,3.06307772793009e-14,1.0953864829760325e-14,4.51584654502589e-15,1.5227565917862447e-08,1.1811292062946484e-08,0.1998540000354567,0.14634342355910349,7.801993706697039e-17,3.11822416260956e-17,3.4664353931422226e-14,1.344373784575442e-14,7.604614115548472e-19,8.352041556436145e-19,2.87322678822033e-16,2.911299675995556e-16,2.5634679711941964e-11,2.4107808376393906e-11,5.434522100365044e-13,5.110827164025182e-13,1.1626998092837383e-05,1.0201377079873847e-05,0.2049779054733222,0.1685450878323577,0.4269379375526232,0.2010695338672892,0.08624032475602088,0.025850176640317576,5.279480103949384e-08,2.400039079644731e-08,4.916648101835303e-06,2.1600623024644537e-06,2.2760386970418356e-10,9.674677968560579e-11,1.9852922443885315e-12,8.43881220600656e-13,6.463312157841643e-07,2.6609097667610606e-07,1.0920988481207086e-12,5.755667956294795e-13,0.00022404169834119929,0.00011350522807046347,2.4666550222413273e-08,1.2030952255076754e-08,0.001864159389780415,0.000876562489894225,2.988377773843972e-07,1.356452628307592e-07,0.0004533673593750519,0.00019888931570138986,7.809090992438002e-11,2.510754116674353e-11,3.879217343435358e-06,1.2173263708777552e-06,1.077265642321613e-10,3.380537254654898e-11,1.5937528752022956e-19,1.5009647215925024e-19,5.124517364196326e-18,4.502173886901719e-18,1.3885091757474776e-14,1.1431403473949183e-14,2.3681579224498725e-09,1.834277941974488e-09,1.102354885566234e-12,5.01058836498807e-13,1.1559955411679063e-15,5.08209391289333e-16,1.0641656213875718e-23,3.0513977506872273e-24,1.466698471392066e-15,4.395967770752531e-16,9.975031279073462e-19,4.2427858893941525e-19,6.207452999790902e-18,3.1472711646954567e-18,5.840654991431119e-10,2.8508503003799745e-10,6.48312221713053e-16,3.0506597493994296e-16,4.056723038887064e-18,1.3041775512970056e-18,6.000380185735283e-20,1.839723353950743e-20,1.4341554778672328e-14,4.397136921592281e-15,6.018491115233497e-11,1.8452761854261264e-11,3.1398805828437066e-17,9.857861737228586e-18,0.010328643881810094,0.004863655567216279,9.99999999999805e-31,3.3020059273419875e-31,1.4121401487213187e-09,4.3232068717210005e-10,2.0923673264568226e-06,6.259267571486323e-07,2.1037418511933114e-10,6.447099409605088e-11,2.1201247106320203e-13,6.348637805153791e-14
0.975,1209.7664435130318,5.4578206452503615,0.2575871513039161,3.7348146531327524,0.06909886126031778,0.45213655802509733,1.0347931430803909e-07,1.3541983223651993e-06,3.7085636104902584e-14,3.057751271671206e-14,1.0934205634582945e-14,4.5076860875848104e-15,1.5212173379138372e-08,1.179920688886103e-08,0.19984362072669684,0.14633401358346512,7.78782426741486e-17,3.112522567883209e-17,3.4618566648244027e-14,1.3425814309959955e-14,7.584028822109869e-19,8.329330007289316e-19,2.86665886674435e-16,2.9046088023078987e-16,2.5593211464061363e-11,2.4068512435520694e-11,5.425077462826877e-13,5.101881979956538e-13,1.1617869668209926e-05,1.0193241859093637e-05,0.2049721040108768,0.1685382332144581,0.42695034306700275,0.2010728896706747,0.08624325818274722,0.025850736227218347,5.277112251869743e-08,2.3989329921774975e-08,4.916781088296982e-06,2.160094014417479e-06,2.2740705840830539e-10,9.666192638148602e-11,1.983160190964438e-12,8.429645311954711e-13,6.459831907758269e-07,2.6594440778179496e-07,1.0892475632006307e-12,5.740569889668686e-13,0.00022370991805583637,0.00011333573811077913,2.4625192311099795e-08,1.2010631662885171e-08,0.001862597397416307,0.0008758171807597147,2.9853002998366536e-07,1.3550389763279287e-07,0.000453213054954483,0.00019881916456210096,7.798922912927739e-11,2.50745389843919e-11,3.877119342380322e-06,1.2166529566998635e-06,1.0762212362518394e-10,3.3772180671258264e-11,1.5900563616303998e-19,1.4974648996031095e-19,5.1175121620764344e-18,4.495963825235721e-18,1.3874429941166478e-14,1.1422484486832912e-14,2.3682605606124096e-09,1.8343347561051828e-09,1.1014762645667319e-12,5.006532809675971e-13,1.1542770894678232e-15,5.074476341548282e-16,1.0618118914329629e-23,3.0446109923230062e-24,1.4649609662626522e-15,4.390705845359551e-16,9.960557927766305e-19,4.236577391659646e-19,6.1996709220087225e-18,3.1432866623458726e-18,5.839309689541135e-10,2.850158404553965e-10,6.479336671370534e-16,3.048840740368927e-16,4.049139628056419e-18,1.301723496443884e-18,5.988142395749323e-20,1.8359485285594392e-20,1.433262229226431e-14,4.394343866398335e-15,6.01711643533747e-11,1.844831892018872e-11,3.136491336087711e-17,9.847099195117999e-18,0.010328643881800761,0.00486359541923339,9.999999999998057e-31,3.3019650920117e-31,1.4102709578546809e-09,4.3174310299831244e-10,2.091052504448549e-06,6.255256953792797e-07,2.1021704847523256e-10,6.442204150227162e-11,2.1161010343106483e-13,6.33651068647483e-14
0.976,1209.70648119619,5.457973955807505,0.2575799158663711,3.738696943398422,0.06910175991844737,0.45214994237538436,1.0340590484162242e-07,1.3532209301353084e-06,3.7021649872287536e-14,3.052437849502602e-14,1.0914596199997023e-14,4.499546436725243e-15,1.5196807466125025e-08,1.1787142903644031e-08,0.19983325604921315,0.14632461751090597,7.773690950943596e-17,3.106835613810125e-17,3.457287436481464e-14,1.3407928330874361e-14,7.563513498657875e-19,8.306696032890227e-19,2.860110497267476e-16,2.89793796325849e-16,2.5551839489393277e-11,2.4029308488813818e-11,5.41565582433254e-13,5.092958748670423e-13,1.1608754974140403e-05,1.018511909205376e-05,0.20496631194414597,0.1685313898971903,0.42696272423257065,0.20107623798730426,0.08624619286456908,0.025851296698864306,5.274746782030116e-08,2.3978280634550257e-08,4.9169139182882e-06,2.1601257004950407e-06,2.2721061783952083e-10,9.657723470740857e-11,1.981032504797079e-12,8.420497378072552e-13,6.456357596619871e-07,2.657980923807121e-07,1.0864057996396389e-12,5.725522491163746e-13,0.00022337888345354647,0.00011316663240262696,2.4583934628071588e-08,1.1990360700079392e-08,0.0018610379787064727,0.0008750731178923472,2.9822283674207307e-07,1.3536279019837564e-07,0.0004530589477568564,0.0001987491056923541,7.788775299452897e-11,2.504160392443734e-11,3.875024039913976e-06,1.2159804305650996e-06,1.0751785870180309e-10,3.373904542810486e-11,1.5863710217224027e-19,1.493975717239146e-19,5.110521538186793e-18,4.4897668153618055e-18,1.3863783064324973e-14,1.1413578250102415e-14,2.36836303531049e-09,1.8343914792890737e-09,1.1005989190758576e-12,5.002483253247343e-13,1.15256253034324e-15,5.066876173474364e-16,1.0594651923551823e-23,3.03784462310339e-24,1.4632267900703527e-15,4.385454115925977e-16,9.94611663487371e-19,4.2303827683750833e-19,6.191904702923142e-18,3.139310362380001e-18,5.837966363992155e-10,2.849467548058129e-10,6.47555663867846e-16,3.047024432033345e-16,4.0415757267991825e-18,1.2992758004320568e-18,5.975939650073594e-20,1.8321845779151412e-20,1.4323703663711273e-14,4.39155521775646e-15,6.015743637338185e-11,1.8443882238480143e-11,3.1331084117740944e-17,9.836356967200449e-18,0.010328643881791418,0.004863535371017153,9.999999999998053e-31,3.3019243244144314e-31,1.4084057306568752e-09,4.3116675525314073e-10,2.0897397157591565e-06,6.25125264409139e-07,2.1006014033036443e-10,6.437316144390202e-11,2.112088091966822e-13,6.324416137257356e-14
0.977,1209.646563927808,5.458127224648556,0.2575726828039015,3.742579342685156,0.06910465411709438,0.45216330633219837,1.0333259411701245e-07,1.3522448814709724e-06,3.6957818848843556e-14,3.0471374168203037e-14,1.0895036352407096e-14,4.49142751941324e-15,1.5181468103733338e-08,1.177510004699859e-08,0.19982290596745259,0.1463152353075997,7.759593630078956e-17,3.101163248523212e-17,3.452727678058551e-14,1.3390079788852119e-14,7.54306784639323e-19,8.284139300458738e-19,2.8535816043231407e-16,2.891287081104565e-16,2.5510563471044265e-11,2.399019623138194e-11,5.40625710673146e-13,5.084057395086687e-13,1.1599653974181024e-05,1.0177008745356252e-05,0.20496052925561928,0.16852455785759596,0.42697508110672,0.20107957883546684,0.08624912879983129,0.025851858053575177,5.2723836887876946e-08,2.3967242906924073e-08,4.9170465919680035e-06,2.160157360670842e-06,2.270145468489936e-10,9.649270415951448e-11,1.9789091719134034e-12,8.411368343325015e-13,6.452889207994403e-07,2.6565202976594463e-07,1.0835735144170426e-12,5.710525531006509e-13,0.00022304859156627142,0.00011299790941270392,2.4542776805211233e-08,1.1970139183503215e-08,0.0018594811247496334,0.0008743302969753739,2.979161957930809e-07,1.3522193965599754e-07,0.00045290503697109283,0.0001986791387195727,7.778648089273134e-11,2.5008735779537164e-11,3.872931429121196e-06,1.2153087901741412e-06,1.0741376897676007e-10,3.370596665916492e-11,1.5826968117662024e-19,1.4904971326610085e-19,5.103545447625005e-18,4.483582816767501e-18,1.385315108929661e-14,1.1404684731224009e-14,2.3684653469501205e-09,1.8344481117633184e-09,1.0997228457992195e-12,4.99843968003171e-13,1.1508518495874802e-15,5.05929334487988e-16,1.0571254951095057e-23,3.0310985584440034e-24,1.4614959288119644e-15,4.3802125395863043e-16,9.931707296539569e-19,4.2242019742847685e-19,6.184154293802389e-18,3.135342239402403e-18,5.836625010240899e-10,2.8487777284639533e-10,6.471782104386632e-16,3.0452108171412367e-16,4.0340312668015794e-18,1.29683444085708e-18,5.96377180213231e-20,1.8284314563644097e-20,1.4314798856343455e-14,4.3887709638905755e-15,6.014372716716264e-11,1.843945179393354e-11,3.1297317912196815e-17,9.825634992966896e-18,0.010328643881782134,0.004863475422337262,9.99999999999806e-31,3.301883624393808e-31,1.4065444531253613e-09,4.3059163954944674e-10,2.0884289527621367e-06,6.247254618805587e-07,2.099034600613896e-10,6.432435372132287e-11,2.1080858426080932e-13,6.312354032526528e-14
0.978,1209.5866916002683,5.45828045188013,0.2575654521111104,3.746461850963357,0.06910754386688561,0.45217664994490225,1.0325938189557912e-07,1.351270173075779e-06,3.689414251159536e-14,3.041849929558919e-14,1.0875525917716163e-14,4.483329262405807e-15,1.5166155217849487e-08,1.1763078259365999e-08,0.199812570446867,0.14630586694013797,7.745532178242085e-17,3.095505420403857e-17,3.448177360418188e-14,1.3372268567789548e-14,7.522691567655628e-19,8.261659478477223e-19,2.847072112227894e-16,2.884656077884715e-16,2.5469383093279942e-11,2.3951175359404133e-11,5.396881232648343e-13,5.075177844851023e-13,1.1590566632681024e-05,1.0168910786284607e-05,0.20495475592254947,0.16851773706804274,0.42698741374780624,0.2010829122334583,0.08625206598489324,0.025852420289018584,5.2700229672555223e-08,2.395621671443515e-08,4.917179109572449e-06,2.1601889949476395e-06,2.268188443370542e-10,9.640833425469009e-11,1.9767901787368747e-12,8.402258148350829e-13,6.44942672603685e-07,2.655062192542521e-07,1.0807506696637226e-12,5.695578806580024e-13,0.00022271904045062957,0.00011282956812671238,2.4501718522312196e-08,1.1949966953359867e-08,0.0018579268297434547,0.0008735887151477258,2.9761010574594845e-07,1.3508134534990928e-07,0.0004527513223462704,0.00019860926351650921,7.768541221075977e-11,2.497593434690848e-11,3.870841503383944e-06,1.214638033318552e-06,1.0730985396599867e-10,3.36729442068383e-11,1.5790336879769056e-19,1.487029103961244e-19,5.096583845645681e-18,4.477411789073086e-18,1.3842533979531958e-14,1.1395803898552674e-14,2.368567495935063e-09,1.8345046537592522e-09,1.0988480415353122e-12,4.994402074771983e-13,1.1491450360190807e-15,5.051727805267685e-16,1.0547927734857573e-23,3.0243727218890784e-24,1.4597683769031125e-15,4.3749810987012224e-16,9.917329809608726e-19,4.2180349644268646e-19,6.176419646298995e-18,3.131382268208535e-18,5.83528562376984e-10,2.8480889433495776e-10,6.46801305493853e-16,3.0433998889582847e-16,4.02650617956975e-18,1.294399395256081e-18,5.951638729676962e-20,1.8246891257124308e-20,1.4305907832610976e-14,4.3859910927467165e-15,6.013003668966949e-11,1.843502757135338e-11,3.12636145601058e-17,9.81493321273943e-18,0.010328643881772865,0.0048634155729526535,9.999999999998062e-31,3.3018429917861776e-31,1.4046871138149878e-09,4.300177522825097e-10,2.0871202115322815e-06,6.243262865419555e-07,2.097470071021657e-10,6.427561815232756e-11,2.1040942486631098e-13,6.300324257549751e-14
0.979,1209.5268641186017,5.458433637576447,0.2575582237841308,3.7503444682034814,0.06911042917780882,0.45218997325983556,1.0318626792989147e-07,1.350296801542138e-06,3.68306203355242e-14,3.0365753434971556e-14,1.085606472395252e-14,4.475251593355262e-15,1.5150868733938066e-08,1.175107748089864e-08,0.1998022494520263,0.14629651237484864,7.731506469392522e-17,3.089862078061965e-17,3.443636453727615e-14,1.3354494548934703e-14,7.502384366781314e-19,8.239256237671869e-19,2.840581946266381e-16,2.878044876633328e-16,2.5428298041953812e-11,2.391224557064781e-11,5.387528124606977e-13,5.066320023535286e-13,1.1581492913438769e-05,1.0160825181669878e-05,0.2049489919276983,0.16851092750586602,0.42699972221268423,0.2010862381993835,0.08625500441837057,0.025852983403605166,5.267664611802458e-08,2.3945202029305817e-08,4.917311471257375e-06,2.1602206032985088e-06,2.266235091627171e-10,9.632412449256831e-11,1.9746755114002804e-12,8.393166732581808e-13,6.445970134418818e-07,2.6536066014327107e-07,1.0779372226530161e-12,5.680682089701856e-13,0.00022239022713183847,0.00011266160700827184,2.4460759413017867e-08,1.1929843827393e-08,0.0018563750847522414,0.0008728483680777437,2.973045647333026e-07,1.3494100640846484e-07,0.0004525978030580743,0.00019853947970493047,7.758454632593433e-11,2.4943199420785096e-11,3.8687542558262695e-06,1.2139681577124385e-06,1.0720611318797063e-10,3.363997791441942e-11,1.5753816070799832e-19,1.4835715897208515e-19,5.0896366877168435e-18,4.471253692102595e-18,1.3831931697612204e-14,1.1386935719761823e-14,2.3686694826686116e-09,1.8345611055125432e-09,1.0979745030111024e-12,4.990370421901085e-13,1.1474420754630527e-15,5.044179491000057e-16,1.0524669986439965e-23,3.0176670294579737e-24,1.458044120212581e-15,4.3697597500308897e-16,9.902984071101593e-19,4.2118816939301242e-19,6.168700712072586e-18,3.127430423608499e-18,5.83394820006395e-10,2.8474011903020756e-10,6.464249475734634e-16,3.0415916402682564e-16,4.019000397423662e-18,1.2919706414334714e-18,5.939540286830026e-20,1.8209575405287517e-20,1.4297030556140982e-14,4.383215592644724e-15,6.011636489597756e-11,1.843060955563159e-11,3.122997387604532e-17,9.804251566469844e-18,0.01032864388176361,0.004863355822634856,9.99999999999806e-31,3.301802426436428e-31,1.4028336987585034e-09,4.294450890770688e-10,2.0858134843762336e-06,6.239277360164043e-07,2.095907808320799e-10,6.422695453821011e-11,2.1001132694106472e-13,6.288326688190903e-14
0.98,1209.4670813806474,5.458586781830917,0.2575509978181912,3.7542271943760506,0.06911331006020544,0.4522032763250327,1.0311325197863295e-07,1.3493247635411512e-06,3.6767251800083215e-14,3.031313614782996e-14,1.0836652599160585e-14,4.467194439922033e-15,1.5135608578078064e-08,1.1739097652217184e-08,0.1997919429480767,0.14628717157828863,7.717516378029637e-17,3.084233170324306e-17,3.439104928728133e-14,1.3336757615757347e-14,7.482145949285514e-19,8.216929250082005e-19,2.834111031700593e-16,2.871453400365329e-16,2.5387308003955994e-11,2.3873406563855803e-11,5.378197705677912e-13,5.057483857226528e-13,1.1572432780729008e-05,1.0152751898751891e-05,0.2049432372506036,0.1685041291455262,0.42701200655861643,0.20108955675126472,0.08625794409785484,0.025853547395403693,5.265308617243384e-08,2.3934198825758214e-08,4.917443677224123e-06,2.1602521857135816e-06,2.264285402150518e-10,9.624007438548545e-11,1.9725651562836104e-12,8.384094036496017e-13,6.442519417161816e-07,2.6521535174477454e-07,1.0751331341745052e-12,5.665835170732086e-13,0.00022206214932660504,0.00011249402487130158,2.4419899140758367e-08,1.1909769637875902e-08,0.0018548258827192203,0.0008721092523165225,2.9699957117543027e-07,1.3480092209049684e-07,0.00045244447861818093,0.00019846978705376306,7.74838826247809e-11,2.491053079835078e-11,3.866669679758363e-06,1.2132991611270138e-06,1.0710254616234864e-10,3.3607067625560806e-11,1.5717405258248932e-19,1.4801245485453482e-19,5.082703929444131e-18,4.465108485799561e-18,1.3821344206772261e-14,1.1378080163052364e-14,2.3687713075522747e-09,1.8346174672549603e-09,1.0971022270092707e-12,4.986344706100626e-13,1.145742955956234e-15,5.03664834816216e-16,1.050148143843855e-23,3.0109814031936415e-24,1.4563231506746514e-15,4.3645484685119276e-16,9.888669978613866e-19,4.2057421181672627e-19,6.160997443055379e-18,3.1234866805493017e-18,5.832612734628273e-10,2.8467144669148347e-10,6.460491352849172e-16,3.039786064168823e-16,4.011513852655286e-18,1.2895481571852094e-18,5.927476345424973e-20,1.8172366608144768e-20,1.4288166990044822e-14,4.380444451741985e-15,6.010271174126276e-11,1.842619773166834e-11,3.1196395676329795e-17,9.793589994649312e-18,0.010328643881754394,0.0048632961711488586,9.999999999998074e-31,3.3017619281850075e-31,1.400984195545462e-09,4.2887364603432374e-10,2.084508765831978e-06,6.235298085938521e-07,2.0943478066540809e-10,6.417836269089615e-11,2.0961428662083038e-13,6.276361206542033e-14
0.981,1209.4073432767882,5.458739884757381,0.2575437742075572,3.758110029451668,0.06911618652474409,0.45221655919007114,1.0304033381094331e-07,1.3483540558794933e-06,3.6704036392306754e-14,3.0260647001901886e-14,1.0817289370780178e-14,4.459157729519023e-15,1.512037467761745e-08,1.1727138714918868e-08,0.19978165090116526,0.14627784451756168,7.703561779599908e-17,3.078618646397425e-17,3.434582757040601e-14,1.3319057655134206e-14,7.461976022470969e-19,8.19467818972875e-19,2.8276592938797114e-16,2.8648815721876215e-16,2.5346412668336717e-11,2.383465803980405e-11,5.368889899889134e-13,5.048669272913432e-13,1.1563386199773466e-05,1.014469090559264e-05,0.20493749186716165,0.16849734195827343,0.427024266843819,0.20109286790730832,0.08626088501896675,0.025854112261858575,5.2629549790737524e-08,2.3923207081081532e-08,4.917575727737937e-06,2.1602837422082337e-06,2.2623393642964986e-10,9.615618346548447e-11,1.9704591001630042e-12,8.3750400022512e-13,6.439074558899053e-07,2.650702933954618e-07,1.0723383673386593e-12,5.65103785227316e-13,0.00022173480519096793,0.00011232682075226694,2.437913740498851e-08,1.1889744234653515e-08,0.0018532792190221728,0.0008713713655591499,2.966951238747577e-07,1.3466109182819703e-07,0.0004522913489911451,0.0001984001855303676,7.738342050717967e-11,2.4877928281074116e-11,3.864587768721434e-06,1.2126310414047357e-06,1.0699915241037988e-10,3.357421318438572e-11,1.5681104010258282e-19,1.4766879391032197e-19,5.075785526738193e-18,4.458976130374308e-18,1.3810771471480017e-14,1.1369237197630099e-14,2.368872970985276e-09,1.8346737392140743e-09,1.0962312104140364e-12,4.982324912509417e-13,1.1440476656900978e-15,5.029134323518466e-16,1.0478361825272027e-23,3.004315765665109e-24,1.4546054618477611e-15,4.3593472339461595e-16,9.874387430426139e-19,4.1996161928017896e-19,6.153309791712107e-18,3.1195510142467894e-18,5.831279222993683e-10,2.846028770790499e-10,6.45673867331944e-16,3.037983154207824e-16,4.004046477689362e-18,1.2871319203505493e-18,5.915446779341349e-20,1.8135264471995662e-20,1.427931709694695e-14,4.377677658042523e-15,6.008907718097379e-11,1.842179208442569e-11,3.116287978039282e-17,9.782948438742759e-18,0.010328643881745174,0.0048632366182533035,9.999999999998065e-31,3.3017214968680526e-31,1.3991385938036944e-09,4.2830341987931636e-10,2.0832060533871115e-06,6.231325034459596e-07,2.0927900606298475e-10,6.41298424365216e-11,2.0921830034046183e-13,6.264427703654395e-14
0.982,1209.3476497152951,5.4588929464233305,0.25753655294868255,3.761992973400985,0.06911905858119603,0.4522298219002579,1.0296751317903981e-07,1.3473846751476942e-06,3.664097359245181e-14,3.0208285559491403e-14,1.0797974869825213e-14,4.451141391055834e-15,1.5105166958582142e-08,1.1715200609624922e-08,0.19977137327602312,0.1462685311592601,7.689642549654628e-17,3.0730184555459864e-17,3.430069908973817e-14,1.3301394548914692e-14,7.441874295202301e-19,8.172502732406875e-19,2.8212266592529864e-16,2.858329316339207e-16,2.5305611724777928e-11,2.3795999699980163e-11,5.359604630591667e-13,5.039876196973887e-13,1.155435313451749e-05,1.0136642169174982e-05,0.20493175576141567,0.16849056592265946,0.42703650312431646,0.20109617168540142,0.08626382718077696,0.025854678001540298,5.260603691515008e-08,2.3912226766863603e-08,4.9177076229357125e-06,2.1603152727491327e-06,2.2603969666663314e-10,9.607245123293165e-11,1.9683573292420152e-12,8.366004569608053e-13,6.435635543320185e-07,2.6492548439422317e-07,1.0695528794473809e-12,5.636289906356264e-13,0.0002214081916593401,0.00011215999306931117,2.4338473833698512e-08,1.1869767432777086e-08,0.0018517350840940767,0.0008706347031793019,2.96391220871311e-07,1.345215147082942e-07,0.0004521384132236362,0.00019833067470020543,7.728315935496109e-11,2.4845391664733296e-11,3.862508515861565e-06,1.2119637962687326e-06,1.0689593145673712e-10,3.354141443623232e-11,1.5644911900882032e-19,1.4732617206288788e-19,5.068881435580954e-18,4.452856586120288e-18,1.3800213454372763e-14,1.1360406791239002e-14,2.3689744733668888e-09,1.8347299216239871e-09,1.0953614499599204e-12,4.978311025605826e-13,1.1423561908607896e-15,5.021637355086248e-16,1.0455310864704545e-23,2.9976700346844677e-24,1.4528910391591733e-15,4.3541560017858513e-16,9.86013632483365e-19,4.1935038735233464e-19,6.145637710189209e-18,3.115623399769468e-18,5.829947660686921e-10,2.8453440995401925e-10,6.452991422421534e-16,3.036182903116222e-16,3.9965982058115285e-18,1.284721909052355e-18,5.903451446145125e-20,1.8098268553230718e-20,1.4270480841072274e-14,4.374915200058218e-15,6.007546117064207e-11,1.84173925989589e-11,3.1129426004298546e-17,9.772326839199432e-18,0.01032864388173597,0.004863177163724195,9.999999999998062e-31,3.3016811323334955e-31,1.3972968791367389e-09,4.277344061071268e-10,2.0819053385412083e-06,6.227358179556667e-07,2.091234563980755e-10,6.408139357464314e-11,2.0882336399928123e-13,6.252526054578226e-14
0.983,1209.2880005883758,5.459045966938866,0.25752933403601175,3.765876026194731,0.06912192624011149,0.45224306450461,1.0289478985131812e-07,1.3464166181443758e-06,3.6578062890582874e-14,3.0156051390942216e-14,1.077870892546445e-14,4.443145352675262e-15,1.5089985348591982e-08,1.1703283278164592e-08,0.19976111003885072,0.14625923147061082,7.675758564605055e-17,3.067432547374154e-17,3.4255663562081654e-14,1.3283768184239818e-14,7.421840477645608e-19,8.150402555344396e-19,2.814813053902552e-16,2.8517965566856637e-16,2.5264904864605125e-11,2.3757431247377042e-11,5.35034182229546e-13,5.031104556867963e-13,1.1545333550213995e-05,1.0128605657602518e-05,0.2049260289100233,0.1684838010106534,0.42704871545770845,0.2010994681035571,0.08626677057932512,0.025855244612032126,5.25825474994437e-08,2.3901257859877573e-08,4.91783936306907e-06,2.160346777346744e-06,2.2584581986057816e-10,9.598887721960359e-11,1.966259830325631e-12,8.356987680864772e-13,6.432202355036999e-07,2.6478092407719036e-07,1.0667766340043518e-12,5.621591137696649e-13,0.00022108230690876554,0.00011199354086986688,2.4297908122758054e-08,1.1849839080384269e-08,0.0018501934728840212,0.0008698992626718306,2.960878609024836e-07,1.3438219013371386e-07,0.00045198567119057525,0.0001982612544914858,7.718309857029038e-11,2.4812920751591725e-11,3.86043191472109e-06,1.2112974235631048e-06,1.0679288282592222e-10,3.350867122630293e-11,1.5608828502574942e-19,1.4698458522054922e-19,5.061991612187044e-18,4.446749813526373e-18,1.3789670119877898e-14,1.1351588913066676e-14,2.369075815093736e-09,1.834786014711119e-09,1.0944929425301523e-12,4.974303030531086e-13,1.140668520141879e-15,5.01415739176416e-16,1.0432328297370823e-23,2.9910441346194804e-24,1.4511798771914576e-15,4.348974754911422e-16,9.845916560912506e-19,4.187405116345789e-19,6.137981151231194e-18,3.1117038124824316e-18,5.828618043265795e-10,2.844660450781882e-10,6.449249587089859e-16,3.034385304396956e-16,3.989168970040458e-18,1.2823181013260076e-18,5.89149022369141e-20,1.806137847042622e-20,1.4261658185406277e-14,4.372157065909218e-15,6.006186366598725e-11,1.8412999260327e-11,3.1096034168269215e-17,9.761725137751316e-18,0.010328643881726846,0.004863117807322757,9.999999999998069e-31,3.3016408344192055e-31,1.3954590408705287e-09,4.271666013514692e-10,2.080606618226417e-06,6.223397511292506e-07,2.0896813112622377e-10,6.403301592986105e-11,2.0842947400374085e-13,6.240656149540925e-14
0.984,1209.2283957990603,5.4591989463864765,0.25752211746529297,3.7697591878036936,0.06912478951147981,0.4522562870494745,1.0282216358777392e-07,1.3454498815617386e-06,3.6515303774616436e-14,3.010394406494034e-14,1.0759491369313374e-14,4.4351695435459975e-15,1.5074829774799013e-08,1.1691386662037937e-08,0.19975086115515395,0.14624994541866276,7.661909701294425e-17,3.06186087167077e-17,3.4210720697837656e-14,1.3266178445810577e-14,7.401874281704166e-19,8.128377337724076e-19,2.808418404748538e-16,2.8452832179551903e-16,2.5224291780451102e-11,2.3718952386302273e-11,5.34110139937313e-13,5.022354279945541e-13,1.153632741155585e-05,1.0120581338514606e-05,0.20492031129443355,0.16847704719854284,0.42706090390034446,0.20110275717964507,0.08626971521248084,0.025855812091523444,5.2559081490567447e-08,2.3890300333852984e-08,4.917970948318396e-06,2.1603782559850422e-06,2.256523049079279e-10,9.59054609413407e-11,1.9641665899465197e-12,8.347989277187485e-13,6.428774978204479e-07,2.646366117623702e-07,1.064009590688741e-12,5.606941330886468e-13,0.00022075714829660126,0.0001118274627865155,2.425743992773571e-08,1.1829959006001855e-08,0.0018486543775608035,0.0008691650402267468,2.9578504228098094e-07,1.342431173150198e-07,0.0004518331222535554,0.00019819192460772089,7.708323754699216e-11,2.478051534131036e-11,3.858357958636326e-06,1.2106319210703422e-06,1.0669000604579977e-10,3.347598340095e-11,1.5572853392312006e-19,1.466440293349031e-19,5.055116012942933e-18,4.440655773246892e-18,1.3779141431565984e-14,1.134278353162533e-14,2.3691769965617938e-09,1.8348420187054414e-09,1.0936256849377693e-12,4.970300912120679e-13,1.1389846404592188e-15,5.006694374785428e-16,1.0409413849144049e-23,2.9844379856196633e-24,1.4494719640151242e-15,4.343803456700523e-16,9.831728037971043e-19,4.18131987739597e-19,6.130340067554111e-18,3.1077922277461727e-18,5.827290366292879e-10,2.843977822142562e-10,6.445513153313672e-16,3.032590351116005e-16,3.981758704085261e-18,1.279920475433948e-18,5.879562976028807e-20,1.802459379991117e-20,1.4252849093957667e-14,4.369403244040704e-15,6.004828462288186e-11,1.8408612053679182e-11,3.106270409123885e-17,9.751143275754945e-18,0.010328643881717704,0.004863058548820995,9.999999999998053e-31,3.301600602970417e-31,1.3936250660925545e-09,4.26600001562218e-10,2.079309886017289e-06,6.219443009702764e-07,2.0881302965542352e-10,6.398470931237419e-11,2.0803662647720696e-13,6.228817870319299e-14
0.985,1209.1688352442657,5.459351884865164,0.2575149032314967,3.7736424581987316,0.0691276484055756,0.4522694895825515,1.0274963415486096e-07,1.3444844621754762e-06,3.6452695737383944e-14,3.005196315423568e-14,1.074032203274344e-14,4.427213892738501e-15,1.505970016509309e-08,1.167951070331164e-08,0.1997406265910914,0.14624067297078394,7.648095837195421e-17,3.0563033784779466e-17,3.416587021324269e-14,1.3248625220589101e-14,7.381975420638168e-19,8.10642676023826e-19,2.8020426387704543e-16,2.838789224940137e-16,2.5183772166281886e-11,2.3680562822322665e-11,5.331883286812951e-13,5.013625294137482e-13,1.1527334683784111e-05,1.0112569180024685e-05,0.20491460289326552,0.1684703044601037,0.42707306850908244,0.201106038931547,0.08627266107691708,0.025856380437816153,5.2535638839903383e-08,2.3879354164512227e-08,4.918102378907748e-06,2.1604097086647597e-06,2.2545915073561392e-10,9.582220192689167e-11,1.9620775948943915e-12,8.339009300832156e-13,6.425353397355072e-07,2.644925467831e-07,1.0612517118575754e-12,5.592340284641776e-13,0.00022043271370122893,0.00011166175771578359,2.4217068931177822e-08,1.1810127051317597e-08,0.0018471177920351644,0.0008684320328525371,2.954827635885972e-07,1.3410429558484502e-07,0.0004516807660904389,0.0001981226848909654,7.698357568796277e-11,2.4748175236462236e-11,3.8562866411090495e-06,1.2099672866238287e-06,1.0658730064518695e-10,3.3443350806807456e-11,1.553698614765242e-19,1.463045003632662e-19,5.048254594419213e-18,4.4345744260974955e-18,1.3768627353734521e-14,1.1333990616017504e-14,2.3692780181651742e-09,1.834897933833396e-09,1.0927596740568912e-12,4.966304655484298e-13,1.1373045399217453e-15,4.999248250584404e-16,1.0386567257316664e-23,2.9778515111125693e-24,1.4477672917864833e-15,4.3386420827741083e-16,9.817570655873288e-19,4.1752481130372567e-19,6.122714412200992e-18,3.10388862108634e-18,5.82596462535177e-10,2.8432962112566667e-10,6.44178210773724e-16,3.030798036645109e-16,3.9743673417158705e-18,1.2775290096589701e-18,5.867669576887957e-20,1.798791414771557e-20,1.4244053530332778e-14,4.366653722771197e-15,6.003472399737042e-11,1.8404230964199014e-11,3.102943559408939e-17,9.740581195174579e-18,0.010328643881708602,0.00486299938798558,9.999999999998046e-31,3.301560437828711e-31,1.3917949433395247e-09,4.260346031328273e-10,2.078015137572259e-06,6.21549466105161e-07,2.0865815142617527e-10,6.393647354229696e-11,2.0764481774439477e-13,6.217011104723396e-14
0.986,1209.1093188293644,5.459504782452383,0.2575076913306108,3.7775258373507588,0.06913050293224221,0.45228267214949897,1.026772013122226e-07,1.3435203566749994e-06,3.639023827017794e-14,3.000010823040718e-14,1.0721200749025361e-14,4.41927833012112e-15,1.504459644698276e-08,1.1667655343784433e-08,0.19973040631221625,0.1462314140941584,7.634316850181199e-17,3.050760018008289e-17,3.412111181948675e-14,1.3231108393616754e-14,7.36214360929621e-19,8.084550505366126e-19,2.7956856836549843e-16,2.8323145031613887e-16,2.5143345717194806e-11,2.3642262262142e-11,5.322687409520418e-13,5.004917527313175e-13,1.151835533167936e-05,1.0104569149864303e-05,0.20490890368889575,0.16846357277249802,0.42708520933965133,0.2011093133769603,0.0862756081709333,0.02585694964924469,5.251221949331484e-08,2.386841932511534e-08,4.918233655003316e-06,2.160441135364957e-06,2.252663562400361e-10,9.573909969225275e-11,1.9599928317421998e-12,8.330047693154676e-13,6.421937596644425e-07,2.6434872845775545e-07,1.058502957114008e-12,5.577787783195088e-13,0.00022010900040135757,0.00011149642425075581,2.4176794784172206e-08,1.1790343042715438e-08,0.001845583708011057,0.0008677002365221037,2.951810230697339e-07,1.3396572412302047e-07,0.0004515286019691195,0.00019805353500382578,7.68841123895202e-11,2.4715900237572025e-11,3.854217955471885e-06,1.2093035180063109e-06,1.0648476615525025e-10,3.3410773291324525e-11,1.5501226350008683e-19,1.4596599429987533e-19,5.041407313334575e-18,4.428505733036176e-18,1.3758127849977804e-14,1.1325210134791202e-14,2.369378880297282e-09,1.8349537603240372e-09,1.0918949067044965e-12,4.962314245482743e-13,1.135628205405667e-15,4.991818960191482e-16,1.0363788249060052e-23,2.9712846316365206e-24,1.4460658482721272e-15,4.333490595609131e-16,9.803444314718195e-19,4.1691897797450287e-19,6.115104138203566e-18,3.0999929680311095e-18,5.824640816031673e-10,2.842615615766671e-10,6.438056436252036e-16,3.02900835400807e-16,3.966994817277705e-18,1.2751436824733034e-18,5.85580989022326e-20,1.7951339089969483e-20,1.4235271458945088e-14,4.363908490675831e-15,6.002118174560729e-11,1.8399855977138007e-11,3.0996228496694815e-17,9.73003883768213e-18,0.010328643881699536,0.004862940324591648,9.99999999999805e-31,3.301520338841425e-31,1.3899686593763697e-09,4.2547040191557225e-10,2.0767223658760558e-06,6.211552443619006e-07,2.0850349584084415e-10,6.388830842819577e-11,2.0725404390329154e-13,6.205235733797167e-14
0.987,1209.0498464519742,5.459657639246427,0.2575004817576413,3.781409325230759,0.06913335310169336,0.45229583479774355,1.0260486482759719e-07,1.342557561854207e-06,3.632793087000163e-14,2.994837886974375e-14,1.0702127351073701e-14,4.411362785416299e-15,1.5029518548856427e-08,1.1655820525928126e-08,0.19972020028483034,0.146222168756314,7.620572618800638e-17,3.0452307407451564e-17,3.407644523488326e-14,1.3213627852691244e-14,7.342378563863535e-19,8.062748257071261e-19,2.78934746707713e-16,2.825858978131014e-16,2.510301212968788e-11,2.3604050413779e-11,5.313513693106152e-13,4.996230908005464e-13,1.1509389320698351e-05,1.0096581216348162e-05,0.20490321366011582,0.16845685210970301,0.427097326448422,0.2011125805335946,0.08627855649140953,0.02585751972368116,5.248882340229383e-08,2.3857495791451207e-08,4.918364776826709e-06,2.1604725360859393e-06,2.2507392035537576e-10,9.565615376939728e-11,1.9579122873769038e-12,8.321104396840184e-13,6.418527560696233e-07,2.6420515612368826e-07,1.0557632892922258e-12,5.563283627815554e-13,0.0002197860063120388,0.00011133146130683555,2.413661717147172e-08,1.177060682299743e-08,0.001844052119394161,0.0008669696482427064,2.9487981930876e-07,1.3382740226356979e-07,0.0004513766295591577,0.000197984474784845,7.678484705901076e-11,2.4683690148697505e-11,3.852151895266469e-06,1.2086406130647131e-06,1.0638240210826303e-10,3.337825070226978e-11,1.546557358101942e-19,1.4562850714126493e-19,5.034574126600794e-18,4.42244965518869e-18,1.3747642884797038e-14,1.1316442057229337e-14,2.3694795833495957e-09,1.8350094984022687e-09,1.0910313797733978e-12,4.9583296673165e-13,1.1339556252622327e-15,4.9844064511198e-16,1.0341076565551329e-23,2.964737271748332e-24,1.444367626059962e-15,4.328348972128341e-16,9.789348915205629e-19,4.1631448342490533e-19,6.107509198964956e-18,3.0961052442953267e-18,5.823318933943724e-10,2.8419360333220454e-10,6.434336125570643e-16,3.0272212966116425e-16,3.959641065123218e-18,1.2727644723518178e-18,5.843983792039523e-20,1.7914868239757688e-20,1.4226502843661988e-14,4.361167536157653e-15,6.000765782390006e-11,1.8395487077770524e-11,3.096308262123097e-17,9.719516145665237e-18,0.010328643881690492,0.004862881358407399,9.999999999998027e-31,3.301480305851179e-31,1.3881462027920266e-09,4.249073943208871e-10,2.0754315665537457e-06,6.207616343575756e-07,2.083490623428657e-10,6.384021379115639e-11,2.068643013041794e-13,6.193491646140995e-14
0.988,1208.9904180140707,5.459810455334767,0.25749327450810583,3.7852929218097775,0.069136198923909,0.452308977573599,1.0253262446602783e-07,1.341596074473476e-06,3.626577303439646e-14,2.989677464905099e-14,1.068310167324881e-14,4.403467188953781e-15,1.5014466399094308e-08,1.1644006192226478e-08,0.19971000847503068,0.14621293692477005,7.606863022107994e-17,3.039715497381792e-17,3.4031870176025677e-14,1.3196183484968666e-14,7.322680002088882e-19,8.041019701069773e-19,2.783027917244718e-16,2.8194225759105924e-16,2.506277110156844e-11,2.3565926986537277e-11,5.304362063329445e-13,4.987565364899224e-13,1.1500436616163319e-05,1.008860534768684e-05,0.20489753278759346,0.16845014244739967,0.42710941989116186,0.20111584041906105,0.08628150603595124,0.02585809065923937,5.246545051581772e-08,2.3846583538192566e-08,4.91849574457209e-06,2.160503910817967e-06,2.2488184200398527e-10,9.55733636854174e-11,1.955835948615876e-12,8.312179354292456e-13,6.4151232739971e-07,2.640618291129419e-07,1.0530326698702907e-12,5.548827612649625e-13,0.00021946372903658526,0.00011116686764174929,2.4096535763308655e-08,1.1750918227912456e-08,0.0018425230190418545,0.0008662402645299921,2.945791507313312e-07,1.3368932926869995e-07,0.0004512248483343204,0.00019791550398690367,7.668577910213579e-11,2.4651544773413837e-11,3.850088453972096e-06,1.2079785696278594e-06,1.0628020803902837e-10,3.334578288825655e-11,1.5430027425293813e-19,1.452920349124538e-19,5.027754991305026e-18,4.4164061538434804e-18,1.373717242244425e-14,1.1307686352424868e-14,2.369580127712515e-09,1.8350651482938437e-09,1.0901690901366676e-12,4.954350906103122e-13,1.1322867872244813e-15,4.977010668175681e-16,1.031843194329432e-23,2.9582093546749745e-24,1.4426726151803336e-15,4.3232171815975995e-16,9.775284358387436e-19,4.1571132334374734e-19,6.099929547994237e-18,3.092225425653277e-18,5.821998974709574e-10,2.841257461580407e-10,6.430621162073781e-16,3.0254368577102403e-16,3.952306020049911e-18,1.2703913579158329e-18,5.832191153607262e-20,1.7878501195706632e-20,1.4217747648825198e-14,4.3584308477707634e-15,5.999415218870233e-11,1.8391124251435144e-11,3.0929997789823125e-17,9.709013061511809e-18,0.01032864388168148,0.00486282248920563,9.999999999998029e-31,3.301440338703736e-31,1.3863275613511846e-09,4.2434557650772617e-10,2.074142733956687e-06,6.203686343290984e-07,2.0819485035888384e-10,6.37921894472051e-11,2.064755862004832e-13,6.181778727472457e-14
0.989,1208.9310334201955,5.459963230798662,0.25748606957781606,3.7891766270589184,0.06913904040873488,0.45232210052275557,1.0246047999106302e-07,1.340635891274888e-06,3.620376426190094e-14,2.984529514601834e-14,1.066412355081639e-14,4.395591471446189e-15,1.4999439926134385e-08,1.1632212285222122e-08,0.1996998308487647,0.14620371856702613,7.593187939635939e-17,3.034214238809414e-17,3.3987386358800975e-14,1.3178775177351691e-14,7.30304764317635e-19,8.019364524708381e-19,2.776726962801317e-16,2.813005223011775e-16,2.5022622331804086e-11,2.3527891690856452e-11,5.295232446138954e-13,4.978920826867781e-13,1.1491497183336141e-05,1.0080641512048227e-05,0.204891861053086,0.16844344376226605,0.42712148972310887,0.20111909305083578,0.08628445680276116,0.025858662454227195,5.244210078133994e-08,2.383568253933788e-08,4.918626558416469e-06,2.1605352595450106e-06,2.2469012010211391e-10,9.549072896492306e-11,1.953763802248943e-12,8.303272507809573e-13,6.411724720957596e-07,2.6391874675467046e-07,1.0503110597844143e-12,5.534419529010053e-13,0.00021914216603512822,0.0001110026419408954,2.4056550222053903e-08,1.1731277089399689e-08,0.0018409963991970653,0.000865512081611679,2.9427901567013926e-07,1.3355150435859603e-07,0.00045107325765064975,0.00019784662231139654,7.65869079241386e-11,2.46194639151862e-11,3.848027625027042e-06,1.2073173855127304e-06,1.061781834837737e-10,3.331336969838406e-11,1.5394587469907118e-19,1.4495657366213887e-19,5.020949864689087e-18,4.4103751904318506e-18,1.3726716427039212e-14,1.1298942989372978e-14,2.369680513775371e-09,1.8351207102247198e-09,1.089308034657452e-12,4.950377946920051e-13,1.1306216786864873e-15,4.969631554684404e-16,1.0295854116594243e-23,2.95170080302201e-24,1.4409808048071348e-15,4.318095190722368e-16,9.761250545651591e-19,4.151094934348536e-19,6.092365138919525e-18,3.0883534879441867e-18,5.820680933961695e-10,2.8405798982066563e-10,6.426911531954403e-16,3.023655030472648e-16,3.944989617213483e-18,1.268024317904721e-18,5.820431843618906e-20,1.784223754858838e-20,1.4209005839087816e-14,4.355698414168794e-15,5.998066479657367e-11,1.8386767483515798e-11,3.089697382473932e-17,9.698529527667195e-18,0.010328643881672473,0.00486276371676197,9.99999999999803e-31,3.301400437246767e-31,1.3845127223456577e-09,4.237849444909752e-10,2.072855861679361e-06,6.199762422875922e-07,2.0804085930550111e-10,6.37442352093543e-11,2.060878947914368e-13,6.170096861901612e-14
0.99,1208.871692567198,5.4601159657401235,0.25747886696160593,3.7930604409493576,0.06914187756637603,0.45233520369261054,1.0238843117478269e-07,1.3396770091107504e-06,3.6141904057062123e-14,2.979393994329082e-14,1.0645192818727468e-14,4.387735563477367e-15,1.4984439059364276e-08,1.1620438748185069e-08,0.19968966737279187,0.14619451365097516,7.579547251635762e-17,3.0287269162071355e-17,3.3942993506497165e-14,1.3161402819607045e-14,7.283481207720839e-19,7.997782416877385e-19,2.7704445323941934e-16,2.8066068459529486e-16,2.4982565520898846e-11,2.34899442386189e-11,5.286124768228937e-13,4.970297223485975e-13,1.1482570988205574e-05,1.007268967822803e-05,0.20488619843476397,0.168436756027798,0.42713353600022863,0.20112233844645208,0.08628740878847975,0.025859235106447973,5.241877415216593e-08,2.382479277151637e-08,4.9187572185935345e-06,2.1605665822728846e-06,2.2449875360519144e-10,9.5408249149097e-11,1.9516958353926522e-12,8.294383801072971e-13,6.408331886478144e-07,2.637759083979064e-07,1.0475984230094317e-12,5.5200591842314e-13,0.0002188213153662474,0.00011083878319278246,2.4016660243947606e-08,1.1711683255915327e-08,0.0018394722543402366,0.0008647850967666379,2.939794128044657e-07,1.3341392691063634e-07,0.0004509218572755969,0.00019777782963992422,7.648823294176123e-11,2.4587447381164302e-11,3.84596940208731e-06,1.2066570586032428e-06,1.0607632798013222e-10,3.328101098216523e-11,1.535925330223165e-19,1.4462211944198053e-19,5.014158704209406e-18,4.4043567265718335e-18,1.3716274863668617e-14,1.1290211937853366e-14,2.3697807419254693e-09,1.8351761844166705e-09,1.0884482102794577e-12,4.946410775205976e-13,1.1289602883801945e-15,4.9622690598508e-16,1.0273342832460821e-23,2.945211543040231e-24,1.4392921883003402e-15,4.312982978749732e-16,9.747247379015162e-19,4.1450898942868987e-19,6.084815925767587e-18,3.0844894072078137e-18,5.819364807355145e-10,2.8399033408730686e-10,6.423207222252056e-16,3.021875808462643e-16,3.937691791798583e-18,1.265663331067545e-18,5.808705741777419e-20,1.7806076922940227e-20,1.4200277378563807e-14,4.3529702238355184e-15,5.996719560425266e-11,1.8382416759427607e-11,3.0864010550701675e-17,9.688065487340389e-18,0.0103286438816635,0.004862705040845256,9.999999999998034e-31,3.301360601323324e-31,1.3827016749209905e-09,4.2322549485275734e-10,2.071570946008895e-06,6.195844570488874e-07,2.078870886415849e-10,6.36963509035025e-11,2.0570122353365207e-13,6.15844594124679e-14
0.991,1208.812395357826,5.460268660246427,0.2574716666550055,3.796944363452333,0.06914471040671769,0.4523482871290323,1.0231647778565535e-07,1.338719424788287e-06,3.608019192462778e-14,2.974270862376062e-14,1.0626309313365762e-14,4.379899396234327e-15,1.4969463728122775e-08,1.1608685524369411e-08,0.19967951801362008,0.14618532214451502,7.565940838869494e-17,3.023253480966975e-17,3.389869133988575e-14,1.3144066300555017e-14,7.263980417950154e-19,7.976273068297748e-19,2.7641805552784075e-16,2.8002273718787127e-16,2.4942600370740565e-11,2.3452084343068905e-11,5.277038956412193e-13,4.961694484453812e-13,1.1473657996573479e-05,1.0064749814875085e-05,0.20488054491333563,0.16843007921979367,0.42714555877782606,0.20112557662338343,0.08629036199057391,0.025859808613985437,5.2395470578301135e-08,2.3813914209891876e-08,4.918887725301495e-06,2.160597878994536e-06,2.2430774145232361e-10,9.532592377236042e-11,1.9496320350616263e-12,8.285513177347866e-13,6.404944755276924e-07,2.636333133845998e-07,1.0448947214252753e-12,5.505746374634299e-13,0.00021850117462190308,0.00011067529014982843,2.397686550522335e-08,1.1692136566190756e-08,0.0018379505775484954,0.0008640593066155062,2.9368034060141656e-07,1.332765962061633e-07,0.0004507706467166099,0.00019770912574032756,7.638975356876874e-11,2.455549497759463e-11,3.843913778709217e-06,1.2059975867538842e-06,1.0597464106808314e-10,3.3248706589910605e-11,1.532402451295028e-19,1.442886683353636e-19,5.007381467508844e-18,4.398350724055202e-18,1.3705847697086477e-14,1.1281493167390639e-14,2.3698808125491276e-09,1.8352315710929873e-09,1.0875896139192844e-12,4.942449376284756e-13,1.1273026037572217e-15,4.954923127264195e-16,1.0250897827204372e-23,2.9387414979238394e-24,1.437606755000006e-15,4.307880512889356e-16,9.73327476079911e-19,4.139098070696395e-19,6.0772818626646955e-18,3.08063315954103e-18,5.818050590554888e-10,2.83922778726069e-10,6.419508219557775e-16,3.020099185037752e-16,3.93041247950305e-18,1.263308376322082e-18,5.797012717887883e-20,1.777001891301804e-20,1.4191562231982318e-14,4.350246265450329e-15,5.995374456865609e-11,1.8378072064665708e-11,3.083110779222095e-17,9.67762088369321e-18,0.010328643881654529,0.00486264646123047,9.999999999998021e-31,3.301320830780642e-31,1.3808944071135694e-09,4.2266722383664243e-10,2.0702879815354763e-06,6.19193276922265e-07,2.0773353780266506e-10,6.364853634850337e-11,2.053155687535784e-13,6.146825853448213e-14
0.992,1208.7531416885745,5.460421314421803,0.25746446865274664,3.8008283945391574,0.0691475389399257,0.4523613508792068,1.022446195985989e-07,1.33776313519807e-06,3.601862737417238e-14,2.969160077430908e-14,1.0607472871069281e-14,4.372082900887336e-15,1.4954513862478978e-08,1.1596952557589692e-08,0.1996693827384932,0.14617614401592194,7.552368582703689e-17,3.01779388472405e-17,3.385447958556421e-14,1.3126765511272692e-14,7.244544997383473e-19,7.954836171126731e-19,2.7579349607541813e-16,2.7938667279831283e-16,2.490272658452239e-11,2.3414311718682457e-11,5.267974938103523e-13,4.953112540039095e-13,1.1464758174787259e-05,1.0056821891109749e-05,0.2048749004666411,0.1684234133115067,0.42715755811183065,0.2011288075991677,0.08629331640511904,0.025860382974477156,5.23721900142352e-08,2.3803046831643864e-08,4.919018078783147e-06,2.160629149720045e-06,2.2411708261306603e-10,9.52437523820225e-11,1.9475723885256847e-12,8.276660580981082e-13,6.401563312448536e-07,2.634909610719822e-07,1.0421999196305858e-12,5.491480910876345e-13,0.00021818174192984465,0.00011051216183584365,2.3937165709179497e-08,1.167263687215874e-08,0.0018364313636572414,0.00086333470860497,2.933817977991257e-07,1.3313951164945215e-07,0.0004506196258019087,0.00019764051052094747,7.629146922815897e-11,2.4523606513686402e-11,3.8418607486272736e-06,1.2053389678740068e-06,1.0587312228908177e-10,3.321645637237566e-11,1.5288900693278413e-19,1.4395621643089058e-19,5.0006181124114355e-18,4.392357144832276e-18,1.3695434892770641e-14,1.1272786648096927e-14,2.3699807260307026e-09,1.8352868704733375e-09,1.0867322425542355e-12,4.938493735752617e-13,1.1256486137134502e-15,4.947593706862308e-16,1.0228518850884621e-23,2.9322905948124908e-24,1.4359244984284274e-15,4.302787772881878e-16,9.719332593903525e-19,4.133119421267138e-19,6.0697629040571954e-18,3.0767847212022403e-18,5.816738279247595e-10,2.8385532350583005e-10,6.415814511122533e-16,3.0183251538634986e-16,3.923151616073138e-18,1.2609594326023913e-18,5.785352653436423e-20,1.773406314890205e-20,1.4182860363660839e-14,4.347526527563049e-15,5.994031164690428e-11,1.8373733384769043e-11,3.07982653757519e-17,9.66719566049363e-18,0.010328643881645578,0.004862587977687143,9.99999999999802e-31,3.301281125462258e-31,1.379090908415337e-09,4.22110128131657e-10,2.069006964956439e-06,6.188027008467396e-07,2.0758020625762204e-10,6.360079137338258e-11,2.0493092697755468e-13,6.13523649243458e-14
0.993,1208.693931473978,5.4605739283237495,0.25745727295176546,3.804712534181184,0.0691503631752709,0.4523743949860842,1.0217285637252918e-07,1.336808137026589e-06,3.59572099091308e-14,2.964061597690672e-14,1.0588683331069193e-14,4.364286009821864e-15,1.4939589391309407e-08,1.1585239790784523e-08,0.19965926151317948,0.1461669792329222,7.538830364670758e-17,3.012348079195529e-17,3.381035795764777e-14,1.3109500338057072e-14,7.225174671134241e-19,7.933471419327904e-19,2.751707679212123e-16,2.787524842581735e-16,2.4862943866198038e-11,2.337662608076559e-11,5.258932640122095e-13,4.944551319974749e-13,1.1455871488014596e-05,1.0048905875058017e-05,0.2048692650806335,0.16841675828346947,0.4271695340559162,0.20113203139100164,0.08629627203176675,0.0258609581867255,5.23489324021497e-08,2.3792190608447817e-08,4.919148279154899e-06,2.160660394411737e-06,2.2392677598478029e-10,9.51617344951093e-11,1.945516882512332e-12,8.267825954050922e-13,6.398187542189465e-07,2.6334885078135126e-07,1.0395139760634753e-12,5.4772625711919e-13,0.00021786301410656124,0.00011034939661099067,2.389756048916171e-08,1.1653183991699076e-08,0.0018349146026586784,0.0008626112979083784,2.9308378239336e-07,1.3300267230844958e-07,0.0004504687934600163,0.0001975719834962628,7.61933793253023e-11,2.4491781793093173e-11,3.839810305164294e-06,1.204681199748453e-06,1.057717711867196e-10,3.3184260181124817e-11,1.5253881440176767e-19,1.4362475987214224e-19,4.9938685968325976e-18,4.386375950953798e-18,1.3685036414490916e-14,1.1264092348723444e-14,2.3700804827546936e-09,1.8353420827840663e-09,1.0858760930217307e-12,4.934543838589946e-13,1.123998304194602e-15,4.940280735639547e-16,1.0206205628164134e-23,2.9258587535825725e-24,1.4342454026686098e-15,4.2977047102016783e-16,9.705420781169797e-19,4.12715390368379e-19,6.062259004122659e-18,3.0729440683274193e-18,5.815427869114747e-10,2.8378796819627044e-10,6.412126082490083e-16,3.016553707814034e-16,3.915909138126781e-18,1.2586164791293736e-18,5.773725406345482e-20,1.769820918854271e-20,1.4174171739511944e-14,4.344810999229605e-15,5.992689679617403e-11,1.83694007053621e-11,3.076548312463071e-17,9.656789760572367e-18,0.010328643881636656,0.004862529590002324,9.999999999997999e-31,3.3012414852235817e-31,1.3772911644050057e-09,4.2155420323100087e-10,2.0677278871059627e-06,6.18412726010199e-07,2.0742709338879122e-10,6.355311578090302e-11,2.0454729421979837e-13,6.123677736835689e-14
0.994,1208.634764609028,5.460726502061294,0.25745007954656973,3.8085967823498437,0.06915318312298604,0.45238741949719613,1.021011878843204e-07,1.33585442719073e-06,3.58959390431167e-14,2.958975382184623e-14,1.0569940531068812e-14,4.3565086547841e-15,1.4924690245131735e-08,1.1573547168128641e-08,0.19964915430508118,0.1461578277638921,7.525326067087296e-17,3.0069160164054433e-17,3.3766326185452076e-14,1.3092270673062048e-14,7.205869165299764e-19,7.912178507942062e-19,2.7454986404877754e-16,2.7812016434240165e-16,2.482325192108535e-11,2.3339027145849155e-11,5.249911990462183e-13,4.936010755087182e-13,1.1446997902820766e-05,1.004100173603823e-05,0.20486363873242022,0.16841011410831125,0.42718148666557,0.20113524801617555,0.08629922886674796,0.02586153424841034,5.232569769744693e-08,2.3781345517902735e-08,4.919278326667342e-06,2.160691613082724e-06,2.2373682054845582e-10,9.507986966388233e-11,1.9434655044132915e-12,8.259009241433615e-13,6.394817429722999e-07,2.632069818753602e-07,1.0368368569860826e-12,5.463091175038083e-13,0.00021754498956944382,0.00011018699364602575,2.385804955768728e-08,1.1633777781271268e-08,0.0018334002898246168,0.0008618890721782905,2.927862931892396e-07,1.328660776179818e-07,0.000450318149587373,0.00019750354460456888,7.609548328860962e-11,2.446002062680471e-11,3.837762442131218e-06,1.2040242803109833e-06,1.0567058730554389e-10,3.315211786791629e-11,1.521896634814921e-19,1.432942947793845e-19,4.987132878878357e-18,4.380407104625707e-18,1.3674652227963742e-14,1.125541023958564e-14,2.3701800831029535e-09,1.8353972082425223e-09,1.0850211623213225e-12,4.930599670497385e-13,1.1223516653130838e-15,4.93298416889142e-16,1.018395792174704e-23,2.9194459050120503e-24,1.4325694644427224e-15,4.292631314183983e-16,9.691539226311665e-19,4.121201475991016e-19,6.05477011762603e-18,3.0691111773414144e-18,5.814119355869835e-10,2.8372071256759725e-10,6.408442921105741e-16,3.0147848406476644e-16,3.908684981842334e-18,1.256279494980006e-18,5.762130867870483e-20,1.7662456692037508e-20,1.4165496323912043e-14,4.342099669020165e-15,5.991349997377682e-11,1.8365074012043582e-11,3.073276086658514e-17,9.646403128108971e-18,0.01032864388162781,0.004862471297944784,9.999999999998006e-31,3.3012019099076297e-31,1.3754951649736722e-09,4.209994459466316e-10,2.066450745165005e-06,6.180233514966353e-07,2.072741986751945e-10,6.350550940323711e-11,2.0416466707017897e-13,6.112149482503165e-14
0.995,1208.575641001295,5.460879035711274,0.25744288843318597,3.8124811390166213,0.06915599879265986,0.4524004244570201,1.0202961390231562e-07,1.3349020024996772e-06,3.583481428779231e-14,2.95390138979312e-14,1.0551244310808484e-14,4.348750768377997e-15,1.4909816354069017e-08,1.1561874633527757e-08,0.19963906108078897,0.14614868957699528,7.511855572777228e-17,3.0014976485931747e-17,3.372238399158646e-14,1.3075076405887473e-14,7.186628207839274e-19,7.890957134101675e-19,2.7393077753362855e-16,2.774897059204968e-16,2.478365045604194e-11,2.330151463200239e-11,5.240912917021923e-13,4.927490776132418e-13,1.1438137385244646e-05,1.003310944293717e-05,0.2048580214045674,0.16840348076358663,0.42719341599488947,0.20113845749184156,0.0863021869083758,0.025862111157902296,5.230248584826932e-08,2.377051153437379e-08,4.919408221492046e-06,2.1607228057169727e-06,2.2354721524482175e-10,9.499815742379342e-11,1.941418241337793e-12,8.250210386832542e-13,6.391452959799109e-07,2.630653536979438e-07,1.0341685237648838e-12,5.448966516107872e-13,0.00021722766568130818,0.00011002495157796252,2.3818632582251538e-08,1.161441807542711e-08,0.0018318884173535092,0.0008611680276250879,2.9248932852691383e-07,1.327297268022972e-07,0.0004501676935164348,0.0001974351935373429,7.599778053726538e-11,2.4428322822930375e-11,3.835717153087571e-06,1.2033682074199053e-06,1.055695701925534e-10,3.3120029285382114e-11,1.5184155016519058e-19,1.4296481731899132e-19,4.980410916863246e-18,4.3744505682527066e-18,1.3664282298069923e-14,1.1246740290344602e-14,2.3702795274568133e-09,1.8354522470703496e-09,1.0841674473835857e-12,4.926661216876904e-13,1.1207086841313238e-15,4.925703948526361e-16,1.0161775467729333e-23,2.913051972265425e-24,1.4308966713012091e-15,4.287567546695298e-16,9.677687833199872e-19,4.115262096315488e-19,6.0472961993413364e-18,3.0652860246843218e-18,5.812812735229144e-10,2.8365355639092034e-10,6.404765013394556e-16,3.013018545651416e-16,3.901479084179621e-18,1.253948459487794e-18,5.750568905464569e-20,1.7626805246604675e-20,1.4156834082393418e-14,4.33939252587192e-15,5.990012113717368e-11,1.836075329050753e-11,3.0700098428113547e-17,9.636035706928796e-18,0.01032864388161893,0.0048624131012957855,9.999999999997978e-31,3.3011623993659123e-31,1.3737028975575724e-09,4.204458523406281e-10,2.0651755326160936e-06,6.176345752857239e-07,2.0712152154269813e-10,6.345797205645994e-11,2.0378304181524677e-13,6.10065161623457e-14
0.996,1208.5165605475772,5.4610315293793175,0.2574356996062844,3.816365604153078,0.06915881019438891,0.45241340991243617,1.01958134205273e-07,1.333950859896656e-06,3.577383516147044e-14,2.94883957994305e-14,1.0532594509401304e-14,4.341012282947073e-15,1.4894967649292682e-08,1.1550222131684289e-08,0.19962898180796315,0.14613956464088818,7.498418765222544e-17,2.996092928259821e-17,3.367853110769027e-14,1.3057917429620403e-14,7.167451527882823e-19,7.869806996235396e-19,2.733135014352563e-16,2.768611018458359e-16,2.474413917924339e-11,2.3264088258516805e-11,5.231935348496193e-13,4.918991314612832e-13,1.1429289902166505e-05,1.0025228965363665e-05,0.2048524130747408,0.1683968582224855,0.42720532209904694,0.20114165983524981,0.08630514615281273,0.0258626889128754,5.2279296810249876e-08,2.3759688635586914e-08,4.919537963876326e-06,2.1607539723273473e-06,2.2335795906336075e-10,9.49165973308751e-11,1.939375080791019e-12,8.24142933562337e-13,6.388094117772321e-07,2.6292396561747327e-07,1.0315089421731756e-12,5.434888411320026e-13,0.00021691104069617028,0.00010986326949511229,2.377930927505264e-08,1.1595104730509377e-08,0.001830378980404538,0.0008604481618496785,2.921928872011496e-07,1.3259361929176592e-07,0.00045001742512226246,0.0001973669302236741,7.590027050434055e-11,2.439668819401593e-11,3.833674431874308e-06,1.202712979019705e-06,1.0546871939591766e-10,3.308799428647372e-11,1.5149447044107557e-19,1.4263632365267754e-19,4.973702669286148e-18,4.368506304396872e-18,1.3653926590838358e-14,1.1238082471588077e-14,2.3703788161954303e-09,1.8355071994837766e-09,1.0833149452347684e-12,4.922728463557342e-13,1.119069349991493e-15,4.918440026468565e-16,1.0139658023331622e-23,2.9066768845639916e-24,1.4292270177741748e-15,4.282513390511064e-16,9.663866506373651e-19,4.109335723064399e-19,6.039837204455428e-18,3.0614685870020057e-18,5.811508002934438e-10,2.8358649943805477e-10,6.401092346867423e-16,3.011254816617983e-16,3.894291381980982e-18,1.2516233519480458e-18,5.739039404889696e-20,1.759125449558468e-20,1.414818497970072e-14,4.336689558473375e-15,5.988676024401755e-11,1.8356438526471897e-11,3.066749563850482e-17,9.62568744172037e-18,0.010328643881610105,0.0048623549998269055,9.999999999997965e-31,3.3011229534433377e-31,1.3719143520207508e-09,4.198934192177072e-10,2.063902246499156e-06,6.172463964200323e-07,2.0696906147201465e-10,6.341050357334733e-11,2.0340241506953643e-13,6.089184034644882e-14
0.997,1208.4575231587214,5.461183983134809,0.2574285130622449,3.820250177730824,0.06916161733756002,0.45242637590695434,1.0188674856028245e-07,1.3330009961764708e-06,3.5713001178581905e-14,2.9437899117539106e-14,1.0513990968347695e-14,4.333293131837917e-15,1.4880144061195478e-08,1.1538589606736547e-08,0.19961891645323282,0.14613045292389026,7.485015528198466e-17,2.99070180803694e-17,3.3634767256399223e-14,1.3040793633906218e-14,7.148338856163818e-19,7.8487277945810535e-19,2.726980289057185e-16,2.7623434506701527e-16,2.470471779987762e-11,2.32267477457316e-11,5.222979213239987e-13,4.910512301732336e-13,1.142045541964093e-05,1.0017360272234884e-05,0.20484681372686755,0.16839024646382483,0.427217205031538,0.20114485506342764,0.0863081065987988,0.0258632675118493,5.225613052981818e-08,2.3748876795156818e-08,4.919667553971995e-06,2.1607851128908694e-06,2.2316905094069647e-10,9.483518891901943e-11,1.9373360098892383e-12,8.232666031558642e-13,6.384740888348036e-07,2.627828169764297e-07,1.0288580730820182e-12,5.420856651796401e-13,0.00021659511181368207,0.00010970194595219304,2.3740079295259835e-08,1.1575837577052056e-08,0.0018288719704592908,0.0008597294707269932,2.9189696744518026e-07,1.3245775426239873e-07,0.0004498673435970302,0.00019729875429374153,7.580295261037736e-11,2.4365116548671e-11,3.831634272027621e-06,1.202058592962974e-06,1.0536803446607601e-10,3.305601272496721e-11,1.5114842034635017e-19,1.4230880998904333e-19,4.9670080947759884e-18,4.3625742757511294e-18,1.3643585071076425e-14,1.1229436752934583e-14,2.3704779496976812e-09,1.8355620657039733e-09,1.0824636528010928e-12,4.918801395928979e-13,1.1174336497313195e-15,4.91119234365444e-16,1.0117605324301923e-23,2.900320564988631e-24,1.4275604903217894e-15,4.277468804241339e-16,9.650075150435752e-19,4.103422314688134e-19,6.032393088020498e-18,3.0576588408834292e-18,5.810205154727555e-10,2.8351954148165557e-10,6.397424907758756e-16,3.0094936467489997e-16,3.887121812842903e-18,1.249304151904083e-18,5.727542232120746e-20,1.7555804021752403e-20,1.4139548981849959e-14,4.3339907559164985e-15,5.987341725207374e-11,1.8352129705743152e-11,3.063495232496613e-17,9.615358276552774e-18,0.010328643881601327,0.00486229699332346,9.999999999997955e-31,3.301083571994152e-31,1.37012951527137e-09,4.193421424794816e-10,2.062630879403814e-06,6.168588126131313e-07,2.0681681787892894e-10,6.33631037669869e-11,2.030227830679571e-13,6.077746623012236e-14
0.998,1208.398528732675,5.4613363970813795,0.25742132879583407,3.8241348597215423,0.06916442023218432,0.45243932248705276,1.018154567464244e-07,1.3320524082879968e-06,3.5652311860842625e-14,2.938752344942716e-14,1.0495433528387953e-14,4.325593248079976e-15,1.486534552131969e-08,1.1526977003692948e-08,0.19960886498437935,0.14612135439481103,7.471645746143459e-17,2.9853242408185295e-17,3.359109217066034e-14,1.3023704912368477e-14,7.129289924489086e-19,7.827719230561988e-19,2.720843530707202e-16,2.7560942850591915e-16,2.4665386028389746e-11,2.3189492815140753e-11,5.214044440468529e-13,4.902053669498685e-13,1.1411633904670435e-05,1.0009503333279112e-05,0.2048412233390324,0.1683836454612095,0.42722906484704604,0.20114804319346627,0.08631106824273259,0.02586384695257872,5.223298696214777e-08,2.3738075990618255e-08,4.91979699201935e-06,2.16081622741812e-06,2.2298048986955e-10,9.475393174577817e-11,1.9353010161993753e-12,8.223920420292007e-13,6.38139325691944e-07,2.626419071450413e-07,1.0262158826703526e-12,5.406871056629204e-13,0.00021627987731608913,0.00010954098005210192,2.3700942354640793e-08,1.1556616471224612e-08,0.00182736738248887,0.0008590119517706708,2.916015680268995e-07,1.3232213113258936e-07,0.0004497174487724515,0.00019723066565776023,7.570582629178818e-11,2.433360770056845e-11,3.829596667414729e-06,1.2014050472035186e-06,1.052675149546692e-10,3.302408445495324e-11,1.508033959081844e-19,1.4198227252724498e-19,4.960327152136654e-18,4.356654445155606e-18,1.3633257704897674e-14,1.1220803105054494e-14,2.370576928340207e-09,1.8356168459458509e-09,1.0816135671178268e-12,4.91487999986758e-13,1.1158015730977888e-15,4.903960853800528e-16,1.0095617133137525e-23,2.893982944287933e-24,1.4258970841086381e-15,4.2724337725708044e-16,9.636313670701236e-19,4.0975218299344143e-19,6.02496380552615e-18,3.0538567631344358e-18,5.808904186376386e-10,2.834526822949882e-10,6.393762683569346e-16,3.007735029835373e-16,3.8799703141562005e-18,1.246990838832126e-18,5.716077276349555e-20,1.7520453479040057e-20,1.4130926053878626e-14,4.331296106984179e-15,5.986009211925983e-11,1.8347826814131553e-11,3.0602468317786604e-17,9.60504815644551e-18,0.01032864388159255,0.004862239081558858,9.999999999997944e-31,3.301044254864534e-31,1.3683483770694887e-09,4.187920188998026e-10,2.0613614281119224e-06,6.164718228310563e-07,2.0666479024362958e-10,6.331577247006729e-11,2.0264414242620343e-13,6.066339278009979e-14
0.999,1208.3395771819828,5.461488771285042,0.2574141468035928,3.828019650096964,0.0691672188875402,0.45245224969574166,1.0174425853136554e-07,1.3311050930351673e-06,3.5591766726357967e-14,2.93372683894173e-14,1.0476922032500317e-14,4.3179125656445486e-15,1.4850571960493306e-08,1.1515384267048937e-08,0.19959882736809736,0.1461122690220991,7.458309303849179e-17,2.9799601796532557e-17,3.3547505574513975e-14,1.3006651155228038e-14,7.110304466362133e-19,7.806781007513577e-19,2.7147246715216544e-16,2.74986345183348e-16,2.4626143576394715e-11,2.315232318943611e-11,5.205130959099592e-13,4.893615349661507e-13,1.1402825323474358e-05,1.000165811757135e-05,0.20483564189576428,0.16837705519404114,0.4272409015985121,0.20115122424222656,0.0863140310837093,0.02586442723370265,5.220986605322171e-08,2.37272861954034e-08,4.919926278161842e-06,2.1608473158834947e-06,2.2279227479025842e-10,9.4672825346775e-11,1.9332700869066558e-12,8.215192445885528e-13,6.378051208244614e-07,2.6250123546825306e-07,1.0235823317954088e-12,5.39293141690459e-13,0.00021596533433938635,0.00010938037031762751,2.3661898110852953e-08,1.1537441242862186e-08,0.0018258652077313019,0.0008582956007424286,2.9130668714611994e-07,1.3218674906342155e-07,0.00044956773978887746,0.00019716266392334788,7.560889097243437e-11,2.430216145944033e-11,3.827561611585519e-06,1.2007523395994416e-06,1.0516716041534834e-10,3.299220933126913e-11,1.5045939320411833e-19,1.4165670751463176e-19,4.953659800325295e-18,4.350746775602091e-18,1.3622944457241604e-14,1.1212181497689256e-14,2.3706757524994555e-09,1.8356715404295422e-09,1.0807646851237603e-12,4.910964260827006e-13,1.114173106770789e-15,4.896745497163404e-16,1.0073693185740922e-23,2.887663945602091e-24,1.4242367850862748e-15,4.267408252594649e-16,9.622581972531132e-19,4.091634227587075e-19,6.017549312357046e-18,3.0500623305193373e-18,5.807605093648242e-10,2.8338592165215804e-10,6.390105660518783e-16,3.0059789590750773e-16,3.8728368241077236e-18,1.2446833924699698e-18,5.704644402689683e-20,1.7485202447663865e-20,1.4122316162137804e-14,4.328605600876176e-15,5.98467848035935e-11,1.8343529837534183e-11,3.05700434452792e-17,9.594757025832767e-18,0.010328643881583784,0.0048621812643208796,9.999999999997936e-31,3.3010050019104006e-31,1.3665709241828968e-09,4.1824304433834615e-10,2.0600938848947406e-06,6.160854246929193e-07,2.065129779803159e-10,6.326850949527101e-11,2.02266489380941e-13,6.054961884993295e-14
1.0,1208.2806684026286,5.46164110585571,0.25740696707999383,3.831904548828898,0.06917001331370361,0.4524651575798139,1.0167315369869806e-07,1.3301590474265262e-06,3.5531365302530935e-14,2.928713353944516e-14,1.0458456322373902e-14,4.310251017964698e-15,1.4835823311066852e-08,1.150381134245114e-08,0.19958880357260794,0.14610319677486408,7.445006086887446e-17,2.9746095778968056e-17,3.3504007205411384e-14,1.2989632257876363e-14,7.091382216382334e-19,7.785912829975576e-19,2.7086236433159603e-16,2.743650880790009e-16,2.4586990156984605e-11,2.3115238592654592e-11,5.196238699139726e-13,4.885197274985638e-13,1.1394029643540484e-05,9.993824595271794e-06,0.20483006937405834,0.1683704756350005,0.42725271534055703,0.20115439822672349,0.08631699511763972,0.025865008352824313,5.218676776059254e-08,2.3716507388131766e-08,4.92005541265951e-06,2.160878378305772e-06,2.2260440471668006e-10,9.459186928862995e-11,1.9312432097847695e-12,8.206482054882115e-13,6.374714727994893e-07,2.623608013278508e-07,1.0209573877664824e-12,5.379037557702814e-13,0.00021565148134349002,0.00010922011594187324,2.3622946289231078e-08,1.1518311754778988e-08,0.0018243654419687304,0.0008575804155377928,2.910123236999678e-07,1.3205160753207052e-07,0.00044941821662436605,0.00019709474906492145,7.55121460965294e-11,2.4270777641505193e-11,3.8255290985136335e-06,1.2001004681383035e-06,1.0506697040286534e-10,3.2960387209012e-11,1.5011640829447007e-19,1.413321111822383e-19,4.9470059985087425e-18,4.344851230256986e-18,1.3612645294793778e-14,1.1203571901986309e-14,2.370774422549286e-09,1.8357261493673562e-09,1.079917003902799e-12,4.907054164907043e-13,1.1125482407135705e-15,4.889546228420203e-16,1.005183324795428e-23,2.8813635006512956e-24,1.4225795893706913e-15,4.2623922318537117e-16,9.608879962103512e-19,4.0857594667689117e-19,6.010149564455936e-18,3.046275520078327e-18,5.80630787234079e-10,2.8331925932789127e-10,6.386453826483773e-16,3.004225428437038e-16,3.8657212805777126e-18,1.2423817924549798e-18,5.693243502554719e-20,1.7450050588433153e-20,1.4113719271705568e-14,4.32591922638986e-15,5.98334952632806e-11,1.8339238761850005e-11,3.0537677539766477e-17,9.584484830383502e-18,0.01032864388157505,0.004862123541382,9.99999999999792e-31,3.3009658129772728e-31,1.3647971470871563e-09,4.1769521578865364e-10,2.058828247498562e-06,6.156996174534636e-07,2.0636138058690547e-10,6.322131468075391e-11,2.0188982066568528e-13,6.043614344182428e-14
